[
  {
    "timeStamp": 10144,
    "rotation": [
      [
        0.994814,
        0.0491012335,
        -0.08907432
      ],
      [
        0.08839768,
        0.0157883149,
        0.9959601
      ],
      [
        0.05030921,
        -0.998669,
        0.011366
      ]
    ],
    "translation": [
      1.46210361,
      0.7030139,
      -0.4911154
    ]
  },
  {
    "timeStamp": 10189,
    "rotation": [
      [
        0.996796131,
        0.0270273425,
        -0.07527968
      ],
      [
        0.07520979,
        0.00359499315,
        0.997161269
      ],
      [
        0.0272212476,
        -0.999628246,
        0.00155075453
      ]
    ],
    "translation": [
      1.46118546,
      0.705662,
      -0.4915517
    ]
  },
  {
    "timeStamp": 10244,
    "rotation": [
      [
        0.9973522,
        -0.00375681813,
        -0.0726253837
      ],
      [
        0.072617,
        -0.002320958,
        0.9973572
      ],
      [
        -0.00391545054,
        -0.9999902,
        -0.00204200367
      ]
    ],
    "translation": [
      1.459864,
      0.705463648,
      -0.492063552
    ]
  },
  {
    "timeStamp": 10289,
    "rotation": [
      [
        0.9966077,
        0.009250405,
        -0.0817765146
      ],
      [
        0.081738025,
        0.00446576951,
        0.996643841
      ],
      [
        0.00958455447,
        -0.9999472,
        0.00369451032
      ]
    ],
    "translation": [
      1.46035731,
      0.705719352,
      -0.491858
    ]
  },
  {
    "timeStamp": 10344,
    "rotation": [
      [
        0.9944045,
        0.0422055721,
        -0.09684196
      ],
      [
        0.09659546,
        0.007846018,
        0.9952928
      ],
      [
        0.0427667275,
        -0.999078155,
        0.003725249
      ]
    ],
    "translation": [
      1.46171772,
      0.706024945,
      -0.491287082
    ]
  },
  {
    "timeStamp": 10388,
    "rotation": [
      [
        0.9960766,
        0.0283848867,
        -0.08381956
      ],
      [
        0.08493216,
        -0.0405670032,
        0.9955606
      ],
      [
        0.024858579,
        -0.9987736,
        -0.0428186357
      ]
    ],
    "translation": [
      1.45632064,
      0.7063023,
      -0.48112905
    ]
  },
  {
    "timeStamp": 10444,
    "rotation": [
      [
        0.996606052,
        0.01995988,
        -0.07986235
      ],
      [
        0.0810526758,
        -0.06842808,
        0.9943581
      ],
      [
        0.014382449,
        -0.9974564,
        -0.06981364
      ]
    ],
    "translation": [
      1.45854545,
      0.724361956,
      -0.477546781
    ]
  },
  {
    "timeStamp": 10488,
    "rotation": [
      [
        0.9952203,
        0.0193385035,
        -0.09572146
      ],
      [
        0.0970644355,
        -0.0882172361,
        0.9913608
      ],
      [
        0.0107271448,
        -0.995913565,
        -0.08967266
      ]
    ],
    "translation": [
      1.46764326,
      0.744981349,
      -0.473982722
    ]
  },
  {
    "timeStamp": 10544,
    "rotation": [
      [
        0.992618561,
        0.0246070828,
        -0.11875549
      ],
      [
        0.120881088,
        -0.121575564,
        0.985193968
      ],
      [
        0.009804988,
        -0.9922771,
        -0.1236527
      ]
    ],
    "translation": [
      1.48355627,
      0.7734579,
      -0.4694342
    ]
  },
  {
    "timeStamp": 10588,
    "rotation": [
      [
        0.9906974,
        0.0176681429,
        -0.13493149
      ],
      [
        0.136074871,
        -0.139665678,
        0.9808043
      ],
      [
        -0.00151630957,
        -0.9900411,
        -0.140770614
      ]
    ],
    "translation": [
      1.49929082,
      0.7979591,
      -0.4680583
    ]
  },
  {
    "timeStamp": 10643,
    "rotation": [
      [
        0.9874185,
        0.0186678935,
        -0.15702334
      ],
      [
        0.157906443,
        -0.169085577,
        0.9728698
      ],
      [
        -0.008388926,
        -0.9854246,
        -0.16990599
      ]
    ],
    "translation": [
      1.52505541,
      0.828118,
      -0.467364371
    ]
  },
  {
    "timeStamp": 10688,
    "rotation": [
      [
        0.9854753,
        0.0301994234,
        -0.167112276
      ],
      [
        0.1698169,
        -0.180221543,
        0.9688562
      ],
      [
        -0.0008583584,
        -0.983162344,
        -0.182732239
      ]
    ],
    "translation": [
      1.54999,
      0.851377964,
      -0.468387485
    ]
  },
  {
    "timeStamp": 10743,
    "rotation": [
      [
        0.9830628,
        0.0427951775,
        -0.178202212
      ],
      [
        0.183002964,
        -0.176868349,
        0.9670716
      ],
      [
        0.009867651,
        -0.983303666,
        -0.181704342
      ]
    ],
    "translation": [
      1.589673,
      0.878841043,
      -0.478462845
    ]
  },
  {
    "timeStamp": 10788,
    "rotation": [
      [
        0.983395457,
        0.0603862368,
        -0.1711342
      ],
      [
        0.179592773,
        -0.188340947,
        0.965543449
      ],
      [
        0.0260739718,
        -0.9802455,
        -0.196058556
      ]
    ],
    "translation": [
      1.62430465,
      0.8975089,
      -0.4844389
    ]
  },
  {
    "timeStamp": 10844,
    "rotation": [
      [
        0.981007338,
        0.106952421,
        -0.161820054
      ],
      [
        0.178736061,
        -0.174345449,
        0.9683269
      ],
      [
        0.0753522962,
        -0.9788589,
        -0.19015041
      ]
    ],
    "translation": [
      1.676703,
      0.921925843,
      -0.497978777
    ]
  },
  {
    "timeStamp": 10889,
    "rotation": [
      [
        0.9651328,
        0.234064534,
        -0.117185913
      ],
      [
        0.161790043,
        -0.181485489,
        0.9699933
      ],
      [
        0.205773473,
        -0.9551318,
        -0.2130269
      ]
    ],
    "translation": [
      1.715595,
      0.9383432,
      -0.504680336
    ]
  },
  {
    "timeStamp": 10944,
    "rotation": [
      [
        0.942729652,
        0.2558999,
        -0.213953257
      ],
      [
        0.231674314,
        -0.0408662967,
        0.9719346
      ],
      [
        0.239974484,
        -0.9658391,
        -0.097811304
      ]
    ],
    "translation": [
      1.79385376,
      0.9699676,
      -0.555734932
    ]
  },
  {
    "timeStamp": 10988,
    "rotation": [
      [
        0.9361142,
        0.26790005,
        -0.227859274
      ],
      [
        0.249523953,
        -0.04933819,
        0.967110932
      ],
      [
        0.2478469,
        -0.9621826,
        -0.113033652
      ]
    ],
    "translation": [
      1.84727621,
      0.986841261,
      -0.579648733
    ]
  },
  {
    "timeStamp": 11044,
    "rotation": [
      [
        0.9322253,
        0.246448323,
        -0.264989138
      ],
      [
        0.2659061,
        0.03018711,
        0.9635262
      ],
      [
        0.245458663,
        -0.9686856,
        -0.03739093
      ]
    ],
    "translation": [
      1.91355062,
      1.00653791,
      -0.628547549
    ]
  },
  {
    "timeStamp": 11088,
    "rotation": [
      [
        0.9390076,
        0.21558176,
        -0.2679351
      ],
      [
        0.270088047,
        0.0199792329,
        0.9626283
      ],
      [
        0.212878242,
        -0.9762814,
        -0.039465405
      ]
    ],
    "translation": [
      1.95911956,
      1.01563025,
      -0.658473134
    ]
  },
  {
    "timeStamp": 11143,
    "rotation": [
      [
        0.945756137,
        0.178132743,
        -0.2716874
      ],
      [
        0.2683938,
        0.042807132,
        0.9623577
      ],
      [
        0.183057576,
        -0.9830749,
        -0.007324621
      ]
    ],
    "translation": [
      2.01070023,
      1.02150178,
      -0.6965463
    ]
  },
  {
    "timeStamp": 11199,
    "rotation": [
      [
        0.9552491,
        0.148667708,
        -0.2557286
      ],
      [
        0.253481627,
        0.03419596,
        0.9667356
      ],
      [
        0.152467251,
        -0.9882958,
        -0.00501887454
      ]
    ],
    "translation": [
      2.051838,
      1.0161773,
      -0.72168386
    ]
  },
  {
    "timeStamp": 11243,
    "rotation": [
      [
        0.9585671,
        0.160315946,
        -0.235473841
      ],
      [
        0.2313939,
        0.043931067,
        0.97186774
      ],
      [
        0.166150525,
        -0.9860877,
        0.00501474366
      ]
    ],
    "translation": [
      2.08087444,
      1.00585747,
      -0.733498335
    ]
  },
  {
    "timeStamp": 11288,
    "rotation": [
      [
        0.9643629,
        0.165568113,
        -0.2063768
      ],
      [
        0.1996116,
        0.05669392,
        0.978233635
      ],
      [
        0.1736646,
        -0.9845674,
        0.0216241963
      ]
    ],
    "translation": [
      2.1012876,
      0.993056238,
      -0.7475454
    ]
  },
  {
    "timeStamp": 11344,
    "rotation": [
      [
        0.9720393,
        0.164444059,
        -0.167623788
      ],
      [
        0.163304478,
        0.0395412371,
        0.985783
      ],
      [
        0.168734223,
        -0.985593557,
        0.0115811825
      ]
    ],
    "translation": [
      2.11929417,
      0.972757161,
      -0.756106436
    ]
  },
  {
    "timeStamp": 11399,
    "rotation": [
      [
        0.978336632,
        0.164144441,
        -0.126150131
      ],
      [
        0.123851061,
        0.02420785,
        0.992005467
      ],
      [
        0.165886015,
        -0.9861392,
        0.0033539643
      ]
    ],
    "translation": [
      2.12734413,
      0.9510541,
      -0.7635335
    ]
  },
  {
    "timeStamp": 11445,
    "rotation": [
      [
        0.9830363,
        0.15926744,
        -0.0909589455
      ],
      [
        0.0938609,
        -0.0107780145,
        0.995526969
      ],
      [
        0.157574669,
        -0.987176657,
        -0.0255441647
      ]
    ],
    "translation": [
      2.13120866,
      0.9328798,
      -0.764033
    ]
  },
  {
    "timeStamp": 11494,
    "rotation": [
      [
        0.983770549,
        0.164184332,
        -0.07238184
      ],
      [
        0.0787069947,
        -0.0323436,
        0.996373
      ],
      [
        0.16124776,
        -0.9858993,
        -0.0447411351
      ]
    ],
    "translation": [
      2.13599133,
      0.9135765,
      -0.759616733
    ]
  },
  {
    "timeStamp": 11538,
    "rotation": [
      [
        0.9846069,
        0.165903151,
        -0.0550032742
      ],
      [
        0.06384649,
        -0.04844609,
        0.996783137
      ],
      [
        0.162704781,
        -0.9849513,
        -0.0582926869
      ]
    ],
    "translation": [
      2.13863778,
      0.898003,
      -0.755592167
    ]
  },
  {
    "timeStamp": 11594,
    "rotation": [
      [
        0.9850721,
        0.16839458,
        -0.0357241072
      ],
      [
        0.0466665439,
        -0.0614768676,
        0.997016966
      ],
      [
        0.16569604,
        -0.9838007,
        -0.06841754
      ]
    ],
    "translation": [
      2.14184642,
      0.87762624,
      -0.7498134
    ]
  },
  {
    "timeStamp": 11638,
    "rotation": [
      [
        0.984754,
        0.173632979,
        -0.0105394432
      ],
      [
        0.0233433042,
        -0.0718648061,
        0.9971412
      ],
      [
        0.172379181,
        -0.9821848,
        -0.07482233
      ]
    ],
    "translation": [
      2.14043474,
      0.859904051,
      -0.747624755
    ]
  },
  {
    "timeStamp": 11694,
    "rotation": [
      [
        0.987683058,
        0.15602836,
        0.0117167449
      ],
      [
        -0.00103967823,
        -0.0683367848,
        0.997661769
      ],
      [
        0.156464219,
        -0.985385835,
        -0.0673328638
      ]
    ],
    "translation": [
      2.13939667,
      0.839232445,
      -0.7489209
    ]
  },
  {
    "timeStamp": 11738,
    "rotation": [
      [
        0.9868845,
        0.159826338,
        0.0226851478
      ],
      [
        -0.0126884542,
        -0.06329243,
        0.9979144
      ],
      [
        0.160928786,
        -0.985114038,
        -0.0604343638
      ]
    ],
    "translation": [
      2.13891149,
      0.8242442,
      -0.7502074
    ]
  },
  {
    "timeStamp": 11794,
    "rotation": [
      [
        0.986489236,
        0.158368155,
        0.0419345759
      ],
      [
        -0.0334700271,
        -0.0557436459,
        0.997884
      ],
      [
        0.160370618,
        -0.985805333,
        -0.04968992
      ]
    ],
    "translation": [
      2.13617778,
      0.8056109,
      -0.75033766
    ]
  },
  {
    "timeStamp": 11838,
    "rotation": [
      [
        0.986340046,
        0.158057034,
        0.04638117
      ],
      [
        -0.03761755,
        -0.0579950735,
        0.9976079
      ],
      [
        0.16036883,
        -0.9857254,
        -0.0512571447
      ]
    ],
    "translation": [
      2.13523555,
      0.7942716,
      -0.7480109
    ]
  },
  {
    "timeStamp": 11895,
    "rotation": [
      [
        0.9846113,
        0.165632442,
        0.05573651
      ],
      [
        -0.0478089042,
        -0.0514731146,
        0.9975294
      ],
      [
        0.168092132,
        -0.9848434,
        -0.0427623056
      ]
    ],
    "translation": [
      2.1334095,
      0.781116843,
      -0.7444915
    ]
  },
  {
    "timeStamp": 11940,
    "rotation": [
      [
        0.980903864,
        0.181488559,
        0.06992595
      ],
      [
        -0.06292814,
        -0.04404093,
        0.9970459
      ],
      [
        0.184032008,
        -0.982406437,
        -0.0317791775
      ]
    ],
    "translation": [
      2.1287415,
      0.771942258,
      -0.7404517
    ]
  },
  {
    "timeStamp": 11997,
    "rotation": [
      [
        0.979836941,
        0.1861341,
        0.0726195648
      ],
      [
        -0.06503189,
        -0.0465592667,
        0.9967964
      ],
      [
        0.1889189,
        -0.9814205,
        -0.03351584
      ]
    ],
    "translation": [
      2.12616324,
      0.762562,
      -0.733195961
    ]
  },
  {
    "timeStamp": 12042,
    "rotation": [
      [
        0.9764732,
        0.20409888,
        0.06959697
      ],
      [
        -0.0654544458,
        -0.02698599,
        0.9974906
      ],
      [
        0.205464855,
        -0.978578269,
        -0.0129919173
      ]
    ],
    "translation": [
      2.125157,
      0.756544232,
      -0.7330386
    ]
  },
  {
    "timeStamp": 12099,
    "rotation": [
      [
        0.975887239,
        0.20396018,
        0.07774575
      ],
      [
        -0.07412352,
        -0.0253511928,
        0.9969268
      ],
      [
        0.205304325,
        -0.978650868,
        -0.009621659
      ]
    ],
    "translation": [
      2.12192583,
      0.7478711,
      -0.732007
    ]
  },
  {
    "timeStamp": 12143,
    "rotation": [
      [
        0.9743118,
        0.212483257,
        0.0746140257
      ],
      [
        -0.0717370361,
        -0.0212284029,
        0.9971976
      ],
      [
        0.213471755,
        -0.9769341,
        -0.005440165
      ]
    ],
    "translation": [
      2.121608,
      0.741246,
      -0.731660545
    ]
  },
  {
    "timeStamp": 12199,
    "rotation": [
      [
        0.972353339,
        0.219736829,
        0.0790232942
      ],
      [
        -0.07333786,
        -0.0339250155,
        0.99672997
      ],
      [
        0.221699163,
        -0.9749691,
        -0.0168720745
      ]
    ],
    "translation": [
      2.11913061,
      0.7320762,
      -0.7291598
    ]
  },
  {
    "timeStamp": 12243,
    "rotation": [
      [
        0.9690378,
        0.236136287,
        0.07214908
      ],
      [
        -0.06532506,
        -0.03660627,
        0.9971924
      ],
      [
        0.2381144,
        -0.9710302,
        -0.0200472437
      ]
    ],
    "translation": [
      2.11887455,
      0.7271607,
      -0.7289082
    ]
  },
  {
    "timeStamp": 12299,
    "rotation": [
      [
        0.9640146,
        0.258401453,
        0.0624860227
      ],
      [
        -0.0532026961,
        -0.0427709855,
        0.9976673
      ],
      [
        0.260471284,
        -0.965090334,
        -0.0274842
      ]
    ],
    "translation": [
      2.11913085,
      0.7263592,
      -0.7300253
    ]
  },
  {
    "timeStamp": 12343,
    "rotation": [
      [
        0.965476155,
        0.25402844,
        0.0576664358
      ],
      [
        -0.0480348766,
        -0.0439617075,
        0.9978778
      ],
      [
        0.25602442,
        -0.9661972,
        -0.0302417558
      ]
    ],
    "translation": [
      2.11906219,
      0.726084948,
      -0.729814053
    ]
  },
  {
    "timeStamp": 12398,
    "rotation": [
      [
        0.9450977,
        0.320840836,
        0.06206036
      ],
      [
        -0.0471953042,
        -0.05391049,
        0.997429848
      ],
      [
        0.3233619,
        -0.9455976,
        -0.0358085
      ]
    ],
    "translation": [
      2.12021232,
      0.726134241,
      -0.7331334
    ]
  }
]