[
  {
    "timeStamp": 43462,
    "rotation": [
      [
        0.9958572,
        0.0171272978,
        0.0893030241
      ],
      [
        -0.0803472847,
        -0.2940972,
        0.95239234
      ],
      [
        0.0425756723,
        -0.955622,
        -0.291502684
      ]
    ],
    "translation": [
      1.77057326,
      0.7048418,
      -0.491006851
    ]
  },
  {
    "timeStamp": 43517,
    "rotation": [
      [
        0.995526969,
        0.02672696,
        0.09061871
      ],
      [
        -0.07891996,
        -0.292047739,
        0.953142047
      ],
      [
        0.0519395731,
        -0.95603025,
        -0.288632125
      ]
    ],
    "translation": [
      1.77045035,
      0.7049434,
      -0.4909921
    ]
  },
  {
    "timeStamp": 43563,
    "rotation": [
      [
        0.9961464,
        0.0422202535,
        0.07687546
      ],
      [
        -0.0624829419,
        -0.273481,
        0.959845841
      ],
      [
        0.0615489073,
        -0.9609503,
        -0.26978907
      ]
    ],
    "translation": [
      1.77025962,
      0.7045031,
      -0.490930021
    ]
  },
  {
    "timeStamp": 43617,
    "rotation": [
      [
        0.9968821,
        0.0437740125,
        0.06565074
      ],
      [
        -0.0505730174,
        -0.2842015,
        0.9574298
      ],
      [
        0.060568586,
        -0.9577648,
        -0.281101584
      ]
    ],
    "translation": [
      1.7702657,
      0.7046274,
      -0.490944684
    ]
  },
  {
    "timeStamp": 43662,
    "rotation": [
      [
        0.9914111,
        0.0117141921,
        0.130256727
      ],
      [
        -0.118383415,
        -0.3429089,
        0.9318792
      ],
      [
        0.055582393,
        -0.93929565,
        -0.3385769
      ]
    ],
    "translation": [
      1.76588726,
      0.7086287,
      -0.4889939
    ]
  },
  {
    "timeStamp": 43717,
    "rotation": [
      [
        0.99256146,
        -0.0175747331,
        0.120469749
      ],
      [
        -0.118159279,
        -0.377448618,
        0.918461144
      ],
      [
        0.0293294471,
        -0.925863743,
        -0.376717538
      ]
    ],
    "translation": [
      1.77280176,
      0.7280632,
      -0.490196377
    ]
  },
  {
    "timeStamp": 43762,
    "rotation": [
      [
        0.9953318,
        -0.00763229,
        0.09620983
      ],
      [
        -0.09092884,
        -0.408301055,
        0.9083073
      ],
      [
        0.03235011,
        -0.9128154,
        -0.407089025
      ]
    ],
    "translation": [
      1.78410518,
      0.7538341,
      -0.490837246
    ]
  },
  {
    "timeStamp": 43817,
    "rotation": [
      [
        0.999018669,
        -0.0100220954,
        0.0431416072
      ],
      [
        -0.043165,
        -0.43850112,
        0.897693455
      ],
      [
        0.00992087647,
        -0.8986747,
        -0.438503385
      ]
    ],
    "translation": [
      1.81032062,
      0.794227839,
      -0.5011077
    ]
  },
  {
    "timeStamp": 43862,
    "rotation": [
      [
        0.9996311,
        -0.01575401,
        -0.0221223962
      ],
      [
        0.0124858,
        -0.456794143,
        0.8894848
      ],
      [
        -0.0241183322,
        -0.8894329,
        -0.456428945
      ]
    ],
    "translation": [
      1.840097,
      0.8328553,
      -0.516656
    ]
  },
  {
    "timeStamp": 43917,
    "rotation": [
      [
        0.9912064,
        -0.0276185125,
        -0.129411042
      ],
      [
        0.102178738,
        -0.461662859,
        0.8811509
      ],
      [
        -0.0840803459,
        -0.886625469,
        -0.454781115
      ]
    ],
    "translation": [
      1.88793182,
      0.885306239,
      -0.5457839
    ]
  },
  {
    "timeStamp": 43962,
    "rotation": [
      [
        0.9714994,
        -0.0617428161,
        -0.228859782
      ],
      [
        0.174731955,
        -0.465889573,
        0.867418945
      ],
      [
        -0.160180286,
        -0.8826861,
        -0.441822976
      ]
    ],
    "translation": [
      1.93218148,
      0.925524533,
      -0.5767185
    ]
  },
  {
    "timeStamp": 44017,
    "rotation": [
      [
        0.9313424,
        -0.113378607,
        -0.346044123
      ],
      [
        0.262318,
        -0.4502245,
        0.8535146
      ],
      [
        -0.252567828,
        -0.885687947,
        -0.389571965
      ]
    ],
    "translation": [
      1.98850465,
      0.966114461,
      -0.6205357
    ]
  },
  {
    "timeStamp": 44064,
    "rotation": [
      [
        0.8902861,
        -0.16241546,
        -0.425454855
      ],
      [
        0.321937352,
        -0.436312526,
        0.840230763
      ],
      [
        -0.322097719,
        -0.885015547,
        -0.336155385
      ]
    ],
    "translation": [
      2.03124,
      0.98986125,
      -0.654523
    ]
  },
  {
    "timeStamp": 44116,
    "rotation": [
      [
        0.8474288,
        -0.223568588,
        -0.481540769
      ],
      [
        0.361054778,
        -0.422286838,
        0.8314525
      ],
      [
        -0.38923502,
        -0.8784594,
        -0.277137518
      ]
    ],
    "translation": [
      2.08000875,
      1.005018,
      -0.6889904
    ]
  },
  {
    "timeStamp": 44160,
    "rotation": [
      [
        0.8320967,
        -0.2572967,
        -0.491338342
      ],
      [
        0.367565,
        -0.407589018,
        0.8359229
      ],
      [
        -0.415344357,
        -0.876167536,
        -0.244580239
      ]
    ],
    "translation": [
      2.1152885,
      1.00403345,
      -0.7066253
    ]
  },
  {
    "timeStamp": 44216,
    "rotation": [
      [
        0.837149143,
        -0.299548984,
        -0.457659066
      ],
      [
        0.324759334,
        -0.401059926,
        0.8565526
      ],
      [
        -0.440128148,
        -0.8656913,
        -0.238465637
      ]
    ],
    "translation": [
      2.15238714,
      0.9872761,
      -0.71728
    ]
  },
  {
    "timeStamp": 44263,
    "rotation": [
      [
        0.8557014,
        -0.303484619,
        -0.4191327
      ],
      [
        0.289907873,
        -0.389761448,
        0.8740935
      ],
      [
        -0.428635746,
        -0.8694729,
        -0.245536834
      ]
    ],
    "translation": [
      2.17645049,
      0.9706636,
      -0.71822
    ]
  },
  {
    "timeStamp": 44312,
    "rotation": [
      [
        0.865289569,
        -0.3287873,
        -0.378382027
      ],
      [
        0.252251536,
        -0.366699964,
        0.895488858
      ],
      [
        -0.433178067,
        -0.870304644,
        -0.234364524
      ]
    ],
    "translation": [
      2.201154,
      0.951256335,
      -0.720503569
    ]
  },
  {
    "timeStamp": 44367,
    "rotation": [
      [
        0.8767718,
        -0.345051676,
        -0.334978461
      ],
      [
        0.196435928,
        -0.378834039,
        0.904377
      ],
      [
        -0.438958019,
        -0.858734,
        -0.264370471
      ]
    ],
    "translation": [
      2.21984124,
      0.931208134,
      -0.7188795
    ]
  },
  {
    "timeStamp": 44412,
    "rotation": [
      [
        0.886767566,
        -0.349325,
        -0.302680284
      ],
      [
        0.169412,
        -0.363638073,
        0.916005969
      ],
      [
        -0.430049837,
        -0.863562047,
        -0.2632826
      ]
    ],
    "translation": [
      2.2322278,
      0.915909,
      -0.7167728
    ]
  },
  {
    "timeStamp": 44467,
    "rotation": [
      [
        0.890579939,
        -0.367727816,
        -0.2676633
      ],
      [
        0.1206874,
        -0.376339257,
        0.9185877
      ],
      [
        -0.438522428,
        -0.850379348,
        -0.290780067
      ]
    ],
    "translation": [
      2.24439549,
      0.8981011,
      -0.712606549
    ]
  },
  {
    "timeStamp": 44512,
    "rotation": [
      [
        0.8952705,
        -0.367944658,
        -0.25121206
      ],
      [
        0.110912107,
        -0.362039953,
        0.9255407
      ],
      [
        -0.4314966,
        -0.8564717,
        -0.283314139
      ]
    ],
    "translation": [
      2.25290942,
      0.885502458,
      -0.7102761
    ]
  },
  {
    "timeStamp": 44567,
    "rotation": [
      [
        0.8978272,
        -0.380931765,
        -0.22090131
      ],
      [
        0.06163171,
        -0.388008267,
        0.9195929
      ],
      [
        -0.436013669,
        -0.8392501,
        -0.3248869
      ]
    ],
    "translation": [
      2.25886416,
      0.871726632,
      -0.702378154
    ]
  },
  {
    "timeStamp": 44612,
    "rotation": [
      [
        0.9033844,
        -0.372469932,
        -0.212515756
      ],
      [
        0.07135752,
        -0.358094126,
        0.930954754
      ],
      [
        -0.422853261,
        -0.8561746,
        -0.2969181
      ]
    ],
    "translation": [
      2.26251149,
      0.863661,
      -0.7001541
    ]
  },
  {
    "timeStamp": 44668,
    "rotation": [
      [
        0.905783653,
        -0.381605536,
        -0.18420966
      ],
      [
        0.0284368433,
        -0.379000783,
        0.9249593
      ],
      [
        -0.4227852,
        -0.8430514,
        -0.3324411
      ]
    ],
    "translation": [
      2.26401353,
      0.8532938,
      -0.6921737
    ]
  },
  {
    "timeStamp": 44713,
    "rotation": [
      [
        0.904666245,
        -0.387127548,
        -0.1780766
      ],
      [
        0.0249051526,
        -0.3691513,
        0.929035544
      ],
      [
        -0.425392479,
        -0.844902158,
        -0.324317247
      ]
    ],
    "translation": [
      2.265313,
      0.8483084,
      -0.6911622
    ]
  },
  {
    "timeStamp": 44759,
    "rotation": [
      [
        0.9079281,
        -0.386755764,
        -0.161513284
      ],
      [
        0.0115683256,
        -0.362086236,
        0.9320728
      ],
      [
        -0.418966264,
        -0.84812355,
        -0.324274153
      ]
    ],
    "translation": [
      2.26401043,
      0.842814147,
      -0.689529657
    ]
  },
  {
    "timeStamp": 44816,
    "rotation": [
      [
        0.9070362,
        -0.390269428,
        -0.158035219
      ],
      [
        0.006281067,
        -0.362750351,
        0.9318652
      ],
      [
        -0.421005815,
        -0.8462281,
        -0.326576382
      ]
    ],
    "translation": [
      2.26305151,
      0.8410194,
      -0.6909787
    ]
  },
  {
    "timeStamp": 44861,
    "rotation": [
      [
        0.9074267,
        -0.391424537,
        -0.152851582
      ],
      [
        0.00637204573,
        -0.350890756,
        0.936394751
      ],
      [
        -0.420162052,
        -0.85068357,
        -0.315913469
      ]
    ],
    "translation": [
      2.26161432,
      0.842142761,
      -0.693599164
    ]
  }
]