[
  {
    "timeStamp": 6545,
    "rotation": [
      [
        -0.9915797,
        0.129447266,
        -0.003611503
      ],
      [
        -0.008696268,
        -0.0387369134,
        0.9992116
      ],
      [
        0.129205316,
        0.990829349,
        0.0395364463
      ]
    ],
    "translation": [
      1.76050532,
      0.701977968,
      -0.770743847
    ]
  },
  {
    "timeStamp": 6593,
    "rotation": [
      [
        -0.9916031,
        0.1292847,
        -0.00297094719
      ],
      [
        -0.008164044,
        -0.0396565124,
        0.99918
      ],
      [
        0.129060864,
        0.990814269,
        0.0403790064
      ]
    ],
    "translation": [
      1.7605027,
      0.7034905,
      -0.770728052
    ]
  },
  {
    "timeStamp": 6645,
    "rotation": [
      [
        -0.9915675,
        0.129364252,
        -0.00767216552
      ],
      [
        -0.01273704,
        -0.038370274,
        0.9991824
      ],
      [
        0.1289641,
        0.9908545,
        0.0396944322
      ]
    ],
    "translation": [
      1.76047885,
      0.7036847,
      -0.7707362
    ]
  },
  {
    "timeStamp": 6690,
    "rotation": [
      [
        -0.991651237,
        0.1286963,
        -0.008067154
      ],
      [
        -0.010494411,
        -0.0181933884,
        0.9997794
      ],
      [
        0.128521129,
        0.9915171,
        0.0193920881
      ]
    ],
    "translation": [
      1.76049984,
      0.7028008,
      -0.77070266
    ]
  },
  {
    "timeStamp": 6745,
    "rotation": [
      [
        -0.9893222,
        0.145705476,
        -0.0033927036
      ],
      [
        -0.004133213,
        -0.00477980264,
        0.999980032
      ],
      [
        0.145686358,
        0.989316463,
        0.00533099659
      ]
    ],
    "translation": [
      1.75935042,
      0.7016361,
      -0.774452031
    ]
  },
  {
    "timeStamp": 6790,
    "rotation": [
      [
        -0.987193346,
        0.15943031,
        0.00558859
      ],
      [
        0.00403469568,
        -0.0100685777,
        0.9999412
      ],
      [
        0.1594772,
        0.9871578,
        0.009296381
      ]
    ],
    "translation": [
      1.75898933,
      0.7018012,
      -0.780300558
    ]
  },
  {
    "timeStamp": 6845,
    "rotation": [
      [
        -0.985517144,
        0.16504848,
        0.0389217734
      ],
      [
        0.0338483676,
        -0.0334419534,
        0.998867333
      ],
      [
        0.166163132,
        0.9857183,
        0.0273709986
      ]
    ],
    "translation": [
      1.75892341,
      0.702904463,
      -0.780197561
    ]
  },
  {
    "timeStamp": 6889,
    "rotation": [
      [
        -0.9696153,
        0.240937933,
        0.04236924
      ],
      [
        0.01193932,
        -0.126380771,
        0.99191
      ],
      [
        0.244343385,
        0.962276936,
        0.119664095
      ]
    ],
    "translation": [
      1.76408958,
      0.7268257,
      -0.809944749
    ]
  },
  {
    "timeStamp": 6945,
    "rotation": [
      [
        -0.9662557,
        0.257512867,
        0.006081506
      ],
      [
        -0.0211925451,
        -0.103005342,
        0.99445504
      ],
      [
        0.2567114,
        0.960769,
        0.104986861
      ]
    ],
    "translation": [
      1.79512477,
      0.7638103,
      -0.8065374
    ]
  },
  {
    "timeStamp": 6990,
    "rotation": [
      [
        -0.956228,
        0.292431474,
        -0.0105749164
      ],
      [
        -0.0326602571,
        -0.0707444,
        0.9969596
      ],
      [
        0.290794224,
        0.953666151,
        0.07719866
      ]
    ],
    "translation": [
      1.81796288,
      0.7940976,
      -0.798628151
    ]
  },
  {
    "timeStamp": 7046,
    "rotation": [
      [
        -0.9484725,
        0.306562424,
        -0.08012079
      ],
      [
        -0.09621657,
        -0.0377314053,
        0.994645
      ],
      [
        0.3018977,
        0.9511024,
        0.06528359
      ]
    ],
    "translation": [
      1.86592019,
      0.84030807,
      -0.789484739
    ]
  },
  {
    "timeStamp": 7090,
    "rotation": [
      [
        -0.9440636,
        0.307198,
        -0.119889028
      ],
      [
        -0.1258186,
        0.0005063018,
        0.992053151
      ],
      [
        0.3048174,
        0.9516455,
        0.038173236
      ]
    ],
    "translation": [
      1.90319335,
      0.8718846,
      -0.77455616
    ]
  },
  {
    "timeStamp": 7145,
    "rotation": [
      [
        -0.9331019,
        0.319065869,
        -0.165885121
      ],
      [
        -0.151932672,
        0.0683198,
        0.9860268
      ],
      [
        0.325940728,
        0.945266843,
        -0.0152728055
      ]
    ],
    "translation": [
      1.949414,
      0.90719986,
      -0.747989058
    ]
  },
  {
    "timeStamp": 7190,
    "rotation": [
      [
        -0.9236644,
        0.333204627,
        -0.1892586
      ],
      [
        -0.158536479,
        0.1173626,
        0.9803531
      ],
      [
        0.348870069,
        0.935521662,
        -0.0555785671
      ]
    ],
    "translation": [
      1.98416245,
      0.931244731,
      -0.7312666
    ]
  },
  {
    "timeStamp": 7245,
    "rotation": [
      [
        -0.940782249,
        0.280738443,
        -0.1900385
      ],
      [
        -0.154837474,
        0.142855808,
        0.977556944
      ],
      [
        0.301585943,
        0.9490933,
        -0.0909273848
      ]
    ],
    "translation": [
      2.02362514,
      0.9543004,
      -0.7079527
    ]
  },
  {
    "timeStamp": 7290,
    "rotation": [
      [
        -0.9472284,
        0.246255726,
        -0.205222964
      ],
      [
        -0.176394239,
        0.13414748,
        0.9751356
      ],
      [
        0.267662883,
        0.9598763,
        -0.08363021
      ]
    ],
    "translation": [
      2.056122,
      0.968903065,
      -0.70097965
    ]
  },
  {
    "timeStamp": 7346,
    "rotation": [
      [
        -0.952405632,
        0.206259,
        -0.224456713
      ],
      [
        -0.202407479,
        0.122685537,
        0.971586049
      ],
      [
        0.22793597,
        0.9707757,
        -0.0750980154
      ]
    ],
    "translation": [
      2.09842467,
      0.9799814,
      -0.6975035
    ]
  },
  {
    "timeStamp": 7391,
    "rotation": [
      [
        -0.9589044,
        0.175330713,
        -0.223072976
      ],
      [
        -0.198199838,
        0.148654059,
        0.968823433
      ],
      [
        0.203025177,
        0.9732221,
        -0.107794516
      ]
    ],
    "translation": [
      2.12649751,
      0.977920353,
      -0.6829565
    ]
  },
  {
    "timeStamp": 7440,
    "rotation": [
      [
        -0.96152854,
        0.169721127,
        -0.216003776
      ],
      [
        -0.196968213,
        0.1221508,
        0.972770631
      ],
      [
        0.191484764,
        0.9778926,
        -0.0840218142
      ]
    ],
    "translation": [
      2.1570065,
      0.968041539,
      -0.685525656
    ]
  },
  {
    "timeStamp": 7496,
    "rotation": [
      [
        -0.967089,
        0.175390273,
        -0.184328735
      ],
      [
        -0.155263573,
        0.167138815,
        0.973631263
      ],
      [
        0.201573938,
        0.970207632,
        -0.134406388
      ]
    ],
    "translation": [
      2.17553473,
      0.9479896,
      -0.673581243
    ]
  },
  {
    "timeStamp": 7540,
    "rotation": [
      [
        -0.9677077,
        0.1856,
        -0.170571059
      ],
      [
        -0.149727345,
        0.121148594,
        0.9812771
      ],
      [
        0.202789456,
        0.975128531,
        -0.08944703
      ]
    ],
    "translation": [
      2.188851,
      0.929118633,
      -0.6821895
    ]
  },
  {
    "timeStamp": 7596,
    "rotation": [
      [
        -0.9733298,
        0.189205274,
        -0.129732147
      ],
      [
        -0.104365252,
        0.1384022,
        0.9848618
      ],
      [
        0.204296246,
        0.9721348,
        -0.11496453
      ]
    ],
    "translation": [
      2.19447446,
      0.8993482,
      -0.676098049
    ]
  },
  {
    "timeStamp": 7640,
    "rotation": [
      [
        -0.975161,
        0.193662316,
        -0.107498273
      ],
      [
        -0.08593167,
        0.116534144,
        0.989462256
      ],
      [
        0.204148769,
        0.9741225,
        -0.09699783
      ]
    ],
    "translation": [
      2.196434,
      0.8750658,
      -0.6763541
    ]
  },
  {
    "timeStamp": 7695,
    "rotation": [
      [
        -0.9819314,
        0.174541652,
        -0.07311644
      ],
      [
        -0.0553948469,
        0.104333632,
        0.9929984
      ],
      [
        0.180948123,
        0.9791066,
        -0.09277976
      ]
    ],
    "translation": [
      2.19557071,
      0.843487561,
      -0.6741006
    ]
  },
  {
    "timeStamp": 7740,
    "rotation": [
      [
        -0.9834545,
        0.169906989,
        -0.0628397837
      ],
      [
        -0.04386547,
        0.113210268,
        0.9926023
      ],
      [
        0.175764143,
        0.9789357,
        -0.1038841
      ]
    ],
    "translation": [
      2.1968863,
      0.822084665,
      -0.6636457
    ]
  },
  {
    "timeStamp": 7796,
    "rotation": [
      [
        -0.9884402,
        0.137677372,
        -0.06348946
      ],
      [
        -0.0481319167,
        0.112141907,
        0.9925258
      ],
      [
        0.143768176,
        0.984108269,
        -0.1042189
      ]
    ],
    "translation": [
      2.19875264,
      0.7993238,
      -0.655809343
    ]
  },
  {
    "timeStamp": 7842,
    "rotation": [
      [
        -0.989693046,
        0.136903673,
        -0.04201294
      ],
      [
        -0.0266503356,
        0.112174548,
        0.9933311
      ],
      [
        0.140703455,
        0.9842125,
        -0.10736984
      ]
    ],
    "translation": [
      2.19177556,
      0.780135751,
      -0.6511027
    ]
  },
  {
    "timeStamp": 7898,
    "rotation": [
      [
        -0.993331969,
        0.109632239,
        -0.0356698669
      ],
      [
        -0.0268497,
        0.0809011757,
        0.9963604
      ],
      [
        0.112118959,
        0.990674436,
        -0.07741813
      ]
    ],
    "translation": [
      2.186095,
      0.763076961,
      -0.65338
    ]
  },
  {
    "timeStamp": 7944,
    "rotation": [
      [
        -0.9949463,
        0.09327175,
        -0.037178725
      ],
      [
        -0.0312324818,
        0.06442123,
        0.9974339
      ],
      [
        0.09542753,
        0.9935544,
        -0.06118255
      ]
    ],
    "translation": [
      2.183188,
      0.7538262,
      -0.6531585
    ]
  },
  {
    "timeStamp": 7989,
    "rotation": [
      [
        -0.995699942,
        0.08862588,
        -0.0269634277
      ],
      [
        -0.0222819448,
        0.05339442,
        0.9983249
      ],
      [
        0.0899171159,
        0.9946328,
        -0.0511900634
      ]
    ],
    "translation": [
      2.1756556,
      0.744515061,
      -0.6553718
    ]
  },
  {
    "timeStamp": 8045,
    "rotation": [
      [
        -0.996713042,
        0.0797521,
        -0.014236331
      ],
      [
        -0.009609074,
        0.0581066646,
        0.998264134
      ],
      [
        0.0804408938,
        0.9951197,
        -0.05714933
      ]
    ],
    "translation": [
      2.1686554,
      0.73589015,
      -0.651837
    ]
  },
  {
    "timeStamp": 8089,
    "rotation": [
      [
        -0.9976125,
        0.06898212,
        -0.00327529013
      ],
      [
        0.00106092356,
        0.06272972,
        0.99803
      ],
      [
        0.0690516755,
        0.995643735,
        -0.06265313
      ]
    ],
    "translation": [
      2.16228318,
      0.731210947,
      -0.645856857
    ]
  },
  {
    "timeStamp": 8145,
    "rotation": [
      [
        -0.9988675,
        0.0470175445,
        -0.00728590973
      ],
      [
        -0.004955768,
        0.0494865775,
        0.9987625
      ],
      [
        0.0473199151,
        0.9976675,
        -0.04919753
      ]
    ],
    "translation": [
      2.159096,
      0.7319137,
      -0.643684149
    ]
  },
  {
    "timeStamp": 8189,
    "rotation": [
      [
        -0.9994222,
        0.0339013152,
        -0.00245156512
      ],
      [
        -0.0008723716,
        0.04651863,
        0.998917043
      ],
      [
        0.0339786448,
        0.998342037,
        -0.0464621745
      ]
    ],
    "translation": [
      2.15540814,
      0.7315687,
      -0.6395982
    ]
  },
  {
    "timeStamp": 8245,
    "rotation": [
      [
        -0.999781132,
        0.0207861755,
        0.00234934315
      ],
      [
        0.0031202666,
        0.03713393,
        0.9993054
      ],
      [
        0.0206844974,
        0.999094069,
        -0.03719066
      ]
    ],
    "translation": [
      2.150241,
      0.730292559,
      -0.637609
    ]
  },
  {
    "timeStamp": 8290,
    "rotation": [
      [
        -0.999535561,
        0.0303626,
        -0.00258368463
      ],
      [
        -0.00162263087,
        0.0316346623,
        0.9994982
      ],
      [
        0.0304290969,
        0.99903816,
        -0.0315707065
      ]
    ],
    "translation": [
      2.1501534,
      0.726791,
      -0.6409661
    ]
  },
  {
    "timeStamp": 8345,
    "rotation": [
      [
        -0.9989615,
        0.0454361066,
        -0.00336971041
      ],
      [
        -0.00170234032,
        0.0366859026,
        0.9993254
      ],
      [
        0.04552908,
        0.99829334,
        -0.03657046
      ]
    ],
    "translation": [
      2.147527,
      0.7228332,
      -0.6397436
    ]
  },
  {
    "timeStamp": 8389,
    "rotation": [
      [
        -0.9986635,
        0.05165481,
        -0.00171443715
      ],
      [
        0.000173622087,
        0.03652483,
        0.9993327
      ],
      [
        0.051682964,
        0.9979968,
        -0.0364849828
      ]
    ],
    "translation": [
      2.147582,
      0.7225601,
      -0.6397738
    ]
  },
  {
    "timeStamp": 8445,
    "rotation": [
      [
        -0.9985009,
        0.0544331,
        -0.005744495
      ],
      [
        -0.00397363445,
        0.03258535,
        0.999461055
      ],
      [
        0.05459095,
        0.9979856,
        -0.0323202
      ]
    ],
    "translation": [
      2.147626,
      0.7226931,
      -0.6398319
    ]
  },
  {
    "timeStamp": 8489,
    "rotation": [
      [
        -0.99835366,
        0.05641432,
        -0.010358667
      ],
      [
        -0.008699502,
        0.0295769386,
        0.999524653
      ],
      [
        0.05669388,
        0.9979692,
        -0.0290374681
      ]
    ],
    "translation": [
      2.14763165,
      0.722857237,
      -0.639924
    ]
  }
]