[
  {
    "timeStamp": 55379,
    "rotation": [
      [
        0.9977205,
        0.02194554,
        0.0638149753
      ],
      [
        0.06212243,
        0.07067571,
        -0.99556303
      ],
      [
        -0.0263583381,
        0.997257948,
        0.06915129
      ]
    ],
    "translation": [
      1.46132827,
      0.699176133,
      -0.7487409
    ]
  },
  {
    "timeStamp": 55434,
    "rotation": [
      [
        0.997720957,
        0.0218670033,
        0.06383327
      ],
      [
        0.06279888,
        0.04510938,
        -0.997006238
      ],
      [
        -0.0246810224,
        0.9987427,
        0.043633353
      ]
    ],
    "translation": [
      1.46134043,
      0.6997523,
      -0.748792231
    ]
  },
  {
    "timeStamp": 55479,
    "rotation": [
      [
        0.997844,
        0.0219105948,
        0.06186496
      ],
      [
        0.06146834,
        0.0183354467,
        -0.9979406
      ],
      [
        -0.022999797,
        0.999591768,
        0.0169491079
      ]
    ],
    "translation": [
      1.46135342,
      0.7004319,
      -0.74882
    ]
  },
  {
    "timeStamp": 55534,
    "rotation": [
      [
        0.9981611,
        0.0219476521,
        0.05650497
      ],
      [
        0.05659601,
        -0.00354904565,
        -0.998390853
      ],
      [
        -0.0217117965,
        0.9997528,
        -0.004784669
      ]
    ],
    "translation": [
      1.46134651,
      0.7013296,
      -0.7488299
    ]
  },
  {
    "timeStamp": 55578,
    "rotation": [
      [
        0.9978958,
        0.032533966,
        0.0560848452
      ],
      [
        0.0558641069,
        0.00765530625,
        -0.998409033
      ],
      [
        -0.032911554,
        0.999441266,
        0.005821717
      ]
    ],
    "translation": [
      1.4616704,
      0.7010177,
      -0.7480358
    ]
  },
  {
    "timeStamp": 55634,
    "rotation": [
      [
        0.9953489,
        0.09260673,
        0.0265436657
      ],
      [
        0.02133783,
        0.0567586832,
        -0.9981599
      ],
      [
        -0.0939429,
        0.9940837,
        0.0545186661
      ]
    ],
    "translation": [
      1.46373963,
      0.7095107,
      -0.735535741
    ]
  },
  {
    "timeStamp": 55679,
    "rotation": [
      [
        0.9839179,
        0.178586,
        -0.00355183519
      ],
      [
        -0.0211895369,
        0.09695309,
        -0.995063365
      ],
      [
        -0.177360028,
        0.979135931,
        0.09917804
      ]
    ],
    "translation": [
      1.46676493,
      0.72772646,
      -0.718948364
    ]
  },
  {
    "timeStamp": 55734,
    "rotation": [
      [
        0.9633416,
        0.26816684,
        0.00771758426
      ],
      [
        -0.0426152162,
        0.181362748,
        -0.9824925
      ],
      [
        -0.2648716,
        0.946146965,
        0.186142266
      ]
    ],
    "translation": [
      1.48266613,
      0.7559065,
      -0.6942121
    ]
  },
  {
    "timeStamp": 55778,
    "rotation": [
      [
        0.922433138,
        0.385932565,
        0.01316055
      ],
      [
        -0.09032859,
        0.24878259,
        -0.9643381
      ],
      [
        -0.3754436,
        0.888348639,
        0.264346033
      ]
    ],
    "translation": [
      1.50416636,
      0.7878233,
      -0.6668135
    ]
  },
  {
    "timeStamp": 55834,
    "rotation": [
      [
        0.8321508,
        0.55287236,
        0.0430942178
      ],
      [
        -0.173129663,
        0.332837045,
        -0.926955044
      ],
      [
        -0.52683115,
        0.7639055,
        0.372689217
      ]
    ],
    "translation": [
      1.545105,
      0.8363388,
      -0.6296746
    ]
  },
  {
    "timeStamp": 55878,
    "rotation": [
      [
        0.744604468,
        0.6537027,
        0.1350444
      ],
      [
        -0.203793257,
        0.415283322,
        -0.886571
      ],
      [
        -0.6356355,
        0.6326236,
        0.442442
      ]
    ],
    "translation": [
      1.59283531,
      0.8762889,
      -0.6001847
    ]
  },
  {
    "timeStamp": 55934,
    "rotation": [
      [
        0.5951459,
        0.761700451,
        0.256151974
      ],
      [
        -0.253415853,
        0.480371475,
        -0.8396569
      ],
      [
        -0.762615144,
        0.4348054,
        0.478918046
      ]
    ],
    "translation": [
      1.662825,
      0.9260808,
      -0.5719099
    ]
  },
  {
    "timeStamp": 55978,
    "rotation": [
      [
        0.417591274,
        0.82863307,
        0.3728066
      ],
      [
        -0.274137944,
        0.5060699,
        -0.817766249
      ],
      [
        -0.8662944,
        0.239291623,
        0.438490152
      ]
    ],
    "translation": [
      1.73297322,
      0.9618603,
      -0.5575807
    ]
  },
  {
    "timeStamp": 56034,
    "rotation": [
      [
        0.198580563,
        0.840023,
        0.504903138
      ],
      [
        -0.267339677,
        0.542053461,
        -0.796685338
      ],
      [
        -0.9429185,
        0.0232255943,
        0.332212776
      ]
    ],
    "translation": [
      1.82014716,
      0.999504149,
      -0.5534596
    ]
  },
  {
    "timeStamp": 56078,
    "rotation": [
      [
        -0.0252771415,
        0.8254003,
        0.563981831
      ],
      [
        -0.268359452,
        0.5378519,
        -0.79918617
      ],
      [
        -0.9629872,
        -0.171550989,
        0.207908586
      ]
    ],
    "translation": [
      1.89182174,
      1.02434969,
      -0.564669132
    ]
  },
  {
    "timeStamp": 56134,
    "rotation": [
      [
        -0.305053979,
        0.7693663,
        0.5612643
      ],
      [
        -0.328502953,
        0.4681731,
        -0.8203047
      ],
      [
        -0.8938836,
        -0.434614182,
        0.109921038
      ]
    ],
    "translation": [
      1.9737227,
      1.051174,
      -0.585745633
    ]
  },
  {
    "timeStamp": 56178,
    "rotation": [
      [
        -0.466433674,
        0.6831914,
        0.56186223
      ],
      [
        -0.342246234,
        0.446333766,
        -0.826833546
      ],
      [
        -0.815663636,
        -0.5779582,
        0.0256346054
      ]
    ],
    "translation": [
      2.030256,
      1.06606483,
      -0.607235968
    ]
  },
  {
    "timeStamp": 56234,
    "rotation": [
      [
        -0.6595942,
        0.556661665,
        0.5050379
      ],
      [
        -0.305323243,
        0.415554017,
        -0.856792
      ],
      [
        -0.686813831,
        -0.719334841,
        -0.104135267
      ]
    ],
    "translation": [
      2.09072518,
      1.06851768,
      -0.6374345
    ]
  },
  {
    "timeStamp": 56278,
    "rotation": [
      [
        -0.742456555,
        0.504121065,
        0.441157818
      ],
      [
        -0.285499483,
        0.357624859,
        -0.889153838
      ],
      [
        -0.606010139,
        -0.786108434,
        -0.121594623
      ]
    ],
    "translation": [
      2.12773275,
      1.06188858,
      -0.6485782
    ]
  },
  {
    "timeStamp": 56334,
    "rotation": [
      [
        -0.805169642,
        0.4947969,
        0.326921821
      ],
      [
        -0.161443383,
        0.347563148,
        -0.923653543
      ],
      [
        -0.5706469,
        -0.7964772,
        -0.199965626
      ]
    ],
    "translation": [
      2.1597755,
      1.03308368,
      -0.658708155
    ]
  },
  {
    "timeStamp": 56378,
    "rotation": [
      [
        -0.8243348,
        0.5047478,
        0.256323516
      ],
      [
        -0.122336209,
        0.283253551,
        -0.951210439
      ],
      [
        -0.5527259,
        -0.8154735,
        -0.171746835
      ]
    ],
    "translation": [
      2.1754005,
      1.01183963,
      -0.660102
    ]
  },
  {
    "timeStamp": 56434,
    "rotation": [
      [
        -0.851857543,
        0.499109417,
        0.1588348
      ],
      [
        -0.0242998917,
        0.2652644,
        -0.963869452
      ],
      [
        -0.5232096,
        -0.824939132,
        -0.213839173
      ]
    ],
    "translation": [
      2.18582821,
      0.982208669,
      -0.6732138
    ]
  },
  {
    "timeStamp": 56478,
    "rotation": [
      [
        -0.846134245,
        0.5228504,
        0.103365086
      ],
      [
        0.0155500071,
        0.218077362,
        -0.9758076
      ],
      [
        -0.532743,
        -0.8240569,
        -0.19265306
      ]
    ],
    "translation": [
      2.18777943,
      0.9632777,
      -0.675597
    ]
  },
  {
    "timeStamp": 56529,
    "rotation": [
      [
        -0.851938248,
        0.5207499,
        0.0549611561
      ],
      [
        0.06997318,
        0.217231885,
        -0.9736088
      ],
      [
        -0.518946,
        -0.82560873,
        -0.221506685
      ]
    ],
    "translation": [
      2.18777966,
      0.9436103,
      -0.6838056
    ]
  },
  {
    "timeStamp": 56584,
    "rotation": [
      [
        -0.8519008,
        0.523509443,
        0.01424608
      ],
      [
        0.108288251,
        0.202700511,
        -0.9732349
      ],
      [
        -0.512385368,
        -0.8275569,
        -0.229370639
      ]
    ],
    "translation": [
      2.18719959,
      0.922542632,
      -0.692236066
    ]
  },
  {
    "timeStamp": 56629,
    "rotation": [
      [
        -0.848834157,
        0.528137565,
        -0.0234798528
      ],
      [
        0.13884823,
        0.179864943,
        -0.9738428
      ],
      [
        -0.510099769,
        -0.829891145,
        -0.226006478
      ]
    ],
    "translation": [
      2.18388748,
      0.9106685,
      -0.695407
    ]
  },
  {
    "timeStamp": 56684,
    "rotation": [
      [
        -0.828206241,
        0.559263766,
        -0.0360327847
      ],
      [
        0.152783945,
        0.16346018,
        -0.9746475
      ],
      [
        -0.5391951,
        -0.8127144,
        -0.22082527
      ]
    ],
    "translation": [
      2.18315482,
      0.900089443,
      -0.694432437
    ]
  },
  {
    "timeStamp": 56730,
    "rotation": [
      [
        -0.815749,
        0.576783359,
        -0.0432966426
      ],
      [
        0.151833221,
        0.1413056,
        -0.978253245
      ],
      [
        -0.5581221,
        -0.804582953,
        -0.202844769
      ]
    ],
    "translation": [
      2.182493,
      0.8953582,
      -0.6904791
    ]
  },
  {
    "timeStamp": 56784,
    "rotation": [
      [
        -0.7950331,
        0.6061025,
        -0.0237092134
      ],
      [
        0.145889163,
        0.15313229,
        -0.977377534
      ],
      [
        -0.5887603,
        -0.7805064,
        -0.210169032
      ]
    ],
    "translation": [
      2.18342638,
      0.8928552,
      -0.686412036
    ]
  },
  {
    "timeStamp": 56829,
    "rotation": [
      [
        -0.7905834,
        0.612354338,
        -6.128524E-05
      ],
      [
        0.121561356,
        0.156844348,
        -0.9801136
      ],
      [
        -0.6001672,
        -0.774869,
        -0.198437169
      ]
    ],
    "translation": [
      2.18577719,
      0.895279348,
      -0.683092058
    ]
  },
  {
    "timeStamp": 56884,
    "rotation": [
      [
        -0.777647436,
        0.6286126,
        0.0105279014
      ],
      [
        0.116635174,
        0.160702,
        -0.9800873
      ],
      [
        -0.617787063,
        -0.7609344,
        -0.19828783
      ]
    ],
    "translation": [
      2.186032,
      0.8970233,
      -0.6805691
    ]
  },
  {
    "timeStamp": 56931,
    "rotation": [
      [
        -0.7722551,
        0.6353069,
        0.00268112519
      ],
      [
        0.125561118,
        0.156761572,
        -0.9796225
      ],
      [
        -0.6227812,
        -0.756181836,
        -0.200829759
      ]
    ],
    "translation": [
      2.184115,
      0.8942481,
      -0.6812707
    ]
  },
  {
    "timeStamp": 56985,
    "rotation": [
      [
        -0.770256341,
        0.6373959,
        -0.02077538
      ],
      [
        0.12447416,
        0.118309945,
        -0.985144138
      ],
      [
        -0.6254689,
        -0.7613995,
        -0.1704683
      ]
    ],
    "translation": [
      2.18148232,
      0.8884283,
      -0.680309355
    ]
  },
  {
    "timeStamp": 57031,
    "rotation": [
      [
        -0.775832832,
        0.6289127,
        -0.0505203381
      ],
      [
        0.139164925,
        0.09247482,
        -0.985941947
      ],
      [
        -0.615399539,
        -0.7719568,
        -0.159267575
      ]
    ],
    "translation": [
      2.17947817,
      0.881995261,
      -0.681147337
    ]
  },
  {
    "timeStamp": 57088,
    "rotation": [
      [
        -0.7848005,
        0.619452059,
        -0.01916305
      ],
      [
        0.119977154,
        0.12152122,
        -0.985311151
      ],
      [
        -0.6080243,
        -0.7755719,
        -0.169690028
      ]
    ],
    "translation": [
      2.17926431,
      0.8767752,
      -0.686371
    ]
  },
  {
    "timeStamp": 57132,
    "rotation": [
      [
        -0.7899782,
        0.609345257,
        -0.0680646
      ],
      [
        0.171225265,
        0.112653092,
        -0.978770256
      ],
      [
        -0.5887413,
        -0.784861565,
        -0.1933288
      ]
    ],
    "translation": [
      2.17638969,
      0.875089,
      -0.6897634
    ]
  }
]