[
  {
    "id": "003 cracker box(Clone)-81156",
    "pickRotation": [
      [
        0.962933,
        -0.0452965,
        0.265910268
      ],
      [
        -0.266057044,
        -0.321854,
        0.908638358
      ],
      [
        0.044426132,
        -0.9457051,
        -0.3219753
      ]
    ],
    "pickTranslation": [
      0.01658689,
      -0.005312577,
      0.184404075
    ],
    "placeRotation": [
      [
        0.0196800325,
        0.9990569,
        0.03870587
      ],
      [
        0.044345174,
        -0.0395474955,
        0.9982332
      ],
      [
        0.998822451,
        -0.0179288518,
        -0.04508165
      ]
    ],
    "placeTranslation": [
      -0.5704648,
      0.014739234,
      -0.147577047
    ]
  },
  {
    "id": "021 bleach cleanser(Clone)-80760",
    "pickRotation": [
      [
        0.18931061,
        -0.0373354219,
        -0.9812072
      ],
      [
        0.981796741,
        0.022850737,
        0.188554868
      ],
      [
        0.0153815327,
        -0.999041557,
        0.0409816839
      ]
    ],
    "pickTranslation": [
      0.01149246,
      0.0130412607,
      0.239804149
    ],
    "placeRotation": [
      [
        -0.998278856,
        0.0574461222,
        -0.0118012642
      ],
      [
        -0.009804353,
        0.0349200442,
        0.999342
      ],
      [
        0.05782042,
        0.9977377,
        -0.0342967175
      ]
    ],
    "placeTranslation": [
      -0.168191671,
      -0.000133873633,
      -0.301304668
    ]
  },
  {
    "id": "006 mustard bottle(Clone)-81302",
    "pickRotation": [
      [
        0.06562431,
        -0.199341282,
        0.9777303
      ],
      [
        -0.9865134,
        0.134282976,
        0.09359167
      ],
      [
        -0.149949208,
        -0.9706859,
        -0.187840626
      ]
    ],
    "pickTranslation": [
      0.0412475839,
      -0.0160687882,
      0.144367337
    ],
    "placeRotation": [
      [
        0.940351069,
        0.334449828,
        0.06231549
      ],
      [
        -0.04393068,
        -0.0622635745,
        0.9970924
      ],
      [
        0.3373574,
        -0.9403545,
        -0.04385701
      ]
    ],
    "placeTranslation": [
      0.376039833,
      0.0184805542,
      -0.5388866
    ]
  },
  {
    "id": "005 tomato soup can(Clone)-81168",
    "pickRotation": [
      [
        0.0262352936,
        0.0116861621,
        0.9995875
      ],
      [
        -0.9948765,
        0.097966,
        0.0249663312
      ],
      [
        -0.0976338238,
        -0.9951211,
        0.0141964555
      ]
    ],
    "pickTranslation": [
      0.00413877331,
      0.09072841,
      0.08242619
    ],
    "placeRotation": [
      [
        0.9979736,
        0.0549218878,
        0.0321276858
      ],
      [
        -0.0328783579,
        0.0128193507,
        0.999377131
      ],
      [
        0.0544758141,
        -0.9984084,
        0.0145991165
      ]
    ],
    "placeTranslation": [
      0.187643975,
      -0.01131521,
      -0.617106736
    ]
  },
  {
    "id": "025 mug(Clone)-81314",
    "pickRotation": [
      [
        -0.248278335,
        0.030811131,
        0.968198657
      ],
      [
        -0.9282613,
        0.278166682,
        -0.246889219
      ],
      [
        -0.276927531,
        -0.960038543,
        -0.04046198
      ]
    ],
    "pickTranslation": [
      0.0399852023,
      0.0579833537,
      0.0477085523
    ],
    "placeRotation": [
      [
        0.7270689,
        -0.6748336,
        0.126373991
      ],
      [
        -0.107862815,
        0.06950685,
        0.991733
      ],
      [
        -0.678038657,
        -0.7346893,
        -0.0222531818
      ]
    ],
    "placeTranslation": [
      0.403211951,
      0.0396992266,
      0.390155375
    ]
  },
  {
    "id": "004 sugar box(Clone)-81528",
    "pickRotation": [
      [
        -0.9681051,
        0.0231150277,
        0.249476
      ],
      [
        -0.250360548,
        -0.127408326,
        -0.959732652
      ],
      [
        0.009601055,
        -0.991580963,
        0.129131734
      ]
    ],
    "pickTranslation": [
      0.0180917438,
      -0.025456775,
      0.1458843
    ],
    "placeRotation": [
      [
        0.103063166,
        -0.9946712,
        -0.00264578313
      ],
      [
        0.0113652563,
        -0.00148216786,
        0.9999343
      ],
      [
        -0.994609833,
        -0.103086464,
        0.0111519368
      ]
    ],
    "placeTranslation": [
      -0.243548468,
      -0.008141517,
      0.310989827
    ]
  },
  {
    "id": "011 banana(Clone)-81204",
    "pickRotation": [
      [
        -0.904971,
        0.345609158,
        0.248156786
      ],
      [
        -0.177832425,
        0.2226143,
        -0.9585502
      ],
      [
        -0.386526972,
        -0.911590457,
        -0.139998972
      ]
    ],
    "pickTranslation": [
      0.0197804775,
      -0.00695226435,
      0.0287645981
    ],
    "placeRotation": [
      [
        0.354761124,
        -0.9296397,
        0.09957201
      ],
      [
        -0.15982531,
        0.0446320474,
        0.98613584
      ],
      [
        -0.9211951,
        -0.36575678,
        -0.132746235
      ]
    ],
    "placeTranslation": [
      0.7272943,
      0.5977142,
      -0.007790301
    ]
  },
  {
    "id": "008 pudding box(Clone)-81262",
    "pickRotation": [
      [
        -0.340708256,
        -0.178770974,
        0.923016131
      ],
      [
        -0.9380536,
        -0.00118354207,
        -0.346488178
      ],
      [
        0.06303446,
        -0.98389,
        -0.1672935
      ]
    ],
    "pickTranslation": [
      0.005807203,
      0.0209655575,
      0.0246088915
    ],
    "placeRotation": [
      [
        0.9011534,
        -0.4296453,
        -0.0576843768
      ],
      [
        0.05514441,
        -0.0183716249,
        0.9983094
      ],
      [
        -0.429978669,
        -0.9028109,
        0.00713688368
      ]
    ],
    "placeTranslation": [
      0.419690162,
      0.47807318,
      0.524382949
    ]
  },
  {
    "id": "100 half egg carton(Clone)-81180",
    "pickRotation": [
      [
        0.09037308,
        -0.09712739,
        -0.9911604
      ],
      [
        0.05813787,
        -0.993021131,
        0.102610692
      ],
      [
        -0.9942095,
        -0.0668972,
        -0.0840956
      ]
    ],
    "pickTranslation": [
      -0.05928249,
      0.0141417645,
      0.00743921753
    ],
    "placeRotation": [
      [
        -0.9971977,
        0.0503756441,
        0.0553087033
      ],
      [
        0.0558537655,
        0.993170142,
        0.102437086
      ],
      [
        -0.04977062,
        0.105239227,
        -0.9932007
      ]
    ],
    "placeTranslation": [
      0.732996464,
      0.93982774,
      -0.28401497
    ]
  },
  {
    "id": "007 tuna fish can(Clone)-80772",
    "pickRotation": [
      [
        -0.6178396,
        -0.165897578,
        0.7686041
      ],
      [
        -0.769388855,
        -0.0741118,
        -0.6344669
      ],
      [
        0.162219152,
        -0.983354151,
        -0.08185054
      ]
    ],
    "pickTranslation": [
      0.036374867,
      -0.0278287269,
      0.005317256
    ],
    "placeRotation": [
      [
        0.7814292,
        -0.6195843,
        -0.07405234
      ],
      [
        0.6040247,
        0.7212936,
        0.338953674
      ],
      [
        -0.1565969,
        -0.309597731,
        0.9378841
      ]
    ],
    "placeTranslation": [
      0.23503235,
      0.6260388,
      0.130362734
    ]
  },
  {
    "id": "013 apple(Clone)-81278",
    "pickRotation": [
      [
        -0.593251467,
        0.2791538,
        0.755066752
      ],
      [
        -0.5881088,
        0.49019435,
        -0.6433021
      ],
      [
        -0.5497097,
        -0.825701237,
        -0.12663573
      ]
    ],
    "pickTranslation": [
      0.002897459,
      -0.0135792019,
      0.05450755
    ],
    "placeRotation": [
      [
        0.905377746,
        -0.3959468,
        -0.153353229
      ],
      [
        0.006964406,
        -0.34726885,
        0.93773973
      ],
      [
        -0.424549878,
        -0.850076735,
        -0.311651975
      ]
    ],
    "placeTranslation": [
      0.152543023,
      0.7353827,
      0.7002961
    ]
  },
  {
    "id": "017 orange(Clone)-81192",
    "pickRotation": [
      [
        0.477516472,
        0.0171068534,
        0.878456235
      ],
      [
        0.522904336,
        -0.8090023,
        -0.268489122
      ],
      [
        0.7060801,
        0.587556541,
        -0.395257145
      ]
    ],
    "pickTranslation": [
      0.0190777238,
      -0.0203790814,
      0.0268258974
    ],
    "placeRotation": [
      [
        0.79837954,
        -0.442243844,
        -0.4086692
      ],
      [
        0.0167215466,
        0.6946994,
        -0.7191058
      ],
      [
        0.601922333,
        0.5672857,
        0.562028766
      ]
    ],
    "placeTranslation": [
      0.262474984,
      1.16696441,
      0.114390753
    ]
  },
  {
    "id": "057 racquetball(Clone)-81290",
    "pickRotation": [
      [
        -0.8140136,
        0.155053169,
        0.5597681
      ],
      [
        -0.168711782,
        -0.98527956,
        0.0275775436
      ],
      [
        0.555804,
        -0.0719909742,
        0.828190267
      ]
    ],
    "pickTranslation": [
      0.0151145738,
      -0.116997451,
      0.0247124471
    ],
    "placeRotation": [
      [
        0.6034712,
        -0.0636022538,
        0.7948442
      ],
      [
        0.0568676144,
        0.99770844,
        0.0366594344
      ],
      [
        -0.795354366,
        0.0230779778,
        0.605705261
      ]
    ],
    "placeTranslation": [
      0.349678159,
      1.8014456,
      0.425418347
    ]
  },
  {
    "id": "058 golf ball(Clone)-81144",
    "pickRotation": [
      [
        -0.26001063,
        0.4540496,
        -0.852193356
      ],
      [
        0.9015362,
        -0.201970115,
        -0.3826754
      ],
      [
        -0.3458712,
        -0.8677829,
        -0.356827766
      ]
    ],
    "pickTranslation": [
      -0.000267990865,
      -0.04259517,
      0.0234211441
    ],
    "placeRotation": [
      [
        -0.560979664,
        -0.802727461,
        -0.202312559
      ],
      [
        -0.5250757,
        0.156090692,
        0.8366189
      ],
      [
        -0.6399979,
        0.5755556,
        -0.5090564
      ]
    ],
    "placeTranslation": [
      -0.234648809,
      0.9939889,
      0.05690881
    ]
  },
  {
    "id": "103 toothpaste(Clone)-81108",
    "pickRotation": [
      [
        -0.346984446,
        0.110414535,
        -0.9313487
      ],
      [
        -0.9378423,
        -0.04860826,
        0.343641
      ],
      [
        -0.00732827466,
        0.9926963,
        0.120417722
      ]
    ],
    "pickTranslation": [
      -0.00320280786,
      0.029179208,
      -0.0304933153
    ],
    "placeRotation": [
      [
        -0.7922846,
        0.607610643,
        -0.0556275323
      ],
      [
        0.166067913,
        0.1270137,
        -0.977900267
      ],
      [
        -0.587117136,
        -0.7840133,
        -0.201535627
      ]
    ],
    "placeTranslation": [
      0.1259069,
      0.9302888,
      -0.0524855331
    ]
  }
]