[
  {
    "timeStamp": 59273,
    "rotation": [
      [
        0.9999308,
        -0.00294773979,
        0.011390496
      ],
      [
        -0.0113726268,
        0.00600961037,
        0.999917269
      ],
      [
        -0.00301594986,
        -0.999977648,
        0.00597567065
      ]
    ],
    "translation": [
      1.61603737,
      0.7017598,
      -0.4898164
    ]
  },
  {
    "timeStamp": 59318,
    "rotation": [
      [
        0.999915,
        -0.00470919861,
        0.0121586435
      ],
      [
        -0.0121344635,
        0.005129661,
        0.9999132
      ],
      [
        -0.004771161,
        -0.9999758,
        0.00507208146
      ]
    ],
    "translation": [
      1.61608946,
      0.7017079,
      -0.489779919
    ]
  },
  {
    "timeStamp": 59373,
    "rotation": [
      [
        0.9997622,
        -0.003570017,
        0.02151537
      ],
      [
        -0.0215028822,
        0.00350041548,
        0.999762654
      ],
      [
        -0.00364448363,
        -0.999987543,
        0.003422817
      ]
    ],
    "translation": [
      1.61609268,
      0.702061355,
      -0.4897684
    ]
  },
  {
    "timeStamp": 59418,
    "rotation": [
      [
        0.9997449,
        -0.00101979868,
        0.0225650333
      ],
      [
        -0.0225498676,
        0.0130129624,
        0.999661
      ],
      [
        -0.00131308858,
        -0.9999148,
        0.012986646
      ]
    ],
    "translation": [
      1.61606586,
      0.70195657,
      -0.489902318
    ]
  },
  {
    "timeStamp": 59473,
    "rotation": [
      [
        0.9970471,
        -0.031592153,
        0.06999278
      ],
      [
        -0.06858849,
        0.0435383841,
        0.996694565
      ],
      [
        -0.0345350876,
        -0.9985521,
        0.0412429646
      ]
    ],
    "translation": [
      1.61885154,
      0.7061415,
      -0.491116881
    ]
  },
  {
    "timeStamp": 59518,
    "rotation": [
      [
        0.994993,
        -0.0351380929,
        0.0935646445
      ],
      [
        -0.09280465,
        0.0226738714,
        0.9954261
      ],
      [
        -0.0370988548,
        -0.999125242,
        0.0192993637
      ]
    ],
    "translation": [
      1.6221205,
      0.7216814,
      -0.492992759
    ]
  },
  {
    "timeStamp": 59573,
    "rotation": [
      [
        0.9896058,
        -0.046479173,
        0.136088476
      ],
      [
        -0.136884108,
        -0.0143723665,
        0.9904828
      ],
      [
        -0.04408091,
        -0.998815835,
        -0.0205852389
      ]
    ],
    "translation": [
      1.6274966,
      0.749553144,
      -0.496115834
    ]
  },
  {
    "timeStamp": 59618,
    "rotation": [
      [
        0.980475843,
        -0.0637560338,
        0.186016619
      ],
      [
        -0.18903625,
        -0.0451014154,
        0.980933845
      ],
      [
        -0.05415085,
        -0.9969458,
        -0.0562730543
      ]
    ],
    "translation": [
      1.63220572,
      0.776502848,
      -0.501014054
    ]
  },
  {
    "timeStamp": 59673,
    "rotation": [
      [
        0.964665651,
        -0.09441093,
        0.245981246
      ],
      [
        -0.253474325,
        -0.0777410939,
        0.9642132
      ],
      [
        -0.07190941,
        -0.9924933,
        -0.09892491
      ]
    ],
    "translation": [
      1.64682567,
      0.8132184,
      -0.5155941
    ]
  },
  {
    "timeStamp": 59718,
    "rotation": [
      [
        0.949142456,
        -0.122802891,
        0.289910346
      ],
      [
        -0.302272648,
        -0.09779227,
        0.948191941
      ],
      [
        -0.0880897343,
        -0.987601161,
        -0.129938766
      ]
    ],
    "translation": [
      1.66292143,
      0.8421672,
      -0.5309443
    ]
  },
  {
    "timeStamp": 59773,
    "rotation": [
      [
        0.9305283,
        -0.1574818,
        0.330630541
      ],
      [
        -0.349565834,
        -0.112787873,
        0.9300982
      ],
      [
        -0.109182425,
        -0.9810598,
        -0.160002574
      ]
    ],
    "translation": [
      1.68939447,
      0.873415053,
      -0.556050956
    ]
  },
  {
    "timeStamp": 59818,
    "rotation": [
      [
        0.9161753,
        -0.195533112,
        0.349842131
      ],
      [
        -0.3756405,
        -0.114673756,
        0.919643462
      ],
      [
        -0.13970302,
        -0.9739696,
        -0.178511426
      ]
    ],
    "translation": [
      1.71657968,
      0.8942274,
      -0.578200161
    ]
  },
  {
    "timeStamp": 59873,
    "rotation": [
      [
        0.9098061,
        -0.232731342,
        0.343640745
      ],
      [
        -0.3799173,
        -0.133689448,
        0.915308654
      ],
      [
        -0.167079851,
        -0.9633085,
        -0.210050136
      ]
    ],
    "translation": [
      1.75787067,
      0.9149253,
      -0.607005239
    ]
  },
  {
    "timeStamp": 59918,
    "rotation": [
      [
        0.8962459,
        -0.2876319,
        0.337655425
      ],
      [
        -0.385429531,
        -0.128281966,
        0.9137767
      ],
      [
        -0.219516218,
        -0.9491109,
        -0.225834012
      ]
    ],
    "translation": [
      1.79556262,
      0.926346242,
      -0.628842831
    ]
  },
  {
    "timeStamp": 59973,
    "rotation": [
      [
        0.883118033,
        -0.348100245,
        0.314529479
      ],
      [
        -0.378735751,
        -0.133310616,
        0.915853441
      ],
      [
        -0.276878685,
        -0.927930236,
        -0.249567
      ]
    ],
    "translation": [
      1.84541821,
      0.9377831,
      -0.6564405
    ]
  },
  {
    "timeStamp": 60018,
    "rotation": [
      [
        0.873717248,
        -0.395371646,
        0.2833715
      ],
      [
        -0.361702085,
        -0.138535142,
        0.921943367
      ],
      [
        -0.325253338,
        -0.9080139,
        -0.2640473
      ]
    ],
    "translation": [
      1.889141,
      0.9424221,
      -0.677149534
    ]
  },
  {
    "timeStamp": 60073,
    "rotation": [
      [
        0.858803451,
        -0.447647274,
        0.249135509
      ],
      [
        -0.341690242,
        -0.1381624,
        0.9296015
      ],
      [
        -0.381712437,
        -0.883472145,
        -0.271611065
      ]
    ],
    "translation": [
      1.93979454,
      0.9456279,
      -0.7015051
    ]
  },
  {
    "timeStamp": 60118,
    "rotation": [
      [
        0.854689062,
        -0.4788287,
        0.200573325
      ],
      [
        -0.3087271,
        -0.158192888,
        0.9379033
      ],
      [
        -0.41736573,
        -0.863538146,
        -0.283033133
      ]
    ],
    "translation": [
      1.98183155,
      0.946603239,
      -0.7154846
    ]
  },
  {
    "timeStamp": 60173,
    "rotation": [
      [
        0.8432193,
        -0.515216947,
        0.153403461
      ],
      [
        -0.2780222,
        -0.173729271,
        0.944733739
      ],
      [
        -0.4600922,
        -0.839267254,
        -0.289733648
      ]
    ],
    "translation": [
      2.02706981,
      0.946247,
      -0.728812754
    ]
  },
  {
    "timeStamp": 60218,
    "rotation": [
      [
        0.8497015,
        -0.5194173,
        0.0906255543
      ],
      [
        -0.2268472,
        -0.204972565,
        0.9521169
      ],
      [
        -0.4759702,
        -0.829573333,
        -0.291993856
      ]
    ],
    "translation": [
      2.0629406,
      0.9423598,
      -0.734208941
    ]
  },
  {
    "timeStamp": 60273,
    "rotation": [
      [
        0.8774466,
        -0.479602754,
        0.008295445
      ],
      [
        -0.148109987,
        -0.25444144,
        0.955679357
      ],
      [
        -0.456235737,
        -0.839786232,
        -0.294292718
      ]
    ],
    "translation": [
      2.09721375,
      0.934480548,
      -0.7356217
    ]
  },
  {
    "timeStamp": 60318,
    "rotation": [
      [
        0.9070142,
        -0.412327141,
        -0.0855079144
      ],
      [
        -0.04461681,
        -0.2960142,
        0.954140961
      ],
      [
        -0.418729782,
        -0.8616043,
        -0.286885768
      ]
    ],
    "translation": [
      2.125615,
      0.923336446,
      -0.733507454
    ]
  },
  {
    "timeStamp": 60373,
    "rotation": [
      [
        0.935139537,
        -0.319310457,
        -0.153475985
      ],
      [
        0.04740266,
        -0.3165389,
        0.9473944
      ],
      [
        -0.351094037,
        -0.8932211,
        -0.280871868
      ]
    ],
    "translation": [
      2.14412618,
      0.905284941,
      -0.727936745
    ]
  },
  {
    "timeStamp": 60420,
    "rotation": [
      [
        0.9420313,
        -0.301768929,
        -0.146671534
      ],
      [
        0.0511526354,
        -0.302861452,
        0.9516609
      ],
      [
        -0.3316028,
        -0.903997,
        -0.269868672
      ]
    ],
    "translation": [
      2.15115976,
      0.889240265,
      -0.7208149
    ]
  },
  {
    "timeStamp": 60468,
    "rotation": [
      [
        0.953759432,
        -0.259761184,
        -0.151218861
      ],
      [
        0.07646184,
        -0.276870966,
        0.9578602
      ],
      [
        -0.290682971,
        -0.9251306,
        -0.244206473
      ]
    ],
    "translation": [
      2.15726423,
      0.8671728,
      -0.7134885
    ]
  },
  {
    "timeStamp": 60523,
    "rotation": [
      [
        0.9661736,
        -0.227342367,
        -0.121754125
      ],
      [
        0.06345839,
        -0.2480173,
        0.9666749
      ],
      [
        -0.249963313,
        -0.9417021,
        -0.225200981
      ]
    ],
    "translation": [
      2.15401673,
      0.8510324,
      -0.702248633
    ]
  },
  {
    "timeStamp": 60568,
    "rotation": [
      [
        0.9677727,
        -0.231700644,
        -0.09864499
      ],
      [
        0.044694487,
        -0.227465034,
        0.97276
      ],
      [
        -0.247827411,
        -0.9458195,
        -0.209778711
      ]
    ],
    "translation": [
      2.150536,
      0.8400551,
      -0.6925024
    ]
  },
  {
    "timeStamp": 60623,
    "rotation": [
      [
        0.981454253,
        -0.174596727,
        -0.0791419148
      ],
      [
        0.0406000577,
        -0.214160889,
        0.9759543
      ],
      [
        -0.187347516,
        -0.9610677,
        -0.203100488
      ]
    ],
    "translation": [
      2.14044833,
      0.83093375,
      -0.6798837
    ]
  },
  {
    "timeStamp": 60668,
    "rotation": [
      [
        0.982522845,
        -0.1779994,
        -0.05445317
      ],
      [
        0.0175850689,
        -0.202467322,
        0.9791311
      ],
      [
        -0.185309753,
        -0.9629762,
        -0.195798621
      ]
    ],
    "translation": [
      2.13413358,
      0.8257981,
      -0.6697555
    ]
  },
  {
    "timeStamp": 60723,
    "rotation": [
      [
        0.989040732,
        -0.138918638,
        -0.05000016
      ],
      [
        0.02342402,
        -0.186724409,
        0.982133031
      ],
      [
        -0.145772845,
        -0.9725408,
        -0.181424
      ]
    ],
    "translation": [
      2.13004661,
      0.8169777,
      -0.660134256
    ]
  },
  {
    "timeStamp": 60768,
    "rotation": [
      [
        0.989587545,
        -0.140659675,
        -0.0305176172
      ],
      [
        0.00666637626,
        -0.1670085,
        0.985932946
      ],
      [
        -0.1437777,
        -0.97587043,
        -0.164331853
      ]
    ],
    "translation": [
      2.12678933,
      0.810547054,
      -0.6542446
    ]
  },
  {
    "timeStamp": 60824,
    "rotation": [
      [
        0.9934245,
        -0.110514492,
        -0.0299057979
      ],
      [
        0.0132620335,
        -0.1483724,
        0.9888426
      ],
      [
        -0.113718644,
        -0.982737064,
        -0.14593111
      ]
    ],
    "translation": [
      2.125491,
      0.805270433,
      -0.649653256
    ]
  },
  {
    "timeStamp": 60868,
    "rotation": [
      [
        0.99566704,
        -0.0920979753,
        -0.0128502818
      ],
      [
        0.000795248663,
        -0.129751459,
        0.9915462
      ],
      [
        -0.09298674,
        -0.9872601,
        -0.129116
      ]
    ],
    "translation": [
      2.12170815,
      0.8008288,
      -0.648254454
    ]
  },
  {
    "timeStamp": 60926,
    "rotation": [
      [
        0.9989187,
        -0.0459929965,
        -0.00677897828
      ],
      [
        0.00169086258,
        -0.109776795,
        0.993954837
      ],
      [
        -0.0464591347,
        -0.99289155,
        -0.109580331
      ]
    ],
    "translation": [
      2.118684,
      0.79455173,
      -0.65016377
    ]
  },
  {
    "timeStamp": 60971,
    "rotation": [
      [
        0.999181867,
        -0.039711494,
        -0.00765269948
      ],
      [
        0.00370460749,
        -0.09855617,
        0.9951246
      ],
      [
        -0.0402721055,
        -0.994338751,
        -0.09832842
      ]
    ],
    "translation": [
      2.12117624,
      0.790419042,
      -0.649893761
    ]
  },
  {
    "timeStamp": 61027,
    "rotation": [
      [
        0.999734461,
        -0.02195748,
        -0.006994002
      ],
      [
        0.00515605556,
        -0.0826725438,
        0.996563435
      ],
      [
        -0.0224602316,
        -0.996334851,
        -0.0825373754
      ]
    ],
    "translation": [
      2.1217792,
      0.7845059,
      -0.65292424
    ]
  },
  {
    "timeStamp": 61071,
    "rotation": [
      [
        0.99992764,
        -0.006676769,
        -0.0100060236
      ],
      [
        0.009482598,
        -0.07428921,
        0.997191668
      ],
      [
        -0.007401354,
        -0.997214437,
        -0.0742205158
      ]
    ],
    "translation": [
      2.12231565,
      0.780171037,
      -0.654649258
    ]
  },
  {
    "timeStamp": 61127,
    "rotation": [
      [
        0.999858856,
        -0.012038406,
        -0.0117176427
      ],
      [
        0.0108864848,
        -0.06692942,
        0.9976983
      ],
      [
        -0.0127949566,
        -0.9976851,
        -0.06678893
      ]
    ],
    "translation": [
      2.12366247,
      0.7750356,
      -0.6556962
    ]
  },
  {
    "timeStamp": 61171,
    "rotation": [
      [
        0.9999079,
        -0.00707157,
        -0.0115840482
      ],
      [
        0.0111231674,
        -0.0620595478,
        0.998010457
      ],
      [
        -0.00777640473,
        -0.9980474,
        -0.0619751737
      ]
    ],
    "translation": [
      2.12354612,
      0.7712485,
      -0.656687856
    ]
  },
  {
    "timeStamp": 61227,
    "rotation": [
      [
        0.9997294,
        0.00417818548,
        -0.0228830036
      ],
      [
        0.0231168177,
        -0.06897367,
        0.997350633
      ],
      [
        0.002588803,
        -0.997609735,
        -0.06905159
      ]
    ],
    "translation": [
      2.124377,
      0.7667208,
      -0.655911446
    ]
  },
  {
    "timeStamp": 61273,
    "rotation": [
      [
        0.9997781,
        -0.00816897,
        -0.0194166135
      ],
      [
        0.0188278835,
        -0.0668425038,
        0.9975859
      ],
      [
        -0.009447099,
        -0.9977301,
        -0.06667387
      ]
    ],
    "translation": [
      2.12487841,
      0.763309658,
      -0.6551854
    ]
  },
  {
    "timeStamp": 61328,
    "rotation": [
      [
        0.9996865,
        -0.005225728,
        -0.0244866218
      ],
      [
        0.02401961,
        -0.07592688,
        0.996824
      ],
      [
        -0.00706833228,
        -0.9970997,
        -0.07577755
      ]
    ],
    "translation": [
      2.124864,
      0.7599781,
      -0.653184533
    ]
  },
  {
    "timeStamp": 61373,
    "rotation": [
      [
        0.99951905,
        -0.00362754427,
        -0.0307992361
      ],
      [
        0.0304270815,
        -0.07728705,
        0.9965445
      ],
      [
        -0.00599539233,
        -0.9970023,
        -0.0771395043
      ]
    ],
    "translation": [
      2.12493324,
      0.7567965,
      -0.65255034
    ]
  },
  {
    "timeStamp": 61417,
    "rotation": [
      [
        0.999321938,
        -0.00540436944,
        -0.03642033
      ],
      [
        0.03589245,
        -0.0775367,
        0.9963432
      ],
      [
        -0.00820853,
        -0.9969748,
        -0.07729015
      ]
    ],
    "translation": [
      2.12624478,
      0.753242254,
      -0.6524523
    ]
  },
  {
    "timeStamp": 61472,
    "rotation": [
      [
        0.9988359,
        -0.0118397521,
        -0.046760913
      ],
      [
        0.045671314,
        -0.07979199,
        0.995764732
      ],
      [
        -0.0155207394,
        -0.996741235,
        -0.07915837
      ]
    ],
    "translation": [
      2.1283412,
      0.7489429,
      -0.651619434
    ]
  },
  {
    "timeStamp": 61517,
    "rotation": [
      [
        0.998563,
        -0.0164036658,
        -0.0510178879
      ],
      [
        0.04960258,
        -0.07744436,
        0.995762
      ],
      [
        -0.0202852,
        -0.9968617,
        -0.07651941
      ]
    ],
    "translation": [
      2.12913227,
      0.745456934,
      -0.6523863
    ]
  },
  {
    "timeStamp": 61572,
    "rotation": [
      [
        0.9983632,
        -0.0195978954,
        -0.0537294336
      ],
      [
        0.0519529432,
        -0.08203131,
        0.9952747
      ],
      [
        -0.0239127781,
        -0.996437,
        -0.0808788761
      ]
    ],
    "translation": [
      2.12899137,
      0.7426752,
      -0.6520135
    ]
  },
  {
    "timeStamp": 61628,
    "rotation": [
      [
        0.9976569,
        -0.0228129532,
        -0.06450042
      ],
      [
        0.0621886924,
        -0.09059874,
        0.99394387
      ],
      [
        -0.02851846,
        -0.995626152,
        -0.08896775
      ]
    ],
    "translation": [
      2.13045025,
      0.740116358,
      -0.650174856
    ]
  },
  {
    "timeStamp": 61672,
    "rotation": [
      [
        0.997503638,
        -0.0293459352,
        -0.06422812
      ],
      [
        0.0613052249,
        -0.09150082,
        0.993916154
      ],
      [
        -0.0350443,
        -0.9953725,
        -0.08947334
      ]
    ],
    "translation": [
      2.13022852,
      0.73841,
      -0.649360538
    ]
  },
  {
    "timeStamp": 61728,
    "rotation": [
      [
        0.996807754,
        -0.03940159,
        -0.06943913
      ],
      [
        0.0653208345,
        -0.09761485,
        0.9930783
      ],
      [
        -0.0459071733,
        -0.994444,
        -0.09472949
      ]
    ],
    "translation": [
      2.13079524,
      0.737291038,
      -0.646666
    ]
  },
  {
    "timeStamp": 61773,
    "rotation": [
      [
        0.996686637,
        -0.038679447,
        -0.07155207
      ],
      [
        0.06733109,
        -0.101181716,
        0.9925869
      ],
      [
        -0.0456324778,
        -0.99411577,
        -0.09824213
      ]
    ],
    "translation": [
      2.130221,
      0.7364326,
      -0.6454689
    ]
  },
  {
    "timeStamp": 61828,
    "rotation": [
      [
        0.995787859,
        -0.0547878332,
        -0.07351802
      ],
      [
        0.06754347,
        -0.103898458,
        0.9922918
      ],
      [
        -0.06200391,
        -0.9930778,
        -0.09976026
      ]
    ],
    "translation": [
      2.13120532,
      0.7360151,
      -0.6428364
    ]
  },
  {
    "timeStamp": 61872,
    "rotation": [
      [
        0.9954145,
        -0.0604244657,
        -0.07415452
      ],
      [
        0.06750627,
        -0.10548646,
        0.992126763
      ],
      [
        -0.067771025,
        -0.9925832,
        -0.100923717
      ]
    ],
    "translation": [
      2.131159,
      0.735747159,
      -0.641572
    ]
  },
  {
    "timeStamp": 61928,
    "rotation": [
      [
        0.9951208,
        -0.06510017,
        -0.07413912
      ],
      [
        0.0671735257,
        -0.103348263,
        0.992374361
      ],
      [
        -0.07226588,
        -0.9925126,
        -0.09847099
      ]
    ],
    "translation": [
      2.1310544,
      0.7352619,
      -0.6409112
    ]
  },
  {
    "timeStamp": 61973,
    "rotation": [
      [
        0.9950116,
        -0.0647585243,
        -0.0758821
      ],
      [
        0.0690567642,
        -0.101814866,
        0.992403567
      ],
      [
        -0.07199255,
        -0.9926933,
        -0.0968349651
      ]
    ],
    "translation": [
      2.13082957,
      0.734629333,
      -0.6408437
    ]
  },
  {
    "timeStamp": 62028,
    "rotation": [
      [
        0.994549632,
        -0.0699755251,
        -0.07729457
      ],
      [
        0.07001692,
        -0.101074681,
        0.992412
      ],
      [
        -0.07725708,
        -0.9924149,
        -0.09562431
      ]
    ],
    "translation": [
      2.131421,
      0.734319,
      -0.640313
    ]
  },
  {
    "timeStamp": 62072,
    "rotation": [
      [
        0.993847132,
        -0.07436447,
        -0.08208364
      ],
      [
        0.07414026,
        -0.103920422,
        0.9918184
      ],
      [
        -0.0822862,
        -0.99180156,
        -0.09776762
      ]
    ],
    "translation": [
      2.13256121,
      0.7342827,
      -0.639103651
    ]
  },
  {
    "timeStamp": 62128,
    "rotation": [
      [
        0.993027151,
        -0.07870253,
        -0.08776628
      ],
      [
        0.07949273,
        -0.102720357,
        0.9915288
      ],
      [
        -0.0870512351,
        -0.9915918,
        -0.09574783
      ]
    ],
    "translation": [
      2.133985,
      0.733629644,
      -0.6386699
    ]
  },
  {
    "timeStamp": 62172,
    "rotation": [
      [
        0.9922769,
        -0.08440748,
        -0.090895094
      ],
      [
        0.0820243061,
        -0.103201658,
        0.9912726
      ],
      [
        -0.09305135,
        -0.991072536,
        -0.09548116
      ]
    ],
    "translation": [
      2.135246,
      0.7331823,
      -0.638202846
    ]
  },
  {
    "timeStamp": 62228,
    "rotation": [
      [
        0.9915454,
        -0.09077045,
        -0.09272855
      ],
      [
        0.08331026,
        -0.1025619,
        0.9912318
      ],
      [
        -0.0994849652,
        -0.9905765,
        -0.09413266
      ]
    ],
    "translation": [
      2.1364572,
      0.732925653,
      -0.637713432
    ]
  },
  {
    "timeStamp": 62272,
    "rotation": [
      [
        0.991445363,
        -0.0916454,
        -0.0929365158
      ],
      [
        0.08357146,
        -0.101215258,
        0.9913482
      ],
      [
        -0.1002591,
        -0.990634441,
        -0.09269046
      ]
    ],
    "translation": [
      2.136818,
      0.7327779,
      -0.6376452
    ]
  },
  {
    "timeStamp": 62328,
    "rotation": [
      [
        0.9909699,
        -0.0951808542,
        -0.0944416
      ],
      [
        0.08446495,
        -0.103896238,
        0.990995049
      ],
      [
        -0.104135916,
        -0.9900233,
        -0.0949185938
      ]
    ],
    "translation": [
      2.13756847,
      0.733146667,
      -0.637154937
    ]
  },
  {
    "timeStamp": 62372,
    "rotation": [
      [
        0.9905048,
        -0.09852924,
        -0.09587682
      ],
      [
        0.08542928,
        -0.105282411,
        0.9907661
      ],
      [
        -0.107713558,
        -0.9895493,
        -0.09586545
      ]
    ],
    "translation": [
      2.138364,
      0.7335037,
      -0.6370424
    ]
  }
]