[
  {
    "timeStamp": 13251,
    "rotation": [
      [
        0.9987511,
        0.0499170162,
        -0.00210559228
      ],
      [
        0.00187900721,
        0.00458572665,
        0.9999877
      ],
      [
        0.0499260575,
        -0.9987428,
        0.00448620552
      ]
    ],
    "translation": [
      1.30894828,
      0.7047722,
      -0.360418171
    ]
  },
  {
    "timeStamp": 13306,
    "rotation": [
      [
        0.9986045,
        0.0528068319,
        0.0007593267
      ],
      [
        0.000111682522,
        -0.0164893456,
        0.999864042
      ],
      [
        0.05281217,
        -0.9984686,
        -0.0164722316
      ]
    ],
    "translation": [
      1.30911326,
      0.706235349,
      -0.357679725
    ]
  },
  {
    "timeStamp": 13351,
    "rotation": [
      [
        0.9987369,
        0.0501908138,
        0.00231883442
      ],
      [
        -0.00204030937,
        -0.00559984939,
        0.999982238
      ],
      [
        0.0502029061,
        -0.9987239,
        -0.00549037149
      ]
    ],
    "translation": [
      1.31035674,
      0.706126332,
      -0.357855439
    ]
  },
  {
    "timeStamp": 13406,
    "rotation": [
      [
        0.998102367,
        0.0613607131,
        0.00515701855
      ],
      [
        -0.004753162,
        -0.00672582164,
        0.9999661
      ],
      [
        0.0613933168,
        -0.998093,
        -0.006421401
      ]
    ],
    "translation": [
      1.31073761,
      0.707737446,
      -0.359349936
    ]
  },
  {
    "timeStamp": 13450,
    "rotation": [
      [
        0.998309135,
        0.05699003,
        0.0114442678
      ],
      [
        -0.010887567,
        -0.0100693339,
        0.99989
      ],
      [
        0.057099,
        -0.9983239,
        -0.009431825
      ]
    ],
    "translation": [
      1.31214142,
      0.712444544,
      -0.3585507
    ]
  },
  {
    "timeStamp": 13506,
    "rotation": [
      [
        0.9984434,
        0.04603545,
        0.0314882323
      ],
      [
        -0.0305879787,
        -0.0201312043,
        0.9993293
      ],
      [
        0.0466384739,
        -0.998737,
        -0.0186917372
      ]
    ],
    "translation": [
      1.31458318,
      0.7238406,
      -0.357522845
    ]
  },
  {
    "timeStamp": 13550,
    "rotation": [
      [
        0.9972942,
        0.0359375067,
        0.0641305447
      ],
      [
        -0.063145,
        -0.0279198661,
        0.9976137
      ],
      [
        0.03764228,
        -0.998963952,
        -0.0255750474
      ]
    ],
    "translation": [
      1.31710052,
      0.740887344,
      -0.3589706
    ]
  },
  {
    "timeStamp": 13606,
    "rotation": [
      [
        0.992140651,
        0.0359579436,
        0.119850047
      ],
      [
        -0.1183018,
        -0.0424787253,
        0.992068648
      ],
      [
        0.0407638364,
        -0.9984501,
        -0.03789098
      ]
    ],
    "translation": [
      1.320405,
      0.770704269,
      -0.364215136
    ]
  },
  {
    "timeStamp": 13654,
    "rotation": [
      [
        0.9844524,
        0.0289116688,
        0.173255637
      ],
      [
        -0.1713602,
        -0.0586134121,
        0.983463347
      ],
      [
        0.03858867,
        -0.997862,
        -0.05274781
      ]
    ],
    "translation": [
      1.32669282,
      0.8005243,
      -0.369069338
    ]
  },
  {
    "timeStamp": 13704,
    "rotation": [
      [
        0.9700215,
        0.0132207572,
        0.242659226
      ],
      [
        -0.241060063,
        -0.07418508,
        0.967670739
      ],
      [
        0.030795021,
        -0.9971568,
        -0.06877413
      ]
    ],
    "translation": [
      1.34104764,
      0.843401968,
      -0.380470037
    ]
  },
  {
    "timeStamp": 13749,
    "rotation": [
      [
        0.9546956,
        -0.004636881,
        0.297547966
      ],
      [
        -0.29681462,
        -0.08669497,
        0.950991631
      ],
      [
        0.0213862713,
        -0.9962241,
        -0.0841436
      ]
    ],
    "translation": [
      1.357465,
      0.878154039,
      -0.3918336
    ]
  },
  {
    "timeStamp": 13804,
    "rotation": [
      [
        0.9306212,
        -0.044881843,
        0.3632213
      ],
      [
        -0.3658454,
        -0.08680085,
        0.926619
      ],
      [
        -0.0100604584,
        -0.9952141,
        -0.09719854
      ]
    ],
    "translation": [
      1.38667142,
      0.9230255,
      -0.409507155
    ]
  },
  {
    "timeStamp": 13849,
    "rotation": [
      [
        0.911582232,
        -0.07474602,
        0.404265761
      ],
      [
        -0.410355717,
        -0.105586767,
        0.905792236
      ],
      [
        -0.0250192359,
        -0.991596937,
        -0.126923472
      ]
    ],
    "translation": [
      1.41620874,
      0.9586615,
      -0.4251291
    ]
  },
  {
    "timeStamp": 13904,
    "rotation": [
      [
        0.886475444,
        -0.126024842,
        0.4452852
      ],
      [
        -0.458392859,
        -0.107012443,
        0.882283568
      ],
      [
        -0.06353859,
        -0.9862383,
        -0.1526328
      ]
    ],
    "translation": [
      1.46124709,
      0.998133659,
      -0.446552545
    ]
  },
  {
    "timeStamp": 13948,
    "rotation": [
      [
        0.8670312,
        -0.1850486,
        0.4626164
      ],
      [
        -0.486361653,
        -0.112680808,
        0.866461456
      ],
      [
        -0.108209491,
        -0.976247966,
        -0.18769832
      ]
    ],
    "translation": [
      1.504468,
      1.02508163,
      -0.463274539
    ]
  },
  {
    "timeStamp": 14004,
    "rotation": [
      [
        0.8559181,
        -0.242136762,
        0.456917942
      ],
      [
        -0.4947442,
        -0.126386732,
        0.859799147
      ],
      [
        -0.150440618,
        -0.961975157,
        -0.227972448
      ]
    ],
    "translation": [
      1.56381691,
      1.04936922,
      -0.4873229
    ]
  },
  {
    "timeStamp": 14049,
    "rotation": [
      [
        0.839105,
        -0.3074628,
        0.448741972
      ],
      [
        -0.503249347,
        -0.1256131,
        0.8549628
      ],
      [
        -0.206501409,
        -0.9432327,
        -0.260133028
      ]
    ],
    "translation": [
      1.61487412,
      1.06401134,
      -0.5060619
    ]
  },
  {
    "timeStamp": 14105,
    "rotation": [
      [
        0.8339582,
        -0.369174033,
        0.410151452
      ],
      [
        -0.48480168,
        -0.135119766,
        0.8641238
      ],
      [
        -0.2635925,
        -0.9194853,
        -0.291660428
      ]
    ],
    "translation": [
      1.68245351,
      1.07247972,
      -0.5330484
    ]
  },
  {
    "timeStamp": 14150,
    "rotation": [
      [
        0.8295803,
        -0.420558572,
        0.367324084
      ],
      [
        -0.46134606,
        -0.1456315,
        0.8751864
      ],
      [
        -0.314573169,
        -0.895500958,
        -0.314836085
      ]
    ],
    "translation": [
      1.73718,
      1.07416391,
      -0.5544485
    ]
  },
  {
    "timeStamp": 14205,
    "rotation": [
      [
        0.818174362,
        -0.482313752,
        0.312992156
      ],
      [
        -0.426798642,
        -0.144696057,
        0.8926959
      ],
      [
        -0.385270774,
        -0.8639655,
        -0.324237466
      ]
    ],
    "translation": [
      1.80659628,
      1.06930506,
      -0.5831474
    ]
  },
  {
    "timeStamp": 14250,
    "rotation": [
      [
        0.7977711,
        -0.5367056,
        0.274787962
      ],
      [
        -0.4047962,
        -0.138968974,
        0.903785169
      ],
      [
        -0.446879536,
        -0.8322468,
        -0.3281218
      ]
    ],
    "translation": [
      1.86005878,
      1.06361032,
      -0.6051569
    ]
  },
  {
    "timeStamp": 14305,
    "rotation": [
      [
        0.771821558,
        -0.595126569,
        0.223865509
      ],
      [
        -0.370218933,
        -0.1343775,
        0.9191739
      ],
      [
        -0.5169423,
        -0.79231745,
        -0.3240426
      ]
    ],
    "translation": [
      1.92431259,
      1.05276358,
      -0.630938947
    ]
  },
  {
    "timeStamp": 14350,
    "rotation": [
      [
        0.7527208,
        -0.631908059,
        0.184671685
      ],
      [
        -0.3457956,
        -0.140796021,
        0.9276863
      ],
      [
        -0.56021136,
        -0.7621474,
        -0.3244911
      ]
    ],
    "translation": [
      1.97143149,
      1.04508388,
      -0.647810757
    ]
  },
  {
    "timeStamp": 14405,
    "rotation": [
      [
        0.730233,
        -0.6680644,
        0.14300245
      ],
      [
        -0.32319,
        -0.153376147,
        0.9338222
      ],
      [
        -0.6019202,
        -0.7281248,
        -0.327912062
      ]
    ],
    "translation": [
      2.02247739,
      1.03760588,
      -0.6631007
    ]
  },
  {
    "timeStamp": 14450,
    "rotation": [
      [
        0.7249129,
        -0.6773388,
        0.125353023
      ],
      [
        -0.31411466,
        -0.163089126,
        0.9352721
      ],
      [
        -0.613052368,
        -0.71736604,
        -0.330987453
      ]
    ],
    "translation": [
      2.05279016,
      1.03087687,
      -0.6696067
    ]
  },
  {
    "timeStamp": 14505,
    "rotation": [
      [
        0.717901349,
        -0.685275555,
        0.1225361
      ],
      [
        -0.307881832,
        -0.154676288,
        0.9387673
      ],
      [
        -0.624360859,
        -0.711668968,
        -0.3220262
      ]
    ],
    "translation": [
      2.08405161,
      1.01567256,
      -0.6719744
    ]
  },
  {
    "timeStamp": 14553,
    "rotation": [
      [
        0.7283533,
        -0.675667942,
        0.113904595
      ],
      [
        -0.288134873,
        -0.151196,
        0.945578158
      ],
      [
        -0.6216749,
        -0.721534848,
        -0.3048076
      ]
    ],
    "translation": [
      2.10343432,
      0.996875644,
      -0.668892443
    ]
  },
  {
    "timeStamp": 14600,
    "rotation": [
      [
        0.768473148,
        -0.633236647,
        0.09198005
      ],
      [
        -0.251871765,
        -0.167205572,
        0.953206658
      ],
      [
        -0.588225842,
        -0.755680859,
        -0.287987441
      ]
    ],
    "translation": [
      2.11979413,
      0.971312761,
      -0.6617278
    ]
  },
  {
    "timeStamp": 14656,
    "rotation": [
      [
        0.7935889,
        -0.593807459,
        0.132700175
      ],
      [
        -0.256826073,
        -0.129193842,
        0.9577835
      ],
      [
        -0.551595,
        -0.7941672,
        -0.255032033
      ]
    ],
    "translation": [
      2.12648964,
      0.9447831,
      -0.651824355
    ]
  },
  {
    "timeStamp": 14700,
    "rotation": [
      [
        0.8426902,
        -0.523820758,
        0.124438643
      ],
      [
        -0.225990459,
        -0.134357288,
        0.9648194
      ],
      [
        -0.48867318,
        -0.8411658,
        -0.231600076
      ]
    ],
    "translation": [
      2.12824869,
      0.923928738,
      -0.645067632
    ]
  },
  {
    "timeStamp": 14755,
    "rotation": [
      [
        0.9033567,
        -0.416255653,
        0.103333972
      ],
      [
        -0.1773596,
        -0.1431944,
        0.9736729
      ],
      [
        -0.3905,
        -0.897901237,
        -0.203182563
      ]
    ],
    "translation": [
      2.12896442,
      0.8973253,
      -0.636159
    ]
  },
  {
    "timeStamp": 14801,
    "rotation": [
      [
        0.9330558,
        -0.338828474,
        0.120838873
      ],
      [
        -0.167983413,
        -0.113350175,
        0.9792514
      ],
      [
        -0.318101138,
        -0.9339952,
        -0.162679613
      ]
    ],
    "translation": [
      2.12553239,
      0.878176451,
      -0.6312912
    ]
  },
  {
    "timeStamp": 14855,
    "rotation": [
      [
        0.964452863,
        -0.2496548,
        0.08662059
      ],
      [
        -0.1159976,
        -0.105443783,
        0.9876367
      ],
      [
        -0.237434655,
        -0.9625768,
        -0.130654931
      ]
    ],
    "translation": [
      2.12799668,
      0.854972243,
      -0.6231026
    ]
  },
  {
    "timeStamp": 14900,
    "rotation": [
      [
        0.9662363,
        -0.232352272,
        0.111354731
      ],
      [
        -0.1287587,
        -0.06108488,
        0.9897928
      ],
      [
        -0.223178521,
        -0.970711648,
        -0.0889398
      ]
    ],
    "translation": [
      2.126949,
      0.842652261,
      -0.616021454
    ]
  },
  {
    "timeStamp": 14956,
    "rotation": [
      [
        0.977670431,
        -0.179578975,
        0.109141678
      ],
      [
        -0.11878027,
        -0.0437935442,
        0.9919543
      ],
      [
        -0.173354447,
        -0.9827683,
        -0.064146094
      ]
    ],
    "translation": [
      2.123521,
      0.8303007,
      -0.608802259
    ]
  },
  {
    "timeStamp": 15001,
    "rotation": [
      [
        0.980789661,
        -0.157551944,
        0.115017146
      ],
      [
        -0.122305408,
        -0.03734032,
        0.9917898
      ],
      [
        -0.151963621,
        -0.9868045,
        -0.0558924526
      ]
    ],
    "translation": [
      2.11770868,
      0.824441135,
      -0.6019048
    ]
  },
  {
    "timeStamp": 15058,
    "rotation": [
      [
        0.983717442,
        -0.130130023,
        0.123960316
      ],
      [
        -0.127424717,
        -0.0186101478,
        0.991673648
      ],
      [
        -0.126739591,
        -0.9913223,
        -0.03488891
      ]
    ],
    "translation": [
      2.10888243,
      0.810767531,
      -0.598993838
    ]
  },
  {
    "timeStamp": 15103,
    "rotation": [
      [
        0.9868393,
        -0.103872232,
        0.1239304
      ],
      [
        -0.125248492,
        -0.006239052,
        0.9921058
      ],
      [
        -0.102279037,
        -0.99457103,
        -0.0191667825
      ]
    ],
    "translation": [
      2.10344386,
      0.8043536,
      -0.597293258
    ]
  },
  {
    "timeStamp": 15149,
    "rotation": [
      [
        0.9904603,
        -0.08083292,
        0.111599542
      ],
      [
        -0.112056494,
        -0.00112463452,
        0.9937012
      ],
      [
        -0.0801982656,
        -0.996727,
        -0.01017176
      ]
    ],
    "translation": [
      2.10059214,
      0.7976445,
      -0.595303059
    ]
  },
  {
    "timeStamp": 15205,
    "rotation": [
      [
        0.99248445,
        -0.0579496138,
        0.107779905
      ],
      [
        -0.10713771,
        0.0140859494,
        0.9941444
      ],
      [
        -0.05912847,
        -0.998220146,
        0.007771496
      ]
    ],
    "translation": [
      2.09740257,
      0.7912955,
      -0.59452796
    ]
  },
  {
    "timeStamp": 15250,
    "rotation": [
      [
        0.9951984,
        -0.0342192352,
        0.09170103
      ],
      [
        -0.09180191,
        -0.00138543767,
        0.9957763
      ],
      [
        -0.0339476541,
        -0.999413431,
        -0.00452017644
      ]
    ],
    "translation": [
      2.096313,
      0.787520468,
      -0.5917413
    ]
  },
  {
    "timeStamp": 15305,
    "rotation": [
      [
        0.995532155,
        -0.02693792,
        0.09049921
      ],
      [
        -0.09065853,
        -0.00475036027,
        0.9958707
      ],
      [
        -0.0263967812,
        -0.999625862,
        -0.0071712886
      ]
    ],
    "translation": [
      2.0944953,
      0.7851822,
      -0.5875062
    ]
  },
  {
    "timeStamp": 15349,
    "rotation": [
      [
        0.9966211,
        -0.01590723,
        0.080581516
      ],
      [
        -0.08065814,
        -0.004234378,
        0.996732831
      ],
      [
        -0.015514046,
        -0.999864459,
        -0.005503118
      ]
    ],
    "translation": [
      2.09393644,
      0.7832747,
      -0.585732758
    ]
  },
  {
    "timeStamp": 15405,
    "rotation": [
      [
        0.997225,
        -0.007231162,
        0.07409469
      ],
      [
        -0.07412565,
        -0.004111149,
        0.9972404
      ],
      [
        -0.00690659136,
        -0.9999654,
        -0.004635755
      ]
    ],
    "translation": [
      2.09278655,
      0.781512439,
      -0.583339453
    ]
  },
  {
    "timeStamp": 15449,
    "rotation": [
      [
        0.9975303,
        0.0135425432,
        0.06891911
      ],
      [
        -0.06879144,
        -0.00967725,
        0.9975841
      ],
      [
        0.0141767794,
        -0.9998614,
        -0.008721739
      ]
    ],
    "translation": [
      2.09051156,
      0.780633,
      -0.582498133
    ]
  },
  {
    "timeStamp": 15505,
    "rotation": [
      [
        0.997962534,
        0.0255607925,
        0.0584587045
      ],
      [
        -0.0580753833,
        -0.0154905422,
        0.998192
      ],
      [
        0.0264201369,
        -0.999553263,
        -0.0139745278
      ]
    ],
    "translation": [
      2.08912539,
      0.7783613,
      -0.5803613
    ]
  },
  {
    "timeStamp": 15549,
    "rotation": [
      [
        0.99819994,
        0.0332137272,
        0.04993751
      ],
      [
        -0.04947654,
        -0.014559323,
        0.998669147
      ],
      [
        0.03389659,
        -0.999342263,
        -0.0128898136
      ]
    ],
    "translation": [
      2.088709,
      0.776428,
      -0.5797179
    ]
  },
  {
    "timeStamp": 15605,
    "rotation": [
      [
        0.9981118,
        0.0449780263,
        0.0418316573
      ],
      [
        -0.04146211,
        -0.009118411,
        0.9990985
      ],
      [
        0.0453189127,
        -0.998946369,
        -0.00723631
      ]
    ],
    "translation": [
      2.08803248,
      0.7735033,
      -0.580099165
    ]
  },
  {
    "timeStamp": 15649,
    "rotation": [
      [
        0.9978391,
        0.0569676757,
        0.03273885
      ],
      [
        -0.0321565978,
        -0.0111078005,
        0.9994211
      ],
      [
        0.0572983548,
        -0.9983142,
        -0.009251911
      ]
    ],
    "translation": [
      2.08785868,
      0.771200657,
      -0.5803061
    ]
  },
  {
    "timeStamp": 15705,
    "rotation": [
      [
        0.9977628,
        0.0588359945,
        0.0317447744
      ],
      [
        -0.03161018,
        -0.00321716745,
        0.9994951
      ],
      [
        0.0589084178,
        -0.998262465,
        -0.00135015359
      ]
    ],
    "translation": [
      2.08785582,
      0.7688686,
      -0.580716
    ]
  },
  {
    "timeStamp": 15749,
    "rotation": [
      [
        0.9972728,
        0.0687283948,
        0.0268972516
      ],
      [
        -0.0268250853,
        -0.001972891,
        0.9996382
      ],
      [
        0.0687565953,
        -0.997633457,
        -0.000123865364
      ]
    ],
    "translation": [
      2.0878396,
      0.767229855,
      -0.5812543
    ]
  },
  {
    "timeStamp": 15805,
    "rotation": [
      [
        0.9972172,
        0.07206528,
        0.0190922134
      ],
      [
        -0.0187208131,
        -0.00582564343,
        0.9998078
      ],
      [
        0.07216265,
        -0.997382939,
        -0.004460311
      ]
    ],
    "translation": [
      2.08840728,
      0.7659596,
      -0.5797834
    ]
  },
  {
    "timeStamp": 15849,
    "rotation": [
      [
        0.9976626,
        0.06660749,
        0.0152559793
      ],
      [
        -0.0141572468,
        -0.0169366244,
        0.999756336
      ],
      [
        0.06684964,
        -0.9976355,
        -0.0159540586
      ]
    ],
    "translation": [
      2.08941746,
      0.76646173,
      -0.576679
    ]
  },
  {
    "timeStamp": 15905,
    "rotation": [
      [
        0.997269,
        0.07205167,
        0.0162244942
      ],
      [
        -0.0148439407,
        -0.019654939,
        0.9996966
      ],
      [
        0.0723487139,
        -0.9972072,
        -0.0185317285
      ]
    ],
    "translation": [
      2.089303,
      0.7669312,
      -0.5753963
    ]
  },
  {
    "timeStamp": 15948,
    "rotation": [
      [
        0.997155,
        0.07500704,
        0.007473119
      ],
      [
        -0.005173901,
        -0.0308010057,
        0.999512136
      ],
      [
        0.0752006248,
        -0.9967072,
        -0.0303252973
      ]
    ],
    "translation": [
      2.0909915,
      0.7672269,
      -0.5734461
    ]
  }
]