[
  {
    "timeStamp": 88027,
    "rotation": [
      [
        -0.05640452,
        0.366592854,
        0.9286701
      ],
      [
        -0.51297307,
        0.787349939,
        -0.341963053
      ],
      [
        -0.856549561,
        -0.495671,
        0.143642172
      ]
    ],
    "translation": [
      1.1527456,
      0.7253585,
      -0.6205243
    ]
  },
  {
    "timeStamp": 88071,
    "rotation": [
      [
        -0.08095884,
        0.4077829,
        0.9094827
      ],
      [
        -0.519773543,
        0.7613083,
        -0.3876146
      ],
      [
        -0.850459337,
        -0.5041059,
        0.150320143
      ]
    ],
    "translation": [
      1.15004611,
      0.731290936,
      -0.61948663
    ]
  },
  {
    "timeStamp": 88126,
    "rotation": [
      [
        -0.110038944,
        0.405958056,
        0.9072428
      ],
      [
        -0.5058049,
        0.762880147,
        -0.402709842
      ],
      [
        -0.855600834,
        -0.5032016,
        0.121389054
      ]
    ],
    "translation": [
      1.15325415,
      0.7370117,
      -0.6166382
    ]
  },
  {
    "timeStamp": 88171,
    "rotation": [
      [
        -0.152065352,
        0.4006239,
        0.9035356
      ],
      [
        -0.488046527,
        0.7645068,
        -0.421117485
      ],
      [
        -0.8594689,
        -0.505004764,
        0.07926809
      ]
    ],
    "translation": [
      1.159665,
      0.74482,
      -0.6139027
    ]
  },
  {
    "timeStamp": 88227,
    "rotation": [
      [
        -0.229134962,
        0.412281543,
        0.881771564
      ],
      [
        -0.470216125,
        0.7462845,
        -0.471122324
      ],
      [
        -0.8522875,
        -0.5225738,
        0.0228615757
      ]
    ],
    "translation": [
      1.170944,
      0.7672025,
      -0.60793215
    ]
  },
  {
    "timeStamp": 88271,
    "rotation": [
      [
        -0.301723421,
        0.4295665,
        0.8511378
      ],
      [
        -0.444928467,
        0.726124048,
        -0.524197042
      ],
      [
        -0.8432091,
        -0.536857963,
        -0.0279622786
      ]
    ],
    "translation": [
      1.18575668,
      0.7928254,
      -0.604133844
    ]
  },
  {
    "timeStamp": 88327,
    "rotation": [
      [
        -0.387123555,
        0.4412192,
        0.8096054
      ],
      [
        -0.411007762,
        0.7034265,
        -0.579882562
      ],
      [
        -0.8253532,
        -0.5572403,
        -0.0909684449
      ]
    ],
    "translation": [
      1.21730649,
      0.8273847,
      -0.6014527
    ]
  },
  {
    "timeStamp": 88371,
    "rotation": [
      [
        -0.466417849,
        0.429442853,
        0.7733261
      ],
      [
        -0.385439038,
        0.688216269,
        -0.6146504
      ],
      [
        -0.7961728,
        -0.584754,
        -0.155472308
      ]
    ],
    "translation": [
      1.25491357,
      0.854424,
      -0.5983624
    ]
  },
  {
    "timeStamp": 88427,
    "rotation": [
      [
        -0.5578656,
        0.395645171,
        0.729555249
      ],
      [
        -0.360171616,
        0.6765468,
        -0.64230895
      ],
      [
        -0.747704744,
        -0.6210872,
        -0.234922051
      ]
    ],
    "translation": [
      1.31485176,
      0.8833875,
      -0.597654045
    ]
  },
  {
    "timeStamp": 88471,
    "rotation": [
      [
        -0.6194188,
        0.33488816,
        0.71004945
      ],
      [
        -0.364761531,
        0.6781287,
        -0.63803643
      ],
      [
        -0.695175767,
        -0.6542105,
        -0.297891349
      ]
    ],
    "translation": [
      1.37476981,
      0.900102556,
      -0.60055697
    ]
  },
  {
    "timeStamp": 88527,
    "rotation": [
      [
        -0.703883648,
        0.248608232,
        0.6653884
      ],
      [
        -0.353575826,
        0.6898209,
        -0.6317684
      ],
      [
        -0.6160616,
        -0.679956734,
        -0.3976518
      ]
    ],
    "translation": [
      1.46059477,
      0.9188473,
      -0.6107947
    ]
  },
  {
    "timeStamp": 88571,
    "rotation": [
      [
        -0.755314767,
        0.154030919,
        0.6370039
      ],
      [
        -0.365075141,
        0.708318949,
        -0.6041559
      ],
      [
        -0.5442607,
        -0.6888822,
        -0.4787709
      ]
    ],
    "translation": [
      1.53527236,
      0.928209245,
      -0.625033
    ]
  },
  {
    "timeStamp": 88627,
    "rotation": [
      [
        -0.794492066,
        0.0209535155,
        0.6069129
      ],
      [
        -0.411792934,
        0.7159429,
        -0.563783944
      ],
      [
        -0.446328223,
        -0.6978443,
        -0.560182452
      ]
    ],
    "translation": [
      1.63300478,
      0.939505637,
      -0.6490142
    ]
  },
  {
    "timeStamp": 88671,
    "rotation": [
      [
        -0.8154002,
        -0.08788114,
        0.572188258
      ],
      [
        -0.4440873,
        0.7290198,
        -0.52088064
      ],
      [
        -0.371360958,
        -0.6788277,
        -0.63346976
      ]
    ],
    "translation": [
      1.71148777,
      0.9468839,
      -0.673571765
    ]
  },
  {
    "timeStamp": 88727,
    "rotation": [
      [
        -0.8197639,
        -0.21089673,
        0.532456338
      ],
      [
        -0.5002555,
        0.7163018,
        -0.486473233
      ],
      [
        -0.278803766,
        -0.665157437,
        -0.692700565
      ]
    ],
    "translation": [
      1.8008033,
      0.9610238,
      -0.7030138
    ]
  },
  {
    "timeStamp": 88771,
    "rotation": [
      [
        -0.829109132,
        -0.287087232,
        0.479748845
      ],
      [
        -0.5204887,
        0.7096529,
        -0.474851876
      ],
      [
        -0.204131231,
        -0.6434079,
        -0.737805367
      ]
    ],
    "translation": [
      1.86468136,
      0.974151134,
      -0.7247014
    ]
  },
  {
    "timeStamp": 88827,
    "rotation": [
      [
        -0.8408485,
        -0.3721507,
        0.393036455
      ],
      [
        -0.5334417,
        0.6928183,
        -0.485224426
      ],
      [
        -0.09172624,
        -0.6176623,
        -0.7810759
      ]
    ],
    "translation": [
      1.938011,
      0.9925772,
      -0.745391965
    ]
  },
  {
    "timeStamp": 88871,
    "rotation": [
      [
        -0.8362028,
        -0.426313072,
        0.3449957
      ],
      [
        -0.547913432,
        0.676461339,
        -0.4921291
      ],
      [
        -0.0235751662,
        -0.6005475,
        -0.7992415
      ]
    ],
    "translation": [
      1.99064481,
      1.00472808,
      -0.7567499
    ]
  },
  {
    "timeStamp": 88927,
    "rotation": [
      [
        -0.828212857,
        -0.480259955,
        0.288814545
      ],
      [
        -0.5578077,
        0.6568144,
        -0.507390857
      ],
      [
        0.0539819747,
        -0.5813306,
        -0.8118748
      ]
    ],
    "translation": [
      2.048359,
      1.01316059,
      -0.763247848
    ]
  },
  {
    "timeStamp": 88971,
    "rotation": [
      [
        -0.8096471,
        -0.5130256,
        0.285090029
      ],
      [
        -0.5831061,
        0.647855341,
        -0.490174234
      ],
      [
        0.06677484,
        -0.5631059,
        -0.823682547
      ]
    ],
    "translation": [
      2.08883834,
      1.00904357,
      -0.7644913
    ]
  },
  {
    "timeStamp": 89022,
    "rotation": [
      [
        -0.7996065,
        -0.53669554,
        0.269420266
      ],
      [
        -0.595385134,
        0.6499337,
        -0.472337484
      ],
      [
        0.07839609,
        -0.538093,
        -0.8392318
      ]
    ],
    "translation": [
      2.123235,
      0.998525262,
      -0.759417057
    ]
  },
  {
    "timeStamp": 89077,
    "rotation": [
      [
        -0.7990338,
        -0.5489645,
        0.245322064
      ],
      [
        -0.5971606,
        0.6767885,
        -0.430530548
      ],
      [
        0.0703148544,
        -0.490505129,
        -0.8685969
      ]
    ],
    "translation": [
      2.162134,
      0.96942693,
      -0.748863041
    ]
  },
  {
    "timeStamp": 89121,
    "rotation": [
      [
        -0.7982871,
        -0.532278836,
        0.281810135
      ],
      [
        -0.6022251,
        0.699299037,
        -0.385104775
      ],
      [
        0.00791355,
        -0.477137327,
        -0.8787931
      ]
    ],
    "translation": [
      2.17630243,
      0.941127,
      -0.740248
    ]
  },
  {
    "timeStamp": 89177,
    "rotation": [
      [
        -0.7627414,
        -0.5559379,
        0.330391616
      ],
      [
        -0.6438236,
        0.700931,
        -0.306898832
      ],
      [
        -0.0609650277,
        -0.446798354,
        -0.892555058
      ]
    ],
    "translation": [
      2.19636917,
      0.904892743,
      -0.7314446
    ]
  },
  {
    "timeStamp": 89221,
    "rotation": [
      [
        -0.764981747,
        -0.546746552,
        0.340398461
      ],
      [
        -0.6346866,
        0.729767561,
        -0.254189551
      ],
      [
        -0.109434493,
        -0.410496682,
        -0.90527153
      ]
    ],
    "translation": [
      2.20766425,
      0.875846446,
      -0.72775
    ]
  },
  {
    "timeStamp": 89277,
    "rotation": [
      [
        -0.72771734,
        -0.549176455,
        0.410892516
      ],
      [
        -0.650420249,
        0.7426799,
        -0.159311235
      ],
      [
        -0.217671648,
        -0.38318637,
        -0.8976565
      ]
    ],
    "translation": [
      2.21531677,
      0.8433896,
      -0.7265428
    ]
  },
  {
    "timeStamp": 89323,
    "rotation": [
      [
        -0.7296341,
        -0.525937557,
        0.437062651
      ],
      [
        -0.615728259,
        0.7833297,
        -0.0852825344
      ],
      [
        -0.297510922,
        -0.3313369,
        -0.895378768
      ]
    ],
    "translation": [
      2.21678782,
      0.820087135,
      -0.731121242
    ]
  },
  {
    "timeStamp": 89377,
    "rotation": [
      [
        -0.721344,
        -0.531169534,
        0.444434255
      ],
      [
        -0.6060616,
        0.794695556,
        -0.03388758
      ],
      [
        -0.335189879,
        -0.293799132,
        -0.8951703
      ]
    ],
    "translation": [
      2.222113,
      0.804547,
      -0.731166363
    ]
  },
  {
    "timeStamp": 89421,
    "rotation": [
      [
        -0.725777268,
        -0.523417056,
        0.44641
      ],
      [
        -0.5851013,
        0.8109601,
        -0.000409677625
      ],
      [
        -0.361806273,
        -0.2614924,
        -0.894828439
      ]
    ],
    "translation": [
      2.22487688,
      0.794789553,
      -0.731887341
    ]
  },
  {
    "timeStamp": 89477,
    "rotation": [
      [
        -0.702375,
        -0.5345616,
        0.470014185
      ],
      [
        -0.586385548,
        0.8088547,
        0.0436585061
      ],
      [
        -0.403511345,
        -0.244944885,
        -0.881578445
      ]
    ],
    "translation": [
      2.23120141,
      0.7859105,
      -0.731783748
    ]
  },
  {
    "timeStamp": 89523,
    "rotation": [
      [
        -0.6516946,
        -0.5525211,
        0.519629359
      ],
      [
        -0.606137156,
        0.7912138,
        0.08110789
      ],
      [
        -0.45595172,
        -0.262109071,
        -0.8505333
      ]
    ],
    "translation": [
      2.23735476,
      0.7806684,
      -0.7296071
    ]
  },
  {
    "timeStamp": 89569,
    "rotation": [
      [
        -0.6222592,
        -0.5723951,
        0.53400135
      ],
      [
        -0.6174039,
        0.7782333,
        0.1147406
      ],
      [
        -0.481254548,
        -0.2582961,
        -0.8376618
      ]
    ],
    "translation": [
      2.2454493,
      0.7772778,
      -0.7284801
    ]
  },
  {
    "timeStamp": 89625,
    "rotation": [
      [
        -0.5401788,
        -0.5879133,
        0.602133632
      ],
      [
        -0.6233135,
        0.760233343,
        0.183099762
      ],
      [
        -0.5654088,
        -0.2764114,
        -0.7771162
      ]
    ],
    "translation": [
      2.251498,
      0.772655547,
      -0.729806066
    ]
  },
  {
    "timeStamp": 89670,
    "rotation": [
      [
        -0.512803137,
        -0.5980894,
        0.6158912
      ],
      [
        -0.5989939,
        0.7631856,
        0.242392287
      ],
      [
        -0.615011632,
        -0.2446156,
        -0.749615848
      ]
    ],
    "translation": [
      2.25695419,
      0.7682373,
      -0.7371249
    ]
  },
  {
    "timeStamp": 89726,
    "rotation": [
      [
        -0.492026925,
        -0.6071987,
        0.623874366
      ],
      [
        -0.578729868,
        0.7634809,
        0.2866506
      ],
      [
        -0.6503701,
        -0.22001493,
        -0.7270572
      ]
    ],
    "translation": [
      2.260602,
      0.768772066,
      -0.742926
    ]
  },
  {
    "timeStamp": 89771,
    "rotation": [
      [
        -0.47227633,
        -0.590548038,
        0.6543761
      ],
      [
        -0.5508035,
        0.7773147,
        0.303969264
      ],
      [
        -0.688164651,
        -0.216875151,
        -0.6923833
      ]
    ],
    "translation": [
      2.25785375,
      0.771331847,
      -0.748532236
    ]
  },
  {
    "timeStamp": 89826,
    "rotation": [
      [
        -0.5102109,
        -0.560802937,
        0.6520621
      ],
      [
        -0.5317615,
        0.8015793,
        0.2733137
      ],
      [
        -0.6759546,
        -0.207293928,
        -0.707187831
      ]
    ],
    "translation": [
      2.25162649,
      0.773369431,
      -0.7493631
    ]
  },
  {
    "timeStamp": 89870,
    "rotation": [
      [
        -0.478215784,
        -0.5447543,
        0.6888776
      ],
      [
        -0.515851,
        0.809045255,
        0.2816797
      ],
      [
        -0.7107794,
        -0.220654547,
        -0.6679103
      ]
    ],
    "translation": [
      2.24743533,
      0.774930239,
      -0.75082314
    ]
  },
  {
    "timeStamp": 89926,
    "rotation": [
      [
        -0.418434918,
        -0.5276317,
        0.739267945
      ],
      [
        -0.512453139,
        0.8091691,
        0.287466824
      ],
      [
        -0.7498694,
        -0.258553982,
        -0.6089711
      ]
    ],
    "translation": [
      2.242828,
      0.778003633,
      -0.750068843
    ]
  },
  {
    "timeStamp": 89970,
    "rotation": [
      [
        -0.246778026,
        -0.5098191,
        0.82412684
      ],
      [
        -0.5188441,
        0.7877795,
        0.331970334
      ],
      [
        -0.818475068,
        -0.3456704,
        -0.45892325
      ]
    ],
    "translation": [
      2.240222,
      0.7794216,
      -0.749723
    ]
  },
  {
    "timeStamp": 90027,
    "rotation": [
      [
        -0.09302645,
        -0.472397625,
        0.8764625
      ],
      [
        -0.5087159,
        0.779258251,
        0.3660119
      ],
      [
        -0.8558938,
        -0.411821663,
        -0.312807828
      ]
    ],
    "translation": [
      2.23646355,
      0.7820003,
      -0.746744335
    ]
  },
  {
    "timeStamp": 90070,
    "rotation": [
      [
        0.160208613,
        -0.4089815,
        0.898369253
      ],
      [
        -0.490116984,
        0.7570465,
        0.43204838
      ],
      [
        -0.8568072,
        -0.5095239,
        -0.0791634
      ]
    ],
    "translation": [
      2.2346158,
      0.781164944,
      -0.746584356
    ]
  },
  {
    "timeStamp": 90126,
    "rotation": [
      [
        0.3916455,
        -0.301445425,
        0.869335651
      ],
      [
        -0.442652375,
        0.766564369,
        0.465228945
      ],
      [
        -0.8066429,
        -0.56701833,
        0.166785926
      ]
    ],
    "translation": [
      2.22809529,
      0.7771686,
      -0.7455896
    ]
  },
  {
    "timeStamp": 90170,
    "rotation": [
      [
        0.600023448,
        -0.2096984,
        0.7720093
      ],
      [
        -0.3923779,
        0.763833642,
        0.5124428
      ],
      [
        -0.697145164,
        -0.61039716,
        0.3760371
      ]
    ],
    "translation": [
      2.22932339,
      0.774584651,
      -0.7425996
    ]
  },
  {
    "timeStamp": 90226,
    "rotation": [
      [
        0.723020732,
        -0.1232202,
        0.6797483
      ],
      [
        -0.351208538,
        0.7817554,
        0.5152777
      ],
      [
        -0.594889462,
        -0.611289859,
        0.5219494
      ]
    ],
    "translation": [
      2.22775,
      0.768982947,
      -0.742808163
    ]
  },
  {
    "timeStamp": 90270,
    "rotation": [
      [
        0.801990747,
        -0.0426196866,
        0.5958141
      ],
      [
        -0.311822623,
        0.820887446,
        0.4784459
      ],
      [
        -0.509487569,
        -0.569497466,
        0.6450543
      ]
    ],
    "translation": [
      2.224117,
      0.7618909,
      -0.7496027
    ]
  },
  {
    "timeStamp": 90326,
    "rotation": [
      [
        0.855901659,
        0.005943777,
        0.5171044
      ],
      [
        -0.285744071,
        0.838861346,
        0.4633162
      ],
      [
        -0.431025028,
        -0.544312656,
        0.719681263
      ]
    ],
    "translation": [
      2.224159,
      0.752128065,
      -0.7530864
    ]
  },
  {
    "timeStamp": 90370,
    "rotation": [
      [
        0.8778774,
        0.033699438,
        0.477698237
      ],
      [
        -0.272548079,
        0.855368137,
        0.44052574
      ],
      [
        -0.39376235,
        -0.5169233,
        0.7600931
      ]
    ],
    "translation": [
      2.22401118,
      0.745077968,
      -0.7557913
    ]
  },
  {
    "timeStamp": 90426,
    "rotation": [
      [
        0.902658939,
        0.0497808866,
        0.427467763
      ],
      [
        -0.248625875,
        0.8710775,
        0.423567265
      ],
      [
        -0.351272,
        -0.488616318,
        0.798662663
      ]
    ],
    "translation": [
      2.22910213,
      0.7371911,
      -0.75887686
    ]
  },
  {
    "timeStamp": 90470,
    "rotation": [
      [
        0.90773,
        0.05172705,
        0.416353881
      ],
      [
        -0.239875987,
        0.8781618,
        0.413873672
      ],
      [
        -0.344217569,
        -0.475558817,
        0.8095419
      ]
    ],
    "translation": [
      2.23141837,
      0.7324,
      -0.7587029
    ]
  },
  {
    "timeStamp": 90526,
    "rotation": [
      [
        0.909340143,
        0.05462525,
        0.4124519
      ],
      [
        -0.244660452,
        0.872030437,
        0.423915356
      ],
      [
        -0.336514115,
        -0.486393929,
        0.806336939
      ]
    ],
    "translation": [
      2.23369813,
      0.72858423,
      -0.7523999
    ]
  },
  {
    "timeStamp": 90570,
    "rotation": [
      [
        0.912934542,
        0.0433463268,
        0.405797452
      ],
      [
        -0.230865061,
        0.8748009,
        0.4259398
      ],
      [
        -0.336529046,
        -0.4825396,
        0.808643162
      ]
    ],
    "translation": [
      2.23830557,
      0.72720176,
      -0.7507963
    ]
  },
  {
    "timeStamp": 90626,
    "rotation": [
      [
        0.8999804,
        0.036338713,
        0.4344132
      ],
      [
        -0.239878848,
        0.8733635,
        0.4239037
      ],
      [
        -0.3639965,
        -0.485711575,
        0.7947269
      ]
    ],
    "translation": [
      2.238474,
      0.7253139,
      -0.7492218
    ]
  },
  {
    "timeStamp": 90670,
    "rotation": [
      [
        0.9074813,
        0.0341700278,
        0.418700427
      ],
      [
        -0.231534436,
        0.872323155,
        0.430632174
      ],
      [
        -0.350527376,
        -0.487734228,
        0.799528539
      ]
    ],
    "translation": [
      2.23843455,
      0.724851251,
      -0.7493801
    ]
  },
  {
    "timeStamp": 90726,
    "rotation": [
      [
        0.901382267,
        0.01947854,
        0.432585835
      ],
      [
        -0.22960189,
        0.8684952,
        0.439316452
      ],
      [
        -0.3671415,
        -0.4953146,
        0.7873185
      ]
    ],
    "translation": [
      2.23908329,
      0.724699259,
      -0.7508723
    ]
  },
  {
    "timeStamp": 90770,
    "rotation": [
      [
        0.9056138,
        0.00153080863,
        0.4241006
      ],
      [
        -0.21271126,
        0.8667595,
        0.45108968
      ],
      [
        -0.366902679,
        -0.498723984,
        0.785275
      ]
    ],
    "translation": [
      2.23776484,
      0.724215865,
      -0.75263375
    ]
  },
  {
    "timeStamp": 90826,
    "rotation": [
      [
        0.899601758,
        0.005978137,
        0.436670244
      ],
      [
        -0.221429124,
        0.868086934,
        0.444290638
      ],
      [
        -0.3764117,
        -0.496376157,
        0.7822563
      ]
    ],
    "translation": [
      2.2351563,
      0.724499941,
      -0.752880335
    ]
  },
  {
    "timeStamp": 90870,
    "rotation": [
      [
        0.8914326,
        -0.00457029138,
        0.453130335
      ],
      [
        -0.230673417,
        0.856122255,
        0.462433219
      ],
      [
        -0.3900484,
        -0.516753137,
        0.762121
      ]
    ],
    "translation": [
      2.23444319,
      0.7244196,
      -0.7534151
    ]
  }
]