[
  {
    "timeStamp": 119224,
    "rotation": [
      [
        0.9993577,
        -0.0322251171,
        -0.0156741943
      ],
      [
        0.0321868137,
        0.9994782,
        -0.00269007031
      ],
      [
        0.0157527048,
        0.00218384014,
        0.9998735
      ]
    ],
    "translation": [
      1.761201,
      0.694822133,
      -0.6105171
    ]
  },
  {
    "timeStamp": 119269,
    "rotation": [
      [
        0.9990596,
        -0.0403564945,
        -0.0158504713
      ],
      [
        0.0405487344,
        0.9991055,
        0.0120000979
      ],
      [
        0.0153520117,
        -0.01263153,
        0.999802351
      ]
    ],
    "translation": [
      1.76123846,
      0.69981426,
      -0.6103655
    ]
  },
  {
    "timeStamp": 119324,
    "rotation": [
      [
        0.9987452,
        -0.03215275,
        -0.0383962
      ],
      [
        0.0390868634,
        0.97977376,
        0.196253672
      ],
      [
        0.0313094929,
        -0.1975082,
        0.9798011
      ]
    ],
    "translation": [
      1.76679027,
      0.7131156,
      -0.588689446
    ]
  },
  {
    "timeStamp": 119368,
    "rotation": [
      [
        0.999692,
        -0.0135656046,
        -0.0207806826
      ],
      [
        0.0181088746,
        0.9713206,
        0.237082928
      ],
      [
        0.0169685315,
        -0.237386227,
        0.9712671
      ]
    ],
    "translation": [
      1.772927,
      0.731756151,
      -0.5828021
    ]
  },
  {
    "timeStamp": 119424,
    "rotation": [
      [
        0.999858141,
        0.0165549759,
        -0.0031094593
      ],
      [
        -0.0149502922,
        0.957218945,
        0.2889782
      ],
      [
        0.00776046,
        -0.288890719,
        0.9573307
      ]
    ],
    "translation": [
      1.782087,
      0.760975957,
      -0.580642939
    ]
  },
  {
    "timeStamp": 119468,
    "rotation": [
      [
        0.9989369,
        0.0364119969,
        -0.02826942
      ],
      [
        -0.0246383734,
        0.9400395,
        0.3401745
      ],
      [
        0.0389608033,
        -0.339116335,
        0.9399373
      ]
    ],
    "translation": [
      1.79122913,
      0.7877352,
      -0.580776632
    ]
  },
  {
    "timeStamp": 119523,
    "rotation": [
      [
        0.9926833,
        0.05320565,
        -0.108392976
      ],
      [
        -0.00473106932,
        0.9141346,
        0.40538305
      ],
      [
        0.120654449,
        -0.401904166,
        0.9076979
      ]
    ],
    "translation": [
      1.80537248,
      0.8213696,
      -0.592293262
    ]
  },
  {
    "timeStamp": 119568,
    "rotation": [
      [
        0.9688118,
        0.0580709726,
        -0.240897119
      ],
      [
        0.06190721,
        0.8846043,
        0.462215036
      ],
      [
        0.2399399,
        -0.462712646,
        0.8534201
      ]
    ],
    "translation": [
      1.81767964,
      0.8481222,
      -0.6067057
    ]
  },
  {
    "timeStamp": 119624,
    "rotation": [
      [
        0.9359768,
        0.111651123,
        -0.333888382
      ],
      [
        0.07482269,
        0.863630056,
        0.498542577
      ],
      [
        0.344018877,
        -0.4916067,
        0.7999837
      ]
    ],
    "translation": [
      1.83219373,
      0.875884533,
      -0.6375923
    ]
  },
  {
    "timeStamp": 119668,
    "rotation": [
      [
        0.8988657,
        0.138002619,
        -0.415927529
      ],
      [
        0.110684574,
        0.8468522,
        0.5201829
      ],
      [
        0.42401576,
        -0.5136113,
        0.7459316
      ]
    ],
    "translation": [
      1.85165477,
      0.8954648,
      -0.666587055
    ]
  },
  {
    "timeStamp": 119723,
    "rotation": [
      [
        0.8350904,
        0.142689884,
        -0.5312849
      ],
      [
        0.195462018,
        0.8257917,
        0.5290204
      ],
      [
        0.514216542,
        -0.545625865,
        0.6617203
      ]
    ],
    "translation": [
      1.88760865,
      0.917571,
      -0.6976128
    ]
  },
  {
    "timeStamp": 119768,
    "rotation": [
      [
        0.7873575,
        0.110952429,
        -0.6064303
      ],
      [
        0.278566748,
        0.813496351,
        0.5105138
      ],
      [
        0.5499715,
        -0.570888162,
        0.6096048
      ]
    ],
    "translation": [
      1.93103886,
      0.933181643,
      -0.71643
    ]
  },
  {
    "timeStamp": 119823,
    "rotation": [
      [
        0.726234734,
        0.09278842,
        -0.68115586
      ],
      [
        0.3473572,
        0.805524945,
        0.480075538
      ],
      [
        0.5932335,
        -0.585252,
        0.5527695
      ]
    ],
    "translation": [
      1.98459923,
      0.95032537,
      -0.7359054
    ]
  },
  {
    "timeStamp": 119868,
    "rotation": [
      [
        0.6683367,
        0.0553135276,
        -0.741799533
      ],
      [
        0.402077883,
        0.8121326,
        0.4228168
      ],
      [
        0.625827,
        -0.5808451,
        0.5205376
      ]
    ],
    "translation": [
      2.03221965,
      0.958199441,
      -0.7465426
    ]
  },
  {
    "timeStamp": 119924,
    "rotation": [
      [
        0.5818559,
        0.0550272949,
        -0.811428249
      ],
      [
        0.4294112,
        0.826517463,
        0.3639711
      ],
      [
        0.690687954,
        -0.5602151,
        0.4572847
      ]
    ],
    "translation": [
      2.080687,
      0.962092161,
      -0.7564624
    ]
  },
  {
    "timeStamp": 119975,
    "rotation": [
      [
        0.465687156,
        0.0390972123,
        -0.884085357
      ],
      [
        0.451091439,
        0.849002838,
        0.275155723
      ],
      [
        0.7613488,
        -0.5269398,
        0.37773332
      ]
    ],
    "translation": [
      2.11579037,
      0.9561315,
      -0.761156559
    ]
  },
  {
    "timeStamp": 120018,
    "rotation": [
      [
        0.337252945,
        0.047497727,
        -0.940215051
      ],
      [
        0.45026353,
        0.8689483,
        0.205405951
      ],
      [
        0.82675457,
        -0.492618322,
        0.271668881
      ]
    ],
    "translation": [
      2.14877415,
      0.945660651,
      -0.76172775
    ]
  },
  {
    "timeStamp": 120078,
    "rotation": [
      [
        0.231124982,
        0.06050473,
        -0.9710409
      ],
      [
        0.42128548,
        0.8934208,
        0.15594171
      ],
      [
        0.8769834,
        -0.445127457,
        0.1810021
      ]
    ],
    "translation": [
      2.17294359,
      0.9267644,
      -0.759768665
    ]
  },
  {
    "timeStamp": 120118,
    "rotation": [
      [
        0.163588315,
        0.07977998,
        -0.983297467
      ],
      [
        0.36698,
        0.9202748,
        0.135720015
      ],
      [
        0.915731668,
        -0.3830527,
        0.121268548
      ]
    ],
    "translation": [
      2.182717,
      0.9077476,
      -0.7613499
    ]
  },
  {
    "timeStamp": 120174,
    "rotation": [
      [
        0.0798488557,
        0.11249847,
        -0.9904384
      ],
      [
        0.326188475,
        0.935957432,
        0.13260749
      ],
      [
        0.94192636,
        -0.333658159,
        0.0380394273
      ]
    ],
    "translation": [
      2.1834476,
      0.889422536,
      -0.761505
    ]
  },
  {
    "timeStamp": 120218,
    "rotation": [
      [
        0.0531781279,
        0.136965379,
        -0.9891474
      ],
      [
        0.27417165,
        0.9504795,
        0.14635101
      ],
      [
        0.96020937,
        -0.278978854,
        0.012992695
      ]
    ],
    "translation": [
      2.17729878,
      0.87966007,
      -0.7639486
    ]
  },
  {
    "timeStamp": 120274,
    "rotation": [
      [
        0.01435258,
        0.153292209,
        -0.988076746
      ],
      [
        0.227361754,
        0.961792767,
        0.152517051
      ],
      [
        0.973704636,
        -0.226839855,
        -0.0210485738
      ]
    ],
    "translation": [
      2.17064476,
      0.8677107,
      -0.7683073
    ]
  },
  {
    "timeStamp": 120318,
    "rotation": [
      [
        -0.02073402,
        0.15115656,
        -0.988292336
      ],
      [
        0.1930348,
        0.9705101,
        0.144387022
      ],
      [
        0.9809728,
        -0.18778111,
        -0.0493010543
      ]
    ],
    "translation": [
      2.169189,
      0.85727334,
      -0.7753811
    ]
  },
  {
    "timeStamp": 120374,
    "rotation": [
      [
        -0.02169092,
        0.156993508,
        -0.9873614
      ],
      [
        0.1666168,
        0.97435,
        0.151264325
      ],
      [
        0.9857831,
        -0.161229938,
        -0.0472923033
      ]
    ],
    "translation": [
      2.16800952,
      0.847005367,
      -0.779470265
    ]
  },
  {
    "timeStamp": 120418,
    "rotation": [
      [
        -0.011089474,
        0.158281058,
        -0.9873318
      ],
      [
        0.15587987,
        0.9755948,
        0.154648662
      ],
      [
        0.9877138,
        -0.152190179,
        -0.03549166
      ]
    ],
    "translation": [
      2.16900229,
      0.8419272,
      -0.780397832
    ]
  },
  {
    "timeStamp": 120476,
    "rotation": [
      [
        -0.00216406048,
        0.153752759,
        -0.988107
      ],
      [
        0.152334526,
        0.9766277,
        0.1516329
      ],
      [
        0.988326669,
        -0.150194675,
        -0.0255353358
      ]
    ],
    "translation": [
      2.17011452,
      0.8376281,
      -0.7806823
    ]
  },
  {
    "timeStamp": 120521,
    "rotation": [
      [
        0.0133156357,
        0.13960132,
        -0.990118265
      ],
      [
        0.147168428,
        0.979148567,
        0.140033856
      ],
      [
        0.989021838,
        -0.147578791,
        -0.007506922
      ]
    ],
    "translation": [
      2.17188358,
      0.8353667,
      -0.7796806
    ]
  },
  {
    "timeStamp": 120579,
    "rotation": [
      [
        0.0189681258,
        0.131071433,
        -0.991191447
      ],
      [
        0.13363944,
        0.9821417,
        0.132432148
      ],
      [
        0.9908485,
        -0.134974256,
        0.00111307215
      ]
    ],
    "translation": [
      2.173562,
      0.833158,
      -0.782134354
    ]
  }
]