[
  {
    "timeStamp": 5209,
    "rotation": [
      [
        0.00146568939,
        0.999998868,
        -0.000195754837
      ],
      [
        0.009745196,
        0.0001814623,
        0.9999525
      ],
      [
        0.9999514,
        -0.00146752759,
        -0.00974492
      ]
    ],
    "translation": [
      1.76996648,
      0.7049693,
      -0.4899987
    ]
  },
  {
    "timeStamp": 5251,
    "rotation": [
      [
        0.01948851,
        0.9996566,
        0.0175162684
      ],
      [
        -0.00118782173,
        -0.0174964331,
        0.9998462
      ],
      [
        0.9998093,
        -0.01950632,
        0.000846434443
      ]
    ],
    "translation": [
      1.76686335,
      0.7063702,
      -0.490253776
    ]
  },
  {
    "timeStamp": 5306,
    "rotation": [
      [
        0.0370143726,
        0.998176455,
        0.04768255
      ],
      [
        0.003075847,
        -0.04782882,
        0.9988508
      ],
      [
        0.999309957,
        -0.0368251726,
        -0.004840592
      ]
    ],
    "translation": [
      1.760878,
      0.71536237,
      -0.489201218
    ]
  },
  {
    "timeStamp": 5351,
    "rotation": [
      [
        0.06042822,
        0.9952885,
        0.07582412
      ],
      [
        0.0124716805,
        -0.07670985,
        0.9969755
      ],
      [
        0.9980946,
        -0.059299808,
        -0.0170483589
      ]
    ],
    "translation": [
      1.75625324,
      0.7304424,
      -0.486817151
    ]
  },
  {
    "timeStamp": 5406,
    "rotation": [
      [
        0.09504823,
        0.988819242,
        0.1149015
      ],
      [
        0.04120248,
        -0.119232886,
        0.992011
      ],
      [
        0.9946196,
        -0.0895546451,
        -0.052074682
      ]
    ],
    "translation": [
      1.753855,
      0.7590121,
      -0.482402861
    ]
  },
  {
    "timeStamp": 5451,
    "rotation": [
      [
        0.169118315,
        0.9735556,
        0.153585449
      ],
      [
        0.09166475,
        -0.170691252,
        0.9810515
      ],
      [
        0.9813239,
        -0.1518354,
        -0.118107744
      ]
    ],
    "translation": [
      1.75329781,
      0.7926818,
      -0.4688981
    ]
  },
  {
    "timeStamp": 5506,
    "rotation": [
      [
        0.2982203,
        0.9192126,
        0.257124275
      ],
      [
        0.0999798849,
        -0.297982752,
        0.949321
      ],
      [
        0.949246347,
        -0.257399529,
        -0.180767283
      ]
    ],
    "translation": [
      1.75246143,
      0.853466332,
      -0.4553184
    ]
  },
  {
    "timeStamp": 5551,
    "rotation": [
      [
        0.427307636,
        0.8486684,
        0.3117213
      ],
      [
        0.109038018,
        -0.390641868,
        0.914062142
      ],
      [
        0.8975071,
        -0.356596261,
        -0.259461373
      ]
    ],
    "translation": [
      1.76312256,
      0.9076527,
      -0.441556245
    ]
  },
  {
    "timeStamp": 5606,
    "rotation": [
      [
        0.5713357,
        0.748659551,
        0.336280376
      ],
      [
        0.126663283,
        -0.485265,
        0.865144134
      ],
      [
        0.810883462,
        -0.451693356,
        -0.3720769
      ]
    ],
    "translation": [
      1.79863513,
      0.9689834,
      -0.4284426
    ]
  },
  {
    "timeStamp": 5650,
    "rotation": [
      [
        0.676317155,
        0.6476717,
        0.35087952
      ],
      [
        0.101452529,
        -0.553705335,
        0.826509356
      ],
      [
        0.7295906,
        -0.5233848,
        -0.440188378
      ]
    ],
    "translation": [
      1.83197856,
      1.01368856,
      -0.427313715
    ]
  },
  {
    "timeStamp": 5705,
    "rotation": [
      [
        0.794605851,
        0.54050833,
        0.276499838
      ],
      [
        0.108738646,
        -0.5747616,
        0.8110641
      ],
      [
        0.5973084,
        -0.6144101,
        -0.515483141
      ]
    ],
    "translation": [
      1.898673,
      1.04598475,
      -0.42705214
    ]
  },
  {
    "timeStamp": 5750,
    "rotation": [
      [
        0.862612367,
        0.4656188,
        0.19773443
      ],
      [
        0.116278321,
        -0.5629222,
        0.818289638
      ],
      [
        0.49232015,
        -0.68287456,
        -0.539725065
      ]
    ],
    "translation": [
      1.95786881,
      1.0544976,
      -0.436783
    ]
  },
  {
    "timeStamp": 5805,
    "rotation": [
      [
        0.9170181,
        0.370437235,
        0.14783147
      ],
      [
        0.08035511,
        -0.5346398,
        0.8412511
      ],
      [
        0.3906673,
        -0.759563446,
        -0.52004087
      ]
    ],
    "translation": [
      2.01951456,
      1.05478334,
      -0.462433845
    ]
  },
  {
    "timeStamp": 5850,
    "rotation": [
      [
        0.9517084,
        0.3010926,
        0.0599537119
      ],
      [
        0.09649689,
        -0.478769,
        0.8726217
      ],
      [
        0.2914439,
        -0.824696064,
        -0.484702975
      ]
    ],
    "translation": [
      2.07314277,
      1.04270458,
      -0.487053454
    ]
  },
  {
    "timeStamp": 5905,
    "rotation": [
      [
        0.9713868,
        0.23637259,
        -0.023143325
      ],
      [
        0.115485094,
        -0.384937227,
        0.9156891
      ],
      [
        0.207535073,
        -0.892161,
        -0.401220441
      ]
    ],
    "translation": [
      2.13125157,
      1.01324427,
      -0.5265126
    ]
  },
  {
    "timeStamp": 5960,
    "rotation": [
      [
        0.987831354,
        0.154743284,
        -0.0156087019
      ],
      [
        0.06327835,
        -0.308202982,
        0.949213743
      ],
      [
        0.14207381,
        -0.938650846,
        -0.3142445
      ]
    ],
    "translation": [
      2.15544486,
      0.9798819,
      -0.5631702
    ]
  },
  {
    "timeStamp": 6001,
    "rotation": [
      [
        0.9960447,
        0.08884517,
        -0.00121623743
      ],
      [
        0.0208460689,
        -0.220355764,
        0.9751968
      ],
      [
        0.08637352,
        -0.971365,
        -0.221336275
      ]
    ],
    "translation": [
      2.17094922,
      0.9422892,
      -0.596281052
    ]
  },
  {
    "timeStamp": 6056,
    "rotation": [
      [
        0.997907639,
        0.06395286,
        -0.009502545
      ],
      [
        0.0198778,
        -0.163614571,
        0.9863241
      ],
      [
        0.0615234934,
        -0.9844492,
        -0.16454348
      ]
    ],
    "translation": [
      2.1823566,
      0.90844667,
      -0.6164084
    ]
  },
  {
    "timeStamp": 6101,
    "rotation": [
      [
        0.9992878,
        0.0347847827,
        -0.0146237863
      ],
      [
        0.01925484,
        -0.136769578,
        0.990415752
      ],
      [
        0.032451313,
        -0.989991963,
        -0.137341961
      ]
    ],
    "translation": [
      2.18896866,
      0.885090351,
      -0.623224735
    ]
  },
  {
    "timeStamp": 6156,
    "rotation": [
      [
        0.9998384,
        0.0123110227,
        -0.0130957728
      ],
      [
        0.0138041722,
        -0.0593365729,
        0.9981426
      ],
      [
        0.0115111051,
        -0.9981621,
        -0.059496928
      ]
    ],
    "translation": [
      2.19432,
      0.8541342,
      -0.6379272
    ]
  },
  {
    "timeStamp": 6201,
    "rotation": [
      [
        0.9997646,
        -0.01893554,
        0.0105898753
      ],
      [
        -0.0115997959,
        -0.0540455356,
        0.9984711
      ],
      [
        -0.018334249,
        -0.9983589,
        -0.0542524643
      ]
    ],
    "translation": [
      2.19246554,
      0.8386829,
      -0.6366061
    ]
  },
  {
    "timeStamp": 6256,
    "rotation": [
      [
        0.999385953,
        -0.017082734,
        -0.0305938851
      ],
      [
        0.03057849,
        -0.00116171455,
        0.9995317
      ],
      [
        -0.0171102751,
        -0.999853432,
        -0.0006386369
      ]
    ],
    "translation": [
      2.20568562,
      0.815348,
      -0.6449802
    ]
  },
  {
    "timeStamp": 6301,
    "rotation": [
      [
        0.999477,
        -0.0302247237,
        -0.0114949746
      ],
      [
        0.0113172131,
        -0.00604582,
        0.9999177
      ],
      [
        -0.0302917287,
        -0.999524832,
        -0.0057005994
      ]
    ],
    "translation": [
      2.2049284,
      0.8048692,
      -0.641066551
    ]
  },
  {
    "timeStamp": 6356,
    "rotation": [
      [
        0.9992365,
        -0.0256720018,
        -0.0294498932
      ],
      [
        0.0296907183,
        0.009050544,
        0.999518156
      ],
      [
        -0.025393093,
        -0.999629438,
        0.009805854
      ]
    ],
    "translation": [
      2.21075869,
      0.7939887,
      -0.638526261
    ]
  },
  {
    "timeStamp": 6402,
    "rotation": [
      [
        0.999174535,
        -0.0382898152,
        -0.0135670425
      ],
      [
        0.0134546775,
        -0.0031907768,
        0.9999044
      ],
      [
        -0.0383294448,
        -0.999261558,
        -0.00267296587
      ]
    ],
    "translation": [
      2.20934558,
      0.7905162,
      -0.6311366
    ]
  },
  {
    "timeStamp": 6459,
    "rotation": [
      [
        0.9987413,
        -0.0467468351,
        -0.0181781929
      ],
      [
        0.0178479049,
        -0.007473216,
        0.9998128
      ],
      [
        -0.0468739346,
        -0.998878837,
        -0.006629477
      ]
    ],
    "translation": [
      2.21290469,
      0.787041962,
      -0.624346435
    ]
  },
  {
    "timeStamp": 6504,
    "rotation": [
      [
        0.998626769,
        -0.0514642075,
        -0.009802312
      ],
      [
        0.009492395,
        -0.006262938,
        0.9999353
      ],
      [
        -0.0515222736,
        -0.99865526,
        -0.005765819
      ]
    ],
    "translation": [
      2.21297646,
      0.782572746,
      -0.6207731
    ]
  },
  {
    "timeStamp": 6550,
    "rotation": [
      [
        0.998282135,
        -0.058162488,
        -0.007066857
      ],
      [
        0.00655376259,
        -0.009007775,
        0.999937952
      ],
      [
        -0.058222536,
        -0.9982665,
        -0.008611118
      ]
    ],
    "translation": [
      2.21403885,
      0.7777877,
      -0.6162973
    ]
  },
  {
    "timeStamp": 6606,
    "rotation": [
      [
        0.9983294,
        -0.0575215332,
        -0.00544580538
      ],
      [
        0.00525023369,
        -0.00355055137,
        0.9999799
      ],
      [
        -0.0575397126,
        -0.998338,
        -0.0032426184
      ]
    ],
    "translation": [
      2.21594572,
      0.770287335,
      -0.6143417
    ]
  },
  {
    "timeStamp": 6650,
    "rotation": [
      [
        0.9982295,
        -0.05899079,
        -0.0076072244
      ],
      [
        0.00708835432,
        -0.009000051,
        0.9999344
      ],
      [
        -0.0590553842,
        -0.99821794,
        -0.008565969
      ]
    ],
    "translation": [
      2.21839547,
      0.7652598,
      -0.610955656
    ]
  },
  {
    "timeStamp": 6706,
    "rotation": [
      [
        0.997826159,
        -0.06544441,
        -0.00774564734
      ],
      [
        0.006824261,
        -0.01429075,
        0.9998746
      ],
      [
        -0.06554689,
        -0.997753859,
        -0.0138130747
      ]
    ],
    "translation": [
      2.222123,
      0.760848463,
      -0.606417656
    ]
  },
  {
    "timeStamp": 6750,
    "rotation": [
      [
        0.997178733,
        -0.0745794,
        -0.008514035
      ],
      [
        0.00724831643,
        -0.017225679,
        0.999825358
      ],
      [
        -0.07471304,
        -0.9970663,
        -0.0166365057
      ]
    ],
    "translation": [
      2.22469068,
      0.757507563,
      -0.6048483
    ]
  },
  {
    "timeStamp": 6806,
    "rotation": [
      [
        0.99730885,
        -0.07328444,
        0.002138682
      ],
      [
        -0.0035205665,
        -0.0187324677,
        0.9998183
      ],
      [
        -0.07323106,
        -0.997135162,
        -0.0189400576
      ]
    ],
    "translation": [
      2.224424,
      0.753812,
      -0.602383256
    ]
  },
  {
    "timeStamp": 6850,
    "rotation": [
      [
        0.997375369,
        -0.07234154,
        -0.00301179523
      ],
      [
        0.00165587547,
        -0.01879597,
        0.999821961
      ],
      [
        -0.0723852739,
        -0.997202754,
        -0.01862685
      ]
    ],
    "translation": [
      2.22607422,
      0.751253247,
      -0.6008056
    ]
  },
  {
    "timeStamp": 6906,
    "rotation": [
      [
        0.9977722,
        -0.06633707,
        -0.007067864
      ],
      [
        0.00613146368,
        -0.0143087991,
        0.9998788
      ],
      [
        -0.06643017,
        -0.9976947,
        -0.0138701787
      ]
    ],
    "translation": [
      2.227165,
      0.7479286,
      -0.6008736
    ]
  },
  {
    "timeStamp": 6950,
    "rotation": [
      [
        0.9976147,
        -0.06888576,
        -0.00442687
      ],
      [
        0.00296863355,
        -0.0212568976,
        0.9997696
      ],
      [
        -0.068964,
        -0.997398,
        -0.0210016984
      ]
    ],
    "translation": [
      2.22812748,
      0.746635258,
      -0.5988613
    ]
  },
  {
    "timeStamp": 7006,
    "rotation": [
      [
        0.99826473,
        -0.0573662966,
        -0.01329043
      ],
      [
        0.0127751017,
        -0.009340539,
        0.9998748
      ],
      [
        -0.0574832521,
        -0.9983095,
        -0.00859147
      ]
    ],
    "translation": [
      2.2302947,
      0.7417934,
      -0.601181448
    ]
  },
  {
    "timeStamp": 7050,
    "rotation": [
      [
        0.998149455,
        -0.06064228,
        -0.00449363375
      ],
      [
        0.00354619976,
        -0.0157219116,
        0.9998701
      ],
      [
        -0.0607050471,
        -0.9980357,
        -0.0154777691
      ]
    ],
    "translation": [
      2.22957063,
      0.7395063,
      -0.599428058
    ]
  },
  {
    "timeStamp": 7105,
    "rotation": [
      [
        0.9983672,
        -0.056367062,
        -0.009258312
      ],
      [
        0.008939463,
        -0.005906188,
        0.9999426
      ],
      [
        -0.0564185046,
        -0.9983927,
        -0.005392653
      ]
    ],
    "translation": [
      2.23145843,
      0.7355654,
      -0.6021064
    ]
  },
  {
    "timeStamp": 7150,
    "rotation": [
      [
        0.9979545,
        -0.06391885,
        -0.00110949029
      ],
      [
        0.000732907036,
        -0.005914729,
        0.999982238
      ],
      [
        -0.0639242753,
        -0.99793756,
        -0.00585578429
      ]
    ],
    "translation": [
      2.230062,
      0.7337575,
      -0.6019491
    ]
  },
  {
    "timeStamp": 7205,
    "rotation": [
      [
        0.9981292,
        -0.0607518367,
        -0.006880675
      ],
      [
        0.0063669784,
        -0.008645191,
        0.999942362
      ],
      [
        -0.0608078167,
        -0.9981154,
        -0.008242212
      ]
    ],
    "translation": [
      2.23184133,
      0.7319951,
      -0.6011284
    ]
  },
  {
    "timeStamp": 7250,
    "rotation": [
      [
        0.99801296,
        -0.0614181347,
        -0.0140727367
      ],
      [
        0.0135659873,
        -0.008660036,
        0.9998705
      ],
      [
        -0.06153205,
        -0.9980746,
        -0.00780963
      ]
    ],
    "translation": [
      2.23417258,
      0.7305862,
      -0.60140276
    ]
  },
  {
    "timeStamp": 7305,
    "rotation": [
      [
        0.997774541,
        -0.06582546,
        -0.010627117
      ],
      [
        0.009973865,
        -0.0102446955,
        0.9998978
      ],
      [
        -0.0659276,
        -0.997778535,
        -0.009565362
      ]
    ],
    "translation": [
      2.2348485,
      0.7298471,
      -0.6009108
    ]
  },
  {
    "timeStamp": 7350,
    "rotation": [
      [
        0.997738242,
        -0.06422509,
        -0.0198383983
      ],
      [
        0.0193724837,
        -0.007869092,
        0.99978137
      ],
      [
        -0.06436716,
        -0.9979044,
        -0.00660709431
      ]
    ],
    "translation": [
      2.23653674,
      0.7289315,
      -0.601581037
    ]
  },
  {
    "timeStamp": 7405,
    "rotation": [
      [
        0.997661233,
        -0.06298227,
        -0.0265574
      ],
      [
        0.0262072925,
        -0.00637860969,
        0.9996362
      ],
      [
        -0.06312876,
        -0.997994244,
        -0.00471309666
      ]
    ],
    "translation": [
      2.23745942,
      0.7281764,
      -0.6025654
    ]
  }
]