[
  {
    "timeStamp": 17245,
    "rotation": [
      [
        0.9999856,
        -0.00492339535,
        0.002139985
      ],
      [
        -0.00205264124,
        0.01767777,
        0.99984163
      ],
      [
        -0.00496044569,
        -0.9998316,
        0.01766741
      ]
    ],
    "translation": [
      1.30729389,
      0.6971314,
      -0.751836836
    ]
  },
  {
    "timeStamp": 17290,
    "rotation": [
      [
        0.999880254,
        -0.00464457972,
        0.0147587657
      ],
      [
        -0.0146559747,
        0.0214374829,
        0.999662757
      ],
      [
        -0.004959408,
        -0.9997594,
        0.0213668458
      ]
    ],
    "translation": [
      1.30728,
      0.7001478,
      -0.7518276
    ]
  },
  {
    "timeStamp": 17345,
    "rotation": [
      [
        0.999654233,
        -0.007025575,
        0.0253395233
      ],
      [
        -0.02506964,
        0.03615581,
        0.999031663
      ],
      [
        -0.007934946,
        -0.999321461,
        0.03596718
      ]
    ],
    "translation": [
      1.30749726,
      0.6996861,
      -0.751719
    ]
  },
  {
    "timeStamp": 17389,
    "rotation": [
      [
        0.9963412,
        -0.03601735,
        0.07750388
      ],
      [
        -0.07650887,
        0.0282305162,
        0.9966692
      ],
      [
        -0.0380853564,
        -0.9989523,
        0.0253715813
      ]
    ],
    "translation": [
      1.30550492,
      0.7104308,
      -0.746370435
    ]
  },
  {
    "timeStamp": 17445,
    "rotation": [
      [
        0.9917325,
        -0.0548555478,
        0.11600665
      ],
      [
        -0.115066268,
        0.0200119037,
        0.9931562
      ],
      [
        -0.05680165,
        -0.998293757,
        0.0135344323
      ]
    ],
    "translation": [
      1.30913544,
      0.732604,
      -0.740677536
    ]
  },
  {
    "timeStamp": 17489,
    "rotation": [
      [
        0.984817863,
        -0.08399996,
        0.151913509
      ],
      [
        -0.1514718,
        0.0116442442,
        0.988393
      ],
      [
        -0.08479389,
        -0.9963977,
        -0.00125616475
      ]
    ],
    "translation": [
      1.3167007,
      0.753743052,
      -0.7332305
    ]
  },
  {
    "timeStamp": 17545,
    "rotation": [
      [
        0.972268,
        -0.129989088,
        0.194416478
      ],
      [
        -0.194774061,
        0.0100807808,
        0.980796337
      ],
      [
        -0.12945269,
        -0.991464138,
        -0.0155172814
      ]
    ],
    "translation": [
      1.33179128,
      0.780421734,
      -0.7225578
    ]
  },
  {
    "timeStamp": 17589,
    "rotation": [
      [
        0.953827143,
        -0.187311679,
        0.234793633
      ],
      [
        -0.236653343,
        0.0126967449,
        0.9715112
      ],
      [
        -0.1849565,
        -0.982218444,
        -0.0322174355
      ]
    ],
    "translation": [
      1.3500458,
      0.8050274,
      -0.7104943
    ]
  },
  {
    "timeStamp": 17645,
    "rotation": [
      [
        0.9173114,
        -0.271960229,
        0.2908221
      ],
      [
        -0.296427,
        0.02120496,
        0.9548201
      ],
      [
        -0.265839964,
        -0.9620748,
        -0.0611648075
      ]
    ],
    "translation": [
      1.38091922,
      0.8401784,
      -0.6929309
    ]
  },
  {
    "timeStamp": 17689,
    "rotation": [
      [
        0.882426739,
        -0.342365324,
        0.322659284
      ],
      [
        -0.339474082,
        0.0114347236,
        0.9405459
      ],
      [
        -0.325699836,
        -0.9394973,
        -0.106133848
      ]
    ],
    "translation": [
      1.41338766,
      0.8699094,
      -0.676055551
    ]
  },
  {
    "timeStamp": 17745,
    "rotation": [
      [
        0.832550049,
        -0.4361388,
        0.3415308
      ],
      [
        -0.380468726,
        -0.00209688768,
        0.9247914
      ],
      [
        -0.402621269,
        -0.899876952,
        -0.167682946
      ]
    ],
    "translation": [
      1.46573317,
      0.9027772,
      -0.65322876
    ]
  },
  {
    "timeStamp": 17789,
    "rotation": [
      [
        0.7776831,
        -0.525966763,
        0.3443371
      ],
      [
        -0.410638571,
        -0.0102679413,
        0.9117404
      ],
      [
        -0.476009518,
        -0.8504432,
        -0.223967418
      ]
    ],
    "translation": [
      1.51727712,
      0.9255307,
      -0.6338698
    ]
  },
  {
    "timeStamp": 17845,
    "rotation": [
      [
        0.6996693,
        -0.6358133,
        0.325890064
      ],
      [
        -0.4347777,
        -0.0169487465,
        0.9003783
      ],
      [
        -0.566949069,
        -0.7716568,
        -0.288295954
      ]
    ],
    "translation": [
      1.590168,
      0.9476112,
      -0.6129397
    ]
  },
  {
    "timeStamp": 17889,
    "rotation": [
      [
        0.630845666,
        -0.7159511,
        0.299078315
      ],
      [
        -0.451635242,
        -0.0253952686,
        0.8918412
      ],
      [
        -0.630919456,
        -0.69768846,
        -0.339369237
      ]
    ],
    "translation": [
      1.65185142,
      0.963532031,
      -0.5998217
    ]
  },
  {
    "timeStamp": 17945,
    "rotation": [
      [
        0.5412166,
        -0.8021743,
        0.252192378
      ],
      [
        -0.473724067,
        -0.0430754833,
        0.879619241
      ],
      [
        -0.694744647,
        -0.595534146,
        -0.403322428
      ]
    ],
    "translation": [
      1.730301,
      0.9823091,
      -0.5887778
    ]
  },
  {
    "timeStamp": 17989,
    "rotation": [
      [
        0.4693256,
        -0.859495759,
        0.202485755
      ],
      [
        -0.489789873,
        -0.06258445,
        0.8695913
      ],
      [
        -0.7347376,
        -0.5072969,
        -0.4503448
      ]
    ],
    "translation": [
      1.793488,
      0.995083451,
      -0.584290266
    ]
  },
  {
    "timeStamp": 18045,
    "rotation": [
      [
        0.364883035,
        -0.9190129,
        0.1492503
      ],
      [
        -0.510540545,
        -0.06344195,
        0.85751003
      ],
      [
        -0.7785941,
        -0.3890892,
        -0.492342234
      ]
    ],
    "translation": [
      1.87002146,
      1.00534546,
      -0.583402038
    ]
  },
  {
    "timeStamp": 18089,
    "rotation": [
      [
        0.273243636,
        -0.9563434,
        0.103659213
      ],
      [
        -0.5283197,
        -0.05914445,
        0.846983
      ],
      [
        -0.8038758,
        -0.286197931,
        -0.521415949
      ]
    ],
    "translation": [
      1.9289124,
      1.01062608,
      -0.585613
    ]
  },
  {
    "timeStamp": 18145,
    "rotation": [
      [
        0.171654418,
        -0.9840297,
        0.0471198745
      ],
      [
        -0.5426244,
        -0.0545184724,
        0.8382043
      ],
      [
        -0.822249055,
        -0.169449866,
        -0.5433169
      ]
    ],
    "translation": [
      1.99570465,
      1.01059389,
      -0.5897776
    ]
  },
  {
    "timeStamp": 18189,
    "rotation": [
      [
        0.0829574242,
        -0.996513844,
        0.008845435
      ],
      [
        -0.5510464,
        -0.038474068,
        0.8335872
      ],
      [
        -0.8303409,
        -0.0740264952,
        -0.552317
      ]
    ],
    "translation": [
      2.04558516,
      1.00600648,
      -0.5944103
    ]
  },
  {
    "timeStamp": 18245,
    "rotation": [
      [
        -0.0148363346,
        -0.999331951,
        -0.0334006064
      ],
      [
        -0.5465864,
        -0.0198658183,
        0.837167
      ],
      [
        -0.8372713,
        0.0306768082,
        -0.5459265
      ]
    ],
    "translation": [
      2.100308,
      0.995790243,
      -0.5997573
    ]
  },
  {
    "timeStamp": 18289,
    "rotation": [
      [
        -0.09036178,
        -0.9946745,
        -0.049572397
      ],
      [
        -0.528156042,
        0.00566193741,
        0.8491285
      ],
      [
        -0.8443258,
        0.10291072,
        -0.525854945
      ]
    ],
    "translation": [
      2.1339488,
      0.9829854,
      -0.602465
    ]
  },
  {
    "timeStamp": 18345,
    "rotation": [
      [
        -0.153269216,
        -0.9876519,
        -0.0324407071
      ],
      [
        -0.480835974,
        0.04585819,
        0.87561053
      ],
      [
        -0.8633107,
        0.1498028,
        -0.4819272
      ]
    ],
    "translation": [
      2.15884733,
      0.9591104,
      -0.5999097
    ]
  },
  {
    "timeStamp": 18399,
    "rotation": [
      [
        -0.173533529,
        -0.9845956,
        -0.0213940926
      ],
      [
        -0.452673256,
        0.06045251,
        0.8896249
      ],
      [
        -0.8746274,
        0.164064288,
        -0.456190616
      ]
    ],
    "translation": [
      2.17191744,
      0.94204855,
      -0.5947043
    ]
  },
  {
    "timeStamp": 18441,
    "rotation": [
      [
        -0.197373644,
        -0.98032403,
        0.0029075807
      ],
      [
        -0.4029113,
        0.08382332,
        0.9113924
      ],
      [
        -0.8937036,
        0.178713337,
        -0.41152814
      ]
    ],
    "translation": [
      2.181943,
      0.9203621,
      -0.586723864
    ]
  },
  {
    "timeStamp": 18496,
    "rotation": [
      [
        -0.202487573,
        -0.979247451,
        -0.008557327
      ],
      [
        -0.3713232,
        0.0686900839,
        0.925959349
      ],
      [
        -0.9061555,
        0.1906728,
        -0.377526164
      ]
    ],
    "translation": [
      2.19200087,
      0.9079193,
      -0.5781357
    ]
  },
  {
    "timeStamp": 18540,
    "rotation": [
      [
        -0.223671287,
        -0.974620461,
        0.009284028
      ],
      [
        -0.3373763,
        0.08635592,
        0.937400639
      ],
      [
        -0.914411545,
        0.2065374,
        -0.348129153
      ]
    ],
    "translation": [
      2.194744,
      0.894505262,
      -0.574678838
    ]
  },
  {
    "timeStamp": 18596,
    "rotation": [
      [
        -0.223804444,
        -0.9745191,
        -0.0149720144
      ],
      [
        -0.289216816,
        0.0517350473,
        0.9558646
      ],
      [
        -0.93073374,
        0.2182569,
        -0.293425858
      ]
    ],
    "translation": [
      2.20376825,
      0.8850324,
      -0.5709812
    ]
  },
  {
    "timeStamp": 18639,
    "rotation": [
      [
        -0.2346134,
        -0.9720226,
        0.011341827
      ],
      [
        -0.262661159,
        0.0746223852,
        0.9619982
      ],
      [
        -0.9359304,
        0.222718611,
        -0.27282
      ]
    ],
    "translation": [
      2.202756,
      0.8741884,
      -0.567167
    ]
  },
  {
    "timeStamp": 18695,
    "rotation": [
      [
        -0.220347181,
        -0.975417852,
        0.00267840666
      ],
      [
        -0.2340252,
        0.0555316545,
        0.970643342
      ],
      [
        -0.9469316,
        0.21325171,
        -0.240508586
      ]
    ],
    "translation": [
      2.202218,
      0.8665098,
      -0.562163949
    ]
  },
  {
    "timeStamp": 18740,
    "rotation": [
      [
        -0.208027363,
        -0.97812295,
        0.000287967938
      ],
      [
        -0.209052518,
        0.04474893,
        0.97688
      ],
      [
        -0.955521643,
        0.203157574,
        -0.213788077
      ]
    ],
    "translation": [
      2.20100451,
      0.859818339,
      -0.5589437
    ]
  },
  {
    "timeStamp": 18795,
    "rotation": [
      [
        -0.194993317,
        -0.9807485,
        0.0104920669
      ],
      [
        -0.183481023,
        0.04698425,
        0.9818998
      ],
      [
        -0.963489652,
        0.1895388,
        -0.189110354
      ]
    ],
    "translation": [
      2.19605279,
      0.8516899,
      -0.5534964
    ]
  },
  {
    "timeStamp": 18841,
    "rotation": [
      [
        -0.17468597,
        -0.98446095,
        -0.017929228
      ],
      [
        -0.164959967,
        0.0113094915,
        0.98623544
      ],
      [
        -0.9707075,
        0.175239086,
        -0.164372265
      ]
    ],
    "translation": [
      2.19760537,
      0.850364864,
      -0.550753653
    ]
  },
  {
    "timeStamp": 18897,
    "rotation": [
      [
        -0.161637262,
        -0.986571968,
        -0.0234354362
      ],
      [
        -0.145167783,
        0.000281110144,
        0.989407
      ],
      [
        -0.976114631,
        0.163327113,
        -0.143263891
      ]
    ],
    "translation": [
      2.19690943,
      0.845897436,
      -0.5473394
    ]
  },
  {
    "timeStamp": 18943,
    "rotation": [
      [
        -0.159803987,
        -0.9870639,
        -0.0129453568
      ],
      [
        -0.132655576,
        0.008478086,
        0.991125941
      ],
      [
        -0.9781949,
        0.160103157,
        -0.132294372
      ]
    ],
    "translation": [
      2.19455218,
      0.8413454,
      -0.5454432
    ]
  },
  {
    "timeStamp": 18988,
    "rotation": [
      [
        -0.155392379,
        -0.9869994,
        -0.041053243
      ],
      [
        -0.12395706,
        -0.0217475872,
        0.9920492
      ],
      [
        -0.980044842,
        0.159245729,
        -0.11896614
      ]
    ],
    "translation": [
      2.19853878,
      0.8416039,
      -0.5453414
    ]
  },
  {
    "timeStamp": 19045,
    "rotation": [
      [
        -0.152920038,
        -0.987927735,
        -0.0247836635
      ],
      [
        -0.107159063,
        -0.008354173,
        0.9942068
      ],
      [
        -0.9824115,
        0.154689938,
        -0.104587883
      ]
    ],
    "translation": [
      2.19533443,
      0.836282253,
      -0.544452
    ]
  },
  {
    "timeStamp": 19089,
    "rotation": [
      [
        -0.1493815,
        -0.98782295,
        -0.0434841663
      ],
      [
        -0.09930709,
        -0.028766783,
        0.994640946
      ],
      [
        -0.9837801,
        0.152899235,
        -0.0938006
      ]
    ],
    "translation": [
      2.197739,
      0.836463451,
      -0.5448167
    ]
  },
  {
    "timeStamp": 19145,
    "rotation": [
      [
        -0.145066336,
        -0.98877573,
        -0.0357515961
      ],
      [
        -0.09777022,
        -0.0216315314,
        0.9949739
      ],
      [
        -0.984579444,
        0.147832662,
        -0.09353483
      ]
    ],
    "translation": [
      2.195898,
      0.8344196,
      -0.543205738
    ]
  },
  {
    "timeStamp": 19189,
    "rotation": [
      [
        -0.141240641,
        -0.9895341,
        -0.0295519214
      ],
      [
        -0.09022392,
        -0.016860351,
        0.9957788
      ],
      [
        -0.985855341,
        0.143310711,
        -0.08689828
      ]
    ],
    "translation": [
      2.193654,
      0.8314066,
      -0.5424361
    ]
  },
  {
    "timeStamp": 19244,
    "rotation": [
      [
        -0.1346439,
        -0.9895202,
        -0.05216184
      ],
      [
        -0.08702181,
        -0.0406295545,
        0.995377541
      ],
      [
        -0.9870655,
        0.138560727,
        -0.08063932
      ]
    ],
    "translation": [
      2.19675684,
      0.8319331,
      -0.5425275
    ]
  },
  {
    "timeStamp": 19289,
    "rotation": [
      [
        -0.13783662,
        -0.9897379,
        -0.0376816019
      ],
      [
        -0.07314206,
        -0.02776942,
        0.996934831
      ],
      [
        -0.9877506,
        0.140170246,
        -0.06856383
      ]
    ],
    "translation": [
      2.19535685,
      0.828487754,
      -0.5439796
    ]
  },
  {
    "timeStamp": 19344,
    "rotation": [
      [
        -0.1424101,
        -0.989180744,
        -0.0352246761
      ],
      [
        -0.05543549,
        -0.0275607221,
        0.9980818
      ],
      [
        -0.98825413,
        0.144089639,
        -0.05091079
      ]
    ],
    "translation": [
      2.1958034,
      0.8278202,
      -0.5467205
    ]
  },
  {
    "timeStamp": 19388,
    "rotation": [
      [
        -0.144266278,
        -0.9892268,
        -0.0248517077
      ],
      [
        -0.05302195,
        -0.0173506476,
        0.9984426
      ],
      [
        -0.988117337,
        0.1453593,
        -0.04994762
      ]
    ],
    "translation": [
      2.19624,
      0.8265372,
      -0.547061145
    ]
  }
]