[
  {
    "timeStamp": 21299,
    "rotation": [
      [
        0.9985756,
        0.04978592,
        -0.01918438
      ],
      [
        0.0181919541,
        0.020311065,
        0.9996282
      ],
      [
        0.0501570664,
        -0.998553336,
        0.01937643
      ]
    ],
    "translation": [
      1.15142941,
      0.698659241,
      -0.6094429
    ]
  },
  {
    "timeStamp": 21356,
    "rotation": [
      [
        0.9988403,
        0.0481205136,
        -0.00155113917
      ],
      [
        0.000390860718,
        0.024111975,
        0.9997092
      ],
      [
        0.04814392,
        -0.9985504,
        0.024065204
      ]
    ],
    "translation": [
      1.15150988,
      0.6995532,
      -0.6093391
    ]
  },
  {
    "timeStamp": 21399,
    "rotation": [
      [
        0.999752045,
        0.02225586,
        0.000735939248
      ],
      [
        -0.00151310128,
        0.03492278,
        0.9993889
      ],
      [
        0.0222165585,
        -0.99914217,
        0.0349477939
      ]
    ],
    "translation": [
      1.15585792,
      0.6993369,
      -0.606986642
    ]
  },
  {
    "timeStamp": 21454,
    "rotation": [
      [
        0.9995302,
        -0.00341287674,
        0.030457668
      ],
      [
        -0.0303529948,
        0.027386995,
        0.999164
      ],
      [
        -0.004244157,
        -0.999619067,
        0.0272705387
      ]
    ],
    "translation": [
      1.162579,
      0.71473074,
      -0.6014238
    ]
  },
  {
    "timeStamp": 21499,
    "rotation": [
      [
        0.9969945,
        -0.0201274529,
        0.074812606
      ],
      [
        -0.0743854046,
        0.0211973675,
        0.9970043
      ],
      [
        -0.0216529779,
        -0.9995727,
        0.01963647
      ]
    ],
    "translation": [
      1.16812384,
      0.737060964,
      -0.596967
    ]
  },
  {
    "timeStamp": 21554,
    "rotation": [
      [
        0.986324668,
        -0.0613605678,
        0.152965859
      ],
      [
        -0.152546421,
        0.0114907632,
        0.9882295
      ],
      [
        -0.062396016,
        -0.9980495,
        0.0019732886
      ]
    ],
    "translation": [
      1.18632,
      0.776542842,
      -0.5901843
    ]
  },
  {
    "timeStamp": 21599,
    "rotation": [
      [
        0.9740261,
        -0.0889982954,
        0.2082125
      ],
      [
        -0.209047973,
        -6.817989E-05,
        0.9779054
      ],
      [
        -0.087017715,
        -0.996031761,
        -0.0186713226
      ]
    ],
    "translation": [
      1.2052995,
      0.811823845,
      -0.5845635
    ]
  },
  {
    "timeStamp": 21654,
    "rotation": [
      [
        0.9490026,
        -0.1363063,
        0.284279
      ],
      [
        -0.287963659,
        -0.00770145236,
        0.957610369
      ],
      [
        -0.128338963,
        -0.9906368,
        -0.04655996
      ]
    ],
    "translation": [
      1.243478,
      0.8581146,
      -0.579335
    ]
  },
  {
    "timeStamp": 21699,
    "rotation": [
      [
        0.926221,
        -0.181496248,
        0.330414325
      ],
      [
        -0.337255627,
        -0.00730733247,
        0.941384733
      ],
      [
        -0.168443352,
        -0.983364463,
        -0.06797884
      ]
    ],
    "translation": [
      1.2830199,
      0.8919913,
      -0.5758259
    ]
  },
  {
    "timeStamp": 21754,
    "rotation": [
      [
        0.8970279,
        -0.245639056,
        0.367426842
      ],
      [
        -0.380025953,
        -0.004219474,
        0.9249662
      ],
      [
        -0.225657478,
        -0.9693522,
        -0.0971342
      ]
    ],
    "translation": [
      1.34214163,
      0.9278015,
      -0.573156834
    ]
  },
  {
    "timeStamp": 21799,
    "rotation": [
      [
        0.876018167,
        -0.301974863,
        0.376036257
      ],
      [
        -0.4012042,
        -0.0236171577,
        0.9156841
      ],
      [
        -0.267632663,
        -0.953023255,
        -0.141842648
      ]
    ],
    "translation": [
      1.39576173,
      0.9540492,
      -0.568906546
    ]
  },
  {
    "timeStamp": 21854,
    "rotation": [
      [
        0.846697867,
        -0.384575039,
        0.367701977
      ],
      [
        -0.414437741,
        -0.0432812,
        0.9090479
      ],
      [
        -0.333682537,
        -0.9220785,
        -0.196028516
      ]
    ],
    "translation": [
      1.47032118,
      0.979203761,
      -0.567755461
    ]
  },
  {
    "timeStamp": 21899,
    "rotation": [
      [
        0.823644042,
        -0.455237031,
        0.338185877
      ],
      [
        -0.416324556,
        -0.08045334,
        0.905649543
      ],
      [
        -0.385077029,
        -0.8867279,
        -0.255791277
      ]
    ],
    "translation": [
      1.534165,
      0.9985449,
      -0.5656632
    ]
  },
  {
    "timeStamp": 21954,
    "rotation": [
      [
        0.780186534,
        -0.56689024,
        0.264470071
      ],
      [
        -0.419357121,
        -0.160271615,
        0.8935618
      ],
      [
        -0.464164436,
        -0.808052242,
        -0.3627712
      ]
    ],
    "translation": [
      1.62631917,
      1.02669573,
      -0.56157136
    ]
  },
  {
    "timeStamp": 21999,
    "rotation": [
      [
        0.7349797,
        -0.64905113,
        0.19630973
      ],
      [
        -0.416115433,
        -0.2031281,
        0.8863334
      ],
      [
        -0.5353997,
        -0.733124554,
        -0.4193752
      ]
    ],
    "translation": [
      1.7022419,
      1.04168987,
      -0.56246984
    ]
  },
  {
    "timeStamp": 22054,
    "rotation": [
      [
        0.659947038,
        -0.745522559,
        0.09309156
      ],
      [
        -0.41351977,
        -0.2569847,
        0.873475969
      ],
      [
        -0.627272964,
        -0.6149431,
        -0.4778846
      ]
    ],
    "translation": [
      1.80076742,
      1.058998,
      -0.5696199
    ]
  },
  {
    "timeStamp": 22099,
    "rotation": [
      [
        0.583042562,
        -0.8123433,
        0.0126353
      ],
      [
        -0.416286916,
        -0.285353482,
        0.8632952
      ],
      [
        -0.697686553,
        -0.508597732,
        -0.504541159
      ]
    ],
    "translation": [
      1.87830138,
      1.06984508,
      -0.580903769
    ]
  },
  {
    "timeStamp": 22154,
    "rotation": [
      [
        0.4796958,
        -0.873948336,
        -0.0781427
      ],
      [
        -0.425223231,
        -0.309448153,
        0.850545168
      ],
      [
        -0.767513633,
        -0.374774843,
        -0.520064056
      ]
    ],
    "translation": [
      1.96794319,
      1.079164,
      -0.6004193
    ]
  },
  {
    "timeStamp": 22199,
    "rotation": [
      [
        0.411478817,
        -0.8994658,
        -0.147127151
      ],
      [
        -0.410322279,
        -0.326960772,
        0.8513121
      ],
      [
        -0.8138309,
        -0.289927363,
        -0.5036083
      ]
    ],
    "translation": [
      2.03325343,
      1.07905829,
      -0.6172726
    ]
  },
  {
    "timeStamp": 22254,
    "rotation": [
      [
        0.299493968,
        -0.9340444,
        -0.194587827
      ],
      [
        -0.4010809,
        -0.3083076,
        0.862601042
      ],
      [
        -0.8657006,
        -0.180298358,
        -0.466963649
      ]
    ],
    "translation": [
      2.10425043,
      1.065891,
      -0.6391928
    ]
  },
  {
    "timeStamp": 22299,
    "rotation": [
      [
        0.23815763,
        -0.946746647,
        -0.2166835
      ],
      [
        -0.3508936,
        -0.291908234,
        0.889754653
      ],
      [
        -0.9056239,
        -0.135869026,
        -0.4017275
      ]
    ],
    "translation": [
      2.151081,
      1.04412639,
      -0.6563344
    ]
  },
  {
    "timeStamp": 22354,
    "rotation": [
      [
        0.163938567,
        -0.9704684,
        -0.1769614
      ],
      [
        -0.3070836,
        -0.220680654,
        0.9257428
      ],
      [
        -0.9374561,
        -0.09742301,
        -0.334193
      ]
    ],
    "translation": [
      2.192029,
      1.00613165,
      -0.6698944
    ]
  },
  {
    "timeStamp": 22399,
    "rotation": [
      [
        0.112615742,
        -0.982474,
        -0.148534566
      ],
      [
        -0.2577559,
        -0.173253328,
        0.95054996
      ],
      [
        -0.9596247,
        -0.0687612444,
        -0.2727495
      ]
    ],
    "translation": [
      2.214495,
      0.972350836,
      -0.680796
    ]
  },
  {
    "timeStamp": 22450,
    "rotation": [
      [
        0.1300257,
        -0.9873171,
        -0.09109473
      ],
      [
        -0.202882469,
        -0.116424046,
        0.972257257
      ],
      [
        -0.9705318,
        -0.107936911,
        -0.215447456
      ]
    ],
    "translation": [
      2.22013283,
      0.9369939,
      -0.677841246
    ]
  },
  {
    "timeStamp": 22504,
    "rotation": [
      [
        0.1451561,
        -0.987084448,
        -0.067779094
      ],
      [
        -0.167005718,
        -0.09196554,
        0.9816575
      ],
      [
        -0.9752122,
        -0.131174088,
        -0.178198114
      ]
    ],
    "translation": [
      2.224868,
      0.9019001,
      -0.6671126
    ]
  },
  {
    "timeStamp": 22549,
    "rotation": [
      [
        0.189379409,
        -0.9811618,
        -0.03817114
      ],
      [
        -0.142351255,
        -0.06589839,
        0.9876201
      ],
      [
        -0.9715305,
        -0.1816012,
        -0.152149409
      ]
    ],
    "translation": [
      2.21982718,
      0.877943158,
      -0.654079854
    ]
  },
  {
    "timeStamp": 22604,
    "rotation": [
      [
        0.208485782,
        -0.977206349,
        -0.04001787
      ],
      [
        -0.12584576,
        -0.06738095,
        0.9897589
      ],
      [
        -0.9698951,
        -0.2013146,
        -0.137025252
      ]
    ],
    "translation": [
      2.21756673,
      0.8551216,
      -0.6405701
    ]
  },
  {
    "timeStamp": 22649,
    "rotation": [
      [
        0.222786844,
        -0.974134743,
        -0.0377828553
      ],
      [
        -0.1151979,
        -0.06479183,
        0.991227269
      ],
      [
        -0.96803695,
        -0.2164799,
        -0.126653045
      ]
    ],
    "translation": [
      2.217639,
      0.838884056,
      -0.631247342
    ]
  },
  {
    "timeStamp": 22704,
    "rotation": [
      [
        0.209426463,
        -0.9777116,
        -0.01485179
      ],
      [
        -0.104597367,
        -0.0375011154,
        0.9938074
      ],
      [
        -0.972214,
        -0.206576124,
        -0.110119782
      ]
    ],
    "translation": [
      2.214695,
      0.8174388,
      -0.623440146
    ]
  },
  {
    "timeStamp": 22749,
    "rotation": [
      [
        0.215072915,
        -0.9765704,
        -0.00734160654
      ],
      [
        -0.09566901,
        -0.0285496451,
        0.9950037
      ],
      [
        -0.971900761,
        -0.213295981,
        -0.09956778
      ]
    ],
    "translation": [
      2.21211624,
      0.80363363,
      -0.6174309
    ]
  },
  {
    "timeStamp": 22804,
    "rotation": [
      [
        0.199810728,
        -0.979777932,
        0.0105324481
      ],
      [
        -0.09662435,
        -0.009005966,
        0.995280147
      ],
      [
        -0.9750587,
        -0.199885353,
        -0.0964698941
      ]
    ],
    "translation": [
      2.20916986,
      0.788109,
      -0.6123477
    ]
  },
  {
    "timeStamp": 22849,
    "rotation": [
      [
        0.194572419,
        -0.9807391,
        0.0170978941
      ],
      [
        -0.0993091241,
        -0.0023548475,
        0.9950538
      ],
      [
        -0.97584796,
        -0.195308015,
        -0.09785454
      ]
    ],
    "translation": [
      2.20532727,
      0.778737664,
      -0.607279837
    ]
  },
  {
    "timeStamp": 22905,
    "rotation": [
      [
        0.190793127,
        -0.981552362,
        0.0123674534
      ],
      [
        -0.09371799,
        -0.00567257358,
        0.99558264
      ],
      [
        -0.9771463,
        -0.191109374,
        -0.09307141
      ]
    ],
    "translation": [
      2.20357943,
      0.769756,
      -0.6032976
    ]
  },
  {
    "timeStamp": 22951,
    "rotation": [
      [
        0.188285232,
        -0.982034445,
        0.0125296544
      ],
      [
        -0.080705516,
        -0.00275644218,
        0.9967342
      ],
      [
        -0.9787928,
        -0.188681528,
        -0.0797745958
      ]
    ],
    "translation": [
      2.2016573,
      0.762248755,
      -0.601051867
    ]
  },
  {
    "timeStamp": 23008,
    "rotation": [
      [
        0.179310039,
        -0.9837655,
        0.00730309356
      ],
      [
        -0.0718591362,
        -0.0056934,
        0.997398555
      ],
      [
        -0.9811647,
        -0.179368362,
        -0.0717134252
      ]
    ],
    "translation": [
      2.201957,
      0.7555631,
      -0.599509
    ]
  },
  {
    "timeStamp": 23053,
    "rotation": [
      [
        0.179935887,
        -0.9833676,
        0.024723215
      ],
      [
        -0.07013609,
        0.0122441249,
        0.9974623
      ],
      [
        -0.9811748,
        -0.18121326,
        -0.0667664
      ]
    ],
    "translation": [
      2.19853783,
      0.748867154,
      -0.596819162
    ]
  },
  {
    "timeStamp": 23099,
    "rotation": [
      [
        0.1830025,
        -0.982969761,
        0.0167499315
      ],
      [
        -0.06296763,
        0.005283199,
        0.9980016
      ],
      [
        -0.9810939,
        -0.183691487,
        -0.0609284379
      ]
    ],
    "translation": [
      2.19777465,
      0.7465727,
      -0.5952072
    ]
  },
  {
    "timeStamp": 23154,
    "rotation": [
      [
        0.191422239,
        -0.981488347,
        0.00617377553
      ],
      [
        -0.06169094,
        -0.005753613,
        0.9980787
      ],
      [
        -0.9795671,
        -0.191435322,
        -0.06165031
      ]
    ],
    "translation": [
      2.19808674,
      0.745762765,
      -0.592766643
    ]
  },
  {
    "timeStamp": 23198,
    "rotation": [
      [
        0.170167774,
        -0.984836459,
        0.0337653123
      ],
      [
        -0.0555481054,
        0.0246238131,
        0.9981523
      ],
      [
        -0.9838482,
        -0.171728984,
        -0.05051562
      ]
    ],
    "translation": [
      2.1949563,
      0.74034,
      -0.594609
    ]
  }
]