[
  {
    "timeStamp": 31617,
    "rotation": [
      [
        0.312871873,
        -0.9256202,
        0.212928012
      ],
      [
        0.539225757,
        0.357656181,
        0.7624419
      ],
      [
        -0.781886637,
        -0.123730354,
        0.611018836
      ]
    ],
    "translation": [
      1.47284293,
      0.692629,
      -0.7856285
    ]
  },
  {
    "timeStamp": 31661,
    "rotation": [
      [
        0.306901246,
        -0.916882038,
        0.255223453
      ],
      [
        0.562786639,
        0.391088158,
        0.7282316
      ],
      [
        -0.7675173,
        -0.07985884,
        0.636034369
      ]
    ],
    "translation": [
      1.47267723,
      0.6986184,
      -0.785313547
    ]
  },
  {
    "timeStamp": 31716,
    "rotation": [
      [
        0.292533427,
        -0.924532235,
        0.244262561
      ],
      [
        0.445659816,
        0.35781157,
        0.820584059
      ],
      [
        -0.8460564,
        -0.131190255,
        0.5166988
      ]
    ],
    "translation": [
      1.48241425,
      0.7116088,
      -0.7656607
    ]
  },
  {
    "timeStamp": 31761,
    "rotation": [
      [
        0.2914614,
        -0.9120616,
        0.2884338
      ],
      [
        0.4072531,
        0.391145,
        0.825318456
      ],
      [
        -0.865560651,
        -0.123082951,
        0.485443562
      ]
    ],
    "translation": [
      1.48701859,
      0.7362802,
      -0.7583009
    ]
  },
  {
    "timeStamp": 31816,
    "rotation": [
      [
        0.2754006,
        -0.895864248,
        0.348685771
      ],
      [
        0.349525183,
        0.4312011,
        0.8318039
      ],
      [
        -0.8955371,
        -0.107204832,
        0.431880146
      ]
    ],
    "translation": [
      1.50113213,
      0.774654567,
      -0.7482428
    ]
  },
  {
    "timeStamp": 31861,
    "rotation": [
      [
        0.2461596,
        -0.8833895,
        0.3987837
      ],
      [
        0.3045758,
        0.461104721,
        0.833436251
      ],
      [
        -0.9201299,
        -0.08369845,
        0.382564425
      ]
    ],
    "translation": [
      1.52055109,
      0.808087647,
      -0.739499032
    ]
  },
  {
    "timeStamp": 31916,
    "rotation": [
      [
        0.176220536,
        -0.8684147,
        0.463467658
      ],
      [
        0.2578027,
        0.4951178,
        0.8296964
      ],
      [
        -0.949991643,
        -0.0267263483,
        0.31112957
      ]
    ],
    "translation": [
      1.55699182,
      0.8501901,
      -0.726376951
    ]
  },
  {
    "timeStamp": 31961,
    "rotation": [
      [
        0.0987021849,
        -0.8484677,
        0.519961953
      ],
      [
        0.226284489,
        0.5279617,
        0.8185669
      ],
      [
        -0.9690476,
        0.03686499,
        0.244106054
      ]
    ],
    "translation": [
      1.5957669,
      0.8824527,
      -0.7154244
    ]
  },
  {
    "timeStamp": 32016,
    "rotation": [
      [
        -0.03213445,
        -0.815077662,
        0.578459859
      ],
      [
        0.1916468,
        0.562994838,
        0.803933
      ],
      [
        -0.9809378,
        0.136693925,
        0.1381155
      ]
    ],
    "translation": [
      1.657996,
      0.919677436,
      -0.7019325
    ]
  },
  {
    "timeStamp": 32061,
    "rotation": [
      [
        -0.151311234,
        -0.7771501,
        0.610854
      ],
      [
        0.1622844,
        0.590053737,
        0.7908858
      ],
      [
        -0.975073636,
        0.21880199,
        0.03683759
      ]
    ],
    "translation": [
      1.71638083,
      0.9473456,
      -0.692711
    ]
  },
  {
    "timeStamp": 32116,
    "rotation": [
      [
        -0.3235561,
        -0.7119533,
        0.623244762
      ],
      [
        0.130305544,
        0.6188732,
        0.7746073
      ],
      [
        -0.937193632,
        0.331841171,
        -0.107468739
      ]
    ],
    "translation": [
      1.79960859,
      0.975762367,
      -0.6867675
    ]
  },
  {
    "timeStamp": 32161,
    "rotation": [
      [
        -0.4524548,
        -0.6596855,
        0.600083
      ],
      [
        0.104857557,
        0.628877461,
        0.7704012
      ],
      [
        -0.885601163,
        0.41149497,
        -0.215365648
      ]
    ],
    "translation": [
      1.86839592,
      0.9924649,
      -0.687421143
    ]
  },
  {
    "timeStamp": 32216,
    "rotation": [
      [
        -0.5968908,
        -0.5805866,
        0.553751349
      ],
      [
        0.08877834,
        0.638153553,
        0.7647735
      ],
      [
        -0.7973956,
        0.5056474,
        -0.329364479
      ]
    ],
    "translation": [
      1.95119536,
      1.00440025,
      -0.695623755
    ]
  },
  {
    "timeStamp": 32261,
    "rotation": [
      [
        -0.686718,
        -0.5215197,
        0.5063947
      ],
      [
        0.08194523,
        0.636647761,
        0.7667885
      ],
      [
        -0.7222904,
        0.5680641,
        -0.3944614
      ]
    ],
    "translation": [
      2.011497,
      1.0052768,
      -0.706150353
    ]
  },
  {
    "timeStamp": 32316,
    "rotation": [
      [
        -0.768799663,
        -0.452852577,
        0.451521516
      ],
      [
        0.110266969,
        0.6016151,
        0.7911387
      ],
      [
        -0.629911363,
        0.6580151,
        -0.412586778
      ]
    ],
    "translation": [
      2.07639337,
      0.9878703,
      -0.72202003
    ]
  },
  {
    "timeStamp": 32361,
    "rotation": [
      [
        -0.8056365,
        -0.371499181,
        0.461452156
      ],
      [
        0.179220885,
        0.5895982,
        0.787561953
      ],
      [
        -0.56465,
        0.717190564,
        -0.408421457
      ]
    ],
    "translation": [
      2.115176,
      0.9610146,
      -0.7337885
    ]
  },
  {
    "timeStamp": 32414,
    "rotation": [
      [
        -0.828726947,
        -0.2739917,
        0.487996161
      ],
      [
        0.2558248,
        0.5900688,
        0.7657496
      ],
      [
        -0.497760415,
        0.7594388,
        -0.418912053
      ]
    ],
    "translation": [
      2.14506531,
      0.931078255,
      -0.742789
    ]
  },
  {
    "timeStamp": 32467,
    "rotation": [
      [
        -0.7892479,
        -0.206673548,
        0.578250647
      ],
      [
        0.371328324,
        0.5893674,
        0.717468739
      ],
      [
        -0.489083856,
        0.7809815,
        -0.388413221
      ]
    ],
    "translation": [
      2.16326833,
      0.8823255,
      -0.742919266
    ]
  },
  {
    "timeStamp": 32512,
    "rotation": [
      [
        -0.7721675,
        -0.175408334,
        0.6107285
      ],
      [
        0.417565882,
        0.5843937,
        0.6957893
      ],
      [
        -0.478953123,
        0.792285264,
        -0.3780053
      ]
    ],
    "translation": [
      2.167796,
      0.8551435,
      -0.7374854
    ]
  },
  {
    "timeStamp": 32567,
    "rotation": [
      [
        -0.73560214,
        -0.189781353,
        0.6502865
      ],
      [
        0.44870615,
        0.582660735,
        0.6776203
      ],
      [
        -0.5074961,
        0.7902465,
        -0.343450427
      ]
    ],
    "translation": [
      2.16935182,
      0.8278835,
      -0.726701736
    ]
  },
  {
    "timeStamp": 32611,
    "rotation": [
      [
        -0.707510233,
        -0.137855172,
        0.693127155
      ],
      [
        0.493114531,
        0.6062627,
        0.623926
      ],
      [
        -0.5062285,
        0.78322506,
        -0.3609587
      ]
    ],
    "translation": [
      2.16575336,
      0.809948742,
      -0.7159962
    ]
  },
  {
    "timeStamp": 32666,
    "rotation": [
      [
        -0.693310142,
        -0.196721867,
        0.6932687
      ],
      [
        0.484397441,
        0.585052133,
        0.6504407
      ],
      [
        -0.533554256,
        0.786774755,
        -0.310331
      ]
    ],
    "translation": [
      2.16322947,
      0.78849113,
      -0.7050883
    ]
  },
  {
    "timeStamp": 32711,
    "rotation": [
      [
        -0.667210042,
        -0.190964937,
        0.719974458
      ],
      [
        0.512649,
        0.5835091,
        0.629847765
      ],
      [
        -0.540390432,
        0.7893349,
        -0.291425139
      ]
    ],
    "translation": [
      2.1558404,
      0.773134053,
      -0.695840061
    ]
  },
  {
    "timeStamp": 32766,
    "rotation": [
      [
        -0.6489022,
        -0.192365587,
        0.7361531
      ],
      [
        0.528132737,
        0.582602859,
        0.617778
      ],
      [
        -0.5477242,
        0.7896641,
        -0.276457667
      ]
    ],
    "translation": [
      2.14833665,
      0.7601167,
      -0.6870964
    ]
  },
  {
    "timeStamp": 32811,
    "rotation": [
      [
        -0.634500742,
        -0.208220884,
        0.7443473
      ],
      [
        0.5316413,
        0.581461847,
        0.6158406
      ],
      [
        -0.5610404,
        0.786477149,
        -0.25823915
      ]
    ],
    "translation": [
      2.14183569,
      0.752684057,
      -0.680335939
    ]
  },
  {
    "timeStamp": 32867,
    "rotation": [
      [
        -0.6289592,
        -0.209613457,
        0.748647153
      ],
      [
        0.540512,
        0.574251533,
        0.614883661
      ],
      [
        -0.5587996,
        0.7913895,
        -0.247882172
      ]
    ],
    "translation": [
      2.13711762,
      0.744871736,
      -0.6752928
    ]
  },
  {
    "timeStamp": 32912,
    "rotation": [
      [
        -0.6303836,
        -0.20233117,
        0.749452233
      ],
      [
        0.5421914,
        0.576170564,
        0.6116011
      ],
      [
        -0.5555583,
        0.7918899,
        -0.253506243
      ]
    ],
    "translation": [
      2.13557673,
      0.7413127,
      -0.6716324
    ]
  },
  {
    "timeStamp": 32958,
    "rotation": [
      [
        -0.628197432,
        -0.213381469,
        0.7482222
      ],
      [
        0.5431639,
        0.568270445,
        0.6180952
      ],
      [
        -0.5570826,
        0.794693053,
        -0.241084933
      ]
    ],
    "translation": [
      2.134257,
      0.737193,
      -0.669479966
    ]
  },
  {
    "timeStamp": 33015,
    "rotation": [
      [
        -0.6239629,
        -0.211592942,
        0.752262354
      ],
      [
        0.556561053,
        0.55541414,
        0.6178631
      ],
      [
        -0.5485527,
        0.8042036,
        -0.228793427
      ]
    ],
    "translation": [
      2.13208818,
      0.7310731,
      -0.669527531
    ]
  },
  {
    "timeStamp": 33060,
    "rotation": [
      [
        -0.632581949,
        -0.2090459,
        0.745748
      ],
      [
        0.5602881,
        0.5412592,
        0.6269895
      ],
      [
        -0.5347125,
        0.814455867,
        -0.225264892
      ]
    ],
    "translation": [
      2.13218951,
      0.727835536,
      -0.67178005
    ]
  }
]