[
  {
    "id": "003 cracker box(Clone)-7862",
    "pickRotation": [
      [
        -0.993510962,
        0.09198019,
        0.06690067
      ],
      [
        -0.05923541,
        0.08368217,
        -0.994730353
      ],
      [
        -0.09709387,
        -0.992238343,
        -0.07769067
      ]
    ],
    "pickTranslation": [
      0.0118356012,
      0.030735258,
      0.196367815
    ],
    "placeRotation": [
      [
        0.99777776,
        -0.06105507,
        -0.0266796649
      ],
      [
        0.0263949782,
        -0.00546469027,
        0.99963665
      ],
      [
        -0.061178688,
        -0.9981194,
        -0.00384099944
      ]
    ],
    "placeTranslation": [
      -0.3826581,
      0.0302797966,
      0.485441148
    ]
  },
  {
    "id": "021 bleach cleanser(Clone)-7708",
    "pickRotation": [
      [
        0.101197764,
        0.184766442,
        0.9775584
      ],
      [
        -0.994864047,
        0.0166782141,
        0.0998369455
      ],
      [
        0.00214258954,
        -0.9826409,
        0.185505286
      ]
    ],
    "pickTranslation": [
      0.00210678717,
      0.01507622,
      0.234553576
    ],
    "placeRotation": [
      [
        0.07698334,
        0.9921569,
        -0.09847905
      ],
      [
        -0.0155757805,
        0.09995687,
        0.9948698
      ],
      [
        0.9969107,
        -0.07505451,
        0.0231486335
      ]
    ],
    "placeTranslation": [
      -0.5610412,
      0.0150959147,
      -0.06857684
    ]
  },
  {
    "id": "005 tomato soup can(Clone)-7780",
    "pickRotation": [
      [
        -0.795592248,
        -0.0971904844,
        -0.5979858
      ],
      [
        0.595564365,
        0.0554872155,
        -0.801389
      ],
      [
        0.111067943,
        -0.993717849,
        0.0137379915
      ]
    ],
    "pickTranslation": [
      0.009064887,
      0.0843333453,
      0.09751807
    ],
    "placeRotation": [
      [
        -0.0221250784,
        -0.9997551,
        -0.000456982147
      ],
      [
        -0.247033149,
        0.00502404571,
        0.968994
      ],
      [
        -0.9687544,
        0.02155196,
        -0.247083813
      ]
    ],
    "placeTranslation": [
      -0.789831936,
      0.101040274,
      0.126913846
    ]
  },
  {
    "id": "005 tomato soup can(Clone)-7732",
    "pickRotation": [
      [
        -0.481265157,
        -0.0299956966,
        -0.8760616
      ],
      [
        0.8765708,
        -0.0133918505,
        -0.4810864
      ],
      [
        0.002698434,
        -0.9994603,
        0.0327383839
      ]
    ],
    "pickTranslation": [
      0.00722586364,
      0.07757757,
      0.11083433
    ],
    "placeRotation": [
      [
        -0.14335236,
        -0.9894072,
        -0.022883
      ],
      [
        -0.0388260335,
        -0.0174816214,
        0.999093056
      ],
      [
        -0.988909841,
        0.1441108,
        -0.03590872
      ]
    ],
    "placeTranslation": [
      -0.698613763,
      0.6300213,
      0.119133867
    ]
  },
  {
    "id": "005 tomato soup can(Clone)-7850",
    "pickRotation": [
      [
        -0.688939333,
        -0.116714582,
        -0.7153603
      ],
      [
        0.7248073,
        -0.116539,
        -0.679023564
      ],
      [
        -0.00411542,
        -0.9863044,
        0.1648839
      ]
    ],
    "pickTranslation": [
      0.007109058,
      0.08032642,
      0.111196548
    ],
    "placeRotation": [
      [
        0.170889646,
        -0.9844402,
        0.04091721
      ],
      [
        -0.0568994321,
        0.031598594,
        0.997879744
      ],
      [
        -0.983645856,
        -0.172855482,
        -0.05061422
      ]
    ],
    "placeTranslation": [
      -0.4317743,
      0.09871365,
      0.104728431
    ]
  },
  {
    "id": "058 golf ball(Clone)-7768",
    "pickRotation": [
      [
        -0.987646341,
        -0.0356125,
        -0.152598813
      ],
      [
        0.144505322,
        0.169641852,
        -0.974853754
      ],
      [
        0.0606041327,
        -0.9848621,
        -0.162399963
      ]
    ],
    "pickTranslation": [
      0.00686001731,
      -0.0352764465,
      0.0389738828
    ],
    "placeRotation": [
      [
        0.389067948,
        -0.9203167,
        0.04053707
      ],
      [
        -0.483290732,
        -0.166455463,
        0.859489739
      ],
      [
        -0.784255147,
        -0.3539911,
        -0.509543061
      ]
    ],
    "placeTranslation": [
      -0.206518009,
      0.08493682,
      -0.346060455
    ]
  },
  {
    "id": "015 peach(Clone)-7720",
    "pickRotation": [
      [
        0.321026534,
        -0.5233643,
        -0.7893236
      ],
      [
        0.8219357,
        -0.260077745,
        0.506735861
      ],
      [
        -0.470492959,
        -0.811448932,
        0.346679956
      ]
    ],
    "pickTranslation": [
      0.0370838121,
      0.0166663323,
      0.0512682758
    ],
    "placeRotation": [
      [
        -0.63206327,
        -0.209785044,
        0.7459801
      ],
      [
        0.5625989,
        0.5377736,
        0.627918839
      ],
      [
        -0.5328964,
        0.816572,
        -0.2218821
      ]
    ],
    "placeTranslation": [
      0.01912458,
      0.0249969885,
      -0.437303662
    ]
  },
  {
    "id": "015 peach(Clone)-7744",
    "pickRotation": [
      [
        -0.8776067,
        -0.150437877,
        0.4551647
      ],
      [
        -0.392488152,
        -0.319674253,
        -0.862416
      ],
      [
        0.275244474,
        -0.935508847,
        0.221503183
      ]
    ],
    "pickTranslation": [
      0.0112691615,
      0.0119433645,
      0.0684951842
    ],
    "placeRotation": [
      [
        0.980724156,
        -0.1923331,
        0.034467604
      ],
      [
        -0.0197435655,
        0.0779532343,
        0.9967615
      ],
      [
        -0.194397092,
        -0.9782286,
        0.07265328
      ]
    ],
    "placeTranslation": [
      0.105693735,
      0.0115972385,
      -0.0438083522
    ]
  },
  {
    "id": "011 banana(Clone)-7792",
    "pickRotation": [
      [
        -0.996167541,
        -0.08610288,
        0.0153756095
      ],
      [
        0.0004671953,
        -0.181027353,
        -0.98347795
      ],
      [
        0.08746369,
        -0.979701638,
        0.180373818
      ]
    ],
    "pickTranslation": [
      0.0230517481,
      -0.0110014752,
      0.04178445
    ],
    "placeRotation": [
      [
        0.323361039,
        -0.945342541,
        0.042013485
      ],
      [
        -0.09008747,
        0.0134428144,
        0.9958431
      ],
      [
        -0.9419776,
        -0.32580176,
        -0.080816634
      ]
    ],
    "placeTranslation": [
      0.330551922,
      0.1564613,
      0.0426079743
    ]
  },
  {
    "id": "101 bread(Clone)-7756",
    "pickRotation": [
      [
        -0.9608905,
        -0.21492517,
        0.174632922
      ],
      [
        0.269110739,
        -0.8734781,
        0.405728251
      ],
      [
        0.06533682,
        0.436856,
        0.897155464
      ]
    ],
    "pickTranslation": [
      0.0122231431,
      0.05782416,
      -0.0243059527
    ],
    "placeRotation": [
      [
        0.09611902,
        0.0591669,
        0.9936098
      ],
      [
        0.6605544,
        0.742949069,
        -0.108140886
      ],
      [
        -0.7445998,
        0.6667278,
        0.0323285758
      ]
    ],
    "placeTranslation": [
      0.866915464,
      0.34277463,
      -0.03907542
    ]
  },
  {
    "id": "101 bread(Clone)-7696",
    "pickRotation": [
      [
        -0.907725,
        -0.417281657,
        0.0437187143
      ],
      [
        0.413411081,
        -0.907322943,
        -0.07652736
      ],
      [
        0.07160045,
        -0.0513919964,
        0.996108532
      ]
    ],
    "pickTranslation": [
      0.0174195915,
      0.0548901632,
      -0.0005434467
    ],
    "placeRotation": [
      [
        0.0776853561,
        -0.207917973,
        0.975056469
      ],
      [
        0.454003,
        0.878099442,
        0.151071534
      ],
      [
        -0.8876071,
        0.430942535,
        0.162610859
      ]
    ],
    "placeTranslation": [
      0.552527547,
      0.3383174,
      -0.009114152
    ]
  },
  {
    "id": "101 bread(Clone)-7874",
    "pickRotation": [
      [
        -0.93960613,
        -0.342170537,
        0.00772498176
      ],
      [
        0.341507941,
        -0.935815752,
        0.0872990042
      ],
      [
        -0.0226419866,
        0.08466482,
        0.9961522
      ]
    ],
    "pickTranslation": [
      0.0236221217,
      0.05621818,
      -0.008846029
    ],
    "placeRotation": [
      [
        -0.01745227,
        -0.116595671,
        0.9930261
      ],
      [
        0.490148723,
        0.8646525,
        0.110137038
      ],
      [
        -0.8714641,
        0.488652617,
        0.04205907
      ]
    ],
    "placeTranslation": [
      0.8760704,
      0.676214159,
      -0.08573017
    ]
  }
]