[
  {
    "timeStamp": 70549,
    "rotation": [
      [
        -0.8998475,
        0.423033118,
        -0.106383175
      ],
      [
        0.435143441,
        0.887554,
        -0.151321158
      ],
      [
        0.0304069482,
        -0.182457909,
        -0.9827434
      ]
    ],
    "translation": [
      1.77171886,
      0.8808055,
      -0.493148535
    ]
  },
  {
    "timeStamp": 70593,
    "rotation": [
      [
        -0.894493043,
        0.4337799,
        -0.108245827
      ],
      [
        0.4458005,
        0.88370955,
        -0.142546147
      ],
      [
        0.03382421,
        -0.175762579,
        -0.9838514
      ]
    ],
    "translation": [
      1.77201438,
      0.882585,
      -0.492866963
    ]
  },
  {
    "timeStamp": 70649,
    "rotation": [
      [
        -0.896416366,
        0.4300074,
        -0.107384056
      ],
      [
        0.442504376,
        0.8820119,
        -0.162002727
      ],
      [
        0.0250516441,
        -0.192739815,
        -0.98093003
      ]
    ],
    "translation": [
      1.771857,
      0.883146,
      -0.493569762
    ]
  },
  {
    "timeStamp": 70693,
    "rotation": [
      [
        -0.8940927,
        0.4343841,
        -0.1091272
      ],
      [
        0.447287768,
        0.8785438,
        -0.167613819
      ],
      [
        0.0230642483,
        -0.198673546,
        -0.9797943
      ]
    ],
    "translation": [
      1.77212179,
      0.8833452,
      -0.493779153
    ]
  },
  {
    "timeStamp": 70749,
    "rotation": [
      [
        -0.8921563,
        0.4380077,
        -0.11048276
      ],
      [
        0.451370418,
        0.874093,
        -0.179516345
      ],
      [
        0.0179426651,
        -0.210025281,
        -0.9775313
      ]
    ],
    "translation": [
      1.77238142,
      0.8837549,
      -0.494130582
    ]
  },
  {
    "timeStamp": 70793,
    "rotation": [
      [
        -0.8809135,
        0.42496413,
        -0.208319172
      ],
      [
        0.4605107,
        0.87119627,
        -0.170137644
      ],
      [
        0.1091845,
        -0.245809764,
        -0.96314913
      ]
    ],
    "translation": [
      1.78020334,
      0.885123253,
      -0.495764375
    ]
  },
  {
    "timeStamp": 70849,
    "rotation": [
      [
        -0.833726048,
        0.441005766,
        -0.3322872
      ],
      [
        0.5101117,
        0.8455206,
        -0.157736927
      ],
      [
        0.211392775,
        -0.301012963,
        -0.929894745
      ]
    ],
    "translation": [
      1.78751624,
      0.9024619,
      -0.494089961
    ]
  },
  {
    "timeStamp": 70893,
    "rotation": [
      [
        -0.776779354,
        0.450935632,
        -0.4396258
      ],
      [
        0.555611,
        0.8193501,
        -0.141286045
      ],
      [
        0.29649654,
        -0.354009,
        -0.88699913
      ]
    ],
    "translation": [
      1.79650986,
      0.9215672,
      -0.495490581
    ]
  },
  {
    "timeStamp": 70949,
    "rotation": [
      [
        -0.664104939,
        0.468849927,
        -0.582361042
      ],
      [
        0.6246364,
        0.775989354,
        -0.08757721
      ],
      [
        0.410845459,
        -0.4219244,
        -0.8081991
      ]
    ],
    "translation": [
      1.80922115,
      0.9505176,
      -0.504417062
    ]
  },
  {
    "timeStamp": 70993,
    "rotation": [
      [
        -0.5814881,
        0.4504958,
        -0.6774401
      ],
      [
        0.644904435,
        0.7628619,
        -0.0462597
      ],
      [
        0.49595347,
        -0.463783622,
        -0.734121859
      ]
    ],
    "translation": [
      1.824865,
      0.9709316,
      -0.5176783
    ]
  },
  {
    "timeStamp": 71048,
    "rotation": [
      [
        -0.456827253,
        0.394037,
        -0.7975235
      ],
      [
        0.6625735,
        0.7489368,
        -0.009495437
      ],
      [
        0.593553066,
        -0.532755733,
        -0.6032132
      ]
    ],
    "translation": [
      1.85197449,
      1.0002197,
      -0.5400919
    ]
  },
  {
    "timeStamp": 71093,
    "rotation": [
      [
        -0.350503772,
        0.3784121,
        -0.8567096
      ],
      [
        0.6932534,
        0.7198752,
        0.0343425125
      ],
      [
        0.6297197,
        -0.5818797,
        -0.5146544
      ]
    ],
    "translation": [
      1.87074661,
      1.02933168,
      -0.5657112
    ]
  },
  {
    "timeStamp": 71148,
    "rotation": [
      [
        -0.240889385,
        0.3438938,
        -0.907584369
      ],
      [
        0.72814244,
        0.6823109,
        0.06527293
      ],
      [
        0.641701639,
        -0.6451271,
        -0.4147651
      ]
    ],
    "translation": [
      1.89588559,
      1.06783521,
      -0.6013906
    ]
  },
  {
    "timeStamp": 71193,
    "rotation": [
      [
        -0.164715037,
        0.288060248,
        -0.9433399
      ],
      [
        0.756224,
        0.6509025,
        0.06671792
      ],
      [
        0.6332411,
        -0.7023868,
        -0.3250515
      ]
    ],
    "translation": [
      1.92296255,
      1.09814727,
      -0.6292865
    ]
  },
  {
    "timeStamp": 71249,
    "rotation": [
      [
        -0.08428642,
        0.1927852,
        -0.977614343
      ],
      [
        0.7733287,
        0.631362259,
        0.057830777
      ],
      [
        0.6283777,
        -0.751142859,
        -0.2023016
      ]
    ],
    "translation": [
      1.96530378,
      1.12856686,
      -0.66317147
    ]
  },
  {
    "timeStamp": 71293,
    "rotation": [
      [
        -0.05042904,
        0.09663149,
        -0.99404186
      ],
      [
        0.7906271,
        0.611991,
        0.0193825178
      ],
      [
        0.610217631,
        -0.784939051,
        -0.107261606
      ]
    ],
    "translation": [
      2.001967,
      1.1532104,
      -0.6838776
    ]
  },
  {
    "timeStamp": 71349,
    "rotation": [
      [
        -0.01416261,
        -0.0181048159,
        -0.9997358
      ],
      [
        0.804166,
        0.5939919,
        -0.0221490562
      ],
      [
        0.5942359,
        -0.8042673,
        0.006146803
      ]
    ],
    "translation": [
      2.049825,
      1.17749584,
      -0.7071895
    ]
  },
  {
    "timeStamp": 71393,
    "rotation": [
      [
        -0.00680890167,
        -0.104102753,
        -0.9945432
      ],
      [
        0.8120515,
        0.579813,
        -0.06625083
      ],
      [
        0.583546042,
        -0.808071434,
        0.0805889145
      ]
    ],
    "translation": [
      2.0897553,
      1.19274938,
      -0.7187394
    ]
  },
  {
    "timeStamp": 71446,
    "rotation": [
      [
        -0.005816428,
        -0.180881128,
        -0.9834877
      ],
      [
        0.8126266,
        0.572297454,
        -0.110061765
      ],
      [
        0.5827557,
        -0.7998485,
        0.143660083
      ]
    ],
    "translation": [
      2.12825632,
      1.20226455,
      -0.724627852
    ]
  },
  {
    "timeStamp": 71499,
    "rotation": [
      [
        0.0284322686,
        -0.240853235,
        -0.970145
      ],
      [
        0.8087653,
        0.5759097,
        -0.119275659
      ],
      [
        0.5874439,
        -0.781228364,
        0.211168155
      ]
    ],
    "translation": [
      2.17639923,
      1.20582056,
      -0.7239828
    ]
  },
  {
    "timeStamp": 71543,
    "rotation": [
      [
        0.0340504237,
        -0.262963355,
        -0.9642048
      ],
      [
        0.7985097,
        0.5873354,
        -0.131982446
      ],
      [
        0.601018131,
        -0.7654328,
        0.229977816
      ]
    ],
    "translation": [
      2.20100927,
      1.20014894,
      -0.7151193
    ]
  },
  {
    "timeStamp": 71599,
    "rotation": [
      [
        0.01078047,
        -0.262255371,
        -0.9649383
      ],
      [
        0.7768955,
        0.609732,
        -0.157036126
      ],
      [
        0.6295372,
        -0.7479633,
        0.210318208
      ]
    ],
    "translation": [
      2.221749,
      1.18302035,
      -0.695852
    ]
  },
  {
    "timeStamp": 71643,
    "rotation": [
      [
        0.00182998506,
        -0.251707375,
        -0.9678017
      ],
      [
        0.746875644,
        0.6438968,
        -0.166053444
      ],
      [
        0.6649613,
        -0.7225236,
        0.189172432
      ]
    ],
    "translation": [
      2.23462152,
      1.15950179,
      -0.678014636
    ]
  },
  {
    "timeStamp": 71699,
    "rotation": [
      [
        -0.00531678973,
        -0.230776131,
        -0.972992361
      ],
      [
        0.694676757,
        0.699043155,
        -0.169596314
      ],
      [
        0.719302356,
        -0.6768169,
        0.156598151
      ]
    ],
    "translation": [
      2.2454083,
      1.11974072,
      -0.6563586
    ]
  },
  {
    "timeStamp": 71743,
    "rotation": [
      [
        -0.006563866,
        -0.202263743,
        -0.979309
      ],
      [
        0.6608574,
        0.734108865,
        -0.1560502
      ],
      [
        0.7504828,
        -0.648207963,
        0.1288489
      ]
    ],
    "translation": [
      2.24872875,
      1.08814526,
      -0.6411465
    ]
  },
  {
    "timeStamp": 71798,
    "rotation": [
      [
        0.00697877724,
        -0.164521948,
        -0.986348748
      ],
      [
        0.620954,
        0.7738665,
        -0.124686651
      ],
      [
        0.7838159,
        -0.611607,
        0.1075612
      ]
    ],
    "translation": [
      2.2516,
      1.05383074,
      -0.625594139
    ]
  },
  {
    "timeStamp": 71843,
    "rotation": [
      [
        -0.0135652293,
        -0.154285312,
        -0.9879332
      ],
      [
        0.597305834,
        0.7911179,
        -0.131750271
      ],
      [
        0.801898837,
        -0.5918855,
        0.08142383
      ]
    ],
    "translation": [
      2.25160146,
      1.03298259,
      -0.61314857
    ]
  },
  {
    "timeStamp": 71891,
    "rotation": [
      [
        -0.02579504,
        -0.144631,
        -0.989149451
      ],
      [
        0.5727444,
        0.808839262,
        -0.133202523
      ],
      [
        0.81932807,
        -0.5699657,
        0.0619725548
      ]
    ],
    "translation": [
      2.25192833,
      1.01329279,
      -0.6028203
    ]
  },
  {
    "timeStamp": 71944,
    "rotation": [
      [
        -0.0293234717,
        -0.132615313,
        -0.9907337
      ],
      [
        0.5462103,
        0.827965438,
        -0.126994446
      ],
      [
        0.837134659,
        -0.5448729,
        0.0481570326
      ]
    ],
    "translation": [
      2.251195,
      0.991332,
      -0.5915987
    ]
  },
  {
    "timeStamp": 72001,
    "rotation": [
      [
        -0.0514481254,
        -0.134150848,
        -0.9896245
      ],
      [
        0.524126351,
        0.8398707,
        -0.141098648
      ],
      [
        0.8500851,
        -0.5259475,
        0.02710222
      ]
    ],
    "translation": [
      2.250924,
      0.973161459,
      -0.5827142
    ]
  },
  {
    "timeStamp": 72045,
    "rotation": [
      [
        -0.06791299,
        -0.1278465,
        -0.9894661
      ],
      [
        0.5045392,
        0.8511922,
        -0.144610018
      ],
      [
        0.860713661,
        -0.509045362,
        0.006696573
      ]
    ],
    "translation": [
      2.249112,
      0.9602333,
      -0.577110231
    ]
  },
  {
    "timeStamp": 72101,
    "rotation": [
      [
        -0.0614577979,
        -0.117107265,
        -0.9912158
      ],
      [
        0.487208,
        0.8632226,
        -0.13219358
      ],
      [
        0.8711207,
        -0.4910526,
        0.00400383957
      ]
    ],
    "translation": [
      2.24699235,
      0.9458486,
      -0.574182451
    ]
  },
  {
    "timeStamp": 72145,
    "rotation": [
      [
        -0.0629528761,
        -0.110505931,
        -0.991879761
      ],
      [
        0.480347425,
        0.86781,
        -0.127170056
      ],
      [
        0.8748162,
        -0.484452575,
        -0.00154989609
      ]
    ],
    "translation": [
      2.24641943,
      0.9372829,
      -0.571487963
    ]
  },
  {
    "timeStamp": 72201,
    "rotation": [
      [
        -0.0597810224,
        -0.105190046,
        -0.992653668
      ],
      [
        0.468903661,
        0.8749283,
        -0.120953858
      ],
      [
        0.881223857,
        -0.472689658,
        -0.00298010884
      ]
    ],
    "translation": [
      2.246118,
      0.9261106,
      -0.570342243
    ]
  },
  {
    "timeStamp": 72245,
    "rotation": [
      [
        -0.05109092,
        -0.1023034,
        -0.99344033
      ],
      [
        0.464155376,
        0.878345251,
        -0.114321738
      ],
      [
        0.8842791,
        -0.46695146,
        0.00260920846
      ]
    ],
    "translation": [
      2.2466526,
      0.917961657,
      -0.568927348
    ]
  },
  {
    "timeStamp": 72290,
    "rotation": [
      [
        -0.0594790727,
        -0.104345933,
        -0.9927609
      ],
      [
        0.4700384,
        0.8744409,
        -0.120071009
      ],
      [
        0.8806396,
        -0.473777443,
        -0.00296433573
      ]
    ],
    "translation": [
      2.24853182,
      0.9128418,
      -0.564267337
    ]
  },
  {
    "timeStamp": 72346,
    "rotation": [
      [
        -0.0607877076,
        -0.09217192,
        -0.993885934
      ],
      [
        0.47687766,
        0.872054458,
        -0.110040024
      ],
      [
        0.8768652,
        -0.480651051,
        -0.009055462
      ]
    ],
    "translation": [
      2.24913335,
      0.909149,
      -0.5597785
    ]
  }
]