[
  {
    "timeStamp": 102190,
    "rotation": [
      [
        0.961955845,
        -0.258701831,
        -0.08783128
      ],
      [
        0.26067555,
        0.965356767,
        0.0115995826
      ],
      [
        0.08178769,
        -0.0340537541,
        0.996067762
      ]
    ],
    "translation": [
      1.45204222,
      0.8507994,
      -0.488466233
    ]
  },
  {
    "timeStamp": 102235,
    "rotation": [
      [
        0.9636636,
        -0.252377063,
        -0.08751179
      ],
      [
        0.253405035,
        0.96736,
        0.0006597677
      ],
      [
        0.084488906,
        -0.0228117239,
        0.996163249
      ]
    ],
    "translation": [
      1.451995,
      0.852718234,
      -0.48853755
    ]
  },
  {
    "timeStamp": 102290,
    "rotation": [
      [
        0.9541563,
        -0.29040128,
        -0.0724771544
      ],
      [
        0.29501918,
        0.9533416,
        0.06405811
      ],
      [
        0.05049293,
        -0.0825035945,
        0.9953108
      ]
    ],
    "translation": [
      1.44489026,
      0.8681486,
      -0.4707786
    ]
  },
  {
    "timeStamp": 102334,
    "rotation": [
      [
        0.92764616,
        -0.371926785,
        -0.03380928
      ],
      [
        0.361811727,
        0.8725876,
        0.3281511
      ],
      [
        -0.0925466344,
        -0.3166407,
        0.944020033
      ]
    ],
    "translation": [
      1.454955,
      0.8790767,
      -0.4422103
    ]
  },
  {
    "timeStamp": 102390,
    "rotation": [
      [
        0.936576545,
        -0.35046047,
        -0.00133357209
      ],
      [
        0.328177363,
        0.8756789,
        0.354240119
      ],
      [
        -0.122979373,
        -0.33221063,
        0.935153544
      ]
    ],
    "translation": [
      1.46102524,
      0.894279957,
      -0.4382165
    ]
  },
  {
    "timeStamp": 102434,
    "rotation": [
      [
        0.944308162,
        -0.327991068,
        0.0265307929
      ],
      [
        0.2937879,
        0.8766541,
        0.381007
      ],
      [
        -0.148225218,
        -0.3519936,
        0.9241914
      ]
    ],
    "translation": [
      1.46902478,
      0.9102982,
      -0.436231762
    ]
  },
  {
    "timeStamp": 102490,
    "rotation": [
      [
        0.9526214,
        -0.295661658,
        0.07139097
      ],
      [
        0.241821572,
        0.8785896,
        0.411828548
      ],
      [
        -0.184485272,
        -0.3750528,
        0.9084606
      ]
    ],
    "translation": [
      1.4856751,
      0.9331938,
      -0.438435346
    ]
  },
  {
    "timeStamp": 102533,
    "rotation": [
      [
        0.9551754,
        -0.2800157,
        0.0960785747
      ],
      [
        0.207932875,
        0.865592837,
        0.455535918
      ],
      [
        -0.210722148,
        -0.4151388,
        0.8850175
      ]
    ],
    "translation": [
      1.50395727,
      0.95783937,
      -0.441907883
    ]
  },
  {
    "timeStamp": 102588,
    "rotation": [
      [
        0.959428251,
        -0.254680783,
        0.120975606
      ],
      [
        0.158605665,
        0.842240751,
        0.5152425
      ],
      [
        -0.233112946,
        -0.475150824,
        0.8484634
      ]
    ],
    "translation": [
      1.53373981,
      0.9961008,
      -0.4494392
    ]
  },
  {
    "timeStamp": 102632,
    "rotation": [
      [
        0.9584094,
        -0.2560406,
        0.126073331
      ],
      [
        0.133897766,
        0.793511868,
        0.5936416
      ],
      [
        -0.252037019,
        -0.552070737,
        0.794792533
      ]
    ],
    "translation": [
      1.56464839,
      1.02950454,
      -0.4613233
    ]
  },
  {
    "timeStamp": 102688,
    "rotation": [
      [
        0.9607664,
        -0.250557035,
        0.11895033
      ],
      [
        0.104656838,
        0.7246619,
        0.6811109
      ],
      [
        -0.2568559,
        -0.6419395,
        0.7224533
      ]
    ],
    "translation": [
      1.60924554,
      1.07192147,
      -0.480654925
    ]
  },
  {
    "timeStamp": 102733,
    "rotation": [
      [
        0.9513977,
        -0.278508157,
        0.131436616
      ],
      [
        0.0939312056,
        0.6688808,
        0.737411261
      ],
      [
        -0.2932905,
        -0.6892254,
        0.66253227
      ]
    ],
    "translation": [
      1.65383673,
      1.10241127,
      -0.498885453
    ]
  },
  {
    "timeStamp": 102788,
    "rotation": [
      [
        0.9334096,
        -0.330794245,
        0.13900274
      ],
      [
        0.104292326,
        0.6207901,
        0.777008832
      ],
      [
        -0.343321562,
        -0.710770547,
        0.6139508
      ]
    ],
    "translation": [
      1.718094,
      1.12831461,
      -0.5257267
    ]
  },
  {
    "timeStamp": 102832,
    "rotation": [
      [
        0.9096524,
        -0.383204639,
        0.160270736
      ],
      [
        0.10854803,
        0.591751337,
        0.7987789
      ],
      [
        -0.4009362,
        -0.7092141,
        0.5798842
      ]
    ],
    "translation": [
      1.77526057,
      1.14751589,
      -0.54538244
    ]
  },
  {
    "timeStamp": 102888,
    "rotation": [
      [
        0.861264467,
        -0.476717025,
        0.175967216
      ],
      [
        0.137840956,
        0.5524711,
        0.8220557
      ],
      [
        -0.489104748,
        -0.6837519,
        0.541534841
      ]
    ],
    "translation": [
      1.85327351,
      1.16805983,
      -0.5710277
    ]
  },
  {
    "timeStamp": 102933,
    "rotation": [
      [
        0.8171631,
        -0.542977,
        0.193443418
      ],
      [
        0.155233011,
        0.53051126,
        0.833342969
      ],
      [
        -0.55511,
        -0.650948346,
        0.5178022
      ]
    ],
    "translation": [
      1.91533887,
      1.1821,
      -0.591740847
    ]
  },
  {
    "timeStamp": 102989,
    "rotation": [
      [
        0.7499631,
        -0.6307332,
        0.1993262
      ],
      [
        0.183222532,
        0.48761943,
        0.853614
      ],
      [
        -0.635598,
        -0.603657961,
        0.481261134
      ]
    ],
    "translation": [
      1.99171329,
      1.1928792,
      -0.6224131
    ]
  },
  {
    "timeStamp": 103034,
    "rotation": [
      [
        0.7110549,
        -0.672614753,
        0.20491524
      ],
      [
        0.2031299,
        0.475504965,
        0.85594
      ],
      [
        -0.6731561,
        -0.5669959,
        0.47473833
      ]
    ],
    "translation": [
      2.04346943,
      1.19677639,
      -0.6412164
    ]
  },
  {
    "timeStamp": 103090,
    "rotation": [
      [
        0.661887646,
        -0.7090339,
        0.243260458
      ],
      [
        0.209166348,
        0.4863243,
        0.84837383
      ],
      [
        -0.719829261,
        -0.5106463,
        0.4701981
      ]
    ],
    "translation": [
      2.10136533,
      1.19474113,
      -0.663422763
    ]
  },
  {
    "timeStamp": 103134,
    "rotation": [
      [
        0.6605559,
        -0.68959403,
        0.2968601
      ],
      [
        0.189862177,
        0.535984933,
        0.8226011
      ],
      [
        -0.7263733,
        -0.487011522,
        0.484975874
      ]
    ],
    "translation": [
      2.13882756,
      1.182679,
      -0.6796877
    ]
  },
  {
    "timeStamp": 103185,
    "rotation": [
      [
        0.6768978,
        -0.630294263,
        0.3801823
      ],
      [
        0.1677823,
        0.6350203,
        0.7540546
      ],
      [
        -0.7166997,
        -0.446630061,
        0.5355961
      ]
    ],
    "translation": [
      2.166976,
      1.1561985,
      -0.6939004
    ]
  },
  {
    "timeStamp": 103240,
    "rotation": [
      [
        0.725436568,
        -0.599427938,
        0.338271856
      ],
      [
        0.2645455,
        0.6965424,
        0.6669665
      ],
      [
        -0.6354191,
        -0.3943536,
        0.6638733
      ]
    ],
    "translation": [
      2.19582462,
      1.11246812,
      -0.7083226
    ]
  },
  {
    "timeStamp": 103284,
    "rotation": [
      [
        0.775480568,
        -0.5860839,
        0.234809577
      ],
      [
        0.33563897,
        0.697678149,
        0.6329232
      ],
      [
        -0.534767568,
        -0.4120084,
        0.737748444
      ]
    ],
    "translation": [
      2.20329881,
      1.0886327,
      -0.7145621
    ]
  },
  {
    "timeStamp": 103340,
    "rotation": [
      [
        0.8397001,
        -0.537399352,
        0.07813892
      ],
      [
        0.405587882,
        0.7163022,
        0.567811251
      ],
      [
        -0.361112475,
        -0.445098966,
        0.8194417
      ]
    ],
    "translation": [
      2.19915962,
      1.0561347,
      -0.7247133
    ]
  },
  {
    "timeStamp": 103384,
    "rotation": [
      [
        0.866037965,
        -0.498551071,
        -0.0377505
      ],
      [
        0.439235061,
        0.72257936,
        0.533808649
      ],
      [
        -0.238853142,
        -0.4788799,
        0.844762266
      ]
    ],
    "translation": [
      2.19788837,
      1.0381521,
      -0.730514646
    ]
  },
  {
    "timeStamp": 103440,
    "rotation": [
      [
        0.8615196,
        -0.477435082,
        -0.172742084
      ],
      [
        0.49649775,
        0.721059561,
        0.483283579
      ],
      [
        -0.1061792,
        -0.5021243,
        0.8582524
      ]
    ],
    "translation": [
      2.19809341,
      1.01630533,
      -0.737407863
    ]
  },
  {
    "timeStamp": 103484,
    "rotation": [
      [
        0.863344133,
        -0.4423806,
        -0.24276787
      ],
      [
        0.5046005,
        0.760554969,
        0.408576131
      ],
      [
        0.00389213813,
        -0.4752426,
        0.8798462
      ]
    ],
    "translation": [
      2.1969552,
      0.9976138,
      -0.7439444
    ]
  },
  {
    "timeStamp": 103539,
    "rotation": [
      [
        0.856677055,
        -0.421535373,
        -0.297342181
      ],
      [
        0.5117207,
        0.7672493,
        0.386613965
      ],
      [
        0.0651641339,
        -0.483359456,
        0.8729933
      ]
    ],
    "translation": [
      2.19616842,
      0.983863354,
      -0.7452852
    ]
  },
  {
    "timeStamp": 103584,
    "rotation": [
      [
        0.839816749,
        -0.4265171,
        -0.3358437
      ],
      [
        0.525528431,
        0.793858,
        0.3059565
      ],
      [
        0.13611652,
        -0.4334428,
        0.8908421
      ]
    ],
    "translation": [
      2.19258738,
      0.9753845,
      -0.744214833
    ]
  },
  {
    "timeStamp": 103640,
    "rotation": [
      [
        0.8031717,
        -0.3464081,
        -0.484682053
      ],
      [
        0.5127141,
        0.816231,
        0.26625374
      ],
      [
        0.3033801,
        -0.4623508,
        0.833182
      ]
    ],
    "translation": [
      2.17609215,
      0.970668733,
      -0.748083055
    ]
  },
  {
    "timeStamp": 103686,
    "rotation": [
      [
        0.7419473,
        -0.3395795,
        -0.578100264
      ],
      [
        0.545271456,
        0.8073369,
        0.2255796
      ],
      [
        0.390119463,
        -0.482589751,
        0.7841645
      ]
    ],
    "translation": [
      2.16715574,
      0.967875063,
      -0.74972
    ]
  },
  {
    "timeStamp": 103731,
    "rotation": [
      [
        0.6723476,
        -0.300713,
        -0.6764025
      ],
      [
        0.542933762,
        0.821449459,
        0.174481437
      ],
      [
        0.5031616,
        -0.4845539,
        0.715566754
      ]
    ],
    "translation": [
      2.15618873,
      0.962909937,
      -0.753266037
    ]
  },
  {
    "timeStamp": 103789,
    "rotation": [
      [
        0.6222945,
        -0.3133744,
        -0.717318654
      ],
      [
        0.551543534,
        0.8257985,
        0.1177139
      ],
      [
        0.5554722,
        -0.468885183,
        0.686729431
      ]
    ],
    "translation": [
      2.15305877,
      0.95798254,
      -0.755203545
    ]
  },
  {
    "timeStamp": 103834,
    "rotation": [
      [
        0.56365037,
        -0.38093257,
        -0.7329315
      ],
      [
        0.63424,
        0.7680462,
        0.08857008
      ],
      [
        0.529186,
        -0.514777,
        0.674512267
      ]
    ],
    "translation": [
      2.15831947,
      0.9567519,
      -0.754637957
    ]
  }
]