[
  {
    "timeStamp": 55306,
    "rotation": [
      [
        -0.413074434,
        0.2778372,
        0.867280841
      ],
      [
        0.544235647,
        0.838878334,
        -0.009526059
      ],
      [
        -0.730189741,
        0.468070149,
        -0.49772808
      ]
    ],
    "translation": [
      1.11046791,
      0.7068504,
      -0.585802436
    ]
  },
  {
    "timeStamp": 55350,
    "rotation": [
      [
        -0.4117047,
        0.2962952,
        0.8618053
      ],
      [
        0.5570547,
        0.830250859,
        -0.01932837
      ],
      [
        -0.7212415,
        0.4721151,
        -0.5068708
      ]
    ],
    "translation": [
      1.10921216,
      0.7089196,
      -0.588313162
    ]
  },
  {
    "timeStamp": 55406,
    "rotation": [
      [
        -0.3803787,
        0.310525447,
        0.871140659
      ],
      [
        0.5578303,
        0.828343451,
        -0.0516965576
      ],
      [
        -0.7376568,
        0.466284364,
        -0.488304675
      ]
    ],
    "translation": [
      1.10825539,
      0.719415665,
      -0.59549886
    ]
  },
  {
    "timeStamp": 55450,
    "rotation": [
      [
        -0.35469842,
        0.317513943,
        0.8794168
      ],
      [
        0.558142,
        0.8265022,
        -0.07329163
      ],
      [
        -0.750111,
        0.464843035,
        -0.4703769
      ]
    ],
    "translation": [
      1.11243522,
      0.7287816,
      -0.602845252
    ]
  },
  {
    "timeStamp": 55505,
    "rotation": [
      [
        -0.324846029,
        0.3426349,
        0.8815193
      ],
      [
        0.573358536,
        0.812604845,
        -0.104562126
      ],
      [
        -0.7521536,
        0.471460074,
        -0.460424125
      ]
    ],
    "translation": [
      1.12359381,
      0.7456338,
      -0.6145826
    ]
  },
  {
    "timeStamp": 55550,
    "rotation": [
      [
        -0.297898948,
        0.359968662,
        0.884125948
      ],
      [
        0.600784242,
        0.7904445,
        -0.11939729
      ],
      [
        -0.7418318,
        0.495600641,
        -0.451736122
      ]
    ],
    "translation": [
      1.1374625,
      0.759841,
      -0.629558861
    ]
  },
  {
    "timeStamp": 55606,
    "rotation": [
      [
        -0.2514446,
        0.371074766,
        0.893912256
      ],
      [
        0.639463842,
        0.756989,
        -0.134364158
      ],
      [
        -0.726540864,
        0.5378394,
        -0.427629679
      ]
    ],
    "translation": [
      1.16131294,
      0.7779877,
      -0.657790065
    ]
  },
  {
    "timeStamp": 55650,
    "rotation": [
      [
        -0.210402325,
        0.370537,
        0.90467304
      ],
      [
        0.65843606,
        0.7377348,
        -0.149027944
      ],
      [
        -0.7226291,
        0.5643135,
        -0.399196059
      ]
    ],
    "translation": [
      1.18539143,
      0.7927027,
      -0.6828313
    ]
  },
  {
    "timeStamp": 55706,
    "rotation": [
      [
        -0.179975718,
        0.3616159,
        0.914791048
      ],
      [
        0.681821048,
        0.7161903,
        -0.148967981
      ],
      [
        -0.709033668,
        0.596913159,
        -0.375454217
      ]
    ],
    "translation": [
      1.22213209,
      0.8073561,
      -0.7141096
    ]
  },
  {
    "timeStamp": 55750,
    "rotation": [
      [
        -0.178607255,
        0.378874332,
        0.9080494
      ],
      [
        0.69957,
        0.6978654,
        -0.153576463
      ],
      [
        -0.6918825,
        0.607814252,
        -0.389692932
      ]
    ],
    "translation": [
      1.25505877,
      0.8197523,
      -0.73104167
    ]
  },
  {
    "timeStamp": 55795,
    "rotation": [
      [
        -0.202376336,
        0.4045218,
        0.891855359
      ],
      [
        0.7186283,
        0.6800291,
        -0.14537473
      ],
      [
        -0.6652948,
        0.611492038,
        -0.4283226
      ]
    ],
    "translation": [
      1.29042161,
      0.829597235,
      -0.7401925
    ]
  },
  {
    "timeStamp": 55850,
    "rotation": [
      [
        -0.264320254,
        0.468711823,
        0.8428784
      ],
      [
        0.7433705,
        0.6558119,
        -0.13157168
      ],
      [
        -0.6144389,
        0.591793835,
        -0.5217709
      ]
    ],
    "translation": [
      1.338943,
      0.8405299,
      -0.7365125
    ]
  },
  {
    "timeStamp": 55906,
    "rotation": [
      [
        -0.34355998,
        0.550833642,
        0.760624051
      ],
      [
        0.750818551,
        0.6476163,
        -0.129863948
      ],
      [
        -0.564125955,
        0.526474535,
        -0.636071146
      ]
    ],
    "translation": [
      1.39197016,
      0.853704333,
      -0.719151258
    ]
  },
  {
    "timeStamp": 55950,
    "rotation": [
      [
        -0.40729633,
        0.610275149,
        0.679466
      ],
      [
        0.7353613,
        0.6603408,
        -0.1522955
      ],
      [
        -0.541621268,
        0.4376236,
        -0.717727065
      ]
    ],
    "translation": [
      1.43978238,
      0.867724836,
      -0.6984952
    ]
  },
  {
    "timeStamp": 56006,
    "rotation": [
      [
        -0.50669086,
        0.6594541,
        0.555323958
      ],
      [
        0.685186148,
        0.6989675,
        -0.204852358
      ],
      [
        -0.523244143,
        0.276703417,
        -0.806009233
      ]
    ],
    "translation": [
      1.50997162,
      0.888856232,
      -0.6605588
    ]
  },
  {
    "timeStamp": 56050,
    "rotation": [
      [
        -0.593525052,
        0.6950637,
        0.405727029
      ],
      [
        0.661020458,
        0.708581865,
        -0.246908233
      ],
      [
        -0.459107757,
        0.121647634,
        -0.880012453
      ]
    ],
    "translation": [
      1.57920074,
      0.908576965,
      -0.6314227
    ]
  },
  {
    "timeStamp": 56106,
    "rotation": [
      [
        -0.700958967,
        0.6861172,
        0.1946788
      ],
      [
        0.617751,
        0.720505655,
        -0.315048158
      ],
      [
        -0.356427133,
        -0.1005728,
        -0.9288944
      ]
    ],
    "translation": [
      1.679543,
      0.936334431,
      -0.6037082
    ]
  },
  {
    "timeStamp": 56150,
    "rotation": [
      [
        -0.7721551,
        0.634589851,
        0.03274471
      ],
      [
        0.5813072,
        0.726255238,
        -0.366926759
      ],
      [
        -0.25662902,
        -0.264289647,
        -0.9296733
      ]
    ],
    "translation": [
      1.76269519,
      0.9574652,
      -0.598902941
    ]
  },
  {
    "timeStamp": 56195,
    "rotation": [
      [
        -0.8220724,
        0.557760954,
        -0.114454262
      ],
      [
        0.5507479,
        0.7279299,
        -0.4084053
      ],
      [
        -0.144477859,
        -0.398774177,
        -0.9055967
      ]
    ],
    "translation": [
      1.84629869,
      0.9749234,
      -0.605935037
    ]
  },
  {
    "timeStamp": 56250,
    "rotation": [
      [
        -0.8564838,
        0.441996843,
        -0.2665975
      ],
      [
        0.5161188,
        0.740864038,
        -0.429815978
      ],
      [
        0.007535208,
        -0.505726457,
        -0.862661
      ]
    ],
    "translation": [
      1.93980432,
      0.986496449,
      -0.631641865
    ]
  },
  {
    "timeStamp": 56306,
    "rotation": [
      [
        -0.8657588,
        0.339501232,
        -0.3676964
      ],
      [
        0.481229782,
        0.7664592,
        -0.4253918
      ],
      [
        0.137403235,
        -0.54523313,
        -0.8269469
      ]
    ],
    "translation": [
      2.016415,
      0.9871032,
      -0.664839268
    ]
  },
  {
    "timeStamp": 56350,
    "rotation": [
      [
        -0.8474033,
        0.299686283,
        -0.4382873
      ],
      [
        0.485472172,
        0.771597743,
        -0.4110397
      ],
      [
        0.214998513,
        -0.5610927,
        -0.7993439
      ]
    ],
    "translation": [
      2.062946,
      0.9830926,
      -0.689873934
    ]
  },
  {
    "timeStamp": 56406,
    "rotation": [
      [
        -0.8442965,
        0.254105628,
        -0.4717984
      ],
      [
        0.45254764,
        0.809615135,
        -0.373796672
      ],
      [
        0.286991268,
        -0.5291065,
        -0.7985501
      ]
    ],
    "translation": [
      2.10479522,
      0.9721513,
      -0.719952762
    ]
  },
  {
    "timeStamp": 56450,
    "rotation": [
      [
        -0.838642359,
        0.260758638,
        -0.4782091
      ],
      [
        0.45216924,
        0.8227907,
        -0.3443232
      ],
      [
        0.303680778,
        -0.504995465,
        -0.8079341
      ]
    ],
    "translation": [
      2.12235165,
      0.9645646,
      -0.738092065
    ]
  },
  {
    "timeStamp": 56506,
    "rotation": [
      [
        -0.824640334,
        0.301535,
        -0.4785864
      ],
      [
        0.477344722,
        0.8249099,
        -0.302763462
      ],
      [
        0.303496867,
        -0.478121638,
        -0.8241901
      ]
    ],
    "translation": [
      2.13042116,
      0.9542768,
      -0.75792253
    ]
  },
  {
    "timeStamp": 56550,
    "rotation": [
      [
        -0.8364531,
        0.309954017,
        -0.451967627
      ],
      [
        0.467011631,
        0.8346916,
        -0.291873336
      ],
      [
        0.286786258,
        -0.455212474,
        -0.8429325
      ]
    ],
    "translation": [
      2.131312,
      0.948363245,
      -0.7701608
    ]
  },
  {
    "timeStamp": 56606,
    "rotation": [
      [
        -0.852506042,
        0.320914149,
        -0.41261068
      ],
      [
        0.45314312,
        0.8472018,
        -0.277327269
      ],
      [
        0.2605663,
        -0.4233949,
        -0.8676647
      ]
    ],
    "translation": [
      2.12673378,
      0.93761605,
      -0.7807423
    ]
  },
  {
    "timeStamp": 56650,
    "rotation": [
      [
        -0.8497963,
        0.351194233,
        -0.393076152
      ],
      [
        0.469683081,
        0.842985034,
        -0.262248069
      ],
      [
        0.239257291,
        -0.40747866,
        -0.8813156
      ]
    ],
    "translation": [
      2.12015986,
      0.9272945,
      -0.7858272
    ]
  },
  {
    "timeStamp": 56706,
    "rotation": [
      [
        -0.8518082,
        0.360977322,
        -0.379629
      ],
      [
        0.469793051,
        0.8470147,
        -0.2487177
      ],
      [
        0.2317699,
        -0.390206844,
        -0.89107877
      ]
    ],
    "translation": [
      2.115356,
      0.915997267,
      -0.790634632
    ]
  },
  {
    "timeStamp": 56750,
    "rotation": [
      [
        -0.8501465,
        0.371268481,
        -0.373377353
      ],
      [
        0.474913955,
        0.8468927,
        -0.239226758
      ],
      [
        0.227393225,
        -0.3806999,
        -0.8963034
      ]
    ],
    "translation": [
      2.11227775,
      0.908462,
      -0.793489456
    ]
  },
  {
    "timeStamp": 56806,
    "rotation": [
      [
        -0.832451642,
        0.3936716,
        -0.389932
      ],
      [
        0.503997,
        0.830373347,
        -0.237628028
      ],
      [
        0.230241746,
        -0.394338429,
        -0.889654934
      ]
    ],
    "translation": [
      2.11039448,
      0.9027699,
      -0.795041263
    ]
  },
  {
    "timeStamp": 56850,
    "rotation": [
      [
        -0.8291875,
        0.4012747,
        -0.389135778
      ],
      [
        0.507848442,
        0.8316703,
        -0.22453168
      ],
      [
        0.233533785,
        -0.383800864,
        -0.8933974
      ]
    ],
    "translation": [
      2.10869551,
      0.896018565,
      -0.7967503
    ]
  }
]