[
  {
    "timeStamp": 35582,
    "rotation": [
      [
        0.9900257,
        0.009630685,
        0.1405576
      ],
      [
        -0.140739918,
        0.0220064446,
        0.989802
      ],
      [
        0.0064393,
        -0.999711454,
        0.0231423657
      ]
    ],
    "translation": [
      1.61867225,
      0.7030343,
      -0.488671064
    ]
  },
  {
    "timeStamp": 35626,
    "rotation": [
      [
        0.98484,
        -0.0169413239,
        0.172636256
      ],
      [
        -0.1720518,
        0.0314011462,
        0.9845873
      ],
      [
        -0.0221011844,
        -0.9993633,
        0.0280103181
      ]
    ],
    "translation": [
      1.61899078,
      0.704075336,
      -0.488138139
    ]
  },
  {
    "timeStamp": 35684,
    "rotation": [
      [
        0.9782608,
        0.0176582951,
        0.206624925
      ],
      [
        -0.206329882,
        -0.0171738658,
        0.978331745
      ],
      [
        0.0208242219,
        -0.999696553,
        -0.0131570874
      ]
    ],
    "translation": [
      1.62036955,
      0.715634942,
      -0.483869731
    ]
  },
  {
    "timeStamp": 35726,
    "rotation": [
      [
        0.9678125,
        0.0324755535,
        0.249568224
      ],
      [
        -0.246728182,
        -0.07316083,
        0.966319144
      ],
      [
        0.04964037,
        -0.996791244,
        -0.06279333
      ]
    ],
    "translation": [
      1.61866391,
      0.7370741,
      -0.4813917
    ]
  },
  {
    "timeStamp": 35781,
    "rotation": [
      [
        0.952104,
        0.07457873,
        0.296540231
      ],
      [
        -0.2831906,
        -0.150717035,
        0.947147
      ],
      [
        0.115330681,
        -0.985759854,
        -0.12237829
      ]
    ],
    "translation": [
      1.62023008,
      0.7681851,
      -0.484338373
    ]
  },
  {
    "timeStamp": 35826,
    "rotation": [
      [
        0.937581837,
        0.07443663,
        0.339705
      ],
      [
        -0.3211273,
        -0.18962273,
        0.927858
      ],
      [
        0.133482426,
        -0.9790313,
        -0.153883189
      ]
    ],
    "translation": [
      1.62980187,
      0.7923459,
      -0.493275642
    ]
  },
  {
    "timeStamp": 35882,
    "rotation": [
      [
        0.917865932,
        0.07175617,
        0.3903502
      ],
      [
        -0.369396269,
        -0.205241427,
        0.906323552
      ],
      [
        0.145150319,
        -0.9760774,
        -0.161877647
      ]
    ],
    "translation": [
      1.64959621,
      0.8167995,
      -0.5125387
    ]
  },
  {
    "timeStamp": 35926,
    "rotation": [
      [
        0.914276958,
        0.07025391,
        0.398951232
      ],
      [
        -0.3735367,
        -0.23485738,
        0.897392
      ],
      [
        0.156741932,
        -0.969487667,
        -0.18848227
      ]
    ],
    "translation": [
      1.67346656,
      0.8353533,
      -0.5293193
    ]
  },
  {
    "timeStamp": 35982,
    "rotation": [
      [
        0.9047156,
        0.0442809239,
        0.423708439
      ],
      [
        -0.39893207,
        -0.26090762,
        0.8790793
      ],
      [
        0.149475217,
        -0.964347661,
        -0.21838212
      ]
    ],
    "translation": [
      1.70997965,
      0.857747555,
      -0.551536858
    ]
  },
  {
    "timeStamp": 36026,
    "rotation": [
      [
        0.9119282,
        -8.301934E-05,
        0.410349816
      ],
      [
        -0.393110782,
        -0.286980242,
        0.873559535
      ],
      [
        0.117689759,
        -0.957936466,
        -0.261738
      ]
    ],
    "translation": [
      1.74912393,
      0.8733108,
      -0.5679803
    ]
  },
  {
    "timeStamp": 36081,
    "rotation": [
      [
        0.918250561,
        -0.07399313,
        0.389025629
      ],
      [
        -0.391631633,
        -0.315197766,
        0.8644507
      ],
      [
        0.058656618,
        -0.9461371,
        -0.318408549
      ]
    ],
    "translation": [
      1.8040961,
      0.891670763,
      -0.587611258
    ]
  },
  {
    "timeStamp": 36126,
    "rotation": [
      [
        0.921983,
        -0.1490155,
        0.3574099
      ],
      [
        -0.387153447,
        -0.3363178,
        0.85848856
      ],
      [
        -0.00772480667,
        -0.9298843,
        -0.367771119
      ]
    ],
    "translation": [
      1.85286462,
      0.9055631,
      -0.6038058
    ]
  },
  {
    "timeStamp": 36181,
    "rotation": [
      [
        0.916296,
        -0.249260053,
        0.313482
      ],
      [
        -0.387636781,
        -0.355164975,
        0.8506442
      ],
      [
        -0.100693777,
        -0.900959,
        -0.422058642
      ]
    ],
    "translation": [
      1.91425574,
      0.9209255,
      -0.6258267
    ]
  },
  {
    "timeStamp": 36226,
    "rotation": [
      [
        0.910021365,
        -0.322612375,
        0.260350585
      ],
      [
        -0.375083923,
        -0.373274267,
        0.8485154
      ],
      [
        -0.1765594,
        -0.8698204,
        -0.460694253
      ]
    ],
    "translation": [
      1.96340859,
      0.930199862,
      -0.644649267
    ]
  },
  {
    "timeStamp": 36281,
    "rotation": [
      [
        0.895166,
        -0.392609,
        0.211035654
      ],
      [
        -0.363702744,
        -0.369664043,
        0.855025649
      ],
      [
        -0.257678479,
        -0.842144132,
        -0.473703623
      ]
    ],
    "translation": [
      2.019052,
      0.933279634,
      -0.670179546
    ]
  },
  {
    "timeStamp": 36326,
    "rotation": [
      [
        0.8825043,
        -0.4251517,
        0.20107761
      ],
      [
        -0.36341843,
        -0.345087469,
        0.8653564
      ],
      [
        -0.2985184,
        -0.836756,
        -0.459049135
      ]
    ],
    "translation": [
      2.054739,
      0.928578436,
      -0.690328062
    ]
  },
  {
    "timeStamp": 36381,
    "rotation": [
      [
        0.86116606,
        -0.449764073,
        0.236865446
      ],
      [
        -0.399575979,
        -0.3109116,
        0.862364769
      ],
      [
        -0.3142165,
        -0.837285042,
        -0.447461456
      ]
    ],
    "translation": [
      2.087606,
      0.920346,
      -0.7127261
    ]
  },
  {
    "timeStamp": 36426,
    "rotation": [
      [
        0.895170033,
        -0.371819824,
        0.245806
      ],
      [
        -0.3633997,
        -0.289495438,
        0.8855129
      ],
      [
        -0.258091539,
        -0.8820104,
        -0.394266844
      ]
    ],
    "translation": [
      2.102124,
      0.9063848,
      -0.727577567
    ]
  },
  {
    "timeStamp": 36481,
    "rotation": [
      [
        0.930952251,
        -0.286954343,
        0.22579883
      ],
      [
        -0.292433828,
        -0.215624616,
        0.931659
      ],
      [
        -0.21865581,
        -0.9333613,
        -0.284651369
      ]
    ],
    "translation": [
      2.11662149,
      0.8802615,
      -0.7452828
    ]
  },
  {
    "timeStamp": 36526,
    "rotation": [
      [
        0.9521198,
        -0.170098647,
        0.2540358
      ],
      [
        -0.286441952,
        -0.205895737,
        0.9357125
      ],
      [
        -0.106858529,
        -0.963677,
        -0.244760811
      ]
    ],
    "translation": [
      2.113414,
      0.867460847,
      -0.7517801
    ]
  },
  {
    "timeStamp": 36581,
    "rotation": [
      [
        0.989622056,
        0.0103207128,
        0.1433235
      ],
      [
        -0.138914585,
        -0.186405748,
        0.9726025
      ],
      [
        0.03675429,
        -0.9824186,
        -0.183037549
      ]
    ],
    "translation": [
      2.11853433,
      0.8480321,
      -0.7579003
    ]
  },
  {
    "timeStamp": 36625,
    "rotation": [
      [
        0.9857461,
        0.12278299,
        0.115017168
      ],
      [
        -0.09677638,
        -0.145397022,
        0.984628856
      ],
      [
        0.137618855,
        -0.981725,
        -0.131442055
      ]
    ],
    "translation": [
      2.11774731,
      0.832618237,
      -0.7595587
    ]
  },
  {
    "timeStamp": 36681,
    "rotation": [
      [
        0.968482435,
        0.226175725,
        0.104336955
      ],
      [
        -0.0700047,
        -0.1548405,
        0.9854561
      ],
      [
        0.23904185,
        -0.961701035,
        -0.134126946
      ]
    ],
    "translation": [
      2.116619,
      0.8226526,
      -0.7520148
    ]
  },
  {
    "timeStamp": 36726,
    "rotation": [
      [
        0.9427223,
        0.328894347,
        0.05570517
      ],
      [
        -0.009542518,
        -0.140335053,
        0.990058064
      ],
      [
        0.3334419,
        -0.9338814,
        -0.129158512
      ]
    ],
    "translation": [
      2.115747,
      0.81338,
      -0.74604243
    ]
  },
  {
    "timeStamp": 36781,
    "rotation": [
      [
        0.908203363,
        0.4181695,
        0.0173455738
      ],
      [
        0.0356306657,
        -0.118545376,
        0.992309153
      ],
      [
        0.417009652,
        -0.9006005,
        -0.122562967
      ]
    ],
    "translation": [
      2.11485648,
      0.800266743,
      -0.740210533
    ]
  },
  {
    "timeStamp": 36826,
    "rotation": [
      [
        0.8880961,
        0.4594709,
        0.0131061273
      ],
      [
        0.046920374,
        -0.118980967,
        0.991787255
      ],
      [
        0.457256764,
        -0.880187452,
        -0.127225086
      ]
    ],
    "translation": [
      2.11376119,
      0.7939687,
      -0.73366195
    ]
  },
  {
    "timeStamp": 36881,
    "rotation": [
      [
        0.8597812,
        0.5105678,
        -0.009841844
      ],
      [
        0.06648238,
        -0.09280413,
        0.9934624
      ],
      [
        0.506316543,
        -0.8548146,
        -0.113735005
      ]
    ],
    "translation": [
      2.113819,
      0.7833593,
      -0.72887826
    ]
  },
  {
    "timeStamp": 36925,
    "rotation": [
      [
        0.838426948,
        0.5447458,
        -0.01709439
      ],
      [
        0.0768639,
        -0.08713451,
        0.9932268
      ],
      [
        0.539566636,
        -0.8340621,
        -0.11492721
      ]
    ],
    "translation": [
      2.1137774,
      0.776456356,
      -0.7258409
    ]
  },
  {
    "timeStamp": 36981,
    "rotation": [
      [
        0.8232151,
        0.566822052,
        -0.03208736
      ],
      [
        0.09294107,
        -0.0787940845,
        0.992548943
      ],
      [
        0.560070336,
        -0.820063531,
        -0.11754553
      ]
    ],
    "translation": [
      2.115331,
      0.7690052,
      -0.72082907
    ]
  },
  {
    "timeStamp": 37025,
    "rotation": [
      [
        0.816295862,
        0.575699568,
        -0.04723472
      ],
      [
        0.109543286,
        -0.0739961341,
        0.991223931
      ],
      [
        0.567152,
        -0.8143062,
        -0.12346676
      ]
    ],
    "translation": [
      2.117812,
      0.7628806,
      -0.7166483
    ]
  }
]