[
  {
    "timeStamp": 40379,
    "rotation": [
      [
        0.6789008,
        -0.4458756,
        -0.5833427
      ],
      [
        0.573961258,
        0.817756236,
        0.0429339148
      ],
      [
        0.457888931,
        -0.363963962,
        0.811090648
      ]
    ],
    "translation": [
      1.62854934,
      0.700583,
      -0.745294869
    ]
  },
  {
    "timeStamp": 40435,
    "rotation": [
      [
        0.6563436,
        -0.484797955,
        -0.5780865
      ],
      [
        0.5961673,
        0.802852154,
        0.00357991084
      ],
      [
        0.462382466,
        -0.346985936,
        0.8159676
      ]
    ],
    "translation": [
      1.62818038,
      0.704229534,
      -0.745305
    ]
  },
  {
    "timeStamp": 40479,
    "rotation": [
      [
        0.68390286,
        -0.4424248,
        -0.5801183
      ],
      [
        0.574833333,
        0.8164177,
        0.0550347753
      ],
      [
        0.4492701,
        -0.371109754,
        0.8126709
      ]
    ],
    "translation": [
      1.6222564,
      0.707788765,
      -0.740761
    ]
  },
  {
    "timeStamp": 40535,
    "rotation": [
      [
        0.7153079,
        -0.425872236,
        -0.554046452
      ],
      [
        0.557077348,
        0.826184332,
        0.08416775
      ],
      [
        0.4218998,
        -0.3688526,
        0.82822
      ]
    ],
    "translation": [
      1.623329,
      0.721935749,
      -0.7379432
    ]
  },
  {
    "timeStamp": 40579,
    "rotation": [
      [
        0.7432433,
        -0.412447572,
        -0.5267602
      ],
      [
        0.5394283,
        0.8351825,
        0.107178718
      ],
      [
        0.395735323,
        -0.363809258,
        0.843229651
      ]
    ],
    "translation": [
      1.6292299,
      0.7347473,
      -0.736344337
    ]
  },
  {
    "timeStamp": 40635,
    "rotation": [
      [
        0.7858376,
        -0.3989835,
        -0.47251606
      ],
      [
        0.5134337,
        0.8468219,
        0.138847262
      ],
      [
        0.344739139,
        -0.351717055,
        0.870316
      ]
    ],
    "translation": [
      1.64139593,
      0.752656341,
      -0.7332273
    ]
  },
  {
    "timeStamp": 40679,
    "rotation": [
      [
        0.821299553,
        -0.39305234,
        -0.413493484
      ],
      [
        0.490775645,
        0.85631603,
        0.160817027
      ],
      [
        0.2908716,
        -0.335011482,
        0.8961925
      ]
    ],
    "translation": [
      1.657387,
      0.7674363,
      -0.730445
    ]
  },
  {
    "timeStamp": 40735,
    "rotation": [
      [
        0.8608069,
        -0.390922844,
        -0.325869322
      ],
      [
        0.462986559,
        0.867378354,
        0.18247813
      ],
      [
        0.211317122,
        -0.30795157,
        0.9276373
      ]
    ],
    "translation": [
      1.68332279,
      0.784444,
      -0.727963269
    ]
  },
  {
    "timeStamp": 40779,
    "rotation": [
      [
        0.888468444,
        -0.391556948,
        -0.2393887
      ],
      [
        0.4400625,
        0.8749031,
        0.202211916
      ],
      [
        0.130264431,
        -0.285004884,
        0.9496333
      ]
    ],
    "translation": [
      1.7090683,
      0.798191,
      -0.7257128
    ]
  },
  {
    "timeStamp": 40835,
    "rotation": [
      [
        0.913163364,
        -0.387893081,
        -0.125186324
      ],
      [
        0.4068543,
        0.885941744,
        0.222658455
      ],
      [
        0.024540117,
        -0.254256159,
        0.966825545
      ]
    ],
    "translation": [
      1.74435055,
      0.8155045,
      -0.7249874
    ]
  },
  {
    "timeStamp": 40879,
    "rotation": [
      [
        0.9169807,
        -0.396710336,
        -0.04203844
      ],
      [
        0.394219428,
        0.8849559,
        0.247879177
      ],
      [
        -0.0611340664,
        -0.243872792,
        0.9678784
      ]
    ],
    "translation": [
      1.77621126,
      0.8289045,
      -0.725069046
    ]
  },
  {
    "timeStamp": 40935,
    "rotation": [
      [
        0.9082093,
        -0.413662434,
        0.06355542
      ],
      [
        0.381525546,
        0.880755544,
        0.280549377
      ],
      [
        -0.172029525,
        -0.230549544,
        0.957733154
      ]
    ],
    "translation": [
      1.81935191,
      0.845162451,
      -0.725479543
    ]
  },
  {
    "timeStamp": 40979,
    "rotation": [
      [
        0.8911126,
        -0.427036643,
        0.153485909
      ],
      [
        0.3673533,
        0.877439,
        0.308467716
      ],
      [
        -0.266401529,
        -0.218495935,
        0.938770354
      ]
    ],
    "translation": [
      1.85601771,
      0.8582378,
      -0.7270746
    ]
  },
  {
    "timeStamp": 41035,
    "rotation": [
      [
        0.8526719,
        -0.461987227,
        0.243963778
      ],
      [
        0.360106915,
        0.858025551,
        0.366217345
      ],
      [
        -0.3785149,
        -0.224410221,
        0.89797914
      ]
    ],
    "translation": [
      1.90568447,
      0.8759136,
      -0.7274822
    ]
  },
  {
    "timeStamp": 41079,
    "rotation": [
      [
        0.8112859,
        -0.490595251,
        0.3180118
      ],
      [
        0.3514667,
        0.8439268,
        0.405288458
      ],
      [
        -0.467211246,
        -0.217034265,
        0.8570938
      ]
    ],
    "translation": [
      1.94595122,
      0.8879526,
      -0.7294988
    ]
  },
  {
    "timeStamp": 41135,
    "rotation": [
      [
        0.7563344,
        -0.513528168,
        0.405274
      ],
      [
        0.3231481,
        0.8319277,
        0.4510782
      ],
      [
        -0.568800032,
        -0.210202456,
        0.795161247
      ]
    ],
    "translation": [
      1.99593329,
      0.9029951,
      -0.7315031
    ]
  },
  {
    "timeStamp": 41179,
    "rotation": [
      [
        0.713944733,
        -0.529700756,
        0.457930118
      ],
      [
        0.308252424,
        0.824982,
        0.473693162
      ],
      [
        -0.62869966,
        -0.197032675,
        0.7522731
      ]
    ],
    "translation": [
      2.03219819,
      0.9099934,
      -0.7339167
    ]
  },
  {
    "timeStamp": 41234,
    "rotation": [
      [
        0.6741526,
        -0.536764,
        0.507348657
      ],
      [
        0.293003768,
        0.824908435,
        0.4833992
      ],
      [
        -0.6779875,
        -0.177229762,
        0.7133881
      ]
    ],
    "translation": [
      2.07170224,
      0.9111317,
      -0.7359849
    ]
  },
  {
    "timeStamp": 41279,
    "rotation": [
      [
        0.6654959,
        -0.524674356,
        0.5308786
      ],
      [
        0.294925421,
        0.8382156,
        0.4587086
      ],
      [
        -0.685663342,
        -0.1486991,
        0.7125689
      ]
    ],
    "translation": [
      2.0946064,
      0.9020377,
      -0.737138
    ]
  },
  {
    "timeStamp": 41335,
    "rotation": [
      [
        0.6670168,
        -0.5196068,
        0.5339451
      ],
      [
        0.296078533,
        0.8425095,
        0.450016946
      ],
      [
        -0.68368566,
        -0.142079189,
        0.715812445
      ]
    ],
    "translation": [
      2.11435223,
      0.8899903,
      -0.735167563
    ]
  },
  {
    "timeStamp": 41379,
    "rotation": [
      [
        0.6970829,
        -0.497063249,
        0.5167239
      ],
      [
        0.298421979,
        0.8564348,
        0.42126447
      ],
      [
        -0.651935339,
        -0.1394545,
        0.745340645
      ]
    ],
    "translation": [
      2.12023473,
      0.8775787,
      -0.7316148
    ]
  },
  {
    "timeStamp": 41434,
    "rotation": [
      [
        0.733222365,
        -0.476427466,
        0.485182256
      ],
      [
        0.294729382,
        0.8656748,
        0.404650152
      ],
      [
        -0.6127965,
        -0.153701082,
        0.7751493
      ]
    ],
    "translation": [
      2.12050033,
      0.8641952,
      -0.7246954
    ]
  },
  {
    "timeStamp": 41479,
    "rotation": [
      [
        0.756941259,
        -0.463869154,
        0.460288316
      ],
      [
        0.301219046,
        0.8727401,
        0.3841768
      ],
      [
        -0.5799198,
        -0.152151644,
        0.8003392
      ]
    ],
    "translation": [
      2.119104,
      0.852988,
      -0.7199386
    ]
  },
  {
    "timeStamp": 41534,
    "rotation": [
      [
        0.7773531,
        -0.463303775,
        0.425525248
      ],
      [
        0.3167768,
        0.872717,
        0.371507078
      ],
      [
        -0.543483734,
        -0.153995663,
        0.8251732
      ]
    ],
    "translation": [
      2.11543512,
      0.83894676,
      -0.714731336
    ]
  },
  {
    "timeStamp": 41579,
    "rotation": [
      [
        0.778115153,
        -0.487347066,
        0.396269679
      ],
      [
        0.346144468,
        0.8591397,
        0.376912415
      ],
      [
        -0.524138153,
        -0.156114712,
        0.837202132
      ]
    ],
    "translation": [
      2.115864,
      0.828878939,
      -0.7117379
    ]
  },
  {
    "timeStamp": 41634,
    "rotation": [
      [
        0.7635956,
        -0.522338569,
        0.379584283
      ],
      [
        0.3790123,
        0.8385271,
        0.3914359
      ],
      [
        -0.5227537,
        -0.1550316,
        0.83826834
      ]
    ],
    "translation": [
      2.119562,
      0.8191614,
      -0.7083553
    ]
  }
]