[
  {
    "timeStamp": 58427,
    "rotation": [
      [
        0.999994457,
        0.00333389686,
        -1.05574773E-05
      ],
      [
        -0.003333849,
        0.999989748,
        0.00307065155
      ],
      [
        2.0794605E-05,
        -0.0030705994,
        0.9999953
      ]
    ],
    "translation": [
      1.30797911,
      0.6957671,
      -0.7499818
    ]
  },
  {
    "timeStamp": 58482,
    "rotation": [
      [
        0.9999978,
        0.00205819542,
        -0.000495251443
      ],
      [
        -0.00205543754,
        0.9999828,
        0.005505836
      ],
      [
        0.000506575,
        -0.005504806,
        0.999984741
      ]
    ],
    "translation": [
      1.31267393,
      0.6958444,
      -0.753399
    ]
  },
  {
    "timeStamp": 58527,
    "rotation": [
      [
        0.999972165,
        -0.00711482437,
        0.00227388786
      ],
      [
        0.007128433,
        0.9999564,
        -0.006033627
      ],
      [
        -0.00223086053,
        0.006049668,
        0.999979258
      ]
    ],
    "translation": [
      1.31892467,
      0.70133394,
      -0.7579769
    ]
  },
  {
    "timeStamp": 58582,
    "rotation": [
      [
        0.9995291,
        0.0299780164,
        0.006551906
      ],
      [
        -0.0298635215,
        0.9994107,
        -0.0169248786
      ],
      [
        -0.0070554195,
        0.0167212449,
        0.9998353
      ]
    ],
    "translation": [
      1.32425261,
      0.7112296,
      -0.761579454
    ]
  },
  {
    "timeStamp": 58626,
    "rotation": [
      [
        0.9983111,
        0.0541636348,
        0.0210069716
      ],
      [
        -0.05334971,
        0.997869968,
        -0.0375424176
      ],
      [
        -0.0229956582,
        0.0363582969,
        0.9990743
      ]
    ],
    "translation": [
      1.32922971,
      0.7190568,
      -0.763159
    ]
  },
  {
    "timeStamp": 58682,
    "rotation": [
      [
        0.9931196,
        0.09632434,
        0.06659644
      ],
      [
        -0.09319917,
        0.9944632,
        -0.04854752
      ],
      [
        -0.07090402,
        0.04200676,
        0.996598244
      ]
    ],
    "translation": [
      1.33831573,
      0.7348999,
      -0.7598214
    ]
  },
  {
    "timeStamp": 58726,
    "rotation": [
      [
        0.9816882,
        0.151404038,
        0.115607738
      ],
      [
        -0.146012738,
        0.987818241,
        -0.05380855
      ],
      [
        -0.122346267,
        0.0359430164,
        0.991836369
      ]
    ],
    "translation": [
      1.34866488,
      0.7550926,
      -0.7541436
    ]
  },
  {
    "timeStamp": 58782,
    "rotation": [
      [
        0.9579762,
        0.218514785,
        0.1858301
      ],
      [
        -0.214165375,
        0.975832,
        -0.0434180275
      ],
      [
        -0.190826431,
        0.00179506571,
        0.981622159
      ]
    ],
    "translation": [
      1.36921287,
      0.783848763,
      -0.7437298
    ]
  },
  {
    "timeStamp": 58826,
    "rotation": [
      [
        0.931509256,
        0.267400056,
        0.246551573
      ],
      [
        -0.267351568,
        0.962987542,
        -0.03432327
      ],
      [
        -0.24660413,
        -0.0339435041,
        0.9685217
      ]
    ],
    "translation": [
      1.39502954,
      0.806786954,
      -0.7343527
    ]
  },
  {
    "timeStamp": 58882,
    "rotation": [
      [
        0.8862635,
        0.304240942,
        0.3492484
      ],
      [
        -0.3221514,
        0.946661055,
        -0.00716399075
      ],
      [
        -0.332799464,
        -0.106161684,
        0.9370027
      ]
    ],
    "translation": [
      1.43903041,
      0.8331147,
      -0.7184193
    ]
  },
  {
    "timeStamp": 58927,
    "rotation": [
      [
        0.8368969,
        0.3260411,
        0.439659864
      ],
      [
        -0.356231242,
        0.9342814,
        -0.0147507563
      ],
      [
        -0.415575355,
        -0.14427571,
        0.8980433
      ]
    ],
    "translation": [
      1.48158622,
      0.852345765,
      -0.704364061
    ]
  },
  {
    "timeStamp": 58982,
    "rotation": [
      [
        0.775077641,
        0.318353951,
        0.545807064
      ],
      [
        -0.36845687,
        0.929452837,
        -0.0188936815
      ],
      [
        -0.5133168,
        -0.1864623,
        0.8376978
      ]
    ],
    "translation": [
      1.54349732,
      0.870842159,
      -0.6871814
    ]
  },
  {
    "timeStamp": 59026,
    "rotation": [
      [
        0.708990932,
        0.312401056,
        0.6322479
      ],
      [
        -0.395146936,
        0.9185549,
        -0.0107583255
      ],
      [
        -0.5841153,
        -0.242203265,
        0.774691463
      ]
    ],
    "translation": [
      1.59874654,
      0.8881155,
      -0.674882352
    ]
  },
  {
    "timeStamp": 59082,
    "rotation": [
      [
        0.599228,
        0.302435428,
        0.7412547
      ],
      [
        -0.421349257,
        0.9064279,
        -0.029209435
      ],
      [
        -0.680727959,
        -0.294824,
        0.670587957
      ]
    ],
    "translation": [
      1.67494881,
      0.910542846,
      -0.6620785
    ]
  },
  {
    "timeStamp": 59126,
    "rotation": [
      [
        0.502545357,
        0.264750123,
        0.8230161
      ],
      [
        -0.443240881,
        0.896228731,
        -0.0176521838
      ],
      [
        -0.7422841,
        -0.355923384,
        0.567743659
      ]
    ],
    "translation": [
      1.74020219,
      0.926727653,
      -0.6546252
    ]
  },
  {
    "timeStamp": 59182,
    "rotation": [
      [
        0.393454522,
        0.204141423,
        0.896392643
      ],
      [
        -0.4618542,
        0.886955559,
        0.0007298628
      ],
      [
        -0.794911444,
        -0.414289862,
        0.443260252
      ]
    ],
    "translation": [
      1.82126939,
      0.943475664,
      -0.6527877
    ]
  },
  {
    "timeStamp": 59226,
    "rotation": [
      [
        0.321687818,
        0.152103037,
        0.934548855
      ],
      [
        -0.4729026,
        0.88090086,
        0.0194096938
      ],
      [
        -0.820292652,
        -0.448194474,
        0.355305
      ]
    ],
    "translation": [
      1.88301408,
      0.9551615,
      -0.656724453
    ]
  },
  {
    "timeStamp": 59282,
    "rotation": [
      [
        0.237229809,
        0.08256894,
        0.9679382
      ],
      [
        -0.489576131,
        0.870761633,
        0.0457097143
      ],
      [
        -0.839069247,
        -0.484723121,
        0.2469944
      ]
    ],
    "translation": [
      1.95622289,
      0.9683548,
      -0.6668309
    ]
  },
  {
    "timeStamp": 59326,
    "rotation": [
      [
        0.174511909,
        0.0340608135,
        0.984065831
      ],
      [
        -0.488417029,
        0.870780945,
        0.0564749651
      ],
      [
        -0.854982138,
        -0.490490049,
        0.168597519
      ]
    ],
    "translation": [
      2.010995,
      0.974251449,
      -0.677422345
    ]
  },
  {
    "timeStamp": 59382,
    "rotation": [
      [
        0.104976758,
        -0.0280385576,
        0.994079351
      ],
      [
        -0.4657835,
        0.881794155,
        0.07405916
      ],
      [
        -0.8786499,
        -0.470800251,
        0.079508
      ]
    ],
    "translation": [
      2.07242727,
      0.972187757,
      -0.6924301
    ]
  },
  {
    "timeStamp": 59426,
    "rotation": [
      [
        0.0605297275,
        -0.08752079,
        0.994322062
      ],
      [
        -0.438623816,
        0.8924852,
        0.10525845
      ],
      [
        -0.89663,
        -0.442504585,
        0.0156331826
      ]
    ],
    "translation": [
      2.11615229,
      0.9644561,
      -0.7049518
    ]
  },
  {
    "timeStamp": 59482,
    "rotation": [
      [
        0.0331692956,
        -0.144468039,
        0.9889534
      ],
      [
        -0.368184656,
        0.9181426,
        0.1464727
      ],
      [
        -0.929160833,
        -0.368975878,
        -0.0227367748
      ]
    ],
    "translation": [
      2.1586566,
      0.946808934,
      -0.7208793
    ]
  },
  {
    "timeStamp": 59526,
    "rotation": [
      [
        0.0140867513,
        -0.160293236,
        0.986968935
      ],
      [
        -0.313403636,
        0.9366205,
        0.1565893
      ],
      [
        -0.9495155,
        -0.3115255,
        -0.037042547
      ]
    ],
    "translation": [
      2.18241739,
      0.9316851,
      -0.732129753
    ]
  },
  {
    "timeStamp": 59582,
    "rotation": [
      [
        -0.005708307,
        -0.1588282,
        0.9872897
      ],
      [
        -0.2685211,
        0.9512881,
        0.151483968
      ],
      [
        -0.9632569,
        -0.264243424,
        -0.0480789654
      ]
    ],
    "translation": [
      2.202976,
      0.9162112,
      -0.74201715
    ]
  },
  {
    "timeStamp": 59626,
    "rotation": [
      [
        0.000702470134,
        -0.171010017,
        0.98526907
      ],
      [
        -0.240205973,
        0.956393659,
        0.166169465
      ],
      [
        -0.9707217,
        -0.23678425,
        -0.04040579
      ]
    ],
    "translation": [
      2.21259141,
      0.903655946,
      -0.746063
    ]
  },
  {
    "timeStamp": 59682,
    "rotation": [
      [
        0.0190963447,
        -0.18376793,
        0.982784152
      ],
      [
        -0.199353382,
        0.9625259,
        0.1838535
      ],
      [
        -0.9797416,
        -0.199432269,
        -0.01825403
      ]
    ],
    "translation": [
      2.218259,
      0.8884224,
      -0.7478146
    ]
  },
  {
    "timeStamp": 59726,
    "rotation": [
      [
        0.0183350537,
        -0.180480823,
        0.983407557
      ],
      [
        -0.2046982,
        0.962061167,
        0.1803797
      ],
      [
        -0.9786534,
        -0.204609036,
        -0.01930466
      ]
    ],
    "translation": [
      2.2216506,
      0.880474269,
      -0.7467957
    ]
  }
]