[
  {
    "timeStamp": 1,
    "rotation": [
      [
        -0.9847656,
        0.05567537,
        -0.164733127
      ],
      [
        0.1264692,
        0.879505157,
        -0.458776832
      ],
      [
        0.119341061,
        -0.4726213,
        -0.873147666
      ]
    ],
    "translation": [
      1.663702,
      1.582843,
      -1.24294829
    ]
  },
  {
    "timeStamp": 13,
    "rotation": [
      [
        -0.985086,
        0.0560975336,
        -0.162660986
      ],
      [
        0.1259498,
        0.8791724,
        -0.4595569
      ],
      [
        0.11722704,
        -0.473190218,
        -0.8731259
      ]
    ],
    "translation": [
      1.664046,
      1.58277047,
      -1.24262238
    ]
  },
  {
    "timeStamp": 33,
    "rotation": [
      [
        -0.9918427,
        0.0777125359,
        -0.101038769
      ],
      [
        0.116634913,
        0.873077035,
        -0.4734267
      ],
      [
        0.0514234453,
        -0.481349468,
        -0.875019
      ]
    ],
    "translation": [
      1.67505014,
      1.58215845,
      -1.23809433
    ]
  },
  {
    "timeStamp": 86,
    "rotation": [
      [
        -0.9933802,
        0.111225791,
        -0.0287163146
      ],
      [
        0.110919915,
        0.863725841,
        -0.491603941
      ],
      [
        -0.0298760142,
        -0.4915348,
        -0.8703453
      ]
    ],
    "translation": [
      1.68763947,
      1.58063054,
      -1.23245382
    ]
  },
  {
    "timeStamp": 130,
    "rotation": [
      [
        -0.9886325,
        0.143905386,
        0.0435543
      ],
      [
        0.101971149,
        0.85463357,
        -0.5091202
      ],
      [
        -0.1104881,
        -0.498891532,
        -0.8595927
      ]
    ],
    "translation": [
      1.700022,
      1.57902181,
      -1.2257297
    ]
  },
  {
    "timeStamp": 186,
    "rotation": [
      [
        -0.968768,
        0.197287157,
        0.150221184
      ],
      [
        0.08738878,
        0.8385705,
        -0.5377386
      ],
      [
        -0.23205997,
        -0.5078163,
        -0.8296209
      ]
    ],
    "translation": [
      1.71851707,
      1.575907,
      -1.21335483
    ]
  },
  {
    "timeStamp": 230,
    "rotation": [
      [
        -0.935202241,
        0.252665222,
        0.248106956
      ],
      [
        0.07379078,
        0.8243093,
        -0.561310232
      ],
      [
        -0.346340418,
        -0.5066306,
        -0.789540231
      ]
    ],
    "translation": [
      1.735095,
      1.573368,
      -1.20012069
    ]
  },
  {
    "timeStamp": 361,
    "rotation": [
      [
        -0.9223041,
        0.270815223,
        0.275706679
      ],
      [
        0.07123934,
        0.820318639,
        -0.5674525
      ],
      [
        -0.379842073,
        -0.5037226,
        -0.775876
      ]
    ],
    "translation": [
      1.7395674,
      1.57268751,
      -1.19483209
    ]
  },
  {
    "timeStamp": 363,
    "rotation": [
      [
        -0.9223041,
        0.270815223,
        0.275706679
      ],
      [
        0.07123934,
        0.820318639,
        -0.5674525
      ],
      [
        -0.379842073,
        -0.5037226,
        -0.775876
      ]
    ],
    "translation": [
      1.7395674,
      1.57268751,
      -1.19483209
    ]
  },
  {
    "timeStamp": 404,
    "rotation": [
      [
        -0.621708,
        0.5093612,
        0.5950045
      ],
      [
        0.0264915191,
        0.772902,
        -0.633972168
      ],
      [
        -0.782801032,
        -0.378382981,
        -0.494013041
      ]
    ],
    "translation": [
      1.80175853,
      1.56390607,
      -1.1171608
    ]
  },
  {
    "timeStamp": 448,
    "rotation": [
      [
        -0.512044,
        0.5597006,
        0.651572049
      ],
      [
        0.0151852677,
        0.7643399,
        -0.6446347
      ],
      [
        -0.858824968,
        -0.320187032,
        -0.399874866
      ]
    ],
    "translation": [
      1.81542087,
      1.56190932,
      -1.09076023
    ]
  },
  {
    "timeStamp": 504,
    "rotation": [
      [
        -0.368173242,
        0.6151848,
        0.697134256
      ],
      [
        0.0034896133,
        0.7507115,
        -0.660621
      ],
      [
        -0.9297507,
        -0.240790248,
        -0.278538644
      ]
    ],
    "translation": [
      1.83016634,
      1.55890572,
      -1.05598307
    ]
  },
  {
    "timeStamp": 548,
    "rotation": [
      [
        -0.24461925,
        0.6540877,
        0.7157728
      ],
      [
        0.000905484,
        0.7383536,
        -0.674413145
      ],
      [
        -0.9696188,
        -0.16432631,
        -0.181207791
      ]
    ],
    "translation": [
      1.83930016,
      1.55589354,
      -1.02734232
    ]
  },
  {
    "timeStamp": 604,
    "rotation": [
      [
        -0.0937237,
        0.6890406,
        0.7186369
      ],
      [
        -0.00306127034,
        0.721611261,
        -0.692291737
      ],
      [
        -0.995593548,
        -0.06708408,
        -0.06552274
      ]
    ],
    "translation": [
      1.847863,
      1.55130351,
      -0.991308451
    ]
  },
  {
    "timeStamp": 648,
    "rotation": [
      [
        0.0231559575,
        0.7062511,
        0.707582653
      ],
      [
        -0.00757628726,
        0.7078761,
        -0.706296
      ],
      [
        -0.9997031,
        0.0109941121,
        0.02174231
      ]
    ],
    "translation": [
      1.85221863,
      1.54698741,
      -0.9627168
    ]
  },
  {
    "timeStamp": 704,
    "rotation": [
      [
        0.167901173,
        0.718937159,
        0.6744913
      ],
      [
        -0.008036234,
        0.6851798,
        -0.7283296
      ],
      [
        -0.98577106,
        0.116867021,
        0.120820045
      ]
    ],
    "translation": [
      1.8536725,
      1.540373,
      -0.928708553
    ]
  },
  {
    "timeStamp": 748,
    "rotation": [
      [
        0.277195126,
        0.7218866,
        0.63406837
      ],
      [
        -0.0068523623,
        0.6613971,
        -0.750004649
      ],
      [
        -0.960789263,
        0.203552768,
        0.188282669
      ]
    ],
    "translation": [
      1.8513062,
      1.534988,
      -0.9041438
    ]
  },
  {
    "timeStamp": 805,
    "rotation": [
      [
        0.3647909,
        0.715899944,
        0.5953276
      ],
      [
        -0.009288594,
        0.642154455,
        -0.766519
      ],
      [
        -0.931043148,
        0.2740894,
        0.2409018
      ]
    ],
    "translation": [
      1.84740591,
      1.53117025,
      -0.8827765
    ]
  },
  {
    "timeStamp": 850,
    "rotation": [
      [
        0.4604483,
        0.6965959,
        0.5502195
      ],
      [
        -0.009633864,
        0.6237203,
        -0.781588256
      ],
      [
        -0.8876342,
        0.354580253,
        0.293901861
      ]
    ],
    "translation": [
      1.84243572,
      1.52739656,
      -0.8583181
    ]
  },
  {
    "timeStamp": 896,
    "rotation": [
      [
        0.531497657,
        0.673007548,
        0.51436466
      ],
      [
        -0.0104639083,
        0.612405658,
        -0.7904744
      ],
      [
        -0.846995056,
        0.41475302,
        0.332534462
      ]
    ],
    "translation": [
      1.83839536,
      1.52505553,
      -0.84102416
    ]
  },
  {
    "timeStamp": 952,
    "rotation": [
      [
        0.6151399,
        0.637473,
        0.4639301
      ],
      [
        -0.0108729322,
        0.5952348,
        -0.803478241
      ],
      [
        -0.788343,
        0.489207268,
        0.3730839
      ]
    ],
    "translation": [
      1.83159637,
      1.52172458,
      -0.821259
    ]
  },
  {
    "timeStamp": 998,
    "rotation": [
      [
        0.6828853,
        0.600400865,
        0.416156918
      ],
      [
        -0.0116047775,
        0.5785116,
        -0.815591633
      ],
      [
        -0.7304335,
        0.5521261,
        0.402024537
      ]
    ],
    "translation": [
      1.82551694,
      1.518422,
      -0.80735445
    ]
  },
  {
    "timeStamp": 1053,
    "rotation": [
      [
        0.7582388,
        0.549354851,
        0.351117074
      ],
      [
        -0.0152805988,
        0.5533681,
        -0.832796633
      ],
      [
        -0.6517979,
        0.6260934,
        0.427979618
      ]
    ],
    "translation": [
      1.81657672,
      1.51410413,
      -0.7930846
    ]
  },
  {
    "timeStamp": 1097,
    "rotation": [
      [
        0.808557332,
        0.5046227,
        0.30264008
      ],
      [
        -0.0215184,
        0.53934294,
        -0.84181124
      ],
      [
        -0.588023841,
        0.674140334,
        0.446948379
      ]
    ],
    "translation": [
      1.80992091,
      1.51131451,
      -0.7831106
    ]
  },
  {
    "timeStamp": 1153,
    "rotation": [
      [
        0.8608003,
        0.445180148,
        0.24665238
      ],
      [
        -0.0294796024,
        0.5274367,
        -0.8490827
      ],
      [
        -0.5080883,
        0.723619461,
        0.4671414
      ]
    ],
    "translation": [
      1.8022058,
      1.50927436,
      -0.773023248
    ]
  },
  {
    "timeStamp": 1198,
    "rotation": [
      [
        0.8953853,
        0.394830465,
        0.205898151
      ],
      [
        -0.0348965079,
        0.52318424,
        -0.8515048
      ],
      [
        -0.443922728,
        0.7552398,
        0.4822297
      ]
    ],
    "translation": [
      1.79645777,
      1.5082401,
      -0.7666887
    ]
  },
  {
    "timeStamp": 1253,
    "rotation": [
      [
        0.9306095,
        0.3311894,
        0.15581888
      ],
      [
        -0.04014178,
        0.515502751,
        -0.855947137
      ],
      [
        -0.363805681,
        0.790297747,
        0.493026346
      ]
    ],
    "translation": [
      1.7890594,
      1.5066874,
      -0.7620561
    ]
  },
  {
    "timeStamp": 1297,
    "rotation": [
      [
        0.9545581,
        0.274784684,
        0.115378737
      ],
      [
        -0.0420185626,
        0.5073657,
        -0.860705853
      ],
      [
        -0.295047969,
        0.8167457,
        0.495856076
      ]
    ],
    "translation": [
      1.78340578,
      1.50499833,
      -0.761001
    ]
  },
  {
    "timeStamp": 1353,
    "rotation": [
      [
        0.976459861,
        0.204199955,
        0.0694870949
      ],
      [
        -0.04301654,
        0.5000297,
        -0.8649392
      ],
      [
        -0.211366162,
        0.841589332,
        0.497042924
      ]
    ],
    "translation": [
      1.77812409,
      1.50336683,
      -0.7624459
    ]
  },
  {
    "timeStamp": 1397,
    "rotation": [
      [
        0.987381935,
        0.153696716,
        0.0381355658
      ],
      [
        -0.04358549,
        0.495283037,
        -0.867637634
      ],
      [
        -0.152240947,
        0.855027556,
        0.495732456
      ]
    ],
    "translation": [
      1.77499819,
      1.50242639,
      -0.765886664
    ]
  },
  {
    "timeStamp": 1453,
    "rotation": [
      [
        0.9963905,
        0.08485724,
        0.00227791374
      ],
      [
        -0.039951127,
        0.4924436,
        -0.869426966
      ],
      [
        -0.07489891,
        0.8661978,
        0.494056255
      ]
    ],
    "translation": [
      1.77287745,
      1.50186884,
      -0.7725736
    ]
  },
  {
    "timeStamp": 1498,
    "rotation": [
      [
        0.9994225,
        0.0253395941,
        -0.0226387363
      ],
      [
        -0.03213304,
        0.488164037,
        -0.872160137
      ],
      [
        -0.0110487659,
        0.872383952,
        0.488696367
      ]
    ],
    "translation": [
      1.772835,
      1.50235522,
      -0.7793155
    ]
  },
  {
    "timeStamp": 1553,
    "rotation": [
      [
        0.9978465,
        -0.03707436,
        -0.0541099757
      ],
      [
        -0.0291915517,
        0.487734973,
        -0.8725036
      ],
      [
        0.0587388352,
        0.8722042,
        0.485602349
      ]
    ],
    "translation": [
      1.77406335,
      1.50361907,
      -0.78825295
    ]
  },
  {
    "timeStamp": 1597,
    "rotation": [
      [
        0.9940868,
        -0.0739826858,
        -0.07948515
      ],
      [
        -0.0332405828,
        0.4895201,
        -0.8713582
      ],
      [
        0.103374995,
        0.868847847,
        0.484166265
      ]
    ],
    "translation": [
      1.77570915,
      1.50401366,
      -0.7955593
    ]
  },
  {
    "timeStamp": 1653,
    "rotation": [
      [
        0.986564934,
        -0.117706344,
        -0.113290571
      ],
      [
        -0.0418252535,
        0.4883717,
        -0.8716328
      ],
      [
        0.1579246,
        0.8646608,
        0.476887345
      ]
    ],
    "translation": [
      1.77896047,
      1.503151,
      -0.805297256
    ]
  },
  {
    "timeStamp": 1697,
    "rotation": [
      [
        0.9795781,
        -0.145549566,
        -0.138715521
      ],
      [
        -0.05180135,
        0.4839243,
        -0.8735753
      ],
      [
        0.194276333,
        0.8629209,
        0.466502
      ]
    ],
    "translation": [
      1.78186631,
      1.50172973,
      -0.8138336
    ]
  },
  {
    "timeStamp": 1753,
    "rotation": [
      [
        0.9693916,
        -0.1786788,
        -0.168385968
      ],
      [
        -0.06376442,
        0.479078978,
        -0.8754527
      ],
      [
        0.237095013,
        0.859393537,
        0.4530218
      ]
    ],
    "translation": [
      1.78549337,
      1.50017178,
      -0.8249736
    ]
  },
  {
    "timeStamp": 1797,
    "rotation": [
      [
        0.9595388,
        -0.2073528,
        -0.190499753
      ],
      [
        -0.07028748,
        0.478746623,
        -0.875135064
      ],
      [
        0.272662818,
        0.8531158,
        0.444801629
      ]
    ],
    "translation": [
      1.78799343,
      1.49922848,
      -0.8339009
    ]
  },
  {
    "timeStamp": 1852,
    "rotation": [
      [
        0.944754839,
        -0.241366133,
        -0.2217671
      ],
      [
        -0.0816513449,
        0.481948853,
        -0.8723866
      ],
      [
        0.31744498,
        0.842299,
        0.435615659
      ]
    ],
    "translation": [
      1.78999615,
      1.4987278,
      -0.8448205
    ]
  },
  {
    "timeStamp": 1897,
    "rotation": [
      [
        0.929700255,
        -0.2711835,
        -0.249232665
      ],
      [
        -0.09084533,
        0.486937433,
        -0.86869967
      ],
      [
        0.3569377,
        0.8302719,
        0.4280701
      ]
    ],
    "translation": [
      1.791184,
      1.4988178,
      -0.853142738
    ]
  },
  {
    "timeStamp": 1953,
    "rotation": [
      [
        0.911995769,
        -0.30028066,
        -0.279455423
      ],
      [
        -0.10274177,
        0.4923359,
        -0.8643203
      ],
      [
        0.3971246,
        0.816968143,
        0.418156862
      ]
    ],
    "translation": [
      1.792614,
      1.49872053,
      -0.8627596
    ]
  },
  {
    "timeStamp": 1997,
    "rotation": [
      [
        0.901587069,
        -0.3172959,
        -0.294047743
      ],
      [
        -0.107595369,
        0.4938916,
        -0.862840831
      ],
      [
        0.4190036,
        0.8095643,
        0.41114673
      ]
    ],
    "translation": [
      1.79442513,
      1.49813569,
      -0.869466066
    ]
  },
  {
    "timeStamp": 2053,
    "rotation": [
      [
        0.893921256,
        -0.3326865,
        -0.3003737
      ],
      [
        -0.10569147,
        0.494791836,
        -0.862560332
      ],
      [
        0.435584664,
        0.802808,
        0.407142848
      ]
    ],
    "translation": [
      1.7972486,
      1.49701345,
      -0.8763008
    ]
  },
  {
    "timeStamp": 2097,
    "rotation": [
      [
        0.893364549,
        -0.341086745,
        -0.292505741
      ],
      [
        -0.0939057246,
        0.494877249,
        -0.863873959
      ],
      [
        0.439410418,
        0.79922235,
        0.410075754
      ]
    ],
    "translation": [
      1.79978192,
      1.49597669,
      -0.880331755
    ]
  },
  {
    "timeStamp": 2152,
    "rotation": [
      [
        0.8921241,
        -0.3533183,
        -0.281568348
      ],
      [
        -0.07586138,
        0.4972303,
        -0.8642957
      ],
      [
        0.44537583,
        0.792419255,
        0.4167879
      ]
    ],
    "translation": [
      1.80206251,
      1.4945507,
      -0.8837323
    ]
  },
  {
    "timeStamp": 2198,
    "rotation": [
      [
        0.890959263,
        -0.360768,
        -0.275749773
      ],
      [
        -0.0670504943,
        0.496086031,
        -0.8656806
      ],
      [
        0.449105442,
        0.7897753,
        0.417802781
      ]
    ],
    "translation": [
      1.80308235,
      1.493403,
      -0.886110544
    ]
  },
  {
    "timeStamp": 2252,
    "rotation": [
      [
        0.8906016,
        -0.367787749,
        -0.267508835
      ],
      [
        -0.0576615036,
        0.492145419,
        -0.8686012
      ],
      [
        0.4511141,
        0.789002538,
        0.4170983
      ]
    ],
    "translation": [
      1.80339956,
      1.49260509,
      -0.888994455
    ]
  },
  {
    "timeStamp": 2297,
    "rotation": [
      [
        0.888814867,
        -0.3756057,
        -0.262542367
      ],
      [
        -0.05015977,
        0.489723563,
        -0.8704337
      ],
      [
        0.45551306,
        0.7868235,
        0.4164333
      ]
    ],
    "translation": [
      1.80295849,
      1.492361,
      -0.8908684
    ]
  },
  {
    "timeStamp": 2352,
    "rotation": [
      [
        0.8848557,
        -0.388256133,
        -0.257463634
      ],
      [
        -0.0386559926,
        0.489560157,
        -0.8711122
      ],
      [
        0.4642586,
        0.7807611,
        0.4181817
      ]
    ],
    "translation": [
      1.80176091,
      1.49261379,
      -0.892355442
    ]
  },
  {
    "timeStamp": 2396,
    "rotation": [
      [
        0.880765259,
        -0.397769451,
        -0.256966949
      ],
      [
        -0.0334084928,
        0.489091039,
        -0.8715927
      ],
      [
        0.4723732,
        0.776253462,
        0.4174855
      ]
    ],
    "translation": [
      1.80004954,
      1.49293113,
      -0.8930385
    ]
  },
  {
    "timeStamp": 2452,
    "rotation": [
      [
        0.8780305,
        -0.403442144,
        -0.257481873
      ],
      [
        -0.0323279575,
        0.486762017,
        -0.872936249
      ],
      [
        0.477511644,
        0.7747885,
        0.414349437
      ]
    ],
    "translation": [
      1.79703951,
      1.493629,
      -0.892549753
    ]
  },
  {
    "timeStamp": 2497,
    "rotation": [
      [
        0.8768276,
        -0.407059848,
        -0.2558823
      ],
      [
        -0.030691471,
        0.483723968,
        -0.8746823
      ],
      [
        0.479824454,
        0.774799,
        0.411649257
      ]
    ],
    "translation": [
      1.79414463,
      1.4938947,
      -0.891432762
    ]
  },
  {
    "timeStamp": 2552,
    "rotation": [
      [
        0.8774681,
        -0.408747524,
        -0.250948459
      ],
      [
        -0.0278642289,
        0.478881329,
        -0.8774373
      ],
      [
        0.478824884,
        0.7769157,
        0.408813655
      ]
    ],
    "translation": [
      1.7896626,
      1.49366271,
      -0.888777256
    ]
  },
  {
    "timeStamp": 2597,
    "rotation": [
      [
        0.8794529,
        -0.409233123,
        -0.243086159
      ],
      [
        -0.023136653,
        0.473343372,
        -0.8805741
      ],
      [
        0.4754233,
        0.780047655,
        0.4068149
      ]
    ],
    "translation": [
      1.785269,
      1.49296033,
      -0.885736
    ]
  },
  {
    "timeStamp": 2652,
    "rotation": [
      [
        0.8825069,
        -0.409762353,
        -0.230816767
      ],
      [
        -0.0162071884,
        0.463997573,
        -0.8856882
      ],
      [
        0.4700201,
        0.785366833,
        0.40284
      ]
    ],
    "translation": [
      1.77848327,
      1.49186385,
      -0.8810513
    ]
  },
  {
    "timeStamp": 2697,
    "rotation": [
      [
        0.8867954,
        -0.406398654,
        -0.220077217
      ],
      [
        -0.0118496409,
        0.456040263,
        -0.88988024
      ],
      [
        0.4620102,
        0.791749537,
        0.399598747
      ]
    ],
    "translation": [
      1.77182651,
      1.49090517,
      -0.8771045
    ]
  },
  {
    "timeStamp": 2752,
    "rotation": [
      [
        0.8908085,
        -0.4048431,
        -0.206306219
      ],
      [
        -0.00279383152,
        0.449151278,
        -0.893451333
      ],
      [
        0.45437032,
        0.7964704,
        0.398976743
      ]
    ],
    "translation": [
      1.76242352,
      1.489669,
      -0.8714297
    ]
  },
  {
    "timeStamp": 2796,
    "rotation": [
      [
        0.894263864,
        -0.4034666,
        -0.193666652
      ],
      [
        0.005867345,
        0.44326815,
        -0.8963699
      ],
      [
        0.44750157,
        0.800454855,
        0.398765981
      ]
    ],
    "translation": [
      1.75426555,
      1.48906386,
      -0.8667903
    ]
  },
  {
    "timeStamp": 2852,
    "rotation": [
      [
        0.898023,
        -0.402543128,
        -0.1775211
      ],
      [
        0.0183449723,
        0.437415361,
        -0.899072468
      ],
      [
        0.4395659,
        0.80413115,
        0.4001937
      ]
    ],
    "translation": [
      1.74291062,
      1.4881835,
      -0.861372
    ]
  },
  {
    "timeStamp": 2897,
    "rotation": [
      [
        0.898355842,
        -0.4057899,
        -0.16820018
      ],
      [
        0.0273000542,
        0.433746219,
        -0.9006214
      ],
      [
        0.438419282,
        0.804486632,
        0.40073657
      ]
    ],
    "translation": [
      1.73342633,
      1.48759282,
      -0.856886148
    ]
  },
  {
    "timeStamp": 2952,
    "rotation": [
      [
        0.8994835,
        -0.407384664,
        -0.158009976
      ],
      [
        0.034525346,
        0.426747561,
        -0.9037115
      ],
      [
        0.4355886,
        0.8074182,
        0.397917479
      ]
    ],
    "translation": [
      1.72105145,
      1.48635471,
      -0.851699352
    ]
  },
  {
    "timeStamp": 2996,
    "rotation": [
      [
        0.9016738,
        -0.405621529,
        -0.149851754
      ],
      [
        0.0378044657,
        0.4191626,
        -0.907123744
      ],
      [
        0.4307612,
        0.8122646,
        0.393282235
      ]
    ],
    "translation": [
      1.71125817,
      1.48477745,
      -0.8477354
    ]
  },
  {
    "timeStamp": 3052,
    "rotation": [
      [
        0.904940248,
        -0.4025093,
        -0.138092026
      ],
      [
        0.04385967,
        0.411006153,
        -0.9105769
      ],
      [
        0.423272371,
        0.817961037,
        0.3895899
      ]
    ],
    "translation": [
      1.699553,
      1.48256028,
      -0.8423109
    ]
  },
  {
    "timeStamp": 3096,
    "rotation": [
      [
        0.9085137,
        -0.398144871,
        -0.126820475
      ],
      [
        0.05014291,
        0.40519017,
        -0.9128563
      ],
      [
        0.414835453,
        0.8229833,
        0.388085
      ]
    ],
    "translation": [
      1.6906271,
      1.48089635,
      -0.837973833
    ]
  },
  {
    "timeStamp": 3152,
    "rotation": [
      [
        0.9140915,
        -0.3898229,
        -0.111690886
      ],
      [
        0.05905988,
        0.400480062,
        -0.91440016
      ],
      [
        0.401184082,
        0.829249,
        0.389098316
      ]
    ],
    "translation": [
      1.68059766,
      1.47892094,
      -0.8323977
    ]
  },
  {
    "timeStamp": 3196,
    "rotation": [
      [
        0.9198891,
        -0.379562169,
        -0.0986744761
      ],
      [
        0.06628804,
        0.398468167,
        -0.9147836
      ],
      [
        0.386535883,
        0.834958553,
        0.391706944
      ]
    ],
    "translation": [
      1.67385149,
      1.47758281,
      -0.827814341
    ]
  },
  {
    "timeStamp": 3252,
    "rotation": [
      [
        0.92931,
        -0.3606091,
        -0.079649
      ],
      [
        0.07531935,
        0.396215379,
        -0.915063
      ],
      [
        0.361538231,
        0.8443781,
        0.395367742
      ]
    ],
    "translation": [
      1.666766,
      1.4761802,
      -0.8218405
    ]
  },
  {
    "timeStamp": 3296,
    "rotation": [
      [
        0.9385972,
        -0.3388604,
        -0.06487598
      ],
      [
        0.0799136758,
        0.396448016,
        -0.9145725
      ],
      [
        0.335632324,
        0.853230655,
        0.399184585
      ]
    ],
    "translation": [
      1.66261721,
      1.47558773,
      -0.817276239
    ]
  },
  {
    "timeStamp": 3352,
    "rotation": [
      [
        0.951137841,
        -0.3046335,
        -0.0503505878
      ],
      [
        0.08013611,
        0.401032716,
        -0.9125519
      ],
      [
        0.298186123,
        0.8639277,
        0.405849576
      ]
    ],
    "translation": [
      1.65933621,
      1.47526491,
      -0.811753035
    ]
  },
  {
    "timeStamp": 3396,
    "rotation": [
      [
        0.95783323,
        -0.2845095,
        -0.04012295
      ],
      [
        0.08182608,
        0.4039656,
        -0.9111072
      ],
      [
        0.275426954,
        0.8694056,
        0.41021198
      ]
    ],
    "translation": [
      1.6581192,
      1.47484219,
      -0.807649732
    ]
  },
  {
    "timeStamp": 3452,
    "rotation": [
      [
        0.964381635,
        -0.263925761,
        -0.01764262
      ],
      [
        0.09454926,
        0.406236559,
        -0.9088632
      ],
      [
        0.247039482,
        0.874822855,
        0.416721046
      ]
    ],
    "translation": [
      1.65889072,
      1.47446942,
      -0.8032342
    ]
  },
  {
    "timeStamp": 3496,
    "rotation": [
      [
        0.9688888,
        -0.247473419,
        -0.00337113882
      ],
      [
        0.1017005,
        0.410513937,
        -0.9061652
      ],
      [
        0.225635692,
        0.8776305,
        0.422910541
      ]
    ],
    "translation": [
      1.6606276,
      1.4749918,
      -0.7997862
    ]
  },
  {
    "timeStamp": 3552,
    "rotation": [
      [
        0.9751834,
        -0.221215859,
        0.008993869
      ],
      [
        0.103348732,
        0.418913782,
        -0.9021254
      ],
      [
        0.1957968,
        0.880667269,
        0.431380153
      ]
    ],
    "translation": [
      1.66487265,
      1.47593439,
      -0.796002269
    ]
  },
  {
    "timeStamp": 3596,
    "rotation": [
      [
        0.9813479,
        -0.191500738,
        0.0168433748
      ],
      [
        0.09878367,
        0.4271681,
        -0.8987598
      ],
      [
        0.1649182,
        0.8836599,
        0.438117683
      ]
    ],
    "translation": [
      1.67031837,
      1.47723556,
      -0.793355942
    ]
  },
  {
    "timeStamp": 3654,
    "rotation": [
      [
        0.9887375,
        -0.146304324,
        0.0315139741
      ],
      [
        0.09346971,
        0.439215153,
        -0.8935063
      ],
      [
        0.116882421,
        0.8863888,
        0.4479435
      ]
    ],
    "translation": [
      1.67976034,
      1.47990274,
      -0.7906201
    ]
  },
  {
    "timeStamp": 3696,
    "rotation": [
      [
        0.992391,
        -0.11394085,
        0.04666514
      ],
      [
        0.09343661,
        0.450085282,
        -0.8880838
      ],
      [
        0.0801857337,
        0.8856866,
        0.457306832
      ]
    ],
    "translation": [
      1.68923259,
      1.48259962,
      -0.78895545
    ]
  },
  {
    "timeStamp": 3752,
    "rotation": [
      [
        0.9950607,
        -0.06968574,
        0.07069802
      ],
      [
        0.094997,
        0.461786747,
        -0.8818892
      ],
      [
        0.028807696,
        0.8842494,
        0.466125757
      ]
    ],
    "translation": [
      1.70449364,
      1.48604071,
      -0.7884058
    ]
  },
  {
    "timeStamp": 3796,
    "rotation": [
      [
        0.9952517,
        -0.0294709075,
        0.09276579
      ],
      [
        0.09570063,
        0.470181227,
        -0.877365947
      ],
      [
        -0.0177599639,
        0.8820777,
        0.470769048
      ]
    ],
    "translation": [
      1.71847463,
      1.48877931,
      -0.789540648
    ]
  },
  {
    "timeStamp": 3852,
    "rotation": [
      [
        0.9913307,
        0.0276868474,
        0.128440276
      ],
      [
        0.0998303,
        0.476842046,
        -0.8733015
      ],
      [
        -0.08542471,
        0.8785528,
        0.469944179
      ]
    ],
    "translation": [
      1.73784852,
      1.49169409,
      -0.7934208
    ]
  },
  {
    "timeStamp": 3896,
    "rotation": [
      [
        0.983913362,
        0.07765103,
        0.16088748
      ],
      [
        0.104052775,
        0.482962728,
        -0.8694366
      ],
      [
        -0.1452153,
        0.872191131,
        0.467113674
      ]
    ],
    "translation": [
      1.75426626,
      1.49378669,
      -0.7979436
    ]
  },
  {
    "timeStamp": 3952,
    "rotation": [
      [
        0.9692969,
        0.137775287,
        0.203670263
      ],
      [
        0.111389488,
        0.4924021,
        -0.8632106
      ],
      [
        -0.219216734,
        0.8593941,
        0.461937129
      ]
    ],
    "translation": [
      1.77434146,
      1.49644125,
      -0.8050978
    ]
  },
  {
    "timeStamp": 3996,
    "rotation": [
      [
        0.9566555,
        0.17700316,
        0.2312576
      ],
      [
        0.114116579,
        0.502744436,
        -0.8568696
      ],
      [
        -0.2679321,
        0.846119344,
        0.460754246
      ]
    ],
    "translation": [
      1.78938127,
      1.49948347,
      -0.8123658
    ]
  },
  {
    "timeStamp": 4052,
    "rotation": [
      [
        0.943376064,
        0.215271384,
        0.25238812
      ],
      [
        0.106032968,
        0.525236666,
        -0.844324231
      ],
      [
        -0.314322352,
        0.823276758,
        0.47266987
      ]
    ],
    "translation": [
      1.80512118,
      1.50472975,
      -0.8221607
    ]
  },
  {
    "timeStamp": 4096,
    "rotation": [
      [
        0.934409261,
        0.243942931,
        0.259559423
      ],
      [
        0.087315,
        0.549591839,
        -0.830857933
      ],
      [
        -0.345333666,
        0.799024761,
        0.492243826
      ]
    ],
    "translation": [
      1.81610429,
      1.51020479,
      -0.8304987
    ]
  },
  {
    "timeStamp": 4151,
    "rotation": [
      [
        0.9232191,
        0.2788933,
        0.264357865
      ],
      [
        0.05620587,
        0.5825388,
        -0.810857236
      ],
      [
        -0.380141348,
        0.763457358,
        0.5221355
      ]
    ],
    "translation": [
      1.82718873,
      1.51833117,
      -0.8416333
    ]
  },
  {
    "timeStamp": 4196,
    "rotation": [
      [
        0.91519,
        0.301586658,
        0.26734373
      ],
      [
        0.0302590113,
        0.610056,
        -0.7917803
      ],
      [
        -0.401885033,
        0.732718945,
        0.5491915
      ]
    ],
    "translation": [
      1.83524442,
      1.52474153,
      -0.8504076
    ]
  },
  {
    "timeStamp": 4252,
    "rotation": [
      [
        0.9049242,
        0.324786961,
        0.275001138
      ],
      [
        0.005666062,
        0.6369385,
        -0.7708938
      ],
      [
        -0.425535053,
        0.699158669,
        0.574540854
      ]
    ],
    "translation": [
      1.84412789,
      1.53210628,
      -0.8619454
    ]
  },
  {
    "timeStamp": 4296,
    "rotation": [
      [
        0.8962718,
        0.340263247,
        0.2844604
      ],
      [
        -0.008907146,
        0.655072153,
        -0.755513847
      ],
      [
        -0.443415672,
        0.674612045,
        0.5901535
      ]
    ],
    "translation": [
      1.84982669,
      1.53702366,
      -0.871735334
    ]
  },
  {
    "timeStamp": 4351,
    "rotation": [
      [
        0.8844111,
        0.359886169,
        0.2971513
      ],
      [
        -0.02654432,
        0.674453,
        -0.7378404
      ],
      [
        -0.465953141,
        0.644666553,
        0.606046736
      ]
    ],
    "translation": [
      1.854912,
      1.54218233,
      -0.8841071
    ]
  },
  {
    "timeStamp": 4396,
    "rotation": [
      [
        0.872192144,
        0.379380226,
        0.308790535
      ],
      [
        -0.0466939658,
        0.6929511,
        -0.719471
      ],
      [
        -0.4869298,
        0.613098264,
        0.6221012
      ]
    ],
    "translation": [
      1.85735941,
      1.546677,
      -0.8925812
    ]
  },
  {
    "timeStamp": 4451,
    "rotation": [
      [
        0.8594865,
        0.396416068,
        0.322702974
      ],
      [
        -0.06851012,
        0.71495837,
        -0.695802331
      ],
      [
        -0.5065464,
        0.575924337,
        0.6416556
      ]
    ],
    "translation": [
      1.85750926,
      1.55171084,
      -0.9025271
    ]
  },
  {
    "timeStamp": 4496,
    "rotation": [
      [
        0.851033,
        0.411163628,
        0.3266304
      ],
      [
        -0.09274734,
        0.729936,
        -0.677193761
      ],
      [
        -0.51685673,
        0.54602015,
        0.6593339
      ]
    ],
    "translation": [
      1.85497355,
      1.556072,
      -0.9086635
    ]
  },
  {
    "timeStamp": 4551,
    "rotation": [
      [
        0.8396123,
        0.4301996,
        0.331631482
      ],
      [
        -0.129246369,
        0.7512185,
        -0.6472759
      ],
      [
        -0.527585566,
        0.500598669,
        0.6863341
      ]
    ],
    "translation": [
      1.85026383,
      1.56236494,
      -0.9131787
    ]
  },
  {
    "timeStamp": 4596,
    "rotation": [
      [
        0.8368635,
        0.436295241,
        0.330614448
      ],
      [
        -0.157636538,
        0.770447969,
        -0.617706
      ],
      [
        -0.5242234,
        0.464818716,
        0.713535845
      ]
    ],
    "translation": [
      1.8458612,
      1.56808865,
      -0.9138591
    ]
  },
  {
    "timeStamp": 4651,
    "rotation": [
      [
        0.843017042,
        0.429573,
        0.323711872
      ],
      [
        -0.173185825,
        0.786545753,
        -0.592749953
      ],
      [
        -0.509243548,
        0.443636,
        0.737467349
      ]
    ],
    "translation": [
      1.83863521,
      1.5738045,
      -0.912804365
    ]
  },
  {
    "timeStamp": 4696,
    "rotation": [
      [
        0.856872857,
        0.406503677,
        0.3170548
      ],
      [
        -0.168957666,
        0.802481532,
        -0.5722558
      ],
      [
        -0.487054735,
        0.436781615,
        0.7563065
      ]
    ],
    "translation": [
      1.83331537,
      1.57710063,
      -0.9082892
    ]
  },
  {
    "timeStamp": 4752,
    "rotation": [
      [
        0.8687633,
        0.3944608,
        0.299417734
      ],
      [
        -0.166050091,
        0.8016315,
        -0.574294567
      ],
      [
        -0.46655938,
        0.449207723,
        0.7619283
      ]
    ],
    "translation": [
      1.826056,
      1.57719886,
      -0.9015541
    ]
  },
  {
    "timeStamp": 4796,
    "rotation": [
      [
        0.881673038,
        0.378621936,
        0.281599343
      ],
      [
        -0.154779315,
        0.795824051,
        -0.5854122
      ],
      [
        -0.445753425,
        0.472556382,
        0.760259449
      ]
    ],
    "translation": [
      1.82148266,
      1.5754118,
      -0.8950522
    ]
  },
  {
    "timeStamp": 4851,
    "rotation": [
      [
        0.894829,
        0.363665581,
        0.258898526
      ],
      [
        -0.140925512,
        0.780427,
        -0.6091583
      ],
      [
        -0.423581272,
        0.5086071,
        0.7495984
      ]
    ],
    "translation": [
      1.816429,
      1.57128394,
      -0.8864062
    ]
  },
  {
    "timeStamp": 4899,
    "rotation": [
      [
        0.9053264,
        0.351332575,
        0.238640949
      ],
      [
        -0.131644145,
        0.7663381,
        -0.628805
      ],
      [
        -0.403799325,
        0.537858069,
        0.740037
      ]
    ],
    "translation": [
      1.812273,
      1.56803012,
      -0.8783345
    ]
  },
  {
    "timeStamp": 4951,
    "rotation": [
      [
        0.9212807,
        0.327089876,
        0.210366622
      ],
      [
        -0.118680075,
        0.75159,
        -0.648866355
      ],
      [
        -0.370347083,
        0.572821736,
        0.7312444
      ]
    ],
    "translation": [
      1.80757856,
      1.56504214,
      -0.8678136
    ]
  },
  {
    "timeStamp": 4995,
    "rotation": [
      [
        0.934908032,
        0.3039368,
        0.183219492
      ],
      [
        -0.112355836,
        0.7432044,
        -0.659563
      ],
      [
        -0.336635023,
        0.596044958,
        0.728976846
      ]
    ],
    "translation": [
      1.80506408,
      1.56304419,
      -0.858909845
    ]
  },
  {
    "timeStamp": 5051,
    "rotation": [
      [
        0.9471418,
        0.27964887,
        0.1572221
      ],
      [
        -0.103305437,
        0.729821146,
        -0.6757877
      ],
      [
        -0.3037273,
        0.6238249,
        0.7201334
      ]
    ],
    "translation": [
      1.80446839,
      1.56006086,
      -0.8485851
    ]
  },
  {
    "timeStamp": 5095,
    "rotation": [
      [
        0.9541982,
        0.259200484,
        0.14940165
      ],
      [
        -0.08881838,
        0.7222936,
        -0.685859442
      ],
      [
        -0.28568697,
        0.6411762,
        0.712233067
      ]
    ],
    "translation": [
      1.8063525,
      1.55793273,
      -0.8409097
    ]
  },
  {
    "timeStamp": 5150,
    "rotation": [
      [
        0.9606646,
        0.232370719,
        0.152077287
      ],
      [
        -0.0609639548,
        0.7107083,
        -0.7008403
      ],
      [
        -0.270937353,
        0.6640012,
        0.6969185
      ]
    ],
    "translation": [
      1.81121683,
      1.55474937,
      -0.831459761
    ]
  },
  {
    "timeStamp": 5195,
    "rotation": [
      [
        0.9612817,
        0.217264712,
        0.16950953
      ],
      [
        -0.0310927,
        0.696715832,
        -0.7166731
      ],
      [
        -0.273807734,
        0.683654249,
        0.676495552
      ]
    ],
    "translation": [
      1.81728911,
      1.55161154,
      -0.8253851
    ]
  },
  {
    "timeStamp": 5250,
    "rotation": [
      [
        0.9598799,
        0.197090238,
        0.199464366
      ],
      [
        0.0111209368,
        0.6840111,
        -0.7293868
      ],
      [
        -0.280190855,
        0.702342,
        0.6543767
      ]
    ],
    "translation": [
      1.82814813,
      1.54951549,
      -0.8168092
    ]
  },
  {
    "timeStamp": 5295,
    "rotation": [
      [
        0.9547044,
        0.199754775,
        0.220539212
      ],
      [
        0.03202887,
        0.6678753,
        -0.743583739
      ],
      [
        -0.2958271,
        0.7169663,
        0.6312255
      ]
    ],
    "translation": [
      1.83697724,
      1.54735911,
      -0.811723948
    ]
  },
  {
    "timeStamp": 5351,
    "rotation": [
      [
        0.9420024,
        0.210795477,
        0.261144936
      ],
      [
        0.0648403242,
        0.649154544,
        -0.7578879
      ],
