[
  {
    "timeStamp": 13207,
    "rotation": [
      [
        0.010997925,
        0.9999394,
        -0.000454602385
      ],
      [
        0.0340557173,
        7.980131E-05,
        0.9994199
      ],
      [
        0.9993594,
        -0.0110070277,
        -0.0340527743
      ]
    ],
    "translation": [
      1.30765724,
      0.703561068,
      -0.6185211
    ]
  },
  {
    "timeStamp": 13252,
    "rotation": [
      [
        0.0113579463,
        0.9999343,
        0.0015635466
      ],
      [
        0.0273377169,
        -0.00187358283,
        0.9996245
      ],
      [
        0.9995617,
        -0.0113109369,
        -0.0273572
      ]
    ],
    "translation": [
      1.30772,
      0.70528847,
      -0.618573666
    ]
  },
  {
    "timeStamp": 13307,
    "rotation": [
      [
        0.011186718,
        0.999916255,
        0.006510873
      ],
      [
        0.03316409,
        -0.006878711,
        0.999426246
      ],
      [
        0.9993873,
        -0.0109643713,
        -0.0332382619
      ]
    ],
    "translation": [
      1.30773675,
      0.70529747,
      -0.618557632
    ]
  },
  {
    "timeStamp": 13351,
    "rotation": [
      [
        0.0119039733,
        0.999909639,
        0.006241837
      ],
      [
        0.0364263,
        -0.006671776,
        0.99931407
      ],
      [
        0.999265432,
        -0.01166844,
        -0.03650243
      ]
    ],
    "translation": [
      1.30784285,
      0.7053504,
      -0.6186826
    ]
  },
  {
    "timeStamp": 13407,
    "rotation": [
      [
        0.03211314,
        0.9993803,
        0.0144155053
      ],
      [
        0.0218656287,
        -0.0151219564,
        0.999646544
      ],
      [
        0.999245048,
        -0.0317865834,
        -0.0223376919
      ]
    ],
    "translation": [
      1.30782545,
      0.7062272,
      -0.621661365
    ]
  },
  {
    "timeStamp": 13452,
    "rotation": [
      [
        0.02376614,
        0.9993565,
        0.026864972
      ],
      [
        0.0225588046,
        -0.0274018142,
        0.9993699
      ],
      [
        0.999463,
        -0.02314512,
        -0.0231955219
      ]
    ],
    "translation": [
      1.30551016,
      0.71036315,
      -0.6241542
    ]
  },
  {
    "timeStamp": 13507,
    "rotation": [
      [
        0.0294283759,
        0.9984202,
        0.0478655733
      ],
      [
        0.0298513379,
        -0.0487428047,
        0.998365164
      ],
      [
        0.99912107,
        -0.027951397,
        -0.0312385987
      ]
    ],
    "translation": [
      1.30152535,
      0.720977545,
      -0.6223745
    ]
  },
  {
    "timeStamp": 13552,
    "rotation": [
      [
        0.0365869962,
        0.9962301,
        0.0786574259
      ],
      [
        0.0178796444,
        -0.07935009,
        0.996686459
      ],
      [
        0.999170542,
        -0.0350594,
        -0.0207154211
      ]
    ],
    "translation": [
      1.294833,
      0.7350685,
      -0.6249373
    ]
  },
  {
    "timeStamp": 13607,
    "rotation": [
      [
        0.036543265,
        0.991990268,
        0.120912507
      ],
      [
        0.0256811,
        -0.12188556,
        0.9922119
      ],
      [
        0.999002039,
        -0.0331535,
        -0.0299295
      ]
    ],
    "translation": [
      1.2860862,
      0.7565861,
      -0.624452949
    ]
  },
  {
    "timeStamp": 13651,
    "rotation": [
      [
        0.0274297185,
        0.986957252,
        0.158628687
      ],
      [
        0.03103515,
        -0.1594527,
        0.986717641
      ],
      [
        0.9991419,
        -0.02214233,
        -0.0350041054
      ]
    ],
    "translation": [
      1.27960765,
      0.7781099,
      -0.6249914
    ]
  },
  {
    "timeStamp": 13707,
    "rotation": [
      [
        0.02466236,
        0.9759443,
        0.216620669
      ],
      [
        0.05316049,
        -0.2176603,
        0.974575758
      ],
      [
        0.99828136,
        -0.012519666,
        -0.05724969
      ]
    ],
    "translation": [
      1.26942587,
      0.8115781,
      -0.620889246
    ]
  },
  {
    "timeStamp": 13752,
    "rotation": [
      [
        0.0311371423,
        0.963218,
        0.266911328
      ],
      [
        0.07024043,
        -0.2684893,
        0.9607184
      ],
      [
        0.997044,
        -0.0111660706,
        -0.07601683
      ]
    ],
    "translation": [
      1.26225579,
      0.8437006,
      -0.61554414
    ]
  },
  {
    "timeStamp": 13806,
    "rotation": [
      [
        0.03956569,
        0.9396976,
        0.339710146
      ],
      [
        0.108119741,
        -0.3420064,
        0.9334569
      ],
      [
        0.9933502,
        -0.000203505086,
        -0.115131587
      ]
    ],
    "translation": [
      1.25513244,
      0.8911706,
      -0.607229
    ]
  },
  {
    "timeStamp": 13851,
    "rotation": [
      [
        0.0544643663,
        0.918532133,
        0.391576648
      ],
      [
        0.152030364,
        -0.395214826,
        0.9059205
      ],
      [
        0.986874044,
        0.0101911621,
        -0.161169916
      ]
    ],
    "translation": [
      1.25380731,
      0.9337478,
      -0.594260037
    ]
  },
  {
    "timeStamp": 13906,
    "rotation": [
      [
        0.06530481,
        0.893702269,
        0.443882316
      ],
      [
        0.233964354,
        -0.446145356,
        0.863837361
      ],
      [
        0.9700495,
        0.04743991,
        -0.238229915
      ]
    ],
    "translation": [
      1.2647413,
      0.9849231,
      -0.578628063
    ]
  },
  {
    "timeStamp": 13951,
    "rotation": [
      [
        0.0966846347,
        0.8778933,
        0.4689941
      ],
      [
        0.3058165,
        -0.474610448,
        0.825361252
      ],
      [
        0.9471686,
        0.06362639,
        -0.3143618
      ]
    ],
    "translation": [
      1.279653,
      1.02791238,
      -0.555864751
    ]
  },
  {
    "timeStamp": 14006,
    "rotation": [
      [
        0.118499614,
        0.8675307,
        0.483061522
      ],
      [
        0.412324339,
        -0.485554278,
        0.7708604
      ],
      [
        0.9032976,
        0.107831337,
        -0.415242046
      ]
    ],
    "translation": [
      1.309449,
      1.07640076,
      -0.5324924
    ]
  },
  {
    "timeStamp": 14050,
    "rotation": [
      [
        0.173927,
        0.85258925,
        0.492789
      ],
      [
        0.4658316,
        -0.5121189,
        0.721619844
      ],
      [
        0.8676119,
        0.104047522,
        -0.4862343
      ]
    ],
    "translation": [
      1.33758211,
      1.11958718,
      -0.511300445
    ]
  },
  {
    "timeStamp": 14106,
    "rotation": [
      [
        0.203197956,
        0.8685626,
        0.452006221
      ],
      [
        0.611369848,
        -0.473136067,
        0.634325743
      ],
      [
        0.764812052,
        0.1474493,
        -0.6271533
      ]
    ],
    "translation": [
      1.38631725,
      1.16489661,
      -0.4807311
    ]
  },
  {
    "timeStamp": 14151,
    "rotation": [
      [
        0.220989943,
        0.8792751,
        0.4219464
      ],
      [
        0.696044743,
        -0.4452432,
        0.563276231
      ],
      [
        0.683143556,
        0.169215232,
        -0.7104091
      ]
    ],
    "translation": [
      1.42876494,
      1.20355165,
      -0.4597155
    ]
  },
  {
    "timeStamp": 14207,
    "rotation": [
      [
        0.237444833,
        0.90302664,
        0.357998431
      ],
      [
        0.8039394,
        -0.3895422,
        0.44937554
      ],
      [
        0.5452536,
        0.181107119,
        -0.818473458
      ]
    ],
    "translation": [
      1.48791027,
      1.24690187,
      -0.439443946
    ]
  },
  {
    "timeStamp": 14252,
    "rotation": [
      [
        0.203577131,
        0.9326772,
        0.297774523
      ],
      [
        0.8871834,
        -0.3043675,
        0.3467938
      ],
      [
        0.414079547,
        0.193581358,
        -0.889418
      ]
    ],
    "translation": [
      1.54074991,
      1.28012872,
      -0.4260443
    ]
  },
  {
    "timeStamp": 14307,
    "rotation": [
      [
        0.1961014,
        0.9498519,
        0.243568614
      ],
      [
        0.919203937,
        -0.264565378,
        0.29166624
      ],
      [
        0.34147954,
        0.166693091,
        -0.9249892
      ]
    ],
    "translation": [
      1.60200369,
      1.30561137,
      -0.422885358
    ]
  },
  {
    "timeStamp": 14351,
    "rotation": [
      [
        0.206743568,
        0.962202,
        0.177269086
      ],
      [
        0.9398403,
        -0.245670766,
        0.237373367
      ],
      [
        0.27195096,
        0.117529213,
        -0.9551071
      ]
    ],
    "translation": [
      1.65827656,
      1.32617486,
      -0.418149173
    ]
  },
  {
    "timeStamp": 14407,
    "rotation": [
      [
        0.204854026,
        0.9723751,
        0.111899562
      ],
      [
        0.948201954,
        -0.225508854,
        0.223738208
      ],
      [
        0.2427918,
        0.06026972,
        -0.9682043
      ]
    ],
    "translation": [
      1.7239325,
      1.33458066,
      -0.422523171
    ]
  },
  {
    "timeStamp": 14451,
    "rotation": [
      [
        0.17575109,
        0.982046545,
        0.0685275644
      ],
      [
        0.9645976,
        -0.185695827,
        0.187265992
      ],
      [
        0.196629211,
        0.03318932,
        -0.979916
      ]
    ],
    "translation": [
      1.772763,
      1.34202456,
      -0.429669023
    ]
  },
  {
    "timeStamp": 14507,
    "rotation": [
      [
        0.15648967,
        0.987616241,
        0.0111904852
      ],
      [
        0.9710858,
        -0.155918792,
        0.180781156
      ],
      [
        0.180287212,
        -0.017423464,
        -0.9834597
      ]
    ],
    "translation": [
      1.82941031,
      1.34000111,
      -0.442622423
    ]
  },
  {
    "timeStamp": 14551,
    "rotation": [
      [
        0.165504441,
        0.985964656,
        -0.0219539441
      ],
      [
        0.9713596,
        -0.15912357,
        0.17646575
      ],
      [
        0.1704956,
        -0.05053104,
        -0.9840619
      ]
    ],
    "translation": [
      1.87092626,
      1.33881712,
      -0.455414
    ]
  },
  {
    "timeStamp": 14607,
    "rotation": [
      [
        0.120726258,
        0.9909154,
        -0.05926034
      ],
      [
        0.982591331,
        -0.110793754,
        0.149127334
      ],
      [
        0.1412069,
        -0.0762322843,
        -0.987040639
      ]
    ],
    "translation": [
      1.91783822,
      1.33577132,
      -0.470483571
    ]
  },
  {
    "timeStamp": 14652,
    "rotation": [
      [
        0.07128965,
        0.993178666,
        -0.09227082
      ],
      [
        0.9899992,
        -0.0591633767,
        0.1280675
      ],
      [
        0.121734843,
        -0.100477926,
        -0.9874638
      ]
    ],
    "translation": [
      1.95623457,
      1.32930684,
      -0.482988566
    ]
  },
  {
    "timeStamp": 14707,
    "rotation": [
      [
        0.0469616577,
        0.9937073,
        -0.101687931
      ],
      [
        0.992840946,
        -0.0352419168,
        0.114126682
      ],
      [
        0.109824844,
        -0.106319524,
        -0.9882483
      ]
    ],
    "translation": [
      1.99058938,
      1.31734729,
      -0.499745756
    ]
  },
  {
    "timeStamp": 14751,
    "rotation": [
      [
        -0.0203616936,
        0.9949058,
        -0.0987308547
      ],
      [
        0.997196436,
        0.027321551,
        0.06966172
      ],
      [
        0.07200433,
        -0.0970356241,
        -0.9926729
      ]
    ],
    "translation": [
      2.01354861,
      1.31083572,
      -0.5110184
    ]
  },
  {
    "timeStamp": 14807,
    "rotation": [
      [
        -0.112100728,
        0.989963233,
        -0.08605976
      ],
      [
        0.990848064,
        0.117912553,
        0.06570211
      ],
      [
        0.0751902,
        -0.07790689,
        -0.9941212
      ]
    ],
    "translation": [
      2.040624,
      1.28320158,
      -0.52490294
    ]
  },
  {
    "timeStamp": 14852,
    "rotation": [
      [
        -0.175016582,
        0.9829511,
        -0.056358505
      ],
      [
        0.9827467,
        0.177884519,
        0.0506544821
      ],
      [
        0.0598161854,
        -0.0465207659,
        -0.9971248
      ]
    ],
    "translation": [
      2.05519342,
      1.26576293,
      -0.5343672
    ]
  },
  {
    "timeStamp": 14907,
    "rotation": [
      [
        -0.210949019,
        0.976598144,
        -0.04191204
      ],
      [
        0.9737501,
        0.213697761,
        0.07838337
      ],
      [
        0.08550557,
        -0.02427696,
        -0.9960419
      ]
    ],
    "translation": [
      2.07744861,
      1.23309052,
      -0.544559956
    ]
  },
  {
    "timeStamp": 14951,
    "rotation": [
      [
        -0.2240522,
        0.9740809,
        -0.0310946
      ],
      [
        0.968697548,
        0.226086527,
        0.102517724
      ],
      [
        0.106890634,
        -0.00715193944,
        -0.994245052
      ]
    ],
    "translation": [
      2.09358788,
      1.20423722,
      -0.5516747
    ]
  },
  {
    "timeStamp": 15006,
    "rotation": [
      [
        -0.26104936,
        0.965051234,
        -0.02300751
      ],
      [
        0.9550328,
        0.261663765,
        0.139443174
      ],
      [
        0.140590042,
        0.014428624,
        -0.989962757
      ]
    ],
    "translation": [
      2.11485553,
      1.167074,
      -0.559659839
    ]
  },
  {
    "timeStamp": 15051,
    "rotation": [
      [
        -0.2587164,
        0.965515,
        -0.0290947985
      ],
      [
        0.947132051,
        0.259477228,
        0.188712686
      ],
      [
        0.189754382,
        0.0212664511,
        -0.981601238
      ]
    ],
    "translation": [
      2.13127184,
      1.13370764,
      -0.5664337
    ]
  },
  {
    "timeStamp": 15107,
    "rotation": [
      [
        -0.264515728,
        0.9636246,
        -0.0381979719
      ],
      [
        0.9345309,
        0.2659055,
        0.236529782
      ],
      [
        0.238082975,
        0.0268686656,
        -0.9708731
      ]
    ],
    "translation": [
      2.14972544,
      1.09722185,
      -0.5736262
    ]
  },
  {
    "timeStamp": 15151,
    "rotation": [
      [
        -0.284725517,
        0.9579831,
        -0.0346377045
      ],
      [
        0.918072,
        0.282903671,
        0.277685761
      ],
      [
        0.2758174,
        0.04726432,
        -0.9600473
      ]
    ],
    "translation": [
      2.15968919,
      1.06606841,
      -0.580054462
    ]
  },
  {
    "timeStamp": 15207,
    "rotation": [
      [
        -0.299294382,
        0.953589141,
        -0.0330229029
      ],
      [
        0.905609965,
        0.29479447,
        0.304904461
      ],
      [
        0.300488561,
        0.0613503233,
        -0.9518102
      ]
    ],
    "translation": [
      2.16901636,
      1.0346117,
      -0.583745956
    ]
  },
  {
    "timeStamp": 15252,
    "rotation": [
      [
        -0.277213275,
        0.959347546,
        -0.05296322
      ],
      [
        0.900235653,
        0.278604567,
        0.3345972
      ],
      [
        0.335750818,
        0.0450754,
        -0.9408717
      ]
    ],
    "translation": [
      2.179336,
      1.01056254,
      -0.5848734
    ]
  },
  {
    "timeStamp": 15303,
    "rotation": [
      [
        -0.299428523,
        0.9529219,
        -0.0477748439
      ],
      [
        0.8863555,
        0.296347082,
        0.355741978
      ],
      [
        0.353152245,
        0.0641737953,
        -0.9333623
      ]
    ],
    "translation": [
      2.18408275,
      0.987066269,
      -0.587324858
    ]
  },
  {
    "timeStamp": 15357,
    "rotation": [
      [
        -0.270987749,
        0.959986866,
        -0.07064565
      ],
      [
        0.8848778,
        0.277328581,
        0.3742728
      ],
      [
        0.378889024,
        0.0389105678,
        -0.9246237
      ]
    ],
    "translation": [
      2.19479775,
      0.96066004,
      -0.5858531
    ]
  },
  {
    "timeStamp": 15401,
    "rotation": [
      [
        -0.276119322,
        0.9579744,
        -0.07773849
      ],
      [
        0.874099,
        0.2839267,
        0.3941275
      ],
      [
        0.39963606,
        0.0408750661,
        -0.9157621
      ]
    ],
    "translation": [
      2.20036864,
      0.9396866,
      -0.588266253
    ]
  },
  {
    "timeStamp": 15457,
    "rotation": [
      [
        -0.280378342,
        0.9572527,
        -0.07110069
      ],
      [
        0.8727076,
        0.285057247,
        0.396388471
      ],
      [
        0.3997117,
        0.0490886271,
        -0.9153256
      ]
    ],
    "translation": [
      2.19888687,
      0.9211364,
      -0.5883509
    ]
  },
  {
    "timeStamp": 15501,
    "rotation": [
      [
        -0.270219624,
        0.9599569,
        -0.07391957
      ],
      [
        0.8770285,
        0.277097881,
        0.392476439
      ],
      [
        0.3972434,
        0.04122527,
        -0.9167869
      ]
    ],
    "translation": [
      2.20020437,
      0.9100848,
      -0.5856215
    ]
  },
  {
    "timeStamp": 15557,
    "rotation": [
      [
        -0.27143392,
        0.959524333,
        -0.0750782043
      ],
      [
        0.8747912,
        0.278485924,
        0.396466851
      ],
      [
        0.401327819,
        0.0419368036,
        -0.9149739
      ]
    ],
    "translation": [
      2.1997354,
      0.8948012,
      -0.5839195
    ]
  },
  {
    "timeStamp": 15602,
    "rotation": [
      [
        -0.284944981,
        0.9561164,
        -0.06817524
      ],
      [
        0.8704708,
        0.287888855,
        0.399250031
      ],
      [
        0.401356369,
        0.05441973,
        -0.914303839
      ]
    ],
    "translation": [
      2.1977,
      0.882420659,
      -0.5842338
    ]
  },
  {
    "timeStamp": 15657,
    "rotation": [
      [
        -0.299393028,
        0.951390862,
        -0.07224484
      ],
      [
        0.8659224,
        0.3027317,
        0.398160726
      ],
      [
        0.400677264,
        0.05664812,
        -0.9144664
      ]
    ],
    "translation": [
      2.1979692,
      0.8702662,
      -0.5819528
    ]
  },
  {
    "timeStamp": 15701,
    "rotation": [
      [
        -0.288273,
        0.954627633,
        -0.0747307241
      ],
      [
        0.8751456,
        0.294335127,
        0.3840403
      ],
      [
        0.388611376,
        0.04530818,
        -0.9202871
      ]
    ],
    "translation": [
      2.19780159,
      0.866857052,
      -0.576972
    ]
  },
  {
    "timeStamp": 15758,
    "rotation": [
      [
        -0.282340467,
        0.955813,
        -0.0818862
      ],
      [
        0.882304549,
        0.292236626,
        0.368966758
      ],
      [
        0.376593381,
        0.0319256745,
        -0.925828338
      ]
    ],
    "translation": [
      2.19670439,
      0.8613833,
      -0.5718356
    ]
  },
  {
    "timeStamp": 15803,
    "rotation": [
      [
        -0.277492166,
        0.9572031,
        -0.08222095
      ],
      [
        0.892338,
        0.288505077,
        0.347127885
      ],
      [
        0.355993062,
        0.0229563918,
        -0.9342066
      ]
    ],
    "translation": [
      2.19625235,
      0.8608618,
      -0.5671215
    ]
  },
  {
    "timeStamp": 15860,
    "rotation": [
      [
        -0.295860529,
        0.952562,
        -0.0713599548
      ],
      [
        0.8969957,
        0.30273208,
        0.3221055
      ],
      [
        0.3284284,
        0.0312887244,
        -0.9440105
      ]
    ],
    "translation": [
      2.19302583,
      0.856952548,
      -0.5640031
    ]
  },
  {
    "timeStamp": 15905,
    "rotation": [
      [
        -0.304391265,
        0.952466369,
        -0.0123978229
      ],
      [
        0.9002648,
        0.291912526,
        0.3229712
      ],
      [
        0.3112383,
        0.08714829,
        -0.946327567
      ]
    ],
    "translation": [
      2.17869282,
      0.8515682,
      -0.566943049
    ]
  },
  {
    "timeStamp": 15951,
    "rotation": [
      [
        -0.299728274,
        0.9540243,
        0.0008036596
      ],
      [
        0.904506147,
        0.283902943,
        0.31822598
      ],
      [
        0.303367168,
        0.0961082354,
        -0.9480145
      ]
    ],
    "translation": [
      2.17448378,
      0.846145868,
      -0.5681995
    ]
  },
  {
    "timeStamp": 16004,
    "rotation": [
      [
        -0.262114257,
        0.964907169,
        0.01581885
      ],
      [
        0.9200809,
        0.24492535,
        0.3057168
      ],
      [
        0.2911139,
        0.09468736,
        -0.9519911
      ]
    ],
    "translation": [
      2.17244244,
      0.8421874,
      -0.567085743
    ]
  },
  {
    "timeStamp": 16059,
    "rotation": [
      [
        -0.249111935,
        0.9681172,
        0.0263131279
      ],
      [
        0.9249786,
        0.229785025,
        0.302677035
      ],
      [
        0.28698048,
        0.0997395441,
        -0.9527299
      ]
    ],
    "translation": [
      2.17116261,
      0.840361357,
      -0.56505233
    ]
  },
  {
    "timeStamp": 16104,
    "rotation": [
      [
        -0.221514121,
        0.9744959,
        0.0359054059
      ],
      [
        0.932777643,
        0.201006934,
        0.2992024
      ],
      [
        0.2843543,
        0.09976932,
        -0.953513861
      ]
    ],
    "translation": [
      2.16960239,
      0.8370959,
      -0.5631398
    ]
  },
  {
    "timeStamp": 16160,
    "rotation": [
      [
        -0.167949677,
        0.9846713,
        0.0470685139
      ],
      [
        0.941567,
        0.1460902,
        0.30349496
      ],
      [
        0.291966528,
        0.095290035,
        -0.9516698
      ]
    ],
    "translation": [
      2.16700315,
      0.8306438,
      -0.5616441
    ]
  },
  {
    "timeStamp": 16204,
    "rotation": [
      [
        -0.09226239,
        0.9939863,
        0.0589823276
      ],
      [
        0.943061531,
        0.0682177842,
        0.325547725
      ],
      [
        0.319566339,
        0.08565977,
        -0.9436841
      ]
    ],
    "translation": [
      2.163173,
      0.8211289,
      -0.561933458
    ]
  },
  {
    "timeStamp": 16259,
    "rotation": [
      [
        -0.0155064585,
        0.9983861,
        0.054633487
      ],
      [
        0.9397171,
        -0.0041156807,
        0.341928065
      ],
      [
        0.341601074,
        0.0566421151,
        -0.938136637
      ]
    ],
    "translation": [
      2.16055942,
      0.812349558,
      -0.561030149
    ]
  },
  {
    "timeStamp": 16304,
    "rotation": [
      [
        -0.03662644,
        0.9992757,
        0.0103205238
      ],
      [
        0.9420403,
        0.03107845,
        0.334057033
      ],
      [
        0.333494335,
        0.02195767,
        -0.942496359
      ]
    ],
    "translation": [
      2.16517639,
      0.809626639,
      -0.551258862
    ]
  },
  {
    "timeStamp": 16360,
    "rotation": [
      [
        -0.06346713,
        0.997770965,
        0.0206152815
      ],
      [
        0.9472391,
        0.05372401,
        0.315993339
      ],
      [
        0.314181447,
        0.0395827927,
        -0.9485374
      ]
    ],
    "translation": [
      2.16505671,
      0.8118006,
      -0.546307743
    ]
  },
  {
    "timeStamp": 16405,
    "rotation": [
      [
        -0.06611554,
        0.9974378,
        0.0273238365
      ],
      [
        0.950367451,
        0.0546046644,
        0.306300581
      ],
      [
        0.304023772,
        0.0462189168,
        -0.951542556
      ]
    ],
    "translation": [
      2.16453648,
      0.811972857,
      -0.54470706
    ]
  },
  {
    "timeStamp": 16461,
    "rotation": [
      [
        -0.0443743169,
        0.998623669,
        0.02796096
      ],
      [
        0.9497363,
        0.033487,
        0.311255
      ],
      [
        0.30989027,
        0.0403672643,
        -0.949915051
      ]
    ],
    "translation": [
      2.163496,
      0.8088839,
      -0.542573333
    ]
  },
  {
    "timeStamp": 16506,
    "rotation": [
      [
        -0.0241527725,
        0.999411345,
        0.0243639164
      ],
      [
        0.9498341,
        0.0153394127,
        0.312377721
      ],
      [
        0.31182012,
        0.0306864679,
        -0.94964546
      ]
    ],
    "translation": [
      2.16294837,
      0.806603551,
      -0.5419075
    ]
  },
  {
    "timeStamp": 16551,
    "rotation": [
      [
        -0.0102373045,
        0.999741852,
        0.0202809237
      ],
      [
        0.9497458,
        0.003375696,
        0.3130041
      ],
      [
        0.312854856,
        0.02246604,
        -0.9495352
      ]
    ],
    "translation": [
      2.1626575,
      0.8048929,
      -0.540817857
    ]
  },
  {
    "timeStamp": 16606,
    "rotation": [
      [
        -0.00596500328,
        0.999911666,
        0.0118808486
      ],
      [
        0.9525646,
        0.00206654076,
        0.304329485
      ],
      [
        0.304278046,
        0.0131326029,
        -0.9524927
      ]
    ],
    "translation": [
      2.16336417,
      0.803679466,
      -0.5382199
    ]
  },
  {
    "timeStamp": 16651,
    "rotation": [
      [
        -0.00633268524,
        0.999869645,
        0.0148535408
      ],
      [
        0.954002559,
        0.00158859778,
        0.299794316
      ],
      [
        0.299731642,
        0.016068818,
        -0.953888237
      ]
    ],
    "translation": [
      2.163011,
      0.8029148,
      -0.535641134
    ]
  },
  {
    "timeStamp": 16706,
    "rotation": [
      [
        -0.00342843169,
        0.9999881,
        0.00346176676
      ],
      [
        0.9572182,
        0.00228009466,
        0.28935796
      ],
      [
        0.289346635,
        0.00430571,
        -0.9572147
      ]
    ],
    "translation": [
      2.16437221,
      0.8021037,
      -0.532405138
    ]
  },
  {
    "timeStamp": 16751,
    "rotation": [
      [
        -0.00508895656,
        0.9999822,
        0.003106774
      ],
      [
        0.960989356,
        0.004031308,
        0.276555926
      ],
      [
        0.276538461,
        0.004392958,
        -0.960992754
      ]
    ],
    "translation": [
      2.16430426,
      0.801917553,
      -0.5283017
    ]
  },
  {
    "timeStamp": 16806,
    "rotation": [
      [
        -0.00125360116,
        0.999999,
        -0.0007455618
      ],
      [
        0.970137835,
        0.00139700377,
        0.242550492
      ],
      [
        0.242551282,
        -0.0004192361,
        -0.9701385
      ]
    ],
    "translation": [
      2.164563,
      0.804033,
      -0.523131132
    ]
  },
  {
    "timeStamp": 16851,
    "rotation": [
      [
        -0.00299489428,
        0.9999955,
        -0.000163448291
      ],
      [
        0.974667549,
        0.002955593,
        0.2236392
      ],
      [
        0.223638684,
        0.000510468031,
        -0.974672
      ]
    ],
    "translation": [
      2.16453576,
      0.8047589,
      -0.5206415
    ]
  },
  {
    "timeStamp": 16906,
    "rotation": [
      [
        -0.00695981,
        0.999955237,
        -0.00640770467
      ],
      [
        0.981835067,
        0.0080484245,
        0.189565331
      ],
      [
        0.189608425,
        -0.00497197127,
        -0.981847167
      ]
    ],
    "translation": [
      2.1660037,
      0.8074433,
      -0.5166318
    ]
  },
  {
    "timeStamp": 16961,
    "rotation": [
      [
        -0.05764343,
        0.9983228,
        -0.00538401771
      ],
      [
        0.985929847,
        0.0577738062,
        0.156858683
      ],
      [
        0.156906649,
        0.00373360864,
        -0.9876064
      ]
    ],
    "translation": [
      2.16835952,
      0.811579943,
      -0.512097359
    ]
  },
  {
    "timeStamp": 17006,
    "rotation": [
      [
        -0.05524582,
        0.9984146,
        -0.0107810795
      ],
      [
        0.988955438,
        0.0562033169,
        0.1371433
      ],
      [
        0.1375318,
        -0.00308541278,
        -0.9904925
      ]
    ],
    "translation": [
      2.17046618,
      0.812129,
      -0.5082242
    ]
  },
  {
    "timeStamp": 17050,
    "rotation": [
      [
        -0.054934226,
        0.9984474,
        -0.009218192
      ],
      [
        0.9904092,
        0.05565949,
        0.126458
      ],
      [
        0.126774743,
        -0.00218290929,
        -0.9919292
      ]
    ],
    "translation": [
      2.17018652,
      0.811989546,
      -0.508332968
    ]
  }
]