[
  {
    "timeStamp": 99963,
    "rotation": [
      [
        0.896453857,
        -0.440483183,
        -0.04842594
      ],
      [
        0.0574194,
        0.00710362429,
        0.9983249
      ],
      [
        -0.4394013,
        -0.8977328,
        0.0316603519
      ]
    ],
    "translation": [
      2.15937877,
      0.85240835,
      -0.586016655
    ]
  },
  {
    "timeStamp": 100018,
    "rotation": [
      [
        0.892835259,
        -0.449876368,
        -0.0213628821
      ],
      [
        0.0328465551,
        0.0177350286,
        0.999303043
      ],
      [
        -0.449183971,
        -0.8929147,
        0.0306113511
      ]
    ],
    "translation": [
      2.16054344,
      0.8538475,
      -0.5861522
    ]
  },
  {
    "timeStamp": 100064,
    "rotation": [
      [
        0.895114839,
        -0.443591,
        -0.044681333
      ],
      [
        0.052696988,
        0.005751574,
        0.998594
      ],
      [
        -0.4427103,
        -0.8962109,
        0.02852423
      ]
    ],
    "translation": [
      2.16136479,
      0.85606,
      -0.586222351
    ]
  },
  {
    "timeStamp": 100111,
    "rotation": [
      [
        0.883546054,
        -0.465980917,
        -0.0469906479
      ],
      [
        0.05289504,
        -0.00040700403,
        0.9986
      ],
      [
        -0.465347677,
        -0.884794652,
        0.0242884755
      ]
    ],
    "translation": [
      2.16603374,
      0.8591992,
      -0.5870318
    ]
  },
  {
    "timeStamp": 100166,
    "rotation": [
      [
        0.884052634,
        -0.465525568,
        -0.04167668
      ],
      [
        0.0448065624,
        -0.004345779,
        0.998986244
      ],
      [
        -0.465234756,
        -0.8850238,
        0.0170167033
      ]
    ],
    "translation": [
      2.16704535,
      0.865612864,
      -0.589998245
    ]
  },
  {
    "timeStamp": 100212,
    "rotation": [
      [
        0.883591,
        -0.4665527,
        -0.03994469
      ],
      [
        0.0399752036,
        -0.009836188,
        0.999152243
      ],
      [
        -0.466550082,
        -0.884438753,
        0.009959373
      ]
    ],
    "translation": [
      2.16856313,
      0.871795654,
      -0.59343
    ]
  },
  {
    "timeStamp": 100268,
    "rotation": [
      [
        0.880336046,
        -0.4736993,
        -0.02484832
      ],
      [
        0.0232367888,
        -0.009255581,
        0.999687135
      ],
      [
        -0.473781079,
        -0.880638,
        0.00285922969
      ]
    ],
    "translation": [
      2.17122054,
      0.8794162,
      -0.6006703
    ]
  },
  {
    "timeStamp": 100312,
    "rotation": [
      [
        0.878551841,
        -0.477613539,
        -0.00565075
      ],
      [
        0.00489913858,
        -0.002819251,
        0.999984
      ],
      [
        -0.477621853,
        -0.8785655,
        -0.0001369633
      ]
    ],
    "translation": [
      2.17188215,
      0.884199142,
      -0.607719362
    ]
  },
  {
    "timeStamp": 100367,
    "rotation": [
      [
        0.8760316,
        -0.4821248,
        0.0111479834
      ],
      [
        -0.0112313349,
        0.0027134784,
        0.999933243
      ],
      [
        -0.482122868,
        -0.876098335,
        -0.00303781242
      ]
    ],
    "translation": [
      2.17272234,
      0.888806939,
      -0.616995335
    ]
  },
  {
    "timeStamp": 100412,
    "rotation": [
      [
        0.8728033,
        -0.486619025,
        0.0376340263
      ],
      [
        -0.0314272381,
        0.0209145229,
        0.9992872
      ],
      [
        -0.487059265,
        -0.873363853,
        0.002961171
      ]
    ],
    "translation": [
      2.17085719,
      0.888519764,
      -0.6255165
    ]
  },
  {
    "timeStamp": 100467,
    "rotation": [
      [
        0.875345469,
        -0.48083967,
        0.0506311543
      ],
      [
        -0.038910985,
        0.0343199745,
        0.9986531
      ],
      [
        -0.481929719,
        -0.8761366,
        0.0113318879
      ]
    ],
    "translation": [
      2.16732454,
      0.8856336,
      -0.6350976
    ]
  },
  {
    "timeStamp": 100512,
    "rotation": [
      [
        0.8793352,
        -0.4739938,
        0.04582008
      ],
      [
        -0.0289606247,
        0.0428122357,
        0.9986633
      ],
      [
        -0.4753219,
        -0.8794868,
        0.02391915
      ]
    ],
    "translation": [
      2.16466022,
      0.880199552,
      -0.6422421
    ]
  },
  {
    "timeStamp": 100567,
    "rotation": [
      [
        0.879691,
        -0.47208032,
        0.0573053323
      ],
      [
        -0.0302978363,
        0.06462133,
        0.9974498
      ],
      [
        -0.474579573,
        -0.8791839,
        0.042543795
      ]
    ],
    "translation": [
      2.160348,
      0.8688863,
      -0.6507662
    ]
  },
  {
    "timeStamp": 100612,
    "rotation": [
      [
        0.880458534,
        -0.47126168,
        0.05201252
      ],
      [
        -0.0179108065,
        0.07656417,
        0.9969038
      ],
      [
        -0.473784834,
        -0.878664,
        0.0589709
      ]
    ],
    "translation": [
      2.15725112,
      0.8591104,
      -0.656617165
    ]
  },
  {
    "timeStamp": 100667,
    "rotation": [
      [
        0.8873304,
        -0.4594275,
        0.039637614
      ],
      [
        -0.0119857192,
        0.06294976,
        0.9979447
      ],
      [
        -0.460978419,
        -0.885981739,
        0.05035067
      ]
    ],
    "translation": [
      2.15205717,
      0.8510947,
      -0.659445465
    ]
  },
  {
    "timeStamp": 100712,
    "rotation": [
      [
        0.8848349,
        -0.465080559,
        0.0277007371
      ],
      [
        -0.0234309267,
        0.014959842,
        0.9996135
      ],
      [
        -0.4653152,
        -0.885141969,
        0.002339722
      ]
    ],
    "translation": [
      2.15245676,
      0.8493515,
      -0.6572954
    ]
  },
  {
    "timeStamp": 100767,
    "rotation": [
      [
        0.8771672,
        -0.479324162,
        -0.0287393425
      ],
      [
        -0.003034729,
        -0.0653830543,
        0.9978556
      ],
      [
        -0.480175376,
        -0.875199,
        -0.0588064939
      ]
    ],
    "translation": [
      2.15242,
      0.850562334,
      -0.653092265
    ]
  },
  {
    "timeStamp": 100812,
    "rotation": [
      [
        0.8847165,
        -0.463772684,
        0.0468134731
      ],
      [
        0.008317666,
        0.116121382,
        0.9932002
      ],
      [
        -0.466055185,
        -0.8783113,
        0.106592022
      ]
    ],
    "translation": [
      2.14571118,
      0.8181471,
      -0.6727506
    ]
  },
  {
    "timeStamp": 100868,
    "rotation": [
      [
        0.8795122,
        -0.474176675,
        0.0401844978
      ],
      [
        0.0220979936,
        0.125047565,
        0.9919046
      ],
      [
        -0.475363016,
        -0.8715042,
        0.120459221
      ]
    ],
    "translation": [
      2.14865232,
      0.8071956,
      -0.6767448
    ]
  },
  {
    "timeStamp": 100911,
    "rotation": [
      [
        0.8761546,
        -0.479498059,
        0.0493430719
      ],
      [
        0.0212616157,
        0.1407083,
        0.989822745
      ],
      [
        -0.4815611,
        -0.866188645,
        0.133477136
      ]
    ],
    "translation": [
      2.14817977,
      0.7996098,
      -0.680345
    ]
  },
  {
    "timeStamp": 100972,
    "rotation": [
      [
        0.876804,
        -0.4782158,
        0.05024334
      ],
      [
        0.0229678489,
        0.146021336,
        0.9890148
      ],
      [
        -0.480299115,
        -0.8660182,
        0.139015675
      ]
    ],
    "translation": [
      2.14672971,
      0.794095039,
      -0.6827564
    ]
  },
  {
    "timeStamp": 101021,
    "rotation": [
      [
        0.8796561,
        -0.47288233,
        0.05086778
      ],
      [
        0.02544451,
        0.153589934,
        0.987807035
      ],
      [
        -0.474929273,
        -0.867636144,
        0.147138581
      ]
    ],
    "translation": [
      2.14417338,
      0.7892817,
      -0.68522346
    ]
  },
  {
    "timeStamp": 101066,
    "rotation": [
      [
        0.879132748,
        -0.473314553,
        0.05566873
      ],
      [
        0.0238906629,
        0.160431623,
        0.9867578
      ],
      [
        -0.475977838,
        -0.866161168,
        0.152348489
      ]
    ],
    "translation": [
      2.14279962,
      0.785602,
      -0.6866143
    ]
  },
  {
    "timeStamp": 101121,
    "rotation": [
      [
        0.877716959,
        -0.475073338,
        0.062596336
      ],
      [
        0.021543866,
        0.169624165,
        0.9852733
      ],
      [
        -0.478694946,
        -0.8634425,
        0.159116909
      ]
    ],
    "translation": [
      2.1409533,
      0.781853557,
      -0.6887276
    ]
  },
  {
    "timeStamp": 101166,
    "rotation": [
      [
        0.8789262,
        -0.472920746,
        0.0619248971
      ],
      [
        0.0222770479,
        0.170395523,
        0.9851239
      ],
      [
        -0.476437241,
        -0.8644717,
        0.160300359
      ]
    ],
    "translation": [
      2.13929176,
      0.7795246,
      -0.688956738
    ]
  },
  {
    "timeStamp": 101211,
    "rotation": [
      [
        0.8787866,
        -0.472787768,
        0.0648528
      ],
      [
        0.0239542983,
        0.179429531,
        0.983479142
      ],
      [
        -0.476613432,
        -0.862714767,
        0.169005573
      ]
    ],
    "translation": [
      2.13777757,
      0.77521956,
      -0.6911876
    ]
  },
  {
    "timeStamp": 101266,
    "rotation": [
      [
        0.880022764,
        -0.47070393,
        0.06322765
      ],
      [
        0.0275773928,
        0.18355,
        0.982623458
      ],
      [
        -0.474130183,
        -0.862987339,
        0.174508959
      ]
    ],
    "translation": [
      2.136425,
      0.7703724,
      -0.6927051
    ]
  },
  {
    "timeStamp": 101321,
    "rotation": [
      [
        0.8802828,
        -0.4698222,
        0.06610014
      ],
      [
        0.0306560956,
        0.195352525,
        0.9802538
      ],
      [
        -0.473457843,
        -0.860874236,
        0.186368391
      ]
    ],
    "translation": [
      2.134261,
      0.764644,
      -0.6961005
    ]
  },
  {
    "timeStamp": 101366,
    "rotation": [
      [
        0.8806464,
        -0.46841675,
        0.07104707
      ],
      [
        0.0276787821,
        0.200570911,
        0.9792881
      ],
      [
        -0.472964942,
        -0.8604401,
        0.189597249
      ]
    ],
    "translation": [
      2.13184,
      0.761716962,
      -0.6969779
    ]
  },
  {
    "timeStamp": 101411,
    "rotation": [
      [
        0.8800222,
        -0.469444782,
        0.07198912
      ],
      [
        0.02824468,
        0.203040332,
        0.9787629
      ],
      [
        -0.474091858,
        -0.859299839,
        0.191939309
      ]
    ],
    "translation": [
      2.13173723,
      0.758835554,
      -0.698304951
    ]
  },
  {
    "timeStamp": 101467,
    "rotation": [
      [
        0.873975635,
        -0.480318427,
        0.07389707
      ],
      [
        0.0334340744,
        0.211129919,
        0.976886034
      ],
      [
        -0.48481825,
        -0.851303935,
        0.2005814
      ]
    ],
    "translation": [
      2.13269544,
      0.754202068,
      -0.701187432
    ]
  },
  {
    "timeStamp": 101511,
    "rotation": [
      [
        0.874562,
        -0.4792153,
        0.0741212144
      ],
      [
        0.033608377,
        0.2123887,
        0.976607144
      ],
      [
        -0.4837476,
        -0.8516124,
        0.201852739
      ]
    ],
    "translation": [
      2.13257813,
      0.751387954,
      -0.702880859
    ]
  },
  {
    "timeStamp": 101567,
    "rotation": [
      [
        0.867534637,
        -0.491307676,
        0.07746256
      ],
      [
        0.0330015346,
        0.212258562,
        0.976656139
      ],
      [
        -0.49628076,
        -0.8447266,
        0.20035556
      ]
    ],
    "translation": [
      2.13357329,
      0.749952435,
      -0.704943359
    ]
  },
  {
    "timeStamp": 101611,
    "rotation": [
      [
        0.86265105,
        -0.499629378,
        0.07876427
      ],
      [
        0.0350205675,
        0.214348182,
        0.9761293
      ],
      [
        -0.504585862,
        -0.8393006,
        0.202404976
      ]
    ],
    "translation": [
      2.13432455,
      0.7485866,
      -0.7071504
    ]
  },
  {
    "timeStamp": 101667,
    "rotation": [
      [
        0.8633924,
        -0.498414934,
        0.07833294
      ],
      [
        0.0375587121,
        0.218321264,
        0.9751539
      ],
      [
        -0.503133,
        -0.838998437,
        0.207216755
      ]
    ],
    "translation": [
      2.13423371,
      0.7462387,
      -0.7097513
    ]
  },
  {
    "timeStamp": 101712,
    "rotation": [
      [
        0.863135636,
        -0.498829842,
        0.07852196
      ],
      [
        0.0395857468,
        0.221858919,
        0.974274933
      ],
      [
        -0.5034182,
        -0.837823033,
        0.211240888
      ]
    ],
    "translation": [
      2.13426638,
      0.743862033,
      -0.7120808
    ]
  },
  {
    "timeStamp": 101767,
    "rotation": [
      [
        0.8619564,
        -0.5008087,
        0.0788784
      ],
      [
        0.04250707,
        0.2264255,
        0.973100543
      ],
      [
        -0.5051973,
        -0.8354174,
        0.216456816
      ]
    ],
    "translation": [
      2.134441,
      0.740423858,
      -0.715456963
    ]
  },
  {
    "timeStamp": 101812,
    "rotation": [
      [
        0.858011961,
        -0.5071901,
        0.08107821
      ],
      [
        0.04460577,
        0.230836213,
        0.9719696
      ],
      [
        -0.5116892,
        -0.830345,
        0.220683843
      ]
    ],
    "translation": [
      2.134938,
      0.738002539,
      -0.718047
    ]
  },
  {
    "timeStamp": 101867,
    "rotation": [
      [
        0.8509478,
        -0.5185573,
        0.08358316
      ],
      [
        0.04900387,
        0.236814708,
        0.9703182
      ],
      [
        -0.5229593,
        -0.821594238,
        0.226928279
      ]
    ],
    "translation": [
      2.13594437,
      0.735727549,
      -0.7212704
    ]
  }
]