[
  {
    "timeStamp": 103677,
    "rotation": [
      [
        -0.114931993,
        -0.993337035,
        0.008489383
      ],
      [
        0.0368297622,
        0.00427913945,
        0.9993124
      ],
      [
        -0.9926904,
        0.115165628,
        0.03609256
      ]
    ],
    "translation": [
      2.18886375,
      0.7911997,
      -0.7581479
    ]
  },
  {
    "timeStamp": 103721,
    "rotation": [
      [
        -0.148522213,
        -0.988769,
        0.0166451447
      ],
      [
        0.0315939449,
        0.0120788757,
        0.9994278
      ],
      [
        -0.9884043,
        0.148963124,
        0.0294451322
      ]
    ],
    "translation": [
      2.19145823,
      0.791679144,
      -0.7566497
    ]
  },
  {
    "timeStamp": 103777,
    "rotation": [
      [
        -0.166608885,
        -0.985513,
        0.03171253
      ],
      [
        0.0346402526,
        0.0262920465,
        0.999053955
      ],
      [
        -0.985414445,
        0.167549774,
        0.02975793
      ]
    ],
    "translation": [
      2.19294643,
      0.7918757,
      -0.7561754
    ]
  },
  {
    "timeStamp": 103822,
    "rotation": [
      [
        -0.148728281,
        -0.9880911,
        0.0394458
      ],
      [
        0.0326883867,
        0.0349551924,
        0.99885416
      ],
      [
        -0.988337755,
        0.149847269,
        0.0271002762
      ]
    ],
    "translation": [
      2.192209,
      0.792110145,
      -0.7563174
    ]
  },
  {
    "timeStamp": 103877,
    "rotation": [
      [
        -0.173780769,
        -0.9845025,
        0.0235590339
      ],
      [
        0.0237208363,
        0.0197313782,
        0.9995239
      ],
      [
        -0.9844986,
        0.174256861,
        0.0199242886
      ]
    ],
    "translation": [
      2.19563937,
      0.7945927,
      -0.7545988
    ]
  },
  {
    "timeStamp": 103921,
    "rotation": [
      [
        -0.202181876,
        -0.9782289,
        0.0468045734
      ],
      [
        0.0128762973,
        0.04513222,
        0.998898
      ],
      [
        -0.9792633,
        0.202561736,
        0.00347105064
      ]
    ],
    "translation": [
      2.19576788,
      0.800048769,
      -0.7521466
    ]
  },
  {
    "timeStamp": 103977,
    "rotation": [
      [
        -0.232477382,
        -0.970359862,
        0.06600046
      ],
      [
        -0.005602959,
        0.0691947341,
        0.997587442
      ],
      [
        -0.9725857,
        0.231546715,
        -0.0215230975
      ]
    ],
    "translation": [
      2.19580436,
      0.8087178,
      -0.747439146
    ]
  },
  {
    "timeStamp": 104021,
    "rotation": [
      [
        -0.252014667,
        -0.9640735,
        0.08397016
      ],
      [
        -0.02178661,
        0.0924011,
        0.9954835
      ],
      [
        -0.9674781,
        0.249047026,
        -0.0442903265
      ]
    ],
    "translation": [
      2.194276,
      0.8162384,
      -0.7427603
    ]
  },
  {
    "timeStamp": 104077,
    "rotation": [
      [
        -0.2710094,
        -0.957958162,
        0.09418162
      ],
      [
        -0.04404419,
        0.11008171,
        0.9929462
      ],
      [
        -0.9615686,
        0.2649496,
        -0.0720256642
      ]
    ],
    "translation": [
      2.19404435,
      0.8258044,
      -0.7376426
    ]
  },
  {
    "timeStamp": 104121,
    "rotation": [
      [
        -0.2972668,
        -0.948529363,
        0.1091989
      ],
      [
        -0.0584394149,
        0.13222979,
        0.98949486
      ],
      [
        -0.9530043,
        0.287762463,
        -0.0947390348
      ]
    ],
    "translation": [
      2.19438672,
      0.833164,
      -0.732948363
    ]
  },
  {
    "timeStamp": 104177,
    "rotation": [
      [
        -0.2850439,
        -0.953812838,
        0.0948210061
      ],
      [
        -0.07211311,
        0.11998447,
        0.990153253
      ],
      [
        -0.9557979,
        0.275399327,
        -0.102983259
      ]
    ],
    "translation": [
      2.19503546,
      0.837865,
      -0.730086148
    ]
  },
  {
    "timeStamp": 104221,
    "rotation": [
      [
        -0.274476975,
        -0.957334161,
        0.09040858
      ],
      [
        -0.07501004,
        0.115049034,
        0.9905237
      ],
      [
        -0.9586636,
        0.2650944,
        -0.103387982
      ]
    ],
    "translation": [
      2.19444537,
      0.83899647,
      -0.7290726
    ]
  },
  {
    "timeStamp": 104277,
    "rotation": [
      [
        -0.265390784,
        -0.9605774,
        0.0828181356
      ],
      [
        -0.0669779554,
        0.104059152,
        0.992313266
      ],
      [
        -0.9618117,
        0.2578038,
        -0.0919538438
      ]
    ],
    "translation": [
      2.19467831,
      0.8364446,
      -0.7299336
    ]
  },
  {
    "timeStamp": 104321,
    "rotation": [
      [
        -0.2619593,
        -0.961832643,
        0.07909046
      ],
      [
        -0.06579016,
        0.0995595753,
        0.992854238
      ],
      [
        -0.9628338,
        0.254884034,
        -0.08935968
      ]
    ],
    "translation": [
      2.195981,
      0.8362662,
      -0.7300117
    ]
  },
  {
    "timeStamp": 104377,
    "rotation": [
      [
        -0.2848709,
        -0.9546572,
        0.08647699
      ],
      [
        -0.06866575,
        0.11030639,
        0.991522849
      ],
      [
        -0.9561034,
        0.276518017,
        -0.09697533
      ]
    ],
    "translation": [
      2.199241,
      0.8385853,
      -0.728354335
    ]
  },
  {
    "timeStamp": 104421,
    "rotation": [
      [
        -0.311400622,
        -0.945044935,
        0.0995981
      ],
      [
        -0.072796,
        0.1282248,
        0.9890698
      ],
      [
        -0.947486341,
        0.3007466,
        -0.108724773
      ]
    ],
    "translation": [
      2.20138764,
      0.8419027,
      -0.726089358
    ]
  },
  {
    "timeStamp": 104477,
    "rotation": [
      [
        -0.336210847,
        -0.935274959,
        0.110558093
      ],
      [
        -0.0817646459,
        0.145936146,
        0.985909343
      ],
      [
        -0.9382307,
        0.32243368,
        -0.125537738
      ]
    ],
    "translation": [
      2.20338774,
      0.847676039,
      -0.7230875
    ]
  },
  {
    "timeStamp": 104521,
    "rotation": [
      [
        -0.34167096,
        -0.9320635,
        0.120492488
      ],
      [
        -0.0878048,
        0.159305289,
        0.9833169
      ],
      [
        -0.93570894,
        0.325391024,
        -0.136269644
      ]
    ],
    "translation": [
      2.20220232,
      0.852617264,
      -0.72080797
    ]
  },
  {
    "timeStamp": 104577,
    "rotation": [
      [
        -0.33702907,
        -0.935451746,
        0.106496483
      ],
      [
        -0.09864654,
        0.147577822,
        0.9841187
      ],
      [
        -0.9363121,
        0.321171075,
        -0.142017081
      ]
    ],
    "translation": [
      2.20421743,
      0.85694325,
      -0.719576
    ]
  },
  {
    "timeStamp": 104621,
    "rotation": [
      [
        -0.329521239,
        -0.9391522,
        0.096999824
      ],
      [
        -0.103300072,
        0.137983575,
        0.9850328
      ],
      [
        -0.938480139,
        0.314569116,
        -0.142483
      ]
    ],
    "translation": [
      2.20641112,
      0.8605791,
      -0.7194196
    ]
  },
  {
    "timeStamp": 104677,
    "rotation": [
      [
        -0.333521068,
        -0.938361645,
        0.09078001
      ],
      [
        -0.1088592,
        0.13398236,
        0.9849865
      ],
      [
        -0.9364365,
        0.3186315,
        -0.146835253
      ]
    ],
    "translation": [
      2.21039844,
      0.866262138,
      -0.7193255
    ]
  },
  {
    "timeStamp": 104721,
    "rotation": [
      [
        -0.316430241,
        -0.945358038,
        0.0785499
      ],
      [
        -0.114913516,
        0.120395072,
        0.9860527
      ],
      [
        -0.9416298,
        0.302990437,
        -0.146731064
      ]
    ],
    "translation": [
      2.212563,
      0.8712589,
      -0.71973294
    ]
  },
  {
    "timeStamp": 104777,
    "rotation": [
      [
        -0.314338863,
        -0.946143448,
        0.07748346
      ],
      [
        -0.121352687,
        0.120999731,
        0.9852069
      ],
      [
        -0.941522539,
        0.300286,
        -0.152851969
      ]
    ],
    "translation": [
      2.21513224,
      0.8776282,
      -0.7192919
    ]
  },
  {
    "timeStamp": 104822,
    "rotation": [
      [
        -0.307568729,
        -0.9490768,
        0.06822567
      ],
      [
        -0.122411825,
        0.11057175,
        0.986300766
      ],
      [
        -0.943618953,
        0.295003653,
        -0.150186643
      ]
    ],
    "translation": [
      2.21779251,
      0.88040483,
      -0.720130563
    ]
  },
  {
    "timeStamp": 104876,
    "rotation": [
      [
        -0.300344229,
        -0.9518225,
        0.0618648
      ],
      [
        -0.116946615,
        0.1011168,
        0.987977147
      ],
      [
        -0.946634531,
        0.289498329,
        -0.141682267
      ]
    ],
    "translation": [
      2.219586,
      0.8809166,
      -0.722010136
    ]
  },
  {
    "timeStamp": 104921,
    "rotation": [
      [
        -0.311406642,
        -0.9479959,
        0.06579999
      ],
      [
        -0.113795944,
        0.105946235,
        0.987839
      ],
      [
        -0.9434386,
        0.300131828,
        -0.140870452
      ]
    ],
    "translation": [
      2.2214756,
      0.882183135,
      -0.7229526
    ]
  },
  {
    "timeStamp": 104976,
    "rotation": [
      [
        -0.313464046,
        -0.9471984,
        0.06749447
      ],
      [
        -0.118087411,
        0.109407209,
        0.986957669
      ],
      [
        -0.9422291,
        0.3014055,
        -0.14614743
      ]
    ],
    "translation": [
      2.22201657,
      0.8860236,
      -0.723318
    ]
  },
  {
    "timeStamp": 105021,
    "rotation": [
      [
        -0.315232217,
        -0.9461987,
        0.07305254
      ],
      [
        -0.123578265,
        0.117248774,
        0.985383749
      ],
      [
        -0.9409341,
        0.301597,
        -0.153890178
      ]
    ],
    "translation": [
      2.22173238,
      0.8906027,
      -0.7236314
    ]
  },
  {
    "timeStamp": 105076,
    "rotation": [
      [
        -0.3236225,
        -0.9427391,
        0.0806933641
      ],
      [
        -0.128365517,
        0.128238961,
        0.983400762
      ],
      [
        -0.9374384,
        0.307892382,
        -0.1625162
      ]
    ],
    "translation": [
      2.22237468,
      0.894827962,
      -0.723982632
    ]
  },
  {
    "timeStamp": 105121,
    "rotation": [
      [
        -0.320187777,
        -0.9439951,
        0.0797059461
      ],
      [
        -0.129155442,
        0.126847088,
        0.983477831
      ],
      [
        -0.938508749,
        0.3046031,
        -0.162537
      ]
    ],
    "translation": [
      2.22227716,
      0.896546841,
      -0.725333035
    ]
  },
  {
    "timeStamp": 105176,
    "rotation": [
      [
        -0.325777531,
        -0.941628,
        0.08488612
      ],
      [
        -0.129556909,
        0.13339901,
        0.9825577
      ],
      [
        -0.9365276,
        0.309097618,
        -0.165452808
      ]
    ],
    "translation": [
      2.22253728,
      0.8967483,
      -0.7257505
    ]
  },
  {
    "timeStamp": 105221,
    "rotation": [
      [
        -0.334701,
        -0.937939048,
        0.09080516
      ],
      [
        -0.123581678,
        0.139220953,
        0.982519746
      ],
      [
        -0.9341856,
        0.317628473,
        -0.162509471
      ]
    ],
    "translation": [
      2.22302222,
      0.8957108,
      -0.727094352
    ]
  },
  {
    "timeStamp": 105276,
    "rotation": [
      [
        -0.336393774,
        -0.9377666,
        0.08621487
      ],
      [
        -0.121351175,
        0.133953,
        0.9835296
      ],
      [
        -0.933869958,
        0.320391,
        -0.158860043
      ]
    ],
    "translation": [
      2.22458148,
      0.894951761,
      -0.7288203
    ]
  },
  {
    "timeStamp": 105321,
    "rotation": [
      [
        -0.345024,
        -0.9342147,
        0.09056092
      ],
      [
        -0.124161333,
        0.141066149,
        0.982183456
      ],
      [
        -0.9303453,
        0.3276327,
        -0.164664552
      ]
    ],
    "translation": [
      2.225821,
      0.8966865,
      -0.729218
    ]
  },
  {
    "timeStamp": 105375,
    "rotation": [
      [
        -0.367432177,
        -0.9238321,
        0.107367486
      ],
      [
        -0.126351118,
        0.163955808,
        0.9783424
      ],
      [
        -0.921427667,
        0.345908463,
        -0.176969856
      ]
    ],
    "translation": [
      2.22760081,
      0.9002149,
      -0.729186535
    ]
  },
  {
    "timeStamp": 105431,
    "rotation": [
      [
        -0.407348722,
        -0.9022919,
        0.141196087
      ],
      [
        -0.125221431,
        0.20832555,
        0.97001034
      ],
      [
        -0.904647231,
        0.3774517,
        -0.197847426
      ]
    ],
    "translation": [
      2.22892523,
      0.9043079,
      -0.7278098
    ]
  },
  {
    "timeStamp": 105475,
    "rotation": [
      [
        -0.468398243,
        -0.8602179,
        0.201564476
      ],
      [
        -0.110340133,
        0.2833069,
        0.9526606
      ],
      [
        -0.8766004,
        0.4239839,
        -0.22761701
      ]
    ],
    "translation": [
      2.22933578,
      0.9074609,
      -0.7262325
    ]
  },
  {
    "timeStamp": 105530,
    "rotation": [
      [
        -0.541219,
        -0.7872379,
        0.295531064
      ],
      [
        -0.08756678,
        0.402308255,
        0.911306858
      ],
      [
        -0.8363098,
        0.4673379,
        -0.286672741
      ]
    ],
    "translation": [
      2.22085571,
      0.9151966,
      -0.7196007
    ]
  },
  {
    "timeStamp": 105574,
    "rotation": [
      [
        -0.593023539,
        -0.7166003,
        0.367160976
      ],
      [
        -0.0655670241,
        0.497459,
        0.8650061
      ],
      [
        -0.802511156,
        0.4888953,
        -0.341990232
      ]
    ],
    "translation": [
      2.21289825,
      0.921324253,
      -0.7147689
    ]
  },
  {
    "timeStamp": 105630,
    "rotation": [
      [
        -0.6087108,
        -0.699914038,
        0.373619318
      ],
      [
        -0.06356322,
        0.5124216,
        0.8563783
      ],
      [
        -0.7908418,
        0.497538328,
        -0.356405377
      ]
    ],
    "translation": [
      2.20825744,
      0.9207391,
      -0.7137031
    ]
  },
  {
    "timeStamp": 105675,
    "rotation": [
      [
        -0.6366784,
        -0.6570604,
        0.403624028
      ],
      [
        -0.0355531536,
        0.5478747,
        0.8358046
      ],
      [
        -0.770309448,
        0.5177886,
        -0.372180521
      ]
    ],
    "translation": [
      2.20379114,
      0.9184824,
      -0.7137593
    ]
  },
  {
    "timeStamp": 105731,
    "rotation": [
      [
        -0.66872257,
        -0.609821,
        0.425356865
      ],
      [
        -0.00434049359,
        0.5752836,
        0.8179425
      ],
      [
        -0.743499339,
        0.5451304,
        -0.387352049
      ]
    ],
    "translation": [
      2.19933414,
      0.913568556,
      -0.7142985
    ]
  },
  {
    "timeStamp": 105776,
    "rotation": [
      [
        -0.681143761,
        -0.5755643,
        0.452514052
      ],
      [
        0.0179540385,
        0.604745448,
        0.7962165
      ],
      [
        -0.731929541,
        0.5504623,
        -0.401584864
      ]
    ],
    "translation": [
      2.19352841,
      0.910573661,
      -0.714006245
    ]
  },
  {
    "timeStamp": 105820,
    "rotation": [
      [
        -0.711088,
        -0.5185013,
        0.474879235
      ],
      [
        0.041683916,
        0.6431281,
        0.7646232
      ],
      [
        -0.7018663,
        0.5635092,
        -0.4357075
      ]
    ],
    "translation": [
      2.189706,
      0.910039067,
      -0.711005569
    ]
  },
  {
    "timeStamp": 105876,
    "rotation": [
      [
        -0.7450807,
        -0.441573918,
        0.49986726
      ],
      [
        0.08612677,
        0.6794821,
        0.7286194
      ],
      [
        -0.6613902,
        0.5859322,
        -0.4682377
      ]
    ],
    "translation": [
      2.18747354,
      0.9056955,
      -0.7103566
    ]
  },
  {
    "timeStamp": 105921,
    "rotation": [
      [
        -0.763485968,
        -0.4071142,
        0.501345456
      ],
      [
        0.09652855,
        0.6956318,
        0.7118839
      ],
      [
        -0.638569832,
        0.5919075,
        -0.491806954
      ]
    ],
    "translation": [
      2.18716979,
      0.9027642,
      -0.708332
    ]
  },
  {
    "timeStamp": 105976,
    "rotation": [
      [
        -0.7797687,
        -0.3735989,
        0.502379
      ],
      [
        0.122770257,
        0.6956081,
        0.7078537
      ],
      [
        -0.6139123,
        0.613639355,
        -0.496546566
      ]
    ],
    "translation": [
      2.1868794,
      0.8946044,
      -0.709657
    ]
  },
  {
    "timeStamp": 106020,
    "rotation": [
      [
        -0.7858331,
        -0.356034666,
        0.505673468
      ],
      [
        0.13506043,
        0.6991244,
        0.702128
      ],
      [
        -0.603510559,
        0.6200519,
        -0.5013089
      ]
    ],
    "translation": [
      2.18508816,
      0.8906677,
      -0.7098415
    ]
  },
  {
    "timeStamp": 106076,
    "rotation": [
      [
        -0.7904554,
        -0.352929443,
        0.500620663
      ],
      [
        0.138645515,
        0.693007231,
        0.7074733
      ],
      [
        -0.5966219,
        0.62863487,
        -0.4988592
      ]
    ],
    "translation": [
      2.18526888,
      0.8868541,
      -0.711263835
    ]
  },
  {
    "timeStamp": 106120,
    "rotation": [
      [
        -0.7897558,
        -0.3523482,
        0.502132
      ],
      [
        0.139949918,
        0.6934924,
        0.7067406
      ],
      [
        -0.5972435,
        0.628425837,
        -0.498378545
      ]
    ],
    "translation": [
      2.1843462,
      0.885893,
      -0.7113709
    ]
  },
  {
    "timeStamp": 106176,
    "rotation": [
      [
        -0.788535535,
        -0.366746545,
        0.4936686
      ],
      [
        0.133014888,
        0.682018936,
        0.7191364
      ],
      [
        -0.600432158,
        0.6327299,
        -0.489013433
      ]
    ],
    "translation": [
      2.18588328,
      0.884035766,
      -0.712886751
    ]
  },
  {
    "timeStamp": 106232,
    "rotation": [
      [
        -0.79142,
        -0.3650783,
        0.4902778
      ],
      [
        0.131296083,
        0.681814969,
        0.7196455
      ],
      [
        -0.5970057,
        0.6339134,
        -0.491668642
      ]
    ],
    "translation": [
      2.187978,
      0.884478033,
      -0.71288985
    ]
  },
  {
    "timeStamp": 106276,
    "rotation": [
      [
        -0.792032242,
        -0.366132468,
        0.4884997
      ],
      [
        0.129983857,
        0.6807003,
        0.7209378
      ],
      [
        -0.5964806,
        0.634503067,
        -0.49154526
      ]
    ],
    "translation": [
      2.18891549,
      0.8847211,
      -0.7128134
    ]
  },
  {
    "timeStamp": 106321,
    "rotation": [
      [
        -0.7943385,
        -0.3666493,
        0.484349638
      ],
      [
        0.128204,
        0.678176,
        0.7236304
      ],
      [
        -0.5937929,
        0.6369031,
        -0.491695434
      ]
    ],
    "translation": [
      2.189737,
      0.8846047,
      -0.712633848
    ]
  },
  {
    "timeStamp": 106376,
    "rotation": [
      [
        -0.7969747,
        -0.361193478,
        0.484118342
      ],
      [
        0.13221027,
        0.6777498,
        0.7233088
      ],
      [
        -0.589365542,
        0.640464246,
        -0.492395967
      ]
    ],
    "translation": [
      2.189703,
      0.8840754,
      -0.712600768
    ]
  },
  {
    "timeStamp": 106431,
    "rotation": [
      [
        -0.7958693,
        -0.363646418,
        0.48410058
      ],
      [
        0.132249251,
        0.6758337,
        0.725092351
      ],
      [
        -0.590848744,
        0.641100645,
        -0.489783317
      ]
    ],
    "translation": [
      2.18810749,
      0.88292706,
      -0.712628
    ]
  },
  {
    "timeStamp": 106476,
    "rotation": [
      [
        -0.794432938,
        -0.370491177,
        0.4812615
      ],
      [
        0.129317686,
        0.6710392,
        0.730057061
      ],
      [
        -0.593425035,
        0.642217,
        -0.4851846
      ]
    ],
    "translation": [
      2.18715262,
      0.8821863,
      -0.7126785
    ]
  },
  {
    "timeStamp": 106531,
    "rotation": [
      [
        -0.792798,
        -0.373452723,
        0.481668353
      ],
      [
        0.130196437,
        0.6682762,
        0.7324315
      ],
      [
        -0.595416,
        0.643381655,
        -0.4811858
      ]
    ],
    "translation": [
      2.18605542,
      0.881768942,
      -0.712814748
    ]
  },
  {
    "timeStamp": 106576,
    "rotation": [
      [
        -0.786491,
        -0.391378224,
        0.477760464
      ],
      [
        0.120042033,
        0.661946654,
        0.739876032
      ],
      [
        -0.6058233,
        0.6392572,
        -0.47363326
      ]
    ],
    "translation": [
      2.18424249,
      0.882271349,
      -0.712290347
    ]
  },
  {
    "timeStamp": 106620,
    "rotation": [
      [
        -0.7799084,
        -0.411263973,
        0.4718102
      ],
      [
        0.111731783,
        0.650227,
        0.7514791
      ],
      [
        -0.61584,
        0.638801038,
        -0.461166263
      ]
    ],
    "translation": [
      2.18219423,
      0.8823594,
      -0.7123545
    ]
  },
  {
    "timeStamp": 106676,
    "rotation": [
      [
        -0.7792829,
        -0.412130445,
        0.472087443
      ],
      [
        0.110012174,
        0.6516573,
        0.7504932
      ],
      [
        -0.6169403,
        0.636781931,
        -0.462486029
      ]
    ],
    "translation": [
      2.178861,
      0.8848927,
      -0.710420966
    ]
  },
  {
    "timeStamp": 106721,
    "rotation": [
      [
        -0.7880495,
        -0.3990864,
        0.4687302
      ],
      [
        0.107184969,
        0.660826862,
        0.742845356
      ],
      [
        -0.606209,
        0.6356397,
        -0.4779882
      ]
    ],
    "translation": [
      2.17797327,
      0.887536168,
      -0.7080401
    ]
  },
  {
    "timeStamp": 106776,
    "rotation": [
      [
        -0.806536853,
        -0.377748519,
        0.4547575
      ],
      [
        0.113842823,
        0.655594647,
        0.7464821
      ],
      [
        -0.5801191,
        0.6538362,
        -0.485757262
      ]
    ],
    "translation": [
      2.17873478,
      0.8864159,
      -0.707733452
    ]
  },
  {
    "timeStamp": 106831,
    "rotation": [
      [
        -0.831777632,
        -0.325473279,
        0.4496811
      ],
      [
        0.141263366,
        0.6593013,
        0.7384893
      ],
      [
        -0.5368339,
        0.6777823,
        -0.502414644
      ]
    ],
    "translation": [
      2.17906785,
      0.882933,
      -0.7085128
    ]
  },
  {
    "timeStamp": 106875,
    "rotation": [
      [
        -0.8503845,
        -0.321861148,
        0.416235179
      ],
      [
        0.129794627,
        0.6383089,
        0.7587589
      ],
      [
        -0.509901643,
        0.699261844,
        -0.5010321
      ]
    ],
    "translation": [
      2.18263531,
      0.879218161,
      -0.7105724
    ]
  },
  {
    "timeStamp": 106931,
    "rotation": [
      [
        -0.8767502,
        -0.279343128,
        0.39150548
      ],
      [
        0.145475879,
        0.6218672,
        0.76949203
      ],
      [
        -0.4584167,
        0.7316069,
        -0.5045845
      ]
    ],
    "translation": [
      2.18872929,
      0.874765754,
      -0.7142265
    ]
  },
  {
    "timeStamp": 106975,
    "rotation": [
      [
        -0.8930171,
        -0.24839294,
        0.375261784
      ],
      [
        0.152874783,
        0.616841733,
        0.7720982
      ],
      [
        -0.423260838,
        0.7468649,
        -0.5128772
      ]
    ],
    "translation": [
      2.19146585,
      0.8721656,
      -0.7162052
    ]
  },
  {
    "timeStamp": 107031,
    "rotation": [
      [
        -0.90132314,
        -0.2544648,
        0.350519985
      ],
      [
        0.1407338,
        0.593292058,
        0.7925898
      ],
      [
        -0.409646928,
        0.763709545,
        -0.498936027
      ]
    ],
    "translation": [
      2.19386077,
      0.869300365,
      -0.719096065
    ]
  },
  {
    "timeStamp": 107075,
    "rotation": [
      [
        -0.9093121,
        -0.249482736,
        0.333031267
      ],
      [
        0.134862587,
        0.5804428,
        0.8030556
      ],
      [
        -0.3936541,
        0.775141656,
        -0.494157732
      ]
    ],
    "translation": [
      2.19634,
      0.8688079,
      -0.7208383
    ]
  },
  {
    "timeStamp": 107131,
    "rotation": [
      [
        -0.9073314,
        -0.2840763,
        0.309919864
      ],
      [
        0.103798278,
        0.562985539,
        0.8199226
      ],
      [
        -0.407401025,
        0.7761107,
        -0.481327862
      ]
    ],
    "translation": [
      2.19911933,
      0.870696545,
      -0.721332252
    ]
  },
  {
    "timeStamp": 107175,
    "rotation": [
      [
        -0.8982598,
        -0.326893,
        0.29371798
      ],
      [
        0.06956466,
        0.5541608,
        0.8294978
      ],
      [
        -0.433924,
        0.765536964,
        -0.4750402
      ]
    ],
    "translation": [
      2.19888,
      0.875043154,
      -0.7191051
    ]
  },
  {
    "timeStamp": 107231,
    "rotation": [
      [
        -0.8865171,
        -0.373371,
        0.273279071
      ],
      [
        0.03603024,
        0.533124,
        0.845269561
      ],
      [
        -0.461290777,
        0.7591922,
        -0.4591709
      ]
    ],
    "translation": [
      2.1987462,
      0.8788005,
      -0.7188632
    ]
  },
  {
    "timeStamp": 107275,
    "rotation": [
      [
        -0.877228737,
        -0.3950283,
        0.2728047
      ],
      [
        0.02152119,
        0.535326958,
        0.8443707
      ],
      [
        -0.479590029,
        0.7465774,
        -0.461102724
      ]
    ],
    "translation": [
      2.19643378,
      0.8840356,
      -0.717138648
    ]
  },
  {
    "timeStamp": 107331,
    "rotation": [
      [
        -0.8613922,
        -0.440160751,
        0.253499568
      ],
      [
        -0.0130746169,
        0.518121958,
        0.855206847
      ],
      [
        -0.507772148,
        0.7333541,
        -0.452061146
      ]
    ],
    "translation": [
      2.19481516,
      0.8910377,
      -0.7157841
    ]
  },
  {
    "timeStamp": 107375,
    "rotation": [
      [
        -0.839223742,
        -0.4862664,
        0.243410081
      ],
      [
        -0.04288025,
        0.505404,
        0.8618167
      ],
      [
        -0.542093,
        0.7128196,
        -0.444998264
      ]
    ],
    "translation": [
      2.190742,
      0.8985059,
      -0.712757647
    ]
  },
  {
    "timeStamp": 107431,
    "rotation": [
      [
        -0.783901036,
        -0.5868237,
        0.202822968
      ],
      [
        -0.101053216,
        0.442897052,
        0.8908594
      ],
      [
        -0.612607062,
        0.67784977,
        -0.406487882
      ]
    ],
    "translation": [
      2.186608,
      0.906830668,
      -0.7095295
    ]
  },
  {
    "timeStamp": 107475,
    "rotation": [
      [
        -0.7228993,
        -0.6692883,
        0.171667352
      ],
      [
        -0.154249713,
        0.3985011,
        0.904103935
      ],
      [
        -0.6735158,
        0.6270965,
        -0.391313732
      ]
    ],
    "translation": [
      2.18071365,
      0.917663336,
      -0.700698256
    ]
  },
  {
    "timeStamp": 107531,
    "rotation": [
      [
        -0.6171864,
        -0.779660344,
        0.10588029
      ],
      [
        -0.226780877,
        0.305128157,
        0.9249147
      ],
      [
        -0.7534264,
        0.5468332,
        -0.365133017
      ]
    ],
    "translation": [
      2.17866182,
      0.931078255,
      -0.6876314
    ]
  },
  {
    "timeStamp": 107579,
    "rotation": [
      [
        -0.537562251,
        -0.839661539,
        0.0774299
      ],
      [
        -0.26647833,
        0.256284416,
        0.9291435
      ],
      [
        -0.800010145,
        0.4788391,
        -0.361520439
      ]
    ],
    "translation": [
      2.175107,
      0.9432704,
      -0.67490375
    ]
  },
  {
    "timeStamp": 107625,
    "rotation": [
      [
        -0.467156678,
        -0.881706536,
        0.06601644
      ],
      [
        -0.28595227,
        0.221314058,
        0.9323365
      ],
      [
        -0.8366575,
        0.416669667,
        -0.355514348
      ]
    ],
    "translation": [
      2.17054272,
      0.9520591,
      -0.6627974
    ]
  },
  {
    "timeStamp": 107681,
    "rotation": [
      [
        -0.332601547,
        -0.9421104,
        0.04247536
      ],
      [
        -0.2976254,
        0.147597983,
        0.9432041
      ],
      [
        -0.8948717,
        0.3010694,
        -0.3294873
      ]
    ],
    "translation": [
      2.16426969,
      0.9571977,
      -0.6482602
    ]
  },
  {
    "timeStamp": 107721,
    "rotation": [
      [
        -0.281420767,
        -0.959370255,
        0.02027466
      ],
      [
        -0.285317481,
        0.103830405,
        0.9527923
      ],
      [
        -0.9161857,
        0.262350827,
        -0.3029451
      ]
    ],
    "translation": [
      2.16393471,
      0.953194261,
      -0.6434808
    ]
  },
  {
    "timeStamp": 107781,
    "rotation": [
      [
        -0.228530347,
        -0.9728871,
        0.0355599076
      ],
      [
        -0.24624382,
        0.0931040645,
        0.9647257
      ],
      [
        -0.9418799,
        0.211712688,
        -0.260844558
      ]
    ],
    "translation": [
      2.1601584,
      0.9467102,
      -0.6322045
    ]
  },
  {
    "timeStamp": 107825,
    "rotation": [
      [
        -0.169443473,
        -0.9852573,
        0.0235981736
      ],
      [
        -0.225930631,
        0.0621397644,
        0.972159445
      ],
      [
        -0.9592936,
        0.159394518,
        -0.233129
      ]
    ],
    "translation": [
      2.156267,
      0.9394263,
      -0.6250812
    ]
  },
  {
    "timeStamp": 107877,
    "rotation": [
      [
        -0.17476207,
        -0.984457,
        0.0173942633
      ],
      [
        -0.211501077,
        0.05478797,
        0.9758409
      ],
      [
        -0.96162647,
        0.166861072,
        -0.217788592
      ]
    ],
    "translation": [
      2.15875649,
      0.935674548,
      -0.618063331
    ]
  },
  {
    "timeStamp": 107926,
    "rotation": [
      [
        -0.14248921,
        -0.9891305,
        0.0363001153
      ],
      [
        -0.206071287,
        0.06551636,
        0.976341248
      ],
      [
        -0.968107164,
        0.131637678,
        -0.213166758
      ]
    ],
    "translation": [
      2.15173769,
      0.9331458,
      -0.6076417
    ]
  },
  {
    "timeStamp": 107981,
    "rotation": [
      [
        -0.134964868,
        -0.990750849,
        0.0140442364
      ],
      [
        -0.204216644,
        0.0416834019,
        0.978037834
      ],
      [
        -0.969577253,
        0.129132688,
        -0.207953617
      ]
    ],
    "translation": [
      2.15544343,
      0.92843163,
      -0.5975822
    ]
  },
  {
    "timeStamp": 108025,
    "rotation": [
      [
        -0.135895446,
        -0.9903329,
        0.0278070681
      ],
      [
        -0.193508565,
        0.05405956,
        0.979608059
      ],
      [
        -0.9716413,
        0.127743363,
        -0.198984355
      ]
    ],
    "translation": [
      2.15555,
      0.925442159,
      -0.590930939
    ]
  },
  {
    "timeStamp": 108081,
    "rotation": [
      [
        -0.112066589,
        -0.993565857,
        0.016371714
      ],
      [
        -0.183616862,
        0.03689673,
        0.982305169
      ],
      [
        -0.976588964,
        0.107077464,
        -0.186570317
      ]
    ],
    "translation": [
      2.1564765,
      0.92028296,
      -0.5841698
    ]
  },
  {
    "timeStamp": 108125,
    "rotation": [
      [
        -0.10723424,
        -0.9942307,
        0.002508104
      ],
      [
        -0.180713385,
        0.0219716188,
        0.9832904
      ],
      [
        -0.9776725,
        0.104989149,
        -0.1820269
      ]
    ],
    "translation": [
      2.16044164,
      0.9170309,
      -0.578502
    ]
  },
  {
    "timeStamp": 108170,
    "rotation": [
      [
        -0.122526549,
        -0.992412865,
        0.0101972595
      ],
      [
        -0.166330367,
        0.03066288,
        0.9855932
      ],
      [
        -0.978428066,
        0.119065218,
        -0.168825418
      ]
    ],
    "translation": [
      2.16394615,
      0.912786,
      -0.5747672
    ]
  },
  {
    "timeStamp": 108225,
    "rotation": [
      [
        -0.121831,
        -0.992531955,
        0.006132078
      ],
      [
        -0.153692871,
        0.0249683075,
        0.987803161
      ],
      [
        -0.9805793,
        0.119402587,
        -0.155587
      ]
    ],
    "translation": [
      2.1666894,
      0.908794343,
      -0.5701382
    ]
  },
  {
    "timeStamp": 108282,
    "rotation": [
      [
        -0.120462783,
        -0.992686033,
        -0.007944332
      ],
      [
        -0.150524125,
        0.0103549045,
        0.9885521
      ],
      [
        -0.981239557,
        0.120279551,
        -0.150670573
      ]
    ],
    "translation": [
      2.17123127,
      0.9060504,
      -0.565010369
    ]
  },
  {
    "timeStamp": 108327,
    "rotation": [
      [
        -0.128076971,
        -0.991755664,
        0.004102312
      ],
      [
        -0.139703616,
        0.02213638,
        0.9899459
      ],
      [
        -0.9818753,
        0.126216158,
        -0.14138703
      ]
    ],
    "translation": [
      2.17199,
      0.9023779,
      -0.5618343
    ]
  },
  {
    "timeStamp": 108372,
    "rotation": [
      [
        -0.131478474,
        -0.9912631,
        -0.0105304578
      ],
      [
        -0.130791411,
        0.006816053,
        0.9913865
      ],
      [
        -0.982653,
        0.13172327,
        -0.130544871
      ]
    ],
    "translation": [
      2.17523146,
      0.898187,
      -0.5598832
    ]
  },
  {
    "timeStamp": 108429,
    "rotation": [
      [
        -0.122859009,
        -0.992386341,
        -0.008662131
      ],
      [
        -0.129960746,
        0.00743502937,
        0.991491258
      ],
      [
        -0.983877957,
        0.122939371,
        -0.129884735
      ]
    ],
    "translation": [
      2.173899,
      0.89681,
      -0.5561648
    ]
  },
  {
    "timeStamp": 108475,
    "rotation": [
      [
        -0.121547304,
        -0.99257946,
        0.00349484826
      ],
      [
        -0.120434746,
        0.0182427131,
        0.9925536
      ],
      [
        -0.9852521,
        0.120221309,
        -0.121758409
      ]
    ],
    "translation": [
      2.1707232,
      0.894526958,
      -0.5543419
    ]
  },
  {
    "timeStamp": 108531,
    "rotation": [
      [
        -0.127698556,
        -0.991759837,
        0.0102706263
      ],
      [
        -0.11497888,
        0.0250886269,
        0.993051052
      ],
      [
        -0.98512584,
        0.125630274,
        -0.117235221
      ]
    ],
    "translation": [
      2.17029667,
      0.891563237,
      -0.551871538
    ]
  },
  {
    "timeStamp": 108575,
    "rotation": [
      [
        -0.122686557,
        -0.9924344,
        0.004691294
      ],
      [
        -0.111017548,
        0.0184212215,
        0.9936477
      ],
      [
        -0.9862166,
        0.121386394,
        -0.112437665
      ]
    ],
    "translation": [
      2.170591,
      0.8882703,
      -0.5504799
    ]
  },
  {
    "timeStamp": 108631,
    "rotation": [
      [
        -0.114034511,
        -0.9934339,
        -0.009231475
      ],
      [
        -0.1044117,
        0.00274356827,
        0.9945304
      ],
      [
        -0.9879748,
        0.11437466,
        -0.104038976
      ]
    ],
    "translation": [
      2.171977,
      0.884396255,
      -0.5497704
    ]
  },
  {
    "timeStamp": 108675,
    "rotation": [
      [
        -0.123553544,
        -0.9923269,
        -0.00467508053
      ],
      [
        -0.102429353,
        0.00806707051,
        0.9947076
      ],
      [
        -0.9870374,
        0.123378508,
        -0.102640115
      ]
    ],
    "translation": [
      2.17336822,
      0.8824362,
      -0.5483337
    ]
  },
  {
    "timeStamp": 108730,
    "rotation": [
      [
        -0.123381205,
        -0.9923592,
        -0.0005340491
      ],
      [
        -0.09731759,
        0.0115640415,
        0.9951862
      ],
      [
        -0.987576,
        0.12283925,
        -0.0980007946
      ]
    ],
    "translation": [
      2.172727,
      0.8801544,
      -0.5479239
    ]
  },
  {
    "timeStamp": 108775,
    "rotation": [
      [
        -0.12151812,
        -0.992589235,
        3.02517474E-05
      ],
      [
        -0.09903802,
        0.0121550942,
        0.9950094
      ],
      [
        -0.98763597,
        0.120908678,
        -0.09978113
      ]
    ],
    "translation": [
      2.17213941,
      0.8797003,
      -0.547094643
    ]
  },
  {
    "timeStamp": 108830,
    "rotation": [
      [
        -0.126518443,
        -0.991953731,
        0.0045778
      ],
      [
        -0.09015818,
        0.0160947368,
        0.9957974
      ],
      [
        -0.9878586,
        0.125574008,
        -0.09146901
      ]
    ],
    "translation": [
      2.170946,
      0.877990365,
      -0.547716141
    ]
  }
]