[
  {
    "timeStamp": 27397,
    "rotation": [
      [
        0.9999275,
        -0.00154788606,
        -0.0119405482
      ],
      [
        0.01195591,
        0.0103276689,
        0.9998752
      ],
      [
        -0.00142437278,
        -0.999945462,
        0.0103454273
      ]
    ],
    "translation": [
      1.61596966,
      0.701708555,
      -0.7499559
    ]
  },
  {
    "timeStamp": 27442,
    "rotation": [
      [
        0.9999291,
        0.00175644,
        -0.0117764026
      ],
      [
        0.01174835,
        0.0152072851,
        0.999815345
      ],
      [
        0.00193519844,
        -0.999882758,
        0.0151855713
      ]
    ],
    "translation": [
      1.61585748,
      0.701873243,
      -0.749404848
    ]
  },
  {
    "timeStamp": 27490,
    "rotation": [
      [
        0.9999407,
        0.00924260449,
        -0.00576598756
      ],
      [
        0.00560355838,
        0.0175045859,
        0.9998311
      ],
      [
        0.009341975,
        -0.9998041,
        0.0174517557
      ]
    ],
    "translation": [
      1.616023,
      0.7019361,
      -0.749108434
    ]
  },
  {
    "timeStamp": 27544,
    "rotation": [
      [
        0.999911845,
        -0.0115693174,
        -0.00651412969
      ],
      [
        0.00654221559,
        0.00239142217,
        0.999975741
      ],
      [
        -0.0115534589,
        -0.9999302,
        0.00246690051
      ]
    ],
    "translation": [
      1.618544,
      0.7018084,
      -0.747049332
    ]
  },
  {
    "timeStamp": 27589,
    "rotation": [
      [
        0.999827862,
        -0.0177907627,
        -0.005262586
      ],
      [
        0.00511190062,
        -0.008504766,
        0.999950767
      ],
      [
        -0.0178346448,
        -0.99980557,
        -0.00841235649
      ]
    ],
    "translation": [
      1.62027407,
      0.703534842,
      -0.7448299
    ]
  },
  {
    "timeStamp": 27644,
    "rotation": [
      [
        0.9995681,
        -0.0271511991,
        -0.0112424977
      ],
      [
        0.0108014233,
        -0.0163375065,
        0.9998082
      ],
      [
        -0.0273296628,
        -0.999497831,
        -0.01603718
      ]
    ],
    "translation": [
      1.623583,
      0.7109346,
      -0.7428491
    ]
  },
  {
    "timeStamp": 27689,
    "rotation": [
      [
        0.9985795,
        -0.04765741,
        -0.0238291938
      ],
      [
        0.0217329115,
        -0.0440311879,
        0.9987937
      ],
      [
        -0.0486491658,
        -0.9978928,
        -0.0429329
      ]
    ],
    "translation": [
      1.63046241,
      0.7263082,
      -0.7390848
    ]
  },
  {
    "timeStamp": 27744,
    "rotation": [
      [
        0.9953693,
        -0.082579,
        -0.04919983
      ],
      [
        0.0430510826,
        -0.0746565238,
        0.9962796
      ],
      [
        -0.0859448463,
        -0.993784249,
        -0.0707557
      ]
    ],
    "translation": [
      1.64449835,
      0.7527044,
      -0.7342626
    ]
  },
  {
    "timeStamp": 27789,
    "rotation": [
      [
        0.9896431,
        -0.120124206,
        -0.0785929859
      ],
      [
        0.06721902,
        -0.09597377,
        0.9931116
      ],
      [
        -0.1268396,
        -0.988109,
        -0.0869051442
      ]
    ],
    "translation": [
      1.66335762,
      0.779221952,
      -0.728857
    ]
  },
  {
    "timeStamp": 27844,
    "rotation": [
      [
        0.9765337,
        -0.181123868,
        -0.116516009
      ],
      [
        0.0960074,
        -0.1181685,
        0.988341451
      ],
      [
        -0.192780718,
        -0.9763351,
        -0.0980063
      ]
    ],
    "translation": [
      1.69453192,
      0.814484358,
      -0.72035867
    ]
  },
  {
    "timeStamp": 27890,
    "rotation": [
      [
        0.9531473,
        -0.2595595,
        -0.155367538
      ],
      [
        0.120613486,
        -0.144931167,
        0.9820628
      ],
      [
        -0.277421325,
        -0.954789937,
        -0.106834374
      ]
    ],
    "translation": [
      1.7317729,
      0.845612,
      -0.714486837
    ]
  },
  {
    "timeStamp": 27943,
    "rotation": [
      [
        0.9038106,
        -0.377927631,
        -0.200741053
      ],
      [
        0.135258958,
        -0.192755654,
        0.9718798
      ],
      [
        -0.405994177,
        -0.9055473,
        -0.123096511
      ]
    ],
    "translation": [
      1.78477693,
      0.8832905,
      -0.7082886
    ]
  },
  {
    "timeStamp": 27999,
    "rotation": [
      [
        0.8413993,
        -0.478313476,
        -0.251522332
      ],
      [
        0.161467671,
        -0.221656039,
        0.961663544
      ],
      [
        -0.515728056,
        -0.849755764,
        -0.109269068
      ]
    ],
    "translation": [
      1.84473181,
      0.918422937,
      -0.7060373
    ]
  },
  {
    "timeStamp": 28043,
    "rotation": [
      [
        0.7804299,
        -0.563493133,
        -0.2709331
      ],
      [
        0.164899081,
        -0.232482925,
        0.9585197
      ],
      [
        -0.603106558,
        -0.792734,
        -0.08851712
      ]
    ],
    "translation": [
      1.89271033,
      0.9388796,
      -0.7081628
    ]
  },
  {
    "timeStamp": 28098,
    "rotation": [
      [
        0.6843066,
        -0.6704726,
        -0.28668943
      ],
      [
        0.1510154,
        -0.254328817,
        0.9552545
      ],
      [
        -0.7133854,
        -0.6969815,
        -0.07278722
      ]
    ],
    "translation": [
      1.95390832,
      0.9584427,
      -0.7148823
    ]
  },
  {
    "timeStamp": 28143,
    "rotation": [
      [
        0.608865857,
        -0.7378431,
        -0.2913244
      ],
      [
        0.14168565,
        -0.260188222,
        0.9551059
      ],
      [
        -0.780517459,
        -0.62280786,
        -0.0538779572
      ]
    ],
    "translation": [
      2.0005815,
      0.9668256,
      -0.7228108
    ]
  },
  {
    "timeStamp": 28198,
    "rotation": [
      [
        0.5336389,
        -0.803172767,
        -0.264845371
      ],
      [
        0.148154616,
        -0.219537422,
        0.9642891
      ],
      [
        -0.83263427,
        -0.553820252,
        0.0018400508
      ]
    ],
    "translation": [
      2.05350471,
      0.966263354,
      -0.73351264
    ]
  },
  {
    "timeStamp": 28243,
    "rotation": [
      [
        0.475085437,
        -0.847102761,
        -0.238140032
      ],
      [
        0.117101081,
        -0.207360759,
        0.971230567
      ],
      [
        -0.872113049,
        -0.489303976,
        0.0006825779
      ]
    ],
    "translation": [
      2.09071422,
      0.958764136,
      -0.739374936
    ]
  },
  {
    "timeStamp": 28289,
    "rotation": [
      [
        0.412796974,
        -0.8891505,
        -0.197509736
      ],
      [
        0.0810414255,
        -0.180132374,
        0.9802982
      ],
      [
        -0.9072106,
        -0.4206706,
        -0.00230007083
      ]
    ],
    "translation": [
      2.12228036,
      0.946933448,
      -0.745906234
    ]
  },
  {
    "timeStamp": 28339,
    "rotation": [
      [
        0.348938346,
        -0.927246332,
        -0.135853872
      ],
      [
        0.0596980639,
        -0.122677878,
        0.9906494
      ],
      [
        -0.9352423,
        -0.353785783,
        0.0125477919
      ]
    ],
    "translation": [
      2.15197277,
      0.926604867,
      -0.756348133
    ]
  },
  {
    "timeStamp": 28394,
    "rotation": [
      [
        0.304835349,
        -0.948664665,
        -0.08432564
      ],
      [
        -0.00241937325,
        -0.08931072,
        0.9960009
      ],
      [
        -0.952402055,
        -0.303412259,
        -0.029520236
      ]
    ],
    "translation": [
      2.17476845,
      0.902997732,
      -0.7571675
    ]
  },
  {
    "timeStamp": 28439,
    "rotation": [
      [
        0.2810423,
        -0.95834285,
        -0.0509330221
      ],
      [
        -0.00707359659,
        -0.055139184,
        0.9984536
      ],
      [
        -0.9596693,
        -0.28024742,
        -0.0222753733
      ]
    ],
    "translation": [
      2.186001,
      0.888284862,
      -0.76256907
    ]
  },
  {
    "timeStamp": 28494,
    "rotation": [
      [
        0.257239938,
        -0.965460062,
        -0.0414061137
      ],
      [
        -0.0152395219,
        -0.04689573,
        0.9987835
      ],
      [
        -0.9662274,
        -0.256296,
        -0.0267766062
      ]
    ],
    "translation": [
      2.19713163,
      0.877316236,
      -0.770565748
    ]
  },
  {
    "timeStamp": 28539,
    "rotation": [
      [
        0.2401132,
        -0.9701742,
        -0.03328182
      ],
      [
        -0.0162577443,
        -0.038298998,
        0.999134064
      ],
      [
        -0.9706088,
        -0.239364177,
        -0.0249689389
      ]
    ],
    "translation": [
      2.20170474,
      0.8702424,
      -0.777444065
    ]
  },
  {
    "timeStamp": 28594,
    "rotation": [
      [
        0.251803279,
        -0.96689564,
        -0.04132746
      ],
      [
        -0.0208540633,
        -0.0481145233,
        0.9986241
      ],
      [
        -0.967553735,
        -0.250594974,
        -0.0322790965
      ]
    ],
    "translation": [
      2.20973063,
      0.861923635,
      -0.779398859
    ]
  },
  {
    "timeStamp": 28639,
    "rotation": [
      [
        0.262301356,
        -0.964541852,
        -0.029272275
      ],
      [
        -0.004339884,
        -0.0315132141,
        0.9994939
      ],
      [
        -0.9649762,
        -0.262041569,
        -0.01245196
      ]
    ],
    "translation": [
      2.213223,
      0.859473765,
      -0.7805802
    ]
  },
  {
    "timeStamp": 28695,
    "rotation": [
      [
        0.239075318,
        -0.9706827,
        -0.0248628557
      ],
      [
        -0.0168240573,
        -0.029742524,
        0.999416
      ],
      [
        -0.970855236,
        -0.2385174,
        -0.0234415252
      ]
    ],
    "translation": [
      2.21521878,
      0.852474451,
      -0.7834853
    ]
  },
  {
    "timeStamp": 28740,
    "rotation": [
      [
        0.228201941,
        -0.9735497,
        -0.0111756409
      ],
      [
        -0.0295714848,
        -0.01840392,
        0.9993932
      ],
      [
        -0.9731647,
        -0.227732986,
        -0.03298912
      ]
    ],
    "translation": [
      2.215253,
      0.8450682,
      -0.784691632
    ]
  },
  {
    "timeStamp": 28797,
    "rotation": [
      [
        0.230509445,
        -0.973063469,
        0.003596086
      ],
      [
        -0.0317966379,
        -0.003838582,
        0.999487
      ],
      [
        -0.972550452,
        -0.230505526,
        -0.0318249762
      ]
    ],
    "translation": [
      2.21507668,
      0.8358331,
      -0.7851079
    ]
  },
  {
    "timeStamp": 28843,
    "rotation": [
      [
        0.222830981,
        -0.9748557,
        -0.00164764386
      ],
      [
        -0.0389121547,
        -0.0105832452,
        0.9991866
      ],
      [
        -0.9740802,
        -0.2225856,
        -0.04029201
      ]
    ],
    "translation": [
      2.215807,
      0.831781864,
      -0.7845091
    ]
  },
  {
    "timeStamp": 28899,
    "rotation": [
      [
        0.23326458,
        -0.972347736,
        0.01129351
      ],
      [
        -0.04201219,
        0.001525761,
        0.999115944
      ],
      [
        -0.971505344,
        -0.233532831,
        -0.04049455
      ]
    ],
    "translation": [
      2.21546245,
      0.825557232,
      -0.7833284
    ]
  },
  {
    "timeStamp": 28943,
    "rotation": [
      [
        0.232634142,
        -0.9724873,
        0.0122382417
      ],
      [
        -0.045061212,
        0.001792326,
        0.9989826
      ],
      [
        -0.9715198,
        -0.232948929,
        -0.0434045
      ]
    ],
    "translation": [
      2.21666527,
      0.821701765,
      -0.7828407
    ]
  },
  {
    "timeStamp": 28999,
    "rotation": [
      [
        0.229510456,
        -0.9731938,
        0.0147913657
      ],
      [
        -0.0315874033,
        0.007741421,
        0.999471
      ],
      [
        -0.9727935,
        -0.229856268,
        -0.0289639272
      ]
    ],
    "translation": [
      2.21822929,
      0.816479266,
      -0.784489
    ]
  },
  {
    "timeStamp": 29045,
    "rotation": [
      [
        0.239585951,
        -0.970841646,
        0.0080665
      ],
      [
        -0.0120787425,
        0.00532723265,
        0.999912858
      ],
      [
        -0.9708,
        -0.2396625,
        -0.010450216
      ]
    ],
    "translation": [
      2.22007036,
      0.814877748,
      -0.784147859
    ]
  },
  {
    "timeStamp": 29098,
    "rotation": [
      [
        0.2462921,
        -0.969194353,
        0.00157928339
      ],
      [
        -0.00289445464,
        0.000893933058,
        0.9999954
      ],
      [
        -0.9691913,
        -0.246295542,
        -0.0025851205
      ]
    ],
    "translation": [
      2.22124338,
      0.8137534,
      -0.785288
    ]
  },
  {
    "timeStamp": 29142,
    "rotation": [
      [
        0.243592322,
        -0.969875455,
        -0.00209313654
      ],
      [
        -0.0102854092,
        -0.00474127755,
        0.999935865
      ],
      [
        -0.9698232,
        -0.243555173,
        -0.0111305043
      ]
    ],
    "translation": [
      2.2218163,
      0.813064039,
      -0.786308646
    ]
  },
  {
    "timeStamp": 29198,
    "rotation": [
      [
        0.248044714,
        -0.96864295,
        -0.0143065639
      ],
      [
        -0.00756956125,
        -0.0167055856,
        0.9998318
      ],
      [
        -0.968719,
        -0.247894689,
        -0.0114759337
      ]
    ],
    "translation": [
      2.22229123,
      0.811822534,
      -0.7868779
    ]
  },
  {
    "timeStamp": 29242,
    "rotation": [
      [
        0.2502271,
        -0.9675713,
        -0.034528356
      ],
      [
        -0.00383594749,
        -0.03665338,
        0.9993207
      ],
      [
        -0.9681796,
        -0.249924675,
        -0.0128832217
      ]
    ],
    "translation": [
      2.22241664,
      0.810204446,
      -0.787354231
    ]
  },
  {
    "timeStamp": 29298,
    "rotation": [
      [
        0.2630935,
        -0.963145256,
        -0.0559743233
      ],
      [
        -0.0583316162,
        -0.07379242,
        0.995566249
      ],
      [
        -0.963005364,
        -0.258661956,
        -0.0755961239
      ]
    ],
    "translation": [
      2.2205472,
      0.8157562,
      -0.7850417
    ]
  },
  {
    "timeStamp": 29342,
    "rotation": [
      [
        0.272498071,
        -0.9606736,
        -0.05339546
      ],
      [
        -0.0525692739,
        -0.07027824,
        0.996141255
      ],
      [
        -0.960719168,
        -0.2686396,
        -0.0696525946
      ]
    ],
    "translation": [
      2.21623325,
      0.803623259,
      -0.7904635
    ]
  }
]