[
  {
    "timeStamp": 44509,
    "rotation": [
      [
        -0.8913839,
        0.4527945,
        0.0202948544
      ],
      [
        0.4530687,
        0.8888722,
        0.06808048
      ],
      [
        0.0127869323,
        0.0698808059,
        -0.997473359
      ]
    ],
    "translation": [
      2.22239423,
      0.747588336,
      -0.6737598
    ]
  },
  {
    "timeStamp": 44554,
    "rotation": [
      [
        -0.8902431,
        0.455033749,
        0.02028308
      ],
      [
        0.455239147,
        0.8874142,
        0.07247984
      ],
      [
        0.0149812782,
        0.07375833,
        -0.9971636
      ]
    ],
    "translation": [
      2.2223928,
      0.749583,
      -0.6735764
    ]
  },
  {
    "timeStamp": 44601,
    "rotation": [
      [
        -0.891910136,
        0.451743156,
        0.020602528
      ],
      [
        0.45217973,
        0.890368938,
        0.05269405
      ],
      [
        0.0054603233,
        0.0563144,
        -0.9983981
      ]
    ],
    "translation": [
      2.22233343,
      0.749634266,
      -0.674147666
    ]
  },
  {
    "timeStamp": 44656,
    "rotation": [
      [
        -0.8916988,
        0.452209681,
        0.0194869637
      ],
      [
        0.452447981,
        0.889296353,
        0.06665512
      ],
      [
        0.0128124068,
        0.06825313,
        -0.9975858
      ]
    ],
    "translation": [
      2.22226572,
      0.7495631,
      -0.6736349
    ]
  },
  {
    "timeStamp": 44702,
    "rotation": [
      [
        -0.890681,
        0.4541846,
        0.0200930033
      ],
      [
        0.45437,
        0.887813032,
        0.07304719
      ],
      [
        0.0153380772,
        0.07419141,
        -0.997126043
      ]
    ],
    "translation": [
      2.22237635,
      0.749548554,
      -0.673516631
    ]
  },
  {
    "timeStamp": 44758,
    "rotation": [
      [
        -0.89730823,
        0.441399038,
        0.002200238
      ],
      [
        0.441093177,
        0.8964769,
        0.042024456
      ],
      [
        0.0165770929,
        0.0386794,
        -0.999114156
      ]
    ],
    "translation": [
      2.22545457,
      0.7522036,
      -0.6665797
    ]
  },
  {
    "timeStamp": 44803,
    "rotation": [
      [
        -0.901787,
        0.432178,
        -0.0015800749
      ],
      [
        0.431864858,
        0.90126127,
        0.03494106
      ],
      [
        0.0165248178,
        0.0308270119,
        -0.9993881
      ]
    ],
    "translation": [
      2.230269,
      0.758331656,
      -0.659427643
    ]
  },
  {
    "timeStamp": 44858,
    "rotation": [
      [
        -0.8828258,
        0.4626702,
        -0.08096246
      ],
      [
        0.464007527,
        0.885827541,
        0.00257140514
      ],
      [
        0.07290848,
        -0.0352970846,
        -0.9967139
      ]
    ],
    "translation": [
      2.231504,
      0.7663997,
      -0.644816339
    ]
  },
  {
    "timeStamp": 44903,
    "rotation": [
      [
        -0.828721,
        0.459338129,
        -0.3197344
      ],
      [
        0.4820542,
        0.8760933,
        0.009178335
      ],
      [
        0.28433314,
        -0.146523044,
        -0.947462738
      ]
    ],
    "translation": [
      2.23459029,
      0.768970668,
      -0.627674341
    ]
  },
  {
    "timeStamp": 44958,
    "rotation": [
      [
        -0.6302726,
        0.385314345,
        -0.67400986
      ],
      [
        0.5849301,
        0.8065215,
        -0.08590552
      ],
      [
        0.5105028,
        -0.4483926,
        -0.7337104
      ]
    ],
    "translation": [
      2.24631834,
      0.781743646,
      -0.5944213
    ]
  },
  {
    "timeStamp": 45003,
    "rotation": [
      [
        -0.578186035,
        0.283924669,
        -0.7649103
      ],
      [
        0.5808481,
        0.801618159,
        -0.141505584
      ],
      [
        0.572989047,
        -0.5261132,
        -0.6284015
      ]
    ],
    "translation": [
      2.25599957,
      0.785434544,
      -0.574668467
    ]
  },
  {
    "timeStamp": 45058,
    "rotation": [
      [
        -0.633502364,
        0.313074023,
        -0.707572937
      ],
      [
        0.523494661,
        0.846827269,
        -0.09400517
      ],
      [
        0.569761455,
        -0.429963142,
        -0.700359643
      ]
    ],
    "translation": [
      2.25149274,
      0.77938807,
      -0.569403768
    ]
  },
  {
    "timeStamp": 45103,
    "rotation": [
      [
        -0.7005041,
        0.346217752,
        -0.6240411
      ],
      [
        0.493712127,
        0.8665169,
        -0.07346287
      ],
      [
        0.515307963,
        -0.3595577,
        -0.7779306
      ]
    ],
    "translation": [
      2.24662137,
      0.773243368,
      -0.5653682
    ]
  },
  {
    "timeStamp": 45158,
    "rotation": [
      [
        -0.804982364,
        0.401901275,
        -0.436438829
      ],
      [
        0.495732069,
        0.8597776,
        -0.122605592
      ],
      [
        0.325965,
        -0.315052062,
        -0.89134115
      ]
    ],
    "translation": [
      2.23876572,
      0.7673246,
      -0.558532357
    ]
  },
  {
    "timeStamp": 45203,
    "rotation": [
      [
        -0.887628257,
        0.444100916,
        -0.122026138
      ],
      [
        0.459260255,
        0.8733847,
        -0.162108272
      ],
      [
        0.03458333,
        -0.199933633,
        -0.9791989
      ]
    ],
    "translation": [
      2.22960186,
      0.764405549,
      -0.559179962
    ]
  },
  {
    "timeStamp": 45258,
    "rotation": [
      [
        -0.8914619,
        0.4261346,
        0.153964475
      ],
      [
        0.414289653,
        0.9042017,
        -0.103843391
      ],
      [
        -0.1834662,
        -0.02878654,
        -0.982604444
      ]
    ],
    "translation": [
      2.22483683,
      0.760420263,
      -0.567594469
    ]
  },
  {
    "timeStamp": 45303,
    "rotation": [
      [
        -0.879685342,
        0.3983627,
        0.2597325
      ],
      [
        0.4015864,
        0.914813042,
        -0.042958457
      ],
      [
        -0.254719764,
        0.0665151253,
        -0.96472466
      ]
    ],
    "translation": [
      2.22382355,
      0.7555787,
      -0.5781928
    ]
  },
  {
    "timeStamp": 45358,
    "rotation": [
      [
        -0.8763679,
        0.41619873,
        0.24240011
      ],
      [
        0.41765812,
        0.9073406,
        -0.0479034372
      ],
      [
        -0.2398768,
        0.0592593439,
        -0.968993
      ]
    ],
    "translation": [
      2.22462678,
      0.7524818,
      -0.580029845
    ]
  },
  {
    "timeStamp": 45403,
    "rotation": [
      [
        -0.875470459,
        0.4196505,
        0.239676878
      ],
      [
        0.426496953,
        0.9041383,
        -0.0251864288
      ],
      [
        -0.227270544,
        0.08017148,
        -0.970526
      ]
    ],
    "translation": [
      2.22467923,
      0.7513018,
      -0.5794772
    ]
  },
  {
    "timeStamp": 45458,
    "rotation": [
      [
        -0.866654634,
        0.441291064,
        0.232748851
      ],
      [
        0.446054727,
        0.894331336,
        -0.0347372331
      ],
      [
        -0.223483816,
        0.07371353,
        -0.9719163
      ]
    ],
    "translation": [
      2.22485423,
      0.750288963,
      -0.5795452
    ]
  },
  {
    "timeStamp": 45502,
    "rotation": [
      [
        -0.86583513,
        0.4420032,
        0.23444134
      ],
      [
        0.449697465,
        0.892895,
        -0.02260087
      ],
      [
        -0.219321132,
        0.0858590454,
        -0.9718675
      ]
    ],
    "translation": [
      2.22494674,
      0.749874532,
      -0.5792151
    ]
  },
  {
    "timeStamp": 45558,
    "rotation": [
      [
        -0.864137769,
        0.445142478,
        0.23476404
      ],
      [
        0.4569361,
        0.8894873,
        -0.00465526059
      ],
      [
        -0.2108919,
        0.103249379,
        -0.972041249
      ]
    ],
    "translation": [
      2.22503185,
      0.7495667,
      -0.5785966
    ]
  },
  {
    "timeStamp": 45603,
    "rotation": [
      [
        -0.863437355,
        0.4464477,
        0.234862566
      ],
      [
        0.4587022,
        0.888585746,
        -0.00275241956
      ],
      [
        -0.209924355,
        0.105355442,
        -0.9720247
      ]
    ],
    "translation": [
      2.22511125,
      0.7495432,
      -0.5785312
    ]
  },
  {
    "timeStamp": 45658,
    "rotation": [
      [
        -0.8635218,
        0.446245,
        0.234937087
      ],
      [
        0.459645152,
        0.888098955,
        0.00257045147
      ],
      [
        -0.207500324,
        0.110207334,
        -0.9720072
      ]
    ],
    "translation": [
      2.22509718,
      0.749466836,
      -0.5783542
    ]
  }
]