[
  {
    "timeStamp": 101033,
    "rotation": [
      [
        0.841953337,
        -0.447784126,
        -0.301004976
      ],
      [
        0.501159668,
        0.8557109,
        0.128832623
      ],
      [
        0.199884027,
        -0.259322584,
        0.94488
      ]
    ],
    "translation": [
      1.15321684,
      0.7050741,
      -0.623822033
    ]
  },
  {
    "timeStamp": 101088,
    "rotation": [
      [
        0.846351147,
        -0.441269755,
        -0.298279554
      ],
      [
        0.494351447,
        0.8592537,
        0.1315284
      ],
      [
        0.198258311,
        -0.258774161,
        0.9453727
      ]
    ],
    "translation": [
      1.15326619,
      0.70516783,
      -0.6238632
    ]
  },
  {
    "timeStamp": 101132,
    "rotation": [
      [
        0.8603536,
        -0.426779747,
        -0.278658539
      ],
      [
        0.47655037,
        0.8674801,
        0.142751426
      ],
      [
        0.180807337,
        -0.255611539,
        0.9497217
      ]
    ],
    "translation": [
      1.15321815,
      0.704872668,
      -0.624153137
    ]
  },
  {
    "timeStamp": 101188,
    "rotation": [
      [
        0.847087741,
        -0.446744919,
        -0.28785643
      ],
      [
        0.49537167,
        0.8598984,
        0.123214386
      ],
      [
        0.192481875,
        -0.246969312,
        0.949714065
      ]
    ],
    "translation": [
      1.15654123,
      0.705320239,
      -0.6245578
    ]
  },
  {
    "timeStamp": 101232,
    "rotation": [
      [
        0.8531987,
        -0.439049065,
        -0.281581074
      ],
      [
        0.48682785,
        0.86410284,
        0.127769083
      ],
      [
        0.187218115,
        -0.246093929,
        0.9509927
      ]
    ],
    "translation": [
      1.15793991,
      0.710125268,
      -0.624346137
    ]
  },
  {
    "timeStamp": 101288,
    "rotation": [
      [
        0.856496334,
        -0.4367923,
        -0.275002778
      ],
      [
        0.489064068,
        0.857102752,
        0.161837265
      ],
      [
        0.165016368,
        -0.273107,
        0.9477247
      ]
    ],
    "translation": [
      1.16348064,
      0.726818144,
      -0.6207726
    ]
  },
  {
    "timeStamp": 101332,
    "rotation": [
      [
        0.876102269,
        -0.425239474,
        -0.227191925
      ],
      [
        0.4687004,
        0.8616423,
        0.194659948
      ],
      [
        0.112981074,
        -0.277026981,
        0.9541967
      ]
    ],
    "translation": [
      1.1749922,
      0.7453882,
      -0.61751616
    ]
  },
  {
    "timeStamp": 101388,
    "rotation": [
      [
        0.885688663,
        -0.442851037,
        -0.1394224
      ],
      [
        0.464074939,
        0.8533553,
        0.237527147
      ],
      [
        0.0137877008,
        -0.275077552,
        0.961323142
      ]
    ],
    "translation": [
      1.203139,
      0.7751844,
      -0.611778438
    ]
  },
  {
    "timeStamp": 101432,
    "rotation": [
      [
        0.8828426,
        -0.4616448,
        -0.0864466056
      ],
      [
        0.467347354,
        0.845191956,
        0.259301037
      ],
      [
        -0.0466409959,
        -0.2693226,
        0.9619199
      ]
    ],
    "translation": [
      1.233269,
      0.799956441,
      -0.6058798
    ]
  },
  {
    "timeStamp": 101488,
    "rotation": [
      [
        0.8633575,
        -0.502468765,
        0.0462495
      ],
      [
        0.469521374,
        0.833543,
        0.291128457
      ],
      [
        -0.1848339,
        -0.22963281,
        0.955565453
      ]
    ],
    "translation": [
      1.28983676,
      0.831349254,
      -0.596798658
    ]
  },
  {
    "timeStamp": 101532,
    "rotation": [
      [
        0.8277518,
        -0.534905732,
        0.169418931
      ],
      [
        0.467285156,
        0.824328363,
        0.319573671
      ],
      [
        -0.3105986,
        -0.185360745,
        0.9322928
      ]
    ],
    "translation": [
      1.34560144,
      0.856290936,
      -0.589804351
    ]
  },
  {
    "timeStamp": 101588,
    "rotation": [
      [
        0.7548707,
        -0.5874704,
        0.291631222
      ],
      [
        0.485205561,
        0.799376965,
        0.354361415
      ],
      [
        -0.441300124,
        -0.125995949,
        0.8884702
      ]
    ],
    "translation": [
      1.42335689,
      0.8855814,
      -0.584655166
    ]
  },
  {
    "timeStamp": 101634,
    "rotation": [
      [
        0.67503,
        -0.619125247,
        0.401271045
      ],
      [
        0.494163066,
        0.783268631,
        0.3772176
      ],
      [
        -0.547848,
        -0.05633983,
        0.8346786
      ]
    ],
    "translation": [
      1.49225187,
      0.9057646,
      -0.5855495
    ]
  },
  {
    "timeStamp": 101687,
    "rotation": [
      [
        0.5593365,
        -0.652791739,
        0.510887146
      ],
      [
        0.5138925,
        0.756659746,
        0.4042036
      ],
      [
        -0.6504285,
        0.0364552438,
        0.758692145
      ]
    ],
    "translation": [
      1.58065224,
      0.9282228,
      -0.593177438
    ]
  },
  {
    "timeStamp": 101731,
    "rotation": [
      [
        0.46138823,
        -0.670220733,
        0.5813132
      ],
      [
        0.535339952,
        0.7328142,
        0.41999346
      ],
      [
        -0.7074829,
        0.117420115,
        0.6969078
      ]
    ],
    "translation": [
      1.65179861,
      0.9427093,
      -0.6036999
    ]
  },
  {
    "timeStamp": 101787,
    "rotation": [
      [
        0.339452237,
        -0.6630312,
        0.6672045
      ],
      [
        0.5352666,
        0.7194353,
        0.442608863
      ],
      [
        -0.7734739,
        0.206887662,
        0.5991124
      ]
    ],
    "translation": [
      1.73735845,
      0.9561196,
      -0.6229784
    ]
  },
  {
    "timeStamp": 101831,
    "rotation": [
      [
        0.253151059,
        -0.647397757,
        0.718881547
      ],
      [
        0.5461457,
        0.7089869,
        0.446164161
      ],
      [
        -0.798523247,
        0.2796671,
        0.5330543
      ]
    ],
    "translation": [
      1.80208349,
      0.9634457,
      -0.642794847
    ]
  },
  {
    "timeStamp": 101887,
    "rotation": [
      [
        0.143514544,
        -0.60621655,
        0.7822436
      ],
      [
        0.5446402,
        0.7083409,
        0.4490215
      ],
      [
        -0.826299369,
        0.361600161,
        0.4318271
      ]
    ],
    "translation": [
      1.87735415,
      0.970284045,
      -0.673122644
    ]
  },
  {
    "timeStamp": 101931,
    "rotation": [
      [
        0.07368564,
        -0.5775429,
        0.813028038
      ],
      [
        0.57892704,
        0.688589633,
        0.436678022
      ],
      [
        -0.812043,
        0.43850705,
        0.3850944
      ]
    ],
    "translation": [
      1.9326973,
      0.9722863,
      -0.6996794
    ]
  },
  {
    "timeStamp": 101987,
    "rotation": [
      [
        0.0161386728,
        -0.515617132,
        0.8566671
      ],
      [
        0.600597143,
        0.689987659,
        0.403980285
      ],
      [
        -0.7993889,
        0.5079921,
        0.320813656
      ]
    ],
    "translation": [
      1.99197161,
      0.968011856,
      -0.730627358
    ]
  },
  {
    "timeStamp": 102031,
    "rotation": [
      [
        -0.0350088142,
        -0.460825741,
        0.8867999
      ],
      [
        0.6035892,
        0.697476745,
        0.386272252
      ],
      [
        -0.7965265,
        0.548785746,
        0.2537316
      ]
    ],
    "translation": [
      2.035313,
      0.9644727,
      -0.752688
    ]
  },
  {
    "timeStamp": 102088,
    "rotation": [
      [
        -0.0238853134,
        -0.41486457,
        0.9095696
      ],
      [
        0.693852365,
        0.648130655,
        0.31384
      ],
      [
        -0.719721,
        0.6386032,
        0.272373974
      ]
    ],
    "translation": [
      2.08077478,
      0.955075264,
      -0.7788349
    ]
  },
  {
    "timeStamp": 102139,
    "rotation": [
      [
        -0.009775493,
        -0.3941778,
        0.918982267
      ],
      [
        0.7236129,
        0.6314955,
        0.2785638
      ],
      [
        -0.6901368,
        0.6677105,
        0.279059
      ]
    ],
    "translation": [
      2.110727,
      0.946734548,
      -0.792026341
    ]
  },
  {
    "timeStamp": 102183,
    "rotation": [
      [
        0.0240419228,
        -0.374139965,
        0.9270606
      ],
      [
        0.7600408,
        0.6092502,
        0.2261686
      ],
      [
        -0.6494306,
        0.6991663,
        0.299009174
      ]
    ],
    "translation": [
      2.14132857,
      0.9340354,
      -0.8055033
    ]
  },
  {
    "timeStamp": 102238,
    "rotation": [
      [
        0.08072555,
        -0.3759018,
        0.9231366
      ],
      [
        0.797452748,
        0.579974,
        0.1664309
      ],
      [
        -0.597956955,
        0.7227226,
        0.346582621
      ]
    ],
    "translation": [
      2.16267538,
      0.9195257,
      -0.8145723
    ]
  },
  {
    "timeStamp": 102282,
    "rotation": [
      [
        0.11088226,
        -0.39185226,
        0.9133219
      ],
      [
        0.8141077,
        0.5629141,
        0.1426759
      ],
      [
        -0.5700296,
        0.7277222,
        0.3814271
      ]
    ],
    "translation": [
      2.17677832,
      0.9101335,
      -0.818329453
    ]
  },
  {
    "timeStamp": 102338,
    "rotation": [
      [
        0.1554067,
        -0.406457722,
        0.900356
      ],
      [
        0.8386321,
        0.535955548,
        0.0971995741
      ],
      [
        -0.5220583,
        0.739962041,
        0.4241596
      ]
    ],
    "translation": [
      2.19123435,
      0.899009168,
      -0.8218301
    ]
  },
  {
    "timeStamp": 102382,
    "rotation": [
      [
        0.188837737,
        -0.429787248,
        0.882962763
      ],
      [
        0.86249423,
        0.5024825,
        0.06012608
      ],
      [
        -0.469514668,
        0.750196159,
        0.465576649
      ]
    ],
    "translation": [
      2.20179152,
      0.8912486,
      -0.8236502
    ]
  },
  {
    "timeStamp": 102438,
    "rotation": [
      [
        0.215658247,
        -0.4294402,
        0.876967847
      ],
      [
        0.862461,
        0.5049014,
        0.0351531245
      ],
      [
        -0.45787847,
        0.7487694,
        0.479261547
      ]
    ],
    "translation": [
      2.21135068,
      0.878197849,
      -0.8259454
    ]
  },
  {
    "timeStamp": 102482,
    "rotation": [
      [
        0.219231114,
        -0.4312458,
        0.875194132
      ],
      [
        0.8736539,
        0.486108243,
        0.0206811614
      ],
      [
        -0.434357733,
        0.7600828,
        0.483329624
      ]
    ],
    "translation": [
      2.21595,
      0.869155765,
      -0.8287382
    ]
  },
  {
    "timeStamp": 102538,
    "rotation": [
      [
        0.209460184,
        -0.45306325,
        0.8665219
      ],
      [
        0.9342656,
        0.354257643,
        -0.040611
      ],
      [
        -0.288572669,
        0.818068,
        0.497484267
      ]
    ],
    "translation": [
      2.21962571,
      0.866431057,
      -0.8329686
    ]
  },
  {
    "timeStamp": 102583,
    "rotation": [
      [
        0.205814749,
        -0.455549836,
        0.866091549
      ],
      [
        0.9635598,
        0.248863354,
        -0.09807873
      ],
      [
        -0.170858711,
        0.8547171,
        0.4901693
      ]
    ],
    "translation": [
      2.22079015,
      0.8665388,
      -0.8362681
    ]
  },
  {
    "timeStamp": 102640,
    "rotation": [
      [
        0.204036191,
        -0.465593249,
        0.8611574
      ],
      [
        0.978787243,
        0.080338,
        -0.188470989
      ],
      [
        0.018567156,
        0.8813448,
        0.4721086
      ]
    ],
    "translation": [
      2.22141981,
      0.8660947,
      -0.8407692
    ]
  },
  {
    "timeStamp": 102685,
    "rotation": [
      [
        0.21071443,
        -0.468984127,
        0.8577023
      ],
      [
        0.972090542,
        0.007946177,
        -0.234471619
      ],
      [
        0.103148013,
        0.883170843,
        0.4575694
      ]
    ],
    "translation": [
      2.221402,
      0.8662039,
      -0.8426139
    ]
  },
  {
    "timeStamp": 102731,
    "rotation": [
      [
        0.205497861,
        -0.454854846,
        0.866532
      ],
      [
        0.966933846,
        -0.0422753654,
        -0.251499057
      ],
      [
        0.151028529,
        0.889561653,
        0.431127042
      ]
    ],
    "translation": [
      2.22148275,
      0.8653231,
      -0.8426825
    ]
  },
  {
    "timeStamp": 102787,
    "rotation": [
      [
        0.215275913,
        -0.465046763,
        0.8587129
      ],
      [
        0.9623993,
        -0.04813779,
        -0.267339319
      ],
      [
        0.165661827,
        0.8839764,
        0.4371978
      ]
    ],
    "translation": [
      2.22118783,
      0.864748061,
      -0.842748463
    ]
  },
  {
    "timeStamp": 102832,
    "rotation": [
      [
        0.217095718,
        -0.472145975,
        0.85436976
      ],
      [
        0.965858638,
        -0.0228615385,
        -0.258058965
      ],
      [
        0.141373709,
        0.881223857,
        0.451063126
      ]
    ],
    "translation": [
      2.220849,
      0.8631442,
      -0.8418522
    ]
  }
]