[
  {
    "timeStamp": 120313,
    "rotation": [
      [
        0.9674403,
        -0.253040045,
        0.005476946
      ],
      [
        0.253090084,
        0.9673633,
        -0.0123953978
      ],
      [
        -0.00216166442,
        0.0133779682,
        0.999908149
      ]
    ],
    "translation": [
      1.15276718,
      0.7015697,
      -0.48646453
    ]
  },
  {
    "timeStamp": 120368,
    "rotation": [
      [
        0.9865047,
        -0.16359061,
        0.00682517048
      ],
      [
        0.163609728,
        0.9865224,
        -0.00234014448
      ],
      [
        -0.00635035755,
        0.00342522771,
        0.999973953
      ]
    ],
    "translation": [
      1.15294063,
      0.70153594,
      -0.486552328
    ]
  },
  {
    "timeStamp": 120413,
    "rotation": [
      [
        0.9938295,
        -0.1106806,
        0.00727038132
      ],
      [
        0.110674769,
        0.993855953,
        0.001200024
      ],
      [
        -0.007358531,
        -0.000387971464,
        0.9999729
      ]
    ],
    "translation": [
      1.15329456,
      0.700382948,
      -0.487280846
    ]
  },
  {
    "timeStamp": 120468,
    "rotation": [
      [
        0.916345537,
        -0.393763959,
        0.07253136
      ],
      [
        0.395804971,
        0.9182001,
        -0.0157174282
      ],
      [
        -0.0604093373,
        0.0431108624,
        0.9972423
      ]
    ],
    "translation": [
      1.19031549,
      0.7147536,
      -0.493455976
    ]
  },
  {
    "timeStamp": 120513,
    "rotation": [
      [
        0.8577502,
        -0.49263674,
        0.146879956
      ],
      [
        0.496929765,
        0.867749453,
        0.008467399
      ],
      [
        -0.131626353,
        0.0657261,
        0.989118159
      ]
    ],
    "translation": [
      1.22225511,
      0.733264863,
      -0.496236622
    ]
  },
  {
    "timeStamp": 120568,
    "rotation": [
      [
        0.846187055,
        -0.480899185,
        0.229572356
      ],
      [
        0.48671037,
        0.8728819,
        0.0344997756
      ],
      [
        -0.216980457,
        0.08254197,
        0.97268
      ]
    ],
    "translation": [
      1.26039851,
      0.7565912,
      -0.499450326
    ]
  },
  {
    "timeStamp": 120612,
    "rotation": [
      [
        0.8110474,
        -0.502286,
        0.2998514
      ],
      [
        0.51000154,
        0.858207047,
        0.0581287742
      ],
      [
        -0.286531866,
        0.105779491,
        0.9522133
      ]
    ],
    "translation": [
      1.30470741,
      0.779326737,
      -0.5038367
    ]
  },
  {
    "timeStamp": 120668,
    "rotation": [
      [
        0.76101613,
        -0.51813823,
        0.3903681
      ],
      [
        0.5324944,
        0.8426142,
        0.08031845
      ],
      [
        -0.370545745,
        0.14674519,
        0.9171487
      ]
    ],
    "translation": [
      1.37259781,
      0.810146153,
      -0.510908663
    ]
  },
  {
    "timeStamp": 120713,
    "rotation": [
      [
        0.6841474,
        -0.523309469,
        0.508025169
      ],
      [
        0.5552688,
        0.825342357,
        0.102403887
      ],
      [
        -0.472883582,
        0.212031171,
        0.8552333
      ]
    ],
    "translation": [
      1.44113994,
      0.8361906,
      -0.5238497
    ]
  },
  {
    "timeStamp": 120768,
    "rotation": [
      [
        0.5700578,
        -0.533069134,
        0.6251971
      ],
      [
        0.583562255,
        0.7983538,
        0.1486148
      ],
      [
        -0.5783504,
        0.28012237,
        0.766186833
      ]
    ],
    "translation": [
      1.53170538,
      0.870793,
      -0.5435194
    ]
  },
  {
    "timeStamp": 120812,
    "rotation": [
      [
        0.479355842,
        -0.5475894,
        0.685830653
      ],
      [
        0.6152004,
        0.7669817,
        0.182393745
      ],
      [
        -0.625896454,
        0.33449176,
        0.7045345
      ]
    ],
    "translation": [
      1.60270035,
      0.8968264,
      -0.560849
    ]
  },
  {
    "timeStamp": 120866,
    "rotation": [
      [
        0.3421672,
        -0.523034334,
        0.780613065
      ],
      [
        0.624098659,
        0.747547746,
        0.227317572
      ],
      [
        -0.702440441,
        0.409398943,
        0.5822113
      ]
    ],
    "translation": [
      1.69260848,
      0.9258113,
      -0.588840544
    ]
  },
  {
    "timeStamp": 120911,
    "rotation": [
      [
        0.248635247,
        -0.5093188,
        0.823877931
      ],
      [
        0.6384093,
        0.7258563,
        0.256058842
      ],
      [
        -0.728432536,
        0.462306052,
        0.5056274
      ]
    ],
    "translation": [
      1.76055467,
      0.9454771,
      -0.6109476
    ]
  },
  {
    "timeStamp": 120966,
    "rotation": [
      [
        0.134532586,
        -0.45827955,
        0.8785675
      ],
      [
        0.622370541,
        0.729006648,
        0.284963548
      ],
      [
        -0.771074533,
        0.508457661,
        0.383294821
      ]
    ],
    "translation": [
      1.83934319,
      0.9626418,
      -0.6390822
    ]
  },
  {
    "timeStamp": 121011,
    "rotation": [
      [
        0.0561499558,
        -0.4075333,
        0.9114625
      ],
      [
        0.5963182,
        0.7458799,
        0.296762228
      ],
      [
        -0.800782,
        0.526858449,
        0.284900635
      ]
    ],
    "translation": [
      1.89647949,
      0.9714708,
      -0.660364747
    ]
  },
  {
    "timeStamp": 121066,
    "rotation": [
      [
        -0.008826784,
        -0.375234127,
        0.926888049
      ],
      [
        0.6085766,
        0.733477056,
        0.30273065
      ],
      [
        -0.793446064,
        0.5667545,
        0.221884459
      ]
    ],
    "translation": [
      1.96156561,
      0.9796917,
      -0.683001459
    ]
  },
  {
    "timeStamp": 121111,
    "rotation": [
      [
        -0.0415097475,
        -0.331915438,
        0.9423954
      ],
      [
        0.57965374,
        0.7602497,
        0.293295026
      ],
      [
        -0.8138049,
        0.5584376,
        0.160838246
      ]
    ],
    "translation": [
      2.00705171,
      0.978388,
      -0.695457935
    ]
  },
  {
    "timeStamp": 121166,
    "rotation": [
      [
        -0.0611153319,
        -0.2873008,
        0.9558886
      ],
      [
        0.560785651,
        0.7823551,
        0.270997941
      ],
      [
        -0.8257023,
        0.552610755,
        0.113300271
      ]
    ],
    "translation": [
      2.058087,
      0.9707325,
      -0.705736458
    ]
  },
  {
    "timeStamp": 121211,
    "rotation": [
      [
        -0.0583346374,
        -0.255372226,
        0.9650814
      ],
      [
        0.537467539,
        0.8066268,
        0.245930612
      ],
      [
        -0.8412643,
        0.5330462,
        0.09020001
      ]
    ],
    "translation": [
      2.092588,
      0.959893465,
      -0.7097544
    ]
  },
  {
    "timeStamp": 121263,
    "rotation": [
      [
        -0.05427202,
        -0.2237796,
        0.973127544
      ],
      [
        0.514722049,
        0.8288346,
        0.219304532
      ],
      [
        -0.8556376,
        0.5127923,
        0.07020176
      ]
    ],
    "translation": [
      2.12184334,
      0.9470346,
      -0.7113162
    ]
  },
  {
    "timeStamp": 121318,
    "rotation": [
      [
        -0.00458348,
        -0.191773787,
        0.9814285
      ],
      [
        0.517225564,
        0.8395057,
        0.166457236
      ],
      [
        -0.855836868,
        0.508382857,
        0.09534245
      ]
    ],
    "translation": [
      2.15649223,
      0.9233545,
      -0.712613
    ]
  },
  {
    "timeStamp": 121362,
    "rotation": [
      [
        0.008836697,
        -0.142874762,
        0.989701331
      ],
      [
        0.4647574,
        0.876930833,
        0.1224454
      ],
      [
        -0.885394,
        0.458888978,
        0.07415128
      ]
    ],
    "translation": [
      2.169338,
      0.903206944,
      -0.7095908
    ]
  },
  {
    "timeStamp": 121419,
    "rotation": [
      [
        0.0538335778,
        -0.09376536,
        0.9941378
      ],
      [
        0.4265277,
        0.902346253,
        0.0620108321
      ],
      [
        -0.902871,
        0.420689076,
        0.08857006
      ]
    ],
    "translation": [
      2.17577672,
      0.876949549,
      -0.7034782
    ]
  },
  {
    "timeStamp": 121462,
    "rotation": [
      [
        0.0629337355,
        -0.0602787,
        0.9961957
      ],
      [
        0.397909462,
        0.916922748,
        0.030344421
      ],
      [
        -0.9152636,
        0.39448598,
        0.08169084
      ]
    ],
    "translation": [
      2.178605,
      0.8618288,
      -0.7001136
    ]
  },
  {
    "timeStamp": 121518,
    "rotation": [
      [
        0.06869456,
        -0.0222019926,
        0.9973907
      ],
      [
        0.375496,
        0.926809251,
        -0.005231172
      ],
      [
        -0.9242748,
        0.374875575,
        0.07200351
      ]
    ],
    "translation": [
      2.18072271,
      0.8462953,
      -0.698016644
    ]
  },
  {
    "timeStamp": 121562,
    "rotation": [
      [
        0.0823896453,
        -0.0156913865,
        0.99647665
      ],
      [
        0.3734663,
        0.927500963,
        -0.01627332
      ],
      [
        -0.923977733,
        0.373491228,
        0.08227668
      ]
    ],
    "translation": [
      2.18371367,
      0.8374262,
      -0.696097851
    ]
  },
  {
    "timeStamp": 121618,
    "rotation": [
      [
        0.06612279,
        0.00205227453,
        0.9978094
      ],
      [
        0.36999622,
        0.9286573,
        -0.0264289379
      ],
      [
        -0.926677167,
        0.370933235,
        0.06064608
      ]
    ],
    "translation": [
      2.18912959,
      0.8280085,
      -0.6981979
    ]
  },
  {
    "timeStamp": 121663,
    "rotation": [
      [
        0.0767401457,
        -0.0119777033,
        0.996979237
      ],
      [
        0.3632654,
        0.931534767,
        -0.01677005
      ],
      [
        -0.9285199,
        0.363454968,
        0.0758372
      ]
    ],
    "translation": [
      2.19392538,
      0.8232386,
      -0.6957903
    ]
  },
  {
    "timeStamp": 121719,
    "rotation": [
      [
        0.09321951,
        -0.03809679,
        0.994916439
      ],
      [
        0.37195757,
        0.9282495,
        0.0006931463
      ],
      [
        -0.9235571,
        0.3700021,
        0.100701354
      ]
    ],
    "translation": [
      2.199891,
      0.818495631,
      -0.6934181
    ]
  },
  {
    "timeStamp": 121765,
    "rotation": [
      [
        0.08977079,
        -0.0460739061,
        0.9948962
      ],
      [
        0.3586777,
        0.933398247,
        0.0108619621
      ],
      [
        -0.929134846,
        0.355871975,
        0.100317575
      ]
    ],
    "translation": [
      2.20231628,
      0.815983534,
      -0.6906185
    ]
  },
  {
    "timeStamp": 121810,
    "rotation": [
      [
        0.104179315,
        -0.06414755,
        0.992487669
      ],
      [
        0.368635237,
        0.929328442,
        0.0213705171
      ],
      [
        -0.9237179,
        0.3636396,
        0.120463841
      ]
    ],
    "translation": [
      2.20497513,
      0.81505233,
      -0.6890795
    ]
  },
  {
    "timeStamp": 121867,
    "rotation": [
      [
        0.07755993,
        -0.0837492,
        0.9934639
      ],
      [
        0.358732522,
        0.932069659,
        0.0505673327
      ],
      [
        -0.930212557,
        0.3524658,
        0.10233482
      ]
    ],
    "translation": [
      2.20645976,
      0.812521458,
      -0.6921322
    ]
  },
  {
    "timeStamp": 121912,
    "rotation": [
      [
        0.06900393,
        -0.0993540138,
        0.9926567
      ],
      [
        0.380761355,
        0.9223259,
        0.06584628
      ],
      [
        -0.92209506,
        0.373421639,
        0.101474278
      ]
    ],
    "translation": [
      2.20815372,
      0.811167657,
      -0.692716837
    ]
  }
]