[
  {
    "timeStamp": 123956,
    "rotation": [
      [
        0.988933146,
        0.102429084,
        0.107328631
      ],
      [
        -0.103780068,
        0.994575143,
        0.007063632
      ],
      [
        -0.106022879,
        -0.0181240328,
        0.994198442
      ]
    ],
    "translation": [
      1.45736539,
      0.70241946,
      -0.77094537
    ]
  },
  {
    "timeStamp": 124000,
    "rotation": [
      [
        0.9853391,
        0.09000985,
        0.144931272
      ],
      [
        -0.09242528,
        0.995669365,
        0.010006086
      ],
      [
        -0.143402979,
        -0.0232547019,
        0.989391148
      ]
    ],
    "translation": [
      1.453005,
      0.7003355,
      -0.7709967
    ]
  },
  {
    "timeStamp": 124057,
    "rotation": [
      [
        0.9741074,
        0.177865937,
        0.139565259
      ],
      [
        -0.183753118,
        0.98250246,
        0.0303911287
      ],
      [
        -0.131717682,
        -0.0552497767,
        0.9897464
      ]
    ],
    "translation": [
      1.45136487,
      0.701817,
      -0.766083539
    ]
  },
  {
    "timeStamp": 124100,
    "rotation": [
      [
        0.962287664,
        0.219002932,
        0.161369368
      ],
      [
        -0.230884984,
        0.971205533,
        0.05875284
      ],
      [
        -0.1438558,
        -0.0937949,
        0.9851436
      ]
    ],
    "translation": [
      1.45181787,
      0.7092467,
      -0.75874263
    ]
  },
  {
    "timeStamp": 124155,
    "rotation": [
      [
        0.9568215,
        0.21792087,
        0.192361876
      ],
      [
        -0.23748669,
        0.9676611,
        0.08504198
      ],
      [
        -0.1676087,
        -0.12705338,
        0.977632165
      ]
    ],
    "translation": [
      1.45936072,
      0.723012149,
      -0.747869253
    ]
  },
  {
    "timeStamp": 124199,
    "rotation": [
      [
        0.9557658,
        0.208792746,
        0.207164928
      ],
      [
        -0.233298481,
        0.9670767,
        0.10165868
      ],
      [
        -0.179118782,
        -0.14549315,
        0.9730098
      ]
    ],
    "translation": [
      1.46856141,
      0.737394,
      -0.736672938
    ]
  },
  {
    "timeStamp": 124255,
    "rotation": [
      [
        0.9481903,
        0.200618267,
        0.246348411
      ],
      [
        -0.239252552,
        0.961069763,
        0.138213992
      ],
      [
        -0.209029764,
        -0.189992651,
        0.9592755
      ]
    ],
    "translation": [
      1.48695278,
      0.7606905,
      -0.7182043
    ]
  },
  {
    "timeStamp": 124299,
    "rotation": [
      [
        0.9387416,
        0.1749335,
        0.2969217
      ],
      [
        -0.23109442,
        0.958700359,
        0.16579847
      ],
      [
        -0.255655229,
        -0.22425887,
        0.940398037
      ]
    ],
    "translation": [
      1.51149118,
      0.781558156,
      -0.7020333
    ]
  },
  {
    "timeStamp": 124355,
    "rotation": [
      [
        0.9167788,
        0.119726077,
        0.381028026
      ],
      [
        -0.214150667,
        0.952636361,
        0.215924725
      ],
      [
        -0.337129325,
        -0.2795526,
        0.898996234
      ]
    ],
    "translation": [
      1.5545429,
      0.8126699,
      -0.6789329
    ]
  },
  {
    "timeStamp": 124400,
    "rotation": [
      [
        0.886234045,
        0.0708501562,
        0.457787633
      ],
      [
        -0.206306264,
        0.945185,
        0.2531067
      ],
      [
        -0.4147614,
        -0.318756253,
        0.8522719
      ]
    ],
    "translation": [
      1.595227,
      0.8375037,
      -0.660951436
    ]
  },
  {
    "timeStamp": 124455,
    "rotation": [
      [
        0.8386906,
        0.00505537,
        0.544584751
      ],
      [
        -0.199095055,
        0.9335879,
        0.297950923
      ],
      [
        -0.506911457,
        -0.358312756,
        0.7839979
      ]
    ],
    "translation": [
      1.6515727,
      0.869039237,
      -0.640048146
    ]
  },
  {
    "timeStamp": 124500,
    "rotation": [
      [
        0.792853355,
        -0.0513640679,
        0.607243955
      ],
      [
        -0.2016665,
        0.9181874,
        0.340973
      ],
      [
        -0.575077534,
        -0.392802358,
        0.7176295
      ]
    ],
    "translation": [
      1.69986284,
      0.895019054,
      -0.625708044
    ]
  },
  {
    "timeStamp": 124555,
    "rotation": [
      [
        0.7203324,
        -0.123934329,
        0.6824672
      ],
      [
        -0.196588382,
        0.9070861,
        0.3722202
      ],
      [
        -0.665187359,
        -0.4022874,
        0.629039466
      ]
    ],
    "translation": [
      1.76441312,
      0.922702849,
      -0.6153473
    ]
  },
  {
    "timeStamp": 124600,
    "rotation": [
      [
        0.66999054,
        -0.18410252,
        0.7191794
      ],
      [
        -0.179476216,
        0.8998549,
        0.3975544
      ],
      [
        -0.7203478,
        -0.395433277,
        0.569852233
      ]
    ],
    "translation": [
      1.81658971,
      0.9422339,
      -0.61037457
    ]
  },
  {
    "timeStamp": 124655,
    "rotation": [
      [
        0.6106684,
        -0.2405417,
        0.7544692
      ],
      [
        -0.165717021,
        0.8928353,
        0.418787479
      ],
      [
        -0.7743526,
        -0.380768657,
        0.5053645
      ]
    ],
    "translation": [
      1.87853372,
      0.963499844,
      -0.607831836
    ]
  },
  {
    "timeStamp": 124699,
    "rotation": [
      [
        0.6213151,
        -0.2866305,
        0.729253352
      ],
      [
        -0.0501785427,
        0.9142263,
        0.402085
      ],
      [
        -0.781952441,
        -0.286414355,
        0.553639948
      ]
    ],
    "translation": [
      1.92414677,
      0.973755062,
      -0.6080001
    ]
  },
  {
    "timeStamp": 124755,
    "rotation": [
      [
        0.642595232,
        -0.315771878,
        0.6981114
      ],
      [
        0.0546971038,
        0.9277085,
        0.369276524
      ],
      [
        -0.764251,
        -0.199110657,
        0.613412857
      ]
    ],
    "translation": [
      1.97507441,
      0.982427239,
      -0.610242367
    ]
  },
  {
    "timeStamp": 124800,
    "rotation": [
      [
        0.6673743,
        -0.345200866,
        0.659884751
      ],
      [
        0.148343816,
        0.9299446,
        0.3364479
      ],
      [
        -0.7297984,
        -0.126646847,
        0.6718295
      ]
    ],
    "translation": [
      2.01403451,
      0.988202035,
      -0.614748359
    ]
  },
  {
    "timeStamp": 124848,
    "rotation": [
      [
        0.6961169,
        -0.3639012,
        0.6188676
      ],
      [
        0.229964823,
        0.9296216,
        0.2879582
      ],
      [
        -0.680101,
        -0.05813481,
        0.7308098
      ]
    ],
    "translation": [
      2.04751515,
      0.9883505,
      -0.6219975
    ]
  },
  {
    "timeStamp": 124905,
    "rotation": [
      [
        0.7229695,
        -0.381314754,
        0.576119959
      ],
      [
        0.290991664,
        0.9243836,
        0.246655256
      ],
      [
        -0.626609147,
        -0.0106781246,
        0.7792605
      ]
    ],
    "translation": [
      2.09022784,
      0.985281467,
      -0.631166339
    ]
  },
  {
    "timeStamp": 124950,
    "rotation": [
      [
        0.7716082,
        -0.375985652,
        0.5130844
      ],
      [
        0.329725862,
        0.926199734,
        0.182852238
      ],
      [
        -0.543968439,
        0.0280869044,
        0.838635445
      ]
    ],
    "translation": [
      2.1074264,
      0.974255562,
      -0.6307113
    ]
  },
  {
    "timeStamp": 125005,
    "rotation": [
      [
        0.8102286,
        -0.350869626,
        0.469489217
      ],
      [
        0.333815545,
        0.9346552,
        0.122420788
      ],
      [
        -0.481764257,
        0.05753398,
        0.8744101
      ]
    ],
    "translation": [
      2.12471175,
      0.9599552,
      -0.631713748
    ]
  },
  {
    "timeStamp": 125050,
    "rotation": [
      [
        0.8192698,
        -0.311387569,
        0.4814923
      ],
      [
        0.271783531,
        0.9502624,
        0.152101859
      ],
      [
        -0.5049067,
        0.006249227,
        0.8631513
      ]
    ],
    "translation": [
      2.13932824,
      0.9528442,
      -0.6287204
    ]
  },
  {
    "timeStamp": 125105,
    "rotation": [
      [
        0.8547581,
        -0.2661871,
        0.445570558
      ],
      [
        0.24031733,
        0.96388,
        0.114817344
      ],
      [
        -0.460039437,
        0.008937277,
        0.8878535
      ]
    ],
    "translation": [
      2.14900661,
      0.937136531,
      -0.620556056
    ]
  },
  {
    "timeStamp": 125150,
    "rotation": [
      [
        0.8889123,
        -0.2271582,
        0.397786468
      ],
      [
        0.206856638,
        0.9738572,
        0.09387509
      ],
      [
        -0.4087117,
        -0.00116195658,
        0.912662864
      ]
    ],
    "translation": [
      2.14958549,
      0.9239166,
      -0.610035062
    ]
  },
  {
    "timeStamp": 125205,
    "rotation": [
      [
        0.924408257,
        -0.166625783,
        0.3430818
      ],
      [
        0.148172542,
        0.9857595,
        0.07951755
      ],
      [
        -0.351445854,
        -0.02267138,
        0.93593365
      ]
    ],
    "translation": [
      2.14346433,
      0.9074351,
      -0.598208
    ]
  },
  {
    "timeStamp": 125250,
    "rotation": [
      [
        0.94053,
        -0.120201334,
        0.317734
      ],
      [
        0.11061646,
        0.9926981,
        0.04810795
      ],
      [
        -0.3211966,
        -0.0101003554,
        0.946958661
      ]
    ],
    "translation": [
      2.137707,
      0.8925551,
      -0.5975856
    ]
  },
  {
    "timeStamp": 125307,
    "rotation": [
      [
        0.9523537,
        -0.0613746755,
        0.2987567
      ],
      [
        0.053659603,
        0.9979814,
        0.0339669846
      ],
      [
        -0.300238341,
        -0.01631742,
        0.9537247
      ]
    ],
    "translation": [
      2.13204741,
      0.877994537,
      -0.5990757
    ]
  },
  {
    "timeStamp": 125352,
    "rotation": [
      [
        0.957421541,
        -0.027219411,
        0.287407637
      ],
      [
        0.0196279753,
        0.999379,
        0.0292624813
      ],
      [
        -0.288025677,
        -0.0223752987,
        0.9573612
      ]
    ],
    "translation": [
      2.12927485,
      0.8711303,
      -0.599421442
    ]
  },
  {
    "timeStamp": 125409,
    "rotation": [
      [
        0.9616187,
        0.01728659,
        0.273844272
      ],
      [
        -0.0217837915,
        0.999673,
        0.0133899665
      ],
      [
        -0.273523271,
        -0.0188414082,
        0.9616809
      ]
    ],
    "translation": [
      2.126079,
      0.860593855,
      -0.601839364
    ]
  },
  {
    "timeStamp": 125454,
    "rotation": [
      [
        0.9641261,
        0.052402202,
        0.260220945
      ],
      [
        -0.05417632,
        0.998531342,
        -0.0003552246
      ],
      [
        -0.2598574,
        -0.0137553327,
        0.965549052
      ]
    ],
    "translation": [
      2.124061,
      0.852979243,
      -0.602204144
    ]
  },
  {
    "timeStamp": 125499,
    "rotation": [
      [
        0.962103,
        0.09507458,
        0.25557512
      ],
      [
        -0.102152139,
        0.994662642,
        0.014530926
      ],
      [
        -0.2528295,
        -0.04008779,
        0.96668005
      ]
    ],
    "translation": [
      2.11991715,
      0.847355068,
      -0.596968353
    ]
  },
  {
    "timeStamp": 125555,
    "rotation": [
      [
        0.9599306,
        0.140718073,
        0.242346182
      ],
      [
        -0.149148479,
        0.9886737,
        0.01670313
      ],
      [
        -0.237250879,
        -0.0521794148,
        0.970046043
      ]
    ],
    "translation": [
      2.11554241,
      0.84055,
      -0.5895954
    ]
  },
  {
    "timeStamp": 125599,
    "rotation": [
      [
        0.9630498,
        0.1857348,
        0.195032462
      ],
      [
        -0.1919907,
        0.981303751,
        0.0135072572
      ],
      [
        -0.188877329,
        -0.0504525825,
        0.9807037
      ]
    ],
    "translation": [
      2.1103406,
      0.8361796,
      -0.5837622
    ]
  },
  {
    "timeStamp": 125655,
    "rotation": [
      [
        0.966971457,
        0.170760676,
        0.189227447
      ],
      [
        -0.181743875,
        0.9824415,
        0.042165
      ],
      [
        -0.178704783,
        -0.07516328,
        0.981027544
      ]
    ],
    "translation": [
      2.11137986,
      0.8329227,
      -0.5805949
    ]
  },
  {
    "timeStamp": 125700,
    "rotation": [
      [
        0.9702739,
        0.1673703,
        0.17480208
      ],
      [
        -0.182024211,
        0.9807016,
        0.07135504
      ],
      [
        -0.159485966,
        -0.101052143,
        0.982014656
      ]
    ],
    "translation": [
      2.11281371,
      0.830021262,
      -0.580262244
    ]
  },
  {
    "timeStamp": 125755,
    "rotation": [
      [
        0.9763597,
        0.14463459,
        0.160631448
      ],
      [
        -0.16219461,
        0.9814578,
        0.102143943
      ],
      [
        -0.142879456,
        -0.125782788,
        0.9817149
      ]
    ],
    "translation": [
      2.11470938,
      0.827457845,
      -0.5795931
    ]
  },
  {
    "timeStamp": 125800,
    "rotation": [
      [
        0.9773245,
        0.152790666,
        0.14660126
      ],
      [
        -0.173593745,
        0.974594533,
        0.1415299
      ],
      [
        -0.121252343,
        -0.1637697,
        0.979018569
      ]
    ],
    "translation": [
      2.11592221,
      0.824058652,
      -0.5795013
    ]
  },
  {
    "timeStamp": 125855,
    "rotation": [
      [
        0.9679753,
        0.195659891,
        0.1572925
      ],
      [
        -0.219673425,
        0.9634329,
        0.153429344
      ],
      [
        -0.121520817,
        -0.183068812,
        0.9755606
      ]
    ],
    "translation": [
      2.114597,
      0.8222577,
      -0.579016
    ]
  },
  {
    "timeStamp": 125900,
    "rotation": [
      [
        0.964896739,
        0.195459157,
        0.175413936
      ],
      [
        -0.222868845,
        0.96273905,
        0.153176308
      ],
      [
        -0.138938144,
        -0.186893612,
        0.9725055
      ]
    ],
    "translation": [
      2.112959,
      0.822205365,
      -0.578735352
    ]
  }
]