[
  {
    "timeStamp": 24913,
    "rotation": [
      [
        -0.696694434,
        0.6406128,
        -0.322850078
      ],
      [
        -0.193689287,
        0.265352666,
        0.944495857
      ],
      [
        0.690725267,
        0.7205576,
        -0.0607899055
      ]
    ],
    "translation": [
      2.21866369,
      0.711080849,
      -0.858344138
    ]
  },
  {
    "timeStamp": 24959,
    "rotation": [
      [
        -0.7025123,
        0.6342918,
        -0.32272312
      ],
      [
        -0.196004912,
        0.2634891,
        0.944539845
      ],
      [
        0.684147954,
        0.7268062,
        -0.0607800223
      ]
    ],
    "translation": [
      2.21947026,
      0.711254358,
      -0.8591936
    ]
  },
  {
    "timeStamp": 25013,
    "rotation": [
      [
        -0.705866456,
        0.6463661,
        -0.2897645
      ],
      [
        -0.177154884,
        0.23498407,
        0.955718935
      ],
      [
        0.685834348,
        0.7259431,
        -0.0513604544
      ]
    ],
    "translation": [
      2.218073,
      0.7123457,
      -0.8590355
    ]
  },
  {
    "timeStamp": 25058,
    "rotation": [
      [
        -0.7032116,
        0.6489501,
        -0.2904432
      ],
      [
        -0.182329282,
        0.230246156,
        0.955898941
      ],
      [
        0.6872041,
        0.725155532,
        -0.0435891561
      ]
    ],
    "translation": [
      2.217804,
      0.7147258,
      -0.8568553
    ]
  },
  {
    "timeStamp": 25113,
    "rotation": [
      [
        -0.7110612,
        0.6618565,
        -0.237356141
      ],
      [
        -0.118718661,
        0.2197138,
        0.9683139
      ],
      [
        0.6930352,
        0.716709,
        -0.07765524
      ]
    ],
    "translation": [
      2.21128,
      0.7185293,
      -0.8489025
    ]
  },
  {
    "timeStamp": 25158,
    "rotation": [
      [
        -0.709266961,
        0.6723747,
        -0.211784288
      ],
      [
        -0.09132266,
        0.210258618,
        0.9733712
      ],
      [
        0.698999643,
        0.709720731,
        -0.08772645
      ]
    ],
    "translation": [
      2.209121,
      0.722943246,
      -0.845038831
    ]
  },
  {
    "timeStamp": 25213,
    "rotation": [
      [
        -0.710176468,
        0.685298145,
        -0.1612941
      ],
      [
        -0.0372020751,
        0.192254081,
        0.980639756
      ],
      [
        0.7030401,
        0.702427745,
        -0.11103981
      ]
    ],
    "translation": [
      2.20158887,
      0.7269298,
      -0.837625444
    ]
  },
  {
    "timeStamp": 25258,
    "rotation": [
      [
        -0.694395661,
        0.7055327,
        -0.141556755
      ],
      [
        -0.00554734468,
        0.191463351,
        0.9814841
      ],
      [
        0.719572067,
        0.6823236,
        -0.129037485
      ]
    ],
    "translation": [
      2.20060563,
      0.730287433,
      -0.8321202
    ]
  },
  {
    "timeStamp": 25313,
    "rotation": [
      [
        -0.6856607,
        0.713066936,
        -0.146304563
      ],
      [
        -0.0111183869,
        0.190706909,
        0.9815841
      ],
      [
        0.7278364,
        0.6746603,
        -0.122832082
      ]
    ],
    "translation": [
      2.20269,
      0.7314641,
      -0.829322934
    ]
  },
  {
    "timeStamp": 25358,
    "rotation": [
      [
        -0.6707422,
        0.7293278,
        -0.134854957
      ],
      [
        -0.00272109429,
        0.179400027,
        0.983772457
      ],
      [
        0.741685569,
        0.6602246,
        -0.1183466
      ]
    ],
    "translation": [
      2.203264,
      0.7309736,
      -0.826795459
    ]
  },
  {
    "timeStamp": 25413,
    "rotation": [
      [
        -0.6561966,
        0.7433125,
        -0.129971117
      ],
      [
        0.00572762731,
        0.177142113,
        0.9841686
      ],
      [
        0.7545682,
        0.645063639,
        -0.120497465
      ]
    ],
    "translation": [
      2.20433,
      0.729277551,
      -0.8242751
    ]
  },
  {
    "timeStamp": 25458,
    "rotation": [
      [
        -0.654082537,
        0.74437356,
        -0.134477317
      ],
      [
        -0.0170815978,
        0.163199931,
        0.9864451
      ],
      [
        0.756230354,
        0.647513568,
        -0.09403113
      ]
    ],
    "translation": [
      2.206186,
      0.7259454,
      -0.8255663
    ]
  },
  {
    "timeStamp": 25513,
    "rotation": [
      [
        -0.6525927,
        0.7465635,
        -0.129482374
      ],
      [
        -0.0269635748,
        0.147897124,
        0.9886351
      ],
      [
        0.757229,
        0.6486674,
        -0.07638657
      ]
    ],
    "translation": [
      2.20650315,
      0.7215085,
      -0.825681567
    ]
  },
  {
    "timeStamp": 25557,
    "rotation": [
      [
        -0.6434272,
        0.7568315,
        -0.114923641
      ],
      [
        -0.017084498,
        0.135892853,
        0.9905762
      ],
      [
        0.7653166,
        0.6393271,
        -0.07450707
      ]
    ],
    "translation": [
      2.2058475,
      0.7185547,
      -0.8239398
    ]
  },
  {
    "timeStamp": 25613,
    "rotation": [
      [
        -0.629871,
        0.766847968,
        -0.123315692
      ],
      [
        -0.024838306,
        0.138800263,
        0.9900089
      ],
      [
        0.7763025,
        0.626640856,
        -0.06837906
      ]
    ],
    "translation": [
      2.20601439,
      0.7157065,
      -0.821377337
    ]
  },
  {
    "timeStamp": 25657,
    "rotation": [
      [
        -0.615514934,
        0.7776957,
        -0.12779139
      ],
      [
        -0.0325086,
        0.136955246,
        0.99004364
      ],
      [
        0.7874544,
        0.613540947,
        -0.0590162054
      ]
    ],
    "translation": [
      2.20556641,
      0.714620948,
      -0.819855154
    ]
  },
  {
    "timeStamp": 25713,
    "rotation": [
      [
        -0.618284762,
        0.7765886,
        -0.120971471
      ],
      [
        -0.0279482715,
        0.132095337,
        0.990842938
      ],
      [
        0.785457134,
        0.616004,
        -0.0599682219
      ]
    ],
    "translation": [
      2.20519185,
      0.7148204,
      -0.820149362
    ]
  },
  {
    "timeStamp": 25757,
    "rotation": [
      [
        -0.6144982,
        0.779894948,
        -0.118978582
      ],
      [
        -0.0293392912,
        0.128116623,
        0.991325
      ],
      [
        0.7883725,
        0.6126582,
        -0.0558458678
      ]
    ],
    "translation": [
      2.20483541,
      0.715184569,
      -0.819803
    ]
  }
]