[
  {
    "timeStamp": 47936,
    "rotation": [
      [
        -0.889802635,
        0.4554328,
        -0.0288496
      ],
      [
        0.456231236,
        0.889215648,
        -0.03389186
      ],
      [
        0.0102180494,
        -0.0433191545,
        -0.9990091
      ]
    ],
    "translation": [
      1.63701046,
      0.7295653,
      -0.36316064
    ]
  },
  {
    "timeStamp": 47993,
    "rotation": [
      [
        -0.8893133,
        0.4563865,
        -0.028865613
      ],
      [
        0.45725438,
        0.8883305,
        -0.0422764868
      ],
      [
        0.0063477885,
        -0.05079597,
        -0.9986888
      ]
    ],
    "translation": [
      1.63703775,
      0.7296915,
      -0.363461167
    ]
  },
  {
    "timeStamp": 48036,
    "rotation": [
      [
        -0.8892262,
        0.4565865,
        -0.0283811446
      ],
      [
        0.457455873,
        0.887043,
        -0.0623611622
      ],
      [
        -0.00329797179,
        -0.0684363,
        -0.99765
      ]
    ],
    "translation": [
      1.63708842,
      0.7305826,
      -0.364066482
    ]
  },
  {
    "timeStamp": 48091,
    "rotation": [
      [
        -0.886903346,
        0.461091,
        -0.0282404032
      ],
      [
        0.461850315,
        0.8837424,
        -0.07545655
      ],
      [
        -0.009835097,
        -0.0799655,
        -0.9967491
      ]
    ],
    "translation": [
      1.63727415,
      0.731222153,
      -0.364499927
    ]
  },
  {
    "timeStamp": 48136,
    "rotation": [
      [
        -0.9069805,
        0.415095,
        -0.07129209
      ],
      [
        0.419785,
        0.904676557,
        -0.0730813444
      ],
      [
        0.0341605842,
        -0.09621071,
        -0.99477464
      ]
    ],
    "translation": [
      1.64204562,
      0.733494043,
      -0.365520328
    ]
  },
  {
    "timeStamp": 48191,
    "rotation": [
      [
        -0.8953464,
        0.4259717,
        -0.130011022
      ],
      [
        0.4397184,
        0.8918397,
        -0.106158972
      ],
      [
        0.0707282647,
        -0.1522173,
        -0.9858131
      ]
    ],
    "translation": [
      1.64613259,
      0.750513136,
      -0.366362661
    ]
  },
  {
    "timeStamp": 48235,
    "rotation": [
      [
        -0.889900446,
        0.419696,
        -0.178696558
      ],
      [
        0.443801761,
        0.887151,
        -0.1265031
      ],
      [
        0.105437994,
        -0.191881016,
        -0.9757379
      ]
    ],
    "translation": [
      1.65218556,
      0.765762,
      -0.371041924
    ]
  },
  {
    "timeStamp": 48291,
    "rotation": [
      [
        -0.8657719,
        0.430456161,
        -0.2552382
      ],
      [
        0.475537062,
        0.866527259,
        -0.1516411
      ],
      [
        0.155896008,
        -0.252661824,
        -0.9549128
      ]
    ],
    "translation": [
      1.66107917,
      0.7893847,
      -0.378762752
    ]
  },
  {
    "timeStamp": 48335,
    "rotation": [
      [
        -0.8417901,
        0.425082624,
        -0.332707316
      ],
      [
        0.4916177,
        0.858263552,
        -0.147294551
      ],
      [
        0.22293821,
        -0.2875559,
        -0.9314559
      ]
    ],
    "translation": [
      1.67413092,
      0.80761075,
      -0.3892084
    ]
  },
  {
    "timeStamp": 48391,
    "rotation": [
      [
        -0.7911633,
        0.4133252,
        -0.450802535
      ],
      [
        0.5256843,
        0.8362874,
        -0.155818686
      ],
      [
        0.312596649,
        -0.3602578,
        -0.878918469
      ]
    ],
    "translation": [
      1.69571149,
      0.832133651,
      -0.398721278
    ]
  },
  {
    "timeStamp": 48436,
    "rotation": [
      [
        -0.758257,
        0.389798522,
        -0.5225931
      ],
      [
        0.5384094,
        0.826413751,
        -0.164789438
      ],
      [
        0.367643416,
        -0.406321764,
        -0.836505234
      ]
    ],
    "translation": [
      1.71798944,
      0.8501677,
      -0.412483484
    ]
  },
  {
    "timeStamp": 48491,
    "rotation": [
      [
        -0.700665832,
        0.358466744,
        -0.6169027
      ],
      [
        0.5500396,
        0.8220949,
        -0.147025213
      ],
      [
        0.454448938,
        -0.44233647,
        -0.7731848
      ]
    ],
    "translation": [
      1.75085819,
      0.8704949,
      -0.429967582
    ]
  },
  {
    "timeStamp": 48535,
    "rotation": [
      [
        -0.649589241,
        0.3354284,
        -0.682291448
      ],
      [
        0.5599422,
        0.8181264,
        -0.130896583
      ],
      [
        0.5142942,
        -0.467072785,
        -0.7192666
      ]
    ],
    "translation": [
      1.78135467,
      0.8855028,
      -0.445592433
    ]
  },
  {
    "timeStamp": 48591,
    "rotation": [
      [
        -0.6057555,
        0.276883662,
        -0.745919347
      ],
      [
        0.553171754,
        0.8204051,
        -0.144694045
      ],
      [
        0.5718926,
        -0.5002707,
        -0.6501292
      ]
    ],
    "translation": [
      1.82359362,
      0.9017718,
      -0.4646267
    ]
  },
  {
    "timeStamp": 48636,
    "rotation": [
      [
        -0.576082766,
        0.236946076,
        -0.782294869
      ],
      [
        0.5490463,
        0.8211813,
        -0.155594051
      ],
      [
        0.6055385,
        -0.5191511,
        -0.6031627
      ]
    ],
    "translation": [
      1.858918,
      0.914016,
      -0.480062
    ]
  },
  {
    "timeStamp": 48691,
    "rotation": [
      [
        -0.5242692,
        0.198206827,
        -0.82816416
      ],
      [
        0.550248563,
        0.8210824,
        -0.15182288
      ],
      [
        0.649898648,
        -0.5352922,
        -0.5395313
      ]
    ],
    "translation": [
      1.90153635,
      0.9274661,
      -0.500294745
    ]
  },
  {
    "timeStamp": 48735,
    "rotation": [
      [
        -0.4986795,
        0.168135047,
        -0.850323141
      ],
      [
        0.5578849,
        0.8130637,
        -0.1664088
      ],
      [
        0.663387656,
        -0.5573671,
        -0.4992582
      ]
    ],
    "translation": [
      1.93552256,
      0.940263748,
      -0.514345944
    ]
  },
  {
    "timeStamp": 48791,
    "rotation": [
      [
        -0.420811176,
        0.131705,
        -0.8975365
      ],
      [
        0.5741418,
        0.804691255,
        -0.151106313
      ],
      [
        0.702338338,
        -0.578900456,
        -0.41424042
      ]
    ],
    "translation": [
      1.978001,
      0.9529313,
      -0.5295783
    ]
  },
  {
    "timeStamp": 48836,
    "rotation": [
      [
        -0.384275854,
        0.08377146,
        -0.9194098
      ],
      [
        0.5824742,
        0.794648945,
        -0.171046525
      ],
      [
        0.7162792,
        -0.6012615,
        -0.3541591
      ]
    ],
    "translation": [
      2.010576,
      0.9616746,
      -0.539477766
    ]
  },
  {
    "timeStamp": 48891,
    "rotation": [
      [
        -0.3091834,
        0.038746018,
        -0.9502128
      ],
      [
        0.5857689,
        0.794891,
        -0.158186838
      ],
      [
        0.749186456,
        -0.6055138,
        -0.2684633
      ]
    ],
    "translation": [
      2.048119,
      0.9657302,
      -0.551401
    ]
  },
  {
    "timeStamp": 48938,
    "rotation": [
      [
        -0.288245678,
        0.008536621,
        -0.957518458
      ],
      [
        0.5885534,
        0.7903551,
        -0.170128345
      ],
      [
        0.7553273,
        -0.612589538,
        -0.2328407
      ]
    ],
    "translation": [
      2.070168,
      0.966043055,
      -0.5589361
    ]
  },
  {
    "timeStamp": 48986,
    "rotation": [
      [
        -0.275154829,
        -0.0197966844,
        -0.961196065
      ],
      [
        0.601018131,
        0.77679795,
        -0.18804808
      ],
      [
        0.7503779,
        -0.629438639,
        -0.201841548
      ]
    ],
    "translation": [
      2.09243178,
      0.965364,
      -0.563412964
    ]
  },
  {
    "timeStamp": 49041,
    "rotation": [
      [
        -0.199419856,
        0.00136918994,
        -0.9799132
      ],
      [
        0.601756752,
        0.789405346,
        -0.12135911
      ],
      [
        0.773382545,
        -0.6138708,
        -0.158247009
      ]
    ],
    "translation": [
      2.10202074,
      0.9550124,
      -0.5672212
    ]
  },
  {
    "timeStamp": 49086,
    "rotation": [
      [
        -0.250303,
        -0.007689628,
        -0.968136966
      ],
      [
        0.5890218,
        0.792405,
        -0.158580065
      ],
      [
        0.768376,
        -0.609946847,
        -0.193812
      ]
    ],
    "translation": [
      2.10472131,
      0.94626075,
      -0.5661718
    ]
  },
  {
    "timeStamp": 49141,
    "rotation": [
      [
        -0.188822031,
        0.009743535,
        -0.981963
      ],
      [
        0.5943174,
        0.797164857,
        -0.106371649
      ],
      [
        0.781749964,
        -0.603683,
        -0.156313062
      ]
    ],
    "translation": [
      2.11093688,
      0.9341521,
      -0.5646673
    ]
  },
  {
    "timeStamp": 49185,
    "rotation": [
      [
        -0.16566433,
        -0.00231924513,
        -0.9861795
      ],
      [
        0.5883712,
        0.802292764,
        -0.100724913
      ],
      [
        0.791438341,
        -0.596926153,
        -0.131546721
      ]
    ],
    "translation": [
      2.11602068,
      0.925227463,
      -0.5640078
    ]
  },
  {
    "timeStamp": 49241,
    "rotation": [
      [
        -0.149427637,
        0.00092794816,
        -0.9887722
      ],
      [
        0.57391727,
        0.814388335,
        -0.08596863
      ],
      [
        0.8051648,
        -0.5803196,
        -0.122224681
      ]
    ],
    "translation": [
      2.11996722,
      0.912561953,
      -0.562944233
    ]
  },
  {
    "timeStamp": 49285,
    "rotation": [
      [
        -0.1596889,
        0.00438605,
        -0.9871577
      ],
      [
        0.572267,
        0.8152289,
        -0.088951394
      ],
      [
        0.8043693,
        -0.5791223,
        -0.132693008
      ]
    ],
    "translation": [
      2.11792183,
      0.9001225,
      -0.5624922
    ]
  },
  {
    "timeStamp": 49341,
    "rotation": [
      [
        -0.139367655,
        0.00659861835,
        -0.990218759
      ],
      [
        0.557522655,
        0.826949656,
        -0.0729575157
      ],
      [
        0.818379641,
        -0.562237263,
        -0.118928924
      ]
    ],
    "translation": [
      2.12028956,
      0.8873954,
      -0.562159538
    ]
  },
  {
    "timeStamp": 49386,
    "rotation": [
      [
        -0.132436678,
        0.004857047,
        -0.9911795
      ],
      [
        0.55195266,
        0.83095926,
        -0.06967735
      ],
      [
        0.8232914,
        -0.556312,
        -0.112730347
      ]
    ],
    "translation": [
      2.1217463,
      0.8790132,
      -0.56204015
    ]
  },
  {
    "timeStamp": 49444,
    "rotation": [
      [
        -0.122530356,
        0.0548636727,
        -0.9909472
      ],
      [
        0.55018425,
        0.834758341,
        -0.0218138415
      ],
      [
        0.8260046,
        -0.5478764,
        -0.132468358
      ]
    ],
    "translation": [
      2.11540651,
      0.868066,
      -0.5610628
    ]
  },
  {
    "timeStamp": 49489,
    "rotation": [
      [
        -0.132644132,
        0.0378464125,
        -0.9904409
      ],
      [
        0.5463519,
        0.8365416,
        -0.0412041545
      ],
      [
        0.8269856,
        -0.546594739,
        -0.1316398
      ]
    ],
    "translation": [
      2.11817336,
      0.86145854,
      -0.5598698
    ]
  },
  {
    "timeStamp": 49534,
    "rotation": [
      [
        -0.116783746,
        0.0571797229,
        -0.991510034
      ],
      [
        0.5386479,
        0.8423999,
        -0.0148633122
      ],
      [
        0.834398031,
        -0.53581053,
        -0.129178345
      ]
    ],
    "translation": [
      2.11804152,
      0.853475451,
      -0.5592488
    ]
  },
  {
    "timeStamp": 49590,
    "rotation": [
      [
        -0.09891544,
        0.08259717,
        -0.9916619
      ],
      [
        0.540108263,
        0.841439366,
        0.0162106249
      ],
      [
        0.8357624,
        -0.53400135,
        -0.127842754
      ]
    ],
    "translation": [
      2.11651516,
      0.8465602,
      -0.5577334
    ]
  },
  {
    "timeStamp": 49634,
    "rotation": [
      [
        -0.0854020342,
        0.09611641,
        -0.991699636
      ],
      [
        0.545864761,
        0.8371779,
        0.0341318734
      ],
      [
        0.833509564,
        -0.538418949,
        -0.123963244
      ]
    ],
    "translation": [
      2.11609459,
      0.8430002,
      -0.556443453
    ]
  },
  {
    "timeStamp": 49691,
    "rotation": [
      [
        -0.0875718445,
        0.09306066,
        -0.991801858
      ],
      [
        0.5401077,
        0.841016531,
        0.0312232915
      ],
      [
        0.837027431,
        -0.5329456,
        -0.123912141
      ]
    ],
    "translation": [
      2.11855721,
      0.8382908,
      -0.556298256
    ]
  },
  {
    "timeStamp": 49735,
    "rotation": [
      [
        -0.10283836,
        0.10905502,
        -0.9887018
      ],
      [
        0.532742,
        0.8454313,
        0.0378397368
      ],
      [
        0.840006053,
        -0.522831559,
        -0.145040959
      ]
    ],
    "translation": [
      2.116866,
      0.8338939,
      -0.556434035
    ]
  },
  {
    "timeStamp": 49791,
    "rotation": [
      [
        -0.101300217,
        0.102852337,
        -0.989524961
      ],
      [
        0.5300072,
        0.8473187,
        0.0338130556
      ],
      [
        0.8419208,
        -0.5210301,
        -0.14034605
      ]
    ],
    "translation": [
      2.11924148,
      0.8304078,
      -0.5563535
    ]
  },
  {
    "timeStamp": 49835,
    "rotation": [
      [
        -0.06882134,
        0.09604143,
        -0.9929953
      ],
      [
        0.532016635,
        0.8455422,
        0.0449075475
      ],
      [
        0.84393245,
        -0.5251994,
        -0.109286986
      ]
    ],
    "translation": [
      2.123151,
      0.828174353,
      -0.5558693
    ]
  },
  {
    "timeStamp": 49891,
    "rotation": [
      [
        -0.09182932,
        0.06788339,
        -0.9934582
      ],
      [
        0.514912963,
        0.857172132,
        0.0109754428
      ],
      [
        0.852309763,
        -0.5105367,
        -0.113667578
      ]
    ],
    "translation": [
      2.12940621,
      0.8241751,
      -0.5564683
    ]
  },
  {
    "timeStamp": 49935,
    "rotation": [
      [
        -0.111774758,
        0.0264030118,
        -0.993382752
      ],
      [
        0.503353655,
        0.8634235,
        -0.0336881727
      ],
      [
        0.8568206,
        -0.5037883,
        -0.109799005
      ]
    ],
    "translation": [
      2.13295579,
      0.8211811,
      -0.5567321
    ]
  },
  {
    "timeStamp": 49991,
    "rotation": [
      [
        -0.133436784,
        0.00560201,
        -0.9910414
      ],
      [
        0.515908957,
        0.8542015,
        -0.06463502
      ],
      [
        0.846187055,
        -0.5199119,
        -0.116872028
      ]
    ],
    "translation": [
      2.13562584,
      0.8198608,
      -0.554663956
    ]
  },
  {
    "timeStamp": 50035,
    "rotation": [
      [
        -0.1346357,
        0.0266627129,
        -0.9905364
      ],
      [
        0.5508059,
        0.8329841,
        -0.0524448454
      ],
      [
        0.8237027,
        -0.552654266,
        -0.126835361
      ]
    ],
    "translation": [
      2.13444257,
      0.8186692,
      -0.5511106
    ]
  },
  {
    "timeStamp": 50090,
    "rotation": [
      [
        -0.121569119,
        0.105504476,
        -0.9869599
      ],
      [
        0.5650197,
        0.824868143,
        0.018580623
      ],
      [
        0.816072047,
        -0.555393,
        -0.159890622
      ]
    ],
    "translation": [
      2.12919021,
      0.814444065,
      -0.5482194
    ]
  },
  {
    "timeStamp": 50135,
    "rotation": [
      [
        -0.119532883,
        0.158050448,
        -0.9801693
      ],
      [
        0.555080056,
        0.829173565,
        0.06600995
      ],
      [
        0.8231634,
        -0.5361821,
        -0.186844155
      ]
    ],
    "translation": [
      2.12605739,
      0.8113899,
      -0.5477464
    ]
  },
  {
    "timeStamp": 50191,
    "rotation": [
      [
        -0.140611231,
        0.164248914,
        -0.976345658
      ],
      [
        0.585109353,
        0.8092932,
        0.05187977
      ],
      [
        0.798671067,
        -0.5639741,
        -0.209899291
      ]
    ],
    "translation": [
      2.12661481,
      0.8111516,
      -0.543389261
    ]
  },
  {
    "timeStamp": 50235,
    "rotation": [
      [
        -0.133837059,
        0.163799837,
        -0.9773726
      ],
      [
        0.589458942,
        0.8059675,
        0.0543558225
      ],
      [
        0.796634,
        -0.5688462,
        -0.2044216
      ]
    ],
    "translation": [
      2.12637544,
      0.8108087,
      -0.5433941
    ]
  },
  {
    "timeStamp": 50290,
    "rotation": [
      [
        -0.127067074,
        0.177592412,
        -0.9758662
      ],
      [
        0.595328152,
        0.800585,
        0.068176575
      ],
      [
        0.7933715,
        -0.572297633,
        -0.207453758
      ]
    ],
    "translation": [
      2.126732,
      0.8084523,
      -0.5428703
    ]
  },
  {
    "timeStamp": 50335,
    "rotation": [
      [
        -0.2321336,
        0.21964401,
        -0.947560251
      ],
      [
        0.479876459,
        0.8732231,
        0.08485241
      ],
      [
        0.8460689,
        -0.4350148,
        -0.308106422
      ]
    ],
    "translation": [
      2.133518,
      0.7912467,
      -0.5455424
    ]
  },
  {
    "timeStamp": 50390,
    "rotation": [
      [
        -0.2427689,
        0.135050178,
        -0.9606376
      ],
      [
        0.424455166,
        0.905228138,
        0.0199937057
      ],
      [
        0.872296453,
        -0.402893782,
        -0.277084
      ]
    ],
    "translation": [
      2.13870382,
      0.7893325,
      -0.553482652
    ]
  },
  {
    "timeStamp": 50435,
    "rotation": [
      [
        -0.277876228,
        0.126361415,
        -0.952269733
      ],
      [
        0.4082799,
        0.9128547,
        0.00199348
      ],
      [
        0.8695357,
        -0.3882386,
        -0.30525142
      ]
    ],
    "translation": [
      2.140259,
      0.788307,
      -0.5535732
    ]
  }
]