[
  {
    "timeStamp": 77666,
    "rotation": [
      [
        -0.922259748,
        -0.307104051,
        -0.2347853
      ],
      [
        -0.17980586,
        -0.196867183,
        0.963801444
      ],
      [
        -0.342208833,
        0.931091,
        0.126343563
      ]
    ],
    "translation": [
      1.48076463,
      0.7086458,
      -0.650935
    ]
  },
  {
    "timeStamp": 77722,
    "rotation": [
      [
        -0.943523347,
        -0.271500349,
        -0.189871654
      ],
      [
        -0.137217283,
        -0.201397389,
        0.9698508
      ],
      [
        -0.301554471,
        0.9411305,
        0.1527686
      ]
    ],
    "translation": [
      1.48030686,
      0.7082482,
      -0.651731551
    ]
  },
  {
    "timeStamp": 77766,
    "rotation": [
      [
        -0.9460126,
        -0.251079023,
        -0.204986408
      ],
      [
        -0.1583543,
        -0.193795621,
        0.968177259
      ],
      [
        -0.282814443,
        0.9483684,
        0.143573657
      ]
    ],
    "translation": [
      1.47986293,
      0.708353937,
      -0.6521817
    ]
  },
  {
    "timeStamp": 77822,
    "rotation": [
      [
        -0.9427044,
        -0.257670522,
        -0.2119304
      ],
      [
        -0.1595047,
        -0.209842175,
        0.964637
      ],
      [
        -0.293030471,
        0.9431714,
        0.156719461
      ]
    ],
    "translation": [
      1.48230827,
      0.7046671,
      -0.6553688
    ]
  },
  {
    "timeStamp": 77866,
    "rotation": [
      [
        -0.9384889,
        -0.2926219,
        -0.183333188
      ],
      [
        -0.113904081,
        -0.238872021,
        0.9643475
      ],
      [
        -0.325982332,
        0.9259118,
        0.1908479
      ]
    ],
    "translation": [
      1.48315763,
      0.70870167,
      -0.654495955
    ]
  },
  {
    "timeStamp": 77922,
    "rotation": [
      [
        -0.937716365,
        -0.288569957,
        -0.193430573
      ],
      [
        -0.12974754,
        -0.2255924,
        0.9655432
      ],
      [
        -0.3222632,
        0.9305028,
        0.174100444
      ]
    ],
    "translation": [
      1.48899376,
      0.708836257,
      -0.651572347
    ]
  },
  {
    "timeStamp": 77966,
    "rotation": [
      [
        -0.919139266,
        -0.290983349,
        -0.265540332
      ],
      [
        -0.231334,
        -0.146905363,
        0.961719
      ],
      [
        -0.3188535,
        0.9453822,
        0.06771214
      ]
    ],
    "translation": [
      1.50498009,
      0.7145803,
      -0.638875842
    ]
  },
  {
    "timeStamp": 78022,
    "rotation": [
      [
        -0.927310169,
        -0.274412,
        -0.2545465
      ],
      [
        -0.231463671,
        -0.114020549,
        0.966138661
      ],
      [
        -0.2941436,
        0.954828441,
        0.0422160067
      ]
    ],
    "translation": [
      1.51576114,
      0.7242441,
      -0.63375473
    ]
  },
  {
    "timeStamp": 78066,
    "rotation": [
      [
        -0.91748476,
        -0.274199873,
        -0.2881602
      ],
      [
        -0.276708245,
        -0.08045545,
        0.95758003
      ],
      [
        -0.2857524,
        0.9583013,
        -0.00205671671
      ]
    ],
    "translation": [
      1.53133869,
      0.7351198,
      -0.625807643
    ]
  },
  {
    "timeStamp": 78122,
    "rotation": [
      [
        -0.924197,
        -0.25111258,
        -0.28775388
      ],
      [
        -0.291770339,
        -0.0219327919,
        0.9562369
      ],
      [
        -0.246434376,
        0.967709363,
        -0.0529969856
      ]
    ],
    "translation": [
      1.55181587,
      0.753802359,
      -0.6155584
    ]
  },
  {
    "timeStamp": 78166,
    "rotation": [
      [
        -0.930595756,
        -0.22164695,
        -0.2913145
      ],
      [
        -0.305174977,
        0.0303065628,
        0.951813936
      ],
      [
        -0.202137917,
        0.974655867,
        -0.09584427
      ]
    ],
    "translation": [
      1.57416987,
      0.7712563,
      -0.6072498
    ]
  },
  {
    "timeStamp": 78222,
    "rotation": [
      [
        -0.9396209,
        -0.166738272,
        -0.298849344
      ],
      [
        -0.316487759,
        0.0911833346,
        0.944204
      ],
      [
        -0.130184874,
        0.981775939,
        -0.138448387
      ]
    ],
    "translation": [
      1.61123872,
      0.7952804,
      -0.599013269
    ]
  },
  {
    "timeStamp": 78266,
    "rotation": [
      [
        -0.9453843,
        -0.108059779,
        -0.3075251
      ],
      [
        -0.321189135,
        0.148031488,
        0.935373843
      ],
      [
        -0.0555528961,
        0.9830615,
        -0.174654275
      ]
    ],
    "translation": [
      1.64761007,
      0.8159805,
      -0.593091369
    ]
  },
  {
    "timeStamp": 78322,
    "rotation": [
      [
        -0.9286782,
        -0.0251682773,
        -0.370031744
      ],
      [
        -0.3661345,
        0.2214124,
        0.903837442
      ],
      [
        0.05918157,
        0.9748555,
        -0.214835852
      ]
    ],
    "translation": [
      1.70610583,
      0.8461233,
      -0.5892026
    ]
  },
  {
    "timeStamp": 78366,
    "rotation": [
      [
        -0.921231449,
        0.0391181447,
        -0.387043029
      ],
      [
        -0.3637979,
        0.265752971,
        0.8927634
      ],
      [
        0.137781084,
        0.9632472,
        -0.230588913
      ]
    ],
    "translation": [
      1.75080585,
      0.8670964,
      -0.589598238
    ]
  },
  {
    "timeStamp": 78422,
    "rotation": [
      [
        -0.878670752,
        0.139704555,
        -0.45653078
      ],
      [
        -0.394353241,
        0.326628923,
        0.858952343
      ],
      [
        0.2691157,
        0.934770644,
        -0.23190634
      ]
    ],
    "translation": [
      1.81582057,
      0.894286036,
      -0.598159254
    ]
  },
  {
    "timeStamp": 78466,
    "rotation": [
      [
        -0.8427254,
        0.206200644,
        -0.497288018
      ],
      [
        -0.4067052,
        0.3613542,
        0.8390555
      ],
      [
        0.352710843,
        0.909342945,
        -0.220659479
      ]
    ],
    "translation": [
      1.866036,
      0.9117199,
      -0.609080553
    ]
  },
  {
    "timeStamp": 78522,
    "rotation": [
      [
        -0.766843557,
        0.294194341,
        -0.570439
      ],
      [
        -0.439153254,
        0.407659024,
        0.80059886
      ],
      [
        0.468076259,
        0.864444256,
        -0.1834143
      ]
    ],
    "translation": [
      1.929974,
      0.929835,
      -0.631702363
    ]
  },
  {
    "timeStamp": 78566,
    "rotation": [
      [
        -0.7060917,
        0.365947127,
        -0.606232
      ],
      [
        -0.453495145,
        0.423827559,
        0.7840359
      ],
      [
        0.5438535,
        0.82852453,
        -0.133305892
      ]
    ],
    "translation": [
      1.97695613,
      0.939502954,
      -0.655094266
    ]
  },
  {
    "timeStamp": 78622,
    "rotation": [
      [
        -0.631060064,
        0.460386246,
        -0.624345839
      ],
      [
        -0.4537293,
        0.433751941,
        0.778452933
      ],
      [
        0.6292003,
        0.7745346,
        -0.06483279
      ]
    ],
    "translation": [
      2.02697015,
      0.943485856,
      -0.6886211
    ]
  },
  {
    "timeStamp": 78666,
    "rotation": [
      [
        -0.5670478,
        0.521931052,
        -0.637216449
      ],
      [
        -0.471877724,
        0.428238422,
        0.770677149
      ],
      [
        0.6751209,
        0.737699,
        0.00345601421
      ]
    ],
    "translation": [
      2.060848,
      0.9412652,
      -0.7176353
    ]
  },
  {
    "timeStamp": 78722,
    "rotation": [
      [
        -0.498109519,
        0.591644168,
        -0.6339117
      ],
      [
        -0.48419264,
        0.416688025,
        0.769368947
      ],
      [
        0.7193361,
        0.6901654,
        0.07891348
      ]
    ],
    "translation": [
      2.09351683,
      0.934087932,
      -0.7528447
    ]
  },
  {
    "timeStamp": 78775,
    "rotation": [
      [
        -0.474841058,
        0.6277075,
        -0.6168544
      ],
      [
        -0.4947929,
        0.389236331,
        0.7769653
      ],
      [
        0.7278091,
        0.6741502,
        0.12575981
      ]
    ],
    "translation": [
      2.11029315,
      0.92418015,
      -0.776224136
    ]
  },
  {
    "timeStamp": 78816,
    "rotation": [
      [
        -0.468703181,
        0.6734875,
        -0.5716047
      ],
      [
        -0.4793115,
        0.349644721,
        0.8049901
      ],
      [
        0.742009342,
        0.651278138,
        0.158930689
      ]
    ],
    "translation": [
      2.12366271,
      0.907520831,
      -0.7964953
    ]
  },
  {
    "timeStamp": 78872,
    "rotation": [
      [
        -0.461591,
        0.6735405,
        -0.577301562
      ],
      [
        -0.5063573,
        0.334294677,
        0.7948895
      ],
      [
        0.7283791,
        0.6592347,
        0.1867447
      ]
    ],
    "translation": [
      2.13514733,
      0.897619665,
      -0.808587551
    ]
  },
  {
    "timeStamp": 78916,
    "rotation": [
      [
        -0.471626639,
        0.689337134,
        -0.54989326
      ],
      [
        -0.4929509,
        0.310952216,
        0.81259346
      ],
      [
        0.7311414,
        0.6543111,
        0.193156
      ]
    ],
    "translation": [
      2.13925838,
      0.886371255,
      -0.813244045
    ]
  },
  {
    "timeStamp": 78972,
    "rotation": [
      [
        -0.464888424,
        0.7023108,
        -0.5391087
      ],
      [
        -0.5013504,
        0.2930586,
        0.8141034
      ],
      [
        0.7297441,
        0.64874965,
        0.215864271
      ]
    ],
    "translation": [
      2.14549255,
      0.8762573,
      -0.819282
    ]
  },
  {
    "timeStamp": 79017,
    "rotation": [
      [
        -0.467834,
        0.710367739,
        -0.5258413
      ],
      [
        -0.4926177,
        0.2843919,
        0.8224652
      ],
      [
        0.7337977,
        0.643815935,
        0.2168915
      ]
    ],
    "translation": [
      2.14953923,
      0.8692889,
      -0.821019948
    ]
  },
  {
    "timeStamp": 79072,
    "rotation": [
      [
        -0.475505918,
        0.7150419,
        -0.512454152
      ],
      [
        -0.491491884,
        0.267195284,
        0.82888025
      ],
      [
        0.72960943,
        0.6460045,
        0.224384353
      ]
    ],
    "translation": [
      2.15271187,
      0.861995,
      -0.821127951
    ]
  },
  {
    "timeStamp": 79116,
    "rotation": [
      [
        -0.483913839,
        0.710100949,
        -0.5114529
      ],
      [
        -0.4904255,
        0.263987154,
        0.8305382
      ],
      [
        0.724782944,
        0.652738452,
        0.220504567
      ]
    ],
    "translation": [
      2.15548921,
      0.8593933,
      -0.8200535
    ]
  },
  {
    "timeStamp": 79172,
    "rotation": [
      [
        -0.5042687,
        0.7077868,
        -0.494723052
      ],
      [
        -0.488424838,
        0.238684073,
        0.839327753
      ],
      [
        0.712147653,
        0.664881766,
        0.225339755
      ]
    ],
    "translation": [
      2.155296,
      0.855058849,
      -0.8190135
    ]
  },
  {
    "timeStamp": 79216,
    "rotation": [
      [
        -0.5161901,
        0.6978558,
        -0.496533066
      ],
      [
        -0.487645358,
        0.237126708,
        0.840221941
      ],
      [
        0.704095,
        0.6758463,
        0.217903674
      ]
    ],
    "translation": [
      2.15468431,
      0.8557818,
      -0.817107737
    ]
  }
]