[
  {
    "timeStamp": 59519,
    "rotation": [
      [
        1.0,
        -2.57938755E-05,
        3.075889E-13
      ],
      [
        0.0,
        1.19248806E-08,
        1.0
      ],
      [
        -2.57938755E-05,
        -1.0,
        1.19248806E-08
      ]
    ],
    "translation": [
      1.15401685,
      0.702112854,
      -0.7500052
    ]
  },
  {
    "timeStamp": 59563,
    "rotation": [
      [
        0.9999899,
        0.00191146682,
        0.004069952
      ],
      [
        -0.00408217264,
        0.00643349765,
        0.999971
      ],
      [
        0.00188522728,
        -0.9999775,
        0.00644123554
      ]
    ],
    "translation": [
      1.15283775,
      0.7029458,
      -0.7525324
    ]
  },
  {
    "timeStamp": 59619,
    "rotation": [
      [
        0.9997679,
        -0.0150563782,
        0.0154100843
      ],
      [
        -0.015378559,
        0.00220739376,
        0.9998793
      ],
      [
        -0.0150885787,
        -0.999884248,
        0.001975336
      ]
    ],
    "translation": [
      1.15231442,
      0.7092341,
      -0.7508795
    ]
  },
  {
    "timeStamp": 59663,
    "rotation": [
      [
        0.9990554,
        -0.0156397521,
        0.04054307
      ],
      [
        -0.0404270142,
        0.00766660739,
        0.9991531
      ],
      [
        -0.0159373358,
        -0.9998483,
        0.007027097
      ]
    ],
    "translation": [
      1.15226424,
      0.7196276,
      -0.7521839
    ]
  },
  {
    "timeStamp": 59719,
    "rotation": [
      [
        0.9971043,
        -0.0371284969,
        0.06636603
      ],
      [
        -0.06574822,
        0.01762185,
        0.9976806
      ],
      [
        -0.0382118858,
        -0.999155164,
        0.0151296891
      ]
    ],
    "translation": [
      1.15669513,
      0.7362253,
      -0.750688553
    ]
  },
  {
    "timeStamp": 59763,
    "rotation": [
      [
        0.993707538,
        -0.06326332,
        0.09242895
      ],
      [
        -0.09037271,
        0.0346332267,
        0.995305657
      ],
      [
        -0.06616744,
        -0.997395754,
        0.0286980234
      ]
    ],
    "translation": [
      1.16328037,
      0.7517419,
      -0.747191548
    ]
  },
  {
    "timeStamp": 59819,
    "rotation": [
      [
        0.9865518,
        -0.118558347,
        0.112514012
      ],
      [
        -0.109327272,
        0.0330693461,
        0.9934556
      ],
      [
        -0.121503204,
        -0.992396235,
        0.0196629651
      ]
    ],
    "translation": [
      1.17949724,
      0.7735449,
      -0.735796332
    ]
  },
  {
    "timeStamp": 59863,
    "rotation": [
      [
        0.9736821,
        -0.174640745,
        0.146436632
      ],
      [
        -0.1369632,
        0.06518303,
        0.9884292
      ],
      [
        -0.182165191,
        -0.982472241,
        0.0395482
      ]
    ],
    "translation": [
      1.19729,
      0.793533564,
      -0.725429833
    ]
  },
  {
    "timeStamp": 59919,
    "rotation": [
      [
        0.9543419,
        -0.2402388,
        0.1775303
      ],
      [
        -0.1692693,
        0.05476793,
        0.984046936
      ],
      [
        -0.24612923,
        -0.96916765,
        0.0116022741
      ]
    ],
    "translation": [
      1.22935164,
      0.817859054,
      -0.7066733
    ]
  },
  {
    "timeStamp": 59963,
    "rotation": [
      [
        0.9306463,
        -0.3076695,
        0.198083028
      ],
      [
        -0.18877551,
        0.06004605,
        0.980182767
      ],
      [
        -0.31346646,
        -0.9495967,
        -0.00219883118
      ]
    ],
    "translation": [
      1.26158392,
      0.8352641,
      -0.689439535
    ]
  },
  {
    "timeStamp": 60019,
    "rotation": [
      [
        0.9023286,
        -0.378907561,
        0.205504417
      ],
      [
        -0.211454377,
        0.026347287,
        0.977032661
      ],
      [
        -0.375619531,
        -0.9250594,
        -0.0563477464
      ]
    ],
    "translation": [
      1.30881786,
      0.854532659,
      -0.667758048
    ]
  },
  {
    "timeStamp": 60063,
    "rotation": [
      [
        0.8674411,
        -0.4535565,
        0.204529539
      ],
      [
        -0.227502,
        0.00401271228,
        0.973769367
      ],
      [
        -0.442480177,
        -0.8912185,
        -0.09970423
      ]
    ],
    "translation": [
      1.35289681,
      0.868948638,
      -0.6490637
    ]
  },
  {
    "timeStamp": 60119,
    "rotation": [
      [
        0.8138867,
        -0.5456907,
        0.199524716
      ],
      [
        -0.243859872,
        -0.009129212,
        0.9697675
      ],
      [
        -0.527371645,
        -0.837936938,
        -0.140502214
      ]
    ],
    "translation": [
      1.41273952,
      0.8845035,
      -0.6307549
    ]
  },
  {
    "timeStamp": 60163,
    "rotation": [
      [
        0.768435061,
        -0.6160035,
        0.173341274
      ],
      [
        -0.253423452,
        -0.04420757,
        0.9663448
      ],
      [
        -0.5876088,
        -0.786501944,
        -0.190080389
      ]
    ],
    "translation": [
      1.46411347,
      0.89607203,
      -0.618015349
    ]
  },
  {
    "timeStamp": 60219,
    "rotation": [
      [
        0.7082791,
        -0.693162143,
        0.13366738
      ],
      [
        -0.250147253,
        -0.0693761855,
        0.965719044
      ],
      [
        -0.660126567,
        -0.7174351,
        -0.22253032
      ]
    ],
    "translation": [
      1.53098178,
      0.905114353,
      -0.6112836
    ]
  },
  {
    "timeStamp": 60264,
    "rotation": [
      [
        0.6552206,
        -0.74892664,
        0.09896876
      ],
      [
        -0.254076,
        -0.09509425,
        0.962498
      ],
      [
        -0.71142906,
        -0.655794144,
        -0.252592
      ]
    ],
    "translation": [
      1.584523,
      0.912979662,
      -0.6094047
    ]
  },
  {
    "timeStamp": 60319,
    "rotation": [
      [
        0.5880033,
        -0.805228949,
        0.0765404254
      ],
      [
        -0.249230385,
        -0.09034249,
        0.9642212
      ],
      [
        -0.769503951,
        -0.5860414,
        -0.2538092
      ]
    ],
    "translation": [
      1.64847171,
      0.9184462,
      -0.6156159
    ]
  },
  {
    "timeStamp": 60364,
    "rotation": [
      [
        0.519724846,
        -0.853830755,
        0.0293101817
      ],
      [
        -0.250039726,
        -0.119214065,
        0.9608684
      ],
      [
        -0.8169248,
        -0.5067159,
        -0.27545014
      ]
    ],
    "translation": [
      1.70360792,
      0.924289346,
      -0.620324969
    ]
  },
  {
    "timeStamp": 60418,
    "rotation": [
      [
        0.4391426,
        -0.898169458,
        -0.0211018268
      ],
      [
        -0.2294941,
        -0.134853363,
        0.963922739
      ],
      [
        -0.868611634,
        -0.418456823,
        -0.265344471
      ]
    ],
    "translation": [
      1.76969373,
      0.927249432,
      -0.632778943
    ]
  },
  {
    "timeStamp": 60463,
    "rotation": [
      [
        0.3729682,
        -0.9263056,
        -0.0534103066
      ],
      [
        -0.23251912,
        -0.149038434,
        0.961104751
      ],
      [
        -0.8982369,
        -0.346042573,
        -0.270970374
      ]
    ],
    "translation": [
      1.81944251,
      0.9325839,
      -0.6431867
    ]
  },
  {
    "timeStamp": 60519,
    "rotation": [
      [
        0.300371617,
        -0.9474622,
        -0.10996481
      ],
      [
        -0.21797508,
        -0.180423349,
        0.9591321
      ],
      [
        -0.9285816,
        -0.26412648,
        -0.2607172
      ]
    ],
    "translation": [
      1.87844932,
      0.936430037,
      -0.6597754
    ]
  },
  {
    "timeStamp": 60563,
    "rotation": [
      [
        0.2259721,
        -0.968708456,
        -0.102667183
      ],
      [
        -0.2233253,
        -0.15410307,
        0.9624854
      ],
      [
        -0.948189,
        -0.194566667,
        -0.2511601
      ]
    ],
    "translation": [
      1.91909432,
      0.938821137,
      -0.6714268
    ]
  },
  {
    "timeStamp": 60618,
    "rotation": [
      [
        0.152413934,
        -0.97333926,
        -0.171408057
      ],
      [
        -0.2157499,
        -0.20201917,
        0.955322
      ],
      [
        -0.964480162,
        -0.108623087,
        -0.240788385
      ]
    ],
    "translation": [
      1.97320807,
      0.941893,
      -0.6865766
    ]
  },
  {
    "timeStamp": 60663,
    "rotation": [
      [
        0.08660803,
        -0.981214464,
        -0.172386765
      ],
      [
        -0.209440365,
        -0.187102884,
        0.959753752
      ],
      [
        -0.973978341,
        -0.04701764,
        -0.221710533
      ]
    ],
    "translation": [
      2.0095067,
      0.94099915,
      -0.698662639
    ]
  },
  {
    "timeStamp": 60718,
    "rotation": [
      [
        0.03086988,
        -0.9751844,
        -0.219231576
      ],
      [
        -0.2012919,
        -0.2209077,
        0.9542963
      ],
      [
        -0.979044735,
        0.0146705033,
        -0.203116119
      ]
    ],
    "translation": [
      2.05181742,
      0.9417621,
      -0.7118772
    ]
  },
  {
    "timeStamp": 60762,
    "rotation": [
      [
        0.0156022841,
        -0.9708766,
        -0.239071563
      ],
      [
        -0.187383875,
        -0.237703532,
        0.953092
      ],
      [
        -0.982162833,
        0.029927738,
        -0.185635343
      ]
    ],
    "translation": [
      2.07911777,
      0.9396216,
      -0.7208992
    ]
  },
  {
    "timeStamp": 60814,
    "rotation": [
      [
        -0.0363671221,
        -0.970621645,
        -0.2378467
      ],
      [
        -0.174470663,
        -0.228182122,
        0.9578585
      ],
      [
        -0.98399055,
        0.07633183,
        -0.161046684
      ]
    ],
    "translation": [
      2.10998,
      0.9371024,
      -0.7303331
    ]
  },
  {
    "timeStamp": 60869,
    "rotation": [
      [
        -0.02360323,
        -0.9628637,
        -0.268954426
      ],
      [
        -0.1506518,
        -0.262531459,
        0.95309037
      ],
      [
        -0.9883051,
        0.0630144849,
        -0.138860554
      ]
    ],
    "translation": [
      2.13482761,
      0.9331552,
      -0.737142742
    ]
  },
  {
    "timeStamp": 60913,
    "rotation": [
      [
        -0.0335986465,
        -0.967236638,
        -0.251643568
      ],
      [
        -0.138367623,
        -0.244859308,
        0.9596345
      ],
      [
        -0.9898109,
        0.06706174,
        -0.1256073
      ]
    ],
    "translation": [
      2.14923263,
      0.9275231,
      -0.741735
    ]
  },
  {
    "timeStamp": 60969,
    "rotation": [
      [
        -0.0171842836,
        -0.9679942,
        -0.250383347
      ],
      [
        -0.121774942,
        -0.246529862,
        0.961454034
      ],
      [
        -0.992408931,
        0.0470123328,
        -0.113641
      ]
    ],
    "translation": [
      2.165531,
      0.920084059,
      -0.746326268
    ]
  },
  {
    "timeStamp": 61013,
    "rotation": [
      [
        0.0193999838,
        -0.9659971,
        -0.257823974
      ],
      [
        -0.0747043341,
        -0.258552164,
        0.963104367
      ],
      [
        -0.997016966,
        0.000576361956,
        -0.07718008
      ]
    ],
    "translation": [
      2.174092,
      0.9099699,
      -0.7534334
    ]
  },
  {
    "timeStamp": 61069,
    "rotation": [
      [
        0.03611509,
        -0.9710181,
        -0.2362617
      ],
      [
        -0.06497738,
        -0.2381973,
        0.969040751
      ],
      [
        -0.997233,
        -0.0196453258,
        -0.07169673
      ]
    ],
    "translation": [
      2.179032,
      0.9044256,
      -0.7596234
    ]
  },
  {
    "timeStamp": 61113,
    "rotation": [
      [
        0.0400437564,
        -0.9741768,
        -0.222207189
      ],
      [
        -0.04457737,
        -0.223905891,
        0.9735908
      ],
      [
        -0.998203039,
        -0.0290808231,
        -0.05239227
      ]
    ],
    "translation": [
      2.182058,
      0.899077535,
      -0.766924262
    ]
  },
  {
    "timeStamp": 61170,
    "rotation": [
      [
        0.03747087,
        -0.9789031,
        -0.2008595
      ],
      [
        -0.054255452,
        -0.2026971,
        0.9777373
      ],
      [
        -0.9978237,
        -0.0257389471,
        -0.06070607
      ]
    ],
    "translation": [
      2.18418932,
      0.896770954,
      -0.7721812
    ]
  },
  {
    "timeStamp": 61215,
    "rotation": [
      [
        0.03520317,
        -0.9849063,
        -0.169470787
      ],
      [
        -0.05729737,
        -0.171286032,
        0.9835538
      ],
      [
        -0.997736335,
        -0.02491399,
        -0.0624623522
      ]
    ],
    "translation": [
      2.18424177,
      0.892922342,
      -0.7758767
    ]
  },
  {
    "timeStamp": 61272,
    "rotation": [
      [
        -0.001740239,
        -0.9854237,
        -0.170109257
      ],
      [
        -0.08745242,
        -0.1693078,
        0.981675565
      ],
      [
        -0.9961672,
        0.0165848285,
        -0.08588305
      ]
    ],
    "translation": [
      2.195546,
      0.8952564,
      -0.7773896
    ]
  },
  {
    "timeStamp": 61318,
    "rotation": [
      [
        -0.0202618111,
        -0.987315953,
        -0.157469317
      ],
      [
        -0.109190874,
        -0.1543743,
        0.981960237
      ],
      [
        -0.9938143,
        0.0370905176,
        -0.10467799
      ]
    ],
    "translation": [
      2.20122862,
      0.8979464,
      -0.7777314
    ]
  },
  {
    "timeStamp": 61364,
    "rotation": [
      [
        -0.021270996,
        -0.9935109,
        -0.111730114
      ],
      [
        -0.121640354,
        -0.108353361,
        0.986642361
      ],
      [
        -0.9923463,
        0.03457777,
        -0.11854624
      ]
    ],
    "translation": [
      2.19626117,
      0.899816036,
      -0.777895331
    ]
  },
  {
    "timeStamp": 61419,
    "rotation": [
      [
        -0.0468354262,
        -0.9952759,
        -0.08504274
      ],
      [
        -0.152766839,
        -0.07699789,
        0.985258162
      ],
      [
        -0.987151861,
        0.059136685,
        -0.148438931
      ]
    ],
    "translation": [
      2.19706035,
      0.9055705,
      -0.777688742
    ]
  },
  {
    "timeStamp": 61463,
    "rotation": [
      [
        -0.08278147,
        -0.994036,
        -0.07099027
      ],
      [
        -0.161263943,
        -0.056934312,
        0.9852677
      ],
      [
        -0.983433366,
        0.0930100754,
        -0.155589059
      ]
    ],
    "translation": [
      2.202086,
      0.9080668,
      -0.779325843
    ]
  },
  {
    "timeStamp": 61518,
    "rotation": [
      [
        -0.148975179,
        -0.98702085,
        -0.0599684529
      ],
      [
        -0.187568173,
        -0.0313378572,
        0.981751561
      ],
      [
        -0.9708885,
        0.157504782,
        -0.180465132
      ]
    ],
    "translation": [
      2.213296,
      0.911383331,
      -0.7793127
    ]
  },
  {
    "timeStamp": 61563,
    "rotation": [
      [
        -0.192848429,
        -0.978884,
        -0.0677911043
      ],
      [
        -0.19677,
        -0.0291042551,
        0.9800176
      ],
      [
        -0.961296558,
        0.202334121,
        -0.187002286
      ]
    ],
    "translation": [
      2.22362947,
      0.9112586,
      -0.7794328
    ]
  },
  {
    "timeStamp": 61618,
    "rotation": [
      [
        -0.235065669,
        -0.9683517,
        -0.0838988349
      ],
      [
        -0.191112936,
        -0.0385858454,
        0.980809331
      ],
      [
        -0.953005731,
        0.246588781,
        -0.175994337
      ]
    ],
    "translation": [
      2.233362,
      0.909071445,
      -0.780432642
    ]
  },
  {
    "timeStamp": 61663,
    "rotation": [
      [
        -0.239753425,
        -0.9669957,
        -0.08624178
      ],
      [
        -0.174950674,
        -0.04434404,
        0.9835781
      ],
      [
        -0.9549401,
        0.2509043,
        -0.158544913
      ]
    ],
    "translation": [
      2.23456335,
      0.904488266,
      -0.779859245
    ]
  },
  {
    "timeStamp": 61718,
    "rotation": [
      [
        -0.228100955,
        -0.9699881,
        -0.08422063
      ],
      [
        -0.148869142,
        -0.05073801,
        0.9875544
      ],
      [
        -0.962189138,
        0.237799942,
        -0.1328279
      ]
    ],
    "translation": [
      2.230981,
      0.8965639,
      -0.7763936
    ]
  },
  {
    "timeStamp": 61763,
    "rotation": [
      [
        -0.262690485,
        -0.963493764,
        -0.0517057367
      ],
      [
        -0.1372216,
        -0.0157378763,
        0.990415335
      ],
      [
        -0.955072761,
        0.267267823,
        -0.128077969
      ]
    ],
    "translation": [
      2.23082566,
      0.890912235,
      -0.7729294
    ]
  },
  {
    "timeStamp": 61819,
    "rotation": [
      [
        -0.277244031,
        -0.957815,
        -0.07567212
      ],
      [
        -0.0949830562,
        -0.05105098,
        0.994169
      ],
      [
        -0.9560931,
        0.282815,
        -0.07682261
      ]
    ],
    "translation": [
      2.23521471,
      0.880123556,
      -0.773427248
    ]
  },
  {
    "timeStamp": 61863,
    "rotation": [
      [
        -0.2969054,
        -0.9506835,
        -0.08971102
      ],
      [
        -0.07804381,
        -0.06947458,
        0.994526267
      ],
      [
        -0.9517123,
        0.302281559,
        -0.0535675921
      ]
    ],
    "translation": [
      2.24116588,
      0.872385,
      -0.7733438
    ]
  },
  {
    "timeStamp": 61918,
    "rotation": [
      [
        -0.328620464,
        -0.9415941,
        -0.0735469
      ],
      [
        -0.06552974,
        -0.0549525879,
        0.996336341
      ],
      [
        -0.942186,
        0.332236,
        -0.0436438732
      ]
    ],
    "translation": [
      2.24492764,
      0.8641926,
      -0.7717399
    ]
  },
  {
    "timeStamp": 61963,
    "rotation": [
      [
        -0.32776612,
        -0.9401986,
        -0.09271429
      ],
      [
        -0.0376626328,
        -0.08505412,
        0.995664239
      ],
      [
        -0.9440079,
        0.3298369,
        -0.007532495
      ]
    ],
    "translation": [
      2.24969625,
      0.8543937,
      -0.7743863
    ]
  },
  {
    "timeStamp": 62018,
    "rotation": [
      [
        -0.346676,
        -0.9358913,
        -0.06263548
      ],
      [
        -0.03569408,
        -0.05356531,
        0.9979262
      ],
      [
        -0.9373055,
        0.348192781,
        -0.0148359723
      ]
    ],
    "translation": [
      2.25049353,
      0.8455445,
      -0.773565531
    ]
  },
  {
    "timeStamp": 62063,
    "rotation": [
      [
        -0.328248918,
        -0.942529857,
        -0.06237065
      ],
      [
        -0.0214158576,
        -0.0585864261,
        0.9980526
      ],
      [
        -0.944348454,
        0.328945428,
        -0.00095415354
      ]
    ],
    "translation": [
      2.248847,
      0.839256,
      -0.772420943
    ]
  },
  {
    "timeStamp": 62118,
    "rotation": [
      [
        -0.338267356,
        -0.9370756,
        -0.0863968953
      ],
      [
        -0.00702581042,
        -0.08929166,
        0.99598074
      ],
      [
        -0.9410238,
        0.3375148,
        0.02362074
      ]
    ],
    "translation": [
      2.25486231,
      0.834040344,
      -0.7748394
    ]
  },
  {
    "timeStamp": 62163,
    "rotation": [
      [
        -0.330803156,
        -0.941687346,
        -0.06159734
      ],
      [
        0.035914775,
        -0.0777875558,
        0.9963229
      ],
      [
        -0.9430161,
        0.327374518,
        0.05955286
      ]
    ],
    "translation": [
      2.25334668,
      0.8292752,
      -0.775877237
    ]
  },
  {
    "timeStamp": 62218,
    "rotation": [
      [
        -0.3292125,
        -0.94335115,
        -0.04132517
      ],
      [
        0.0392856,
        -0.0574106127,
        0.997577369
      ],
      [
        -0.9434383,
        0.326791435,
        0.0559604056
      ]
    ],
    "translation": [
      2.25251913,
      0.8266165,
      -0.775673
    ]
  },
  {
    "timeStamp": 62263,
    "rotation": [
      [
        -0.334143668,
        -0.941763,
        -0.03782217
      ],
      [
        0.0233031288,
        -0.0483712,
        0.998557568
      ],
      [
        -0.942234039,
        0.332780331,
        0.0381089523
      ]
    ],
    "translation": [
      2.25317,
      0.825618446,
      -0.774399757
    ]
  },
  {
    "timeStamp": 62319,
    "rotation": [
      [
        -0.3321089,
        -0.942810833,
        -0.02848518
      ],
      [
        0.0194177423,
        -0.0370266,
        0.9991256
      ],
      [
        -0.943041146,
        0.33126542,
        0.0306041222
      ]
    ],
    "translation": [
      2.253522,
      0.8253435,
      -0.7742371
    ]
  },
  {
    "timeStamp": 62364,
    "rotation": [
      [
        -0.337050319,
        -0.941029966,
        -0.02931986
      ],
      [
        0.0148387942,
        -0.0364479,
        0.9992254
      ],
      [
        -0.9413697,
        0.336354136,
        0.0262485277
      ]
    ],
    "translation": [
      2.25383282,
      0.8253258,
      -0.7732354
    ]
  },
  {
    "timeStamp": 62418,
    "rotation": [
      [
        -0.333287,
        -0.942340434,
        -0.0302385539
      ],
      [
        0.0178580116,
        -0.0383760445,
        0.9991038
      ],
      [
        -0.942656338,
        0.3324483,
        0.0296185613
      ]
    ],
    "translation": [
      2.25356817,
      0.825312,
      -0.773120463
    ]
  },
  {
    "timeStamp": 62463,
    "rotation": [
      [
        -0.331297874,
        -0.942984462,
        -0.0319682471
      ],
      [
        0.015631767,
        -0.0393626131,
        0.9991027
      ],
      [
        -0.9433967,
        0.330500871,
        0.0277812649
      ]
    ],
    "translation": [
      2.252459,
      0.825034261,
      -0.772268653
    ]
  },
  {
    "timeStamp": 62518,
    "rotation": [
      [
        -0.311310261,
        -0.9494358,
        -0.0407139957
      ],
      [
        0.0100301048,
        -0.0461232774,
        0.9988854
      ],
      [
        -0.9502554,
        0.3105549,
        0.02388159
      ]
    ],
    "translation": [
      2.2510438,
      0.8249956,
      -0.771792352
    ]
  }
]