[
  {
    "timeStamp": 36201,
    "rotation": [
      [
        0.996439159,
        0.0569465272,
        -0.0621780045
      ],
      [
        0.06332735,
        -0.01860393,
        0.997819364
      ],
      [
        0.055665575,
        -0.9982039,
        -0.0221439563
      ]
    ],
    "translation": [
      1.76597714,
      0.7053029,
      -0.6194328
    ]
  },
  {
    "timeStamp": 36245,
    "rotation": [
      [
        0.998534262,
        0.0430228375,
        -0.032838162
      ],
      [
        0.033986453,
        -0.02623623,
        0.999077857
      ],
      [
        0.0421216078,
        -0.9987295,
        -0.02765997
      ]
    ],
    "translation": [
      1.76300836,
      0.7046237,
      -0.619338036
    ]
  },
  {
    "timeStamp": 36300,
    "rotation": [
      [
        0.9990981,
        0.0349532552,
        -0.0241072755
      ],
      [
        0.02481728,
        -0.0200234372,
        0.999491453
      ],
      [
        0.03445277,
        -0.9991883,
        -0.0208728258
      ]
    ],
    "translation": [
      1.762557,
      0.7045294,
      -0.620530367
    ]
  },
  {
    "timeStamp": 36344,
    "rotation": [
      [
        0.999081969,
        0.03559184,
        -0.0238415655
      ],
      [
        0.0245748181,
        -0.0203083139,
        0.9994917
      ],
      [
        0.03508956,
        -0.999160051,
        -0.0211643334
      ]
    ],
    "translation": [
      1.762598,
      0.7048559,
      -0.6218604
    ]
  },
  {
    "timeStamp": 36399,
    "rotation": [
      [
        0.9992527,
        0.0351250321,
        -0.0161355641
      ],
      [
        0.0169393551,
        -0.02270772,
        0.9995986
      ],
      [
        0.0347445272,
        -0.9991249,
        -0.0232857466
      ]
    ],
    "translation": [
      1.76245511,
      0.7080772,
      -0.6236728
    ]
  },
  {
    "timeStamp": 36444,
    "rotation": [
      [
        0.9993016,
        0.0355669931,
        -0.0114592975
      ],
      [
        0.0124780685,
        -0.028555166,
        0.999514341
      ],
      [
        0.0352225043,
        -0.998959243,
        -0.02897903
      ]
    ],
    "translation": [
      1.76339662,
      0.713254452,
      -0.6253457
    ]
  },
  {
    "timeStamp": 36499,
    "rotation": [
      [
        0.999480665,
        0.03222023,
        -0.000404876657
      ],
      [
        0.00179144484,
        -0.04301687,
        0.999072731
      ],
      [
        0.0321729332,
        -0.998554647,
        -0.0430522524
      ]
    ],
    "translation": [
      1.76499248,
      0.7252593,
      -0.627463937
    ]
  },
  {
    "timeStamp": 36544,
    "rotation": [
      [
        0.9994274,
        0.031956356,
        0.0111193806
      ],
      [
        -0.009082561,
        -0.06319048,
        0.99796015
      ],
      [
        0.03259381,
        -0.9974897,
        -0.06286405
      ]
    ],
    "translation": [
      1.76690567,
      0.7394348,
      -0.629365742
    ]
  },
  {
    "timeStamp": 36599,
    "rotation": [
      [
        0.9990492,
        0.0418745354,
        0.0121308332
      ],
      [
        -0.00776084233,
        -0.102986209,
        0.9946525
      ],
      [
        0.0428999178,
        -0.993800938,
        -0.102563314
      ]
    ],
    "translation": [
      1.77184343,
      0.764237,
      -0.6328139
    ]
  },
  {
    "timeStamp": 36644,
    "rotation": [
      [
        0.99908,
        0.0367858857,
        0.0220447518
      ],
      [
        -0.0170449074,
        -0.131084919,
        0.9912246
      ],
      [
        0.0393528156,
        -0.990688443,
        -0.1303373
      ]
    ],
    "translation": [
      1.77830529,
      0.7884725,
      -0.6369342
    ]
  },
  {
    "timeStamp": 36700,
    "rotation": [
      [
        0.9993384,
        0.0235563628,
        0.0277124811
      ],
      [
        -0.0233281348,
        -0.1694411,
        0.9852642
      ],
      [
        0.0279048756,
        -0.985258758,
        -0.168779463
      ]
    ],
    "translation": [
      1.79029548,
      0.823334634,
      -0.6433276
    ]
  },
  {
    "timeStamp": 36744,
    "rotation": [
      [
        0.9992194,
        0.006795714,
        0.0389157161
      ],
      [
        -0.03668961,
        -0.205558747,
        0.9779568
      ],
      [
        0.0146453856,
        -0.9786212,
        -0.20514895
      ]
    ],
    "translation": [
      1.803218,
      0.8568055,
      -0.6489654
    ]
  },
  {
    "timeStamp": 36800,
    "rotation": [
      [
        0.998960555,
        -0.0170425735,
        0.04227653
      ],
      [
        -0.0451909676,
        -0.24900429,
        0.96744746
      ],
      [
        -0.005960749,
        -0.9683524,
        -0.249515638
      ]
    ],
    "translation": [
      1.82299531,
      0.8986048,
      -0.6557664
    ]
  },
  {
    "timeStamp": 36844,
    "rotation": [
      [
        0.9984831,
        -0.03926475,
        0.0385978
      ],
      [
        -0.0483190529,
        -0.2888023,
        0.956168652
      ],
      [
        -0.02639659,
        -0.956583261,
        -0.290261447
      ]
    ],
    "translation": [
      1.84271073,
      0.9320928,
      -0.661307
    ]
  },
  {
    "timeStamp": 36900,
    "rotation": [
      [
        0.9973116,
        -0.06483157,
        0.0341520123
      ],
      [
        -0.05413758,
        -0.337812632,
        0.9396551
      ],
      [
        -0.04938234,
        -0.9389779,
        -0.3404143
      ]
    ],
    "translation": [
      1.8700031,
      0.970120847,
      -0.6672752
    ]
  },
  {
    "timeStamp": 36944,
    "rotation": [
      [
        0.9964358,
        -0.08293784,
        0.01539241
      ],
      [
        -0.0446516424,
        -0.3637807,
        0.9304138
      ],
      [
        -0.07156704,
        -0.9277849,
        -0.366187453
      ]
    ],
    "translation": [
      1.89430332,
      0.992698431,
      -0.671580255
    ]
  },
  {
    "timeStamp": 37000,
    "rotation": [
      [
        0.9934504,
        -0.114058852,
        0.00684698857
      ],
      [
        -0.05031856,
        -0.382900655,
        0.922418058
      ],
      [
        -0.102588229,
        -0.9167211,
        -0.3861321
      ]
    ],
    "translation": [
      1.92935789,
      1.01456761,
      -0.67623657
    ]
  },
  {
    "timeStamp": 37044,
    "rotation": [
      [
        0.9896759,
        -0.1416595,
        -0.0217763986
      ],
      [
        -0.03580424,
        -0.391486019,
        0.919487238
      ],
      [
        -0.138779253,
        -0.9092147,
        -0.3925163
      ]
    ],
    "translation": [
      1.96018422,
      1.02416587,
      -0.6789441
    ]
  },
  {
    "timeStamp": 37099,
    "rotation": [
      [
        0.9834795,
        -0.173872873,
        -0.0503611639
      ],
      [
        -0.0201834533,
        -0.381801516,
        0.9240239
      ],
      [
        -0.179890662,
        -0.9077421,
        -0.379003346
      ]
    ],
    "translation": [
      2.00070786,
      1.02731431,
      -0.682457
    ]
  },
  {
    "timeStamp": 37144,
    "rotation": [
      [
        0.9760685,
        -0.202074215,
        -0.08035152
      ],
      [
        -0.00261796755,
        -0.3803866,
        0.9248239
      ],
      [
        -0.2174477,
        -0.9024811,
        -0.371812373
      ]
    ],
    "translation": [
      2.03303862,
      1.02426291,
      -0.683975041
    ]
  },
  {
    "timeStamp": 37200,
    "rotation": [
      [
        0.967205465,
        -0.240655214,
        -0.08123202
      ],
      [
        -0.00536063546,
        -0.3390869,
        0.9407398
      ],
      [
        -0.253938645,
        -0.9094532,
        -0.329256773
      ]
    ],
    "translation": [
      2.0674417,
      1.01210368,
      -0.6884022
    ]
  },
  {
    "timeStamp": 37245,
    "rotation": [
      [
        0.9561098,
        -0.282603472,
        -0.07739028
      ],
      [
        -0.0169963781,
        -0.317169368,
        0.9482166
      ],
      [
        -0.292515129,
        -0.905283868,
        -0.308051974
      ]
    ],
    "translation": [
      2.09142232,
      1.00015533,
      -0.690957367
    ]
  },
  {
    "timeStamp": 37295,
    "rotation": [
      [
        0.9443449,
        -0.326254845,
        -0.042078618
      ],
      [
        -0.0465754643,
        -0.259233445,
        0.964691043
      ],
      [
        -0.3256433,
        -0.9090412,
        -0.260001242
      ]
    ],
    "translation": [
      2.11422753,
      0.9776847,
      -0.69558233
    ]
  },
  {
    "timeStamp": 37350,
    "rotation": [
      [
        0.9345744,
        -0.352436066,
        -0.0485733151
      ],
      [
        -0.030304797,
        -0.214897752,
        0.976166248
      ],
      [
        -0.354474485,
        -0.910828054,
        -0.211518466
      ]
    ],
    "translation": [
      2.132368,
      0.9552302,
      -0.6973255
    ]
  },
  {
    "timeStamp": 37394,
    "rotation": [
      [
        0.921756864,
        -0.3873801,
        0.01734593
      ],
      [
        -0.089169465,
        -0.168216988,
        0.981708646
      ],
      [
        -0.377376527,
        -0.9064434,
        -0.189597651
      ]
    ],
    "translation": [
      2.13861728,
      0.9379281,
      -0.6939417
    ]
  },
  {
    "timeStamp": 37450,
    "rotation": [
      [
        0.921852231,
        -0.387540668,
        -0.000838122738
      ],
      [
        -0.0632379651,
        -0.152558625,
        0.9862691
      ],
      [
        -0.382347256,
        -0.9091414,
        -0.165143788
      ]
    ],
    "translation": [
      2.14725661,
      0.9157978,
      -0.688379049
    ]
  },
  {
    "timeStamp": 37494,
    "rotation": [
      [
        0.9423384,
        -0.3339815,
        -0.0213227235
      ],
      [
        -0.0217001867,
        -0.124559365,
        0.991974831
      ],
      [
        -0.3339572,
        -0.9343133,
        -0.124624528
      ]
    ],
    "translation": [
      2.14929223,
      0.896341562,
      -0.686404049
    ]
  },
  {
    "timeStamp": 37550,
    "rotation": [
      [
        0.951948166,
        -0.303923577,
        0.03775105
      ],
      [
        -0.07478978,
        -0.11116384,
        0.9909839
      ],
      [
        -0.296986818,
        -0.9461887,
        -0.128552586
      ]
    ],
    "translation": [
      2.142591,
      0.883764267,
      -0.680054963
    ]
  },
  {
    "timeStamp": 37594,
    "rotation": [
      [
        0.972202659,
        -0.234100387,
        0.004349465
      ],
      [
        -0.0314167067,
        -0.112018086,
        0.9932094
      ],
      [
        -0.232023492,
        -0.9657375,
        -0.116258949
      ]
    ],
    "translation": [
      2.14032149,
      0.873329937,
      -0.677666
    ]
  },
  {
    "timeStamp": 37651,
    "rotation": [
      [
        0.9758217,
        -0.21789299,
        0.0171659235
      ],
      [
        -0.0371024348,
        -0.08773803,
        0.9954524
      ],
      [
        -0.215396,
        -0.9720209,
        -0.0937010348
      ]
    ],
    "translation": [
      2.1402142,
      0.8647717,
      -0.6764598
    ]
  },
  {
    "timeStamp": 37696,
    "rotation": [
      [
        0.97857064,
        -0.204870418,
        0.0206795
      ],
      [
        -0.0378178954,
        -0.08009581,
        0.9960695
      ],
      [
        -0.20240882,
        -0.9755064,
        -0.0861271843
      ]
    ],
    "translation": [
      2.14082813,
      0.860378444,
      -0.676009953
    ]
  },
  {
    "timeStamp": 37742,
    "rotation": [
      [
        0.9813002,
        -0.190987676,
        0.0239500348
      ],
      [
        -0.03712403,
        -0.06570097,
        0.9971485
      ],
      [
        -0.188869521,
        -0.979391158,
        -0.07156261
      ]
    ],
    "translation": [
      2.141475,
      0.8556186,
      -0.677668631
    ]
  },
  {
    "timeStamp": 37798,
    "rotation": [
      [
        0.9811198,
        -0.188587159,
        0.04288211
      ],
      [
        -0.0539217442,
        -0.05380091,
        0.99709475
      ],
      [
        -0.185732171,
        -0.9805817,
        -0.06295408
      ]
    ],
    "translation": [
      2.14057326,
      0.8522412,
      -0.6795097
    ]
  },
  {
    "timeStamp": 37843,
    "rotation": [
      [
        0.984172463,
        -0.1714129,
        0.0449685156
      ],
      [
        -0.0537614338,
        -0.0470023528,
        0.997447
      ],
      [
        -0.168861672,
        -0.984077454,
        -0.0554738231
      ]
    ],
    "translation": [
      2.13891554,
      0.849628448,
      -0.682184756
    ]
  },
  {
    "timeStamp": 37899,
    "rotation": [
      [
        0.9837487,
        -0.171524256,
        0.0530850142
      ],
      [
        -0.06027572,
        -0.0369863473,
        0.9974963
      ],
      [
        -0.1691314,
        -0.9844854,
        -0.0467240177
      ]
    ],
    "translation": [
      2.13838887,
      0.8453827,
      -0.6849171
    ]
  },
  {
    "timeStamp": 37943,
    "rotation": [
      [
        0.984491646,
        -0.167144954,
        0.0532803051
      ],
      [
        -0.058326263,
        -0.0254232455,
        0.9979738
      ],
      [
        -0.16545172,
        -0.9856045,
        -0.0347779132
      ]
    ],
    "translation": [
      2.138684,
      0.840713441,
      -0.6877178
    ]
  },
  {
    "timeStamp": 37999,
    "rotation": [
      [
        0.981639147,
        -0.1781345,
        0.0682108551
      ],
      [
        -0.07032645,
        -0.00558164855,
        0.9975084
      ],
      [
        -0.17730993,
        -0.9839903,
        -0.018006729
      ]
    ],
    "translation": [
      2.139592,
      0.835148335,
      -0.690202534
    ]
  },
  {
    "timeStamp": 38043,
    "rotation": [
      [
        0.9771953,
        -0.194966137,
        0.08412826
      ],
      [
        -0.0826198757,
        0.0158707369,
        0.9964548
      ],
      [
        -0.195610121,
        -0.980681539,
        -0.00059926894
      ]
    ],
    "translation": [
      2.141482,
      0.8298491,
      -0.692188859
    ]
  },
  {
    "timeStamp": 38099,
    "rotation": [
      [
        0.966497362,
        -0.235303253,
        0.102544166
      ],
      [
        -0.09382426,
        0.0479901843,
        0.9944315
      ],
      [
        -0.238914058,
        -0.9707365,
        0.0243052319
      ]
    ],
    "translation": [
      2.14746141,
      0.82214123,
      -0.6944157
    ]
  },
  {
    "timeStamp": 38144,
    "rotation": [
      [
        0.9535438,
        -0.2750492,
        0.12289083
      ],
      [
        -0.106044166,
        0.07536349,
        0.9915014
      ],
      [
        -0.281973124,
        -0.958471835,
        0.0426950231
      ]
    ],
    "translation": [
      2.152481,
      0.816118658,
      -0.695263
    ]
  },
  {
    "timeStamp": 38199,
    "rotation": [
      [
        0.942237735,
        -0.315729439,
        0.111816749
      ],
      [
        -0.08541087,
        0.09631367,
        0.9916797
      ],
      [
        -0.32387197,
        -0.9439484,
        0.0637836456
      ]
    ],
    "translation": [
      2.16132,
      0.8075106,
      -0.694505036
    ]
  },
  {
    "timeStamp": 38243,
    "rotation": [
      [
        0.9299501,
        -0.350361615,
        0.111532979
      ],
      [
        -0.0749660656,
        0.116295546,
        0.9903815
      ],
      [
        -0.359962434,
        -0.9293665,
        0.08188382
      ]
    ],
    "translation": [
      2.16734934,
      0.8002496,
      -0.692835748
    ]
  },
  {
    "timeStamp": 38299,
    "rotation": [
      [
        0.9084232,
        -0.400570333,
        0.119627625
      ],
      [
        -0.06685167,
        0.143279046,
        0.9874219
      ],
      [
        -0.412672043,
        -0.904994249,
        0.103379212
      ]
    ],
    "translation": [
      2.17389441,
      0.7917019,
      -0.6900533
    ]
  },
  {
    "timeStamp": 38343,
    "rotation": [
      [
        0.8934706,
        -0.4291335,
        0.132494047
      ],
      [
        -0.0709151253,
        0.156508282,
        0.9851275
      ],
      [
        -0.443487644,
        -0.8895783,
        0.109403491
      ]
    ],
    "translation": [
      2.17597,
      0.7862148,
      -0.68601495
    ]
  },
  {
    "timeStamp": 38399,
    "rotation": [
      [
        0.864868462,
        -0.4733206,
        0.167243078
      ],
      [
        -0.09133404,
        0.17922841,
        0.9795587
      ],
      [
        -0.493620038,
        -0.862464368,
        0.111778714
      ]
    ],
    "translation": [
      2.17589331,
      0.7793136,
      -0.6800645
    ]
  },
  {
    "timeStamp": 38443,
    "rotation": [
      [
        0.837723255,
        -0.5101537,
        0.19484067
      ],
      [
        -0.108531721,
        0.194138959,
        0.974951744
      ],
      [
        -0.53520143,
        -0.837886155,
        0.107266858
      ]
    ],
    "translation": [
      2.17438722,
      0.774045169,
      -0.674099267
    ]
  },
  {
    "timeStamp": 38499,
    "rotation": [
      [
        0.797176,
        -0.5655811,
        0.211254552
      ],
      [
        -0.1155326,
        0.200535759,
        0.972850263
      ],
      [
        -0.5925898,
        -0.799939632,
        0.09451924
      ]
    ],
    "translation": [
      2.174099,
      0.7677689,
      -0.6672001
    ]
  },
  {
    "timeStamp": 38543,
    "rotation": [
      [
        0.753415346,
        -0.620374739,
        0.217946216
      ],
      [
        -0.116164789,
        0.200663477,
        0.972748637
      ],
      [
        -0.6472025,
        -0.7582014,
        0.07911724
      ]
    ],
    "translation": [
      2.17527485,
      0.763603,
      -0.6621102
    ]
  },
  {
    "timeStamp": 38599,
    "rotation": [
      [
        0.7007654,
        -0.685175955,
        0.198649883
      ],
      [
        -0.0927765742,
        0.188563526,
        0.9776688
      ],
      [
        -0.707333267,
        -0.7035465,
        0.0685705
      ]
    ],
    "translation": [
      2.17964983,
      0.758020163,
      -0.658796
    ]
  },
  {
    "timeStamp": 38643,
    "rotation": [
      [
        0.6576847,
        -0.738070846,
        0.150672674
      ],
      [
        -0.0554812029,
        0.152014732,
        0.9868198
      ],
      [
        -0.7512474,
        -0.657375753,
        0.0590286963
      ]
    ],
    "translation": [
      2.18680215,
      0.756074548,
      -0.65826124
    ]
  },
  {
    "timeStamp": 38699,
    "rotation": [
      [
        0.621625066,
        -0.7764429,
        0.103531063
      ],
      [
        -0.0180776715,
        0.117914952,
        0.9928591
      ],
      [
        -0.7831063,
        -0.6190577,
        0.0592626035
      ]
    ],
    "translation": [
      2.19042,
      0.75381434,
      -0.6578155
    ]
  },
  {
    "timeStamp": 38743,
    "rotation": [
      [
        0.596312165,
        -0.798785031,
        0.0797141343
      ],
      [
        -0.00494851358,
        0.0956413448,
        0.9954036
      ],
      [
        -0.802737355,
        -0.593965769,
        0.0530793
      ]
    ],
    "translation": [
      2.19241238,
      0.7535168,
      -0.656396866
    ]
  },
  {
    "timeStamp": 38800,
    "rotation": [
      [
        0.557197034,
        -0.828889966,
        0.0497277938
      ],
      [
        0.008351963,
        0.06547677,
        0.9978191
      ],
      [
        -0.8303383,
        -0.5555665,
        0.0434063151
      ]
    ],
    "translation": [
      2.19535041,
      0.7535018,
      -0.6542382
    ]
  },
  {
    "timeStamp": 38843,
    "rotation": [
      [
        0.5444738,
        -0.83816874,
        0.03195799
      ],
      [
        0.01863254,
        0.0501773767,
        0.9985665
      ],
      [
        -0.8385708,
        -0.543097854,
        0.0429374836
      ]
    ],
    "translation": [
      2.1950078,
      0.752921045,
      -0.6517214
    ]
  },
  {
    "timeStamp": 38898,
    "rotation": [
      [
        0.524067938,
        -0.8516151,
        0.0102222376
      ],
      [
        0.0242555086,
        0.0269218571,
        0.9993432
      ],
      [
        -0.851330936,
        -0.5234758,
        0.0347652435
      ]
    ],
    "translation": [
      2.19544125,
      0.752482057,
      -0.6478681
    ]
  },
  {
    "timeStamp": 38943,
    "rotation": [
      [
        0.489481241,
        -0.8719389,
        -0.0114276214
      ],
      [
        0.0226993337,
        -0.0003598631,
        0.99974227
      ],
      [
        -0.8717183,
        -0.4896145,
        0.0196162853
      ]
    ],
    "translation": [
      2.19855046,
      0.7540647,
      -0.646066964
    ]
  },
  {
    "timeStamp": 38998,
    "rotation": [
      [
        0.469008535,
        -0.8823468,
        -0.03866703
      ],
      [
        0.0464995652,
        -0.0190508831,
        0.9987366
      ],
      [
        -0.881968737,
        -0.470214,
        0.0320937149
      ]
    ],
    "translation": [
      2.200959,
      0.7531633,
      -0.646231532
    ]
  },
  {
    "timeStamp": 39042,
    "rotation": [
      [
        0.455374122,
        -0.888720632,
        -0.0530100651
      ],
      [
        0.0541853,
        -0.03176568,
        0.9980255
      ],
      [
        -0.888649762,
        -0.457347363,
        0.0336903222
      ]
    ],
    "translation": [
      2.20257354,
      0.7526218,
      -0.645511448
    ]
  },
  {
    "timeStamp": 39098,
    "rotation": [
      [
        0.4268332,
        -0.901130438,
        -0.07600873
      ],
      [
        0.06360226,
        -0.0539283156,
        0.9965172
      ],
      [
        -0.902090967,
        -0.430180967,
        0.03429554
      ]
    ],
    "translation": [
      2.20863,
      0.7526152,
      -0.6462744
    ]
  },
  {
    "timeStamp": 39142,
    "rotation": [
      [
        0.403127,
        -0.9129035,
        -0.06399785
      ],
      [
        0.0544397645,
        -0.0458857827,
        0.997462153
      ],
      [
        -0.913523257,
        -0.405588,
        0.0312004536
      ]
    ],
    "translation": [
      2.21098375,
      0.7503106,
      -0.646783352
    ]
  },
  {
    "timeStamp": 39199,
    "rotation": [
      [
        0.3971282,
        -0.9176289,
        -0.0156970862
      ],
      [
        0.0275335126,
        -0.005183565,
        0.999607444
      ],
      [
        -0.91735,
        -0.3974045,
        0.023207007
      ]
    ],
    "translation": [
      2.206796,
      0.74290663,
      -0.644814134
    ]
  }
]