[
  {
    "timeStamp": 102858,
    "rotation": [
      [
        0.397909254,
        -0.20002532,
        -0.895353556
      ],
      [
        0.355620474,
        0.9332677,
        -0.05045212
      ],
      [
        0.84569633,
        -0.2983307,
        0.442488968
      ]
    ],
    "translation": [
      1.18577313,
      0.710896,
      -0.731432438
    ]
  },
  {
    "timeStamp": 102902,
    "rotation": [
      [
        0.382246047,
        -0.24146767,
        -0.891953647
      ],
      [
        0.399511725,
        0.91356343,
        -0.07610737
      ],
      [
        0.8332337,
        -0.3272542,
        0.445675164
      ]
    ],
    "translation": [
      1.1900171,
      0.713876545,
      -0.7280075
    ]
  },
  {
    "timeStamp": 102958,
    "rotation": [
      [
        0.432930738,
        -0.212093055,
        -0.876120746
      ],
      [
        0.3368321,
        0.939585865,
        -0.0610129163
      ],
      [
        0.8361311,
        -0.2686912,
        0.478215337
      ]
    ],
    "translation": [
      1.19545877,
      0.7280582,
      -0.7317926
    ]
  },
  {
    "timeStamp": 103004,
    "rotation": [
      [
        0.499113828,
        -0.168139949,
        -0.850067258
      ],
      [
        0.294548035,
        0.955501854,
        -0.0160517022
      ],
      [
        0.8149398,
        -0.242374033,
        0.5264295
      ]
    ],
    "translation": [
      1.20716977,
      0.746282756,
      -0.730764
    ]
  },
  {
    "timeStamp": 103057,
    "rotation": [
      [
        0.55048573,
        -0.134998649,
        -0.823857248
      ],
      [
        0.2721456,
        0.9619513,
        0.02421554
      ],
      [
        0.789241552,
        -0.237539455,
        0.566279769
      ]
    ],
    "translation": [
      1.23541915,
      0.7741063,
      -0.7320402
    ]
  },
  {
    "timeStamp": 103102,
    "rotation": [
      [
        0.567997336,
        -0.116267063,
        -0.8147767
      ],
      [
        0.2775392,
        0.959044158,
        0.0566244535
      ],
      [
        0.774823248,
        -0.258295,
        0.5770032
      ]
    ],
    "translation": [
      1.263958,
      0.79799974,
      -0.734956741
    ]
  },
  {
    "timeStamp": 103158,
    "rotation": [
      [
        0.603118539,
        -0.0989362746,
        -0.791492
      ],
      [
        0.279516846,
        0.955572844,
        0.09354609
      ],
      [
        0.7470732,
        -0.277654737,
        0.603978038
      ]
    ],
    "translation": [
      1.31035614,
      0.832939,
      -0.7371081
    ]
  },
  {
    "timeStamp": 103202,
    "rotation": [
      [
        0.647207737,
        -0.106364116,
        -0.754856765
      ],
      [
        0.272343159,
        0.9571309,
        0.09863887
      ],
      [
        0.712005138,
        -0.269419938,
        0.648430049
      ]
    ],
    "translation": [
      1.35512555,
      0.860258162,
      -0.736608148
    ]
  },
  {
    "timeStamp": 103258,
    "rotation": [
      [
        0.6754593,
        -0.125450641,
        -0.7266477
      ],
      [
        0.299280375,
        0.9472508,
        0.1146615
      ],
      [
        0.6739332,
        -0.294920564,
        0.6773743
      ]
    ],
    "translation": [
      1.41410339,
      0.8909569,
      -0.733849943
    ]
  },
  {
    "timeStamp": 103302,
    "rotation": [
      [
        0.709696651,
        -0.163291156,
        -0.6853223
      ],
      [
        0.323886573,
        0.9394964,
        0.111553043
      ],
      [
        0.6256421,
        -0.3011355,
        0.719645262
      ]
    ],
    "translation": [
      1.46795177,
      0.9111988,
      -0.728181541
    ]
  },
  {
    "timeStamp": 103358,
    "rotation": [
      [
        0.7700253,
        -0.216740236,
        -0.6000705
      ],
      [
        0.339207351,
        0.9356634,
        0.09732582
      ],
      [
        0.5403696,
        -0.278491676,
        0.79400444
      ]
    ],
    "translation": [
      1.53936756,
      0.931593,
      -0.718306541
    ]
  },
  {
    "timeStamp": 103402,
    "rotation": [
      [
        0.8116208,
        -0.268381357,
        -0.518886447
      ],
      [
        0.3750658,
        0.920374155,
        0.110621385
      ],
      [
        0.447880954,
        -0.284399182,
        0.8476555
      ]
    ],
    "translation": [
      1.60201585,
      0.949808836,
      -0.7073061
    ]
  },
  {
    "timeStamp": 103458,
    "rotation": [
      [
        0.848201,
        -0.348454565,
        -0.3989167
      ],
      [
        0.43228972,
        0.890609264,
        0.141211733
      ],
      [
        0.306073,
        -0.2922235,
        0.906049
      ]
    ],
    "translation": [
      1.68331361,
      0.9717898,
      -0.6943673
    ]
  },
  {
    "timeStamp": 103502,
    "rotation": [
      [
        0.8592653,
        -0.419436067,
        -0.292807966
      ],
      [
        0.477797627,
        0.8625295,
        0.166590288
      ],
      [
        0.182681531,
        -0.2830482,
        0.9415472
      ]
    ],
    "translation": [
      1.75230324,
      0.987831056,
      -0.6877443
    ]
  },
  {
    "timeStamp": 103558,
    "rotation": [
      [
        0.8420602,
        -0.518765867,
        -0.147704065
      ],
      [
        0.5391856,
        0.816993,
        0.204453856
      ],
      [
        0.0146095064,
        -0.251802355,
        0.9676684
      ]
    ],
    "translation": [
      1.84086275,
      1.00291669,
      -0.6857106
    ]
  },
  {
    "timeStamp": 103602,
    "rotation": [
      [
        0.8219996,
        -0.5690903,
        -0.0212784559
      ],
      [
        0.5595872,
        0.8002079,
        0.215706825
      ],
      [
        -0.105729476,
        -0.189218089,
        0.97622633
      ]
    ],
    "translation": [
      1.90561938,
      1.00824249,
      -0.691102266
    ]
  },
  {
    "timeStamp": 103658,
    "rotation": [
      [
        0.7868864,
        -0.601705,
        0.136970624
      ],
      [
        0.5689814,
        0.7933591,
        0.216428921
      ],
      [
        -0.238893256,
        -0.0923712254,
        0.966642439
      ]
    ],
    "translation": [
      1.98065913,
      1.01027954,
      -0.7062708
    ]
  },
  {
    "timeStamp": 103702,
    "rotation": [
      [
        0.7341003,
        -0.641168952,
        0.2236051
      ],
      [
        0.600788653,
        0.766745,
        0.226175115
      ],
      [
        -0.316464543,
        -0.03169581,
        0.9480747
      ]
    ],
    "translation": [
      2.03091884,
      1.01117682,
      -0.7198431
    ]
  },
  {
    "timeStamp": 103758,
    "rotation": [
      [
        0.7102056,
        -0.6186074,
        0.336054921
      ],
      [
        0.583206236,
        0.784357667,
        0.211313933
      ],
      [
        -0.3943076,
        0.0459129959,
        0.9178309
      ]
    ],
    "translation": [
      2.08046842,
      1.00167346,
      -0.738118351
    ]
  },
  {
    "timeStamp": 103802,
    "rotation": [
      [
        0.6698574,
        -0.6273513,
        0.3971417
      ],
      [
        0.6067815,
        0.7707949,
        0.194142625
      ],
      [
        -0.427910447,
        0.110930376,
        0.8969878
      ]
    ],
    "translation": [
      2.11302066,
      0.9902742,
      -0.7523106
    ]
  },
  {
    "timeStamp": 103857,
    "rotation": [
      [
        0.6522791,
        -0.611460447,
        0.447937727
      ],
      [
        0.604962349,
        0.776017845,
        0.178372875
      ],
      [
        -0.456675619,
        0.154636562,
        0.8760907
      ]
    ],
    "translation": [
      2.14134264,
      0.975694656,
      -0.7660699
    ]
  },
  {
    "timeStamp": 103902,
    "rotation": [
      [
        0.6473112,
        -0.5758506,
        0.499383926
      ],
      [
        0.5867443,
        0.7946477,
        0.155776381
      ],
      [
        -0.4865382,
        0.192174867,
        0.852261364
      ]
    ],
    "translation": [
      2.15813637,
      0.963133633,
      -0.776111
    ]
  },
  {
    "timeStamp": 103959,
    "rotation": [
      [
        0.621900737,
        -0.6015192,
        0.501412153
      ],
      [
        0.615813553,
        0.7711904,
        0.161366224
      ],
      [
        -0.4837491,
        0.2084226,
        0.850027561
      ]
    ],
    "translation": [
      2.17159414,
      0.954743,
      -0.7828334
    ]
  },
  {
    "timeStamp": 104008,
    "rotation": [
      [
        0.626473367,
        -0.5840426,
        0.5161641
      ],
      [
        0.613309443,
        0.778048337,
        0.135986462
      ],
      [
        -0.481022537,
        0.231376454,
        0.845625341
      ]
    ],
    "translation": [
      2.18360639,
      0.9389433,
      -0.789836347
    ]
  },
  {
    "timeStamp": 104052,
    "rotation": [
      [
        0.6312681,
        -0.5662025,
        0.530014455
      ],
      [
        0.606598,
        0.786280155,
        0.117483288
      ],
      [
        -0.4832592,
        0.247342274,
        0.8398109
      ]
    ],
    "translation": [
      2.18740654,
      0.926875532,
      -0.7928097
    ]
  },
  {
    "timeStamp": 104108,
    "rotation": [
      [
        0.645669043,
        -0.556981862,
        0.5223817
      ],
      [
        0.6107848,
        0.7872763,
        0.08448561
      ],
      [
        -0.45831573,
        0.2645131,
        0.848516047
      ]
    ],
    "translation": [
      2.18980145,
      0.91173774,
      -0.795026243
    ]
  },
  {
    "timeStamp": 104152,
    "rotation": [
      [
        0.65526,
        -0.5473545,
        0.520612538
      ],
      [
        0.6097931,
        0.790043235,
        0.06311921
      ],
      [
        -0.445855,
        0.276106447,
        0.8514567
      ]
    ],
    "translation": [
      2.19140482,
      0.8990144,
      -0.795375
    ]
  },
  {
    "timeStamp": 104208,
    "rotation": [
      [
        0.658355355,
        -0.5426867,
        0.521593034
      ],
      [
        0.6191534,
        0.784501553,
        0.03473138
      ],
      [
        -0.428038836,
        0.3000805,
        0.8524872
      ]
    ],
    "translation": [
      2.19595242,
      0.882899463,
      -0.7962322
    ]
  },
  {
    "timeStamp": 104252,
    "rotation": [
      [
        0.6625852,
        -0.5359275,
        0.523223341
      ],
      [
        0.6185158,
        0.7854838,
        0.0212966241
      ],
      [
        -0.422396868,
        0.309511065,
        0.8519295
      ]
    ],
    "translation": [
      2.20041966,
      0.8715636,
      -0.794795752
    ]
  },
  {
    "timeStamp": 104308,
    "rotation": [
      [
        0.667355,
        -0.5414982,
        0.511289537
      ],
      [
        0.6261134,
        0.7796853,
        0.008524139
      ],
      [
        -0.4032608,
        0.314436644,
        0.859366238
      ]
    ],
    "translation": [
      2.20583,
      0.860983,
      -0.791173
    ]
  }
]