[
  {
    "timeStamp": 76826,
    "rotation": [
      [
        0.934692442,
        -0.353643745,
        -0.03586347
      ],
      [
        0.353663832,
        0.9353534,
        -0.005994532
      ],
      [
        0.0356649458,
        -0.00708056847,
        0.999338746
      ]
    ],
    "translation": [
      1.61787665,
      0.707006335,
      -0.612828851
    ]
  },
  {
    "timeStamp": 76872,
    "rotation": [
      [
        0.9383193,
        -0.3453826,
        -0.0163603071
      ],
      [
        0.345454276,
        0.938434,
        0.001690212
      ],
      [
        0.0147693,
        -0.007237697,
        0.999864757
      ]
    ],
    "translation": [
      1.619107,
      0.7067406,
      -0.6127337
    ]
  },
  {
    "timeStamp": 76925,
    "rotation": [
      [
        0.938578844,
        -0.3449666,
        -0.008236838
      ],
      [
        0.34502852,
        0.9385591,
        0.007882816
      ],
      [
        0.005011451,
        -0.0102405883,
        0.999935031
      ]
    ],
    "translation": [
      1.6209228,
      0.7085377,
      -0.612835765
    ]
  },
  {
    "timeStamp": 76981,
    "rotation": [
      [
        0.936637938,
        -0.350025117,
        -0.0138520841
      ],
      [
        0.350236446,
        0.936485767,
        0.0181348547
      ],
      [
        0.0066246246,
        -0.0218372978,
        0.9997396
      ]
    ],
    "translation": [
      1.62532771,
      0.7114712,
      -0.6128079
    ]
  },
  {
    "timeStamp": 77025,
    "rotation": [
      [
        0.9388253,
        -0.344311953,
        -0.00751009258
      ],
      [
        0.344391227,
        0.9385099,
        0.0243695136
      ],
      [
        -0.00134241825,
        -0.0254651271,
        0.9996748
      ]
    ],
    "translation": [
      1.62936687,
      0.714015,
      -0.61288476
    ]
  },
  {
    "timeStamp": 77081,
    "rotation": [
      [
        0.940323532,
        -0.34027186,
        -0.00259320042
      ],
      [
        0.340200424,
        0.9399049,
        0.0290236883
      ],
      [
        -0.007438583,
        -0.0281738658,
        0.9995754
      ]
    ],
    "translation": [
      1.63501287,
      0.7163765,
      -0.6126741
    ]
  },
  {
    "timeStamp": 77125,
    "rotation": [
      [
        0.9406462,
        -0.339388818,
        4.00301069E-05
      ],
      [
        0.339187771,
        0.940093,
        0.0343048647
      ],
      [
        -0.01168032,
        -0.03225516,
        0.9994114
      ]
    ],
    "translation": [
      1.63975906,
      0.7184237,
      -0.6119925
    ]
  },
  {
    "timeStamp": 77181,
    "rotation": [
      [
        0.9395786,
        -0.342298627,
        -0.00486994628
      ],
      [
        0.342180043,
        0.938637435,
        0.0432726331
      ],
      [
        -0.0102410493,
        -0.04232444,
        0.999051452
      ]
    ],
    "translation": [
      1.64595222,
      0.722362757,
      -0.6112372
    ]
  },
  {
    "timeStamp": 77225,
    "rotation": [
      [
        0.9403524,
        -0.340182543,
        -0.00363222556
      ],
      [
        0.339939,
        0.9391525,
        0.04933625
      ],
      [
        -0.0133721167,
        -0.0476281978,
        0.9987756
      ]
    ],
    "translation": [
      1.65141237,
      0.7277364,
      -0.611622036
    ]
  },
  {
    "timeStamp": 77281,
    "rotation": [
      [
        0.943573058,
        -0.331140935,
        0.00396131165
      ],
      [
        0.3300675,
        0.941352546,
        0.07007746
      ],
      [
        -0.0269345064,
        -0.0648157,
        0.9975337
      ]
    ],
    "translation": [
      1.66012192,
      0.7401985,
      -0.6115663
    ]
  },
  {
    "timeStamp": 77325,
    "rotation": [
      [
        0.9480637,
        -0.3180765,
        -0.0016015881
      ],
      [
        0.316818357,
        0.9438417,
        0.0937497541
      ],
      [
        -0.0283079464,
        -0.08938815,
        0.9955945
      ]
    ],
    "translation": [
      1.6678859,
      0.753946841,
      -0.6118896
    ]
  },
  {
    "timeStamp": 77381,
    "rotation": [
      [
        0.9505615,
        -0.310524344,
        -0.00272222515
      ],
      [
        0.3083346,
        0.9427438,
        0.127137214
      ],
      [
        -0.03691284,
        -0.1216911,
        0.99188143
      ]
    ],
    "translation": [
      1.6822772,
      0.772061646,
      -0.613612354
    ]
  },
  {
    "timeStamp": 77425,
    "rotation": [
      [
        0.9517821,
        -0.306738764,
        -0.00471506966
      ],
      [
        0.304157645,
        0.941546738,
        0.144837618
      ],
      [
        -0.0399878547,
        -0.139287978,
        0.989444256
      ]
    ],
    "translation": [
      1.69719517,
      0.786376655,
      -0.618618
    ]
  },
  {
    "timeStamp": 77481,
    "rotation": [
      [
        0.9510573,
        -0.308864743,
        -0.009622173
      ],
      [
        0.305740058,
        0.9360019,
        0.174423218
      ],
      [
        -0.04486681,
        -0.168828353,
        0.98462373
      ]
    ],
    "translation": [
      1.71813869,
      0.8047881,
      -0.6239073
    ]
  },
  {
    "timeStamp": 77525,
    "rotation": [
      [
        0.9496229,
        -0.312729865,
        -0.02040667
      ],
      [
        0.310108751,
        0.9282663,
        0.205314949
      ],
      [
        -0.04526529,
        -0.20130007,
        0.9784832
      ]
    ],
    "translation": [
      1.73788393,
      0.82221514,
      -0.628366053
    ]
  },
  {
    "timeStamp": 77581,
    "rotation": [
      [
        0.944723845,
        -0.32538262,
        -0.0402860381
      ],
      [
        0.32471478,
        0.911553264,
        0.2522518
      ],
      [
        -0.04535548,
        -0.251389772,
        0.9668226
      ]
    ],
    "translation": [
      1.76424527,
      0.846039832,
      -0.632523
    ]
  },
  {
    "timeStamp": 77625,
    "rotation": [
      [
        0.941805,
        -0.33353737,
        -0.0419066772
      ],
      [
        0.330723971,
        0.8970201,
        0.2932175
      ],
      [
        -0.0602078624,
        -0.290013254,
        0.9551269
      ]
    ],
    "translation": [
      1.78845727,
      0.867579341,
      -0.6374231
    ]
  },
  {
    "timeStamp": 77681,
    "rotation": [
      [
        0.9361738,
        -0.3470438,
        -0.0560285635
      ],
      [
        0.343788475,
        0.8705543,
        0.352057755
      ],
      [
        -0.07340356,
        -0.348849237,
        0.9342998
      ]
    ],
    "translation": [
      1.82035828,
      0.895852447,
      -0.642100334
    ]
  },
  {
    "timeStamp": 77726,
    "rotation": [
      [
        0.928655446,
        -0.3661906,
        -0.05919089
      ],
      [
        0.358721733,
        0.845928431,
        0.3946187
      ],
      [
        -0.09443441,
        -0.387697846,
        0.9169365
      ]
    ],
    "translation": [
      1.84653258,
      0.91728574,
      -0.6467041
    ]
  },
  {
    "timeStamp": 77781,
    "rotation": [
      [
        0.9201424,
        -0.3857514,
        -0.0673337
      ],
      [
        0.373602629,
        0.8133059,
        0.446043372
      ],
      [
        -0.117298961,
        -0.435579479,
        0.892474949
      ]
    ],
    "translation": [
      1.87979674,
      0.9417698,
      -0.652205765
    ]
  },
  {
    "timeStamp": 77825,
    "rotation": [
      [
        0.907586932,
        -0.413017362,
        -0.07551565
      ],
      [
        0.3951586,
        0.7794676,
        0.486086369
      ],
      [
        -0.1419001,
        -0.4710063,
        0.870642
      ]
    ],
    "translation": [
      1.90634429,
      0.9587909,
      -0.6557122
    ]
  },
  {
    "timeStamp": 77881,
    "rotation": [
      [
        0.8940216,
        -0.438928783,
        -0.08981588
      ],
      [
        0.416976571,
        0.741848,
        0.525159061
      ],
      [
        -0.1638777,
        -0.50695467,
        0.84625113
      ]
    ],
    "translation": [
      1.9382894,
      0.9759154,
      -0.6606536
    ]
  },
  {
    "timeStamp": 77925,
    "rotation": [
      [
        0.875872552,
        -0.472060353,
        -0.100032113
      ],
      [
        0.445223838,
        0.710641742,
        0.5447605
      ],
      [
        -0.186072841,
        -0.521677434,
        0.832604051
      ]
    ],
    "translation": [
      1.96330321,
      0.986835241,
      -0.6662431
    ]
  },
  {
    "timeStamp": 77981,
    "rotation": [
      [
        0.8677794,
        -0.485931128,
        -0.104067147
      ],
      [
        0.4528821,
        0.6870806,
        0.5681708
      ],
      [
        -0.204589352,
        -0.540177047,
        0.816303849
      ]
    ],
    "translation": [
      1.98855186,
      0.9980472,
      -0.672281444
    ]
  },
  {
    "timeStamp": 78025,
    "rotation": [
      [
        0.85588944,
        -0.5046477,
        -0.113066472
      ],
      [
        0.467836142,
        0.6623492,
        0.5851691
      ],
      [
        -0.220414728,
        -0.5537366,
        0.802990139
      ]
    ],
    "translation": [
      2.007153,
      1.00631976,
      -0.6766222
    ]
  },
  {
    "timeStamp": 78081,
    "rotation": [
      [
        0.8423154,
        -0.5244569,
        -0.124296851
      ],
      [
        0.483362138,
        0.632997036,
        0.604711354
      ],
      [
        -0.2384655,
        -0.5694381,
        0.786685765
      ]
    ],
    "translation": [
      2.027813,
      1.01548088,
      -0.6804587
    ]
  },
  {
    "timeStamp": 78125,
    "rotation": [
      [
        0.849243939,
        -0.513786137,
        -0.121690094
      ],
      [
        0.472245574,
        0.6360363,
        0.6102803
      ],
      [
        -0.236154243,
        -0.57574445,
        0.7827832
      ]
    ],
    "translation": [
      2.038063,
      1.019083,
      -0.6817849
    ]
  },
  {
    "timeStamp": 78181,
    "rotation": [
      [
        0.8479305,
        -0.5079015,
        -0.151822343
      ],
      [
        0.48196584,
        0.619377732,
        0.619742036
      ],
      [
        -0.220732525,
        -0.5986714,
        0.769980431
      ]
    ],
    "translation": [
      2.04394078,
      1.02532673,
      -0.679276
    ]
  },
  {
    "timeStamp": 78225,
    "rotation": [
      [
        0.852198362,
        -0.491662532,
        -0.178957731
      ],
      [
        0.482068032,
        0.604859352,
        0.633842
      ],
      [
        -0.2033921,
        -0.6264289,
        0.7524749
      ]
    ],
    "translation": [
      2.04335785,
      1.031438,
      -0.6748061
    ]
  },
  {
    "timeStamp": 78279,
    "rotation": [
      [
        0.8591252,
        -0.468189955,
        -0.206644744
      ],
      [
        0.481603026,
        0.6030744,
        0.6358929
      ],
      [
        -0.173096523,
        -0.64583236,
        0.7435981
      ]
    ],
    "translation": [
      2.03821588,
      1.03459811,
      -0.669476
    ]
  },
  {
    "timeStamp": 78331,
    "rotation": [
      [
        0.874181,
        -0.42575267,
        -0.233542815
      ],
      [
        0.46622625,
        0.601372,
        0.648833334
      ],
      [
        -0.135796413,
        -0.676081538,
        0.7242051
      ]
    ],
    "translation": [
      2.0267303,
      1.03944457,
      -0.661907
    ]
  },
  {
    "timeStamp": 78375,
    "rotation": [
      [
        0.8715704,
        -0.403593123,
        -0.278348029
      ],
      [
        0.480259478,
        0.588685453,
        0.650231
      ],
      [
        -0.09856934,
        -0.700401366,
        0.7069102
      ]
    ],
    "translation": [
      2.01609349,
      1.04214227,
      -0.6572764
    ]
  },
  {
    "timeStamp": 78429,
    "rotation": [
      [
        0.8748793,
        -0.376523018,
        -0.304658353
      ],
      [
        0.478887141,
        0.5783353,
        0.660450935
      ],
      [
        -0.07248032,
        -0.7237118,
        0.686285555
      ]
    ],
    "translation": [
      2.00552773,
      1.046282,
      -0.6525913
    ]
  },
  {
    "timeStamp": 78475,
    "rotation": [
      [
        0.8710988,
        -0.349555075,
        -0.344961017
      ],
      [
        0.48976624,
        0.5664439,
        0.6627747
      ],
      [
        -0.03627516,
        -0.7462925,
        0.6646289
      ]
    ],
    "translation": [
      1.99323857,
      1.04946649,
      -0.6494298
    ]
  },
  {
    "timeStamp": 78531,
    "rotation": [
      [
        0.877579033,
        -0.317953438,
        -0.35883233
      ],
      [
        0.479401,
        0.573450148,
        0.6643265
      ],
      [
        -0.005452459,
        -0.755023539,
        0.655675
      ]
    ],
    "translation": [
      1.982928,
      1.0505507,
      -0.6472503
    ]
  },
  {
    "timeStamp": 78575,
    "rotation": [
      [
        0.87474674,
        -0.301327348,
        -0.379499644
      ],
      [
        0.484298557,
        0.5703341,
        0.663456
      ],
      [
        0.0165241454,
        -0.7641471,
        0.6448303
      ]
    ],
    "translation": [
      1.97609389,
      1.05042684,
      -0.6465678
    ]
  },
  {
    "timeStamp": 78631,
    "rotation": [
      [
        0.869354844,
        -0.2870207,
        -0.402294934
      ],
      [
        0.4924764,
        0.5708647,
        0.656947851
      ],
      [
        0.04109832,
        -0.7692416,
        0.637634933
      ]
    ],
    "translation": [
      1.9710269,
      1.04908335,
      -0.6463998
    ]
  },
  {
    "timeStamp": 78675,
    "rotation": [
      [
        0.8643096,
        -0.279805273,
        -0.417944819
      ],
      [
        0.499825418,
        0.5704637,
        0.6517252
      ],
      [
        0.0560662039,
        -0.772191763,
        0.6329111
      ]
    ],
    "translation": [
      1.96876025,
      1.04764247,
      -0.646994
    ]
  },
  {
    "timeStamp": 78731,
    "rotation": [
      [
        0.8575683,
        -0.2712173,
        -0.437055767
      ],
      [
        0.509090662,
        0.5689641,
        0.6458378
      ],
      [
        0.0735067,
        -0.776351035,
        0.6259998
      ]
    ],
    "translation": [
      1.96829486,
      1.04678786,
      -0.647199
    ]
  },
  {
    "timeStamp": 78775,
    "rotation": [
      [
        0.860999048,
        -0.2643617,
        -0.434503824
      ],
      [
        0.5014881,
        0.5836948,
        0.6386001
      ],
      [
        0.08479622,
        -0.767732561,
        0.635134935
      ]
    ],
    "translation": [
      1.9695785,
      1.04370558,
      -0.647466362
    ]
  },
  {
    "timeStamp": 78831,
    "rotation": [
      [
        0.8529727,
        -0.266081184,
        -0.449041665
      ],
      [
        0.5134795,
        0.5821763,
        0.6304043
      ],
      [
        0.09368269,
        -0.7682913,
        0.633207738
      ]
    ],
    "translation": [
      1.9720875,
      1.04153275,
      -0.6473258
    ]
  },
  {
    "timeStamp": 78877,
    "rotation": [
      [
        0.8547446,
        -0.265884876,
        -0.445776731
      ],
      [
        0.509868741,
        0.5909128,
        0.625184655
      ],
      [
        0.09718803,
        -0.7616608,
        0.640646
      ]
    ],
    "translation": [
      1.97447586,
      1.03926361,
      -0.646853447
    ]
  },
  {
    "timeStamp": 78922,
    "rotation": [
      [
        0.8648199,
        -0.2690551,
        -0.423905551
      ],
      [
        0.49318552,
        0.6134619,
        0.616792142
      ],
      [
        0.09409883,
        -0.7424782,
        0.6632281
      ]
    ],
    "translation": [
      1.97918355,
      1.03564119,
      -0.6463355
    ]
  },
  {
    "timeStamp": 78979,
    "rotation": [
      [
        0.864773333,
        -0.298863083,
        -0.403544277
      ],
      [
        0.496553779,
        0.62869513,
        0.598478734
      ],
      [
        0.0748431161,
        -0.7179299,
        0.6920804
      ]
    ],
    "translation": [
      1.99130273,
      1.03165734,
      -0.6426968
    ]
  },
  {
    "timeStamp": 79024,
    "rotation": [
      [
        0.8699589,
        -0.3425682,
        -0.354709268
      ],
      [
        0.491650224,
        0.6581218,
        0.570224345
      ],
      [
        0.03810117,
        -0.670464635,
        0.7409626
      ]
    ],
    "translation": [
      2.01003337,
      1.02633619,
      -0.6381989
    ]
  },
  {
    "timeStamp": 79081,
    "rotation": [
      [
        0.8767606,
        -0.393614858,
        -0.276329875
      ],
      [
        0.480600148,
        0.6959151,
        0.533596933
      ],
      [
        -0.0177295413,
        -0.600640953,
        0.799322248
      ]
    ],
    "translation": [
      2.03727984,
      1.01820219,
      -0.631204844
    ]
  },
  {
    "timeStamp": 79124,
    "rotation": [
      [
        0.853469431,
        -0.4559231,
        -0.2524361
      ],
      [
        0.5197069,
        0.7086691,
        0.47717163
      ],
      [
        -0.0386598967,
        -0.538444161,
        0.841773868
      ]
    ],
    "translation": [
      2.06111431,
      1.0084101,
      -0.625742853
    ]
  },
  {
    "timeStamp": 79180,
    "rotation": [
      [
        0.85315007,
        -0.487103879,
        -0.186720937
      ],
      [
        0.515179455,
        0.7304545,
        0.4483597
      ],
      [
        -0.08200661,
        -0.4787129,
        0.8741332
      ]
    ],
    "translation": [
      2.08521652,
      0.9968753,
      -0.616820455
    ]
  },
  {
    "timeStamp": 79227,
    "rotation": [
      [
        0.8249431,
        -0.5396334,
        -0.168120563
      ],
      [
        0.555647254,
        0.7197732,
        0.416152179
      ],
      [
        -0.103560939,
        -0.4367176,
        0.8936178
      ]
    ],
    "translation": [
      2.10381031,
      0.98292017,
      -0.608294547
    ]
  },
  {
    "timeStamp": 79275,
    "rotation": [
      [
        0.832087338,
        -0.5449491,
        -0.103253245
      ],
      [
        0.538042247,
        0.747862637,
        0.38886
      ],
      [
        -0.134689674,
        -0.379120082,
        0.915492654
      ]
    ],
    "translation": [
      2.12020683,
      0.9640173,
      -0.6004673
    ]
  },
  {
    "timeStamp": 79331,
    "rotation": [
      [
        0.809752464,
        -0.577435255,
        -0.104256824
      ],
      [
        0.572915733,
        0.7396667,
        0.353073329
      ],
      [
        -0.126761675,
        -0.345632374,
        0.9297686
      ]
    ],
    "translation": [
      2.13003516,
      0.9454967,
      -0.5930508
    ]
  },
  {
    "timeStamp": 79375,
    "rotation": [
      [
        0.811363459,
        -0.5805273,
        -0.0683915243
      ],
      [
        0.567942441,
        0.75522393,
        0.32722804
      ],
      [
        -0.13831389,
        -0.3043433,
        0.942467153
      ]
    ],
    "translation": [
      2.13476419,
      0.930540562,
      -0.588772058
    ]
  },
  {
    "timeStamp": 79430,
    "rotation": [
      [
        0.7889658,
        -0.6095199,
        -0.0775782242
      ],
      [
        0.6038238,
        0.7457673,
        0.2814747
      ],
      [
        -0.113709144,
        -0.2689175,
        0.9564275
      ]
    ],
    "translation": [
      2.137174,
      0.9145848,
      -0.58649385
    ]
  },
  {
    "timeStamp": 79475,
    "rotation": [
      [
        0.79421854,
        -0.6044437,
        -0.0621660836
      ],
      [
        0.5988798,
        0.76136893,
        0.248314768
      ],
      [
        -0.102760978,
        -0.234446213,
        0.9666825
      ]
    ],
    "translation": [
      2.13717937,
      0.904610336,
      -0.58552134
    ]
  },
  {
    "timeStamp": 79530,
    "rotation": [
      [
        0.80507344,
        -0.590795934,
        -0.053075742
      ],
      [
        0.586576164,
        0.779614031,
        0.2193864
      ],
      [
        -0.088234,
        -0.207755134,
        0.9741933
      ]
    ],
    "translation": [
      2.13219714,
      0.8941047,
      -0.584172
    ]
  },
  {
    "timeStamp": 79575,
    "rotation": [
      [
        0.798594,
        -0.5991915,
        -0.05672067
      ],
      [
        0.595478535,
        0.772899032,
        0.21916309
      ],
      [
        -0.087481305,
        -0.208798274,
        0.9740381
      ]
    ],
    "translation": [
      2.13320374,
      0.893004954,
      -0.5807914
    ]
  },
  {
    "timeStamp": 79631,
    "rotation": [
      [
        0.806598365,
        -0.589189,
        -0.0474910922
      ],
      [
        0.5842734,
        0.7825305,
        0.215106145
      ],
      [
        -0.08957495,
        -0.201252043,
        0.9754353
      ]
    ],
    "translation": [
      2.13346171,
      0.8921238,
      -0.5774843
    ]
  },
  {
    "timeStamp": 79677,
    "rotation": [
      [
        0.814271569,
        -0.578545332,
        -0.0474043824
      ],
      [
        0.573569059,
        0.789316535,
        0.219084471
      ],
      [
        -0.08933323,
        -0.205583945,
        0.974553645
      ]
    ],
    "translation": [
      2.13326621,
      0.8929413,
      -0.5748042
    ]
  },
  {
    "timeStamp": 79722,
    "rotation": [
      [
        0.81003356,
        -0.584434569,
        -0.0477681458
      ],
      [
        0.5793862,
        0.785160244,
        0.218712255
      ],
      [
        -0.09031735,
        -0.204840466,
        0.9746195
      ]
    ],
    "translation": [
      2.13538456,
      0.892971456,
      -0.572755456
    ]
  },
  {
    "timeStamp": 79779,
    "rotation": [
      [
        0.8149177,
        -0.5778197,
        -0.04509477
      ],
      [
        0.5733656,
        0.7923802,
        0.208291873
      ],
      [
        -0.08462295,
        -0.195596516,
        0.9770266
      ]
    ],
    "translation": [
      2.13643575,
      0.8889067,
      -0.5717229
    ]
  },
  {
    "timeStamp": 79824,
    "rotation": [
      [
        0.8225501,
        -0.567798734,
        -0.03187284
      ],
      [
        0.561529636,
        0.802045763,
        0.203487083
      ],
      [
        -0.0899762362,
        -0.185275868,
        0.9785587
      ]
    ],
    "translation": [
      2.13698959,
      0.8851222,
      -0.5717346
    ]
  },
  {
    "timeStamp": 79880,
    "rotation": [
      [
        0.8243362,
        -0.565446854,
        -0.0271977447
      ],
      [
        0.5588812,
        0.805235445,
        0.198110014
      ],
      [
        -0.0901201,
        -0.178509548,
        0.97980237
      ]
    ],
    "translation": [
      2.13761973,
      0.880991042,
      -0.5718747
    ]
  }
]