[
  {
    "timeStamp": 35182,
    "rotation": [
      [
        0.9978488,
        0.0425659642,
        -0.0498585738
      ],
      [
        0.0509069152,
        -0.02390999,
        0.998417139
      ],
      [
        0.0413064659,
        -0.998807549,
        -0.0260254573
      ]
    ],
    "translation": [
      1.30602813,
      0.703569353,
      -0.349311948
    ]
  },
  {
    "timeStamp": 35238,
    "rotation": [
      [
        0.9990374,
        0.0341060236,
        -0.027586963
      ],
      [
        0.0291123278,
        -0.0450676121,
        0.998559654
      ],
      [
        0.03281362,
        -0.9984016,
        -0.0460171364
      ]
    ],
    "translation": [
      1.30687761,
      0.715609,
      -0.345604628
    ]
  },
  {
    "timeStamp": 35283,
    "rotation": [
      [
        0.9986927,
        0.04826317,
        0.01683837
      ],
      [
        -0.0140708257,
        -0.05711971,
        0.9982682
      ],
      [
        0.0491413847,
        -0.9972001,
        -0.056365937
      ]
    ],
    "translation": [
      1.30116189,
      0.7318787,
      -0.3487764
    ]
  },
  {
    "timeStamp": 35340,
    "rotation": [
      [
        0.9955157,
        0.07036217,
        0.06322655
      ],
      [
        -0.056224104,
        -0.09740226,
        0.9936557
      ],
      [
        0.0760742,
        -0.9927547,
        -0.09300944
      ]
    ],
    "translation": [
      1.29972112,
      0.7569952,
      -0.3528699
    ]
  },
  {
    "timeStamp": 35382,
    "rotation": [
      [
        0.989656568,
        0.07337326,
        0.123273268
      ],
      [
        -0.113817051,
        -0.12148048,
        0.986046731
      ],
      [
        0.08732477,
        -0.989878237,
        -0.111872815
      ]
    ],
    "translation": [
      1.30411422,
      0.7835664,
      -0.3621267
    ]
  },
  {
    "timeStamp": 35438,
    "rotation": [
      [
        0.973032653,
        0.09019749,
        0.212301373
      ],
      [
        -0.198603392,
        -0.140523523,
        0.969953537
      ],
      [
        0.117320687,
        -0.985960245,
        -0.118820459
      ]
    ],
    "translation": [
      1.31370354,
      0.8204187,
      -0.384515226
    ]
  },
  {
    "timeStamp": 35482,
    "rotation": [
      [
        0.95975703,
        0.09805611,
        0.263156772
      ],
      [
        -0.245887175,
        -0.159277752,
        0.9561224
      ],
      [
        0.1356687,
        -0.9823521,
        -0.1287572
      ]
    ],
    "translation": [
      1.33222282,
      0.8476184,
      -0.404788673
    ]
  },
  {
    "timeStamp": 35537,
    "rotation": [
      [
        0.9451357,
        0.117493831,
        0.3048174
      ],
      [
        -0.286859721,
        -0.147941872,
        0.946480155
      ],
      [
        0.156300843,
        -0.981992,
        -0.1061209
      ]
    ],
    "translation": [
      1.36411977,
      0.8679019,
      -0.4378586
    ]
  },
  {
    "timeStamp": 35582,
    "rotation": [
      [
        0.936270058,
        0.137176767,
        0.3233897
      ],
      [
        -0.303991646,
        -0.1449298,
        0.941586137
      ],
      [
        0.176032543,
        -0.9798867,
        -0.09399284
      ]
    ],
    "translation": [
      1.39626777,
      0.878849149,
      -0.467348248
    ]
  },
  {
    "timeStamp": 35638,
    "rotation": [
      [
        0.9308631,
        0.12531215,
        0.343206733
      ],
      [
        -0.330130935,
        -0.114008032,
        0.937024951
      ],
      [
        0.156548932,
        -0.9855451,
        -0.0647564456
      ]
    ],
    "translation": [
      1.44874287,
      0.8834676,
      -0.5002521
    ]
  },
  {
    "timeStamp": 35682,
    "rotation": [
      [
        0.93227607,
        0.1097289,
        0.344704062
      ],
      [
        -0.3370855,
        -0.08230112,
        0.937869847
      ],
      [
        0.131280974,
        -0.9905484,
        -0.0397393443
      ]
    ],
    "translation": [
      1.49612272,
      0.8811825,
      -0.5276434
    ]
  },
  {
    "timeStamp": 35738,
    "rotation": [
      [
        0.932724059,
        0.0494576432,
        0.357183129
      ],
      [
        -0.355672061,
        -0.0368697979,
        0.9338833
      ],
      [
        0.0593569353,
        -0.998095453,
        -0.0167986471
      ]
    ],
    "translation": [
      1.560856,
      0.877348244,
      -0.556793
    ]
  },
  {
    "timeStamp": 35782,
    "rotation": [
      [
        0.934962034,
        -0.0050058593,
        0.354712367
      ],
      [
        -0.35472104,
        -0.0009395938,
        0.9349717
      ],
      [
        -0.004347051,
        -0.999987,
        -0.00265416829
      ]
    ],
    "translation": [
      1.6134088,
      0.8722469,
      -0.578657568
    ]
  },
  {
    "timeStamp": 35838,
    "rotation": [
      [
        0.920914948,
        -0.08925185,
        0.379407138
      ],
      [
        -0.376512349,
        0.047954984,
        0.9251696
      ],
      [
        -0.100767568,
        -0.994854,
        0.0105580371
      ]
    ],
    "translation": [
      1.675442,
      0.871567369,
      -0.6035516
    ]
  },
  {
    "timeStamp": 35882,
    "rotation": [
      [
        0.9098887,
        -0.152741179,
        0.385710537
      ],
      [
        -0.38334316,
        0.0458646044,
        0.9224665
      ],
      [
        -0.15858908,
        -0.987201333,
        -0.0168205984
      ]
    ],
    "translation": [
      1.72305143,
      0.878310442,
      -0.6158929
    ]
  },
  {
    "timeStamp": 35937,
    "rotation": [
      [
        0.8868518,
        -0.2338464,
        0.3985094
      ],
      [
        -0.399155825,
        0.04669848,
        0.9156931
      ],
      [
        -0.232741311,
        -0.9711514,
        -0.051926516
      ]
    ],
    "translation": [
      1.78101659,
      0.88836664,
      -0.626923442
    ]
  },
  {
    "timeStamp": 35982,
    "rotation": [
      [
        0.8668689,
        -0.2971986,
        0.4002641
      ],
      [
        -0.409596324,
        0.03311179,
        0.911665738
      ],
      [
        -0.284199238,
        -0.9542414,
        -0.0930278748
      ]
    ],
    "translation": [
      1.82761967,
      0.899084568,
      -0.6301056
    ]
  },
  {
    "timeStamp": 36037,
    "rotation": [
      [
        0.831518531,
        -0.380834639,
        0.404403031
      ],
      [
        -0.4317206,
        0.015071813,
        0.901881456
      ],
      [
        -0.3495628,
        -0.924520254,
        -0.15188168
      ]
    ],
    "translation": [
      1.88686419,
      0.9136669,
      -0.6280398
    ]
  },
  {
    "timeStamp": 36081,
    "rotation": [
      [
        0.8098634,
        -0.438971072,
        0.389134526
      ],
      [
        -0.4388309,
        -0.0131352451,
        0.8984736
      ],
      [
        -0.389292538,
        -0.898405135,
        -0.203271836
      ]
    ],
    "translation": [
      1.93553925,
      0.9256398,
      -0.6233721
    ]
  },
  {
    "timeStamp": 36136,
    "rotation": [
      [
        0.7918081,
        -0.497094274,
        0.354876339
      ],
      [
        -0.438189656,
        -0.05758512,
        0.897036135
      ],
      [
        -0.425475925,
        -0.8657836,
        -0.263417929
      ]
    ],
    "translation": [
      1.994919,
      0.9392538,
      -0.614893556
    ]
  },
  {
    "timeStamp": 36181,
    "rotation": [
      [
        0.7862366,
        -0.5335604,
        0.311681628
      ],
      [
        -0.424514681,
        -0.09987229,
        0.899896
      ],
      [
        -0.449020535,
        -0.8398445,
        -0.305027485
      ]
    ],
    "translation": [
      2.04158926,
      0.94838655,
      -0.60728395
    ]
  },
  {
    "timeStamp": 36237,
    "rotation": [
      [
        0.7871606,
        -0.566999555,
        0.242671847
      ],
      [
        -0.390716821,
        -0.1540098,
        0.907535851
      ],
      [
        -0.4771986,
        -0.8091925,
        -0.342766732
      ]
    ],
    "translation": [
      2.0977087,
      0.95404464,
      -0.5970126
    ]
  },
  {
    "timeStamp": 36288,
    "rotation": [
      [
        0.7756729,
        -0.597392142,
        0.203603
      ],
      [
        -0.3659019,
        -0.162804663,
        0.9163026
      ],
      [
        -0.5142445,
        -0.7852498,
        -0.3448701
      ]
    ],
    "translation": [
      2.13885617,
      0.949635446,
      -0.590876639
    ]
  },
  {
    "timeStamp": 36332,
    "rotation": [
      [
        0.775141954,
        -0.6180384,
        0.131085858
      ],
      [
        -0.307493478,
        -0.187803656,
        0.9328331
      ],
      [
        -0.551908255,
        -0.7633861,
        -0.335617274
      ]
    ],
    "translation": [
      2.18603015,
      0.941406369,
      -0.5853671
    ]
  },
  {
    "timeStamp": 36388,
    "rotation": [
      [
        0.7682065,
        -0.6353966,
        0.07829402
      ],
      [
        -0.269842148,
        -0.210463285,
        0.9396225
      ],
      [
        -0.580554962,
        -0.7429511,
        -0.333136022
      ]
    ],
    "translation": [
      2.22398043,
      0.933064938,
      -0.579673469
    ]
  },
  {
    "timeStamp": 36432,
    "rotation": [
      [
        0.753522635,
        -0.653655946,
        0.070266895
      ],
      [
        -0.251500517,
        -0.187860921,
        0.949450254
      ],
      [
        -0.6074134,
        -0.7331044,
        -0.305952281
      ]
    ],
    "translation": [
      2.245393,
      0.9180448,
      -0.5765663
    ]
  },
  {
    "timeStamp": 36488,
    "rotation": [
      [
        0.771178365,
        -0.6344941,
        0.0519719943
      ],
      [
        -0.194693372,
        -0.1573315,
        0.968163848
      ],
      [
        -0.6061174,
        -0.756745636,
        -0.244862452
      ]
    ],
    "translation": [
      2.25768352,
      0.89335686,
      -0.573420346
    ]
  },
  {
    "timeStamp": 36532,
    "rotation": [
      [
        0.7530434,
        -0.65312475,
        0.07971085
      ],
      [
        -0.208500862,
        -0.121967219,
        0.9703872
      ],
      [
        -0.6240618,
        -0.747363448,
        -0.228023678
      ]
    ],
    "translation": [
      2.2645185,
      0.878049254,
      -0.569541454
    ]
  },
  {
    "timeStamp": 36588,
    "rotation": [
      [
        0.773560047,
        -0.6296325,
        0.07188726
      ],
      [
        -0.159252986,
        -0.08334269,
        0.9837136
      ],
      [
        -0.6133868,
        -0.7724098,
        -0.164741427
      ]
    ],
    "translation": [
      2.26238656,
      0.856206059,
      -0.5683577
    ]
  },
  {
    "timeStamp": 36632,
    "rotation": [
      [
        0.7842594,
        -0.6165587,
        0.06922954
      ],
      [
        -0.15079093,
        -0.08118026,
        0.9852268
      ],
      [
        -0.601830065,
        -0.7831125,
        -0.156637833
      ]
    ],
    "translation": [
      2.26104617,
      0.846965134,
      -0.56466496
    ]
  },
  {
    "timeStamp": 36688,
    "rotation": [
      [
        0.7917794,
        -0.6070244,
        0.0678738058
      ],
      [
        -0.135957211,
        -0.06681383,
        0.98845917
      ],
      [
        -0.5954839,
        -0.7918695,
        -0.135431141
      ]
    ],
    "translation": [
      2.25742936,
      0.835649669,
      -0.5610161
    ]
  },
  {
    "timeStamp": 36733,
    "rotation": [
      [
        0.8105437,
        -0.5842894,
        0.0403087661
      ],
      [
        -0.106767811,
        -0.07973911,
        0.991081357
      ],
      [
        -0.5758641,
        -0.8076185,
        -0.127015322
      ]
    ],
    "translation": [
      2.25551939,
      0.8333135,
      -0.558204532
    ]
  },
  {
    "timeStamp": 36790,
    "rotation": [
      [
        0.809908748,
        -0.58176,
        0.07485458
      ],
      [
        -0.145296544,
        -0.0753433555,
        0.9865152
      ],
      [
        -0.5682753,
        -0.809863448,
        -0.145548955
      ]
    ],
    "translation": [
      2.24399137,
      0.840000868,
      -0.550166965
    ]
  },
  {
    "timeStamp": 36835,
    "rotation": [
      [
        0.829794049,
        -0.5515321,
        0.08517149
      ],
      [
        -0.162559718,
        -0.0928787962,
        0.9823176
      ],
      [
        -0.5338691,
        -0.828966737,
        -0.16672717
      ]
    ],
    "translation": [
      2.22900534,
      0.8486474,
      -0.540345252
    ]
  },
  {
    "timeStamp": 36881,
    "rotation": [
      [
        0.850571454,
        -0.5163925,
        0.09933288
      ],
      [
        -0.1706525,
        -0.09238615,
        0.9809906
      ],
      [
        -0.497399241,
        -0.851354,
        -0.166704684
      ]
    ],
    "translation": [
      2.20958853,
      0.852763355,
      -0.529821
    ]
  },
  {
    "timeStamp": 36937,
    "rotation": [
      [
        0.879825,
        -0.4615006,
        0.113689072
      ],
      [
        -0.169252247,
        -0.0806926,
        0.9822639
      ],
      [
        -0.444141537,
        -0.8834625,
        -0.149105385
      ]
    ],
    "translation": [
      2.18285728,
      0.8520105,
      -0.5169283
    ]
  },
  {
    "timeStamp": 36981,
    "rotation": [
      [
        0.899911165,
        -0.423104167,
        0.105559163
      ],
      [
        -0.157730371,
        -0.0901450738,
        0.983359039
      ],
      [
        -0.406547666,
        -0.901585639,
        -0.147858933
      ]
    ],
    "translation": [
      2.16648912,
      0.851934552,
      -0.5047804
    ]
  },
  {
    "timeStamp": 37037,
    "rotation": [
      [
        0.917576849,
        -0.3853056,
        0.09794043
      ],
      [
        -0.1399365,
        -0.0824343562,
        0.986723065
      ],
      [
        -0.3721163,
        -0.9190996,
        -0.129558176
      ]
    ],
    "translation": [
      2.14933634,
      0.844013155,
      -0.491439462
    ]
  },
  {
    "timeStamp": 37081,
    "rotation": [
      [
        0.9284822,
        -0.3615946,
        0.08467695
      ],
      [
        -0.11593359,
        -0.0655981153,
        0.99108845
      ],
      [
        -0.3528176,
        -0.930024862,
        -0.102827646
      ]
    ],
    "translation": [
      2.1397028,
      0.8336021,
      -0.484008372
    ]
  },
  {
    "timeStamp": 37137,
    "rotation": [
      [
        0.937040567,
        -0.342067033,
        0.07032195
      ],
      [
        -0.0989392847,
        -0.0669215,
        0.992840648
      ],
      [
        -0.334912,
        -0.937289536,
        -0.09655203
      ]
    ],
    "translation": [
      2.12972283,
      0.824583948,
      -0.47643894
    ]
  },
  {
    "timeStamp": 37181,
    "rotation": [
      [
        0.9461357,
        -0.320241123,
        0.04767469
      ],
      [
        -0.0737120956,
        -0.06967509,
        0.994842649
      ],
      [
        -0.315267771,
        -0.9447704,
        -0.0895277262
      ]
    ],
    "translation": [
      2.124536,
      0.821328044,
      -0.4713416
    ]
  },
  {
    "timeStamp": 37237,
    "rotation": [
      [
        0.9492426,
        -0.312043756,
        0.0395871066
      ],
      [
        -0.064577274,
        -0.07015934,
        0.995443344
      ],
      [
        -0.3078445,
        -0.947473645,
        -0.08674917
      ]
    ],
    "translation": [
      2.12062645,
      0.819684863,
      -0.465171158
    ]
  },
  {
    "timeStamp": 37281,
    "rotation": [
      [
        0.952869654,
        -0.302513182,
        0.0229196884
      ],
      [
        -0.0479380861,
        -0.0755370855,
        0.99599
      ],
      [
        -0.2995688,
        -0.950147331,
        -0.0864789
      ]
    ],
    "translation": [
      2.11962986,
      0.8188501,
      -0.461298436
    ]
  },
  {
    "timeStamp": 37337,
    "rotation": [
      [
        0.95572567,
        -0.2941531,
        0.00789786
      ],
      [
        -0.03246407,
        -0.0787262544,
        0.9963675
      ],
      [
        -0.292462826,
        -0.9525104,
        -0.08479011
      ]
    ],
    "translation": [
      2.1188457,
      0.8173995,
      -0.456742972
    ]
  },
  {
    "timeStamp": 37381,
    "rotation": [
      [
        0.9556969,
        -0.294240147,
        0.008136603
      ],
      [
        -0.03196079,
        -0.07625092,
        0.9965763
      ],
      [
        -0.292612344,
        -0.952684939,
        -0.08227691
      ]
    ],
    "translation": [
      2.117878,
      0.816669643,
      -0.4538194
    ]
  },
  {
    "timeStamp": 37437,
    "rotation": [
      [
        0.956509531,
        -0.291669935,
        -0.004262484
      ],
      [
        -0.0184346,
        -0.07502527,
        0.997011244
      ],
      [
        -0.291118,
        -0.953572154,
        -0.0771392062
      ]
    ],
    "translation": [
      2.11895418,
      0.8138456,
      -0.451576561
    ]
  },
  {
    "timeStamp": 37481,
    "rotation": [
      [
        0.9555559,
        -0.294747055,
        -0.00608514575
      ],
      [
        -0.0141689423,
        -0.06653253,
        0.997683644
      ],
      [
        -0.294469178,
        -0.9532563,
        -0.06775181
      ]
    ],
    "translation": [
      2.11976624,
      0.81153363,
      -0.450584
    ]
  },
  {
    "timeStamp": 37537,
    "rotation": [
      [
        0.9552549,
        -0.295472443,
        -0.013568284
      ],
      [
        -0.003927219,
        -0.0585381351,
        0.9982774
      ],
      [
        -0.295757741,
        -0.9535561,
        -0.0570792258
      ]
    ],
    "translation": [
      2.12093687,
      0.807098866,
      -0.4497041
    ]
  },
  {
    "timeStamp": 37581,
    "rotation": [
      [
        0.9520583,
        -0.3050984,
        -0.0223579779
      ],
      [
        0.00342369964,
        -0.0624540746,
        0.998042
      ],
      [
        -0.305897355,
        -0.9502707,
        -0.058415357
      ]
    ],
    "translation": [
      2.12467551,
      0.8066242,
      -0.4483397
    ]
  }
]