[
  {
    "timeStamp": 63747,
    "rotation": [
      [
        0.9070352,
        0.419753015,
        0.033086013
      ],
      [
        -0.04631818,
        0.021367982,
        0.9986982
      ],
      [
        0.4184996,
        -0.907386839,
        0.0388237052
      ]
    ],
    "translation": [
      1.78268,
      0.696609139,
      -0.398547351
    ]
  },
  {
    "timeStamp": 63792,
    "rotation": [
      [
        0.8800199,
        0.472031474,
        -0.0524526462
      ],
      [
        -0.09258224,
        0.278820664,
        0.955870032
      ],
      [
        0.465825647,
        -0.8363285,
        0.289069474
      ]
    ],
    "translation": [
      1.77841413,
      0.698393,
      -0.401195377
    ]
  },
  {
    "timeStamp": 63847,
    "rotation": [
      [
        0.917791665,
        0.374275357,
        0.132576481
      ],
      [
        0.011842655,
        -0.359547555,
        0.9330516
      ],
      [
        0.396885782,
        -0.8547769,
        -0.334422141
      ]
    ],
    "translation": [
      1.7788738,
      0.7045596,
      -0.404625952
    ]
  },
  {
    "timeStamp": 63891,
    "rotation": [
      [
        0.915958345,
        0.372753024,
        0.148578435
      ],
      [
        -0.105811045,
        -0.132801965,
        0.9854784
      ],
      [
        0.38707155,
        -0.918378353,
        -0.08219968
      ]
    ],
    "translation": [
      1.77894938,
      0.7149708,
      -0.421634
    ]
  },
  {
    "timeStamp": 63947,
    "rotation": [
      [
        0.912938,
        0.32905975,
        0.241379336
      ],
      [
        -0.1546975,
        -0.268288732,
        0.95083636
      ],
      [
        0.37764138,
        -0.9053954,
        -0.194026262
      ]
    ],
    "translation": [
      1.77769685,
      0.7661062,
      -0.4336293
    ]
  },
  {
    "timeStamp": 63991,
    "rotation": [
      [
        0.906806052,
        0.311968356,
        0.283510923
      ],
      [
        -0.1642971,
        -0.357809722,
        0.9192272
      ],
      [
        0.3882128,
        -0.880140841,
        -0.273208559
      ]
    ],
    "translation": [
      1.78607011,
      0.8084413,
      -0.454306841
    ]
  },
  {
    "timeStamp": 64047,
    "rotation": [
      [
        0.8961727,
        0.27946806,
        0.3446333
      ],
      [
        -0.201333925,
        -0.436027646,
        0.8771229
      ],
      [
        0.395397484,
        -0.855439961,
        -0.3344897
      ]
    ],
    "translation": [
      1.80389321,
      0.858475149,
      -0.4891865
    ]
  },
  {
    "timeStamp": 64091,
    "rotation": [
      [
        0.8967046,
        0.267711282,
        0.352493256
      ],
      [
        -0.191737458,
        -0.482835442,
        0.8544628
      ],
      [
        0.39894557,
        -0.8337869,
        -0.3816305
      ]
    ],
    "translation": [
      1.82637239,
      0.892179,
      -0.518849254
    ]
  },
  {
    "timeStamp": 64147,
    "rotation": [
      [
        0.909763753,
        0.212840945,
        0.356410772
      ],
      [
        -0.204784036,
        -0.5167222,
        0.8313012
      ],
      [
        0.3611003,
        -0.829274952,
        -0.426508665
      ]
    ],
    "translation": [
      1.86643672,
      0.926907063,
      -0.551087856
    ]
  },
  {
    "timeStamp": 64191,
    "rotation": [
      [
        0.9309784,
        0.168067217,
        0.324087441
      ],
      [
        -0.1900244,
        -0.534909368,
        0.8232634
      ],
      [
        0.311721027,
        -0.828025,
        -0.4660522
      ]
    ],
    "translation": [
      1.90748358,
      0.946756,
      -0.572868466
    ]
  },
  {
    "timeStamp": 64247,
    "rotation": [
      [
        0.955355167,
        0.06817773,
        0.2874861
      ],
      [
        -0.2081882,
        -0.5350965,
        0.818736434
      ],
      [
        0.209652409,
        -0.8420353,
        -0.49701345
      ]
    ],
    "translation": [
      1.96660924,
      0.96025,
      -0.5951015
    ]
  },
  {
    "timeStamp": 64295,
    "rotation": [
      [
        0.968615234,
        0.00603290461,
        0.2484916
      ],
      [
        -0.210922062,
        -0.508995,
        0.834527433
      ],
      [
        0.131515577,
        -0.860748351,
        -0.491747856
      ]
    ],
    "translation": [
      2.01196575,
      0.956742346,
      -0.611193061
    ]
  },
  {
    "timeStamp": 64342,
    "rotation": [
      [
        0.9852264,
        -0.04153439,
        0.166144192
      ],
      [
        -0.165201843,
        -0.4861892,
        0.8580958
      ],
      [
        0.045137018,
        -0.872866,
        -0.485867977
      ]
    ],
    "translation": [
      2.06515241,
      0.9444375,
      -0.62976867
    ]
  },
  {
    "timeStamp": 64397,
    "rotation": [
      [
        0.984600842,
        -0.132673427,
        0.113837056
      ],
      [
        -0.161274165,
        -0.438043445,
        0.884369
      ],
      [
        -0.06746669,
        -0.8891095,
        -0.452694774
      ]
    ],
    "translation": [
      2.11547685,
      0.9227189,
      -0.6453786
    ]
  },
  {
    "timeStamp": 64441,
    "rotation": [
      [
        0.977871954,
        -0.194988787,
        0.07580125
      ],
      [
        -0.150067791,
        -0.4013396,
        0.903552
      ],
      [
        -0.145760462,
        -0.8949335,
        -0.421720266
      ]
    ],
    "translation": [
      2.14884758,
      0.905423462,
      -0.6565252
    ]
  },
  {
    "timeStamp": 64497,
    "rotation": [
      [
        0.9760618,
        -0.212350845,
        0.047014948
      ],
      [
        -0.122137792,
        -0.356304765,
        0.9263527
      ],
      [
        -0.179960117,
        -0.9099198,
        -0.373711556
      ]
    ],
    "translation": [
      2.17439914,
      0.882492542,
      -0.668629169
    ]
  },
  {
    "timeStamp": 64541,
    "rotation": [
      [
        0.985517859,
        -0.168562844,
        0.0184680633
      ],
      [
        -0.07367314,
        -0.3275334,
        0.9419629
      ],
      [
        -0.152731031,
        -0.9296819,
        -0.335208565
      ]
    ],
    "translation": [
      2.18168783,
      0.864771247,
      -0.675637841
    ]
  },
  {
    "timeStamp": 64597,
    "rotation": [
      [
        0.9925954,
        -0.121284731,
        -0.00667171832
      ],
      [
        -0.0298657734,
        -0.296923965,
        0.954434
      ],
      [
        -0.11773926,
        -0.947167456,
        -0.2983476
      ]
    ],
    "translation": [
      2.187852,
      0.844427466,
      -0.6828565
    ]
  },
  {
    "timeStamp": 64641,
    "rotation": [
      [
        0.9938989,
        -0.110160433,
        -0.005435651
      ],
      [
        -0.0254917648,
        -0.2773841,
        0.960420847
      ],
      [
        -0.107308134,
        -0.9544227,
        -0.278499931
      ]
    ],
    "translation": [
      2.19402146,
      0.8309305,
      -0.6888175
    ]
  },
  {
    "timeStamp": 64697,
    "rotation": [
      [
        0.9978968,
        -0.06407185,
        -0.009841161
      ],
      [
        -0.006988083,
        -0.25725913,
        0.9663172
      ],
      [
        -0.06444546,
        -0.964216,
        -0.2571658
      ]
    ],
    "translation": [
      2.19846559,
      0.8157046,
      -0.6941043
    ]
  },
  {
    "timeStamp": 64743,
    "rotation": [
      [
        0.999367,
        -0.0355604663,
        -0.001049533
      ],
      [
        -0.00768279564,
        -0.244529173,
        0.9696115
      ],
      [
        -0.03473648,
        -0.9689897,
        -0.244647592
      ]
    ],
    "translation": [
      2.20054483,
      0.805354238,
      -0.6973945
    ]
  },
  {
    "timeStamp": 64800,
    "rotation": [
      [
        0.998901546,
        0.0455997735,
        0.0107867643
      ],
      [
        0.0005832265,
        -0.2422812,
        0.9702059
      ],
      [
        0.0468546,
        -0.969133854,
        -0.242041662
      ]
    ],
    "translation": [
      2.19670081,
      0.7941016,
      -0.7002045
    ]
  },
  {
    "timeStamp": 64845,
    "rotation": [
      [
        0.9901445,
        0.138268963,
        -0.0222614463
      ],
      [
        0.05398758,
        -0.230168238,
        0.97165215
      ],
      [
        0.129225448,
        -0.9632779,
        -0.235364631
      ]
    ],
    "translation": [
      2.19562268,
      0.7861116,
      -0.7030103
    ]
  },
  {
    "timeStamp": 64891,
    "rotation": [
      [
        0.9769084,
        0.212043285,
        -0.0262238588
      ],
      [
        0.07580833,
        -0.229244873,
        0.970412254
      ],
      [
        0.199757725,
        -0.9499918,
        -0.240025878
      ]
    ],
    "translation": [
      2.19424462,
      0.7823888,
      -0.704217553
    ]
  },
  {
    "timeStamp": 64946,
    "rotation": [
      [
        0.944928646,
        0.321621239,
        -0.0605777279
      ],
      [
        0.132883772,
        -0.207886577,
        0.9690847
      ],
      [
        0.299084932,
        -0.923765659,
        -0.239176229
      ]
    ],
    "translation": [
      2.19584727,
      0.7779854,
      -0.7068455
    ]
  },
  {
    "timeStamp": 64991,
    "rotation": [
      [
        0.917006433,
        0.389103621,
        -0.08773573
      ],
      [
        0.173137859,
        -0.190137938,
        0.9663699
      ],
      [
        0.359336168,
        -0.90135777,
        -0.241726279
      ]
    ],
    "translation": [
      2.19973135,
      0.7755177,
      -0.7077327
    ]
  },
  {
    "timeStamp": 65046,
    "rotation": [
      [
        0.8932699,
        0.441084921,
        -0.08667679
      ],
      [
        0.177627221,
        -0.169221759,
        0.9694393
      ],
      [
        0.4129375,
        -0.881367147,
        -0.2295094
      ]
    ],
    "translation": [
      2.20330524,
      0.7704467,
      -0.7091444
    ]
  },
  {
    "timeStamp": 65091,
    "rotation": [
      [
        0.8691192,
        0.483945,
        -0.102122769
      ],
      [
        0.193630755,
        -0.142923281,
        0.9706081
      ],
      [
        0.455125272,
        -0.863348246,
        -0.217924
      ]
    ],
    "translation": [
      2.207052,
      0.764371,
      -0.7108942
    ]
  },
  {
    "timeStamp": 65146,
    "rotation": [
      [
        0.8464742,
        0.5232452,
        -0.09846783
      ],
      [
        0.187718,
        -0.1202273,
        0.974837065
      ],
      [
        0.4982403,
        -0.843658566,
        -0.199991852
      ]
    ],
    "translation": [
      2.20881581,
      0.7583033,
      -0.712862432
    ]
  },
  {
    "timeStamp": 65191,
    "rotation": [
      [
        0.820483565,
        0.560219646,
        -0.113845035
      ],
      [
        0.197526574,
        -0.0909403339,
        0.9760702
      ],
      [
        0.5364606,
        -0.823337,
        -0.1852733
      ]
    ],
    "translation": [
      2.20980525,
      0.7524347,
      -0.715679944
    ]
  },
  {
    "timeStamp": 65246,
    "rotation": [
      [
        0.787174463,
        0.607833,
        -0.104380809
      ],
      [
        0.185196608,
        -0.07153111,
        0.9800947
      ],
      [
        0.588267446,
        -0.790836453,
        -0.1688761
      ]
    ],
    "translation": [
      2.20740414,
      0.7469123,
      -0.7194987
    ]
  },
  {
    "timeStamp": 65290,
    "rotation": [
      [
        0.7591733,
        0.642636,
        -0.103319727
      ],
      [
        0.181142583,
        -0.0561340675,
        0.981853545
      ],
      [
        0.6251747,
        -0.7641126,
        -0.159024224
      ]
    ],
    "translation": [
      2.20517683,
      0.7428658,
      -0.7222311
    ]
  },
  {
    "timeStamp": 65346,
    "rotation": [
      [
        0.729895234,
        0.673642337,
        -0.116013087
      ],
      [
        0.1946549,
        -0.0421422273,
        0.979966044
      ],
      [
        0.6552575,
        -0.7378551,
        -0.161887184
      ]
    ],
    "translation": [
      2.205904,
      0.738389552,
      -0.722241163
    ]
  },
  {
    "timeStamp": 65391,
    "rotation": [
      [
        0.717572331,
        0.687614,
        -0.11080116
      ],
      [
        0.186351478,
        -0.0362624452,
        0.9818137
      ],
      [
        0.671091,
        -0.725170255,
        -0.154158831
      ]
    ],
    "translation": [
      2.20611286,
      0.734579861,
      -0.7219349
    ]
  },
  {
    "timeStamp": 65446,
    "rotation": [
      [
        0.6919509,
        0.7111069,
        -0.124623276
      ],
      [
        0.196558535,
        -0.019463731,
        0.9802989
      ],
      [
        0.694671631,
        -0.70281446,
        -0.153242067
      ]
    ],
    "translation": [
      2.20720482,
      0.7287763,
      -0.721915245
    ]
  },
  {
    "timeStamp": 65491,
    "rotation": [
      [
        0.682215035,
        0.7207631,
        -0.122813471
      ],
      [
        0.193958148,
        -0.016450474,
        0.980871856
      ],
      [
        0.7049559,
        -0.69298625,
        -0.151020631
      ]
    ],
    "translation": [
      2.20660329,
      0.725881159,
      -0.7210914
    ]
  },
  {
    "timeStamp": 65546,
    "rotation": [
      [
        0.6655988,
        0.735072553,
        -0.129021421
      ],
      [
        0.194272965,
        -0.00373504241,
        0.9809404
      ],
      [
        0.720580459,
        -0.677978158,
        -0.145290762
      ]
    ],
    "translation": [
      2.20620275,
      0.72195,
      -0.7215736
    ]
  },
  {
    "timeStamp": 65591,
    "rotation": [
      [
        0.65439564,
        0.7434425,
        -0.138056785
      ],
      [
        0.201692179,
        0.004347022,
        0.9794393
      ],
      [
        0.7287569,
        -0.6687858,
        -0.147101849
      ]
    ],
    "translation": [
      2.20638,
      0.719092,
      -0.721152246
    ]
  },
  {
    "timeStamp": 65646,
    "rotation": [
      [
        0.653146148,
        0.744329333,
        -0.139190614
      ],
      [
        0.1993375,
        0.008323948,
        0.979895532
      ],
      [
        0.7305236,
        -0.6677609,
        -0.142935991
      ]
    ],
    "translation": [
      2.206967,
      0.7164657,
      -0.720244765
    ]
  }
]