[
  {
    "timeStamp": 43090,
    "rotation": [
      [
        0.5950102,
        0.775158763,
        0.212348253
      ],
      [
        -0.247672692,
        0.4281918,
        -0.8690857
      ],
      [
        -0.7646052,
        0.464522,
        0.446764141
      ]
    ],
    "translation": [
      1.63839114,
      0.775450945,
      -0.527975857
    ]
  },
  {
    "timeStamp": 43145,
    "rotation": [
      [
        0.5844191,
        0.784243643,
        0.208365723
      ],
      [
        -0.2659169,
        0.4276973,
        -0.863923132
      ],
      [
        -0.7666437,
        0.449485183,
        0.45849812
      ]
    ],
    "translation": [
      1.63970029,
      0.776639163,
      -0.5295105
    ]
  },
  {
    "timeStamp": 43190,
    "rotation": [
      [
        0.5530026,
        0.814472258,
        0.175564855
      ],
      [
        -0.3104407,
        0.396964729,
        -0.8637393
      ],
      [
        -0.7731848,
        0.4231476,
        0.472367883
      ]
    ],
    "translation": [
      1.643153,
      0.791183352,
      -0.5312481
    ]
  },
  {
    "timeStamp": 43245,
    "rotation": [
      [
        0.527046,
        0.841608942,
        0.117970228
      ],
      [
        -0.380073369,
        0.357588083,
        -0.8530387
      ],
      [
        -0.7601098,
        0.404753327,
        0.5083385
      ]
    ],
    "translation": [
      1.652642,
      0.8201367,
      -0.540748
    ]
  },
  {
    "timeStamp": 43290,
    "rotation": [
      [
        0.480985135,
        0.8734842,
        0.07535692
      ],
      [
        -0.433624834,
        0.3117153,
        -0.8454603
      ],
      [
        -0.7619861,
        0.373977184,
        0.528694868
      ]
    ],
    "translation": [
      1.66706407,
      0.8470912,
      -0.55084157
    ]
  },
  {
    "timeStamp": 43345,
    "rotation": [
      [
        0.433429062,
        0.900525868,
        0.0345325321
      ],
      [
        -0.485219538,
        0.265486866,
        -0.8331139
      ],
      [
        -0.759408534,
        0.344339937,
        0.5520224
      ]
    ],
    "translation": [
      1.69526243,
      0.879676461,
      -0.5707203
    ]
  },
  {
    "timeStamp": 43390,
    "rotation": [
      [
        0.4022893,
        0.9153927,
        0.0148146143
      ],
      [
        -0.516393065,
        0.240242735,
        -0.821962059
      ],
      [
        -0.755977154,
        0.323016375,
        0.5693495
      ]
    ],
    "translation": [
      1.72183025,
      0.9026137,
      -0.5895293
    ]
  },
  {
    "timeStamp": 43445,
    "rotation": [
      [
        0.368599921,
        0.9294097,
        0.0182124954
      ],
      [
        -0.537587,
        0.229106411,
        -0.8114866
      ],
      [
        -0.7583761,
        0.2893231,
        0.584087133
      ]
    ],
    "translation": [
      1.7615999,
      0.9245204,
      -0.61497426
    ]
  },
  {
    "timeStamp": 43490,
    "rotation": [
      [
        0.3460141,
        0.9368408,
        0.05102548
      ],
      [
        -0.5490589,
        0.246290192,
        -0.798671067
      ],
      [
        -0.7607947,
        0.248335466,
        0.5996007
      ]
    ],
    "translation": [
      1.79835415,
      0.9381882,
      -0.6334125
    ]
  },
  {
    "timeStamp": 43545,
    "rotation": [
      [
        0.2964534,
        0.949679,
        0.101119131
      ],
      [
        -0.5451421,
        0.255200535,
        -0.7985567
      ],
      [
        -0.7841782,
        0.18161054,
        0.593365133
      ]
    ],
    "translation": [
      1.84954751,
      0.9497405,
      -0.654925346
    ]
  },
  {
    "timeStamp": 43590,
    "rotation": [
      [
        0.25120005,
        0.955141366,
        0.15685527
      ],
      [
        -0.545699358,
        0.273591518,
        -0.7920605
      ],
      [
        -0.799444,
        0.113369808,
        0.58994627
      ]
    ],
    "translation": [
      1.89401162,
      0.957861543,
      -0.668773353
    ]
  },
  {
    "timeStamp": 43645,
    "rotation": [
      [
        0.183186352,
        0.954614,
        0.2348508
      ],
      [
        -0.5401775,
        0.2973397,
        -0.7872721
      ],
      [
        -0.821371436,
        0.01735638,
        0.5701296
      ]
    ],
    "translation": [
      1.95032084,
      0.96501106,
      -0.682882249
    ]
  },
  {
    "timeStamp": 43690,
    "rotation": [
      [
        0.142974526,
        0.9409515,
        0.3068689
      ],
      [
        -0.5367712,
        0.33421424,
        -0.774711251
      ],
      [
        -0.8315257,
        -0.05395442,
        0.5528598
      ]
    ],
    "translation": [
      1.99519718,
      0.9682758,
      -0.6915063
    ]
  },
  {
    "timeStamp": 43754,
    "rotation": [
      [
        0.0913597941,
        0.917270243,
        0.387645066
      ],
      [
        -0.5293608,
        0.374451131,
        -0.761290669
      ],
      [
        -0.8434634,
        -0.135652751,
        0.519776642
      ]
    ],
    "translation": [
      2.04794526,
      0.968824446,
      -0.698234439
    ]
  },
  {
    "timeStamp": 43797,
    "rotation": [
      [
        0.04637923,
        0.882575,
        0.4678786
      ],
      [
        -0.5284131,
        0.419161141,
        -0.73829776
      ],
      [
        -0.847719669,
        -0.212991491,
        0.485804558
      ]
    ],
    "translation": [
      2.096577,
      0.9659701,
      -0.6999401
    ]
  },
  {
    "timeStamp": 43840,
    "rotation": [
      [
        0.0433016233,
        0.841409862,
        0.538659751
      ],
      [
        -0.525747836,
        0.477662683,
        -0.7038661
      ],
      [
        -0.849537551,
        -0.252720684,
        0.463053018
      ]
    ],
    "translation": [
      2.13431835,
      0.959867954,
      -0.6970101
    ]
  },
  {
    "timeStamp": 43895,
    "rotation": [
      [
        0.0533097163,
        0.7838192,
        0.61869663
      ],
      [
        -0.521244943,
        0.550313234,
        -0.6522722
      ],
      [
        -0.8517405,
        -0.287720084,
        0.437898844
      ]
    ],
    "translation": [
      2.17211747,
      0.9488377,
      -0.6880863
    ]
  },
  {
    "timeStamp": 43940,
    "rotation": [
      [
        0.068422474,
        0.7524537,
        0.65508157
      ],
      [
        -0.5102895,
        0.59062326,
        -0.6251151
      ],
      [
        -0.857276559,
        -0.291509271,
        0.4243811
      ]
    ],
    "translation": [
      2.19774032,
      0.9398694,
      -0.6784222
    ]
  },
  {
    "timeStamp": 43995,
    "rotation": [
      [
        0.11040628,
        0.7084055,
        0.697117
      ],
      [
        -0.5004922,
        0.6456093,
        -0.576798141
      ],
      [
        -0.8586722,
        -0.285219461,
        0.425830781
      ]
    ],
    "translation": [
      2.219026,
      0.928949237,
      -0.6640479
    ]
  },
  {
    "timeStamp": 44040,
    "rotation": [
      [
        0.139373288,
        0.6991096,
        0.701299369
      ],
      [
        -0.480903745,
        0.6668742,
        -0.5692191
      ],
      [
        -0.865625,
        -0.257923543,
        0.429148883
      ]
    ],
    "translation": [
      2.2298224,
      0.9182885,
      -0.652931333
    ]
  },
  {
    "timeStamp": 44095,
    "rotation": [
      [
        0.144268066,
        0.7063282,
        0.693027556
      ],
      [
        -0.480366617,
        0.6622869,
        -0.5749992
      ],
      [
        -0.8651212,
        -0.24995327,
        0.4348433
      ]
    ],
    "translation": [
      2.23897839,
      0.9084833,
      -0.6404787
    ]
  },
  {
    "timeStamp": 44140,
    "rotation": [
      [
        0.165868789,
        0.7014956,
        0.693102837
      ],
      [
        -0.478663623,
        0.671762466,
        -0.5653462
      ],
      [
        -0.862188339,
        -0.237989843,
        0.447204828
      ]
    ],
    "translation": [
      2.24313641,
      0.900893748,
      -0.6325558
    ]
  },
  {
    "timeStamp": 44195,
    "rotation": [
      [
        0.186911553,
        0.7029948,
        0.686194062
      ],
      [
        -0.457709581,
        0.680374146,
        -0.5723574
      ],
      [
        -0.869232953,
        -0.207097381,
        0.448937267
      ]
    ],
    "translation": [
      2.24465561,
      0.8882128,
      -0.624742746
    ]
  },
  {
    "timeStamp": 44241,
    "rotation": [
      [
        0.211417139,
        0.6962888,
        0.685918868
      ],
      [
        -0.44255957,
        0.6939155,
        -0.5679985
      ],
      [
        -0.871460736,
        -0.183475345,
        0.454854935
      ]
    ],
    "translation": [
      2.24504614,
      0.8793904,
      -0.6198583
    ]
  },
  {
    "timeStamp": 44298,
    "rotation": [
      [
        0.238563955,
        0.689759135,
        0.6836079
      ],
      [
        -0.443242252,
        0.7036718,
        -0.5553219
      ],
      [
        -0.8640739,
        -0.170524091,
        0.4736011
      ]
    ],
    "translation": [
      2.2440815,
      0.8724986,
      -0.614421666
    ]
  },
  {
    "timeStamp": 44344,
    "rotation": [
      [
        0.263892978,
        0.6779869,
        0.6860716
      ],
      [
        -0.4374225,
        0.71805805,
        -0.541344762
      ],
      [
        -0.8596639,
        -0.157246083,
        0.486057222
      ]
    ],
    "translation": [
      2.243801,
      0.8674396,
      -0.6106484
    ]
  },
  {
    "timeStamp": 44400,
    "rotation": [
      [
        0.2753385,
        0.6699253,
        0.6894845
      ],
      [
        -0.445857555,
        0.7243953,
        -0.525797069
      ],
      [
        -0.851704061,
        -0.162639692,
        0.498145133
      ]
    ],
    "translation": [
      2.24466181,
      0.8654707,
      -0.605842
    ]
  },
  {
    "timeStamp": 44445,
    "rotation": [
      [
        0.279099345,
        0.670112669,
        0.6877882
      ],
      [
        -0.45506373,
        0.7230161,
        -0.5197737
      ],
      [
        -0.845588863,
        -0.16791895,
        0.5067373
      ]
    ],
    "translation": [
      2.24492669,
      0.864155352,
      -0.60239476
    ]
  },
  {
    "timeStamp": 44500,
    "rotation": [
      [
        0.295039773,
        0.6605685,
        0.6903628
      ],
      [
        -0.440278023,
        0.735237658,
        -0.515345335
      ],
      [
        -0.848001659,
        -0.15190424,
        0.507758141
      ]
    ],
    "translation": [
      2.245118,
      0.858692,
      -0.5982092
    ]
  },
  {
    "timeStamp": 44545,
    "rotation": [
      [
        0.3007761,
        0.6561116,
        0.6921354
      ],
      [
        -0.433846056,
        0.7404313,
        -0.5133606
      ],
      [
        -0.849300563,
        -0.145873591,
        0.507355452
      ]
    ],
    "translation": [
      2.24519944,
      0.85509795,
      -0.595886767
    ]
  },
  {
    "timeStamp": 44600,
    "rotation": [
      [
        0.303504884,
        0.652074754,
        0.6947542
      ],
      [
        -0.4222339,
        0.7456897,
        -0.5154274
      ],
      [
        -0.854168236,
        -0.136914045,
        0.5016485
      ]
    ],
    "translation": [
      2.24519944,
      0.849642634,
      -0.5938308
    ]
  },
  {
    "timeStamp": 44645,
    "rotation": [
      [
        0.308539629,
        0.650204837,
        0.69428885
      ],
      [
        -0.411087573,
        0.7493636,
        -0.5190966
      ],
      [
        -0.857793868,
        -0.125251651,
        0.498499453
      ]
    ],
    "translation": [
      2.24451041,
      0.845000446,
      -0.592223048
    ]
  }
]