[
  {
    "timeStamp": 100119,
    "rotation": [
      [
        0.9914135,
        -0.105553254,
        0.07718764
      ],
      [
        0.106944144,
        0.994165063,
        -0.014102078
      ],
      [
        -0.07524873,
        0.0222357549,
        0.9969169
      ]
    ],
    "translation": [
      1.76520741,
      0.698279,
      -0.224551842
    ]
  },
  {
    "timeStamp": 100163,
    "rotation": [
      [
        0.990791,
        -0.123758383,
        0.0549264736
      ],
      [
        0.123586312,
        0.9923123,
        0.006531494
      ],
      [
        -0.0553125441,
        0.000316814665,
        0.998469055
      ]
    ],
    "translation": [
      1.76320863,
      0.706735253,
      -0.226676524
    ]
  },
  {
    "timeStamp": 100210,
    "rotation": [
      [
        0.9932948,
        -0.09598879,
        0.06443272
      ],
      [
        0.09258062,
        0.99424237,
        0.05395206
      ],
      [
        -0.06924053,
        -0.04762508,
        0.9964625
      ]
    ],
    "translation": [
      1.765615,
      0.7288231,
      -0.228803441
    ]
  },
  {
    "timeStamp": 100263,
    "rotation": [
      [
        0.994868159,
        -0.04727994,
        0.0894539
      ],
      [
        0.0369383544,
        0.9928027,
        0.113922976
      ],
      [
        -0.09419634,
        -0.110034056,
        0.98945415
      ]
    ],
    "translation": [
      1.77243257,
      0.760495,
      -0.240359217
    ]
  },
  {
    "timeStamp": 100319,
    "rotation": [
      [
        0.9957875,
        0.0107287681,
        0.09106127
      ],
      [
        -0.0251235142,
        0.987048745,
        0.15844129
      ],
      [
        -0.08818203,
        -0.160061643,
        0.9831603
      ]
    ],
    "translation": [
      1.77347982,
      0.79368937,
      -0.2658613
    ]
  },
  {
    "timeStamp": 100364,
    "rotation": [
      [
        0.996986568,
        0.0445827022,
        0.0634831339
      ],
      [
        -0.0563417673,
        0.9786759,
        0.197532281
      ],
      [
        -0.05332289,
        -0.20051378,
        0.978238642
      ]
    ],
    "translation": [
      1.7701925,
      0.8209932,
      -0.2966589
    ]
  },
  {
    "timeStamp": 100419,
    "rotation": [
      [
        0.995225549,
        0.0916901752,
        0.03345208
      ],
      [
        -0.09700522,
        0.967069745,
        0.235299975
      ],
      [
        -0.0107757971,
        -0.237421572,
        0.971347
      ]
    ],
    "translation": [
      1.76931393,
      0.8540188,
      -0.344283044
    ]
  },
  {
    "timeStamp": 100463,
    "rotation": [
      [
        0.990946531,
        0.129621923,
        0.03497368
      ],
      [
        -0.134251475,
        0.954281449,
        0.267064422
      ],
      [
        0.00124266918,
        -0.269341826,
        0.9630438
      ]
    ],
    "translation": [
      1.77728355,
      0.8801981,
      -0.3847479
    ]
  },
  {
    "timeStamp": 100519,
    "rotation": [
      [
        0.98512,
        0.158220679,
        0.06711777
      ],
      [
        -0.17107451,
        0.9401902,
        0.294577569
      ],
      [
        -0.016495211,
        -0.3016764,
        0.953267634
      ]
    ],
    "translation": [
      1.80152988,
      0.908752143,
      -0.433447361
    ]
  },
  {
    "timeStamp": 100563,
    "rotation": [
      [
        0.9746028,
        0.183683246,
        0.128100425
      ],
      [
        -0.215393335,
        0.9254183,
        0.3117797
      ],
      [
        -0.061277777,
        -0.331453353,
        0.9414795
      ]
    ],
    "translation": [
      1.83218837,
      0.9301536,
      -0.466564566
    ]
  },
  {
    "timeStamp": 100619,
    "rotation": [
      [
        0.9596836,
        0.164471433,
        0.22793977
      ],
      [
        -0.2375609,
        0.908048332,
        0.3449827
      ],
      [
        -0.150240526,
        -0.385223836,
        0.9105111
      ]
    ],
    "translation": [
      1.88567543,
      0.957252,
      -0.500727952
    ]
  },
  {
    "timeStamp": 100663,
    "rotation": [
      [
        0.9428458,
        0.1260545,
        0.3084673
      ],
      [
        -0.243917078,
        0.8917663,
        0.381126434
      ],
      [
        -0.227038026,
        -0.4345839,
        0.871544957
      ]
    ],
    "translation": [
      1.93441153,
      0.9782294,
      -0.5248186
    ]
  },
  {
    "timeStamp": 100719,
    "rotation": [
      [
        0.9079969,
        0.0743763447,
        0.412322432
      ],
      [
        -0.259072,
        0.873093843,
        0.413024
      ],
      [
        -0.329276919,
        -0.4818457,
        0.8120354
      ]
    ],
    "translation": [
      1.99785757,
      0.998868644,
      -0.55309
    ]
  },
  {
    "timeStamp": 100763,
    "rotation": [
      [
        0.8828122,
        0.01870067,
        0.469353765
      ],
      [
        -0.253062069,
        0.8607366,
        0.4416923
      ],
      [
        -0.395730019,
        -0.508707,
        0.7646012
      ]
    ],
    "translation": [
      2.045947,
      1.01234591,
      -0.573005736
    ]
  },
  {
    "timeStamp": 100819,
    "rotation": [
      [
        0.8534558,
        -0.0138001619,
        0.5209825
      ],
      [
        -0.249870911,
        0.8664283,
        0.4322806
      ],
      [
        -0.457359523,
        -0.499110758,
        0.736009955
      ]
    ],
    "translation": [
      2.09801459,
      1.01541364,
      -0.5936383
    ]
  },
  {
    "timeStamp": 100864,
    "rotation": [
      [
        0.838458657,
        -0.0488333255,
        0.5427729
      ],
      [
        -0.234402418,
        0.8668219,
        0.44008562
      ],
      [
        -0.491978228,
        -0.4962209,
        0.7153477
      ]
    ],
    "translation": [
      2.13270926,
      1.016589,
      -0.6084187
    ]
  },
  {
    "timeStamp": 100913,
    "rotation": [
      [
        0.841309845,
        -0.08578276,
        0.5337032
      ],
      [
        -0.1972144,
        0.8705623,
        0.450807929
      ],
      [
        -0.503293455,
        -0.4845231,
        0.715495
      ]
    ],
    "translation": [
      2.167289,
      1.01934576,
      -0.623999357
    ]
  },
  {
    "timeStamp": 100969,
    "rotation": [
      [
        0.842381239,
        -0.10835,
        0.527877033
      ],
      [
        -0.176588446,
        0.8699871,
        0.460368335
      ],
      [
        -0.50912714,
        -0.481022626,
        0.713727355
      ]
    ],
    "translation": [
      2.19560456,
      1.02056146,
      -0.636503458
    ]
  },
  {
    "timeStamp": 101015,
    "rotation": [
      [
        0.866234958,
        -0.09480242,
        0.490560383
      ],
      [
        -0.158564791,
        0.8789162,
        0.4498483
      ],
      [
        -0.473808169,
        -0.467459917,
        0.746315658
      ]
    ],
    "translation": [
      2.20780945,
      1.01661038,
      -0.6403132
    ]
  },
  {
    "timeStamp": 101069,
    "rotation": [
      [
        0.9126132,
        -0.1222175,
        0.390128225
      ],
      [
        -0.08151691,
        0.880707443,
        0.4665934
      ],
      [
        -0.4006147,
        -0.457621366,
        0.7937824
      ]
    ],
    "translation": [
      2.217147,
      1.01894975,
      -0.6410004
    ]
  },
  {
    "timeStamp": 101114,
    "rotation": [
      [
        0.957938254,
        -0.129740864,
        0.2559719
      ],
      [
        -0.0151511868,
        0.8678585,
        0.496580333
      ],
      [
        -0.286574155,
        -0.479571581,
        0.829389155
      ]
    ],
    "translation": [
      2.21530128,
      1.02730823,
      -0.6354646
    ]
  },
  {
    "timeStamp": 101169,
    "rotation": [
      [
        0.983373,
        -0.181009114,
        -0.0146022309
      ],
      [
        0.161710992,
        0.836264968,
        0.5239375
      ],
      [
        -0.0826261342,
        -0.517587364,
        0.8516315
      ]
    ],
    "translation": [
      2.206438,
      1.0344702,
      -0.626678169
    ]
  },
  {
    "timeStamp": 101213,
    "rotation": [
      [
        0.9426634,
        -0.1795023,
        -0.281362176
      ],
      [
        0.30484432,
        0.806264,
        0.5069599
      ],
      [
        0.135851711,
        -0.5636642,
        0.8147558
      ]
    ],
    "translation": [
      2.18545318,
      1.03555155,
      -0.6236903
    ]
  },
  {
    "timeStamp": 101269,
    "rotation": [
      [
        0.7813808,
        -0.243621618,
        -0.57453686
      ],
      [
        0.531055331,
        0.743111849,
        0.407142431
      ],
      [
        0.3277565,
        -0.623244166,
        0.7100299
      ]
    ],
    "translation": [
      2.176017,
      1.02146864,
      -0.623642743
    ]
  },
  {
    "timeStamp": 101310,
    "rotation": [
      [
        0.710514069,
        -0.203684539,
        -0.6735594
      ],
      [
        0.5674141,
        0.7319566,
        0.377201259
      ],
      [
        0.4161862,
        -0.6501939,
        0.635638952
      ]
    ],
    "translation": [
      2.17067456,
      1.01834083,
      -0.626284838
    ]
  },
  {
    "timeStamp": 101369,
    "rotation": [
      [
        0.561066568,
        -0.222596824,
        -0.7972797
      ],
      [
        0.6060899,
        0.766478,
        0.212524161
      ],
      [
        0.5637902,
        -0.6024634,
        0.5649589
      ]
    ],
    "translation": [
      2.18004084,
      0.987765968,
      -0.6275055
    ]
  },
  {
    "timeStamp": 101413,
    "rotation": [
      [
        0.4654861,
        -0.225519314,
        -0.8558409
      ],
      [
        0.6149228,
        0.7778857,
        0.129474744
      ],
      [
        0.6365474,
        -0.5865449,
        0.50077194
      ]
    ],
    "translation": [
      2.18384576,
      0.9684632,
      -0.63075
    ]
  },
  {
    "timeStamp": 101469,
    "rotation": [
      [
        0.431292683,
        -0.201869026,
        -0.879338145
      ],
      [
        0.5455648,
        0.8346171,
        0.075983
      ],
      [
        0.718571961,
        -0.5125068,
        0.470096856
      ]
    ],
    "translation": [
      2.18917584,
      0.944779,
      -0.634631
    ]
  },
  {
    "timeStamp": 101513,
    "rotation": [
      [
        0.38366273,
        -0.228970319,
        -0.894637048
      ],
      [
        0.529244542,
        0.848412454,
        0.009825374
      ],
      [
        0.7567715,
        -0.47725144,
        0.4466855
      ]
    ],
    "translation": [
      2.19605327,
      0.924162447,
      -0.6370369
    ]
  },
  {
    "timeStamp": 101569,
    "rotation": [
      [
        0.373351574,
        -0.192099884,
        -0.907582641
      ],
      [
        0.475343674,
        0.879750669,
        0.009332824
      ],
      [
        0.7966536,
        -0.4348981,
        0.419769764
      ]
    ],
    "translation": [
      2.19823313,
      0.908768058,
      -0.6392373
    ]
  },
  {
    "timeStamp": 101613,
    "rotation": [
      [
        0.323652655,
        -0.104290776,
        -0.9404108
      ],
      [
        0.468574822,
        0.8811352,
        0.06354798
      ],
      [
        0.8220016,
        -0.461220264,
        0.3340498
      ]
    ],
    "translation": [
      2.189298,
      0.910890341,
      -0.6421725
    ]
  },
  {
    "timeStamp": 101669,
    "rotation": [
      [
        0.244477972,
        -0.05999973,
        -0.9677967
      ],
      [
        0.47381264,
        0.8782053,
        0.0652458
      ],
      [
        0.8460095,
        -0.4745055,
        0.243130475
      ]
    ],
    "translation": [
      2.18179083,
      0.9065612,
      -0.650687158
    ]
  },
  {
    "timeStamp": 101713,
    "rotation": [
      [
        0.271716535,
        -0.03826045,
        -0.9616165
      ],
      [
        0.4337913,
        0.896813869,
        0.08689096
      ],
      [
        0.8590665,
        -0.4407506,
        0.2602762
      ]
    ],
    "translation": [
      2.177821,
      0.903655946,
      -0.64845264
    ]
  },
  {
    "timeStamp": 101769,
    "rotation": [
      [
        0.237677738,
        -0.0153215807,
        -0.971223235
      ],
      [
        0.414301127,
        0.905963,
        0.0870957
      ],
      [
        0.878557861,
        -0.42307958,
        0.221675
      ]
    ],
    "translation": [
      2.16884255,
      0.899561,
      -0.657052636
    ]
  },
  {
    "timeStamp": 101815,
    "rotation": [
      [
        0.1891086,
        -0.0422330722,
        -0.9810475
      ],
      [
        0.404847741,
        0.913564265,
        0.0387112349
      ],
      [
        0.8946151,
        -0.4044955,
        0.189860821
      ]
    ],
    "translation": [
      2.16772556,
      0.8874295,
      -0.664448261
    ]
  },
  {
    "timeStamp": 101861,
    "rotation": [
      [
        0.158054769,
        -0.04748382,
        -0.986287951
      ],
      [
        0.385250479,
        0.9226495,
        0.0173172075
      ],
      [
        0.9091759,
        -0.382705,
        0.164122328
      ]
    ],
    "translation": [
      2.167062,
      0.8772578,
      -0.6728841
    ]
  },
  {
    "timeStamp": 101918,
    "rotation": [
      [
        0.119989343,
        -0.06237645,
        -0.9908137
      ],
      [
        0.3674719,
        0.92992866,
        -0.01404193
      ],
      [
        0.9222619,
        -0.36241132,
        0.134503111
      ]
    ],
    "translation": [
      2.16761613,
      0.8673883,
      -0.6824734
    ]
  },
  {
    "timeStamp": 101963,
    "rotation": [
      [
        0.117568962,
        -0.07134568,
        -0.9904985
      ],
      [
        0.354032159,
        0.9348905,
        -0.02531776
      ],
      [
        0.927813947,
        -0.347691745,
        0.135172769
      ]
    ],
    "translation": [
      2.16849732,
      0.8619679,
      -0.6855097
    ]
  },
  {
    "timeStamp": 102018,
    "rotation": [
      [
        0.112162776,
        -0.07409786,
        -0.9909233
      ],
      [
        0.357542545,
        0.9334362,
        -0.0293288678
      ],
      [
        0.9271369,
        -0.3510076,
        0.131189927
      ]
    ],
    "translation": [
      2.16802931,
      0.858885944,
      -0.6866864
    ]
  },
  {
    "timeStamp": 102063,
    "rotation": [
      [
        0.10417401,
        -0.08210167,
        -0.9911645
      ],
      [
        0.352605283,
        0.9349004,
        -0.040381372
      ],
      [
        0.929955542,
        -0.34528318,
        0.1263418
      ]
    ],
    "translation": [
      2.16845679,
      0.8559067,
      -0.688582838
    ]
  },
  {
    "timeStamp": 102118,
    "rotation": [
      [
        0.104355134,
        -0.07895263,
        -0.991401255
      ],
      [
        0.350346416,
        0.935863,
        -0.0376521647
      ],
      [
        0.9307886,
        -0.34340468,
        0.1253229
      ]
    ],
    "translation": [
      2.16703582,
      0.8545093,
      -0.6896422
    ]
  },
  {
    "timeStamp": 102162,
    "rotation": [
      [
        0.102350354,
        -0.07590347,
        -0.9918483
      ],
      [
        0.352656871,
        0.9350916,
        -0.0351688266
      ],
      [
        0.930138469,
        -0.346182585,
        0.122474827
      ]
    ],
    "translation": [
      2.16573668,
      0.855219245,
      -0.6907053
    ]
  },
  {
    "timeStamp": 102218,
    "rotation": [
      [
        0.09011866,
        -0.09681734,
        -0.9912139
      ],
      [
        0.34139356,
        0.9379663,
        -0.0605777055
      ],
      [
        0.935590267,
        -0.3329349,
        0.117581077
      ]
    ],
    "translation": [
      2.167177,
      0.8517165,
      -0.6922565
    ]
  }
]