[
  {
    "timeStamp": 40689,
    "rotation": [
      [
        0.965170562,
        -0.2615884,
        -0.00417050859
      ],
      [
        0.00492894,
        0.00224329648,
        0.999985337
      ],
      [
        -0.261575222,
        -0.96517694,
        0.003454517
      ]
    ],
    "translation": [
      1.81084,
      0.70120275,
      -0.5305551
    ]
  },
  {
    "timeStamp": 40744,
    "rotation": [
      [
        0.963791251,
        -0.266533136,
        -0.008157061
      ],
      [
        0.005848162,
        -0.009455298,
        0.9999382
      ],
      [
        -0.266593784,
        -0.96377933,
        -0.007554204
      ]
    ],
    "translation": [
      1.81097162,
      0.7027333,
      -0.5297487
    ]
  },
  {
    "timeStamp": 40790,
    "rotation": [
      [
        0.9639641,
        -0.2660105,
        0.003415217
      ],
      [
        -0.008337075,
        -0.0173754711,
        0.9998143
      ],
      [
        -0.265901744,
        -0.963813543,
        -0.01896708
      ]
    ],
    "translation": [
      1.80857515,
      0.7092028,
      -0.528270364
    ]
  },
  {
    "timeStamp": 40843,
    "rotation": [
      [
        0.9641674,
        -0.263151377,
        0.03365284
      ],
      [
        -0.04543589,
        -0.038818378,
        0.998212755
      ],
      [
        -0.2613747,
        -0.9639732,
        -0.0493839346
      ]
    ],
    "translation": [
      1.80303454,
      0.727723062,
      -0.5266234
    ]
  },
  {
    "timeStamp": 40887,
    "rotation": [
      [
        0.9661896,
        -0.250336647,
        0.0617180727
      ],
      [
        -0.0782169551,
        -0.05649307,
        0.995334446
      ],
      [
        -0.245682046,
        -0.9665092,
        -0.0741635859
      ]
    ],
    "translation": [
      1.79618275,
      0.74544543,
      -0.5278238
    ]
  },
  {
    "timeStamp": 40943,
    "rotation": [
      [
        0.97451365,
        -0.205895364,
        0.08905191
      ],
      [
        -0.104023792,
        -0.0630513355,
        0.9925742
      ],
      [
        -0.198751584,
        -0.9765406,
        -0.08286241
      ]
    ],
    "translation": [
      1.783483,
      0.762020767,
      -0.5374986
    ]
  },
  {
    "timeStamp": 40988,
    "rotation": [
      [
        0.980793536,
        -0.16096589,
        0.11015442
      ],
      [
        -0.12217775,
        -0.06678277,
        0.9902589
      ],
      [
        -0.15204148,
        -0.984697938,
        -0.0851665661
      ]
    ],
    "translation": [
      1.77237189,
      0.7718063,
      -0.549577534
    ]
  },
  {
    "timeStamp": 41043,
    "rotation": [
      [
        0.98650986,
        -0.103985243,
        0.126433268
      ],
      [
        -0.132300109,
        -0.05157715,
        0.9898669
      ],
      [
        -0.09641049,
        -0.993240535,
        -0.06463863
      ]
    ],
    "translation": [
      1.76142693,
      0.775588036,
      -0.5691604
    ]
  },
  {
    "timeStamp": 41087,
    "rotation": [
      [
        0.9889897,
        -0.0677505657,
        0.131564468
      ],
      [
        -0.134228542,
        -0.03637841,
        0.9902824
      ],
      [
        -0.06230608,
        -0.997038841,
        -0.04507193
      ]
    ],
    "translation": [
      1.756256,
      0.7754613,
      -0.5854094
    ]
  },
  {
    "timeStamp": 41144,
    "rotation": [
      [
        0.9912149,
        -0.0157292467,
        0.1313226
      ],
      [
        -0.131487116,
        -0.009921464,
        0.9912682
      ],
      [
        -0.014288987,
        -0.9998271,
        -0.0119024962
      ]
    ],
    "translation": [
      1.7499305,
      0.7714691,
      -0.605784059
    ]
  },
  {
    "timeStamp": 41188,
    "rotation": [
      [
        0.992393255,
        0.009526182,
        0.122738756
      ],
      [
        -0.1227662,
        0.00234930217,
        0.992432833
      ],
      [
        0.009165744,
        -0.999951839,
        0.00350092468
      ]
    ],
    "translation": [
      1.748191,
      0.7686444,
      -0.6188758
    ]
  },
  {
    "timeStamp": 41244,
    "rotation": [
      [
        0.9920031,
        0.03865289,
        0.120149486
      ],
      [
        -0.121145576,
        0.02454387,
        0.992331266
      ],
      [
        0.0354075357,
        -0.998951256,
        0.02903022
      ]
    ],
    "translation": [
      1.74376059,
      0.765135765,
      -0.6335112
    ]
  },
  {
    "timeStamp": 41288,
    "rotation": [
      [
        0.991285563,
        0.06253966,
        0.115938149
      ],
      [
        -0.11812412,
        0.03245622,
        0.9924683
      ],
      [
        0.0583057255,
        -0.9975146,
        0.03956083
      ]
    ],
    "translation": [
      1.73949087,
      0.764076531,
      -0.6420076
    ]
  },
  {
    "timeStamp": 41343,
    "rotation": [
      [
        0.989570141,
        0.09144795,
        0.111302637
      ],
      [
        -0.1150296,
        0.03653266,
        0.9926901
      ],
      [
        0.08671331,
        -0.9951395,
        0.04667085
      ]
    ],
    "translation": [
      1.73326254,
      0.764102,
      -0.64953655
    ]
  },
  {
    "timeStamp": 41388,
    "rotation": [
      [
        0.9876823,
        0.11163377,
        0.109642774
      ],
      [
        -0.114192344,
        0.03519145,
        0.992835164
      ],
      [
        0.106975444,
        -0.9931261,
        0.0475056954
      ]
    ],
    "translation": [
      1.7280134,
      0.7657141,
      -0.652684331
    ]
  },
  {
    "timeStamp": 41443,
    "rotation": [
      [
        0.9853554,
        0.134079531,
        0.105344608
      ],
      [
        -0.109783731,
        0.0261362754,
        0.9936118
      ],
      [
        0.1304697,
        -0.990625858,
        0.04047327
      ]
    ],
    "translation": [
      1.722031,
      0.768620849,
      -0.6536305
    ]
  },
  {
    "timeStamp": 41488,
    "rotation": [
      [
        0.983388543,
        0.14805232,
        0.105012015
      ],
      [
        -0.109054819,
        0.0194358565,
        0.9938457
      ],
      [
        0.145100161,
        -0.988788545,
        0.03525882
      ]
    ],
    "translation": [
      1.717333,
      0.7715125,
      -0.653306961
    ]
  },
  {
    "timeStamp": 41543,
    "rotation": [
      [
        0.981655538,
        0.158034429,
        0.10666573
      ],
      [
        -0.110083856,
        0.0130101815,
        0.9938372
      ],
      [
        0.155672759,
        -0.9873479,
        0.0301685557
      ]
    ],
    "translation": [
      1.71267259,
      0.7751994,
      -0.650918365
    ]
  },
  {
    "timeStamp": 41588,
    "rotation": [
      [
        0.9808722,
        0.1629162,
        0.106526986
      ],
      [
        -0.109439731,
        0.008983695,
        0.9939528
      ],
      [
        0.160974011,
        -0.986599,
        0.0266413614
      ]
    ],
    "translation": [
      1.7097,
      0.7773856,
      -0.648540437
    ]
  },
  {
    "timeStamp": 41643,
    "rotation": [
      [
        0.9802347,
        0.16664885,
        0.106621593
      ],
      [
        -0.1082881,
        0.000919192,
        0.9941191
      ],
      [
        0.1655708,
        -0.9860159,
        0.01894711
      ]
    ],
    "translation": [
      1.70641661,
      0.7803318,
      -0.6444764
    ]
  },
  {
    "timeStamp": 41688,
    "rotation": [
      [
        0.979911566,
        0.167146742,
        0.108790144
      ],
      [
        -0.109588936,
        -0.00446524052,
        0.993966937
      ],
      [
        0.166624114,
        -0.9859219,
        0.0139418915
      ]
    ],
    "translation": [
      1.7041924,
      0.78286016,
      -0.6412394
    ]
  },
  {
    "timeStamp": 41743,
    "rotation": [
      [
        0.9800139,
        0.163321212,
        0.113573693
      ],
      [
        -0.113167167,
        -0.0118215578,
        0.993505657
      ],
      [
        0.163603172,
        -0.9865021,
        0.006897308
      ]
    ],
    "translation": [
      1.70223463,
      0.786291063,
      -0.6369047
    ]
  },
  {
    "timeStamp": 41791,
    "rotation": [
      [
        0.98051393,
        0.157926321,
        0.116840281
      ],
      [
        -0.115888879,
        -0.015251969,
        0.993145049
      ],
      [
        0.1586258,
        -0.9873331,
        0.003347136
      ]
    ],
    "translation": [
      1.70230377,
      0.7883233,
      -0.633926034
    ]
  },
  {
    "timeStamp": 41842,
    "rotation": [
      [
        0.9818324,
        0.146641627,
        0.120421618
      ],
      [
        -0.119203471,
        -0.0170990378,
        0.9927226
      ],
      [
        0.147633553,
        -0.989041865,
        0.000691802241
      ]
    ],
    "translation": [
      1.70513,
      0.79122895,
      -0.630253732
    ]
  },
  {
    "timeStamp": 41887,
    "rotation": [
      [
        0.983273566,
        0.12975733,
        0.127813
      ],
      [
        -0.1259922,
        -0.022179829,
        0.991783261
      ],
      [
        0.131526023,
        -0.991297662,
        -0.00546042761
      ]
    ],
    "translation": [
      1.70965433,
      0.796660364,
      -0.62570107
    ]
  },
  {
    "timeStamp": 41943,
    "rotation": [
      [
        0.9850857,
        0.09180388,
        0.145527437
      ],
      [
        -0.143328786,
        -0.0301397145,
        0.9892161
      ],
      [
        0.0952000245,
        -0.9953209,
        -0.0165320616
      ]
    ],
    "translation": [
      1.72054124,
      0.807624459,
      -0.6178095
    ]
  },
  {
    "timeStamp": 41987,
    "rotation": [
      [
        0.984788358,
        0.0441631936,
        0.168052092
      ],
      [
        -0.1663984,
        -0.0388028473,
        0.9852948
      ],
      [
        0.0500346757,
        -0.9982705,
        -0.0308639053
      ]
    ],
    "translation": [
      1.73291922,
      0.820207357,
      -0.60883975
    ]
  },
  {
    "timeStamp": 42043,
    "rotation": [
      [
        0.979278862,
        -0.0262615643,
        0.200806558
      ],
      [
        -0.201969817,
        -0.0538380034,
        0.9779109
      ],
      [
        -0.0148704508,
        -0.9982043,
        -0.0580264628
      ]
    ],
    "translation": [
      1.755413,
      0.8387769,
      -0.5958822
    ]
  },
  {
    "timeStamp": 42087,
    "rotation": [
      [
        0.9686341,
        -0.09547566,
        0.229417175
      ],
      [
        -0.2360101,
        -0.06455771,
        0.9696038
      ],
      [
        -0.0777629,
        -0.993336141,
        -0.08506602
      ]
    ],
    "translation": [
      1.77788377,
      0.854632854,
      -0.584312737
    ]
  },
  {
    "timeStamp": 42143,
    "rotation": [
      [
        0.9538071,
        -0.1798559,
        0.240632266
      ],
      [
        -0.2590341,
        -0.08666365,
        0.961972356
      ],
      [
        -0.152162343,
        -0.979868,
        -0.129249215
      ]
    ],
    "translation": [
      1.81346154,
      0.871996045,
      -0.5701357
    ]
  },
  {
    "timeStamp": 42188,
    "rotation": [
      [
        0.934568,
        -0.256101251,
        0.246971339
      ],
      [
        -0.27849564,
        -0.09459498,
        0.955767751
      ],
      [
        -0.221411064,
        -0.9620104,
        -0.159728527
      ]
    ],
    "translation": [
      1.84691787,
      0.8835403,
      -0.560153067
    ]
  },
  {
    "timeStamp": 42243,
    "rotation": [
      [
        0.910620749,
        -0.340799063,
        0.233721763
      ],
      [
        -0.286398351,
        -0.11274945,
        0.9514534
      ],
      [
        -0.297902435,
        -0.9333507,
        -0.200276285
      ]
    ],
    "translation": [
      1.8923254,
      0.8946974,
      -0.54922
    ]
  },
  {
    "timeStamp": 42288,
    "rotation": [
      [
        0.8903821,
        -0.401278615,
        0.21493046
      ],
      [
        -0.289064676,
        -0.133669391,
        0.947931468
      ],
      [
        -0.351655,
        -0.906150043,
        -0.235012308
      ]
    ],
    "translation": [
      1.92945409,
      0.9027728,
      -0.5414161
    ]
  },
  {
    "timeStamp": 42343,
    "rotation": [
      [
        0.8566841,
        -0.477906138,
        0.19415988
      ],
      [
        -0.299507946,
        -0.154377609,
        0.9415214
      ],
      [
        -0.419984937,
        -0.8647388,
        -0.275389522
      ]
    ],
    "translation": [
      1.97680807,
      0.9133599,
      -0.532448769
    ]
  },
  {
    "timeStamp": 42388,
    "rotation": [
      [
        0.8282119,
        -0.532968163,
        0.173233688
      ],
      [
        -0.309079915,
        -0.176550761,
        0.9345049
      ],
      [
        -0.467476845,
        -0.827511132,
        -0.3109512
      ]
    ],
    "translation": [
      2.0138967,
      0.923115849,
      -0.5256772
    ]
  },
  {
    "timeStamp": 42443,
    "rotation": [
      [
        0.801789761,
        -0.581731439,
        0.136827409
      ],
      [
        -0.310616881,
        -0.210073188,
        0.927031
      ],
      [
        -0.5105393,
        -0.785784841,
        -0.3491301
      ]
    ],
    "translation": [
      2.05630422,
      0.932115257,
      -0.518664837
    ]
  },
  {
    "timeStamp": 42488,
    "rotation": [
      [
        0.782781065,
        -0.6126044,
        0.109405786
      ],
      [
        -0.309517741,
        -0.230754226,
        0.9224702
      ],
      [
        -0.539863467,
        -0.7559553,
        -0.37024197
      ]
    ],
    "translation": [
      2.08635831,
      0.935542941,
      -0.5145587
    ]
  },
  {
    "timeStamp": 42537,
    "rotation": [
      [
        0.768582344,
        -0.634134352,
        0.08458562
      ],
      [
        -0.3006042,
        -0.241256937,
        0.922730863
      ],
      [
        -0.5647285,
        -0.7346214,
        -0.3760493
      ]
    ],
    "translation": [
      2.11236119,
      0.9339275,
      -0.5113987
    ]
  },
  {
    "timeStamp": 42593,
    "rotation": [
      [
        0.751165748,
        -0.656835854,
        0.06570146
      ],
      [
        -0.296539158,
        -0.246843964,
        0.92256844
      ],
      [
        -0.589758039,
        -0.7124849,
        -0.3801983
      ]
    ],
    "translation": [
      2.14135313,
      0.9292234,
      -0.50793153
    ]
  },
  {
    "timeStamp": 42638,
    "rotation": [
      [
        0.746803,
        -0.661760449,
        0.066019
      ],
      [
        -0.300907582,
        -0.247703388,
        0.92092216
      ],
      [
        -0.5930767,
        -0.707613,
        -0.384114325
      ]
    ],
    "translation": [
      2.15297031,
      0.9258277,
      -0.5053097
    ]
  },
  {
    "timeStamp": 42693,
    "rotation": [
      [
        0.748268962,
        -0.6599123,
        0.0678927
      ],
      [
        -0.3017945,
        -0.247480154,
        0.920691967
      ],
      [
        -0.5907738,
        -0.70941484,
        -0.3843396
      ]
    ],
    "translation": [
      2.161115,
      0.9198614,
      -0.500927448
    ]
  },
  {
    "timeStamp": 42738,
    "rotation": [
      [
        0.7509951,
        -0.6563674,
        0.07202829
      ],
      [
        -0.298648864,
        -0.240350723,
        0.923601866
      ],
      [
        -0.5889101,
        -0.71513164,
        -0.3765256
      ]
    ],
    "translation": [
      2.1647234,
      0.912271142,
      -0.497009516
    ]
  },
  {
    "timeStamp": 42794,
    "rotation": [
      [
        0.7635104,
        -0.640928268,
        0.0791373253
      ],
      [
        -0.286980748,
        -0.226956189,
        0.930662632
      ],
      [
        -0.578527331,
        -0.7332815,
        -0.35721752
      ]
    ],
    "translation": [
      2.163149,
      0.8996502,
      -0.4918062
    ]
  },
  {
    "timeStamp": 42838,
    "rotation": [
      [
        0.775391459,
        -0.6283289,
        0.06301498
      ],
      [
        -0.26186493,
        -0.229132622,
        0.93751
      ],
      [
        -0.57462585,
        -0.743438661,
        -0.342204779
      ]
    ],
    "translation": [
      2.16403651,
      0.888923168,
      -0.487897933
    ]
  },
  {
    "timeStamp": 42893,
    "rotation": [
      [
        0.790270865,
        -0.6091407,
        0.06648015
      ],
      [
        -0.242447734,
        -0.21119836,
        0.9468972
      ],
      [
        -0.562753141,
        -0.764423251,
        -0.3145887
      ]
    ],
    "translation": [
      2.15998864,
      0.874113739,
      -0.4843294
    ]
  },
  {
    "timeStamp": 42938,
    "rotation": [
      [
        0.804275453,
        -0.5917284,
        0.05475907
      ],
      [
        -0.2236264,
        -0.215997785,
        0.95044
      ],
      [
        -0.5505745,
        -0.776661158,
        -0.306047827
      ]
    ],
    "translation": [
      2.15795612,
      0.866092741,
      -0.480803847
    ]
  },
  {
    "timeStamp": 42995,
    "rotation": [
      [
        0.8120481,
        -0.5809179,
        0.0557887629
      ],
      [
        -0.21247679,
        -0.205266237,
        0.955363452
      ],
      [
        -0.5435361,
        -0.7876549,
        -0.290117621
      ]
    ],
    "translation": [
      2.15653729,
      0.855170548,
      -0.47733283
    ]
  },
  {
    "timeStamp": 43040,
    "rotation": [
      [
        0.8148661,
        -0.576278865,
        0.06241697
      ],
      [
        -0.2124533,
        -0.196741447,
        0.9571606
      ],
      [
        -0.539311469,
        -0.793218434,
        -0.2827503
      ]
    ],
    "translation": [
      2.155065,
      0.8479666,
      -0.474685937
    ]
  },
  {
    "timeStamp": 43097,
    "rotation": [
      [
        0.821486056,
        -0.5666893,
        0.063434504
      ],
      [
        -0.20185928,
        -0.184958115,
        0.961791754
      ],
      [
        -0.5333044,
        -0.802903354,
        -0.266332
      ]
    ],
    "translation": [
      2.15376925,
      0.8372792,
      -0.472185552
    ]
  },
  {
    "timeStamp": 43142,
    "rotation": [
      [
        0.8271638,
        -0.558150768,
        0.06532755
      ],
      [
        -0.1916057,
        -0.170833558,
        0.9664901
      ],
      [
        -0.528287053,
        -0.8119628,
        -0.248252213
      ]
    ],
    "translation": [
      2.1522727,
      0.827566564,
      -0.470692426
    ]
  },
  {
    "timeStamp": 43187,
    "rotation": [
      [
        0.8318838,
        -0.5514144,
        0.06254219
      ],
      [
        -0.179791361,
        -0.1611744,
        0.9704112
      ],
      [
        -0.5250185,
        -0.8185139,
        -0.233217925
      ]
    ],
    "translation": [
      2.15145874,
      0.8187824,
      -0.470186561
    ]
  },
  {
    "timeStamp": 43243,
    "rotation": [
      [
        0.8340573,
        -0.548464,
        0.0594615
      ],
      [
        -0.1691597,
        -0.151664123,
        0.9738496
      ],
      [
        -0.5251033,
        -0.822304845,
        -0.21927458
      ]
    ],
    "translation": [
      2.152514,
      0.8099469,
      -0.468843043
    ]
  },
  {
    "timeStamp": 43287,
    "rotation": [
      [
        0.8341822,
        -0.54821986,
        0.05995829
      ],
      [
        -0.161390767,
        -0.138711572,
        0.9770937
      ],
      [
        -0.52734524,
        -0.8247509,
        -0.204188347
      ]
    ],
    "translation": [
      2.15255547,
      0.802860558,
      -0.4686408
    ]
  },
  {
    "timeStamp": 43343,
    "rotation": [
      [
        0.835486,
        -0.5459634,
        0.0623466969
      ],
      [
        -0.1571673,
        -0.1286978,
        0.9791503
      ],
      [
        -0.5265564,
        -0.827865243,
        -0.1933328
      ]
    ],
    "translation": [
      2.15148139,
      0.7959825,
      -0.4674021
    ]
  },
  {
    "timeStamp": 43387,
    "rotation": [
      [
        0.8368801,
        -0.5435281,
        0.0648768246
      ],
      [
        -0.1511806,
        -0.115594566,
        0.981724143
      ],
      [
        -0.5260952,
        -0.83139354,
        -0.178909689
      ]
    ],
    "translation": [
      2.15052962,
      0.790445566,
      -0.466609716
    ]
  },
  {
    "timeStamp": 43443,
    "rotation": [
      [
        0.840209365,
        -0.538141,
        0.06672724
      ],
      [
        -0.147746727,
        -0.108788781,
        0.9830239
      ],
      [
        -0.5217463,
        -0.8358046,
        -0.17091392
      ]
    ],
    "translation": [
      2.14892316,
      0.7848695,
      -0.465704441
    ]
  },
  {
    "timeStamp": 43488,
    "rotation": [
      [
        0.841580451,
        -0.5351679,
        0.07305946
      ],
      [
        -0.148815542,
        -0.09971176,
        0.9838249
      ],
      [
        -0.519226551,
        -0.838840246,
        -0.163556755
      ]
    ],
    "translation": [
      2.14726949,
      0.7810682,
      -0.4651856
    ]
  },
  {
    "timeStamp": 43543,
    "rotation": [
      [
        0.8468133,
        -0.5275894,
        0.06750296
      ],
      [
        -0.139129654,
        -0.0972221047,
        0.985490143
      ],
      [
        -0.513371348,
        -0.843917847,
        -0.1557323
      ]
    ],
    "translation": [
      2.1460948,
      0.7773632,
      -0.463961542
    ]
  },
  {
    "timeStamp": 43588,
    "rotation": [
      [
        0.849260449,
        -0.5233106,
        0.0700198039
      ],
      [
        -0.136697948,
        -0.08984244,
        0.9865303
      ],
      [
        -0.509971,
        -0.847392738,
        -0.1478351
      ]
    ],
    "translation": [
      2.14456153,
      0.774669,
      -0.4630624
    ]
  },
  {
    "timeStamp": 43643,
    "rotation": [
      [
        0.85653013,
        -0.5117601,
        0.0667661
      ],
      [
        -0.121507064,
        -0.0742313638,
        0.989810944
      ],
      [
        -0.5015896,
        -0.8559155,
        -0.125763863
      ]
    ],
    "translation": [
      2.14285922,
      0.7669239,
      -0.463449985
    ]
  },
  {
    "timeStamp": 43687,
    "rotation": [
      [
        0.860249639,
        -0.5050635,
        0.06986684
      ],
      [
        -0.118718885,
        -0.06514949,
        0.9907883
      ],
      [
        -0.4958592,
        -0.8606198,
        -0.116005406
      ]
    ],
    "translation": [
      2.1414578,
      0.763577,
      -0.463676572
    ]
  },
  {
    "timeStamp": 43743,
    "rotation": [
      [
        0.863734663,
        -0.499835938,
        0.06423776
      ],
      [
        -0.110790364,
        -0.06398828,
        0.9917817
      ],
      [
        -0.49161765,
        -0.8637532,
        -0.110645905
      ]
    ],
    "translation": [
      2.14101315,
      0.7614647,
      -0.462143749
    ]
  },
  {
    "timeStamp": 43787,
    "rotation": [
      [
        0.865738451,
        -0.4963681,
        0.06415278
      ],
      [
        -0.107307985,
        -0.05888832,
        0.9924803
      ],
      [
        -0.488857716,
        -0.8661125,
        -0.104246147
      ]
    ],
    "translation": [
      2.14068651,
      0.7596026,
      -0.461272776
    ]
  },
  {
    "timeStamp": 43842,
    "rotation": [
      [
        0.8673318,
        -0.493743718,
        0.06287006
      ],
      [
        -0.1042405,
        -0.0566795468,
        0.9929357
      ],
      [
        -0.4866923,
        -0.867758334,
        -0.100628071
      ]
    ],
    "translation": [
      2.14006782,
      0.7578279,
      -0.459718943
    ]
  },
  {
    "timeStamp": 43887,
    "rotation": [
      [
        0.867892742,
        -0.492782444,
        0.06267064
      ],
      [
        -0.10296353,
        -0.05503287,
        0.993161559
      ],
      [
        -0.4859636,
        -0.8684105,
        -0.09850125
      ]
    ],
    "translation": [
      2.13965487,
      0.757068336,
      -0.4581691
    ]
  },
  {
    "timeStamp": 43942,
    "rotation": [
      [
        0.8687597,
        -0.491100878,
        0.06384757
      ],
      [
        -0.102207,
        -0.05165085,
        0.9934213
      ],
      [
        -0.4845723,
        -0.8695701,
        -0.09506612
      ]
    ],
    "translation": [
      2.13862014,
      0.7560354,
      -0.4564077
    ]
  },
  {
    "timeStamp": 43987,
    "rotation": [
      [
        0.8707718,
        -0.487836659,
        0.0614155233
      ],
      [
        -0.09833464,
        -0.0504012965,
        0.9938763
      ],
      [
        -0.4817539,
        -0.8714787,
        -0.0918592662
      ]
    ],
    "translation": [
      2.13774681,
      0.754741967,
      -0.455219
    ]
  },
  {
    "timeStamp": 44042,
    "rotation": [
      [
        0.8719972,
        -0.486013174,
        0.05841326
      ],
      [
        -0.09363457,
        -0.0484790057,
        0.994425654
      ],
      [
        -0.480472147,
        -0.87260586,
        -0.08778119
      ]
    ],
    "translation": [
      2.137218,
      0.752729952,
      -0.454051316
    ]
  },
  {
    "timeStamp": 44087,
    "rotation": [
      [
        0.8726924,
        -0.48499468,
        0.0564634241
      ],
      [
        -0.08950896,
        -0.0452273451,
        0.9949586
      ],
      [
        -0.479995936,
        -0.8733468,
        -0.08288093
      ]
    ],
    "translation": [
      2.13703036,
      0.7507437,
      -0.453528523
    ]
  },
  {
    "timeStamp": 44143,
    "rotation": [
      [
        0.875021756,
        -0.481262863,
        0.05218235
      ],
      [
        -0.08407821,
        -0.0449350625,
        0.9954455
      ],
      [
        -0.476726145,
        -0.875423849,
        -0.07978287
      ]
    ],
    "translation": [
      2.135857,
      0.748825967,
      -0.452671945
    ]
  },
  {
    "timeStamp": 44187,
    "rotation": [
      [
        0.877865255,
        -0.4766237,
        0.04671638
      ],
      [
        -0.07641475,
        -0.04310658,
        0.9961439
      ],
      [
        -0.472772032,
        -0.8780499,
        -0.07426284
      ]
    ],
    "translation": [
      2.13551,
      0.7467682,
      -0.4527123
    ]
  },
  {
    "timeStamp": 44242,
    "rotation": [
      [
        0.878157556,
        -0.476294577,
        0.0445278659
      ],
      [
        -0.07332891,
        -0.0420450643,
        0.996421158
      ],
      [
        -0.472717822,
        -0.8782799,
        -0.0718483552
      ]
    ],
    "translation": [
      2.135444,
      0.7452588,
      -0.4521945
    ]
  },
  {
    "timeStamp": 44297,
    "rotation": [
      [
        0.878538,
        -0.475778729,
        0.0424919
      ],
      [
        -0.07046074,
        -0.0410950072,
        0.9966677
      ],
      [
        -0.472447067,
        -0.8786045,
        -0.06962725
      ]
    ],
    "translation": [
      2.13559628,
      0.744092345,
      -0.451581776
    ]
  },
  {
    "timeStamp": 44342,
    "rotation": [
      [
        0.879196763,
        -0.4747188,
        0.04068445
      ],
      [
        -0.06708839,
        -0.0388057344,
        0.9969921
      ],
      [
        -0.4717121,
        -0.87928164,
        -0.06596599
      ]
    ],
    "translation": [
      2.13558841,
      0.7428625,
      -0.4514383
    ]
  },
  {
    "timeStamp": 44397,
    "rotation": [
      [
        0.8801004,
        -0.4735453,
        0.0343243331
      ],
      [
        -0.06116242,
        -0.04138667,
        0.997269452
      ],
      [
        -0.470831722,
        -0.8797966,
        -0.0653876
      ]
    ],
    "translation": [
      2.13613987,
      0.741773248,
      -0.451261163
    ]
  },
  {
    "timeStamp": 44442,
    "rotation": [
      [
        0.880037,
        -0.473897547,
        0.0309188031
      ],
      [
        -0.0558070727,
        -0.03854141,
        0.9976974
      ],
      [
        -0.4716147,
        -0.8797362,
        -0.0603647
      ]
    ],
    "translation": [
      2.13675356,
      0.7403703,
      -0.452017248
    ]
  },
  {
    "timeStamp": 44497,
    "rotation": [
      [
        0.880447567,
        -0.4735857,
        0.022996109
      ],
      [
        -0.0468861721,
        -0.0386988819,
        0.998150349
      ],
      [
        -0.471819818,
        -0.879897237,
        -0.0562769547
      ]
    ],
    "translation": [
      2.137524,
      0.7396016,
      -0.452127665
    ]
  },
  {
    "timeStamp": 44541,
    "rotation": [
      [
        0.8814647,
        -0.471987784,
        0.0157341249
      ],
      [
        -0.0401188433,
        -0.0416441858,
        0.9983267
      ],
      [
        -0.4705428,
        -0.880621,
        -0.055643484
      ]
    ],
    "translation": [
      2.13772225,
      0.739821851,
      -0.452061385
    ]
  }
]