[
  {
    "timeStamp": 77805,
    "rotation": [
      [
        -0.7434409,
        0.4694647,
        0.476338625
      ],
      [
        0.5454317,
        0.837764144,
        0.0256027058
      ],
      [
        -0.38703984,
        0.278844267,
        -0.8788891
      ]
    ],
    "translation": [
      1.43711221,
      0.7032483,
      -0.7093566
    ]
  },
  {
    "timeStamp": 77849,
    "rotation": [
      [
        -0.7314774,
        0.4967609,
        0.467086166
      ],
      [
        0.5602305,
        0.8283289,
        -0.0036085397
      ],
      [
        -0.388693541,
        0.259036332,
        -0.8842045
      ]
    ],
    "translation": [
      1.43746233,
      0.7043604,
      -0.7093381
    ]
  },
  {
    "timeStamp": 77904,
    "rotation": [
      [
        -0.7201699,
        0.5044761,
        0.476297379
      ],
      [
        0.5802458,
        0.814305842,
        0.0148599083
      ],
      [
        -0.380355239,
        0.2870712,
        -0.879158735
      ]
    ],
    "translation": [
      1.43781817,
      0.7062362,
      -0.7160544
    ]
  },
  {
    "timeStamp": 77951,
    "rotation": [
      [
        -0.694401145,
        0.5428315,
        0.4723781
      ],
      [
        0.6140959,
        0.7892202,
        -0.004201472
      ],
      [
        -0.375091046,
        0.287167966,
        -0.881386042
      ]
    ],
    "translation": [
      1.43727314,
      0.72107023,
      -0.7182895
    ]
  },
  {
    "timeStamp": 78005,
    "rotation": [
      [
        -0.6620787,
        0.6029846,
        0.445040852
      ],
      [
        0.6637274,
        0.747542143,
        -0.0254284
      ],
      [
        -0.348019719,
        0.2785502,
        -0.8951492
      ]
    ],
    "translation": [
      1.44345832,
      0.7430368,
      -0.7207011
    ]
  },
  {
    "timeStamp": 78049,
    "rotation": [
      [
        -0.641521,
        0.6490633,
        0.408861369
      ],
      [
        0.693858743,
        0.7182641,
        -0.051542908
      ],
      [
        -0.327125043,
        0.250626177,
        -0.9111398
      ]
    ],
    "translation": [
      1.45579827,
      0.7642068,
      -0.7197227
    ]
  },
  {
    "timeStamp": 78104,
    "rotation": [
      [
        -0.625314057,
        0.698241651,
        0.348483652
      ],
      [
        0.7247733,
        0.685179055,
        -0.07234083
      ],
      [
        -0.2892851,
        0.207335919,
        -0.934519053
      ]
    ],
    "translation": [
      1.48132277,
      0.7889284,
      -0.7180567
    ]
  },
  {
    "timeStamp": 78149,
    "rotation": [
      [
        -0.62233603,
        0.7255102,
        0.293824553
      ],
      [
        0.740761161,
        0.667176,
        -0.07841632
      ],
      [
        -0.252924532,
        0.168852508,
        -0.952637434
      ]
    ],
    "translation": [
      1.50925565,
      0.8038451,
      -0.716024041
    ]
  },
  {
    "timeStamp": 78204,
    "rotation": [
      [
        -0.6252601,
        0.75248915,
        0.20690535
      ],
      [
        0.754221857,
        0.650762,
        -0.08751115
      ],
      [
        -0.200497344,
        0.101335295,
        -0.9744393
      ]
    ],
    "translation": [
      1.552263,
      0.8206075,
      -0.710848331
    ]
  },
  {
    "timeStamp": 78249,
    "rotation": [
      [
        -0.6366037,
        0.761815965,
        0.119884089
      ],
      [
        0.756906152,
        0.646998,
        -0.09212336
      ],
      [
        -0.1477458,
        0.03209493,
        -0.9885045
      ]
    ],
    "translation": [
      1.59274113,
      0.83138144,
      -0.703496337
    ]
  },
  {
    "timeStamp": 78304,
    "rotation": [
      [
        -0.643318653,
        0.7655179,
        -0.0111085745
      ],
      [
        0.7617172,
        0.6385307,
        -0.109843262
      ],
      [
        -0.07699382,
        -0.07912581,
        -0.9938868
      ]
    ],
    "translation": [
      1.65083528,
      0.848113656,
      -0.6906547
    ]
  },
  {
    "timeStamp": 78349,
    "rotation": [
      [
        -0.646753132,
        0.7498406,
        -0.13946113
      ],
      [
        0.762614548,
        0.633051455,
        -0.132909477
      ],
      [
        -0.0113748573,
        -0.1923147,
        -0.9812674
      ]
    ],
    "translation": [
      1.70507264,
      0.8640009,
      -0.677917
    ]
  },
  {
    "timeStamp": 78404,
    "rotation": [
      [
        -0.644296,
        0.6998858,
        -0.308289647
      ],
      [
        0.7618489,
        0.622607648,
        -0.1787343
      ],
      [
        0.06684989,
        -0.350027919,
        -0.934350848
      ]
    ],
    "translation": [
      1.78090513,
      0.8866237,
      -0.6625513
    ]
  },
  {
    "timeStamp": 78449,
    "rotation": [
      [
        -0.6425984,
        0.631877363,
        -0.43335706
      ],
      [
        0.755542,
        0.616590858,
        -0.221296161
      ],
      [
        0.127371967,
        -0.469624,
        -0.873630166
      ]
    ],
    "translation": [
      1.8454175,
      0.903086066,
      -0.6542538
    ]
  },
  {
    "timeStamp": 78504,
    "rotation": [
      [
        -0.6404843,
        0.509544849,
        -0.5745815
      ],
      [
        0.740484059,
        0.608125567,
        -0.286123365
      ],
      [
        0.203625023,
        -0.608726,
        -0.7668047
      ]
    ],
    "translation": [
      1.9276613,
      0.921101153,
      -0.6506672
    ]
  },
  {
    "timeStamp": 78548,
    "rotation": [
      [
        -0.64659363,
        0.412764162,
        -0.6415157
      ],
      [
        0.720122337,
        0.6077289,
        -0.334797472
      ],
      [
        0.251675218,
        -0.678447664,
        -0.690194368
      ]
    ],
    "translation": [
      1.98502886,
      0.9305818,
      -0.6539487
    ]
  },
  {
    "timeStamp": 78604,
    "rotation": [
      [
        -0.6626791,
        0.330310583,
        -0.672124565
      ],
      [
        0.689768255,
        0.6187455,
        -0.375996977
      ],
      [
        0.29167828,
        -0.7127755,
        -0.637867451
      ]
    ],
    "translation": [
      2.038181,
      0.933550239,
      -0.661324859
    ]
  },
  {
    "timeStamp": 78649,
    "rotation": [
      [
        -0.6399344,
        0.287331,
        -0.7126885
      ],
      [
        0.6797396,
        0.6442188,
        -0.3506226
      ],
      [
        0.3583826,
        -0.7088181,
        -0.607568
      ]
    ],
    "translation": [
      2.07309985,
      0.9238733,
      -0.670146048
    ]
  },
  {
    "timeStamp": 78704,
    "rotation": [
      [
        -0.624205649,
        0.23101756,
        -0.7463231
      ],
      [
        0.662760437,
        0.66238296,
        -0.3492813
      ],
      [
        0.413661569,
        -0.7126568,
        -0.5665725
      ]
    ],
    "translation": [
      2.11111879,
      0.9156352,
      -0.6808028
    ]
  },
  {
    "timeStamp": 78749,
    "rotation": [
      [
        -0.606193244,
        0.2137211,
        -0.7660634
      ],
      [
        0.6515146,
        0.685873866,
        -0.324200332
      ],
      [
        0.456134379,
        -0.6956295,
        -0.5550145
      ]
    ],
    "translation": [
      2.13141823,
      0.903458238,
      -0.6883308
    ]
  },
  {
    "timeStamp": 78803,
    "rotation": [
      [
        -0.5732427,
        0.21443671,
        -0.7908285
      ],
      [
        0.651238739,
        0.704969,
        -0.2809037
      ],
      [
        0.497273475,
        -0.676044166,
        -0.543767869
      ]
    ],
    "translation": [
      2.148122,
      0.8839441,
      -0.6952811
    ]
  },
  {
    "timeStamp": 78854,
    "rotation": [
      [
        -0.5716896,
        0.229366019,
        -0.7877577
      ],
      [
        0.6345394,
        0.732262254,
        -0.247288644
      ],
      [
        0.5201256,
        -0.64123565,
        -0.5641685
      ]
    ],
    "translation": [
      2.15400267,
      0.864076257,
      -0.699317157
    ]
  },
  {
    "timeStamp": 78899,
    "rotation": [
      [
        -0.568228245,
        0.247516111,
        -0.7847627
      ],
      [
        0.6244753,
        0.7507623,
        -0.2153756
      ],
      [
        0.535861254,
        -0.6124474,
        -0.581172
      ]
    ],
    "translation": [
      2.155387,
      0.8498801,
      -0.701661766
    ]
  },
  {
    "timeStamp": 78954,
    "rotation": [
      [
        -0.5434813,
        0.290693521,
        -0.787480354
      ],
      [
        0.62906,
        0.762193859,
        -0.152787939
      ],
      [
        0.5557982,
        -0.578409731,
        -0.597101748
      ]
    ],
    "translation": [
      2.15233,
      0.833689749,
      -0.7044619
    ]
  },
  {
    "timeStamp": 78999,
    "rotation": [
      [
        -0.5582621,
        0.3037473,
        -0.7720628
      ],
      [
        0.6186969,
        0.7724168,
        -0.143479943
      ],
      [
        0.552772641,
        -0.5577723,
        -0.619138539
      ]
    ],
    "translation": [
      2.15003228,
      0.825985849,
      -0.7056772
    ]
  },
  {
    "timeStamp": 79054,
    "rotation": [
      [
        -0.5439512,
        0.3274531,
        -0.772587538
      ],
      [
        0.617766738,
        0.7793709,
        -0.104619294
      ],
      [
        0.5678744,
        -0.534186661,
        -0.6262294
      ]
    ],
    "translation": [
      2.148216,
      0.8171169,
      -0.7080169
    ]
  },
  {
    "timeStamp": 79099,
    "rotation": [
      [
        -0.537373066,
        0.342266947,
        -0.7707681
      ],
      [
        0.618839145,
        0.780941665,
        -0.08466485
      ],
      [
        0.572946966,
        -0.5224781,
        -0.6314652
      ]
    ],
    "translation": [
      2.14681625,
      0.8129082,
      -0.7088344
    ]
  },
  {
    "timeStamp": 79154,
    "rotation": [
      [
        -0.5312261,
        0.349995226,
        -0.7715582
      ],
      [
        0.6269992,
        0.7748813,
        -0.08019304
      ],
      [
        0.5697989,
        -0.526367068,
        -0.6310839
      ]
    ],
    "translation": [
      2.14707446,
      0.8156457,
      -0.7080749
    ]
  }
]