[
  {
    "timeStamp": 99517,
    "rotation": [
      [
        -0.8731429,
        0.447405338,
        0.193519771
      ],
      [
        -0.453616261,
        -0.6003918,
        -0.6586061
      ],
      [
        -0.178476214,
        -0.662840962,
        0.727178156
      ]
    ],
    "translation": [
      1.8511554,
      0.719093561,
      -0.479733944
    ]
  },
  {
    "timeStamp": 99563,
    "rotation": [
      [
        -0.890874267,
        0.425381184,
        0.15935491
      ],
      [
        -0.425162822,
        -0.657320142,
        -0.6222273
      ],
      [
        -0.159936592,
        -0.622078061,
        0.7664458
      ]
    ],
    "translation": [
      1.84992909,
      0.719092667,
      -0.480486929
    ]
  },
  {
    "timeStamp": 99617,
    "rotation": [
      [
        -0.8930312,
        0.427794337,
        0.139597014
      ],
      [
        -0.4201438,
        -0.681550443,
        -0.5991395
      ],
      [
        -0.161166087,
        -0.5937011,
        0.788381
      ]
    ],
    "translation": [
      1.85071087,
      0.7294164,
      -0.484889239
    ]
  },
  {
    "timeStamp": 99661,
    "rotation": [
      [
        -0.9034021,
        0.4121489,
        0.118312605
      ],
      [
        -0.399066865,
        -0.7071866,
        -0.5836375
      ],
      [
        -0.156876445,
        -0.574474,
        0.8033489
      ]
    ],
    "translation": [
      1.852663,
      0.740702748,
      -0.493716985
    ]
  },
  {
    "timeStamp": 99717,
    "rotation": [
      [
        -0.914843857,
        0.395066649,
        0.08356473
      ],
      [
        -0.37097156,
        -0.740518034,
        -0.5603687
      ],
      [
        -0.1595018,
        -0.54365,
        0.824016869
      ]
    ],
    "translation": [
      1.85569024,
      0.758330166,
      -0.511267662
    ]
  },
  {
    "timeStamp": 99761,
    "rotation": [
      [
        -0.9196875,
        0.390272945,
        0.0431506522
      ],
      [
        -0.350861847,
        -0.7674944,
        -0.536514938
      ],
      [
        -0.176269367,
        -0.508565962,
        0.842786849
      ]
    ],
    "translation": [
      1.85903859,
      0.7740847,
      -0.5309921
    ]
  },
  {
    "timeStamp": 99817,
    "rotation": [
      [
        -0.926106632,
        0.3766067,
        -0.0222239252
      ],
      [
        -0.3131812,
        -0.8003101,
        -0.511293769
      ],
      [
        -0.21034269,
        -0.466552436,
        0.8591186
      ]
    ],
    "translation": [
      1.86253214,
      0.7942704,
      -0.561130941
    ]
  },
  {
    "timeStamp": 99861,
    "rotation": [
      [
        -0.9218133,
        0.381880581,
        -0.06653874
      ],
      [
        -0.3084236,
        -0.826539338,
        -0.4708584
      ],
      [
        -0.234808564,
        -0.413521439,
        0.879695952
      ]
    ],
    "translation": [
      1.871425,
      0.814187,
      -0.5863666
    ]
  },
  {
    "timeStamp": 99916,
    "rotation": [
      [
        -0.92479986,
        0.362427831,
        -0.115720794
      ],
      [
        -0.286844671,
        -0.8640341,
        -0.413721055
      ],
      [
        -0.249930739,
        -0.349415272,
        0.90301913
      ]
    ],
    "translation": [
      1.8862648,
      0.84069,
      -0.618006
    ]
  },
  {
    "timeStamp": 99961,
    "rotation": [
      [
        -0.9257723,
        0.355696231,
        -0.128163338
      ],
      [
        -0.2921003,
        -0.88811487,
        -0.354865223
      ],
      [
        -0.240048,
        -0.291087866,
        0.926091135
      ]
    ],
    "translation": [
      1.90526843,
      0.8616401,
      -0.641944468
    ]
  },
  {
    "timeStamp": 100017,
    "rotation": [
      [
        -0.9395306,
        0.322760463,
        -0.114490062
      ],
      [
        -0.279720873,
        -0.9161198,
        -0.287194639
      ],
      [
        -0.197581679,
        -0.2378029,
        0.951005459
      ]
    ],
    "translation": [
      1.9354347,
      0.8850174,
      -0.668475747
    ]
  },
  {
    "timeStamp": 100061,
    "rotation": [
      [
        -0.943220437,
        0.325264454,
        -0.06736652
      ],
      [
        -0.300395459,
        -0.9218315,
        -0.244927034
      ],
      [
        -0.141766638,
        -0.210783586,
        0.967198253
      ]
    ],
    "translation": [
      1.96704662,
      0.8990824,
      -0.687053561
    ]
  },
  {
    "timeStamp": 100117,
    "rotation": [
      [
        -0.953229249,
        0.302070469,
        0.01036599
      ],
      [
        -0.296854138,
        -0.929215968,
        -0.220080256
      ],
      [
        -0.0568475,
        -0.212864131,
        0.9754267
      ]
    ],
    "translation": [
      2.01116657,
      0.9090495,
      -0.7063856
    ]
  },
  {
    "timeStamp": 100161,
    "rotation": [
      [
        -0.94906944,
        0.303697139,
        0.08387665
      ],
      [
        -0.314787924,
        -0.925213158,
        -0.21187067
      ],
      [
        0.0132592563,
        -0.227483332,
        0.9736917
      ]
    ],
    "translation": [
      2.048501,
      0.9119001,
      -0.7200941
    ]
  },
  {
    "timeStamp": 100216,
    "rotation": [
      [
        -0.9415036,
        0.2984924,
        0.156439275
      ],
      [
        -0.328245223,
        -0.917382956,
        -0.225085676
      ],
      [
        0.07632837,
        -0.263269424,
        0.961698055
      ]
    ],
    "translation": [
      2.09171963,
      0.910628259,
      -0.735789835
    ]
  },
  {
    "timeStamp": 100262,
    "rotation": [
      [
        -0.9355502,
        0.28797552,
        0.204489321
      ],
      [
        -0.3332521,
        -0.911520958,
        -0.240982622
      ],
      [
        0.116999194,
        -0.293597847,
        0.9487421
      ]
    ],
    "translation": [
      2.12221551,
      0.9067966,
      -0.746790349
    ]
  },
  {
    "timeStamp": 100311,
    "rotation": [
      [
        -0.9368409,
        0.248454913,
        0.246168956
      ],
      [
        -0.310718864,
        -0.9143472,
        -0.259659439
      ],
      [
        0.1605702,
        -0.3197489,
        0.933797538
      ]
    ],
    "translation": [
      2.15423322,
      0.902149439,
      -0.759429932
    ]
  },
  {
    "timeStamp": 100367,
    "rotation": [
      [
        -0.9472818,
        0.204433039,
        0.246707126
      ],
      [
        -0.273330837,
        -0.917376459,
        -0.289327919
      ],
      [
        0.167175129,
        -0.341507733,
        0.9248918
      ]
    ],
    "translation": [
      2.17398119,
      0.8964406,
      -0.769876
    ]
  },
  {
    "timeStamp": 100411,
    "rotation": [
      [
        -0.9500982,
        0.2329383,
        0.207492426
      ],
      [
        -0.2846023,
        -0.91960144,
        -0.270803869
      ],
      [
        0.127729729,
        -0.3163431,
        0.9400065
      ]
    ],
    "translation": [
      2.18241334,
      0.8963205,
      -0.7748747
    ]
  },
  {
    "timeStamp": 100467,
    "rotation": [
      [
        -0.949107,
        0.28417477,
        0.13579613
      ],
      [
        -0.311608672,
        -0.909932733,
        -0.273719639
      ],
      [
        0.0457811281,
        -0.302104473,
        0.952174842
      ]
    ],
    "translation": [
      2.18508029,
      0.894916058,
      -0.7819642
    ]
  },
  {
    "timeStamp": 100512,
    "rotation": [
      [
        -0.9281369,
        0.368609846,
        0.0518526658
      ],
      [
        -0.366734147,
        -0.881627858,
        -0.297049373
      ],
      [
        -0.06378057,
        -0.294718623,
        0.9534532
      ]
    ],
    "translation": [
      2.1839292,
      0.888546944,
      -0.7867244
    ]
  },
  {
    "timeStamp": 100567,
    "rotation": [
      [
        -0.8305378,
        0.556611657,
        -0.01975727
      ],
      [
        -0.516452849,
        -0.782927,
        -0.3468454
      ],
      [
        -0.2085267,
        -0.277864516,
        0.937714159
      ]
    ],
    "translation": [
      2.18614388,
      0.8747464,
      -0.794481158
    ]
  },
  {
    "timeStamp": 100611,
    "rotation": [
      [
        -0.8291101,
        0.557167768,
        -0.0462669246
      ],
      [
        -0.499869645,
        -0.775817454,
        -0.385016352
      ],
      [
        -0.2504134,
        -0.2960935,
        0.9217493
      ]
    ],
    "translation": [
      2.18643737,
      0.863179445,
      -0.800626
    ]
  },
  {
    "timeStamp": 100667,
    "rotation": [
      [
        -0.85155,
        0.520753443,
        -0.06065031
      ],
      [
        -0.447181255,
        -0.7818423,
        -0.434455454
      ],
      [
        -0.273663133,
        -0.342838854,
        0.898649
      ]
    ],
    "translation": [
      2.18752265,
      0.8483554,
      -0.808641
    ]
  },
  {
    "timeStamp": 100713,
    "rotation": [
      [
        -0.84843,
        0.524636745,
        -0.07016346
      ],
      [
        -0.431649,
        -0.762505531,
        -0.481938332
      ],
      [
        -0.3063426,
        -0.378604949,
        0.873391449
      ]
    ],
    "translation": [
      2.18758917,
      0.8381111,
      -0.8136019
    ]
  },
  {
    "timeStamp": 100758,
    "rotation": [
      [
        -0.8451163,
        0.5289982,
        -0.0770665
      ],
      [
        -0.421028733,
        -0.7474812,
        -0.513815761
      ],
      [
        -0.329413384,
        -0.401786864,
        0.854432046
      ]
    ],
    "translation": [
      2.18527842,
      0.8300566,
      -0.817764044
    ]
  },
  {
    "timeStamp": 100815,
    "rotation": [
      [
        -0.8362598,
        0.54180634,
        -0.0843532458
      ],
      [
        -0.416772157,
        -0.728019059,
        -0.5443245
      ],
      [
        -0.356329232,
        -0.4200406,
        0.8346228
      ]
    ],
    "translation": [
      2.18116879,
      0.823149562,
      -0.820216358
    ]
  },
  {
    "timeStamp": 100861,
    "rotation": [
      [
        -0.826274037,
        0.559623361,
        -0.06397616
      ],
      [
        -0.439375222,
        -0.71143055,
        -0.548467
      ],
      [
        -0.352449536,
        -0.4250745,
        0.8337212
      ]
    ],
    "translation": [
      2.1806066,
      0.819849133,
      -0.8201388
    ]
  }
]