[
  {
    "timeStamp": 24372,
    "rotation": [
      [
        0.9968459,
        -0.07838729,
        0.0123943947
      ],
      [
        -0.0110797873,
        0.0171834435,
        0.999790967
      ],
      [
        -0.07858388,
        -0.996774852,
        0.01626073
      ]
    ],
    "translation": [
      1.15031183,
      0.704275131,
      -0.7478055
    ]
  },
  {
    "timeStamp": 24416,
    "rotation": [
      [
        0.9963328,
        -0.0854328945,
        0.004708689
      ],
      [
        -0.00507149333,
        -0.00403011637,
        0.999979
      ],
      [
        -0.08541213,
        -0.996335745,
        -0.00444861
      ]
    ],
    "translation": [
      1.15045869,
      0.7046716,
      -0.746228755
    ]
  },
  {
    "timeStamp": 24472,
    "rotation": [
      [
        0.9937566,
        -0.058834374,
        0.09479646
      ],
      [
        -0.09418702,
        0.0130529394,
        0.995469
      ],
      [
        -0.05980516,
        -0.998182356,
        0.00743001048
      ]
    ],
    "translation": [
      1.14739132,
      0.7287161,
      -0.761588
    ]
  },
  {
    "timeStamp": 24516,
    "rotation": [
      [
        0.981391668,
        -0.03178292,
        0.189368173
      ],
      [
        -0.188080892,
        0.0395429619,
        0.9813572
      ],
      [
        -0.0386785641,
        -0.998712242,
        0.0328293741
      ]
    ],
    "translation": [
      1.15343606,
      0.765889466,
      -0.782457948
    ]
  },
  {
    "timeStamp": 24572,
    "rotation": [
      [
        0.9491266,
        0.02840679,
        0.313610971
      ],
      [
        -0.314795136,
        0.0605301671,
        0.9472276
      ],
      [
        0.007924771,
        -0.997762144,
        0.06639311
      ]
    ],
    "translation": [
      1.17210221,
      0.820975,
      -0.817681849
    ]
  },
  {
    "timeStamp": 24616,
    "rotation": [
      [
        0.921483,
        0.0580868647,
        0.384050757
      ],
      [
        -0.386167884,
        0.030716164,
        0.921916962
      ],
      [
        0.0417546965,
        -0.9978389,
        0.0507357
      ]
    ],
    "translation": [
      1.19986749,
      0.8531776,
      -0.8396001
    ]
  },
  {
    "timeStamp": 24672,
    "rotation": [
      [
        0.8868791,
        0.0567752831,
        0.458499819
      ],
      [
        -0.4589438,
        -0.005725184,
        0.888446867
      ],
      [
        0.0530668162,
        -0.9983706,
        0.0209791176
      ]
    ],
    "translation": [
      1.23986721,
      0.8839069,
      -0.854443848
    ]
  },
  {
    "timeStamp": 24716,
    "rotation": [
      [
        0.860086143,
        0.0292670112,
        0.5093086
      ],
      [
        -0.508690953,
        -0.0262192246,
        0.860549867
      ],
      [
        0.0385394,
        -0.9992277,
        -0.007662929
      ]
    ],
    "translation": [
      1.27696478,
      0.9007024,
      -0.8532658
    ]
  },
  {
    "timeStamp": 24772,
    "rotation": [
      [
        0.8230984,
        -0.06998847,
        0.5635695
      ],
      [
        -0.567413867,
        -0.0603532344,
        0.821218
      ],
      [
        -0.023462547,
        -0.9957204,
        -0.08938908
      ]
    ],
    "translation": [
      1.3234719,
      0.92290175,
      -0.8242892
    ]
  },
  {
    "timeStamp": 24816,
    "rotation": [
      [
        0.7828408,
        -0.169079319,
        0.5988091
      ],
      [
        -0.6150823,
        -0.06491368,
        0.7857862
      ],
      [
        -0.09398929,
        -0.9834624,
        -0.15481478
      ]
    ],
    "translation": [
      1.36457264,
      0.9439621,
      -0.79035145
    ]
  },
  {
    "timeStamp": 24872,
    "rotation": [
      [
        0.7244249,
        -0.2873219,
        0.626621664
      ],
      [
        -0.6698699,
        -0.07881831,
        0.738283157
      ],
      [
        -0.162735656,
        -0.9545857,
        -0.249566227
      ]
    ],
    "translation": [
      1.42321312,
      0.978722751,
      -0.741941452
    ]
  },
  {
    "timeStamp": 24916,
    "rotation": [
      [
        0.677219152,
        -0.3758553,
        0.6325401
      ],
      [
        -0.7075115,
        -0.0966392457,
        0.70006305
      ],
      [
        -0.2019942,
        -0.921625555,
        -0.33136788
      ]
    ],
    "translation": [
      1.47345054,
      1.006872,
      -0.7099808
    ]
  },
  {
    "timeStamp": 24972,
    "rotation": [
      [
        0.632839262,
        -0.475851864,
        0.6108023
      ],
      [
        -0.7342483,
        -0.118436068,
        0.668470144
      ],
      [
        -0.245751739,
        -0.871514738,
        -0.4243444
      ]
    ],
    "translation": [
      1.534463,
      1.036664,
      -0.674645245
    ]
  },
  {
    "timeStamp": 25016,
    "rotation": [
      [
        0.6081868,
        -0.553972363,
        0.5685274
      ],
      [
        -0.7447061,
        -0.150239587,
        0.6502621
      ],
      [
        -0.2748119,
        -0.8188667,
        -0.5039203
      ]
    ],
    "translation": [
      1.58025146,
      1.05599928,
      -0.6546035
    ]
  },
  {
    "timeStamp": 25071,
    "rotation": [
      [
        0.545782447,
        -0.640919447,
        0.5397628
      ],
      [
        -0.7557326,
        -0.09827845,
        0.647464037
      ],
      [
        -0.361925244,
        -0.7612908,
        -0.5380024
      ]
    ],
    "translation": [
      1.63594115,
      1.07900321,
      -0.632499635
    ]
  },
  {
    "timeStamp": 25116,
    "rotation": [
      [
        0.500668943,
        -0.685361266,
        0.528782
      ],
      [
        -0.761774361,
        -0.05871227,
        0.6451764
      ],
      [
        -0.411132932,
        -0.7258324,
        -0.5514861
      ]
    ],
    "translation": [
      1.67432535,
      1.09564662,
      -0.622041464
    ]
  },
  {
    "timeStamp": 25171,
    "rotation": [
      [
        0.452799827,
        -0.795071959,
        0.4035258
      ],
      [
        -0.7563224,
        -0.102831,
        0.6460668
      ],
      [
        -0.4721746,
        -0.5977345,
        -0.647892535
      ]
    ],
    "translation": [
      1.72654414,
      1.112727,
      -0.6003175
    ]
  },
  {
    "timeStamp": 25216,
    "rotation": [
      [
        0.407754749,
        -0.838194668,
        0.362168074
      ],
      [
        -0.7505636,
        -0.081802845,
        0.655715346
      ],
      [
        -0.519990742,
        -0.5392012,
        -0.6624739
      ]
    ],
    "translation": [
      1.7655158,
      1.12630391,
      -0.589625955
    ]
  },
  {
    "timeStamp": 25271,
    "rotation": [
      [
        0.350609332,
        -0.884595633,
        0.307512015
      ],
      [
        -0.73067385,
        -0.0529819168,
        0.680667758
      ],
      [
        -0.5858231,
        -0.463339478,
        -0.6649268
      ]
    ],
    "translation": [
      1.81033683,
      1.13615835,
      -0.578469336
    ]
  },
  {
    "timeStamp": 25316,
    "rotation": [
      [
        0.304984361,
        -0.9255461,
        0.2243858
      ],
      [
        -0.7075376,
        -0.0624940954,
        0.703906953
      ],
      [
        -0.63747555,
        -0.373442024,
        -0.673918366
      ]
    ],
    "translation": [
      1.8506031,
      1.138003,
      -0.5706343
    ]
  },
  {
    "timeStamp": 25371,
    "rotation": [
      [
        0.2392714,
        -0.9589958,
        0.151908726
      ],
      [
        -0.667011261,
        -0.0486540757,
        0.7434573
      ],
      [
        -0.7055815,
        -0.279212922,
        -0.6513025
      ]
    ],
    "translation": [
      1.8993113,
      1.131286,
      -0.5655441
    ]
  },
  {
    "timeStamp": 25416,
    "rotation": [
      [
        0.1845167,
        -0.978544533,
        0.09167437
      ],
      [
        -0.6242009,
        -0.0446280763,
        0.77998817
      ],
      [
        -0.7591619,
        -0.201144069,
        -0.619043
      ]
    ],
    "translation": [
      1.9383651,
      1.11965668,
      -0.5635701
    ]
  },
  {
    "timeStamp": 25462,
    "rotation": [
      [
        0.128379837,
        -0.990295,
        0.05323929
      ],
      [
        -0.580991268,
        -0.03159488,
        0.813296258
      ],
      [
        -0.80372113,
        -0.1353424,
        -0.579408944
      ]
    ],
    "translation": [
      1.97777271,
      1.10428929,
      -0.564480543
    ]
  },
  {
    "timeStamp": 25515,
    "rotation": [
      [
        0.0616084337,
        -0.997551858,
        -0.0330870338
      ],
      [
        -0.49270463,
        -0.0592252165,
        0.868178844
      ],
      [
        -0.868012965,
        -0.0371850021,
        -0.4951472
      ]
    ],
    "translation": [
      2.02650166,
      1.07260275,
      -0.562648058
    ]
  },
  {
    "timeStamp": 25570,
    "rotation": [
      [
        0.006309931,
        -0.9974312,
        -0.07135181
      ],
      [
        -0.36030215,
        -0.0688283741,
        0.930292964
      ],
      [
        -0.9328143,
        0.019838132,
        -0.3598109
      ]
    ],
    "translation": [
      2.067739,
      1.02439082,
      -0.5659584
    ]
  },
  {
    "timeStamp": 25615,
    "rotation": [
      [
        -0.0478517376,
        -0.993184745,
        -0.106274851
      ],
      [
        -0.2793291,
        -0.0888459757,
        0.956076145
      ],
      [
        -0.9590023,
        0.07543558,
        -0.273173958
      ]
    ],
    "translation": [
      2.096209,
      0.9871954,
      -0.5701228
    ]
  },
  {
    "timeStamp": 25671,
    "rotation": [
      [
        -0.08020259,
        -0.985333145,
        -0.150619417
      ],
      [
        -0.163149938,
        -0.136091769,
        0.977169931
      ],
      [
        -0.983336,
        0.102945134,
        -0.149842113
      ]
    ],
    "translation": [
      2.12098241,
      0.935808361,
      -0.5791021
    ]
  },
  {
    "timeStamp": 25715,
    "rotation": [
      [
        -0.09606631,
        -0.9837656,
        -0.1515801
      ],
      [
        -0.0586624257,
        -0.14642407,
        0.987481
      ],
      [
        -0.9936448,
        0.103755705,
        -0.0436436571
      ]
    ],
    "translation": [
      2.13306522,
      0.8948668,
      -0.588413358
    ]
  },
  {
    "timeStamp": 25763,
    "rotation": [
      [
        -0.120996676,
        -0.974919856,
        -0.186791733
      ],
      [
        0.0107726976,
        -0.189452842,
        0.9818307
      ],
      [
        -0.9925945,
        0.116786,
        0.0334256776
      ]
    ],
    "translation": [
      2.14326358,
      0.8619771,
      -0.5965978
    ]
  },
  {
    "timeStamp": 25822,
    "rotation": [
      [
        -0.13466002,
        -0.9758527,
        -0.17198275
      ],
      [
        0.09546873,
        -0.185533226,
        0.9779893
      ],
      [
        -0.9862821,
        0.115277074,
        0.118147336
      ]
    ],
    "translation": [
      2.146039,
      0.8211985,
      -0.6091124
    ]
  },
  {
    "timeStamp": 25866,
    "rotation": [
      [
        -0.148149624,
        -0.969157,
        -0.196942583
      ],
      [
        0.129537627,
        -0.216440856,
        0.9676639
      ],
      [
        -0.9804446,
        0.117847577,
        0.157607928
      ]
    ],
    "translation": [
      2.14974737,
      0.801041961,
      -0.6147469
    ]
  },
  {
    "timeStamp": 25922,
    "rotation": [
      [
        -0.156128928,
        -0.9743274,
        -0.16220358
      ],
      [
        0.161765873,
        -0.187222913,
        0.9689063
      ],
      [
        -0.9744001,
        0.125035286,
        0.186843827
      ]
    ],
    "translation": [
      2.14619327,
      0.782299042,
      -0.6213522
    ]
  },
  {
    "timeStamp": 25966,
    "rotation": [
      [
        -0.1438776,
        -0.9737559,
        -0.176348031
      ],
      [
        0.167980939,
        -0.199647889,
        0.965361655
      ],
      [
        -0.975234151,
        0.1092708,
        0.19229728
      ]
    ],
    "translation": [
      2.1444,
      0.7724618,
      -0.62457937
    ]
  },
  {
    "timeStamp": 26022,
    "rotation": [
      [
        -0.145704359,
        -0.9752833,
        -0.166110367
      ],
      [
        0.18449463,
        -0.191742733,
        0.963948369
      ],
      [
        -0.97197324,
        0.10980501,
        0.207872286
      ]
    ],
    "translation": [
      2.14157,
      0.7611246,
      -0.629376531
    ]
  },
  {
    "timeStamp": 26066,
    "rotation": [
      [
        -0.145381615,
        -0.97011596,
        -0.1942661
      ],
      [
        0.184738174,
        -0.219516426,
        0.95795846
      ],
      [
        -0.9719753,
        0.103381209,
        0.2111311
      ]
    ],
    "translation": [
      2.14358473,
      0.7551669,
      -0.6319846
    ]
  },
  {
    "timeStamp": 26121,
    "rotation": [
      [
        -0.163486913,
        -0.9657907,
        -0.20129706
      ],
      [
        0.1878703,
        -0.230786666,
        0.954694867
      ],
      [
        -0.968492031,
        0.118262388,
        0.219173953
      ]
    ],
    "translation": [
      2.14816976,
      0.749409258,
      -0.6361851
    ]
  },
  {
    "timeStamp": 26166,
    "rotation": [
      [
        -0.1722971,
        -0.9625125,
        -0.209483564
      ],
      [
        0.2042035,
        -0.242944956,
        0.948303044
      ],
      [
        -0.9636465,
        0.120612592,
        0.23840715
      ]
    ],
    "translation": [
      2.14990854,
      0.7431824,
      -0.640550435
    ]
  },
  {
    "timeStamp": 26212,
    "rotation": [
      [
        -0.189705461,
        -0.9511863,
        -0.243426472
      ],
      [
        0.204829723,
        -0.280813843,
        0.937650442
      ],
      [
        -0.9602378,
        0.128016427,
        0.248103127
      ]
    ],
    "translation": [
      2.1558547,
      0.7405579,
      -0.6443036
    ]
  },
  {
    "timeStamp": 26268,
    "rotation": [
      [
        -0.203725636,
        -0.9428083,
        -0.2638342
      ],
      [
        0.2076529,
        -0.304966271,
        0.9294492
      ],
      [
        -0.9567529,
        0.13456668,
        0.257906318
      ]
    ],
    "translation": [
      2.15867376,
      0.7369998,
      -0.6478295
    ]
  },
  {
    "timeStamp": 26314,
    "rotation": [
      [
        -0.222326085,
        -0.9322547,
        -0.285433829
      ],
      [
        0.21399872,
        -0.332282484,
        0.918582
      ],
      [
        -0.951197,
        0.143142283,
        0.273376346
      ]
    ],
    "translation": [
      2.16346121,
      0.734345853,
      -0.651755869
    ]
  },
  {
    "timeStamp": 26371,
    "rotation": [
      [
        -0.235228375,
        -0.9345703,
        -0.2669195
      ],
      [
        0.220561445,
        -0.3187886,
        0.9218061
      ],
      [
        -0.9465835,
        0.157962784,
        0.281118274
      ]
    ],
    "translation": [
      2.16295958,
      0.7316524,
      -0.654813
    ]
  },
  {
    "timeStamp": 26415,
    "rotation": [
      [
        -0.229650453,
        -0.938831,
        -0.256626219
      ],
      [
        0.226432547,
        -0.307975858,
        0.9240558
      ],
      [
        -0.9465669,
        0.154101312,
        0.283308685
      ]
    ],
    "translation": [
      2.16034913,
      0.7289832,
      -0.6569506
    ]
  },
  {
    "timeStamp": 26471,
    "rotation": [
      [
        -0.2316954,
        -0.9363398,
        -0.2637898
      ],
      [
        0.232594341,
        -0.316626281,
        0.919591
      ],
      [
        -0.944572449,
        0.151708961,
        0.2911482
      ]
    ],
    "translation": [
      2.16136146,
      0.7267862,
      -0.660753
    ]
  },
  {
    "timeStamp": 26515,
    "rotation": [
      [
        -0.2363678,
        -0.9359784,
        -0.260911256
      ],
      [
        0.237502113,
        -0.316028357,
        0.91854167
      ],
      [
        -0.9421905,
        0.155146688,
        0.2969958
      ]
    ],
    "translation": [
      2.16162586,
      0.725388646,
      -0.663555562
    ]
  },
  {
    "timeStamp": 26571,
    "rotation": [
      [
        -0.245205685,
        -0.9358341,
        -0.2531574
      ],
      [
        0.232162237,
        -0.3102141,
        0.9218828
      ],
      [
        -0.941262364,
        0.167277321,
        0.293331623
      ]
    ],
    "translation": [
      2.16449237,
      0.7252179,
      -0.6664399
    ]
  },
  {
    "timeStamp": 26615,
    "rotation": [
      [
        -0.240505591,
        -0.9396741,
        -0.243248343
      ],
      [
        0.217302188,
        -0.296368033,
        0.9300246
      ],
      [
        -0.946011,
        0.170817748,
        0.2754714
      ]
    ],
    "translation": [
      2.16474915,
      0.7251895,
      -0.6669749
    ]
  },
  {
    "timeStamp": 26671,
    "rotation": [
      [
        -0.2613288,
        -0.938344955,
        -0.226309672
      ],
      [
        0.18920131,
        -0.279704928,
        0.9412587
      ],
      [
        -0.946525335,
        0.2031599,
        0.250631034
      ]
    ],
    "translation": [
      2.16450357,
      0.725014269,
      -0.666557133
    ]
  }
]