[
  {
    "timeStamp": 75959,
    "rotation": [
      [
        0.9351232,
        0.315517157,
        -0.161224812
      ],
      [
        -0.3126237,
        0.520548344,
        -0.7945413
      ],
      [
        -0.1667661,
        0.7933967,
        0.585415
      ]
    ],
    "translation": [
      1.17372942,
      0.7712772,
      -0.6637153
    ]
  },
  {
    "timeStamp": 76004,
    "rotation": [
      [
        0.9408587,
        0.278686076,
        -0.192662761
      ],
      [
        -0.3177242,
        0.5283468,
        -0.7873379
      ],
      [
        -0.117627352,
        0.80198735,
        0.585645
      ]
    ],
    "translation": [
      1.17455387,
      0.7755912,
      -0.664625
    ]
  },
  {
    "timeStamp": 76059,
    "rotation": [
      [
        0.935506046,
        0.303631425,
        -0.180655465
      ],
      [
        -0.305936635,
        0.440403819,
        -0.8440659
      ],
      [
        -0.17672357,
        0.844897866,
        0.5048924
      ]
    ],
    "translation": [
      1.18558073,
      0.8002589,
      -0.673453867
    ]
  },
  {
    "timeStamp": 76104,
    "rotation": [
      [
        0.919841945,
        0.3060167,
        -0.245447516
      ],
      [
        -0.35265556,
        0.370998919,
        -0.859065652
      ],
      [
        -0.171827659,
        0.8767631,
        0.4491789
      ]
    ],
    "translation": [
      1.20235562,
      0.8277282,
      -0.6850537
    ]
  },
  {
    "timeStamp": 76159,
    "rotation": [
      [
        0.919992864,
        0.261614352,
        -0.2918408
      ],
      [
        -0.3648871,
        0.2998901,
        -0.881432533
      ],
      [
        -0.143075213,
        0.9174006,
        0.371356457
      ]
    ],
    "translation": [
      1.23554718,
      0.8526027,
      -0.70552063
    ]
  },
  {
    "timeStamp": 76203,
    "rotation": [
      [
        0.944295049,
        0.181992292,
        -0.2742
      ],
      [
        -0.315304041,
        0.26159665,
        -0.912222862
      ],
      [
        -0.09428773,
        0.9478639,
        0.304407328
      ]
    ],
    "translation": [
      1.27382708,
      0.8576893,
      -0.726341963
    ]
  },
  {
    "timeStamp": 76259,
    "rotation": [
      [
        0.9730837,
        0.0723398849,
        -0.218803883
      ],
      [
        -0.230060339,
        0.249593154,
        -0.9406251
      ],
      [
        -0.0134327682,
        0.965644956,
        0.25951755
      ]
    ],
    "translation": [
      1.33498371,
      0.8485906,
      -0.752352834
    ]
  },
  {
    "timeStamp": 76303,
    "rotation": [
      [
        0.989420056,
        0.004641064,
        -0.145004943
      ],
      [
        -0.141492411,
        0.2517412,
        -0.957395554
      ],
      [
        0.0320603922,
        0.9677835,
        0.249734476
      ]
    ],
    "translation": [
      1.38892019,
      0.8340452,
      -0.7664978
    ]
  },
  {
    "timeStamp": 76359,
    "rotation": [
      [
        0.996839046,
        -0.0174799766,
        -0.07750105
      ],
      [
        -0.06944938,
        0.2820335,
        -0.9568876
      ],
      [
        0.0385842659,
        0.9592453,
        0.279928058
      ]
    ],
    "translation": [
      1.4594605,
      0.816278636,
      -0.7749063
    ]
  },
  {
    "timeStamp": 76404,
    "rotation": [
      [
        0.9984848,
        0.0533233657,
        0.0135927377
      ],
      [
        0.000594378856,
        0.236547232,
        -0.9716198
      ],
      [
        -0.0550253652,
        0.970155656,
        0.236157119
      ]
    ],
    "translation": [
      1.5139153,
      0.8069305,
      -0.7709094
    ]
  },
  {
    "timeStamp": 76458,
    "rotation": [
      [
        0.982801855,
        0.165172517,
        0.0825748
      ],
      [
        0.04140854,
        0.238656,
        -0.9702209
      ],
      [
        -0.179960817,
        0.956954241,
        0.227712
      ]
    ],
    "translation": [
      1.57527637,
      0.805762947,
      -0.761322737
    ]
  },
  {
    "timeStamp": 76503,
    "rotation": [
      [
        0.9497691,
        0.2884448,
        0.121401422
      ],
      [
        0.0530824922,
        0.233819515,
        -0.9708299
      ],
      [
        -0.308416843,
        0.9285085,
        0.206763178
      ]
    ],
    "translation": [
      1.6181947,
      0.811724,
      -0.7470164
    ]
  },
  {
    "timeStamp": 76558,
    "rotation": [
      [
        0.889664,
        0.4332218,
        0.144280538
      ],
      [
        0.0248850361,
        0.2695068,
        -0.9626769
      ],
      [
        -0.4559372,
        0.860049367,
        0.22898975
      ]
    ],
    "translation": [
      1.66851258,
      0.826520741,
      -0.7243326
    ]
  },
  {
    "timeStamp": 76602,
    "rotation": [
      [
        0.82497257,
        0.5438827,
        0.153661713
      ],
      [
        -0.0144971013,
        0.292159021,
        -0.956259847
      ],
      [
        -0.564986944,
        0.7866605,
        0.248907879
      ]
    ],
    "translation": [
      1.70462346,
      0.842278659,
      -0.703140855
    ]
  },
  {
    "timeStamp": 76658,
    "rotation": [
      [
        0.7299594,
        0.6624045,
        0.168462053
      ],
      [
        -0.09411498,
        0.3415381,
        -0.9351439
      ],
      [
        -0.6769797,
        0.6667623,
        0.31165117
      ]
    ],
    "translation": [
      1.75312912,
      0.868845165,
      -0.677024245
    ]
  },
  {
    "timeStamp": 76702,
    "rotation": [
      [
        0.6295533,
        0.757203758,
        0.174083382
      ],
      [
        -0.171969488,
        0.354301453,
        -0.9191828
      ],
      [
        -0.7576867,
        0.5487375,
        0.3532676
      ]
    ],
    "translation": [
      1.79036164,
      0.8953571,
      -0.6531247
    ]
  },
  {
    "timeStamp": 76758,
    "rotation": [
      [
        0.476861566,
        0.858490765,
        0.188670635
      ],
      [
        -0.277136952,
        0.3505466,
        -0.8946017
      ],
      [
        -0.8341451,
        0.374313563,
        0.405081719
      ]
    ],
    "translation": [
      1.84351,
      0.9319632,
      -0.6291601
    ]
  },
  {
    "timeStamp": 76802,
    "rotation": [
      [
        0.373119056,
        0.9020912,
        0.2168261
      ],
      [
        -0.35801968,
        0.355596781,
        -0.8633498
      ],
      [
        -0.855922937,
        0.244504258,
        0.455646366
      ]
    ],
    "translation": [
      1.88552856,
      0.9593952,
      -0.6119933
    ]
  },
  {
    "timeStamp": 76858,
    "rotation": [
      [
        0.236510426,
        0.9301449,
        0.2808794
      ],
      [
        -0.459146231,
        0.3617596,
        -0.811365962
      ],
      [
        -0.856298745,
        0.0629318,
        0.5126325
      ]
    ],
    "translation": [
      1.94313371,
      0.9919087,
      -0.5984473
    ]
  },
  {
    "timeStamp": 76903,
    "rotation": [
      [
        0.150373459,
        0.9233882,
        0.3531884
      ],
      [
        -0.507872343,
        0.378658473,
        -0.7737464
      ],
      [
        -0.848206043,
        -0.0630236939,
        0.5259035
      ]
    ],
    "translation": [
      1.9889462,
      1.00864387,
      -0.5899107
    ]
  },
  {
    "timeStamp": 76959,
    "rotation": [
      [
        0.0707247555,
        0.8839511,
        0.46219945
      ],
      [
        -0.543152332,
        0.422770321,
        -0.725431442
      ],
      [
        -0.8366502,
        -0.199738741,
        0.510020435
      ]
    ],
    "translation": [
      2.046768,
      1.01847756,
      -0.5825565
    ]
  },
  {
    "timeStamp": 77003,
    "rotation": [
      [
        0.0275656357,
        0.848491669,
        0.528490365
      ],
      [
        -0.528671861,
        0.461075485,
        -0.7126819
      ],
      [
        -0.8483786,
        -0.259752452,
        0.461283475
      ]
    ],
    "translation": [
      2.08926415,
      1.01282465,
      -0.5786358
    ]
  },
  {
    "timeStamp": 77059,
    "rotation": [
      [
        -0.0234453585,
        0.81384,
        0.5806159
      ],
      [
        -0.524575531,
        0.4843849,
        -0.70013696
      ],
      [
        -0.851041,
        -0.320991874,
        0.415563971
      ]
    ],
    "translation": [
      2.129348,
      1.00275826,
      -0.577086151
    ]
  },
  {
    "timeStamp": 77109,
    "rotation": [
      [
        -0.0678085461,
        0.777926266,
        0.624686062
      ],
      [
        -0.4614769,
        0.5306675,
        -0.7109367
      ],
      [
        -0.884556949,
        -0.3364858,
        0.32301122
      ]
    ],
    "translation": [
      2.17533445,
      0.977954566,
      -0.5762643
    ]
  },
  {
    "timeStamp": 77154,
    "rotation": [
      [
        -0.08181965,
        0.7495892,
        0.656826854
      ],
      [
        -0.436065674,
        0.56568265,
        -0.699892759
      ],
      [
        -0.8961876,
        -0.343684644,
        0.280586183
      ]
    ],
    "translation": [
      2.197147,
      0.9616157,
      -0.576972961
    ]
  },
  {
    "timeStamp": 77209,
    "rotation": [
      [
        -0.101281516,
        0.771045268,
        0.628674269
      ],
      [
        -0.3651194,
        0.5590184,
        -0.7444369
      ],
      [
        -0.925435,
        -0.304938853,
        0.224905357
      ]
    ],
    "translation": [
      2.21244621,
      0.9346962,
      -0.5785358
    ]
  },
  {
    "timeStamp": 77253,
    "rotation": [
      [
        -0.09929425,
        0.7564822,
        0.646432757
      ],
      [
        -0.3374071,
        0.5855596,
        -0.7370728
      ],
      [
        -0.9361074,
        -0.2912981,
        0.19709976
      ]
    ],
    "translation": [
      2.221414,
      0.9168861,
      -0.5789831
    ]
  },
  {
    "timeStamp": 77309,
    "rotation": [
      [
        -0.100154743,
        0.7683649,
        0.632126868
      ],
      [
        -0.298925042,
        0.58273387,
        -0.7556885
      ],
      [
        -0.9490062,
        -0.264644325,
        0.171319962
      ]
    ],
    "translation": [
      2.22634053,
      0.899269,
      -0.5794627
    ]
  },
  {
    "timeStamp": 77354,
    "rotation": [
      [
        -0.103902332,
        0.762511,
        0.6385776
      ],
      [
        -0.288940072,
        0.59122014,
        -0.7529757
      ],
      [
        -0.951692164,
        -0.262746572,
        0.158890843
      ]
    ],
    "translation": [
      2.22921634,
      0.8899962,
      -0.579043448
    ]
  },
  {
    "timeStamp": 77409,
    "rotation": [
      [
        -0.105033129,
        0.7722839,
        0.6265346
      ],
      [
        -0.27157104,
        0.5837986,
        -0.7651329
      ],
      [
        -0.956669867,
        -0.250512958,
        0.148411751
      ]
    ],
    "translation": [
      2.23068452,
      0.880143762,
      -0.578504264
    ]
  },
  {
    "timeStamp": 77454,
    "rotation": [
      [
        -0.102311462,
        0.76306,
        0.6381785
      ],
      [
        -0.266039133,
        0.5971867,
        -0.756697536
      ],
      [
        -0.9585174,
        -0.247199312,
        0.141904756
      ]
    ],
    "translation": [
      2.23193169,
      0.874696851,
      -0.576593339
    ]
  },
  {
    "timeStamp": 77509,
    "rotation": [
      [
        -0.108630836,
        0.7614399,
        0.639068544
      ],
      [
        -0.262714654,
        0.598026335,
        -0.75719583
      ],
      [
        -0.9587389,
        -0.250147462,
        0.135077313
      ]
    ],
    "translation": [
      2.233174,
      0.8702006,
      -0.5744582
    ]
  },
  {
    "timeStamp": 77555,
    "rotation": [
      [
        -0.109910652,
        0.754442453,
        0.647098362
      ],
      [
        -0.2576514,
        0.6071626,
        -0.751644433
      ],
      [
        -0.959966362,
        -0.249339521,
        0.127649516
      ]
    ],
    "translation": [
      2.23406148,
      0.8669015,
      -0.5722569
    ]
  },
  {
    "timeStamp": 77612,
    "rotation": [
      [
        -0.11640092,
        0.746745944,
        0.6548445
      ],
      [
        -0.233975485,
        0.6201532,
        -0.748775959
      ],
      [
        -0.96524936,
        -0.2403758,
        0.10253384
      ]
    ],
    "translation": [
      2.235559,
      0.8625776,
      -0.5710015
    ]
  }
]