[
  {
    "timeStamp": 20417,
    "rotation": [
      [
        0.999621,
        -0.0269484837,
        -0.005621856
      ],
      [
        0.000893833232,
        -0.17233786,
        0.9850375
      ],
      [
        -0.0275141262,
        -0.9846692,
        -0.172248468
      ]
    ],
    "translation": [
      1.615927,
      0.7029066,
      -0.619608
    ]
  },
  {
    "timeStamp": 20463,
    "rotation": [
      [
        0.999078631,
        -0.0427043624,
        -0.004258641
      ],
      [
        -0.00276765949,
        -0.1631375,
        0.986599445
      ],
      [
        -0.0428268462,
        -0.9856787,
        -0.163105369
      ]
    ],
    "translation": [
      1.61576879,
      0.704015851,
      -0.6192073
    ]
  },
  {
    "timeStamp": 20517,
    "rotation": [
      [
        0.989377,
        -0.140454873,
        0.0374907
      ],
      [
        -0.0515548624,
        -0.09787192,
        0.993862748
      ],
      [
        -0.135923564,
        -0.9852378,
        -0.104073361
      ]
    ],
    "translation": [
      1.6085695,
      0.712332249,
      -0.6244267
    ]
  },
  {
    "timeStamp": 20572,
    "rotation": [
      [
        0.9743267,
        -0.211644858,
        0.07677123
      ],
      [
        -0.103495456,
        -0.118220344,
        0.987579167
      ],
      [
        -0.199940115,
        -0.970170259,
        -0.137089521
      ]
    ],
    "translation": [
      1.60638261,
      0.729091,
      -0.6206237
    ]
  },
  {
    "timeStamp": 20617,
    "rotation": [
      [
        0.9509888,
        -0.2908825,
        0.104917549
      ],
      [
        -0.144385427,
        -0.117667407,
        0.9825005
      ],
      [
        -0.2734468,
        -0.949495554,
        -0.15389958
      ]
    ],
    "translation": [
      1.61034954,
      0.7475357,
      -0.618030131
    ]
  },
  {
    "timeStamp": 20672,
    "rotation": [
      [
        0.902517438,
        -0.4070933,
        0.140489653
      ],
      [
        -0.198820069,
        -0.10449329,
        0.974449456
      ],
      [
        -0.3820116,
        -0.9073898,
        -0.17524533
      ]
    ],
    "translation": [
      1.62115574,
      0.775879264,
      -0.6136176
    ]
  },
  {
    "timeStamp": 20717,
    "rotation": [
      [
        0.8460523,
        -0.509180844,
        0.157893568
      ],
      [
        -0.240972966,
        -0.101080745,
        0.9652537
      ],
      [
        -0.475528717,
        -0.8547032,
        -0.208218426
      ]
    ],
    "translation": [
      1.63753712,
      0.8026056,
      -0.6087118
    ]
  },
  {
    "timeStamp": 20772,
    "rotation": [
      [
        0.753288865,
        -0.6355331,
        0.169273466
      ],
      [
        -0.282445371,
        -0.080168575,
        0.9559276
      ],
      [
        -0.5939532,
        -0.7679001,
        -0.239893481
      ]
    ],
    "translation": [
      1.66568089,
      0.837151,
      -0.6046353
    ]
  },
  {
    "timeStamp": 20817,
    "rotation": [
      [
        0.6695406,
        -0.726665,
        0.153861463
      ],
      [
        -0.3063882,
        -0.081489034,
        0.94841224
      ],
      [
        -0.67664,
        -0.68214184,
        -0.2772018
      ]
    ],
    "translation": [
      1.696824,
      0.863270044,
      -0.6019334
    ]
  },
  {
    "timeStamp": 20872,
    "rotation": [
      [
        0.5457395,
        -0.8267315,
        0.136687323
      ],
      [
        -0.331997931,
        -0.06355501,
        0.9411366
      ],
      [
        -0.769380152,
        -0.5589953,
        -0.3091576
      ]
    ],
    "translation": [
      1.74227476,
      0.895321131,
      -0.600508869
    ]
  },
  {
    "timeStamp": 20917,
    "rotation": [
      [
        0.453154,
        -0.885771334,
        0.100302428
      ],
      [
        -0.345367,
        -0.07071973,
        0.9357993
      ],
      [
        -0.821810842,
        -0.458702356,
        -0.337963134
      ]
    ],
    "translation": [
      1.78478742,
      0.9178268,
      -0.600306451
    ]
  },
  {
    "timeStamp": 20972,
    "rotation": [
      [
        0.330664158,
        -0.9420127,
        0.05721183
      ],
      [
        -0.367843032,
        -0.072817795,
        0.9270324
      ],
      [
        -0.8691103,
        -0.327581376,
        -0.370591074
      ]
    ],
    "translation": [
      1.84225535,
      0.9439986,
      -0.600010753
    ]
  },
  {
    "timeStamp": 21017,
    "rotation": [
      [
        0.247803,
        -0.9686794,
        0.015932044
      ],
      [
        -0.375446051,
        -0.08085898,
        0.9233104
      ],
      [
        -0.89310354,
        -0.234780714,
        -0.383723974
      ]
    ],
    "translation": [
      1.88958347,
      0.959117532,
      -0.60133934
    ]
  },
  {
    "timeStamp": 21072,
    "rotation": [
      [
        0.167976692,
        -0.9849203,
        -0.04142333
      ],
      [
        -0.379960537,
        -0.10346093,
        0.919198453
      ],
      [
        -0.9096229,
        -0.138664678,
        -0.391609848
      ]
    ],
    "translation": [
      1.94739079,
      0.9725345,
      -0.603864849
    ]
  },
  {
    "timeStamp": 21117,
    "rotation": [
      [
        0.122828558,
        -0.9894211,
        -0.07719489
      ],
      [
        -0.3730076,
        -0.118106373,
        0.9202805
      ],
      [
        -0.9196622,
        -0.08424245,
        -0.383568436
      ]
    ],
    "translation": [
      1.98834,
      0.976123631,
      -0.6060128
    ]
  },
  {
    "timeStamp": 21172,
    "rotation": [
      [
        0.0692842752,
        -0.9915256,
        -0.109893993
      ],
      [
        -0.3492982,
        -0.127296925,
        0.928324461
      ],
      [
        -0.934446633,
        -0.0259325225,
        -0.3551578
      ]
    ],
    "translation": [
      2.0342958,
      0.9721277,
      -0.6086809
    ]
  },
  {
    "timeStamp": 21217,
    "rotation": [
      [
        0.0375590734,
        -0.992011249,
        -0.120428689
      ],
      [
        -0.328448147,
        -0.126073077,
        0.9360702
      ],
      [
        -0.943775,
        0.004396638,
        -0.330559462
      ]
    ],
    "translation": [
      2.06377,
      0.9646897,
      -0.608286738
    ]
  },
  {
    "timeStamp": 21269,
    "rotation": [
      [
        0.0258170459,
        -0.991778851,
        -0.1253323
      ],
      [
        -0.2898119,
        -0.127415329,
        0.948564351
      ],
      [
        -0.9567353,
        0.0118336817,
        -0.290718824
      ]
    ],
    "translation": [
      2.09152,
      0.9502642,
      -0.60585314
    ]
  },
  {
    "timeStamp": 21323,
    "rotation": [
      [
        0.0182715487,
        -0.992743552,
        -0.118854709
      ],
      [
        -0.264370084,
        -0.119440712,
        0.95699656
      ],
      [
        -0.96424824,
        0.0139358053,
        -0.264634043
      ]
    ],
    "translation": [
      2.109362,
      0.9331036,
      -0.600676954
    ]
  },
  {
    "timeStamp": 21367,
    "rotation": [
      [
        0.01846497,
        -0.9959934,
        -0.08750017
      ],
      [
        -0.243151829,
        -0.08936103,
        0.9658632
      ],
      [
        -0.9698125,
        0.003441199,
        -0.243827656
      ]
    ],
    "translation": [
      2.1151638,
      0.91891253,
      -0.5948477
    ]
  },
  {
    "timeStamp": 21423,
    "rotation": [
      [
        0.0380336829,
        -0.996656358,
        -0.07231573
      ],
      [
        -0.219797671,
        -0.07893961,
        0.9723464
      ],
      [
        -0.9748038,
        -0.0210870989,
        -0.2220651
      ]
    ],
    "translation": [
      2.11802745,
      0.899086058,
      -0.5867613
    ]
  },
  {
    "timeStamp": 21467,
    "rotation": [
      [
        0.03698711,
        -0.9981379,
        -0.0485043824
      ],
      [
        -0.195167735,
        -0.0548180379,
        0.9792367
      ],
      [
        -0.9800722,
        -0.02675265,
        -0.196831867
      ]
    ],
    "translation": [
      2.119049,
      0.8817636,
      -0.579873443
    ]
  },
  {
    "timeStamp": 21523,
    "rotation": [
      [
        0.0338377766,
        -0.999149263,
        -0.023574587
      ],
      [
        -0.170963392,
        -0.0290271416,
        0.9848497
      ],
      [
        -0.98469615,
        -0.0292947274,
        -0.171800151
      ]
    ],
    "translation": [
      2.1175983,
      0.8609504,
      -0.5711181
    ]
  },
  {
    "timeStamp": 21567,
    "rotation": [
      [
        0.0481681973,
        -0.9986798,
        -0.0178431161
      ],
      [
        -0.157982752,
        -0.0252563618,
        0.98711884
      ],
      [
        -0.9862663,
        -0.0447288342,
        -0.158990741
      ]
    ],
    "translation": [
      2.11618543,
      0.846824169,
      -0.5635901
    ]
  },
  {
    "timeStamp": 21623,
    "rotation": [
      [
        0.0386399068,
        -0.999241352,
        0.00485992059
      ],
      [
        -0.138327435,
        -0.00053216354,
        0.9903864
      ],
      [
        -0.9896325,
        -0.0389406979,
        -0.138243064
      ]
    ],
    "translation": [
      2.114268,
      0.8299537,
      -0.5550674
    ]
  },
  {
    "timeStamp": 21668,
    "rotation": [
      [
        0.040086966,
        -0.9991961,
        0.000451029715
      ],
      [
        -0.123743057,
        -0.004516556,
        0.992304
      ],
      [
        -0.9915043,
        -0.03983427,
        -0.123824634
      ]
    ],
    "translation": [
      2.11521244,
      0.8175655,
      -0.549156964
    ]
  },
  {
    "timeStamp": 21714,
    "rotation": [
      [
        0.0370869525,
        -0.9993119,
        0.000495012966
      ],
      [
        -0.110305458,
        -0.00360138249,
        0.9938912
      ],
      [
        -0.9932055,
        -0.0369149968,
        -0.110363126
      ]
    ],
    "translation": [
      2.11549616,
      0.8057364,
      -0.5437851
    ]
  },
  {
    "timeStamp": 21771,
    "rotation": [
      [
        0.03114326,
        -0.9994716,
        -0.009305722
      ],
      [
        -0.09437431,
        -0.0122090662,
        0.995461941
      ],
      [
        -0.995049536,
        -0.0301237125,
        -0.09470467
      ]
    ],
    "translation": [
      2.11700749,
      0.79156816,
      -0.538646
    ]
  },
  {
    "timeStamp": 21816,
    "rotation": [
      [
        0.0205999464,
        -0.999491751,
        -0.0243276525
      ],
      [
        -0.0902375653,
        -0.026092235,
        0.9955784
      ],
      [
        -0.9957072,
        -0.0183135923,
        -0.0907292
      ]
    ],
    "translation": [
      2.120105,
      0.7818383,
      -0.5346024
    ]
  },
  {
    "timeStamp": 21872,
    "rotation": [
      [
        0.007584772,
        -0.9987909,
        -0.0485708155
      ],
      [
        -0.08943137,
        -0.0490551069,
        0.994784236
      ],
      [
        -0.9959641,
        -0.00320147816,
        -0.08969532
      ]
    ],
    "translation": [
      2.12442,
      0.7708649,
      -0.5286522
    ]
  },
  {
    "timeStamp": 21916,
    "rotation": [
      [
        -0.00328957033,
        -0.998448431,
        -0.0555863827
      ],
      [
        -0.0835471,
        -0.05511793,
        0.994978368
      ],
      [
        -0.9964984,
        0.007917105,
        -0.08323616
      ]
    ],
    "translation": [
      2.12676048,
      0.7625833,
      -0.5250668
    ]
  },
  {
    "timeStamp": 21976,
    "rotation": [
      [
        -0.00582528766,
        -0.997765958,
        -0.0665508956
      ],
      [
        -0.0882904157,
        -0.06577893,
        0.9939205
      ],
      [
        -0.9960777,
        0.0116656618,
        -0.08770999
      ]
    ],
    "translation": [
      2.12884331,
      0.753987849,
      -0.5204462
    ]
  },
  {
    "timeStamp": 22015,
    "rotation": [
      [
        -0.000847640156,
        -0.997255,
        -0.0740381852
      ],
      [
        -0.0880469456,
        -0.07367625,
        0.993387938
      ],
      [
        -0.9961159,
        0.00736084767,
        -0.08774281
      ]
    ],
    "translation": [
      2.129583,
      0.747622967,
      -0.5171526
    ]
  },
  {
    "timeStamp": 22070,
    "rotation": [
      [
        -0.00456998637,
        -0.997285247,
        -0.07349324
      ],
      [
        -0.07591658,
        -0.07293591,
        0.994443059
      ],
      [
        -0.9971037,
        0.0101239607,
        -0.0753771663
      ]
    ],
    "translation": [
      2.13099957,
      0.739708,
      -0.5157603
    ]
  },
  {
    "timeStamp": 22115,
    "rotation": [
      [
        -0.009322113,
        -0.997534,
        -0.0695627853
      ],
      [
        -0.0700667,
        -0.06874321,
        0.995170832
      ],
      [
        -0.997498751,
        0.0141511532,
        -0.06925309
      ]
    ],
    "translation": [
      2.13167262,
      0.7344688,
      -0.515088558
    ]
  },
  {
    "timeStamp": 22171,
    "rotation": [
      [
        -0.007862619,
        -0.998166263,
        -0.06001876
      ],
      [
        -0.0564537533,
        -0.0594817959,
        0.9966318
      ],
      [
        -0.9983742,
        0.0112243919,
        -0.0558825545
      ]
    ],
    "translation": [
      2.13178563,
      0.7278043,
      -0.5146717
    ]
  },
  {
    "timeStamp": 22215,
    "rotation": [
      [
        -0.01336736,
        -0.9993225,
        -0.0342904776
      ],
      [
        -0.0430294462,
        -0.0336868726,
        0.9985057
      ],
      [
        -0.9989844,
        0.0148228882,
        -0.0425499864
      ]
    ],
    "translation": [
      2.1323607,
      0.7270962,
      -0.514976
    ]
  },
  {
    "timeStamp": 22271,
    "rotation": [
      [
        -0.0153597221,
        -0.9997377,
        -0.0169876777
      ],
      [
        -0.0246795863,
        -0.0166054443,
        0.9995575
      ],
      [
        -0.9995774,
        0.01577217,
        -0.0244180579
      ]
    ],
    "translation": [
      2.13249636,
      0.7257907,
      -0.514853358
    ]
  },
  {
    "timeStamp": 22315,
    "rotation": [
      [
        -0.01545879,
        -0.9990766,
        -0.04008623
      ],
      [
        -0.0224305838,
        -0.03973442,
        0.998958468
      ],
      [
        -0.999628842,
        0.0163418557,
        -0.0217956249
      ]
    ],
    "translation": [
      2.13239121,
      0.725202858,
      -0.514988363
    ]
  },
  {
    "timeStamp": 22371,
    "rotation": [
      [
        -0.0140493028,
        -0.998847663,
        -0.04589106
      ],
      [
        -0.0370010957,
        -0.0453448147,
        0.9982859
      ],
      [
        -0.9992165,
        0.0157232638,
        -0.0363213941
      ]
    ],
    "translation": [
      2.13230515,
      0.724973142,
      -0.5149169
    ]
  }
]