[
  {
    "timeStamp": 39919,
    "rotation": [
      [
        -0.9215787,
        0.343261659,
        0.181284457
      ],
      [
        0.31833446,
        0.935528338,
        -0.153133571
      ],
      [
        -0.222161636,
        -0.08341555,
        -0.971435
      ]
    ],
    "translation": [
      1.45190048,
      0.708255649,
      -0.5750142
    ]
  },
  {
    "timeStamp": 39963,
    "rotation": [
      [
        -0.931899846,
        0.303823918,
        0.198125586
      ],
      [
        0.276813775,
        0.9486968,
        -0.1528024
      ],
      [
        -0.234386131,
        -0.08755264,
        -0.968193
      ]
    ],
    "translation": [
      1.451243,
      0.708735347,
      -0.5751784
    ]
  },
  {
    "timeStamp": 40019,
    "rotation": [
      [
        -0.9456187,
        0.2579961,
        0.198099151
      ],
      [
        0.229593322,
        0.960806966,
        -0.155360237
      ],
      [
        -0.230417386,
        -0.1014293,
        -0.967791259
      ]
    ],
    "translation": [
      1.451098,
      0.708510637,
      -0.5753491
    ]
  },
  {
    "timeStamp": 40063,
    "rotation": [
      [
        -0.9497712,
        0.230811492,
        0.211330771
      ],
      [
        0.201232865,
        0.9676124,
        -0.152419224
      ],
      [
        -0.239666373,
        -0.1022367,
        -0.965457261
      ]
    ],
    "translation": [
      1.45060754,
      0.7082706,
      -0.575545549
    ]
  },
  {
    "timeStamp": 40120,
    "rotation": [
      [
        -0.9500287,
        0.240375921,
        0.199160576
      ],
      [
        0.208660632,
        0.963524342,
        -0.167575657
      ],
      [
        -0.232177213,
        -0.117644712,
        -0.9655327
      ]
    ],
    "translation": [
      1.450934,
      0.7085779,
      -0.575842142
    ]
  },
  {
    "timeStamp": 40163,
    "rotation": [
      [
        -0.9413312,
        0.2923899,
        0.168533981
      ],
      [
        0.2605041,
        0.9470043,
        -0.187937513
      ],
      [
        -0.214553431,
        -0.133007661,
        -0.967613459
      ]
    ],
    "translation": [
      1.45195568,
      0.709244,
      -0.576056957
    ]
  },
  {
    "timeStamp": 40219,
    "rotation": [
      [
        -0.922746837,
        0.3693736,
        0.110006362
      ],
      [
        0.348593235,
        0.921627,
        -0.170547768
      ],
      [
        -0.16438067,
        -0.119024947,
        -0.9791895
      ]
    ],
    "translation": [
      1.45300186,
      0.715650141,
      -0.5792053
    ]
  },
  {
    "timeStamp": 40263,
    "rotation": [
      [
        -0.916383147,
        0.393212527,
        0.07500555
      ],
      [
        0.37371558,
        0.907514751,
        -0.191712439
      ],
      [
        -0.143452376,
        -0.1476513,
        -0.9785809
      ]
    ],
    "translation": [
      1.45947683,
      0.7310988,
      -0.577461243
    ]
  },
  {
    "timeStamp": 40319,
    "rotation": [
      [
        -0.906951,
        0.420495272,
        0.0249703061
      ],
      [
        0.404708952,
        0.8862764,
        -0.22522141
      ],
      [
        -0.116835132,
        -0.194159076,
        -0.9739876
      ]
    ],
    "translation": [
      1.4709636,
      0.7560113,
      -0.5755223
    ]
  },
  {
    "timeStamp": 40363,
    "rotation": [
      [
        -0.8947023,
        0.4463406,
        -0.0169651881
      ],
      [
        0.43594563,
        0.864334345,
        -0.2507539
      ],
      [
        -0.0972580463,
        -0.231746,
        -0.9679021
      ]
    ],
    "translation": [
      1.48228443,
      0.7790605,
      -0.575365067
    ]
  },
  {
    "timeStamp": 40419,
    "rotation": [
      [
        -0.883704,
        0.465114266,
        -0.0523057058
      ],
      [
        0.458627015,
        0.838189065,
        -0.29512766
      ],
      [
        -0.09342602,
        -0.2847943,
        -0.95402503
      ]
    ],
    "translation": [
      1.49961877,
      0.8109218,
      -0.577411
    ]
  },
  {
    "timeStamp": 40463,
    "rotation": [
      [
        -0.873875141,
        0.477891117,
        -0.08923201
      ],
      [
        0.4789234,
        0.814727247,
        -0.326882
      ],
      [
        -0.08351426,
        -0.328389347,
        -0.9408431
      ]
    ],
    "translation": [
      1.51773643,
      0.837215,
      -0.581813633
    ]
  },
  {
    "timeStamp": 40519,
    "rotation": [
      [
        -0.862865865,
        0.484108061,
        -0.145264864
      ],
      [
        0.5017338,
        0.785702765,
        -0.361848563
      ],
      [
        -0.061038807,
        -0.385111064,
        -0.9208495
      ]
    ],
    "translation": [
      1.547026,
      0.8691677,
      -0.591353
    ]
  },
  {
    "timeStamp": 40564,
    "rotation": [
      [
        -0.856679,
        0.476668715,
        -0.1972003
      ],
      [
        0.514727652,
        0.764686644,
        -0.387698084
      ],
      [
        -0.0340071246,
        -0.433637261,
        -0.9004456
      ]
    ],
    "translation": [
      1.57660234,
      0.894114256,
      -0.60241574
    ]
  },
  {
    "timeStamp": 40619,
    "rotation": [
      [
        -0.846355736,
        0.455868065,
        -0.2754385
      ],
      [
        0.53225565,
        0.7429778,
        -0.4058176
      ],
      [
        0.0196454152,
        -0.490069747,
        -0.8714618
      ]
    ],
    "translation": [
      1.62061691,
      0.920267165,
      -0.622324
    ]
  },
  {
    "timeStamp": 40663,
    "rotation": [
      [
        -0.842633545,
        0.428025961,
        -0.326745272
      ],
      [
        0.5346573,
        0.73726064,
        -0.413023353
      ],
      [
        0.06411173,
        -0.5227241,
        -0.850087762
      ]
    ],
    "translation": [
      1.65910208,
      0.935906,
      -0.642639339
    ]
  },
  {
    "timeStamp": 40719,
    "rotation": [
      [
        -0.844219565,
        0.3806103,
        -0.3773979
      ],
      [
        0.52323705,
        0.737928748,
        -0.426244259
      ],
      [
        0.1162598,
        -0.5573123,
        -0.8221233
      ]
    ],
    "translation": [
      1.70970082,
      0.9503698,
      -0.6701018
    ]
  },
  {
    "timeStamp": 40763,
    "rotation": [
      [
        -0.850586951,
        0.334830523,
        -0.405450761
      ],
      [
        0.501708269,
        0.7476485,
        -0.43509835
      ],
      [
        0.157450423,
        -0.573506951,
        -0.8039273
      ]
    ],
    "translation": [
      1.75178254,
      0.957952559,
      -0.6924377
    ]
  },
  {
    "timeStamp": 40819,
    "rotation": [
      [
        -0.853197455,
        0.265270352,
        -0.4490944
      ],
      [
        0.471841782,
        0.7595065,
        -0.4477892
      ],
      [
        0.222304925,
        -0.5939541,
        -0.7731747
      ]
    ],
    "translation": [
      1.80722392,
      0.965235531,
      -0.718599558
    ]
  },
  {
    "timeStamp": 40863,
    "rotation": [
      [
        -0.8359961,
        0.2068118,
        -0.508271
      ],
      [
        0.462840378,
        0.763325155,
        -0.4506811
      ],
      [
        0.294769853,
        -0.612015963,
        -0.7338577
      ]
    ],
    "translation": [
      1.85334539,
      0.970900536,
      -0.738494158
    ]
  },
  {
    "timeStamp": 40920,
    "rotation": [
      [
        -0.7901739,
        0.130278274,
        -0.598876238
      ],
      [
        0.467916548,
        0.759321034,
        -0.452200949
      ],
      [
        0.395827353,
        -0.6375415,
        -0.660955
      ]
    ],
    "translation": [
      1.90902078,
      0.9794216,
      -0.7614534
    ]
  },
  {
    "timeStamp": 40963,
    "rotation": [
      [
        -0.744351,
        0.06971147,
        -0.6641399
      ],
      [
        0.478783965,
        0.749007165,
        -0.457989246
      ],
      [
        0.465518475,
        -0.6588843,
        -0.590901
      ]
    ],
    "translation": [
      1.95034182,
      0.9883539,
      -0.777299
    ]
  },
  {
    "timeStamp": 41018,
    "rotation": [
      [
        -0.6974856,
        0.007441892,
        -0.7165601
      ],
      [
        0.493883,
        0.7295201,
        -0.473159552
      ],
      [
        0.519223869,
        -0.683918834,
        -0.5125052
      ]
    ],
    "translation": [
      1.99301338,
      1.00139189,
      -0.7908193
    ]
  },
  {
    "timeStamp": 41062,
    "rotation": [
      [
        -0.6646803,
        -0.03006888,
        -0.746522546
      ],
      [
        0.5096334,
        0.712397337,
        -0.482456
      ],
      [
        0.5463276,
        -0.7011319,
        -0.458192348
      ]
    ],
    "translation": [
      2.021979,
      1.01124251,
      -0.7961344
    ]
  },
  {
    "timeStamp": 41118,
    "rotation": [
      [
        -0.63194865,
        -0.0616581552,
        -0.7725537
      ],
      [
        0.5280807,
        0.69534713,
        -0.487466067
      ],
      [
        0.567249238,
        -0.7160242,
        -0.406863183
      ]
    ],
    "translation": [
      2.05321,
      1.02056468,
      -0.796870768
    ]
  },
  {
    "timeStamp": 41164,
    "rotation": [
      [
        -0.6065815,
        -0.06976972,
        -0.791954
      ],
      [
        0.546523,
        0.6868531,
        -0.479109
      ],
      [
        0.577383339,
        -0.7234397,
        -0.378501624
      ]
    ],
    "translation": [
      2.07496071,
      1.02460408,
      -0.792536557
    ]
  },
  {
    "timeStamp": 41213,
    "rotation": [
      [
        -0.575773537,
        -0.060764838,
        -0.8153481
      ],
      [
        0.569953144,
        0.6851639,
        -0.4535459
      ],
      [
        0.586206734,
        -0.7258499,
        -0.3598661
      ]
    ],
    "translation": [
      2.09826684,
      1.0234195,
      -0.781812251
    ]
  },
  {
    "timeStamp": 41269,
    "rotation": [
      [
        -0.5563738,
        -0.04070628,
        -0.8299344
      ],
      [
        0.5891278,
        0.68504107,
        -0.428540766
      ],
      [
        0.585983455,
        -0.727366269,
        -0.3571577
      ]
    ],
    "translation": [
      2.11706638,
      1.01828444,
      -0.7653481
    ]
  },
  {
    "timeStamp": 41313,
    "rotation": [
      [
        -0.55730474,
        -0.0180435,
        -0.8301119
      ],
      [
        0.5998222,
        0.6825534,
        -0.417533368
      ],
      [
        0.574129462,
        -0.730612934,
        -0.369567364
      ]
    ],
    "translation": [
      2.12914062,
      1.011771,
      -0.7473297
    ]
  },
  {
    "timeStamp": 41369,
    "rotation": [
      [
        -0.551041,
        0.0376311354,
        -0.8336292
      ],
      [
        0.6175783,
        0.690228164,
        -0.3770704
      ],
      [
        0.5612048,
        -0.72261256,
        -0.4035842
      ]
    ],
    "translation": [
      2.139105,
      0.9957379,
      -0.7206791
    ]
  },
  {
    "timeStamp": 41413,
    "rotation": [
      [
        -0.5530584,
        0.0709565952,
        -0.8301154
      ],
      [
        0.6217005,
        0.6984387,
        -0.35450235
      ],
      [
        0.5546304,
        -0.71214366,
        -0.430391133
      ]
    ],
    "translation": [
      2.14558578,
      0.9799428,
      -0.698568642
    ]
  },
  {
    "timeStamp": 41469,
    "rotation": [
      [
        -0.549643338,
        0.12045338,
        -0.826669931
      ],
      [
        0.6299572,
        0.7096822,
        -0.3154441
      ],
      [
        0.54867667,
        -0.6941484,
        -0.4659526
      ]
    ],
    "translation": [
      2.15048075,
      0.9579499,
      -0.671166658
    ]
  },
  {
    "timeStamp": 41513,
    "rotation": [
      [
        -0.540668666,
        0.1594118,
        -0.825993538
      ],
      [
        0.6409565,
        0.713996053,
        -0.281752467
      ],
      [
        0.5448414,
        -0.681760669,
        -0.488211334
      ]
    ],
    "translation": [
      2.15179873,
      0.940522432,
      -0.649733067
    ]
  },
  {
    "timeStamp": 41570,
    "rotation": [
      [
        -0.5570977,
        0.205824226,
        -0.8045362
      ],
      [
        0.647635937,
        0.7140984,
        -0.2657652
      ],
      [
        0.5198171,
        -0.669103742,
        -0.531121731
      ]
    ],
    "translation": [
      2.150484,
      0.922262,
      -0.622685969
    ]
  },
  {
    "timeStamp": 41615,
    "rotation": [
      [
        -0.5655618,
        0.2357723,
        -0.7902856
      ],
      [
        0.6477476,
        0.7201126,
        -0.2487185
      ],
      [
        0.5104537,
        -0.6525712,
        -0.559989154
      ]
    ],
    "translation": [
      2.14813781,
      0.907967031,
      -0.605682
    ]
  },
  {
    "timeStamp": 41672,
    "rotation": [
      [
        -0.5741932,
        0.259906143,
        -0.7763704
      ],
      [
        0.638735831,
        0.7354245,
        -0.226201832
      ],
      [
        0.512170553,
        -0.625779152,
        -0.5882871
      ]
    ],
    "translation": [
      2.145559,
      0.8908526,
      -0.5891375
    ]
  },
  {
    "timeStamp": 41717,
    "rotation": [
      [
        -0.581055939,
        0.278522253,
        -0.764721751
      ],
      [
        0.6350901,
        0.742767036,
        -0.212032318
      ],
      [
        0.508954346,
        -0.608869851,
        -0.6084759
      ]
    ],
    "translation": [
      2.14293432,
      0.8785606,
      -0.5783148
    ]
  },
  {
    "timeStamp": 41763,
    "rotation": [
      [
        -0.5911553,
        0.290412754,
        -0.7524599
      ],
      [
        0.624878764,
        0.7547707,
        -0.199619114
      ],
      [
        0.5099627,
        -0.588202059,
        -0.62765944
      ]
    ],
    "translation": [
      2.14055538,
      0.867478967,
      -0.570375264
    ]
  },
  {
    "timeStamp": 41818,
    "rotation": [
      [
        -0.609757662,
        0.2988167,
        -0.7341009
      ],
      [
        0.609594166,
        0.768755257,
        -0.193417281
      ],
      [
        0.50654763,
        -0.5654413,
        -0.6509114
      ]
    ],
    "translation": [
      2.1381793,
      0.854881,
      -0.562154233
    ]
  },
  {
    "timeStamp": 41863,
    "rotation": [
      [
        -0.637026668,
        0.300464541,
        -0.709871948
      ],
      [
        0.589948,
        0.7827651,
        -0.1980913
      ],
      [
        0.49614355,
        -0.54497695,
        -0.6759007
      ]
    ],
    "translation": [
      2.136566,
      0.846142769,
      -0.556283653
    ]
  },
  {
    "timeStamp": 41918,
    "rotation": [
      [
        -0.6711099,
        0.3041941,
        -0.676075041
      ],
      [
        0.567054451,
        0.798067868,
        -0.203806236
      ],
      [
        0.477557123,
        -0.520147741,
        -0.708085835
      ]
    ],
    "translation": [
      2.13339019,
      0.8300321,
      -0.5518368
    ]
  },
  {
    "timeStamp": 41963,
    "rotation": [
      [
        -0.698629737,
        0.308096528,
        -0.64575
      ],
      [
        0.55362463,
        0.8045015,
        -0.215121225
      ],
      [
        0.4532287,
        -0.5077932,
        -0.732618451
      ]
    ],
    "translation": [
      2.13180637,
      0.8248064,
      -0.546644151
    ]
  },
  {
    "timeStamp": 42018,
    "rotation": [
      [
        -0.734078646,
        0.315849841,
        -0.6011385
      ],
      [
        0.535104632,
        0.814074755,
        -0.2257109
      ],
      [
        0.418080866,
        -0.487361521,
        -0.7666076
      ]
    ],
    "translation": [
      2.12834573,
      0.819905758,
      -0.5406076
    ]
  },
  {
    "timeStamp": 42063,
    "rotation": [
      [
        -0.755823851,
        0.323374033,
        -0.5693502
      ],
      [
        0.527570069,
        0.8157755,
        -0.237023562
      ],
      [
        0.387814671,
        -0.479520172,
        -0.787185
      ]
    ],
    "translation": [
      2.126246,
      0.817628562,
      -0.5358401
    ]
  },
  {
    "timeStamp": 42118,
    "rotation": [
      [
        -0.778700054,
        0.322664529,
        -0.538064957
      ],
      [
        0.5170471,
        0.8158129,
        -0.2590593
      ],
      [
        0.355371028,
        -0.479934424,
        -0.802106261
      ]
    ],
    "translation": [
      2.125691,
      0.8170333,
      -0.529560745
    ]
  },
  {
    "timeStamp": 42163,
    "rotation": [
      [
        -0.8021896,
        0.318301857,
        -0.5051493
      ],
      [
        0.5006869,
        0.8195351,
        -0.2787023
      ],
      [
        0.3252761,
        -0.4764937,
        -0.8167921
      ]
    ],
    "translation": [
      2.12579322,
      0.816124558,
      -0.5247642
    ]
  },
  {
    "timeStamp": 42218,
    "rotation": [
      [
        -0.8361073,
        0.306321621,
        -0.4550732
      ],
      [
        0.469417334,
        0.828777552,
        -0.304590046
      ],
      [
        0.283851951,
        -0.468289226,
        -0.836739659
      ]
    ],
    "translation": [
      2.12594557,
      0.8149768,
      -0.519372
    ]
  },
  {
    "timeStamp": 42263,
    "rotation": [
      [
        -0.8610685,
        0.292676,
        -0.415814579
      ],
      [
        0.4393667,
        0.8398809,
        -0.318680167
      ],
      [
        0.255964637,
        -0.4571005,
        -0.8517871
      ]
    ],
    "translation": [
      2.12715554,
      0.81350404,
      -0.5163469
    ]
  },
  {
    "timeStamp": 42318,
    "rotation": [
      [
        -0.887970567,
        0.2827344,
        -0.362725049
      ],
      [
        0.406526029,
        0.85133785,
        -0.331602842
      ],
      [
        0.215046033,
        -0.4419107,
        -0.8709019
      ]
    ],
    "translation": [
      2.1260767,
      0.8122234,
      -0.5137948
    ]
  },
  {
    "timeStamp": 42363,
    "rotation": [
      [
        -0.906586349,
        0.2719857,
        -0.3226838
      ],
      [
        0.377979964,
        0.8633878,
        -0.334204376
      ],
      [
        0.187702447,
        -0.424953133,
        -0.885540843
      ]
    ],
    "translation": [
      2.12562275,
      0.811323345,
      -0.513764262
    ]
  },
  {
    "timeStamp": 42418,
    "rotation": [
      [
        -0.9191255,
        0.252551854,
        -0.302367181
      ],
      [
        0.351713777,
        0.871808648,
        -0.3409504
      ],
      [
        0.177498654,
        -0.419722885,
        -0.8901275
      ]
    ],
    "translation": [
      2.12727141,
      0.8128436,
      -0.514666736
    ]
  }
]