[
  {
    "timeStamp": 4334,
    "rotation": [
      [
        0.0281641,
        0.9995991,
        -0.0028954898
      ],
      [
        -0.0111421943,
        0.003210392,
        0.999932766
      ],
      [
        0.9995412,
        -0.0281299427,
        0.0112281451
      ]
    ],
    "translation": [
      1.15315127,
      0.705444336,
      -0.620396
    ]
  },
  {
    "timeStamp": 4389,
    "rotation": [
      [
        0.0579562746,
        0.9976726,
        0.0359222442
      ],
      [
        -0.0118701765,
        -0.03529152,
        0.99930656
      ],
      [
        0.9982485,
        -0.05834249,
        0.009797186
      ]
    ],
    "translation": [
      1.14992082,
      0.7206081,
      -0.614578247
    ]
  },
  {
    "timeStamp": 4434,
    "rotation": [
      [
        0.0823387,
        0.9934423,
        0.07932644
      ],
      [
        -0.0276951548,
        -0.07728509,
        0.9966243
      ],
      [
        0.9962195,
        -0.08425771,
        0.0211499855
      ]
    ],
    "translation": [
      1.14874065,
      0.7422409,
      -0.6131207
    ]
  },
  {
    "timeStamp": 4489,
    "rotation": [
      [
        0.09045856,
        0.9837186,
        0.1552902
      ],
      [
        -0.03916743,
        -0.15229474,
        0.9875587
      ],
      [
        0.995129764,
        -0.09541545,
        0.0247533675
      ]
    ],
    "translation": [
      1.1506747,
      0.7844964,
      -0.617171168
    ]
  },
  {
    "timeStamp": 4534,
    "rotation": [
      [
        0.0999148041,
        0.971525133,
        0.214839324
      ],
      [
        -0.0382769257,
        -0.212006956,
        0.9765183
      ],
      [
        0.9942595,
        -0.105792023,
        0.0160043631
      ]
    ],
    "translation": [
      1.15824366,
      0.82499826,
      -0.6224765
    ]
  },
  {
    "timeStamp": 4590,
    "rotation": [
      [
        0.1174675,
        0.946156561,
        0.301644057
      ],
      [
        -0.08061862,
        -0.293658882,
        0.952504635
      ],
      [
        0.989798963,
        -0.136206463,
        0.04178246
      ]
    ],
    "translation": [
      1.17641044,
      0.8807537,
      -0.6349739
    ]
  },
  {
    "timeStamp": 4634,
    "rotation": [
      [
        0.14936012,
        0.92919457,
        0.338066429
      ],
      [
        -0.110212773,
        -0.324126184,
        0.9395719
      ],
      [
        0.9826213,
        -0.1775938,
        0.0539975874
      ]
    ],
    "translation": [
      1.20036435,
      0.917407155,
      -0.6426364
    ]
  },
  {
    "timeStamp": 4693,
    "rotation": [
      [
        0.189434484,
        0.9059223,
        0.378707349
      ],
      [
        -0.205893457,
        -0.340467036,
        0.917436659
      ],
      [
        0.960063756,
        -0.251767516,
        0.122027285
      ]
    ],
    "translation": [
      1.23828638,
      0.95193404,
      -0.6578518
    ]
  },
  {
    "timeStamp": 4734,
    "rotation": [
      [
        0.224761069,
        0.8969475,
        0.3807462
      ],
      [
        -0.29366374,
        -0.3102243,
        0.9041695
      ],
      [
        0.929109335,
        -0.315033466,
        0.193674624
      ]
    ],
    "translation": [
      1.27330494,
      0.962317,
      -0.675076962
    ]
  },
  {
    "timeStamp": 4789,
    "rotation": [
      [
        0.2401133,
        0.9081725,
        0.342882544
      ],
      [
        -0.366731256,
        -0.242176756,
        0.8982531
      ],
      [
        0.8988069,
        -0.34142828,
        0.274905354
      ]
    ],
    "translation": [
      1.32073748,
      0.9559982,
      -0.7090918
    ]
  },
  {
    "timeStamp": 4834,
    "rotation": [
      [
        0.252805263,
        0.9161172,
        0.311157078
      ],
      [
        -0.3822767,
        -0.200856239,
        0.9019542
      ],
      [
        0.8887936,
        -0.346966833,
        0.299432755
      ]
    ],
    "translation": [
      1.35990667,
      0.945542,
      -0.7388309
    ]
  },
  {
    "timeStamp": 4889,
    "rotation": [
      [
        0.259020418,
        0.924217641,
        0.280588955
      ],
      [
        -0.385405183,
        -0.16747649,
        0.9074219
      ],
      [
        0.885647357,
        -0.343181223,
        0.312818438
      ]
    ],
    "translation": [
      1.40953565,
      0.934356332,
      -0.7773487
    ]
  },
  {
    "timeStamp": 4934,
    "rotation": [
      [
        0.297857583,
        0.9198949,
        0.255096853
      ],
      [
        -0.363386154,
        -0.13784714,
        0.9213841
      ],
      [
        0.882740855,
        -0.3671399,
        0.293218225
      ]
    ],
    "translation": [
      1.45347214,
      0.926596463,
      -0.79622364
    ]
  },
  {
    "timeStamp": 4989,
    "rotation": [
      [
        0.355066031,
        0.8937715,
        0.2740448
      ],
      [
        -0.382164776,
        -0.1287569,
        0.9150802
      ],
      [
        0.853157759,
        -0.429644138,
        0.2958508
      ]
    ],
    "translation": [
      1.5076524,
      0.9279373,
      -0.8098008
    ]
  },
  {
    "timeStamp": 5034,
    "rotation": [
      [
        0.4278034,
        0.8477832,
        0.31344524
      ],
      [
        -0.40683642,
        -0.129059553,
        0.9043383
      ],
      [
        0.80713594,
        -0.514399946,
        0.289696962
      ]
    ],
    "translation": [
      1.55308008,
      0.9371435,
      -0.8055381
    ]
  },
  {
    "timeStamp": 5089,
    "rotation": [
      [
        0.5080457,
        0.7846198,
        0.355332643
      ],
      [
        -0.391159683,
        -0.157372087,
        0.906767964
      ],
      [
        0.767387569,
        -0.5996713,
        0.226959437
      ]
    ],
    "translation": [
      1.61558533,
      0.9570539,
      -0.7859325
    ]
  },
  {
    "timeStamp": 5134,
    "rotation": [
      [
        0.589422,
        0.7107292,
        0.383986622
      ],
      [
        -0.364811629,
        -0.189915389,
        0.9115068
      ],
      [
        0.7207594,
        -0.6773449,
        0.147341952
      ]
    ],
    "translation": [
      1.67331314,
      0.980850637,
      -0.756157756
    ]
  },
  {
    "timeStamp": 5189,
    "rotation": [
      [
        0.6905337,
        0.5961937,
        0.409531832
      ],
      [
        -0.342610359,
        -0.229041085,
        0.91113025
      ],
      [
        0.6370097,
        -0.769476,
        0.04610153
      ]
    ],
    "translation": [
      1.75623024,
      1.01859951,
      -0.7128171
    ]
  },
  {
    "timeStamp": 5234,
    "rotation": [
      [
        0.771699548,
        0.5260598,
        0.357408643
      ],
      [
        -0.255635619,
        -0.258007139,
        0.9317096
      ],
      [
        0.582348943,
        -0.8103663,
        -0.06462437
      ]
    ],
    "translation": [
      1.83226693,
      1.04942167,
      -0.6762334
    ]
  },
  {
    "timeStamp": 5289,
    "rotation": [
      [
        0.8346927,
        0.504410267,
        0.221039087
      ],
      [
        -0.1062018,
        -0.246402532,
        0.963331163
      ],
      [
        0.540378749,
        -0.827560246,
        -0.152101129
      ]
    ],
    "translation": [
      1.92425025,
      1.08351743,
      -0.6442215
    ]
  },
  {
    "timeStamp": 5334,
    "rotation": [
      [
        0.839393437,
        0.5407745,
        0.0546037368
      ],
      [
        0.03226284,
        -0.149858356,
        0.988180935
      ],
      [
        0.542565942,
        -0.8277109,
        -0.143237039
      ]
    ],
    "translation": [
      1.99293756,
      1.09540069,
      -0.632247865
    ]
  },
  {
    "timeStamp": 5389,
    "rotation": [
      [
        0.7890091,
        0.547717333,
        -0.278335243
      ],
      [
        0.282919258,
        0.07823048,
        0.955948055
      ],
      [
        0.5453636,
        -0.8329981,
        -0.0932352245
      ]
    ],
    "translation": [
      2.079392,
      1.08599663,
      -0.6211072
    ]
  },
  {
    "timeStamp": 5434,
    "rotation": [
      [
        0.646986544,
        0.5241307,
        -0.5538009
      ],
      [
        0.456190765,
        0.315897137,
        0.831924856
      ],
      [
        0.610981464,
        -0.790883064,
        -0.0347223729
      ]
    ],
    "translation": [
      2.14474416,
      1.07680583,
      -0.621871531
    ]
  },
  {
    "timeStamp": 5489,
    "rotation": [
      [
        0.506253064,
        0.43473655,
        -0.7447899
      ],
      [
        0.458188027,
        0.5960673,
        0.659369
      ],
      [
        0.7305967,
        -0.6750614,
        0.102569833
      ]
    ],
    "translation": [
      2.200463,
      1.053197,
      -0.637979
    ]
  },
  {
    "timeStamp": 5543,
    "rotation": [
      [
        0.420993537,
        0.388372421,
        -0.8197141
      ],
      [
        0.420488238,
        0.717172265,
        0.5557459
      ],
      [
        0.803712666,
        -0.5786456,
        0.138618872
      ]
    ],
    "translation": [
      2.22492266,
      1.03537512,
      -0.647061646
    ]
  },
  {
    "timeStamp": 5585,
    "rotation": [
      [
        0.285365522,
        0.293705016,
        -0.9123069
      ],
      [
        0.3620269,
        0.8483337,
        0.3863501
      ],
      [
        0.8874137,
        -0.440530658,
        0.135756075
      ]
    ],
    "translation": [
      2.24871421,
      1.01793909,
      -0.648667
    ]
  },
  {
    "timeStamp": 5639,
    "rotation": [
      [
        0.218619421,
        0.2350312,
        -0.9470828
      ],
      [
        0.3121514,
        0.9027181,
        0.296076834
      ],
      [
        0.9245361,
        -0.3603614,
        0.123986386
      ]
    ],
    "translation": [
      2.26154327,
      0.9988164,
      -0.6424058
    ]
  },
  {
    "timeStamp": 5684,
    "rotation": [
      [
        0.188176244,
        0.1918006,
        -0.9632249
      ],
      [
        0.249188378,
        0.9393292,
        0.235724
      ],
      [
        0.9499973,
        -0.2843821,
        0.128964961
      ]
    ],
    "translation": [
      2.26948071,
      0.9882728,
      -0.6402824
    ]
  },
  {
    "timeStamp": 5739,
    "rotation": [
      [
        0.168403268,
        0.148120508,
        -0.9745258
      ],
      [
        0.1839295,
        0.966560066,
        0.178693786
      ],
      [
        0.968406,
        -0.209336668,
        0.135528147
      ]
    ],
    "translation": [
      2.27509618,
      0.9782521,
      -0.6371401
    ]
  },
  {
    "timeStamp": 5784,
    "rotation": [
      [
        0.14734076,
        0.0773081556,
        -0.9860599
      ],
      [
        0.193979844,
        0.9753214,
        0.105451442
      ],
      [
        0.969877541,
        -0.206813037,
        0.128708363
      ]
    ],
    "translation": [
      2.289443,
      0.9764068,
      -0.6267884
    ]
  },
  {
    "timeStamp": 5839,
    "rotation": [
      [
        0.106240474,
        0.0118882181,
        -0.994269431
      ],
      [
        0.1629996,
        0.9861937,
        0.0292086229
      ],
      [
        0.98088944,
        -0.165168658,
        0.102835916
      ]
    ],
    "translation": [
      2.29691982,
      0.9829428,
      -0.6181411
    ]
  },
  {
    "timeStamp": 5884,
    "rotation": [
      [
        0.0938056,
        -0.0333444476,
        -0.995032
      ],
      [
        0.12724489,
        0.991644,
        -0.0212350339
      ],
      [
        0.987425566,
        -0.124620773,
        0.09726468
      ]
    ],
    "translation": [
      2.30131173,
      0.98364836,
      -0.615612864
    ]
  },
  {
    "timeStamp": 5939,
    "rotation": [
      [
        0.07596899,
        -0.105500109,
        -0.9915132
      ],
      [
        0.08275873,
        0.991623,
        -0.09917088
      ],
      [
        0.9936698,
        -0.0745224655,
        0.08406365
      ]
    ],
    "translation": [
      2.30530953,
      0.984572649,
      -0.611896
    ]
  },
  {
    "timeStamp": 5985,
    "rotation": [
      [
        0.04633533,
        -0.143096477,
        -0.9886235
      ],
      [
        0.0365836471,
        0.9892656,
        -0.1414748
      ],
      [
        0.998255849,
        -0.0296121724,
        0.05107294
      ]
    ],
    "translation": [
      2.30294752,
      0.9842373,
      -0.6069331
    ]
  },
  {
    "timeStamp": 6042,
    "rotation": [
      [
        0.0657090843,
        -0.193559244,
        -0.978885651
      ],
      [
        0.03740268,
        0.980794132,
        -0.19142592
      ],
      [
        0.997137547,
        -0.0240345225,
        0.0716867149
      ]
    ],
    "translation": [
      2.297526,
      0.9839968,
      -0.6067087
    ]
  },
  {
    "timeStamp": 6087,
    "rotation": [
      [
        0.0840636343,
        -0.23767148,
        -0.9677012
      ],
      [
        0.0533575676,
        0.970819,
        -0.2338021
      ],
      [
        0.995030761,
        -0.0319799259,
        0.09429215
      ]
    ],
    "translation": [
      2.29234743,
      0.984094858,
      -0.607849061
    ]
  },
  {
    "timeStamp": 6132,
    "rotation": [
      [
        0.07189904,
        -0.2643885,
        -0.961732447
      ],
      [
        0.0241280384,
        0.9644068,
        -0.26331988
      ],
      [
        0.9971201,
        -0.00427227048,
        0.0757190958
      ]
    ],
    "translation": [
      2.28981972,
      0.983931959,
      -0.6049
    ]
  },
  {
    "timeStamp": 6189,
    "rotation": [
      [
        0.0718584955,
        -0.2689695,
        -0.9604643
      ],
      [
        0.0175669622,
        0.9631456,
        -0.2684061
      ],
      [
        0.9972601,
        0.002414818,
        0.07393517
      ]
    ],
    "translation": [
      2.28927183,
      0.984155655,
      -0.6042377
    ]
  },
  {
    "timeStamp": 6233,
    "rotation": [
      [
        0.07784615,
        -0.2603102,
        -0.9623817
      ],
      [
        0.0163058545,
        0.965514362,
        -0.259838581
      ],
      [
        0.996832,
        0.00453497563,
        0.07940615
      ]
    ],
    "translation": [
      2.289982,
      0.984545,
      -0.604110241
    ]
  },
  {
    "timeStamp": 6289,
    "rotation": [
      [
        0.07193105,
        -0.224075943,
        -0.971913457
      ],
      [
        0.00659135,
        0.9745232,
        -0.224189788
      ],
      [
        0.997387767,
        0.009719986,
        0.07157544
      ]
    ],
    "translation": [
      2.2887795,
      0.9837323,
      -0.602472663
    ]
  },
  {
    "timeStamp": 6337,
    "rotation": [
      [
        0.06620482,
        -0.191024214,
        -0.97935015
      ],
      [
        0.00685813231,
        0.9815675,
        -0.190993086
      ],
      [
        0.9977825,
        0.005928151,
        0.0662945658
      ]
    ],
    "translation": [
      2.285266,
      0.9827628,
      -0.60145545
    ]
  },
  {
    "timeStamp": 6384,
    "rotation": [
      [
        0.06488788,
        -0.1510948,
        -0.9863873
      ],
      [
        0.0122941649,
        0.9885165,
        -0.15061219
      ],
      [
        0.997816861,
        -0.00235390267,
        0.06600032
      ]
    ],
    "translation": [
      2.28045821,
      0.981571853,
      -0.6004993
    ]
  },
  {
    "timeStamp": 6439,
    "rotation": [
      [
        0.0707227141,
        -0.12930426,
        -0.9890797
      ],
      [
        0.03090211,
        0.9913706,
        -0.127394155
      ],
      [
        0.9970172,
        -0.0215549916,
        0.0741082
      ]
    ],
    "translation": [
      2.27878523,
      0.981029332,
      -0.6009379
    ]
  },
  {
    "timeStamp": 6484,
    "rotation": [
      [
        -0.0268216413,
        0.00302208,
        -0.999635637
      ],
      [
        0.09537194,
        0.9954416,
        0.000450436259
      ],
      [
        0.9950803,
        -0.09532511,
        -0.0269875973
      ]
    ],
    "translation": [
      2.277999,
      0.96023643,
      -0.5782486
    ]
  },
  {
    "timeStamp": 6539,
    "rotation": [
      [
        -0.03032409,
        -0.00898976251,
        -0.9994997
      ],
      [
        0.08711003,
        0.9961311,
        -0.01160232
      ],
      [
        0.9957371,
        -0.08741827,
        -0.0294236727
      ]
    ],
    "translation": [
      2.27718043,
      0.96289736,
      -0.5770904
    ]
  },
  {
    "timeStamp": 6584,
    "rotation": [
      [
        -0.0271651987,
        -0.014359572,
        -0.9995278
      ],
      [
        0.091914,
        0.9956252,
        -0.0168015473
      ],
      [
        0.9953963,
        -0.0923270062,
        -0.02572651
      ]
    ],
    "translation": [
      2.2768333,
      0.9638987,
      -0.5782563
    ]
  },
  {
    "timeStamp": 6639,
    "rotation": [
      [
        -0.008822127,
        -0.104080863,
        -0.9945297
      ],
      [
        0.0980447158,
        0.9896862,
        -0.104443692
      ],
      [
        0.995142937,
        -0.0984298,
        0.0014734416
      ]
    ],
    "translation": [
      2.27018881,
      0.983926535,
      -0.58458817
    ]
  },
  {
    "timeStamp": 6684,
    "rotation": [
      [
        -0.0143965688,
        -0.09750953,
        -0.9951304
      ],
      [
        0.09429649,
        0.9906657,
        -0.09843624
      ],
      [
        0.99544,
        -0.09525445,
        -0.005067379
      ]
    ],
    "translation": [
      2.26987267,
      0.9873886,
      -0.5814986
    ]
  },
  {
    "timeStamp": 6740,
    "rotation": [
      [
        -0.0191454552,
        -0.07009083,
        -0.9973569
      ],
      [
        0.08463804,
        0.9938454,
        -0.07146878
      ],
      [
        0.9962278,
        -0.08578263,
        -0.0130952727
      ]
    ],
    "translation": [
      2.27275681,
      0.982586265,
      -0.5786821
    ]
  },
  {
    "timeStamp": 6786,
    "rotation": [
      [
        -0.0285358634,
        -0.009397314,
        -0.999548554
      ],
      [
        0.0798346549,
        0.996740043,
        -0.0116500892
      ],
      [
        0.9963996,
        -0.08013107,
        -0.0276926067
      ]
    ],
    "translation": [
      2.278002,
      0.970128655,
      -0.575051546
    ]
  },
  {
    "timeStamp": 6831,
    "rotation": [
      [
        -0.0373063125,
        0.0481669977,
        -0.9981423
      ],
      [
        0.0912634656,
        0.9948277,
        0.0445960052
      ],
      [
        0.995127738,
        -0.08943022,
        -0.04150924
      ]
    ],
    "translation": [
      2.280877,
      0.9575708,
      -0.572732449
    ]
  },
  {
    "timeStamp": 6888,
    "rotation": [
      [
        -0.036111407,
        0.0998120159,
        -0.9943508
      ],
      [
        0.09244568,
        0.991067,
        0.0961250737
      ],
      [
        0.9950627,
        -0.08845223,
        -0.04501601
      ]
    ],
    "translation": [
      2.28403974,
      0.945586741,
      -0.571583867
    ]
  },
  {
    "timeStamp": 6942,
    "rotation": [
      [
        -0.0393231623,
        0.158847675,
        -0.986519754
      ],
      [
        0.104333624,
        0.9825395,
        0.154047981
      ],
      [
        0.9937647,
        -0.09686952,
        -0.05520971
      ]
    ],
    "translation": [
      2.28709555,
      0.93201685,
      -0.5698511
    ]
  },
  {
    "timeStamp": 6985,
    "rotation": [
      [
        -0.0429875925,
        0.24123174,
        -0.969515
      ],
      [
        0.115921587,
        0.9650621,
        0.234983891
      ],
      [
        0.9923277,
        -0.102286324,
        -0.06944966
      ]
    ],
    "translation": [
      2.29048014,
      0.9134867,
      -0.5671314
    ]
  },
  {
    "timeStamp": 7039,
    "rotation": [
      [
        -0.0564430542,
        0.361962169,
        -0.9304824
      ],
      [
        0.145633787,
        0.924984932,
        0.3509895
      ],
      [
        0.987727165,
        -0.115698762,
        -0.1049229
      ]
    ],
    "translation": [
      2.29264474,
      0.8860714,
      -0.5604696
    ]
  },
  {
    "timeStamp": 7083,
    "rotation": [
      [
        -0.0574608557,
        0.363838643,
        -0.929688
      ],
      [
        0.128293619,
        0.9261966,
        0.354542881
      ],
      [
        0.9900702,
        -0.09890069,
        -0.09989822
      ]
    ],
    "translation": [
      2.29273176,
      0.88482964,
      -0.561410367
    ]
  },
  {
    "timeStamp": 7139,
    "rotation": [
      [
        -0.0583464131,
        0.3631817,
        -0.9298896
      ],
      [
        0.1035198,
        0.928656,
        0.3562045
      ],
      [
        0.992914557,
        -0.07547873,
        -0.0917802453
      ]
    ],
    "translation": [
      2.29181767,
      0.884275556,
      -0.561855555
    ]
  },
  {
    "timeStamp": 7183,
    "rotation": [
      [
        -0.0497416444,
        0.373803645,
        -0.9261731
      ],
      [
        0.10753414,
        0.9239349,
        0.367125
      ],
      [
        0.9929563,
        -0.08133383,
        -0.08615469
      ]
    ],
    "translation": [
      2.29093766,
      0.8820006,
      -0.5629992
    ]
  },
  {
    "timeStamp": 7239,
    "rotation": [
      [
        -0.0539438,
        0.3724931,
        -0.926465869
      ],
      [
        0.118753843,
        0.9236252,
        0.3644365
      ],
      [
        0.9914573,
        -0.09036229,
        -0.09405884
      ]
    ],
    "translation": [
      2.29130387,
      0.882038236,
      -0.5629684
    ]
  },
  {
    "timeStamp": 7283,
    "rotation": [
      [
        -0.03754433,
        0.37344268,
        -0.9268932
      ],
      [
        0.143689692,
        0.9199256,
        0.364815235
      ],
      [
        0.9889104,
        -0.119488262,
        -0.08819786
      ]
    ],
    "translation": [
      2.29188132,
      0.8823935,
      -0.562235832
    ]
  },
  {
    "timeStamp": 7339,
    "rotation": [
      [
        -0.0470158421,
        0.383244127,
        -0.9224497
      ],
      [
        0.1488451,
        0.915849,
        0.372915357
      ],
      [
        0.9877422,
        -0.119769193,
        -0.100103423
      ]
    ],
    "translation": [
      2.29106736,
      0.8824728,
      -0.562335551
    ]
  },
  {
    "timeStamp": 7384,
    "rotation": [
      [
        -0.055941537,
        0.251101,
        -0.966343
      ],
      [
        0.12759982,
        0.961720169,
        0.242513016
      ],
      [
        0.990246832,
        -0.10973864,
        -0.0858405456
      ]
    ],
    "translation": [
      2.292199,
      0.913788557,
      -0.5639257
    ]
  },
  {
    "timeStamp": 7442,
    "rotation": [
      [
        -0.008856251,
        0.08659585,
        -0.996204138
      ],
      [
        0.0644451752,
        0.994221568,
        0.08585059
      ],
      [
        0.997881949,
        -0.06344024,
        -0.01438576
      ]
    ],
    "translation": [
      2.28377414,
      0.9486533,
      -0.574057341
    ]
  },
  {
    "timeStamp": 7487,
    "rotation": [
      [
        0.009607869,
        0.0138744451,
        -0.9998576
      ],
      [
        0.066388756,
        0.9976888,
        0.0144822942
      ],
      [
        0.9977476,
        -0.06651844,
        0.008664556
      ]
    ],
    "translation": [
      2.279613,
      0.962778866,
      -0.5775843
    ]
  },
  {
    "timeStamp": 7532,
    "rotation": [
      [
        0.05482424,
        -0.00347772124,
        -0.99849
      ],
      [
        0.0907939,
        0.995868564,
        0.00151664356
      ],
      [
        0.9943595,
        -0.09073994,
        0.05491349
      ]
    ],
    "translation": [
      2.27878,
      0.97293514,
      -0.5852663
    ]
  },
  {
    "timeStamp": 7588,
    "rotation": [
      [
        0.0558271669,
        -0.00940091,
        -0.9983962
      ],
      [
        0.0907446146,
        0.9958649,
        -0.00430292264
      ],
      [
        0.9943082,
        -0.09035886,
        0.0564494
      ]
    ],
    "translation": [
      2.27848339,
      0.9837985,
      -0.58826
    ]
  },
  {
    "timeStamp": 7638,
    "rotation": [
      [
        0.0547235757,
        0.0172468275,
        -0.9983526
      ],
      [
        0.08552645,
        0.9960953,
        0.0218958687
      ],
      [
        0.9948319,
        -0.08658377,
        0.0530348346
      ]
    ],
    "translation": [
      2.27340817,
      0.9919582,
      -0.5885473
    ]
  },
  {
    "timeStamp": 7683,
    "rotation": [
      [
        0.0475014858,
        0.0264361463,
        -0.998521268
      ],
      [
        0.103776455,
        0.9941094,
        0.0312561765
      ],
      [
        0.993465662,
        -0.10510771,
        0.0444782265
      ]
    ],
    "translation": [
      2.271724,
      1.00078356,
      -0.585716248
    ]
  },
  {
    "timeStamp": 7738,
    "rotation": [
      [
        0.04135989,
        0.0240837522,
        -0.998854
      ],
      [
        0.116449133,
        0.992780149,
        0.0287591536
      ],
      [
        0.9923351,
        -0.117505163,
        0.0382567458
      ]
    ],
    "translation": [
      2.27365971,
      1.01423872,
      -0.5837673
    ]
  },
  {
    "timeStamp": 7783,
    "rotation": [
      [
        0.03625681,
        0.0171992444,
        -0.9991945
      ],
      [
        0.124609463,
        0.991970837,
        0.0215964857
      ],
      [
        0.991543233,
        -0.125292107,
        0.0338225067
      ]
    ],
    "translation": [
      2.27660561,
      1.02429354,
      -0.5828115
    ]
  },
  {
    "timeStamp": 7838,
    "rotation": [
      [
        0.0271902364,
        0.0161425974,
        -0.9994999
      ],
      [
        0.138903812,
        0.99010855,
        0.0197696369
      ],
      [
        0.989932537,
        -0.139371887,
        0.0246790163
      ]
    ],
    "translation": [
      2.27983785,
      1.03005826,
      -0.5793957
    ]
  },
  {
    "timeStamp": 7883,
    "rotation": [
      [
        0.0264032744,
        0.00619632,
        -0.9996322
      ],
      [
        0.135925129,
        0.990671337,
        0.009730964
      ],
      [
        0.990367234,
        -0.136132061,
        0.0253147315
      ]
    ],
    "translation": [
      2.284087,
      1.02915835,
      -0.5797099
    ]
  },
  {
    "timeStamp": 7938,
    "rotation": [
      [
        0.0277512372,
        -0.0007742825,
        -0.9996146
      ],
      [
        0.12901628,
        0.991638541,
        0.00281363749
      ],
      [
        0.9912541,
        -0.129044637,
        0.0276190918
      ]
    ],
    "translation": [
      2.2903986,
      1.02277732,
      -0.580781341
    ]
  },
  {
    "timeStamp": 7984,
    "rotation": [
      [
        0.035611935,
        0.0068002576,
        -0.999342561
      ],
      [
        0.12298239,
        0.9923464,
        0.011135173
      ],
      [
        0.9917697,
        -0.123298071,
        0.034503065
      ]
    ],
    "translation": [
      2.29186583,
      1.01462138,
      -0.5825683
    ]
  },
  {
    "timeStamp": 8040,
    "rotation": [
      [
        0.0483416952,
        0.00602350431,
        -0.998812735
      ],
      [
        0.108326115,
        0.9940519,
        0.0112376865
      ],
      [
        0.992939353,
        -0.108740747,
        0.0474016555
      ]
    ],
    "translation": [
      2.294471,
      1.00522673,
      -0.586719751
    ]
  },
  {
    "timeStamp": 8086,
    "rotation": [
      [
        0.055892095,
        0.01350952,
        -0.998345435
      ],
      [
        0.101233937,
        0.9946788,
        0.0191274583
      ],
      [
        0.9932914,
        -0.102135509,
        0.0542270578
      ]
    ],
    "translation": [
      2.29404473,
      0.99744153,
      -0.5880005
    ]
  },
  {
    "timeStamp": 8131,
    "rotation": [
      [
        0.06030852,
        0.0166975055,
        -0.99804014
      ],
      [
        0.09694957,
        0.9950348,
        0.0225055926
      ],
      [
        0.9934604,
        -0.09811684,
        0.0583902635
      ]
    ],
    "translation": [
      2.293627,
      0.9911759,
      -0.5889613
    ]
  },
  {
    "timeStamp": 8188,
    "rotation": [
      [
        0.0609756038,
        0.0176135041,
        -0.9979838
      ],
      [
        0.09350116,
        0.995346963,
        0.0232797731
      ],
      [
        0.9937502,
        -0.09473214,
        0.059045
      ]
    ],
    "translation": [
      2.29365516,
      0.9854473,
      -0.5878434
    ]
  },
  {
    "timeStamp": 8233,
    "rotation": [
      [
        0.06194026,
        0.0129911946,
        -0.9979953
      ],
      [
        0.08874198,
        0.995883346,
        0.0184714459
      ],
      [
        0.994126856,
        -0.0897082,
        0.0605324134
      ]
    ],
    "translation": [
      2.29312515,
      0.9815746,
      -0.586939335
    ]
  },
  {
    "timeStamp": 8288,
    "rotation": [
      [
        0.06204634,
        -0.00569635164,
        -0.998057
      ],
      [
        0.083155714,
        0.996536434,
        -0.0005181208
      ],
      [
        0.9946031,
        -0.08296199,
        0.0623051263
      ]
    ],
    "translation": [
      2.29211688,
      0.9818976,
      -0.5857321
    ]
  },
  {
    "timeStamp": 8332,
    "rotation": [
      [
        0.06036609,
        0.01609358,
        -0.9980466
      ],
      [
        0.08329625,
        0.996301353,
        0.0211035479
      ],
      [
        0.994694769,
        -0.08440747,
        0.0588022843
      ]
    ],
    "translation": [
      2.29004645,
      0.972178,
      -0.5838677
    ]
  },
  {
    "timeStamp": 8388,
    "rotation": [
      [
        0.0548696853,
        0.00473753829,
        -0.9984823
      ],
      [
        0.0763887241,
        0.9970381,
        0.008928482
      ],
      [
        0.995567262,
        -0.07676269,
        0.0543452725
      ]
    ],
    "translation": [
      2.289393,
      0.9669423,
      -0.582421362
    ]
  },
  {
    "timeStamp": 8432,
    "rotation": [
      [
        0.05465359,
        0.009331515,
        -0.9984618
      ],
      [
        0.0735661,
        0.997201,
        0.013346578
      ],
      [
        0.9957916,
        -0.0741823763,
        0.0538141355
      ]
    ],
    "translation": [
      2.28755546,
      0.96110183,
      -0.580730557
    ]
  },
  {
    "timeStamp": 8497,
    "rotation": [
      [
        0.0562092625,
        0.018237764,
        -0.998252451
      ],
      [
        0.05904676,
        0.998022437,
        0.0215583462
      ],
      [
        0.9966715,
        -0.060155347,
        0.0550212227
      ]
    ],
    "translation": [
      2.283096,
      0.954737246,
      -0.582325339
    ]
  },
  {
    "timeStamp": 8539,
    "rotation": [
      [
        0.0501266345,
        0.01074069,
        -0.9986851
      ],
      [
        0.0520692766,
        0.99855417,
        0.0133527759
      ],
      [
        0.9973846,
        -0.05267014,
        0.0494949
      ]
    ],
    "translation": [
      2.2830658,
      0.955324769,
      -0.583626866
    ]
  },
  {
    "timeStamp": 8583,
    "rotation": [
      [
        0.049476143,
        0.0146381,
        -0.998668
      ],
      [
        0.05577659,
        0.998291731,
        0.0173958745
      ],
      [
        0.9972167,
        -0.056562975,
        0.0485751554
      ]
    ],
    "translation": [
      2.28170371,
      0.95807153,
      -0.582554758
    ]
  },
  {
    "timeStamp": 8647,
    "rotation": [
      [
        0.0404105671,
        0.011765169,
        -0.999113858
      ],
      [
        0.0594486259,
        0.9981309,
        0.0141580775
      ],
      [
        0.9974131,
        -0.0599680841,
        0.0396356136
      ]
    ],
    "translation": [
      2.28286028,
      0.9633353,
      -0.5799654
    ]
  },
  {
    "timeStamp": 8683,
    "rotation": [
      [
        0.04034647,
        0.0121385241,
        -0.99911195
      ],
      [
        0.06277849,
        0.997919858,
        0.0146591812
      ],
      [
        0.997211635,
        -0.06331419,
        0.0395005
      ]
    ],
    "translation": [
      2.28376746,
      0.964397,
      -0.5780462
    ]
  },
  {
    "timeStamp": 8738,
    "rotation": [
      [
        0.0394416936,
        0.002230917,
        -0.999219358
      ],
      [
        0.06748133,
        0.9977085,
        0.00489120139
      ],
      [
        0.9969406,
        -0.0676215738,
        0.0392007679
      ]
    ],
    "translation": [
      2.2866838,
      0.962363243,
      -0.5753122
    ]
  },
  {
    "timeStamp": 8782,
    "rotation": [
      [
        0.036550343,
        -6.94164046E-05,
        -0.999331832
      ],
      [
        0.06457383,
        0.9979103,
        0.002292456
      ],
      [
        0.9972434,
        -0.0646144748,
        0.0364784449
      ]
    ],
    "translation": [
      2.28786087,
      0.957983255,
      -0.5742059
    ]
  },
  {
    "timeStamp": 8838,
    "rotation": [
      [
        0.0332100466,
        -0.00131494738,
        -0.9994475
      ],
      [
        0.0536246076,
        0.998561,
        0.000468079234
      ],
      [
        0.9980087,
        -0.05361053,
        0.0332327746
      ]
    ],
    "translation": [
      2.2873466,
      0.950087845,
      -0.575767636
    ]
  },
  {
    "timeStamp": 8882,
    "rotation": [
      [
        0.02487185,
        -0.00470173173,
        -0.9996796
      ],
      [
        0.051900588,
        0.998646438,
        -0.0034055952
      ],
      [
        0.998342454,
        -0.0517992564,
        0.0250822082
      ]
    ],
    "translation": [
      2.28832674,
      0.9429598,
      -0.574887753
    ]
  },
  {
    "timeStamp": 8938,
    "rotation": [
      [
        0.0184925552,
        0.003089422,
        -0.9998242
      ],
      [
        0.0454836264,
        0.9989574,
        0.00392799964
      ],
      [
        0.9987939,
        -0.0455482677,
        0.0183327552
      ]
    ],
    "translation": [
      2.28809381,
      0.932007849,
      -0.5751771
    ]
  },
  {
    "timeStamp": 8982,
    "rotation": [
      [
        0.0102444589,
        0.0008228193,
        -0.9999472
      ],
      [
        0.0454145521,
        0.9989674,
        0.00128728512
      ],
      [
        0.998915732,
        -0.04542534,
        0.0101965126
      ]
    ],
    "translation": [
      2.289538,
      0.9240869,
      -0.572309256
    ]
  },
  {
    "timeStamp": 9038,
    "rotation": [
      [
        0.0108947838,
        0.00186763168,
        -0.9999389
      ],
      [
        0.0396849662,
        0.999209642,
        0.002298655
      ],
      [
        0.999152839,
        -0.0397075824,
        0.0108120563
      ]
    ],
    "translation": [
      2.2918973,
      0.913086236,
      -0.571364641
    ]
  },
  {
    "timeStamp": 9082,
    "rotation": [
      [
        0.0115968734,
        -0.000618649239,
        -0.9999326
      ],
      [
        0.0340477824,
        0.9994202,
        -0.000223457813
      ],
      [
        0.999352932,
        -0.0340428948,
        0.011611213
      ]
    ],
    "translation": [
      2.29234147,
      0.9046246,
      -0.5702212
    ]
  },
  {
    "timeStamp": 9138,
    "rotation": [
      [
        0.0112287328,
        -0.0407677665,
        -0.9991055
      ],
      [
        0.0406047441,
        0.998362958,
        -0.04028112
      ],
      [
        0.9991122,
        -0.04011612,
        0.0128657166
      ]
    ],
    "translation": [
      2.29227138,
      0.903478742,
      -0.570579
    ]
  },
  {
    "timeStamp": 9182,
    "rotation": [
      [
        0.009980808,
        -0.049135,
        -0.9987422
      ],
      [
        0.0308941081,
        0.998330355,
        -0.048806
      ],
      [
        0.9994728,
        -0.0303681288,
        0.0114821261
      ]
    ],
    "translation": [
      2.29225469,
      0.899683654,
      -0.5692965
    ]
  },
  {
    "timeStamp": 9239,
    "rotation": [
      [
        0.0150755122,
        -0.07403494,
        -0.9971417
      ],
      [
        0.0403269231,
        0.996488631,
        -0.07337676
      ],
      [
        0.9990728,
        -0.0391054638,
        0.01800818
      ]
    ],
    "translation": [
      2.29189825,
      0.895590544,
      -0.5696733
    ]
  },
  {
    "timeStamp": 9284,
    "rotation": [
      [
        0.0348339453,
        -0.101004727,
        -0.9942759
      ],
      [
        0.06585678,
        0.992949247,
        -0.0985627
      ],
      [
        0.9972209,
        -0.0620464832,
        0.04124019
      ]
    ],
    "translation": [
      2.291234,
      0.894649744,
      -0.5713049
    ]
  },
  {
    "timeStamp": 9341,
    "rotation": [
      [
        0.0477430932,
        -0.120749772,
        -0.991534233
      ],
      [
        0.07835396,
        0.990060151,
        -0.116797447
      ],
      [
        0.9957818,
        -0.0721143559,
        0.0567297526
      ]
    ],
    "translation": [
      2.29064631,
      0.8933259,
      -0.5717473
    ]
  },
  {
    "timeStamp": 9387,
    "rotation": [
      [
        0.06389849,
        -0.144525,
        -0.9874359
      ],
      [
        0.10017661,
        0.985389054,
        -0.137742847
      ],
      [
        0.99291575,
        -0.09011641,
        0.07744289
      ]
    ],
    "translation": [
      2.289234,
      0.8930077,
      -0.5732695
    ]
  },
  {
    "timeStamp": 9432,
    "rotation": [
      [
        0.0498539619,
        -0.12334092,
        -0.9911113
      ],
      [
        0.0881304145,
        0.9890176,
        -0.118647315
      ],
      [
        0.9948606,
        -0.0814320147,
        0.0601765327
      ]
    ],
    "translation": [
      2.29048085,
      0.88658005,
      -0.570314169
    ]
  },
  {
    "timeStamp": 9488,
    "rotation": [
      [
        0.0186106339,
        -0.08739914,
        -0.9959995
      ],
      [
        0.04992748,
        0.9950105,
        -0.08637944
      ],
      [
        0.998579443,
        -0.04812017,
        0.0228813943
      ]
    ],
    "translation": [
      2.29138565,
      0.8779,
      -0.5651101
    ]
  },
  {
    "timeStamp": 9532,
    "rotation": [
      [
        -0.00240230933,
        -0.05538159,
        -0.9984624
      ],
      [
        0.0196270086,
        0.9982703,
        -0.0554181561
      ],
      [
        0.9998045,
        -0.01972996,
        -0.00131117913
      ]
    ],
    "translation": [
      2.29216671,
      0.8710893,
      -0.561481535
    ]
  },
  {
    "timeStamp": 9587,
    "rotation": [
      [
        -0.00847295,
        -0.0330365,
        -0.9994182
      ],
      [
        0.0174630135,
        0.9992968,
        -0.0331805348
      ],
      [
        0.9998116,
        -0.0177339911,
        -0.007890075
      ]
    ],
    "translation": [
      2.292695,
      0.8674386,
      -0.5610647
    ]
  },
  {
    "timeStamp": 9632,
    "rotation": [
      [
        -0.00548348064,
        -0.01669496,
        -0.999845564
      ],
      [
        0.01912401,
        0.999676,
        -0.01679701
      ],
      [
        0.999802053,
        -0.0192131642,
        -0.00516242953
      ]
    ],
    "translation": [
      2.29282069,
      0.8673934,
      -0.5611416
    ]
  },
  {
    "timeStamp": 9687,
    "rotation": [
      [
        0.00438178,
        0.00777421473,
        -0.9999602
      ],
      [
        0.017532168,
        0.999815464,
        0.007849915
      ],
      [
        0.9998367,
        -0.0175658669,
        0.0042446726
