[
  {
    "timeStamp": 23081,
    "rotation": [
      [
        0.9136077,
        0.4064615,
        0.0104911495
      ],
      [
        -0.00565594854,
        -0.0130953705,
        0.999898255
      ],
      [
        0.40655753,
        -0.9135741,
        -0.00966510549
      ]
    ],
    "translation": [
      1.781655,
      0.7045847,
      -0.6422077
    ]
  },
  {
    "timeStamp": 23137,
    "rotation": [
      [
        0.913307846,
        0.407118261,
        0.0111150322
      ],
      [
        -0.0199541468,
        0.0174719673,
        0.9996482
      ],
      [
        0.406780839,
        -0.9132083,
        0.02408098
      ]
    ],
    "translation": [
      1.779028,
      0.7080215,
      -0.650273144
    ]
  },
  {
    "timeStamp": 23181,
    "rotation": [
      [
        0.9137025,
        0.405098528,
        0.03229523
      ],
      [
        -0.03442774,
        -0.00202249386,
        0.999405146
      ],
      [
        0.404922843,
        -0.9142708,
        0.0120986681
      ]
    ],
    "translation": [
      1.77479529,
      0.7161169,
      -0.654355466
    ]
  },
  {
    "timeStamp": 23237,
    "rotation": [
      [
        0.912457764,
        0.396988,
        0.09910276
      ],
      [
        -0.104103677,
        -0.008992802,
        0.9945258
      ],
      [
        0.395706028,
        -0.917779744,
        0.03312236
      ]
    ],
    "translation": [
      1.76543021,
      0.741763353,
      -0.669993639
    ]
  },
  {
    "timeStamp": 23281,
    "rotation": [
      [
        0.909780264,
        0.3862331,
        0.152065352
      ],
      [
        -0.153763592,
        -0.026696302,
        0.987746954
      ],
      [
        0.385560155,
        -0.922014832,
        0.03510082
      ]
    ],
    "translation": [
      1.76051652,
      0.7664791,
      -0.6848692
    ]
  },
  {
    "timeStamp": 23336,
    "rotation": [
      [
        0.9084491,
        0.3536412,
        0.22284089
      ],
      [
        -0.213742509,
        -0.06512954,
        0.9747165
      ],
      [
        0.359213471,
        -0.933110952,
        0.0164212883
      ]
    ],
    "translation": [
      1.76121771,
      0.801933,
      -0.7007066
    ]
  },
  {
    "timeStamp": 23381,
    "rotation": [
      [
        0.9111705,
        0.310677677,
        0.270643234
      ],
      [
        -0.2567438,
        -0.08563529,
        0.962678134
      ],
      [
        0.322259247,
        -0.9466499,
        0.00173622323
      ]
    ],
    "translation": [
      1.76587653,
      0.830398738,
      -0.7138528
    ]
  },
  {
    "timeStamp": 23436,
    "rotation": [
      [
        0.913273752,
        0.237533689,
        0.330921084
      ],
      [
        -0.31008634,
        -0.121412821,
        0.942923844
      ],
      [
        0.264154226,
        -0.963761747,
        -0.0372271948
      ]
    ],
    "translation": [
      1.77988,
      0.8664204,
      -0.724469066
    ]
  },
  {
    "timeStamp": 23481,
    "rotation": [
      [
        0.914765239,
        0.169868633,
        0.3665367
      ],
      [
        -0.34662658,
        -0.13598007,
        0.9280945
      ],
      [
        0.207495838,
        -0.976039946,
        -0.06550886
      ]
    ],
    "translation": [
      1.79782438,
      0.891952157,
      -0.7310264
    ]
  },
  {
    "timeStamp": 23537,
    "rotation": [
      [
        0.9185766,
        0.0890310556,
        0.385085136
      ],
      [
        -0.369009763,
        -0.155856833,
        0.9162644
      ],
      [
        0.141594127,
        -0.983759165,
        -0.1103131
      ]
    ],
    "translation": [
      1.83184421,
      0.917531669,
      -0.7337552
    ]
  },
  {
    "timeStamp": 23592,
    "rotation": [
      [
        0.9263628,
        -0.0122617045,
        0.3764327
      ],
      [
        -0.372544169,
        -0.176693246,
        0.911038041
      ],
      [
        0.0553422421,
        -0.98418957,
        -0.168250069
      ]
    ],
    "translation": [
      1.87230229,
      0.935744166,
      -0.7307856
    ]
  },
  {
    "timeStamp": 23636,
    "rotation": [
      [
        0.935170233,
        -0.084255524,
        0.344031453
      ],
      [
        -0.353912055,
        -0.183215454,
        0.917157769
      ],
      [
        -0.01424374,
        -0.979455531,
        -0.201156691
      ]
    ],
    "translation": [
      1.90805328,
      0.9425653,
      -0.72687
    ]
  },
  {
    "timeStamp": 23692,
    "rotation": [
      [
        0.945636451,
        -0.173983186,
        0.2747754
      ],
      [
        -0.308107466,
        -0.2087619,
        0.9281639
      ],
      [
        -0.104122251,
        -0.962366,
        -0.251018375
      ]
    ],
    "translation": [
      1.95771313,
      0.943080246,
      -0.7190663
    ]
  },
  {
    "timeStamp": 23735,
    "rotation": [
      [
        0.9543712,
        -0.206573,
        0.215645939
      ],
      [
        -0.2600154,
        -0.219699055,
        0.9402789
      ],
      [
        -0.14685905,
        -0.9534464,
        -0.2633866
      ]
    ],
    "translation": [
      1.98671317,
      0.9378333,
      -0.716867566
    ]
  },
  {
    "timeStamp": 23787,
    "rotation": [
      [
        0.954833746,
        -0.265462279,
        0.133500576
      ],
      [
        -0.1956457,
        -0.223512962,
        0.9548637
      ],
      [
        -0.223641217,
        -0.9378549,
        -0.265354276
      ]
    ],
    "translation": [
      2.030911,
      0.924287856,
      -0.7124242
    ]
  },
  {
    "timeStamp": 23831,
    "rotation": [
      [
        0.959144533,
        -0.2678149,
        0.09119748
      ],
      [
        -0.1533576,
        -0.221279368,
        0.9630768
      ],
      [
        -0.2377462,
        -0.93771565,
        -0.253310353
      ]
    ],
    "translation": [
      2.05274558,
      0.914175,
      -0.7137523
    ]
  },
  {
    "timeStamp": 23887,
    "rotation": [
      [
        0.9609062,
        -0.271549821,
        0.0540364459
      ],
      [
        -0.11342968,
        -0.208057359,
        0.971517265
      ],
      [
        -0.252572656,
        -0.939666331,
        -0.230725408
      ]
    ],
    "translation": [
      2.06986833,
      0.9016377,
      -0.712664843
    ]
  },
  {
    "timeStamp": 23931,
    "rotation": [
      [
        0.9665654,
        -0.255750567,
        0.018521497
      ],
      [
        -0.0765775442,
        -0.218966946,
        0.97272265
      ],
      [
        -0.244718775,
        -0.9416184,
        -0.231230631
      ]
    ],
    "translation": [
      2.08330464,
      0.8950529,
      -0.7087278
    ]
  },
  {
    "timeStamp": 23987,
    "rotation": [
      [
        0.9680777,
        -0.245910987,
        0.0485108234
      ],
      [
        -0.097694166,
        -0.19195275,
        0.976529539
      ],
      [
        -0.23082754,
        -0.9500957,
        -0.209849238
      ]
    ],
    "translation": [
      2.08627653,
      0.890563548,
      -0.7053194
    ]
  },
  {
    "timeStamp": 24031,
    "rotation": [
      [
        0.975722969,
        -0.21328786,
        0.0497285426
      ],
      [
        -0.08871811,
        -0.177333951,
        0.9801437
      ],
      [
        -0.20023419,
        -0.960760534,
        -0.1919513
      ]
    ],
    "translation": [
      2.08948827,
      0.8853402,
      -0.704467535
    ]
  },
  {
    "timeStamp": 24086,
    "rotation": [
      [
        0.9806705,
        -0.1792428,
        0.0784687251
      ],
      [
        -0.105417125,
        -0.1461438,
        0.983630657
      ],
      [
        -0.164841011,
        -0.972889543,
        -0.16221416
      ]
    ],
    "translation": [
      2.08792853,
      0.878113031,
      -0.7034354
    ]
  },
  {
    "timeStamp": 24131,
    "rotation": [
      [
        0.9870231,
        -0.149483383,
        0.05865218
      ],
      [
        -0.07914423,
        -0.135052055,
        0.987672567
      ],
      [
        -0.139719531,
        -0.9794976,
        -0.145130247
      ]
    ],
    "translation": [
      2.09167027,
      0.868496656,
      -0.7010302
    ]
  },
  {
    "timeStamp": 24188,
    "rotation": [
      [
        0.9915996,
        -0.12287394,
        0.0404001139
      ],
      [
        -0.0562482923,
        -0.1283793,
        0.9901287
      ],
      [
        -0.116474465,
        -0.9840837,
        -0.134212315
      ]
    ],
    "translation": [
      2.09390545,
      0.857326269,
      -0.698225
    ]
  },
  {
    "timeStamp": 24233,
    "rotation": [
      [
        0.9919286,
        -0.112289354,
        0.05889761
      ],
      [
        -0.07321566,
        -0.1279802,
        0.989070535
      ],
      [
        -0.103524365,
        -0.985399544,
        -0.135168552
      ]
    ],
    "translation": [
      2.089356,
      0.8522097,
      -0.6941607
    ]
  },
  {
    "timeStamp": 24290,
    "rotation": [
      [
        0.9961587,
        -0.08664139,
        0.0126900161
      ],
      [
        -0.0238926,
        -0.129514784,
        0.9912896
      ],
      [
        -0.08424318,
        -0.987785,
        -0.131087378
      ]
    ],
    "translation": [
      2.09492588,
      0.8423372,
      -0.690828145
    ]
  },
  {
    "timeStamp": 24336,
    "rotation": [
      [
        0.996743858,
        -0.0802739,
        0.0076071904
      ],
      [
        -0.0175959,
        -0.12447086,
        0.9920672
      ],
      [
        -0.07869022,
        -0.988970757,
        -0.125478044
      ]
    ],
    "translation": [
      2.095069,
      0.8369222,
      -0.6881735
    ]
  },
  {
    "timeStamp": 24381,
    "rotation": [
      [
        0.9963322,
        -0.08394372,
        0.0165969171
      ],
      [
        -0.0255224034,
        -0.106399,
        0.9939959
      ],
      [
        -0.0816738158,
        -0.990773737,
        -0.108151212
      ]
    ],
    "translation": [
      2.09124041,
      0.8328403,
      -0.688453138
    ]
  },
  {
    "timeStamp": 24436,
    "rotation": [
      [
        0.9971298,
        -0.0753109,
        0.00777463149
      ],
      [
        -0.0156776831,
        -0.1049241,
        0.994356632
      ],
      [
        -0.07407015,
        -0.991624534,
        -0.105803646
      ]
    ],
    "translation": [
      2.09042168,
      0.826690257,
      -0.686234236
    ]
  },
  {
    "timeStamp": 24492,
    "rotation": [
      [
        0.9966323,
        -0.08101369,
        0.0126856174
      ],
      [
        -0.0199775752,
        -0.08984312,
        0.995755553
      ],
      [
        -0.07953011,
        -0.9926555,
        -0.091159
      ]
    ],
    "translation": [
      2.088724,
      0.820928335,
      -0.6865467
    ]
  },
  {
    "timeStamp": 24536,
    "rotation": [
      [
        0.9965285,
        -0.08323816,
        0.00153865584
      ],
      [
        -0.008923059,
        -0.08841514,
        0.996043742
      ],
      [
        -0.0827728137,
        -0.9925997,
        -0.0888509452
      ]
    ],
    "translation": [
      2.09017467,
      0.8153492,
      -0.68621254
    ]
  },
  {
    "timeStamp": 24592,
    "rotation": [
      [
        0.9959827,
        -0.0891605541,
        0.008299727
      ],
      [
        -0.0154248849,
        -0.0795247257,
        0.9967135
      ],
      [
        -0.08820749,
        -0.9928374,
        -0.08058055
      ]
    ],
    "translation": [
      2.0893414,
      0.809903264,
      -0.687013566
    ]
  },
  {
    "timeStamp": 24636,
    "rotation": [
      [
        0.9957373,
        -0.09187503,
        0.008132335
      ],
      [
        -0.0149561381,
        -0.0738302544,
        0.997158647
      ],
      [
        -0.0910135657,
        -0.9930297,
        -0.07488964
      ]
    ],
    "translation": [
      2.08943367,
      0.8052339,
      -0.6874977
    ]
  },
  {
    "timeStamp": 24691,
    "rotation": [
      [
        0.9954521,
        -0.09516842,
        0.004250093
      ],
      [
        -0.0104309125,
        -0.0645432,
        0.9978604
      ],
      [
        -0.09469048,
        -0.993366539,
        -0.065242365
      ]
    ],
    "translation": [
      2.09068227,
      0.7992044,
      -0.6880482
    ]
  },
  {
    "timeStamp": 24736,
    "rotation": [
      [
        0.995322049,
        -0.09650007,
        0.004672015
      ],
      [
        -0.0102433339,
        -0.0573194176,
        0.998303354
      ],
      [
        -0.09606855,
        -0.9936812,
        -0.0580397621
      ]
    ],
    "translation": [
      2.09093642,
      0.7953602,
      -0.688492
    ]
  },
  {
    "timeStamp": 24792,
    "rotation": [
      [
        0.9950014,
        -0.09892478,
        0.0136437863
      ],
      [
        -0.01911551,
        -0.05457685,
        0.9983266
      ],
      [
        -0.09801461,
        -0.99359715,
        -0.05619504
      ]
    ],
    "translation": [
      2.08898759,
      0.792238832,
      -0.6878744
    ]
  },
  {
    "timeStamp": 24836,
    "rotation": [
      [
        0.99539727,
        -0.0947401449,
        0.0144451912
      ],
      [
        -0.019486852,
        -0.05250827,
        0.9984303
      ],
      [
        -0.093832925,
        -0.994116247,
        -0.05411277
      ]
    ],
    "translation": [
      2.0895412,
      0.788521051,
      -0.687563539
    ]
  },
  {
    "timeStamp": 24891,
    "rotation": [
      [
        0.995423734,
        -0.09240147,
        0.0243622437
      ],
      [
        -0.0291604139,
        -0.0509377681,
        0.998276
      ],
      [
        -0.09100119,
        -0.994418,
        -0.053399127
      ]
    ],
    "translation": [
      2.08800316,
      0.784001,
      -0.687066436
    ]
  },
  {
    "timeStamp": 24936,
    "rotation": [
      [
        0.995539665,
        -0.09337387,
        0.01349611
      ],
      [
        -0.0182095766,
        -0.04981308,
        0.998592556
      ],
      [
        -0.09257018,
        -0.9943842,
        -0.0512911938
      ]
    ],
    "translation": [
      2.08966565,
      0.7807079,
      -0.686028838
    ]
  },
  {
    "timeStamp": 24991,
    "rotation": [
      [
        0.99527806,
        -0.0954706743,
        0.01752033
      ],
      [
        -0.0218852386,
        -0.0448662378,
        0.99875325
      ],
      [
        -0.09456558,
        -0.994420648,
        -0.0467437841
      ]
    ],
    "translation": [
      2.08963943,
      0.778297246,
      -0.684763134
    ]
  },
  {
    "timeStamp": 25036,
    "rotation": [
      [
        0.995117545,
        -0.09615131,
        0.0222697221
      ],
      [
        -0.0265304614,
        -0.043264132,
        0.998711348
      ],
      [
        -0.0950639248,
        -0.994426,
        -0.0456038341
      ]
    ],
    "translation": [
      2.08888912,
      0.7768177,
      -0.683787644
    ]
  },
  {
    "timeStamp": 25091,
    "rotation": [
      [
        0.996314168,
        -0.0854974538,
        0.00694386475
      ],
      [
        -0.0104897367,
        -0.0410942845,
        0.9991002
      ],
      [
        -0.08513517,
        -0.995490551,
        -0.0418396629
      ]
    ],
    "translation": [
      2.09179664,
      0.7724527,
      -0.6836092
    ]
  },
  {
    "timeStamp": 25136,
    "rotation": [
      [
        0.996011,
        -0.08826393,
        0.0130973551
      ],
      [
        -0.01615473,
        -0.034014158,
        0.999290764
      ],
      [
        -0.08775582,
        -0.9955162,
        -0.0353043564
      ]
    ],
    "translation": [
      2.09064174,
      0.7705319,
      -0.683386743
    ]
  },
  {
    "timeStamp": 25192,
    "rotation": [
      [
        0.996934652,
        -0.07823051,
        -0.0010987065
      ],
      [
        -0.0017359663,
        -0.0361576527,
        0.9993446
      ],
      [
        -0.07821896,
        -0.996279359,
        -0.0361826234
      ]
    ],
    "translation": [
      2.09223175,
      0.767507732,
      -0.6829053
    ]
  },
  {
    "timeStamp": 25236,
    "rotation": [
      [
        0.9970339,
        -0.07686592,
        -0.00388137437
      ],
      [
        0.001574553,
        -0.0300488677,
        0.9995472
      ],
      [
        -0.07694775,
        -0.9965885,
        -0.029838711
      ]
    ],
    "translation": [
      2.09204078,
      0.7656975,
      -0.6833208
    ]
  },
  {
    "timeStamp": 25285,
    "rotation": [
      [
        0.997162461,
        -0.0751578137,
        -0.004271068
      ],
      [
        0.002138031,
        -0.02843838,
        0.999593258
      ],
      [
        -0.07524871,
        -0.996766031,
        -0.0281969942
      ]
    ],
    "translation": [
      2.09065986,
      0.76403,
      -0.683721542
    ]
  },
  {
    "timeStamp": 25335,
    "rotation": [
      [
        0.9972773,
        -0.07355943,
        -0.005191075
      ],
      [
        0.0033988955,
        -0.0244679619,
        0.9996948
      ],
      [
        -0.07366401,
        -0.9969906,
        -0.0241513234
      ]
    ],
    "translation": [
      2.089511,
      0.763443,
      -0.6835644
    ]
  },
  {
    "timeStamp": 25386,
    "rotation": [
      [
        0.997224331,
        -0.0743784457,
        -0.0033865443
      ],
      [
        0.00156736746,
        -0.024503151,
        0.9996985
      ],
      [
        -0.0744390041,
        -0.996929049,
        -0.02431856
      ]
    ],
    "translation": [
      2.087812,
      0.7631377,
      -0.683424
    ]
  },
  {
    "timeStamp": 25442,
    "rotation": [
      [
        0.9972675,
        -0.07385038,
        0.001916911
      ],
      [
        -0.00400499674,
        -0.028136842,
        0.999596059
      ],
      [
        -0.07376661,
        -0.9968723,
        -0.028355727
      ]
    ],
    "translation": [
      2.08530045,
      0.7630408,
      -0.6822046
    ]
  },
  {
    "timeStamp": 25486,
    "rotation": [
      [
        0.9977445,
        -0.06712508,
        0.000359521247
      ],
      [
        -0.00268614618,
        -0.034574002,
        0.9993985
      ],
      [
        -0.06707228,
        -0.9971453,
        -0.03467633
      ]
    ],
    "translation": [
      2.08466887,
      0.761801541,
      -0.681314
    ]
  },
  {
    "timeStamp": 25542,
    "rotation": [
      [
        0.9981547,
        -0.05699384,
        0.0209514666
      ],
      [
        -0.0229887068,
        -0.0353272744,
        0.999111354
      ],
      [
        -0.05620303,
        -0.9977493,
        -0.0365723
      ]
    ],
    "translation": [
      2.083002,
      0.7609375,
      -0.680316567
    ]
  },
  {
    "timeStamp": 25586,
    "rotation": [
      [
        0.997368634,
        -0.05441786,
        0.04790193
      ],
      [
        -0.0498471446,
        -0.0349688381,
        0.9981445
      ],
      [
        -0.05264182,
        -0.9979058,
        -0.0375893973
      ]
    ],
    "translation": [
      2.081282,
      0.7604608,
      -0.680205762
    ]
  },
  {
    "timeStamp": 25642,
    "rotation": [
      [
        0.997365355,
        -0.05369779,
        0.0487735234
      ],
      [
        -0.0512559339,
        -0.0458655022,
        0.9976318
      ],
      [
        -0.0513336025,
        -0.9975033,
        -0.04849699
      ]
    ],
    "translation": [
      2.08130217,
      0.759434462,
      -0.679074466
    ]
  },
  {
    "timeStamp": 25686,
    "rotation": [
      [
        0.9968392,
        -0.06007379,
        0.0519864634
      ],
      [
        -0.0548038334,
        -0.04624274,
        0.997425735
      ],
      [
        -0.057515122,
        -0.9971222,
        -0.0493888557
      ]
    ],
    "translation": [
      2.08103275,
      0.759094834,
      -0.679057
    ]
  },
  {
    "timeStamp": 25742,
    "rotation": [
      [
        0.996533,
        -0.06582037,
        0.05088909
      ],
      [
        -0.053984616,
        -0.0461383238,
        0.997475266
      ],
      [
        -0.06330625,
        -0.996764243,
        -0.04953165
      ]
    ],
    "translation": [
      2.08095646,
      0.758259535,
      -0.678982139
    ]
  },
  {
    "timeStamp": 25787,
    "rotation": [
      [
        0.995343864,
        -0.08059802,
        0.052862715
      ],
      [
        -0.0557785928,
        -0.03436482,
        0.9978516
      ],
      [
        -0.07860826,
        -0.99615407,
        -0.0387004577
      ]
    ],
    "translation": [
      2.08055043,
      0.757588565,
      -0.6799352
    ]
  },
  {
    "timeStamp": 25833,
    "rotation": [
      [
        0.9904089,
        -0.13011992,
        0.0464649163
      ],
      [
        -0.051422134,
        -0.0349985,
        0.998063564
      ],
      [
        -0.128241748,
        -0.99088037,
        -0.04135387
      ]
    ],
    "translation": [
      2.07989264,
      0.757523835,
      -0.680565
    ]
  },
  {
    "timeStamp": 25890,
    "rotation": [
      [
        0.9679053,
        -0.24869211,
        0.0362156332
      ],
      [
        -0.0466156043,
        -0.0360558331,
        0.998262
      ],
      [
        -0.246954113,
        -0.967911243,
        -0.0464915633
      ]
    ],
    "translation": [
      2.07852125,
      0.7581089,
      -0.684534
    ]
  },
  {
    "timeStamp": 25935,
    "rotation": [
      [
        0.9647933,
        -0.261673331,
        0.0264740326
      ],
      [
        -0.03539175,
        -0.0294250548,
        0.9989402
      ],
      [
        -0.260617,
        -0.964707851,
        -0.0376501754
      ]
    ],
    "translation": [
      2.07910633,
      0.760020256,
      -0.6905042
    ]
  }
]