[
  {
    "timeStamp": 39829,
    "rotation": [
      [
        0.903475046,
        -0.322594225,
        -0.2822514
      ],
      [
        0.291805029,
        -0.0194449723,
        0.9562802
      ],
      [
        -0.313978821,
        -0.94633764,
        0.07656657
      ]
    ],
    "translation": [
      1.60996175,
      0.692499161,
      -0.7589541
    ]
  },
  {
    "timeStamp": 39874,
    "rotation": [
      [
        0.9009165,
        -0.3304251,
        -0.281369328
      ],
      [
        0.293557823,
        -0.0135415783,
        0.9558454
      ],
      [
        -0.3196455,
        -0.943735063,
        0.08479905
      ]
    ],
    "translation": [
      1.61002553,
      0.6939556,
      -0.7590724
    ]
  },
  {
    "timeStamp": 39929,
    "rotation": [
      [
        0.8967538,
        -0.380365968,
        -0.226173282
      ],
      [
        0.2604502,
        0.0404452235,
        0.9646398
      ],
      [
        -0.357768536,
        -0.9239512,
        0.135335818
      ]
    ],
    "translation": [
      1.61457229,
      0.7060307,
      -0.760103464
    ]
  },
  {
    "timeStamp": 39973,
    "rotation": [
      [
        0.891688645,
        -0.422447741,
        -0.162570968
      ],
      [
        0.2095681,
        0.06694697,
        0.9754995
      ],
      [
        -0.4012139,
        -0.903911531,
        0.148227423
      ]
    ],
    "translation": [
      1.61898184,
      0.7256772,
      -0.754555762
    ]
  },
  {
    "timeStamp": 40029,
    "rotation": [
      [
        0.8704713,
        -0.490079045,
        -0.04585026
      ],
      [
        0.10992752,
        0.102760114,
        0.9886133
      ],
      [
        -0.479787081,
        -0.8655997,
        0.143322915
      ]
    ],
    "translation": [
      1.63099885,
      0.7639291,
      -0.741340637
    ]
  },
  {
    "timeStamp": 40073,
    "rotation": [
      [
        0.8263137,
        -0.5607127,
        0.05298043
      ],
      [
        0.0143548986,
        0.115005508,
        0.993261158
      ],
      [
        -0.563027143,
        -0.819984734,
        0.1030796
      ]
    ],
    "translation": [
      1.651413,
      0.802192032,
      -0.723324955
    ]
  },
  {
    "timeStamp": 40129,
    "rotation": [
      [
        0.717757463,
        -0.67201066,
        0.182279766
      ],
      [
        -0.101647966,
        0.157854155,
        0.9822168
      ],
      [
        -0.6888337,
        -0.723521769,
        0.0449924842
      ]
    ],
    "translation": [
      1.6944952,
      0.8515273,
      -0.697258532
    ]
  },
  {
    "timeStamp": 40174,
    "rotation": [
      [
        0.5806286,
        -0.756148458,
        0.30184418
      ],
      [
        -0.214316979,
        0.215714574,
        0.952646554
      ],
      [
        -0.785454452,
        -0.617824137,
        -0.03680541
      ]
    ],
    "translation": [
      1.7415216,
      0.892703,
      -0.6755412
    ]
  },
  {
    "timeStamp": 40229,
    "rotation": [
      [
        0.350912035,
        -0.8470386,
        0.399232268
      ],
      [
        -0.3354694,
        0.2843291,
        0.898118734
      ],
      [
        -0.8742546,
        -0.449090868,
        -0.184381023
      ]
    ],
    "translation": [
      1.81937754,
      0.936475933,
      -0.6523574
    ]
  },
  {
    "timeStamp": 40273,
    "rotation": [
      [
        0.118577145,
        -0.8745688,
        0.470179617
      ],
      [
        -0.423410565,
        0.38377586,
        0.82063365
      ],
      [
        -0.8981442,
        -0.2963874,
        -0.32479465
      ]
    ],
    "translation": [
      1.88975656,
      0.967645645,
      -0.641296744
    ]
  },
  {
    "timeStamp": 40328,
    "rotation": [
      [
        -0.18065007,
        -0.861842632,
        0.473912328
      ],
      [
        -0.461622477,
        0.4997674,
        0.7328965
      ],
      [
        -0.868487358,
        -0.08637076,
        -0.48812893
      ]
    ],
    "translation": [
      1.98441255,
      0.98485744,
      -0.642084062
    ]
  },
  {
    "timeStamp": 40384,
    "rotation": [
      [
        -0.393924445,
        -0.791498065,
        0.467284
      ],
      [
        -0.45855543,
        0.609837949,
        0.646393538
      ],
      [
        -0.796586752,
        0.04035459,
        -0.6031758
      ]
    ],
    "translation": [
      2.05296445,
      0.98749,
      -0.650019467
    ]
  },
  {
    "timeStamp": 40425,
    "rotation": [
      [
        -0.6076548,
        -0.6769119,
        0.415386468
      ],
      [
        -0.405287534,
        0.714092731,
        0.5708008
      ],
      [
        -0.6830063,
        0.178498879,
        -0.708265841
      ]
    ],
    "translation": [
      2.12302518,
      0.970486164,
      -0.67167145
    ]
  },
  {
    "timeStamp": 40479,
    "rotation": [
      [
        -0.7720682,
        -0.5077471,
        0.38223505
      ],
      [
        -0.304448247,
        0.8234168,
        0.478848636
      ],
      [
        -0.5578728,
        0.253333032,
        -0.790316641
      ]
    ],
    "translation": [
      2.174903,
      0.946515739,
      -0.694273233
    ]
  },
  {
    "timeStamp": 40523,
    "rotation": [
      [
        -0.8450196,
        -0.4056574,
        0.348402023
      ],
      [
        -0.2339745,
        0.8663509,
        0.4412392
      ],
      [
        -0.480830342,
        0.2913386,
        -0.826997
      ]
    ],
    "translation": [
      2.20297432,
      0.9273754,
      -0.711733937
    ]
  },
  {
    "timeStamp": 40579,
    "rotation": [
      [
        -0.8844122,
        -0.327860147,
        0.332148731
      ],
      [
        -0.169624865,
        0.888827562,
        0.425691277
      ],
      [
        -0.434790134,
        0.320145875,
        -0.8417031
      ]
    ],
    "translation": [
      2.22332549,
      0.903979659,
      -0.7269974
    ]
  },
  {
    "timeStamp": 40623,
    "rotation": [
      [
        -0.9132561,
        -0.249402046,
        0.322120845
      ],
      [
        -0.102817938,
        0.906212032,
        0.410131872
      ],
      [
        -0.394197524,
        0.341435641,
        -0.8532467
      ]
    ],
    "translation": [
      2.23444963,
      0.885913253,
      -0.737611234
    ]
  },
  {
    "timeStamp": 40679,
    "rotation": [
      [
        -0.8919482,
        -0.247835264,
        0.3781614
      ],
      [
        -0.06208875,
        0.8956011,
        0.4405039
      ],
      [
        -0.447854161,
        0.369427085,
        -0.814217567
      ]
    ],
    "translation": [
      2.23580837,
      0.8659053,
      -0.7369434
    ]
  },
  {
    "timeStamp": 40723,
    "rotation": [
      [
        -0.884718359,
        -0.243386656,
        0.397537947
      ],
      [
        -0.0333838053,
        0.8837499,
        0.466767162
      ],
      [
        -0.464929044,
        0.399686158,
        -0.7899949
      ]
    ],
    "translation": [
      2.235857,
      0.852314055,
      -0.736798942
    ]
  },
  {
    "timeStamp": 40779,
    "rotation": [
      [
        -0.865034044,
        -0.266494423,
        0.425084531
      ],
      [
        -0.0171107128,
        0.8624435,
        0.505864143
      ],
      [
        -0.501421332,
        0.4303162,
        -0.7506029
      ]
    ],
    "translation": [
      2.234884,
      0.838766,
      -0.735132158
    ]
  },
  {
    "timeStamp": 40824,
    "rotation": [
      [
        -0.8525313,
        -0.287904739,
        0.4362353
      ],
      [
        0.00395391835,
        0.8310424,
        0.556194961
      ],
      [
        -0.5226612,
        0.475898445,
        -0.7073513
      ]
    ],
    "translation": [
      2.23597431,
      0.8265708,
      -0.7376054
    ]
  },
  {
    "timeStamp": 40881,
    "rotation": [
      [
        -0.8531502,
        -0.249027252,
        0.458388716
      ],
      [
        0.05875805,
        0.827237964,
        0.558770835
      ],
      [
        -0.5183457,
        0.5036495,
        -0.69112587
      ]
    ],
    "translation": [
      2.23616052,
      0.81374377,
      -0.740682244
    ]
  },
  {
    "timeStamp": 40926,
    "rotation": [
      [
        -0.848412,
        -0.254087,
        0.464367241
      ],
      [
        0.0832036659,
        0.802344859,
        0.591033
      ],
      [
        -0.522756457,
        0.5400765,
        -0.659577966
      ]
    ],
    "translation": [
      2.236649,
      0.804697335,
      -0.7448101
    ]
  },
  {
    "timeStamp": 40972,
    "rotation": [
      [
        -0.8434192,
        -0.261417955,
        0.469366252
      ],
      [
        0.09722879,
        0.784941,
        0.611893833
      ],
      [
        -0.5283849,
        0.561718941,
        -0.636617
      ]
    ],
    "translation": [
      2.2374022,
      0.799405456,
      -0.747845769
    ]
  },
  {
    "timeStamp": 41023,
    "rotation": [
      [
        -0.83419615,
        -0.269378126,
        0.481198668
      ],
      [
        0.1166074,
        0.766686,
        0.631344
      ],
      [
        -0.538998544,
        0.58277607,
        -0.6081551
      ]
    ],
    "translation": [
      2.23648334,
      0.795924067,
      -0.7496053
    ]
  }
]