[
  {
    "timeStamp": 0,
    "rotation": [
      [
        -0.996022344,
        -0.05920222,
        -0.06659251
      ],
      [
        -0.0283541959,
        0.9190986,
        -0.393006146
      ],
      [
        0.08447191,
        -0.389554739,
        -0.9171214
      ]
    ],
    "translation": [
      1.46387362,
      1.56653464,
      -1.523618
    ]
  },
  {
    "timeStamp": 13,
    "rotation": [
      [
        -0.9965086,
        -0.0578506328,
        -0.06019952
      ],
      [
        -0.0293485336,
        0.917735,
        -0.396107554
      ],
      [
        0.0781622753,
        -0.3929578,
        -0.916228652
      ]
    ],
    "translation": [
      1.46507907,
      1.56634247,
      -1.52242088
    ]
  },
  {
    "timeStamp": 64,
    "rotation": [
      [
        -0.9991451,
        -0.0383613743,
        -0.0154114477
      ],
      [
        -0.0282810517,
        0.906143,
        -0.422025
      ],
      [
        0.0301544331,
        -0.421228349,
        -0.9064532
      ]
    ],
    "translation": [
      1.47481489,
      1.56624782,
      -1.5125649
    ]
  },
  {
    "timeStamp": 109,
    "rotation": [
      [
        -0.999550343,
        -0.0195140913,
        0.0227687769
      ],
      [
        -0.0276243072,
        0.8946228,
        -0.4459675
      ],
      [
        -0.0116668167,
        -0.446395934,
        -0.894759536
      ]
    ],
    "translation": [
      1.48496079,
      1.566403,
      -1.50384665
    ]
  },
  {
    "timeStamp": 164,
    "rotation": [
      [
        -0.9976635,
        0.0140818516,
        0.06685304
      ],
      [
        -0.01892245,
        0.8832927,
        -0.468439937
      ],
      [
        -0.0656473041,
        -0.468610436,
        -0.8809624
      ]
    ],
    "translation": [
      1.4959352,
      1.566645,
      -1.49428463
    ]
  },
  {
    "timeStamp": 208,
    "rotation": [
      [
        -0.98852396,
        0.0720547661,
        0.132772356
      ],
      [
        -0.00332345045,
        0.8683275,
        -0.495980084
      ],
      [
        -0.15102762,
        -0.490729451,
        -0.8581231
      ]
    ],
    "translation": [
      1.512789,
      1.56711423,
      -1.48102713
    ]
  },
  {
    "timeStamp": 264,
    "rotation": [
      [
        -0.9699978,
        0.132589564,
        0.203774929
      ],
      [
        0.007168897,
        0.8534233,
        -0.5211691
      ],
      [
        -0.243007869,
        -0.50407207,
        -0.828769267
      ]
    ],
    "translation": [
      1.530075,
      1.5664829,
      -1.46715522
    ]
  },
  {
    "timeStamp": 382,
    "rotation": [
      [
        -0.963014543,
        0.149117127,
        0.224426359
      ],
      [
        0.008444071,
        0.849199,
        -0.5280055
      ],
      [
        -0.2693173,
        -0.5065819,
        -0.8190501
      ]
    ],
    "translation": [
      1.53492284,
      1.56609213,
      -1.46279263
    ]
  },
  {
    "timeStamp": 384,
    "rotation": [
      [
        -0.963014543,
        0.149117127,
        0.224426359
      ],
      [
        0.008444071,
        0.849199,
        -0.5280055
      ],
      [
        -0.2693173,
        -0.5065819,
        -0.8190501
      ]
    ],
    "translation": [
      1.53492284,
      1.56609213,
      -1.46279263
    ]
  },
  {
    "timeStamp": 431,
    "rotation": [
      [
        -0.756559134,
        0.4184136,
        0.5025419
      ],
      [
        0.0150808524,
        0.7794601,
        -0.6262704
      ],
      [
        -0.6537514,
        -0.466231823,
        -0.5960176
      ]
    ],
    "translation": [
      1.61415446,
      1.55993783,
      -1.385412
    ]
  },
  {
    "timeStamp": 475,
    "rotation": [
      [
        -0.6555705,
        0.499647617,
        0.5661974
      ],
      [
        0.0183670055,
        0.760125935,
        -0.649516046
      ],
      [
        -0.7549105,
        -0.41540423,
        -0.5074932
      ]
    ],
    "translation": [
      1.63750434,
      1.55807817,
      -1.3568933
    ]
  },
  {
    "timeStamp": 531,
    "rotation": [
      [
        -0.5176722,
        0.5870331,
        0.6224208
      ],
      [
        0.01583004,
        0.733932,
        -0.6790384
      ],
      [
        -0.85543257,
        -0.341666371,
        -0.38922897
      ]
    ],
    "translation": [
      1.6647985,
      1.55409515,
      -1.3163321
    ]
  },
  {
    "timeStamp": 575,
    "rotation": [
      [
        -0.4013017,
        0.638245463,
        0.6569624
      ],
      [
        0.0119937342,
        0.720850348,
        -0.692986965
      ],
      [
        -0.9158674,
        -0.270217419,
        -0.296933442
      ]
    ],
    "translation": [
      1.68618691,
      1.55257952,
      -1.28197289
    ]
  },
  {
    "timeStamp": 631,
    "rotation": [
      [
        -0.2771608,
        0.6880501,
        0.670648158
      ],
      [
        0.0168116372,
        0.7013589,
        -0.71261
      ],
      [
        -0.960676432,
        -0.18623285,
        -0.205956444
      ]
    ],
    "translation": [
      1.7046963,
      1.54987752,
      -1.24469137
    ]
  },
  {
    "timeStamp": 675,
    "rotation": [
      [
        -0.115875222,
        0.741270244,
        0.6611288
      ],
      [
        0.0240167622,
        0.66750896,
        -0.744214356
      ],
      [
        -0.9929734,
        -0.07035783,
        -0.09515066
      ]
    ],
    "translation": [
      1.72547722,
      1.54493248,
      -1.19790685
    ]
  },
  {
    "timeStamp": 731,
    "rotation": [
      [
        -0.00632414967,
        0.7685217,
        0.639792442
      ],
      [
        0.0258883461,
        0.6397166,
        -0.7681747
      ],
      [
        -0.9996449,
        0.0117051192,
        -0.02394142
      ]
    ],
    "translation": [
      1.7397747,
      1.53975093,
      -1.16114974
    ]
  },
  {
    "timeStamp": 776,
    "rotation": [
      [
        0.113811225,
        0.789655149,
        0.602902651
      ],
      [
        0.0245646238,
        0.6044235,
        -0.7962843
      ],
      [
        -0.993198633,
        0.105436169,
        0.0493926033
      ]
    ],
    "translation": [
      1.75601315,
      1.53222859,
      -1.11554587
    ]
  },
  {
    "timeStamp": 822,
    "rotation": [
      [
        0.205383942,
        0.7993416,
        0.5646861
      ],
      [
        0.0193602648,
        0.5735553,
        -0.818938
      ],
      [
        -0.97849,
        0.1791292,
        0.102323592
      ]
    ],
    "translation": [
      1.766707,
      1.52546978,
      -1.08109486
    ]
  },
  {
    "timeStamp": 878,
    "rotation": [
      [
        0.303056628,
        0.805324256,
        0.509518862
      ],
      [
        0.0113690728,
        0.5315693,
        -0.8469385
      ],
      [
        -0.9529047,
        0.262463063,
        0.151939824
      ]
    ],
    "translation": [
      1.7770772,
      1.51822531,
      -1.0411582
    ]
  },
  {
    "timeStamp": 923,
    "rotation": [
      [
        0.358355373,
        0.8018391,
        0.478158385
      ],
      [
        0.00383004476,
        0.5109073,
        -0.859627247
      ],
      [
        -0.9335774,
        0.309883416,
        0.1800153
      ]
    ],
    "translation": [
      1.78399754,
      1.51412749,
      -1.012675
    ]
  },
  {
    "timeStamp": 980,
    "rotation": [
      [
        0.412782878,
        0.790417433,
        0.4526042
      ],
      [
        0.0005044342,
        0.496715844,
        -0.867913067
      ],
      [
        -0.9108293,
        0.358487964,
        0.2046371
      ]
    ],
    "translation": [
      1.7891984,
      1.51062381,
      -0.9815624
    ]
  },
  {
    "timeStamp": 1025,
    "rotation": [
      [
        0.454744935,
        0.7793486,
        0.4310717
      ],
      [
        0.0051569026,
        0.481699884,
        -0.8763211
      ],
      [
        -0.8906068,
        0.400725573,
        0.215031549
      ]
    ],
    "translation": [
      1.78961515,
      1.50841188,
      -0.9603367
    ]
  },
  {
    "timeStamp": 1080,
    "rotation": [
      [
        0.5083295,
        0.757724941,
        0.409211576
      ],
      [
        0.0117736682,
        0.469025552,
        -0.8831061
      ],
      [
        -0.861082256,
        0.4537268,
        0.2294983
      ]
    ],
    "translation": [
      1.78749657,
      1.50699151,
      -0.936094642
    ]
  },
  {
    "timeStamp": 1125,
    "rotation": [
      [
        0.5543461,
        0.733222961,
        0.393807679
      ],
      [
        0.0184737723,
        0.4622072,
        -0.8865795
      ],
      [
        -0.8320812,
        0.498746961,
        0.242677346
      ]
    ],
    "translation": [
      1.78388453,
      1.5061456,
      -0.9185977
    ]
  },
  {
    "timeStamp": 1180,
    "rotation": [
      [
        0.6211717,
        0.6884509,
        0.37440756
      ],
      [
        0.0284993425,
        0.45759815,
        -0.8887023
      ],
      [
        -0.783156037,
        0.562707067,
        0.264626652
      ]
    ],
    "translation": [
      1.77757859,
      1.50542283,
      -0.89900136
    ]
  },
  {
    "timeStamp": 1224,
    "rotation": [
      [
        0.673483968,
        0.646638155,
        0.3581599
      ],
      [
        0.0364278331,
        0.4549005,
        -0.8897969
      ],
      [
        -0.7383038,
        0.612310946,
        0.282812566
      ]
    ],
    "translation": [
      1.77245259,
      1.5049063,
      -0.8862269
    ]
  },
  {
    "timeStamp": 1280,
    "rotation": [
      [
        0.7330889,
        0.591572762,
        0.335592419
      ],
      [
        0.0442491025,
        0.450892419,
        -0.8914808
      ],
      [
        -0.678691864,
        0.6683844,
        0.304367661
      ]
    ],
    "translation": [
      1.76586175,
      1.50451124,
      -0.8727411
    ]
  },
  {
    "timeStamp": 1325,
    "rotation": [
      [
        0.7801531,
        0.542382,
        0.3117418
      ],
      [
        0.0462571532,
        0.446940035,
        -0.8933672
      ],
      [
        -0.6238761,
        0.711383462,
        0.3235926
      ]
    ],
    "translation": [
      1.760982,
      1.50433147,
      -0.8637378
    ]
  },
  {
    "timeStamp": 1380,
    "rotation": [
      [
        0.838164151,
        0.47366187,
        0.270416826
      ],
      [
        0.040401686,
        0.44051674,
        -0.89683485
      ],
      [
        -0.5439196,
        0.7626201,
        0.3500886
      ]
    ],
    "translation": [
      1.75450039,
      1.50332057,
      -0.8549895
    ]
  },
  {
    "timeStamp": 1425,
    "rotation": [
      [
        0.8818785,
        0.412106246,
        0.2290389
      ],
      [
        0.029243201,
        0.43704468,
        -0.8989643
      ],
      [
        -0.470569,
        0.7994751,
        0.373368979
      ]
    ],
    "translation": [
      1.74973381,
      1.50282562,
      -0.8507266
    ]
  },
  {
    "timeStamp": 1480,
    "rotation": [
      [
        0.92629087,
        0.332026452,
        0.1781675
      ],
      [
        0.0151154315,
        0.439710081,
        -0.8980126
      ],
      [
        -0.376505941,
        0.834513962,
        0.402280718
      ]
    ],
    "translation": [
      1.74493289,
      1.50310075,
      -0.8483181
    ]
  },
  {
    "timeStamp": 1524,
    "rotation": [
      [
        0.9566153,
        0.2603072,
        0.1308713
      ],
      [
        0.00139310979,
        0.4450914,
        -0.8954841
      ],
      [
        -0.291350633,
        0.8568161,
        0.425418615
      ]
    ],
    "translation": [
      1.74075079,
      1.5024122,
      -0.8498032
    ]
  },
  {
    "timeStamp": 1580,
    "rotation": [
      [
        0.9842323,
        0.163936853,
        0.0664192438
      ],
      [
        -0.0142695513,
        0.447869748,
        -0.8939849
      ],
      [
        -0.176304251,
        0.878941059,
        0.443147182
      ]
    ],
    "translation": [
      1.7374301,
      1.50125921,
      -0.857578754
    ]
  },
  {
    "timeStamp": 1624,
    "rotation": [
      [
        0.995968,
        0.08879204,
        0.0127996337
      ],
      [
        -0.0284180567,
        0.44760254,
        -0.893780947
      ],
      [
        -0.08508978,
        0.8898134,
        0.4483211
      ]
    ],
    "translation": [
      1.736176,
      1.50013316,
      -0.867882848
    ]
  },
  {
    "timeStamp": 1680,
    "rotation": [
      [
        0.9988721,
        0.003801913,
        -0.0473292172
      ],
      [
        -0.0440052226,
        0.4485153,
        -0.8926912
      ],
      [
        0.0178339425,
        0.893767059,
        0.4481767
      ]
    ],
    "translation": [
      1.73746872,
      1.49831569,
      -0.884732246
    ]
  },
  {
    "timeStamp": 1724,
    "rotation": [
      [
        0.993923664,
        -0.0616845153,
        -0.09116414
      ],
      [
        -0.05418773,
        0.4467038,
        -0.8930394
      ],
      [
        0.09581008,
        0.892553,
        0.4406469
      ]
    ],
    "translation": [
      1.74041319,
      1.49761844,
      -0.8999579
    ]
  },
  {
    "timeStamp": 1780,
    "rotation": [
      [
        0.980859458,
        -0.137110084,
        -0.138258711
      ],
      [
        -0.0643833652,
        0.441739917,
        -0.8948299
      ],
      [
        0.1837646,
        0.886603951,
        0.4244572
      ]
    ],
    "translation": [
      1.74692321,
      1.49752343,
      -0.9190943
    ]
  },
  {
    "timeStamp": 1824,
    "rotation": [
      [
        0.968614161,
        -0.1765998,
        -0.174925789
      ],
      [
        -0.07999169,
        0.444837838,
        -0.8920317
      ],
      [
        0.235346243,
        0.8780272,
        0.416749716
      ]
    ],
    "translation": [
      1.75217438,
      1.49676788,
      -0.933843255
    ]
  },
  {
    "timeStamp": 1879,
    "rotation": [
      [
        0.9503561,
        -0.216509327,
        -0.223488048
      ],
      [
        -0.107866026,
        0.4444683,
        -0.889276564
      ],
      [
        0.291870058,
        0.8692362,
        0.399049163
      ]
    ],
    "translation": [
      1.757175,
      1.49617553,
      -0.951480269
    ]
  },
  {
    "timeStamp": 1924,
    "rotation": [
      [
        0.9329505,
        -0.2516993,
        -0.257392257
      ],
      [
        -0.126491949,
        0.440197021,
        -0.8889468
      ],
      [
        0.3370506,
        0.8619014,
        0.3788441
      ]
    ],
    "translation": [
      1.76003039,
      1.49651539,
      -0.964896441
    ]
  },
  {
    "timeStamp": 1980,
    "rotation": [
      [
        0.906673551,
        -0.303223521,
        -0.293255061
      ],
      [
        -0.138153046,
        0.443403155,
        -0.8856113
      ],
      [
        0.3985684,
        0.8434744,
        0.360130668
      ]
    ],
    "translation": [
      1.76213646,
      1.49876225,
      -0.979529142
    ]
  },
  {
    "timeStamp": 2024,
    "rotation": [
      [
        0.8806361,
        -0.34452185,
        -0.325245827
      ],
      [
        -0.147933677,
        0.452211022,
        -0.8795572
      ],
      [
        0.4501064,
        0.8226846,
        0.347266942
      ]
    ],
    "translation": [
      1.76338649,
      1.5006777,
      -0.988321662
    ]
  },
  {
    "timeStamp": 2079,
    "rotation": [
      [
        0.852631867,
        -0.3827496,
        -0.355698824
      ],
      [
        -0.162291124,
        0.4530892,
        -0.8765682
      ],
      [
        0.496669382,
        0.8051168,
        0.324201435
      ]
    ],
    "translation": [
      1.76491833,
      1.50208223,
      -0.9987794
    ]
  },
  {
    "timeStamp": 2124,
    "rotation": [
      [
        0.831434548,
        -0.410342127,
        -0.374614358
      ],
      [
        -0.170277312,
        0.453603655,
        -0.8747853
      ],
      [
        0.5288877,
        0.7911151,
        0.3072698
      ]
    ],
    "translation": [
      1.76664281,
      1.50251985,
      -1.00467837
    ]
  },
  {
    "timeStamp": 2179,
    "rotation": [
      [
        0.806167245,
        -0.431209415,
        -0.405157864
      ],
      [
        -0.186098725,
        0.465211481,
        -0.8654164
      ],
      [
        0.5616598,
        0.773069739,
        0.294790715
      ]
    ],
    "translation": [
      1.76808548,
      1.5023104,
      -1.01109993
    ]
  },
  {
    "timeStamp": 2223,
    "rotation": [
      [
        0.789673865,
        -0.4380244,
        -0.4295925
      ],
      [
        -0.2027657,
        0.474530429,
        -0.8565669
      ],
      [
        0.579052,
        0.7635151,
        0.285907954
      ]
    ],
    "translation": [
      1.7692771,
      1.50184464,
      -1.01506913
    ]
  },
  {
    "timeStamp": 2279,
    "rotation": [
      [
        0.778704166,
        -0.431708,
        -0.4552451
      ],
      [
        -0.222584754,
        0.4883155,
        -0.843803346
      ],
      [
        0.586579859,
        0.7584038,
        0.284161657
      ]
    ],
    "translation": [
      1.7708447,
      1.50149262,
      -1.01936543
    ]
  },
  {
    "timeStamp": 2323,
    "rotation": [
      [
        0.7793346,
        -0.421693653,
        -0.4634782
      ],
      [
        -0.231578842,
        0.493461519,
        -0.838371634
      ],
      [
        0.582244635,
        0.760703743,
        0.2869163
      ]
    ],
    "translation": [
      1.77253878,
      1.50108337,
      -1.023172
    ]
  },
  {
    "timeStamp": 2378,
    "rotation": [
      [
        0.789691448,
        -0.406359434,
        -0.4596297
      ],
      [
        -0.23510018,
        0.491555333,
        -0.838511348
      ],
      [
        0.5666704,
        0.7702243,
        0.292641848
      ]
    ],
    "translation": [
      1.77569056,
      1.5017916,
      -1.02677453
    ]
  },
  {
    "timeStamp": 2423,
    "rotation": [
      [
        0.7976534,
        -0.398688465,
        -0.45254457
      ],
      [
        -0.231960118,
        0.489833236,
        -0.8403915
      ],
      [
        0.5567258,
        0.7753134,
        0.2982373
      ]
    ],
    "translation": [
      1.77803552,
      1.50252938,
      -1.0284797
    ]
  },
  {
    "timeStamp": 2479,
    "rotation": [
      [
        0.801078856,
        -0.4036644,
        -0.441958874
      ],
      [
        -0.215299651,
        0.49462837,
        -0.84201473
      ],
      [
        0.558496833,
        0.7696738,
        0.309327543
      ]
    ],
    "translation": [
      1.78069651,
      1.50376689,
      -1.03023612
    ]
  },
  {
    "timeStamp": 2523,
    "rotation": [
      [
        0.7957823,
        -0.415344119,
        -0.4407037
      ],
      [
        -0.203519776,
        0.5019805,
        -0.8405922
      ],
      [
        0.5703597,
        0.7586203,
        0.314936459
      ]
    ],
    "translation": [
      1.78181815,
      1.50531793,
      -1.03169334
    ]
  },
  {
    "timeStamp": 2579,
    "rotation": [
      [
        0.787026763,
        -0.427653134,
        -0.444636554
      ],
      [
        -0.196396232,
        0.5095564,
        -0.837723553
      ],
      [
        0.584822536,
        0.7466358,
        0.3170451
      ]
    ],
    "translation": [
      1.78150368,
      1.50763881,
      -1.03283942
    ]
  },
  {
    "timeStamp": 2624,
    "rotation": [
      [
        0.774866641,
        -0.437227249,
        -0.456523955
      ],
      [
        -0.200540826,
        0.514865756,
        -0.83348465
      ],
      [
        0.599470735,
        0.7373911,
        0.311270356
      ]
    ],
    "translation": [
      1.780417,
      1.508229,
      -1.03315365
    ]
  },
  {
    "timeStamp": 2679,
    "rotation": [
      [
        0.7634294,
        -0.4579673,
        -0.4554574
      ],
      [
        -0.18998985,
        0.5147376,
        -0.836031735
      ],
      [
        0.617316246,
        0.72478354,
        0.3059567
      ]
    ],
    "translation": [
      1.778399,
      1.506987,
      -1.0317992
    ]
  },
  {
    "timeStamp": 2724,
    "rotation": [
      [
        0.768778741,
        -0.466456562,
        -0.437490046
      ],
      [
        -0.173158184,
        0.506713867,
        -0.844545662
      ],
      [
        0.6156261,
        0.7250237,
        0.308780044
      ]
    ],
    "translation": [
      1.77540016,
      1.50528181,
      -1.02920067
    ]
  },
  {
    "timeStamp": 2779,
    "rotation": [
      [
        0.772062957,
        -0.471112728,
        -0.426581383
      ],
      [
        -0.16966714,
        0.4940592,
        -0.8527125
      ],
      [
        0.612480164,
        0.7307246,
        0.30151245
      ]
    ],
    "translation": [
      1.76784849,
      1.50366735,
      -1.02499306
    ]
  },
  {
    "timeStamp": 2824,
    "rotation": [
      [
        0.7642396,
        -0.4864147,
        -0.423483849
      ],
      [
        -0.1649078,
        0.487420738,
        -0.857453465
      ],
      [
        0.6234928,
        0.7251357,
        0.292292684
      ]
    ],
    "translation": [
      1.75888956,
      1.502729,
      -1.02109647
    ]
  },
  {
    "timeStamp": 2879,
    "rotation": [
      [
        0.7543013,
        -0.504083157,
        -0.420630157
      ],
      [
        -0.158471286,
        0.481949419,
        -0.8617492
      ],
      [
        0.637115657,
        0.7166763,
        0.283652365
      ]
    ],
    "translation": [
      1.74531472,
      1.501741,
      -1.01561379
    ]
  },
  {
    "timeStamp": 2924,
    "rotation": [
      [
        0.7497234,
        -0.516520739,
        -0.413667977
      ],
      [
        -0.148008451,
        0.478391081,
        -0.8655839
      ],
      [
        0.6449871,
        0.710174859,
        0.282211542
      ]
    ],
    "translation": [
      1.73283935,
      1.50135052,
      -1.01058435
    ]
  },
  {
    "timeStamp": 2979,
    "rotation": [
      [
        0.7403196,
        -0.5320928,
        -0.4108578
      ],
      [
        -0.138562739,
        0.477263182,
        -0.8677674
      ],
      [
        0.6578201,
        0.699354768,
        0.279599041
      ]
    ],
    "translation": [
      1.71469355,
      1.50063181,
      -1.00436306
    ]
  },
  {
    "timeStamp": 3023,
    "rotation": [
      [
        0.7252439,
        -0.5475039,
        -0.41744554
      ],
      [
        -0.139238209,
        0.477154285,
        -0.8677192
      ],
      [
        0.6742655,
        0.6874324,
        0.2698198
      ]
    ],
    "translation": [
      1.697182,
      1.49967313,
      -0.9984795
    ]
  },
  {
    "timeStamp": 3079,
    "rotation": [
      [
        0.703021944,
        -0.567641854,
        -0.428419054
      ],
      [
        -0.139804214,
        0.480350018,
        -0.865862966
      ],
      [
        0.697291136,
        0.66861546,
        0.2583379
      ]
    ],
    "translation": [
      1.67227125,
      1.4980104,
      -0.989819646
    ]
  },
  {
    "timeStamp": 3123,
    "rotation": [
      [
        0.68741256,
        -0.5836233,
        -0.432259053
      ],
      [
        -0.137340546,
        0.4799788,
        -0.8664629
      ],
      [
        0.7131631,
        0.6549842,
        0.249788314
      ]
    ],
    "translation": [
      1.65006983,
      1.49628615,
      -0.9809793
    ]
  },
  {
    "timeStamp": 3179,
    "rotation": [
      [
        0.677164137,
        -0.599984348,
        -0.425990015
      ],
      [
        -0.131449208,
        0.470974863,
        -0.872298
      ],
      [
        0.723995745,
        0.646685,
        0.240059838
      ]
    ],
    "translation": [
      1.62116432,
      1.49334836,
      -0.9680102
    ]
  },
  {
    "timeStamp": 3223,
    "rotation": [
      [
        0.6818676,
        -0.607314,
        -0.407708526
      ],
      [
        -0.120368943,
        0.456620127,
        -0.881481349
      ],
      [
        0.7215039,
        0.650129,
        0.2382527
      ]
    ],
    "translation": [
      1.59771276,
      1.49049675,
      -0.956495762
    ]
  },
  {
    "timeStamp": 3279,
    "rotation": [
      [
        0.6929426,
        -0.619746149,
        -0.368436247
      ],
      [
        -0.0951916054,
        0.427898139,
        -0.898800135
      ],
      [
        0.714681149,
        0.657888949,
        0.237514228
      ]
    ],
    "translation": [
      1.56922662,
      1.48595834,
      -0.9419838
    ]
  },
  {
    "timeStamp": 3323,
    "rotation": [
      [
        0.699701846,
        -0.6291214,
        -0.338560969
      ],
      [
        -0.07242491,
        0.4089839,
        -0.909663
      ],
      [
        0.7107545,
        0.6610132,
        0.240602732
      ]
    ],
    "translation": [
      1.54755759,
      1.48178875,
      -0.929867
    ]
  },
  {
    "timeStamp": 3379,
    "rotation": [
      [
        0.7096433,
        -0.6347473,
        -0.305781364
      ],
      [
        -0.05467286,
        0.383083254,
        -0.9220944
      ],
      [
        0.7024367,
        0.671076059,
        0.237149
      ]
    ],
    "translation": [
      1.52164316,
      1.47632086,
      -0.9162127
    ]
  },
  {
    "timeStamp": 3423,
    "rotation": [
      [
        0.704019666,
        -0.64980036,
        -0.286558539
      ],
      [
        -0.0525420867,
        0.3547373,
        -0.9334885
      ],
      [
        0.7082342,
        0.6722507,
        0.215600178
      ]
    ],
    "translation": [
      1.50285125,
      1.47263932,
      -0.907675266
    ]
  },
  {
    "timeStamp": 3479,
    "rotation": [
      [
        0.6913187,
        -0.666380644,
        -0.279312164
      ],
      [
        -0.0559255034,
        0.3360562,
        -0.940180063
      ],
      [
        0.7203824,
        0.665584743,
        0.195054263
      ]
    ],
    "translation": [
      1.48105824,
      1.46849072,
      -0.896101952
    ]
  },
  {
    "timeStamp": 3523,
    "rotation": [
      [
        0.6925691,
        -0.6681797,
        -0.2718162
      ],
      [
        -0.05530299,
        0.326523572,
        -0.9435698
      ],
      [
        0.719228566,
        0.6685195,
        0.1891878
      ]
    ],
    "translation": [
      1.46553576,
      1.46499741,
      -0.8866277
    ]
  },
  {
    "timeStamp": 3579,
    "rotation": [
      [
        0.700192034,
        -0.66750747,
        -0.253307819
      ],
      [
        -0.0466172658,
        0.31129396,
        -0.9491696
      ],
      [
        0.712431,
        0.676409543,
        0.1868482
      ]
    ],
    "translation": [
      1.44905329,
      1.4605087,
      -0.874642253
    ]
  },
  {
    "timeStamp": 3623,
    "rotation": [
      [
        0.70328337,
        -0.6686305,
        -0.241507441
      ],
      [
        -0.04268268,
        0.299389631,
        -0.9531758
      ],
      [
        0.7096272,
        0.680660844,
        0.18201679
      ]
    ],
    "translation": [
      1.43708217,
      1.45642316,
      -0.8649025
    ]
  },
  {
    "timeStamp": 3679,
    "rotation": [
      [
        0.7092442,
        -0.669131935,
        -0.221889868
      ],
      [
        -0.0365712978,
        0.279406846,
        -0.9594761
      ],
      [
        0.7040136,
        0.688617647,
        0.173696667
      ]
    ],
    "translation": [
      1.42402494,
      1.45030427,
      -0.8534821
    ]
  },
  {
    "timeStamp": 3723,
    "rotation": [
      [
        0.714717031,
        -0.6679676,
        -0.207361832
      ],
      [
        -0.0364409238,
        0.2605128,
        -0.9647824
      ],
      [
        0.6984638,
        0.6971029,
        0.16185157
      ]
    ],
    "translation": [
      1.41455936,
      1.44496429,
      -0.845280766
    ]
  },
  {
    "timeStamp": 3779,
    "rotation": [
      [
        0.720388949,
        -0.666710854,
        -0.191144869
      ],
      [
        -0.036964152,
        0.238297209,
        -0.9704886
      ],
      [
        0.6925846,
        0.706194758,
        0.147022277
      ]
    ],
    "translation": [
      1.404247,
      1.43844831,
      -0.836488
    ]
  },
  {
    "timeStamp": 3823,
    "rotation": [
      [
        0.722516358,
        -0.666701,
        -0.182974786
      ],
      [
        -0.03766185,
        0.226312622,
        -0.9733263
      ],
      [
        0.690327168,
        0.710135341,
        0.138405383
      ]
    ],
    "translation": [
      1.3967371,
      1.43403411,
      -0.83009994
    ]
  },
  {
    "timeStamp": 3878,
    "rotation": [
      [
        0.720536768,
        -0.669507,
        -0.180518985
      ],
      [
        -0.0425847881,
        0.2171167,
        -0.9752163
      ],
      [
        0.692107856,
        0.7103666,
        0.127929747
      ]
    ],
    "translation": [
      1.38846755,
      1.42938066,
      -0.822983861
    ]
  },
  {
    "timeStamp": 3923,
    "rotation": [
      [
        0.7186766,
        -0.6716972,
        -0.179796368
      ],
      [
        -0.0467496924,
        0.211311445,
        -0.9763001
      ],
      [
        0.693771064,
        0.7100495,
        0.120462954
      ]
    ],
    "translation": [
      1.38263822,
      1.42558,
      -0.8180877
    ]
  },
  {
    "timeStamp": 3979,
    "rotation": [
      [
        0.7185567,
        -0.6722806,
        -0.1780871
      ],
      [
        -0.0513046123,
        0.204129651,
        -0.977598548
      ],
      [
        0.6935734,
        0.711596668,
        0.112187639
      ]
    ],
    "translation": [
      1.37624884,
      1.4207499,
      -0.8126887
    ]
  },
  {
    "timeStamp": 4023,
    "rotation": [
      [
        0.717985332,
        -0.67359823,
        -0.175392687
      ],
      [
        -0.0542175546,
        0.1970934,
        -0.9788844
      ],
      [
        0.6939435,
        0.712334,
        0.104989313
      ]
    ],
    "translation": [
      1.37244081,
      1.417376,
      -0.8088397
    ]
  },
  {
    "timeStamp": 4078,
    "rotation": [
      [
        0.7192192,
        -0.6736206,
        -0.1701739
      ],
      [
        -0.0544024557,
        0.189578444,
        -0.9803573
      ],
      [
        0.6926501,
        0.7143497,
        0.0997018442
      ]
    ],
    "translation": [
      1.3690145,
      1.41367114,
      -0.804882646
    ]
  },
  {
    "timeStamp": 4123,
    "rotation": [
      [
        0.721414,
        -0.67256093,
        -0.164995492
      ],
      [
        -0.05282516,
        0.1841194,
        -0.98148334
      ],
      [
        0.6904862,
        0.7167718,
        0.09729818
      ]
    ],
    "translation": [
      1.36685061,
      1.41146028,
      -0.802662
    ]
  },
  {
    "timeStamp": 4178,
    "rotation": [
      [
        0.720184267,
        -0.674132168,
        -0.16395238
      ],
      [
        -0.0531939156,
        0.181966752,
        -0.9818648
      ],
      [
        0.6917405,
        0.71584487,
        0.09518988
      ]
    ],
    "translation": [
      1.36505342,
      1.40951169,
      -0.800296664
    ]
  },
  {
    "timeStamp": 4223,
    "rotation": [
      [
        0.7178603,
        -0.676097631,
        -0.166037813
      ],
      [
        -0.0545264557,
        0.18316181,
        -0.981569469
      ],
      [
        0.6940486,
        0.7136832,
        0.0946193859
      ]
    ],
    "translation": [
      1.36385345,
      1.40867579,
      -0.799047947
    ]
  },
  {
    "timeStamp": 4279,
    "rotation": [
      [
        0.7157633,
        -0.6763872,
        -0.1737335
      ],
      [
        -0.0628343746,
        0.185393527,
        -0.9806534
      ],
      [
        0.695510447,
        0.7128321,
        0.09019751
      ]
    ],
    "translation": [
      1.36388636,
      1.40820324,
      -0.798272
    ]
  },
  {
    "timeStamp": 4323,
    "rotation": [
      [
        0.7160132,
        -0.674337268,
        -0.180539057
      ],
      [
        -0.0743158,
        0.183519185,
        -0.980203
      ],
      [
        0.6941198,
        0.7152552,
        0.08128824
      ]
    ],
    "translation": [
      1.365072,
      1.40841913,
      -0.7986852
    ]
  },
  {
    "timeStamp": 4378,
    "rotation": [
      [
        0.7195317,
        -0.6685393,
        -0.187960982
      ],
      [
        -0.0864897,
        0.182283118,
        -0.9794347
      ],
      [
        0.6890527,
        0.720991,
        0.07333673
      ]
    ],
    "translation": [
      1.36836886,
      1.4100796,
      -0.7995163
    ]
  },
  {
    "timeStamp": 4423,
    "rotation": [
      [
        0.7273828,
        -0.6618552,
        -0.181278512
      ],
      [
        -0.07917995,
        0.181453973,
        -0.9802066
      ],
      [
        0.681648552,
        0.727339,
        0.07958083
      ]
    ],
    "translation": [
      1.37311935,
      1.412854,
      -0.7995168
    ]
  },
  {
    "timeStamp": 4478,
    "rotation": [
      [
        0.745291352,
        -0.643952131,
        -0.1728189
      ],
      [
        -0.06707988,
        0.185464785,
        -0.98035866
      ],
      [
        0.6633559,
        0.7422455,
        0.09502908
      ]
    ],
    "translation": [
      1.38037419,
      1.41815937,
      -0.799466133
    ]
  },
  {
    "timeStamp": 4522,
    "rotation": [
      [
        0.7644531,
        -0.6224583,
        -0.16780062
      ],
      [
        -0.0578471646,
        0.1930053,
        -0.979491
      ],
      [
        0.642078757,
        0.758481741,
        0.111536048
      ]
    ],
    "translation": [
      1.38820481,
      1.423502,
      -0.8001605
    ]
  },
  {
    "timeStamp": 4578,
    "rotation": [
      [
        0.795956552,
        -0.584776,
        -0.156493589
      ],
      [
        -0.0416389778,
        0.205015242,
        -0.97787267
      ],
      [
        0.60392,
        0.7848604,
        0.138833746
      ]
    ],
    "translation": [
      1.40179038,
      1.43065989,
      -0.8005426
    ]
  },
  {
    "timeStamp": 4623,
    "rotation": [
      [
        0.8252855,
        -0.547463,
        -0.138521209
      ],
      [
        -0.0218016468,
        0.214222908,
        -0.97654146
      ],
      [
        0.564294755,
        0.8089455,
        0.164859459
      ]
    ],
    "translation": [
      1.41610956,
      1.43624818,
      -0.8007095
    ]
  },
  {
    "timeStamp": 4678,
    "rotation": [
      [
        0.860955656,
        -0.497232825,
        -0.107307129
      ],
      [
        0.00635726471,
        0.221453384,
        -0.9751502
      ],
      [
        0.5086402,
        0.8388789,
        0.193822592
      ]
    ],
    "translation": [
      1.43857217,
      1.442216,
      -0.801624537
    ]
  },
  {
    "timeStamp": 4723,
    "rotation": [
      [
        0.8871119,
        -0.4540317,
        -0.08299247
      ],
      [
        0.0270067565,
        0.230563924,
        -0.972682357
      ],
      [
        0.460763663,
        0.8606367,
        0.216797918
      ]
    ],
    "translation": [
      1.45935059,
      1.44722021,
      -0.8028505
    ]
  },
  {
    "timeStamp": 4778,
    "rotation": [
      [
        0.917380869,
        -0.3942142,
        -0.0548402779
      ],
      [
        0.04750186,
        0.245244741,
        -0.968296766
      ],
      [
        0.395165622,
        0.885691941,
        0.243708745
      ]
    ],
    "translation": [
      1.48909986,
      1.45324218,
      -0.805171251
    ]
  },
  {
    "timeStamp": 4822,
    "rotation": [
      [
        0.938294232,
        -0.344180316,
        -0.0338216
      ],
      [
        0.0610681958,
        0.261149377,
        -0.9633648
      ],
      [
        0.340403676,
        0.901854157,
        0.2660534
      ]
    ],
    "translation": [
      1.51550782,
      1.45739,
      -0.807461262
    ]
  },
  {
    "timeStamp": 4878,
    "rotation": [
      [
        0.959382236,
        -0.2820264,
        -0.006838855
      ],
      [
        0.07554186,
        0.2801798,
        -0.9569706
      ],
      [
        0.271807075,
        0.917583942,
        0.29010433
      ]
    ],
    "translation": [
      1.551621,
      1.46198094,
      -0.8109436
    ]
  },
  {
    "timeStamp": 4922,
    "rotation": [
      [
        0.972014248,
        -0.2344705,
        0.0145557281
      ],
      [
        0.0855825245,
        0.2957244,
        -0.95143193
      ],
      [
        0.218778238,
        0.9260511,
        0.307514876
      ]
    ],
    "translation": [
      1.58291,
      1.465634,
      -0.813792348
    ]
  },
  {
    "timeStamp": 4978,
    "rotation": [
      [
        0.9838759,
        -0.173523366,
        0.0433344319
      ],
      [
        0.0968087,
        0.312951535,
        -0.944822431
      ],
      [
        0.150387183,
        0.9337832,
        0.324704051
      ]
    ],
    "translation": [
      1.6259675,
      1.46941471,
      -0.8186786
    ]
  },
  {
    "timeStamp": 5023,
    "rotation": [
      [
        0.9903202,
        -0.122014143,
        0.0661691353
      ],
      [
        0.102826379,
        0.324701041,
        -0.9402106
      ],
      [
        0.093233794,
        0.9379135,
        0.33410427
      ]
    ],
    "translation": [
      1.66227233,
      1.47190464,
      -0.8231485
    ]
  },
  {
    "timeStamp": 5078,
    "rotation": [
      [
        0.9937612,
        -0.0562689751,
        0.0962942243
      ],
      [
        0.109700538,
        0.337443084,
        -0.934932053
      ],
      [
        0.0201138426,
        0.939662755,
        0.341510564
      ]
    ],
    "translation": [
      1.70982552,
      1.47359586,
      -0.8285142
    ]
  },
  {
    "timeStamp": 5123,
    "rotation": [
      [
        0.9913059,
        -0.00658581965,
        0.131412342
      ],
      [
        0.125760138,
        0.341108322,
        -0.9315737
      ],
      [
        -0.0386906564,
        0.940000951,
        0.3389709
      ]
    ],
    "translation": [
      1.75030565,
      1.47446692,
      -0.832538
    ]
  },
  {
    "timeStamp": 5178,
    "rotation": [
      [
        0.980882466,
        0.0604093447,
        0.184987426
      ],
      [
        0.1534151,
        0.344777554,
        -0.926062763
      ],
      [
        -0.119722359,
        0.9367386,
        0.328918546
      ]
    ],
    "translation": [
      1.80111337,
      1.474555,
      -0.838260651
    ]
  },
  {
    "timeStamp": 5223,
    "rotation": [
      [
        0.9679558,
        0.11643897,
        0.222493589
      ],
      [
        0.168938354,
        0.353598416,
        -0.9200152
      ],
      [
        -0.185799,
        0.9281218,
        0.322596639
      ]
    ],
    "translation": [
      1.83944833,
      1.47343743,
      -0.8424827
    ]
  },
  {
    "timeStamp": 5278,
    "rotation": [
      [
        0.9495526,
        0.1771484,
        0.2587824
      ],
      [
        0.183708116,
        0.3545735,
        -0.916803658
      ],
      [
        -0.2541677,
        0.918093741,
        0.3041426
      ]
    ],
    "translation": [
      1.88158226,
      1.47093737,
      -0.849920034
    ]
  },
  {
    "timeStamp": 5323,
    "rotation": [
      [
        0.937614262,
        0.209512234,
        0.2774602
      ],
      [
        0.195084736,
        0.343538076,
        -0.918653131
      ],
      [
        -0.287787169,
        0.915470541,
        0.281233549
      ]
    ],
    "translation": [
      1.91020274,
      1.46983922,
      -0.85736084
    ]
  },
  {
    "timeStamp": 5378,
    "rotation": [
      [
        0.9280727,
        0.235868633,
        0.28817907
      ],
      [
        0.200329408,
