[
  {
    "timeStamp": 14305,
    "rotation": [
      [
        0.0715697,
        0.997381747,
        -0.0103644505
      ],
      [
        0.009916843,
        0.009679051,
        0.999904
      ],
      [
        0.9973863,
        -0.0716656148,
        -0.00919815153
      ]
    ],
    "translation": [
      1.46165788,
      0.701284,
      -0.4874227
    ]
  },
  {
    "timeStamp": 14349,
    "rotation": [
      [
        0.07214153,
        0.9973502,
        -0.009383897
      ],
      [
        0.0295384545,
        0.00726786349,
        0.9995372
      ],
      [
        0.9969569,
        -0.07238532,
        -0.02893587
      ]
    ],
    "translation": [
      1.46157348,
      0.7016245,
      -0.4875932
    ]
  },
  {
    "timeStamp": 14407,
    "rotation": [
      [
        0.07257932,
        0.997278154,
        0.0129841911
      ],
      [
        0.04027317,
        -0.0159383882,
        0.9990616
      ],
      [
        0.9965492,
        -0.0719883,
        -0.04132035
      ]
    ],
    "translation": [
      1.46165717,
      0.7010546,
      -0.487574935
    ]
  },
  {
    "timeStamp": 14449,
    "rotation": [
      [
        0.221578151,
        0.9640431,
        0.146710753
      ],
      [
        -0.03891698,
        -0.14158839,
        0.989160359
      ],
      [
        0.9743657,
        -0.224885866,
        0.00614475273
      ]
    ],
    "translation": [
      1.44861734,
      0.7153937,
      -0.4979703
    ]
  },
  {
    "timeStamp": 14505,
    "rotation": [
      [
        0.3591152,
        0.8860758,
        0.29309693
      ],
      [
        -0.06443868,
        -0.28975603,
        0.9549288
      ],
      [
        0.931066,
        -0.361816257,
        -0.04695824
      ]
    ],
    "translation": [
      1.4500097,
      0.758846164,
      -0.4934155
    ]
  },
  {
    "timeStamp": 14550,
    "rotation": [
      [
        0.4742889,
        0.785885632,
        0.396779269
      ],
      [
        -0.09833223,
        -0.400586337,
        0.9109673
      ],
      [
        0.8748604,
        -0.471077859,
        -0.112715773
      ]
    ],
    "translation": [
      1.46755457,
      0.8055941,
      -0.494784832
    ]
  },
  {
    "timeStamp": 14605,
    "rotation": [
      [
        0.5930941,
        0.66327703,
        0.456402123
      ],
      [
        -0.130875662,
        -0.4799039,
        0.867504358
      ],
      [
        0.7944249,
        -0.574243665,
        -0.197821364
      ]
    ],
    "translation": [
      1.51860237,
      0.8568106,
      -0.5032317
    ]
  },
  {
    "timeStamp": 14649,
    "rotation": [
      [
        0.702354133,
        0.540641963,
        0.463038772
      ],
      [
        -0.15426369,
        -0.519427955,
        0.8404745
      ],
      [
        0.694911,
        -0.6617408,
        -0.281420946
      ]
    ],
    "translation": [
      1.57647109,
      0.89265275,
      -0.5088161
    ]
  },
  {
    "timeStamp": 14705,
    "rotation": [
      [
        0.816348732,
        0.446857452,
        0.3659141
      ],
      [
        -0.0993690342,
        -0.5154368,
        0.8511467
      ],
      [
        0.568946838,
        -0.731193066,
        -0.3763724
      ]
    ],
    "translation": [
      1.66776478,
      0.9137782,
      -0.5171413
    ]
  },
  {
    "timeStamp": 14750,
    "rotation": [
      [
        0.9019929,
        0.342929959,
        0.262312472
      ],
      [
        -0.061208602,
        -0.499851316,
        0.863945663
      ],
      [
        0.427390128,
        -0.7953286,
        -0.429872066
      ]
    ],
    "translation": [
      1.75163078,
      0.921069,
      -0.528081238
    ]
  },
  {
    "timeStamp": 14805,
    "rotation": [
      [
        0.9721334,
        0.206411421,
        0.111135066
      ],
      [
        0.00303820684,
        -0.485121638,
        0.8744414
      ],
      [
        0.234408721,
        -0.849736035,
        -0.472230077
      ]
    ],
    "translation": [
      1.86460328,
      0.9334513,
      -0.543018937
    ]
  },
  {
    "timeStamp": 14849,
    "rotation": [
      [
        0.9935797,
        0.113116086,
        -0.002037101
      ],
      [
        0.0553767867,
        -0.470554829,
        0.8806313
      ],
      [
        0.098655,
        -0.875090241,
        -0.4737977
      ]
    ],
    "translation": [
      1.94935107,
      0.9385643,
      -0.5632416
    ]
  },
  {
    "timeStamp": 14905,
    "rotation": [
      [
        0.991470456,
        -0.0198050588,
        -0.128818229
      ],
      [
        0.110864282,
        -0.391498953,
        0.913475633
      ],
      [
        -0.06852363,
        -0.9199654,
        -0.385963947
      ]
    ],
    "translation": [
      2.04395533,
      0.9215758,
      -0.599374
    ]
  },
  {
    "timeStamp": 14949,
    "rotation": [
      [
        0.9843413,
        -0.0520530269,
        -0.1684122
      ],
      [
        0.142389536,
        -0.328398526,
        0.933744967
      ],
      [
        -0.10391055,
        -0.9431039,
        -0.315844446
      ]
    ],
    "translation": [
      2.088375,
      0.896617055,
      -0.625893354
    ]
  },
  {
    "timeStamp": 15005,
    "rotation": [
      [
        0.973722339,
        -0.06688374,
        -0.217695832
      ],
      [
        0.191471845,
        -0.277115136,
        0.9415656
      ],
      [
        -0.123302244,
        -0.958506048,
        -0.257026821
      ]
    ],
    "translation": [
      2.12427,
      0.868339658,
      -0.651692748
    ]
  },
  {
    "timeStamp": 15053,
    "rotation": [
      [
        0.9797617,
        -0.111798972,
        -0.1660361
      ],
      [
        0.13295947,
        -0.256567419,
        0.957337439
      ],
      [
        -0.149628773,
        -0.9600386,
        -0.236510217
      ]
    ],
    "translation": [
      2.1290617,
      0.8465034,
      -0.6654814
    ]
  },
  {
    "timeStamp": 15099,
    "rotation": [
      [
        0.9768345,
        -0.101202905,
        -0.188553616
      ],
      [
        0.167717338,
        -0.185188472,
        0.968285143
      ],
      [
        -0.132911235,
        -0.977478,
        -0.163924992
      ]
    ],
    "translation": [
      2.140715,
      0.8145173,
      -0.687209666
    ]
  },
  {
    "timeStamp": 15155,
    "rotation": [
      [
        0.9857941,
        -0.142894164,
        -0.0882675648
      ],
      [
        0.06626748,
        -0.151997611,
        0.9861569
      ],
      [
        -0.154332489,
        -0.9779969,
        -0.140369117
      ]
    ],
    "translation": [
      2.12620115,
      0.7826633,
      -0.69551146
    ]
  },
  {
    "timeStamp": 15199,
    "rotation": [
      [
        0.9892303,
        -0.116749033,
        -0.0882789642
      ],
      [
        0.0748164,
        -0.115058452,
        0.9905373
      ],
      [
        -0.125801474,
        -0.986474156,
        -0.105084561
      ]
    ],
    "translation": [
      2.12455821,
      0.76039356,
      -0.699705064
    ]
  },
  {
    "timeStamp": 15255,
    "rotation": [
      [
        0.991733551,
        -0.122850277,
        -0.037046995
      ],
      [
        0.0281513222,
        -0.07337231,
        0.996907234
      ],
      [
        -0.125188544,
        -0.989709258,
        -0.06930739
      ]
    ],
    "translation": [
      2.11257243,
      0.734797537,
      -0.7031046
    ]
  },
  {
    "timeStamp": 15300,
    "rotation": [
      [
        0.996582747,
        -0.0784999,
        -0.02570276
      ],
      [
        0.0212379117,
        -0.0571917556,
        0.9981373
      ],
      [
        -0.07982366,
        -0.9952723,
        -0.0553291366
      ]
    ],
    "translation": [
      2.10580444,
      0.7235057,
      -0.7013621
    ]
  },
  {
    "timeStamp": 15355,
    "rotation": [
      [
        0.9968631,
        -0.05839111,
        -0.05342661
      ],
      [
        0.05208349,
        -0.0242879782,
        0.998347342
      ],
      [
        -0.05959223,
        -0.997998238,
        -0.021170577
      ]
    ],
    "translation": [
      2.10509515,
      0.7208266,
      -0.702104568
    ]
  },
  {
    "timeStamp": 15399,
    "rotation": [
      [
        0.9957831,
        -0.0572864339,
        -0.0716546
      ],
      [
        0.07075063,
        -0.017657958,
        0.997337759
      ],
      [
        -0.0583991855,
        -0.9982016,
        -0.0135304434
      ]
    ],
    "translation": [
      2.10512447,
      0.7211468,
      -0.702064335
    ]
  },
  {
    "timeStamp": 15455,
    "rotation": [
      [
        0.9952021,
        -0.0552690774,
        -0.08073369
      ],
      [
        0.08091384,
        0.00102598546,
        0.996720552
      ],
      [
        -0.0550049953,
        -0.998470962,
        0.00549309654
      ]
    ],
    "translation": [
      2.1051538,
      0.722191,
      -0.702004433
    ]
  },
  {
    "timeStamp": 15501,
    "rotation": [
      [
        0.9946399,
        -0.055825755,
        -0.0870346949
      ],
      [
        0.08707677,
        -0.00168295274,
        0.9962002
      ],
      [
        -0.0557601042,
        -0.9984391,
        0.0031871947
      ]
    ],
    "translation": [
      2.10480952,
      0.720461965,
      -0.701996148
    ]
  },
  {
    "timeStamp": 15558,
    "rotation": [
      [
        0.9936588,
        -0.0559386835,
        -0.09753571
      ],
      [
        0.09768762,
        -1.87764472E-05,
        0.995217144
      ],
      [
        -0.05567297,
        -0.998434246,
        0.005445859
      ]
    ],
    "translation": [
      2.1047945,
      0.720394552,
      -0.701998949
    ]
  }
]