[
  {
    "timeStamp": 50039,
    "rotation": [
      [
        0.9938654,
        0.109542288,
        0.0152359074
      ],
      [
        -0.0160504226,
        0.00655767368,
        0.9998497
      ],
      [
        0.10942591,
        -0.9939605,
        0.008275645
      ]
    ],
    "translation": [
      1.45168948,
      0.703287542,
      -0.230038479
    ]
  },
  {
    "timeStamp": 50096,
    "rotation": [
      [
        0.9938922,
        0.107912667,
        0.0230917931
      ],
      [
        -0.0238225777,
        0.00548759243,
        0.999701142
      ],
      [
        0.1077537,
        -0.9941453,
        0.008024833
      ]
    ],
    "translation": [
      1.45076752,
      0.702847362,
      -0.232098311
    ]
  },
  {
    "timeStamp": 50141,
    "rotation": [
      [
        0.9964244,
        0.08378798,
        -0.01086547
      ],
      [
        0.009118666,
        0.02120251,
        0.9997336
      ],
      [
        0.08399603,
        -0.996258,
        0.020362664
      ]
    ],
    "translation": [
      1.45133591,
      0.7033922,
      -0.238756
    ]
  },
  {
    "timeStamp": 50187,
    "rotation": [
      [
        0.998522937,
        0.04411846,
        -0.031710133
      ],
      [
        0.03178912,
        -0.00108971377,
        0.999494
      ],
      [
        0.0440615825,
        -0.9990257,
        -0.00249059126
      ]
    ],
    "translation": [
      1.46191573,
      0.7147774,
      -0.2445388
    ]
  },
  {
    "timeStamp": 50244,
    "rotation": [
      [
        0.9995807,
        0.0135046151,
        -0.0256149434
      ],
      [
        0.02602606,
        -0.0312008113,
        0.999174237
      ],
      [
        0.0126942582,
        -0.9994219,
        -0.031539198
      ]
    ],
    "translation": [
      1.47105825,
      0.7346283,
      -0.254899859
    ]
  },
  {
    "timeStamp": 50288,
    "rotation": [
      [
        0.9993002,
        -0.03489747,
        0.0134679712
      ],
      [
        -0.01577786,
        -0.06678405,
        0.9976427
      ],
      [
        -0.0339157581,
        -0.997157,
        -0.0672879145
      ]
    ],
    "translation": [
      1.48331118,
      0.7587348,
      -0.267867863
    ]
  },
  {
    "timeStamp": 50344,
    "rotation": [
      [
        0.9945994,
        -0.08602771,
        0.05806321
      ],
      [
        -0.06482492,
        -0.07801043,
        0.994842768
      ],
      [
        -0.08105452,
        -0.993234,
        -0.08316586
      ]
    ],
    "translation": [
      1.50365078,
      0.7852962,
      -0.290398955
    ]
  },
  {
    "timeStamp": 50388,
    "rotation": [
      [
        0.9905046,
        -0.120135173,
        0.06684425
      ],
      [
        -0.08022289,
        -0.110216759,
        0.9906647
      ],
      [
        -0.111646332,
        -0.9866204,
        -0.1188078
      ]
    ],
    "translation": [
      1.52531362,
      0.812848449,
      -0.3120849
    ]
  },
  {
    "timeStamp": 50444,
    "rotation": [
      [
        0.9833665,
        -0.15450874,
        0.0954850242
      ],
      [
        -0.116277069,
        -0.131659642,
        0.98445183
      ],
      [
        -0.1395349,
        -0.9791797,
        -0.147435516
      ]
    ],
    "translation": [
      1.55465341,
      0.845436633,
      -0.3451394
    ]
  },
  {
    "timeStamp": 50488,
    "rotation": [
      [
        0.97593987,
        -0.183722392,
        0.117419876
      ],
      [
        -0.1434092,
        -0.135216609,
        0.98038274
      ],
      [
        -0.164241165,
        -0.9736337,
        -0.158310756
      ]
    ],
    "translation": [
      1.58130729,
      0.8682874,
      -0.3725584
    ]
  },
  {
    "timeStamp": 50544,
    "rotation": [
      [
        0.9642999,
        -0.2234907,
        0.142047942
      ],
      [
        -0.177814633,
        -0.14896965,
        0.972723
      ],
      [
        -0.196233734,
        -0.963254869,
        -0.183391348
      ]
    ],
    "translation": [
      1.62141335,
      0.8999362,
      -0.410148323
    ]
  },
  {
    "timeStamp": 50588,
    "rotation": [
      [
        0.9606008,
        -0.242233828,
        0.1362678
      ],
      [
        -0.179404408,
        -0.16595678,
        0.969676435
      ],
      [
        -0.212273866,
        -0.955918968,
        -0.202876046
      ]
    ],
    "translation": [
      1.65409946,
      0.9242081,
      -0.438988268
    ]
  },
  {
    "timeStamp": 50644,
    "rotation": [
      [
        0.9594725,
        -0.2582164,
        0.112857662
      ],
      [
        -0.1625699,
        -0.180061892,
        0.970128238
      ],
      [
        -0.230181679,
        -0.9491586,
        -0.214742631
      ]
    ],
    "translation": [
      1.69905472,
      0.951510668,
      -0.477583438
    ]
  },
  {
    "timeStamp": 50688,
    "rotation": [
      [
        0.9672429,
        -0.24691847,
        0.05892758
      ],
      [
        -0.111679621,
        -0.205442041,
        0.97227633
      ],
      [
        -0.227966785,
        -0.9470084,
        -0.226288125
      ]
    ],
    "translation": [
      1.73453462,
      0.971177757,
      -0.5072295
    ]
  },
  {
    "timeStamp": 50744,
    "rotation": [
      [
        0.9779563,
        -0.208785087,
        0.00320713432
      ],
      [
        -0.0497758351,
        -0.218180314,
        0.9746382
      ],
      [
        -0.202790186,
        -0.9533132,
        -0.223763272
      ]
    ],
    "translation": [
      1.77559066,
      0.9906501,
      -0.540281832
    ]
  },
  {
    "timeStamp": 50788,
    "rotation": [
      [
        0.9727882,
        -0.220698074,
        -0.07053603
      ],
      [
        0.01789078,
        -0.231974781,
        0.972557247
      ],
      [
        -0.231004089,
        -0.9473542,
        -0.221713886
      ]
    ],
    "translation": [
      1.8192296,
      1.00551128,
      -0.567516863
    ]
  },
  {
    "timeStamp": 50844,
    "rotation": [
      [
        0.9753274,
        -0.195778936,
        -0.102015786
      ],
      [
        0.0587691739,
        -0.215173379,
        0.974805951
      ],
      [
        -0.212797537,
        -0.9567503,
        -0.1983587
      ]
    ],
    "translation": [
      1.86412525,
      1.01505327,
      -0.597528
    ]
  },
  {
    "timeStamp": 50888,
    "rotation": [
      [
        0.9716675,
        -0.195157111,
        -0.133326218
      ],
      [
        0.08971277,
        -0.217348531,
        0.9719626
      ],
      [
        -0.218663663,
        -0.956385553,
        -0.193682432
      ]
    ],
    "translation": [
      1.90353918,
      1.02215123,
      -0.6203077
    ]
  },
  {
    "timeStamp": 50943,
    "rotation": [
      [
        0.9610636,
        -0.220895767,
        -0.1660178
      ],
      [
        0.118922628,
        -0.211674541,
        0.970078
      ],
      [
        -0.249427855,
        -0.9520499,
        -0.177163169
      ]
    ],
    "translation": [
      1.9573741,
      1.02681935,
      -0.6462984
    ]
  },
  {
    "timeStamp": 50988,
    "rotation": [
      [
        0.9535467,
        -0.2506144,
        -0.167155832
      ],
      [
        0.1185265,
        -0.198007,
        0.973008037
      ],
      [
        -0.2769479,
        -0.947621,
        -0.159104466
      ]
    ],
    "translation": [
      2.00075459,
      1.02607441,
      -0.6645181
    ]
  },
  {
    "timeStamp": 51044,
    "rotation": [
      [
        0.9359133,
        -0.304265827,
        -0.17745018
      ],
      [
        0.12074402,
        -0.196123958,
        0.9731168
      ],
      [
        -0.3308884,
        -0.932179034,
        -0.146816745
      ]
    ],
    "translation": [
      2.055836,
      1.023912,
      -0.684156358
    ]
  },
  {
    "timeStamp": 51088,
    "rotation": [
      [
        0.9226235,
        -0.3387297,
        -0.18446672
      ],
      [
        0.133782834,
        -0.167526856,
        0.9767481
      ],
      [
        -0.361756742,
        -0.9258493,
        -0.109248005
      ]
    ],
    "translation": [
      2.093546,
      1.01454782,
      -0.697676957
    ]
  },
  {
    "timeStamp": 51153,
    "rotation": [
      [
        0.9050863,
        -0.391058266,
        -0.167009756
      ],
      [
        0.119533069,
        -0.142938182,
        0.9824869
      ],
      [
        -0.4080817,
        -0.909198642,
        -0.08262698
      ]
    ],
    "translation": [
      2.135003,
      0.9983574,
      -0.7129153
    ]
  },
  {
    "timeStamp": 51187,
    "rotation": [
      [
        0.899515748,
        -0.3979236,
        -0.180355966
      ],
      [
        0.147398666,
        -0.112200089,
        0.9826926
      ],
      [
        -0.411272526,
        -0.9105317,
        -0.04227234
      ]
    ],
    "translation": [
      2.157277,
      0.983507633,
      -0.7217647
    ]
  },
  {
    "timeStamp": 51238,
    "rotation": [
      [
        0.889686346,
        -0.442371964,
        -0.112983622
      ],
      [
        0.09557981,
        -0.0615213141,
        0.9935188
      ],
      [
        -0.446455747,
        -0.894719064,
        -0.0124528455
      ]
    ],
    "translation": [
      2.17896271,
      0.9596131,
      -0.731868148
    ]
  },
  {
    "timeStamp": 51294,
    "rotation": [
      [
        0.8851886,
        -0.446707338,
        -0.12997587
      ],
      [
        0.12944144,
        -0.03186812,
        0.99107486
      ],
      [
        -0.4468625,
        -0.894112349,
        0.0296131484
      ]
    ],
    "translation": [
      2.19598532,
      0.938936532,
      -0.7365334
    ]
  },
  {
    "timeStamp": 51338,
    "rotation": [
      [
        0.8874115,
        -0.4527098,
        -0.0869175643
      ],
      [
        0.107513823,
        0.0199080557,
        0.99400425
      ],
      [
        -0.4482651,
        -0.8914356,
        0.0663391948
      ]
    ],
    "translation": [
      2.20287251,
      0.9164731,
      -0.7381197
    ]
  },
  {
    "timeStamp": 51394,
    "rotation": [
      [
        0.8846027,
        -0.454712927,
        -0.103509434
      ],
      [
        0.1512428,
        0.06977205,
        0.9860312
      ],
      [
        -0.441139042,
        -0.8879009,
        0.1304926
      ]
    ],
    "translation": [
      2.21033263,
      0.892650962,
      -0.7393421
    ]
  },
  {
    "timeStamp": 51438,
    "rotation": [
      [
        0.8958388,
        -0.4389212,
        -0.0694328845
      ],
      [
        0.127605826,
        0.104418956,
        0.986313045
      ],
      [
        -0.4256636,
        -0.8924376,
        0.149551466
      ]
    ],
    "translation": [
      2.20854,
      0.8761095,
      -0.7350952
    ]
  },
  {
    "timeStamp": 51494,
    "rotation": [
      [
        0.902667,
        -0.429121375,
        -0.03235959
      ],
      [
        0.09785618,
        0.13145332,
        0.9864807
      ],
      [
        -0.4190662,
        -0.893630147,
        0.160650745
      ]
    ],
    "translation": [
      2.2059052,
      0.860141933,
      -0.7286159
    ]
  }
]