[
  {
    "timeStamp": 67203,
    "rotation": [
      [
        -0.200590879,
        -0.05077561,
        -0.9783584
      ],
      [
        0.04166487,
        0.9973103,
        -0.060301654
      ],
      [
        0.978788733,
        -0.052859135,
        -0.19793579
      ]
    ],
    "translation": [
      1.44118559,
      0.7322989,
      -0.5165875
    ]
  },
  {
    "timeStamp": 67248,
    "rotation": [
      [
        -0.198623583,
        -0.0213428549,
        -0.9798435
      ],
      [
        0.0198306926,
        0.9994707,
        -0.0257902425
      ],
      [
        0.979875267,
        -0.0245535243,
        -0.1980952
      ]
    ],
    "translation": [
      1.44224536,
      0.734874249,
      -0.5156646
    ]
  },
  {
    "timeStamp": 67303,
    "rotation": [
      [
        -0.198601112,
        -0.030651981,
        -0.979600966
      ],
      [
        0.0259525813,
        0.998995841,
        -0.0365203954
      ],
      [
        0.9797367,
        -0.0326761641,
        -0.1976062
      ]
    ],
    "translation": [
      1.44193792,
      0.7353641,
      -0.5159686
    ]
  },
  {
    "timeStamp": 67347,
    "rotation": [
      [
        -0.1988827,
        -0.0391269065,
        -0.9792419
      ],
      [
        0.03045411,
        0.9984734,
        -0.04608051
      ],
      [
        0.979550064,
        -0.03898656,
        -0.197387516
      ]
    ],
    "translation": [
      1.44163084,
      0.735730648,
      -0.516188741
    ]
  },
  {
    "timeStamp": 67402,
    "rotation": [
      [
        -0.198649064,
        -0.04718605,
        -0.9789341
      ],
      [
        0.028857559,
        0.9981256,
        -0.053967
      ],
      [
        0.9796457,
        -0.0389701426,
        -0.196915045
      ]
    ],
    "translation": [
      1.44136989,
      0.7359057,
      -0.5162659
    ]
  },
  {
    "timeStamp": 67448,
    "rotation": [
      [
        -0.179329857,
        -0.0581327453,
        -0.9820699
      ],
      [
        0.0205885526,
        0.9978122,
        -0.062824145
      ],
      [
        0.983573556,
        -0.0314856432,
        -0.177740648
      ]
    ],
    "translation": [
      1.44183469,
      0.735839665,
      -0.5178118
    ]
  },
  {
    "timeStamp": 67502,
    "rotation": [
      [
        -0.184523,
        -0.125604436,
        -0.9747691
      ],
      [
        0.009735677,
        0.991517842,
        -0.129605561
      ],
      [
        0.98278,
        -0.0334052444,
        -0.181735009
      ]
    ],
    "translation": [
      1.44544125,
      0.7387828,
      -0.523214161
    ]
  },
  {
    "timeStamp": 67547,
    "rotation": [
      [
        -0.18290472,
        -0.12917985,
        -0.974606752
      ],
      [
        0.0261515453,
        0.9903398,
        -0.136173055
      ],
      [
        0.9827828,
        -0.05039417,
        -0.177759573
      ]
    ],
    "translation": [
      1.44576955,
      0.749776959,
      -0.522705555
    ]
  },
  {
    "timeStamp": 67602,
    "rotation": [
      [
        -0.176292,
        -0.118073136,
        -0.977230668
      ],
      [
        0.056933336,
        0.989894569,
        -0.129873991
      ],
      [
        0.982690036,
        -0.0785327554,
        -0.1677882
      ]
    ],
    "translation": [
      1.44644487,
      0.77158314,
      -0.5226537
    ]
  },
  {
    "timeStamp": 67656,
    "rotation": [
      [
        -0.164686337,
        -0.105271652,
        -0.9807121
      ],
      [
        0.0819575042,
        0.9893893,
        -0.119965814
      ],
      [
        0.9829351,
        -0.100133449,
        -0.1543111
      ]
    ],
    "translation": [
      1.45000541,
      0.7965005,
      -0.5230633
    ]
  },
  {
    "timeStamp": 67701,
    "rotation": [
      [
        -0.155830175,
        -0.1007048,
        -0.982637
      ],
      [
        0.104389809,
        0.9875398,
        -0.117761783
      ],
      [
        0.982252359,
        -0.120928124,
        -0.143375948
      ]
    ],
    "translation": [
      1.45453441,
      0.8184695,
      -0.523705959
    ]
  },
  {
    "timeStamp": 67757,
    "rotation": [
      [
        -0.156833038,
        -0.07889019,
        -0.9844693
      ],
      [
        0.127452016,
        0.9868529,
        -0.09938522
      ],
      [
        0.979366839,
        -0.141059473,
        -0.144716412
      ]
    ],
    "translation": [
      1.45724237,
      0.8494015,
      -0.5262591
    ]
  },
  {
    "timeStamp": 67801,
    "rotation": [
      [
        -0.1494551,
        -0.07824243,
        -0.985667944
      ],
      [
        0.150649428,
        0.9834239,
        -0.100907
      ],
      [
        0.977224648,
        -0.163571373,
        -0.135190532
      ]
    ],
    "translation": [
      1.46354675,
      0.874482453,
      -0.527997136
    ]
  },
  {
    "timeStamp": 67856,
    "rotation": [
      [
        -0.1307061,
        -0.06132661,
        -0.9895226
      ],
      [
        0.174494833,
        0.981081247,
        -0.08385248
      ],
      [
        0.9759444,
        -0.1836266,
        -0.117532119
      ]
    ],
    "translation": [
      1.47515261,
      0.90868634,
      -0.5302742
    ]
  },
  {
    "timeStamp": 67901,
    "rotation": [
      [
        -0.101953126,
        -0.0523498356,
        -0.9934108
      ],
      [
        0.190098614,
        0.9791863,
        -0.07110995
      ],
      [
        0.9764569,
        -0.1960959,
        -0.08987948
      ]
    ],
    "translation": [
      1.48872948,
      0.934672654,
      -0.5329929
    ]
  },
  {
    "timeStamp": 67957,
    "rotation": [
      [
        -0.07579456,
        -0.0425226763,
        -0.9962163
      ],
      [
        0.2052645,
        0.977026463,
        -0.0573206022
      ],
      [
        0.9757672,
        -0.208832428,
        -0.0653249
      ]
    ],
    "translation": [
      1.50609553,
      0.9657655,
      -0.5375812
    ]
  },
  {
    "timeStamp": 68001,
    "rotation": [
      [
        -0.04096571,
        -0.0351350754,
        -0.998542547
      ],
      [
        0.215416312,
        0.9755679,
        -0.04316424
      ],
      [
        0.975662649,
        -0.216870621,
        -0.03239616
      ]
    ],
    "translation": [
      1.52439916,
      0.9899607,
      -0.5423538
    ]
  },
  {
    "timeStamp": 68057,
    "rotation": [
      [
        -0.00211289967,
        -0.0257442277,
        -0.999666333
      ],
      [
        0.221306249,
        0.974868953,
        -0.02557338
      ],
      [
        0.975202,
        -0.221286446,
        0.00363755831
      ]
    ],
    "translation": [
      1.54914618,
      1.01779652,
      -0.5505507
    ]
  },
  {
    "timeStamp": 68102,
    "rotation": [
      [
        0.021353418,
        -0.0275862589,
        -0.9993913
      ],
      [
        0.233294532,
        0.972160637,
        -0.0218499377
      ],
      [
        0.9721716,
        -0.232685953,
        0.0271946769
      ]
    ],
    "translation": [
      1.569973,
      1.03973651,
      -0.558923066
    ]
  },
  {
    "timeStamp": 68147,
    "rotation": [
      [
        0.05504838,
        -0.0417643674,
        -0.997609854
      ],
      [
        0.247443944,
        0.9685289,
        -0.0268928856
      ],
      [
        0.9673372,
        -0.245372117,
        0.06365029
      ]
    ],
    "translation": [
      1.59727538,
      1.060718,
      -0.5688393
    ]
  },
  {
    "timeStamp": 68202,
    "rotation": [
      [
        0.1095107,
        -0.04048349,
        -0.993160844
      ],
      [
        0.2499436,
        0.9681872,
        -0.0119055212
      ],
      [
        0.9620476,
        -0.24693042,
        0.116145447
      ]
    ],
    "translation": [
      1.6358943,
      1.07896364,
      -0.5827953
    ]
  },
  {
    "timeStamp": 68247,
    "rotation": [
      [
        0.152286753,
        -0.06948307,
        -0.985890865
      ],
      [
        0.258479059,
        0.9656073,
        -0.0281272754
      ],
      [
        0.953937769,
        -0.25054875,
        0.165009126
      ]
    ],
    "translation": [
      1.67409432,
      1.09142125,
      -0.595239937
    ]
  },
  {
    "timeStamp": 68302,
    "rotation": [
      [
        0.2145767,
        -0.112434715,
        -0.970214
      ],
      [
        0.269135833,
        0.9617014,
        -0.05192498
      ],
      [
        0.938894451,
        -0.249977484,
        0.236618936
      ]
    ],
    "translation": [
      1.72676373,
      1.10240686,
      -0.612342536
    ]
  },
  {
    "timeStamp": 68347,
    "rotation": [
      [
        0.260210782,
        -0.141609013,
        -0.9551111
      ],
      [
        0.2736808,
        0.959435761,
        -0.06768852
      ],
      [
        0.9259531,
        -0.2437823,
        0.2884112
      ]
    ],
    "translation": [
      1.77250123,
      1.10789764,
      -0.627107143
    ]
  },
  {
    "timeStamp": 68402,
    "rotation": [
      [
        0.316061318,
        -0.180807129,
        -0.9313506
      ],
      [
        0.272048831,
        0.95772,
        -0.09360437
      ],
      [
        0.90889746,
        -0.223788142,
        0.35188663
      ]
    ],
    "translation": [
      1.82859015,
      1.10761893,
      -0.645657957
    ]
  },
  {
    "timeStamp": 68447,
    "rotation": [
      [
        0.36005947,
        -0.207738474,
        -0.90950644
      ],
      [
        0.263875,
        0.9577611,
        -0.114296213
      ],
      [
        0.8948336,
        -0.198842585,
        0.399667919
      ]
    ],
    "translation": [
      1.87514865,
      1.10381186,
      -0.6622725
    ]
  },
  {
    "timeStamp": 68502,
    "rotation": [
      [
        0.404785246,
        -0.241631776,
        -0.8819087
      ],
      [
        0.262027949,
        0.9546604,
        -0.1412972
      ],
      [
        0.876065254,
        -0.1738897,
        0.4497467
      ]
    ],
    "translation": [
      1.92799187,
      1.098659,
      -0.68083334
    ]
  },
  {
    "timeStamp": 68547,
    "rotation": [
      [
        0.438971728,
        -0.2565943,
        -0.861082554
      ],
      [
        0.244529828,
        0.956298232,
        -0.160308659
      ],
      [
        0.864586055,
        -0.140189409,
        0.482532829
      ]
    ],
    "translation": [
      1.96958077,
      1.08858,
      -0.695615768
    ]
  },
  {
    "timeStamp": 68602,
    "rotation": [
      [
        0.493405879,
        -0.2716521,
        -0.826290369
      ],
      [
        0.23114641,
        0.956771,
        -0.176523715
      ],
      [
        0.8385237,
        -0.103896208,
        0.5348678
      ]
    ],
    "translation": [
      2.0208323,
      1.07827318,
      -0.7126133
    ]
  },
  {
    "timeStamp": 68658,
    "rotation": [
      [
        0.507550359,
        -0.277142584,
        -0.8158337
      ],
      [
        0.210466847,
        0.95805335,
        -0.194518626
      ],
      [
        0.8355216,
        -0.07297795,
        0.544589639
      ]
    ],
    "translation": [
      2.05981684,
      1.06476307,
      -0.7214533
    ]
  },
  {
    "timeStamp": 68702,
    "rotation": [
      [
        0.525543451,
        -0.260911465,
        -0.8097711
      ],
      [
        0.192361161,
        0.9636062,
        -0.185634851
      ],
      [
        0.828734756,
        -0.0582093261,
        0.5566062
      ]
    ],
    "translation": [
      2.08883119,
      1.054283,
      -0.724403441
    ]
  },
  {
    "timeStamp": 68747,
    "rotation": [
      [
        0.5052689,
        -0.2626862,
        -0.8220093
      ],
      [
        0.198154345,
        0.9624089,
        -0.185752541
      ],
      [
        0.839903653,
        -0.06902973,
        0.5383277
      ]
    ],
    "translation": [
      2.11145759,
      1.04876649,
      -0.71907115
    ]
  },
  {
    "timeStamp": 68802,
    "rotation": [
      [
        0.464259982,
        -0.234165832,
        -0.8541833
      ],
      [
        0.19853422,
        0.967389643,
        -0.157294244
      ],
      [
        0.863160968,
        -0.09655918,
        0.495610237
      ]
    ],
    "translation": [
      2.133115,
      1.041968,
      -0.7073702
    ]
  },
  {
    "timeStamp": 68847,
    "rotation": [
      [
        0.420853972,
        -0.241102934,
        -0.8745006
      ],
      [
        0.181230232,
        0.966944158,
        -0.179372787
      ],
      [
        0.888840556,
        -0.0829962,
        0.45063743
      ]
    ],
    "translation": [
      2.15126538,
      1.03153384,
      -0.6958295
    ]
  },
  {
    "timeStamp": 68903,
    "rotation": [
      [
        0.348669469,
        -0.2347069,
        -0.907382131
      ],
      [
        0.152186915,
        0.9694663,
        -0.192286685
      ],
      [
        0.9248074,
        -0.0710471943,
        0.37374264
      ]
    ],
    "translation": [
      2.16855264,
      1.01668239,
      -0.6772205
    ]
  },
  {
    "timeStamp": 68953,
    "rotation": [
      [
        0.288294315,
        -0.2417536,
        -0.926521242
      ],
      [
        0.136413813,
        0.9681039,
        -0.210157365
      ],
      [
        0.9477751,
        -0.0658031255,
        0.312077373
      ]
    ],
    "translation": [
      2.18622541,
      1.002301,
      -0.658819139
    ]
  },
  {
    "timeStamp": 68998,
    "rotation": [
      [
        0.222124964,
        -0.260954231,
        -0.9394485
      ],
      [
        0.105885878,
        0.964276433,
        -0.242814943
      ],
      [
        0.9692516,
        -0.0455390662,
        0.241821244
      ]
    ],
    "translation": [
      2.19536471,
      0.986714065,
      -0.645455
    ]
  },
  {
    "timeStamp": 69052,
    "rotation": [
      [
        0.133606434,
        -0.277106822,
        -0.951504648
      ],
      [
        0.105521858,
        0.95863235,
        -0.264365673
      ],
      [
        0.9854006,
        -0.06508358,
        0.157320261
      ]
    ],
    "translation": [
      2.19959164,
      0.9760242,
      -0.6284875
    ]
  },
  {
    "timeStamp": 69097,
    "rotation": [
      [
        0.09400493,
        -0.258938968,
        -0.96130836
      ],
      [
        0.08034793,
        0.9644077,
        -0.2519167
      ],
      [
        0.9923242,
        -0.0535577238,
        0.111464292
      ]
    ],
    "translation": [
      2.20301533,
      0.963345051,
      -0.618810356
    ]
  },
  {
    "timeStamp": 69152,
    "rotation": [
      [
        0.0493100062,
        -0.2773422,
        -0.959505
      ],
      [
        0.07242525,
        0.9591375,
        -0.273513943
      ],
      [
        0.9961542,
        -0.05600542,
        0.06738165
      ]
    ],
    "translation": [
      2.21052146,
      0.953140438,
      -0.6084239
    ]
  },
  {
    "timeStamp": 69197,
    "rotation": [
      [
        0.0329138264,
        -0.264219254,
        -0.963900864
      ],
      [
        0.05598094,
        0.9633967,
        -0.26216954
      ],
      [
        0.997889161,
        -0.0453310721,
        0.0465003178
      ]
    ],
    "translation": [
      2.21560574,
      0.9434881,
      -0.6028718
    ]
  },
  {
    "timeStamp": 69252,
    "rotation": [
      [
        0.0137367221,
        -0.2642018,
        -0.9643696
      ],
      [
        0.0411425866,
        0.9637931,
        -0.263457835
      ],
      [
        0.999058843,
        -0.0360576138,
        0.0241093058
      ]
    ],
    "translation": [
      2.22220659,
      0.9326243,
      -0.5986753
    ]
  },
  {
    "timeStamp": 69298,
    "rotation": [
      [
        0.00163632364,
        -0.24786447,
        -0.968793333
      ],
      [
        0.0249048583,
        0.96850425,
        -0.247748435
      ],
      [
        0.9996885,
        -0.0237222649,
        0.00775781553
      ]
    ],
    "translation": [
      2.225481,
      0.9231711,
      -0.599001765
    ]
  },
  {
    "timeStamp": 69354,
    "rotation": [
      [
        -0.008529132,
        -0.252928019,
        -0.96744746
      ],
      [
        -0.00117438426,
        0.967484534,
        -0.252927363
      ],
      [
        0.999963,
        -0.00102109578,
        -0.008548838
      ]
    ],
    "translation": [
      2.23242617,
      0.911458254,
      -0.602123559
    ]
  },
  {
    "timeStamp": 69400,
    "rotation": [
      [
        -0.0270488076,
        -0.230810061,
        -0.972622752
      ],
      [
        -0.0190268941,
        0.9729214,
        -0.230351776
      ],
      [
        0.999453,
        0.01227525,
        -0.03070796
      ]
    ],
    "translation": [
      2.23290062,
      0.903723955,
      -0.6054857
    ]
  },
  {
    "timeStamp": 69457,
    "rotation": [
      [
        -0.0457289964,
        -0.199470043,
        -0.9788363
      ],
      [
        -0.0325958654,
        0.979637563,
        -0.198110521
      ],
      [
        0.998421967,
        0.0228466243,
        -0.05129974
      ]
    ],
    "translation": [
      2.23276424,
      0.896821,
      -0.6068032
    ]
  },
  {
    "timeStamp": 69502,
    "rotation": [
      [
        -0.0545525737,
        -0.16884023,
        -0.9841326
      ],
      [
        -0.021944195,
        0.985564947,
        -0.167869553
      ],
      [
        0.998269737,
        0.0124382814,
        -0.0574701652
      ]
    ],
    "translation": [
      2.233249,
      0.8919033,
      -0.60675627
    ]
  },
  {
    "timeStamp": 69558,
    "rotation": [
      [
        -0.07752408,
        -0.193077877,
        -0.978116035
      ],
      [
        -0.0793565139,
        0.979150832,
        -0.186992466
      ],
      [
        0.993827164,
        0.06312345,
        -0.09122976
      ]
    ],
    "translation": [
      2.232303,
      0.878315,
      -0.608746767
    ]
  },
  {
    "timeStamp": 69602,
    "rotation": [
      [
        -0.0950852856,
        -0.187737808,
        -0.9776059
      ],
      [
        -0.09195872,
        0.979512751,
        -0.17915979
      ],
      [
        0.991212547,
        0.07286392,
        -0.110401385
      ]
    ],
    "translation": [
      2.22945952,
      0.87361896,
      -0.608020544
    ]
  },
  {
    "timeStamp": 69658,
    "rotation": [
      [
        -0.10535837,
        -0.190573826,
        -0.976002634
      ],
      [
        -0.0918212,
        0.979136646,
        -0.181273788
      ],
      [
        0.990186036,
        0.07051902,
        -0.120658964
      ]
    ],
    "translation": [
      2.22670341,
      0.8709195,
      -0.604233146
    ]
  },
  {
    "timeStamp": 69702,
    "rotation": [
      [
        -0.105106831,
        -0.219730586,
        -0.969881952
      ],
      [
        -0.09900611,
        0.9727508,
        -0.209651172
      ],
      [
        0.989520252,
        0.0739884749,
        -0.123997428
      ]
    ],
    "translation": [
      2.22707319,
      0.8671248,
      -0.602136
    ]
  },
  {
    "timeStamp": 69758,
    "rotation": [
      [
        -0.09389014,
        -0.237844124,
        -0.9667548
      ],
      [
        -0.106379487,
        0.9678818,
        -0.227789938
      ],
      [
        0.9898829,
        0.08145565,
        -0.116176285
      ]
    ],
    "translation": [
      2.228581,
      0.86049,
      -0.601364
    ]
  },
  {
    "timeStamp": 69803,
    "rotation": [
      [
        -0.06689715,
        -0.216748118,
        -0.973932743
      ],
      [
        -0.131706044,
        0.969496131,
        -0.206714168
      ],
      [
        0.989029,
        0.114444248,
        -0.0934035555
      ]
    ],
    "translation": [
      2.23010945,
      0.854715645,
      -0.6029987
    ]
  },
  {
    "timeStamp": 69858,
    "rotation": [
      [
        -0.0477369055,
        -0.220938846,
        -0.97411865
      ],
      [
        -0.186385542,
        0.9600721,
        -0.2086191
      ],
      [
        0.9813162,
        0.171602815,
        -0.08701068
      ]
    ],
    "translation": [
      2.2311728,
      0.8410449,
      -0.6114793
    ]
  },
  {
    "timeStamp": 69902,
    "rotation": [
      [
        -0.07757064,
        -0.298487335,
        -0.9512561
      ],
      [
        -0.180493623,
        0.942569256,
        -0.281043142
      ],
      [
        0.980512559,
        0.149894968,
        -0.126990765
      ]
    ],
    "translation": [
      2.22730136,
      0.837456942,
      -0.6128633
    ]
  },
  {
    "timeStamp": 69959,
    "rotation": [
      [
        -0.0997697,
        -0.279598236,
        -0.9549193
      ],
      [
        -0.183745712,
        0.948379,
        -0.258485556
      ],
      [
        0.9778975,
        0.149673313,
        -0.145994455
      ]
    ],
    "translation": [
      2.22024751,
      0.8370048,
      -0.6139447
    ]
  },
  {
    "timeStamp": 70002,
    "rotation": [
      [
        -0.06767197,
        -0.239549369,
        -0.968522847
      ],
      [
        -0.155894756,
        0.9613634,
        -0.226886
      ],
      [
        0.985452831,
        0.135633826,
        -0.102401845
      ]
    ],
    "translation": [
      2.22166467,
      0.8374937,
      -0.6147429
    ]
  },
  {
    "timeStamp": 70058,
    "rotation": [
      [
        -0.0318755433,
        -0.197595626,
        -0.9797652
      ],
      [
        -0.109639093,
        0.975039,
        -0.193075478
      ],
      [
        0.9934602,
        0.10126619,
        -0.0527441
      ]
    ],
    "translation": [
      2.227401,
      0.8391517,
      -0.611585259
    ]
  },
  {
    "timeStamp": 70103,
    "rotation": [
      [
        -0.02100355,
        -0.166321471,
        -0.9858479
      ],
      [
        -0.103784993,
        0.981100738,
        -0.16330944
      ],
      [
        0.994378,
        0.09888614,
        -0.0378682725
      ]
    ],
    "translation": [
      2.23020434,
      0.8386294,
      -0.610277951
    ]
  },
  {
    "timeStamp": 70158,
    "rotation": [
      [
        -0.0160443261,
        -0.170514166,
        -0.9852246
      ],
      [
        -0.117447987,
        0.9788515,
        -0.167498529
      ],
      [
        0.9929494,
        0.113025241,
        -0.0357315578
      ]
    ],
    "translation": [
      2.23122668,
      0.8372215,
      -0.6105838
    ]
  },
  {
    "timeStamp": 70202,
    "rotation": [
      [
        -0.01908003,
        -0.184159651,
        -0.982711136
      ],
      [
        -0.104812115,
        0.977842748,
        -0.181212321
      ],
      [
        0.994309,
        0.0995425,
        -0.0379594341
      ]
    ],
    "translation": [
      2.2308135,
      0.8387568,
      -0.6101095
    ]
  },
  {
    "timeStamp": 70258,
    "rotation": [
      [
        -0.00510118529,
        -0.195904359,
        -0.9806097
      ],
      [
        -0.09123276,
        0.976623952,
        -0.1946335
      ],
      [
        0.9958165,
        0.0884708762,
        -0.0228548367
      ]
    ],
    "translation": [
      2.23334026,
      0.839945555,
      -0.610367656
    ]
  }
]