[
  {
    "timeStamp": 19736,
    "rotation": [
      [
        0.987135351,
        -0.159878612,
        0.00161733117
      ],
      [
        0.159885615,
        0.9871165,
        -0.00613129465
      ],
      [
        -0.0006162314,
        0.00631100545,
        0.9999799
      ]
    ],
    "translation": [
      1.46157861,
      0.7010429,
      -0.619761169
    ]
  },
  {
    "timeStamp": 19780,
    "rotation": [
      [
        0.9894459,
        -0.144894361,
        0.00153350551
      ],
      [
        0.144898891,
        0.9894405,
        -0.00343127386
      ],
      [
        -0.00102014025,
        0.00361726317,
        0.9999929
      ]
    ],
    "translation": [
      1.46153641,
      0.7011603,
      -0.619722545
    ]
  },
  {
    "timeStamp": 19836,
    "rotation": [
      [
        0.9876391,
        -0.156734347,
        0.00181211345
      ],
      [
        0.1567376,
        0.987638652,
        -0.00180965418
      ],
      [
        -0.00150607829,
        0.00207131146,
        0.9999967
      ]
    ],
    "translation": [
      1.461536,
      0.7014572,
      -0.619778454
    ]
  },
  {
    "timeStamp": 19880,
    "rotation": [
      [
        0.9811962,
        -0.192991585,
        0.002867667
      ],
      [
        0.192964241,
        0.980507135,
        -0.0370206349
      ],
      [
        0.00433290238,
        0.0368778668,
        0.9993104
      ]
    ],
    "translation": [
      1.46559691,
      0.704396248,
      -0.6235957
    ]
  },
  {
    "timeStamp": 19936,
    "rotation": [
      [
        0.989921331,
        -0.131727144,
        0.05199639
      ],
      [
        0.132629573,
        0.991062641,
        -0.0142893437
      ],
      [
        -0.0496493876,
        0.0210415851,
        0.998545
      ]
    ],
    "translation": [
      1.47977078,
      0.7270039,
      -0.6273081
    ]
  },
  {
    "timeStamp": 19980,
    "rotation": [
      [
        0.993233562,
        -0.06894847,
        0.09345154
      ],
      [
        0.06832841,
        0.997614563,
        0.009822513
      ],
      [
        -0.09390586,
        -0.003370655,
        0.9955754
      ]
    ],
    "translation": [
      1.49712765,
      0.753832,
      -0.632904
    ]
  },
  {
    "timeStamp": 20036,
    "rotation": [
      [
        0.9909816,
        0.00403727544,
        0.133937448
      ],
      [
        -0.0111925425,
        0.998546958,
        0.05271262
      ],
      [
        -0.133530021,
        -0.0537363365,
        0.9895869
      ]
    ],
    "translation": [
      1.52980971,
      0.796687543,
      -0.6426772
    ]
  },
  {
    "timeStamp": 20080,
    "rotation": [
      [
        0.990043759,
        0.02500876,
        0.138520271
      ],
      [
        -0.0370308161,
        0.9957008,
        0.0849037245
      ],
      [
        -0.1358014,
        -0.08918792,
        0.986713469
      ]
    ],
    "translation": [
      1.562575,
      0.8277303,
      -0.6522255
    ]
  },
  {
    "timeStamp": 20136,
    "rotation": [
      [
        0.98653,
        0.0140173845,
        0.162978619
      ],
      [
        -0.03668015,
        0.989906847,
        0.136890128
      ],
      [
        -0.159414813,
        -0.1410243,
        0.977087
      ]
    ],
    "translation": [
      1.62216854,
      0.8655454,
      -0.6647853
    ]
  },
  {
    "timeStamp": 20180,
    "rotation": [
      [
        0.9820177,
        -0.006832933,
        0.188665286
      ],
      [
        -0.0276805442,
        0.98333323,
        0.179693013
      ],
      [
        -0.186748669,
        -0.181684077,
        0.965461433
      ]
    ],
    "translation": [
      1.67743111,
      0.8935962,
      -0.6725483
    ]
  },
  {
    "timeStamp": 20236,
    "rotation": [
      [
        0.972223639,
        -0.09865767,
        0.212244868
      ],
      [
        0.04064187,
        0.9642052,
        0.262024015
      ],
      [
        -0.230498284,
        -0.246119916,
        0.9414327
      ]
    ],
    "translation": [
      1.76290441,
      0.930140138,
      -0.680664241
    ]
  },
  {
    "timeStamp": 20280,
    "rotation": [
      [
        0.955794632,
        -0.183742881,
        0.229554072
      ],
      [
        0.106248111,
        0.9437764,
        0.313045323
      ],
      [
        -0.274167567,
        -0.274817348,
        0.9215788
      ]
    ],
    "translation": [
      1.83458745,
      0.955806136,
      -0.688234568
    ]
  },
  {
    "timeStamp": 20335,
    "rotation": [
      [
        0.916049,
        -0.29149434,
        0.2754727
      ],
      [
        0.193038836,
        0.922508538,
        0.334236354
      ],
      [
        -0.351553917,
        -0.252999961,
        0.9013328
      ]
    ],
    "translation": [
      1.92282319,
      0.976366,
      -0.701476753
    ]
  },
  {
    "timeStamp": 20380,
    "rotation": [
      [
        0.885922551,
        -0.3414723,
        0.3139074
      ],
      [
        0.239146,
        0.916152358,
        0.3216739
      ],
      [
        -0.397429734,
        -0.209908471,
        0.8933018
      ]
    ],
    "translation": [
      1.98766875,
      0.983336151,
      -0.71327734
    ]
  },
  {
    "timeStamp": 20436,
    "rotation": [
      [
        0.8333486,
        -0.422977269,
        0.355837584
      ],
      [
        0.308125824,
        0.88994205,
        0.336246252
      ],
      [
        -0.4588994,
        -0.170567572,
        0.87196213
      ]
    ],
    "translation": [
      2.05933332,
      0.9911663,
      -0.7283157
    ]
  },
  {
    "timeStamp": 20480,
    "rotation": [
      [
        0.8040758,
        -0.46579358,
        0.369456947
      ],
      [
        0.3595041,
        0.8758807,
        0.3218536
      ],
      [
        -0.473517567,
        -0.125973389,
        0.8717292
      ]
    ],
    "translation": [
      2.10543275,
      0.9887688,
      -0.740070939
    ]
  },
  {
    "timeStamp": 20535,
    "rotation": [
      [
        0.7821505,
        -0.414919168,
        0.4648469
      ],
      [
        0.324420065,
        0.908118546,
        0.2647118
      ],
      [
        -0.5319701,
        -0.0562387966,
        0.8448935
      ]
    ],
    "translation": [
      2.14802933,
      0.9716144,
      -0.7578634
    ]
  },
  {
    "timeStamp": 20580,
    "rotation": [
      [
        0.754348755,
        -0.382610738,
        0.5334482
      ],
      [
        0.330312252,
        0.9234569,
        0.195246428
      ],
      [
        -0.56731987,
        0.0289206,
        0.8229895
      ]
    ],
    "translation": [
      2.17479634,
      0.9504889,
      -0.7752463
    ]
  },
  {
    "timeStamp": 20644,
    "rotation": [
      [
        0.7390266,
        -0.294543862,
        0.6058742
      ],
      [
        0.2718605,
        0.9532656,
        0.131820053
      ],
      [
        -0.6163858,
        0.06729474,
        0.784563541
      ]
    ],
    "translation": [
      2.18618035,
      0.925557137,
      -0.7910319
    ]
  },
  {
    "timeStamp": 20679,
    "rotation": [
      [
        0.7322157,
        -0.2932158,
        0.6147232
      ],
      [
        0.273805022,
        0.9531612,
        0.128509179
      ],
      [
        -0.6236112,
        0.07421786,
        0.778203547
      ]
    ],
    "translation": [
      2.18861,
      0.9122406,
      -0.794234753
    ]
  },
  {
    "timeStamp": 20730,
    "rotation": [
      [
        0.6778219,
        -0.193026438,
        0.709435165
      ],
      [
        0.20458363,
        0.976330161,
        0.07017735
      ],
      [
        -0.7061891,
        0.09757109,
        0.701268
      ]
    ],
    "translation": [
      2.18614626,
      0.8922616,
      -0.8017874
    ]
  },
  {
    "timeStamp": 20786,
    "rotation": [
      [
        0.623695552,
        -0.07182927,
        0.778360069
      ],
      [
        0.202457353,
        0.9766332,
        -0.07210146
      ],
      [
        -0.7549933,
        0.202554077,
        0.623664141
      ]
    ],
    "translation": [
      2.179713,
      0.880374432,
      -0.8082577
    ]
  },
  {
    "timeStamp": 20831,
    "rotation": [
      [
        0.6102141,
        0.00199846458,
        0.792234
      ],
      [
        0.322418064,
        0.9128113,
        -0.250643462
      ],
      [
        -0.723661065,
        0.408376753,
        0.556365967
      ]
    ],
    "translation": [
      2.17233253,
      0.872145832,
      -0.815046668
    ]
  },
  {
    "timeStamp": 20886,
    "rotation": [
      [
        0.5826617,
        0.0691468343,
        0.809767842
      ],
      [
        0.4946323,
        0.760415435,
        -0.420841128
      ],
      [
        -0.6448598,
        0.645745337,
        0.40886268
      ]
    ],
    "translation": [
      2.168913,
      0.865640759,
      -0.824336767
    ]
  },
  {
    "timeStamp": 20931,
    "rotation": [
      [
        0.5433957,
        0.128599644,
        0.8295681
      ],
      [
        0.469115853,
        0.772983253,
        -0.427114934
      ],
      [
        -0.6961691,
        0.621256,
        0.359707654
      ]
    ],
    "translation": [
      2.16740036,
      0.856956542,
      -0.820571065
    ]
  },
  {
    "timeStamp": 20986,
    "rotation": [
      [
        0.436943829,
        0.05268511,
        0.8979445
      ],
      [
        0.3102863,
        0.9281781,
        -0.2054457
      ],
      [
        -0.844276369,
        0.368388146,
        0.389214218
      ]
    ],
    "translation": [
      2.17882156,
      0.8425152,
      -0.794155359
    ]
  },
  {
    "timeStamp": 21031,
    "rotation": [
      [
        0.3064945,
        -0.02661497,
        0.9515003
      ],
      [
        0.111365885,
        0.993746638,
        -0.008076187
      ],
      [
        -0.945335269,
        0.108439974,
        0.3075419
      ]
    ],
    "translation": [
      2.18913174,
      0.8379248,
      -0.7695372
    ]
  },
  {
    "timeStamp": 21087,
    "rotation": [
      [
        0.312673,
        -0.00527868746,
        0.9498462
      ],
      [
        0.0992092341,
        0.9946967,
        -0.02713003
      ],
      [
        -0.9446656,
        0.102716334,
        0.3115385
      ]
    ],
    "translation": [
      2.18609357,
      0.839084,
      -0.759652555
    ]
  },
  {
    "timeStamp": 21133,
    "rotation": [
      [
        0.319077134,
        0.005084282,
        0.9477151
      ],
      [
        0.08746674,
        0.995559752,
        -0.0347892977
      ],
      [
        -0.9436839,
        0.09399402,
        0.317215651
      ]
    ],
    "translation": [
      2.18238187,
      0.8427273,
      -0.754011631
    ]
  },
  {
    "timeStamp": 21180,
    "rotation": [
      [
        0.31208238,
        0.007952958,
        0.950021744
      ],
      [
        0.105281465,
        0.9935166,
        -0.0429020524
      ],
      [
        -0.9442036,
        0.113408655,
        0.3092217
      ]
    ],
    "translation": [
      2.179828,
      0.844055533,
      -0.7527384
    ]
  },
  {
    "timeStamp": 21235,
    "rotation": [
      [
        0.274016768,
        0.0661677048,
        0.959446
      ],
      [
        0.128026947,
        0.9862414,
        -0.10458
      ],
      [
        -0.953165233,
        0.151491612,
        0.261775434
      ]
    ],
    "translation": [
      2.17527461,
      0.8348153,
      -0.7587887
    ]
  },
  {
    "timeStamp": 21280,
    "rotation": [
      [
        0.227696091,
        0.1196838,
        0.966348946
      ],
      [
        0.159646034,
        0.9743998,
        -0.158297539
      ],
      [
        -0.960555851,
        0.1903175,
        0.20276
      ]
    ],
    "translation": [
      2.170424,
      0.82235,
      -0.767008
    ]
  },
  {
    "timeStamp": 21336,
    "rotation": [
      [
        0.193485186,
        0.156938374,
        0.968469858
      ],
      [
        0.211678639,
        0.9571963,
        -0.197401628
      ],
      [
        -0.9579956,
        0.243198663,
        0.1519828
      ]
    ],
    "translation": [
      2.16711354,
      0.8103609,
      -0.7733806
    ]
  },
  {
    "timeStamp": 21380,
    "rotation": [
      [
        0.1645451,
        0.190774262,
        0.9677449
      ],
      [
        0.2360302,
        0.944998741,
        -0.22642234
      ],
      [
        -0.957713246,
        0.2656737,
        0.110466428
      ]
    ],
    "translation": [
      2.16423368,
      0.800743639,
      -0.7785991
    ]
  },
  {
    "timeStamp": 21436,
    "rotation": [
      [
        0.170171589,
        0.1587847,
        0.9725374
      ],
      [
        0.243864775,
        0.949447453,
        -0.19768554
      ],
      [
        -0.9547626,
        0.270808071,
        0.122846976
      ]
    ],
    "translation": [
      2.16621876,
      0.799209833,
      -0.77633816
    ]
  },
  {
    "timeStamp": 21481,
    "rotation": [
      [
        0.203631788,
        0.09301698,
        0.9746189
      ],
      [
        0.250900358,
        0.957275,
        -0.1437835
      ],
      [
        -0.946352541,
        0.2738111,
        0.171593621
      ]
    ],
    "translation": [
      2.17222929,
      0.8030579,
      -0.7696948
    ]
  },
  {
    "timeStamp": 21536,
    "rotation": [
      [
        0.219927549,
        0.0238721687,
        0.9752241
      ],
      [
        0.25165233,
        0.964475632,
        -0.08036041
      ],
      [
        -0.942498267,
        0.263090879,
        0.206107274
      ]
    ],
    "translation": [
      2.17903757,
      0.808286369,
      -0.7656835
    ]
  },
  {
    "timeStamp": 21579,
    "rotation": [
      [
        0.250023872,
        -0.01719886,
        0.9680869
      ],
      [
        0.260913581,
        0.964053,
        -0.0502579026
      ],
      [
        -0.9324227,
        0.2651527,
        0.245523691
      ]
    ],
    "translation": [
      2.183849,
      0.811115265,
      -0.7618572
    ]
  },
  {
    "timeStamp": 21641,
    "rotation": [
      [
        0.256719947,
        -0.08374673,
        0.9628507
      ],
      [
        0.3015697,
        0.9534408,
        0.00252229115
      ],
      [
        -0.9182323,
        0.289719045,
        0.27002275
      ]
    ],
    "translation": [
      2.19413829,
      0.8186821,
      -0.765165269
    ]
  },
  {
    "timeStamp": 21678,
    "rotation": [
      [
        0.28736186,
        -0.09150919,
        0.9534408
      ],
      [
        0.3101988,
        0.95066905,
        -0.002249062
      ],
      [
        -0.906200767,
        0.296402484,
        0.301572084
      ]
    ],
    "translation": [
      2.19553661,
      0.818198,
      -0.7666693
    ]
  },
  {
    "timeStamp": 21733,
    "rotation": [
      [
        0.2784425,
        -0.06767441,
        0.958065748
      ],
      [
        0.354024559,
        0.9345087,
        -0.0368796736
      ],
      [
        -0.892824948,
        0.349447638,
        0.284165353
      ]
    ],
    "translation": [
      2.19426823,
      0.8101022,
      -0.783494532
    ]
  },
  {
    "timeStamp": 21777,
    "rotation": [
      [
        0.240576535,
        0.0122110229,
        0.970553339
      ],
      [
        0.3691598,
        0.923626542,
        -0.103126332
      ],
      [
        -0.8976881,
        0.383099049,
        0.217695042
      ]
    ],
    "translation": [
      2.18677115,
      0.797053456,
      -0.8015138
    ]
  },
  {
    "timeStamp": 21833,
    "rotation": [
      [
        0.227225021,
        0.0800645053,
        0.9705454
      ],
      [
        0.3740767,
        0.912979662,
        -0.162894845
      ],
      [
        -0.899130344,
        0.4000722,
        0.177501559
      ]
    ],
    "translation": [
      2.17882681,
      0.782436,
      -0.8102096
    ]
  },
  {
    "timeStamp": 21888,
    "rotation": [
      [
        0.239616632,
        0.09423377,
        0.96628356
      ],
      [
        0.3895681,
        0.9023081,
        -0.184598923
      ],
      [
        -0.8892809,
        0.4206662,
        0.17949757
      ]
    ],
    "translation": [
      2.173653,
      0.7740522,
      -0.8080185
    ]
  },
  {
    "timeStamp": 21933,
    "rotation": [
      [
        0.2302643,
        0.116568767,
        0.966121137
      ],
      [
        0.388645858,
        0.899169147,
        -0.201120019
      ],
      [
        -0.89215064,
        0.421789736,
        0.161742583
      ]
    ],
    "translation": [
      2.17050385,
      0.76875037,
      -0.805475831
    ]
  },
  {
    "timeStamp": 21977,
    "rotation": [
      [
        0.230258822,
        0.155865416,
        0.960565865
      ],
      [
        0.370762318,
        0.8985869,
        -0.2346845
      ],
      [
        -0.899731159,
        0.410179824,
        0.149118558
      ]
    ],
    "translation": [
      2.16474438,
      0.761713445,
      -0.801324844
    ]
  }
]