[
  {
    "id": "008 pudding box(Clone)-54514",
    "pickRotation": [
      [
        0.148745373,
        -0.5841032,
        0.797933757
      ],
      [
        0.03973998,
        -0.802727461,
        -0.5950204
      ],
      [
        0.9880767,
        0.120216407,
        -0.09618975
      ]
    ],
    "pickTranslation": [
      0.0125035644,
      0.0318954326,
      0.01675325
    ],
    "placeRotation": [
      [
        -0.0790071562,
        0.0524384677,
        -0.9954939
      ],
      [
        0.4120644,
        0.9110265,
        0.0152856754
      ],
      [
        0.907722831,
        -0.4089999,
        -0.09358564
      ]
    ],
    "placeTranslation": [
      -0.6452352,
      0.233181879,
      -0.4389769
    ]
  },
  {
    "id": "008 pudding box(Clone)-54554",
    "pickRotation": [
      [
        0.06168405,
        -0.70750463,
        0.704011559
      ],
      [
        -0.05941563,
        -0.706706762,
        -0.7050073
      ],
      [
        0.9963257,
        0.00165841414,
        -0.08562937
      ]
    ],
    "pickTranslation": [
      0.009905312,
      0.04491096,
      0.0172110628
    ],
    "placeRotation": [
      [
        -0.103225932,
        0.00236232323,
        -0.9946552
      ],
      [
        0.468729973,
        0.8821142,
        -0.04655005
      ],
      [
        0.8772894,
        -0.471029848,
        -0.0921643451
      ]
    ],
    "placeTranslation": [
      -0.673379362,
      0.170823976,
      -0.07153616
    ]
  },
  {
    "id": "002 masterchef can(Clone)-54820",
    "pickRotation": [
      [
        -0.987285,
        0.0392308049,
        -0.154042989
      ],
      [
        0.157723427,
        0.121121734,
        -0.98002696
      ],
      [
        -0.0197892934,
        -0.9918621,
        -0.125769287
      ]
    ],
    "pickTranslation": [
      0.0204037447,
      -0.00248222938,
      0.114412017
    ],
    "placeRotation": [
      [
        0.860077441,
        -0.509070456,
        -0.0333780423
      ],
      [
        0.0166786965,
        -0.0373330563,
        0.9991637
      ],
      [
        -0.509890854,
        -0.859914839,
        -0.0236186869
      ]
    ],
    "placeTranslation": [
      -0.7823203,
      0.04253154,
      0.0922302157
    ]
  },
  {
    "id": "002 masterchef can(Clone)-54832",
    "pickRotation": [
      [
        -0.881104648,
        0.0122178392,
        -0.4727635
      ],
      [
        0.47109428,
        0.11046353,
        -0.8751389
      ],
      [
        0.04153081,
        -0.9938051,
        -0.103085682
      ]
    ],
    "pickTranslation": [
      0.0147275114,
      0.0049547446,
      0.11703857
    ],
    "placeRotation": [
      [
        0.5529656,
        -0.8304703,
        -0.06743938
      ],
      [
        0.002234212,
        -0.07946162,
        0.9968354
      ],
      [
        -0.8332011,
        -0.5513663,
        -0.0420840941
      ]
    ],
    "placeTranslation": [
      -0.491597265,
      -0.00516675,
      0.1609513
    ]
  },
  {
    "id": "002 masterchef can(Clone)-54896",
    "pickRotation": [
      [
        -0.901491344,
        -0.147470325,
        -0.406897873
      ],
      [
        0.392812878,
        0.115889393,
        -0.912287056
      ],
      [
        0.181690425,
        -0.9822536,
        -0.04654504
      ]
    ],
    "pickTranslation": [
      0.0194872431,
      -0.00881482847,
      0.114856869
    ],
    "placeRotation": [
      [
        0.5396481,
        -0.820951164,
        -0.186598673
      ],
      [
        0.0831064954,
        -0.168613926,
        0.9821724
      ],
      [
        -0.8377787,
        -0.545535,
        -0.0227658134
      ]
    ],
    "placeTranslation": [
      -0.740705132,
      0.289780051,
      0.6405553
    ]
  },
  {
    "id": "004 sugar box(Clone)-54844",
    "pickRotation": [
      [
        -0.9914697,
        0.08929053,
        0.094947964
      ],
      [
        -0.0863572061,
        0.0956002,
        -0.9916668
      ],
      [
        -0.0976235047,
        -0.991407,
        -0.08707382
      ]
    ],
    "pickTranslation": [
      0.008271877,
      0.00288699637,
      0.150847182
    ],
    "placeRotation": [
      [
        0.9922902,
        -0.0528926328,
        -0.1120832
      ],
      [
        0.111961611,
        -0.005265656,
        0.9936986
      ],
      [
        -0.0531495251,
        -0.998586357,
        0.000696885341
      ]
    ],
    "placeTranslation": [
      0.191524833,
      -0.0156390965,
      -0.6762492
    ]
  },
  {
    "id": "002 masterchef can(Clone)-54908",
    "pickRotation": [
      [
        -0.8972907,
        -0.02516597,
        -0.440722227
      ],
      [
        0.441177636,
        -0.08554811,
        -0.893332958
      ],
      [
        -0.0152213695,
        -0.996016145,
        0.08786418
      ]
    ],
    "pickTranslation": [
      0.0275905859,
      0.0154162953,
      0.09071661
    ],
    "placeRotation": [
      [
        0.385451257,
        -0.920397043,
        0.0655486658
      ],
      [
        0.146847546,
        0.131320179,
        0.980403364
      ],
      [
        -0.9109682,
        -0.368272036,
        0.185775578
      ]
    ],
    "placeTranslation": [
      -0.136970371,
      0.0244180672,
      0.5864846
    ]
  },
  {
    "id": "101 bread(Clone)-54582",
    "pickRotation": [
      [
        -0.971474469,
        -0.2327965,
        -0.0452007726
      ],
      [
        0.232899681,
        -0.972496,
        0.003043472
      ],
      [
        -0.0446660779,
        -0.00757059036,
        0.99897325
      ]
    ],
    "pickTranslation": [
      -0.0006059257,
      0.0313425362,
      -0.004164613
    ],
    "placeRotation": [
      [
        0.217033431,
        0.17649284,
        0.960076451
      ],
      [
        0.371362925,
        0.89463985,
        -0.248413235
      ],
      [
        -0.9027658,
        0.410450757,
        0.128623858
      ]
    ],
    "placeTranslation": [
      0.768375,
      0.217604876,
      -0.170464978
    ]
  },
  {
    "id": "100 half egg carton(Clone)-54808",
    "pickRotation": [
      [
        0.08452628,
        -0.350025982,
        0.9329186
      ],
      [
        -0.0177257843,
        -0.9366493,
        -0.34981972
      ],
      [
        0.996263564,
        0.0130322454,
        -0.08537597
      ]
    ],
    "pickTranslation": [
      -0.08048505,
      0.0289075617,
      -0.00510930968
    ],
    "placeRotation": [
      [
        -0.994093955,
        0.05367332,
        0.09432036
      ],
      [
        0.0390345529,
        0.9878073,
        -0.150708511
      ],
      [
        -0.101259366,
        -0.146136671,
        -0.9840684
      ]
    ],
    "placeTranslation": [
      -0.489803523,
      0.720434546,
      -0.9475928
    ]
  },
  {
    "id": "018 plum(Clone)-54542",
    "pickRotation": [
      [
        -0.4707476,
        0.8233174,
        -0.317088544
      ],
      [
        -0.7816289,
        -0.5558803,
        -0.282936752
      ],
      [
        -0.409210026,
        0.114653781,
        0.9052081
      ]
    ],
    "pickTranslation": [
      0.0119583784,
      0.0206025224,
      0.0217767861
    ],
    "placeRotation": [
      [
        0.183092266,
        0.5384988,
        0.822493851
      ],
      [
        -0.7489926,
        0.6183215,
        -0.238093719
      ],
      [
        -0.6367788,
        -0.57244873,
        0.516541541
      ]
    ],
    "placeTranslation": [
      0.301088,
      0.66036576,
      -0.06077785
    ]
  },
  {
    "id": "012 strawberry(Clone)-54502",
    "pickRotation": [
      [
        0.124802232,
        -0.8243965,
        0.552082241
      ],
      [
        -0.27515775,
        -0.563365,
        -0.7790431
      ],
      [
        0.9532642,
        -0.0546833761,
        -0.2971483
      ]
    ],
    "pickTranslation": [
      0.00207525841,
      -0.00296582771,
      0.0142502729
    ],
    "placeRotation": [
      [
        0.177672684,
        -0.457189977,
        -0.8714412
      ],
      [
        0.7932769,
        0.590574265,
        -0.148100644
      ],
      [
        0.582360864,
        -0.6649807,
        0.46760717
      ]
    ],
    "placeTranslation": [
      0.458904356,
      0.7687296,
      0.658198535
    ]
  },
  {
    "id": "057 racquetball(Clone)-54570",
    "pickRotation": [
      [
        -0.9510571,
        0.0153817693,
        -0.3086322
      ],
      [
        0.02505834,
        -0.9916323,
        -0.126639321
      ],
      [
        -0.307997555,
        -0.128175035,
        0.942713439
      ]
    ],
    "pickTranslation": [
      0.009969058,
      -0.123526804,
      0.0235318132
    ],
    "placeRotation": [
      [
        0.5698873,
        -0.227675453,
        0.789552
      ],
      [
        0.238012925,
        0.9653958,
        0.106587507
      ],
      [
        -0.7864975,
        0.12718071,
        0.604356468
      ]
    ],
    "placeTranslation": [
      0.4327187,
      1.3561734,
      -0.124722131
    ]
  },
  {
    "id": "025 mug(Clone)-54594",
    "pickRotation": [
      [
        -0.5058554,
        0.0767724738,
        -0.8591952
      ],
      [
        0.843558431,
        -0.16419597,
        -0.5113207
      ],
      [
        -0.180331752,
        -0.9834357,
        0.01829735
      ]
    ],
    "pickTranslation": [
      0.010765247,
      0.0408613868,
      0.0577078946
    ],
    "placeRotation": [
      [
        -0.195294037,
        -0.979342937,
        0.0524181128
      ],
      [
        0.20237112,
        0.0120568229,
        0.9792347
      ],
      [
        -0.9596386,
        0.2018466,
        0.1958361
      ]
    ],
    "placeTranslation": [
      0.6657863,
      0.355563045,
      0.666398942
    ]
  },
  {
    "id": "058 golf ball(Clone)-54530",
    "pickRotation": [
      [
        -0.5984092,
        0.168698967,
        -0.7832287
      ],
      [
        0.556668,
        -0.615532458,
        -0.557889342
      ],
      [
        -0.576218069,
        -0.7698444,
        0.274431
      ]
    ],
    "pickTranslation": [
      0.007954648,
      -0.03704774,
      0.008330538
    ],
    "placeRotation": [
      [
        0.116755672,
        -0.8867982,
        0.447165549
      ],
      [
        0.02443691,
        0.452673763,
        0.8913413
      ],
      [
        -0.99285996,
        -0.09314181,
        0.07452284
      ]
    ],
    "placeTranslation": [
      0.298215032,
      1.0867306,
      -0.11361894
    ]
  },
  {
    "id": "016 pear(Clone)-54860",
    "pickRotation": [
      [
        -0.9336612,
        0.09955807,
        -0.344041854
      ],
      [
        0.356551468,
        0.167509049,
        -0.9191364
      ],
      [
        -0.0338773057,
        -0.980830669,
        -0.191894278
      ]
    ],
    "pickTranslation": [
      0.0396619625,
      0.00239407644,
      0.0292020179
    ],
    "placeRotation": [
      [
        0.459645569,
        -0.8260306,
        -0.32618925
      ],
      [
        0.119167231,
        -0.306601,
        0.944349
      ],
      [
        -0.8800711,
        -0.4729369,
        -0.0424920134
      ]
    ],
    "placeTranslation": [
      0.454657942,
      0.6413498,
      -0.250695
    ]
  },
  {
    "id": "025 mug(Clone)-54920",
    "pickRotation": [
      [
        -0.659724653,
        0.166388273,
        -0.7328563
      ],
      [
        0.703882158,
        -0.204823226,
        -0.6801451
      ],
      [
        -0.263274163,
        -0.964553,
        0.0180092026
      ]
    ],
    "pickTranslation": [
      0.00166174187,
      0.06416563,
      0.0445981026
    ],
    "placeRotation": [
      [
        0.254938722,
        -0.9553517,
        0.149363279
      ],
      [
        -0.0426595062,
        0.1432047,
        0.9887733
      ],
      [
        -0.966015756,
        -0.258448362,
        -0.00424640626
      ]
    ],
    "placeTranslation": [
      0.04140796,
      0.6981211,
      0.3799765
    ]
  },
  {
    "id": "015 peach(Clone)-54872",
    "pickRotation": [
      [
        -0.7414845,
        0.0521543436,
        0.6689399
      ],
      [
        -0.6707931,
        -0.0347328149,
        -0.7408308
      ],
      [
        -0.0154033778,
        -0.998034835,
        0.06073862
      ]
    ],
    "pickTranslation": [
      0.0059781475,
      0.008706905,
      0.0302695
    ],
    "placeRotation": [
      [
        0.994918942,
        0.0991262,
        -0.0176147744
      ],
      [
        -0.00357141369,
        0.209598079,
        0.9777811
      ],
      [
        0.100615747,
        -0.972750068,
        0.20888713
      ]
    ],
    "placeTranslation": [
      0.6768436,
      0.8188667,
      -0.257588148
    ]
  },
  {
    "id": "014 lemon(Clone)-55134",
    "pickRotation": [
      [
        -0.68172586,
        -0.6470989,
        -0.341339946
      ],
      [
        0.557619452,
        -0.7616142,
        0.330157965
      ],
      [
        -0.473614216,
        0.03473942,
        0.880047
      ]
    ],
    "pickTranslation": [
      0.010366342,
      0.0184656586,
      0.0255777314
    ],
    "placeRotation": [
      [
        0.07006829,
        -0.1469024,
        0.986666143
      ],
      [
        0.760915637,
        0.6474665,
        0.0423631854
      ],
      [
        -0.6450565,
        0.747801363,
        0.1571472
      ]
    ],
    "placeTranslation": [
      0.791374147,
      0.7588595,
      0.359234184
    ]
  },
  {
    "id": "011 banana(Clone)-55494",
    "pickRotation": [
      [
        -0.998436749,
        0.03089853,
        0.04657564
      ],
      [
        -0.04736496,
        -0.0253252871,
        -0.998556554
      ],
      [
        -0.0296743885,
        -0.9992016,
        0.0267492067
      ]
    ],
    "pickTranslation": [
      -0.00266663032,
      0.0473065041,
      0.007797987
    ],
    "placeRotation": [
      [
        0.9031204,
        -0.426324934,
        -0.0511918329
      ],
      [
        0.1230556,
        0.142754063,
        0.982078731
      ],
      [
        -0.411376834,
        -0.8932347,
        0.181385785
      ]
    ],
    "placeTranslation": [
      0.33201617,
      0.7948019,
      0.2259059
    ]
  },
  {
    "id": "012 strawberry(Clone)-54884",
    "pickRotation": [
      [
        0.7323412,
        -0.620074034,
        -0.281397462
      ],
      [
        -0.5958285,
        -0.78358525,
        0.176018447
      ],
      [
        -0.3296434,
        0.0387590751,
        -0.9433096
      ]
    ],
    "pickTranslation": [
      0.006195958,
      0.0107124355,
      0.0227539763
    ],
    "placeRotation": [
      [
        -0.796884954,
        0.384717137,
        -0.465797335
      ],
      [
        0.4234908,
        0.9055968,
        0.0234547239
      ],
      [
        0.430847973,
        -0.178570151,
        -0.8845806
      ]
    ],
    "placeTranslation": [
      0.553331554,
      0.775483251,
      0.6557308
    ]
  },
  {
    "id": "058 golf ball(Clone)-55146",
    "pickRotation": [
      [
        -0.9906449,
        0.120805435,
        0.06347367
      ],
      [
        -0.121163763,
        -0.564628065,
        -0.8164034
      ],
      [
        -0.06278695,
        -0.816456556,
        0.573983133
      ]
    ],
    "pickTranslation": [
      -0.000264707051,
      -0.0273905471,
      0.01406917
    ],
    "placeRotation": [
      [
        0.834342241,
        -0.461547524,
        0.301408172
      ],
      [
        -0.00695425831,
        0.537919,
        0.842967868
      ],
      [
        -0.5512029,
        -0.7054198,
        0.4455988
      ]
    ],
    "placeTranslation": [
      0.639178455,
      1.012451,
      -0.227714717
    ]
  },
  {
    "id": "007 tuna fish can(Clone)-55158",
    "pickRotation": [
      [
        -0.9909654,
        0.04708321,
        -0.125581592
      ],
      [
        0.134013221,
        0.310657233,
        -0.9410274
      ],
      [
        -0.005293769,
        -0.9493552,
        -0.314160347
      ]
    ],
    "pickTranslation": [
      0.0284968149,
      -0.00866226,
      0.007767985
    ],
    "placeRotation": [
      [
        0.783644557,
        -0.599714339,
        -0.161999479
      ],
      [
        0.09728984,
        -0.139080018,
        0.985490441
      ],
      [
        -0.6135437,
        -0.7880351,
        -0.0506431833
      ]
    ],
    "placeTranslation": [
      0.291939676,
      0.7340995,
      -0.393309057
    ]
  },
  {
    "id": "100 half egg carton(Clone)-55552",
    "pickRotation": [
      [
        -0.09886636,
        -0.03954621,
        0.994314551
      ],
      [
        0.0968368351,
        -0.994849861,
        -0.02993885
      ],
      [
        0.9903777,
        0.09332634,
        0.10218671
      ]
    ],
    "pickTranslation": [
      -0.0935679749,
      0.028694164,
      -0.00133600819
    ],
    "placeRotation": [
      [
        -0.00510118529,
        -0.195904359,
        -0.9806097
      ],
      [
        -0.09123276,
        0.976623952,
        -0.1946335
      ],
      [
        0.9958165,
        0.0884708762,
        -0.0228548367
      ]
    ],
    "placeTranslation": [
      -0.339307785,
      0.714826047,
      0.4503539
    ]
  },
  {
    "id": "102 toothbrush(Clone)-54490",
    "pickRotation": [
      [
        -0.163435012,
        0.342420459,
        -0.9252228
      ],
      [
        -0.159733385,
        -0.934643149,
        -0.3176909
      ],
      [
        -0.973536968,
        0.09586716,
        0.207449391
      ]
    ],
    "pickTranslation": [
      -0.00492759375,
      0.0176157262,
      0.0146116735
    ],
    "placeRotation": [
      [
        -0.0292673633,
        0.0169993062,
        0.999427
      ],
      [
        -0.240815178,
        0.9702851,
        -0.023555696
      ],
      [
        -0.9701296,
        -0.24136661,
        -0.0243039969
      ]
    ],
    "placeTranslation": [
      0.182376131,
      0.866262257,
      -0.64701575
    ]
  }
]