[
  {
    "timeStamp": 30094,
    "rotation": [
      [
        0.6553612,
        -0.7553112,
        -0.0025977036
      ],
      [
        0.00622972567,
        0.0019661726,
        0.999978662
      ],
      [
        -0.75529,
        -0.6553634,
        0.00599393435
      ]
    ],
    "translation": [
      1.43771958,
      0.7016035,
      -0.453034848
    ]
  },
  {
    "timeStamp": 30139,
    "rotation": [
      [
        0.6562943,
        -0.754451632,
        0.008973504
      ],
      [
        -0.004427116,
        0.00804244447,
        0.99995786
      ],
      [
        -0.754492044,
        -0.6563064,
        0.00193816517
      ]
    ],
    "translation": [
      1.43775845,
      0.701782346,
      -0.453049332
    ]
  },
  {
    "timeStamp": 30194,
    "rotation": [
      [
        0.6573825,
        -0.753273,
        0.02068709
      ],
      [
        -0.02301987,
        0.007365437,
        0.9997079
      ],
      [
        -0.753205359,
        -0.6576667,
        -0.0124983387
      ]
    ],
    "translation": [
      1.43773222,
      0.702005148,
      -0.453111321
    ]
  },
  {
    "timeStamp": 30238,
    "rotation": [
      [
        0.6575006,
        -0.7523009,
        0.0416673943
      ],
      [
        -0.04789281,
        0.0134603707,
        0.9987618
      ],
      [
        -0.751930237,
        -0.6586821,
        -0.0271796025
      ]
    ],
    "translation": [
      1.43779445,
      0.703056455,
      -0.453092724
    ]
  },
  {
    "timeStamp": 30290,
    "rotation": [
      [
        0.641097963,
        -0.7671315,
        0.022419719
      ],
      [
        -0.0369477347,
        -0.001672124,
        0.9993158
      ],
      [
        -0.766569138,
        -0.641487658,
        -0.0294157676
      ]
    ],
    "translation": [
      1.44484282,
      0.709832549,
      -0.455803454
    ]
  },
  {
    "timeStamp": 30344,
    "rotation": [
      [
        0.636617,
        -0.7710262,
        0.0154086966
      ],
      [
        -0.07808564,
        -0.0445696376,
        0.995949864
      ],
      [
        -0.7672167,
        -0.635241866,
        -0.0885798559
      ]
    ],
    "translation": [
      1.45760155,
      0.7375058,
      -0.454102159
    ]
  },
  {
    "timeStamp": 30389,
    "rotation": [
      [
        0.6317509,
        -0.77487,
        -0.021616444
      ],
      [
        -0.0950210243,
        -0.105086036,
        0.9899131
      ],
      [
        -0.769325554,
        -0.623324454,
        -0.140017137
      ]
    ],
    "translation": [
      1.47731256,
      0.7651354,
      -0.45385468
    ]
  },
  {
    "timeStamp": 30444,
    "rotation": [
      [
        0.587232053,
        -0.803984761,
        -0.09363282
      ],
      [
        -0.105161577,
        -0.190481,
        0.976042032
      ],
      [
        -0.8025582,
        -0.5633166,
        -0.196404845
      ]
    ],
    "translation": [
      1.51818419,
      0.8050088,
      -0.459543645
    ]
  },
  {
    "timeStamp": 30488,
    "rotation": [
      [
        0.5572888,
        -0.8130107,
        -0.168649867
      ],
      [
        -0.110822156,
        -0.274127871,
        0.9552865
      ],
      [
        -0.8228898,
        -0.513680339,
        -0.242867991
      ]
    ],
    "translation": [
      1.55637074,
      0.8419914,
      -0.46642974
    ]
  },
  {
    "timeStamp": 30544,
    "rotation": [
      [
        0.5044455,
        -0.8184825,
        -0.274992883
      ],
      [
        -0.109018087,
        -0.376309782,
        0.9200576
      ],
      [
        -0.8565336,
        -0.434139729,
        -0.279057175
      ]
    ],
    "translation": [
      1.60944748,
      0.8877612,
      -0.478857279
    ]
  },
  {
    "timeStamp": 30588,
    "rotation": [
      [
        0.484970033,
        -0.799130261,
        -0.355239183
      ],
      [
        -0.12456771,
        -0.4651866,
        0.876404166
      ],
      [
        -0.865613639,
        -0.380778432,
        -0.3251474
      ]
    ],
    "translation": [
      1.64897561,
      0.9261718,
      -0.487883955
    ]
  },
  {
    "timeStamp": 30644,
    "rotation": [
      [
        0.5877288,
        -0.626340449,
        -0.5121255
      ],
      [
        0.03991277,
        -0.60977304,
        0.7915705
      ],
      [
        -0.8080729,
        -0.485669136,
        -0.333382219
      ]
    ],
    "translation": [
      1.68406,
      0.9640993,
      -0.490858674
    ]
  },
  {
    "timeStamp": 30688,
    "rotation": [
      [
        0.570571065,
        -0.598060966,
        -0.5628248
      ],
      [
        0.1218045,
        -0.616121948,
        0.7781757
      ],
      [
        -0.81216526,
        -0.5125591,
        -0.2786948
      ]
    ],
    "translation": [
      1.7244978,
      0.9775864,
      -0.5042377
    ]
  },
  {
    "timeStamp": 30745,
    "rotation": [
      [
        0.354586154,
        -0.7588549,
        -0.546267152
      ],
      [
        -0.0241381265,
        -0.5914628,
        0.8059709
      ],
      [
        -0.9347117,
        -0.272600263,
        -0.228041857
      ]
    ],
    "translation": [
      1.80468166,
      0.9975809,
      -0.5416063
    ]
  },
  {
    "timeStamp": 30790,
    "rotation": [
      [
        0.189229444,
        -0.79352,
        -0.5783756
      ],
      [
        -0.07649674,
        -0.5991404,
        0.7969812
      ],
      [
        -0.978948653,
        -0.106568478,
        -0.1740767
      ]
    ],
    "translation": [
      1.87084675,
      1.0183872,
      -0.5816364
    ]
  },
  {
    "timeStamp": 30836,
    "rotation": [
      [
        0.0276290625,
        -0.792375863,
        -0.609407246
      ],
      [
        -0.143121749,
        -0.606494665,
        0.7821
      ],
      [
        -0.9893193,
        0.06561072,
        -0.130163088
      ]
    ],
    "translation": [
      1.92666185,
      1.04242277,
      -0.619647
    ]
  },
  {
    "timeStamp": 30893,
    "rotation": [
      [
        -0.06401515,
        -0.7695108,
        -0.6354173
      ],
      [
        -0.15446128,
        -0.6214101,
        0.768108845
      ],
      [
        -0.985922754,
        0.147317976,
        -0.07907996
      ]
    ],
    "translation": [
      1.98399138,
      1.06204426,
      -0.6459024
    ]
  },
  {
    "timeStamp": 30938,
    "rotation": [
      [
        -0.113918237,
        -0.7722349,
        -0.6250407
      ],
      [
        -0.136679,
        -0.6109721,
        0.779764056
      ],
      [
        -0.9840434,
        0.17425926,
        -0.0359474272
      ]
    ],
    "translation": [
      2.02728581,
      1.06195569,
      -0.6597274
    ]
  },
  {
    "timeStamp": 30993,
    "rotation": [
      [
        -0.223712668,
        -0.809671,
        -0.5425731
      ],
      [
        -0.239322722,
        -0.494006038,
        0.8358724
      ],
      [
        -0.944816,
        0.3168453,
        -0.08325725
      ]
    ],
    "translation": [
      2.07911348,
      1.04652846,
      -0.6765882
    ]
  },
  {
    "timeStamp": 31038,
    "rotation": [
      [
        -0.285862744,
        -0.8099291,
        -0.5121497
      ],
      [
        -0.26269865,
        -0.447742581,
        0.8547023
      ],
      [
        -0.921559453,
        0.37886858,
        -0.08477435
      ]
    ],
    "translation": [
      2.11758614,
      1.03553164,
      -0.686980247
    ]
  },
  {
    "timeStamp": 31093,
    "rotation": [
      [
        -0.337297261,
        -0.822079837,
        -0.458710521
      ],
      [
        -0.258624345,
        -0.387597919,
        0.8848058
      ],
      [
        -0.9051762,
        0.4170763,
        -0.08187415
      ]
    ],
    "translation": [
      2.15838146,
      1.01499593,
      -0.6949476
    ]
  },
  {
    "timeStamp": 31138,
    "rotation": [
      [
        -0.411969483,
        -0.827780366,
        -0.380868524
      ],
      [
        -0.228731588,
        -0.310656637,
        0.9225911
      ],
      [
        -0.8820221,
        0.467196047,
        -0.0613584556
      ]
    ],
    "translation": [
      2.18281,
      0.98965627,
      -0.704189241
    ]
  },
  {
    "timeStamp": 31193,
    "rotation": [
      [
        -0.4328216,
        -0.836331546,
        -0.3364744
      ],
      [
        -0.215394273,
        -0.2664938,
        0.9394607
      ],
      [
        -0.8753689,
        0.479093522,
        -0.06479674
      ]
    ],
    "translation": [
      2.20744777,
      0.966191649,
      -0.711516738
    ]
  },
  {
    "timeStamp": 31242,
    "rotation": [
      [
        -0.462293833,
        -0.8437423,
        -0.2727331
      ],
      [
        -0.173146889,
        -0.215758219,
        0.9609727
      ],
      [
        -0.8696577,
        0.491474628,
        -0.0463476665
      ]
    ],
    "translation": [
      2.21835876,
      0.944685638,
      -0.7177335
    ]
  },
  {
    "timeStamp": 31288,
    "rotation": [
      [
        -0.468553424,
        -0.859750152,
        -0.20319283
      ],
      [
        -0.09176886,
        -0.181391656,
        0.9791198
      ],
      [
        -0.8786559,
        0.4774167,
        0.00609339261
      ]
    ],
    "translation": [
      2.22897029,
      0.918674469,
      -0.7263853
    ]
  },
  {
    "timeStamp": 31344,
    "rotation": [
      [
        -0.491035968,
        -0.8542293,
        -0.170809612
      ],
      [
        -0.106492124,
        -0.135744229,
        0.985004
      ],
      [
        -0.8646057,
        0.5018623,
        -0.02431339
      ]
    ],
    "translation": [
      2.23679852,
      0.903914332,
      -0.7289538
    ]
  },
  {
    "timeStamp": 31388,
    "rotation": [
      [
        -0.47933194,
        -0.8643623,
        -0.1520485
      ],
      [
        -0.09494955,
        -0.12115752,
        0.9880817
      ],
      [
        -0.8724824,
        0.488056064,
        -0.0239961427
      ]
    ],
    "translation": [
      2.241321,
      0.894382,
      -0.7306714
    ]
  },
  {
    "timeStamp": 31443,
    "rotation": [
      [
        -0.469587475,
        -0.8718324,
        -0.139269322
      ],
      [
        -0.08074489,
        -0.114673465,
        0.9901163
      ],
      [
        -0.8791859,
        0.4761915,
        -0.016546784
      ]
    ],
    "translation": [
      2.24581218,
      0.8834869,
      -0.729615033
    ]
  },
  {
    "timeStamp": 31488,
    "rotation": [
      [
        -0.459821939,
        -0.8783734,
        -0.130475953
      ],
      [
        -0.10703858,
        -0.0910350159,
        0.990078449
      ],
      [
        -0.8815365,
        0.469225764,
        -0.0521599464
      ]
    ],
    "translation": [
      2.24828434,
      0.8770176,
      -0.7251208
    ]
  },
  {
    "timeStamp": 31544,
    "rotation": [
      [
        -0.4574325,
        -0.8824818,
        -0.109459788
      ],
      [
        -0.0815633,
        -0.0809365958,
        0.993376434
      ],
      [
        -0.8854959,
        0.463330537,
        -0.0349551
      ]
    ],
    "translation": [
      2.24793625,
      0.867563963,
      -0.725259244
    ]
  },
  {
    "timeStamp": 31589,
    "rotation": [
      [
        -0.463765234,
        -0.8793865,
        -0.107708424
      ],
      [
        -0.0707720444,
        -0.0844126344,
        0.993914366
      ],
      [
        -0.883126855,
        0.4685657,
        -0.0230883341
      ]
    ],
    "translation": [
      2.24971342,
      0.8630923,
      -0.72845006
    ]
  },
  {
    "timeStamp": 31644,
    "rotation": [
      [
        -0.478025764,
        -0.872987866,
        -0.09686874
      ],
      [
        -0.0943403244,
        -0.05861741,
        0.9938128
      ],
      [
        -0.87326473,
        0.484206766,
        -0.0543373264
      ]
    ],
    "translation": [
      2.25132322,
      0.856654346,
      -0.727833033
    ]
  },
  {
    "timeStamp": 31689,
    "rotation": [
      [
        -0.471068084,
        -0.8763244,
        -0.10074959
      ],
      [
        -0.08860639,
        -0.06662933,
        0.993835747
      ],
      [
        -0.87763536,
        0.4770913,
        -0.04626099
      ]
    ],
    "translation": [
      2.25323939,
      0.852232933,
      -0.7282546
    ]
  },
  {
    "timeStamp": 31746,
    "rotation": [
      [
        -0.466031373,
        -0.879599452,
        -0.09549641
      ],
      [
        -0.08295312,
        -0.06401998,
        0.994495
      ],
      [
        -0.8808709,
        0.471387565,
        -0.0431301966
      ]
    ],
    "translation": [
      2.255178,
      0.847349048,
      -0.7288513
    ]
  },
  {
    "timeStamp": 31792,
    "rotation": [
      [
        -0.470849156,
        -0.877746046,
        -0.08867363
      ],
      [
        -0.08770843,
        -0.053440582,
        0.9947117
      ],
      [
        -0.877843,
        0.476136565,
        -0.05182327
      ]
    ],
    "translation": [
      2.25670266,
      0.8434783,
      -0.7289841
    ]
  },
  {
    "timeStamp": 31837,
    "rotation": [
      [
        -0.466451228,
        -0.879478335,
        -0.09455715
      ],
      [
        -0.09054464,
        -0.0588638149,
        0.994151235
      ],
      [
        -0.879900455,
        0.472284734,
        -0.0521749519
      ]
    ],
    "translation": [
      2.25935316,
      0.8410805,
      -0.7295888
    ]
  },
  {
    "timeStamp": 31893,
    "rotation": [
      [
        -0.4661687,
        -0.879444838,
        -0.09624763
      ],
      [
        -0.08426952,
        -0.06415692,
        0.994375467
      ],
      [
        -0.8806733,
        0.471657425,
        -0.0442024469
      ]
    ],
    "translation": [
      2.26281786,
      0.8378948,
      -0.7316708
    ]
  },
  {
    "timeStamp": 31938,
    "rotation": [
      [
        -0.465367466,
        -0.8802853,
        -0.0923625752
      ],
      [
        -0.09055076,
        -0.0564542525,
        0.9942904
      ],
      [
        -0.880473554,
        0.471073955,
        -0.05343853
      ]
    ],
    "translation": [
      2.263545,
      0.8348855,
      -0.7316231
    ]
  },
  {
    "timeStamp": 31993,
    "rotation": [
      [
        -0.467179269,
        -0.879974,
        -0.0859613046
      ],
      [
        -0.09453013,
        -0.0469543636,
        0.9944141
      ],
      [
        -0.8790948,
        0.472695559,
        -0.06124795
      ]
    ],
    "translation": [
      2.26302528,
      0.8297266,
      -0.7327157
    ]
  }
]