[
  {
    "timeStamp": 33914,
    "rotation": [
      [
        0.9999913,
        0.00315706362,
        0.00273113349
      ],
      [
        -0.00265230122,
        -0.0247101765,
        0.9996911
      ],
      [
        0.00322357751,
        -0.999689639,
        -0.0247015879
      ]
    ],
    "translation": [
      1.30787992,
      0.703462,
      -0.7501745
    ]
  },
  {
    "timeStamp": 33958,
    "rotation": [
      [
        0.999894857,
        0.009531292,
        0.0109282779
      ],
      [
        -0.01086013,
        -0.00717255659,
        0.9999153
      ],
      [
        0.009608869,
        -0.999928832,
        -0.00706829131
      ]
    ],
    "translation": [
      1.307208,
      0.7021111,
      -0.75026387
    ]
  },
  {
    "timeStamp": 34014,
    "rotation": [
      [
        0.9985411,
        0.05230603,
        0.0134041971
      ],
      [
        -0.0114177074,
        -0.0380939357,
        0.9992089
      ],
      [
        0.052775275,
        -0.997904241,
        -0.03744115
      ]
    ],
    "translation": [
      1.30236447,
      0.705290556,
      -0.750992954
    ]
  },
  {
    "timeStamp": 34058,
    "rotation": [
      [
        0.999094367,
        0.0353861749,
        0.0236279927
      ],
      [
        -0.0216434635,
        -0.0554518849,
        0.998226762
      ],
      [
        0.0366336368,
        -0.9978341,
        -0.05463579
      ]
    ],
    "translation": [
      1.30426323,
      0.70753026,
      -0.750807345
    ]
  },
  {
    "timeStamp": 34114,
    "rotation": [
      [
        0.999129534,
        0.0008920518,
        0.0417046
      ],
      [
        -0.041556742,
        -0.06548249,
        0.996988
      ],
      [
        0.00362029113,
        -0.9978533,
        -0.06538842
      ]
    ],
    "translation": [
      1.309602,
      0.7211766,
      -0.742878437
    ]
  },
  {
    "timeStamp": 34158,
    "rotation": [
      [
        0.9981571,
        -0.02926876,
        0.05315822
      ],
      [
        -0.0556695,
        -0.09299456,
        0.9941091
      ],
      [
        -0.0241529047,
        -0.9952363,
        -0.09445256
      ]
    ],
    "translation": [
      1.31693161,
      0.742229462,
      -0.7295178
    ]
  },
  {
    "timeStamp": 34214,
    "rotation": [
      [
        0.9918958,
        -0.0977987051,
        0.0811060444
      ],
      [
        -0.0947195143,
        -0.143728346,
        0.9850738
      ],
      [
        -0.08468171,
        -0.984772861,
        -0.151826978
      ]
    ],
    "translation": [
      1.33199322,
      0.7786891,
      -0.705027
    ]
  },
  {
    "timeStamp": 34258,
    "rotation": [
      [
        0.9860844,
        -0.1505413,
        0.07053178
      ],
      [
        -0.101301521,
        -0.20771277,
        0.9729303
      ],
      [
        -0.131815851,
        -0.9665364,
        -0.2200724
      ]
    ],
    "translation": [
      1.35286868,
      0.81319356,
      -0.6788105
    ]
  },
  {
    "timeStamp": 34314,
    "rotation": [
      [
        0.9633251,
        -0.264739841,
        0.04379068
      ],
      [
        -0.123958044,
        -0.294304579,
        0.94763875
      ],
      [
        -0.237989932,
        -0.9183124,
        -0.316327631
      ]
    ],
    "translation": [
      1.39615059,
      0.8619868,
      -0.639318347
    ]
  },
  {
    "timeStamp": 34359,
    "rotation": [
      [
        0.9273427,
        -0.374132931,
        -0.00775053725
      ],
      [
        -0.14462252,
        -0.3774164,
        0.9146809
      ],
      [
        -0.345137447,
        -0.847101748,
        -0.404102385
      ]
    ],
    "translation": [
      1.44530308,
      0.907077849,
      -0.6059753
    ]
  },
  {
    "timeStamp": 34418,
    "rotation": [
      [
        0.846302032,
        -0.524218559,
        -0.09469899
      ],
      [
        -0.189041719,
        -0.461745858,
        0.8666337
      ],
      [
        -0.498032331,
        -0.715531766,
        -0.4898756
      ]
    ],
    "translation": [
      1.52341723,
      0.962667346,
      -0.572357535
    ]
  },
  {
    "timeStamp": 34457,
    "rotation": [
      [
        0.742140532,
        -0.6499495,
        -0.163686141
      ],
      [
        -0.24568449,
        -0.491021127,
        0.8357855
      ],
      [
        -0.6235917,
        -0.5800552,
        -0.5240892
      ]
    ],
    "translation": [
      1.59412646,
      1.00016129,
      -0.555913031
    ]
  },
  {
    "timeStamp": 34512,
    "rotation": [
      [
        0.6113346,
        -0.7309665,
        -0.3032456
      ],
      [
        -0.276297122,
        -0.5562237,
        0.783757031
      ],
      [
        -0.741572559,
        -0.395351917,
        -0.542002738
      ]
    ],
    "translation": [
      1.68498552,
      1.04746878,
      -0.5485533
    ]
  },
  {
    "timeStamp": 34557,
    "rotation": [
      [
        0.461328,
        -0.792514265,
        -0.398870438
      ],
      [
        -0.300770521,
        -0.562642634,
        0.7700457
      ],
      [
        -0.83469373,
        -0.235275179,
        -0.497927725
      ]
    ],
    "translation": [
      1.763445,
      1.07251251,
      -0.555899262
    ]
  },
  {
    "timeStamp": 34612,
    "rotation": [
      [
        0.2495636,
        -0.8459012,
        -0.471348256
      ],
      [
        -0.345854819,
        -0.532507539,
        0.772541344
      ],
      [
        -0.9044902,
        -0.02978013,
        -0.4254535
      ]
    ],
    "translation": [
      1.85749984,
      1.09013128,
      -0.5784079
    ]
  },
  {
    "timeStamp": 34657,
    "rotation": [
      [
        0.09585819,
        -0.8408936,
        -0.5326435
      ],
      [
        -0.362612247,
        -0.527838051,
        0.768049
      ],
      [
        -0.926997066,
        0.1195193,
        -0.355515927
      ]
    ],
    "translation": [
      1.92671442,
      1.10271442,
      -0.603477538
    ]
  },
  {
    "timeStamp": 34712,
    "rotation": [
      [
        -0.131586343,
        -0.837959349,
        -0.5296312
      ],
      [
        -0.363808751,
        -0.456173748,
        0.81212604
      ],
      [
        -0.922132432,
        0.299549162,
        -0.2448307
      ]
    ],
    "translation": [
      2.00660849,
      1.09630668,
      -0.645345569
    ]
  },
  {
    "timeStamp": 34756,
    "rotation": [
      [
        -0.282054365,
        -0.8101457,
        -0.513915658
      ],
      [
        -0.388537,
        -0.3933155,
        0.8332718
      ],
      [
        -0.8772025,
        0.4347032,
        -0.2038352
      ]
    ],
    "translation": [
      2.05672145,
      1.08834231,
      -0.6771134
    ]
  },
  {
    "timeStamp": 34813,
    "rotation": [
      [
        -0.464238167,
        -0.7595723,
        -0.455557734
      ],
      [
        -0.295858383,
        -0.3518108,
        0.88808614
      ],
      [
        -0.834835768,
        0.547064066,
        -0.06140183
      ]
    ],
    "translation": [
      2.10341954,
      1.0637598,
      -0.7212658
    ]
  },
  {
    "timeStamp": 34858,
    "rotation": [
      [
        -0.5810537,
        -0.722616434,
        -0.374435723
      ],
      [
        -0.265905231,
        -0.266266227,
        0.926497
      ],
      [
        -0.7692016,
        0.637908936,
        -0.03743251
      ]
    ],
    "translation": [
      2.12681723,
      1.03890979,
      -0.748631
    ]
  },
  {
    "timeStamp": 34914,
    "rotation": [
      [
        -0.6790678,
        -0.671944141,
        -0.295563638
      ],
      [
        -0.2114761,
        -0.206492722,
        0.9553212
      ],
      [
        -0.702954233,
        0.711232543,
        -0.0018775675
      ]
    ],
    "translation": [
      2.145595,
      1.01460075,
      -0.7749435
    ]
  },
  {
    "timeStamp": 34967,
    "rotation": [
      [
        -0.7271747,
        -0.6497764,
        -0.221376732
      ],
      [
        -0.12445502,
        -0.19235523,
        0.9734015
      ],
      [
        -0.675076246,
        0.735384345,
        0.0590079278
      ]
    ],
    "translation": [
      2.154189,
      0.9956147,
      -0.7922446
    ]
  },
  {
    "timeStamp": 35011,
    "rotation": [
      [
        -0.762898266,
        -0.634371459,
        -0.12473578
      ],
      [
        -0.06657439,
        -0.1148265,
        0.9911522
      ],
      [
        -0.643081665,
        0.7644525,
        0.0453680456
      ]
    ],
    "translation": [
      2.16208553,
      0.964913964,
      -0.799170554
    ]
  },
  {
    "timeStamp": 35064,
    "rotation": [
      [
        -0.7684414,
        -0.6347869,
        -0.0808914453
      ],
      [
        0.00182885979,
        -0.12858668,
        0.9916966
      ],
      [
        -0.639917552,
        0.761912763,
        0.09997226
      ]
    ],
    "translation": [
      2.17188978,
      0.9484829,
      -0.8046759
    ]
  },
  {
    "timeStamp": 35109,
    "rotation": [
      [
        -0.777010441,
        -0.628872633,
        -0.0278201979
      ],
      [
        0.05745039,
        -0.114855357,
        0.991719544
      ],
      [
        -0.6268606,
        0.7689782,
        0.1253728
      ]
    ],
    "translation": [
      2.17498374,
      0.9321126,
      -0.811724842
    ]
  },
  {
    "timeStamp": 35165,
    "rotation": [
      [
        -0.784497,
        -0.6196786,
        0.02372359
      ],
      [
        0.06535729,
        -0.04457692,
        0.996865749
      ],
      [
        -0.6166789,
        0.7835887,
        0.07547098
      ]
    ],
    "translation": [
      2.17737556,
      0.909571052,
      -0.807760656
    ]
  },
  {
    "timeStamp": 35209,
    "rotation": [
      [
        -0.7684001,
        -0.6379269,
        0.05109428
      ],
      [
        0.125985831,
        -0.07250978,
        0.9893786
      ],
      [
        -0.627446353,
        0.7666757,
        0.13608627
      ]
    ],
    "translation": [
      2.17942,
      0.900174856,
      -0.8124093
    ]
  },
  {
    "timeStamp": 35264,
    "rotation": [
      [
        -0.784436166,
        -0.6107614,
        0.107844383
      ],
      [
        0.101392984,
        0.0452569462,
        0.9938165
      ],
      [
        -0.611865461,
        0.7905203,
        0.0264257379
      ]
    ],
    "translation": [
      2.171324,
      0.8763732,
      -0.8039287
    ]
  },
  {
    "timeStamp": 35309,
    "rotation": [
      [
        -0.7698779,
        -0.6265288,
        0.121448308
      ],
      [
        0.132621124,
        0.0290834624,
        0.99074
      ],
      [
        -0.6242593,
        0.778855443,
        0.06070024
      ]
    ],
    "translation": [
      2.16841936,
      0.871125758,
      -0.804608
    ]
  },
  {
    "timeStamp": 35364,
    "rotation": [
      [
        -0.762812853,
        -0.629664361,
        0.147103548
      ],
      [
        0.15886493,
        0.0380256921,
        0.9865678
      ],
      [
        -0.6268003,
        0.7759361,
        0.0710250959
      ]
    ],
    "translation": [
      2.163277,
      0.8633664,
      -0.8082446
    ]
  },
  {
    "timeStamp": 35409,
    "rotation": [
      [
        -0.7611881,
        -0.629085064,
        0.157621741
      ],
      [
        0.1566465,
        0.05750309,
        0.9859793
      ],
      [
        -0.6293286,
        0.7752067,
        0.0547733046
      ]
    ],
    "translation": [
      2.16132259,
      0.856774,
      -0.806857765
    ]
  },
  {
    "timeStamp": 35466,
    "rotation": [
      [
        -0.746941,
        -0.6456288,
        0.1588796
      ],
      [
        0.18456848,
        0.0282264818,
        0.982414246
      ],
      [
        -0.638759553,
        0.7631296,
        0.0980792046
      ]
    ],
    "translation": [
      2.16532087,
      0.852341056,
      -0.8129393
    ]
  },
  {
    "timeStamp": 35512,
    "rotation": [
      [
        -0.7463121,
        -0.6401724,
        0.182201818
      ],
      [
        0.174291074,
        0.07622811,
        0.9817392
      ],
      [
        -0.642371237,
        0.76444,
        0.05468637
      ]
    ],
    "translation": [
      2.16411281,
      0.838559031,
      -0.8081164
    ]
  },
  {
    "timeStamp": 35557,
    "rotation": [
      [
        -0.7372448,
        -0.6476328,
        0.1924627
      ],
      [
        0.17392455,
        0.09334162,
        0.9803252
      ],
      [
        -0.6528556,
        0.756213665,
        0.04382362
      ]
    ],
    "translation": [
      2.164183,
      0.8301252,
      -0.8047426
    ]
  }
]