[
  {
    "timeStamp": 51539,
    "rotation": [
      [
        0.999497354,
        0.0167996921,
        0.0268847328
      ],
      [
        -0.0317016728,
        0.53366375,
        0.84510237
      ],
      [
        -0.000149946572,
        -0.845529854,
        0.5339281
      ]
    ],
    "translation": [
      1.15784168,
      0.722605765,
      -0.488853931
    ]
  },
  {
    "timeStamp": 51595,
    "rotation": [
      [
        0.997231364,
        0.03531144,
        0.06544228
      ],
      [
        -0.07408168,
        0.5480052,
        0.833187938
      ],
      [
        -0.00644165,
        -0.835729241,
        0.5491039
      ]
    ],
    "translation": [
      1.158599,
      0.72266084,
      -0.4884203
    ]
  },
  {
    "timeStamp": 51641,
    "rotation": [
      [
        0.993539155,
        0.0535322465,
        0.100071609
      ],
      [
        -0.113130428,
        0.537313,
        0.8357609
      ],
      [
        -0.009029618,
        -0.8416823,
        0.539897561
      ]
    ],
    "translation": [
      1.15934885,
      0.722538769,
      -0.4885894
    ]
  },
  {
    "timeStamp": 51694,
    "rotation": [
      [
        0.9985623,
        0.0100088269,
        0.0526601933
      ],
      [
        -0.0501607656,
        0.520852268,
        0.8521718
      ],
      [
        -0.0188989472,
        -0.853588045,
        0.5206055
      ]
    ],
    "translation": [
      1.16981566,
      0.723837554,
      -0.488549858
    ]
  },
  {
    "timeStamp": 51738,
    "rotation": [
      [
        0.996702969,
        -0.006809557,
        0.0808505
      ],
      [
        -0.06692357,
        0.4943975,
        0.8666558
      ],
      [
        -0.045873832,
        -0.86920923,
        0.492311716
      ]
    ],
    "translation": [
      1.1830076,
      0.736939,
      -0.48962903
    ]
  },
  {
    "timeStamp": 51794,
    "rotation": [
      [
        0.9915334,
        -0.0463297479,
        0.12130554
      ],
      [
        -0.08889599,
        0.4387599,
        0.894196451
      ],
      [
        -0.09465189,
        -0.89740926,
        0.430926561
      ]
    ],
    "translation": [
      1.21164382,
      0.762507856,
      -0.49222523
    ]
  },
  {
    "timeStamp": 51838,
    "rotation": [
      [
        0.9792686,
        -0.111061156,
        0.169405773
      ],
      [
        -0.111487627,
        0.402739555,
        0.9084995
      ],
      [
        -0.169125438,
        -0.9085517,
        0.382008284
      ]
    ],
    "translation": [
      1.24601328,
      0.7863121,
      -0.495451778
    ]
  },
  {
    "timeStamp": 51894,
    "rotation": [
      [
        0.955522239,
        -0.218770176,
        0.197779775
      ],
      [
        -0.114189543,
        0.343873978,
        0.9320469
      ],
      [
        -0.271915376,
        -0.9131759,
        0.303598
      ]
    ],
    "translation": [
      1.30402172,
      0.8196564,
      -0.5032983
    ]
  },
  {
    "timeStamp": 51939,
    "rotation": [
      [
        0.9272967,
        -0.322900385,
        0.189357579
      ],
      [
        -0.09161169,
        0.2947125,
        0.951184452
      ],
      [
        -0.362943858,
        -0.8993775,
        0.243704483
      ]
    ],
    "translation": [
      1.36034787,
      0.8460252,
      -0.5135197
    ]
  },
  {
    "timeStamp": 51994,
    "rotation": [
      [
        0.859349966,
        -0.480595,
        0.1747741
      ],
      [
        -0.06326374,
        0.239230245,
        0.968899667
      ],
      [
        -0.5074596,
        -0.843680739,
        0.175178289
      ]
    ],
    "translation": [
      1.4429363,
      0.8771572,
      -0.5312532
    ]
  },
  {
    "timeStamp": 52039,
    "rotation": [
      [
        0.7789337,
        -0.6085637,
        0.151368782
      ],
      [
        -0.0354849659,
        0.19821696,
        0.9795156
      ],
      [
        -0.626101553,
        -0.768349,
        0.132803008
      ]
    ],
    "translation": [
      1.51434469,
      0.898947239,
      -0.5503965
    ]
  },
  {
    "timeStamp": 52095,
    "rotation": [
      [
        0.637363,
        -0.7573293,
        0.142199561
      ],
      [
        -0.0334944725,
        0.1571365,
        0.98700875
      ],
      [
        -0.769835353,
        -0.633845747,
        0.07478665
      ]
    ],
    "translation": [
      1.60660851,
      0.9271766,
      -0.581795
    ]
  },
  {
    "timeStamp": 52139,
    "rotation": [
      [
        0.4980177,
        -0.857695162,
        0.127817571
      ],
      [
        -0.0314044133,
        0.129461363,
        0.991087
      ],
      [
        -0.866598,
        -0.497592926,
        0.0375386328
      ]
    ],
    "translation": [
      1.6787,
      0.9482536,
      -0.6121241
    ]
  },
  {
    "timeStamp": 52195,
    "rotation": [
      [
        0.3362588,
        -0.937729657,
        0.08713875
      ],
      [
        -0.0213938057,
        0.08489684,
        0.99616003
      ],
      [
        -0.941526651,
        -0.3368318,
        0.008485703
      ]
    ],
    "translation": [
      1.76105058,
      0.972344339,
      -0.6529455
    ]
  },
  {
    "timeStamp": 52239,
    "rotation": [
      [
        0.206846073,
        -0.9765598,
        0.0595454648
      ],
      [
        -0.007021207,
        0.05937846,
        0.998210847
      ],
      [
        -0.9783483,
        -0.20689407,
        0.005425573
      ]
    ],
    "translation": [
      1.819358,
      0.985877931,
      -0.6853127
    ]
  },
  {
    "timeStamp": 52295,
    "rotation": [
      [
        0.04393288,
        -0.9946921,
        0.09304598
      ],
      [
        -0.09675588,
        0.0884617,
        0.9913692
      ],
      [
        -0.9943381,
        -0.0525564328,
        -0.09235592
      ]
    ],
    "translation": [
      1.88260472,
      0.998324633,
      -0.72042495
    ]
  },
  {
    "timeStamp": 52339,
    "rotation": [
      [
        -0.0554513335,
        -0.992023349,
        0.113202639
      ],
      [
        -0.13165763,
        0.1196518,
        0.9840476
      ],
      [
        -0.9897431,
        0.0396627337,
        -0.137242287
      ]
    ],
    "translation": [
      1.92645741,
      1.003866,
      -0.7422232
    ]
  },
  {
    "timeStamp": 52395,
    "rotation": [
      [
        -0.127126932,
        -0.986061752,
        0.107335873
      ],
      [
        -0.143791467,
        0.125391811,
        0.981631756
      ],
      [
        -0.981408536,
        0.109357841,
        -0.157727942
      ]
    ],
    "translation": [
      1.97095251,
      1.0095886,
      -0.759730935
    ]
  },
  {
    "timeStamp": 52440,
    "rotation": [
      [
        -0.1807154,
        -0.9773158,
        0.110435195
      ],
      [
        -0.152195573,
        0.138719067,
        0.978567064
      ],
      [
        -0.9716885,
        0.160034373,
        -0.1738118
      ]
    ],
    "translation": [
      2.00133538,
      1.01152992,
      -0.7690755
    ]
  },
  {
    "timeStamp": 52495,
    "rotation": [
      [
        -0.230521485,
        -0.9622786,
        0.144498244
      ],
      [
        -0.152216032,
        0.182330027,
        0.9713836
      ],
      [
        -0.961088,
        0.201929823,
        -0.188505217
      ]
    ],
    "translation": [
      2.03419423,
      1.00875568,
      -0.774267852
    ]
  },
  {
    "timeStamp": 52549,
    "rotation": [
      [
        -0.251123339,
        -0.9514229,
        0.178133056
      ],
      [
        -0.127516955,
        0.21494396,
        0.9682657
      ],
      [
        -0.95951885,
        0.220439121,
        -0.1753
      ]
    ],
    "translation": [
      2.05503178,
      1.001825,
      -0.774291754
    ]
  },
  {
    "timeStamp": 52589,
    "rotation": [
      [
        -0.242363334,
        -0.935736239,
        0.256237656
      ],
      [
        -0.11415454,
        0.2897819,
        0.9502606
      ],
      [
        -0.9634463,
        0.201057628,
        -0.177051038
      ]
    ],
    "translation": [
      2.076332,
      0.988410234,
      -0.768265665
    ]
  },
  {
    "timeStamp": 52645,
    "rotation": [
      [
        -0.256165266,
        -0.915720761,
        0.309572041
      ],
      [
        -0.05874641,
        0.334414423,
        0.940593362
      ],
      [
        -0.9648462,
        0.222761109,
        -0.139460668
      ]
    ],
    "translation": [
      2.09357166,
      0.973164439,
      -0.7644121
    ]
  },
  {
    "timeStamp": 52689,
    "rotation": [
      [
        -0.268675417,
        -0.9059927,
        0.3270946
      ],
      [
        -0.08058514,
        0.3595323,
        0.9296465
      ],
      [
        -0.959853947,
        0.223414183,
        -0.169607013
      ]
    ],
    "translation": [
      2.10617638,
      0.9629892,
      -0.7624518
    ]
  },
  {
    "timeStamp": 52745,
    "rotation": [
      [
        -0.299134433,
        -0.868227839,
        0.395852178
      ],
      [
        -0.06369796,
        0.432091534,
        0.8995774
      ],
      [
        -0.9520825,
        0.243879586,
        -0.1845578
      ]
    ],
    "translation": [
      2.11672521,
      0.9439708,
      -0.759717345
    ]
  },
  {
    "timeStamp": 52790,
    "rotation": [
      [
        -0.2832377,
        -0.8525772,
        0.439190745
      ],
      [
        -0.0535404123,
        0.4712862,
        0.880353749
      ],
      [
        -0.9575541,
        0.2258349,
        -0.179133341
      ]
    ],
    "translation": [
      2.119318,
      0.9310031,
      -0.7554009
    ]
  },
  {
    "timeStamp": 52845,
    "rotation": [
      [
        -0.2858268,
        -0.826190948,
        0.48550126
      ],
      [
        -0.016384026,
        0.5107767,
        0.8595573
      ],
      [
        -0.958141148,
        0.237730041,
        -0.159530029
      ]
    ],
    "translation": [
      2.117265,
      0.918733537,
      -0.755059063
    ]
  },
  {
    "timeStamp": 52889,
    "rotation": [
      [
        -0.308865368,
        -0.8124083,
        0.494565427
      ],
      [
        -0.00616248837,
        0.521688461,
        0.85311383
      ],
      [
        -0.9510858,
        0.260449558,
        -0.166137934
      ]
    ],
    "translation": [
      2.11626649,
      0.914183855,
      -0.759029746
    ]
  },
  {
    "timeStamp": 52945,
    "rotation": [
      [
        -0.316993266,
        -0.795719445,
        0.516087
      ],
      [
        -0.004851982,
        0.545503438,
        0.838094532
      ],
      [
        -0.948415339,
        0.263166279,
        -0.176781744
      ]
    ],
    "translation": [
      2.11313581,
      0.908001065,
      -0.761559248
    ]
  },
  {
    "timeStamp": 52989,
    "rotation": [
      [
        -0.3058502,
        -0.7928118,
        0.527167
      ],
      [
        0.0147592081,
        0.5496859,
        0.835241
      ],
      [
        -0.9519653,
        0.2632392,
        -0.156420261
      ]
    ],
    "translation": [
      2.11138439,
      0.903928339,
      -0.7625464
    ]
  },
  {
    "timeStamp": 53046,
    "rotation": [
      [
        -0.315023452,
        -0.7840611,
        0.534797549
      ],
      [
        0.0269282963,
        0.5558773,
        0.8308281
      ],
      [
        -0.9487018,
        0.2761315,
        -0.154000953
      ]
    ],
    "translation": [
      2.111494,
      0.899157047,
      -0.76647687
    ]
  },
  {
    "timeStamp": 53092,
    "rotation": [
      [
        -0.323311925,
        -0.76998955,
        0.5500778
      ],
      [
        0.0228614528,
        0.574772537,
        0.8179938
      ],
      [
        -0.9460163,
        0.277042747,
        -0.168227732
      ]
    ],
    "translation": [
      2.11126137,
      0.894842446,
      -0.768868
    ]
  },
  {
    "timeStamp": 53138,
    "rotation": [
      [
        -0.3177471,
        -0.7641527,
        0.5613444
      ],
      [
        0.02996163,
        0.583638251,
        0.811460853
      ],
      [
        -0.947702,
        0.2746581,
        -0.162554085
      ]
    ],
    "translation": [
      2.109377,
      0.8908533,
      -0.770483553
    ]
  },
  {
    "timeStamp": 53194,
    "rotation": [
      [
        -0.3263815,
        -0.7524928,
        0.572039962
      ],
      [
        0.0376660749,
        0.5943464,
        0.8033266
      ],
      [
        -0.944487333,
        0.283737451,
        -0.16564022
      ]
    ],
    "translation": [
      2.105644,
      0.887792945,
      -0.7740654
    ]
  },
  {
    "timeStamp": 53239,
    "rotation": [
      [
        -0.332496,
        -0.7445249,
        0.578903258
      ],
      [
        0.0527362041,
        0.5981892,
        0.799617767
      ],
      [
        -0.941629052,
        0.296398848,
        -0.159632087
      ]
    ],
    "translation": [
      2.101266,
      0.8866103,
      -0.7785651
    ]
  },
  {
    "timeStamp": 53294,
    "rotation": [
      [
        -0.344827741,
        -0.724251568,
        0.597121
      ],
      [
        0.0516030267,
        0.620549262,
        0.7824677
      ],
      [
        -0.937246442,
        0.300629824,
        -0.176609039
      ]
    ],
    "translation": [
      2.09308815,
      0.885868,
      -0.783772647
    ]
  },
  {
    "timeStamp": 53339,
    "rotation": [
      [
        -0.334260672,
        -0.727325559,
        0.5993891
      ],
      [
        0.06265853,
        0.6174132,
        0.7841395
      ],
      [
        -0.9403955,
        0.299663842,
        -0.16080381
      ]
    ],
    "translation": [
      2.087031,
      0.8865747,
      -0.78734237
    ]
  },
  {
    "timeStamp": 53394,
    "rotation": [
      [
        -0.340914041,
        -0.717818,
        0.607054353
      ],
      [
        0.08275452,
        0.620316446,
        0.779973865
      ],
      [
        -0.936445057,
        0.316140532,
        -0.1520719
      ]
    ],
    "translation": [
      2.081238,
      0.8851029,
      -0.793452442
    ]
  },
  {
    "timeStamp": 53439,
    "rotation": [
      [
        -0.3537524,
        -0.7005486,
        0.6197506
      ],
      [
        0.06649661,
        0.6420815,
        0.763747
      ],
      [
        -0.9329723,
        0.311388642,
        -0.180553779
      ]
    ],
    "translation": [
      2.07838368,
      0.8818633,
      -0.7962067
    ]
  },
  {
    "timeStamp": 53494,
    "rotation": [
      [
        -0.328865,
        -0.6964787,
        0.637781441
      ],
      [
        0.09115564,
        0.6487819,
        0.755495
      ],
      [
        -0.9399673,
        0.306593239,
        -0.149873689
      ]
    ],
    "translation": [
      2.07475042,
      0.8763846,
      -0.7976988
    ]
  }
]