[
  {
    "timeStamp": 26434,
    "rotation": [
      [
        0.9993596,
        0.008585839,
        0.0347367674
      ],
      [
        -0.0352877267,
        0.07566333,
        0.996508837
      ],
      [
        0.005927574,
        -0.9970965,
        0.0759178549
      ]
    ],
    "translation": [
      1.306113,
      0.698523939,
      -0.495112777
    ]
  },
  {
    "timeStamp": 26479,
    "rotation": [
      [
        0.9984919,
        0.0201861747,
        0.0510534942
      ],
      [
        -0.05041812,
        -0.0308227148,
        0.998252451
      ],
      [
        0.0217245128,
        -0.999321,
        -0.0297584813
      ]
    ],
    "translation": [
      1.30585289,
      0.703038931,
      -0.489463747
    ]
  },
  {
    "timeStamp": 26534,
    "rotation": [
      [
        0.9885973,
        0.0293277968,
        0.147699878
      ],
      [
        -0.145487547,
        -0.06698333,
        0.98709
      ],
      [
        0.0388425849,
        -0.997323,
        -0.06195271
      ]
    ],
    "translation": [
      1.29476559,
      0.7321736,
      -0.4873817
    ]
  },
  {
    "timeStamp": 26578,
    "rotation": [
      [
        0.9666143,
        0.06462628,
        0.247952133
      ],
      [
        -0.2436494,
        -0.06773573,
        0.967495143
      ],
      [
        0.0793208256,
        -0.995608032,
        -0.04972817
      ]
    ],
    "translation": [
      1.28804958,
      0.7663244,
      -0.5037847
    ]
  },
  {
    "timeStamp": 26634,
    "rotation": [
      [
        0.930953443,
        0.160139978,
        0.3281478
      ],
      [
        -0.319101,
        -0.08001659,
        0.9443368
      ],
      [
        0.177483335,
        -0.9838458,
        -0.0233908854
      ]
    ],
    "translation": [
      1.292303,
      0.806057155,
      -0.5434478
    ]
  },
  {
    "timeStamp": 26678,
    "rotation": [
      [
        0.895712852,
        0.245513022,
        0.370704442
      ],
      [
        -0.362646,
        -0.07901343,
        0.928571343
      ],
      [
        0.257266968,
        -0.966167748,
        0.01826097
      ]
    ],
    "translation": [
      1.30695319,
      0.8327869,
      -0.58494246
    ]
  },
  {
    "timeStamp": 26734,
    "rotation": [
      [
        0.8526625,
        0.332023829,
        0.403394282
      ],
      [
        -0.412539929,
        -0.0459108464,
        0.9097819
      ],
      [
        0.320589423,
        -0.9421531,
        0.09782662
      ]
    ],
    "translation": [
      1.33742344,
      0.8592823,
      -0.642128766
    ]
  },
  {
    "timeStamp": 26778,
    "rotation": [
      [
        0.8253166,
        0.385228038,
        0.4128581
      ],
      [
        -0.438923448,
        -0.0223187469,
        0.898247242
      ],
      [
        0.3552445,
        -0.922551453,
        0.150665581
      ]
    ],
    "translation": [
      1.37011778,
      0.8747721,
      -0.683874846
    ]
  },
  {
    "timeStamp": 26834,
    "rotation": [
      [
        0.801882565,
        0.421239644,
        0.4237233
      ],
      [
        -0.470623583,
        0.008394983,
        0.8822941
      ],
      [
        0.3681001,
        -0.9069105,
        0.204977125
      ]
    ],
    "translation": [
      1.41483235,
      0.890679657,
      -0.7255995
    ]
  },
  {
    "timeStamp": 26878,
    "rotation": [
      [
        0.8116577,
        0.398928434,
        0.426694125
      ],
      [
        -0.480242223,
        0.0398835,
        0.8762287
      ],
      [
        0.3325345,
        -0.91611433,
        0.223954022
      ]
    ],
    "translation": [
      1.452725,
      0.899229765,
      -0.744656
    ]
  },
  {
    "timeStamp": 26933,
    "rotation": [
      [
        0.8277415,
        0.3336739,
        0.4511161
      ],
      [
        -0.5010418,
        0.07762179,
        0.86193496
      ],
      [
        0.252588749,
        -0.939487457,
        0.231435359
      ]
    ],
    "translation": [
      1.49897945,
      0.912650764,
      -0.757416368
    ]
  },
  {
    "timeStamp": 26986,
    "rotation": [
      [
        0.844658554,
        0.238763377,
        0.4791075
      ],
      [
        -0.511028349,
        0.0931793153,
        0.8544985
      ],
      [
        0.159380049,
        -0.966596961,
        0.20071955
      ]
    ],
    "translation": [
      1.54353213,
      0.92556566,
      -0.757389545
    ]
  },
  {
    "timeStamp": 27030,
    "rotation": [
      [
        0.8525303,
        0.143120959,
        0.5027012
      ],
      [
        -0.5172008,
        0.09212692,
        0.8508913
      ],
      [
        0.07546807,
        -0.985408068,
        0.152563274
      ]
    ],
    "translation": [
      1.58040547,
      0.93510747,
      -0.752543
    ]
  },
  {
    "timeStamp": 27086,
    "rotation": [
      [
        0.850705743,
        0.0156755485,
        0.525408566
      ],
      [
        -0.524453938,
        0.09248749,
        0.846400738
      ],
      [
        -0.0353259072,
        -0.995590448,
        0.08690074
      ]
    ],
    "translation": [
      1.62734926,
      0.946779132,
      -0.739088058
    ]
  },
  {
    "timeStamp": 27130,
    "rotation": [
      [
        0.838878036,
        -0.09104699,
        0.536650836
      ],
      [
        -0.5309346,
        0.08042735,
        0.8435876
      ],
      [
        -0.119967505,
        -0.9925935,
        0.0191287436
      ]
    ],
    "translation": [
      1.66770732,
      0.9553967,
      -0.7282468
    ]
  },
  {
    "timeStamp": 27186,
    "rotation": [
      [
        0.820783,
        -0.222447917,
        0.526148438
      ],
      [
        -0.529451,
        0.04956727,
        0.8468912
      ],
      [
        -0.214468941,
        -0.9736837,
        -0.0770913
      ]
    ],
    "translation": [
      1.72165036,
      0.96480155,
      -0.709428966
    ]
  },
  {
    "timeStamp": 27230,
    "rotation": [
      [
        0.7928112,
        -0.3303323,
        0.5121825
      ],
      [
        -0.5347865,
        0.0260268133,
        0.844586253
      ],
      [
        -0.2923246,
        -0.9435057,
        -0.156022936
      ]
    ],
    "translation": [
      1.76812458,
      0.9734829,
      -0.696314335
    ]
  },
  {
    "timeStamp": 27286,
    "rotation": [
      [
        0.758289158,
        -0.448409051,
        0.473209172
      ],
      [
        -0.5365668,
        -0.0170218479,
        0.843686163
      ],
      [
        -0.3702616,
        -0.8936664,
        -0.2535089
      ]
    ],
    "translation": [
      1.83058929,
      0.983791053,
      -0.6771829
    ]
  },
  {
    "timeStamp": 27331,
    "rotation": [
      [
        0.719567537,
        -0.5342173,
        0.4436602
      ],
      [
        -0.5440505,
        -0.0366560742,
        0.838251352
      ],
      [
        -0.431545526,
        -0.8445521,
        -0.317017674
      ]
    ],
    "translation": [
      1.87940764,
      0.9921311,
      -0.666605532
    ]
  },
  {
    "timeStamp": 27377,
    "rotation": [
      [
        0.6880578,
        -0.6083984,
        0.395509839
      ],
      [
        -0.5407346,
        -0.0663945153,
        0.838569
      ],
      [
        -0.4839243,
        -0.790849745,
        -0.37466526
      ]
    ],
    "translation": [
      1.93143475,
      0.9985402,
      -0.655345738
    ]
  },
  {
    "timeStamp": 27433,
    "rotation": [
      [
        0.681295156,
        -0.6650571,
        0.305836469
      ],
      [
        -0.5079675,
        -0.128699616,
        0.8517074
      ],
      [
        -0.5270731,
        -0.735619068,
        -0.4255098
      ]
    ],
    "translation": [
      1.993165,
      1.00116062,
      -0.647413433
    ]
  },
  {
    "timeStamp": 27478,
    "rotation": [
      [
        0.6810739,
        -0.6992478,
        0.217234492
      ],
      [
        -0.4596614,
        -0.177369937,
        0.8702019
      ],
      [
        -0.5699558,
        -0.6925261,
        -0.442219257
      ]
    ],
    "translation": [
      2.04365325,
      0.9954289,
      -0.6433058
    ]
  },
  {
    "timeStamp": 27534,
    "rotation": [
      [
        0.6931493,
        -0.7115422,
        0.115116529
      ],
      [
        -0.357841372,
        -0.201063544,
        0.9118788
      ],
      [
        -0.6256945,
        -0.673261642,
        -0.393986285
      ]
    ],
    "translation": [
      2.09941173,
      0.9745766,
      -0.646841466
    ]
  },
  {
    "timeStamp": 27578,
    "rotation": [
      [
        0.6880514,
        -0.7221973,
        0.07082611
      ],
      [
        -0.317333639,
        -0.211674929,
        0.924387932
      ],
      [
        -0.6525983,
        -0.6585019,
        -0.374820739
      ]
    ],
    "translation": [
      2.13490057,
      0.959606051,
      -0.65175736
    ]
  },
  {
    "timeStamp": 27627,
    "rotation": [
      [
        0.6841819,
        -0.728534,
        0.0336643159
      ],
      [
        -0.27159673,
        -0.21167998,
        0.9388433
      ],
      [
        -0.6768532,
        -0.651482761,
        -0.342695057
      ]
    ],
    "translation": [
      2.16381288,
      0.943492,
      -0.65828073
    ]
  },
  {
    "timeStamp": 27684,
    "rotation": [
      [
        0.706683159,
        -0.706718743,
        -0.0338752046
      ],
      [
        -0.172713444,
        -0.218738571,
        0.96037674
      ],
      [
        -0.686126053,
        -0.672831357,
        -0.2766387
      ]
    ],
    "translation": [
      2.19763732,
      0.9128672,
      -0.672779262
    ]
  },
  {
    "timeStamp": 27729,
    "rotation": [
      [
        0.696409166,
        -0.7174812,
        -0.0153328627
      ],
      [
        -0.178494364,
        -0.193867117,
        0.964652956
      ],
      [
        -0.695092857,
        -0.6690563,
        -0.26307717
      ]
    ],
    "translation": [
      2.208613,
      0.8980452,
      -0.6789366
    ]
  },
  {
    "timeStamp": 27784,
    "rotation": [
      [
        0.710078061,
        -0.7026698,
        -0.04521334
      ],
      [
        -0.129043937,
        -0.192991465,
        0.9726777
      ],
      [
        -0.6921971,
        -0.6848426,
        -0.227714285
      ]
    ],
    "translation": [
      2.21847272,
      0.875813961,
      -0.6882714
    ]
  },
  {
    "timeStamp": 27828,
    "rotation": [
      [
        0.716859758,
        -0.6957334,
        -0.0454655439
      ],
      [
        -0.101698548,
        -0.168853655,
        0.9803805
      ],
      [
        -0.6897605,
        -0.698171556,
        -0.191799462
      ]
    ],
    "translation": [
      2.22308016,
      0.858558238,
      -0.696686268
    ]
  },
  {
    "timeStamp": 27884,
    "rotation": [
      [
        0.7155456,
        -0.6979035,
        -0.0304184388
      ],
      [
        -0.08684796,
        -0.132080808,
        0.987427
      ],
      [
        -0.693146467,
        -0.703907251,
        -0.155121341
      ]
    ],
    "translation": [
      2.22432828,
      0.841399968,
      -0.7046326
    ]
  },
  {
    "timeStamp": 27928,
    "rotation": [
      [
        0.722615361,
        -0.6897603,
        -0.0453629829
      ],
      [
        -0.06363537,
        -0.131725252,
        0.9892416
      ],
      [
        -0.6883151,
        -0.7119545,
        -0.139079839
      ]
    ],
    "translation": [
      2.226587,
      0.832679331,
      -0.710321963
    ]
  },
  {
    "timeStamp": 27984,
    "rotation": [
      [
        0.7144369,
        -0.698561966,
        -0.0398882665
      ],
      [
        -0.05337048,
        -0.11124754,
        0.992358565
      ],
      [
        -0.697661459,
        -0.7068487,
        -0.116761938
      ]
    ],
    "translation": [
      2.22960377,
      0.82478106,
      -0.716675162
    ]
  },
  {
    "timeStamp": 28028,
    "rotation": [
      [
        0.7166562,
        -0.695212543,
        -0.0555296466
      ],
      [
        -0.0298528112,
        -0.110126317,
        0.9934692
      ],
      [
        -0.6967875,
        -0.7103181,
        -0.09967675
      ]
    ],
    "translation": [
      2.23340034,
      0.82021594,
      -0.7214278
    ]
  },
  {
    "timeStamp": 28085,
    "rotation": [
      [
        0.7132168,
        -0.6983565,
        -0.0601664
      ],
      [
        -0.0234729517,
        -0.109583959,
        0.9937003
      ],
      [
        -0.7005504,
        -0.707311451,
        -0.0945496038
      ]
    ],
    "translation": [
      2.23677,
      0.8195846,
      -0.7229417
    ]
  },
  {
    "timeStamp": 28130,
    "rotation": [
      [
        0.7143373,
        -0.6959289,
        -0.07352002
      ],
      [
        -0.00625594147,
        -0.111404732,
        0.9937554
      ],
      [
        -0.6997736,
        -0.7094166,
        -0.08393425
      ]
    ],
    "translation": [
      2.24019575,
      0.8185624,
      -0.7249373
    ]
  },
  {
    "timeStamp": 28176,
    "rotation": [
      [
        0.714269042,
        -0.695858538,
        -0.0748372152
      ],
      [
        0.007509735,
        -0.0993035361,
        0.995028853
      ],
      [
        -0.6998309,
        -0.711280346,
        -0.0657037348
      ]
    ],
    "translation": [
      2.24197221,
      0.81748426,
      -0.727309346
    ]
  },
  {
    "timeStamp": 28233,
    "rotation": [
      [
        0.712189257,
        -0.6965274,
        -0.08738422
      ],
      [
        0.0302357338,
        -0.09392909,
        0.995119631
      ],
      [
        -0.7013361,
        -0.7113556,
        -0.0458352678
      ]
    ],
    "translation": [
      2.24518347,
      0.8150333,
      -0.730088532
    ]
  },
  {
    "timeStamp": 28278,
    "rotation": [
      [
        0.710824,
        -0.698239744,
        -0.08479578
      ],
      [
        0.0448358245,
        -0.07533077,
        0.9961501
      ],
      [
        -0.701939344,
        -0.7118893,
        -0.02224077
      ]
    ],
    "translation": [
      2.24596429,
      0.8126772,
      -0.7328145
    ]
  },
  {
    "timeStamp": 28333,
    "rotation": [
      [
        0.709899962,
        -0.6995207,
        -0.08193238
      ],
      [
        0.053399507,
        -0.062537916,
        0.996613
      ],
      [
        -0.702275336,
        -0.7118707,
        -0.0070416024
      ]
    ],
    "translation": [
      2.24591756,
      0.81037885,
      -0.736058831
    ]
  },
  {
    "timeStamp": 28378,
    "rotation": [
      [
        0.7049172,
        -0.7041893,
        -0.08490699
      ],
      [
        0.0582837276,
        -0.0617943369,
        0.9963857
      ],
      [
        -0.7068909,
        -0.707318068,
        -0.00251711253
      ]
    ],
    "translation": [
      2.24712372,
      0.809608757,
      -0.7361047
    ]
  },
  {
    "timeStamp": 28433,
    "rotation": [
      [
        0.7078748,
        -0.700729549,
        -0.08883366
      ],
      [
        0.07584955,
        -0.04962828,
        0.995883465
      ],
      [
        -0.70225364,
        -0.7116988,
        0.01801941
      ]
    ],
    "translation": [
      2.246837,
      0.806094944,
      -0.7405094
    ]
  },
  {
    "timeStamp": 28478,
    "rotation": [
      [
        0.700916052,
        -0.7064492,
        -0.09821539
      ],
      [
        0.08268058,
        -0.0562965758,
        0.994984746
      ],
      [
        -0.708435357,
        -0.7055212,
        0.01895046
      ]
    ],
    "translation": [
      2.24862862,
      0.805960238,
      -0.740609765
    ]
  }
]