[
  {
    "timeStamp": 4067,
    "rotation": [
      [
        0.004601951,
        0.9999881,
        -0.00161933294
      ],
      [
        0.0,
        0.00161935017,
        0.9999987
      ],
      [
        0.9999894,
        -0.004601945,
        7.45217039E-06
      ]
    ],
    "translation": [
      1.15358472,
      0.704826355,
      -0.628249049
    ]
  },
  {
    "timeStamp": 4111,
    "rotation": [
      [
        0.01684979,
        0.99931246,
        0.03302605
      ],
      [
        -9.476016E-05,
        -0.0330291465,
        0.9994544
      ],
      [
        0.999858,
        -0.0168437269,
        -0.000461839139
      ]
    ],
    "translation": [
      1.14933968,
      0.7142086,
      -0.6257743
    ]
  },
  {
    "timeStamp": 4166,
    "rotation": [
      [
        0.03243604,
        0.9946845,
        0.097727865
      ],
      [
        -0.0111920172,
        -0.09741171,
        0.995181262
      ],
      [
        0.999411166,
        -0.0333735049,
        0.007972875
      ]
    ],
    "translation": [
      1.14066243,
      0.7459915,
      -0.626678944
    ]
  },
  {
    "timeStamp": 4211,
    "rotation": [
      [
        0.0276065376,
        0.984925032,
        0.170764253
      ],
      [
        -0.0309255812,
        -0.16990608,
        0.984974861
      ],
      [
        0.9991404,
        -0.03247274,
        0.0257688612
      ]
    ],
    "translation": [
      1.13491631,
      0.784213543,
      -0.6342508
    ]
  },
  {
    "timeStamp": 4266,
    "rotation": [
      [
        0.0130920066,
        0.9622243,
        0.271942943
      ],
      [
        -0.0531427227,
        -0.270912319,
        0.961136
      ],
      [
        0.9985011,
        -0.0270349868,
        0.0475884341
      ]
    ],
    "translation": [
      1.129421,
      0.8474647,
      -0.651008
    ]
  },
  {
    "timeStamp": 4311,
    "rotation": [
      [
        -0.0125965849,
        0.9412154,
        0.337571949
      ],
      [
        -0.111230418,
        -0.33682245,
        0.9349751
      ],
      [
        0.99371475,
        -0.02577078,
        0.1089346
      ]
    ],
    "translation": [
      1.13390756,
      0.8933024,
      -0.671531141
    ]
  },
  {
    "timeStamp": 4366,
    "rotation": [
      [
        -0.05962117,
        0.9231049,
        0.37989834
      ],
      [
        -0.209273964,
        -0.383676678,
        0.8994424
      ],
      [
        0.9760378,
        -0.02587703,
        0.216057062
      ]
    ],
    "translation": [
      1.149018,
      0.9422475,
      -0.705919147
    ]
  },
  {
    "timeStamp": 4411,
    "rotation": [
      [
        -0.101559825,
        0.91275984,
        0.395670444
      ],
      [
        -0.3093123,
        -0.406986028,
        0.8594698
      ],
      [
        0.945521832,
        -0.03509814,
        0.3236613
      ]
    ],
    "translation": [
      1.168506,
      0.968746245,
      -0.732158661
    ]
  },
  {
    "timeStamp": 4467,
    "rotation": [
      [
        -0.118111752,
        0.9000857,
        0.419398755
      ],
      [
        -0.437371165,
        -0.426334977,
        0.7917986
      ],
      [
        0.891490936,
        -0.0899121761,
        0.4440267
      ]
    ],
    "translation": [
      1.20221245,
      1.00136948,
      -0.757167757
    ]
  },
  {
    "timeStamp": 4511,
    "rotation": [
      [
        -0.124067284,
        0.8906185,
        0.4374997
      ],
      [
        -0.5344237,
        -0.4314701,
        0.7267908
      ],
      [
        0.836061358,
        -0.143639252,
        0.529498935
      ]
    ],
    "translation": [
      1.23580146,
      1.02003944,
      -0.76793474
    ]
  },
  {
    "timeStamp": 4567,
    "rotation": [
      [
        -0.08849429,
        0.8685407,
        0.487653315
      ],
      [
        -0.638892651,
        -0.425094217,
        0.641179442
      ],
      [
        0.764189065,
        -0.2548174,
        0.5925227
      ]
    ],
    "translation": [
      1.286623,
      1.04194844,
      -0.7606212
    ]
  },
  {
    "timeStamp": 4611,
    "rotation": [
      [
        -0.05503352,
        0.834983647,
        0.5475158
      ],
      [
        -0.726103,
        -0.409863681,
        0.552074432
      ],
      [
        0.68538,
        -0.367170274,
        0.6288404
      ]
    ],
    "translation": [
      1.33180952,
      1.05589652,
      -0.74576056
    ]
  },
  {
    "timeStamp": 4666,
    "rotation": [
      [
        -0.0208254214,
        0.764473855,
        0.6443182
      ],
      [
        -0.811462641,
        -0.389390945,
        0.435778677
      ],
      [
        0.584033132,
        -0.5137649,
        0.6284512
      ]
    ],
    "translation": [
      1.40161312,
      1.07547438,
      -0.71334213
    ]
  },
  {
    "timeStamp": 4711,
    "rotation": [
      [
        0.0133154038,
        0.699177,
        0.7148246
      ],
      [
        -0.857056558,
        -0.36025542,
        0.368334234
      ],
      [
        0.515050232,
        -0.6175496,
        0.5944373
      ]
    ],
    "translation": [
      1.4600271,
      1.08370435,
      -0.6884007
    ]
  },
  {
    "timeStamp": 4766,
    "rotation": [
      [
        0.05377413,
        0.6056588,
        0.7939054
      ],
      [
        -0.8941896,
        -0.3246652,
        0.3082491
      ],
      [
        0.444447219,
        -0.726477742,
        0.5241152
      ]
    ],
    "translation": [
      1.542317,
      1.09250367,
      -0.653798759
    ]
  },
  {
    "timeStamp": 4811,
    "rotation": [
      [
        0.1132326,
        0.537422061,
        0.8356769
      ],
      [
        -0.909129441,
        -0.283269674,
        0.3053554
      ],
      [
        0.400826663,
        -0.7943147,
        0.456510872
      ]
    ],
    "translation": [
      1.603066,
      1.09249723,
      -0.6342945
    ]
  },
  {
    "timeStamp": 4866,
    "rotation": [
      [
        0.16196695,
        0.421537071,
        0.8922294
      ],
      [
        -0.9128459,
        -0.279417932,
        0.2977215
      ],
      [
        0.3748055,
        -0.8626889,
        0.3395419
      ]
    ],
    "translation": [
      1.68629026,
      1.097319,
      -0.6080553
    ]
  },
  {
    "timeStamp": 4911,
    "rotation": [
      [
        0.183875591,
        0.3419505,
        0.921552837
      ],
      [
        -0.9234305,
        -0.261191338,
        0.281167656
      ],
      [
        0.336847037,
        -0.9026898,
        0.267740816
      ]
    ],
    "translation": [
      1.742099,
      1.098533,
      -0.59696734
    ]
  },
  {
    "timeStamp": 4966,
    "rotation": [
      [
        0.191452548,
        0.243099377,
        0.950919867
      ],
      [
        -0.932456732,
        -0.257381052,
        0.25353387
      ],
      [
        0.3063827,
        -0.9352313,
        0.17740339
      ]
    ],
    "translation": [
      1.81069243,
      1.10011971,
      -0.5839575
    ]
  },
  {
    "timeStamp": 5011,
    "rotation": [
      [
        0.185357124,
        0.179667518,
        0.9661068
      ],
      [
        -0.939388156,
        -0.256172717,
        0.2278715
      ],
      [
        0.2884313,
        -0.949786842,
        0.121294111
      ]
    ],
    "translation": [
      1.85477185,
      1.10222673,
      -0.5797306
    ]
  },
  {
    "timeStamp": 5066,
    "rotation": [
      [
        0.186112747,
        0.123811804,
        0.9746962
      ],
      [
        -0.942660451,
        -0.25722152,
        0.212669536
      ],
      [
        0.277043849,
        -0.9583881,
        0.06884028
      ]
    ],
    "translation": [
      1.90157938,
      1.10250282,
      -0.576428
    ]
  },
  {
    "timeStamp": 5111,
    "rotation": [
      [
        0.187455371,
        0.0903596058,
        0.978108168
      ],
      [
        -0.942613363,
        -0.263543636,
        0.204999462
      ],
      [
        0.276297837,
        -0.960406065,
        0.035771504
      ]
    ],
    "translation": [
      1.93113482,
      1.10213661,
      -0.57794255
    ]
  },
  {
    "timeStamp": 5166,
    "rotation": [
      [
        0.195785642,
        0.06988043,
        0.978153765
      ],
      [
        -0.9408419,
        -0.267914146,
        0.207457453
      ],
      [
        0.276558429,
        -0.960905135,
        0.0132926973
      ]
    ],
    "translation": [
      1.96020341,
      1.09785414,
      -0.5806929
    ]
  },
  {
    "timeStamp": 5211,
    "rotation": [
      [
        0.1976523,
        0.0556435063,
        0.978691638
      ],
      [
        -0.943036139,
        -0.261764735,
        0.205334082
      ],
      [
        0.267612457,
        -0.963526368,
        0.0007354396
      ]
    ],
    "translation": [
      1.97894573,
      1.09085381,
      -0.5852545
    ]
  },
  {
    "timeStamp": 5266,
    "rotation": [
      [
        0.185384229,
        0.03212241,
        0.982140958
      ],
      [
        -0.9480314,
        -0.257164985,
        0.187356859
      ],
      [
        0.2585906,
        -0.9658334,
        -0.01722128
      ]
    ],
    "translation": [
      1.99973476,
      1.08476031,
      -0.591936767
    ]
  },
  {
    "timeStamp": 5311,
    "rotation": [
      [
        0.1709377,
        0.01655799,
        0.9851427
      ],
      [
        -0.952348351,
        -0.253572971,
        0.169509336
      ],
      [
        0.2526123,
        -0.9671746,
        -0.0275762044
      ]
    ],
    "translation": [
      2.01259613,
      1.07954741,
      -0.5989839
    ]
  },
  {
    "timeStamp": 5373,
    "rotation": [
      [
        0.17434372,
        0.0108625013,
        0.984625
      ],
      [
        -0.9557621,
        -0.2387064,
        0.171866521
      ],
      [
        0.236903176,
        -0.97103107,
        -0.0312349945
      ]
    ],
    "translation": [
      2.02608943,
      1.0689919,
      -0.6090072
    ]
  },
  {
    "timeStamp": 5408,
    "rotation": [
      [
        0.206329137,
        0.0240085479,
        0.978188038
      ],
      [
        -0.951896667,
        -0.226528391,
        0.2063434
      ],
      [
        0.22654137,
        -0.97370857,
        -0.0238857511
      ]
    ],
    "translation": [
      2.03766561,
      1.06028438,
      -0.616692
    ]
  },
  {
    "timeStamp": 5461,
    "rotation": [
      [
        0.281325638,
        0.08627618,
        0.955726
      ],
      [
        -0.9249723,
        -0.240798652,
        0.294010639
      ],
      [
        0.255503654,
        -0.96673286,
        0.01206024
      ]
    ],
    "translation": [
      2.05589724,
      1.054714,
      -0.627580643
    ]
  },
  {
    "timeStamp": 5523,
    "rotation": [
      [
        0.364666939,
        0.2658829,
        0.892370045
      ],
      [
        -0.883921862,
        -0.202456877,
        0.4215369
      ],
      [
        0.292745918,
        -0.942506,
        0.161190376
      ]
    ],
    "translation": [
      2.06417036,
      1.04180574,
      -0.6515774
    ]
  },
  {
    "timeStamp": 5561,
    "rotation": [
      [
        0.496437758,
        0.419466376,
        0.7599983
      ],
      [
        -0.794678569,
        -0.132720649,
        0.5923438
      ],
      [
        0.3493358,
        -0.8980163,
        0.267453372
      ]
    ],
    "translation": [
      2.07978034,
      1.02448261,
      -0.6665487
    ]
  },
  {
    "timeStamp": 5616,
    "rotation": [
      [
        0.5972398,
        0.666471064,
        0.446229756
      ],
      [
        -0.6311599,
        0.04722881,
        0.7742136
      ],
      [
        0.494916081,
        -0.744033456,
        0.4488567
      ]
    ],
    "translation": [
      2.10428238,
      0.9911076,
      -0.7016571
    ]
  },
  {
    "timeStamp": 5661,
    "rotation": [
      [
        0.5938807,
        0.7808494,
        0.193855509
      ],
      [
        -0.52269125,
        0.191283956,
        0.830785334
      ],
      [
        0.611636758,
        -0.594714,
        0.521743
      ]
    ],
    "translation": [
      2.12665153,
      0.9766669,
      -0.7262753
    ]
  },
  {
    "timeStamp": 5716,
    "rotation": [
      [
        0.4933475,
        0.8466747,
        -0.199374571
      ],
      [
        -0.418882579,
        0.432136863,
        0.79862076
      ],
      [
        0.7623291,
        -0.310483,
        0.5678509
      ]
    ],
    "translation": [
      2.18165016,
      0.9704892,
      -0.7474601
    ]
  },
  {
    "timeStamp": 5760,
    "rotation": [
      [
        0.3509751,
        0.8480328,
        -0.3970603
      ],
      [
        -0.4725598,
        0.5264885,
        0.706751049
      ],
      [
        0.808395743,
        -0.0604172759,
        0.5855306
      ]
    ],
    "translation": [
      2.21038151,
      0.982418358,
      -0.7662762
    ]
  },
  {
    "timeStamp": 5816,
    "rotation": [
      [
        0.301898718,
        0.7525997,
        -0.585193038
      ],
      [
        -0.5058507,
        0.6467562,
        0.5708079
      ],
      [
        0.808067,
        0.123694114,
        0.5759579
      ]
    ],
    "translation": [
      2.24736047,
      0.999884,
      -0.7651887
    ]
  },
  {
    "timeStamp": 5861,
    "rotation": [
      [
        0.263474435,
        0.668554068,
        -0.69542557
      ],
      [
        -0.5226684,
        0.7048482,
        0.479590237
      ],
      [
        0.810801446,
        0.237117231,
        0.5351415
      ]
    ],
    "translation": [
      2.26166964,
      1.00795829,
      -0.749239564
    ]
  },
  {
    "timeStamp": 5917,
    "rotation": [
      [
        0.208487019,
        0.562083066,
        -0.800372243
      ],
      [
        -0.559962153,
        0.7395508,
        0.373506367
      ],
      [
        0.8018576,
        0.370306939,
        0.468931973
      ]
    ],
    "translation": [
      2.277051,
      1.02133536,
      -0.7362206
    ]
  },
  {
    "timeStamp": 5962,
    "rotation": [
      [
        0.1826459,
        0.472672939,
        -0.8621025
      ],
      [
        -0.5841161,
        0.757494032,
        0.291566819
      ],
      [
        0.7908532,
        0.4503145,
        0.414449066
      ]
    ],
    "translation": [
      2.28149939,
      1.02205849,
      -0.7215053
    ]
  },
  {
    "timeStamp": 6008,
    "rotation": [
      [
        0.143659517,
        0.369181544,
        -0.9181868
      ],
      [
        -0.621172249,
        0.755910933,
        0.206745565
      ],
      [
        0.770394,
        0.540651143,
        0.337919116
      ]
    ],
    "translation": [
      2.2895534,
      1.0242945,
      -0.7131369
    ]
  },
  {
    "timeStamp": 6065,
    "rotation": [
      [
        0.0983911455,
        0.290189445,
        -0.95189774
      ],
      [
        -0.662606835,
        0.7327744,
        0.154899761
      ],
      [
        0.7424765,
        0.6154932,
        0.26438
      ]
    ],
    "translation": [
      2.29397964,
      1.03759158,
      -0.6864071
    ]
  },
  {
    "timeStamp": 6110,
    "rotation": [
      [
        0.06444483,
        0.2350738,
        -0.969838738
      ],
      [
        -0.7100181,
        0.693715751,
        0.120965883
      ],
      [
        0.7012284,
        0.6808075,
        0.211613044
      ]
    ],
    "translation": [
      2.292937,
      1.02869344,
      -0.685808
    ]
  },
  {
    "timeStamp": 6166,
    "rotation": [
      [
        0.04486173,
        0.148033023,
        -0.9879644
      ],
      [
        -0.7539624,
        0.653818965,
        0.06372976
      ],
      [
        0.655384,
        0.742028952,
        0.140942767
      ]
    ],
    "translation": [
      2.29803085,
      1.0120796,
      -0.6872403
    ]
  },
  {
    "timeStamp": 6210,
    "rotation": [
      [
        0.0168934036,
        0.061608348,
        -0.997957468
      ],
      [
        -0.7734646,
        0.633305848,
        0.0260035917
      ],
      [
        0.6336143,
        0.771445453,
        0.05835057
      ]
    ],
    "translation": [
      2.30920267,
      0.998101532,
      -0.685776532
    ]
  },
  {
    "timeStamp": 6264,
    "rotation": [
      [
        0.009474206,
        0.0370979831,
        -0.9992667
      ],
      [
        -0.791558862,
        0.6109045,
        0.0151750622
      ],
      [
        0.6110195,
        0.7908346,
        0.0351530723
      ]
    ],
    "translation": [
      2.310497,
      0.984266341,
      -0.685647368
    ]
  },
  {
    "timeStamp": 6309,
    "rotation": [
      [
        0.0314128548,
        -0.00150817132,
        -0.9995054
      ],
      [
        -0.8249931,
        0.564507961,
        -0.02678001
      ],
      [
        0.5642691,
        0.8254263,
        0.0164885763
      ]
    ],
    "translation": [
      2.30646849,
      0.98123014,
      -0.686796665
    ]
  },
  {
    "timeStamp": 6360,
    "rotation": [
      [
        0.05409492,
        -0.0266309287,
        -0.998180568
      ],
      [
        -0.8536819,
        0.517319262,
        -0.0600658357
      ],
      [
        0.5179777,
        0.855378,
        0.005250005
      ]
    ],
    "translation": [
      2.3048172,
      0.9783744,
      -0.689372063
    ]
  },
  {
    "timeStamp": 6416,
    "rotation": [
      [
        0.0711703,
        -0.04315638,
        -0.9965301
      ],
      [
        -0.878858,
        0.469788432,
        -0.0831113458
      ],
      [
        0.4717451,
        0.881723464,
        -0.00449334551
      ]
    ],
    "translation": [
      2.30558157,
      0.9757106,
      -0.6931561
    ]
  },
  {
    "timeStamp": 6461,
    "rotation": [
      [
        0.0959289148,
        -0.05660902,
        -0.9937772
      ],
      [
        -0.8965208,
        0.428877383,
        -0.110971153
      ],
      [
        0.432490528,
        0.901587248,
        -0.009609421
      ]
    ],
    "translation": [
      2.3052206,
      0.973375261,
      -0.694105864
    ]
  },
  {
    "timeStamp": 6516,
    "rotation": [
      [
        0.0603992455,
        -0.0026185126,
        -0.998170853
      ],
      [
        -0.9105775,
        0.409503549,
        -0.0561732352
      ],
      [
        0.408901632,
        0.9123047,
        0.0223493483
      ]
    ],
    "translation": [
      2.29138827,
      0.9584994,
      -0.6953804
    ]
  },
  {
    "timeStamp": 6560,
    "rotation": [
      [
        0.0798394755,
        -0.0053973333,
        -0.996793151
      ],
      [
        -0.912996769,
        0.4009576,
        -0.07529876
      ],
      [
        0.4000782,
        0.9160807,
        0.0270844959
      ]
    ],
    "translation": [
      2.290238,
      0.9563235,
      -0.696136
    ]
  },
  {
    "timeStamp": 6616,
    "rotation": [
      [
        -0.100662343,
        0.08904242,
        -0.9909281
      ],
      [
        -0.8639041,
        0.48620072,
        0.131447583
      ],
      [
        0.493494362,
        0.869298756,
        0.0279820077
      ]
    ],
    "translation": [
      2.289664,
      0.9108751,
      -0.6938581
    ]
  },
  {
    "timeStamp": 6660,
    "rotation": [
      [
        -0.07276852,
        0.0608945973,
        -0.9954881
      ],
      [
        -0.8640938,
        0.494585723,
        0.09341791
      ],
      [
        0.498042852,
        0.86699295,
        0.0166283753
      ]
    ],
    "translation": [
      2.28710079,
      0.919955,
      -0.691533148
    ]
  },
  {
    "timeStamp": 6717,
    "rotation": [
      [
        -0.09767448,
        0.07862456,
        -0.9921078
      ],
      [
        -0.8509917,
        0.510276735,
        0.124220826
      ],
      [
        0.5160163,
        0.8564087,
        0.0170678347
      ]
    ],
    "translation": [
      2.28927469,
      0.9168684,
      -0.690705061
    ]
  },
  {
    "timeStamp": 6762,
    "rotation": [
      [
        -0.101695657,
        0.0980836,
        -0.9899685
      ],
      [
        -0.834650636,
        0.5330672,
        0.138555422
      ],
      [
        0.5413098,
        0.84036833,
        0.0276549179
      ]
    ],
    "translation": [
      2.29113054,
      0.9092144,
      -0.6935507
    ]
  },
  {
    "timeStamp": 6808,
    "rotation": [
      [
        -0.103188232,
        0.1081644,
        -0.988763154
      ],
      [
        -0.840502858,
        0.5220914,
        0.144829124
      ],
      [
        0.531890154,
        0.846002936,
        0.0370387957
      ]
    ],
    "translation": [
      2.291216,
      0.906061053,
      -0.6949454
    ]
  },
  {
    "timeStamp": 6864,
    "rotation": [
      [
        -0.08209726,
        0.130875751,
        -0.9879937
      ],
      [
        -0.8449598,
        0.5165489,
        0.138637125
      ],
      [
        0.528491259,
        0.846196651,
        0.0681775
      ]
    ],
    "translation": [
      2.291413,
      0.906683266,
      -0.702549
    ]
  },
  {
    "timeStamp": 6910,
    "rotation": [
      [
        -0.08599681,
        0.133514017,
        -0.987308741
      ],
      [
        -0.8538062,
        0.5008233,
        0.14209491
      ],
      [
        0.5134389,
        0.855190039,
        0.0709259
      ]
    ],
    "translation": [
      2.29000878,
      0.9001812,
      -0.709113836
    ]
  },
  {
    "timeStamp": 6965,
    "rotation": [
      [
        -0.09840991,
        0.08529619,
        -0.9914838
      ],
      [
        -0.871172,
        0.474197775,
        0.127263024
      ],
      [
        0.481014431,
        0.876276851,
        0.02764189
      ]
    ],
    "translation": [
      2.29089141,
      0.888602,
      -0.716918
    ]
  },
  {
    "timeStamp": 7010,
    "rotation": [
      [
        -0.06211549,
        0.0408888757,
        -0.997231066
      ],
      [
        -0.8665755,
        0.4934973,
        0.0742118
      ],
      [
        0.4951653,
        0.8687856,
        0.004779468
      ]
    ],
    "translation": [
      2.29279733,
      0.88795197,
      -0.7171161
    ]
  },
  {
    "timeStamp": 7065,
    "rotation": [
      [
        -0.00639424426,
        0.00119320094,
        -0.99997884
      ],
      [
        -0.869129062,
        0.494547129,
        0.00614764774
      ],
      [
        0.494544,
        0.86915,
        -0.00212520966
      ]
    ],
    "translation": [
      2.29291677,
      0.887625039,
      -0.717157
    ]
  },
  {
    "timeStamp": 7110,
    "rotation": [
      [
        0.0188296959,
        -0.0178236831,
        -0.9996638
      ],
      [
        -0.868181169,
        0.495607585,
        -0.0251896083
      ],
      [
        0.495889962,
        0.8683636,
        -0.0061420463
      ]
    ],
    "translation": [
      2.29232025,
      0.8872106,
      -0.717323244
    ]
  },
  {
    "timeStamp": 7165,
    "rotation": [
      [
        0.0396416746,
        -0.04124991,
        -0.9983621
      ],
      [
        -0.8678141,
        0.493850946,
        -0.0548627675
      ],
      [
        0.495305181,
        0.8685676,
        -0.0162201729
      ]
    ],
    "translation": [
      2.29197931,
      0.8867636,
      -0.7174197
    ]
  },
  {
    "timeStamp": 7210,
    "rotation": [
      [
        0.0498002134,
        -0.05437024,
        -0.9972783
      ],
      [
        -0.8673762,
        0.492680669,
        -0.07017368
      ],
      [
        0.495155036,
        0.86851,
        -0.0226238482
      ]
    ],
    "translation": [
      2.29178262,
      0.88659817,
      -0.717468858
    ]
  },
  {
    "timeStamp": 7265,
    "rotation": [
      [
        0.06058452,
        -0.0709715858,
        -0.995636761
      ],
      [
        -0.8656534,
        0.492883116,
        -0.0878090262
      ],
      [
        0.496964484,
        0.8671962,
        -0.03157571
      ]
    ],
    "translation": [
      2.291296,
      0.885863662,
      -0.717853
    ]
  },
  {
    "timeStamp": 7310,
    "rotation": [
      [
        0.0161893666,
        -0.05220999,
        -0.9985049
      ],
      [
        -0.903577566,
        0.426826715,
        -0.0369682349
      ],
      [
        0.428118646,
        0.902825058,
        -0.04026572
      ]
    ],
    "translation": [
      2.29178166,
      0.8783125,
      -0.7205586
    ]
  },
  {
    "timeStamp": 7365,
    "rotation": [
      [
        0.007734944,
        -0.0609236173,
        -0.99811244
      ],
      [
        -0.891308,
        0.4520836,
        -0.03450191
      ],
      [
        0.453332245,
        0.8898925,
        -0.05080487
      ]
    ],
    "translation": [
      2.29123259,
      0.878789365,
      -0.721556544
    ]
  },
  {
    "timeStamp": 7410,
    "rotation": [
      [
        -0.006928782,
        -0.0514777228,
        -0.9986501
      ],
      [
        -0.890106,
        0.455425054,
        -0.0173002481
      ],
      [
        0.455700845,
        0.8887846,
        -0.04897617
      ]
    ],
    "translation": [
      2.29126239,
      0.8785555,
      -0.7224605
    ]
  },
  {
    "timeStamp": 7465,
    "rotation": [
      [
        -0.03038172,
        -0.0239822641,
        -0.9992506
      ],
      [
        -0.8902732,
        0.455140531,
        0.01614483
      ],
      [
        0.454412282,
        0.8900966,
        -0.03517872
      ]
    ],
    "translation": [
      2.29197812,
      0.8786195,
      -0.722462952
    ]
  },
  {
    "timeStamp": 7510,
    "rotation": [
      [
        -0.0284896158,
        -0.0121020349,
        -0.999520838
      ],
      [
        -0.887096465,
        0.461163431,
        0.0197014622
      ],
      [
        0.460704029,
        0.887232661,
        -0.0238740426
      ]
    ],
    "translation": [
      2.2922802,
      0.879223943,
      -0.7226532
    ]
  },
  {
    "timeStamp": 7565,
    "rotation": [
      [
        -0.01212709,
        -0.00543268956,
        -0.9999117
      ],
      [
        -0.8826373,
        0.4699839,
        0.008151266
      ],
      [
        0.469898134,
        0.882658243,
        -0.0104946326
      ]
    ],
    "translation": [
      2.29288721,
      0.8777668,
      -0.724415362
    ]
  },
  {
    "timeStamp": 7609,
    "rotation": [
      [
        0.000660319754,
        -0.00412918,
        -0.999991238
      ],
      [
        -0.8780641,
        0.478536159,
        -0.00255578756
      ],
      [
        0.478542536,
        0.8780581,
        -0.00330969784
      ]
    ],
    "translation": [
      2.29289651,
      0.874697447,
      -0.7268912
    ]
  },
  {
    "timeStamp": 7665,
    "rotation": [
      [
        -0.0830601156,
        0.09466067,
        -0.9920385
      ],
      [
        -0.8861925,
        0.448307455,
        0.116975643
      ],
      [
        0.455811232,
        0.8888531,
        0.0466511063
      ]
    ],
    "translation": [
      2.286196,
      0.8514117,
      -0.736591339
    ]
  },
  {
    "timeStamp": 7709,
    "rotation": [
      [
        -0.08592677,
        0.08905963,
        -0.992312968
      ],
      [
        -0.894911,
        0.43086043,
        0.116162024
      ],
      [
        0.437893748,
        0.8980132,
        0.0426779948
      ]
    ],
    "translation": [
      2.28763056,
      0.8491561,
      -0.7344876
    ]
  },
  {
    "timeStamp": 7765,
    "rotation": [
      [
        -0.077899076,
        0.0872183,
        -0.9931388
      ],
      [
        -0.907168,
        0.406963855,
        0.106895678
      ],
      [
        0.413494855,
        0.909270763,
        0.04741954
      ]
    ],
    "translation": [
      2.28671,
      0.8496986,
      -0.7339849
    ]
  },
  {
    "timeStamp": 7810,
    "rotation": [
      [
        -0.07560781,
        0.08797416,
        -0.993249238
      ],
      [
        -0.9102918,
        0.400491148,
        0.104765281
      ],
      [
        0.407004148,
        0.912067652,
        0.0498019
      ]
    ],
    "translation": [
      2.28657866,
      0.8498532,
      -0.734131
    ]
  },
  {
    "timeStamp": 7865,
    "rotation": [
      [
        -0.07522399,
        0.08298971,
        -0.99370724
      ],
      [
        -0.906961,
        0.4084846,
        0.10277196
      ],
      [
        0.414443135,
        0.908984661,
        0.0445405878
      ]
    ],
    "translation": [
      2.28641319,
      0.849588752,
      -0.7340188
    ]
  },
  {
    "timeStamp": 7910,
    "rotation": [
      [
        -0.08876155,
        0.0935423151,
        -0.99165076
      ],
      [
        -0.912784159,
        0.390852928,
        0.1185714
      ],
      [
        0.398681,
        0.9156877,
        0.0506912246
      ]
    ],
    "translation": [
      2.287416,
      0.843752265,
      -0.736024141
    ]
  },
  {
    "timeStamp": 7965,
    "rotation": [
      [
        -0.103819229,
        0.0899714455,
        -0.990518451
      ],
      [
        -0.8996224,
        0.4162089,
        0.132097512
      ],
      [
        0.424147576,
        0.9048068,
        0.03772984
      ]
    ],
    "translation": [
      2.287162,
      0.8395775,
      -0.7378069
    ]
  },
  {
    "timeStamp": 8010,
    "rotation": [
      [
        -0.100635156,
        0.08531182,
        -0.991259038
      ],
      [
        -0.9146554,
        0.3841228,
        0.125917345
      ],
      [
        0.391507417,
        0.919332147,
        0.03937466
      ]
    ],
    "translation": [
      2.28727579,
      0.8362873,
      -0.740111351
    ]
  },
  {
    "timeStamp": 8065,
    "rotation": [
      [
        -0.113935061,
        0.06742089,
        -0.9911979
      ],
      [
        -0.9070742,
        0.399915755,
        0.131467432
      ],
      [
        0.4052593,
        0.9140688,
        0.0155913271
      ]
    ],
    "translation": [
      2.28778315,
      0.8274907,
      -0.744681
    ]
  },
  {
    "timeStamp": 8109,
    "rotation": [
      [
        -0.0670576841,
        0.0270675663,
        -0.9973819
      ],
      [
        -0.890952945,
        0.448340148,
        0.0720694
      ],
      [
        0.449117064,
        0.8934531,
        -0.00594872236
      ]
    ],
    "translation": [
      2.28975344,
      0.824445069,
      -0.7429929
    ]
  },
  {
    "timeStamp": 8165,
    "rotation": [
      [
        -0.0424914323,
        0.006855722,
        -0.9990733
      ],
      [
        -0.891875267,
        0.450417131,
        0.04102301
      ],
      [
        0.450281,
        0.8927919,
        -0.0130244205
      ]
    ],
    "translation": [
      2.29226017,
      0.8242161,
      -0.742924452
    ]
  },
  {
    "timeStamp": 8209,
    "rotation": [
      [
        -0.04108487,
        0.005282385,
        -0.9991417
      ],
      [
        -0.8923387,
        0.449672222,
        0.0390705
      ],
      [
        0.449492633,
        0.893178046,
        -0.0137610491
      ]
    ],
    "translation": [
      2.29228067,
      0.8243273,
      -0.7428835
    ]
  },
  {
    "timeStamp": 8265,
    "rotation": [
      [
        -0.0354978964,
        0.00110959588,
        -0.999369144
      ],
      [
        -0.8923533,
        0.450187624,
        0.0321965031
      ],
      [
        0.44993937,
        0.892933249,
        -0.0149905626
      ]
    ],
    "translation": [
      2.29233432,
      0.8241443,
      -0.742947
    ]
  },
  {
    "timeStamp": 8309,
    "rotation": [
      [
        -0.02561432,
        -0.00507129775,
        -0.999659
      ],
      [
        -0.8929722,
        0.449640185,
        0.02059964
      ],
      [
        0.4493824,
        0.893195331,
        -0.0160457566
      ]
    ],
    "translation": [
      2.29245853,
      0.824069142,
      -0.743017435
    ]
  },
  {
    "timeStamp": 8365,
    "rotation": [
      [
        -0.01165524,
        -0.006159465,
        -0.9999131
      ],
      [
        -0.8932066,
        0.4495815,
        0.00764202
      ],
      [
        0.449495375,
        0.8932181,
        -0.0107416548
      ]
    ],
    "translation": [
      2.292676,
      0.824019551,
      -0.7429697
    ]
  },
  {
    "timeStamp": 8409,
    "rotation": [
      [
        -0.007066471,
        -0.00583450962,
        -0.999958038
      ],
      [
        -0.893310666,
        0.449424624,
        0.00369053637
      ],
      [
        0.4493842,
        0.8932992,
        -0.008387876
      ]
    ],
    "translation": [
      2.29272032,
      0.8239184,
      -0.7430119
    ]
  },
  {
    "timeStamp": 8465,
    "rotation": [
      [
        -0.00182627689,
        -0.002429079,
        -0.999995351
      ],
      [
        -0.897909,
        0.440180749,
        0.0005705992
      ],
      [
        0.440177351,
        0.8979059,
        -0.00298498385
      ]
    ],
    "translation": [
      2.29285359,
      0.8219117,
      -0.743480742
    ]
  },
  {
    "timeStamp": 8509,
    "rotation": [
      [
        -0.02922188,
        0.0413514264,
        -0.998717248
      ],
      [
        -0.88644433,
        0.460641384,
        0.0450094864
      ],
      [
        0.461911678,
        0.886622548,
        0.0231949333
      ]
    ],
    "translation": [
      2.289565,
      0.809336364,
      -0.744792759
    ]
  },
  {
    "timeStamp": 8563,
    "rotation": [
      [
        -0.03745375,
        0.0515160337,
        -0.9979696
      ],
      [
        -0.90015924,
        0.431935757,
        0.0560798161
      ],
      [
        0.433947742,
        0.900431931,
        0.0301950183
      ]
    ],
    "translation": [
      2.28840446,
      0.8076568,
      -0.7450218
    ]
  },
  {
    "timeStamp": 8608,
    "rotation": [
      [
        -0.043551594,
        0.0611138456,
        -0.997180164
      ],
      [
        -0.904095232,
        0.422302,
        0.06536761
      ],
      [
        0.425106049,
        0.90439266,
        0.036860805
      ]
    ],
    "translation": [
      2.286075,
      0.806341052,
      -0.745840251
    ]
  },
  {
    "timeStamp": 8663,
    "rotation": [
      [
        -0.041349113,
        0.06699315,
        -0.996896267
      ],
      [
        -0.9048923,
        0.420524925,
        0.0657929853
      ],
      [
        0.423627377,
        0.9048042,
        0.04323325
      ]
    ],
    "translation": [
      2.28610873,
      0.8060838,
      -0.7470593
    ]
  },
  {
    "timeStamp": 8707,
    "rotation": [
      [
        -0.0400233,
        0.0658431053,
        -0.997027
      ],
      [
        -0.905807,
        0.418825835,
        0.0640205145
      ],
      [
        0.421795964,
        0.9056763,
        0.0428783558
      ]
    ],
    "translation": [
      2.28592134,
      0.8063143,
      -0.746849537
    ]
  },
  {
    "timeStamp": 8763,
    "rotation": [
      [
        -0.0375151634,
        0.062367335,
        -0.997347951
      ],
      [
        -0.9047918,
        0.421549946,
        0.06039453
      ],
      [
        0.4241986,
        0.9046579,
        0.0406149365
      ]
    ],
    "translation": [
      2.28534245,
      0.807023764,
      -0.7469018
    ]
  },
  {
    "timeStamp": 8808,
    "rotation": [
      [
        -0.0378255956,
        0.0661730245,
        -0.997090936
      ],
      [
        -0.9071881,
        0.416127115,
        0.0620317757
      ],
      [
        0.4190214,
        0.906895459,
        0.0442911275
      ]
    ],
    "translation": [
      2.28519678,
      0.806122541,
      -0.7472041
    ]
  },
  {
    "timeStamp": 8863,
    "rotation": [
      [
        -0.0392853431,
        0.06652817,
        -0.9970109
      ],
      [
        -0.9135261,
        0.4019011,
        0.06281369
      ],
      [
        0.404878616,
        0.9132631,
        0.044986397
      ]
    ],
    "translation": [
      2.28510118,
      0.8051088,
      -0.7468084
    ]
  },
  {
    "timeStamp": 8907,
    "rotation": [
      [
        -0.04427013,
        0.0580036826,
        -0.997334361
      ],
      [
        -0.9159616,
        0.396177739,
        0.0636993051
      ],
      [
        0.398816437,
        0.916339934,
        0.0355903022
      ]
    ],
    "translation": [
      2.28465,
      0.8030567,
      -0.745630145
    ]
  },
  {
    "timeStamp": 8964,
    "rotation": [
      [
        -0.04343012,
        0.0516053662,
        -0.9977228
      ],
      [
        -0.923505366,
        0.378895968,
        0.0597971827
      ],
      [
        0.381118983,
        0.9239993,
        0.0312023349
      ]
    ],
    "translation": [
      2.2847693,
      0.80317837,
      -0.7436211
    ]
  },
  {
    "timeStamp": 9009,
    "rotation": [
      [
        -0.045404397,
        0.04531156,
        -0.9979406
      ],
      [
        -0.9293868,
        0.364388734,
        0.05883043
      ],
      [
        0.366304,
        0.9301439,
        0.0255671144
      ]
    ],
    "translation": [
      2.284326,
      0.802106857,
      -0.7418271
    ]
  },
  {
    "timeStamp": 9064,
    "rotation": [
      [
        -0.0482643321,
        0.0434688926,
        -0.997888267
      ],
      [
        -0.9334479,
        0.353565842,
        0.06054922
      ],
      [
        0.355451226,
        0.934399068,
        0.0235113241
      ]
    ],
    "translation": [
      2.28420043,
      0.801121,
      -0.7408693
    ]
  },
  {
    "timeStamp": 9109,
    "rotation": [
      [
        -0.0481297523,
        0.0367224477,
        -0.998165846
      ],
      [
        -0.9376741,
        0.342671961,
        0.05781983
      ],
      [
        0.344166726,
        0.938737154,
        0.017940972
      ]
    ],
    "translation": [
      2.28370643,
      0.8002169,
      -0.7397235
    ]
  },
  {
    "timeStamp": 9164,
    "rotation": [
      [
        -0.05262822,
        0.03356797,
        -0.9980498
      ],
      [
        -0.9435573,
        0.3255986,
        0.06070581
      ],
      [
        0.3270014,
        0.944912,
        0.0145376269
      ]
    ],
    "translation": [
      2.28363037,
      0.799030542,
      -0.738024831
    ]
  },
  {
    "timeStamp": 9210,
    "rotation": [
      [
        -0.05179319,
        0.038520433,
        -0.9979146
      ],
      [
        -0.9459469,
        0.318458766,
        0.0613887943
      ],
      [
        0.320159376,
        0.947153747,
        0.019944286
      ]
    ],
    "translation": [
      2.28422785,
      0.798621,
      -0.737582564
    ]
  },
  {
    "timeStamp": 9265,
    "rotation": [
      [
        -0.0500793047,
        0.0443805121,
        -0.9977587
      ],
      [
        -0.9466075,
        0.316450983,
        0.061587736
      ],
      [
        0.318475038,
        0.947570145,
        0.0261632781
      ]
    ],
    "translation": [
      2.28477144,
      0.7987035,
      -0.7376636
    ]
  },
  {
    "timeStamp": 9309,
    "rotation": [
      [
        -0.0563614741,
        0.0549748465,
        -0.99689573
      ],
      [
        -0.93912673,
        0.3360219,
        0.0716256648
      ],
      [
        0.338916421,
        0.94024837,
        0.0326896571
      ]
    ],
    "translation": [
      2.28586555,
      0.800257742,
      -0.7351232
    ]
  },
  {
    "timeStamp": 9364,
    "rotation": [
      [
        -0.0557671525,
        0.07159719,
        -0.995873451
      ],
      [
        -0.9366389,
        0.3417247,
        0.07701804
      ],
      [
        0.3458288,
        0.9370689,
        0.0480037034
      ]
    ],
    "translation": [
      2.28709269,
      0.8009646,
      -0.7297779
    ]
  },
  {
    "timeStamp": 9409,
    "rotation": [
      [
        -0.0561823957,
        0.0743769854,
        -0.9956463
      ],
      [
        -0.936017,
        0.343100846,
        0.07844802
      ],
      [
        0.347441822,
        0.9363492,
        0.050341893
      ]
    ],
    "translation": [
      2.28753281,
      0.80110836,
