[
  {
    "timeStamp": 65183,
    "rotation": [
      [
        -0.14718008,
        0.988002241,
        0.0467929281
      ],
      [
        -0.130276814,
        -0.06625954,
        0.98926115
      ],
      [
        0.9804927,
        0.139503509,
        0.138465852
      ]
    ],
    "translation": [
      1.3121866,
      0.698791265,
      -0.7593375
    ]
  },
  {
    "timeStamp": 65227,
    "rotation": [
      [
        -0.111336105,
        0.991530955,
        0.06686215
      ],
      [
        -0.08533855,
        -0.07657096,
        0.993405342
      ],
      [
        0.9901119,
        0.104895942,
        0.09314093
      ]
    ],
    "translation": [
      1.311264,
      0.703370333,
      -0.758938134
    ]
  },
  {
    "timeStamp": 65283,
    "rotation": [
      [
        -0.13794674,
        0.965070665,
        0.22273162
      ],
      [
        -0.178845733,
        -0.2454562,
        0.952767253
      ],
      [
        0.9741586,
        0.09159653,
        0.206458643
      ]
    ],
    "translation": [
      1.30340838,
      0.7309357,
      -0.7755992
    ]
  },
  {
    "timeStamp": 65327,
    "rotation": [
      [
        -0.140341073,
        0.9512938,
        0.2744894
      ],
      [
        -0.203694448,
        -0.299043477,
        0.932245433
      ],
      [
        0.9689236,
        0.07492035,
        0.235741347
      ]
    ],
    "translation": [
      1.31245422,
      0.756499946,
      -0.782137454
    ]
  },
  {
    "timeStamp": 65383,
    "rotation": [
      [
        -0.1376327,
        0.937440336,
        0.319785655
      ],
      [
        -0.231546268,
        -0.344363868,
        0.9098351
      ],
      [
        0.963038743,
        0.0511779,
        0.26445654
      ]
    ],
    "translation": [
      1.334508,
      0.7862493,
      -0.7877107
    ]
  },
  {
    "timeStamp": 65427,
    "rotation": [
      [
        -0.14304091,
        0.9303599,
        0.337594122
      ],
      [
        -0.263306916,
        -0.364581555,
        0.8931684
      ],
      [
        0.954048634,
        0.0388687551,
        0.297120273
      ]
    ],
    "translation": [
      1.35942018,
      0.8064062,
      -0.7937814
    ]
  },
  {
    "timeStamp": 65483,
    "rotation": [
      [
        -0.135690123,
        0.922527254,
        0.361291647
      ],
      [
        -0.282969147,
        -0.385560364,
        0.878220737
      ],
      [
        0.9494823,
        0.0169314854,
        0.313363463
      ]
    ],
    "translation": [
      1.39627635,
      0.829137862,
      -0.797308147
    ]
  },
  {
    "timeStamp": 65527,
    "rotation": [
      [
        -0.105730779,
        0.9199989,
        0.377389729
      ],
      [
        -0.289706141,
        -0.391552448,
        0.8733596
      ],
      [
        0.951257765,
        -0.0169911366,
        0.307928473
      ]
    ],
    "translation": [
      1.4281162,
      0.8430876,
      -0.794299841
    ]
  },
  {
    "timeStamp": 65583,
    "rotation": [
      [
        -0.0445164256,
        0.914443731,
        0.402257264
      ],
      [
        -0.309595168,
        -0.395460963,
        0.864732
      ],
      [
        0.9498258,
        -0.08604211,
        0.3007119
      ]
    ],
    "translation": [
      1.470024,
      0.8584965,
      -0.786554
    ]
  },
  {
    "timeStamp": 65627,
    "rotation": [
      [
        0.0247078538,
        0.9009546,
        0.4332094
      ],
      [
        -0.306649864,
        -0.405620843,
        0.8610677
      ],
      [
        0.951501667,
        -0.154118732,
        0.2662556
      ]
    ],
    "translation": [
      1.5050633,
      0.872137845,
      -0.77393496
    ]
  },
  {
    "timeStamp": 65683,
    "rotation": [
      [
        0.13115631,
        0.871500134,
        0.472530961
      ],
      [
        -0.294277877,
        -0.4209387,
        0.858027458
      ],
      [
        0.9466776,
        -0.251591146,
        0.201254442
      ]
    ],
    "translation": [
      1.55222571,
      0.8891708,
      -0.750896335
    ]
  },
  {
    "timeStamp": 65727,
    "rotation": [
      [
        0.2429222,
        0.828638554,
        0.504328251
      ],
      [
        -0.2819319,
        -0.437148571,
        0.854058266
      ],
      [
        0.928172,
        -0.349655926,
        0.127426565
      ]
    ],
    "translation": [
      1.59452868,
      0.9035465,
      -0.726352
    ]
  },
  {
    "timeStamp": 65783,
    "rotation": [
      [
        0.39925018,
        0.751682162,
        0.5249507
      ],
      [
        -0.239363611,
        -0.467249542,
        0.8511069
      ],
      [
        0.885044754,
        -0.465458661,
        -0.006624111
      ]
    ],
    "translation": [
      1.65539658,
      0.9219923,
      -0.687741
    ]
  },
  {
    "timeStamp": 65827,
    "rotation": [
      [
        0.52403605,
        0.673928261,
        0.5207753
      ],
      [
        -0.209504366,
        -0.49066925,
        0.8457846
      ],
      [
        0.825526536,
        -0.5523263,
        -0.115937456
      ]
    ],
    "translation": [
      1.71162653,
      0.9359548,
      -0.656917453
    ]
  },
  {
    "timeStamp": 65883,
    "rotation": [
      [
        0.672953,
        0.5542421,
        0.489846826
      ],
      [
        -0.175387666,
        -0.523790538,
        0.83359617
      ],
      [
        0.7185913,
        -0.646884143,
        -0.2552792
      ]
    ],
    "translation": [
      1.78879,
      0.952222168,
      -0.620669961
    ]
  },
  {
    "timeStamp": 65927,
    "rotation": [
      [
        0.7751153,
        0.455898374,
        0.437439
      ],
      [
        -0.1387902,
        -0.552578151,
        0.821824
      ],
      [
        0.6163874,
        -0.697720647,
        -0.365037531
      ]
    ],
    "translation": [
      1.8557353,
      0.9632822,
      -0.5964926
    ]
  },
  {
    "timeStamp": 65983,
    "rotation": [
      [
        0.8754519,
        0.3297275,
        0.353360444
      ],
      [
        -0.109929875,
        -0.576119065,
        0.8099396
      ],
      [
        0.4706371,
        -0.7479081,
        -0.468117654
      ]
    ],
    "translation": [
      1.93990016,
      0.9695107,
      -0.5753697
    ]
  },
  {
    "timeStamp": 66027,
    "rotation": [
      [
        0.927199841,
        0.252661258,
        0.276518852
      ],
      [
        -0.0859711,
        -0.5749771,
        0.8136402
      ],
      [
        0.364567339,
        -0.7781797,
        -0.5113971
      ]
    ],
    "translation": [
      2.001316,
      0.9631211,
      -0.5660882
    ]
  },
  {
    "timeStamp": 66077,
    "rotation": [
      [
        0.952219963,
        0.209320739,
        0.222400576
      ],
      [
        -0.08242395,
        -0.525048435,
        0.8470717
      ],
      [
        0.294080734,
        -0.8249297,
        -0.4827085
      ]
    ],
    "translation": [
      2.04895639,
      0.938729048,
      -0.5647197
    ]
  },
  {
    "timeStamp": 66133,
    "rotation": [
      [
        0.966294169,
        0.195924446,
        0.167000249
      ],
      [
        -0.0620119572,
        -0.452452838,
        0.889629662
      ],
      [
        0.249859929,
        -0.87,
        -0.4250529
      ]
    ],
    "translation": [
      2.09670234,
      0.893979669,
      -0.5685695
    ]
  },
  {
    "timeStamp": 66177,
    "rotation": [
      [
        0.963892341,
        0.20698081,
        0.167542756
      ],
      [
        -0.07306823,
        -0.399445146,
        0.9138406
      ],
      [
        0.2560716,
        -0.893086,
        -0.369898379
      ]
    ],
    "translation": [
      2.11069727,
      0.864249945,
      -0.572928369
    ]
  },
  {
    "timeStamp": 66233,
    "rotation": [
      [
        0.965989232,
        0.193932191,
        0.1710411
      ],
      [
        -0.08921003,
        -0.3709048,
        0.92437613
      ],
      [
        0.242706254,
        -0.908196,
        -0.340989351
      ]
    ],
    "translation": [
      2.11982417,
      0.8360468,
      -0.5739948
    ]
  },
  {
    "timeStamp": 66278,
    "rotation": [
      [
        0.959544063,
        0.223035336,
        0.1718442
      ],
      [
        -0.09183855,
        -0.3290234,
        0.9398454
      ],
      [
        0.266159475,
        -0.917605,
        -0.2952292
      ]
    ],
    "translation": [
      2.11920738,
      0.8144128,
      -0.5769901
    ]
  },
  {
    "timeStamp": 66333,
    "rotation": [
      [
        0.954000354,
        0.239173934,
        0.180773735
      ],
      [
        -0.101577535,
        -0.3094488,
        0.9454752
      ],
      [
        0.282073259,
        -0.92034626,
        -0.270919561
      ]
    ],
    "translation": [
      2.11667061,
      0.796580732,
      -0.5796785
    ]
  },
  {
    "timeStamp": 66377,
    "rotation": [
      [
        0.9527211,
        0.23408401,
        0.193719313
      ],
      [
        -0.118668862,
        -0.300262183,
        0.9464461
      ],
      [
        0.279714525,
        -0.9246877,
        -0.258287638
      ]
    ],
    "translation": [
      2.11207151,
      0.78912425,
      -0.579682946
    ]
  },
  {
    "timeStamp": 66433,
    "rotation": [
      [
        0.948968768,
        0.253659248,
        0.187390581
      ],
      [
        -0.10573779,
        -0.3038868,
        0.9468222
      ],
      [
        0.2971157,
        -0.918319,
        -0.261557728
      ]
    ],
    "translation": [
      2.10755134,
      0.786374152,
      -0.5788751
    ]
  }
]