[
  {
    "timeStamp": 62403,
    "rotation": [
      [
        0.956286132,
        -0.2887226,
        0.0464336947
      ],
      [
        -0.0370221362,
        0.0379762,
        0.9985926
      ],
      [
        -0.290079623,
        -0.9566593,
        0.0256269872
      ]
    ],
    "translation": [
      1.756852,
      0.696255147,
      -0.240653917
    ]
  },
  {
    "timeStamp": 62450,
    "rotation": [
      [
        0.9567131,
        -0.288469076,
        0.03854551
      ],
      [
        -0.0357474834,
        0.0149633884,
        0.9992488
      ],
      [
        -0.288829148,
        -0.9573723,
        0.00400362629
      ]
    ],
    "translation": [
      1.75680733,
      0.70243,
      -0.240699977
    ]
  },
  {
    "timeStamp": 62507,
    "rotation": [
      [
        0.9621123,
        -0.272629052,
        -0.00363763585
      ],
      [
        0.020926537,
        0.0605346821,
        0.9979467
      ],
      [
        -0.271849036,
        -0.960212946,
        0.063946344
      ]
    ],
    "translation": [
      1.75781322,
      0.7084341,
      -0.2553977
    ]
  },
  {
    "timeStamp": 62551,
    "rotation": [
      [
        0.9671673,
        -0.25192678,
        0.0334698223
      ],
      [
        -0.0328839272,
        0.0065366053,
        0.9994378
      ],
      [
        -0.2520039,
        -0.9677242,
        -0.00196235022
      ]
    ],
    "translation": [
      1.75310564,
      0.737894833,
      -0.262666374
    ]
  },
  {
    "timeStamp": 62606,
    "rotation": [
      [
        0.964612544,
        -0.2438374,
        0.100329258
      ],
      [
        -0.11570093,
        -0.04952091,
        0.99204886
      ],
      [
        -0.2369302,
        -0.968551,
        -0.07598071
      ]
    ],
    "translation": [
      1.7525692,
      0.782133341,
      -0.278883636
    ]
  },
  {
    "timeStamp": 62651,
    "rotation": [
      [
        0.9588228,
        -0.246647775,
        0.140796691
      ],
      [
        -0.169962317,
        -0.101149887,
        0.98024565
      ],
      [
        -0.227533847,
        -0.963812,
        -0.138905644
      ]
    ],
    "translation": [
      1.762373,
      0.8197444,
      -0.2993778
    ]
  },
  {
    "timeStamp": 62706,
    "rotation": [
      [
        0.946015656,
        -0.270720333,
        0.178227067
      ],
      [
        -0.225281075,
        -0.153859034,
        0.9620685
      ],
      [
        -0.233029634,
        -0.9502831,
        -0.206541225
      ]
    ],
    "translation": [
      1.786829,
      0.8655633,
      -0.328674376
    ]
  },
  {
    "timeStamp": 62751,
    "rotation": [
      [
        0.9346327,
        -0.3022246,
        0.187408671
      ],
      [
        -0.2488239,
        -0.179273918,
        0.951812744
      ],
      [
        -0.254063725,
        -0.9362271,
        -0.242755979
      ]
    ],
    "translation": [
      1.81676984,
      0.8937309,
      -0.354684621
    ]
  },
  {
    "timeStamp": 62806,
    "rotation": [
      [
        0.9170242,
        -0.3630715,
        0.1650625
      ],
      [
        -0.249771342,
        -0.200145364,
        0.9473944
      ],
      [
        -0.3109354,
        -0.9100115,
        -0.274223
      ]
    ],
    "translation": [
      1.87068069,
      0.920384049,
      -0.383641422
    ]
  },
  {
    "timeStamp": 62851,
    "rotation": [
      [
        0.896619856,
        -0.4224959,
        0.132552192
      ],
      [
        -0.237758324,
        -0.206818834,
        0.949050546
      ],
      [
        -0.37355566,
        -0.882452965,
        -0.285889775
      ]
    ],
    "translation": [
      1.9209646,
      0.93483007,
      -0.405967265
    ]
  },
  {
    "timeStamp": 62906,
    "rotation": [
      [
        0.8747754,
        -0.480816841,
        0.059859775
      ],
      [
        -0.186874509,
        -0.220817477,
        0.957244754
      ],
      [
        -0.4470413,
        -0.848560452,
        -0.283018082
      ]
    ],
    "translation": [
      1.99116349,
      0.9436838,
      -0.432877183
    ]
  },
  {
    "timeStamp": 62958,
    "rotation": [
      [
        0.8579886,
        -0.5126076,
        0.0330020152
      ],
      [
        -0.149810061,
        -0.188258424,
        0.9706265
      ],
      [
        -0.491337568,
        -0.837730467,
        -0.238317341
      ]
    ],
    "translation": [
      2.039009,
      0.938569963,
      -0.456142277
    ]
  },
  {
    "timeStamp": 63001,
    "rotation": [
      [
        0.8418337,
        -0.539721966,
        0.004030736
      ],
      [
        -0.09787958,
        -0.145315453,
        0.9845319
      ],
      [
        -0.530787766,
        -0.829206645,
        -0.1751592
      ]
    ],
    "translation": [
      2.09193063,
      0.924508452,
      -0.4822573
    ]
  },
  {
    "timeStamp": 63057,
    "rotation": [
      [
        0.8455842,
        -0.525897,
        -0.09175888
      ],
      [
        0.0306866672,
        -0.123716682,
        0.991843
      ],
      [
        -0.5329594,
        -0.841502547,
        -0.08847484
      ]
    ],
    "translation": [
      2.13884878,
      0.8956652,
      -0.5077354
    ]
  },
  {
    "timeStamp": 63102,
    "rotation": [
      [
        0.847880661,
        -0.522599757,
        -0.0893757343
      ],
      [
        0.07137689,
        -0.05452624,
        0.995958
      ],
      [
        -0.525360644,
        -0.8508328,
        -0.008930199
      ]
    ],
    "translation": [
      2.16197,
      0.869178832,
      -0.523016632
    ]
  },
  {
    "timeStamp": 63157,
    "rotation": [
      [
        0.850374162,
        -0.4983327,
        -0.168903336
      ],
      [
        0.172606677,
        -0.0390446335,
        0.9842167
      ],
      [
        -0.497062117,
        -0.8661063,
        0.0528130047
      ]
    ],
    "translation": [
      2.19083881,
      0.840199649,
      -0.53567487
    ]
  },
  {
    "timeStamp": 63201,
    "rotation": [
      [
        0.849911153,
        -0.502284,
        -0.159254283
      ],
      [
        0.17880711,
        -0.009378147,
        0.983839452
      ],
      [
        -0.4956603,
        -0.8646519,
        0.08184136
      ]
    ],
    "translation": [
      2.20369816,
      0.821825564,
      -0.538318455
    ]
  },
  {
    "timeStamp": 63257,
    "rotation": [
      [
        0.8585317,
        -0.461905181,
        -0.222636357
      ],
      [
        0.254091173,
        0.006105422,
        0.967161
      ],
      [
        -0.44537738,
        -0.8869083,
        0.12260773
      ]
    ],
    "translation": [
      2.21886563,
      0.7984733,
      -0.5418864
    ]
  },
  {
    "timeStamp": 63301,
    "rotation": [
      [
        0.86093843,
        -0.450965345,
        -0.23540473
      ],
      [
        0.276180148,
        0.0257366449,
        0.960761249
      ],
      [
        -0.4272115,
        -0.89217037,
        0.146705329
      ]
    ],
    "translation": [
      2.22566271,
      0.7845014,
      -0.5405174
    ]
  },
  {
    "timeStamp": 63357,
    "rotation": [
      [
        0.854648769,
        -0.417436063,
        -0.3087436
      ],
      [
        0.352161944,
        0.02910464,
        0.935486436
      ],
      [
        -0.3815199,
        -0.9082401,
        0.171879351
      ]
    ],
    "translation": [
      2.23949575,
      0.76694864,
      -0.5411714
    ]
  },
  {
    "timeStamp": 63402,
    "rotation": [
      [
        0.862956166,
        -0.4037677,
        -0.303773284
      ],
      [
        0.357277,
        0.0624767579,
        0.9319065
      ],
      [
        -0.357294977,
        -0.912725747,
        0.198171616
      ]
    ],
    "translation": [
      2.24139023,
      0.754154444,
      -0.5409159
    ]
  },
  {
    "timeStamp": 63448,
    "rotation": [
      [
        0.866539,
        -0.374972522,
        -0.329402059
      ],
      [
        0.383702517,
        0.07841453,
        0.9201215
      ],
      [
        -0.319190383,
        -0.923713565,
        0.211827159
      ]
    ],
    "translation": [
      2.24158931,
      0.744692445,
      -0.5402396
    ]
  },
  {
    "timeStamp": 63504,
    "rotation": [
      [
        0.873930335,
        -0.3555103,
        -0.331448436
      ],
      [
        0.388881445,
        0.102348909,
        0.915585
      ],
      [
        -0.2915765,
        -0.9290517,
        0.2276972
      ]
    ],
    "translation": [
      2.240328,
      0.7404732,
      -0.541343
    ]
  }
]