[
  {
    "timeStamp": 72935,
    "rotation": [
      [
        0.7923017,
        0.6057478,
        -0.0729900151
      ],
      [
        -0.5056193,
        0.7188265,
        0.4771138
      ],
      [
        0.3414778,
        -0.341112942,
        0.8758053
      ]
    ],
    "translation": [
      1.63059485,
      0.7072692,
      -0.278803259
    ]
  },
  {
    "timeStamp": 72979,
    "rotation": [
      [
        0.7974725,
        0.6026573,
        -0.02901432
      ],
      [
        -0.487588525,
        0.6720388,
        0.5573341
      ],
      [
        0.355380237,
        -0.430311561,
        0.8297812
      ]
    ],
    "translation": [
      1.63240683,
      0.723808,
      -0.27410683
    ]
  },
  {
    "timeStamp": 73035,
    "rotation": [
      [
        0.7656429,
        0.642476559,
        0.03185531
      ],
      [
        -0.5217118,
        0.5912325,
        0.615029156
      ],
      [
        0.376307935,
        -0.487512,
        0.787860632
      ]
    ],
    "translation": [
      1.62937379,
      0.7574901,
      -0.2802
    ]
  },
  {
    "timeStamp": 73079,
    "rotation": [
      [
        0.745274,
        0.666331768,
        0.0238463357
      ],
      [
        -0.5022527,
        0.5375149,
        0.6773625
      ],
      [
        0.4385304,
        -0.516797543,
        0.7352628
      ]
    ],
    "translation": [
      1.62969661,
      0.7892141,
      -0.296094626
    ]
  },
  {
    "timeStamp": 73135,
    "rotation": [
      [
        0.7012115,
        0.7118487,
        0.0396724679
      ],
      [
        -0.5285851,
        0.481732816,
        0.6989502
      ],
      [
        0.478435218,
        -0.5110822,
        0.7140691
      ]
    ],
    "translation": [
      1.63559175,
      0.82204026,
      -0.3316295
    ]
  },
  {
    "timeStamp": 73179,
    "rotation": [
      [
        0.664649,
        0.7458614,
        0.0439599939
      ],
      [
        -0.5578405,
        0.456238717,
        0.6932966
      ],
      [
        0.497046947,
        -0.485321581,
        0.719310343
      ]
    ],
    "translation": [
      1.64638746,
      0.8410207,
      -0.3694047
    ]
  },
  {
    "timeStamp": 73235,
    "rotation": [
      [
        0.652521431,
        0.7577044,
        0.009993312
      ],
      [
        -0.549685538,
        0.464219481,
        0.694511354
      ],
      [
        0.5215952,
        -0.458676726,
        0.7194123
      ]
    ],
    "translation": [
      1.66963685,
      0.8558495,
      -0.418485224
    ]
  },
  {
    "timeStamp": 73279,
    "rotation": [
      [
        0.655253,
        0.754804432,
        0.0302281734
      ],
      [
        -0.569749534,
        0.4675382,
        0.675865
      ],
      [
        0.496013075,
        -0.460085034,
        0.736405253
      ]
    ],
    "translation": [
      1.69928885,
      0.863682449,
      -0.452742517
    ]
  },
  {
    "timeStamp": 73335,
    "rotation": [
      [
        0.686236441,
        0.725782633,
        0.0481573269
      ],
      [
        -0.5570917,
        0.481859237,
        0.6763583
      ],
      [
        0.467684031,
        -0.490969777,
        0.734996855
      ]
    ],
    "translation": [
      1.74682069,
      0.875160038,
      -0.488967985
    ]
  },
  {
    "timeStamp": 73379,
    "rotation": [
      [
        0.7098392,
        0.6945256,
        0.11731343
      ],
      [
        -0.5715727,
        0.470639169,
        0.672163248
      ],
      [
        0.411622316,
        -0.544181,
        0.73105
      ]
    ],
    "translation": [
      1.79265654,
      0.888182342,
      -0.509263456
    ]
  },
  {
    "timeStamp": 73435,
    "rotation": [
      [
        0.7673401,
        0.62007153,
        0.163402751
      ],
      [
        -0.5350167,
        0.478623629,
        0.696187139
      ],
      [
        0.353477418,
        -0.6216355,
        0.699015737
      ]
    ],
    "translation": [
      1.855397,
      0.903691947,
      -0.528061152
    ]
  },
  {
    "timeStamp": 73479,
    "rotation": [
      [
        0.808499157,
        0.5547685,
        0.196369633
      ],
      [
        -0.500560164,
        0.472806364,
        0.7251853
      ],
      [
        0.30946514,
        -0.6846065,
        0.6599586
      ]
    ],
    "translation": [
      1.9071399,
      0.917004,
      -0.5378913
    ]
  },
  {
    "timeStamp": 73535,
    "rotation": [
      [
        0.844811141,
        0.4617991,
        0.2702512
      ],
      [
        -0.49035728,
        0.4660962,
        0.736413
      ],
      [
        0.21411179,
        -0.7546496,
        0.6202098
      ]
    ],
    "translation": [
      1.97282,
      0.9258246,
      -0.5457212
    ]
  },
  {
    "timeStamp": 73579,
    "rotation": [
      [
        0.8530316,
        0.410972953,
        0.321618319
      ],
      [
        -0.502077162,
        0.478235215,
        0.720562
      ],
      [
        0.142322287,
        -0.7761393,
        0.614289939
      ]
    ],
    "translation": [
      2.0186367,
      0.921553135,
      -0.5492026
    ]
  },
  {
    "timeStamp": 73633,
    "rotation": [
      [
        0.868276,
        0.349542379,
        0.352018267
      ],
      [
        -0.490203381,
        0.495632261,
        0.7169723
      ],
      [
        0.0761406,
        -0.7950904,
        0.6016925
      ]
    ],
    "translation": [
      2.06472349,
      0.9139674,
      -0.551439166
    ]
  },
  {
    "timeStamp": 73684,
    "rotation": [
      [
        0.866413653,
        0.356028974,
        0.350101143
      ],
      [
        -0.495751739,
        0.529590845,
        0.688304961
      ],
      [
        0.05964614,
        -0.769920051,
        0.6353467
      ]
    ],
    "translation": [
      2.08376074,
      0.9011539,
      -0.5511631
    ]
  },
  {
    "timeStamp": 73729,
    "rotation": [
      [
        0.8466673,
        0.370860368,
        0.381597966
      ],
      [
        -0.530956447,
        0.5413367,
        0.651950836
      ],
      [
        0.0352097638,
        -0.754597366,
        0.6552428
      ]
    ],
    "translation": [
      2.09971,
      0.8845377,
      -0.5501516
    ]
  },
  {
    "timeStamp": 73785,
    "rotation": [
      [
        0.8774937,
        0.3447617,
        0.333382964
      ],
      [
        -0.478670418,
        0.5866119,
        0.6532695
      ],
      [
        0.0296558775,
        -0.732820451,
        0.6797755
      ]
    ],
    "translation": [
      2.111528,
      0.8657641,
      -0.5504883
    ]
  },
  {
    "timeStamp": 73829,
    "rotation": [
      [
        0.862885,
        0.355719775,
        0.359016836
      ],
      [
        -0.505283356,
        0.5918969,
        0.6279704
      ],
      [
        0.0108805178,
        -0.7232714,
        0.6904782
      ]
    ],
    "translation": [
      2.11413121,
      0.8524074,
      -0.5505705
    ]
  },
  {
    "timeStamp": 73885,
    "rotation": [
      [
        0.8722828,
        0.349260479,
        0.342257053
      ],
      [
        -0.4889988,
        0.6254658,
        0.608007133
      ],
      [
        -0.001717231,
        -0.6977174,
        0.716371
      ]
    ],
    "translation": [
      2.11754251,
      0.83506906,
      -0.551002
    ]
  },
  {
    "timeStamp": 73929,
    "rotation": [
      [
        0.8572636,
        0.3731783,
        0.354735285
      ],
      [
        -0.5148513,
        0.6282989,
        0.583239853
      ],
      [
        -0.00522731058,
        -0.6826262,
        0.7307491
      ]
    ],
    "translation": [
      2.11402369,
      0.8260027,
      -0.551188
    ]
  },
  {
    "timeStamp": 73985,
    "rotation": [
      [
        0.8729571,
        0.371613264,
        0.315989763
      ],
      [
        -0.487720579,
        0.6534636,
        0.578890264
      ],
      [
        0.008635483,
        -0.6594611,
        0.7516891
      ]
    ],
    "translation": [
      2.11112642,
      0.816918969,
      -0.551603556
    ]
  }
]