[
  {
    "timeStamp": 75323,
    "rotation": [
      [
        0.455368161,
        0.6383741,
        0.620579
      ],
      [
        0.2819475,
        0.5577633,
        -0.7806444
      ],
      [
        -0.8444793,
        0.5304513,
        0.07399969
      ]
    ],
    "translation": [
      1.281088,
      0.73070997,
      -0.225690216
    ]
  },
  {
    "timeStamp": 75367,
    "rotation": [
      [
        0.4369385,
        0.621310055,
        0.6504295
      ],
      [
        0.232766151,
        0.620376647,
        -0.748967767
      ],
      [
        -0.8688525,
        0.478650838,
        0.1264465
      ]
    ],
    "translation": [
      1.28572178,
      0.7398124,
      -0.2258619
    ]
  },
  {
    "timeStamp": 75423,
    "rotation": [
      [
        0.465849549,
        0.6589196,
        0.590600669
      ],
      [
        0.181205258,
        0.5822642,
        -0.7925485
      ],
      [
        -0.866111338,
        0.4762283,
        0.151847824
      ]
    ],
    "translation": [
      1.28758752,
      0.767803848,
      -0.244072914
    ]
  },
  {
    "timeStamp": 75467,
    "rotation": [
      [
        0.513941,
        0.661292434,
        0.5464036
      ],
      [
        0.138648212,
        0.5645528,
        -0.8136687
      ],
      [
        -0.84654665,
        0.4939356,
        0.198459819
      ]
    ],
    "translation": [
      1.292716,
      0.790755,
      -0.270904034
    ]
  },
  {
    "timeStamp": 75523,
    "rotation": [
      [
        0.5562863,
        0.6722811,
        0.488450378
      ],
      [
        0.12724793,
        0.511946559,
        -0.8495403
      ],
      [
        -0.8211903,
        0.5347419,
        0.199242473
      ]
    ],
    "translation": [
      1.31041026,
      0.813149869,
      -0.316659451
    ]
  },
  {
    "timeStamp": 75567,
    "rotation": [
      [
        0.609282136,
        0.6478737,
        0.457203448
      ],
      [
        0.1503589,
        0.471728832,
        -0.8688292
      ],
      [
        -0.778567553,
        0.5981067,
        0.190002367
      ]
    ],
    "translation": [
      1.3287009,
      0.8223659,
      -0.364207268
    ]
  },
  {
    "timeStamp": 75623,
    "rotation": [
      [
        0.6791916,
        0.6035305,
        0.41767168
      ],
      [
        0.216936469,
        0.378566265,
        -0.899792254
      ],
      [
        -0.701168537,
        0.7017396,
        0.126191244
      ]
    ],
    "translation": [
      1.35637128,
      0.8254923,
      -0.4364876
    ]
  },
  {
    "timeStamp": 75667,
    "rotation": [
      [
        0.7102079,
        0.5769578,
        0.4033913
      ],
      [
        0.2616887,
        0.315585434,
        -0.9120992
      ],
      [
        -0.6535471,
        0.7533429,
        0.0731479153
      ]
    ],
    "translation": [
      1.38285112,
      0.827693343,
      -0.4950409
    ]
  },
  {
    "timeStamp": 75723,
    "rotation": [
      [
        0.766348541,
        0.5089142,
        0.392066658
      ],
      [
        0.303228348,
        0.251483381,
        -0.919134736
      ],
      [
        -0.566359,
        0.8232633,
        0.03840671
      ]
    ],
    "translation": [
      1.41722775,
      0.8340837,
      -0.572157443
    ]
  },
  {
    "timeStamp": 75767,
    "rotation": [
      [
        0.775762856,
        0.500416458,
        0.3844156
      ],
      [
        0.322039127,
        0.209926262,
        -0.9231586
      ],
      [
        -0.5426627,
        0.839949,
        0.00169931061
      ]
    ],
    "translation": [
      1.44874513,
      0.843099833,
      -0.620007038
    ]
  },
  {
    "timeStamp": 75823,
    "rotation": [
      [
        0.766690969,
        0.510021865,
        0.389952
      ],
      [
        0.3350989,
        0.2001873,
        -0.9206703
      ],
      [
        -0.5476254,
        0.83654207,
        -0.0174259655
      ]
    ],
    "translation": [
      1.49158049,
      0.854591846,
      -0.6650451
    ]
  },
  {
    "timeStamp": 75867,
    "rotation": [
      [
        0.7287241,
        0.569250643,
        0.380676866
      ],
      [
        0.347929955,
        0.171029285,
        -0.921788335
      ],
      [
        -0.5898355,
        0.8041783,
        -0.07342617
      ]
    ],
    "translation": [
      1.527933,
      0.865162,
      -0.6855435
    ]
  },
  {
    "timeStamp": 75923,
    "rotation": [
      [
        0.6644274,
        0.645279169,
        0.377029181
      ],
      [
        0.352117538,
        0.174691841,
        -0.9195086
      ],
      [
        -0.659203649,
        0.7437052,
        -0.111144081
      ]
    ],
    "translation": [
      1.57488441,
      0.8787995,
      -0.6994909
    ]
  },
  {
    "timeStamp": 75967,
    "rotation": [
      [
        0.5960182,
        0.713169456,
        0.368987352
      ],
      [
        0.3423612,
        0.1899627,
        -0.920164645
      ],
      [
        -0.7263271,
        0.674761832,
        -0.130940333
      ]
    ],
    "translation": [
      1.61498618,
      0.8906174,
      -0.6995713
    ]
  },
  {
    "timeStamp": 76021,
    "rotation": [
      [
        0.490947574,
        0.799428165,
        0.346244216
      ],
      [
        0.326128274,
        0.199893355,
        -0.923949659
      ],
      [
        -0.8078433,
        0.5665309,
        -0.162578955
      ]
    ],
    "translation": [
      1.66862535,
      0.9062382,
      -0.6910078
    ]
  },
  {
    "timeStamp": 76075,
    "rotation": [
      [
        0.362279028,
        0.8716562,
        0.3301053
      ],
      [
        0.2945619,
        0.2289425,
        -0.9278031
      ],
      [
        -0.8843004,
        0.43336007,
        -0.173815623
      ]
    ],
    "translation": [
      1.72931778,
      0.9216875,
      -0.675049245
    ]
  },
  {
    "timeStamp": 76119,
    "rotation": [
      [
        0.256236553,
        0.9068545,
        0.3346008
      ],
      [
        0.255034745,
        0.270465016,
        -0.9283351
      ],
      [
        -0.9323626,
        0.323208183,
        -0.1619764
      ]
    ],
    "translation": [
      1.78064561,
      0.9343559,
      -0.6602965
    ]
  },
  {
    "timeStamp": 76175,
    "rotation": [
      [
        0.115923949,
        0.923757851,
        0.3650111
      ],
      [
        0.194063619,
        0.33934173,
        -0.9204273
      ],
      [
        -0.9741155,
        0.177534968,
        -0.13992995
      ]
    ],
    "translation": [
      1.85067821,
      0.948872149,
      -0.63947767
    ]
  },
  {
    "timeStamp": 76219,
    "rotation": [
      [
        0.00656136544,
        0.92721945,
        0.374461025
      ],
      [
        0.153815359,
        0.369076729,
        -0.916582346
      ],
      [
        -0.9880779,
        0.06361189,
        -0.140198931
      ]
    ],
    "translation": [
      1.90860724,
      0.957661569,
      -0.62381494
    ]
  },
  {
    "timeStamp": 76275,
    "rotation": [
      [
        -0.112940513,
        0.9052817,
        0.409523457
      ],
      [
        0.120099708,
        0.4215766,
        -0.898804367
      ],
      [
        -0.9863166,
        -0.0523277931,
        -0.156337157
      ]
    ],
    "translation": [
      1.9785434,
      0.960552454,
      -0.6071125
    ]
  },
  {
    "timeStamp": 76319,
    "rotation": [
      [
        -0.193016663,
        0.8814334,
        0.431068152
      ],
      [
        0.105205312,
        0.4553882,
        -0.884055138
      ],
      [
        -0.9755391,
        -0.125286728,
        -0.180628985
      ]
    ],
    "translation": [
      2.03091574,
      0.9573602,
      -0.595087767
    ]
  },
  {
    "timeStamp": 76373,
    "rotation": [
      [
        -0.268369734,
        0.8391311,
        0.473113865
      ],
      [
        0.08641394,
        0.510121047,
        -0.8557507
      ],
      [
        -0.9594323,
        -0.188773945,
        -0.209413648
      ]
    ],
    "translation": [
      2.088619,
      0.9487551,
      -0.579356432
    ]
  },
  {
    "timeStamp": 76417,
    "rotation": [
      [
        -0.2894074,
        0.800963044,
        0.524119735
      ],
      [
        0.0937875956,
        0.568644762,
        -0.8172191
      ],
      [
        -0.952600241,
        -0.187353313,
        -0.239690408
      ]
    ],
    "translation": [
      2.12475586,
      0.9347428,
      -0.567280769
    ]
  },
  {
    "timeStamp": 76473,
    "rotation": [
      [
        -0.313165,
        0.772975564,
        0.5517577
      ],
      [
        0.111737251,
        0.6069358,
        -0.7868569
      ],
      [
        -0.9431026,
        -0.184764162,
        -0.276441216
      ]
    ],
    "translation": [
      2.15990114,
      0.9160588,
      -0.5521321
    ]
  },
  {
    "timeStamp": 76517,
    "rotation": [
      [
        -0.317899317,
        0.758826554,
        0.56843853
      ],
      [
        0.127306163,
        0.6282734,
        -0.7675061
      ],
      [
        -0.9395388,
        -0.171623945,
        -0.296331
      ]
    ],
    "translation": [
      2.17943382,
      0.8987202,
      -0.541923046
    ]
  },
  {
    "timeStamp": 76573,
    "rotation": [
      [
        -0.314205736,
        0.740988135,
        0.593474
      ],
      [
        0.147105679,
        0.6555847,
        -0.74065423
      ],
      [
        -0.937888443,
        -0.145414427,
        -0.314992
      ]
    ],
    "translation": [
      2.195876,
      0.878730357,
      -0.531063
    ]
  },
  {
    "timeStamp": 76617,
    "rotation": [
      [
        -0.314944834,
        0.746558368,
        0.586054862
      ],
      [
        0.165907085,
        0.6512755,
        -0.7404829
      ],
      [
        -0.934496939,
        -0.1359806,
        -0.3289752
      ]
    ],
    "translation": [
      2.20361662,
      0.866019666,
      -0.524695754
    ]
  },
  {
    "timeStamp": 76673,
    "rotation": [
      [
        -0.297319323,
        0.7365673,
        0.607511163
      ],
      [
        0.203655109,
        0.6705665,
        -0.713347852
      ],
      [
        -0.9328053,
        -0.0883693546,
        -0.349378079
      ]
    ],
    "translation": [
      2.2075696,
      0.8456163,
      -0.5199829
    ]
  },
  {
    "timeStamp": 76717,
    "rotation": [
      [
        -0.3048934,
        0.736927032,
        0.603306353
      ],
      [
        0.228996992,
        0.671608865,
        -0.7046289
      ],
      [
        -0.924446,
        -0.07668136,
        -0.3735232
      ]
    ],
    "translation": [
      2.211422,
      0.8311848,
      -0.519039035
    ]
  },
  {
    "timeStamp": 76774,
    "rotation": [
      [
        -0.3028737,
        0.7368588,
        0.60440594
      ],
      [
        0.231944025,
        0.672116935,
        -0.703179
      ],
      [
        -0.9243751,
        -0.07278608,
        -0.374476582
      ]
    ],
    "translation": [
      2.21325326,
      0.8244773,
      -0.5168861
    ]
  },
  {
    "timeStamp": 76820,
    "rotation": [
      [
        -0.289950937,
        0.7408389,
        0.6058763
      ],
      [
        0.21761781,
        0.6675252,
        -0.712076247
      ],
      [
        -0.9319715,
        -0.0746177,
        -0.354769319
      ]
    ],
    "translation": [
      2.20922446,
      0.828187466,
      -0.5154972
    ]
  }
]