[
  {
    "timeStamp": 84184,
    "rotation": [
      [
        0.9985251,
        -0.0474118255,
        0.0264524948
      ],
      [
        0.0474504232,
        0.998873234,
        -0.00083304767
      ],
      [
        -0.0263831932,
        0.00208700122,
        0.9996497
      ]
    ],
    "translation": [
      1.1525389,
      0.6992091,
      -0.4785635
    ]
  },
  {
    "timeStamp": 84230,
    "rotation": [
      [
        0.9987951,
        -0.04628123,
        0.01632116
      ],
      [
        0.046317596,
        0.99892503,
        -0.00185681845
      ],
      [
        -0.0162176788,
        0.002610538,
        0.999865055
      ]
    ],
    "translation": [
      1.152787,
      0.699875057,
      -0.479216516
    ]
  },
  {
    "timeStamp": 84285,
    "rotation": [
      [
        0.9993756,
        -0.0163685586,
        -0.0313133635
      ],
      [
        0.01679884,
        0.999767363,
        0.0135277594
      ],
      [
        0.0310846474,
        -0.01404534,
        0.9994181
      ]
    ],
    "translation": [
      1.15935242,
      0.7128607,
      -0.48120752
    ]
  },
  {
    "timeStamp": 84329,
    "rotation": [
      [
        0.998121858,
        0.0254599527,
        -0.0557198562
      ],
      [
        -0.0229589473,
        0.9987198,
        0.04507427
      ],
      [
        0.0567961149,
        -0.0437103435,
        0.997428536
      ]
    ],
    "translation": [
      1.167747,
      0.730942,
      -0.479763061
    ]
  },
  {
    "timeStamp": 84385,
    "rotation": [
      [
        0.989271462,
        0.117121436,
        -0.0873191655
      ],
      [
        -0.113736719,
        0.992588758,
        0.0427962355
      ],
      [
        0.09168438,
        -0.0324056968,
        0.9952607
      ]
    ],
    "translation": [
      1.18531442,
      0.758872,
      -0.4868032
    ]
  },
  {
    "timeStamp": 84429,
    "rotation": [
      [
        0.98157,
        0.156223521,
        -0.110066675
      ],
      [
        -0.148045912,
        0.985823035,
        0.0789642558
      ],
      [
        0.120842345,
        -0.0612140223,
        0.9907825
      ]
    ],
    "translation": [
      1.21015418,
      0.784759,
      -0.491916984
    ]
  },
  {
    "timeStamp": 84485,
    "rotation": [
      [
        0.971096635,
        0.208912343,
        -0.115441889
      ],
      [
        -0.198171332,
        0.9752661,
        0.09789861
      ],
      [
        0.133038789,
        -0.07219174,
        0.9884781
      ]
    ],
    "translation": [
      1.25290871,
      0.813184738,
      -0.495823354
    ]
  },
  {
    "timeStamp": 84530,
    "rotation": [
      [
        0.963563859,
        0.2514769,
        -0.0911265463
      ],
      [
        -0.244892418,
        0.966442466,
        0.07756761
      ],
      [
        0.107575022,
        -0.0524251461,
        0.9928138
      ]
    ],
    "translation": [
      1.29421687,
      0.8324566,
      -0.5000619
    ]
  },
  {
    "timeStamp": 84585,
    "rotation": [
      [
        0.9599073,
        0.278716028,
        -0.0299235433
      ],
      [
        -0.276213437,
        0.9586483,
        0.06855334
      ],
      [
        0.047793068,
        -0.05753957,
        0.997198641
      ]
    ],
    "translation": [
      1.35542345,
      0.8529349,
      -0.497886747
    ]
  },
  {
    "timeStamp": 84630,
    "rotation": [
      [
        0.95584327,
        0.289491355,
        0.05058058
      ],
      [
        -0.2924536,
        0.9539379,
        0.06688397
      ],
      [
        -0.0288884025,
        -0.07872306,
        0.996477842
      ]
    ],
    "translation": [
      1.41123521,
      0.8683285,
      -0.4926938
    ]
  },
  {
    "timeStamp": 84685,
    "rotation": [
      [
        0.9396606,
        0.289717048,
        0.181939512
      ],
      [
        -0.306435674,
        0.9492319,
        0.07110533
      ],
      [
        -0.152102351,
        -0.122567631,
        0.9807355
      ]
    ],
    "translation": [
      1.489296,
      0.8874,
      -0.4832197
    ]
  },
  {
    "timeStamp": 84730,
    "rotation": [
      [
        0.9099404,
        0.280692875,
        0.305319339
      ],
      [
        -0.3194058,
        0.943871439,
        0.0841815248
      ],
      [
        -0.26455304,
        -0.174120933,
        0.948521733
      ]
    ],
    "translation": [
      1.5568924,
      0.9044709,
      -0.477299958
    ]
  },
  {
    "timeStamp": 84785,
    "rotation": [
      [
        0.8575557,
        0.240901485,
        0.454493821
      ],
      [
        -0.329071,
        0.9360262,
        0.124768712
      ],
      [
        -0.395361185,
        -0.256556869,
        0.88196826
      ]
    ],
    "translation": [
      1.64562964,
      0.928325951,
      -0.47228235
    ]
  },
  {
    "timeStamp": 84830,
    "rotation": [
      [
        0.804148555,
        0.188130125,
        0.563872457
      ],
      [
        -0.331108361,
        0.9295722,
        0.162057489
      ],
      [
        -0.4936723,
        -0.3170212,
        0.809805632
      ]
    ],
    "translation": [
      1.71846449,
      0.946999,
      -0.474625826
    ]
  },
  {
    "timeStamp": 84885,
    "rotation": [
      [
        0.704978347,
        0.13653627,
        0.6959622
      ],
      [
        -0.350251555,
        0.920306563,
        0.1742401
      ],
      [
        -0.6167085,
        -0.366597325,
        0.696618259
      ]
    ],
    "translation": [
      1.81039536,
      0.9638101,
      -0.485546529
    ]
  },
  {
    "timeStamp": 84930,
    "rotation": [
      [
        0.6110675,
        0.0982118,
        0.78546226
      ],
      [
        -0.365822732,
        0.9149909,
        0.170192108
      ],
      [
        -0.701975942,
        -0.3913388,
        0.5950493
      ]
    ],
    "translation": [
      1.881794,
      0.972669244,
      -0.499785185
    ]
  },
  {
    "timeStamp": 84985,
    "rotation": [
      [
        0.5114344,
        0.03437655,
        0.8586345
      ],
      [
        -0.37142393,
        0.9098853,
        0.184805363
      ],
      [
        -0.77490586,
        -0.4134332,
        0.478114933
      ]
    ],
    "translation": [
      1.96296918,
      0.9823566,
      -0.5213644
    ]
  },
  {
    "timeStamp": 85029,
    "rotation": [
      [
        0.4466497,
        0.007384395,
        0.8946785
      ],
      [
        -0.372283578,
        0.910824239,
        0.178337216
      ],
      [
        -0.8135779,
        -0.412728339,
        0.4095685
      ]
    ],
    "translation": [
      2.01730847,
      0.9827283,
      -0.5385613
    ]
  },
  {
    "timeStamp": 85076,
    "rotation": [
      [
        0.367982775,
        -0.00647252426,
        0.929810047
      ],
      [
        -0.377500385,
        0.9128166,
        0.155754238
      ],
      [
        -0.849754155,
        -0.408318549,
        0.333457381
      ]
    ],
    "translation": [
      2.06552935,
      0.9756989,
      -0.5546754
    ]
  },
  {
    "timeStamp": 85136,
    "rotation": [
      [
        0.2370327,
        0.06654598,
        0.969219863
      ],
      [
        -0.3971331,
        0.9171253,
        0.0341537967
      ],
      [
        -0.8866232,
        -0.393004864,
        0.2438163
      ]
    ],
    "translation": [
      2.12203383,
      0.951175153,
      -0.574036956
    ]
  },
  {
    "timeStamp": 85180,
    "rotation": [
      [
        0.195958674,
        0.08971666,
        0.976499438
      ],
      [
        -0.388168275,
        0.9215636,
        -0.00677385926
      ],
      [
        -0.9005141,
        -0.377718717,
        0.215413541
      ]
    ],
    "translation": [
      2.14939284,
      0.9337779,
      -0.5807452
    ]
  },
  {
    "timeStamp": 85235,
    "rotation": [
      [
        0.212357461,
        0.07496361,
        0.9743124
      ],
      [
        -0.3609325,
        0.932566345,
        0.006915816
      ],
      [
        -0.908092558,
        -0.353129625,
        0.225094214
      ]
    ],
    "translation": [
      2.17411017,
      0.9143635,
      -0.5842525
    ]
  },
  {
    "timeStamp": 85280,
    "rotation": [
      [
        0.174378663,
        0.110975333,
        0.9784051
      ],
      [
        -0.350765675,
        0.9354484,
        -0.0435868949
      ],
      [
        -0.920084536,
        -0.3355903,
        0.20204857
      ]
    ],
    "translation": [
      2.18584919,
      0.8961648,
      -0.587562
    ]
  },
  {
    "timeStamp": 85335,
    "rotation": [
      [
        0.196752638,
        0.123902991,
        0.972592652
      ],
      [
        -0.3230404,
        0.944785058,
        -0.0550103337
      ],
      [
        -0.9257069,
        -0.303363264,
        0.225914627
      ]
    ],
    "translation": [
      2.19170451,
      0.879652143,
      -0.586908162
    ]
  },
  {
    "timeStamp": 85380,
    "rotation": [
      [
        0.20101352,
        0.129972219,
        0.9709278
      ],
      [
        -0.316553563,
        0.946599662,
        -0.061178714
      ],
      [
        -0.9270315,
        -0.295052916,
        0.231422514
      ]
    ],
    "translation": [
      2.19391823,
      0.8721341,
      -0.5854008
    ]
  },
  {
    "timeStamp": 85435,
    "rotation": [
      [
        0.218409568,
        0.148617417,
        0.964473963
      ],
      [
        -0.311367869,
        0.9472888,
        -0.07545863
      ],
      [
        -0.924849868,
        -0.2838253,
        0.253171623
      ]
    ],
    "translation": [
      2.18995357,
      0.865014434,
      -0.5814297
    ]
  },
  {
    "timeStamp": 85480,
    "rotation": [
      [
        0.214563534,
        0.158819243,
        0.963711
      ],
      [
        -0.2967999,
        0.950633645,
        -0.0905836746
      ],
      [
        -0.930522561,
        -0.2665934,
        0.251108855
      ]
    ],
    "translation": [
      2.18954349,
      0.8565097,
      -0.581226
    ]
  },
  {
    "timeStamp": 85537,
    "rotation": [
      [
        0.205066323,
        0.194127992,
        0.959302962
      ],
      [
        -0.281819433,
        0.95033437,
        -0.132069677
      ],
      [
        -0.937297,
        -0.243267179,
        0.24959062
      ]
    ],
    "translation": [
      2.18446445,
      0.8456406,
      -0.5827345
    ]
  }
]