[
  {
    "id": "003 cracker box(Clone)-55388",
    "pickRotation": [
      [
        -0.982595742,
        0.00187848147,
        0.185747519
      ],
      [
        -0.135847673,
        -0.6892673,
        -0.7116572
      ],
      [
        0.126692861,
        -0.7245047,
        0.6775263
      ]
    ],
    "pickTranslation": [
      0.01319145,
      0.0653891042,
      0.147983149
    ],
    "placeRotation": [
      [
        -0.0214288328,
        0.00657904334,
        -0.9997487
      ],
      [
        -0.9613202,
        0.2745198,
        0.02241168
      ],
      [
        0.274598271,
        0.9615589,
        0.000441928918
      ]
    ],
    "placeTranslation": [
      0.437426656,
      0.4391859,
      0.8510688
    ]
  },
  {
    "id": "004 sugar box(Clone)-55356",
    "pickRotation": [
      [
        -0.983369648,
        -0.009510599,
        0.1813664
      ],
      [
        -0.1428721,
        -0.576012433,
        -0.804858565
      ],
      [
        0.112123981,
        -0.8173857,
        0.5650743
      ]
    ],
    "pickTranslation": [
      0.00693981443,
      0.021908978,
      0.1330723
    ],
    "placeRotation": [
      [
        -0.0204373,
        0.999722958,
        0.01167275
      ],
      [
        -0.9934109,
        -0.0216223784,
        0.112548575
      ],
      [
        0.11276979,
        -0.009295649,
        0.9935776
      ]
    ],
    "placeTranslation": [
      0.984873056,
      0.7108162,
      -0.447603583
    ]
  },
  {
    "id": "008 pudding box(Clone)-55372",
    "pickRotation": [
      [
        0.140996858,
        -0.475543529,
        0.8683192
      ],
      [
        0.000726129743,
        -0.8770313,
        -0.4804327
      ],
      [
        0.9900098,
        0.0683700144,
        -0.12331336
      ]
    ],
    "pickTranslation": [
      0.0222285036,
      0.0526234955,
      0.0158911962
    ],
    "placeRotation": [
      [
        0.446826071,
        0.854796648,
        -0.263949037
      ],
      [
        0.08258031,
        0.254371077,
        0.9635745
      ],
      [
        0.890801251,
        -0.452347219,
        0.04307025
      ]
    ],
    "placeTranslation": [
      0.6183583,
      0.751224935,
      -0.674109638
    ]
  },
  {
    "id": "010 potted meat can(Clone)-55236",
    "pickRotation": [
      [
        -0.137013629,
        0.0757074058,
        -0.987671852
      ],
      [
        0.9901338,
        0.0400257669,
        -0.134287089
      ],
      [
        0.0293657966,
        -0.996326447,
        -0.08044453
      ]
    ],
    "pickTranslation": [
      0.031108005,
      -0.02849178,
      0.07521323
    ],
    "placeRotation": [
      [
        0.994701266,
        -0.07795095,
        -0.06703039
      ],
      [
        0.06834663,
        0.0143389795,
        0.9975586
      ],
      [
        -0.07679949,
        -0.996854067,
        0.0195906851
      ]
    ],
    "placeTranslation": [
      0.9646874,
      0.5217583,
      0.039535787
    ]
  },
  {
    "id": "002 masterchef can(Clone)-55482",
    "pickRotation": [
      [
        -0.6426561,
        -0.0264229327,
        -0.7656991
      ],
      [
        0.76606375,
        -0.03756981,
        -0.6416657
      ],
      [
        -0.0118124783,
        -0.99894464,
        0.04438612
      ]
    ],
    "pickTranslation": [
      0.00726021361,
      -0.0147066647,
      0.153945446
    ],
    "placeRotation": [
      [
        0.693517566,
        -0.713357031,
        -0.100772686
      ],
      [
        0.100373611,
        -0.042839583,
        0.994027138
      ],
      [
        -0.7134133,
        -0.69949013,
        0.04189222
      ]
    ],
    "placeTranslation": [
      0.43423292,
      0.501608968,
      0.5908202
    ]
  },
  {
    "id": "002 masterchef can(Clone)-55902",
    "pickRotation": [
      [
        -0.810209036,
        -0.01717099,
        -0.5858895
      ],
      [
        0.576845944,
        -0.200666368,
        -0.791821837
      ],
      [
        -0.103971943,
        -0.9795092,
        0.172486708
      ]
    ],
    "pickTranslation": [
      0.0102071492,
      -0.0172325484,
      0.1557998
    ],
    "placeRotation": [
      [
        0.868739,
        -0.49434346,
        -0.0302843116
      ],
      [
        0.0557021461,
        0.0367635824,
        0.997770369
      ],
      [
        -0.4921279,
        -0.8684889,
        0.05947395
      ]
    ],
    "placeTranslation": [
      0.4633775,
      0.451411754,
      0.00672807032
    ]
  },
  {
    "id": "007 tuna fish can(Clone)-55518",
    "pickRotation": [
      [
        -0.942712545,
        0.130912274,
        -0.306846827
      ],
      [
        0.288839728,
        -0.139941737,
        -0.94709444
      ],
      [
        -0.16692698,
        -0.9814674,
        0.09411216
      ]
    ],
    "pickTranslation": [
      0.014436827,
      -0.0269985944,
      0.0348022468
    ],
    "placeRotation": [
      [
        0.929003835,
        -0.369916379,
        0.0106663136
      ],
      [
        -0.012568987,
        -0.00273360731,
        0.999917269
      ],
      [
        -0.369856626,
        -0.929061,
        -0.007189006
      ]
    ],
    "placeTranslation": [
      0.6926771,
      0.951058269,
      0.0612653419
    ]
  },
  {
    "id": "103 toothpaste(Clone)-55248",
    "pickRotation": [
      [
        -0.18357271,
        0.08227016,
        -0.979557455
      ],
      [
        -0.9649566,
        -0.205163851,
        0.163605332
      ],
      [
        -0.187509939,
        0.975263834,
        0.117049612
      ]
    ],
    "pickTranslation": [
      -0.008401756,
      0.02901023,
      -0.0232705567
    ],
    "placeRotation": [
      [
        0.97961545,
        0.07648405,
        -0.185751572
      ],
      [
        -0.120264992,
        -0.517356932,
        -0.847276866
      ],
      [
        -0.160903037,
        0.85234493,
        -0.497612536
      ]
    ],
    "placeTranslation": [
      0.016067395,
      0.20295912,
      -0.104504734
    ]
  },
  {
    "id": "103 toothpaste(Clone)-55320",
    "pickRotation": [
      [
        -0.205038443,
        0.0380359739,
        -0.9780145
      ],
      [
        -0.97811085,
        -0.0441789143,
        0.203340486
      ],
      [
        -0.03547337,
        0.998299241,
        0.0462617762
      ]
    ],
    "pickTranslation": [
      0.0165037252,
      0.0257380381,
      -0.0300083142
    ],
    "placeRotation": [
      [
        0.998857558,
        0.007942632,
        0.0471208952
      ],
      [
        0.04319034,
        -0.571986,
        -0.8191255
      ],
      [
        0.0204464849,
        0.8202248,
        -0.571675658
      ]
    ],
    "placeTranslation": [
      0.0349477157,
      0.35914588,
      -0.0352483
    ]
  },
  {
    "id": "103 toothpaste(Clone)-55854",
    "pickRotation": [
      [
        -0.5373574,
        -0.0013393478,
        -0.84335357
      ],
      [
        -0.8418306,
        0.06094316,
        0.536290169
      ],
      [
        0.0506783575,
        0.9981404,
        -0.03387576
      ]
    ],
    "pickTranslation": [
      0.0465232432,
      0.0216422565,
      -0.03408637
    ],
    "placeRotation": [
      [
        0.99915725,
        0.0150631024,
        0.03818201
      ],
      [
        0.04044338,
        -0.520088255,
        -0.8531545
      ],
      [
        0.007006859,
        0.8539797,
        -0.520259142
      ]
    ],
    "placeTranslation": [
      -0.2207752,
      0.189495966,
      0.0452764928
    ]
  },
  {
    "id": "102 toothbrush(Clone)-55400",
    "pickRotation": [
      [
        -0.365174443,
        0.0354250334,
        -0.9302649
      ],
      [
        -0.270562023,
        -0.9601801,
        0.06964459
      ],
      [
        -0.89075464,
        0.277126759,
        0.3602179
      ]
    ],
    "pickTranslation": [
      0.0012790059,
      0.0185115635,
      0.0262543783
    ],
    "placeRotation": [
      [
        0.9993648,
        -0.0122879,
        0.0334525555
      ],
      [
        0.0306946635,
        0.77373606,
        -0.632764041
      ],
      [
        -0.018108109,
        0.633388937,
        0.773621738
      ]
    ],
    "placeTranslation": [
      0.101138189,
      0.6882491,
      -0.0126027064
    ]
  },
  {
    "id": "102 toothbrush(Clone)-55506",
    "pickRotation": [
      [
        -0.484484553,
        -0.00514971,
        -0.874784648
      ],
      [
        0.0969442651,
        -0.994139433,
        -0.0478386
      ],
      [
        -0.8694116,
        -0.107982419,
        0.482144445
      ]
    ],
    "pickTranslation": [
      0.0151756722,
      0.0185036827,
      0.0248548761
    ],
    "placeRotation": [
      [
        0.994633257,
        -0.103189677,
        -0.007525876
      ],
      [
        0.09959241,
        0.974592,
        -0.200628549
      ],
      [
        0.0280374531,
        0.1988023,
        0.979638457
      ]
    ],
    "placeTranslation": [
      0.03406571,
      0.5816126,
      0.06908703
    ]
  },
  {
    "id": "017 orange(Clone)-55470",
    "pickRotation": [
      [
        0.5010127,
        -0.750363469,
        -0.43120867
      ],
      [
        -0.76892,
        -0.157283917,
        -0.619696558
      ],
      [
        0.3971755,
        0.6420408,
        -0.6557707
      ]
    ],
    "pickTranslation": [
      0.02472528,
      -0.0117191439,
      0.0173229389
    ],
    "placeRotation": [
      [
        -0.251402766,
        0.732160747,
        -0.633038163
      ],
      [
        0.8622638,
        -0.127674267,
        -0.4901025
      ],
      [
        -0.439656466,
        -0.669059,
        -0.599218
      ]
    ],
    "placeTranslation": [
      -0.761156559,
      0.358264565,
      -0.291832834
    ]
  },
  {
    "id": "017 orange(Clone)-55938",
    "pickRotation": [
      [
        -0.4217048,
        0.0867327452,
        -0.9025755
      ],
      [
        -0.527008057,
        -0.8334628,
        0.166139379
      ],
      [
        -0.737853348,
        0.545726359,
        0.397184134
      ]
    ],
    "pickTranslation": [
      0.004025099,
      0.009837986,
      0.0139344092
    ],
    "placeRotation": [
      [
        0.09014278,
        0.709048748,
        0.6993741
      ],
      [
        -0.23513937,
        0.6975321,
        -0.676874042
      ],
      [
        -0.967772543,
        -0.103435062,
        0.229602769
      ]
    ],
    "placeTranslation": [
      -0.722269,
      0.4427341,
      -0.137442172
    ]
  },
  {
    "id": "016 pear(Clone)-55914",
    "pickRotation": [
      [
        -0.9173476,
        -0.154206678,
        -0.3670064
      ],
      [
        0.386865467,
        -0.127980918,
        -0.913211942
      ],
      [
        0.09385358,
        -0.9797149,
        0.177060232
      ]
    ],
    "pickTranslation": [
      0.0356424041,
      0.0107071362,
      0.06678371
    ],
    "placeRotation": [
      [
        0.8766971,
        -0.354118228,
        -0.3255801
      ],
      [
        0.3813054,
        0.09893821,
        0.9191395
      ],
      [
        -0.29327172,
        -0.929952443,
        0.22176604
      ]
    ],
    "placeTranslation": [
      -0.74576503,
      0.108484663,
      0.5079193
    ]
  },
  {
    "id": "015 peach(Clone)-55284",
    "pickRotation": [
      [
        -0.9528323,
        0.00131024315,
        0.3034946
      ],
      [
        -0.301270932,
        0.116822109,
        -0.946355343
      ],
      [
        -0.03669483,
        -0.993152,
        -0.110917136
      ]
    ],
    "pickTranslation": [
      0.0234782267,
      -0.00191042572,
      0.0607819259
    ],
    "placeRotation": [
      [
        0.961603,
        0.2301463,
        0.14950712
      ],
      [
        -0.0766966641,
        -0.29770267,
        0.9515728
      ],
      [
        0.263509631,
        -0.9265019,
        -0.2686203
      ]
    ],
    "placeTranslation": [
      -0.532135963,
      0.393390864,
      -0.6014486
    ]
  },
  {
    "id": "016 pear(Clone)-55296",
    "pickRotation": [
      [
        0.310196549,
        0.006224385,
        -0.9506521
      ],
      [
        0.933528662,
        0.18705593,
        0.305833936
      ],
      [
        0.179728732,
        -0.982329547,
        0.0522134639
      ]
    ],
    "pickTranslation": [
      0.0224970262,
      0.00594607741,
      0.07218401
    ],
    "placeRotation": [
      [
        -0.593928158,
        -0.800435543,
        -0.08094593
      ],
      [
        -0.120783672,
        -0.0107588563,
        0.9926205
      ],
      [
        -0.795399666,
        0.599322259,
        -0.0902895555
      ]
    ],
    "placeTranslation": [
      -0.6583934,
      0.428634822,
      0.394059777
    ]
  },
  {
    "id": "015 peach(Clone)-55890",
    "pickRotation": [
      [
        -0.76911974,
        0.07139065,
        0.6351049
      ],
      [
        -0.6386818,
        -0.122002721,
        -0.7597374
      ],
      [
        0.02324638,
        -0.989958942,
        0.139430612
      ]
    ],
    "pickTranslation": [
      0.0243203174,
      0.002276369,
      0.0576831326
    ],
    "placeRotation": [
      [
        0.8090363,
        0.521798253,
        0.2705308
      ],
      [
        -0.176890075,
        -0.222775549,
        0.9586871
      ],
      [
        0.5605089,
        -0.8234669,
        -0.0879325643
      ]
    ],
    "placeTranslation": [
      -0.548963964,
      0.5764303,
      -0.8431592
    ]
  },
  {
    "id": "018 plum(Clone)-55926",
    "pickRotation": [
      [
        -0.9093805,
        0.403148681,
        0.102460533
      ],
      [
        -0.405223072,
        -0.8029834,
        -0.437049061
      ],
      [
        -0.09392165,
        -0.438963264,
        0.893582642
      ]
    ],
    "pickTranslation": [
      0.00134501047,
      0.0329020433,
      0.0263377018
    ],
    "placeRotation": [
      [
        0.8717309,
        0.36558795,
        0.326237082
      ],
      [
        -0.489984661,
        0.649809241,
        0.5810877
      ],
      [
        0.000446787046,
        -0.6664033,
        0.745591342
      ]
    ],
    "placeTranslation": [
      -0.6855463,
      0.574572563,
      -0.615714133
    ]
  },
  {
    "id": "018 plum(Clone)-55950",
    "pickRotation": [
      [
        0.08403009,
        -0.446792215,
        -0.890682638
      ],
      [
        -0.7379245,
        -0.628572166,
        0.245691642
      ],
      [
        -0.6696315,
        0.6366111,
        -0.3825179
      ]
    ],
    "pickTranslation": [
      0.0230564121,
      0.0392753519,
      0.00132382137
    ],
    "placeRotation": [
      [
        -0.288695961,
        0.742058,
        0.6049832
      ],
      [
        0.215700954,
        0.6660542,
        -0.7140343
      ],
      [
        -0.932806432,
        -0.07564338,
        -0.352349758
      ]
    ],
    "placeTranslation": [
      -0.889145434,
      0.6509696,
      0.2290783
    ]
  },
  {
    "id": "018 plum(Clone)-55224",
    "pickRotation": [
      [
        0.751904845,
        0.166285291,
        -0.6379563
      ],
      [
        0.618185759,
        0.158434123,
        0.7698993
      ],
      [
        0.229097009,
        -0.973266542,
        0.0163321868
      ]
    ],
    "pickTranslation": [
      0.00715483259,
      0.0096430555,
      0.0547671169
    ],
    "placeRotation": [
      [
        -0.777939856,
        -0.60436666,
        -0.17190291
      ],
      [
        -0.2607487,
        0.06159961,
        0.963439465
      ],
      [
        -0.571681559,
        0.7943214,
        -0.2055086
      ]
    ],
    "placeTranslation": [
      -0.536446631,
      0.558970451,
      -0.2644021
    ]
  },
  {
    "id": "012 strawberry(Clone)-55308",
    "pickRotation": [
      [
        -0.18976818,
        -0.338158816,
        -0.9217574
      ],
      [
        0.219625518,
        -0.9296476,
        0.29583773
      ],
      [
        -0.956949651,
        -0.146300837,
        0.250685841
      ]
    ],
    "pickTranslation": [
      0.007950556,
      0.0337040275,
      0.02434134
    ],
    "placeRotation": [
      [
        0.177328944,
        -0.04162777,
        0.9832709
      ],
      [
        0.0319708958,
        0.9988214,
        0.03652029
      ],
      [
        -0.9836322,
        0.0249599461,
        0.178450823
      ]
    ],
    "placeTranslation": [
      -0.76592654,
      0.64792347,
      -0.9320956
    ]
  },
  {
    "id": "011 banana(Clone)-55412",
    "pickRotation": [
      [
        -0.997124255,
        -0.0306354389,
        -0.06931597
      ],
      [
        0.06674016,
        0.0783318356,
        -0.994690835
      ],
      [
        0.0359024443,
        -0.996456563,
        -0.07606196
      ]
    ],
    "pickTranslation": [
      0.010643661,
      -0.0061484063,
      0.0300737917
    ],
    "placeRotation": [
      [
        0.52289027,
        -0.8418156,
        0.13391152
      ],
      [
        -0.454209477,
        -0.142229214,
        0.8794684
      ],
      [
        -0.721304059,
        -0.5206893,
        -0.4567309
      ]
    ],
    "placeTranslation": [
      -0.339404,
      0.694387734,
      -0.110389963
    ]
  },
  {
    "id": "101 bread(Clone)-55494",
    "pickRotation": [
      [
        -0.895673,
        -0.291503,
        -0.335850954
      ],
      [
        0.297837466,
        -0.954019845,
        0.033749193
      ],
      [
        -0.330246449,
        -0.06980075,
        0.941310346
      ]
    ],
    "pickTranslation": [
      0.0171117261,
      0.0535680056,
      -0.009477805
    ],
    "placeRotation": [
      [
        0.222740084,
        0.206937626,
        0.952661335
      ],
      [
        -0.280841023,
        0.9494046,
        -0.140567243
      ],
      [
        -0.933549762,
        -0.236236438,
        0.26958704
      ]
    ],
    "placeTranslation": [
      -0.508948147,
      0.7286947,
      -0.0115445442
    ]
  }
]