[
  {
    "timeStamp": 3014,
    "rotation": [
      [
        0.0131179737,
        0.9999138,
        -0.000473306281
      ],
      [
        0.0545587726,
        -0.000243120245,
        0.99851054
      ],
      [
        0.9984244,
        -0.0131242583,
        -0.0545572639
      ]
    ],
    "translation": [
      1.77000713,
      0.704178,
      -0.750345767
    ]
  },
  {
    "timeStamp": 3058,
    "rotation": [
      [
        0.0113104368,
        0.9992707,
        0.0364724435
      ],
      [
        0.0345734879,
        -0.036843773,
        0.9987228
      ],
      [
        0.9993382,
        -0.0100350138,
        -0.03496499
      ]
    ],
    "translation": [
      1.77032268,
      0.7075719,
      -0.7506276
    ]
  },
  {
    "timeStamp": 3113,
    "rotation": [
      [
        -0.02847862,
        0.9986714,
        0.04294607
      ],
      [
        0.0398848727,
        -0.0417940021,
        0.9983298
      ],
      [
        0.9987984,
        0.03014397,
        -0.0386416465
      ]
    ],
    "translation": [
      1.770318,
      0.7074083,
      -0.7515032
    ]
  },
  {
    "timeStamp": 3158,
    "rotation": [
      [
        -0.040110562,
        0.9985324,
        0.036389634
      ],
      [
        0.06198162,
        -0.0338623375,
        0.9975027
      ],
      [
        0.997271,
        0.04226589,
        -0.0605324171
      ]
    ],
    "translation": [
      1.77044487,
      0.7072233,
      -0.7521324
    ]
  },
  {
    "timeStamp": 3214,
    "rotation": [
      [
        -0.0285771042,
        0.9992497,
        0.0261406451
      ],
      [
        0.016947221,
        -0.02566323,
        0.999527
      ],
      [
        0.999447942,
        0.0290066041,
        -0.0162011255
      ]
    ],
    "translation": [
      1.77047873,
      0.704348564,
      -0.75176686
    ]
  },
  {
    "timeStamp": 3257,
    "rotation": [
      [
        0.08832203,
        0.9960755,
        0.005728188
      ],
      [
        -0.0859696,
        0.00189346878,
        0.996296
      ],
      [
        0.9923752,
        -0.08848733,
        0.08579945
      ]
    ],
    "translation": [
      1.78110385,
      0.7128774,
      -0.770603
    ]
  },
  {
    "timeStamp": 3313,
    "rotation": [
      [
        0.2686087,
        0.9546781,
        0.12821506
      ],
      [
        -0.269654185,
        -0.05325899,
        0.9614833
      ],
      [
        0.924735665,
        -0.2928365,
        0.243127123
      ]
    ],
    "translation": [
      1.761759,
      0.752926946,
      -0.811846256
    ]
  },
  {
    "timeStamp": 3357,
    "rotation": [
      [
        0.30529505,
        0.9348817,
        0.181083426
      ],
      [
        -0.2836451,
        -0.09225269,
        0.9544815
      ],
      [
        0.909032643,
        -0.3427619,
        0.2370103
      ]
    ],
    "translation": [
      1.75705,
      0.777354836,
      -0.81711936
    ]
  },
  {
    "timeStamp": 3413,
    "rotation": [
      [
        0.3554583,
        0.898176849,
        0.2587039
      ],
      [
        -0.298744231,
        -0.153089315,
        0.9419743
      ],
      [
        0.8856643,
        -0.412118852,
        0.21390827
      ]
    ],
    "translation": [
      1.75503874,
      0.808521,
      -0.819747865
    ]
  },
  {
    "timeStamp": 3457,
    "rotation": [
      [
        0.4048694,
        0.8613623,
        0.306815445
      ],
      [
        -0.295399785,
        -0.194339231,
        0.935398936
      ],
      [
        0.86534363,
        -0.469347656,
        0.175764233
      ]
    ],
    "translation": [
      1.75882089,
      0.832918346,
      -0.816138744
    ]
  },
  {
    "timeStamp": 3513,
    "rotation": [
      [
        0.4995698,
        0.789924264,
        0.355597556
      ],
      [
        -0.300915569,
        -0.226689413,
        0.9263162
      ],
      [
        0.8123299,
        -0.569764435,
        0.124453329
      ]
    ],
    "translation": [
      1.77242291,
      0.8613244,
      -0.8056946
    ]
  },
  {
    "timeStamp": 3557,
    "rotation": [
      [
        0.576238453,
        0.715815246,
        0.394408256
      ],
      [
        -0.294702739,
        -0.268131018,
        0.917200148
      ],
      [
        0.7622989,
        -0.6447591,
        0.056445308
      ]
    ],
    "translation": [
      1.78855991,
      0.888056159,
      -0.791241169
    ]
  },
  {
    "timeStamp": 3613,
    "rotation": [
      [
        0.6902309,
        0.5961053,
        0.410170466
      ],
      [
        -0.274873883,
        -0.308356166,
        0.9106925
      ],
      [
        0.6693472,
        -0.741333246,
        -0.0489831828
      ]
    ],
    "translation": [
      1.82236278,
      0.9204662,
      -0.7678596
    ]
  },
  {
    "timeStamp": 3657,
    "rotation": [
      [
        0.783625364,
        0.494835526,
        0.3755917
      ],
      [
        -0.231310174,
        -0.3287082,
        0.915667236
      ],
      [
        0.5765648,
        -0.804418266,
        -0.1431236
      ]
    ],
    "translation": [
      1.86377084,
      0.9411688,
      -0.747622132
    ]
  },
  {
    "timeStamp": 3713,
    "rotation": [
      [
        0.8840569,
        0.359397471,
        0.298792154
      ],
      [
        -0.174990475,
        -0.338267952,
        0.9246368
      ],
      [
        0.433383882,
        -0.86971736,
        -0.236157
      ]
    ],
    "translation": [
      1.92389274,
      0.9612776,
      -0.7298941
    ]
  },
  {
    "timeStamp": 3757,
    "rotation": [
      [
        0.939810038,
        0.265966624,
        0.214520156
      ],
      [
        -0.116787963,
        -0.3399749,
        0.933154643
      ],
      [
        0.3211195,
        -0.902041435,
        -0.288450122
      ]
    ],
    "translation": [
      1.97309089,
      0.971895754,
      -0.7230255
    ]
  },
  {
    "timeStamp": 3813,
    "rotation": [
      [
        0.979363441,
        0.166445032,
        0.114644505
      ],
      [
        -0.05325599,
        -0.334669,
        0.9408297
      ],
      [
        0.194964364,
        -0.9275197,
        -0.31889838
      ]
    ],
    "translation": [
      2.02839518,
      0.9784613,
      -0.720234036
    ]
  },
  {
    "timeStamp": 3857,
    "rotation": [
      [
        0.991046369,
        0.10979493,
        0.07597526
      ],
      [
        -0.03583444,
        -0.3294249,
        0.943501532
      ],
      [
        0.12861982,
        -0.937776268,
        -0.3225409
      ]
    ],
    "translation": [
      2.05780268,
      0.978705466,
      -0.7192555
    ]
  },
  {
    "timeStamp": 3913,
    "rotation": [
      [
        0.9973647,
        0.04492397,
        0.056969814
      ],
      [
        -0.0395940244,
        -0.3209608,
        0.9462645
      ],
      [
        0.0607950278,
        -0.946026444,
        -0.318336219
      ]
    ],
    "translation": [
      2.08499551,
      0.973223448,
      -0.7148039
    ]
  },
  {
    "timeStamp": 3957,
    "rotation": [
      [
        0.999245,
        0.0185833089,
        0.034118738
      ],
      [
        -0.0265843254,
        -0.3133637,
        0.949261
      ],
      [
        0.0283319838,
        -0.9494513,
        -0.3126331
      ]
    ],
    "translation": [
      2.10138655,
      0.964722335,
      -0.708238065
    ]
  },
  {
    "timeStamp": 4013,
    "rotation": [
      [
        0.999888241,
        -0.0027008024,
        0.0147097176
      ],
      [
        -0.0148622654,
        -0.2891563,
        0.957166553
      ],
      [
        0.00166828709,
        -0.9572782,
        -0.289164066
      ]
    ],
    "translation": [
      2.11811757,
      0.947826,
      -0.700260043
    ]
  },
  {
    "timeStamp": 4057,
    "rotation": [
      [
        0.9997272,
        -0.0228561554,
        0.004806933
      ],
      [
        -0.0108065652,
        -0.2702019,
        0.962743044
      ],
      [
        -0.0207057614,
        -0.962532341,
        -0.270375162
      ]
    ],
    "translation": [
      2.1304636,
      0.93099463,
      -0.691990733
    ]
  },
  {
    "timeStamp": 4112,
    "rotation": [
      [
        0.9987528,
        -0.04732416,
        0.0159168821
      ],
      [
        -0.0269872043,
        -0.243460551,
        0.9695353
      ],
      [
        -0.04200731,
        -0.9687556,
        -0.244434059
      ]
    ],
    "translation": [
      2.13837743,
      0.9063045,
      -0.681182265
    ]
  },
  {
    "timeStamp": 4157,
    "rotation": [
      [
        0.9982365,
        -0.0593599267,
        -0.000567146344
      ],
      [
        -0.01263928,
        -0.2218661,
        0.9749952
      ],
      [
        -0.0580014735,
        -0.973268569,
        -0.2222251
      ]
    ],
    "translation": [
      2.14761,
      0.8839114,
      -0.6729147
    ]
  },
  {
    "timeStamp": 4213,
    "rotation": [
      [
        0.997266054,
        -0.07026744,
        0.02286817
      ],
      [
        -0.03635456,
        -0.197119847,
        0.9797051
      ],
      [
        -0.0643335953,
        -0.977858,
        -0.199135467
      ]
    ],
    "translation": [
      2.146718,
      0.856772661,
      -0.660000563
    ]
  },
  {
    "timeStamp": 4257,
    "rotation": [
      [
        0.9986764,
        -0.0489149466,
        0.0158970952
      ],
      [
        -0.0246605221,
        -0.184147537,
        0.9825892
      ],
      [
        -0.04513588,
        -0.9816807,
        -0.185110062
      ]
    ],
    "translation": [
      2.14348459,
      0.8362174,
      -0.6467361
    ]
  },
  {
    "timeStamp": 4312,
    "rotation": [
      [
        0.996857166,
        -0.04939094,
        0.0619374663
      ],
      [
        -0.06886047,
        -0.153699085,
        0.9857154
      ],
      [
        -0.03916568,
        -0.9868825,
        -0.15661712
      ]
    ],
    "translation": [
      2.13164115,
      0.806921363,
      -0.633627951
    ]
  },
  {
    "timeStamp": 4357,
    "rotation": [
      [
        0.996572852,
        -0.0340535045,
        0.07538509
      ],
      [
        -0.0792161,
        -0.130465,
        0.9882832
      ],
      [
        -0.0238194,
        -0.9908679,
        -0.132715479
      ]
    ],
    "translation": [
      2.12281418,
      0.786861539,
      -0.6240929
    ]
  },
  {
    "timeStamp": 4413,
    "rotation": [
      [
        0.996702135,
        -0.0265331343,
        0.07668722
      ],
      [
        -0.07924992,
        -0.115092538,
        0.9901884
      ],
      [
        -0.0174466521,
        -0.9930004,
        -0.116815716
      ]
    ],
    "translation": [
      2.1179328,
      0.7688474,
      -0.6125817
    ]
  },
  {
    "timeStamp": 4457,
    "rotation": [
      [
        0.993281662,
        -0.034713503,
        0.110392414
      ],
      [
        -0.113382056,
        -0.101080254,
        0.988396347
      ],
      [
        -0.0231522266,
        -0.9942725,
        -0.104337052
      ]
    ],
    "translation": [
      2.10858226,
      0.7571024,
      -0.606738448
    ]
  },
  {
    "timeStamp": 4513,
    "rotation": [
      [
        0.9920464,
        -0.0265675634,
        0.123036914
      ],
      [
        -0.125010788,
        -0.0937668756,
        0.9877146
      ],
      [
        -0.0147044,
        -0.9952397,
        -0.09634233
      ]
    ],
    "translation": [
      2.10092545,
      0.745427132,
      -0.598829865
    ]
  },
  {
    "timeStamp": 4557,
    "rotation": [
      [
        0.9899626,
        0.00166634563,
        0.141320184
      ],
      [
        -0.140817225,
        -0.07347133,
        0.987305641
      ],
      [
        0.0120281912,
        -0.997296,
        -0.0724992156
      ]
    ],
    "translation": [
      2.0908525,
      0.7371294,
      -0.5959461
    ]
  },
  {
    "timeStamp": 4612,
    "rotation": [
      [
        0.9927835,
        0.0282250773,
        0.116550989
      ],
      [
        -0.115605891,
        -0.0330800079,
        0.992744148
      ],
      [
        0.0318758,
        -0.9990541,
        -0.0295783
      ]
    ],
    "translation": [
      2.08950853,
      0.730322659,
      -0.597244442
    ]
  },
  {
    "timeStamp": 4657,
    "rotation": [
      [
        0.9970867,
        0.0350501426,
        0.06774651
      ],
      [
        -0.06693437,
        -0.0238485262,
        0.997472346
      ],
      [
        0.03657719,
        -0.9991009,
        -0.02143299
      ]
    ],
    "translation": [
      2.08915925,
      0.7282712,
      -0.597686
    ]
  },
  {
    "timeStamp": 4712,
    "rotation": [
      [
        0.998764157,
        0.03669394,
        0.03352077
      ],
      [
        -0.03259961,
        -0.0254209284,
        0.99914515
      ],
      [
        0.03751471,
        -0.9990032,
        -0.0241933055
      ]
    ],
    "translation": [
      2.089192,
      0.7257914,
      -0.5978287
    ]
  },
  {
    "timeStamp": 4757,
    "rotation": [
      [
        0.9993518,
        0.0355746262,
        0.00551063
      ],
      [
        -0.004620094,
        -0.025066752,
        0.9996751
      ],
      [
        0.0357012078,
        -0.9990526,
        -0.0248861462
      ]
    ],
    "translation": [
      2.08942342,
      0.725122035,
      -0.597744
    ]
  },
  {
    "timeStamp": 4812,
    "rotation": [
      [
        0.999754369,
        0.0219994672,
        -0.00270453258
      ],
      [
        0.00327681052,
        -0.0260189511,
        0.9996561
      ],
      [
        0.0219215322,
        -0.9994194,
        -0.0260846466
      ]
    ],
    "translation": [
      2.088859,
      0.7250497,
      -0.597936153
    ]
  },
  {
    "timeStamp": 4857,
    "rotation": [
      [
        0.999967039,
        0.00382373668,
        -0.00716599
      ],
      [
        0.007272641,
        -0.02864804,
        0.9995631
      ],
      [
        0.00361677166,
        -0.999582231,
        -0.0286749024
      ]
    ],
    "translation": [
      2.08725142,
      0.7250844,
      -0.5982225
    ]
  },
  {
    "timeStamp": 4912,
    "rotation": [
      [
        0.9998579,
        0.00780296559,
        -0.0149442768
      ],
      [
        0.0152240964,
        -0.0371258259,
        0.9991946
      ],
      [
        0.00724186,
        -0.999280155,
        -0.0372393429
      ]
    ],
    "translation": [
      2.08896661,
      0.7247536,
      -0.598008335
    ]
  }
]