[
  {
    "timeStamp": 7578,
    "rotation": [
      [
        -0.0002041883,
        0.99999994,
        -0.0002668522
      ],
      [
        -0.0335610844,
        0.0002598491,
        0.9994366
      ],
      [
        0.9994366,
        0.0002130294,
        0.03356103
      ]
    ],
    "translation": [
      1.76999784,
      0.7064954,
      -0.6198816
    ]
  },
  {
    "timeStamp": 7633,
    "rotation": [
      [
        1.23281112E-07,
        0.999996543,
        -0.00263035367
      ],
      [
        -0.0256850589,
        0.002629489,
        0.999666631
      ],
      [
        0.9996701,
        6.743653E-05,
        0.0256849714
      ]
    ],
    "translation": [
      1.76998127,
      0.704927146,
      -0.619770169
    ]
  },
  {
    "timeStamp": 7678,
    "rotation": [
      [
        -9.564857E-05,
        0.999998868,
        -0.00153891742
      ],
      [
        0.007674301,
        0.00153960614,
        0.999969363
      ],
      [
        0.9999706,
        8.38341E-05,
        -0.007674439
      ]
    ],
    "translation": [
      1.7699579,
      0.7048653,
      -0.620169
    ]
  },
  {
    "timeStamp": 7733,
    "rotation": [
      [
        0.0481795445,
        0.9983418,
        0.03150091
      ],
      [
        -0.00375026953,
        -0.031356506,
        0.9995012
      ],
      [
        0.9988316,
        -0.0482736528,
        0.00223330874
      ]
    ],
    "translation": [
      1.76231217,
      0.708614469,
      -0.6283424
    ]
  },
  {
    "timeStamp": 7778,
    "rotation": [
      [
        0.150452927,
        0.9842314,
        0.0930178538
      ],
      [
        -0.06491853,
        -0.08404996,
        0.9943446
      ],
      [
        0.9864834,
        -0.155640647,
        0.0512493029
      ]
    ],
    "translation": [
      1.75500584,
      0.725578964,
      -0.63299185
    ]
  },
  {
    "timeStamp": 7833,
    "rotation": [
      [
        0.20539473,
        0.955057442,
        0.213724777
      ],
      [
        -0.104968749,
        -0.1956231,
        0.9750452
      ],
      [
        0.973033667,
        -0.222703576,
        0.0600712337
      ]
    ],
    "translation": [
      1.73619306,
      0.7660771,
      -0.6371979
    ]
  },
  {
    "timeStamp": 7877,
    "rotation": [
      [
        0.242156476,
        0.9129672,
        0.3284069
      ],
      [
        -0.144017115,
        -0.3009086,
        0.9427158
      ],
      [
        0.959489048,
        -0.275580943,
        0.0586159453
      ]
    ],
    "translation": [
      1.727303,
      0.8088627,
      -0.6421032
    ]
  },
  {
    "timeStamp": 7933,
    "rotation": [
      [
        0.296362132,
        0.854385734,
        0.4268425
      ],
      [
        -0.157249987,
        -0.397170067,
        0.9041728
      ],
      [
        0.942041337,
        -0.335083544,
        0.0166459735
      ]
    ],
    "translation": [
      1.73062754,
      0.8627141,
      -0.641016841
    ]
  },
  {
    "timeStamp": 7978,
    "rotation": [
      [
        0.340821683,
        0.793389261,
        0.504355
      ],
      [
        -0.157122433,
        -0.480858982,
        0.862604856
      ],
      [
        0.9269051,
        -0.373239934,
        -0.0392279141
      ]
    ],
    "translation": [
      1.73969579,
      0.9104573,
      -0.6357843
    ]
  },
  {
    "timeStamp": 8033,
    "rotation": [
      [
        0.431149423,
        0.704281449,
        0.5640015
      ],
      [
        -0.147209913,
        -0.561801732,
        0.8140688
      ],
      [
        0.8901906,
        -0.434011936,
        -0.1385433
      ]
    ],
    "translation": [
      1.76840687,
      0.968358934,
      -0.6183454
    ]
  },
  {
    "timeStamp": 8077,
    "rotation": [
      [
        0.536525249,
        0.6204528,
        0.5719956
      ],
      [
        -0.131677017,
        -0.6079583,
        0.7829737
      ],
      [
        0.8335477,
        -0.495403826,
        -0.244485617
      ]
    ],
    "translation": [
      1.80719745,
      1.00489521,
      -0.60217315
    ]
  },
  {
    "timeStamp": 8133,
    "rotation": [
      [
        0.6481248,
        0.521684,
        0.554779351
      ],
      [
        -0.121109322,
        -0.648620963,
        0.7514143
      ],
      [
        0.7518423,
        -0.5541992,
        -0.357206553
      ]
    ],
    "translation": [
      1.86416411,
      1.04234588,
      -0.5861354
    ]
  },
  {
    "timeStamp": 8177,
    "rotation": [
      [
        0.7396206,
        0.44112727,
        0.5082992
      ],
      [
        -0.108486414,
        -0.6672279,
        0.7369109
      ],
      [
        0.6642229,
        -0.600178063,
        -0.4456392
      ]
    ],
    "translation": [
      1.9186511,
      1.0637399,
      -0.5756422
    ]
  },
  {
    "timeStamp": 8233,
    "rotation": [
      [
        0.8415687,
        0.381770521,
        0.382117
      ],
      [
        -0.03519406,
        -0.6671688,
        0.7440747
      ],
      [
        0.539002359,
        -0.639638245,
        -0.548032343
      ]
    ],
    "translation": [
      1.99731493,
      1.0749079,
      -0.566538334
    ]
  },
  {
    "timeStamp": 8278,
    "rotation": [
      [
        0.892124,
        0.3195715,
        0.319356948
      ],
      [
        -0.0346221924,
        -0.656432033,
        0.7535902
      ],
      [
        0.4504621,
        -0.683352768,
        -0.5745545
      ]
    ],
    "translation": [
      2.0436976,
      1.07743716,
      -0.573467731
    ]
  },
  {
    "timeStamp": 8333,
    "rotation": [
      [
        0.9380232,
        0.264201283,
        0.224299073
      ],
      [
        -0.00764059648,
        -0.6312705,
        0.775525033
      ],
      [
        0.346488118,
        -0.729174256,
        -0.590127766
      ]
    ],
    "translation": [
      2.097759,
      1.0709908,
      -0.5843462
    ]
  },
  {
    "timeStamp": 8377,
    "rotation": [
      [
        0.9633262,
        0.21713087,
        0.157660529
      ],
      [
        0.00629539834,
        -0.605681658,
        0.795682132
      ],
      [
        0.268259257,
        -0.7655089,
        -0.584835947
      ]
    ],
    "translation": [
      2.13532352,
      1.06106162,
      -0.59435
    ]
  },
  {
    "timeStamp": 8433,
    "rotation": [
      [
        0.9812111,
        0.154474974,
        0.1155948
      ],
      [
        -0.007131815,
        -0.569683433,
        0.821833253
      ],
      [
        0.192805111,
        -0.8072163,
        -0.557878
      ]
    ],
    "translation": [
      2.16656137,
      1.043773,
      -0.6084942
    ]
  },
  {
    "timeStamp": 8477,
    "rotation": [
      [
        0.9917594,
        0.118301354,
        0.04917371
      ],
      [
        0.0232513547,
        -0.543659747,
        0.8389836
      ],
      [
        0.125986665,
        -0.830926538,
        -0.5419303
      ]
    ],
    "translation": [
      2.19397974,
      1.02872312,
      -0.617357433
    ]
  },
  {
    "timeStamp": 8533,
    "rotation": [
      [
        0.9960948,
        0.07074755,
        0.052819062
      ],
      [
        -0.009334176,
        -0.5105089,
        0.8598218
      ],
      [
        0.087794885,
        -0.8569571,
        -0.507854939
      ]
    ],
    "translation": [
      2.204299,
      1.00801373,
      -0.628383756
    ]
  },
  {
    "timeStamp": 8577,
    "rotation": [
      [
        0.9984608,
        0.0532227531,
        0.0156014189
      ],
      [
        0.0121102072,
        -0.483721077,
        0.8751384
      ],
      [
        0.0541240126,
        -0.87360245,
        -0.483621061
      ]
    ],
    "translation": [
      2.21565461,
      0.9887825,
      -0.634055257
    ]
  },
  {
    "timeStamp": 8633,
    "rotation": [
      [
        0.9996245,
        0.0180221759,
        0.0206432026
      ],
      [
        -0.010350679,
        -0.449189156,
        0.8933767
      ],
      [
        0.0253732949,
        -0.8932549,
        -0.4488339
      ]
    ],
    "translation": [
      2.21841216,
      0.9628491,
      -0.6389614
    ]
  },
  {
    "timeStamp": 8677,
    "rotation": [
      [
        0.999974132,
        0.006608464,
        0.00283178617
      ],
      [
        0.000190553968,
        -0.418093354,
        0.908404052
      ],
      [
        0.007187106,
        -0.908380032,
        -0.418083817
      ]
    ],
    "translation": [
      2.22293282,
      0.9396329,
      -0.640993237
    ]
  },
  {
    "timeStamp": 8733,
    "rotation": [
      [
        0.9994712,
        -0.0242923722,
        0.02161584
      ],
      [
        -0.0291462727,
        -0.374530852,
        0.926756263
      ],
      [
        -0.01441731,
        -0.9268962,
        -0.3750408
      ]
    ],
    "translation": [
      2.222162,
      0.9090512,
      -0.642761767
    ]
  },
  {
    "timeStamp": 8777,
    "rotation": [
      [
        0.9987353,
        -0.03801542,
        0.03290361
      ],
      [
        -0.0440956838,
        -0.3479121,
        0.9364896
      ],
      [
        -0.02415348,
        -0.9367561,
        -0.3491484
      ]
    ],
    "translation": [
      2.21851277,
      0.885486245,
      -0.640800536
    ]
  },
  {
    "timeStamp": 8833,
    "rotation": [
      [
        0.9978894,
        -0.056824483,
        0.0314281136
      ],
      [
        -0.0473808348,
        -0.3061941,
        0.9507893
      ],
      [
        -0.0444050059,
        -0.950271666,
        -0.308240235
      ]
    ],
    "translation": [
      2.22074747,
      0.85481286,
      -0.6368009
    ]
  },
  {
    "timeStamp": 8877,
    "rotation": [
      [
        0.9936541,
        -0.08063193,
        0.07842282
      ],
      [
        -0.09714288,
        -0.263722718,
        0.9596945
      ],
      [
        -0.05670012,
        -0.9612226,
        -0.269881964
      ]
    ],
    "translation": [
      2.21081233,
      0.830527842,
      -0.633898
    ]
  },
  {
    "timeStamp": 8933,
    "rotation": [
      [
        0.9935747,
        -0.08273258,
        0.07723125
      ],
      [
        -0.09418428,
        -0.226014748,
        0.96956
      ],
      [
        -0.0627587959,
        -0.970604241,
        -0.232354641
      ]
    ],
    "translation": [
      2.206615,
      0.803495169,
      -0.627156734
    ]
  },
  {
    "timeStamp": 8977,
    "rotation": [
      [
        0.988305867,
        -0.09095633,
        0.122386195
      ],
      [
        -0.137495413,
        -0.184556678,
        0.973156631
      ],
      [
        -0.0659275651,
        -0.978603959,
        -0.194904551
      ]
    ],
    "translation": [
      2.1948874,
      0.7837175,
      -0.623262167
    ]
  },
  {
    "timeStamp": 9032,
    "rotation": [
      [
        0.9863573,
        -0.08388893,
        0.141639963
      ],
      [
        -0.153319091,
        -0.154867008,
        0.9759659
      ],
      [
        -0.0599373877,
        -0.9843672,
        -0.165615976
      ]
    ],
    "translation": [
      2.18241215,
      0.764531851,
      -0.6154103
    ]
  },
  {
    "timeStamp": 9077,
    "rotation": [
      [
        0.986012757,
        -0.07559218,
        0.148541868
      ],
      [
        -0.157492325,
        -0.130912989,
        0.97880435
      ],
      [
        -0.0545438938,
        -0.988507748,
        -0.140987068
      ]
    ],
    "translation": [
      2.176615,
      0.7496009,
      -0.609663665
    ]
  },
  {
    "timeStamp": 9132,
    "rotation": [
      [
        0.9864701,
        -0.06317802,
        0.151278779
      ],
      [
        -0.155599833,
        -0.07022069,
        0.985321164
      ],
      [
        -0.05162776,
        -0.9955288,
        -0.07910109
      ]
    ],
    "translation": [
      2.16809821,
      0.737389445,
      -0.607093155
    ]
  },
  {
    "timeStamp": 9177,
    "rotation": [
      [
        0.992410362,
        -0.03650349,
        0.117427647
      ],
      [
        -0.11823725,
        -0.0208660252,
        0.992766142
      ],
      [
        -0.0337891877,
        -0.999115646,
        -0.0250237323
      ]
    ],
    "translation": [
      2.16640735,
      0.730684161,
      -0.6080479
    ]
  },
  {
    "timeStamp": 9233,
    "rotation": [
      [
        0.996362448,
        -0.0363686942,
        0.0770662
      ],
      [
        -0.07701211,
        0.002887868,
        0.997025967
      ],
      [
        -0.0364830866,
        -0.9993343,
        7.653361E-05
      ]
    ],
    "translation": [
      2.16615415,
      0.7289824,
      -0.607538462
    ]
  },
  {
    "timeStamp": 9277,
    "rotation": [
      [
        0.9979252,
        -0.04030382,
        0.05020816
      ],
      [
        -0.0493776761,
        0.02134374,
        0.9985521
      ],
      [
        -0.0413171053,
        -0.998959541,
        0.0193093475
      ]
    ],
    "translation": [
      2.16592169,
      0.7264104,
      -0.6073001
    ]
  },
  {
    "timeStamp": 9332,
    "rotation": [
      [
        0.9987013,
        -0.042314142,
        0.0283762533
      ],
      [
        -0.0272751674,
        0.026375914,
        0.9992799
      ],
      [
        -0.0430321321,
        -0.9987561,
        0.0251875352
      ]
    ],
    "translation": [
      2.16597128,
      0.7262084,
      -0.6071457
    ]
  },
  {
    "timeStamp": 9377,
    "rotation": [
      [
        0.9990253,
        -0.04414206,
        -0.000130101776
      ],
      [
        0.0008919392,
        0.01723951,
        0.999851
      ],
      [
        -0.04413324,
        -0.9988765,
        0.017262077
      ]
    ],
    "translation": [
      2.165878,
      0.725470662,
      -0.60704
    ]
  },
  {
    "timeStamp": 9432,
    "rotation": [
      [
        0.998734951,
        -0.0440656543,
        -0.0242233779
      ],
      [
        0.02489663,
        0.0147941671,
        0.999580562
      ],
      [
        -0.04368881,
        -0.9989191,
        0.0158725362
      ]
    ],
    "translation": [
      2.1656754,
      0.725043952,
      -0.6070125
    ]
  },
  {
    "timeStamp": 9477,
    "rotation": [
      [
        0.9983617,
        -0.044797238,
        -0.03559654
      ],
      [
        0.0362275653,
        0.0133539159,
        0.999254346
      ],
      [
        -0.0442884825,
        -0.998906851,
        0.014954933
      ]
    ],
    "translation": [
      2.16551328,
      0.724831045,
      -0.6070518
    ]
  },
  {
    "timeStamp": 9532,
    "rotation": [
      [
        0.9981053,
        -0.044202622,
        -0.04280105
      ],
      [
        0.04332663,
        0.0110011036,
        0.9990004
      ],
      [
        -0.0436875671,
        -0.998962,
        0.0128954109
      ]
    ],
    "translation": [
      2.165426,
      0.7246898,
      -0.6071018
    ]
  }
]