[
  {
    "timeStamp": 65951,
    "rotation": [
      [
        0.951691,
        0.0357429869,
        -0.3049702
      ],
      [
        -0.260896027,
        0.6178656,
        -0.741738
      ],
      [
        0.1619187,
        0.7854709,
        0.5973423
      ]
    ],
    "translation": [
      1.33000708,
      0.7731425,
      -0.8039527
    ]
  },
  {
    "timeStamp": 65995,
    "rotation": [
      [
        0.9558126,
        0.06584916,
        -0.286506861
      ],
      [
        -0.2727063,
        0.5625771,
        -0.7804731
      ],
      [
        0.109788693,
        0.824118257,
        0.5556758
      ]
    ],
    "translation": [
      1.33006728,
      0.776011646,
      -0.79935956
    ]
  },
  {
    "timeStamp": 66051,
    "rotation": [
      [
        0.9344915,
        0.255247653,
        -0.248141438
      ],
      [
        -0.328898042,
        0.3523604,
        -0.876166761
      ],
      [
        -0.136204287,
        0.900383651,
        0.413228273
      ]
    ],
    "translation": [
      1.33607018,
      0.7757944,
      -0.782143533
    ]
  },
  {
    "timeStamp": 66095,
    "rotation": [
      [
        0.8882078,
        0.3311793,
        -0.318444878
      ],
      [
        -0.3944177,
        0.194162428,
        -0.898184657
      ],
      [
        -0.23563014,
        0.9233749,
        0.303079575
      ]
    ],
    "translation": [
      1.346414,
      0.774437666,
      -0.769873
    ]
  },
  {
    "timeStamp": 66151,
    "rotation": [
      [
        0.874069631,
        0.414735,
        -0.252976418
      ],
      [
        -0.309746653,
        0.07461924,
        -0.9478866
      ],
      [
        -0.374244839,
        0.906877458,
        0.1936852
      ]
    ],
    "translation": [
      1.36225092,
      0.7872817,
      -0.75441426
    ]
  },
  {
    "timeStamp": 66195,
    "rotation": [
      [
        0.832258046,
        0.48346588,
        -0.271306753
      ],
      [
        -0.319996148,
        0.0193013866,
        -0.947222233
      ],
      [
        -0.452713042,
        0.875150442,
        0.170770943
      ]
    ],
    "translation": [
      1.37753093,
      0.8013277,
      -0.7431192
    ]
  },
  {
    "timeStamp": 66251,
    "rotation": [
      [
        0.755560637,
        0.566456139,
        -0.3290221
      ],
      [
        -0.343856752,
        -0.08455938,
        -0.935207069
      ],
      [
        -0.5575757,
        0.819742143,
        0.130890027
      ]
    ],
    "translation": [
      1.4038918,
      0.8218127,
      -0.7282689
    ]
  },
  {
    "timeStamp": 66295,
    "rotation": [
      [
        0.701718569,
        0.6155089,
        -0.358803332
      ],
      [
        -0.365355372,
        -0.121470295,
        -0.922908664
      ],
      [
        -0.6116424,
        0.778712869,
        0.139641523
      ]
    ],
    "translation": [
      1.42807436,
      0.840491533,
      -0.7175539
    ]
  },
  {
    "timeStamp": 66350,
    "rotation": [
      [
        0.64298445,
        0.665794849,
        -0.3785343
      ],
      [
        -0.400306344,
        -0.129207417,
        -0.9072267
      ],
      [
        -0.6529363,
        0.7348623,
        0.183443561
      ]
    ],
    "translation": [
      1.46236622,
      0.86311996,
      -0.707107961
    ]
  },
  {
    "timeStamp": 66395,
    "rotation": [
      [
        0.6065107,
        0.706515968,
        -0.3646641
      ],
      [
        -0.428409666,
        -0.09597223,
        -0.8984734
      ],
      [
        -0.6697834,
        0.7011594,
        0.24447009
      ]
    ],
    "translation": [
      1.49462152,
      0.881579,
      -0.70070827
    ]
  },
  {
    "timeStamp": 66450,
    "rotation": [
      [
        0.547796965,
        0.7641511,
        -0.340575427
      ],
      [
        -0.4615921,
        -0.0634549,
        -0.884819865
      ],
      [
        -0.697747231,
        0.6419086,
        0.317965716
      ]
    ],
    "translation": [
      1.54177773,
      0.903536558,
      -0.695561051
    ]
  },
  {
    "timeStamp": 66495,
    "rotation": [
      [
        0.497448266,
        0.8122915,
        -0.304512262
      ],
      [
        -0.479322761,
        -0.0352070071,
        -0.876932263
      ],
      [
        -0.7230456,
        0.58218807,
        0.371836126
      ]
    ],
    "translation": [
      1.584205,
      0.91922605,
      -0.694206357
    ]
  },
  {
    "timeStamp": 66551,
    "rotation": [
      [
        0.435127974,
        0.867105246,
        -0.242470935
      ],
      [
        -0.496447,
        0.006392154,
        -0.8680435
      ],
      [
        -0.7511351,
        0.498084,
        0.4332532
      ]
    ],
    "translation": [
      1.64419,
      0.937808335,
      -0.6980648
    ]
  },
  {
    "timeStamp": 66595,
    "rotation": [
      [
        0.377312243,
        0.907892168,
        -0.182667017
      ],
      [
        -0.5015101,
        0.03449404,
        -0.864463866
      ],
      [
        -0.778539062,
        0.417782158,
        0.468332142
      ]
    ],
    "translation": [
      1.6983794,
      0.951936,
      -0.705215454
    ]
  },
  {
    "timeStamp": 66651,
    "rotation": [
      [
        0.327813923,
        0.940579832,
        -0.08858623
      ],
      [
        -0.499130368,
        0.0928163156,
        -0.8615416
      ],
      [
        -0.802126467,
        0.3266414,
        0.499898463
      ]
    ],
    "translation": [
      1.76773739,
      0.967619836,
      -0.7191635
    ]
  },
  {
    "timeStamp": 66695,
    "rotation": [
      [
        0.28694573,
        0.957923353,
        -0.00670062425
      ],
      [
        -0.4875946,
        0.140030831,
        -0.8617673
      ],
      [
        -0.824568748,
        0.250547647,
        0.5072595
      ]
    ],
    "translation": [
      1.82725394,
      0.979265332,
      -0.733728647
    ]
  },
  {
    "timeStamp": 66751,
    "rotation": [
      [
        0.262511522,
        0.959629,
        0.100994229
      ],
      [
        -0.4644196,
        0.217397377,
        -0.858517766
      ],
      [
        -0.8458144,
        0.17846708,
        0.502739847
      ]
    ],
    "translation": [
      1.90045047,
      0.993690431,
      -0.753836036
    ]
  },
  {
    "timeStamp": 66795,
    "rotation": [
      [
        0.257696927,
        0.948040962,
        0.186576054
      ],
      [
        -0.4309451,
        0.285599977,
        -0.855990052
      ],
      [
        -0.864799738,
        0.140181974,
        0.482151836
      ]
    ],
    "translation": [
      1.956866,
      1.00415576,
      -0.7689319
    ]
  },
  {
    "timeStamp": 66850,
    "rotation": [
      [
        0.259220153,
        0.92125,
        0.290005744
      ],
      [
        -0.384587854,
        0.37389493,
        -0.843975544
      ],
      [
        -0.8859441,
        0.107242763,
        0.451222658
      ]
    ],
    "translation": [
      2.02525,
      1.01699054,
      -0.7856972
    ]
  },
  {
    "timeStamp": 66895,
    "rotation": [
      [
        0.2766588,
        0.890612543,
        0.360928327
      ],
      [
        -0.331942618,
        0.441037655,
        -0.83384645
      ],
      [
        -0.9018171,
        0.110883467,
        0.41764918
      ]
    ],
    "translation": [
      2.07548332,
      1.02481449,
      -0.7946679
    ]
  },
  {
    "timeStamp": 66950,
    "rotation": [
      [
        0.3059988,
        0.859878063,
        0.408625036
      ],
      [
        -0.26679945,
        0.4894678,
        -0.8302044
      ],
      [
        -0.9138833,
        0.145020649,
        0.379191548
      ]
    ],
    "translation": [
      2.12660718,
      1.02792549,
      -0.799326837
    ]
  },
  {
    "timeStamp": 66995,
    "rotation": [
      [
        0.3444722,
        0.8328788,
        0.433188021
      ],
      [
        -0.1938087,
        0.51458,
        -0.8352518
      ],
      [
        -0.918573439,
        0.2037654,
        0.338677645
      ]
    ],
    "translation": [
      2.16019535,
      1.02133918,
      -0.796474159
    ]
  },
  {
    "timeStamp": 67050,
    "rotation": [
      [
        0.445270866,
        0.772521,
        0.452708721
      ],
      [
        -0.0833129361,
        0.539147854,
        -0.8380803
      ],
      [
        -0.891511559,
        0.335456252,
        0.304427832
      ]
    ],
    "translation": [
      2.18469477,
      1.00106955,
      -0.790071666
    ]
  },
  {
    "timeStamp": 67095,
    "rotation": [
      [
        0.5207132,
        0.7410119,
        0.4239801
      ],
      [
        -0.00142979913,
        0.497376055,
        -0.867533863
      ],
      [
        -0.8537305,
        0.451130122,
        0.2600498
      ]
    ],
    "translation": [
      2.19579339,
      0.978848934,
      -0.7831704
    ]
  },
  {
    "timeStamp": 67150,
    "rotation": [
      [
        0.6545081,
        0.6203718,
        0.432154924
      ],
      [
        0.108783208,
        0.488372356,
        -0.8658283
      ],
      [
        -0.748188,
        0.613702834,
        0.252157629
      ]
    ],
    "translation": [
      2.198048,
      0.9486198,
      -0.776801348
    ]
  },
  {
    "timeStamp": 67195,
    "rotation": [
      [
        0.7119413,
        0.581090868,
        0.39430058
      ],
      [
        0.158550248,
        0.413981885,
        -0.8963709
      ],
      [
        -0.6841063,
        0.7006799,
        0.202598676
      ]
    ],
    "translation": [
      2.199716,
      0.9245063,
      -0.770638049
    ]
  },
  {
    "timeStamp": 67250,
    "rotation": [
      [
        0.7709595,
        0.497062981,
        0.398183256
      ],
      [
        0.233923942,
        0.360504031,
        -0.902948737
      ],
      [
        -0.5923691,
        0.7892815,
        0.161659047
      ]
    ],
    "translation": [
      2.19859123,
      0.8940779,
      -0.7655009
    ]
  },
  {
    "timeStamp": 67295,
    "rotation": [
      [
        0.800260544,
        0.428849,
        0.419131964
      ],
      [
        0.302111179,
        0.315430969,
        -0.8995733
      ],
      [
        -0.5179883,
        0.8465175,
        0.122866906
      ]
    ],
    "translation": [
      2.19720531,
      0.869870663,
      -0.764338434
    ]
  },
  {
    "timeStamp": 67350,
    "rotation": [
      [
        0.816787,
        0.39172712,
        0.423566818
      ],
      [
        0.334255844,
        0.277093977,
        -0.9008285
      ],
      [
        -0.470246762,
        0.877364635,
        0.09538968
      ]
    ],
    "translation": [
      2.196059,
      0.847140253,
      -0.75898385
    ]
  },
  {
    "timeStamp": 67395,
    "rotation": [
      [
        0.834798634,
        0.3440294,
        0.429831326
      ],
      [
        0.35438475,
        0.261702955,
        -0.897732139
      ],
      [
        -0.4213344,
        0.9017512,
        0.09655049
      ]
    ],
    "translation": [
      2.19237781,
      0.830720961,
      -0.757517457
    ]
  },
  {
    "timeStamp": 67450,
    "rotation": [
      [
        0.841281,
        0.32971248,
        0.428411
      ],
      [
        0.368472278,
        0.230144128,
        -0.900700748
      ],
      [
        -0.395568579,
        0.9156,
        0.0721259639
      ]
    ],
    "translation": [
      2.18917155,
      0.814829946,
      -0.754653931
    ]
  },
  {
    "timeStamp": 67495,
    "rotation": [
      [
        0.8508977,
        0.312337071,
        0.422396243
      ],
      [
        0.3624717,
        0.232927233,
        -0.9024185
      ],
      [
        -0.380246341,
        0.9209726,
        0.08498391
      ]
    ],
    "translation": [
      2.18853283,
      0.8047365,
      -0.7531431
    ]
  },
  {
    "timeStamp": 67551,
    "rotation": [
      [
        0.853065968,
        0.2970707,
        0.4289842
      ],
      [
        0.379556447,
        0.210885361,
        -0.9008131
      ],
      [
        -0.358071685,
        0.931276739,
        0.06714402
      ]
    ],
    "translation": [
      2.18762565,
      0.793801069,
      -0.7523298
    ]
  },
  {
    "timeStamp": 67595,
    "rotation": [
      [
        0.8605264,
        0.2888267,
        0.419611156
      ],
      [
        0.3662071,
        0.221839368,
        -0.903703332
      ],
      [
        -0.3540999,
        0.931325138,
        0.08512824
      ]
    ],
    "translation": [
      2.188245,
      0.790506,
      -0.753387
    ]
  },
  {
    "timeStamp": 67650,
    "rotation": [
      [
        0.8687886,
        0.2775441,
        0.4100921
      ],
      [
        0.3388194,
        0.2707675,
        -0.901047349
      ],
      [
        -0.361120015,
        0.9217668,
        0.1412024
      ]
    ],
    "translation": [
      2.18871069,
      0.7911942,
      -0.757592261
    ]
  },
  {
    "timeStamp": 67695,
    "rotation": [
      [
        0.8798338,
        0.2796331,
        0.384314477
      ],
      [
        0.301494449,
        0.2967158,
        -0.906124055
      ],
      [
        -0.367414474,
        0.9131073,
        0.176752776
      ]
    ],
    "translation": [
      2.19056225,
      0.7926352,
      -0.7602515
    ]
  },
  {
    "timeStamp": 67750,
    "rotation": [
      [
        0.9089642,
        0.274019331,
        0.31416142
      ],
      [
        0.236211017,
        0.2824121,
        -0.9297568
      ],
      [
        -0.343494356,
        0.9193241,
        0.191976115
      ]
    ],
    "translation": [
      2.1950593,
      0.793720067,
      -0.7608309
    ]
  },
  {
    "timeStamp": 67795,
    "rotation": [
      [
        0.913288832,
        0.332358778,
        0.2354596
      ],
      [
        0.18895936,
        0.166386589,
        -0.9677861
      ],
      [
        -0.3608295,
        0.928360462,
        0.08915671
      ]
    ],
    "translation": [
      2.2017405,
      0.7928258,
      -0.753987
    ]
  },
  {
    "timeStamp": 67850,
    "rotation": [
      [
        0.902709365,
        0.3736976,
        0.213227227
      ],
      [
        0.204077736,
        0.06439645,
        -0.976834357
      ],
      [
        -0.378771752,
        0.9253125,
        -0.018132085
      ]
    ],
    "translation": [
      2.204364,
      0.79160136,
      -0.7465185
    ]
  },
  {
    "timeStamp": 67895,
    "rotation": [
      [
        0.8803389,
        0.435915828,
        0.187031463
      ],
      [
        0.230987921,
        -0.04957501,
        -0.9716928
      ],
      [
        -0.414304167,
        0.898620963,
        -0.144334108
      ]
    ],
    "translation": [
      2.20780182,
      0.7896426,
      -0.7384159
    ]
  },
  {
    "timeStamp": 67950,
    "rotation": [
      [
        0.857499957,
        0.461728424,
        0.226937547
      ],
      [
        0.261466444,
        -0.01121718,
        -0.9651474
      ],
      [
        -0.443090379,
        0.8869504,
        -0.130345225
      ]
    ],
    "translation": [
      2.20761538,
      0.7895791,
      -0.7392189
    ]
  },
  {
    "timeStamp": 67995,
    "rotation": [
      [
        0.8660689,
        0.334334731,
        0.371678531
      ],
      [
        0.314981878,
        0.212408379,
        -0.925023854
      ],
      [
        -0.3882152,
        0.918206334,
        0.07865091
      ]
    ],
    "translation": [
      2.20633578,
      0.796601832,
      -0.74076
    ]
  }
]