[
  {
    "timeStamp": 11754,
    "rotation": [
      [
        -0.9963358,
        -0.04068079,
        0.07523304
      ],
      [
        0.07906145,
        -0.102558814,
        0.991580069
      ],
      [
        -0.03262247,
        0.993894756,
        0.1053993
      ]
    ],
    "translation": [
      1.62176573,
      0.70560807,
      -0.749969959
    ]
  },
  {
    "timeStamp": 11798,
    "rotation": [
      [
        -0.9992348,
        -0.0252452809,
        0.0298743639
      ],
      [
        0.0322915465,
        -0.1015009,
        0.9943112
      ],
      [
        -0.0220693815,
        0.994515061,
        0.102238432
      ]
    ],
    "translation": [
      1.6298337,
      0.7085137,
      -0.7513323
    ]
  },
  {
    "timeStamp": 11854,
    "rotation": [
      [
        -0.9968894,
        -0.07746141,
        0.0145332962
      ],
      [
        0.020847654,
        -0.08134164,
        0.996468246
      ],
      [
        -0.07600568,
        0.993671656,
        0.08270351
      ]
    ],
    "translation": [
      1.62619424,
      0.715329051,
      -0.748011947
    ]
  },
  {
    "timeStamp": 11898,
    "rotation": [
      [
        -0.9944858,
        -0.103372365,
        0.0176678859
      ],
      [
        0.02266292,
        -0.0473475158,
        0.998621345
      ],
      [
        -0.102393314,
        0.993515134,
        0.0494291522
      ]
    ],
    "translation": [
      1.624199,
      0.7255705,
      -0.744457245
    ]
  },
  {
    "timeStamp": 11954,
    "rotation": [
      [
        -0.9916085,
        -0.12049216,
        0.0468429923
      ],
      [
        0.051160153,
        -0.03298739,
        0.9981455
      ],
      [
        -0.118723482,
        0.992166042,
        0.0388749726
      ]
    ],
    "translation": [
      1.6212883,
      0.737417161,
      -0.7425227
    ]
  },
  {
    "timeStamp": 12001,
    "rotation": [
      [
        -0.9903161,
        -0.111340664,
        0.08292969
      ],
      [
        0.08626327,
        -0.0254562162,
        0.9959471
      ],
      [
        -0.108778343,
        0.9934562,
        0.0348143131
      ]
    ],
    "translation": [
      1.62439632,
      0.750126362,
      -0.7423142
    ]
  },
  {
    "timeStamp": 12054,
    "rotation": [
      [
        -0.987813652,
        -0.09919926,
        0.11993169
      ],
      [
        0.12097726,
        -0.00457085855,
        0.9926447
      ],
      [
        -0.09792142,
        0.9950571,
        0.01651601
      ]
    ],
    "translation": [
      1.63248575,
      0.7727425,
      -0.7397998
    ]
  },
  {
    "timeStamp": 12098,
    "rotation": [
      [
        -0.985697865,
        -0.08562726,
        0.145146653
      ],
      [
        0.144318432,
        0.0158177055,
        0.989404857
      ],
      [
        -0.08701591,
        0.996201634,
        -0.00323388656
      ]
    ],
    "translation": [
      1.64575529,
      0.7931624,
      -0.7384332
    ]
  },
  {
    "timeStamp": 12154,
    "rotation": [
      [
        -0.9813534,
        -0.06255757,
        0.181747332
      ],
      [
        0.1801812,
        0.0298742149,
        0.9831797
      ],
      [
        -0.06693488,
        0.9975941,
        -0.0180454627
      ]
    ],
    "translation": [
      1.668409,
      0.818489432,
      -0.7383948
    ]
  },
  {
    "timeStamp": 12198,
    "rotation": [
      [
        -0.980441451,
        -0.03363527,
        0.1939154
      ],
      [
        0.192427889,
        0.0429514237,
        0.9803707
      ],
      [
        -0.04130397,
        0.9985108,
        -0.03563899
      ]
    ],
    "translation": [
      1.69674957,
      0.838610768,
      -0.739240766
    ]
  },
  {
    "timeStamp": 12253,
    "rotation": [
      [
        -0.9793764,
        0.0187856462,
        0.2011691
      ],
      [
        0.201896459,
        0.052909337,
        0.9779767
      ],
      [
        0.007728192,
        0.998422563,
        -0.05561091
      ]
    ],
    "translation": [
      1.74154615,
      0.86282,
      -0.740908861
    ]
  },
  {
    "timeStamp": 12298,
    "rotation": [
      [
        -0.9770199,
        0.06694062,
        0.202363744
      ],
      [
        0.206608161,
        0.06404881,
        0.976325154
      ],
      [
        0.0523946546,
        0.995699167,
        -0.07640744
      ]
    ],
    "translation": [
      1.781678,
      0.8817515,
      -0.7430153
    ]
  },
  {
    "timeStamp": 12353,
    "rotation": [
      [
        -0.9701993,
        0.1458109,
        0.193526253
      ],
      [
        0.2064955,
        0.07965852,
        0.9751995
      ],
      [
        0.126778692,
        0.9861002,
        -0.107393935
      ]
    ],
    "translation": [
      1.84047675,
      0.9041798,
      -0.744286835
    ]
  },
  {
    "timeStamp": 12398,
    "rotation": [
      [
        -0.9646353,
        0.207607776,
        0.16241242
      ],
      [
        0.184890047,
        0.09376998,
        0.9782755
      ],
      [
        0.187868208,
        0.973707438,
        -0.12883845
      ]
    ],
    "translation": [
      1.891938,
      0.920495749,
      -0.7458737
    ]
  },
  {
    "timeStamp": 12454,
    "rotation": [
      [
        -0.9548487,
        0.265648,
        0.133023039
      ],
      [
        0.163941488,
        0.09772946,
        0.9816171
      ],
      [
        0.247764334,
        0.9591038,
        -0.136867568
      ]
    ],
    "translation": [
      1.95438755,
      0.9366816,
      -0.7477242
    ]
  },
  {
    "timeStamp": 12498,
    "rotation": [
      [
        -0.9468474,
        0.311572462,
        0.08001694
      ],
      [
        0.123197593,
        0.121444561,
        0.9849231
      ],
      [
        0.2971573,
        0.9424298,
        -0.153374448
      ]
    ],
    "translation": [
      2.00831628,
      0.9513122,
      -0.7470574
    ]
  },
  {
    "timeStamp": 12553,
    "rotation": [
      [
        -0.934834063,
        0.35346204,
        0.0339109
      ],
      [
        0.08652976,
        0.134144291,
        0.9871767
      ],
      [
        0.344380528,
        0.9257807,
        -0.15598762
      ]
    ],
    "translation": [
      2.07159328,
      0.9670537,
      -0.7473042
    ]
  },
  {
    "timeStamp": 12597,
    "rotation": [
      [
        -0.9221739,
        0.3865883,
        0.0120336208
      ],
      [
        0.07276008,
        0.142837852,
        0.987068057
      ],
      [
        0.379870117,
        0.911123931,
        -0.159849539
      ]
    ],
    "translation": [
      2.11534953,
      0.9787604,
      -0.745779932
    ]
  },
  {
    "timeStamp": 12653,
    "rotation": [
      [
        -0.9155557,
        0.401864141,
        -0.01621666
      ],
      [
        0.0553074852,
        0.165738329,
        0.984617651
      ],
      [
        0.398370266,
        0.9005754,
        -0.173968762
      ]
    ],
    "translation": [
      2.1660955,
      0.995085537,
      -0.7389617
    ]
  },
  {
    "timeStamp": 12698,
    "rotation": [
      [
        -0.9089746,
        0.4142373,
        -0.0466129258
      ],
      [
        0.0348192826,
        0.18688035,
        0.981765449
      ],
      [
        0.415394872,
        0.8907768,
        -0.184292912
      ]
    ],
    "translation": [
      2.20393586,
      1.00747466,
      -0.7318945
    ]
  },
  {
    "timeStamp": 12753,
    "rotation": [
      [
        -0.901799262,
        0.430290371,
        -0.0401027575
      ],
      [
        0.0492519848,
        0.19452557,
        0.979660153
      ],
      [
        0.429339349,
        0.881481647,
        -0.196615681
      ]
    ],
    "translation": [
      2.24150658,
      1.01819873,
      -0.720568538
    ]
  },
  {
    "timeStamp": 12797,
    "rotation": [
      [
        -0.9052242,
        0.421331584,
        -0.05521606
      ],
      [
        0.034615986,
        0.20262453,
        0.9786445
      ],
      [
        0.423521966,
        0.8839813,
        -0.198005438
      ]
    ],
    "translation": [
      2.26871634,
      1.02578282,
      -0.709953
    ]
  },
  {
    "timeStamp": 12853,
    "rotation": [
      [
        -0.929313958,
        0.35649997,
        -0.09635064
      ],
      [
        -0.02125989,
        0.208827451,
        0.9777214
      ],
      [
        0.3686783,
        0.910658538,
        -0.186487108
      ]
    ],
    "translation": [
      2.295152,
      1.03113532,
      -0.693128765
    ]
  },
  {
    "timeStamp": 12898,
    "rotation": [
      [
        -0.953494847,
        0.287854373,
        -0.08937247
      ],
      [
        -0.036770042,
        0.183211327,
        0.982385635
      ],
      [
        0.299158067,
        0.9399859,
        -0.164106652
      ]
    ],
    "translation": [
      2.30838346,
      1.02849329,
      -0.6787439
    ]
  },
  {
    "timeStamp": 12953,
    "rotation": [
      [
        -0.967829049,
        0.220876828,
        -0.120500371
      ],
      [
        -0.08383099,
        0.1684804,
        0.982133746
      ],
      [
        0.237232551,
        0.960639238,
        -0.1445439
      ]
    ],
    "translation": [
      2.32847953,
      1.02199149,
      -0.6621432
    ]
  },
  {
    "timeStamp": 12997,
    "rotation": [
      [
        -0.974258542,
        0.194938734,
        -0.113221817
      ],
      [
        -0.08950284,
        0.126478478,
        0.987923265
      ],
      [
        0.206904665,
        0.9726264,
        -0.10577517
      ]
    ],
    "translation": [
      2.339518,
      1.009387,
      -0.6544383
    ]
  },
  {
    "timeStamp": 13053,
    "rotation": [
      [
        -0.983169734,
        0.176764816,
        -0.0461693071
      ],
      [
        -0.027680343,
        0.105669,
        0.994016051
      ],
      [
        0.180585712,
        0.978564441,
        -0.0989976451
      ]
    ],
    "translation": [
      2.337665,
      0.9923634,
      -0.6439158
    ]
  },
  {
    "timeStamp": 13097,
    "rotation": [
      [
        -0.9870648,
        0.151815638,
        -0.0515274
      ],
      [
        -0.03475431,
        0.1111356,
        0.9931974
      ],
      [
        0.156509414,
        0.982140958,
        -0.104421794
      ]
    ],
    "translation": [
      2.33760476,
      0.9824072,
      -0.6348532
    ]
  },
  {
    "timeStamp": 13153,
    "rotation": [
      [
        -0.9881718,
        0.153350636,
        -0.000134667469
      ],
      [
        0.0179949682,
        0.116829269,
        0.992989
      ],
      [
        0.152291238,
        0.9812413,
        -0.118206933
      ]
    ],
    "translation": [
      2.33320212,
      0.969467342,
      -0.623796463
    ]
  },
  {
    "timeStamp": 13197,
    "rotation": [
      [
        -0.987134039,
        0.153302908,
        0.04543856
      ],
      [
        0.06372372,
        0.116553329,
        0.991138041
      ],
      [
        0.146648318,
        0.9812816,
        -0.124822788
      ]
    ],
    "translation": [
      2.32634854,
      0.9592364,
      -0.6149579
    ]
  },
  {
    "timeStamp": 13253,
    "rotation": [
      [
        -0.987148166,
        0.13952896,
        0.07791126
      ],
      [
        0.09573762,
        0.125976861,
        0.987402737
      ],
      [
        0.127956271,
        0.9821718,
        -0.137716
      ]
    ],
    "translation": [
      2.31641364,
      0.9489147,
      -0.6045682
    ]
  },
  {
    "timeStamp": 13297,
    "rotation": [
      [
        -0.9837,
        0.134211347,
        0.119672947
      ],
      [
        0.136667192,
        0.12550965,
        0.9826339
      ],
      [
        0.116860479,
        0.9829723,
        -0.141806111
      ]
    ],
    "translation": [
      2.30591273,
      0.9425298,
      -0.598664165
    ]
  },
  {
    "timeStamp": 13353,
    "rotation": [
      [
        -0.985869169,
        0.125015989,
        0.111503243
      ],
      [
        0.1288818,
        0.140848309,
        0.9816065
      ],
      [
        0.107011482,
        0.982106268,
        -0.1549703
      ]
    ],
    "translation": [
      2.29982948,
      0.9368856,
      -0.5901909
    ]
  },
  {
    "timeStamp": 13397,
    "rotation": [
      [
        -0.9850914,
        0.116652563,
        0.126440465
      ],
      [
        0.14317295,
        0.148442239,
        0.978502154
      ],
      [
        0.09537571,
        0.982016861,
        -0.162930667
      ]
    ],
    "translation": [
      2.29427552,
      0.933203042,
      -0.583260357
    ]
  },
  {
    "timeStamp": 13453,
    "rotation": [
      [
        -0.9847399,
        0.127730846,
        0.118203968
      ],
      [
        0.136640355,
        0.146817088,
        0.979680657
      ],
      [
        0.1077811,
        0.980882049,
        -0.162029833
      ]
    ],
    "translation": [
      2.29133177,
      0.924389839,
      -0.576976359
    ]
  },
  {
    "timeStamp": 13497,
    "rotation": [
      [
        -0.9866064,
        0.107655495,
        0.122548282
      ],
      [
        0.137644112,
        0.146301359,
        0.9796173
      ],
      [
        0.08753222,
        0.9833647,
        -0.15916
      ]
    ],
    "translation": [
      2.286289,
      0.918201745,
      -0.57183516
    ]
  },
  {
    "timeStamp": 13553,
    "rotation": [
      [
        -0.989568,
        0.09919574,
        0.104476236
      ],
      [
        0.119324915,
        0.157991335,
        0.9802042
      ],
      [
        0.08072575,
        0.982445359,
        -0.1681797
      ]
    ],
    "translation": [
      2.28318357,
      0.91056,
      -0.565141141
    ]
  },
  {
    "timeStamp": 13597,
    "rotation": [
      [
        -0.987159669,
        0.09653102,
        0.127269521
      ],
      [
        0.140619069,
        0.147195145,
        0.9790607
      ],
      [
        0.07577628,
        0.9843858,
        -0.15887922
      ]
    ],
    "translation": [
      2.27702665,
      0.901724041,
      -0.5628935
    ]
  },
  {
    "timeStamp": 13653,
    "rotation": [
      [
        -0.9850682,
        0.09358334,
        0.144508854
      ],
      [
        0.156627774,
        0.138674542,
        0.977873743
      ],
      [
        0.0714729652,
        0.9859064,
        -0.151261628
      ]
    ],
    "translation": [
      2.271088,
      0.8919848,
      -0.5607048
    ]
  },
  {
    "timeStamp": 13697,
    "rotation": [
      [
        -0.984817,
        0.0944189,
        0.145672366
      ],
      [
        0.15680258,
        0.123763047,
        0.9798447
      ],
      [
        0.0744869858,
        0.987809539,
        -0.1366891
      ]
    ],
    "translation": [
      2.269459,
      0.885020852,
      -0.56188333
    ]
  },
  {
    "timeStamp": 13753,
    "rotation": [
      [
        -0.9868127,
        0.0736244842,
        0.14415282
      ],
      [
        0.151951566,
        0.114466414,
        0.9817373
      ],
      [
        0.0557792448,
        0.9906951,
        -0.124144271
      ]
    ],
    "translation": [
      2.26863456,
      0.8788761,
      -0.56225884
    ]
  },
  {
    "timeStamp": 13797,
    "rotation": [
      [
        -0.985933,
        0.06779449,
        0.152774289
      ],
      [
        0.159352317,
        0.1054996,
        0.981568456
      ],
      [
        0.0504272841,
        0.9921057,
        -0.114818759
      ]
    ],
    "translation": [
      2.26766253,
      0.8744086,
      -0.5620259
    ]
  },
  {
    "timeStamp": 13853,
    "rotation": [
      [
        -0.9847489,
        0.0683999,
        0.159972236
      ],
      [
        0.165753126,
        0.08940829,
        0.9821059
      ],
      [
        0.0528730825,
        0.993643641,
        -0.0993822142
      ]
    ],
    "translation": [
      2.26639485,
      0.8694494,
      -0.561325431
    ]
  },
  {
    "timeStamp": 13897,
    "rotation": [
      [
        -0.983790338,
        0.08109208,
        0.15993914
      ],
      [
        0.166516334,
        0.08211413,
        0.9826136
      ],
      [
        0.0665489063,
        0.9933183,
        -0.09428625
      ]
    ],
    "translation": [
      2.26560354,
      0.8654721,
      -0.5600132
    ]
  },
  {
    "timeStamp": 13953,
    "rotation": [
      [
        -0.9835935,
        0.0831917,
        0.160071239
      ],
      [
        0.166216165,
        0.07306641,
        0.9833786
      ],
      [
        0.07011309,
        0.9938513,
        -0.08569546
      ]
    ],
    "translation": [
      2.26377535,
      0.8589598,
      -0.5584444
    ]
  },
  {
    "timeStamp": 13997,
    "rotation": [
      [
        -0.9881948,
        0.08067428,
        0.130241126
      ],
      [
        0.135893255,
        0.0690398961,
        0.988315
      ],
      [
        0.07073977,
        0.9943466,
        -0.07918795
      ]
    ],
    "translation": [
      2.263477,
      0.8510816,
      -0.5569628
    ]
  },
  {
    "timeStamp": 14053,
    "rotation": [
      [
        -0.991567969,
        0.109565578,
        0.06919769
      ],
      [
        0.0786651149,
        0.08458219,
        0.9933064
      ],
      [
        0.102979273,
        0.990374267,
        -0.092487976
      ]
    ],
    "translation": [
      2.26378727,
      0.837820768,
      -0.553209245
    ]
  },
  {
    "timeStamp": 14097,
    "rotation": [
      [
        -0.9916655,
        0.117185034,
        0.0535468757
      ],
      [
        0.06318466,
        0.08013582,
        0.994779348
      ],
      [
        0.112282231,
        0.9898717,
        -0.08687223
      ]
    ],
    "translation": [
      2.26354885,
      0.824162,
      -0.551212549
    ]
  },
  {
    "timeStamp": 14152,
    "rotation": [
      [
        -0.993420362,
        0.09008441,
        -0.07071662
      ],
      [
        -0.06411239,
        0.07421025,
        0.9951796
      ],
      [
        0.0948980749,
        0.9931655,
        -0.06794644
      ]
    ],
    "translation": [
      2.27120352,
      0.8130646,
      -0.5509854
    ]
  },
  {
    "timeStamp": 14197,
    "rotation": [
      [
        -0.9919279,
        0.06497841,
        -0.108889021
      ],
      [
        -0.105536141,
        0.0529847369,
        0.9930029
      ],
      [
        0.07029321,
        0.996479034,
        -0.04569947
      ]
    ],
    "translation": [
      2.27239251,
      0.8044688,
      -0.5511558
    ]
  },
  {
    "timeStamp": 14252,
    "rotation": [
      [
        -0.9941957,
        0.0699201,
        -0.08176862
      ],
      [
        -0.08173816,
        0.003301407,
        0.9966484
      ],
      [
        0.0699557,
        0.99754715,
        0.00243289536
      ]
    ],
    "translation": [
      2.275016,
      0.7682858,
      -0.551862836
    ]
  },
  {
    "timeStamp": 14297,
    "rotation": [
      [
        -0.9994841,
        0.03187836,
        0.003903876
      ],
      [
        0.00308901421,
        -0.025570957,
        0.999668241
      ],
      [
        0.0319676064,
        0.9991646,
        0.0254592933
      ]
    ],
    "translation": [
      2.26920342,
      0.749386251,
      -0.5543995
    ]
  },
  {
    "timeStamp": 14352,
    "rotation": [
      [
        -0.9996345,
        0.0260727219,
        0.00714282133
      ],
      [
        0.00541673834,
        -0.06568296,
        0.997825861
      ],
      [
        0.0264851935,
        0.9974999,
        0.06551772
      ]
    ],
    "translation": [
      2.26901817,
      0.727723539,
      -0.557439446
    ]
  },
  {
    "timeStamp": 14397,
    "rotation": [
      [
        -0.999997556,
        -0.000888706534,
        0.00200315239
      ],
      [
        0.002054409,
        -0.0620126948,
        0.9980732
      ],
      [
        -0.00076277164,
        0.998074949,
        0.0620143674
      ]
    ],
    "translation": [
      2.26696467,
      0.722659945,
      -0.5587187
    ]
  },
  {
    "timeStamp": 14452,
    "rotation": [
      [
        -0.9999629,
        0.008570588,
        0.000884208945
      ],
      [
        0.000356977864,
        -0.06132369,
        0.998117864
      ],
      [
        0.00860868,
        0.998081148,
        0.0613183565
      ]
    ],
    "translation": [
      2.266839,
      0.722545564,
      -0.5584011
    ]
  },
  {
    "timeStamp": 14497,
    "rotation": [
      [
        -0.999934,
        0.0107395686,
        0.00407245941
      ],
      [
        0.003423305,
        -0.0597855933,
        0.998205364
      ],
      [
        0.0109637706,
        0.998153448,
        0.0597448833
      ]
    ],
    "translation": [
      2.26679182,
      0.722584367,
      -0.5581996
    ]
  },
  {
    "timeStamp": 14552,
    "rotation": [
      [
        -0.999870658,
        0.0123836659,
        -0.0102607384
      ],
      [
        -0.0110804038,
        -0.0680449754,
        0.9976207
      ],
      [
        0.011656004,
        0.9976054,
        0.06817339
      ]
    ],
    "translation": [
      2.26801181,
      0.722370744,
      -0.5589747
    ]
  },
  {
    "timeStamp": 14597,
    "rotation": [
      [
        -0.998768,
        0.00262907147,
        0.0495536476
      ],
      [
        0.04899351,
        -0.106351733,
        0.9931208
      ],
      [
        0.007881118,
        0.994325042,
        0.1060919
      ]
    ],
    "translation": [
      2.26540923,
      0.7233635,
      -0.557460845
    ]
  },
  {
    "timeStamp": 14652,
    "rotation": [
      [
        -0.9876005,
        -0.149218082,
        0.0487781651
      ],
      [
        0.0442051962,
        0.03381287,
        0.9984501
      ],
      [
        -0.150636137,
        0.988226056,
        -0.0267973915
      ]
    ],
    "translation": [
      2.266992,
      0.7190821,
      -0.550240457
    ]
  },
  {
    "timeStamp": 14697,
    "rotation": [
      [
        -0.9997158,
        0.023735337,
        0.00222986587
      ],
      [
        0.00102534879,
        -0.05063953,
        0.9987165
      ],
      [
        0.0238177925,
        0.9984349,
        0.0506007969
      ]
    ],
    "translation": [
      2.26650143,
      0.7204694,
      -0.550623834
    ]
  },
  {
    "timeStamp": 14752,
    "rotation": [
      [
        -0.9797123,
        -0.0113864569,
        0.200085521
      ],
      [
        0.200383365,
        -0.03961029,
        0.9789165
      ],
      [
        -0.00322095188,
        0.999150336,
        0.0410883427
      ]
    ],
    "translation": [
      2.2675662,
      0.713392854,
      -0.5502994
    ]
  },
  {
    "timeStamp": 14797,
    "rotation": [
      [
        -0.981693,
        0.0339079276,
        0.1874271
      ],
      [
        0.1867357,
        -0.0225502644,
        0.9821513
      ],
      [
        0.03752925,
        0.9991705,
        0.015805617
      ]
    ],
    "translation": [
      2.266596,
      0.713891447,
      -0.5517486
    ]
  }
]