[
  {
    "timeStamp": 14302,
    "rotation": [
      [
        0.116427526,
        0.992321,
        -0.0417564139
      ],
      [
        0.0285993982,
        0.03867531,
        0.9988425
      ],
      [
        0.9927873,
        -0.117486969,
        -0.0238769148
      ]
    ],
    "translation": [
      1.62187111,
      0.705632031,
      -0.6155614
    ]
  },
  {
    "timeStamp": 14359,
    "rotation": [
      [
        0.0934059545,
        0.9946007,
        -0.0452171527
      ],
      [
        0.04165102,
        0.0414724424,
        0.9982711
      ],
      [
        0.99475646,
        -0.09512782,
        -0.0375523642
      ]
    ],
    "translation": [
      1.62294543,
      0.7043345,
      -0.611598253
    ]
  },
  {
    "timeStamp": 14402,
    "rotation": [
      [
        0.09879085,
        0.994048059,
        -0.0459217355
      ],
      [
        0.0441556461,
        0.0417230763,
        0.998153031
      ],
      [
        0.994128048,
        -0.100636087,
        -0.03977098
      ]
    ],
    "translation": [
      1.62293887,
      0.704258442,
      -0.6117377
    ]
  },
  {
    "timeStamp": 14458,
    "rotation": [
      [
        0.10025578,
        0.994008362,
        -0.043545302
      ],
      [
        0.05120096,
        0.03855358,
        0.997943938
      ],
      [
        0.9936434,
        -0.1022792,
        -0.04702896
      ]
    ],
    "translation": [
      1.622931,
      0.7040649,
      -0.6117952
    ]
  },
  {
    "timeStamp": 14502,
    "rotation": [
      [
        0.100335762,
        0.993860245,
        -0.04663144
      ],
      [
        0.0517580435,
        0.0415907055,
        0.9977932
      ],
      [
        0.993606448,
        -0.102527916,
        -0.04726723
      ]
    ],
    "translation": [
      1.62293446,
      0.7042967,
      -0.6117973
    ]
  },
  {
    "timeStamp": 14557,
    "rotation": [
      [
        0.09891175,
        0.9938578,
        -0.04963108
      ],
      [
        0.0543075278,
        0.0444099233,
        0.9975362
      ],
      [
        0.9936132,
        -0.1013634,
        -0.0495812967
      ]
    ],
    "translation": [
      1.622918,
      0.7044903,
      -0.6117747
    ]
  },
  {
    "timeStamp": 14602,
    "rotation": [
      [
        0.0958523452,
        0.993793,
        -0.056460578
      ],
      [
        0.0554805845,
        0.0512996353,
        0.997141063
      ],
      [
        0.9938482,
        -0.0987107456,
        -0.0502190255
      ]
    ],
    "translation": [
      1.62290514,
      0.704979658,
      -0.6117123
    ]
  },
  {
    "timeStamp": 14658,
    "rotation": [
      [
        0.0906665847,
        0.9944153,
        -0.0540165231
      ],
      [
        0.05841797,
        0.04883589,
        0.997096956
      ],
      [
        0.994166434,
        -0.09355894,
        -0.0536639355
      ]
    ],
    "translation": [
      1.62229991,
      0.704786658,
      -0.610959232
    ]
  },
  {
    "timeStamp": 14702,
    "rotation": [
      [
        0.091099076,
        0.9941886,
        -0.0573576353
      ],
      [
        0.08467454,
        0.0496554263,
        0.9951706
      ],
      [
        0.9922354,
        -0.0955158845,
        -0.0796588957
      ]
    ],
    "translation": [
      1.62180579,
      0.7056418,
      -0.6051315
    ]
  },
  {
    "timeStamp": 14757,
    "rotation": [
      [
        0.0952225,
        0.994415164,
        -0.0455102324
      ],
      [
        0.08437079,
        0.0374912359,
        0.99572885
      ],
      [
        0.9918741,
        -0.0986555442,
        -0.08032958
      ]
    ],
    "translation": [
      1.619029,
      0.7066652,
      -0.6044973
    ]
  },
  {
    "timeStamp": 14802,
    "rotation": [
      [
        0.08948283,
        0.994675636,
        -0.0511202775
      ],
      [
        0.0894132,
        0.0430963524,
        0.9950618
      ],
      [
        0.9919668,
        -0.09361176,
        -0.08508075
      ]
    ],
    "translation": [
      1.61979389,
      0.709009349,
      -0.60350287
    ]
  },
  {
    "timeStamp": 14857,
    "rotation": [
      [
        0.08944368,
        0.995191038,
        -0.0399328843
      ],
      [
        0.09570763,
        0.03132006,
        0.9949166
      ],
      [
        0.991382837,
        -0.0928109,
        -0.092446
      ]
    ],
    "translation": [
      1.617078,
      0.711089849,
      -0.601721346
    ]
  },
  {
    "timeStamp": 14902,
    "rotation": [
      [
        0.0851384252,
        0.995581746,
        -0.0396030135
      ],
      [
        0.09950024,
        0.0310531966,
        0.994552851
      ],
      [
        0.99138844,
        -0.08861518,
        -0.0964168
      ]
    ],
    "translation": [
      1.616393,
      0.7122728,
      -0.6012924
    ]
  },
  {
    "timeStamp": 14957,
    "rotation": [
      [
        0.09321086,
        0.9946321,
        -0.0449302234
      ],
      [
        0.09586872,
        0.03595107,
        0.994744539
      ],
      [
        0.991020143,
        -0.0970284,
        -0.09200308
      ]
    ],
    "translation": [
      1.619097,
      0.713425636,
      -0.6021611
    ]
  },
  {
    "timeStamp": 15002,
    "rotation": [
      [
        0.09941749,
        0.9941202,
        -0.0429093167
      ],
      [
        0.09922179,
        0.0330037549,
        0.994517863
      ],
      [
        0.990086436,
        -0.10313002,
        -0.0953572243
      ]
    ],
    "translation": [
      1.61944771,
      0.715760469,
      -0.601993
    ]
  },
  {
    "timeStamp": 15057,
    "rotation": [
      [
        0.09569641,
        0.994458735,
        -0.0435206965
      ],
      [
        0.106584273,
        0.03323303,
        0.9937481
      ],
      [
        0.9896878,
        -0.09973676,
        -0.102813385
      ]
    ],
    "translation": [
      1.62028372,
      0.720549,
      -0.6007157
    ]
  },
  {
    "timeStamp": 15101,
    "rotation": [
      [
        0.0913908556,
        0.9948948,
        -0.0428023562
      ],
      [
        0.106693283,
        0.0329521,
        0.9937458
      ],
      [
        0.990083,
        -0.095386,
        -0.103137068
      ]
    ],
    "translation": [
      1.62036622,
      0.724514842,
      -0.6014479
    ]
  },
  {
    "timeStamp": 15157,
    "rotation": [
      [
        0.09390608,
        0.9944437,
        -0.0475744978
      ],
      [
        0.103180334,
        0.03780719,
        0.99394387
      ],
      [
        0.9902199,
        -0.0982461348,
        -0.09905671
      ]
    ],
    "translation": [
      1.62528372,
      0.7306111,
      -0.6041409
    ]
  },
  {
    "timeStamp": 15202,
    "rotation": [
      [
        0.0983056,
        0.994477451,
        -0.0367509425
      ],
      [
        0.102399059,
        0.0266253,
        0.994387031
      ],
      [
        0.989874,
        -0.101517059,
        -0.09921613
      ]
    ],
    "translation": [
      1.62639391,
      0.7366273,
      -0.6068424
    ]
  },
  {
    "timeStamp": 15257,
    "rotation": [
      [
        0.09379754,
        0.9947944,
        -0.03982426
      ],
      [
        0.103381112,
        0.0300523322,
        0.9941877
      ],
      [
        0.9902092,
        -0.09736944,
        -0.100024126
      ]
    ],
    "translation": [
      1.63234735,
      0.745558,
      -0.6103157
    ]
  },
  {
    "timeStamp": 15302,
    "rotation": [
      [
        0.1028791,
        0.994142,
        -0.0331301242
      ],
      [
        0.0986493751,
        0.02294521,
        0.994857669
      ],
      [
        0.989789963,
        -0.105618335,
        -0.0957109
      ]
    ],
    "translation": [
      1.63733661,
      0.7519734,
      -0.6146866
    ]
  },
  {
    "timeStamp": 15357,
    "rotation": [
      [
        0.111519657,
        0.9931572,
        -0.0346707851
      ],
      [
        0.09917718,
        0.023591375,
        0.9947901
      ],
      [
        0.9888009,
        -0.114377208,
        -0.09586764
      ]
    ],
    "translation": [
      1.64799976,
      0.7601469,
      -0.6198944
    ]
  },
  {
    "timeStamp": 15401,
    "rotation": [
      [
        0.117771789,
        0.9925071,
        -0.0325494558
      ],
      [
        0.0940424949,
        0.0214830749,
        0.995336354
      ],
      [
        0.988577664,
        -0.120283581,
        -0.09080774
      ]
    ],
    "translation": [
      1.65587091,
      0.7653062,
      -0.6256364
    ]
  },
  {
    "timeStamp": 15457,
    "rotation": [
      [
        0.1307094,
        0.990505934,
        -0.04257917
      ],
      [
        0.09667375,
        0.03000921,
        0.9948636
      ],
      [
        0.986696064,
        -0.1341543,
        -0.09183344
      ]
    ],
    "translation": [
      1.6710093,
      0.773898,
      -0.631310165
    ]
  },
  {
    "timeStamp": 15501,
    "rotation": [
      [
        0.1431625,
        0.9891572,
        -0.0327502824
      ],
      [
        0.09803601,
        0.0187550113,
        0.995006144
      ],
      [
        0.98483175,
        -0.145658255,
        -0.0942880139
      ]
    ],
    "translation": [
      1.68004394,
      0.780564547,
      -0.635958433
    ]
  },
  {
    "timeStamp": 15557,
    "rotation": [
      [
        0.1539117,
        0.9872621,
        -0.04030813
      ],
      [
        0.107092947,
        0.0238861535,
        0.993962049
      ],
      [
        0.9822639,
        -0.1572991,
        -0.10205245
      ]
    ],
    "translation": [
      1.69706249,
      0.790813148,
      -0.640069962
    ]
  },
  {
    "timeStamp": 15602,
    "rotation": [
      [
        0.160359129,
        0.9864929,
        -0.03341876
      ],
      [
        0.107554026,
        0.016191937,
        0.9940674
      ],
      [
        0.9811815,
        -0.1630021,
        -0.103504755
      ]
    ],
    "translation": [
      1.70746565,
      0.798213542,
      -0.6446432
    ]
  },
  {
    "timeStamp": 15656,
    "rotation": [
      [
        0.166958585,
        0.9851534,
        -0.03997068
      ],
      [
        0.114364758,
        0.02091598,
        0.9932186
      ],
      [
        0.9793087,
        -0.170397624,
        -0.109174728
      ]
    ],
    "translation": [
      1.72637367,
      0.8091918,
      -0.6487995
    ]
  },
  {
    "timeStamp": 15701,
    "rotation": [
      [
        0.176050738,
        0.9837313,
        -0.0357583165
      ],
      [
        0.116065569,
        0.0153283589,
        0.9931233
      ],
      [
        0.9775146,
        -0.178990379,
        -0.111478776
      ]
    ],
    "translation": [
      1.73923612,
      0.817868054,
      -0.6533387
    ]
  },
  {
    "timeStamp": 15756,
    "rotation": [
      [
        0.174111828,
        0.9839225,
        -0.0397699773
      ],
      [
        0.121068969,
        0.01869141,
        0.9924681
      ],
      [
        0.977255046,
        -0.17761533,
        -0.115868077
      ]
    ],
    "translation": [
      1.7585696,
      0.8296615,
      -0.6583079
    ]
  },
  {
    "timeStamp": 15801,
    "rotation": [
      [
        0.183359429,
        0.982720554,
        -0.025291767
      ],
      [
        0.125171944,
        0.00217898563,
        0.992132664
      ],
      [
        0.9750443,
        -0.1850827,
        -0.122609496
      ]
    ],
    "translation": [
      1.77116382,
      0.83999753,
      -0.662297547
    ]
  },
  {
    "timeStamp": 15856,
    "rotation": [
      [
        0.186087519,
        0.9821757,
        -0.026502138
      ],
      [
        0.132186,
        0.00170170981,
        0.991223454
      ],
      [
        0.9736007,
        -0.187957525,
        -0.1295132
      ]
    ],
    "translation": [
      1.79191279,
      0.853874564,
      -0.667735
    ]
  },
  {
    "timeStamp": 15901,
    "rotation": [
      [
        0.1816872,
        0.982950151,
        -0.02826088
      ],
      [
        0.144260541,
        0.00178536028,
        0.989538133
      ],
      [
        0.9727171,
        -0.183863342,
        -0.141476557
      ]
    ],
    "translation": [
      1.80670953,
      0.8661177,
      -0.67083174
    ]
  },
  {
    "timeStamp": 15956,
    "rotation": [
      [
        0.182641536,
        0.9826502,
        -0.0322601944
      ],
      [
        0.15294376,
        0.004016183,
        0.9882267
      ],
      [
        0.9712107,
        -0.185425252,
        -0.1495567
      ]
    ],
    "translation": [
      1.82945883,
      0.880532,
      -0.6757461
    ]
  },
  {
    "timeStamp": 16001,
    "rotation": [
      [
        0.186657891,
        0.982242167,
        -0.0189510025
      ],
      [
        0.1574267,
        -0.0108642969,
        0.9874709
      ],
      [
        0.969729662,
        -0.187302619,
        -0.156659052
      ]
    ],
    "translation": [
      1.84211743,
      0.8921741,
      -0.679724932
    ]
  },
  {
    "timeStamp": 16057,
    "rotation": [
      [
        0.174598113,
        0.9840264,
        -0.0347496457
      ],
      [
        0.176882952,
        0.00337194023,
        0.9842261
      ],
      [
        0.9686217,
        -0.177990645,
        -0.173468769
      ]
    ],
    "translation": [
      1.8656776,
      0.9084808,
      -0.680687249
    ]
  },
  {
    "timeStamp": 16101,
    "rotation": [
      [
        0.175753281,
        0.984063447,
        -0.0270179342
      ],
      [
        0.180731565,
        -0.005275606,
        0.9835183
      ],
      [
        0.967701852,
        -0.177739561,
        -0.178778529
      ]
    ],
    "translation": [
      1.879043,
      0.919735,
      -0.6830182
    ]
  },
  {
    "timeStamp": 16157,
    "rotation": [
      [
        0.167470008,
        0.9854738,
        -0.0281987134
      ],
      [
        0.195529118,
        -0.005166273,
        0.9806843
      ],
      [
        0.966293,
        -0.169748873,
        -0.193554014
      ]
    ],
    "translation": [
      1.89860582,
      0.935130835,
      -0.683072865
    ]
  },
  {
    "timeStamp": 16201,
    "rotation": [
      [
        0.163804591,
        0.9862178,
        -0.0232942179
      ],
      [
        0.203595117,
        -0.010692209,
        0.9789968
      ],
      [
        0.965254962,
        -0.165106744,
        -0.202540547
      ]
    ],
    "translation": [
      1.91092956,
      0.946376562,
      -0.6831708
    ]
  },
  {
    "timeStamp": 16257,
    "rotation": [
      [
        0.151843622,
        0.988055468,
        -0.0262662135
      ],
      [
        0.220999122,
        -0.008037425,
        0.9752409
      ],
      [
        0.963381,
        -0.153888926,
        -0.219579816
      ]
    ],
    "translation": [
      1.9319278,
      0.9606331,
      -0.6812084
    ]
  },
  {
    "timeStamp": 16301,
    "rotation": [
      [
        0.146269649,
        0.9887831,
        -0.0302172042
      ],
      [
        0.230897188,
        -0.004422484,
        0.9729681
      ],
      [
        0.9619208,
        -0.149292782,
        -0.228954121
      ]
    ],
    "translation": [
      1.94672525,
      0.9705099,
      -0.6797833
    ]
  },
  {
    "timeStamp": 16357,
    "rotation": [
      [
        0.134627834,
        0.9898571,
        -0.04536888
      ],
      [
        0.247688323,
        0.0107154287,
        0.9687805
      ],
      [
        0.9594404,
        -0.141662166,
        -0.243733451
      ]
    ],
    "translation": [
      1.97126746,
      0.9812715,
      -0.677990735
    ]
  },
  {
    "timeStamp": 16401,
    "rotation": [
      [
        0.123309828,
        0.9910234,
        -0.0516446121
      ],
      [
        0.257130831,
        0.0183571633,
        0.9662022
      ],
      [
        0.9584771,
        -0.132421657,
        -0.252559066
      ]
    ],
    "translation": [
      1.9876399,
      0.987899244,
      -0.6767086
    ]
  },
  {
    "timeStamp": 16456,
    "rotation": [
      [
        0.119504251,
        0.991221249,
        -0.0565604828
      ],
      [
        0.268284619,
        0.0226092748,
        0.9630743
      ],
      [
        0.9558985,
        -0.130265787,
        -0.263227522
      ]
    ],
    "translation": [
      2.01101542,
      0.9940112,
      -0.6772542
    ]
  },
  {
    "timeStamp": 16501,
    "rotation": [
      [
        0.109499492,
        0.9916109,
        -0.0686852261
      ],
      [
        0.2730272,
        0.036437545,
        0.961316
      ],
      [
        0.9557541,
        -0.124016553,
        -0.266746849
      ]
    ],
    "translation": [
      2.028337,
      0.9975886,
      -0.678541243
    ]
  },
  {
    "timeStamp": 16549,
    "rotation": [
      [
        0.106405638,
        0.992418349,
        -0.0615114123
      ],
      [
        0.279113173,
        0.0295637641,
        0.959803
      ],
      [
        0.95434463,
        -0.1192971,
        -0.273851275
      ]
    ],
    "translation": [
      2.0431335,
      0.99951,
      -0.68095386
    ]
  },
  {
    "timeStamp": 16607,
    "rotation": [
      [
        0.104399785,
        0.9917435,
        -0.0744687244
      ],
      [
        0.27980116,
        0.0425642431,
        0.959113955
      ],
      [
        0.9543647,
        -0.120967731,
        -0.273047268
      ]
    ],
    "translation": [
      2.06859136,
      0.998501539,
      -0.6874162
    ]
  },
  {
    "timeStamp": 16651,
    "rotation": [
      [
        0.103305064,
        0.992296755,
        -0.06837568
      ],
      [
        0.281554461,
        0.036758557,
        0.9588409
      ],
      [
        0.9539681,
        -0.1183046,
        -0.2755882
      ]
    ],
    "translation": [
      2.08304667,
      0.995916665,
      -0.6923658
    ]
  },
  {
    "timeStamp": 16707,
    "rotation": [
      [
        0.103462435,
        0.9917797,
        -0.07529045
      ],
      [
        0.284520864,
        0.0430224054,
        0.957704
      ],
      [
        0.9530705,
        -0.12050809,
        -0.2777308
      ]
    ],
    "translation": [
      2.10180831,
      0.991901934,
      -0.69929713
    ]
  },
  {
    "timeStamp": 16752,
    "rotation": [
      [
        0.1066849,
        0.9919059,
        -0.06885513
      ],
      [
        0.28615725,
        0.03569023,
        0.957517743
      ],
      [
        0.95222497,
        -0.121856079,
        -0.280033469
      ]
    ],
    "translation": [
      2.11420751,
      0.98807776,
      -0.7049374
    ]
  },
  {
    "timeStamp": 16807,
    "rotation": [
      [
        0.107552469,
        0.990688562,
        -0.08347886
      ],
      [
        0.283129841,
        0.049968265,
        0.95777905
      ],
      [
        0.953032,
        -0.126646847,
        -0.275119275
      ]
    ],
    "translation": [
      2.132589,
      0.981524,
      -0.7141137
    ]
  },
  {
    "timeStamp": 16852,
    "rotation": [
      [
        0.109294437,
        0.99145323,
        -0.07124074
      ],
      [
        0.2819045,
        0.0378108658,
        0.95869714
      ],
      [
        0.953197062,
        -0.124863341,
        -0.275362581
      ]
    ],
    "translation": [
      2.140581,
      0.9755012,
      -0.719844162
    ]
  },
  {
    "timeStamp": 16907,
    "rotation": [
      [
        0.10345237,
        0.9908218,
        -0.08700443
      ],
      [
        0.271963775,
        0.0559616536,
        0.960678935
      ],
      [
        0.956730545,
        -0.123046562,
        -0.263678282
      ]
    ],
    "translation": [
      2.153849,
      0.9649278,
      -0.729465544
    ]
  },
  {
    "timeStamp": 16951,
    "rotation": [
      [
        0.09960869,
        0.99152714,
        -0.08337964
      ],
      [
        0.268820822,
        0.0538642779,
        0.9616829
      ],
      [
        0.9580259,
        -0.118206151,
        -0.261177778
      ]
    ],
    "translation": [
      2.15829325,
      0.956321657,
      -0.735655
    ]
  },
  {
    "timeStamp": 17008,
    "rotation": [
      [
        0.09424303,
        0.9913355,
        -0.0914994553
      ],
      [
        0.256930858,
        0.06457575,
        0.964269936
      ],
      [
        0.961823642,
        -0.114384748,
        -0.248618856
      ]
    ],
    "translation": [
      2.16538715,
      0.9439817,
      -0.744855165
    ]
  },
  {
    "timeStamp": 17054,
    "rotation": [
      [
        0.106120288,
        0.9912005,
        -0.07912072
      ],
      [
        0.248125821,
        0.0506561436,
        0.967402458
      ],
      [
        0.9628978,
        -0.122292921,
        -0.24056679
      ]
    ],
    "translation": [
      2.166324,
      0.9338343,
      -0.751882255
    ]
  },
  {
    "timeStamp": 17100,
    "rotation": [
      [
        0.09459679,
        0.991749167,
        -0.08651605
      ],
      [
        0.246756226,
        0.060835,
        0.9671662
      ],
      [
        0.964449465,
        -0.1128392,
        -0.238965467
      ]
    ],
    "translation": [
      2.1692245,
      0.925041258,
      -0.756512046
    ]
  },
  {
    "timeStamp": 17156,
    "rotation": [
      [
        0.09575449,
        0.991077,
        -0.09272233
      ],
      [
        0.2368792,
        0.06778644,
        0.9691714
      ],
      [
        0.9668088,
        -0.114766516,
        -0.228274658
      ]
    ],
    "translation": [
      2.17199063,
      0.91222316,
      -0.763299465
    ]
  },
  {
    "timeStamp": 17201,
    "rotation": [
      [
        0.09875682,
        0.9916432,
        -0.0830117
      ],
      [
        0.230725348,
        0.058328446,
        0.9712691
      ],
      [
        0.9679943,
        -0.115072347,
        -0.223036885
      ]
    ],
    "translation": [
      2.1718173,
      0.902357936,
      -0.7671012
    ]
  },
  {
    "timeStamp": 17256,
    "rotation": [
      [
        0.08367299,
        0.9917903,
        -0.09669973
      ],
      [
        0.217624828,
        0.07651046,
        0.9730291
      ],
      [
        0.972439349,
        -0.102460518,
        -0.209436327
      ]
    ],
    "translation": [
      2.174698,
      0.8902028,
      -0.7728157
    ]
  },
  {
    "timeStamp": 17301,
    "rotation": [
      [
        0.08334318,
        0.9927678,
        -0.08640574
      ],
      [
        0.205092922,
        0.06776302,
        0.976393938
      ],
      [
        0.97518754,
        -0.0990969539,
        -0.197962061
      ]
    ],
    "translation": [
      2.17432237,
      0.880797148,
      -0.776984453
    ]
  },
  {
    "timeStamp": 17356,
    "rotation": [
      [
        0.07668129,
        0.992328644,
        -0.09697324
      ],
      [
        0.190535158,
        0.08088305,
        0.9783426
      ],
      [
        0.978680849,
        -0.09349741,
        -0.182871282
      ]
    ],
    "translation": [
      2.17724657,
      0.8702662,
      -0.7829377
    ]
  },
  {
    "timeStamp": 17400,
    "rotation": [
      [
        0.06696368,
        0.9925086,
        -0.102188773
      ],
      [
        0.179591358,
        0.08875612,
        0.9797292
      ],
      [
        0.9814595,
        -0.08395851,
        -0.172302544
      ]
    ],
    "translation": [
      2.17860675,
      0.862164557,
      -0.7874894
    ]
  },
  {
    "timeStamp": 17456,
    "rotation": [
      [
        0.06532075,
        0.993207,
        -0.09629664
      ],
      [
        0.165672958,
        0.08436896,
        0.982565165
      ],
      [
        0.984015,
        -0.0801356658,
        -0.1590365
      ]
    ],
    "translation": [
      2.177871,
      0.8523414,
      -0.793538868
    ]
  },
  {
    "timeStamp": 17500,
    "rotation": [
      [
        0.05595831,
        0.9934298,
        -0.0998297557
      ],
      [
        0.153401017,
        0.0902448,
        0.984034538
      ],
      [
        0.986578345,
        -0.0703789145,
        -0.147343189
      ]
    ],
    "translation": [
      2.17724,
      0.8448069,
      -0.798500061
    ]
  },
  {
    "timeStamp": 17556,
    "rotation": [
      [
        0.05260979,
        0.9937008,
        -0.0989488661
      ],
      [
        0.142158657,
        0.0906245,
        0.9856866
      ],
      [
        0.988444746,
        -0.06592322,
        -0.136495426
      ]
    ],
    "translation": [
      2.17530942,
      0.8363851,
      -0.804242849
    ]
  },
  {
    "timeStamp": 17601,
    "rotation": [
      [
        0.0379719064,
        0.9942365,
        -0.100259475
      ],
      [
        0.1369275,
        0.094208546,
        0.9860911
      ],
      [
        0.989853,
        -0.0511720367,
        -0.132561043
      ]
    ],
    "translation": [
      2.173239,
      0.8306518,
      -0.807064354
    ]
  },
  {
    "timeStamp": 17656,
    "rotation": [
      [
        0.0439595953,
        0.9944665,
        -0.0954149142
      ],
      [
        0.13240695,
        0.088865146,
        0.987203836
      ],
      [
        0.9902202,
        -0.0560306646,
        -0.1277678
      ]
    ],
    "translation": [
      2.17010856,
      0.8233298,
      -0.809508145
    ]
  },
  {
    "timeStamp": 17701,
    "rotation": [
      [
        0.034284804,
        0.9950583,
        -0.0931853652
      ],
      [
        0.132609308,
        0.0878864,
        0.9872643
      ],
      [
        0.990575254,
        -0.04620541,
        -0.128940821
      ]
    ],
    "translation": [
      2.16797352,
      0.817976058,
      -0.81045413
    ]
  },
  {
    "timeStamp": 17756,
    "rotation": [
      [
        0.0300047435,
        0.9946667,
        -0.09868056
      ],
      [
        0.1251761,
        0.09420858,
        0.9876516
      ],
      [
        0.991680741,
        -0.0419866964,
        -0.1216818
      ]
    ],
    "translation": [
      2.16559672,
      0.8101597,
      -0.8122689
    ]
  },
  {
    "timeStamp": 17800,
    "rotation": [
      [
        0.0359787121,
        0.994854331,
        -0.09471223
      ],
      [
        0.118999742,
        0.08983434,
        0.988822
      ],
      [
        0.9922422,
        -0.0468472429,
        -0.11515528
      ]
    ],
    "translation": [
      2.16434288,
      0.8037111,
      -0.8142424
    ]
  },
  {
    "timeStamp": 17856,
    "rotation": [
      [
        0.0349536,
        0.994993,
        -0.09363368
      ],
      [
        0.115842313,
        0.08902564,
        0.9892699
      ],
      [
        0.9926524,
        -0.045425307,
        -0.112150513
      ]
    ],
    "translation": [
      2.160235,
      0.7969372,
      -0.815282345
    ]
  },
  {
    "timeStamp": 17900,
    "rotation": [
      [
        0.0269403476,
        0.9956913,
        -0.088730514
      ],
      [
        0.111868463,
        0.0852021948,
        0.990063667
      ],
      [
        0.993357837,
        -0.03659879,
        -0.109091073
      ]
    ],
    "translation": [
      2.15697742,
      0.7922457,
      -0.816100538
    ]
  },
  {
    "timeStamp": 17956,
    "rotation": [
      [
        0.0200712737,
        0.9958622,
        -0.08863204
      ],
      [
        0.105768867,
        0.08603746,
        0.9906616
      ],
      [
        0.9941882,
        -0.02925838,
        -0.103604332
      ]
    ],
    "translation": [
      2.15290928,
      0.7870625,
      -0.8163952
    ]
  },
  {
    "timeStamp": 18001,
    "rotation": [
      [
        -0.03068738,
        0.995916367,
        -0.08490526
      ],
      [
        0.09171078,
        0.08739246,
        0.9919434
      ],
      [
        0.99531275,
        0.0226534437,
        -0.09401812
      ]
    ],
    "translation": [
      2.15105581,
      0.783717155,
      -0.818449
    ]
  },
  {
    "timeStamp": 18054,
    "rotation": [
      [
        -0.03391969,
        0.9962459,
        -0.07964628
      ],
      [
        0.087162964,
        0.08233732,
        0.9927856
      ],
      [
        0.995616436,
        0.0267327782,
        -0.0896286
      ]
    ],
    "translation": [
      2.1477704,
      0.779586554,
      -0.818643868
    ]
  },
  {
    "timeStamp": 18110,
    "rotation": [
      [
        -0.040069975,
        0.9959102,
        -0.08097743
      ],
      [
        0.0506526046,
        0.08296292,
        0.99526453
      ],
      [
        0.9979122,
        0.035778515,
        -0.0537697673
      ]
    ],
    "translation": [
      2.14746022,
      0.7779747,
      -0.822533131
    ]
  },
  {
    "timeStamp": 18154,
    "rotation": [
      [
        -0.04067602,
        0.996127844,
        -0.07794098
      ],
      [
        0.007016901,
        0.0782884,
        0.996906042
      ],
      [
        0.9991478,
        0.0400032625,
        -0.0101741906
      ]
    ],
    "translation": [
      2.1471045,
      0.7772181,
      -0.827240348
    ]
  },
  {
    "timeStamp": 18210,
    "rotation": [
      [
        -0.0412877724,
        0.9962535,
        -0.0759883
      ],
      [
        -0.00642674044,
        0.07578678,
        0.997103333
      ],
      [
        0.9991266,
        0.04165653,
        0.00327359582
      ]
    ],
    "translation": [
      2.14687181,
      0.7770066,
      -0.8286397
    ]
  },
  {
    "timeStamp": 18254,
    "rotation": [
      [
        -0.0426256,
        0.996424437,
        -0.0729481056
      ],
      [
        -0.00648493925,
        0.07273699,
        0.99733007
      ],
      [
        0.9990701,
        0.0429848544,
        0.00336129428
      ]
    ],
    "translation": [
      2.14645576,
      0.776827753,
      -0.8285698
    ]
  },
  {
    "timeStamp": 18310,
    "rotation": [
      [
        -0.0564836,
        0.995726764,
        -0.07306017
      ],
      [
        -0.007650715,
        0.07274318,
        0.997321367
      ],
      [
        0.998374164,
        0.0568912625,
        0.003509225
      ]
    ],
    "translation": [
      2.14577222,
      0.775587559,
      -0.8283824
    ]
  },
  {
    "timeStamp": 18354,
    "rotation": [
      [
        -0.06219988,
        0.994986832,
        -0.07830954
      ],
      [
        -0.00845558848,
        0.07793333,
        0.996922731
      ],
      [
        0.998027861,
        0.0626706257,
        0.00356575521
      ]
    ],
    "translation": [
      2.14524722,
      0.774767,
      -0.828286469
    ]
  },
  {
    "timeStamp": 18410,
    "rotation": [
      [
        -0.0616610758,
        0.994488537,
        -0.0847961754
      ],
      [
        -0.009007342,
        0.08439992,
        0.996391237
      ],
      [
        0.998056531,
        0.0622023456,
        0.00375350867
      ]
    ],
    "translation": [
      2.14453673,
      0.7734962,
      -0.828291
    ]
  },
  {
    "timeStamp": 18455,
    "rotation": [
      [
        -0.05462135,
        0.994369,
        -0.09081179
      ],
      [
        -0.009410395,
        0.09043088,
        0.995858252
      ],
      [
        0.9984628,
        0.0552497,
        0.00441794842
      ]
    ],
    "translation": [
      2.142936,
      0.771463752,
      -0.828418732
    ]
  },
  {
    "timeStamp": 18500,
    "rotation": [
      [
        -0.04322171,
        0.9947942,
        -0.0922839
      ],
      [
        -0.00484077353,
        0.0921606049,
        0.995732367
      ],
      [
        0.9990538,
        0.04348398,
        0.000832234742
      ]
    ],
    "translation": [
      2.142394,
      0.770902932,
      -0.8285283
    ]
  },
  {
    "timeStamp": 18555,
    "rotation": [
      [
        -0.0426036827,
        0.995362163,
        -0.0862497762
      ],
      [
        -0.00500773033,
        0.08611433,
        0.9962727
      ],
      [
        0.999079466,
        0.0428768,
        0.00131571782
      ]
    ],
    "translation": [
      2.141694,
      0.770333767,
      -0.828552246
    ]
  },
  {
    "timeStamp": 18601,
    "rotation": [
      [
        -0.0428540222,
        0.995873451,
        -0.07999725
      ],
      [
        -0.004740673,
        0.07986722,
        0.9967942
      ],
      [
        0.9990701,
        0.0430958867,
        0.00129847892
      ]
    ],
    "translation": [
      2.14099669,
      0.7698623,
      -0.828521848
    ]
  },
  {
    "timeStamp": 18655,
    "rotation": [
      [
        -0.04280954,
        0.9969058,
        -0.06592564
      ],
      [
        -0.00251273159,
        0.0658784956,
        0.9978245
      ],
      [
        0.9990801,
        0.04288206,
        -0.0003152712
      ]
    ],
    "translation": [
      2.13937044,
      0.7686888,
      -0.8283956
    ]
  },
  {
    "timeStamp": 18701,
    "rotation": [
      [
        -0.0426880829,
        0.9975986,
        -0.0545416959
      ],
      [
        -0.002304116,
        0.0544930138,
        0.9985115
      ],
      [
        0.999085844,
        0.0427502133,
        -2.76193259E-05
      ]
    ],
    "translation": [
      2.138095,
      0.767841458,
      -0.82842207
    ]
  },
  {
    "timeStamp": 18755,
    "rotation": [
      [
        -0.0444099531,
        0.9977005,
        -0.05120137
      ],
      [
        -0.00281798863,
        0.0511266254,
        0.9986882
      ],
      [
        0.9990095,
        0.04449598,
        0.0005409776
      ]
    ],
    "translation": [
      2.13772583,
      0.767706156,
      -0.828427
    ]
  },
  {
    "timeStamp": 18800,
    "rotation": [
      [
        -0.06434875,
        0.9978453,
        0.0128059834
      ],
      [
        0.0228185058,
        -0.0113579538,
        0.9996751
      ],
      [
        0.997666538,
        0.06462006,
        -0.02203847
      ]
    ],
    "translation": [
      2.13028,
      0.7632755,
      -0.8253944
    ]
  },
  {
    "timeStamp": 18856,
    "rotation": [
      [
        -0.108984396,
        0.993962944,
        0.0126538044
      ],
      [
        0.0212161615,
        -0.0104008317,
        0.9997208
      ],
      [
        0.993817031,
        0.109222434,
        -0.01995455
      ]
    ],
    "translation": [
      2.12993121,
      0.763346851,
      -0.821248949
    ]
  },
  {
    "timeStamp": 18900,
    "rotation": [
      [
        -0.173403352,
        0.984074056,
        0.03910897
      ],
      [
        0.005233105,
        -0.038789317,
        0.9992337
      ],
      [
        0.984837,
        0.173475131,
        0.00157643494
      ]
    ],
    "translation": [
      2.12931156,
      0.7612179,
      -0.8194759
    ]
  },
  {
    "timeStamp": 18955,
    "rotation": [
      [
        -0.253190964,
        0.9673033,
        0.0147907278
      ],
      [
        0.00275968434,
        -0.0145666571,
        0.9998901
      ],
      [
        0.9674124,
        0.253203928,
        0.00101869414
      ]
    ],
    "translation": [
      2.13413453,
      0.7624131,
      -0.8137195
    ]
  },
  {
    "timeStamp": 19000,
    "rotation": [
      [
        -0.305934846,
        0.952001631,
        0.00983694848
      ],
      [
        -0.000712024164,
        -0.0105611477,
        0.999944
      ],
      [
        0.9520522,
        0.3059107,
        0.003908871
      ]
    ],
    "translation": [
      2.1354003,
      0.7622926,
      -0.810143232
    ]
  },
  {
    "timeStamp": 19055,
    "rotation": [
      [
        -0.3095323,
        0.950737655,
        0.0169603713
      ],
      [
        -0.000610656862,
        -0.0180350766,
        0.99983716
      ],
      [
        0.950888753,
        0.309471548,
        0.00616301363
      ]
    ],
    "translation": [
      2.13475251,
      0.761864543,
      -0.810174346
    ]
  },
  {
    "timeStamp": 19100,
    "rotation": [
      [
        -0.291960835,
        0.9562778,
        0.0170814618
      ],
      [
        -0.007710186,
        -0.020212261,
        0.999766
      ],
      [
        0.956399262,
        0.2917608,
        0.0132742673
      ]
    ],
    "translation": [
      2.134572,
      0.760350049,
      -0.8121054
    ]
  },
  {
    "timeStamp": 19155,
    "rotation": [
      [
        -0.279346883,
        0.960046351,
        0.016621897
      ],
      [
        -0.0133696711,
        -0.021198405,
        0.9996859
      ],
      [
        0.960097134,
        0.2790369,
        0.0187572129
      ]
    ],
    "translation": [
      2.13437963,
      0.759828448,
      -0.813543141
    ]
  },
  {
    "timeStamp": 19201,
    "rotation": [
      [
        -0.3527202,
        0.9356783,
        0.009728296
      ],
      [
        -0.0069375895,
        -0.0130111678,
        0.9998913
      ],
      [
        0.935703158,
        0.352614373,
        0.0110806534
      ]
    ],
    "translation": [
      2.13581181,
      0.758133769,
      -0.8068851
    ]
  },
  {
    "timeStamp": 19255,
    "rotation": [
      [
        -0.417382628,
        0.908728,
        0.00226580142
      ],
      [
        -0.00751388771,
        -0.005944423,
        0.9999541
      ],
      [
        0.908699751,
        0.417346448,
        0.009309179
      ]
    ],
    "translation": [
      2.13676524,
      0.7584857,
      -0.801734746
    ]
  },
  {
    "timeStamp": 19300,
    "rotation": [
      [
        -0.463460922,
        0.8861173,
        0.000202724972
      ],
      [
        0.044775635,
        0.02319026,
        0.998727858
      ],
      [
        0.8849853,
        0.462880433,
        -0.0504242443
      ]
    ],
    "translation": [
      2.13692546,
      0.7595444,
      -0.7882949
    ]
  },
  {
    "timeStamp": 19355,
    "rotation": [
      [
        -0.26966548,
        0.962830663,
        -0.0154150287
      ],
      [
        0.157594413,
        0.0599192865,
        0.9856844
      ],
      [
        0.949970841,
        0.263375729,
        -0.1678949
      ]
    ],
    "translation": [
      2.13904071,
      0.7607105,
      -0.7653565
    ]
  },
  {
    "timeStamp": 19400,
    "rotation": [
      [
        0.0449284241,
        0.995693,
        -0.0810978562
      ],
      [
        0.2843671,
        0.06507456,
        0.9565044
      ],
      [
        0.957662165,
        -0.06603579,
        -0.280218661
      ]
    ],
    "translation": [
      2.14995551,
      0.763241649,
      -0.745785356
    ]
  },
  {
    "timeStamp": 19455,
    "rotation": [
      [
        0.146816269,
        0.982452,
        -0.115035266
      ],
      [
        0.320677221,
        0.06274113,
        0.9451083
      ],
      [
        0.935740948,
        -0.175646454,
        -0.305838555
      ]
    ],
    "translation": [
      2.16309285,
      0.7640565,
      -0.740632951
    ]
  },
  {
    "timeStamp": 19500,
    "rotation": [
      [
        0.1783536,
        0.977390945,
        -0.11356473
      ],
      [
        0.318765074,
        0.0517978333,
        0.946417332
      ],
      [
        0.9309021,
        -0.2049974,
        -0.302319765
      ]
    ],
    "translation": [
      2.16684484,
      0.761531,
      -0.743592262
    ]
  },
  {
    "timeStamp": 19555,
    "rotation": [
      [
        0.189069688,
        0.9757808,
        -0.110020682
      ],
      [
        0.3110971,
        0.0467478447,
        0.9492277
      ],
      [
        0.931381345,
        -0.213697314,
        -0.294723958
      ]
    ],
    "translation": [
      2.16724086,
      0.7564205,
      -0.747745633
    ]
  },
  {
    "timeStamp": 19600,
    "rotation": [
      [
        0.183513924,
        0.9757931,
        -0.118955821
      ],
      [
        0.305488139,
        0.058408495,
        0.9504028
      ],
      [
        0.93434453,
        -0.210751727,
        -0.287374467
      ]
    ],
    "translation": [
      2.16829586,
      0.752355,
      -0.751723945
    ]
  },
  {
    "timeStamp": 19655,
    "rotation": [
      [
        0.195339411,
        0.9737784,
        -0.116611
      ],
      [
        0.29557243,
