[
  {
    "timeStamp": 115234,
    "rotation": [
      [
        0.997244954,
        -0.0395041332,
        0.06278494
      ],
      [
        0.06438643,
        0.0406643935,
        -0.9970962
      ],
      [
        0.0368363075,
        0.9983916,
        0.0430958942
      ]
    ],
    "translation": [
      1.77095652,
      0.6999299,
      -0.627631
    ]
  },
  {
    "timeStamp": 115289,
    "rotation": [
      [
        0.997208,
        -0.0395514444,
        0.06333894
      ],
      [
        0.0654906854,
        0.0557109043,
        -0.996296763
      ],
      [
        0.0358762965,
        0.99766326,
        0.05814561
      ]
    ],
    "translation": [
      1.77095628,
      0.6995789,
      -0.6276018
    ]
  },
  {
    "timeStamp": 115333,
    "rotation": [
      [
        0.9971754,
        -0.0393868424,
        0.06395233
      ],
      [
        0.0657805,
        0.0470145829,
        -0.9967259
      ],
      [
        0.0362511948,
        0.9981174,
        0.0494726747
      ]
    ],
    "translation": [
      1.77094948,
      0.6998072,
      -0.6276215
    ]
  },
  {
    "timeStamp": 115389,
    "rotation": [
      [
        0.9970924,
        -0.03922941,
        0.0653277859
      ],
      [
        0.0660595,
        0.0176536553,
        -0.9976595
      ],
      [
        0.03798432,
        0.9990743,
        0.0201938
      ]
    ],
    "translation": [
      1.7709403,
      0.7006448,
      -0.6276634
    ]
  },
  {
    "timeStamp": 115433,
    "rotation": [
      [
        0.997164845,
        -0.0391314477,
        0.0642727762
      ],
      [
        0.064833574,
        0.0132337594,
        -0.997808337
      ],
      [
        0.0381951146,
        0.999146461,
        0.0157332718
      ]
    ],
    "translation": [
      1.77095258,
      0.7007633,
      -0.6276698
    ]
  },
  {
    "timeStamp": 115489,
    "rotation": [
      [
        0.997154951,
        -0.0377968624,
        0.065218
      ],
      [
        0.0659968853,
        0.0197381154,
        -0.9976246
      ],
      [
        0.03641979,
        0.9990905,
        0.0221764352
      ]
    ],
    "translation": [
      1.77082562,
      0.7005814,
      -0.627641
    ]
  },
  {
    "timeStamp": 115533,
    "rotation": [
      [
        0.9971972,
        -0.03785056,
        0.06453697
      ],
      [
        0.06607004,
        0.040756315,
        -0.9969823
      ],
      [
        0.0351060443,
        0.9984519,
        0.0431428738
      ]
    ],
    "translation": [
      1.77083027,
      0.6999913,
      -0.6276115
    ]
  },
  {
    "timeStamp": 115589,
    "rotation": [
      [
        0.99853,
        -0.004745954,
        0.0539939031
      ],
      [
        0.05417845,
        0.05798069,
        -0.9968465
      ],
      [
        0.001600386,
        0.9983064,
        0.0581525862
      ]
    ],
    "translation": [
      1.76627111,
      0.7000953,
      -0.6260961
    ]
  },
  {
    "timeStamp": 115633,
    "rotation": [
      [
        0.999556959,
        0.0243044887,
        0.0171801522
      ],
      [
        0.0157969911,
        0.055999998,
        -0.9983058
      ],
      [
        -0.0252253972,
        0.9981349,
        0.05559125
      ]
    ],
    "translation": [
      1.76280773,
      0.707034051,
      -0.6267077
    ]
  },
  {
    "timeStamp": 115689,
    "rotation": [
      [
        0.9992491,
        0.0375197753,
        0.009670457
      ],
      [
        0.006979292,
        0.0712057352,
        -0.997437239
      ],
      [
        -0.038112212,
        0.9967557,
        0.0708904043
      ]
    ],
    "translation": [
      1.76188731,
      0.715071857,
      -0.6280031
    ]
  },
  {
    "timeStamp": 115733,
    "rotation": [
      [
        0.99871254,
        0.0507059768,
        -0.00148290419
      ],
      [
        -0.005347617,
        0.07616768,
        -0.9970807
      ],
      [
        -0.050445,
        0.9958049,
        0.07634077
      ]
    ],
    "translation": [
      1.76214778,
      0.722920537,
      -0.6309303
    ]
  },
  {
    "timeStamp": 115789,
    "rotation": [
      [
        0.997314,
        0.0701595247,
        -0.0210358389
      ],
      [
        -0.02726802,
        0.08908892,
        -0.995650351
      ],
      [
        -0.0679803,
        0.993549645,
        0.0907627344
      ]
    ],
    "translation": [
      1.7608453,
      0.7347656,
      -0.6333994
    ]
  },
  {
    "timeStamp": 115833,
    "rotation": [
      [
        0.995951355,
        0.08397401,
        -0.0320825838
      ],
      [
        -0.0405759141,
        0.101474449,
        -0.9940103
      ],
      [
        -0.08021547,
        0.9912877,
        0.104470938
      ]
    ],
    "translation": [
      1.760283,
      0.745606,
      -0.6368456
    ]
  },
  {
    "timeStamp": 115889,
    "rotation": [
      [
        0.9938339,
        0.0978423655,
        -0.05216367
      ],
      [
        -0.06280013,
        0.108986974,
        -0.992057443
      ],
      [
        -0.09138008,
        0.9892162,
        0.11445947
      ]
    ],
    "translation": [
      1.758102,
      0.7616569,
      -0.6444328
    ]
  },
  {
    "timeStamp": 115933,
    "rotation": [
      [
        0.9947011,
        0.08841702,
        -0.0524607264
      ],
      [
        -0.06362924,
        0.128645658,
        -0.9896472
      ],
      [
        -0.08075281,
        0.9877412,
        0.1335899
      ]
    ],
    "translation": [
      1.75708938,
      0.773956537,
      -0.653448641
    ]
  },
  {
    "timeStamp": 115988,
    "rotation": [
      [
        0.989805937,
        0.12739791,
        -0.0636711
      ],
      [
        -0.08265685,
        0.149780929,
        -0.9852581
      ],
      [
        -0.115983106,
        0.980477154,
        0.15878436
      ]
    ],
    "translation": [
      1.75592291,
      0.793632746,
      -0.6587625
    ]
  },
  {
    "timeStamp": 116033,
    "rotation": [
      [
        0.982581556,
        0.1728702,
        -0.0681862459
      ],
      [
        -0.09869608,
        0.174556866,
        -0.9796882
      ],
      [
        -0.157456547,
        0.969353259,
        0.188577965
      ]
    ],
    "translation": [
      1.75615072,
      0.8123958,
      -0.660050631
    ]
  },
  {
    "timeStamp": 116089,
    "rotation": [
      [
        0.971493,
        0.231832474,
        -0.049548354
      ],
      [
        -0.09977637,
        0.2102562,
        -0.9725415
      ],
      [
        -0.21504885,
        0.949761033,
        0.227393836
      ]
    ],
    "translation": [
      1.7584312,
      0.8327974,
      -0.6614843
    ]
  },
  {
    "timeStamp": 116133,
    "rotation": [
      [
        0.9526498,
        0.30293107,
        -0.0262910984
      ],
      [
        -0.100885212,
        0.233323038,
        -0.967151761
      ],
      [
        -0.286845982,
        0.9240093,
        0.2528364
      ]
    ],
    "translation": [
      1.76316559,
      0.848572,
      -0.659653
    ]
  },
  {
    "timeStamp": 116188,
    "rotation": [
      [
        0.922890365,
        0.3850003,
        0.00694408733
      ],
      [
        -0.101830922,
        0.26141277,
        -0.959840536
      ],
      [
        -0.371354163,
        0.885120451,
        0.280460238
      ]
    ],
    "translation": [
      1.77070618,
      0.8678552,
      -0.658807456
    ]
  },
  {
    "timeStamp": 116233,
    "rotation": [
      [
        0.892430544,
        0.450170249,
        0.0302409027
      ],
      [
        -0.105084606,
        0.27256915,
        -0.9563803
      ],
      [
        -0.438776672,
        0.8503251,
        0.290554971
      ]
    ],
    "translation": [
      1.77883255,
      0.8811881,
      -0.6591249
    ]
  },
  {
    "timeStamp": 116288,
    "rotation": [
      [
        0.8579453,
        0.5085484,
        0.0728589
      ],
      [
        -0.09674311,
        0.299210638,
        -0.9492701
      ],
      [
        -0.5045499,
        0.8073733,
        0.3059049
      ]
    ],
    "translation": [
      1.79099822,
      0.896171749,
      -0.662297547
    ]
  },
  {
    "timeStamp": 116333,
    "rotation": [
      [
        0.8126107,
        0.5754033,
        0.09260146
      ],
      [
        -0.0977370441,
        0.291182637,
        -0.951661766
      ],
      [
        -0.5745532,
        0.7642799,
        0.292856336
      ]
    ],
    "translation": [
      1.80407286,
      0.906989634,
      -0.664123952
    ]
  },
  {
    "timeStamp": 116388,
    "rotation": [
      [
        0.756004333,
        0.639568269,
        0.13931936
      ],
      [
        -0.09080427,
        0.313257277,
        -0.945317149
      ],
      [
        -0.648237646,
        0.7020131,
        0.2948994
      ]
    ],
    "translation": [
      1.82319176,
      0.919321656,
      -0.6666907
    ]
  },
  {
    "timeStamp": 116432,
    "rotation": [
      [
        0.6968973,
        0.6993743,
        0.1587755
      ],
      [
        -0.08800269,
        0.303111225,
        -0.948883057
      ],
      [
        -0.7117511,
        0.647301435,
        0.272784263
      ]
    ],
    "translation": [
      1.84177887,
      0.927569747,
      -0.6694951
    ]
  },
  {
    "timeStamp": 116488,
    "rotation": [
      [
        0.627181053,
        0.753278,
        0.198030517
      ],
      [
        -0.0816018656,
        0.316403061,
        -0.9451086
      ],
      [
        -0.774587,
        0.5765946,
        0.259910941
      ]
    ],
    "translation": [
      1.86793387,
      0.9374317,
      -0.6740063
    ]
  },
  {
    "timeStamp": 116532,
    "rotation": [
      [
        0.5637581,
        0.794239163,
        0.226629511
      ],
      [
        -0.0704640448,
        0.3196397,
        -0.9449155
      ],
      [
        -0.822928667,
        0.5167345,
        0.2361648
      ]
    ],
    "translation": [
      1.89052045,
      0.943978369,
      -0.6783511
    ]
  },
  {
    "timeStamp": 116588,
    "rotation": [
      [
        0.4786976,
        0.841747463,
        0.249619439
      ],
      [
        -0.05939609,
        0.314707667,
        -0.947328448
      ],
      [
        -0.875968456,
        0.438657433,
        0.200646311
      ]
    ],
    "translation": [
      1.92128074,
      0.952493966,
      -0.68383
    ]
  },
  {
    "timeStamp": 116632,
    "rotation": [
      [
        0.4189041,
        0.858864546,
        0.294739
      ],
      [
        -0.0380843133,
        0.3409241,
        -0.9393191
      ],
      [
        -0.9072315,
        0.3822597,
        0.175523773
      ]
    ],
    "translation": [
      1.94706154,
      0.9588333,
      -0.6876718
    ]
  },
  {
    "timeStamp": 116688,
    "rotation": [
      [
        0.326178879,
        0.8893741,
        0.320345283
      ],
      [
        -0.03917693,
        0.35130626,
        -0.9354406
      ],
      [
        -0.944495857,
        0.292570829,
        0.149431631
      ]
    ],
    "translation": [
      1.98205161,
      0.9709349,
      -0.689948261
    ]
  },
  {
    "timeStamp": 116733,
    "rotation": [
      [
        0.2569176,
        0.9059557,
        0.336508125
      ],
      [
        -0.0295928475,
        0.355407327,
        -0.934242964
      ],
      [
        -0.9659801,
        0.230065241,
        0.1181202
      ]
    ],
    "translation": [
      2.00938129,
      0.9792944,
      -0.6919754
    ]
  },
  {
    "timeStamp": 116788,
    "rotation": [
      [
        0.183602273,
        0.9066496,
        0.3798379
      ],
      [
        -0.0281662941,
        0.391100138,
        -0.919917047
      ],
      [
        -0.982597,
        0.158200234,
        0.09734383
      ]
    ],
    "translation": [
      2.0450933,
      0.9918028,
      -0.6929384
    ]
  },
  {
    "timeStamp": 116833,
    "rotation": [
      [
        0.111516424,
        0.923389852,
        0.367308229
      ],
      [
        -0.0279340837,
        0.3723803,
        -0.92765975
      ],
      [
        -0.993369937,
        0.09318888,
        0.06732056
      ]
    ],
    "translation": [
      2.07249713,
      0.9994645,
      -0.6939088
    ]
  },
  {
    "timeStamp": 116881,
    "rotation": [
      [
        0.04065872,
        0.9384083,
        0.343127757
      ],
      [
        -0.0192706417,
        0.344084322,
        -0.938740969
      ],
      [
        -0.998987257,
        0.0315557159,
        0.03207376
      ]
    ],
    "translation": [
      2.09827447,
      1.00399017,
      -0.6938945
    ]
  },
  {
    "timeStamp": 116939,
    "rotation": [
      [
        -0.02696519,
        0.9593219,
        0.281023771
      ],
      [
        0.000654309,
        0.2811429,
        -0.9596657
      ],
      [
        -0.9996362,
        -0.0256936923,
        -0.008208764
      ]
    ],
    "translation": [
      2.12815666,
      1.00678372,
      -0.6912614
    ]
  },
  {
    "timeStamp": 116983,
    "rotation": [
      [
        -0.08208473,
        0.971368968,
        0.222944826
      ],
      [
        0.01376351,
        0.224783272,
        -0.9743116
      ],
      [
        -0.9965303,
        -0.0769076049,
        -0.0318207219
      ]
    ],
    "translation": [
      2.146235,
      1.005911,
      -0.6871598
    ]
  },
  {
    "timeStamp": 117031,
    "rotation": [
      [
        -0.07880347,
        0.9783356,
        0.191440538
      ],
      [
        0.055424735,
        0.196040452,
        -0.9790282
      ],
      [
        -0.9953483,
        -0.06654029,
        -0.06967266
      ]
    ],
    "translation": [
      2.158719,
      0.9990808,
      -0.683808565
    ]
  },
  {
    "timeStamp": 117083,
    "rotation": [
      [
        -0.107186377,
        0.9853063,
        0.132975265
      ],
      [
        0.07670746,
        0.141542479,
        -0.986955762
      ],
      [
        -0.9912754,
        -0.09558801,
        -0.0907517746
      ]
    ],
    "translation": [
      2.17506838,
      0.993311167,
      -0.6765406
    ]
  },
  {
    "timeStamp": 117138,
    "rotation": [
      [
        -0.08285391,
        0.9853509,
        0.149059281
      ],
      [
        0.1387542,
        0.159522891,
        -0.977394342
      ],
      [
        -0.9868548,
        -0.06029834,
        -0.149938688
      ]
    ],
    "translation": [
      2.18985629,
      0.983740568,
      -0.6733897
    ]
  },
  {
    "timeStamp": 117186,
    "rotation": [
      [
        -0.101295672,
        0.9855897,
        0.135470375
      ],
      [
        0.144938439,
        0.149338,
        -0.978105843
      ],
      [
        -0.9842419,
        -0.079443045,
        -0.157977134
      ]
    ],
    "translation": [
      2.20032334,
      0.9805361,
      -0.6668168
    ]
  },
  {
    "timeStamp": 117238,
    "rotation": [
      [
        -0.08102959,
        0.978417754,
        0.190086544
      ],
      [
        0.188286766,
        0.202306017,
        -0.9610517
      ],
      [
        -0.9787657,
        -0.0420828424,
        -0.200615883
      ]
    ],
    "translation": [
      2.21524787,
      0.9761195,
      -0.662758648
    ]
  },
  {
    "timeStamp": 117283,
    "rotation": [
      [
        -0.08780305,
        0.981004536,
        0.172976315
      ],
      [
        0.198245987,
        0.187382042,
        -0.962074041
      ],
      [
        -0.976211667,
        -0.0501811579,
        -0.21093291
      ]
    ],
    "translation": [
      2.221969,
      0.9723621,
      -0.6587731
    ]
  },
  {
    "timeStamp": 117338,
    "rotation": [
      [
        -0.10993959,
        0.978372335,
        0.175216451
      ],
      [
        0.194828168,
        0.194077685,
        -0.9614447
      ],
      [
        -0.974656463,
        -0.07156374,
        -0.21195133
      ]
    ],
    "translation": [
      2.23092914,
      0.9693452,
      -0.6527872
    ]
  },
  {
    "timeStamp": 117383,
    "rotation": [
      [
        -0.124969818,
        0.978523135,
        0.163936049
      ],
      [
        0.187257081,
        0.185523972,
        -0.9646324
      ],
      [
        -0.9743292,
        -0.08985175,
        -0.206420273
      ]
    ],
    "translation": [
      2.23630953,
      0.965679049,
      -0.6484901
    ]
  },
  {
    "timeStamp": 117439,
    "rotation": [
      [
        -0.120336942,
        0.9786168,
        0.1668179
      ],
      [
        0.1814145,
        0.186887354,
        -0.965485334
      ],
      [
        -0.9760163,
        -0.085920386,
        -0.200024724
      ]
    ],
    "translation": [
      2.23827076,
      0.958804667,
      -0.643205166
    ]
  },
  {
    "timeStamp": 117483,
    "rotation": [
      [
        -0.128518283,
        0.980236232,
        0.150398925
      ],
      [
        0.1849167,
        0.172683567,
        -0.9674638
      ],
      [
        -0.9743145,
        -0.09652551,
        -0.203455061
      ]
    ],
    "translation": [
      2.23864675,
      0.952528536,
      -0.6414256
    ]
  },
  {
    "timeStamp": 117539,
    "rotation": [
      [
        -0.1385069,
        0.98433435,
        0.109095059
      ],
      [
        0.181713492,
        0.133545548,
        -0.974241138
      ],
      [
        -0.9735482,
        -0.115115076,
        -0.1973638
      ]
    ],
    "translation": [
      2.23667932,
      0.9447207,
      -0.6396479
    ]
  },
  {
    "timeStamp": 117584,
    "rotation": [
      [
        -0.134030253,
        0.9836804,
        0.120036289
      ],
      [
        0.1739887,
        0.142606437,
        -0.974367142
      ],
      [
        -0.9755838,
        -0.10970971,
        -0.190262854
      ]
    ],
    "translation": [
      2.236786,
      0.940477431,
      -0.63840276
    ]
  },
  {
    "timeStamp": 117630,
    "rotation": [
      [
        -0.13613157,
        0.983234763,
        0.12131606
      ],
      [
        0.170422822,
        0.143872231,
        -0.9748112
      ],
      [
        -0.9759223,
        -0.112027571,
        -0.187151209
      ]
    ],
    "translation": [
      2.23732066,
      0.9361709,
      -0.638859034
    ]
  },
  {
    "timeStamp": 117686,
    "rotation": [
      [
        -0.146726429,
        0.9836933,
        0.104013845
      ],
      [
        0.167668238,
        0.128362969,
        -0.9774509
      ],
      [
        -0.97486347,
        -0.125978038,
        -0.183768347
      ]
    ],
    "translation": [
      2.23786426,
      0.933145046,
      -0.640881
    ]
  },
  {
    "timeStamp": 117731,
    "rotation": [
      [
        -0.143385857,
        0.9815149,
        0.126763821
      ],
      [
        0.1681575,
        0.150387317,
        -0.974221051
      ],
      [
        -0.9752761,
        -0.118373208,
        -0.1866125
      ]
    ],
    "translation": [
      2.23988819,
      0.9350603,
      -0.6431947
    ]
  },
  {
    "timeStamp": 117788,
    "rotation": [
      [
        -0.0933157355,
        0.9750439,
        0.2014488
      ],
      [
        0.190044075,
        0.216055,
        -0.9577074
      ],
      [
        -0.977330744,
        -0.0510850176,
        -0.205462649
      ]
    ],
    "translation": [
      2.24029684,
      0.944517255,
      -0.648348451
    ]
  },
  {
    "timeStamp": 117832,
    "rotation": [
      [
        -0.0371038,
        0.943864,
        0.328243941
      ],
      [
        0.22637102,
        0.32787016,
        -0.9172008
      ],
      [
        -0.9733342,
        0.0402732827,
        -0.225828692
      ]
    ],
    "translation": [
      2.24677658,
      0.958411157,
      -0.6559574
    ]
  },
  {
    "timeStamp": 117888,
    "rotation": [
      [
        0.00208706222,
        0.9005664,
        0.4347135
      ],
      [
        0.271319628,
        0.417898,
        -0.8670334
      ],
      [
        -0.962487042,
        0.119755849,
        -0.243469164
      ]
    ],
    "translation": [
      2.25863266,
      0.9801371,
      -0.6669876
    ]
  },
  {
    "timeStamp": 117932,
    "rotation": [
      [
        0.0426558219,
        0.8613689,
        0.5061859
      ],
      [
        0.326702476,
        0.466768056,
        -0.821823061
      ],
      [
        -0.944164157,
        0.2004277,
        -0.261500984
      ]
    ],
    "translation": [
      2.26797676,
      0.993801534,
      -0.679327369
    ]
  },
  {
    "timeStamp": 117986,
    "rotation": [
      [
        0.08337848,
        0.778208137,
        0.622446954
      ],
      [
        0.419428051,
        0.5391953,
        -0.730307162
      ],
      [
        -0.9039514,
        0.321963578,
        -0.281445026
      ]
    ],
    "translation": [
      2.28354144,
      1.00593722,
      -0.696970046
    ]
  },
  {
    "timeStamp": 118038,
    "rotation": [
      [
        0.135582447,
        0.6866291,
        0.714253366
      ],
      [
        0.525454938,
        0.5613382,
        -0.639372
      ],
      [
        -0.839949131,
        0.461995572,
        -0.284685045
      ]
    ],
    "translation": [
      2.29537988,
      1.00923979,
      -0.718476057
    ]
  },
  {
    "timeStamp": 118083,
    "rotation": [
      [
        0.163783178,
        0.6114756,
        0.774127066
      ],
      [
        0.6089774,
        0.55468595,
        -0.566983342
      ],
      [
        -0.776093841,
        0.564288139,
        -0.281526566
      ]
    ],
    "translation": [
      2.30115032,
      1.0055182,
      -0.7367032
    ]
  },
  {
    "timeStamp": 118138,
    "rotation": [
      [
        0.193874329,
        0.5547522,
        0.8091123
      ],
      [
        0.6897072,
        0.509447038,
        -0.514555752
      ],
      [
        -0.6976508,
        0.6578098,
        -0.2838479
      ]
    ],
    "translation": [
      2.30550814,
      0.9970378,
      -0.758326352
    ]
  },
  {
    "timeStamp": 118182,
    "rotation": [
      [
        0.205768541,
        0.4779191,
        0.8539629
      ],
      [
        0.743554235,
        0.490982145,
        -0.453942239
      ],
      [
        -0.6362282,
        0.7283748,
        -0.2543301
      ]
    ],
    "translation": [
      2.311124,
      0.9913486,
      -0.7684673
    ]
  },
  {
    "timeStamp": 118238,
    "rotation": [
      [
        0.224652633,
        0.406915039,
        0.8854103
      ],
      [
        0.8057541,
        0.433410764,
        -0.403627753
      ],
      [
        -0.547988534,
        0.804099,
        -0.230506614
      ]
    ],
    "translation": [
      2.31471658,
      0.984514654,
      -0.775448143
    ]
  },
  {
    "timeStamp": 118283,
    "rotation": [
      [
        0.223862037,
        0.298636436,
        0.927740335
      ],
      [
        0.8529865,
        0.400461078,
        -0.334731132
      ],
      [
        -0.4714868,
        0.8662836,
        -0.165084824
      ]
    ],
    "translation": [
      2.31874847,
      0.98471725,
      -0.7713243
    ]
  },
  {
    "timeStamp": 118338,
    "rotation": [
      [
        0.224734828,
        0.206840262,
        0.952213943
      ],
      [
        0.9055172,
        0.316606253,
        -0.282487124
      ],
      [
        -0.3599066,
        0.9257309,
        -0.116144963
      ]
    ],
    "translation": [
      2.3167932,
      0.9870328,
      -0.768645
    ]
  },
  {
    "timeStamp": 118382,
    "rotation": [
      [
        0.187478423,
        0.100392506,
        0.9771249
      ],
      [
        0.948095858,
        0.241611153,
        -0.206732467
      ],
      [
        -0.256838679,
        0.965166032,
        -0.04988484
      ]
    ],
    "translation": [
      2.32013655,
      0.99339056,
      -0.7657218
    ]
  },
  {
    "timeStamp": 118437,
    "rotation": [
      [
        0.156397387,
        0.01658201,
        0.987555
      ],
      [
        0.97213465,
        0.1741923,
        -0.15688014
      ],
      [
        -0.174625859,
        0.984572053,
        0.0111232717
      ]
    ],
    "translation": [
      2.31975532,
      0.99644506,
      -0.760537148
    ]
  },
  {
    "timeStamp": 118482,
    "rotation": [
      [
        0.109596223,
        -0.0597259775,
        0.992180169
      ],
      [
        0.9923768,
        0.0631775,
        -0.105814874
      ],
      [
        -0.0563635677,
        0.9962135,
        0.06619469
      ]
    ],
    "translation": [
      2.31863856,
      0.996649444,
      -0.7609984
    ]
  },
  {
    "timeStamp": 118538,
    "rotation": [
      [
        0.0580932759,
        -0.104713671,
        0.9928042
      ],
      [
        0.997924864,
        -0.02156977,
        -0.060667932
      ],
      [
        0.0277673211,
        0.9942685,
        0.103243321
      ]
    ],
    "translation": [
      2.32017922,
      0.993294835,
      -0.7599363
    ]
  },
  {
    "timeStamp": 118582,
    "rotation": [
      [
        0.0331127048,
        -0.137820587,
        0.989903569
      ],
      [
        0.997064531,
        -0.06385791,
        -0.0422429442
      ],
      [
        0.06903513,
        0.9883965,
        0.135301515
      ]
    ],
    "translation": [
      2.31763625,
      0.993757844,
      -0.754994035
    ]
  },
  {
    "timeStamp": 118638,
    "rotation": [
      [
        0.0588304326,
        -0.0675589,
        0.9959793
      ],
      [
        0.9937543,
        -0.09080597,
        -0.064858526
      ],
      [
        0.09482264,
        0.9935744,
        0.0617947951
      ]
    ],
    "translation": [
      2.3111918,
      0.9780866,
      -0.756164253
    ]
  },
  {
    "timeStamp": 118682,
    "rotation": [
      [
        0.0812763646,
        -0.06662317,
        0.99446243
      ],
      [
        0.993459344,
        -0.07487466,
        -0.08621055
      ],
      [
        0.08020366,
        0.9949649,
        0.0601018779
      ]
    ],
    "translation": [
      2.30529571,
      0.968515933,
      -0.749306262
    ]
  },
  {
    "timeStamp": 118734,
    "rotation": [
      [
        0.08700307,
        -0.0608467236,
        0.9943481
      ],
      [
        0.993679762,
        -0.06576573,
        -0.09096897
      ],
      [
        0.07092919,
        0.9959782,
        0.05474034
      ]
    ],
    "translation": [
      2.30242372,
      0.961972952,
      -0.7446021
    ]
  },
  {
    "timeStamp": 118782,
    "rotation": [
      [
        0.107964411,
        -0.03512304,
        0.993534148
      ],
      [
        0.9921542,
        -0.05956255,
        -0.109920084
      ],
      [
        0.0630381554,
        0.9976065,
        0.0284168329
      ]
    ],
    "translation": [
      2.30007315,
      0.952951968,
      -0.7452307
    ]
  },
  {
    "timeStamp": 118838,
    "rotation": [
      [
        0.0908178762,
        -0.04782954,
        0.994718254
      ],
      [
        0.994241655,
        -0.0526979826,
        -0.09330827
      ],
      [
        0.0568825379,
        0.9974644,
        0.0427682
      ]
    ],
    "translation": [
      2.30517364,
      0.945754,
      -0.742974043
    ]
  },
  {
    "timeStamp": 118882,
    "rotation": [
      [
        0.09989031,
        -0.0309618581,
        0.9945166
      ],
      [
        0.9929785,
        -0.0605544075,
        -0.101621032
      ],
      [
        0.0633687451,
        0.9976846,
        0.0246956591
      ]
    ],
    "translation": [
      2.30699253,
      0.941317439,
      -0.7456914
    ]
  },
  {
    "timeStamp": 118938,
    "rotation": [
      [
        0.104837187,
        -0.012386241,
        0.9944123
      ],
      [
        0.9927836,
        -0.0572376326,
        -0.105378419
      ],
      [
        0.0582230464,
        0.998283744,
        0.00629622443
      ]
    ],
    "translation": [
      2.30530047,
      0.935408354,
      -0.745535553
    ]
  },
  {
    "timeStamp": 118982,
    "rotation": [
      [
        0.09909784,
        -0.0253250487,
        0.9947554
      ],
      [
        0.992665,
        -0.06705695,
        -0.100596763
      ],
      [
        0.06925287,
        0.9974277,
        0.01849409
      ]
    ],
    "translation": [
      2.304565,
      0.9314731,
      -0.7465163
    ]
  },
  {
    "timeStamp": 119039,
    "rotation": [
      [
        0.087777026,
        0.00618903339,
        0.99612087
      ],
      [
        0.992048144,
        -0.09108868,
        -0.08685219
      ],
      [
        0.09019782,
        0.9958235,
        -0.0141353132
      ]
    ],
    "translation": [
      2.301617,
      0.9252299,
      -0.7501079
    ]
  },
  {
    "timeStamp": 119084,
    "rotation": [
      [
        0.09276562,
        0.02044112,
        0.9954781
      ],
      [
        0.9907991,
        -0.100848645,
        -0.09025878
      ],
      [
        0.09854764,
        0.9946918,
        -0.0296083316
      ]
    ],
    "translation": [
      2.29776287,
      0.920206964,
      -0.7518312
    ]
  },
  {
    "timeStamp": 119139,
    "rotation": [
      [
        0.08496217,
        0.0212336667,
        0.9961579
      ],
      [
        0.9894962,
        -0.119152121,
        -0.0818541944
      ],
      [
        0.116956264,
        0.992648959,
        -0.0311340541
      ]
    ],
    "translation": [
      2.29547977,
      0.9139285,
      -0.7527598
    ]
  },
  {
    "timeStamp": 119184,
    "rotation": [
      [
        0.0808986,
        0.0466582365,
        0.9956296
      ],
      [
        0.995740354,
        -0.0481133237,
        -0.07865286
      ],
      [
        0.0442332476,
        0.997751534,
        -0.0503517874
      ]
    ],
    "translation": [
      2.29214334,
      0.9067895,
      -0.7503918
    ]
  },
  {
    "timeStamp": 119230,
    "rotation": [
      [
        0.08693286,
        0.06458819,
        0.9941182
      ],
      [
        0.9955222,
        -0.0428191461,
        -0.0842736661
      ],
      [
        0.0371242054,
        0.9969929,
        -0.06802137
      ]
    ],
    "translation": [
      2.28909969,
      0.9003771,
      -0.7509881
    ]
  },
  {
    "timeStamp": 119286,
    "rotation": [
      [
        0.09228435,
        0.06455883,
        0.9936376
      ],
      [
        0.994543135,
        -0.0547382,
        -0.08881199
      ],
      [
        0.04865634,
        0.9964115,
        -0.06925802
      ]
    ],
    "translation": [
      2.28648448,
      0.895478845,
      -0.7493768
    ]
  },
  {
    "timeStamp": 119331,
    "rotation": [
      [
        0.111274093,
        0.100447528,
        0.9887004
      ],
      [
        0.992696047,
        -0.05789668,
        -0.105841756
      ],
      [
        0.0466109253,
        0.9932564,
        -0.106156267
      ]
    ],
    "translation": [
      2.2822125,
      0.8906088,
      -0.7528539
    ]
  },
  {
    "timeStamp": 119387,
    "rotation": [
      [
        0.115386426,
        0.0980828851,
        0.9884663
      ],
      [
        0.992177069,
        -0.0591169037,
        -0.109953582
      ],
      [
        0.0476505049,
        0.9934208,
        -0.104136877
      ]
    ],
    "translation": [
      2.28073859,
      0.8871987,
      -0.7511533
    ]
  },
  {
    "timeStamp": 119432,
    "rotation": [
      [
        0.105947942,
        0.09311823,
        0.990002036
      ],
      [
        0.993337631,
        -0.0553039871,
        -0.1011031
      ],
      [
        0.04533652,
        0.9941179,
        -0.0983571857
      ]
    ],
    "translation": [
      2.28234744,
      0.885361433,
      -0.750944138
    ]
  },
  {
    "timeStamp": 119487,
    "rotation": [
      [
        0.106713146,
        0.09537816,
        0.989704669
      ],
      [
        0.993155241,
        -0.0577637963,
        -0.101518482
      ],
      [
        0.0474864542,
        0.993763745,
        -0.100889474
      ]
    ],
    "translation": [
      2.282762,
      0.8834024,
      -0.7507472
    ]
  },
  {
    "timeStamp": 119532,
    "rotation": [
      [
        0.102041788,
        0.08443399,
        0.9911904
      ],
      [
        0.9930605,
        -0.06720687,
        -0.09650934
      ],
      [
        0.0584661327,
        0.994160056,
        -0.09070596
      ]
    ],
    "translation": [
      2.2841413,
      0.881750047,
      -0.7495146
    ]
  },
  {
    "timeStamp": 119588,
    "rotation": [
      [
        0.09682779,
        0.07657518,
        0.992351055
      ],
      [
        0.993308067,
        -0.07050047,
        -0.09148097
      ],
      [
        0.06295605,
        0.9945682,
        -0.0828891546
      ]
    ],
    "translation": [
      2.28432679,
      0.880111337,
      -0.749034047
    ]
  },
  {
    "timeStamp": 119632,
    "rotation": [
      [
        0.100688994,
        0.0677750558,
        0.992606759
      ],
      [
        0.9925539,
        -0.07557791,
        -0.09552318
      ],
      [
        0.06854506,
        0.9948339,
        -0.07488026
      ]
    ],
    "translation": [
      2.2823844,
      0.8776033,
      -0.7482205
    ]
  },
  {
    "timeStamp": 119688,
    "rotation": [
      [
        0.111296959,
        0.06894155,
        0.99139297
      ],
      [
        0.990879059,
        -0.08396078,
        -0.105400622
      ],
      [
        0.07597165,
        0.9940813,
        -0.07765731
      ]
    ],
    "translation": [
      2.28087735,
      0.8750298,
      -0.746433
    ]
  },
  {
    "timeStamp": 119731,
    "rotation": [
      [
        0.113717087,
        0.08131821,
        0.9901797
      ],
      [
        0.991221964,
        -0.07693419,
        -0.107518584
      ],
      [
        0.06743545,
        0.9937145,
        -0.08935312
      ]
    ],
    "translation": [
      2.27971959,
      0.8729976,
      -0.7470675
    ]
  },
  {
    "timeStamp": 119787,
    "rotation": [
      [
        0.121798865,
        0.0919510052,
        0.988286436
      ],
      [
        0.990735531,
        -0.071521014,
        -0.115446329
      ],
      [
        0.06006784,
        0.9931917,
        -0.09981031
      ]
    ],
    "translation": [
      2.27898264,
      0.871563,
      -0.747716367
    ]
  },
  {
    "timeStamp": 119831,
    "rotation": [
      [
        0.12346781,
        0.09804118,
        0.987493634
      ],
      [
        0.99082005,
        -0.06738951,
        -0.1171931
      ],
      [
        0.05505696,
        0.992898047,
        -0.105461605
      ]
    ],
    "translation": [
      2.27828956,
      0.8696769,
      -0.7480886
    ]
  },
  {
    "timeStamp": 119887,
    "rotation": [
      [
        0.126300737,
        0.103900991,
        0.9865357
      ],
      [
        0.9906542,
        -0.06484281,
        -0.119998813
      ],
      [
        0.05150176,
        0.9924717,
        -0.111119643
      ]
    ],
    "translation": [
      2.27762032,
      0.8676052,
      -0.7484062
    ]
  }
]