[
  {
    "timeStamp": 0,
    "rotation": [
      [
        0.962465,
        0.07414662,
        0.261081249
      ],
      [
        0.111524068,
        0.768948,
        -0.629508734
      ],
      [
        -0.247433856,
        0.634996951,
        0.7318165
      ]
    ],
    "translation": [
      1.68747866,
      1.69380617,
      -1.04645228
    ]
  },
  {
    "timeStamp": 17,
    "rotation": [
      [
        0.96279645,
        0.07348215,
        0.2600451
      ],
      [
        0.111302853,
        0.7690629,
        -0.629407644
      ],
      [
        -0.246241257,
        0.6349352,
        0.7322722
      ]
    ],
    "translation": [
      1.68703914,
      1.69384193,
      -1.04675126
    ]
  },
  {
    "timeStamp": 18,
    "rotation": [
      [
        0.9656111,
        0.0719469041,
        0.249837592
      ],
      [
        0.106845573,
        0.7662386,
        -0.633610666
      ],
      [
        -0.237021521,
        0.638515532,
        0.7322013
      ]
    ],
    "translation": [
      1.68607914,
      1.69321609,
      -1.04614818
    ]
  },
  {
    "timeStamp": 64,
    "rotation": [
      [
        0.9973494,
        0.0149384663,
        0.07121166
      ],
      [
        0.0374264866,
        0.7339755,
        -0.6781439
      ],
      [
        -0.0623980425,
        0.6790116,
        0.731470942
      ]
    ],
    "translation": [
      1.656316,
      1.68580246,
      -1.03954029
    ]
  },
  {
    "timeStamp": 107,
    "rotation": [
      [
        0.999667645,
        -0.002772049,
        0.0256307442
      ],
      [
        0.0195563156,
        0.729343832,
        -0.683867753
      ],
      [
        -0.0167979114,
        0.6841417,
        0.72915566
      ]
    ],
    "translation": [
      1.64501858,
      1.68443811,
      -1.03916955
    ]
  },
  {
    "timeStamp": 162,
    "rotation": [
      [
        0.9994214,
        -0.0286890436,
        -0.0182699114
      ],
      [
        0.008105047,
        0.7225616,
        -0.6912591
      ],
      [
        0.0330326967,
        0.6907111,
        0.722376049
      ]
    ],
    "translation": [
      1.63081753,
      1.68229747,
      -1.03978014
    ]
  },
  {
    "timeStamp": 207,
    "rotation": [
      [
        0.997720838,
        -0.0506599434,
        -0.0445721671
      ],
      [
        0.00540122669,
        0.7183961,
        -0.695613265
      ],
      [
        0.0672602057,
        0.6937871,
        0.717032433
      ]
    ],
    "translation": [
      1.61950707,
      1.68109107,
      -1.04075885
    ]
  },
  {
    "timeStamp": 342,
    "rotation": [
      [
        0.9974637,
        -0.0539198965,
        -0.0464627147
      ],
      [
        0.00634103362,
        0.7175008,
        -0.6965288
      ],
      [
        0.0708937943,
        0.694467545,
        0.7160229
      ]
    ],
    "translation": [
      1.61678529,
      1.680722,
      -1.04088986
    ]
  },
  {
    "timeStamp": 344,
    "rotation": [
      [
        0.9974637,
        -0.0539198965,
        -0.0464627147
      ],
      [
        0.00634103362,
        0.7175008,
        -0.6965288
      ],
      [
        0.0708937943,
        0.694467545,
        0.7160229
      ]
    ],
    "translation": [
      1.61678529,
      1.680722,
      -1.04088986
    ]
  },
  {
    "timeStamp": 383,
    "rotation": [
      [
        0.9913508,
        -0.105166256,
        -0.0785091743
      ],
      [
        0.0186492968,
        0.705031753,
        -0.7089305
      ],
      [
        0.129907027,
        0.7013347,
        0.7008951
      ]
    ],
    "translation": [
      1.57967377,
      1.67616463,
      -1.04141593
    ]
  },
  {
    "timeStamp": 439,
    "rotation": [
      [
        0.989153564,
        -0.117809206,
        -0.08772861
      ],
      [
        0.020519983,
        0.702233434,
        -0.711650968
      ],
      [
        0.145445,
        0.702131867,
        0.6970341
      ]
    ],
    "translation": [
      1.5685544,
      1.67418194,
      -1.04061711
    ]
  },
  {
    "timeStamp": 483,
    "rotation": [
      [
        0.9876765,
        -0.125827849,
        -0.09307239
      ],
      [
        0.0216028653,
        0.698588,
        -0.7151979
      ],
      [
        0.155011073,
        0.7043736,
        0.6926972
      ]
    ],
    "translation": [
      1.56008124,
      1.67207015,
      -1.04002953
    ]
  },
  {
    "timeStamp": 539,
    "rotation": [
      [
        0.985045731,
        -0.1393613,
        -0.101307735
      ],
      [
        0.023281455,
        0.690269232,
        -0.723177969
      ],
      [
        0.170712635,
        0.7100048,
        0.6831913
      ]
    ],
    "translation": [
      1.55022168,
      1.6690793,
      -1.03971624
    ]
  },
  {
    "timeStamp": 583,
    "rotation": [
      [
        0.983086348,
        -0.149196759,
        -0.106214896
      ],
      [
        0.02461797,
        0.6823458,
        -0.7306149
      ],
      [
        0.181480661,
        0.71564275,
        0.674477756
      ]
    ],
    "translation": [
      1.54306865,
      1.66702569,
      -1.03993356
    ]
  },
  {
    "timeStamp": 638,
    "rotation": [
      [
        0.981676161,
        -0.155351579,
        -0.110353246
      ],
      [
        0.0248902012,
        0.678682864,
        -0.734009564
      ],
      [
        0.1889244,
        0.717812955,
        0.6701135
      ]
    ],
    "translation": [
      1.53473365,
      1.665628,
      -1.0394994
    ]
  },
  {
    "timeStamp": 683,
    "rotation": [
      [
        0.9809959,
        -0.160086527,
        -0.109633096
      ],
      [
        0.0288516358,
        0.6791081,
        -0.7334711
      ],
      [
        0.191871554,
        0.716369033,
        0.670820951
      ]
    ],
    "translation": [
      1.52890611,
      1.66505432,
      -1.03923178
    ]
  },
  {
    "timeStamp": 739,
    "rotation": [
      [
        0.981224954,
        -0.163608417,
        -0.10212642
      ],
      [
        0.03665986,
        0.6780809,
        -0.7340724
      ],
      [
        0.189350411,
        0.716546237,
        0.6713478
      ]
    ],
    "translation": [
      1.52462888,
      1.664299,
      -1.039051
    ]
  },
  {
    "timeStamp": 784,
    "rotation": [
      [
        0.9822803,
        -0.16648753,
        -0.0860654563
      ],
      [
        0.049929712,
        0.6750853,
        -0.7360481
      ],
      [
        0.180644363,
        0.718708336,
        0.6714357
      ]
    ],
    "translation": [
      1.52089334,
      1.66341758,
      -1.03879762
    ]
  },
  {
    "timeStamp": 830,
    "rotation": [
      [
        0.9833554,
        -0.16754581,
        -0.07028978
      ],
      [
        0.061793685,
        0.6721988,
        -0.7377875
      ],
      [
        0.170861915,
        0.721163869,
        0.671363533
      ]
    ],
    "translation": [
      1.51938248,
      1.66245675,
      -1.038348
    ]
  },
  {
    "timeStamp": 886,
    "rotation": [
      [
        0.984936357,
        -0.164952531,
        -0.0518754646
      ],
      [
        0.0728594959,
        0.6679618,
        -0.7406204
      ],
      [
        0.156818032,
        0.7256843,
        0.6699182
      ]
    ],
    "translation": [
      1.51748765,
      1.66099358,
      -1.03760982
    ]
  },
  {
    "timeStamp": 930,
    "rotation": [
      [
        0.98525095,
        -0.166400433,
        -0.039891798
      ],
      [
        0.0822632238,
        0.665026069,
        -0.7422756
      ],
      [
        0.150044069,
        0.7280461,
        0.6689063
      ]
    ],
    "translation": [
      1.516293,
      1.6601696,
      -1.036889
    ]
  },
  {
    "timeStamp": 986,
    "rotation": [
      [
        0.9855693,
        -0.165705875,
        -0.03456567
      ],
      [
        0.0856749341,
        0.6644351,
        -0.7424189
      ],
      [
        0.1459898,
        0.728743851,
        0.66904366
      ]
    ],
    "translation": [
      1.5142622,
      1.6594286,
      -1.0363946
    ]
  },
  {
    "timeStamp": 1030,
    "rotation": [
      [
        0.9867444,
        -0.159976408,
        -0.0272594765
      ],
      [
        0.0872894749,
        0.6648217,
        -0.7418846
      ],
      [
        0.136806726,
        0.729671,
        0.6699733
      ]
    ],
    "translation": [
      1.51411247,
      1.65975022,
      -1.03592718
    ]
  },
  {
    "timeStamp": 1086,
    "rotation": [
      [
        0.988130033,
        -0.152252048,
        -0.0204544123
      ],
      [
        0.08698129,
        0.664258361,
        -0.742425144
      ],
      [
        0.126622766,
        0.7318334,
        0.6696167
      ]
    ],
    "translation": [
      1.51385117,
      1.65986025,
      -1.03530574
    ]
  },
  {
    "timeStamp": 1130,
    "rotation": [
      [
        0.9886018,
        -0.148490369,
        -0.0248397533
      ],
      [
        0.0808732063,
        0.6629354,
        -0.7442958
      ],
      [
        0.1269879,
        0.7338033,
        0.667388
      ]
    ],
    "translation": [
      1.51343739,
      1.65988791,
      -1.03431439
    ]
  },
  {
    "timeStamp": 1186,
    "rotation": [
      [
        0.989116132,
        -0.14400062,
        -0.030217912
      ],
      [
        0.07351675,
        0.6615751,
        -0.7462665
      ],
      [
        0.127454251,
        0.7359227,
        0.66496104
      ]
    ],
    "translation": [
      1.513432,
      1.65955782,
      -1.03312945
    ]
  },
  {
    "timeStamp": 1235,
    "rotation": [
      [
        0.990773559,
        -0.131420076,
        -0.0331122763
      ],
      [
        0.06304503,
        0.6632007,
        -0.7457816
      ],
      [
        0.119970761,
        0.7368131,
        0.665367067
      ]
    ],
    "translation": [
      1.51313162,
      1.65907192,
      -1.03173351
    ]
  },
  {
    "timeStamp": 1285,
    "rotation": [
      [
        0.9914531,
        -0.125535712,
        -0.0355170034
      ],
      [
        0.0579487234,
        0.6676553,
        -0.742211759
      ],
      [
        0.1168872,
        0.73381,
        0.6692236
      ]
    ],
    "translation": [
      1.51327467,
      1.65938187,
      -1.02939951
    ]
  },
  {
    "timeStamp": 1340,
    "rotation": [
      [
        0.9911805,
        -0.131108329,
        -0.0192853846
      ],
      [
        0.07413244,
        0.6692005,
        -0.739374757
      ],
      [
        0.109843977,
        0.731424153,
        0.6730178
      ]
    ],
    "translation": [
      1.51478148,
      1.65864992,
      -1.02860665
    ]
  },
  {
    "timeStamp": 1385,
    "rotation": [
      [
        0.9911989,
        -0.13138476,
        0.0162101146
      ],
      [
        0.100353263,
        0.665877938,
        -0.7392806
      ],
      [
        0.08633625,
        0.7344008,
        0.6732024
      ]
    ],
    "translation": [
      1.51865077,
      1.65808654,
      -1.02790558
    ]
  },
  {
    "timeStamp": 1430,
    "rotation": [
      [
        0.9895236,
        -0.132698461,
        0.056870155
      ],
      [
        0.131499246,
        0.6658323,
        -0.7344218
      ],
      [
        0.0595906563,
        0.7342061,
        0.6763065
      ]
    ],
    "translation": [
      1.52288318,
      1.65827608,
      -1.0266155
    ]
  },
  {
    "timeStamp": 1485,
    "rotation": [
      [
        0.9887942,
        -0.130707413,
        0.07212172
      ],
      [
        0.141151413,
        0.661289036,
        -0.73673135
      ],
      [
        0.0486029461,
        0.7386558,
        0.6723283
      ]
    ],
    "translation": [
      1.52505636,
      1.65759325,
      -1.02596557
    ]
  },
  {
    "timeStamp": 1529,
    "rotation": [
      [
        0.990240157,
        -0.125217646,
        0.0611954071
      ],
      [
        0.129217863,
        0.660342932,
        -0.739763439
      ],
      [
        0.0522214845,
        0.740451038,
        0.6700785
      ]
    ],
    "translation": [
      1.52476215,
      1.65692544,
      -1.02462256
    ]
  },
  {
    "timeStamp": 1585,
    "rotation": [
      [
        0.9918712,
        -0.12186525,
        0.03661134
      ],
      [
        0.108548857,
        0.660214841,
        -0.7431915
      ],
      [
        0.06639787,
        0.741124332,
        0.6680764
      ]
    ],
    "translation": [
      1.52352166,
      1.65600491,
      -1.02252555
    ]
  },
  {
    "timeStamp": 1630,
    "rotation": [
      [
        0.992317259,
        -0.122122616,
        0.0198129565
      ],
      [
        0.0962812,
        0.6617078,
        -0.7435541
      ],
      [
        0.0776943862,
        0.7397492,
        0.6683822
      ]
    ],
    "translation": [
      1.52260208,
      1.65561771,
      -1.02091038
    ]
  },
  {
    "timeStamp": 1686,
    "rotation": [
      [
        0.9930762,
        -0.116941012,
        0.0111491848
      ],
      [
        0.08595288,
        0.6586526,
        -0.7475218
      ],
      [
        0.0800725147,
        0.743304431,
        0.6641437
      ]
    ],
    "translation": [
      1.52288556,
      1.65556645,
      -1.0188899
    ]
  },
  {
    "timeStamp": 1730,
    "rotation": [
      [
        0.9930763,
        -0.117132343,
        0.008911293
      ],
      [
        0.08408083,
        0.655779,
        -0.7502562
      ],
      [
        0.08203543,
        0.7458109,
        0.661087155
      ]
    ],
    "translation": [
      1.5229876,
      1.65493214,
      -1.01801109
    ]
  },
  {
    "timeStamp": 1786,
    "rotation": [
      [
        0.9928508,
        -0.119033664,
        0.00885378849
      ],
      [
        0.0851517,
        0.654356062,
        -0.751377
      ],
      [
        0.08364563,
        0.7467591,
        0.6598138
      ]
    ],
    "translation": [
      1.52316773,
      1.6547401,
      -1.01673388
    ]
  },
  {
    "timeStamp": 1830,
    "rotation": [
      [
        0.9926751,
        -0.120665021,
        0.00600943668
      ],
      [
        0.08385869,
        0.6523665,
        -0.753250062
      ],
      [
        0.08697058,
        0.748236537,
        0.657706857
      ]
    ],
    "translation": [
      1.52285767,
      1.65475035,
      -1.0160048
    ]
  },
  {
    "timeStamp": 1886,
    "rotation": [
      [
        0.9921248,
        -0.1251447,
        -0.00521339
      ],
      [
        0.0781758651,
        0.6512109,
        -0.754859567
      ],
      [
        0.09786169,
        0.7485074,
        0.6558657
      ]
    ],
    "translation": [
      1.52165723,
      1.65493953,
      -1.01497746
    ]
  },
  {
    "timeStamp": 1930,
    "rotation": [
      [
        0.9916317,
        -0.127148345,
        -0.0223596171
      ],
      [
        0.06668234,
        0.6527605,
        -0.7546239
      ],
      [
        0.110544652,
        0.746817946,
        0.6557765
      ]
    ],
    "translation": [
      1.51966524,
      1.65522373,
      -1.01410365
    ]
  },
  {
    "timeStamp": 1986,
    "rotation": [
      [
        0.9904308,
        -0.12865001,
        -0.0499602556
      ],
      [
        0.0467662,
        0.6534412,
        -0.7555313
      ],
      [
        0.1298452,
        0.745965,
        0.653204739
      ]
    ],
    "translation": [
      1.51594114,
      1.65503466,
      -1.0131979
    ]
  },
  {
    "timeStamp": 2030,
    "rotation": [
      [
        0.9882295,
        -0.128693342,
        -0.08270689
      ],
      [
        0.0216753483,
        0.652982652,
        -0.7570626
      ],
      [
        0.151435092,
        0.746358931,
        0.6480862
      ]
    ],
    "translation": [
      1.51140857,
      1.65463459,
      -1.01280046
    ]
  },
  {
    "timeStamp": 2085,
    "rotation": [
      [
        0.982308269,
        -0.132278726,
        -0.132562518
      ],
      [
        -0.01537364,
        0.64851445,
        -0.761047065
      ],
      [
        0.186639056,
        0.7496208,
        0.6350075
      ]
    ],
    "translation": [
      1.50425363,
      1.65363359,
      -1.01349509
    ]
  },
  {
    "timeStamp": 2130,
    "rotation": [
      [
        0.9756191,
        -0.139393061,
        -0.169519871
      ],
      [
        -0.0413031839,
        0.641987264,
        -0.765602
      ],
      [
        0.215549186,
        0.7539376,
        0.620577633
      ]
    ],
    "translation": [
      1.49833393,
      1.65284324,
      -1.014591
    ]
  },
  {
    "timeStamp": 2185,
    "rotation": [
      [
        0.9666433,
        -0.149687916,
        -0.207832471
      ],
      [
        -0.06679061,
        0.6360497,
        -0.7687521
      ],
      [
        0.247264683,
        0.7569903,
        0.6048354
      ]
    ],
    "translation": [
      1.49149334,
      1.65206468,
      -1.016316
    ]
  },
  {
    "timeStamp": 2230,
    "rotation": [
      [
        0.9614436,
        -0.157930434,
        -0.225131273
      ],
      [
        -0.07596582,
        0.6342756,
        -0.7693657
      ],
      [
        0.264301538,
        0.756804049,
        0.597822964
      ]
    ],
    "translation": [
      1.4870801,
      1.65182042,
      -1.017313
    ]
  },
  {
    "timeStamp": 2286,
    "rotation": [
      [
        0.957377136,
        -0.171675161,
        -0.23228541
      ],
      [
        -0.0728195459,
        0.6347655,
        -0.7692659
      ],
      [
        0.279510617,
        0.7533925,
        0.595208764
      ]
    ],
    "translation": [
      1.48308468,
      1.651826,
      -1.01809442
    ]
  },
  {
    "timeStamp": 2330,
    "rotation": [
      [
        0.9560982,
        -0.183763862,
        -0.2282699
      ],
      [
        -0.06217883,
        0.6340048,
        -0.7708254
      ],
      [
        0.286374062,
        0.7511783,
        0.594744563
      ]
    ],
    "translation": [
      1.48076439,
      1.65163994,
      -1.01869011
    ]
  },
  {
    "timeStamp": 2385,
    "rotation": [
      [
        0.956154048,
        -0.1944619,
        -0.218984038
      ],
      [
        -0.04849683,
        0.6322751,
        -0.7732246
      ],
      [
        0.288820863,
        0.7499419,
        0.5951216
      ]
    ],
    "translation": [
      1.47848773,
      1.65102124,
      -1.019717
    ]
  },
  {
    "timeStamp": 2430,
    "rotation": [
      [
        0.955466449,
        -0.204008743,
        -0.213223442
      ],
      [
        -0.03825539,
        0.6308214,
        -0.77498436
      ],
      [
        0.2926095,
        0.7486285,
        0.594924331
      ]
    ],
    "translation": [
      1.47694969,
      1.65049279,
      -1.02044892
    ]
  },
  {
    "timeStamp": 2485,
    "rotation": [
      [
        0.955631435,
        -0.20953764,
        -0.2070327
      ],
      [
        -0.0304187089,
        0.6288855,
        -0.7769027
      ],
      [
        0.2929902,
        0.7487303,
        0.594608843
      ]
    ],
    "translation": [
      1.47530127,
      1.6496141,
      -1.02115738
    ]
  },
  {
    "timeStamp": 2530,
    "rotation": [
      [
        0.955230236,
        -0.213688269,
        -0.204627961
      ],
      [
        -0.0262610577,
        0.627661943,
        -0.778043
      ],
      [
        0.294695824,
        0.7485839,
        0.59395
      ]
    ],
    "translation": [
      1.47422493,
      1.64905322,
      -1.02168059
    ]
  },
  {
    "timeStamp": 2585,
    "rotation": [
      [
        0.9552901,
        -0.215853721,
        -0.202059746
      ],
      [
        -0.0237209927,
        0.6252409,
        -0.780071259
      ],
      [
        0.2947173,
        0.749987364,
        0.5921661
      ]
    ],
    "translation": [
      1.47301257,
      1.64818954,
      -1.02221489
    ]
  },
  {
    "timeStamp": 2630,
    "rotation": [
      [
        0.9556202,
        -0.214670464,
        -0.201758727
      ],
      [
        -0.0247780588,
        0.6238593,
        -0.7811438
      ],
      [
        0.293557554,
        0.751476,
        0.590853453
      ]
    ],
    "translation": [
      1.47266912,
      1.647796,
      -1.02222812
    ]
  },
  {
    "timeStamp": 2685,
    "rotation": [
      [
        0.9546821,
        -0.214165539,
        -0.206676468
      ],
      [
        -0.02980416,
        0.6221308,
        -0.782345831
      ],
      [
        0.2961313,
        0.7530514,
        0.5875541
      ]
    ],
    "translation": [
      1.47182119,
      1.64725852,
      -1.0223217
    ]
  },
  {
    "timeStamp": 2730,
    "rotation": [
      [
        0.9539277,
        -0.211181834,
        -0.213129446
      ],
      [
        -0.03653519,
        0.623299956,
        -0.7811289
      ],
      [
        0.297803819,
        0.7529272,
        0.5868675
      ]
    ],
    "translation": [
      1.47142649,
      1.64741409,
      -1.02121651
    ]
  },
  {
    "timeStamp": 2785,
    "rotation": [
      [
        0.9538594,
        -0.20978108,
        -0.214811862
      ],
      [
        -0.0390126929,
        0.622777343,
        -0.781425834
      ],
      [
        0.297708333,
        0.753750741,
        0.5858579
      ]
    ],
    "translation": [
      1.47168851,
      1.64691758,
      -1.01949286
    ]
  },
  {
    "timeStamp": 2830,
    "rotation": [
      [
        0.955036044,
        -0.20280984,
        -0.2162736
      ],
      [
        -0.0443301536,
        0.623571634,
        -0.780508339
      ],
      [
        0.293156862,
        0.755001068,
        0.5865428
      ]
    ],
    "translation": [
      1.472003,
      1.64644,
      -1.01723373
    ]
  },
  {
    "timeStamp": 2885,
    "rotation": [
      [
        0.95645,
        -0.196794957,
        -0.21558097
      ],
      [
        -0.0483942255,
        0.6214237,
        -0.7819786
      ],
      [
        0.287856579,
        0.758356333,
        0.58483696
      ]
    ],
    "translation": [
      1.47244763,
      1.6453793,
      -1.014816
    ]
  },
  {
    "timeStamp": 2930,
    "rotation": [
      [
        0.9572246,
        -0.1911761,
        -0.217192918
      ],
      [
        -0.0538513325,
        0.6198103,
        -0.7829018
      ],
      [
        0.284290522,
        0.761109,
        0.583002567
      ]
    ],
    "translation": [
      1.47280812,
      1.64491951,
      -1.01289189
    ]
  },
  {
    "timeStamp": 2985,
    "rotation": [
      [
        0.957608938,
        -0.1888314,
        -0.217549428
      ],
      [
        -0.05684446,
        0.616478562,
        -0.785317063
      ],
      [
        0.282407075,
        0.7643931,
        0.579611361
      ]
    ],
    "translation": [
      1.4719727,
      1.64404511,
      -1.01160812
    ]
  },
  {
    "timeStamp": 3030,
    "rotation": [
      [
        0.9571786,
        -0.190447271,
        -0.2180342
      ],
      [
        -0.0570147038,
        0.6143834,
        -0.7869449
      ],
      [
        0.2838281,
        0.765678,
        0.5772164
      ]
    ],
    "translation": [
      1.471906,
      1.643622,
      -1.01120818
    ]
  },
  {
    "timeStamp": 3085,
    "rotation": [
      [
        0.9565738,
        -0.190470517,
        -0.220652491
      ],
      [
        -0.05874622,
        0.6154749,
        -0.7859641
      ],
      [
        0.28550905,
        0.7647951,
        0.577557743
      ]
    ],
    "translation": [
      1.47122347,
      1.64357316,
      -1.0104897
    ]
  },
  {
    "timeStamp": 3130,
    "rotation": [
      [
        0.9558038,
        -0.190689281,
        -0.2237783
      ],
      [
        -0.060147766,
        0.6182139,
        -0.7837052
      ],
      [
        0.28778705,
        0.7625281,
        0.579421639
      ]
    ],
    "translation": [
      1.46987057,
      1.64300442,
      -1.01076031
    ]
  },
  {
    "timeStamp": 3185,
    "rotation": [
      [
        0.9542812,
        -0.19420822,
        -0.227223814
      ],
      [
        -0.06005017,
        0.6201161,
        -0.782208443
      ],
      [
        0.29281646,
        0.760091662,
        0.580102861
      ]
    ],
    "translation": [
      1.46858585,
      1.64309025,
      -1.0106163
    ]
  },
  {
    "timeStamp": 3230,
    "rotation": [
      [
        0.9527016,
        -0.196658134,
        -0.231700644
      ],
      [
        -0.0616958067,
        0.6213769,
        -0.781079
      ],
      [
        0.297578961,
        0.7584302,
        0.5798538
      ]
    ],
    "translation": [
      1.46719646,
      1.64311028,
      -1.01074493
    ]
  },
  {
    "timeStamp": 3285,
    "rotation": [
      [
        0.9509472,
        -0.200323,
        -0.2357329
      ],
      [
        -0.06279683,
        0.6211519,
        -0.7811701
      ],
      [
        0.3029123,
        0.757654846,
        0.578103065
      ]
    ],
    "translation": [
      1.46512187,
      1.64285433,
      -1.01132679
    ]
  },
  {
    "timeStamp": 3330,
    "rotation": [
      [
        0.9482884,
        -0.206020758,
        -0.241463348
      ],
      [
        -0.0641938,
        0.620529,
        -0.781551659
      ],
      [
        0.310850859,
        0.7566368,
        0.575215161
      ]
    ],
    "translation": [
      1.4630264,
      1.64271927,
      -1.011996
    ]
  },
  {
    "timeStamp": 3385,
    "rotation": [
      [
        0.9433285,
        -0.217381358,
        -0.250752419
      ],
      [
        -0.0649962351,
        0.619940758,
        -0.781952
      ],
      [
        0.325433433,
        0.7539356,
        0.57067883
      ]
    ],
    "translation": [
      1.4602406,
      1.64241242,
      -1.01303315
    ]
  },
  {
    "timeStamp": 3429,
    "rotation": [
      [
        0.939244866,
        -0.225448728,
        -0.258828133
      ],
      [
        -0.06685874,
        0.619450569,
        -0.7821834
      ],
      [
        0.3366735,
        0.751966655,
        0.566742539
      ]
    ],
    "translation": [
      1.45802,
      1.64225912,
      -1.01419961
    ]
  },
  {
    "timeStamp": 3485,
    "rotation": [
      [
        0.935477257,
        -0.232194752,
        -0.266397953
      ],
      [
        -0.06858665,
        0.6202123,
        -0.7814298
      ],
      [
        0.346667171,
        0.749281168,
        0.564269066
      ]
    ],
    "translation": [
      1.45573354,
      1.642452,
      -1.01546192
    ]
  },
  {
    "timeStamp": 3530,
    "rotation": [
      [
        0.934601247,
        -0.234803841,
        -0.267184645
      ],
      [
        -0.067177,
        0.621122241,
        -0.7808293
      ],
      [
        0.349296033,
        0.747712731,
        0.5647282
      ]
    ],
    "translation": [
      1.45479465,
      1.642809,
      -1.01604986
    ]
  },
  {
    "timeStamp": 3585,
    "rotation": [
      [
        0.937036335,
        -0.234524444,
        -0.258768618
      ],
      [
        -0.0593973324,
        0.623144746,
        -0.7798478
      ],
      [
        0.344143659,
        0.746115863,
        0.569979131
      ]
    ],
    "translation": [
      1.4546082,
      1.64327693,
      -1.01586151
    ]
  },
  {
    "timeStamp": 3629,
    "rotation": [
      [
        0.9403215,
        -0.23473613,
        -0.246362463
      ],
      [
        -0.0482905619,
        0.6246057,
        -0.779445767
      ],
      [
        0.3368435,
        0.7448266,
        0.5759946
      ]
    ],
    "translation": [
      1.45531583,
      1.643378,
      -1.01530981
    ]
  },
  {
    "timeStamp": 3683,
    "rotation": [
      [
        0.944899,
        -0.232891709,
        -0.230059475
      ],
      [
        -0.0356819,
        0.6253098,
        -0.7795604
      ],
      [
        0.325411618,
        0.7448148,
        0.582544565
      ]
    ],
    "translation": [
      1.4565891,
      1.64305651,
      -1.014513
    ]
  },
  {
    "timeStamp": 3739,
    "rotation": [
      [
        0.9498439,
        -0.228754029,
        -0.213232875
      ],
      [
        -0.02330078,
        0.6281912,
        -0.7777101
      ],
      [
        0.311855316,
        0.743671656,
        0.591353357
      ]
    ],
    "translation": [
      1.457871,
      1.64319777,
      -1.01338851
    ]
  },
  {
    "timeStamp": 3783,
    "rotation": [
      [
        0.9537637,
        -0.222212091,
        -0.20237717
      ],
      [
        -0.0164374188,
        0.633767366,
        -0.773349047
      ],
      [
        0.300107539,
        0.7409188,
        0.6008117
      ]
    ],
    "translation": [
      1.45893812,
      1.64399,
      -1.01196527
    ]
  },
  {
    "timeStamp": 3839,
    "rotation": [
      [
        0.9581969,
        -0.214655787,
        -0.189160347
      ],
      [
        -0.00917943753,
        0.637741148,
        -0.770196
      ],
      [
        0.285962373,
        0.7397358,
        0.6091112
      ]
    ],
    "translation": [
      1.4604218,
      1.64494109,
      -1.01095915
    ]
  },
  {
    "timeStamp": 3883,
    "rotation": [
      [
        0.9613719,
        -0.20870699,
        -0.17945902
      ],
      [
        -0.00642912043,
        0.634774745,
        -0.7726705
      ],
      [
        0.275177777,
        0.7439775,
        0.608912766
      ]
    ],
    "translation": [
      1.461518,
      1.64490652,
      -1.01106393
    ]
  },
  {
    "timeStamp": 3938,
    "rotation": [
      [
        0.964621365,
        -0.202388018,
        -0.168952122
      ],
      [
        -0.00318664638,
        0.631848037,
        -0.775085747
      ],
      [
        0.263620138,
        0.7482026,
        0.608849168
      ]
    ],
    "translation": [
      1.462744,
      1.64481485,
      -1.0110178
    ]
  },
  {
    "timeStamp": 3983,
    "rotation": [
      [
        0.9674523,
        -0.196227089,
        -0.159784287
      ],
      [
        0.00265044672,
        0.6392477,
        -0.7689963
      ],
      [
        0.253039658,
        0.743543744,
        0.618961751
      ]
    ],
    "translation": [
      1.463731,
      1.64602149,
      -1.00935364
    ]
  },
  {
    "timeStamp": 4039,
    "rotation": [
      [
        0.9731368,
        -0.188797459,
        -0.131758571
      ],
      [
        0.022346532,
        0.6470523,
        -0.7621181
      ],
      [
        0.229140639,
        0.7387008,
        0.6338893
      ]
    ],
    "translation": [
      1.4665823,
      1.64774859,
      -1.00746512
    ]
  },
  {
    "timeStamp": 4085,
    "rotation": [
      [
        0.9786855,
        -0.183309674,
        -0.09258685
      ],
      [
        0.05110379,
        0.6540435,
        -0.7547288
      ],
      [
        0.1989049,
        0.733910561,
        0.6494707
      ]
    ],
    "translation": [
      1.47120547,
      1.64968288,
      -1.00551081
    ]
  },
  {
    "timeStamp": 4129,
    "rotation": [
      [
        0.982556045,
        -0.175822049,
        -0.0605816729
      ],
      [
        0.0708270743,
        0.65501684,
        -0.752287447
      ],
      [
        0.171950743,
        0.7348738,
        0.656043768
      ]
    ],
    "translation": [
      1.47526717,
      1.65036988,
      -1.004433
    ]
  },
  {
    "timeStamp": 4185,
    "rotation": [
      [
        0.9859853,
        -0.164192855,
        -0.0295591317
      ],
      [
        0.0867531,
        0.655942,
        -0.749809265
      ],
      [
        0.1425024,
        0.736736536,
        0.6609934
      ]
    ],
    "translation": [
      1.47944546,
      1.6509155,
      -1.003173
    ]
  },
  {
    "timeStamp": 4229,
    "rotation": [
      [
        0.9881965,
        -0.1527344,
        -0.01182851
      ],
      [
        0.0926290154,
        0.657239139,
        -0.7479683
      ],
      [
        0.122014649,
        0.738044,
        0.663629055
      ]
    ],
    "translation": [
      1.48233747,
      1.65114856,
      -1.00238156
    ]
  },
  {
    "timeStamp": 4285,
    "rotation": [
      [
        0.99003,
        -0.14080596,
        0.00378235825
      ],
      [
        0.09651242,
        0.658546865,
        -0.746325254
      ],
      [
        0.102596186,
        0.7392494,
        0.6655707
      ]
    ],
    "translation": [
      1.48539019,
      1.6517638,
      -1.00187826
    ]
  },
  {
    "timeStamp": 4340,
    "rotation": [
      [
        0.991219044,
        -0.13175419,
        0.011209473
      ],
      [
        0.0962699652,
        0.6609441,
        -0.7442345
      ],
      [
        0.0906471759,
        0.738778532,
        0.6678243
      ]
    ],
    "translation": [
      1.48727179,
      1.65248227,
      -1.00163257
    ]
  },
  {
    "timeStamp": 4385,
    "rotation": [
      [
        0.992244363,
        -0.122801438,
        0.0192579124
      ],
      [
        0.09665357,
        0.6648039,
        -0.7407387
      ],
      [
        0.07816104,
        0.736855149,
        0.6715172
      ]
    ],
    "translation": [
      1.48951733,
      1.65350723,
      -1.001425
    ]
  },
  {
    "timeStamp": 4440,
    "rotation": [
      [
        0.992788553,
        -0.116799429,
        0.02699635
      ],
      [
        0.09855899,
        0.667064369,
        -0.738451958
      ],
      [
        0.06824246,
        0.7357874,
        0.6737655
      ]
    ],
    "translation": [
      1.49143291,
      1.65432453,
      -1.00166631
    ]
  },
  {
    "timeStamp": 4485,
    "rotation": [
      [
        0.992913842,
        -0.111693583,
        0.04058011
      ],
      [
        0.105296634,
        0.6685992,
        -0.736130238
      ],
      [
        0.0550891943,
        0.7351868,
        0.6756223
      ]
    ],
    "translation": [
      1.49422359,
      1.6550256,
      -1.00207019
    ]
  },
  {
    "timeStamp": 4529,
    "rotation": [
      [
        0.992902637,
        -0.107840642,
        0.050147526
      ],
      [
        0.109818816,
        0.6694877,
        -0.734660447
      ],
      [
        0.0456531,
        0.7349534,
        0.676579058
      ]
    ],
    "translation": [
      1.49624658,
      1.6553452,
      -1.00228226
    ]
  },
  {
    "timeStamp": 4585,
    "rotation": [
      [
        0.992752254,
        -0.103543177,
        0.061005678
      ],
      [
        0.114925638,
        0.669509053,
        -0.7338595
      ],
      [
        0.03514229,
        0.7355518,
        0.6765564
      ]
    ],
    "translation": [
      1.49842274,
      1.65544248,
      -1.00270224
    ]
  },
  {
    "timeStamp": 4640,
    "rotation": [
      [
        0.992579162,
        -0.10140837,
        0.06710341
      ],
      [
        0.11790359,
        0.667575836,
        -0.735147059
      ],
      [
        0.0297534429,
        0.7376034,
        0.6745783
      ]
    ],
    "translation": [
      1.49994516,
      1.65537536,
      -1.00335336
    ]
  },
  {
    "timeStamp": 4684,
    "rotation": [
      [
        0.9922486,
        -0.101136766,
        0.07220944
      ],
      [
        0.12149208,
        0.6673372,
        -0.7347794
      ],
      [
        0.0261251722,
        0.7378567,
        0.674451649
      ]
    ],
    "translation": [
      1.501451,
      1.65548182,
      -1.003736
    ]
  },
  {
    "timeStamp": 4740,
    "rotation": [
      [
        0.99242276,
        -0.09825603,
        0.07377468
      ],
      [
        0.12072248,
        0.6679902,
        -0.734312654
      ],
      [
        0.0228698738,
        0.737654865,
        0.674790442
      ]
    ],
    "translation": [
      1.50238836,
      1.65581179,
      -1.00389767
    ]
  },
  {
    "timeStamp": 4785,
    "rotation": [
      [
        0.992600441,
        -0.09659884,
        0.07357406
      ],
      [
        0.119480073,
        0.668921649,
        -0.733667731
      ],
      [
        0.02165617,
        0.737029552,
        0.6755135
      ]
    ],
    "translation": [
      1.50329936,
      1.65637434,
      -1.00415754
    ]
  },
  {
    "timeStamp": 4840,
    "rotation": [
      [
        0.992862,
        -0.09456512,
        0.07268044
      ],
      [
        0.117464736,
        0.6697239,
        -0.733261168
      ],
      [
        0.0206651054,
        0.7365646,
        0.6760515
      ]
    ],
    "translation": [
      1.50405443,
      1.65657,
      -1.00388694
    ]
  },
  {
    "timeStamp": 4884,
    "rotation": [
      [
        0.9929864,
        -0.09264209,
        0.07345358
      ],
      [
        0.116694689,
        0.6682426,
        -0.7347341
      ],
      [
        0.0189824961,
        0.7381526,
        0.674366653
      ]
    ],
    "translation": [
      1.50518823,
      1.65639877,
      -1.00382233
    ]
  },
  {
    "timeStamp": 4940,
    "rotation": [
      [
        0.992866,
        -0.09212812,
        0.075693436
      ],
      [
        0.11795067,
        0.6659393,
        -0.7366224
      ],
      [
        0.0174564067,
        0.7402954,
        0.672055
      ]
    ],
    "translation": [
      1.50611281,
      1.65614986,
      -1.00352859
    ]
  },
  {
    "timeStamp": 4984,
    "rotation": [
      [
        0.9928366,
        -0.09082788,
        0.077625826
      ],
      [
        0.11845544,
        0.6633734,
        -0.738853157
      ],
      [
        0.0156135531,
        0.742755651,
        0.6693805
      ]
    ],
    "translation": [
      1.50721717,
      1.65560067,
      -1.00333238
    ]
  },
  {
    "timeStamp": 5040,
    "rotation": [
      [
        0.99281,
        -0.08970028,
        0.07926058
      ],
      [
        0.118857786,
        0.660271943,
        -0.7415618
      ],
      [
        0.0141847674,
        0.7456507,
        0.6661861
      ]
    ],
    "translation": [
      1.50786233,
      1.65491676,
      -1.0032258
    ]
  },
  {
    "timeStamp": 5085,
    "rotation": [
      [
        0.992784739,
        -0.0878787562,
        0.08158321
      ],
      [
        0.119321868,
        0.6566878,
        -0.7446633
      ],
      [
        0.0118653849,
        0.749025047,
        0.6624355
      ]
    ],
    "translation": [
      1.50900507,
      1.65406418,
      -1.00275564
    ]
  },
  {
    "timeStamp": 5140,
    "rotation": [
      [
        0.9925961,
        -0.0875686,
        0.08417094
      ],
      [
        0.121003442,
        0.652759552,
        -0.747839
      ],
      [
        0.0105438326,
        0.752487,
        0.6585227
      ]
    ],
    "translation": [
      1.509476,
      1.653466,
      -1.00306916
    ]
  },
  {
    "timeStamp": 5184,
    "rotation": [
      [
        0.992198169,
        -0.08870209,
        0.0876051
      ],
      [
        0.124298893,
        0.6496285,
        -0.750021756
      ],
      [
        0.009617739,
        0.7550594,
        0.6555858
      ]
    ],
    "translation": [
      1.51011133,
      1.6530683,
      -1.00316262
    ]
  },
  {
    "timeStamp": 5240,
    "rotation": [
      [
        0.992069244,
        -0.08810276,
        0.08964598
      ],
      [
        0.125443816,
        0.6492043,
        -0.750198364
      ],
      [
        0.007895989,
        0.7554943,
        0.6551077
      ]
    ],
    "translation": [
      1.510551,
      1.652827,
      -1.00323308
    ]
  },
  {
    "timeStamp": 5284,
    "rotation": [
      [
        0.9921569,
        -0.08274241,
        0.09369284
      ],
      [
        0.124988809,
        0.6473147,
        -0.7519052
      ],
      [
        0.00156569434,
        0.7577185,
        0.652579665
      ]
    ],
    "translation": [
      1.51130843,
      1.65254045,
      -1.0033884
    ]
  },
  {
    "timeStamp": 5340,
    "rotation": [
      [
        0.992182,
        -0.07909021,
        0.09653728
      ],
      [
        0.124762788,
        0.6471537,
        -0.7520813
      ],
      [
        -0.00299220067,
