[
  {
    "timeStamp": 23610,
    "rotation": [
      [
        0.99994427,
        0.00705220271,
        0.007853214
      ],
      [
        -0.007478815,
        -0.0516320728,
        0.998638153
      ],
      [
        0.00744808139,
        -0.998641253,
        -0.0515764579
      ]
    ],
    "translation": [
      1.61517262,
      0.7070421,
      -0.7500895
    ]
  },
  {
    "timeStamp": 23666,
    "rotation": [
      [
        0.99967736,
        -0.02007017,
        0.0155657018
      ],
      [
        -0.016933199,
        -0.0698705241,
        0.9974123
      ],
      [
        -0.0189306438,
        -0.9973541,
        -0.07018784
      ]
    ],
    "translation": [
      1.615927,
      0.7101402,
      -0.7462377
    ]
  },
  {
    "timeStamp": 23711,
    "rotation": [
      [
        0.998921752,
        -0.0307055451,
        0.0348206051
      ],
      [
        -0.0368167423,
        -0.06703794,
        0.9970709
      ],
      [
        -0.0282812864,
        -0.9972778,
        -0.068096146
      ]
    ],
    "translation": [
      1.61407244,
      0.7210405,
      -0.7401932
    ]
  },
  {
    "timeStamp": 23766,
    "rotation": [
      [
        0.9923671,
        -0.07355319,
        0.09898247
      ],
      [
        -0.102801792,
        -0.0500857,
        0.9934401
      ],
      [
        -0.06811308,
        -0.996032834,
        -0.0572648
      ]
    ],
    "translation": [
      1.61232567,
      0.74650687,
      -0.735587955
    ]
  },
  {
    "timeStamp": 23810,
    "rotation": [
      [
        0.9797233,
        -0.120794326,
        0.159847066
      ],
      [
        -0.165022686,
        -0.0340669975,
        0.985701263
      ],
      [
        -0.113621615,
        -0.992092848,
        -0.0533100329
      ]
    ],
    "translation": [
      1.61523831,
      0.7736878,
      -0.7289461
    ]
  },
  {
    "timeStamp": 23866,
    "rotation": [
      [
        0.949929059,
        -0.2046103,
        0.2361555
      ],
      [
        -0.2435195,
        -0.011217949,
        0.9698311
      ],
      [
        -0.195788249,
        -0.978779256,
        -0.0604828559
      ]
    ],
    "translation": [
      1.62861335,
      0.809410453,
      -0.7149256
    ]
  },
  {
    "timeStamp": 23910,
    "rotation": [
      [
        0.9180985,
        -0.2783212,
        0.282192081
      ],
      [
        -0.291659772,
        0.00769551331,
        0.9564912
      ],
      [
        -0.268383384,
        -0.9604572,
        -0.07410986
      ]
    ],
    "translation": [
      1.64664543,
      0.8362005,
      -0.7001744
    ]
  },
  {
    "timeStamp": 23966,
    "rotation": [
      [
        0.8592615,
        -0.384622663,
        0.337246239
      ],
      [
        -0.36279878,
        0.006557091,
        0.9318444
      ],
      [
        -0.360619843,
        -0.9230506,
        -0.133906379
      ]
    ],
    "translation": [
      1.677134,
      0.8744124,
      -0.673762262
    ]
  },
  {
    "timeStamp": 24010,
    "rotation": [
      [
        0.803796232,
        -0.471823275,
        0.362345666
      ],
      [
        -0.411770225,
        -0.00165049965,
        0.911286235
      ],
      [
        -0.429368019,
        -0.8816916,
        -0.19560945
      ]
    ],
    "translation": [
      1.71126568,
      0.9039644,
      -0.6519672
    ]
  },
  {
    "timeStamp": 24066,
    "rotation": [
      [
        0.7121963,
        -0.598758638,
        0.366421282
      ],
      [
        -0.4681037,
        -0.0160977133,
        0.8835269
      ],
      [
        -0.5231208,
        -0.8007677,
        -0.291745871
      ]
    ],
    "translation": [
      1.764189,
      0.9380703,
      -0.6208724
    ]
  },
  {
    "timeStamp": 24110,
    "rotation": [
      [
        0.6436114,
        -0.6865358,
        0.338279635
      ],
      [
        -0.500388563,
        -0.04301985,
        0.86473155
      ],
      [
        -0.5791164,
        -0.72582227,
        -0.371222675
      ]
    ],
    "translation": [
      1.81512821,
      0.9621881,
      -0.5977688
    ]
  },
  {
    "timeStamp": 24166,
    "rotation": [
      [
        0.5580402,
        -0.78467685,
        0.269950777
      ],
      [
        -0.533128858,
        -0.08972851,
        0.8412624
      ],
      [
        -0.635896862,
        -0.6133768,
        -0.468405962
      ]
    ],
    "translation": [
      1.88700354,
      0.988576,
      -0.5739286
    ]
  },
  {
    "timeStamp": 24210,
    "rotation": [
      [
        0.49492988,
        -0.8459326,
        0.198601291
      ],
      [
        -0.547545552,
        -0.126146123,
        0.8272128
      ],
      [
        -0.6747135,
        -0.5181556,
        -0.5256201
      ]
    ],
    "translation": [
      1.94753742,
      1.00545776,
      -0.561257839
    ]
  },
  {
    "timeStamp": 24266,
    "rotation": [
      [
        0.434665084,
        -0.895916343,
        0.0916525647
      ],
      [
        -0.542682648,
        -0.179344967,
        0.8205674
      ],
      [
        -0.718722343,
        -0.406410277,
        -0.564153254
      ]
    ],
    "translation": [
      2.02513838,
      1.01883745,
      -0.5542218
    ]
  },
  {
    "timeStamp": 24310,
    "rotation": [
      [
        0.3744349,
        -0.927243352,
        0.00427369354
      ],
      [
        -0.535528064,
        -0.212487131,
        0.8173487
      ],
      [
        -0.756973,
        -0.308332562,
        -0.5761274
      ]
    ],
    "translation": [
      2.09051752,
      1.02423537,
      -0.555881143
    ]
  },
  {
    "timeStamp": 24375,
    "rotation": [
      [
        0.289576173,
        -0.9530989,
        -0.0880239159
      ],
      [
        -0.515736461,
        -0.232841253,
        0.8245004
      ],
      [
        -0.806326,
        -0.193358511,
        -0.558973134
      ]
    ],
    "translation": [
      2.167991,
      1.02071548,
      -0.566869557
    ]
  },
  {
    "timeStamp": 24410,
    "rotation": [
      [
        0.2585102,
        -0.951859534,
        -0.164729878
      ],
      [
        -0.439504534,
        -0.267746478,
        0.8574075
      ],
      [
        -0.86023736,
        -0.149249077,
        -0.487561762
      ]
    ],
    "translation": [
      2.21841574,
      1.00261188,
      -0.5820897
    ]
  },
  {
    "timeStamp": 24460,
    "rotation": [
      [
        0.26936692,
        -0.9435429,
        -0.192790717
      ],
      [
        -0.2623892,
        -0.2645225,
        0.9279977
      ],
      [
        -0.926603138,
        -0.199385688,
        -0.3188291
      ]
    ],
    "translation": [
      2.257279,
      0.956759,
      -0.607890964
    ]
  },
  {
    "timeStamp": 24516,
    "rotation": [
      [
        0.250959784,
        -0.953373253,
        -0.167626008
      ],
      [
        -0.169744164,
        -0.213827044,
        0.96201086
      ],
      [
        -0.9529984,
        -0.2129725,
        -0.215491548
      ]
    ],
    "translation": [
      2.278053,
      0.913247,
      -0.629056
    ]
  },
  {
    "timeStamp": 24560,
    "rotation": [
      [
        0.2747809,
        -0.9494568,
        -0.15174742
      ],
      [
        -0.07713071,
        -0.179080173,
        0.980806351
      ],
      [
        -0.958408237,
        -0.257802457,
        -0.122440092
      ]
    ],
    "translation": [
      2.28368521,
      0.8756534,
      -0.644420445
    ]
  },
  {
    "timeStamp": 24616,
    "rotation": [
      [
        0.296315253,
        -0.9456047,
        -0.134272143
      ],
      [
        -0.009207979,
        -0.143407688,
        0.989620864
      ],
      [
        -0.95504576,
        -0.2920034,
        -0.0512009934
      ]
    ],
    "translation": [
      2.288368,
      0.8361731,
      -0.653069139
    ]
  },
  {
    "timeStamp": 24660,
    "rotation": [
      [
        0.308253169,
        -0.93908155,
        -0.152005985
      ],
      [
        0.00290953461,
        -0.1588555,
        0.987297535
      ],
      [
        -0.9512999,
        -0.304779857,
        -0.04623542
      ]
    ],
    "translation": [
      2.296257,
      0.816380739,
      -0.6477407
    ]
  },
  {
    "timeStamp": 24716,
    "rotation": [
      [
        0.304171473,
        -0.942523956,
        -0.1383053
      ],
      [
        0.0339562558,
        -0.134364888,
        0.990349948
      ],
      [
        -0.952011943,
        -0.305932552,
        -0.00886538252
      ]
    ],
    "translation": [
      2.30497313,
      0.7882736,
      -0.644252539
    ]
  },
  {
    "timeStamp": 24760,
    "rotation": [
      [
        0.312756866,
        -0.9387826,
        -0.144466415
      ],
      [
        0.023676442,
        -0.144343972,
        0.9892443
      ],
      [
        -0.9495381,
        -0.312813371,
        -0.022917537
      ]
    ],
    "translation": [
      2.311385,
      0.77684927,
      -0.6348655
    ]
  },
  {
    "timeStamp": 24816,
    "rotation": [
      [
        0.317791373,
        -0.937615156,
        -0.141018867
      ],
      [
        0.0156785566,
        -0.14351207,
        0.989524364
      ],
      [
        -0.948030949,
        -0.316673279,
        -0.0309064481
      ]
    ],
    "translation": [
      2.32045031,
      0.7659619,
      -0.622855961
    ]
  },
  {
    "timeStamp": 24861,
    "rotation": [
      [
        0.314318985,
        -0.939637,
        -0.135225251
      ],
      [
        0.0402771831,
        -0.129116669,
        0.9908111
      ],
      [
        -0.9484626,
        -0.316877216,
        -0.00273788883
      ]
    ],
    "translation": [
      2.326084,
      0.754552245,
      -0.6206837
    ]
  },
  {
    "timeStamp": 24907,
    "rotation": [
      [
        0.323962033,
        -0.937961757,
        -0.123597331
      ],
      [
        0.03142599,
        -0.119901851,
        0.992288232
      ],
      [
        -0.945547938,
        -0.325347871,
        -0.009367271
      ]
    ],
    "translation": [
      2.328729,
      0.7483099,
      -0.613406658
    ]
  },
  {
    "timeStamp": 24964,
    "rotation": [
      [
        0.3391608,
        -0.931344151,
        -0.132544547
      ],
      [
        0.04147502,
        -0.125954837,
        0.9911686
      ],
      [
        -0.939813733,
        -0.341662824,
        -0.00409142533
      ]
    ],
    "translation": [
      2.33345366,
      0.7409125,
      -0.607663751
    ]
  },
  {
    "timeStamp": 25009,
    "rotation": [
      [
        0.351437867,
        -0.9276352,
        -0.1264288
      ],
      [
        0.0538842753,
        -0.1147772,
        0.991928756
      ],
      [
        -0.9346592,
        -0.355413854,
        0.00964789651
      ]
    ],
    "translation": [
      2.334287,
      0.7340615,
      -0.605153143
    ]
  }
]