[
  {
    "timeStamp": 54252,
    "rotation": [
      [
        0.858040452,
        -0.322723031,
        -0.399520159
      ],
      [
        0.309009343,
        0.945754647,
        -0.100306086
      ],
      [
        0.410219163,
        -0.0373887867,
        0.9112202
      ]
    ],
    "translation": [
      1.45930326,
      0.706148446,
      -0.5164015
    ]
  },
  {
    "timeStamp": 54297,
    "rotation": [
      [
        0.8533768,
        -0.32292515,
        -0.409227818
      ],
      [
        0.324112773,
        0.943523645,
        -0.06865902
      ],
      [
        0.408287823,
        -0.07404395,
        0.909845352
      ]
    ],
    "translation": [
      1.46375453,
      0.7139013,
      -0.5173513
    ]
  },
  {
    "timeStamp": 54352,
    "rotation": [
      [
        0.8628349,
        -0.27486676,
        -0.4242218
      ],
      [
        0.279042482,
        0.958777666,
        -0.0536713
      ],
      [
        0.421486884,
        -0.07206644,
        0.903966367
      ]
    ],
    "translation": [
      1.46836042,
      0.730245233,
      -0.5313675
    ]
  },
  {
    "timeStamp": 54399,
    "rotation": [
      [
        0.877663732,
        -0.212877944,
        -0.429405868
      ],
      [
        0.223311171,
        0.974383533,
        -0.026624348
      ],
      [
        0.424073726,
        -0.0725239,
        0.90271914
      ]
    ],
    "translation": [
      1.476102,
      0.749588847,
      -0.5490651
    ]
  },
  {
    "timeStamp": 54451,
    "rotation": [
      [
        0.8850134,
        -0.141934142,
        -0.443402648
      ],
      [
        0.154101461,
        0.988016844,
        -0.008686161
      ],
      [
        0.439322144,
        -0.060641624,
        0.896280468
      ]
    ],
    "translation": [
      1.49679124,
      0.775190234,
      -0.5811893
    ]
  },
  {
    "timeStamp": 54507,
    "rotation": [
      [
        0.890019357,
        -0.0890632048,
        -0.4471391
      ],
      [
        0.10047397,
        0.994938,
        0.00181466644
      ],
      [
        0.4447141,
        -0.0465409346,
        0.8944626
      ]
    ],
    "translation": [
      1.52786994,
      0.7986821,
      -0.618911147
    ]
  },
  {
    "timeStamp": 54552,
    "rotation": [
      [
        0.8963003,
        -0.06752616,
        -0.438276082
      ],
      [
        0.07307937,
        0.997317255,
        -0.00420725532
      ],
      [
        0.4373844,
        -0.0282579754,
        0.8988306
      ]
    ],
    "translation": [
      1.560167,
      0.813750148,
      -0.6502694
    ]
  },
  {
    "timeStamp": 54607,
    "rotation": [
      [
        0.910761654,
        -0.0624854229,
        -0.4081774
      ],
      [
        0.05869967,
        0.998037457,
        -0.0218076389
      ],
      [
        0.408739,
        -0.00409831852,
        0.9126421
      ]
    ],
    "translation": [
      1.60648942,
      0.8289183,
      -0.68754524
    ]
  },
  {
    "timeStamp": 54651,
    "rotation": [
      [
        0.9352678,
        -0.0520644672,
        -0.350090563
      ],
      [
        0.03807832,
        0.998181939,
        -0.04672044
      ],
      [
        0.35188657,
        0.0303652659,
        0.93555
      ]
    ],
    "translation": [
      1.64517283,
      0.839441359,
      -0.7122258
    ]
  },
  {
    "timeStamp": 54697,
    "rotation": [
      [
        0.9622649,
        -0.0489413776,
        -0.267677158
      ],
      [
        0.0320952348,
        0.9972397,
        -0.06695441
      ],
      [
        0.270215124,
        0.05583672,
        0.961179554
      ]
    ],
    "translation": [
      1.68561625,
      0.8497057,
      -0.730699837
    ]
  },
  {
    "timeStamp": 54752,
    "rotation": [
      [
        0.9899589,
        -0.0553902835,
        -0.130051091
      ],
      [
        0.0477479324,
        0.996984839,
        -0.0611665919
      ],
      [
        0.133047,
        0.054342743,
        0.989618838
      ]
    ],
    "translation": [
      1.7376684,
      0.863436,
      -0.7438221
    ]
  },
  {
    "timeStamp": 54796,
    "rotation": [
      [
        0.9986537,
        -0.05180062,
        0.00272849645
      ],
      [
        0.051866997,
        0.9979281,
        -0.0380689651
      ],
      [
        -0.000750847335,
        0.0381592326,
        0.999271333
      ]
    ],
    "translation": [
      1.7805618,
      0.877468169,
      -0.7464119
    ]
  },
  {
    "timeStamp": 54852,
    "rotation": [
      [
        0.9793928,
        -0.08459174,
        0.183395565
      ],
      [
        0.08012223,
        0.99628216,
        0.0316589065
      ],
      [
        -0.185391828,
        -0.0163124446,
        0.9825293
      ]
    ],
    "translation": [
      1.83946681,
      0.8983065,
      -0.7446789
    ]
  },
  {
    "timeStamp": 54897,
    "rotation": [
      [
        0.93628,
        -0.13442345,
        0.3245151
      ],
      [
        0.104398988,
        0.9886206,
        0.108306512
      ],
      [
        -0.3353812,
        -0.06752618,
        0.9396593
      ]
    ],
    "translation": [
      1.89166784,
      0.915735245,
      -0.7399801
    ]
  },
  {
    "timeStamp": 54952,
    "rotation": [
      [
        0.8458393,
        -0.236115739,
        0.478335917
      ],
      [
        0.150946259,
        0.965997,
        0.209916919
      ],
      [
        -0.5116357,
        -0.105352968,
        0.852719
      ]
    ],
    "translation": [
      1.95824945,
      0.9346141,
      -0.7384311
    ]
  },
  {
    "timeStamp": 54996,
    "rotation": [
      [
        0.768040061,
        -0.30556047,
        0.5628031
      ],
      [
        0.174868479,
        0.945496,
        0.2746968
      ],
      [
        -0.616064548,
        -0.112561621,
        0.7796117
      ]
    ],
    "translation": [
      2.00964713,
      0.9457901,
      -0.7399167
    ]
  },
  {
    "timeStamp": 55053,
    "rotation": [
      [
        0.678984642,
        -0.344843447,
        0.6481226
      ],
      [
        0.214996919,
        0.937512,
        0.273582935
      ],
      [
        -0.701966,
        -0.0464142524,
        0.7106965
      ]
    ],
    "translation": [
      2.059131,
      0.9431899,
      -0.747097731
    ]
  },
  {
    "timeStamp": 55102,
    "rotation": [
      [
        0.628390133,
        -0.299042851,
        0.718122065
      ],
      [
        0.214364067,
        0.953982,
        0.209681943
      ],
      [
        -0.7477793,
        0.0221774876,
        0.6635769
      ]
    ],
    "translation": [
      2.089906,
      0.9301084,
      -0.7531128
    ]
  },
  {
    "timeStamp": 55147,
    "rotation": [
      [
        0.632772744,
        -0.3090439,
        0.709993362
      ],
      [
        0.240714133,
        0.9499825,
        0.198972255
      ],
      [
        -0.7359724,
        0.04500121,
        0.6755143
      ]
    ],
    "translation": [
      2.10093546,
      0.918977559,
      -0.7540874
    ]
  },
  {
    "timeStamp": 55202,
    "rotation": [
      [
        0.687252164,
        -0.196593821,
        0.6993106
      ],
      [
        0.2090054,
        0.975489,
        0.06883307
      ],
      [
        -0.695701957,
        0.0988540053,
        0.7114961
      ]
    ],
    "translation": [
      2.094221,
      0.8959981,
      -0.7529474
    ]
  },
  {
    "timeStamp": 55247,
    "rotation": [
      [
        0.678458,
        -0.1636822,
        0.716172457
      ],
      [
        0.204864889,
        0.978344858,
        0.0295255817
      ],
      [
        -0.70549643,
        0.1266867,
        0.697298646
      ]
    ],
    "translation": [
      2.093731,
      0.882134736,
      -0.7515704
    ]
  },
  {
    "timeStamp": 55302,
    "rotation": [
      [
        0.716580451,
        -0.205766574,
        0.66646266
      ],
      [
        0.25690034,
        0.9661855,
        0.0220851265
      ],
      [
        -0.648470938,
        0.155388713,
        0.7452112
      ]
    ],
    "translation": [
      2.09062386,
      0.8679492,
      -0.7467704
    ]
  }
]