[
  {
    "timeStamp": 38458,
    "rotation": [
      [
        0.88171345,
        -0.4639211,
        0.08578223
      ],
      [
        -0.111653559,
        -0.0285301358,
        0.9933376
      ],
      [
        -0.458382875,
        -0.885417,
        -0.07695385
      ]
    ],
    "translation": [
      1.45689189,
      0.6974898,
      -0.628917
    ]
  },
  {
    "timeStamp": 38516,
    "rotation": [
      [
        0.875166833,
        -0.468313068,
        0.121514522
      ],
      [
        -0.123975337,
        0.0257039722,
        0.9919523
      ],
      [
        -0.467667639,
        -0.8831886,
        -0.0355640054
      ]
    ],
    "translation": [
      1.45728755,
      0.7057464,
      -0.628481
    ]
  },
  {
    "timeStamp": 38559,
    "rotation": [
      [
        0.7496155,
        -0.642306864,
        0.159744918
      ],
      [
        -0.168932229,
        0.0476881042,
        0.984473348
      ],
      [
        -0.639951944,
        -0.764962554,
        -0.0727585852
      ]
    ],
    "translation": [
      1.463562,
      0.720572352,
      -0.6024108
    ]
  },
  {
    "timeStamp": 38615,
    "rotation": [
      [
        0.6241898,
        -0.733416,
        0.269235849
      ],
      [
        -0.247242913,
        0.141468257,
        0.958570659
      ],
      [
        -0.741119444,
        -0.664896667,
        -0.09302887
      ]
    ],
    "translation": [
      1.47124052,
      0.764409959,
      -0.58191216
    ]
  },
  {
    "timeStamp": 38659,
    "rotation": [
      [
        0.525088847,
        -0.7800657,
        0.340263277
      ],
      [
        -0.31684047,
        0.191892862,
        0.9288645
      ],
      [
        -0.7898695,
        -0.5955456,
        -0.1463956
      ]
    ],
    "translation": [
      1.48754358,
      0.8048331,
      -0.5663033
    ]
  },
  {
    "timeStamp": 38715,
    "rotation": [
      [
        0.382530034,
        -0.8330543,
        0.399613947
      ],
      [
        -0.390461743,
        0.246233329,
        0.887078762
      ],
      [
        -0.837383032,
        -0.495368272,
        -0.231084168
      ]
    ],
    "translation": [
      1.522089,
      0.8537097,
      -0.5488342
    ]
  },
  {
    "timeStamp": 38759,
    "rotation": [
      [
        0.263804853,
        -0.868139863,
        0.4204048
      ],
      [
        -0.4312931,
        0.2836858,
        0.856451154
      ],
      [
        -0.86278224,
        -0.407253683,
        -0.299585
      ]
    ],
    "translation": [
      1.56052768,
      0.888181,
      -0.537827253
    ]
  },
  {
    "timeStamp": 38815,
    "rotation": [
      [
        0.108817935,
        -0.9076583,
        0.405357838
      ],
      [
        -0.476496,
        0.3102513,
        0.822615147
      ],
      [
        -0.872416258,
        -0.282666653,
        -0.398734659
      ]
    ],
    "translation": [
      1.62302017,
      0.9269024,
      -0.5257671
    ]
  },
  {
    "timeStamp": 38859,
    "rotation": [
      [
        -0.0242204871,
        -0.9284911,
        0.370563984
      ],
      [
        -0.4959147,
        0.33300963,
        0.8019808
      ],
      [
        -0.8680334,
        -0.164343759,
        -0.468518049
      ]
    ],
    "translation": [
      1.68301535,
      0.9524891,
      -0.5195243
    ]
  },
  {
    "timeStamp": 38914,
    "rotation": [
      [
        -0.174120978,
        -0.9431414,
        0.283136249
      ],
      [
        -0.50642693,
        0.332356364,
        0.7956576
      ],
      [
        -0.844519734,
        -0.00484715868,
        -0.535502434
      ]
    ],
    "translation": [
      1.76683414,
      0.973264635,
      -0.5188956
    ]
  },
  {
    "timeStamp": 38959,
    "rotation": [
      [
        -0.288298935,
        -0.93382144,
        0.211804569
      ],
      [
        -0.4867868,
        0.333413243,
        0.8073873
      ],
      [
        -0.824574,
        0.129665241,
        -0.550694644
      ]
    ],
    "translation": [
      1.83850741,
      0.9813203,
      -0.5271845
    ]
  },
  {
    "timeStamp": 39015,
    "rotation": [
      [
        -0.3668467,
        -0.923788249,
        0.109721631
      ],
      [
        -0.4425841,
        0.277051777,
        0.852854967
      ],
      [
        -0.818255961,
        0.264305979,
        -0.5104895
      ]
    ],
    "translation": [
      1.92355275,
      0.9799087,
      -0.550505042
    ]
  },
  {
    "timeStamp": 39059,
    "rotation": [
      [
        -0.388159752,
        -0.9195016,
        0.06203846
      ],
      [
        -0.392104626,
        0.2256934,
        0.8918052
      ],
      [
        -0.834017932,
        0.3218373,
        -0.448145926
      ]
    ],
    "translation": [
      1.979957,
      0.974561453,
      -0.5787596
    ]
  },
  {
    "timeStamp": 39114,
    "rotation": [
      [
        -0.400990576,
        -0.915907562,
        0.0178854745
      ],
      [
        -0.307210535,
        0.1528409,
        0.939287663
      ],
      [
        -0.8630343,
        0.371150881,
        -0.342664182
      ]
    ],
    "translation": [
      2.041061,
      0.9644694,
      -0.6215695
    ]
  },
  {
    "timeStamp": 39157,
    "rotation": [
      [
        -0.3963231,
        -0.9178434,
        -0.0221688244
      ],
      [
        -0.258832216,
        0.0885314,
        0.9618566
      ],
      [
        -0.8808711,
        0.386944,
        -0.272654474
      ]
    ],
    "translation": [
      2.07586837,
      0.9552771,
      -0.6509152
    ]
  },
  {
    "timeStamp": 39210,
    "rotation": [
      [
        -0.419560432,
        -0.89986527,
        -0.119212113
      ],
      [
        -0.163525417,
        -0.0542532839,
        0.9850462
      ],
      [
        -0.892876565,
        0.432780623,
        -0.124388322
      ]
    ],
    "translation": [
      2.14088416,
      0.935178339,
      -0.70463717
    ]
  },
  {
    "timeStamp": 39265,
    "rotation": [
      [
        -0.5145971,
        -0.8500636,
        -0.112168
      ],
      [
        -0.10430894,
        -0.0677827448,
        0.9922324
      ],
      [
        -0.8510637,
        0.522300065,
        -0.05378843
      ]
    ],
    "translation": [
      2.18508863,
      0.9185906,
      -0.738454
    ]
  },
  {
    "timeStamp": 39309,
    "rotation": [
      [
        -0.544632733,
        -0.8207653,
        -0.172393441
      ],
      [
        -0.07771379,
        -0.155280814,
        0.984808862
      ],
      [
        -0.8350663,
        0.549756467,
        0.0207862332
      ]
    ],
    "translation": [
      2.21503735,
      0.9009944,
      -0.762509763
    ]
  },
  {
    "timeStamp": 39365,
    "rotation": [
      [
        -0.5202528,
        -0.8166152,
        -0.249953076
      ],
      [
        -0.07395478,
        -0.248501986,
        0.96580404
      ],
      [
        -0.85080415,
        0.5209475,
        0.06889126
      ]
    ],
    "translation": [
      2.23795,
      0.8791889,
      -0.7770707
    ]
  },
  {
    "timeStamp": 39409,
    "rotation": [
      [
        -0.5548766,
        -0.8056079,
        -0.207624361
      ],
      [
        -0.07882369,
        -0.197536275,
        0.9771214
      ],
      [
        -0.8281901,
        0.558547556,
        0.04610727
      ]
    ],
    "translation": [
      2.24215269,
      0.862748861,
      -0.77298075
    ]
  },
  {
    "timeStamp": 39465,
    "rotation": [
      [
        -0.5042176,
        -0.826907039,
        -0.248976409
      ],
      [
        -0.0677694157,
        -0.249530867,
        0.96599257
      ],
      [
        -0.8609134,
        0.5039435,
        0.06977886
      ]
    ],
    "translation": [
      2.245001,
      0.835285962,
      -0.7689838
    ]
  },
  {
    "timeStamp": 39509,
    "rotation": [
      [
        -0.5110207,
        -0.8287685,
        -0.228036538
      ],
      [
        -0.05059994,
        -0.235827655,
        0.9704767
      ],
      [
        -0.858077765,
        0.507472336,
        0.07857719
      ]
    ],
    "translation": [
      2.24801755,
      0.8135593,
      -0.763349235
    ]
  },
  {
    "timeStamp": 39565,
    "rotation": [
      [
        -0.4826322,
        -0.8487384,
        -0.216123581
      ],
      [
        -0.0311427973,
        -0.229979336,
        0.9726971
      ],
      [
        -0.8752693,
        0.47618562,
        0.08456334
      ]
    ],
    "translation": [
      2.24685121,
      0.787761033,
      -0.753932059
    ]
  },
  {
    "timeStamp": 39610,
    "rotation": [
      [
        -0.50136584,
        -0.8542556,
        -0.137402922
      ],
      [
        0.002914701,
        -0.160470709,
        0.9870363
      ],
      [
        -0.865230441,
        0.4944658,
        0.08294443
      ]
    ],
    "translation": [
      2.24327159,
      0.767954051,
      -0.748114765
    ]
  },
  {
    "timeStamp": 39667,
    "rotation": [
      [
        -0.5399973,
        -0.8383648,
        -0.07448141
      ],
      [
        0.02935067,
        -0.107195884,
        0.9938046
      ],
      [
        -0.8411549,
        0.5344657,
        0.08249205
      ]
    ],
    "translation": [
      2.24326348,
      0.746884,
      -0.741605163
    ]
  },
  {
    "timeStamp": 39712,
    "rotation": [
      [
        -0.5465139,
        -0.8374114,
        -0.008043345
      ],
      [
        0.04977711,
        -0.0420702733,
        0.9978739
      ],
      [
        -0.8359694,
        0.5449516,
        0.06467591
      ]
    ],
    "translation": [
      2.23940158,
      0.7316118,
      -0.7356359
    ]
  },
  {
    "timeStamp": 39758,
    "rotation": [
      [
        -0.57072407,
        -0.8194837,
        0.05215821
      ],
      [
        0.08649436,
        0.003170366,
        0.9962473
      ],
      [
        -0.8165738,
        0.5730937,
        0.0690713152
      ]
    ],
    "translation": [
      2.23411083,
      0.7193572,
      -0.7348223
    ]
  }
]