[
  {
    "timeStamp": 43523,
    "rotation": [
      [
        -0.439885885,
        0.457003,
        0.773077369
      ],
      [
        -0.420559973,
        0.6557789,
        -0.626963556
      ],
      [
        -0.793492,
        -0.6009178,
        -0.0962706953
      ]
    ],
    "translation": [
      1.31489825,
      0.7731633,
      -0.668897
    ]
  },
  {
    "timeStamp": 43568,
    "rotation": [
      [
        -0.435185373,
        0.478059173,
        0.7629372
      ],
      [
        -0.4162157,
        0.6445819,
        -0.6413101
      ],
      [
        -0.7983597,
        -0.596635163,
        -0.081536904
      ]
    ],
    "translation": [
      1.31643248,
      0.7740651,
      -0.669482052
    ]
  },
  {
    "timeStamp": 43624,
    "rotation": [
      [
        -0.46909517,
        0.453947037,
        0.757549942
      ],
      [
        -0.4041622,
        0.6523431,
        -0.641171932
      ],
      [
        -0.785240531,
        -0.606943667,
        -0.122542761
      ]
    ],
    "translation": [
      1.32116282,
      0.778463,
      -0.668913841
    ]
  },
  {
    "timeStamp": 43670,
    "rotation": [
      [
        -0.51994133,
        0.476803571,
        0.7087449
      ],
      [
        -0.347778946,
        0.6396729,
        -0.685469449
      ],
      [
        -0.7801992,
        -0.602890432,
        -0.16677013
      ]
    ],
    "translation": [
      1.32900321,
      0.802088,
      -0.667412
    ]
  },
  {
    "timeStamp": 43724,
    "rotation": [
      [
        -0.576551259,
        0.518077135,
        0.6318108
      ],
      [
        -0.2773858,
        0.6032367,
        -0.7477718
      ],
      [
        -0.768534839,
        -0.606384039,
        -0.204089642
      ]
    ],
    "translation": [
      1.34890354,
      0.841625,
      -0.6696446
    ]
  },
  {
    "timeStamp": 43768,
    "rotation": [
      [
        -0.6044791,
        0.5485361,
        0.5776791
      ],
      [
        -0.237328768,
        0.568229556,
        -0.7879024
      ],
      [
        -0.760447264,
        -0.6133704,
        -0.213299513
      ]
    ],
    "translation": [
      1.37326026,
      0.87330246,
      -0.674580455
    ]
  },
  {
    "timeStamp": 43823,
    "rotation": [
      [
        -0.647055,
        0.5610637,
        0.516262949
      ],
      [
        -0.201452553,
        0.5272446,
        -0.825487733
      ],
      [
        -0.735348046,
        -0.6381384,
        -0.228128552
      ]
    ],
    "translation": [
      1.41519022,
      0.911387265,
      -0.679783165
    ]
  },
  {
    "timeStamp": 43868,
    "rotation": [
      [
        -0.691283762,
        0.5498526,
        0.468816549
      ],
      [
        -0.18713665,
        0.490436077,
        -0.851147652
      ],
      [
        -0.6979303,
        -0.6761173,
        -0.236132935
      ]
    ],
    "translation": [
      1.456832,
      0.9411833,
      -0.681011856
    ]
  },
  {
    "timeStamp": 43923,
    "rotation": [
      [
        -0.755559266,
        0.5121479,
        0.408454061
      ],
      [
        -0.169392139,
        0.4495659,
        -0.877038658
      ],
      [
        -0.6328005,
        -0.7318436,
        -0.252919823
      ]
    ],
    "translation": [
      1.51631558,
      0.974266,
      -0.679039359
    ]
  },
  {
    "timeStamp": 43968,
    "rotation": [
      [
        -0.8098433,
        0.446654022,
        0.380334049
      ],
      [
        -0.182175845,
        0.4247927,
        -0.886771142
      ],
      [
        -0.557643056,
        -0.7874333,
        -0.26264596
      ]
    ],
    "translation": [
      1.57142246,
      0.9952494,
      -0.674011648
    ]
  },
  {
    "timeStamp": 44023,
    "rotation": [
      [
        -0.880433261,
        0.327156,
        0.3432292
      ],
      [
        -0.196442068,
        0.4071501,
        -0.8919862
      ],
      [
        -0.4315644,
        -0.852758944,
        -0.294201255
      ]
    ],
    "translation": [
      1.648105,
      1.01583624,
      -0.6637209
    ]
  },
  {
    "timeStamp": 44068,
    "rotation": [
      [
        -0.9233563,
        0.204157218,
        0.3251661
      ],
      [
        -0.229715571,
        0.384845346,
        -0.8939378
      ],
      [
        -0.307642519,
        -0.9001188,
        -0.3084513
      ]
    ],
    "translation": [
      1.714733,
      1.03025961,
      -0.656771541
    ]
  },
  {
    "timeStamp": 44123,
    "rotation": [
      [
        -0.947992265,
        0.0200861879,
        0.317658842
      ],
      [
        -0.289574027,
        0.359856576,
        -0.886932969
      ],
      [
        -0.132126734,
        -0.932791352,
        -0.335324824
      ]
    ],
    "translation": [
      1.804489,
      1.04430735,
      -0.652392447
    ]
  },
  {
    "timeStamp": 44168,
    "rotation": [
      [
        -0.936538339,
        -0.132991567,
        0.324359447
      ],
      [
        -0.3505268,
        0.341593981,
        -0.872034669
      ],
      [
        0.00517399469,
        -0.9303906,
        -0.366533
      ]
    ],
    "translation": [
      1.87715662,
      1.052344,
      -0.6564368
    ]
  },
  {
    "timeStamp": 44223,
    "rotation": [
      [
        -0.8998401,
        -0.3065687,
        0.310327858
      ],
      [
        -0.4086565,
        0.343565136,
        -0.845554769
      ],
      [
        0.152602792,
        -0.8876816,
        -0.43443498
      ]
    ],
    "translation": [
      1.96286023,
      1.05764973,
      -0.6713567
    ]
  },
  {
    "timeStamp": 44268,
    "rotation": [
      [
        -0.8702877,
        -0.411126345,
        0.2712462
      ],
      [
        -0.423498869,
        0.343409628,
        -0.8382831
      ],
      [
        0.251491755,
        -0.844419956,
        -0.4729767
      ]
    ],
    "translation": [
      2.02155757,
      1.0598048,
      -0.690989733
    ]
  },
  {
    "timeStamp": 44323,
    "rotation": [
      [
        -0.810787737,
        -0.5316199,
        0.244956076
      ],
      [
        -0.476553082,
        0.356522053,
        -0.8036101
      ],
      [
        0.339882851,
        -0.7682918,
        -0.5424088
      ]
    ],
    "translation": [
      2.08224,
      1.05161285,
      -0.7185106
    ]
  },
  {
    "timeStamp": 44368,
    "rotation": [
      [
        -0.788042068,
        -0.5839557,
        0.194898352
      ],
      [
        -0.48520273,
        0.394294977,
        -0.7804549
      ],
      [
        0.378903657,
        -0.7095965,
        -0.594058
      ]
    ],
    "translation": [
      2.116104,
      1.04010737,
      -0.7414202
    ]
  },
  {
    "timeStamp": 44423,
    "rotation": [
      [
        -0.7781772,
        -0.6151759,
        0.126487285
      ],
      [
        -0.477123737,
        0.448100269,
        -0.7560153
      ],
      [
        0.4084034,
        -0.648663938,
        -0.6422164
      ]
    ],
    "translation": [
      2.143656,
      1.021161,
      -0.7635066
    ]
  },
  {
    "timeStamp": 44473,
    "rotation": [
      [
        -0.7899266,
        -0.6068544,
        0.0879981443
      ],
      [
        -0.4594756,
        0.4907373,
        -0.740310133
      ],
      [
        0.4060765,
        -0.625223637,
        -0.666481256
      ]
    ],
    "translation": [
      2.15330768,
      0.9998896,
      -0.7760295
    ]
  },
  {
    "timeStamp": 44518,
    "rotation": [
      [
        -0.804211855,
        -0.592262745,
        0.0496806055
      ],
      [
        -0.427878767,
        0.5189256,
        -0.7400243
      ],
      [
        0.4125083,
        -0.6163936,
        -0.67074275
      ]
    ],
    "translation": [
      2.15812945,
      0.9757431,
      -0.7859553
    ]
  },
  {
    "timeStamp": 44574,
    "rotation": [
      [
        -0.8398575,
        -0.5427684,
        0.00645492971
      ],
      [
        -0.3853423,
        0.587803245,
        -0.7113358
      ],
      [
        0.382296354,
        -0.599908054,
        -0.7028226
      ]
    ],
    "translation": [
      2.15326977,
      0.945870459,
      -0.7883185
    ]
  },
  {
    "timeStamp": 44618,
    "rotation": [
      [
        -0.8594183,
        -0.511225,
        0.007018436
      ],
      [
        -0.373628765,
        0.618616939,
        -0.691169
      ],
      [
        0.349001169,
        -0.596625566,
        -0.722659051
      ]
    ],
    "translation": [
      2.146107,
      0.9245151,
      -0.7866214
    ]
  },
  {
    "timeStamp": 44667,
    "rotation": [
      [
        -0.8756803,
        -0.4828913,
        0.000175662281
      ],
      [
        -0.35179916,
        0.6377072,
        -0.6852495
      ],
      [
        0.330789,
        -0.6001213,
        -0.7283084
      ]
    ],
    "translation": [
      2.13877583,
      0.908666,
      -0.7836086
    ]
  },
  {
    "timeStamp": 44718,
    "rotation": [
      [
        -0.8952825,
        -0.445498049,
        0.0008875434
      ],
      [
        -0.338513851,
        0.6789869,
        -0.6514485
      ],
      [
        0.2896164,
        -0.5835309,
        -0.7586924
      ]
    ],
    "translation": [
      2.1316545,
      0.886892855,
      -0.7805607
    ]
  },
  {
    "timeStamp": 44773,
    "rotation": [
      [
        -0.913172245,
        -0.407484561,
        -0.008535285
      ],
      [
        -0.320050538,
        0.7298847,
        -0.6040166
      ],
      [
        0.2523572,
        -0.54883945,
        -0.796926
      ]
    ],
    "translation": [
      2.12485981,
      0.8661798,
      -0.779175937
    ]
  },
  {
    "timeStamp": 44818,
    "rotation": [
      [
        -0.928458631,
        -0.370313644,
        0.0288490113
      ],
      [
        -0.319877416,
        0.757688165,
        -0.5688471
      ],
      [
        0.1887933,
        -0.537379146,
        -0.821937144
      ]
    ],
    "translation": [
      2.114767,
      0.850672364,
      -0.7799379
    ]
  },
  {
    "timeStamp": 44873,
    "rotation": [
      [
        -0.929760337,
        -0.363851428,
        0.0561945662
      ],
      [
        -0.333887815,
        0.7690035,
        -0.5451171
      ],
      [
        0.155127823,
        -0.5255909,
        -0.8364745
      ]
    ],
    "translation": [
      2.10812473,
      0.8347741,
      -0.7798178
    ]
  },
  {
    "timeStamp": 44918,
    "rotation": [
      [
        -0.9334894,
        -0.350930959,
        0.07379045
      ],
      [
        -0.337445855,
        0.7899753,
        -0.511927
      ],
      [
        0.1213584,
        -0.5027787,
        -0.8558538
      ]
    ],
    "translation": [
      2.10431957,
      0.823251367,
      -0.7821667
    ]
  },
  {
    "timeStamp": 44975,
    "rotation": [
      [
        -0.9326177,
        -0.351384729,
        0.08217666
      ],
      [
        -0.345571369,
        0.8040322,
        -0.483851939
      ],
      [
        0.1039455,
        -0.4796468,
        -0.8712832
      ]
    ],
    "translation": [
      2.10220671,
      0.8156415,
      -0.784052968
    ]
  }
]