[
  {
    "timeStamp": 58415,
    "rotation": [
      [
        0.3433323,
        -0.9390273,
        -0.0187226776
      ],
      [
        -0.6231993,
        -0.212853089,
        -0.7525398
      ],
      [
        0.7026703,
        0.270039171,
        -0.658280551
      ]
    ],
    "translation": [
      1.54009342,
      0.754613638,
      -0.7564602
    ]
  },
  {
    "timeStamp": 58462,
    "rotation": [
      [
        0.341448933,
        -0.939814568,
        -0.0126996748
      ],
      [
        -0.602201939,
        -0.208375111,
        -0.770670235
      ],
      [
        0.7216408,
        0.2707923,
        -0.6371076
      ]
    ],
    "translation": [
      1.53902066,
      0.7566834,
      -0.7581726
    ]
  },
  {
    "timeStamp": 58516,
    "rotation": [
      [
        0.340517819,
        -0.9394784,
        -0.03778889
      ],
      [
        -0.6176014,
        -0.1931861,
        -0.762396
      ],
      [
        0.7089543,
        0.282947868,
        -0.646006465
      ]
    ],
    "translation": [
      1.543755,
      0.7653375,
      -0.7609069
    ]
  },
  {
    "timeStamp": 58561,
    "rotation": [
      [
        0.336994261,
        -0.93723464,
        -0.08958875
      ],
      [
        -0.61713773,
        -0.1480282,
        -0.77280575
      ],
      [
        0.7110387,
        0.3157197,
        -0.6282875
      ]
    ],
    "translation": [
      1.553296,
      0.7803737,
      -0.760105968
    ]
  },
  {
    "timeStamp": 58616,
    "rotation": [
      [
        0.355492771,
        -0.9163763,
        -0.184063226
      ],
      [
        -0.6296663,
        -0.08926073,
        -0.7717207
      ],
      [
        0.690757,
        0.390239537,
        -0.608742833
      ]
    ],
    "translation": [
      1.57309365,
      0.805862069,
      -0.754573
    ]
  },
  {
    "timeStamp": 58660,
    "rotation": [
      [
        0.375679165,
        -0.8865056,
        -0.270135164
      ],
      [
        -0.634116054,
        -0.0333212577,
        -0.7725196
      ],
      [
        0.6758417,
        0.461516559,
        -0.574665546
      ]
    ],
    "translation": [
      1.59663475,
      0.82989347,
      -0.748215
    ]
  },
  {
    "timeStamp": 58716,
    "rotation": [
      [
        0.414688557,
        -0.826346755,
        -0.3810309
      ],
      [
        -0.637749732,
        0.03475559,
        -0.769459069
      ],
      [
        0.649082959,
        0.562088251,
        -0.512589633
      ]
    ],
    "translation": [
      1.63418567,
      0.8638335,
      -0.7367573
    ]
  },
  {
    "timeStamp": 58761,
    "rotation": [
      [
        0.461345375,
        -0.7620149,
        -0.454415768
      ],
      [
        -0.6348902,
        0.07421824,
        -0.7690293
      ],
      [
        0.619737744,
        0.643292248,
        -0.449555546
      ]
    ],
    "translation": [
      1.67088223,
      0.8890267,
      -0.727100849
    ]
  },
  {
    "timeStamp": 58817,
    "rotation": [
      [
        0.531688333,
        -0.653549731,
        -0.538683832
      ],
      [
        -0.617802739,
        0.13578631,
        -0.7745204
      ],
      [
        0.5793335,
        0.7446038,
        -0.3315688
      ]
    ],
    "translation": [
      1.72406769,
      0.9212891,
      -0.712828636
    ]
  },
  {
    "timeStamp": 58861,
    "rotation": [
      [
        0.605237246,
        -0.560148656,
        -0.5656159
      ],
      [
        -0.5813869,
        0.174308151,
        -0.7947364
      ],
      [
        0.543761969,
        0.809845746,
        -0.220165312
      ]
    ],
    "translation": [
      1.77090228,
      0.94176,
      -0.704532444
    ]
  },
  {
    "timeStamp": 58917,
    "rotation": [
      [
        0.7014262,
        -0.4312356,
        -0.567483246
      ],
      [
        -0.536719263,
        0.204303265,
        -0.8186529
      ],
      [
        0.468970984,
        0.8788038,
        -0.0881488
      ]
    ],
    "translation": [
      1.8324331,
      0.9598025,
      -0.6970473
    ]
  },
  {
    "timeStamp": 58961,
    "rotation": [
      [
        0.772508442,
        -0.319168746,
        -0.5489645
      ],
      [
        -0.504286349,
        0.21703054,
        -0.835818768
      ],
      [
        0.3859093,
        0.922512352,
        0.006705493
      ]
    ],
    "translation": [
      1.88087225,
      0.9694704,
      -0.6970229
    ]
  },
  {
    "timeStamp": 59016,
    "rotation": [
      [
        0.8484958,
        -0.187233329,
        -0.494973272
      ],
      [
        -0.4524463,
        0.2284864,
        -0.8620245
      ],
      [
        0.2744944,
        0.955373,
        0.109156713
      ]
    ],
    "translation": [
      1.94235611,
      0.97910285,
      -0.7031221
    ]
  },
  {
    "timeStamp": 59061,
    "rotation": [
      [
        0.881060958,
        -0.07634389,
        -0.466801137
      ],
      [
        -0.44047007,
        0.227252275,
        -0.868528962
      ],
      [
        0.172388479,
        0.970838845,
        0.1665959
      ]
    ],
    "translation": [
      1.98518586,
      0.983016968,
      -0.7129369
    ]
  },
  {
    "timeStamp": 59117,
    "rotation": [
      [
        0.9045133,
        0.0396711528,
        -0.4245962
      ],
      [
        -0.4228058,
        0.213233516,
        -0.8807762
      ],
      [
        0.0555967242,
        0.9761955,
        0.209645748
      ]
    ],
    "translation": [
      2.03305268,
      0.983903646,
      -0.7300559
    ]
  },
  {
    "timeStamp": 59161,
    "rotation": [
      [
        0.9065944,
        0.128962383,
        -0.401815116
      ],
      [
        -0.420596242,
        0.198442146,
        -0.885279357
      ],
      [
        -0.0344307,
        0.9715912,
        0.234147638
      ]
    ],
    "translation": [
      2.0641892,
      0.9814902,
      -0.744501352
    ]
  },
  {
    "timeStamp": 59217,
    "rotation": [
      [
        0.917368352,
        0.180046842,
        -0.354990721
      ],
      [
        -0.3830128,
        0.1565561,
        -0.9103798
      ],
      [
        -0.108335055,
        0.971119642,
        0.212579861
      ]
    ],
    "translation": [
      2.09378314,
      0.9734372,
      -0.7625282
    ]
  },
  {
    "timeStamp": 59262,
    "rotation": [
      [
        0.904803038,
        0.221988946,
        -0.363390028
      ],
      [
        -0.391414016,
        0.0974679962,
        -0.9150383
      ],
      [
        -0.167709485,
        0.9701654,
        0.175078928
      ]
    ],
    "translation": [
      2.10919881,
      0.962905645,
      -0.7752714
    ]
  },
  {
    "timeStamp": 59311,
    "rotation": [
      [
        0.9015131,
        0.252006233,
        -0.351805419
      ],
      [
        -0.369769782,
        0.0262372922,
        -0.9287529
      ],
      [
        -0.2248211,
        0.9673699,
        0.116837546
      ]
    ],
    "translation": [
      2.12151718,
      0.9521584,
      -0.791020036
    ]
  },
  {
    "timeStamp": 59367,
    "rotation": [
      [
        0.8941492,
        0.223732933,
        -0.387867033
      ],
      [
        -0.382358551,
        -0.06927997,
        -0.9214132
      ],
      [
        -0.233021885,
        0.972185135,
        0.02359957
      ]
    ],
    "translation": [
      2.11977148,
      0.938098252,
      -0.805154741
    ]
  },
  {
    "timeStamp": 59411,
    "rotation": [
      [
        0.8776077,
        0.19073689,
        -0.4398001
      ],
      [
        -0.41868493,
        -0.1418378,
        -0.8969866
      ],
      [
        -0.233468726,
        0.97134,
        -0.0446192771
      ]
    ],
    "translation": [
      2.114045,
      0.9258383,
      -0.8132333
    ]
  },
  {
    "timeStamp": 59467,
    "rotation": [
      [
        0.8771854,
        0.185246661,
        -0.442978
      ],
      [
        -0.4184553,
        -0.157478452,
        -0.8944807
      ],
      [
        -0.235459045,
        0.9699919,
        -0.0606203452
      ]
    ],
    "translation": [
      2.10813665,
      0.9166573,
      -0.8204042
    ]
  }
]