[
  {
    "timeStamp": 32729,
    "rotation": [
      [
        0.999380946,
        0.03457362,
        -0.006507652
      ],
      [
        -0.03457792,
        0.9994018,
        -0.0005503978
      ],
      [
        0.0064847297,
        0.000775078137,
        0.999978662
      ]
    ],
    "translation": [
      1.15156388,
      0.699295044,
      -0.6114563
    ]
  },
  {
    "timeStamp": 32784,
    "rotation": [
      [
        0.999731839,
        0.0189964958,
        -0.0132421469
      ],
      [
        -0.0185679067,
        0.9993227,
        0.0317699537
      ],
      [
        0.0138366958,
        -0.0315155536,
        0.9994075
      ]
    ],
    "translation": [
      1.15320468,
      0.703169346,
      -0.6066147
    ]
  },
  {
    "timeStamp": 32828,
    "rotation": [
      [
        0.9968365,
        0.07142803,
        -0.03485758
      ],
      [
        -0.07004078,
        0.9967611,
        0.039517425
      ],
      [
        0.0375673324,
        -0.036950957,
        0.9986107
      ]
    ],
    "translation": [
      1.14888239,
      0.7191904,
      -0.606524646
    ]
  },
  {
    "timeStamp": 32884,
    "rotation": [
      [
        0.981445432,
        0.157070249,
        -0.109971821
      ],
      [
        -0.146879718,
        0.9845457,
        0.095373705
      ],
      [
        0.12325266,
        -0.07745146,
        0.9893483
      ]
    ],
    "translation": [
      1.14346647,
      0.7528935,
      -0.607151449
    ]
  },
  {
    "timeStamp": 32928,
    "rotation": [
      [
        0.945392,
        0.261415064,
        -0.194669157
      ],
      [
        -0.225736737,
        0.95597744,
        0.187483326
      ],
      [
        0.2351103,
        -0.133301258,
        0.962784469
      ]
    ],
    "translation": [
      1.141599,
      0.7929963,
      -0.609721
    ]
  },
  {
    "timeStamp": 32984,
    "rotation": [
      [
        0.892102957,
        0.3605951,
        -0.272256166
      ],
      [
        -0.297105461,
        0.922128558,
        0.247804791
      ],
      [
        0.3404124,
        -0.140178591,
        0.9297684
      ]
    ],
    "translation": [
      1.15912437,
      0.83628726,
      -0.6232329
    ]
  },
  {
    "timeStamp": 33029,
    "rotation": [
      [
        0.84209013,
        0.4368734,
        -0.3162687
      ],
      [
        -0.3620317,
        0.8925265,
        0.2689415
      ],
      [
        0.399771571,
        -0.111973673,
        0.909749746
      ]
    ],
    "translation": [
      1.18478084,
      0.865664065,
      -0.634910166
    ]
  },
  {
    "timeStamp": 33084,
    "rotation": [
      [
        0.767258048,
        0.502163,
        -0.3989327
      ],
      [
        -0.434068769,
        0.8645119,
        0.253383964
      ],
      [
        0.472122133,
        -0.02124667,
        0.8812771
      ]
    ],
    "translation": [
      1.22770786,
      0.8903508,
      -0.6567402
    ]
  },
  {
    "timeStamp": 33128,
    "rotation": [
      [
        0.7173301,
        0.5320937,
        -0.4497931
      ],
      [
        -0.47056058,
        0.8460803,
        0.250441223
      ],
      [
        0.5138193,
        0.0320058838,
        0.8573012
      ]
    ],
    "translation": [
      1.27152348,
      0.9034125,
      -0.6705603
    ]
  },
  {
    "timeStamp": 33184,
    "rotation": [
      [
        0.6332454,
        0.5488045,
        -0.54572314
      ],
      [
        -0.5279384,
        0.821897268,
        0.2139297
      ],
      [
        0.565933943,
        0.152638212,
        0.8101977
      ]
    ],
    "translation": [
      1.3282541,
      0.9100654,
      -0.696010947
    ]
  },
  {
    "timeStamp": 33228,
    "rotation": [
      [
        0.5921107,
        0.5014138,
        -0.6308638
      ],
      [
        -0.524006,
        0.834311,
        0.17129764
      ],
      [
        0.6122276,
        0.229149267,
        0.756748259
      ]
    ],
    "translation": [
      1.37993777,
      0.9046946,
      -0.7181168
    ]
  },
  {
    "timeStamp": 33284,
    "rotation": [
      [
        0.564495444,
        0.4499612,
        -0.6920114
      ],
      [
        -0.487955064,
        0.8580954,
        0.1599124
      ],
      [
        0.665766239,
        0.247400671,
        0.703951836
      ]
    ],
    "translation": [
      1.44664955,
      0.898512363,
      -0.7353347
    ]
  },
  {
    "timeStamp": 33328,
    "rotation": [
      [
        0.546423733,
        0.44004792,
        -0.712586045
      ],
      [
        -0.482238472,
        0.8609533,
        0.16188103
      ],
      [
        0.6847387,
        0.2551808,
        0.682653368
      ]
    ],
    "translation": [
      1.49646437,
      0.9007829,
      -0.744313359
    ]
  },
  {
    "timeStamp": 33384,
    "rotation": [
      [
        0.5639209,
        0.444312364,
        -0.6961176
      ],
      [
        -0.478942454,
        0.86265254,
        0.162618339
      ],
      [
        0.672760963,
        0.2416964,
        0.699267864
      ]
    ],
    "translation": [
      1.55475819,
      0.9067655,
      -0.745908737
    ]
  },
  {
    "timeStamp": 33428,
    "rotation": [
      [
        0.5682322,
        0.486368984,
        -0.663745
      ],
      [
        -0.5127509,
        0.840162039,
        0.176675081
      ],
      [
        0.6435827,
        0.239943445,
        0.7267933
      ]
    ],
    "translation": [
      1.59630418,
      0.9179173,
      -0.743248165
    ]
  },
  {
    "timeStamp": 33484,
    "rotation": [
      [
        0.601712167,
        0.5214922,
        -0.60496974
      ],
      [
        -0.5120725,
        0.833157659,
        0.20887807
      ],
      [
        0.612963438,
        0.184103891,
        0.768362939
      ]
    ],
    "translation": [
      1.64612055,
      0.9346799,
      -0.733407438
    ]
  },
  {
    "timeStamp": 33528,
    "rotation": [
      [
        0.618381,
        0.556810141,
        -0.5545876
      ],
      [
        -0.505395055,
        0.8221711,
        0.261936128
      ],
      [
        0.601814568,
        0.1183095,
        0.789824069
      ]
    ],
    "translation": [
      1.6850245,
      0.951998949,
      -0.722450733
    ]
  },
  {
    "timeStamp": 33584,
    "rotation": [
      [
        0.630756438,
        0.6090329,
        -0.480858833
      ],
      [
        -0.52180934,
        0.791548669,
        0.3180655
      ],
      [
        0.5743355,
        0.0502947941,
        0.8170735
      ]
    ],
    "translation": [
      1.73385179,
      0.978666842,
      -0.7115387
    ]
  },
  {
    "timeStamp": 33628,
    "rotation": [
      [
        0.6776093,
        0.606091559,
        -0.416531682
      ],
      [
        -0.48476702,
        0.7940283,
        0.3667697
      ],
      [
        0.553034,
        -0.04660572,
        0.8318541
      ]
    ],
    "translation": [
      1.77830493,
      0.9957796,
      -0.6988583
    ]
  },
  {
    "timeStamp": 33684,
    "rotation": [
      [
        0.7208004,
        0.5897775,
        -0.3641556
      ],
      [
        -0.440572947,
        0.7954178,
        0.416180342
      ],
      [
        0.535109639,
        -0.139545873,
        0.833177447
      ]
    ],
    "translation": [
      1.83763731,
      1.01403677,
      -0.6888327
    ]
  },
  {
    "timeStamp": 33728,
    "rotation": [
      [
        0.7562554,
        0.5580266,
        -0.3415905
      ],
      [
        -0.383907229,
        0.801230967,
        0.458959848
      ],
      [
        0.5298047,
        -0.215951785,
        0.8201657
      ]
    ],
    "translation": [
      1.88750088,
      1.025233,
      -0.6836007
    ]
  },
  {
    "timeStamp": 33784,
    "rotation": [
      [
        0.807434142,
        0.489078969,
        -0.329927027
      ],
      [
        -0.304366231,
        0.8244021,
        0.477202654
      ],
      [
        0.5053823,
        -0.284891069,
        0.8145095
      ]
    ],
    "translation": [
      1.95460272,
      1.02969515,
      -0.678930938
    ]
  },
  {
    "timeStamp": 33828,
    "rotation": [
      [
        0.837349832,
        0.425961673,
        -0.3426395
      ],
      [
        -0.23728089,
        0.8478585,
        0.474166363
      ],
      [
        0.4924865,
        -0.31574133,
        0.8110268
      ]
    ],
    "translation": [
      2.0076313,
      1.02775407,
      -0.6793591
    ]
  },
  {
    "timeStamp": 33883,
    "rotation": [
      [
        0.8536705,
        0.349675149,
        -0.385971427
      ],
      [
        -0.161114335,
        0.8820478,
        0.442757219
      ],
      [
        0.4952664,
        -0.315783232,
        0.8093158
      ]
    ],
    "translation": [
      2.05859542,
      1.01761317,
      -0.68253
    ]
  },
  {
    "timeStamp": 33937,
    "rotation": [
      [
        0.845347762,
        0.1808035,
        -0.50269
      ],
      [
        -0.00320528517,
        0.9426855,
        0.333667338
      ],
      [
        0.534206748,
        -0.280453682,
        0.7974766
      ]
    ],
    "translation": [
      2.12986,
      0.987337768,
      -0.692194045
    ]
  },
  {
    "timeStamp": 33981,
    "rotation": [
      [
        0.8085333,
        0.0568291619,
        -0.5856999
      ],
      [
        0.09211816,
        0.970831,
        0.22136268
      ],
      [
        0.581195533,
        -0.2329327,
        0.779714167
      ]
    ],
    "translation": [
      2.1646328,
      0.9610494,
      -0.6992254
    ]
  },
  {
    "timeStamp": 34037,
    "rotation": [
      [
        0.7581238,
        0.00119350757,
        -0.6521095
      ],
      [
        0.1130025,
        0.9846292,
        0.133175567
      ],
      [
        0.642245054,
        -0.174653575,
        0.746336
      ]
    ],
    "translation": [
      2.18948269,
      0.932560742,
      -0.7063098
    ]
  },
  {
    "timeStamp": 34081,
    "rotation": [
      [
        0.696532547,
        -0.03329613,
        -0.716752231
      ],
      [
        0.122805633,
        0.9897153,
        0.07336487
      ],
      [
        0.70693785,
        -0.139122233,
        0.6934579
      ]
    ],
    "translation": [
      2.19711614,
      0.9126547,
      -0.709313631
    ]
  },
  {
    "timeStamp": 34137,
    "rotation": [
      [
        0.6111951,
        -0.0315677263,
        -0.7908503
      ],
      [
        0.117838904,
        0.9916972,
        0.051485002
      ],
      [
        0.782658756,
        -0.124660306,
        0.609840333
      ]
    ],
    "translation": [
      2.19313049,
      0.8922262,
      -0.7103609
    ]
  },
  {
    "timeStamp": 34181,
    "rotation": [
      [
        0.5715632,
        -0.0256292541,
        -0.8201577
      ],
      [
        0.09798536,
        0.994492,
        0.0372083746
      ],
      [
        0.814686656,
        -0.101630382,
        0.5709263
      ]
    ],
    "translation": [
      2.186613,
      0.878670454,
      -0.7059797
    ]
  },
  {
    "timeStamp": 34237,
    "rotation": [
      [
        0.518869042,
        -0.0244963616,
        -0.854502738
      ],
      [
        0.09438601,
        0.995119452,
        0.0287853684
      ],
      [
        0.849627137,
        -0.0955889449,
        0.5186488
      ]
    ],
    "translation": [
      2.176068,
      0.8637672,
      -0.698190033
    ]
  },
  {
    "timeStamp": 34282,
    "rotation": [
      [
        0.471289247,
        -0.0443850867,
        -0.8808612
      ],
      [
        0.09525295,
        0.9954528,
        0.0008042494
      ],
      [
        0.87682,
        -0.0842836648,
        0.473373979
      ]
    ],
    "translation": [
      2.16964912,
      0.8533931,
      -0.6926998
    ]
  },
  {
    "timeStamp": 34327,
    "rotation": [
      [
        0.4305478,
        -0.0553517975,
        -0.9008689
      ],
      [
        0.08356939,
        0.9962748,
        -0.02127389
      ],
      [
        0.8986905,
        -0.06612564,
        0.43356967
      ]
    ],
    "translation": [
      2.164736,
      0.8448606,
      -0.687012
    ]
  },
  {
    "timeStamp": 34383,
    "rotation": [
      [
        0.3897974,
        -0.07856075,
        -0.9175436
      ],
      [
        0.08249519,
        0.995327652,
        -0.05017448
      ],
      [
        0.9171982,
        -0.0561350472,
        0.394456983
      ]
    ],
    "translation": [
      2.16270518,
      0.8331315,
      -0.678769
    ]
  },
  {
    "timeStamp": 34428,
    "rotation": [
      [
        0.370380372,
        -0.0946866944,
        -0.9240415
      ],
      [
        0.07021176,
        0.994798839,
        -0.07379447
      ],
      [
        0.9262228,
        -0.03754656,
        0.375102073
      ]
    ],
    "translation": [
      2.163013,
      0.8266407,
      -0.674188554
    ]
  },
  {
    "timeStamp": 34484,
    "rotation": [
      [
        0.357763946,
        -0.102421828,
        -0.928178132
      ],
      [
        0.05687554,
        0.9945114,
        -0.08781898
      ],
      [
        0.932078362,
        -0.0213721748,
        0.3616256
      ]
    ],
    "translation": [
      2.16227412,
      0.822318,
      -0.66824615
    ]
  },
  {
    "timeStamp": 34528,
    "rotation": [
      [
        0.345604271,
        -0.108385362,
        -0.932099938
      ],
      [
        0.03512969,
        0.9941052,
        -0.10257
      ],
      [
        0.937722564,
        0.002704248,
        0.3473746
      ]
    ],
    "translation": [
      2.16201258,
      0.819588363,
      -0.6664559
    ]
  },
  {
    "timeStamp": 34583,
    "rotation": [
      [
        0.335167617,
        -0.117844976,
        -0.9347594
      ],
      [
        0.0225793477,
        0.9928664,
        -0.11707446
      ],
      [
        0.941887856,
        0.0181333087,
        0.335437536
      ]
    ],
    "translation": [
      2.16157961,
      0.815893054,
      -0.663457334
    ]
  },
  {
    "timeStamp": 34628,
    "rotation": [
      [
        0.3319609,
        -0.126461238,
        -0.9347778
      ],
      [
        0.023296874,
        0.9917696,
        -0.125898123
      ],
      [
        0.9430054,
        0.0200158544,
        0.3321749
      ]
    ],
    "translation": [
      2.161234,
      0.81283766,
      -0.659321845
    ]
  },
  {
    "timeStamp": 34683,
    "rotation": [
      [
        0.3131377,
        -0.1540677,
        -0.9371275
      ],
      [
        0.0545472354,
        0.988042355,
        -0.144211546
      ],
      [
        0.9481399,
        -0.005959638,
        0.3177973
      ]
    ],
    "translation": [
      2.16256738,
      0.8084486,
      -0.652963
    ]
  }
]