[
  {
    "timeStamp": 141860,
    "rotation": [
      [
        -0.614185631,
        0.7887097,
        -0.0267022941
      ],
      [
        -0.103385814,
        -0.04687198,
        0.9935363
      ],
      [
        0.782360137,
        0.6129764,
        0.110329486
      ]
    ],
    "translation": [
      1.30888629,
      0.697512567,
      -0.491128743
    ]
  },
  {
    "timeStamp": 141907,
    "rotation": [
      [
        -0.625355661,
        0.780018747,
        0.0223828722
      ],
      [
        -0.02110166,
        -0.04557668,
        0.998737931
      ],
      [
        0.78005445,
        0.6240941,
        0.04496133
      ]
    ],
    "translation": [
      1.30944073,
      0.7020243,
      -0.491393715
    ]
  },
  {
    "timeStamp": 141960,
    "rotation": [
      [
        -0.5919252,
        0.7872635,
        -0.172744349
      ],
      [
        -0.210941643,
        0.0555378571,
        0.975919664
      ],
      [
        0.7778998,
        0.6141104,
        0.1331924
      ]
    ],
    "translation": [
      1.33607185,
      0.7110932,
      -0.5109159
    ]
  },
  {
    "timeStamp": 142005,
    "rotation": [
      [
        -0.60566926,
        0.7851915,
        -0.128992379
      ],
      [
        -0.178036809,
        0.02427626,
        0.983724356
      ],
      [
        0.775543451,
        0.618777,
        0.1250896
      ]
    ],
    "translation": [
      1.34711421,
      0.7259445,
      -0.525804937
    ]
  },
  {
    "timeStamp": 142060,
    "rotation": [
      [
        -0.626763642,
        0.7753707,
        -0.07724967
      ],
      [
        -0.154531509,
        -0.0265169926,
        0.9876319
      ],
      [
        0.763732433,
        0.6309493,
        0.1364391
      ]
    ],
    "translation": [
      1.36697268,
      0.743300557,
      -0.553688169
    ]
  },
  {
    "timeStamp": 142105,
    "rotation": [
      [
        -0.645433664,
        0.7623884,
        -0.04668272
      ],
      [
        -0.12866424,
        -0.04827515,
        0.9905125
      ],
      [
        0.7529016,
        0.645316541,
        0.129250526
      ]
    ],
    "translation": [
      1.39190924,
      0.7563152,
      -0.579642951
    ]
  },
  {
    "timeStamp": 142160,
    "rotation": [
      [
        -0.6478239,
        0.761668146,
        -0.0136292921
      ],
      [
        -0.121564008,
        -0.08569924,
        0.988877058
      ],
      [
        0.7520281,
        0.642275035,
        0.148109451
      ]
    ],
    "translation": [
      1.43116987,
      0.770809531,
      -0.615777969
    ]
  },
  {
    "timeStamp": 142205,
    "rotation": [
      [
        -0.6425608,
        0.7662171,
        0.00520177651
      ],
      [
        -0.114197642,
        -0.102476314,
        0.988158643
      ],
      [
        0.7576771,
        0.6343579,
        0.153347448
      ]
    ],
    "translation": [
      1.46816075,
      0.7819814,
      -0.643896937
    ]
  },
  {
    "timeStamp": 142260,
    "rotation": [
      [
        -0.6228616,
        0.7818003,
        0.0288386643
      ],
      [
        -0.122336894,
        -0.133742511,
        0.9834361
      ],
      [
        0.772707641,
        0.6090166,
        0.1789461
      ]
    ],
    "translation": [
      1.51647866,
      0.7947315,
      -0.6785957
    ]
  },
  {
    "timeStamp": 142305,
    "rotation": [
      [
        -0.5922514,
        0.804686069,
        0.04145533
      ],
      [
        -0.132937416,
        -0.148327455,
        0.9799625
      ],
      [
        0.7947112,
        0.5748732,
        0.194820017
      ]
    ],
    "translation": [
      1.55839133,
      0.8036911,
      -0.702515543
    ]
  },
  {
    "timeStamp": 142349,
    "rotation": [
      [
        -0.5505994,
        0.8331663,
        0.05171323
      ],
      [
        -0.1519542,
        -0.160947919,
        0.9751952
      ],
      [
        0.8208229,
        0.529083848,
        0.215220943
      ]
    ],
    "translation": [
      1.600394,
      0.812348247,
      -0.722858965
    ]
  },
  {
    "timeStamp": 142405,
    "rotation": [
      [
        -0.5010989,
        0.8629486,
        0.06495936
      ],
      [
        -0.1502741,
        -0.1606931,
        0.975497544
      ],
      [
        0.8522427,
        0.479059,
        0.210201949
      ]
    ],
    "translation": [
      1.65269923,
      0.8259483,
      -0.7427956
    ]
  },
  {
    "timeStamp": 142460,
    "rotation": [
      [
        -0.4548961,
        0.886982143,
        0.07957589
      ],
      [
        -0.130822852,
        -0.154944882,
        0.9792229
      ],
      [
        0.8808831,
        0.435034335,
        0.186521351
      ]
    ],
    "translation": [
      1.70391643,
      0.841545,
      -0.756450057
    ]
  },
  {
    "timeStamp": 142505,
    "rotation": [
      [
        -0.402384669,
        0.9104623,
        0.09562902
      ],
      [
        -0.108404741,
        -0.1511113,
        0.982554734
      ],
      [
        0.909029663,
        0.384998322,
        0.1595033
      ]
    ],
    "translation": [
      1.74500465,
      0.85543716,
      -0.7637277
    ]
  },
  {
    "timeStamp": 142560,
    "rotation": [
      [
        -0.308646023,
        0.9427469,
        0.126356572
      ],
      [
        -0.0656510144,
        -0.153639734,
        0.9859436
      ],
      [
        0.9489086,
        0.296012133,
        0.109312586
      ]
    ],
    "translation": [
      1.79698336,
      0.8753197,
      -0.7656439
    ]
  },
  {
    "timeStamp": 142609,
    "rotation": [
      [
        -0.2138779,
        0.9657146,
        0.147145286
      ],
      [
        -0.02250531,
        -0.155462027,
        0.9875855
      ],
      [
        0.9766012,
        0.207911164,
        0.0549835935
      ]
    ],
    "translation": [
      1.83960581,
      0.89180696,
      -0.7654537
    ]
  },
  {
    "timeStamp": 142658,
    "rotation": [
      [
        -0.08653765,
        0.9864888,
        0.139108568
      ],
      [
        0.04827502,
        -0.1353161,
        0.989625752
      ],
      [
        0.9950783,
        0.09235533,
        -0.0359128267
      ]
    ],
    "translation": [
      1.89610529,
      0.912773669,
      -0.7621123
    ]
  },
  {
    "timeStamp": 142703,
    "rotation": [
      [
        0.014701765,
        0.99287647,
        0.118237451
      ],
      [
        0.101064883,
        -0.11912021,
        0.987722754
      ],
      [
        0.9947712,
        -0.002571601,
        -0.102096222
      ]
    ],
    "translation": [
      1.94277716,
      0.9271088,
      -0.7600256
    ]
  },
  {
    "timeStamp": 142758,
    "rotation": [
      [
        0.147674873,
        0.9851814,
        0.08723404
      ],
      [
        0.161338627,
        -0.111015528,
        0.9806352
      ],
      [
        0.975787938,
        -0.130740985,
        -0.175342023
      ]
    ],
    "translation": [
      2.00214767,
      0.9422155,
      -0.7596816
    ]
  },
  {
    "timeStamp": 142802,
    "rotation": [
      [
        0.2405664,
        0.968816,
        0.05935753
      ],
      [
        0.204261467,
        -0.110314421,
        0.9726808
      ],
      [
        0.9488967,
        -0.221869856,
        -0.224429727
      ]
    ],
    "translation": [
      2.04687524,
      0.9510488,
      -0.761513
    ]
  },
  {
    "timeStamp": 142858,
    "rotation": [
      [
        0.364839166,
        0.9304174,
        0.0348676927
      ],
      [
        0.2380606,
        -0.129422635,
        0.962588668
      ],
      [
        0.900122,
        -0.342889428,
        -0.2687142
      ]
    ],
    "translation": [
      2.10005736,
      0.9545829,
      -0.765027761
    ]
  },
  {
    "timeStamp": 142903,
    "rotation": [
      [
        0.4758757,
        0.879175842,
        0.0243342835
      ],
      [
        0.217191875,
        -0.144281521,
        0.965406954
      ],
      [
        0.8522734,
        -0.4541285,
        -0.259609938
      ]
    ],
    "translation": [
      2.14101887,
      0.947250068,
      -0.7695404
    ]
  },
  {
    "timeStamp": 142958,
    "rotation": [
      [
        0.506419957,
        0.8622804,
        -0.003350795
      ],
      [
        0.106411107,
        -0.0586383864,
        0.9925917
      ],
      [
        0.8556959,
        -0.5030248,
        -0.121451862
      ]
    ],
    "translation": [
      2.174274,
      0.918623,
      -0.779106736
    ]
  },
  {
    "timeStamp": 143001,
    "rotation": [
      [
        0.493635744,
        0.869657159,
        0.004479661
      ],
      [
        0.0434975438,
        -0.0298340172,
        0.998608
      ],
      [
        0.8685803,
        -0.492753744,
        -0.052555088
      ]
    ],
    "translation": [
      2.18369126,
      0.9006769,
      -0.786401749
    ]
  },
  {
    "timeStamp": 143055,
    "rotation": [
      [
        0.426442534,
        0.9040555,
        0.0288170576
      ],
      [
        -0.04076095,
        -0.0126193687,
        0.999089241
      ],
      [
        0.903595746,
        -0.427228749,
        0.0314687267
      ]
    ],
    "translation": [
      2.18596983,
      0.8753418,
      -0.7949638
    ]
  },
  {
    "timeStamp": 143110,
    "rotation": [
      [
        0.319117546,
        0.94770813,
        -0.00364849973
      ],
      [
        -0.1276806,
        0.04680737,
        0.9907102
      ],
      [
        0.939074934,
        -0.31568715,
        0.135941
      ]
    ],
    "translation": [
      2.17726135,
      0.851795435,
      -0.807322741
    ]
  },
  {
    "timeStamp": 143155,
    "rotation": [
      [
        0.320510983,
        0.9470577,
        0.01882674
      ],
      [
        -0.131375551,
        0.02476044,
        0.9910234
      ],
      [
        0.9380902,
        -0.320107281,
        0.132356212
      ]
    ],
    "translation": [
      2.173673,
      0.842289269,
      -0.8109771
    ]
  },
  {
    "timeStamp": 143210,
    "rotation": [
      [
        0.3117476,
        0.949789643,
        0.0267031156
      ],
      [
        -0.155421689,
        0.0232483279,
        0.987574637
      ],
      [
        0.9373674,
        -0.3120243,
        0.154865518
      ]
    ],
    "translation": [
      2.16895938,
      0.8320242,
      -0.8171609
    ]
  },
  {
    "timeStamp": 143255,
    "rotation": [
      [
        0.321238577,
        0.9469852,
        -0.00499234349
      ],
      [
        -0.141754314,
        0.05329726,
        0.988466
      ],
      [
        0.9363287,
        -0.316825718,
        0.151360378
      ]
    ],
    "translation": [
      2.16967177,
      0.826740742,
      -0.8196901
    ]
  },
  {
    "timeStamp": 143310,
    "rotation": [
      [
        0.3588298,
        0.9333493,
        -0.0100138094
      ],
      [
        -0.1513688,
        0.0687739,
        0.986081958
      ],
      [
        0.9210476,
        -0.3523198,
        0.165958092
      ]
    ],
    "translation": [
      2.17236137,
      0.8186264,
      -0.8228399
    ]
  },
  {
    "timeStamp": 143355,
    "rotation": [
      [
        0.376196,
        0.9262252,
        -0.02415423
      ],
      [
        -0.1616076,
        0.09126366,
        0.982626
      ],
      [
        0.912337363,
        -0.365756482,
        0.184018046
      ]
    ],
    "translation": [
      2.175199,
      0.8114481,
      -0.8251053
    ]
  },
  {
    "timeStamp": 143411,
    "rotation": [
      [
        0.410472065,
        0.911244035,
        -0.0338665769
      ],
      [
        -0.215202838,
        0.13289541,
        0.967484653
      ],
      [
        0.8861153,
        -0.389837235,
        0.250652164
      ]
    ],
    "translation": [
      2.17734885,
      0.8060426,
      -0.8276531
    ]
  }
]