[
  {
    "timeStamp": 109698,
    "rotation": [
      [
        0.9992649,
        0.00130447408,
        -0.0383135676
      ],
      [
        0.0383170843,
        -0.00278807944,
        0.999261737
      ],
      [
        0.00119668909,
        -0.9999953,
        -0.00283601368
      ]
    ],
    "translation": [
      1.30744016,
      0.70177716,
      -0.359817237
    ]
  },
  {
    "timeStamp": 109742,
    "rotation": [
      [
        0.999856234,
        0.0006377889,
        -0.01694455
      ],
      [
        0.0169482566,
        -0.00633919751,
        0.999836266
      ],
      [
        0.0005302656,
        -0.9999797,
        -0.00634909561
      ]
    ],
    "translation": [
      1.30744112,
      0.702521,
      -0.359825432
    ]
  },
  {
    "timeStamp": 109798,
    "rotation": [
      [
        0.9998904,
        0.000529030454,
        -0.0147958752
      ],
      [
        0.0147858914,
        0.0155124124,
        0.999770343
      ],
      [
        0.0007584303,
        -0.999879539,
        0.01550289
      ]
    ],
    "translation": [
      1.30900156,
      0.7034488,
      -0.364750832
    ]
  },
  {
    "timeStamp": 109842,
    "rotation": [
      [
        0.9996569,
        0.0180855151,
        0.018944582
      ],
      [
        -0.01870027,
        -0.0135836592,
        0.999732852
      ],
      [
        0.0183380246,
        -0.9997441,
        -0.0132407956
      ]
    ],
    "translation": [
      1.30740428,
      0.7183676,
      -0.368321061
    ]
  },
  {
    "timeStamp": 109898,
    "rotation": [
      [
        0.9950573,
        0.0834339857,
        0.0538504645
      ],
      [
        -0.0467797481,
        -0.08450004,
        0.9953248
      ],
      [
        0.08759426,
        -0.9929243,
        -0.080179356
      ]
    ],
    "translation": [
      1.30476058,
      0.747689545,
      -0.37446332
    ]
  },
  {
    "timeStamp": 109942,
    "rotation": [
      [
        0.9839313,
        0.116284087,
        0.135488674
      ],
      [
        -0.1217737,
        -0.117910534,
        0.9855294
      ],
      [
        0.130576953,
        -0.9861922,
        -0.101855524
      ]
    ],
    "translation": [
      1.30311072,
      0.7775562,
      -0.389130354
    ]
  },
  {
    "timeStamp": 109997,
    "rotation": [
      [
        0.9592073,
        0.161580443,
        0.231976673
      ],
      [
        -0.2128876,
        -0.1270631,
        0.968779564
      ],
      [
        0.186011508,
        -0.9786454,
        -0.08748137
      ]
    ],
    "translation": [
      1.30920219,
      0.8116465,
      -0.426474184
    ]
  },
  {
    "timeStamp": 110042,
    "rotation": [
      [
        0.9148656,
        0.283476263,
        0.287510037
      ],
      [
        -0.259198576,
        -0.133631781,
        0.9565347
      ],
      [
        0.309575379,
        -0.9496229,
        -0.04877848
      ]
    ],
    "translation": [
      1.31433535,
      0.832394361,
      -0.475634128
    ]
  },
  {
    "timeStamp": 110097,
    "rotation": [
      [
        0.864781439,
        0.409014344,
        0.291307926
      ],
      [
        -0.2555543,
        -0.140898257,
        0.9564725
      ],
      [
        0.432255775,
        -0.9015847,
        -0.01732083
      ]
    ],
    "translation": [
      1.3392632,
      0.843434,
      -0.5436697
    ]
  },
  {
    "timeStamp": 110142,
    "rotation": [
      [
        0.8493296,
        0.446602732,
        0.281398773
      ],
      [
        -0.260092467,
        -0.109821685,
        0.959318042
      ],
      [
        0.459337741,
        -0.8879669,
        0.0228832047
      ]
    ],
    "translation": [
      1.37312579,
      0.8436728,
      -0.5911898
    ]
  },
  {
    "timeStamp": 110197,
    "rotation": [
      [
        0.8306363,
        0.492871433,
        0.259077519
      ],
      [
        -0.257460952,
        -0.07259456,
        0.963557959
      ],
      [
        0.4937178,
        -0.8670685,
        0.06659547
      ]
    ],
    "translation": [
      1.42112839,
      0.8399165,
      -0.6502893
    ]
  },
  {
    "timeStamp": 110242,
    "rotation": [
      [
        0.835185349,
        0.494446576,
        0.240806982
      ],
      [
        -0.261722416,
        -0.0277689379,
        0.9647436
      ],
      [
        0.4837011,
        -0.868764341,
        0.106215551
      ]
    ],
    "translation": [
      1.46417582,
      0.8344564,
      -0.6922461
    ]
  },
  {
    "timeStamp": 110297,
    "rotation": [
      [
        0.8575321,
        0.4573632,
        0.2354944
      ],
      [
        -0.2858537,
        0.0430479944,
        0.957305849
      ],
      [
        0.4276989,
        -0.8882374,
        0.167654008
      ]
    ],
    "translation": [
      1.52064312,
      0.8290729,
      -0.73656857
    ]
  },
  {
    "timeStamp": 110341,
    "rotation": [
      [
        0.874954641,
        0.422819078,
        0.235963047
      ],
      [
        -0.288147748,
        0.06303249,
        0.9555092
      ],
      [
        0.389134169,
        -0.904019356,
        0.176984936
      ]
    ],
    "translation": [
      1.5625875,
      0.830268264,
      -0.762985945
    ]
  },
  {
    "timeStamp": 110397,
    "rotation": [
      [
        0.9069602,
        0.3404624,
        0.24800922
      ],
      [
        -0.293447137,
        0.0883154348,
        0.951887131
      ],
      [
        0.3021787,
        -0.9361013,
        0.1800063
      ]
    ],
    "translation": [
      1.61441839,
      0.8340411,
      -0.782368064
    ]
  },
  {
    "timeStamp": 110441,
    "rotation": [
      [
        0.9322892,
        0.257567734,
        0.25396
      ],
      [
        -0.2828674,
        0.0815650448,
        0.955684662
      ],
      [
        0.225439265,
        -0.96281147,
        0.148899719
      ]
    ],
    "translation": [
      1.65468931,
      0.839583337,
      -0.7855964
    ]
  },
  {
    "timeStamp": 110497,
    "rotation": [
      [
        0.949326932,
        0.135733947,
        0.28346923
      ],
      [
        -0.293929845,
        0.06407751,
        0.95367676
      ],
      [
        0.111282319,
        -0.988671064,
        0.100726761
      ]
    ],
    "translation": [
      1.70266771,
      0.8528073,
      -0.7803975
    ]
  },
  {
    "timeStamp": 110542,
    "rotation": [
      [
        0.9557812,
        0.0559105761,
        0.288714767
      ],
      [
        -0.290124416,
        0.0188167747,
        0.9568039
      ],
      [
        0.04806278,
        -0.9982584,
        0.0342057459
      ]
    ],
    "translation": [
      1.74075925,
      0.8680221,
      -0.7704895
    ]
  },
  {
    "timeStamp": 110597,
    "rotation": [
      [
        0.9580896,
        -0.020440666,
        0.285738677
      ],
      [
        -0.2864289,
        -0.05169272,
        0.956706
      ],
      [
        -0.004785098,
        -0.998453856,
        -0.05538105
      ]
    ],
    "translation": [
      1.78791642,
      0.8912081,
      -0.7567368
    ]
  },
  {
    "timeStamp": 110642,
    "rotation": [
      [
        0.963630736,
        -0.0611115657,
        0.260156155
      ],
      [
        -0.2654539,
        -0.106607206,
        0.9582114
      ],
      [
        -0.03082328,
        -0.992421448,
        -0.118952282
      ]
    ],
    "translation": [
      1.82737744,
      0.9103509,
      -0.7469538
    ]
  },
  {
    "timeStamp": 110697,
    "rotation": [
      [
        0.9704102,
        -0.09782308,
        0.220759228
      ],
      [
        -0.235498384,
        -0.181489512,
        0.954778552
      ],
      [
        -0.0533339046,
        -0.9785153,
        -0.199156463
      ]
    ],
    "translation": [
      1.88048577,
      0.9375112,
      -0.7361146
    ]
  },
  {
    "timeStamp": 110741,
    "rotation": [
      [
        0.9760583,
        -0.106407978,
        0.189704031
      ],
      [
        -0.21015875,
        -0.236543238,
        0.9486204
      ],
      [
        -0.0560675859,
        -0.965776742,
        -0.253242552
      ]
    ],
    "translation": [
      1.92403889,
      0.9610524,
      -0.7314408
    ]
  },
  {
    "timeStamp": 110797,
    "rotation": [
      [
        0.9892773,
        -0.09879967,
        0.107560016
      ],
      [
        -0.131465644,
        -0.2816001,
        0.950483143
      ],
      [
        -0.0636185259,
        -0.954431832,
        -0.291569322
      ]
    ],
    "translation": [
      1.98191988,
      0.9801507,
      -0.730812848
    ]
  },
  {
    "timeStamp": 110841,
    "rotation": [
      [
        0.9950014,
        -0.09092914,
        0.0412802733
      ],
      [
        -0.0637928,
        -0.260737717,
        0.9632997
      ],
      [
        -0.07682869,
        -0.9611179,
        -0.265235037
      ]
    ],
    "translation": [
      2.0266695,
      0.9786619,
      -0.735478938
    ]
  },
  {
    "timeStamp": 110897,
    "rotation": [
      [
        0.9964807,
        -0.0477252826,
        -0.06890962
      ],
      [
        0.05844271,
        -0.1937498,
        0.979308665
      ],
      [
        -0.06008901,
        -0.979889452,
        -0.190278739
      ]
    ],
    "translation": [
      2.07669353,
      0.9581906,
      -0.7484953
    ]
  },
  {
    "timeStamp": 110941,
    "rotation": [
      [
        0.989252031,
        -0.0565893129,
        -0.134825811
      ],
      [
        0.122894451,
        -0.177845865,
        0.976354361
      ],
      [
        -0.0792294145,
        -0.982429862,
        -0.168979868
      ]
    ],
    "translation": [
      2.1150856,
      0.94248265,
      -0.7498378
    ]
  },
  {
    "timeStamp": 110990,
    "rotation": [
      [
        0.9924403,
        -0.0428240225,
        -0.115014121
      ],
      [
        0.108738966,
        -0.127687141,
        0.9858356
      ],
      [
        -0.056903258,
        -0.9908895,
        -0.122065231
      ]
    ],
    "translation": [
      2.13275051,
      0.9224498,
      -0.7549964
    ]
  },
  {
    "timeStamp": 111047,
    "rotation": [
      [
        0.9911634,
        -0.019938495,
        -0.131139413
      ],
      [
        0.128805384,
        -0.0915218443,
        0.987437546
      ],
      [
        -0.03169015,
        -0.995603442,
        -0.08814491
      ]
    ],
    "translation": [
      2.15646172,
      0.8873239,
      -0.7535075
    ]
  },
  {
    "timeStamp": 111092,
    "rotation": [
      [
        0.991842151,
        -0.0116674444,
        -0.126937091
      ],
      [
        0.125757292,
        -0.073230356,
        0.989354551
      ],
      [
        -0.0208388846,
        -0.9972468,
        -0.07116568
      ]
    ],
    "translation": [
      2.1655314,
      0.8628203,
      -0.749820948
    ]
  },
  {
    "timeStamp": 111147,
    "rotation": [
      [
        0.9945477,
        0.03467861,
        -0.09834786
      ],
      [
        0.09938439,
        -0.0295492373,
        0.99461025
      ],
      [
        0.0315855853,
        -0.9989616,
        -0.0328346379
      ]
    ],
    "translation": [
      2.1645174,
      0.834355354,
      -0.7497941
    ]
  },
  {
    "timeStamp": 111192,
    "rotation": [
      [
        0.995887935,
        0.0538915657,
        -0.0728212744
      ],
      [
        0.07401157,
        -0.02042829,
        0.99704814
      ],
      [
        0.0522448756,
        -0.9983378,
        -0.0243328866
      ]
    ],
    "translation": [
      2.159251,
      0.818812132,
      -0.74766016
    ]
  },
  {
    "timeStamp": 111247,
    "rotation": [
      [
        0.994695067,
        0.08392657,
        -0.0594822355
      ],
      [
        0.05892666,
        0.009083628,
        0.998221
      ],
      [
        0.08431758,
        -0.9964306,
        0.00408992637
      ]
    ],
    "translation": [
      2.154486,
      0.7999218,
      -0.7464485
    ]
  },
  {
    "timeStamp": 111292,
    "rotation": [
      [
        0.994751,
        0.0923075154,
        -0.0441569835
      ],
      [
        0.04356838,
        0.008383006,
        0.9990153
      ],
      [
        0.09258679,
        -0.9956953,
        0.004317315
      ]
    ],
    "translation": [
      2.15169477,
      0.7889359,
      -0.7427946
    ]
  },
  {
    "timeStamp": 111347,
    "rotation": [
      [
        0.99607867,
        0.08390276,
        -0.028064087
      ],
      [
        0.0272721779,
        0.0105699282,
        0.999572158
      ],
      [
        0.0841635,
        -0.9964179,
        0.0082402695
      ]
    ],
    "translation": [
      2.14671826,
      0.7794436,
      -0.7370263
    ]
  },
  {
    "timeStamp": 111391,
    "rotation": [
      [
        0.995406151,
        0.0914345458,
        -0.02839532
      ],
      [
        0.0267064478,
        0.0196419172,
        0.9994503
      ],
      [
        0.0919420347,
        -0.99561733,
        0.0171097927
      ]
    ],
    "translation": [
      2.14294958,
      0.7704116,
      -0.736649156
    ]
  },
  {
    "timeStamp": 111448,
    "rotation": [
      [
        0.998256,
        0.0588265732,
        -0.00492863357
      ],
      [
        0.00366318319,
        0.0216000285,
        0.99976
      ],
      [
        0.0589189157,
        -0.9980345,
        0.0213468671
      ]
    ],
    "translation": [
      2.13872,
      0.7628958,
      -0.7329071
    ]
  },
  {
    "timeStamp": 111494,
    "rotation": [
      [
        0.9991078,
        0.03729462,
        0.0198188834
      ],
      [
        -0.0206318516,
        0.0215414315,
        0.999555051
      ],
      [
        0.0368511,
        -0.999072134,
        0.02229167
      ]
    ],
    "translation": [
      2.13478851,
      0.7584639,
      -0.7315414
    ]
  },
  {
    "timeStamp": 111540,
    "rotation": [
      [
        0.9991074,
        0.026379846,
        0.0329932757
      ],
      [
        -0.03384965,
        0.0327038839,
        0.9988917
      ],
      [
        0.0252715982,
        -0.9991169,
        0.03356764
      ]
    ],
    "translation": [
      2.12912536,
      0.753879666,
      -0.7326864
    ]
  },
  {
    "timeStamp": 111596,
    "rotation": [
      [
        0.9993584,
        0.00313938526,
        0.0356775448
      ],
      [
        -0.03575154,
        0.0279815923,
        0.9989689
      ],
      [
        0.0021378356,
        -0.9996035,
        0.02807588
      ]
    ],
    "translation": [
      2.12601256,
      0.749799669,
      -0.7317132
    ]
  },
  {
    "timeStamp": 111641,
    "rotation": [
      [
        0.99862206,
        -0.0256587714,
        0.0457781069
      ],
      [
        -0.0451617464,
        0.0241074283,
        0.998688757
      ],
      [
        -0.0267287251,
        -0.999380052,
        0.0229154136
      ]
    ],
    "translation": [
      2.12484622,
      0.7463267,
      -0.730068445
    ]
  },
  {
    "timeStamp": 111697,
    "rotation": [
      [
        0.9971074,
        -0.0540316142,
        0.05345602
      ],
      [
        -0.0518441871,
        0.0308061112,
        0.9981799
      ],
      [
        -0.0555800572,
        -0.9980639,
        0.0279157739
      ]
    ],
    "translation": [
      2.12351537,
      0.741062641,
      -0.7297116
    ]
  },
  {
    "timeStamp": 111741,
    "rotation": [
      [
        0.9964215,
        -0.0735444054,
        0.041659
      ],
      [
        -0.0396722,
        0.0282728132,
        0.9988127
      ],
      [
        -0.0746349,
        -0.996891141,
        0.02525397
      ]
    ],
    "translation": [
      2.12356734,
      0.7369921,
      -0.7294211
    ]
  },
  {
    "timeStamp": 111797,
    "rotation": [
      [
        0.9939832,
        -0.09845561,
        0.0479993522
      ],
      [
        -0.0454837121,
        0.0276395883,
        0.998582661
      ],
      [
        -0.0996427238,
        -0.994757533,
        0.022995159
      ]
    ],
    "translation": [
      2.123126,
      0.7340807,
      -0.7285089
    ]
  },
  {
    "timeStamp": 111841,
    "rotation": [
      [
        0.992405832,
        -0.114849187,
        0.044048477
      ],
      [
        -0.0410275944,
        0.0285366625,
        0.9987504
      ],
      [
        -0.1159627,
        -0.99297297,
        0.0236079656
      ]
    ],
    "translation": [
      2.12397718,
      0.7320241,
      -0.7269149
    ]
  },
  {
    "timeStamp": 111897,
    "rotation": [
      [
        0.9908369,
        -0.1235457,
        0.05457716
      ],
      [
        -0.050334923,
        0.0372043923,
        0.9980392
      ],
      [
        -0.125333965,
        -0.9916412,
        0.0306448229
      ]
    ],
    "translation": [
      2.1215682,
      0.7294772,
      -0.726944566
    ]
  },
  {
    "timeStamp": 111941,
    "rotation": [
      [
        0.98880744,
        -0.137038916,
        0.0589931
      ],
      [
        -0.0550705865,
        0.03224378,
        0.9979617
      ],
      [
        -0.138661757,
        -0.9900407,
        0.0243360773
      ]
    ],
    "translation": [
      2.121565,
      0.727750242,
      -0.7255593
    ]
  },
  {
    "timeStamp": 111996,
    "rotation": [
      [
        0.9840858,
        -0.164083421,
        0.0682036653
      ],
      [
        -0.06440298,
        0.0283787828,
        0.9975204
      ],
      [
        -0.165612087,
        -0.986038148,
        0.0173596963
      ]
    ],
    "translation": [
      2.122643,
      0.7264994,
      -0.721664131
    ]
  },
  {
    "timeStamp": 112041,
    "rotation": [
      [
        0.984569252,
        -0.1657584,
        0.05610326
      ],
      [
        -0.0530245863,
        0.0229440574,
        0.9983296
      ],
      [
        -0.166768745,
        -0.985899448,
        0.0138007421
      ]
    ],
    "translation": [
      2.12266016,
      0.7256677,
      -0.721572757
    ]
  }
]