[
  {
    "timeStamp": 26071,
    "rotation": [
      [
        0.989208758,
        -0.096357964,
        -0.110368192
      ],
      [
        0.112897277,
        0.0211849622,
        0.9933808
      ],
      [
        -0.093382,
        -0.995121241,
        0.0318349041
      ]
    ],
    "translation": [
      1.6186024,
      0.705727041,
      -0.6202219
    ]
  },
  {
    "timeStamp": 26115,
    "rotation": [
      [
        0.991414547,
        -0.0972441062,
        -0.08741227
      ],
      [
        0.088197425,
        0.00379682449,
        0.9960958
      ],
      [
        -0.09653256,
        -0.9952534,
        0.012340907
      ]
    ],
    "translation": [
      1.6150744,
      0.7064867,
      -0.6166911
    ]
  },
  {
    "timeStamp": 26171,
    "rotation": [
      [
        0.9879593,
        -0.133149728,
        -0.07878778
      ],
      [
        0.07881141,
        -0.00510117225,
        0.9968765
      ],
      [
        -0.133135751,
        -0.991082847,
        0.005453967
      ]
    ],
    "translation": [
      1.61621916,
      0.711509049,
      -0.6117539
    ]
  },
  {
    "timeStamp": 26218,
    "rotation": [
      [
        0.9879579,
        -0.148291364,
        -0.04414659
      ],
      [
        0.044146914,
        -0.003290937,
        0.9990196
      ],
      [
        -0.14829126,
        -0.9889383,
        0.00329529843
      ]
    ],
    "translation": [
      1.612636,
      0.722343564,
      -0.610464
    ]
  },
  {
    "timeStamp": 26273,
    "rotation": [
      [
        0.9853543,
        -0.170204058,
        -0.0103632752
      ],
      [
        0.00705701346,
        -0.0200188011,
        0.9997747
      ],
      [
        -0.170373172,
        -0.9852054,
        -0.01852448
      ]
    ],
    "translation": [
      1.61333358,
      0.740357041,
      -0.605655968
    ]
  },
  {
    "timeStamp": 26318,
    "rotation": [
      [
        0.9750358,
        -0.218284115,
        0.04070902
      ],
      [
        -0.0466858633,
        -0.0222915113,
        0.998660862
      ],
      [
        -0.217084348,
        -0.975630641,
        -0.0319258049
      ]
    ],
    "translation": [
      1.61364877,
      0.7624445,
      -0.5985195
    ]
  },
  {
    "timeStamp": 26374,
    "rotation": [
      [
        0.955776751,
        -0.2751133,
        0.1039404
      ],
      [
        -0.115972139,
        -0.027787894,
        0.9928637
      ],
      [
        -0.270261765,
        -0.961010158,
        -0.0584645
      ]
    ],
    "translation": [
      1.61868775,
      0.7957018,
      -0.5892441
    ]
  },
  {
    "timeStamp": 26418,
    "rotation": [
      [
        0.927555263,
        -0.332831264,
        0.169896081
      ],
      [
        -0.183880031,
        -0.010725243,
        0.9828902
      ],
      [
        -0.3253144,
        -0.942925453,
        -0.07114928
      ]
    ],
    "translation": [
      1.62737322,
      0.8263924,
      -0.5831957
    ]
  },
  {
    "timeStamp": 26474,
    "rotation": [
      [
        0.8823975,
        -0.406511873,
        0.236902341
      ],
      [
        -0.259435475,
        -0.000330422423,
        0.9657604
      ],
      [
        -0.3925148,
        -0.9136454,
        -0.105755165
      ]
    ],
    "translation": [
      1.64906371,
      0.867461562,
      -0.5743191
    ]
  },
  {
    "timeStamp": 26519,
    "rotation": [
      [
        0.8461162,
        -0.461063862,
        0.267408937
      ],
      [
        -0.302511781,
        -0.002345097,
        0.953142762
      ],
      [
        -0.4388326,
        -0.8873639,
        -0.141461477
      ]
    ],
    "translation": [
      1.676772,
      0.897874236,
      -0.567938447
    ]
  },
  {
    "timeStamp": 26574,
    "rotation": [
      [
        0.79420495,
        -0.542409539,
        0.2739168
      ],
      [
        -0.33954522,
        -0.0223033745,
        0.94032526
      ],
      [
        -0.5039321,
        -0.8398181,
        -0.201886013
      ]
    ],
    "translation": [
      1.72405112,
      0.9319324,
      -0.5567044
    ]
  },
  {
    "timeStamp": 26619,
    "rotation": [
      [
        0.7598576,
        -0.6005177,
        0.248987913
      ],
      [
        -0.35140866,
        -0.05719726,
        0.934473336
      ],
      [
        -0.5469263,
        -0.797563136,
        -0.2544889
      ]
    ],
    "translation": [
      1.76974666,
      0.9536048,
      -0.5492478
    ]
  },
  {
    "timeStamp": 26674,
    "rotation": [
      [
        0.704902768,
        -0.6772338,
        0.210870668
      ],
      [
        -0.365661,
        -0.09221885,
        0.926168263
      ],
      [
        -0.6077862,
        -0.729965746,
        -0.312643319
      ]
    ],
    "translation": [
      1.83245921,
      0.9760817,
      -0.5422737
    ]
  },
  {
    "timeStamp": 26718,
    "rotation": [
      [
        0.664008,
        -0.7306288,
        0.158980981
      ],
      [
        -0.355737418,
        -0.121669985,
        0.9266322
      ],
      [
        -0.6576809,
        -0.671846747,
        -0.340701818
      ]
    ],
    "translation": [
      1.8865186,
      0.9855057,
      -0.5408305
    ]
  },
  {
    "timeStamp": 26774,
    "rotation": [
      [
        0.6202017,
        -0.781577051,
        0.06698643
      ],
      [
        -0.3323498,
        -0.1844543,
        0.9249434
      ],
      [
        -0.7105586,
        -0.595914364,
        -0.374155849
      ]
    ],
    "translation": [
      1.9529413,
      0.990648031,
      -0.540541
    ]
  },
  {
    "timeStamp": 26818,
    "rotation": [
      [
        0.5750781,
        -0.8180972,
        0.00145428767
      ],
      [
        -0.307547629,
        -0.214541435,
        0.927031
      ],
      [
        -0.7580894,
        -0.5335625,
        -0.37498197
      ]
    ],
    "translation": [
      2.00497222,
      0.9869509,
      -0.543653965
    ]
  },
  {
    "timeStamp": 26874,
    "rotation": [
      [
        0.491785347,
        -0.8702865,
        -0.0273587368
      ],
      [
        -0.2863195,
        -0.191308513,
        0.938840866
      ],
      [
        -0.822294533,
        -0.453874826,
        -0.343262762
      ]
    ],
    "translation": [
      2.05790663,
      0.9727324,
      -0.5506367
    ]
  },
  {
    "timeStamp": 26918,
    "rotation": [
      [
        0.439999372,
        -0.894975364,
        -0.0736187547
      ],
      [
        -0.2631541,
        -0.2068876,
        0.9423096
      ],
      [
        -0.8585747,
        -0.395242572,
        -0.326546818
      ]
    ],
    "translation": [
      2.098102,
      0.95973736,
      -0.554411352
    ]
  },
  {
    "timeStamp": 26974,
    "rotation": [
      [
        0.405577034,
        -0.9085555,
        -0.100170657
      ],
      [
        -0.236637831,
        -0.21021843,
        0.948583543
      ],
      [
        -0.8828985,
        -0.361019552,
        -0.300258368
      ]
    ],
    "translation": [
      2.13360238,
      0.93762815,
      -0.557038
    ]
  },
  {
    "timeStamp": 27017,
    "rotation": [
      [
        0.397923142,
        -0.904412,
        -0.153935373
      ],
      [
        -0.180005267,
        -0.24149926,
        0.953559756
      ],
      [
        -0.899586141,
        -0.3517343,
        -0.258897066
      ]
    ],
    "translation": [
      2.159762,
      0.912913859,
      -0.561208248
    ]
  },
  {
    "timeStamp": 27068,
    "rotation": [
      [
        0.3777679,
        -0.9123212,
        -0.157991871
      ],
      [
        -0.1499402,
        -0.228662148,
        0.961889565
      ],
      [
        -0.913679,
        -0.339681655,
        -0.22317484
      ]
    ],
    "translation": [
      2.1825285,
      0.885303855,
      -0.5620611
    ]
  },
  {
    "timeStamp": 27124,
    "rotation": [
      [
        0.3460819,
        -0.926259041,
        -0.149236128
      ],
      [
        -0.106587924,
        -0.196853071,
        0.9746219
      ],
      [
        -0.93213,
        -0.321392238,
        -0.16685532
      ]
    ],
    "translation": [
      2.200517,
      0.8536206,
      -0.5671283
    ]
  },
  {
    "timeStamp": 27169,
    "rotation": [
      [
        0.358261853,
        -0.911895,
        -0.200239912
      ],
      [
        -0.0700704157,
        -0.240134358,
        0.9682074
      ],
      [
        -0.930987954,
        -0.3328409,
        -0.149927855
      ]
    ],
    "translation": [
      2.218711,
      0.8361246,
      -0.5665045
    ]
  },
  {
    "timeStamp": 27224,
    "rotation": [
      [
        0.3430547,
        -0.9215251,
        -0.18194738
      ],
      [
        -0.04981579,
        -0.211278543,
        0.9761556
      ],
      [
        -0.9379935,
        -0.3258109,
        -0.118386604
      ]
    ],
    "translation": [
      2.22719383,
      0.8175363,
      -0.567479968
    ]
  },
  {
    "timeStamp": 27268,
    "rotation": [
      [
        0.346847922,
        -0.91574657,
        -0.202743143
      ],
      [
        -0.0257426091,
        -0.225375429,
        0.973931849
      ],
      [
        -0.937568069,
        -0.3325871,
        -0.101744704
      ]
    ],
    "translation": [
      2.23738885,
      0.8062878,
      -0.5670149
    ]
  },
  {
    "timeStamp": 27324,
    "rotation": [
      [
        0.350614935,
        -0.91715914,
        -0.18944183
      ],
      [
        -0.0118504139,
        -0.206611454,
        0.9783513
      ],
      [
        -0.9364447,
        -0.3407796,
        -0.08330978
      ]
    ],
    "translation": [
      2.24000049,
      0.7931933,
      -0.56626755
    ]
  },
  {
    "timeStamp": 27368,
    "rotation": [
      [
        0.364797175,
        -0.9106151,
        -0.194173008
      ],
      [
        0.00482780067,
        -0.206691712,
        0.9783942
      ],
      [
        -0.93107444,
        -0.357852876,
        -0.07100429
      ]
    ],
    "translation": [
      2.24196982,
      0.784226656,
      -0.5657863
    ]
  },
  {
    "timeStamp": 27425,
    "rotation": [
      [
        0.355380416,
        -0.918473661,
        -0.173524827
      ],
      [
        -0.00504943356,
        -0.187527,
        0.982246459
      ],
      [
        -0.9347081,
        -0.348194957,
        -0.0712812
      ]
    ],
    "translation": [
      2.24183869,
      0.7786706,
      -0.56212014
    ]
  },
  {
    "timeStamp": 27470,
    "rotation": [
      [
        0.3471603,
        -0.9249386,
        -0.154816821
      ],
      [
        -0.008701658,
        -0.168254,
        0.985705256
      ],
      [
        -0.9377654,
        -0.3408506,
        -0.06645961
      ]
    ],
    "translation": [
      2.24166584,
      0.775078952,
      -0.560450435
    ]
  },
  {
    "timeStamp": 27516,
    "rotation": [
      [
        0.3473467,
        -0.924883366,
        -0.154728591
      ],
      [
        -0.00593559956,
        -0.1671673,
        0.985910654
      ],
      [
        -0.937718,
        -0.3415344,
        -0.06355475
      ]
    ],
    "translation": [
      2.241705,
      0.7688459,
      -0.558823049
    ]
  },
  {
    "timeStamp": 27572,
    "rotation": [
      [
        0.35580188,
        -0.920017838,
        -0.1642323
      ],
      [
        0.00536466,
        -0.173718438,
        0.9847807
      ],
      [
        -0.934546053,
        -0.351267874,
        -0.0568737574
      ]
    ],
    "translation": [
      2.24175,
      0.76299566,
      -0.558412552
    ]
  },
  {
    "timeStamp": 27618,
    "rotation": [
      [
        0.357660234,
        -0.9206778,
        -0.156306386
      ],
      [
        0.007443058,
        -0.1645624,
        0.9863386
      ],
      [
        -0.933822155,
        -0.3539375,
        -0.05200477
      ]
    ],
    "translation": [
      2.241671,
      0.7596808,
      -0.5582606
    ]
  },
  {
    "timeStamp": 27673,
    "rotation": [
      [
        0.3461106,
        -0.9252145,
        -0.155516714
      ],
      [
        0.008591178,
        -0.162629351,
        0.9866498
      ],
      [
        -0.93815434,
        -0.342826039,
        -0.04833906
      ]
    ],
    "translation": [
      2.24172568,
      0.758930564,
      -0.557582259
    ]
  },
  {
    "timeStamp": 27718,
    "rotation": [
      [
        0.350865871,
        -0.921916366,
        -0.164204955
      ],
      [
        0.0183142349,
        -0.168563575,
        0.9855206
      ],
      [
        -0.9362466,
        -0.348792821,
        -0.0422590151
      ]
    ],
    "translation": [
      2.241841,
      0.7572054,
      -0.557845533
    ]
  },
  {
    "timeStamp": 27773,
    "rotation": [
      [
        0.3457165,
        -0.9232566,
        -0.16756314
      ],
      [
        0.0241912659,
        -0.169745222,
        0.985191047
      ],
      [
        -0.9380271,
        -0.344650358,
        -0.0363489762
      ]
    ],
    "translation": [
      2.2418654,
      0.7563144,
      -0.5575537
    ]
  },
  {
    "timeStamp": 27818,
    "rotation": [
      [
        0.3457279,
        -0.923616,
        -0.165547
      ],
      [
        0.0299301632,
        -0.165481851,
        0.985758543
      ],
      [
        -0.9378574,
        -0.3457591,
        -0.0295677166
      ]
    ],
    "translation": [
      2.24183321,
      0.755484641,
      -0.5575322
    ]
  },
  {
    "timeStamp": 27873,
    "rotation": [
      [
        0.341937631,
        -0.927005768,
        -0.1540743
      ],
      [
        0.0290667582,
        -0.153445333,
        0.987729549
      ],
      [
        -0.93927294,
        -0.342220336,
        -0.0255236849
      ]
    ],
    "translation": [
      2.24166918,
      0.7548253,
      -0.5572119
    ]
  },
  {
    "timeStamp": 27918,
    "rotation": [
      [
        0.34409216,
        -0.9261422,
        -0.1544707
      ],
      [
        0.0318732858,
        -0.152900487,
        0.987727463
      ],
      [
        -0.9383947,
        -0.344792783,
        -0.0230926685
      ]
    ],
    "translation": [
      2.24168229,
      0.753921151,
      -0.557321846
    ]
  },
  {
    "timeStamp": 27973,
    "rotation": [
      [
        0.3461943,
        -0.924885869,
        -0.157275528
      ],
      [
        0.03135546,
        -0.156141564,
        0.987236857
      ],
      [
        -0.9376387,
        -0.346707225,
        -0.0250550918
      ]
    ],
    "translation": [
      2.24173784,
      0.7532631,
      -0.5574354
    ]
  },
  {
    "timeStamp": 28018,
    "rotation": [
      [
        0.34628877,
        -0.924312949,
        -0.160404846
      ],
      [
        0.03018195,
        -0.159918532,
        0.9866687
      ],
      [
        -0.937642336,
        -0.346513629,
        -0.0274804253
      ]
    ],
    "translation": [
      2.24171686,
      0.752880037,
      -0.5574361
    ]
  },
  {
    "timeStamp": 28073,
    "rotation": [
      [
        0.341362417,
        -0.925323963,
        -0.165067464
      ],
      [
        0.0274612717,
        -0.16572313,
        0.9857899
      ],
      [
        -0.939530551,
        -0.341044575,
        -0.0311610717
      ]
    ],
    "translation": [
      2.24163055,
      0.7527102,
      -0.5571072
    ]
  },
  {
    "timeStamp": 28118,
    "rotation": [
      [
        0.339978963,
        -0.9259564,
        -0.164374441
      ],
      [
        0.0250285976,
        -0.1658151,
        0.9858392
      ],
      [
        -0.9400999,
        -0.339278668,
        -0.033198256
      ]
    ],
    "translation": [
      2.24152851,
      0.75279963,
      -0.5569967
    ]
  },
  {
    "timeStamp": 28172,
    "rotation": [
      [
        0.339888841,
        -0.9257268,
        -0.165847614
      ],
      [
        0.0220049676,
        -0.168469936,
        0.9854611
      ],
      [
        -0.940208137,
        -0.3385967,
        -0.036890462
      ]
    ],
    "translation": [
      2.24145412,
      0.75290513,
      -0.556712449
    ]
  },
  {
    "timeStamp": 28216,
    "rotation": [
      [
        0.3448585,
        -0.922953367,
        -0.170967013
      ],
      [
        0.0145648653,
        -0.17685698,
        0.9841288
      ],
      [
        -0.9385417,
        -0.341875285,
        -0.0475479439
      ]
    ],
    "translation": [
      2.24153972,
      0.753673732,
      -0.5553328
    ]
  },
  {
    "timeStamp": 28271,
    "rotation": [
      [
        0.341110945,
        -0.924792349,
        -0.16853036
      ],
      [
        0.0006510802,
        -0.179050758,
        0.983839631
      ],
      [
        -0.9400228,
        -0.3357082,
        -0.0604740568
      ]
    ],
    "translation": [
      2.24146128,
      0.7561628,
      -0.552332461
    ]
  },
  {
    "timeStamp": 28316,
    "rotation": [
      [
        0.3397642,
        -0.9227925,
        -0.181698486
      ],
      [
        -0.00594972074,
        -0.195296317,
        0.980726242
      ],
      [
        -0.940491855,
        -0.332134634,
        -0.0718450546
      ]
    ],
    "translation": [
      2.24189448,
      0.7591188,
      -0.5511428
    ]
  },
  {
    "timeStamp": 28371,
    "rotation": [
      [
        0.3636004,
        -0.9079691,
        -0.208295047
      ],
      [
        -0.009778841,
        -0.227307171,
        0.973774
      ],
      [
        -0.931503654,
        -0.352027744,
        -0.0915278643
      ]
    ],
    "translation": [
      2.24176121,
      0.7705708,
      -0.5507948
    ]
  },
  {
    "timeStamp": 28416,
    "rotation": [
      [
        0.3699098,
        -0.9056284,
        -0.207374
      ],
      [
        -0.0252221841,
        -0.232913211,
        0.9721704
      ],
      [
        -0.928725243,
        -0.354384929,
        -0.1089988
      ]
    ],
    "translation": [
      2.237583,
      0.784823656,
      -0.5523394
    ]
  },
  {
    "timeStamp": 28472,
    "rotation": [
      [
        0.369917929,
        -0.909778535,
        -0.1883183
      ],
      [
        -0.0454297625,
        -0.22016713,
        0.9744037
      ],
      [
        -0.9279531,
        -0.35189414,
        -0.122774787
      ]
    ],
    "translation": [
      2.23015,
      0.8030674,
      -0.5591164
    ]
  },
  {
    "timeStamp": 28516,
    "rotation": [
      [
        0.364495,
        -0.9181251,
        -0.155530348
      ],
      [
        -0.08169327,
        -0.197903946,
        0.9768113
      ],
      [
        -0.927615,
        -0.3433371,
        -0.147139654
      ]
    ],
    "translation": [
      2.22089171,
      0.8232627,
      -0.5640472
    ]
  },
  {
    "timeStamp": 28573,
    "rotation": [
      [
        0.377606422,
        -0.9144592,
        -0.14552556
      ],
      [
        -0.120269261,
        -0.20426546,
        0.9714993
      ],
      [
        -0.918122351,
        -0.349342138,
        -0.18711327
      ]
    ],
    "translation": [
      2.20862269,
      0.854701161,
      -0.568942666
    ]
  },
  {
    "timeStamp": 28618,
    "rotation": [
      [
        0.404531568,
        -0.9022055,
        -0.149597436
      ],
      [
        -0.154785857,
        -0.228765428,
        0.9610971
      ],
      [
        -0.9013299,
        -0.365638524,
        -0.232191488
      ]
    ],
    "translation": [
      2.19640684,
      0.886314631,
      -0.5696537
    ]
  },
  {
    "timeStamp": 28673,
    "rotation": [
      [
        0.451904476,
        -0.8841038,
        -0.118923694
      ],
      [
        -0.211601734,
        -0.23574461,
        0.948498368
      ],
      [
        -0.866606653,
        -0.4034662,
        -0.293611944
      ]
    ],
    "translation": [
      2.16564655,
      0.926541269,
      -0.5675856
    ]
  },
  {
    "timeStamp": 28719,
    "rotation": [
      [
        0.5058929,
        -0.857826531,
        -0.09058703
      ],
      [
        -0.249754161,
        -0.246183619,
        0.9364916
      ],
      [
        -0.825648367,
        -0.451139957,
        -0.3387883
      ]
    ],
    "translation": [
      2.13398933,
      0.952455938,
      -0.564932168
    ]
  },
  {
    "timeStamp": 28768,
    "rotation": [
      [
        0.558179557,
        -0.829430759,
        -0.0219150931
      ],
      [
        -0.301599383,
        -0.227430746,
        0.925912
      ],
      [
        -0.77296406,
        -0.5102156,
        -0.377103
      ]
    ],
    "translation": [
      2.08586836,
      0.977425158,
      -0.5606472
    ]
  },
  {
    "timeStamp": 28823,
    "rotation": [
      [
        0.618690133,
        -0.7854668,
        0.0162665471
      ],
      [
        -0.3104558,
        -0.225412712,
        0.923475146
      ],
      [
        -0.7216924,
        -0.576395,
        -0.3833133
      ]
    ],
    "translation": [
      2.04287076,
      0.982720554,
      -0.558294654
    ]
  },
  {
    "timeStamp": 28868,
    "rotation": [
      [
        0.6198588,
        -0.783666968,
        0.040510565
      ],
      [
        -0.325517178,
        -0.209815472,
        0.921963155
      ],
      [
        -0.7140123,
        -0.5846739,
        -0.385153025
      ]
    ],
    "translation": [
      2.02098751,
      0.9826011,
      -0.5523818
    ]
  },
  {
    "timeStamp": 28923,
    "rotation": [
      [
        0.625405133,
        -0.7774428,
        0.0667167157
      ],
      [
        -0.328799874,
        -0.185025766,
        0.9260973
      ],
      [
        -0.70764333,
        -0.601122439,
        -0.371339142
      ]
    ],
    "translation": [
      1.99801624,
      0.9791237,
      -0.5488484
    ]
  },
  {
    "timeStamp": 28968,
    "rotation": [
      [
        0.6421648,
        -0.7603994,
        0.09704143
      ],
      [
        -0.343410045,
        -0.1721868,
        0.923266649
      ],
      [
        -0.685342133,
        -0.6262144,
        -0.371701121
      ]
    ],
    "translation": [
      1.97523367,
      0.984796047,
      -0.547752857
    ]
  },
  {
    "timeStamp": 29023,
    "rotation": [
      [
        0.6679837,
        -0.7354925,
        0.113350995
      ],
      [
        -0.3647952,
        -0.190863639,
        0.911315262
      ],
      [
        -0.648631,
        -0.6500937,
        -0.395797968
      ]
    ],
    "translation": [
      1.953057,
      0.996624,
      -0.54442054
    ]
  },
  {
    "timeStamp": 29067,
    "rotation": [
      [
        0.666829765,
        -0.733687,
        0.130543441
      ],
      [
        -0.370701939,
        -0.174617738,
        0.912189
      ],
      [
        -0.646466,
        -0.6566675,
        -0.388419479
      ]
    ],
    "translation": [
      1.94242692,
      0.999166,
      -0.5440866
    ]
  },
  {
    "timeStamp": 29123,
    "rotation": [
      [
        0.6810451,
        -0.7204693,
        0.130772725
      ],
      [
        -0.361788154,
        -0.175812379,
        0.9155323
      ],
      [
        -0.6366214,
        -0.670830846,
        -0.380393416
      ]
    ],
    "translation": [
      1.9334228,
      0.9967792,
      -0.5447459
    ]
  },
  {
    "timeStamp": 29169,
    "rotation": [
      [
        0.6752074,
        -0.725433469,
        0.1335712
      ],
      [
        -0.364856482,
        -0.171081141,
        0.9152109
      ],
      [
        -0.6410731,
        -0.6666915,
        -0.380194366
      ]
    ],
    "translation": [
      1.93114686,
      0.996136546,
      -0.5431286
    ]
  },
  {
    "timeStamp": 29215,
    "rotation": [
      [
        0.674609959,
        -0.7267514,
        0.129359379
      ],
      [
        -0.359239548,
        -0.170134634,
        0.917606235
      ],
      [
        -0.6448631,
        -0.6654973,
        -0.375852346
      ]
    ],
    "translation": [
      1.93068039,
      0.9957548,
      -0.5427929
    ]
  },
  {
    "timeStamp": 29271,
    "rotation": [
      [
        0.675338149,
        -0.7246862,
        0.136924267
      ],
      [
        -0.358966142,
        -0.160809353,
        0.919393063
      ],
      [
        -0.6442528,
        -0.6700524,
        -0.368738532
      ]
    ],
    "translation": [
      1.92650473,
      0.9965165,
      -0.5435949
    ]
  },
  {
    "timeStamp": 29317,
    "rotation": [
      [
        0.6765786,
        -0.721895933,
        0.145284757
      ],
      [
        -0.36428234,
        -0.156659231,
        0.918017566
      ],
      [
        -0.639952958,
        -0.6740357,
        -0.3689662
      ]
    ],
    "translation": [
      1.92081761,
      0.997917056,
      -0.5446427
    ]
  },
  {
    "timeStamp": 29373,
    "rotation": [
      [
        0.6776065,
        -0.708855748,
        0.1958902
      ],
      [
        -0.379590631,
        -0.108972743,
        0.9187143
      ],
      [
        -0.6298892,
        -0.6968848,
        -0.342915654
      ]
    ],
    "translation": [
      1.9040699,
      0.9974624,
      -0.551797032
    ]
  },
  {
    "timeStamp": 29417,
    "rotation": [
      [
        0.6456392,
        -0.7040607,
        0.2957171
      ],
      [
        -0.4145941,
        0.00202480168,
        0.9100042
      ],
      [
        -0.6412969,
        -0.71013695,
        -0.2905921
      ]
    ],
    "translation": [
      1.88297129,
      0.996171,
      -0.561285138
    ]
  },
  {
    "timeStamp": 29472,
    "rotation": [
      [
        0.5485067,
        -0.689471662,
        0.473042667
      ],
      [
        -0.4473837,
        0.235949188,
        0.862656236
      ],
      [
        -0.706391037,
        -0.684804261,
        -0.179038659
      ]
    ],
    "translation": [
      1.84746289,
      0.992987454,
      -0.5780436
    ]
  },
  {
    "timeStamp": 29517,
    "rotation": [
      [
        0.607485,
        -0.6858505,
        0.400713265
      ],
      [
        -0.402347922,
        0.1692809,
        0.899700046
      ],
      [
        -0.684892833,
        -0.707780361,
        -0.173114926
      ]
    ],
    "translation": [
      1.8384825,
      0.9713655,
      -0.58411
    ]
  },
  {
    "timeStamp": 29572,
    "rotation": [
      [
        0.713389456,
        -0.642757654,
        0.279173821
      ],
      [
        -0.3314845,
        0.0414734,
        0.942548633
      ],
      [
        -0.617408633,
        -0.7649461,
        -0.183477521
      ]
    ],
    "translation": [
      1.82308853,
      0.942084551,
      -0.593453467
    ]
  },
  {
    "timeStamp": 29617,
    "rotation": [
      [
        0.7745876,
        -0.5837566,
        0.243397191
      ],
      [
        -0.304684,
        -0.00717169931,
        0.9524265
      ],
      [
        -0.5542397,
        -0.811897,
        -0.183416426
      ]
    ],
    "translation": [
      1.80134761,
      0.9261439,
      -0.6008422
    ]
  },
  {
    "timeStamp": 29673,
    "rotation": [
      [
        0.811597764,
        -0.5300721,
        0.245627046
      ],
      [
        -0.285039246,
        0.007720771,
        0.958484769
      ],
      [
        -0.5099625,
        -0.847917438,
        -0.14482519
      ]
    ],
    "translation": [
      1.77004957,
      0.908584,
      -0.6130177
    ]
  },
  {
    "timeStamp": 29717,
    "rotation": [
      [
        0.8178794,
        -0.520848,
        0.244521335
      ],
      [
        -0.276828974,
        0.0163550749,
        0.96078
      ],
      [
        -0.504419446,
        -0.853492737,
        -0.130809322
      ]
    ],
    "translation": [
      1.75914955,
      0.899798453,
      -0.614052057
    ]
  },
  {
    "timeStamp": 29772,
    "rotation": [
      [
        0.80239743,
        -0.5332137,
        0.26803264
      ],
      [
        -0.283310831,
        0.0549509935,
        0.957452536
      ],
      [
        -0.525255442,
        -0.844194,
        -0.106972679
      ]
    ],
    "translation": [
      1.75073063,
      0.898256958,
      -0.6131925
    ]
  },
  {
    "timeStamp": 29817,
    "rotation": [
      [
        0.7919556,
        -0.544482,
        0.276307434
      ],
      [
        -0.294195771,
        0.0562582761,
        0.954088
      ],
      [
        -0.5350283,
        -0.8368838,
        -0.115630247
      ]
    ],
    "translation": [
      1.75259984,
      0.9047487,
      -0.6096434
    ]
  },
  {
    "timeStamp": 29873,
    "rotation": [
      [
        0.7853663,
        -0.55173105,
        0.280700356
      ],
      [
        -0.309900343,
        0.0421111546,
        0.949836
      ],
      [
        -0.535874665,
        -0.832958341,
        -0.13790895
      ]
    ],
    "translation": [
      1.76199579,
      0.9190463,
      -0.6061725
    ]
  },
  {
    "timeStamp": 29917,
    "rotation": [
      [
        0.7737098,
        -0.5680849,
        0.280450881
      ],
      [
        -0.319806844,
        0.0319210328,
        0.9469449
      ],
      [
        -0.5468974,
        -0.8223507,
        -0.156979814
      ]
    ],
    "translation": [
      1.77673018,
      0.9329629,
      -0.603292048
    ]
  },
  {
    "timeStamp": 29972,
    "rotation": [
      [
        0.749677241,
        -0.599459469,
        0.2804145
      ],
      [
        -0.344049424,
        0.008937464,
        0.938909
      ],
      [
        -0.5653441,
        -0.8003552,
        -0.199543491
      ]
    ],
    "translation": [
      1.80324066,
      0.9564844,
      -0.5960596
    ]
  },
  {
    "timeStamp": 30017,
    "rotation": [
      [
        0.7299024,
        -0.6323493,
        0.25957036
      ],
      [
        -0.358154982,
        -0.0303555354,
        0.93316853
      ],
      [
        -0.582209051,
        -0.7740884,
        -0.248635635
      ]
    ],
    "translation": [
      1.83221018,
      0.975827754,
      -0.5881198
    ]
  },
  {
    "timeStamp": 30072,
    "rotation": [
      [
        0.699948967,
        -0.6837423,
        0.206319749
      ],
      [
        -0.366598845,
        -0.09604566,
        0.9254083
      ],
      [
        -0.6129247,
        -0.7233752,
        -0.3178862
      ]
    ],
    "translation": [
      1.8788805,
      0.998232365,
      -0.5778877
    ]
  },
  {
    "timeStamp": 30117,
    "rotation": [
      [
        0.689224541,
        -0.7134116,
        0.126544178
      ],
      [
        -0.351846248,
        -0.176871538,
        0.919195652
      ],
      [
        -0.6333828,
        -0.6780563,
        -0.372915417
      ]
    ],
    "translation": [
      1.92310929,
      1.01182342,
      -0.572733939
    ]
  },
  {
    "timeStamp": 30172,
    "rotation": [
      [
        0.6895809,
        -0.724192858,
        -0.00478509
      ],
      [
        -0.312986463,
        -0.303973079,
        0.8997999
      ],
      [
        -0.653083146,
        -0.6189872,
        -0.436276585
      ]
    ],
    "translation": [
      1.98163271,
      1.02276528,
      -0.571680546
    ]
  },
  {
    "timeStamp": 30217,
    "rotation": [
      [
        0.697705448,
        -0.7051922,
        -0.1261387
      ],
      [
        -0.25976,
        -0.413128316,
        0.872840047
      ],
      [
        -0.667631447,
        -0.5762195,
        -0.4714226
      ]
    ],
    "translation": [
      2.02883458,
      1.02663255,
      -0.5752874
    ]
  },
  {
    "timeStamp": 30272,
    "rotation": [
      [
        0.735058963,
        -0.6206059,
        -0.2730139
      ],
      [
        -0.168585554,
        -0.5573265,
        0.8129982
      ],
      [
        -0.6567093,
        -0.551575363,
        -0.5142931
      ]
    ],
    "translation": [
      2.0775938,
      1.02567577,
      -0.583752155
    ]
  },
  {
    "timeStamp": 30317,
    "rotation": [
      [
        0.7609031,
        -0.488076627,
        -0.427560121
      ],
      [
        -0.0114246057,
        -0.6689102,
        0.743255436
      ],
      [
        -0.648764968,
        -0.56066066,
        -0.5145519
      ]
    ],
    "translation": [
      2.12114525,
      1.0157609,
      -0.594079
    ]
  },
  {
    "timeStamp": 30372,
    "rotation": [
      [
        0.7656701,
        -0.498159945,
        -0.406922549
      ],
      [
        0.0207088031,
        -0.6132014,
        0.7896551
      ],
      [
        -0.64290005,
        -0.6130422,
        -0.459193677
      ]
    ],
    "translation": [
      2.14408445,
      0.993268,
      -0.61270833
    ]
  },
  {
    "timeStamp": 30421,
    "rotation": [
      [
        0.6898165,
        -0.670830548,
        -0.272286057
      ],
      [
        -0.07827303,
        -0.442992926,
        0.8931017
      ],
      [
        -0.7197407,
        -0.5947636,
        -0.358091742
      ]
    ],
    "translation": [
      2.1538918,
      0.972784638,
      -0.6265266
    ]
  },
  {
    "timeStamp": 30471,
    "rotation": [
      [
        0.5400076,
        -0.84087944,
        -0.0362437069
      ],
      [
        -0.168811455,
        -0.150395766,
        0.974106669
      ],
      [
        -0.8245572,
        -0.51990664,
        -0.223164931
      ]
    ],
    "translation": [
      2.15940356,
      0.947063565,
      -0.6438561
    ]
  },
  {
    "timeStamp": 30522,
    "rotation": [
      [
        0.4876331,
        -0.873048663,
        -5.00292954E-05
      ],
      [
        -0.147316918,
        -0.08233896,
        0.985656142
      ],
      [
        -0.8605299,
        -0.4806312,
        -0.168766022
      ]
    ],
    "translation": [
      2.16344929,
      0.9285218,
      -0.654251456
    ]
  },
  {
    "timeStamp": 30567,
    "rotation": [
      [
        0.4722029,
        -0.880402863,
        -0.04376326
      ],
      [
        -0.111727387,
        -0.109023653,
        0.9877403
      ],
      [
        -0.8743806,
        -0.461524278,
        -0.14984639
      ]
    ],
    "translation": [
      2.18221951,
      0.91664803,
      -0.654542446
    ]
  },
  {
    "timeStamp": 30622,
    "rotation": [
      [
        0.445750326,
        -0.8949124,
        0.020939488
      ],
      [
        -0.104913041,
        -0.02899719,
        0.994058549
      ],
      [
        -0.888988137,
        -0.445298761,
        -0.10681349
      ]
    ],
    "translation": [
      2.17378449,
      0.9006434,
      -0.660794735
    ]
  },
  {
    "timeStamp": 30667,
    "rotation": [
      [
        0.461679727,
        -0.886951566,
        -0.0129894949
      ],
      [
        -0.08122626,
        -0.05685317,
        0.995072842
      ],
      [
        -0.8833199,
        -0.458349854,
        -0.09829172
      ]
    ],
    "translation": [
      2.17460632,
      0.8906326,
      -0.6614729
    ]
  },
  {
    "timeStamp": 30722,
    "rotation": [
      [
        0.493260354,
        -0.869547844,
        -0.0240974855
      ],
      [
        -0.06178483,
        -0.06265327,
        0.996121049
      ],
      [
        -0.8676847,
        -0.48985815,
        -0.0846292451
      ]
    ],
    "translation": [
      2.16667747,
      0.881859,
      -0.665227652
    ]
  },
  {
    "timeStamp": 30767,
    "rotation": [
      [
        0.548216462,
        -0.8357511,
        -0.0312863439
      ],
      [
        -0.0596400872,
        -0.0763801262,
        0.9952935
      ],
      [
        -0.8342073,
        -0.5437704,
        -0.09171711
      ]
    ],
    "translation": [
      2.15354967,
      0.8808113,
      -0.6678136
    ]
  },
  {
    "timeStamp": 30822,
    "rotation": [
      [
        0.650293767,
        -0.7587519,
        -0.03759579
      ],
      [
        -0.0558910631,
        -0.0971392,
        0.993700266
      ],
      [
        -0.75762403,
        -0.644095838,
        -0.105576478
      ]
    ],
    "translation": [
      2.13483024,
      0.88066256,
      -0.6730814
    ]
  },
  {
    "timeStamp": 30868,
    "rotation": [
      [
        0.689759254,
        -0.723084569,
        -0.03715935
      ],
      [
        -0.0257792585,
        -0.0758161545,
        0.9967885
      ],
      [
        -0.7235797,
        -0.686586142,
        -0.07093548
      ]
    ],
    "translation": [
      2.12746525,
      0.8710289,
      -0.684848845
    ]
  },
  {
    "timeStamp": 30925,
    "rotation": [
      [
        0.7784615,
        -0.619619966,
        -0.1003433
      ],
      [
        0.0530035235,
        -0.09440031,
        0.9941223
      ],
      [
        -0.6254505,
        -0.7792045,
        -0.0406449661
      ]
    ],
    "translation": [
      2.12876582,
      0.853298962,
      -0.7029298
    ]
  },
  {
    "timeStamp": 30970,
    "rotation": [
      [
        0.8180486,
        -0.563435555,
        -0.115485176
      ],
      [
        0.07981935,
        -0.0876318142,
        0.9929499
      ],
      [
        -0.5695835,
        -0.8214992,
        -0.02671402
      ]
    ],
    "translation": [
      2.12907529,
      0.8467158,
      -0.710198939
    ]
  },
  {
    "timeStamp": 31016,
    "rotation": [
      [
        0.8558067,
        -0.504051149,
        -0.116307341
      ],
      [
        0.09387588,
        -0.06977347,
        0.9931359
      ],
      [
        -0.50870645,
        -0.8608508,
        -0.01239436
      ]
    ],
    "translation": [
      2.128433,
      0.841889858,
      -0.719517231
    ]
  },
  {
    "timeStamp": 31072,
    "rotation": [
      [
        0.905498862,
        -0.413748324,
        -0.0942559242
      ],
      [
        0.09125806,
        -0.0270548817,
        0.9954597
      ],
      [
        -0.41441986,
        -0.909989238,
        0.0132597024
      ]
    ],
    "translation": [
      2.12197852,
      0.8410538,
      -0.732928634
    ]
  },
  {
    "timeStamp": 31116,
    "rotation": [
      [
        0.94369936,
        -0.317798972,
        -0.09184375
      ],
      [
        0.096828565,
        -0.000110504123,
        0.995301068
      ],
      [
        -0.31631583,
        -0.9481581,
        0.030667739
      ]
    ],
    "translation": [
      2.11890268,
      0.8380861,
      -0.746642
    ]
  },
  {
    "timeStamp": 31172,
    "rotation": [
      [
        0.9709524,
        -0.219691187,
        -0.09480105
      ],
      [
        0.103924371,
        0.030323118,
        0.994122863
      ],
      [
        -0.215525374,
        -0.9750981,
        0.05227357
      ]
    ],
    "translation": [
      2.1175468,
      0.831627846,
      -0.758614659
    ]
  },
  {
    "timeStamp": 31216,
    "rotation": [
      [
        0.9813532,
        -0.151072264,
        -0.118840314
      ],
      [
        0.128036231,
        0.05264178,
        0.9903714
      ],
      [
        -0.143361673,
        -0.9871201,
        0.0710029
      ]
    ],
    "translation": [
      2.12305522,
      0.823386848,
      -0.7656803
    ]
  },
  {
    "timeStamp": 31272,
    "rotation": [
      [
        0.9902948,
        -0.07618222,
        -0.116242714
      ],
      [
        0.122367114,
        0.08136743,
        0.9891439
      ],
      [
        -0.065896824,
        -0.9937684,
        0.08989995
      ]
    ],
    "translation": [
      2.123099,
      0.8195847,
      -0.77442807
    ]
  },
  {
    "timeStamp": 31316,
    "rotation": [
      [
        0.9928282,
        -0.07444419,
        -0.09354305
      ],
      [
        0.101462528,
        0.110879794,
        0.988641
      ],
      [
        -0.0632265657,
        -0.9910417,
        0.11763788
      ]
    ],
    "translation": [
      2.1200974,
      0.820889,
      -0.7773131
    ]
  },
  {
    "timeStamp": 31372,
    "rotation": [
      [
        0.996120632,
        -0.0532061979,
        -0.07009136
      ],
      [
        0.07640186,
        0.127701968,
        0.9888655
      ],
      [
        -0.04366297,
        -0.990384459,
        0.131271616
      ]
    ],
    "translation": [
      2.11410856,
      0.8223531,
      -0.7848004
    ]
  },
  {
    "timeStamp": 31416,
    "rotation": [
      [
