[
  {
    "timeStamp": 83358,
    "rotation": [
      [
        0.9943124,
        -0.0318129435,
        0.101639993
      ],
      [
        -0.105621323,
        -0.172050536,
        0.9794094
      ],
      [
        -0.0136706866,
        -0.984574258,
        -0.174432114
      ]
    ],
    "translation": [
      2.08139968,
      0.73048234,
      -0.7468666
    ]
  },
  {
    "timeStamp": 83413,
    "rotation": [
      [
        0.9918947,
        -0.0581230372,
        0.11298921
      ],
      [
        -0.120429255,
        -0.146484792,
        0.981854856
      ],
      [
        -0.04051717,
        -0.9875039,
        -0.152297214
      ]
    ],
    "translation": [
      2.08310556,
      0.7317346,
      -0.747507453
    ]
  },
  {
    "timeStamp": 83458,
    "rotation": [
      [
        0.991694033,
        -0.06614902,
        0.110305272
      ],
      [
        -0.119459338,
        -0.15585196,
        0.980530262
      ],
      [
        -0.0476698,
        -0.98556304,
        -0.162459567
      ]
    ],
    "translation": [
      2.08327842,
      0.7314696,
      -0.7474572
    ]
  },
  {
    "timeStamp": 83514,
    "rotation": [
      [
        0.9889915,
        -0.06918443,
        0.1308026
      ],
      [
        -0.1396066,
        -0.143248245,
        0.979790747
      ],
      [
        -0.04904901,
        -0.9872656,
        -0.1513299
      ]
    ],
    "translation": [
      2.08439732,
      0.732555,
      -0.748590648
    ]
  },
  {
    "timeStamp": 83559,
    "rotation": [
      [
        0.988723159,
        -0.0894667953,
        0.120092474
      ],
      [
        -0.130653962,
        -0.123443268,
        0.983713031
      ],
      [
        -0.07318506,
        -0.9883104,
        -0.133740425
      ]
    ],
    "translation": [
      2.08627677,
      0.7327286,
      -0.7513411
    ]
  },
  {
    "timeStamp": 83614,
    "rotation": [
      [
        0.989765644,
        -0.0863906443,
        0.113580726
      ],
      [
        -0.124048434,
        -0.127428651,
        0.98405993
      ],
      [
        -0.070540145,
        -0.988078237,
        -0.136841133
      ]
    ],
    "translation": [
      2.08707523,
      0.733210862,
      -0.7520021
    ]
  },
  {
    "timeStamp": 83659,
    "rotation": [
      [
        0.9905202,
        -0.09670724,
        0.09755745
      ],
      [
        -0.108069867,
        -0.110198513,
        0.9880168
      ],
      [
        -0.08479767,
        -0.9891936,
        -0.11960499
      ]
    ],
    "translation": [
      2.088568,
      0.73149997,
      -0.753466249
    ]
  },
  {
    "timeStamp": 83714,
    "rotation": [
      [
        0.9900897,
        -0.104543336,
        0.09377134
      ],
      [
        -0.103066511,
        -0.0873668939,
        0.9908301
      ],
      [
        -0.09539218,
        -0.9906754,
        -0.09727598
      ]
    ],
    "translation": [
      2.08799553,
      0.7318401,
      -0.754414
    ]
  },
  {
    "timeStamp": 83759,
    "rotation": [
      [
        0.9911471,
        -0.09352136,
        0.09424004
      ],
      [
        -0.103292637,
        -0.0972073749,
        0.989889562
      ],
      [
        -0.08341498,
        -0.990860462,
        -0.106006876
      ]
    ],
    "translation": [
      2.08751416,
      0.7319028,
      -0.7541747
    ]
  },
  {
    "timeStamp": 83815,
    "rotation": [
      [
        0.991165042,
        -0.1064604,
        0.07910738
      ],
      [
        -0.09059208,
        -0.10775996,
        0.990040839
      ],
      [
        -0.09687553,
        -0.988460362,
        -0.116452381
      ]
    ],
    "translation": [
      2.087755,
      0.730534732,
      -0.7502016
    ]
  },
  {
    "timeStamp": 83859,
    "rotation": [
      [
        0.9907437,
        -0.104381785,
        0.0867829
      ],
      [
        -0.09703485,
        -0.09751588,
        0.9904922
      ],
      [
        -0.09492662,
        -0.989744961,
        -0.10674192
      ]
    ],
    "translation": [
      2.08577037,
      0.730907738,
      -0.751611531
    ]
  }
]