[
  {
    "timeStamp": 41945,
    "rotation": [
      [
        0.0322792381,
        0.9928744,
        0.114709929
      ],
      [
        -0.07084737,
        -0.112208068,
        0.991155863
      ],
      [
        0.9969647,
        -0.04012068,
        0.0667205453
      ]
    ],
    "translation": [
      1.3131938,
      0.7033673,
      -0.7493397
    ]
  },
  {
    "timeStamp": 42000,
    "rotation": [
      [
        0.05449566,
        0.9909,
        0.123075113
      ],
      [
        -0.0875626057,
        -0.118040979,
        0.98914057
      ],
      [
        0.9946673,
        -0.06468067,
        0.08033306
      ]
    ],
    "translation": [
      1.31279612,
      0.703671455,
      -0.748890638
    ]
  },
  {
    "timeStamp": 42045,
    "rotation": [
      [
        0.06353693,
        0.987850666,
        0.141824558
      ],
      [
        -0.09153953,
        -0.135743842,
        0.986506045
      ],
      [
        0.9937724,
        -0.07566209,
        0.08180264
      ]
    ],
    "translation": [
      1.3134284,
      0.703936934,
      -0.7486073
    ]
  },
  {
    "timeStamp": 42100,
    "rotation": [
      [
        0.06881989,
        0.9895464,
        0.126734525
      ],
      [
        -0.09316474,
        -0.12010581,
        0.988379955
      ],
      [
        0.9932694,
        -0.07982738,
        0.08392517
      ]
    ],
    "translation": [
      1.31817937,
      0.709409,
      -0.749682248
    ]
  },
  {
    "timeStamp": 42154,
    "rotation": [
      [
        0.09286982,
        0.983472168,
        0.155427516
      ],
      [
        -0.103962407,
        -0.145670891,
        0.9838556
      ],
      [
        0.9902358,
        -0.107529089,
        0.0887157
      ]
    ],
    "translation": [
      1.320257,
      0.7211839,
      -0.748316944
    ]
  },
  {
    "timeStamp": 42199,
    "rotation": [
      [
        0.1320955,
        0.973742843,
        0.185406685
      ],
      [
        -0.109554112,
        -0.171557963,
        0.9790637
      ],
      [
        0.9851643,
        -0.149642,
        0.0840154961
      ]
    ],
    "translation": [
      1.32366717,
      0.734762967,
      -0.743684
    ]
  },
  {
    "timeStamp": 42254,
    "rotation": [
      [
        0.1827331,
        0.9599377,
        0.212433964
      ],
      [
        -0.0895044357,
        -0.198932275,
        0.975917459
      ],
      [
        0.979079962,
        -0.197346225,
        0.0495671742
      ]
    ],
    "translation": [
      1.33356345,
      0.753692865,
      -0.7355658
    ]
  },
  {
    "timeStamp": 42299,
    "rotation": [
      [
        0.245848671,
        0.9390503,
        0.240297422
      ],
      [
        -0.104309008,
        -0.220836133,
        0.969716966
      ],
      [
        0.9636794,
        -0.263468832,
        0.0436591357
      ]
    ],
    "translation": [
      1.34583235,
      0.771816254,
      -0.7288262
    ]
  },
  {
    "timeStamp": 42355,
    "rotation": [
      [
        0.3254044,
        0.904698,
        0.275015444
      ],
      [
        -0.1143667,
        -0.251053452,
        0.9611932
      ],
      [
        0.9386332,
        -0.344229132,
        0.0217734315
      ]
    ],
    "translation": [
      1.367122,
      0.7967267,
      -0.720912337
    ]
  },
  {
    "timeStamp": 42399,
    "rotation": [
      [
        0.376124,
        0.876918435,
        0.299240351
      ],
      [
        -0.1260728,
        -0.2715171,
        0.954140544
      ],
      [
        0.9179523,
        -0.3966012,
        0.008431458
      ]
    ],
    "translation": [
      1.38727081,
      0.8174613,
      -0.718676
    ]
  },
  {
    "timeStamp": 42454,
    "rotation": [
      [
        0.414200783,
        0.849461734,
        0.326883048
      ],
      [
        -0.132351533,
        -0.299110353,
        0.9449953
      ],
      [
        0.9005114,
        -0.434681267,
        -0.0114641935
      ]
    ],
    "translation": [
      1.4131161,
      0.846397758,
      -0.72219646
    ]
  },
  {
    "timeStamp": 42499,
    "rotation": [
      [
        0.4206367,
        0.8409898,
        0.340295255
      ],
      [
        -0.118935674,
        -0.320737451,
        0.9396711
      ],
      [
        0.89939934,
        -0.4357334,
        -0.0348902419
      ]
    ],
    "translation": [
      1.43393183,
      0.870347857,
      -0.728026867
    ]
  },
  {
    "timeStamp": 42555,
    "rotation": [
      [
        0.447868139,
        0.8217807,
        0.352264881
      ],
      [
        -0.103990048,
        -0.3434376,
        0.9334006
      ],
      [
        0.8880316,
        -0.454672456,
        -0.06835776
      ]
    ],
    "translation": [
      1.46100378,
      0.901539266,
      -0.7314338
    ]
  },
  {
    "timeStamp": 42600,
    "rotation": [
      [
        0.479434669,
        0.7955756,
        0.3704077
      ],
      [
        -0.104155995,
        -0.367511332,
        0.9241682
      ],
      [
        0.8713748,
        -0.4816585,
        -0.0933337
      ]
    ],
    "translation": [
      1.48267519,
      0.9288392,
      -0.7320348
    ]
  },
  {
    "timeStamp": 42645,
    "rotation": [
      [
        0.5128081,
        0.7679384,
        0.3837948
      ],
      [
        -0.084078446,
        -0.399977565,
        0.912660241
      ],
      [
        0.8543762,
        -0.5002884,
        -0.140544668
      ]
    ],
    "translation": [
      1.50550485,
      0.958478451,
      -0.7287721
    ]
  },
  {
    "timeStamp": 42700,
    "rotation": [
      [
        0.5572365,
        0.7290155,
        0.397522181
      ],
      [
        -0.06787824,
        -0.4371434,
        0.896826744
      ],
      [
        0.827574849,
        -0.5267277,
        -0.19410795
      ]
    ],
    "translation": [
      1.53597307,
      0.995480955,
      -0.7234419
    ]
  },
  {
    "timeStamp": 42755,
    "rotation": [
      [
        0.6138152,
        0.6807265,
        0.399802864
      ],
      [
        -0.0412247144,
        -0.478102535,
        0.877336
      ],
      [
        0.788372636,
        -0.555003941,
        -0.265403867
      ]
    ],
    "translation": [
      1.570167,
      1.03210056,
      -0.7125958
    ]
  },
  {
    "timeStamp": 42800,
    "rotation": [
      [
        0.666849136,
        0.6269027,
        0.402871281
      ],
      [
        -0.042336978,
        -0.507881641,
        0.860385835
      ],
      [
        0.7439891,
        -0.5908039,
        -0.312139273
      ]
    ],
    "translation": [
      1.60087311,
      1.06034553,
      -0.7046516
    ]
  },
  {
    "timeStamp": 42845,
    "rotation": [
      [
        0.7061925,
        0.594733953,
        0.384166181
      ],
      [
        -0.009266544,
        -0.5347821,
        0.8449392
      ],
      [
        0.707959235,
        -0.6002496,
        -0.372147977
      ]
    ],
    "translation": [
      1.633444,
      1.08482409,
      -0.69771874
    ]
  },
  {
    "timeStamp": 42900,
    "rotation": [
      [
        0.7601919,
        0.5438504,
        0.3554361
      ],
      [
        0.024453152,
        -0.570641339,
        0.820835233
      ],
      [
        0.649238169,
        -0.6153008,
        -0.4470958
      ]
    ],
    "translation": [
      1.67689335,
      1.11164975,
      -0.692006648
    ]
  },
  {
    "timeStamp": 42955,
    "rotation": [
      [
        0.8167245,
        0.47247228,
        0.3312568
      ],
      [
        0.0140431747,
        -0.590179265,
        0.807150066
      ],
      [
        0.5768569,
        -0.6545673,
        -0.4886489
      ]
    ],
    "translation": [
      1.7237885,
      1.13100517,
      -0.6877781
    ]
  },
  {
    "timeStamp": 43000,
    "rotation": [
      [
        0.856551766,
        0.4273188,
        0.2893401
      ],
      [
        0.0344002843,
        -0.6067019,
        0.794184744
      ],
      [
        0.514913261,
        -0.670307,
        -0.5343715
      ]
    ],
    "translation": [
      1.76221454,
      1.14364529,
      -0.6866565
    ]
  },
  {
    "timeStamp": 43055,
    "rotation": [
      [
        0.892784536,
        0.369537622,
        0.257638723
      ],
      [
        0.0331211127,
        -0.624213338,
        0.780551553
      ],
      [
        0.449264675,
        -0.688331068,
        -0.5695275
      ]
    ],
    "translation": [
      1.80834746,
      1.15495348,
      -0.6869517
    ]
  },
  {
    "timeStamp": 43100,
    "rotation": [
      [
        0.916271865,
        0.336593181,
        0.217142716
      ],
      [
        0.0468840562,
        -0.628496766,
        0.776397943
      ],
      [
        0.397803724,
        -0.701211035,
        -0.591654658
      ]
    ],
    "translation": [
      1.84270155,
      1.15787649,
      -0.6882739
    ]
  },
  {
    "timeStamp": 43155,
    "rotation": [
      [
        0.941052556,
        0.285117,
        0.182011947
      ],
      [
        0.0401840732,
        -0.628502,
        0.7767692
      ],
      [
        0.335865,
        -0.723666668,
        -0.6029106
      ]
    ],
    "translation": [
      1.88379073,
      1.15641177,
      -0.689994931
    ]
  },
  {
    "timeStamp": 43199,
    "rotation": [
      [
        0.953242362,
        0.261643738,
        0.151233315
      ],
      [
        0.0458425842,
        -0.6198301,
        0.783395946
      ],
      [
        0.2987096,
        -0.7398333,
        -0.6028427
      ]
    ],
    "translation": [
      1.91161525,
      1.1516608,
      -0.6917826
    ]
  },
  {
    "timeStamp": 43255,
    "rotation": [
      [
        0.9669422,
        0.220834941,
        0.127493665
      ],
      [
        0.03940683,
        -0.623389542,
        0.780917764
      ],
      [
        0.251932144,
        -0.7500782,
        -0.6114841
      ]
    ],
    "translation": [
      1.94386232,
      1.1494509,
      -0.6923794
    ]
  },
  {
    "timeStamp": 43300,
    "rotation": [
      [
        0.9754399,
        0.1839442,
        0.12116722
      ],
      [
        0.0204722844,
        -0.6234257,
        0.781614542
      ],
      [
        0.219312221,
        -0.759937465,
        -0.6118801
      ]
    ],
    "translation": [
      1.96688259,
      1.14818788,
      -0.6920704
    ]
  },
  {
    "timeStamp": 43355,
    "rotation": [
      [
        0.9804444,
        0.167076275,
        0.1039921
      ],
      [
        0.023676252,
        -0.6247285,
        0.780483
      ],
      [
        0.195367008,
        -0.762758,
        -0.6164673
      ]
    ],
    "translation": [
      1.9920125,
      1.14663076,
      -0.690144956
    ]
  },
  {
    "timeStamp": 43399,
    "rotation": [
      [
        0.9841358,
        0.1533042,
        0.08930035
      ],
      [
        0.0256058145,
        -0.620798647,
        0.783551753
      ],
      [
        0.175559327,
        -0.76883477,
        -0.6148757
      ]
    ],
    "translation": [
      2.01138878,
      1.14445937,
      -0.6875379
    ]
  },
  {
    "timeStamp": 43455,
    "rotation": [
      [
        0.9888479,
        0.130534068,
        0.07169795
      ],
      [
        0.024790911,
        -0.618982434,
        0.7850135
      ],
      [
        0.146850765,
        -0.774481535,
        -0.615315557
      ]
    ],
    "translation": [
      2.03678036,
      1.14186311,
      -0.6830057
    ]
  },
  {
    "timeStamp": 43499,
    "rotation": [
      [
        0.991984844,
        0.11260578,
        0.05732314
      ],
      [
        0.0241380725,
        -0.6141844,
        0.7887933
      ],
      [
        0.124029666,
        -0.781087339,
        -0.6119797
      ]
    ],
    "translation": [
      2.05698824,
      1.13937569,
      -0.678566158
    ]
  },
  {
    "timeStamp": 43555,
    "rotation": [
      [
        0.995107234,
        0.09300391,
        0.0333446972
      ],
      [
        0.0287409648,
        -0.595389664,
        0.802922845
      ],
      [
        0.09452806,
        -0.798036,
        -0.5951495
      ]
    ],
    "translation": [
      2.08175826,
      1.132117,
      -0.674461246
    ]
  },
  {
    "timeStamp": 43599,
    "rotation": [
      [
        0.9956249,
        0.0888793543,
        0.0288360212
      ],
      [
        0.0262872335,
        -0.562565267,
        0.8263349
      ],
      [
        0.08966625,
        -0.8219616,
        -0.562440336
      ]
    ],
    "translation": [
      2.09585357,
      1.12222576,
      -0.6730273
    ]
  },
  {
    "timeStamp": 43655,
    "rotation": [
      [
        0.995081663,
        0.0929130837,
        0.0343466178
      ],
      [
        0.02014232,
        -0.5292738,
        0.848211944
      ],
      [
        0.09698875,
        -0.8433483,
        -0.528542161
      ]
    ],
    "translation": [
      2.10437822,
      1.1086309,
      -0.674929857
    ]
  },
  {
    "timeStamp": 43700,
    "rotation": [
      [
        0.9935813,
        0.100605242,
        0.0517179631
      ],
      [
        0.00498339,
        -0.495679826,
        0.868491054
      ],
      [
        0.1130103,
        -0.862658739,
        -0.492999583
      ]
    ],
    "translation": [
      2.10469961,
      1.09410179,
      -0.6785656
    ]
  },
  {
    "timeStamp": 43755,
    "rotation": [
      [
        0.990410149,
        0.121576272,
        0.06562681
      ],
      [
        -0.005868759,
        -0.437561721,
        0.8991692
      ],
      [
        0.13803342,
        -0.8909315,
        -0.4326521
      ]
    ],
    "translation": [
      2.10196161,
      1.06824589,
      -0.68802017
    ]
  },
  {
    "timeStamp": 43799,
    "rotation": [
      [
        0.990641356,
        0.11725229,
        0.06986888
      ],
      [
        -0.0172300525,
        -0.400371224,
        0.916191041
      ],
      [
        0.135398984,
        -0.90882057,
        -0.394604
      ]
    ],
    "translation": [
      2.10224533,
      1.0488255,
      -0.694034755
    ]
  },
  {
    "timeStamp": 43855,
    "rotation": [
      [
        0.9887904,
        0.118528515,
        0.09079945
      ],
      [
        -0.0435163043,
        -0.352954656,
        0.9346279
      ],
      [
        0.142828152,
        -0.9281023,
        -0.343840271
      ]
    ],
    "translation": [
      2.09719944,
      1.0225358,
      -0.7040644
    ]
  },
  {
    "timeStamp": 43899,
    "rotation": [
      [
        0.9856442,
        0.154176787,
        0.0688106939
      ],
      [
        -0.02055838,
        -0.294930458,
        0.9552975
      ],
      [
        0.167579085,
        -0.9429981,
        -0.2875269
      ]
    ],
    "translation": [
      2.093778,
      0.9971833,
      -0.713207841
    ]
  },
  {
    "timeStamp": 43948,
    "rotation": [
      [
        0.9837641,
        0.151075915,
        0.0968717858
      ],
      [
        -0.05614699,
        -0.253592819,
        0.9656802
      ],
      [
        0.170456991,
        -0.9554406,
        -0.240993053
      ]
    ],
    "translation": [
      2.0886867,
      0.9778944,
      -0.7208928
    ]
  },
  {
    "timeStamp": 44005,
    "rotation": [
      [
        0.9684757,
        0.236942172,
        0.076898
      ],
      [
        -0.02871566,
        -0.200447723,
        0.979283452
      ],
      [
        0.2474476,
        -0.950620353,
        -0.187324792
      ]
    ],
    "translation": [
      2.08198881,
      0.95342,
      -0.729759
    ]
  },
  {
    "timeStamp": 44050,
    "rotation": [
      [
        0.954834,
        0.286498666,
        0.0788078159
      ],
      [
        -0.0280445125,
        -0.177146,
        0.9837849
      ],
      [
        0.29581356,
        -0.9415614,
        -0.1611103
      ]
    ],
    "translation": [
      2.07976937,
      0.944091439,
      -0.729602337
    ]
  },
  {
    "timeStamp": 44105,
    "rotation": [
      [
        0.9213193,
        0.377741575,
        0.09209723
      ],
      [
        -0.0460714959,
        -0.129138231,
        0.990555763
      ],
      [
        0.386067361,
        -0.916861236,
        -0.101574428
      ]
    ],
    "translation": [
      2.07642174,
      0.934253335,
      -0.7323005
    ]
  },
  {
    "timeStamp": 44149,
    "rotation": [
      [
        0.880580544,
        0.470837176,
        0.0537618622
      ],
      [
        -0.008063608,
        -0.09854315,
        0.9951001
      ],
      [
        0.473828018,
        -0.876699269,
        -0.08297853
      ]
    ],
    "translation": [
      2.079165,
      0.9287556,
      -0.7311813
    ]
  },
  {
    "timeStamp": 44205,
    "rotation": [
      [
        0.8463244,
        0.5296199,
        0.0569010973
      ],
      [
        -0.03336009,
        -0.05391257,
        0.9979882
      ],
      [
        0.5316221,
        -0.846520066,
        -0.0279593579
      ]
    ],
    "translation": [
      2.08334231,
      0.927708566,
      -0.73132
    ]
  },
  {
    "timeStamp": 44249,
    "rotation": [
      [
        0.8150491,
        0.5780851,
        0.03889253
      ],
      [
        -0.0274625383,
        -0.0285057276,
        0.9992163
      ],
      [
        0.5787408,
        -0.815478444,
        -0.007357881
      ]
    ],
    "translation": [
      2.08661079,
      0.9285703,
      -0.728548348
    ]
  },
  {
    "timeStamp": 44305,
    "rotation": [
      [
        0.7621904,
        0.6472457,
        0.0117773684
      ],
      [
        -0.0232507382,
        0.009189405,
        0.999687433
      ],
      [
        0.646935165,
        -0.762226,
        0.0220530182
      ]
    ],
    "translation": [
      2.09247112,
      0.9266615,
      -0.7280858
    ]
  },
  {
    "timeStamp": 44349,
    "rotation": [
      [
        0.6976691,
        0.716380358,
        -0.00754916156
      ],
      [
        -0.0253263842,
        0.035192892,
        0.999059558
      ],
      [
        0.7159723,
        -0.6968218,
        0.0426963158
      ]
    ],
    "translation": [
      2.097021,
      0.9231199,
      -0.729637444
    ]
  },
  {
    "timeStamp": 44395,
    "rotation": [
      [
        0.613952,
        0.7893283,
        0.004881647
      ],
      [
        -0.04331123,
        0.0275117476,
        0.998682737
      ],
      [
        0.788154244,
        -0.6133547,
        0.0510776751
      ]
    ],
    "translation": [
      2.09611988,
      0.9202492,
      -0.7335886
    ]
  },
  {
    "timeStamp": 44452,
    "rotation": [
      [
        0.5621453,
        0.8267975,
        0.0199652668
      ],
      [
        -0.119814053,
        0.0575289242,
        0.991128147
      ],
      [
        0.818313658,
        -0.559550166,
        0.131401569
      ]
    ],
    "translation": [
      2.09696,
      0.9118488,
      -0.742542148
    ]
  },
  {
    "timeStamp": 44497,
    "rotation": [
      [
        0.5063872,
        0.8597111,
        -0.0668491647
      ],
      [
        -0.106861033,
        0.139491126,
        0.984440446
      ],
      [
        0.855659246,
        -0.491364449,
        0.162506133
      ]
    ],
    "translation": [
      2.108088,
      0.897132754,
      -0.7485483
    ]
  },
  {
    "timeStamp": 44554,
    "rotation": [
      [
        0.453212649,
        0.8859667,
        -0.09829185
      ],
      [
        -0.13601388,
        0.177706733,
        0.9746387
      ],
      [
        0.8809646,
        -0.428349555,
        0.201042712
      ]
    ],
    "translation": [
      2.11085248,
      0.8852171,
      -0.754295766
    ]
  },
  {
    "timeStamp": 44599,
    "rotation": [
      [
        0.447033435,
        0.8874542,
        -0.112187885
      ],
      [
        -0.1688423,
        0.206875235,
        0.9636882
      ],
      [
        0.878438056,
        -0.4118588,
        0.242319956
      ]
    ],
    "translation": [
      2.11245441,
      0.8750268,
      -0.757237136
    ]
  },
  {
    "timeStamp": 44648,
    "rotation": [
      [
        0.4375713,
        0.887369,
        -0.1452847
      ],
      [
        -0.1728593,
        0.24157384,
        0.9548622
      ],
      [
        0.8824121,
        -0.392706484,
        0.259095758
      ]
    ],
    "translation": [
      2.117734,
      0.862827837,
      -0.7564022
    ]
  },
  {
    "timeStamp": 44697,
    "rotation": [
      [
        0.451728135,
        0.877686441,
        -0.160025671
      ],
      [
        -0.185909659,
        0.268037647,
        0.9453007
      ],
      [
        0.8725705,
        -0.3972686,
        0.284250528
      ]
    ],
    "translation": [
      2.12059951,
      0.84916544,
      -0.7523767
    ]
  },
  {
    "timeStamp": 44753,
    "rotation": [
      [
        0.47119084,
        0.8689502,
        -0.151343
      ],
      [
        -0.202711552,
        0.273676425,
        0.9402177
      ],
      [
        0.8584213,
        -0.412343,
        0.305100083
      ]
    ],
    "translation": [
      2.1177454,
      0.83890444,
      -0.7478343
    ]
  },
  {
    "timeStamp": 44797,
    "rotation": [
      [
        0.470356524,
        0.8707644,
        -0.14329724
      ],
      [
        -0.211641833,
        0.268948972,
        0.9396138
      ],
      [
        0.8567219,
        -0.4116258,
        0.3107921
      ]
    ],
    "translation": [
      2.11271954,
      0.831744432,
      -0.7462503
    ]
  },
  {
    "timeStamp": 44853,
    "rotation": [
      [
        0.456804,
        0.8766583,
        -0.150997564
      ],
      [
        -0.222556591,
        0.276971668,
        0.934748769
      ],
      [
        0.861277342,
        -0.3933915,
        0.321627855
      ]
    ],
    "translation": [
      2.10809541,
      0.822208047,
      -0.747941
    ]
  },
  {
    "timeStamp": 44897,
    "rotation": [
      [
        0.435882449,
        0.8853921,
        -0.161515608
      ],
      [
        -0.24298507,
        0.288566858,
        0.926114142
      ],
      [
        0.8665822,
        -0.364431,
        0.340918273
      ]
    ],
    "translation": [
      2.10482669,
      0.8156799,
      -0.7534417
    ]
  },
  {
    "timeStamp": 44952,
    "rotation": [
      [
        0.412411958,
        0.893491,
        -0.177736133
      ],
      [
        -0.251126766,
        0.299042732,
        0.9206024
      ],
      [
        0.875700653,
        -0.335033119,
        0.3477083
      ]
    ],
    "translation": [
      2.101182,
      0.807299,
      -0.756869435
    ]
  },
  {
    "timeStamp": 44997,
    "rotation": [
      [
        0.375175059,
        0.9161869,
        -0.14087294
      ],
      [
        -0.279939651,
        0.2568647,
        0.925015867
      ],
      [
        0.8836727,
        -0.307607,
        0.3528463
      ]
    ],
    "translation": [
      2.09702945,
      0.80134815,
      -0.75669086
    ]
  },
  {
    "timeStamp": 45053,
    "rotation": [
      [
        0.324254572,
        0.94494164,
        -0.04409422
      ],
      [
        -0.336494684,
        0.158780515,
        0.928202569
      ],
      [
        0.88409853,
        -0.286136448,
        0.369453162
      ]
    ],
    "translation": [
      2.09007549,
      0.7964921,
      -0.759019434
    ]
  },
  {
    "timeStamp": 45098,
    "rotation": [
      [
        0.287148833,
        0.9570333,
        0.04040842
      ],
      [
        -0.3363868,
        0.0612518676,
        0.9397298
      ],
      [
        0.896877646,
        -0.283435166,
        0.339521766
      ]
    ],
    "translation": [
      2.08810925,
      0.7931096,
      -0.7579379
    ]
  },
  {
    "timeStamp": 45154,
    "rotation": [
      [
        0.176004514,
        0.968,
        0.17888096
      ],
      [
        -0.315825254,
        -0.116583265,
        0.941627741
      ],
      [
        0.932350159,
        -0.22222583,
        0.285199672
      ]
    ],
    "translation": [
      2.08526874,
      0.787789,
      -0.755665243
    ]
  },
  {
    "timeStamp": 45198,
    "rotation": [
      [
        0.208847791,
        0.9441768,
        0.254779816
      ],
      [
        -0.3077686,
        -0.183830708,
        0.9335335
      ],
      [
        0.928257,
        -0.273379624,
        0.252195358
      ]
    ],
    "translation": [
      2.083153,
      0.785705,
      -0.756053865
    ]
  },
  {
    "timeStamp": 45254,
    "rotation": [
      [
        0.146194473,
        0.9235618,
        0.354486734
      ],
      [
        -0.293584943,
        -0.3016875,
        0.90707916
      ],
      [
        0.944687843,
        -0.2366819,
        0.227038771
      ]
    ],
    "translation": [
      2.081301,
      0.7828627,
      -0.754699349
    ]
  },
  {
    "timeStamp": 45299,
    "rotation": [
      [
        0.102549486,
        0.881663859,
        0.460600048
      ],
      [
        -0.310649753,
        -0.41149652,
        0.856835663
      ],
      [
        0.9449764,
        -0.230953351,
        0.2316899
      ]
    ],
    "translation": [
      2.07946539,
      0.7810451,
      -0.7546054
    ]
  },
  {
    "timeStamp": 45354,
    "rotation": [
      [
        0.109493524,
        0.889437556,
        0.4437477
      ],
      [
        -0.322920352,
        -0.390386164,
        0.8621607
      ],
      [
        0.940071046,
        -0.237696186,
        0.244472727
      ]
    ],
    "translation": [
      2.079822,
      0.781611145,
      -0.754964
    ]
  },
  {
    "timeStamp": 45398,
    "rotation": [
      [
        0.106681712,
        0.8819315,
        0.459146917
      ],
      [
        -0.337219775,
        -0.40231967,
        0.851129651
      ],
      [
        0.935361862,
        -0.2456334,
        0.254484564
      ]
    ],
    "translation": [
      2.07945061,
      0.781757355,
      -0.755362868
    ]
  },
  {
    "timeStamp": 45454,
    "rotation": [
      [
        0.1400005,
        0.876990557,
        0.4596601
      ],
      [
        -0.348956823,
        -0.3907454,
        0.851790547
      ],
      [
        0.926622331,
        -0.279652655,
        0.251327276
      ]
    ],
    "translation": [
      2.07886147,
      0.7821987,
      -0.756040156
    ]
  },
  {
    "timeStamp": 45499,
    "rotation": [
      [
        0.18975234,
        0.8651732,
        0.464186728
      ],
      [
        -0.338764846,
        -0.386051357,
        0.8580226
      ],
      [
        0.921538055,
        -0.320061952,
        0.219836116
      ]
    ],
    "translation": [
      2.07783532,
      0.781927,
      -0.7563743
    ]
  },
  {
    "timeStamp": 45554,
    "rotation": [
      [
        0.2629915,
        0.8513001,
        0.45400846
      ],
      [
        -0.315329283,
        -0.368887335,
        0.874350965
      ],
      [
        0.911813,
        -0.373108983,
        0.171425626
      ]
    ],
    "translation": [
      2.07693,
      0.7816451,
      -0.756526768
    ]
  },
  {
    "timeStamp": 45599,
    "rotation": [
      [
        0.2295932,
        0.8587267,
        0.458121568
      ],
      [
        -0.273200065,
        -0.394910753,
        0.8771586
      ],
      [
        0.9341566,
        -0.326548517,
        0.143935353
      ]
    ],
    "translation": [
      2.077228,
      0.7803378,
      -0.755045056
    ]
  },
  {
    "timeStamp": 45654,
    "rotation": [
      [
        0.261946738,
        0.8751636,
        0.4067831
      ],
      [
        -0.2601961,
        -0.341849178,
        0.903015554
      ],
      [
        0.9293449,
        -0.342385381,
        0.138167888
      ]
    ],
    "translation": [
      2.078385,
      0.7808856,
      -0.755326748
    ]
  },
  {
    "timeStamp": 45699,
    "rotation": [
      [
        0.2725884,
        0.8968311,
        0.34841007
      ],
      [
        -0.218822524,
        -0.294844747,
        0.9301523
      ],
      [
        0.936916351,
        -0.329788685,
        0.115875565
      ]
    ],
    "translation": [
      2.07994223,
      0.7807423,
      -0.75464
    ]
  },
  {
    "timeStamp": 45754,
    "rotation": [
      [
        0.243758827,
        0.9283608,
        0.2805848
      ],
      [
        -0.163426355,
        -0.245855466,
        0.9554302
      ],
      [
        0.9559673,
        -0.278749526,
        0.09178918
      ]
    ],
    "translation": [
      2.08210039,
      0.7805389,
      -0.753058255
    ]
  },
  {
    "timeStamp": 45798,
    "rotation": [
      [
        0.2620471,
        0.9379663,
        0.227047652
      ],
      [
        -0.164728835,
        -0.1883421,
        0.9681899
      ],
      [
        0.9508921,
        -0.291112661,
        0.105155595
      ]
    ],
    "translation": [
      2.0832653,
      0.7814546,
      -0.753553748
    ]
  },
  {
    "timeStamp": 45854,
    "rotation": [
      [
        0.2376597,
        0.952047467,
        0.192674816
      ],
      [
        -0.1901745,
        -0.14891386,
        0.9703908
      ],
      [
        0.952550054,
        -0.267264634,
        0.145664334
      ]
    ],
    "translation": [
      2.08438659,
      0.7827446,
      -0.7538808
    ]
  },
  {
    "timeStamp": 45898,
    "rotation": [
      [
        0.226631835,
        0.970015466,
        0.08779559
      ],
      [
        -0.218628243,
        -0.03717605,
        0.9750998
      ],
      [
        0.949125767,
        -0.240183264,
        0.2036475
      ]
    ],
    "translation": [
      2.08741617,
      0.7844866,
      -0.754736245
    ]
  },
  {
    "timeStamp": 45954,
    "rotation": [
      [
        0.239623323,
        0.9410491,
        -0.2387619
      ],
      [
        -0.254290581,
        0.2981762,
        0.9200148
      ],
      [
        0.9369722,
        -0.159742087,
        0.3107499
      ]
    ],
    "translation": [
      2.11634612,
      0.79134804,
      -0.7613763
    ]
  },
  {
    "timeStamp": 45998,
    "rotation": [
      [
        0.239692628,
        0.921266,
        -0.3062946
      ],
      [
        -0.260201037,
        0.364909351,
        0.8939444
      ],
      [
        0.935330331,
        -0.1345737,
        0.327180445
      ]
    ],
    "translation": [
      2.12707973,
      0.796574831,
      -0.7636802
    ]
  },
  {
    "timeStamp": 46054,
    "rotation": [
      [
        0.2210693,
        0.920214832,
        -0.3230064
      ],
      [
        -0.2692955,
        0.375922233,
        0.886658
      ],
      [
        0.9373411,
        -0.109028704,
        0.3309146
      ]
    ],
    "translation": [
      2.13256741,
      0.7980861,
      -0.767685652
    ]
  },
  {
    "timeStamp": 46098,
    "rotation": [
      [
        0.22714147,
        0.9165399,
        -0.329182923
      ],
      [
        -0.261767119,
        0.3830387,
        0.8858664
      ],
      [
        0.9380217,
        -0.115047723,
        0.326924
      ]
    ],
    "translation": [
      2.136909,
      0.797708631,
      -0.767057836
    ]
  },
  {
    "timeStamp": 46154,
    "rotation": [
      [
        0.2443043,
        0.9159946,
        -0.3182284
      ],
      [
        -0.2502827,
        0.376616746,
        0.891918361
      ],
      [
        0.9368425,
        -0.1382524,
        0.321266681
      ]
    ],
    "translation": [
      2.13792944,
      0.7968094,
      -0.7628879
    ]
  },
  {
    "timeStamp": 46198,
    "rotation": [
      [
        0.246323451,
        0.9214406,
        -0.300452918
      ],
      [
        -0.258989185,
        0.361311972,
        0.8957557
      ],
      [
        0.9339429,
        -0.1428316,
        0.327642769
      ]
    ],
    "translation": [
      2.13395762,
      0.796887159,
      -0.764825165
    ]
  },
  {
    "timeStamp": 46254,
    "rotation": [
      [
        0.2335292,
        0.929015636,
        -0.28704378
      ],
      [
        -0.271338642,
        0.3457424,
        0.898241341
      ],
      [
        0.93372345,
        -0.1318795,
        0.332818747
      ]
    ],
    "translation": [
      2.12756133,
      0.7957378,
      -0.770371139
    ]
  },
  {
    "timeStamp": 46298,
    "rotation": [
      [
        0.215241417,
        0.933230042,
        -0.28766796
      ],
      [
        -0.2765904,
        0.340768069,
        0.898540437
      ],
      [
        0.936572969,
        -0.113836937,
        0.331469864
      ]
    ],
    "translation": [
      2.12464643,
      0.793760955,
      -0.7751428
    ]
  },
  {
    "timeStamp": 46354,
    "rotation": [
      [
        0.208386719,
        0.937626541,
        -0.278265178
      ],
      [
        -0.2860202,
        0.3304956,
        0.8994249
      ],
      [
        0.935290039,
        -0.107838765,
        0.337051
      ]
    ],
    "translation": [
      2.12012434,
      0.7905439,
      -0.780129
    ]
  },
  {
    "timeStamp": 46398,
    "rotation": [
      [
        0.205995247,
        0.9400461,
        -0.2718077
      ],
      [
        -0.2913144,
        0.3240824,
        0.900059164
      ],
      [
        0.934185147,
        -0.1062264,
        0.340608358
      ]
    ],
    "translation": [
      2.1170013,
      0.787265837,
      -0.7835115
    ]
  },
  {
    "timeStamp": 46454,
    "rotation": [
      [
        0.199992433,
        0.943648338,
        -0.263686925
      ],
      [
        -0.300839245,
        0.3152647,
        0.900057733
      ],
      [
        0.9324691,
        -0.100677364,
        0.346937031
      ]
    ],
    "translation": [
      2.11346459,
      0.7832762,
      -0.788332462
    ]
  },
  {
    "timeStamp": 46498,
    "rotation": [
      [
        0.2026715,
        0.943921268,
        -0.2606472
      ],
      [
        -0.3097591,
        0.314300656,
        0.8973653
      ],
      [
        0.9289637,
        -0.101132549,
        0.356088
      ]
    ],
    "translation": [
      2.11180282,
      0.7798601,
      -0.7916303
    ]
  },
  {
    "timeStamp": 46554,
    "rotation": [
      [
        0.195399046,
        0.9424063,
        -0.271458238
      ],
      [
        -0.318072468,
        0.322728574,
        0.8914461
      ],
      [
        0.9277117,
        -0.0878443345,
        0.362814367
      ]
    ],
    "translation": [
      2.11298275,
      0.774732649,
      -0.79675144
    ]
  },
  {
    "timeStamp": 46598,
    "rotation": [
      [
        0.193178117,
        0.94025,
        -0.28037864
      ],
      [
        -0.3229105,
        0.330767721,
        0.8867477
      ],
      [
        0.926504731,
        -0.08076305,
        0.3675137
      ]
    ],
    "translation": [
      2.11476135,
      0.770158947,
      -0.799972534
    ]
  },
  {
    "timeStamp": 46654,
    "rotation": [
      [
        0.187978625,
        0.9378154,
        -0.291832626
      ],
      [
        -0.3257414,
        0.339840531,
        0.882270336
      ],
      [
        0.9265833,
        -0.070786,
        0.369368076
      ]
    ],
    "translation": [
      2.11662555,
      0.7634341,
      -0.803757548
    ]
  },
  {
    "timeStamp": 46698,
    "rotation": [
      [
        0.176986381,
        0.9355196,
        -0.305743456
      ],
      [
        -0.3291052,
        0.34901914,
        0.877425432
      ],
      [
        0.927558959,
        -0.0546705872,
        0.369655967
      ]
    ],
    "translation": [
      2.11816978,
      0.7583868,
      -0.807805061
    ]
  },
  {
    "timeStamp": 46753,
    "rotation": [
      [
        0.166912332,
        0.9339309,
        -0.316090733
      ],
      [
        -0.333545327,
        0.3551713,
        0.8732702
      ],
      [
        0.9278404,
        -0.04032898,
        0.37079078
      ]
    ],
    "translation": [
      2.118273,
      0.7533949,
      -0.8119016
    ]
  },
  {
    "timeStamp": 46798,
    "rotation": [
      [
        0.160471827,
        0.93487376,
        -0.31663835
      ],
      [
        -0.33420226,
        0.3533101,
        0.8737739
      ],
      [
        0.9287398,
        -0.03439483,
        0.369133234
      ]
    ],
    "translation": [
      2.11621141,
      0.7505746,
      -0.8133384
    ]
  },
  {
    "timeStamp": 46854,
    "rotation": [
      [
        0.15462929,
        0.9352511,
        -0.3184262
      ],
      [
        -0.3229197,
        0.3524442,
        0.878354132
      ],
      [
        0.9337091,
        -0.03299319,
        0.356509179
      ]
    ],
    "translation": [
      2.11343122,
      0.746516466,
      -0.8125828
    ]
  },
  {
    "timeStamp": 46898,
    "rotation": [
      [
        0.151472569,
        0.9345854,
        -0.3218791
      ],
      [
        -0.3251066,
        0.354623556,
        0.8766686
      ],
      [
        0.933467567,
        -0.0281462111,
        0.357555628
      ]
    ],
    "translation": [
      2.11163354,
      0.744552553,
      -0.8139247
    ]
  },
  {
    "timeStamp": 46953,
    "rotation": [
      [
        0.142311424,
        0.9309878,
        -0.3361684
      ],
      [
        -0.330940723,
        0.364832878,
        0.870273054
      ],
      [
        0.9328589,
        -0.012597966,
        0.360021681
      ]
    ],
    "translation": [
      2.11144948,
      0.741685331,
      -0.816465
    ]
  }
]