[
  {
    "timeStamp": 36125,
    "rotation": [
      [
        -0.9999985,
        0.000584896537,
        -0.00161004753
      ],
      [
        -0.00161351764,
        -0.00598172145,
        0.9999808
      ],
      [
        0.0005752543,
        0.99998194,
        0.0059826565
      ]
    ],
    "translation": [
      1.61604893,
      0.701954842,
      -0.7500178
    ]
  },
  {
    "timeStamp": 36180,
    "rotation": [
      [
        -0.999987662,
        0.000409415428,
        -0.00494623929
      ],
      [
        -0.004954019,
        -0.0218985379,
        0.999747932
      ],
      [
        0.000301000167,
        0.999760151,
        0.0219002962
      ]
    ],
    "translation": [
      1.61605883,
      0.7027272,
      -0.750007868
    ]
  },
  {
    "timeStamp": 36225,
    "rotation": [
      [
        -0.999986947,
        0.0005294424,
        -0.00508465525
      ],
      [
        -0.005094834,
        -0.0214303322,
        0.999757349
      ],
      [
        0.0004203423,
        0.9997702,
        0.02143275
      ]
    ],
    "translation": [
      1.61604369,
      0.702694058,
      -0.7500074
    ]
  },
  {
    "timeStamp": 36280,
    "rotation": [
      [
        -0.99851197,
        0.0438936874,
        0.03235984
      ],
      [
        0.030235637,
        -0.0482240766,
        0.9983788
      ],
      [
        0.0453830473,
        0.997871637,
        0.0468251631
      ]
    ],
    "translation": [
      1.60980284,
      0.7102426,
      -0.7529912
    ]
  },
  {
    "timeStamp": 36325,
    "rotation": [
      [
        -0.995756567,
        0.066646,
        0.063459456
      ],
      [
        0.0609134547,
        -0.0395651758,
        0.997358561
      ],
      [
        0.06898077,
        0.996991932,
        0.03533765
      ]
    ],
    "translation": [
      1.60578012,
      0.725745,
      -0.744883358
    ]
  },
  {
    "timeStamp": 36380,
    "rotation": [
      [
        -0.98836726,
        0.105560914,
        0.1094859
      ],
      [
        0.105691642,
        -0.04090855,
        0.993557155
      ],
      [
        0.1093597,
        0.993571043,
        0.0292757619
      ]
    ],
    "translation": [
      1.60531032,
      0.7496896,
      -0.7363785
    ]
  },
  {
    "timeStamp": 36425,
    "rotation": [
      [
        -0.9780479,
        0.1459285,
        0.148751974
      ],
      [
        0.1459849,
        -0.0295519456,
        0.988845348
      ],
      [
        0.148696616,
        0.988853633,
        0.007599862
      ]
    ],
    "translation": [
      1.60615706,
      0.773641348,
      -0.722990334
    ]
  },
  {
    "timeStamp": 36480,
    "rotation": [
      [
        -0.9554144,
        0.222307444,
        0.1943264
      ],
      [
        0.193709075,
        -0.0247959271,
        0.9807456
      ],
      [
        0.222845554,
        0.9746613,
        -0.0193725824
      ]
    ],
    "translation": [
      1.61851287,
      0.805797338,
      -0.7061093
    ]
  },
  {
    "timeStamp": 36525,
    "rotation": [
      [
        -0.92894274,
        0.299095452,
        0.218191028
      ],
      [
        0.223396271,
        -0.0171238966,
        0.9745773
      ],
      [
        0.295227915,
        0.954069555,
        -0.05090969
      ]
    ],
    "translation": [
      1.63730407,
      0.8315009,
      -0.686724663
    ]
  },
  {
    "timeStamp": 36580,
    "rotation": [
      [
        -0.8742663,
        0.422215164,
        0.239567891
      ],
      [
        0.254348874,
        -0.0219340175,
        0.966863751
      ],
      [
        0.4134792,
        0.9062303,
        -0.08821377
      ]
    ],
    "translation": [
      1.67374074,
      0.8623458,
      -0.6653118
    ]
  },
  {
    "timeStamp": 36625,
    "rotation": [
      [
        -0.8093809,
        0.521439552,
        0.2701915
      ],
      [
        0.292575061,
        -0.040901158,
        0.955367446
      ],
      [
        0.5092175,
        0.852307439,
        -0.1194556
      ]
    ],
    "translation": [
      1.70432258,
      0.889877439,
      -0.6487652
    ]
  },
  {
    "timeStamp": 36681,
    "rotation": [
      [
        -0.732810259,
        0.636695862,
        0.240015581
      ],
      [
        0.306516975,
        -0.0060297274,
        0.951846063
      ],
      [
        0.6074837,
        0.771091461,
        -0.190739453
      ]
    ],
    "translation": [
      1.76339793,
      0.9176577,
      -0.6293877
    ]
  },
  {
    "timeStamp": 36725,
    "rotation": [
      [
        -0.656845868,
        0.7262209,
        0.202870846
      ],
      [
        0.323542476,
        0.0284280442,
        0.9457865
      ],
      [
        0.681082666,
        0.6868733,
        -0.253636152
      ]
    ],
    "translation": [
      1.82087731,
      0.9401623,
      -0.61255604
    ]
  },
  {
    "timeStamp": 36780,
    "rotation": [
      [
        -0.554586351,
        0.817396164,
        0.1558765
      ],
      [
        0.3384886,
        0.0504738428,
        0.9396158
      ],
      [
        0.760170639,
        0.5738605,
        -0.304671377
      ]
    ],
    "translation": [
      1.88882887,
      0.9618695,
      -0.60983187
    ]
  },
  {
    "timeStamp": 36825,
    "rotation": [
      [
        -0.4669346,
        0.8787588,
        0.09876796
      ],
      [
        0.349727631,
        0.08092654,
        0.9333496
      ],
      [
        0.8121962,
        0.4703551,
        -0.345113635
      ]
    ],
    "translation": [
      1.95286787,
      0.975836158,
      -0.608708
    ]
  },
  {
    "timeStamp": 36880,
    "rotation": [
      [
        -0.3595197,
        0.9316793,
        0.05214622
      ],
      [
        0.357079685,
        0.08573159,
        0.930131257
      ],
      [
        0.8621135,
        0.353020847,
        -0.36350596
      ]
    ],
    "translation": [
      2.01418257,
      0.983859539,
      -0.621549964
    ]
  },
  {
    "timeStamp": 36925,
    "rotation": [
      [
        -0.2864761,
        0.9580473,
        -0.008768511
      ],
      [
        0.3418813,
        0.110770665,
        0.933191836
      ],
      [
        0.895013154,
        0.2643394,
        -0.3592716
      ]
    ],
    "translation": [
      2.06992722,
      0.9826517,
      -0.6379212
    ]
  },
  {
    "timeStamp": 36977,
    "rotation": [
      [
        -0.2190794,
        0.974889934,
        -0.039923206
      ],
      [
        0.328009456,
        0.112123378,
        0.937996864
      ],
      [
        0.91892004,
        0.1924006,
        -0.344337016
      ]
    ],
    "translation": [
      2.11412859,
      0.974537432,
      -0.6588394
    ]
  },
  {
    "timeStamp": 37031,
    "rotation": [
      [
        -0.154557839,
        0.9875226,
        -0.0301824231
      ],
      [
        0.306461126,
        0.07696234,
        0.948766768
      ],
      [
        0.939251542,
        0.1373896,
        -0.314532429
      ]
    ],
    "translation": [
      2.137,
      0.956220031,
      -0.6789714
    ]
  },
  {
    "timeStamp": 37075,
    "rotation": [
      [
        -0.131511658,
        0.990832746,
        -0.0309067015
      ],
      [
        0.2797048,
        0.0669994,
        0.957745433
      ],
      [
        0.9510362,
        0.117309935,
        -0.285951853
      ]
    ],
    "translation": [
      2.1481297,
      0.93979466,
      -0.695680737
    ]
  },
  {
    "timeStamp": 37131,
    "rotation": [
      [
        -0.129919589,
        0.99122256,
        -0.02446902
      ],
      [
        0.278806567,
        0.0602034032,
        0.958458364
      ],
      [
        0.951518655,
        0.117700391,
        -0.284180969
      ]
    ],
    "translation": [
      2.15224028,
      0.92849195,
      -0.7005103
    ]
  },
  {
    "timeStamp": 37175,
    "rotation": [
      [
        -0.115887612,
        0.9932335,
        -0.00756788626
      ],
      [
        0.2713086,
        0.03898314,
        0.961702645
      ],
      [
        0.955490351,
        0.109396189,
        -0.273990452
      ]
    ],
    "translation": [
      2.15133762,
      0.920591533,
      -0.703671634
    ]
  },
  {
    "timeStamp": 37230,
    "rotation": [
      [
        -0.117844783,
        0.9930016,
        -0.007772318
      ],
      [
        0.278889179,
        0.04060708,
        0.9594644
      ],
      [
        0.9530653,
        0.110900253,
        -0.281722724
      ]
    ],
    "translation": [
      2.15572166,
      0.917639136,
      -0.6984163
    ]
  },
  {
    "timeStamp": 37275,
    "rotation": [
      [
        -0.11105071,
        0.993795753,
        -0.006146623
      ],
      [
        0.278194278,
        0.0370229669,
        0.959811032
      ],
      [
        0.9540837,
        0.10487774,
        -0.280579716
      ]
    ],
    "translation": [
      2.15959859,
      0.915201545,
      -0.6936332
    ]
  },
  {
    "timeStamp": 37330,
    "rotation": [
      [
        -0.122230239,
        0.992446959,
        -0.010436194
      ],
      [
        0.263760865,
        0.04261825,
        0.9636462
      ],
      [
        0.956812441,
        0.115034044,
        -0.2669779
      ]
    ],
    "translation": [
      2.16359544,
      0.9105878,
      -0.6900587
    ]
  },
  {
    "timeStamp": 37375,
    "rotation": [
      [
        -0.131900817,
        0.991261,
        0.00190812454
      ],
      [
        0.249091864,
        0.0312817767,
        0.967974544
      ],
      [
        0.9594557,
        0.128151938,
        -0.251041144
      ]
    ],
    "translation": [
      2.16060281,
      0.903350234,
      -0.691755354
    ]
  },
  {
    "timeStamp": 37432,
    "rotation": [
      [
        -0.148801148,
        0.98849684,
        -0.0270613972
      ],
      [
        0.223913968,
        0.0603364073,
        0.972739458
      ],
      [
        0.9631826,
        0.138685316,
        -0.230316356
      ]
    ],
    "translation": [
      2.16684532,
      0.891292453,
      -0.6940972
    ]
  },
  {
    "timeStamp": 37478,
    "rotation": [
      [
        -0.156443462,
        0.9872239,
        -0.0302385762
      ],
      [
        0.194691375,
        0.06083831,
        0.978975952
      ],
      [
        0.968308151,
        0.1472672,
        -0.201721743
      ]
    ],
    "translation": [
      2.17074776,
      0.877640367,
      -0.702324152
    ]
  },
  {
    "timeStamp": 37535,
    "rotation": [
      [
        -0.135169268,
        0.9908044,
        -0.006005953
      ],
      [
        0.172803655,
        0.0295423437,
        0.984513164
      ],
      [
        0.9756374,
        0.132038072,
        -0.175207824
      ]
    ],
    "translation": [
      2.16659951,
      0.863216,
      -0.71093446
    ]
  },
  {
    "timeStamp": 37579,
    "rotation": [
      [
        -0.140374556,
        0.990022,
        -0.0123028141
      ],
      [
        0.152380034,
        0.03388033,
        0.9877411
      ],
      [
        0.9783023,
        0.13677901,
        -0.155615523
      ]
    ],
    "translation": [
      2.16892719,
      0.854151964,
      -0.716059148
    ]
  },
  {
    "timeStamp": 37635,
    "rotation": [
      [
        -0.142028913,
        0.9898625,
        -1.389428E-05
      ],
      [
        0.126678482,
        0.0181901921,
        0.991777
      ],
      [
        0.9817231,
        0.140859261,
        -0.127977818
      ]
    ],
    "translation": [
      2.164919,
      0.841797948,
      -0.724893451
    ]
  },
  {
    "timeStamp": 37679,
    "rotation": [
      [
        -0.15138948,
        0.9884291,
        0.009440284
      ],
      [
        0.105974711,
        0.0067344713,
        0.994346
      ],
      [
        0.982777,
        0.151533961,
        -0.105768017
      ]
    ],
    "translation": [
      2.16014767,
      0.83135426,
      -0.731269836
    ]
  },
  {
    "timeStamp": 37736,
    "rotation": [
      [
        -0.172271684,
        0.9843007,
        -0.0384004451
      ],
      [
        0.0660109147,
        0.0504312664,
        0.996543646
      ],
      [
        0.9828352,
        0.1691414,
        -0.07366247
      ]
    ],
    "translation": [
      2.17254567,
      0.8155962,
      -0.7434429
    ]
  },
  {
    "timeStamp": 37780,
    "rotation": [
      [
        -0.14941968,
        0.98860383,
        -0.0183380712
      ],
      [
        0.035811685,
        0.0239449,
        0.999071658
      ],
      [
        0.988125145,
        0.148624256,
        -0.0389814079
      ]
    ],
    "translation": [
      2.17253733,
      0.802726865,
      -0.75478375
    ]
  },
  {
    "timeStamp": 37835,
    "rotation": [
      [
        -0.137427717,
        0.9904987,
        -0.00509062177
      ],
      [
        0.0181977656,
        0.00766331749,
        0.999805033
      ],
      [
        0.990344644,
        0.137308285,
        -0.0190780163
      ]
    ],
    "translation": [
      2.168889,
      0.7923231,
      -0.764217138
    ]
  },
  {
    "timeStamp": 37880,
    "rotation": [
      [
        -0.134681925,
        0.9908149,
        -0.0121060805
      ],
      [
        0.0172311161,
        0.0145574305,
        0.999745548
      ],
      [
        0.990739048,
        0.134439051,
        -0.01903347
      ]
    ],
    "translation": [
      2.17288828,
      0.7905121,
      -0.764192641
    ]
  },
  {
    "timeStamp": 37935,
    "rotation": [
      [
        -0.117002457,
        0.9930619,
        -0.0117674265
      ],
      [
        0.0296529569,
        0.0153367436,
        0.9994426
      ],
      [
        0.992688835,
        0.116588295,
        -0.0312416572
      ]
    ],
    "translation": [
      2.17656016,
      0.7942573,
      -0.7559932
    ]
  },
  {
    "timeStamp": 37980,
    "rotation": [
      [
        -0.112451784,
        0.9934244,
        -0.02150778
      ],
      [
        0.04292887,
        0.0264819674,
        0.9987271
      ],
      [
        0.9927294,
        0.111385331,
        -0.04562453
      ]
    ],
    "translation": [
      2.18189883,
      0.7994266,
      -0.7469748
    ]
  },
  {
    "timeStamp": 38035,
    "rotation": [
      [
        -0.116902657,
        0.992944241,
        -0.0198860783
      ],
      [
        0.0469569154,
        0.025527155,
        0.9985707
      ],
      [
        0.992032647,
        0.115801774,
        -0.04960979
      ]
    ],
    "translation": [
      2.182281,
      0.803361,
      -0.7400729
    ]
  },
  {
    "timeStamp": 38080,
    "rotation": [
      [
        -0.111283526,
        0.99376905,
        -0.0062425267
      ],
      [
        0.0436467156,
        0.0111629041,
        0.998984635
      ],
      [
        0.99282974,
        0.110898063,
        -0.044617
      ]
    ],
    "translation": [
      2.17808771,
      0.8022778,
      -0.739940464
    ]
  },
  {
    "timeStamp": 38135,
    "rotation": [
      [
        -0.113143153,
        0.9935641,
        -0.00538218347
      ],
      [
        0.0194227248,
        0.00762765063,
        0.999782264
      ],
      [
        0.993388832,
        0.113013983,
        -0.0201607384
      ]
    ],
    "translation": [
      2.17391038,
      0.794780552,
      -0.7498597
    ]
  },
  {
    "timeStamp": 38180,
    "rotation": [
      [
        -0.112699129,
        0.99352777,
        0.0141975982
      ],
      [
        -0.00188183389,
        -0.0145020224,
        0.999893069
      ],
      [
        0.993627369,
        0.112660363,
        0.00350401946
      ]
    ],
    "translation": [
      2.16610336,
      0.7859329,
      -0.7587467
    ]
  },
  {
    "timeStamp": 38235,
    "rotation": [
      [
        -0.101953134,
        0.9947799,
        0.004298483
      ],
      [
        -0.03621422,
        -0.008029593,
        0.9993118
      ],
      [
        0.9941298,
        0.101727307,
        0.03684382
      ]
    ],
    "translation": [
      2.16783047,
      0.773864746,
      -0.7731754
    ]
  },
  {
    "timeStamp": 38280,
    "rotation": [
      [
        -0.100011058,
        0.994986355,
        3.290193E-05
      ],
      [
        -0.0510361269,
        -0.00516292127,
        0.998683453
      ],
      [
        0.993676543,
        0.0998777151,
        0.0512966029
      ]
    ],
    "translation": [
      2.16824269,
      0.7658554,
      -0.7787986
    ]
  },
  {
    "timeStamp": 38336,
    "rotation": [
      [
        -0.105613187,
        0.9941364,
        -0.0232076626
      ],
      [
        -0.07616733,
        0.0151823116,
        0.9969795
      ],
      [
        0.991485953,
        0.107061841,
        0.0741172656
      ]
    ],
    "translation": [
      2.17417884,
      0.7569231,
      -0.788755357
    ]
  },
  {
    "timeStamp": 38380,
    "rotation": [
      [
        -0.1074701,
        0.9938889,
        -0.0251980927
      ],
      [
        -0.09016306,
        0.0154972952,
        0.995806456
      ],
      [
        0.99011153,
        0.109291352,
        0.08794657
      ]
    ],
    "translation": [
      2.17355847,
      0.7514207,
      -0.794085145
    ]
  },
  {
    "timeStamp": 38435,
    "rotation": [
      [
        -0.104564421,
        0.9939501,
        -0.0336064175
      ],
      [
        -0.100239009,
        0.02308639,
        0.9946955
      ],
      [
        0.989453554,
        0.107378453,
        0.09721856
      ]
    ],
    "translation": [
      2.1771183,
      0.7459892,
      -0.8001877
    ]
  },
  {
    "timeStamp": 38479,
    "rotation": [
      [
        -0.102939941,
        0.9941505,
        -0.0326815322
      ],
      [
        -0.11220675,
        0.0210403837,
        0.9934621
      ],
      [
        0.98833853,
        0.105934024,
        0.1093845
      ]
    ],
    "translation": [
      2.17676,
      0.7423661,
      -0.8042655
    ]
  },
  {
    "timeStamp": 38535,
    "rotation": [
      [
        -0.09590307,
        0.994758368,
        -0.03547385
      ],
      [
        -0.115287006,
        0.0242977552,
        0.993035
      ],
      [
        0.9886918,
        0.09932478,
        0.11235249
      ]
    ],
    "translation": [
      2.17741942,
      0.739027739,
      -0.8065617
    ]
  },
  {
    "timeStamp": 38579,
    "rotation": [
      [
        -0.09876631,
        0.9945445,
        -0.0335625224
      ],
      [
        -0.123276226,
        0.0212392267,
        0.992145061
      ],
      [
        0.987445235,
        0.102127984,
        0.120505966
      ]
    ],
    "translation": [
      2.17751884,
      0.7357976,
      -0.8098481
    ]
  },
  {
    "timeStamp": 38635,
    "rotation": [
      [
        -0.09187279,
        0.995025337,
        -0.03852351
      ],
      [
        -0.128019884,
        0.026563419,
        0.9914158
      ],
      [
        0.9875071,
        0.0960159153,
        0.124942571
      ]
    ],
    "translation": [
      2.17895555,
      0.731528342,
      -0.812451065
    ]
  },
  {
    "timeStamp": 38679,
    "rotation": [
      [
        -0.08326057,
        0.9960417,
        -0.0311217923
      ],
      [
        -0.122068189,
        0.02080114,
        0.9923037
      ],
      [
        0.9890233,
        0.0864187554,
        0.119853094
      ]
    ],
    "translation": [
      2.17874146,
      0.729714751,
      -0.812782347
    ]
  },
  {
    "timeStamp": 38735,
    "rotation": [
      [
        -0.0826445743,
        0.9961401,
        -0.02957576
      ],
      [
        -0.116790444,
        0.0197918247,
        0.9929594
      ],
      [
        0.989712,
        0.08551686,
        0.114703961
      ]
    ],
    "translation": [
      2.1787138,
      0.7291534,
      -0.8128036
    ]
  },
  {
    "timeStamp": 38779,
    "rotation": [
      [
        -0.0791566446,
        0.9965035,
        -0.0267393161
      ],
      [
        -0.1125178,
        0.0177207179,
        0.9934917
      ],
      [
        0.9904918,
        0.08165011,
        0.11072167
      ]
    ],
    "translation": [
      2.17849517,
      0.7288691,
      -0.8128885
    ]
  },
  {
    "timeStamp": 38835,
    "rotation": [
      [
        -0.07288669,
        0.9969408,
        -0.0282233562
      ],
      [
        -0.108029,
        0.020240413,
        0.993941665
      ],
      [
        0.991472244,
        0.0754940659,
        0.106223263
      ]
    ],
    "translation": [
      2.178101,
      0.728618145,
      -0.8129843
    ]
  },
  {
    "timeStamp": 38879,
    "rotation": [
      [
        -0.07106719,
        0.997166,
        -0.0246854462
      ],
      [
        -0.102764644,
        0.0172968656,
        0.9945553
      ],
      [
        0.992163658,
        0.07321704,
        0.101244174
      ]
    ],
    "translation": [
      2.17799044,
      0.728256941,
      -0.8130175
    ]
  },
  {
    "timeStamp": 38935,
    "rotation": [
      [
        -0.06507534,
        0.997673333,
        -0.0203258339
      ],
      [
        -0.09715856,
        0.0139374891,
        0.9951713
      ],
      [
        0.993139148,
        0.06673594,
        0.09602552
      ]
    ],
    "translation": [
      2.177606,
      0.7278643,
      -0.81312567
    ]
  },
  {
    "timeStamp": 38979,
    "rotation": [
      [
        -0.06317378,
        0.99780196,
        -0.0200094618
      ],
      [
        -0.0942634046,
        0.0139941815,
        0.995448947
      ],
      [
        0.9935409,
        0.06477243,
        0.09317215
      ]
    ],
    "translation": [
      2.1774857,
      0.727683842,
      -0.8131869
    ]
  },
  {
    "timeStamp": 39035,
    "rotation": [
      [
        -0.0584662035,
        0.998105645,
        -0.019151574
      ],
      [
        -0.09142464,
        0.0137503464,
        0.995717049
      ],
      [
        0.9940942,
        0.0599667281,
        0.0904475152
      ]
    ],
    "translation": [
      2.177193,
      0.7275043,
      -0.813229859
    ]
  },
  {
    "timeStamp": 39079,
    "rotation": [
      [
        -0.0584506169,
        0.997959137,
        -0.0257121287
      ],
      [
        -0.0915051848,
        0.0202918164,
        0.995597839
      ],
      [
        0.9940877,
        0.0605460964,
        0.09013237
      ]
    ],
    "translation": [
      2.17721,
      0.7276007,
      -0.813298762
    ]
  }
]