[
  {
    "timeStamp": 67977,
    "rotation": [
      [
        -0.998950243,
        -0.0260753073,
        0.0376631133
      ],
      [
        -0.0274083745,
        0.999,
        -0.035322912
      ],
      [
        -0.036704395,
        -0.0363181159,
        -0.998666
      ]
    ],
    "translation": [
      1.44148314,
      0.7315324,
      -0.6314909
    ]
  },
  {
    "timeStamp": 68033,
    "rotation": [
      [
        -0.999177635,
        -0.0384564959,
        0.0128502548
      ],
      [
        -0.0386912376,
        0.999079049,
        -0.0185474455
      ],
      [
        -0.0121251512,
        -0.0190293845,
        -0.999745369
      ]
    ],
    "translation": [
      1.44095325,
      0.733112335,
      -0.630544543
    ]
  },
  {
    "timeStamp": 68077,
    "rotation": [
      [
        -0.99892664,
        -0.04551504,
        0.008605285
      ],
      [
        -0.04568767,
        0.998733759,
        -0.02105971
      ],
      [
        -0.007635855,
        -0.0214302614,
        -0.9997412
      ]
    ],
    "translation": [
      1.44049752,
      0.7330789,
      -0.6304703
    ]
  },
  {
    "timeStamp": 68133,
    "rotation": [
      [
        -0.998371959,
        -0.05702853,
        0.001033854
      ],
      [
        -0.0570317246,
        0.9978334,
        -0.0328007936
      ],
      [
        0.000838967,
        -0.0328063555,
        -0.999461353
      ]
    ],
    "translation": [
      1.44029951,
      0.733300745,
      -0.6293072
    ]
  },
  {
    "timeStamp": 68177,
    "rotation": [
      [
        -0.996966958,
        -0.07146141,
        -0.0308242049
      ],
      [
        -0.0691953,
        0.995200336,
        -0.0691984147
      ],
      [
        0.0356212743,
        -0.06685565,
        -0.9971266
      ]
    ],
    "translation": [
      1.44558036,
      0.73467046,
      -0.6208701
    ]
  },
  {
    "timeStamp": 68232,
    "rotation": [
      [
        -0.996458054,
        -0.04391232,
        -0.07171573
      ],
      [
        -0.03924692,
        0.9970991,
        -0.06521616
      ],
      [
        0.07437148,
        -0.0621705465,
        -0.995290756
      ]
    ],
    "translation": [
      1.45138311,
      0.749159336,
      -0.614143848
    ]
  },
  {
    "timeStamp": 68277,
    "rotation": [
      [
        -0.995027542,
        -0.0261124987,
        -0.09611678
      ],
      [
        -0.0184245668,
        0.99662286,
        -0.08002102
      ],
      [
        0.0978817344,
        -0.0778522044,
        -0.9921483
      ]
    ],
    "translation": [
      1.457044,
      0.7651241,
      -0.6082997
    ]
  },
  {
    "timeStamp": 68332,
    "rotation": [
      [
        -0.9905722,
        0.009383644,
        -0.136669651
      ],
      [
        0.0209544525,
        0.9962898,
        -0.0834718645
      ],
      [
        0.1353793,
        -0.08554874,
        -0.9870936
      ]
    ],
    "translation": [
      1.46593821,
      0.7888582,
      -0.6007328
    ]
  },
  {
    "timeStamp": 68377,
    "rotation": [
      [
        -0.986756861,
        0.0230663922,
        -0.160558119
      ],
      [
        0.0396267958,
        0.994125545,
        -0.1007182
      ],
      [
        0.15729171,
        -0.105746776,
        -0.9818742
      ]
    ],
    "translation": [
      1.47444093,
      0.8087841,
      -0.5957405
    ]
  },
  {
    "timeStamp": 68432,
    "rotation": [
      [
        -0.975633562,
        0.0694270357,
        -0.208132029
      ],
      [
        0.0931094,
        0.989972651,
        -0.106229641
      ],
      [
        0.1986698,
        -0.123020254,
        -0.9723149
      ]
    ],
    "translation": [
      1.48744619,
      0.8408334,
      -0.588084
    ]
  },
  {
    "timeStamp": 68477,
    "rotation": [
      [
        -0.9588817,
        0.09994013,
        -0.2656273
      ],
      [
        0.131517664,
        0.985860169,
        -0.10384056
      ],
      [
        0.251493543,
        -0.1345055,
        -0.9584671
      ]
    ],
    "translation": [
      1.50439489,
      0.8695489,
      -0.5777867
    ]
  },
  {
    "timeStamp": 68532,
    "rotation": [
      [
        -0.9278754,
        0.1543718,
        -0.339435875
      ],
      [
        0.196418926,
        0.976098955,
        -0.09300764
      ],
      [
        0.316965282,
        -0.152971134,
        -0.936019659
      ]
    ],
    "translation": [
      1.53143787,
      0.911740839,
      -0.565194547
    ]
  },
  {
    "timeStamp": 68577,
    "rotation": [
      [
        -0.8905937,
        0.193934426,
        -0.411378533
      ],
      [
        0.250681847,
        0.9640407,
        -0.0882277638
      ],
      [
        0.379475236,
        -0.18170023,
        -0.907184362
      ]
    ],
    "translation": [
      1.56110191,
      0.95278573,
      -0.5517273
    ]
  },
  {
    "timeStamp": 68632,
    "rotation": [
      [
        -0.836794436,
        0.232052,
        -0.495910257
      ],
      [
        0.316997975,
        0.9438307,
        -0.09325141
      ],
      [
        0.44641614,
        -0.2352348,
        -0.8633523
      ]
    ],
    "translation": [
      1.60443854,
      1.00477779,
      -0.53585273
    ]
  },
  {
    "timeStamp": 68677,
    "rotation": [
      [
        -0.789854467,
        0.246391,
        -0.5616239
      ],
      [
        0.361452281,
        0.926824331,
        -0.101729132
      ],
      [
        0.495461583,
        -0.283351451,
        -0.821114957
      ]
    ],
    "translation": [
      1.6440084,
      1.0453136,
      -0.524231
    ]
  },
  {
    "timeStamp": 68733,
    "rotation": [
      [
        -0.7363409,
        0.23114644,
        -0.6359036
      ],
      [
        0.397923619,
        0.9080608,
        -0.1306997
      ],
      [
        0.547228336,
        -0.3492806,
        -0.7606209
      ]
    ],
    "translation": [
      1.69763219,
      1.09062493,
      -0.5128422
    ]
  },
  {
    "timeStamp": 68777,
    "rotation": [
      [
        -0.6840258,
        0.222243592,
        -0.694778
      ],
      [
        0.43532902,
        0.8886249,
        -0.1443412
      ],
      [
        0.585318148,
        -0.401190132,
        -0.7045915
      ]
    ],
    "translation": [
      1.7439276,
      1.12410164,
      -0.5071924
    ]
  },
  {
    "timeStamp": 68833,
    "rotation": [
      [
        -0.635866761,
        0.159319058,
        -0.755176067
      ],
      [
        0.445729047,
        0.8745986,
        -0.190795317
      ],
      [
        0.6300786,
        -0.4579243,
        -0.627141356
      ]
    ],
    "translation": [
      1.80385113,
      1.15600622,
      -0.5039365
    ]
  },
  {
    "timeStamp": 68877,
    "rotation": [
      [
        -0.580434,
        0.100943469,
        -0.808026433
      ],
      [
        0.441383958,
        0.8728741,
        -0.208017126
      ],
      [
        0.684307337,
        -0.477390081,
        -0.5512006
      ]
    ],
    "translation": [
      1.85523939,
      1.170657,
      -0.503145
    ]
  },
  {
    "timeStamp": 68932,
    "rotation": [
      [
        -0.50227505,
        0.0404768,
        -0.863760054
      ],
      [
        0.42443496,
        0.88183403,
        -0.205484435
      ],
      [
        0.753375649,
        -0.469819665,
        -0.460102946
      ]
    ],
    "translation": [
      1.91807568,
      1.174547,
      -0.5035124
    ]
  },
  {
    "timeStamp": 68977,
    "rotation": [
      [
        -0.435414851,
        -0.00560528,
        -0.9002124
      ],
      [
        0.3993917,
        0.894977331,
        -0.198750526
      ],
      [
        0.8067838,
        -0.4460763,
        -0.387447745
      ]
    ],
    "translation": [
      1.9639492,
      1.16799664,
      -0.506158948
    ]
  },
  {
    "timeStamp": 69032,
    "rotation": [
      [
        -0.356339753,
        -0.0524249375,
        -0.9328846
      ],
      [
        0.367593825,
        0.9100451,
        -0.191553533
      ],
      [
        0.8590092,
        -0.411180764,
        -0.305014133
      ]
    ],
    "translation": [
      2.01361465,
      1.15323663,
      -0.510677457
    ]
  },
  {
    "timeStamp": 69076,
    "rotation": [
      [
        -0.283718854,
        -0.0578684136,
        -0.9571598
      ],
      [
        0.3273269,
        0.93237704,
        -0.153395489
      ],
      [
        0.901310563,
        -0.356825322,
        -0.245591074
      ]
    ],
    "translation": [
      2.04765868,
      1.12918282,
      -0.5150622
    ]
  },
  {
    "timeStamp": 69130,
    "rotation": [
      [
        -0.199899212,
        -0.0203471091,
        -0.9796052
      ],
      [
        0.285859972,
        0.955077767,
        -0.07817052
      ],
      [
        0.937189639,
        -0.2956561,
        -0.18510285
      ]
    ],
    "translation": [
      2.078476,
      1.09824657,
      -0.5203252
    ]
  },
  {
    "timeStamp": 69175,
    "rotation": [
      [
        -0.169930547,
        -0.0381853469,
        -0.984716
      ],
      [
        0.240952745,
        0.9673088,
        -0.07909109
      ],
      [
        0.955544531,
        -0.250709981,
        -0.155174464
      ]
    ],
    "translation": [
      2.09563,
      1.07262635,
      -0.523219049
    ]
  },
  {
    "timeStamp": 69231,
    "rotation": [
      [
        -0.108848453,
        0.015567245,
        -0.9939365
      ],
      [
        0.198248744,
        0.980131149,
        -0.006359689
      ],
      [
        0.974089,
        -0.1977389,
        -0.109771937
      ]
    ],
    "translation": [
      2.10997033,
      1.041665,
      -0.5271745
    ]
  },
  {
    "timeStamp": 69275,
    "rotation": [
      [
        -0.10455782,
        0.00148140092,
        -0.994517744
      ],
      [
        0.1596332,
        0.9870576,
        -0.0153126195
      ],
      [
        0.98162365,
        -0.1603591,
        -0.103441074
      ]
    ],
    "translation": [
      2.117246,
      1.01901174,
      -0.5266473
    ]
  },
  {
    "timeStamp": 69329,
    "rotation": [
      [
        -0.0845675841,
        0.00588602154,
        -0.9964003
      ],
      [
        0.0990438461,
        0.9950798,
        -0.00252793729
      ],
      [
        0.991483033,
        -0.09890111,
        -0.08473447
      ]
    ],
    "translation": [
      2.12456679,
      0.990396559,
      -0.529443145
    ]
  },
  {
    "timeStamp": 69382,
    "rotation": [
      [
        -0.0647470057,
        0.0297752172,
        -0.9974573
      ],
      [
        0.061602246,
        0.9977676,
        0.0257857516
      ],
      [
        0.995998442,
        -0.0597760677,
        -0.0664366856
      ]
    ],
    "translation": [
      2.128588,
      0.96856904,
      -0.5308969
    ]
  },
  {
    "timeStamp": 69427,
    "rotation": [
      [
        -0.0660036355,
        -0.00257375557,
        -0.997816
      ],
      [
        0.026535172,
        0.999638438,
        -0.0043337075
      ],
      [
        0.9974665,
        -0.0267632622,
        -0.06591148
      ]
    ],
    "translation": [
      2.13437748,
      0.95274204,
      -0.5316831
    ]
  },
  {
    "timeStamp": 69483,
    "rotation": [
      [
        -0.05715403,
        0.0201970823,
        -0.998161
      ],
      [
        -0.0130743105,
        0.9996944,
        0.0209767371
      ],
      [
        0.99827975,
        0.014249173,
        -0.0568725057
      ]
    ],
    "translation": [
      2.135255,
      0.930821359,
      -0.5330721
    ]
  },
  {
    "timeStamp": 69527,
    "rotation": [
      [
        -0.0504838042,
        0.0163980555,
        -0.9985903
      ],
      [
        -0.04880796,
        0.99863,
        0.0188661981
      ],
      [
        0.997531533,
        0.04969159,
        -0.0496142842
      ]
    ],
    "translation": [
      2.13704944,
      0.914548457,
      -0.5343803
    ]
  },
  {
    "timeStamp": 69582,
    "rotation": [
      [
        -0.050427407,
        0.0238782633,
        -0.9984423
      ],
      [
        -0.07576714,
        0.9967417,
        0.0276642945
      ],
      [
        0.995849669,
        0.0770441443,
        -0.0484539121
      ]
    ],
    "translation": [
      2.13613772,
      0.8983424,
      -0.5332434
    ]
  },
  {
    "timeStamp": 69627,
    "rotation": [
      [
        -0.05064833,
        0.03618906,
        -0.998060644
      ],
      [
        -0.09581596,
        0.99455744,
        0.0409243852
      ],
      [
        0.994109631,
        0.09770289,
        -0.046905186
      ]
    ],
    "translation": [
      2.13402867,
      0.8865057,
      -0.5317092
    ]
  },
  {
    "timeStamp": 69683,
    "rotation": [
      [
        -0.048876185,
        0.0150832729,
        -0.998690963
      ],
      [
        -0.122325726,
        0.992268443,
        0.0209729243
      ],
      [
        0.9912858,
        0.123190671,
        -0.0466532223
      ]
    ],
    "translation": [
      2.13535476,
      0.8737882,
      -0.529248059
    ]
  },
  {
    "timeStamp": 69728,
    "rotation": [
      [
        -0.0426359437,
        0.0354337767,
        -0.998462141
      ],
      [
        -0.140216514,
        0.989267647,
        0.04109495
      ],
      [
        0.9892025,
        0.141753,
        -0.0372099578
      ]
    ],
    "translation": [
      2.135725,
      0.8623794,
      -0.5281837
    ]
  },
  {
    "timeStamp": 69785,
    "rotation": [
      [
        -0.03248279,
        0.02778822,
        -0.9990859
      ],
      [
        -0.164586514,
        0.985818148,
        0.0327703133
      ],
      [
        0.9858277,
        0.165500551,
        -0.02744856
      ]
    ],
    "translation": [
      2.1389792,
      0.8497302,
      -0.5275734
    ]
  },
  {
    "timeStamp": 69831,
    "rotation": [
      [
        -0.0314951651,
        0.02817689,
        -0.999106646
      ],
      [
        -0.178453192,
        0.9833827,
        0.0333588831
      ],
      [
        0.9834442,
        0.179344416,
        -0.0259435456
      ]
    ],
    "translation": [
      2.13948131,
      0.8409716,
      -0.5257654
    ]
  },
  {
    "timeStamp": 69876,
    "rotation": [
      [
        -0.0296541248,
        0.040078003,
        -0.9987564
      ],
      [
        -0.192719147,
        0.980219,
        0.045056168
      ],
      [
        0.980805755,
        0.193815589,
        -0.0213437378
      ]
    ],
    "translation": [
      2.138064,
      0.831396639,
      -0.524413
    ]
  },
  {
    "timeStamp": 69932,
    "rotation": [
      [
        -0.03450356,
        0.03804111,
        -0.998680353
      ],
      [
        -0.203336909,
        0.9781069,
        0.04428256
      ],
      [
        0.9785007,
        0.204596475,
        -0.02601301
      ]
    ],
    "translation": [
      2.13619781,
      0.822974741,
      -0.5210909
    ]
  },
  {
    "timeStamp": 69976,
    "rotation": [
      [
        -0.0445089936,
        0.0349011458,
        -0.998399138
      ],
      [
        -0.2121509,
        0.976264536,
        0.043585144
      ],
      [
        0.9762228,
        0.213751212,
        -0.03604824
      ]
    ],
    "translation": [
      2.13301349,
      0.81635195,
      -0.518445134
    ]
  },
  {
    "timeStamp": 70032,
    "rotation": [
      [
        -0.0499823354,
        0.0486827455,
        -0.9975629
      ],
      [
        -0.220334753,
        0.9736651,
        0.0585562438
      ],
      [
        0.974142849,
        0.222724557,
        -0.0379395559
      ]
    ],
    "translation": [
      2.12801647,
      0.8083857,
      -0.5166163
    ]
  },
  {
    "timeStamp": 70076,
    "rotation": [
      [
        -0.054018192,
        0.0524367578,
        -0.997162163
      ],
      [
        -0.225548953,
        0.972170532,
        0.06334097
      ],
      [
        0.9727331,
        0.228330463,
        -0.0406878367
      ]
    ],
    "translation": [
      2.12486959,
      0.8027886,
      -0.5158214
    ]
  },
  {
    "timeStamp": 70132,
    "rotation": [
      [
        -0.069335714,
        0.050613258,
        -0.9963086
      ],
      [
        -0.22751002,
        0.9715912,
        0.0651906058
      ],
      [
        0.9713042,
        0.231190234,
        -0.0558509454
      ]
    ],
    "translation": [
      2.11920166,
      0.797261655,
      -0.5138324
    ]
  },
  {
    "timeStamp": 70176,
    "rotation": [
      [
        -0.0550863333,
        0.07132865,
        -0.995930552
      ],
      [
        -0.214178309,
        0.973383546,
        0.0815603361
      ],
      [
        0.975240052,
        0.217799589,
        -0.03834308
      ]
    ],
    "translation": [
      2.11664677,
      0.794383764,
      -0.513521
    ]
  },
  {
    "timeStamp": 70232,
    "rotation": [
      [
        -0.04593625,
        0.06633174,
        -0.9967397
      ],
      [
        -0.2007254,
        0.9768291,
        0.07425745
      ],
      [
        0.97857,
        0.203482077,
        -0.0315574
      ]
    ],
    "translation": [
      2.11658573,
      0.7933464,
      -0.511235058
    ]
  },
  {
    "timeStamp": 70276,
    "rotation": [
      [
        -0.03691385,
        0.0478492677,
        -0.9981722
      ],
      [
        -0.178985819,
        0.9823844,
        0.0537116043
      ],
      [
        0.9831589,
        0.180641383,
        -0.02769925
      ]
    ],
    "translation": [
      2.11672258,
      0.792647541,
      -0.5095237
    ]
  },
  {
    "timeStamp": 70331,
    "rotation": [
      [
        -0.0290359631,
        0.0325002261,
        -0.999049842
      ],
      [
        -0.162713155,
        0.985986769,
        0.0368042924
      ],
      [
        0.9862461,
        0.1636272,
        -0.02334086
      ]
    ],
    "translation": [
      2.11678,
      0.791626155,
      -0.507149458
    ]
  },
  {
    "timeStamp": 70376,
    "rotation": [
      [
        -0.0251168851,
        0.0547993146,
        -0.998181462
      ],
      [
        -0.159949377,
        0.985412538,
        0.0581230633
      ],
      [
        0.9868056,
        0.161118358,
        -0.015985379
      ]
    ],
    "translation": [
      2.11603165,
      0.7906804,
      -0.5072612
    ]
  },
  {
    "timeStamp": 70432,
    "rotation": [
      [
        -0.0229643025,
        0.06844,
        -0.997390866
      ],
      [
        -0.1384863,
        0.987818062,
        0.07097168
      ],
      [
        0.990098059,
        0.139754787,
        -0.0132065518
      ]
    ],
    "translation": [
      2.115282,
      0.7911778,
      -0.5061557
    ]
  },
  {
    "timeStamp": 70476,
    "rotation": [
      [
        -0.09893053,
        0.07468359,
        -0.992287755
      ],
      [
        -0.134783149,
        0.986984432,
        0.08772224
      ],
      [
        0.985924,
        0.14242208,
        -0.08757681
      ]
    ],
    "translation": [
      2.10852075,
      0.79075557,
      -0.5030253
    ]
  },
  {
    "timeStamp": 70531,
    "rotation": [
      [
        -0.0334816352,
        0.05522839,
        -0.9979122
      ],
      [
        -0.111808494,
        0.991997361,
        0.0586524
      ],
      [
        0.9931656,
        0.113538839,
        -0.0270386878
      ]
    ],
    "translation": [
      2.114582,
      0.792762041,
      -0.505259
    ]
  }
]