[
  {
    "timeStamp": 17530,
    "rotation": [
      [
        0.995266259,
        -0.0905257,
        -0.03535809
      ],
      [
        0.03157461,
        -0.0428912975,
        0.9985807
      ],
      [
        -0.09191376,
        -0.9949701,
        -0.0398299471
      ]
    ],
    "translation": [
      1.61972976,
      0.7040306,
      -0.616379142
    ]
  },
  {
    "timeStamp": 17586,
    "rotation": [
      [
        0.990315557,
        -0.1388125,
        0.0024983047
      ],
      [
        -0.0063420427,
        -0.02725473,
        0.9996084
      ],
      [
        -0.13869004,
        -0.989943564,
        -0.0278711375
      ]
    ],
    "translation": [
      1.61747873,
      0.7167449,
      -0.6167712
    ]
  },
  {
    "timeStamp": 17630,
    "rotation": [
      [
        0.986845851,
        -0.155982688,
        0.0424815044
      ],
      [
        -0.04905641,
        -0.03854509,
        0.998052
      ],
      [
        -0.1540414,
        -0.987007439,
        -0.045690015
      ]
    ],
    "translation": [
      1.61763608,
      0.738532245,
      -0.6169331
    ]
  },
  {
    "timeStamp": 17686,
    "rotation": [
      [
        0.97849673,
        -0.18116419,
        0.0986088
      ],
      [
        -0.1081871,
        -0.04374856,
        0.99316746
      ],
      [
        -0.175612375,
        -0.982479334,
        -0.0624074526
      ]
    ],
    "translation": [
      1.6228112,
      0.7738995,
      -0.6207709
    ]
  },
  {
    "timeStamp": 17730,
    "rotation": [
      [
        0.966695964,
        -0.2083903,
        0.1485676
      ],
      [
        -0.162421748,
        -0.0509285145,
        0.9854062
      ],
      [
        -0.197782755,
        -0.9767189,
        -0.0830795
      ]
    ],
    "translation": [
      1.63326788,
      0.8074037,
      -0.6239019
    ]
  },
  {
    "timeStamp": 17786,
    "rotation": [
      [
        0.944972932,
        -0.247063845,
        0.214442372
      ],
      [
        -0.23395212,
        -0.05216276,
        0.9708478
      ],
      [
        -0.228675485,
        -0.9675942,
        -0.107093506
      ]
    ],
    "translation": [
      1.65364373,
      0.852687657,
      -0.6274427
    ]
  },
  {
    "timeStamp": 17830,
    "rotation": [
      [
        0.917637,
        -0.2944961,
        0.2668604
      ],
      [
        -0.2935528,
        -0.0496292524,
        0.9546537
      ],
      [
        -0.267897666,
        -0.954363167,
        -0.131991774
      ]
    ],
    "translation": [
      1.677033,
      0.888855934,
      -0.6265768
    ]
  },
  {
    "timeStamp": 17885,
    "rotation": [
      [
        0.8559885,
        -0.4035857,
        0.3231133
      ],
      [
        -0.382381946,
        -0.07360318,
        0.9210682
      ],
      [
        -0.3479478,
        -0.9119765,
        -0.217327371
      ]
    ],
    "translation": [
      1.71859789,
      0.938394,
      -0.607610643
    ]
  },
  {
    "timeStamp": 17930,
    "rotation": [
      [
        0.794408,
        -0.4955765,
        0.3511693
      ],
      [
        -0.4471566,
        -0.0859027,
        0.890321136
      ],
      [
        -0.411055833,
        -0.8643059,
        -0.2898421
      ]
    ],
    "translation": [
      1.76243782,
      0.9771319,
      -0.590679646
    ]
  },
  {
    "timeStamp": 17986,
    "rotation": [
      [
        0.7295424,
        -0.6012028,
        0.3260723
      ],
      [
        -0.493552476,
        -0.132732645,
        0.859527767
      ],
      [
        -0.473470032,
        -0.787995756,
        -0.3935592
      ]
    ],
    "translation": [
      1.82861626,
      1.01797056,
      -0.569007933
    ]
  },
  {
    "timeStamp": 18030,
    "rotation": [
      [
        0.6772587,
        -0.6683928,
        0.307525218
      ],
      [
        -0.523882031,
        -0.144614562,
        0.8394249
      ],
      [
        -0.51659286,
        -0.729614735,
        -0.448100418
      ]
    ],
    "translation": [
      1.88399947,
      1.04497051,
      -0.559481144
    ]
  },
  {
    "timeStamp": 18086,
    "rotation": [
      [
        0.642909467,
        -0.729142964,
        0.234559238
      ],
      [
        -0.5162067,
        -0.18623139,
        0.8359716
      ],
      [
        -0.5658605,
        -0.6585351,
        -0.496118367
      ]
    ],
    "translation": [
      1.95514834,
      1.06466448,
      -0.554558039
    ]
  },
  {
    "timeStamp": 18130,
    "rotation": [
      [
        0.6199494,
        -0.758916557,
        0.199269652
      ],
      [
        -0.488475323,
        -0.174546272,
        0.8549418
      ],
      [
        -0.6140477,
        -0.627359,
        -0.47892186
      ]
    ],
    "translation": [
      2.00136757,
      1.06577253,
      -0.5619228
    ]
  },
  {
    "timeStamp": 18185,
    "rotation": [
      [
        0.6239246,
        -0.767486155,
        0.147252038
      ],
      [
        -0.413665384,
        -0.1644845,
        0.895447254
      ],
      [
        -0.6630227,
        -0.619604647,
        -0.420108348
      ]
    ],
    "translation": [
      2.04614353,
      1.0487628,
      -0.582786441
    ]
  },
  {
    "timeStamp": 18230,
    "rotation": [
      [
        0.5995471,
        -0.7901639,
        0.1272176
      ],
      [
        -0.3867799,
        -0.146899015,
        0.9103966
      ],
      [
        -0.700674355,
        -0.595030844,
        -0.3936924
      ]
    ],
    "translation": [
      2.074319,
      1.03929543,
      -0.5937042
    ]
  },
  {
    "timeStamp": 18285,
    "rotation": [
      [
        0.61578846,
        -0.7760111,
        0.136423171
      ],
      [
        -0.329436421,
        -0.09629643,
        0.9392543
      ],
      [
        -0.7157347,
        -0.623324752,
        -0.314944535
      ]
    ],
    "translation": [
      2.08538651,
      1.01439857,
      -0.619297445
    ]
  },
  {
    "timeStamp": 18330,
    "rotation": [
      [
        0.630430162,
        -0.7669698,
        0.119645588
      ],
      [
        -0.28853634,
        -0.08844531,
        0.953375161
      ],
      [
        -0.7206279,
        -0.635558546,
        -0.27705726
      ]
    ],
    "translation": [
      2.09199238,
      0.9941831,
      -0.6340709
    ]
  },
  {
    "timeStamp": 18385,
    "rotation": [
      [
        0.619451,
        -0.7667917,
        0.168258369
      ],
      [
        -0.2715063,
        -0.008154296,
        0.9624021
      ],
      [
        -0.7365899,
        -0.641844153,
        -0.213239983
      ]
    ],
    "translation": [
      2.08722258,
      0.971426249,
      -0.6506747
    ]
  },
  {
    "timeStamp": 18429,
    "rotation": [
      [
        0.618478239,
        -0.768653631,
        0.163267419
      ],
      [
        -0.247793555,
        0.00639715372,
        0.9687917
      ],
      [
        -0.7457097,
        -0.639633238,
        -0.186510921
      ]
    ],
    "translation": [
      2.08648586,
      0.957655251,
      -0.6586104
    ]
  },
  {
    "timeStamp": 18482,
    "rotation": [
      [
        0.5968626,
        -0.783505559,
        0.172841281
      ],
      [
        -0.227127269,
        0.0416162536,
        0.9729755
      ],
      [
        -0.7695247,
        -0.619989634,
        -0.153116286
      ]
    ],
    "translation": [
      2.08750916,
      0.936844468,
      -0.6645848
    ]
  },
  {
    "timeStamp": 18536,
    "rotation": [
      [
        0.586559534,
        -0.7899726,
        0.178581342
      ],
      [
        -0.213724673,
        0.0617039651,
        0.9749433
      ],
      [
        -0.7811976,
        -0.6100295,
        -0.13264358
      ]
    ],
    "translation": [
      2.08295059,
      0.9241914,
      -0.668545067
    ]
  },
  {
    "timeStamp": 18581,
    "rotation": [
      [
        0.583854258,
        -0.791876554,
        0.179013222
      ],
      [
        -0.2038727,
        0.0704245,
        0.9764611
      ],
      [
        -0.785843551,
        -0.6066069,
        -0.120324366
      ]
    ],
    "translation": [
      2.08384562,
      0.912534952,
      -0.6701897
    ]
  },
  {
    "timeStamp": 18636,
    "rotation": [
      [
        0.57275486,
        -0.7912325,
        0.214249745
      ],
      [
        -0.2055551,
        0.114384539,
        0.9719379
      ],
      [
        -0.7935357,
        -0.600722253,
        -0.09712758
      ]
    ],
    "translation": [
      2.07677937,
      0.9017661,
      -0.67
    ]
  },
  {
    "timeStamp": 18680,
    "rotation": [
      [
        0.5778852,
        -0.791892767,
        0.19736886
      ],
      [
        -0.1930031,
        0.102371693,
        0.975843132
      ],
      [
        -0.792968154,
        -0.6020181,
        -0.0936786756
      ]
    ],
    "translation": [
      2.07964158,
      0.88954854,
      -0.66580075
    ]
  },
  {
    "timeStamp": 18736,
    "rotation": [
      [
        0.5784137,
        -0.7879571,
        0.211095124
      ],
      [
        -0.192291856,
        0.119781189,
        0.974000156
      ],
      [
        -0.792755544,
        -0.603966951,
        -0.08223465
      ]
    ],
    "translation": [
      2.07621741,
      0.8783145,
      -0.6585647
    ]
  },
  {
    "timeStamp": 18780,
    "rotation": [
      [
        0.5911741,
        -0.7839241,
        0.189673826
      ],
      [
        -0.176648721,
        0.103611566,
        0.9788053
      ],
      [
        -0.7869615,
        -0.6121501,
        -0.07722672
      ]
    ],
    "translation": [
      2.07698083,
      0.866629064,
      -0.6513774
    ]
  },
  {
    "timeStamp": 18835,
    "rotation": [
      [
        0.607914865,
        -0.774925,
        0.173005134
      ],
      [
        -0.161808372,
        0.09240817,
        0.982486
      ],
      [
        -0.777340055,
        -0.625261545,
        -0.06921305
      ]
    ],
    "translation": [
      2.076925,
      0.851290464,
      -0.640278935
    ]
  },
  {
    "timeStamp": 18880,
    "rotation": [
      [
        0.6275083,
        -0.7616517,
        0.161617368
      ],
      [
        -0.155908853,
        0.0804521739,
        0.9844897
      ],
      [
        -0.7628407,
        -0.642972946,
        -0.0682638362
      ]
    ],
    "translation": [
      2.0770154,
      0.839343667,
      -0.629199445
    ]
  },
  {
    "timeStamp": 18937,
    "rotation": [
      [
        0.664064467,
        -0.7399979,
        0.106870987
      ],
      [
        -0.115206353,
        0.0399582535,
        0.992537558
      ],
      [
        -0.7387461,
        -0.6714211,
        -0.05871761
      ]
    ],
    "translation": [
      2.08163381,
      0.8185329,
      -0.617054462
    ]
  },
  {
    "timeStamp": 18983,
    "rotation": [
      [
        0.687418044,
        -0.7172217,
        0.1142344
      ],
      [
        -0.117901526,
        0.0449979268,
        0.9920052
      ],
      [
        -0.716627955,
        -0.6953907,
        -0.05362915
      ]
    ],
    "translation": [
      2.07873368,
      0.806999147,
      -0.6077469
    ]
  },
  {
    "timeStamp": 19029,
    "rotation": [
      [
        0.7272848,
        -0.6828843,
        0.06874475
      ],
      [
        -0.08763162,
        0.006949153,
        0.996128738
      ],
      [
        -0.680718362,
        -0.7304935,
        -0.054788243
      ]
    ],
    "translation": [
      2.08105087,
      0.792264044,
      -0.5998017
    ]
  },
  {
    "timeStamp": 19085,
    "rotation": [
      [
        0.7527669,
        -0.6574851,
        0.0324857
      ],
      [
        -0.0548935868,
        -0.0135186752,
        0.9984007
      ],
      [
        -0.6559944,
        -0.753346264,
        -0.0462681241
      ]
    ],
    "translation": [
      2.082249,
      0.774468064,
      -0.5914589
    ]
  },
  {
    "timeStamp": 19129,
    "rotation": [
      [
        0.776614547,
        -0.6299641,
        0.003878144
      ],
      [
        -0.030292334,
        -0.0311938263,
        0.9990542
      ],
      [
        -0.6292473,
        -0.7759975,
        -0.0433086641
      ]
    ],
    "translation": [
      2.08279872,
      0.76173526,
      -0.5856419
    ]
  },
  {
    "timeStamp": 19185,
    "rotation": [
      [
        0.7952563,
        -0.606008,
        -0.0179381836
      ],
      [
        -0.01124657,
        -0.04432833,
        0.9989537
      ],
      [
        -0.6061691,
        -0.7942225,
        -0.0420678928
      ]
    ],
    "translation": [
      2.0850873,
      0.749588132,
      -0.5782785
    ]
  },
  {
    "timeStamp": 19230,
    "rotation": [
      [
        0.7995924,
        -0.6002928,
        -0.0173362345
      ],
      [
        -0.009747033,
        -0.0418360569,
        0.999076962
      ],
      [
        -0.600464,
        -0.7986854,
        -0.0393028669
      ]
    ],
    "translation": [
      2.084167,
      0.743698,
      -0.573172331
    ]
  },
  {
    "timeStamp": 19285,
    "rotation": [
      [
        0.812351465,
        -0.582239151,
        -0.0329035074
      ],
      [
        0.00412452547,
        -0.05068428,
        0.9987062
      ],
      [
        -0.583153546,
        -0.8114362,
        -0.03877199
      ]
    ],
    "translation": [
      2.08617687,
      0.738206446,
      -0.567937255
    ]
  },
  {
    "timeStamp": 19329,
    "rotation": [
      [
        0.8158787,
        -0.577396333,
        -0.0309104677
      ],
      [
        0.00348300952,
        -0.0485491753,
        0.9988147
      ],
      [
        -0.5782127,
        -0.8150193,
        -0.03759916
      ]
    ],
    "translation": [
      2.08657742,
      0.736724734,
      -0.5642395
    ]
  },
  {
    "timeStamp": 19385,
    "rotation": [
      [
        0.8203491,
        -0.5711399,
        -0.0287510641
      ],
      [
        0.00407654932,
        -0.0444343574,
        0.999004
      ],
      [
        -0.5718485,
        -0.8196492,
        -0.0341234058
      ]
    ],
    "translation": [
      2.08715487,
      0.7359672,
      -0.561317861
    ]
  },
  {
    "timeStamp": 19429,
    "rotation": [
      [
        0.828407943,
        -0.5594394,
        -0.0277113281
      ],
      [
        0.00390412845,
        -0.043705225,
        0.999036849
      ],
      [
        -0.5601117,
        -0.827718258,
        -0.0340216346
      ]
    ],
    "translation": [
      2.08717227,
      0.735559344,
      -0.5598731
    ]
  },
  {
    "timeStamp": 19485,
    "rotation": [
      [
        0.8370638,
        -0.546984732,
        -0.01148225
      ],
      [
        -0.0156320669,
        -0.0448902957,
        0.9988696
      ],
      [
        -0.5468819,
        -0.8359381,
        -0.0461265445
      ]
    ],
    "translation": [
      2.08430266,
      0.7360602,
      -0.556043565
    ]
  },
  {
    "timeStamp": 19529,
    "rotation": [
      [
        0.8457439,
        -0.533018,
        -0.02468077
      ],
      [
        -0.005332048,
        -0.054694254,
        0.9984889
      ],
      [
        -0.5335624,
        -0.8443343,
        -0.0490994081
      ]
    ],
    "translation": [
      2.08565283,
      0.7329932,
      -0.554675937
    ]
  },
  {
    "timeStamp": 19585,
    "rotation": [
      [
        0.8547482,
        -0.5184793,
        -0.0241830554
      ],
      [
        -0.002337734,
        -0.0504367,
        0.9987245
      ],
      [
        -0.519037664,
        -0.853601456,
        -0.044322744
      ]
    ],
    "translation": [
      2.08579946,
      0.7312232,
      -0.553019047
    ]
  },
  {
    "timeStamp": 19629,
    "rotation": [
      [
        0.866514146,
        -0.498166353,
        -0.0313590541
      ],
      [
        0.009259243,
        -0.04677177,
        0.9988627
      ],
      [
        -0.4990665,
        -0.865819037,
        -0.03591576
      ]
    ],
    "translation": [
      2.087061,
      0.730390668,
      -0.5532164
    ]
  },
  {
    "timeStamp": 19685,
    "rotation": [
      [
        0.8804721,
        -0.472348183,
        -0.040695
      ],
      [
        0.0190856364,
        -0.050452996,
        0.998544037
      ],
      [
        -0.473713666,
        -0.879966855,
        -0.0354073867
      ]
    ],
    "translation": [
      2.089171,
      0.729186237,
      -0.553469241
    ]
  },
  {
    "timeStamp": 19729,
    "rotation": [
      [
        0.889987648,
        -0.453776836,
        -0.04481679
      ],
      [
        0.0231921729,
        -0.05311138,
        0.998319268
      ],
      [
        -0.455394417,
        -0.8895312,
        -0.0367444046
      ]
    ],
    "translation": [
      2.09037,
      0.729075968,
      -0.55364424
    ]
  },
  {
    "timeStamp": 19785,
    "rotation": [
      [
        0.9013016,
        -0.4305552,
        -0.0477238335
      ],
      [
        0.0261524934,
        -0.0558850877,
        0.9980946
      ],
      [
        -0.4324019,
        -0.9008324,
        -0.03910923
      ]
    ],
    "translation": [
      2.0920372,
      0.7290914,
      -0.5539938
    ]
  },
  {
    "timeStamp": 19829,
    "rotation": [
      [
        0.9001141,
        -0.4336501,
        -0.0417392477
      ],
      [
        0.0189846475,
        -0.0566730723,
        0.9982123
      ],
      [
        -0.435240328,
        -0.899297357,
        -0.0427795351
      ]
    ],
    "translation": [
      2.09187675,
      0.730394661,
      -0.553834736
    ]
  },
  {
    "timeStamp": 19885,
    "rotation": [
      [
        0.9117405,
        -0.407448381,
        -0.0521069132
      ],
      [
        0.0262644719,
        -0.06876739,
        0.9972869
      ],
      [
        -0.409926236,
        -0.9106354,
        -0.0519965962
      ]
    ],
    "translation": [
      2.0938642,
      0.7292894,
      -0.553495467
    ]
  },
  {
    "timeStamp": 19929,
    "rotation": [
      [
        0.921309948,
        -0.38549155,
        -0.0508346371
      ],
      [
        0.025720628,
        -0.0700308457,
        0.9972132
      ],
      [
        -0.387977242,
        -0.9200499,
        -0.05460503
      ]
    ],
    "translation": [
      2.095471,
      0.7288163,
      -0.5538958
    ]
  }
]