[
  {
    "timeStamp": 45628,
    "rotation": [
      [
        0.9944987,
        -0.0108015453,
        0.104190521
      ],
      [
        -0.104541205,
        -0.03973778,
        0.9937264
      ],
      [
        -0.0065935,
        -0.999151766,
        -0.04064838
      ]
    ],
    "translation": [
      1.15434444,
      0.701337159,
      -0.750998557
    ]
  },
  {
    "timeStamp": 45684,
    "rotation": [
      [
        0.9877025,
        -0.043506328,
        0.15016973
      ],
      [
        -0.1504586,
        -0.00342444028,
        0.9886104
      ],
      [
        -0.042496562,
        -0.9990472,
        -0.00992823
      ]
    ],
    "translation": [
      1.1526103,
      0.709171057,
      -0.7516105
    ]
  },
  {
    "timeStamp": 45728,
    "rotation": [
      [
        0.9759165,
        -0.0760280043,
        0.204466835
      ],
      [
        -0.202333286,
        0.0348619334,
        0.978696
      ],
      [
        -0.08153642,
        -0.996496,
        0.018639341
      ]
    ],
    "translation": [
      1.15193033,
      0.725945,
      -0.756122649
    ]
  },
  {
    "timeStamp": 45786,
    "rotation": [
      [
        0.955477059,
        -0.11386086,
        0.2722118
      ],
      [
        -0.263850152,
        0.08328022,
        0.960961759
      ],
      [
        -0.1320858,
        -0.990000069,
        0.0495301373
      ]
    ],
    "translation": [
      1.16266656,
      0.753932059,
      -0.7623719
    ]
  },
  {
    "timeStamp": 45828,
    "rotation": [
      [
        0.930149138,
        -0.171394855,
        0.324725062
      ],
      [
        -0.301743716,
        0.14711462,
        0.9419703
      ],
      [
        -0.209220663,
        -0.9741566,
        0.08512122
      ]
    ],
    "translation": [
      1.17924786,
      0.77832365,
      -0.7676924
    ]
  },
  {
    "timeStamp": 45883,
    "rotation": [
      [
        0.902613759,
        -0.2328525,
        0.362033337
      ],
      [
        -0.31152907,
        0.227028325,
        0.922717631
      ],
      [
        -0.2970489,
        -0.9456415,
        0.132378578
      ]
    ],
    "translation": [
      1.21654594,
      0.802880645,
      -0.778169632
    ]
  },
  {
    "timeStamp": 45928,
    "rotation": [
      [
        0.888166368,
        -0.271524757,
        0.370721877
      ],
      [
        -0.291745573,
        0.290109068,
        0.9114391
      ],
      [
        -0.355028063,
        -0.917666,
        0.17844899
      ]
    ],
    "translation": [
      1.25534916,
      0.8150554,
      -0.793067336
    ]
  },
  {
    "timeStamp": 45984,
    "rotation": [
      [
        0.8743307,
        -0.309293717,
        0.374009639
      ],
      [
        -0.2633025,
        0.345068246,
        0.900888264
      ],
      [
        -0.407697946,
        -0.886151969,
        0.22026597
      ]
    ],
    "translation": [
      1.30852258,
      0.8245408,
      -0.812628567
    ]
  },
  {
    "timeStamp": 46028,
    "rotation": [
      [
        0.8622421,
        -0.3438631,
        0.371882737
      ],
      [
        -0.234495014,
        0.379780382,
        0.894862533
      ],
      [
        -0.448943973,
        -0.8587928,
        0.246828437
      ]
    ],
    "translation": [
      1.354651,
      0.828852355,
      -0.8290258
    ]
  },
  {
    "timeStamp": 46083,
    "rotation": [
      [
        0.822517753,
        -0.4095602,
        0.394620121
      ],
      [
        -0.2105388,
        0.425293416,
        0.8802266
      ],
      [
        -0.528335154,
        -0.807084858,
        0.263583064
      ]
    ],
    "translation": [
      1.40816545,
      0.836416364,
      -0.8399187
    ]
  },
  {
    "timeStamp": 46128,
    "rotation": [
      [
        0.7663271,
        -0.47705093,
        0.430308253
      ],
      [
        -0.204432458,
        0.4539058,
        0.8672813
      ],
      [
        -0.6090568,
        -0.7525901,
        0.2503156
      ]
    ],
    "translation": [
      1.446486,
      0.8458169,
      -0.8384204
    ]
  },
  {
    "timeStamp": 46183,
    "rotation": [
      [
        0.646402061,
        -0.564466953,
        0.5133628
      ],
      [
        -0.228307158,
        0.498905361,
        0.836043835
      ],
      [
        -0.7280386,
        -0.657624841,
        0.193621591
      ]
    ],
    "translation": [
      1.48996043,
      0.867009938,
      -0.824621
    ]
  },
  {
    "timeStamp": 46228,
    "rotation": [
      [
        0.526367068,
        -0.623837233,
        0.577723861
      ],
      [
        -0.277724177,
        0.5160549,
        0.8102818
      ],
      [
        -0.8036212,
        -0.5869535,
        0.09837963
      ]
    ],
    "translation": [
      1.524012,
      0.8909718,
      -0.803030968
    ]
  },
  {
    "timeStamp": 46284,
    "rotation": [
      [
        0.359129459,
        -0.6822167,
        0.636872351
      ],
      [
        -0.3537861,
        0.531952858,
        0.769325435
      ],
      [
        -0.8636327,
        -0.501604,
        -0.050318867
      ]
    ],
    "translation": [
      1.569871,
      0.922608137,
      -0.7744594
    ]
  },
  {
    "timeStamp": 46329,
    "rotation": [
      [
        0.221687928,
        -0.7354196,
        0.6403222
      ],
      [
        -0.42151925,
        0.519865334,
        0.7430085
      ],
      [
        -0.8793043,
        -0.434624135,
        -0.19474566
      ]
    ],
    "translation": [
      1.61421144,
      0.946065247,
      -0.745690942
    ]
  },
  {
    "timeStamp": 46384,
    "rotation": [
      [
        0.0696084648,
        -0.7982409,
        0.598302662
      ],
      [
        -0.490115285,
        0.495015085,
        0.7174587
      ],
      [
        -0.8688738,
        -0.3431785,
        -0.3567728
      ]
    ],
    "translation": [
      1.67579663,
      0.9736271,
      -0.7183281
    ]
  },
  {
    "timeStamp": 46428,
    "rotation": [
      [
        -0.0375955068,
        -0.8354941,
        0.5482118
      ],
      [
        -0.54645884,
        0.476495057,
        0.6887199
      ],
      [
        -0.836641669,
        -0.273682445,
        -0.474477172
      ]
    ],
    "translation": [
      1.73132741,
      1.00017619,
      -0.6997501
    ]
  },
  {
    "timeStamp": 46484,
    "rotation": [
      [
        -0.151561067,
        -0.8757714,
        0.458316118
      ],
      [
        -0.5888285,
        0.4524159,
        0.6697767
      ],
      [
        -0.793920755,
        -0.168357536,
        -0.5842478
      ]
    ],
    "translation": [
      1.80196774,
      1.02773738,
      -0.6866505
    ]
  },
  {
    "timeStamp": 46528,
    "rotation": [
      [
        -0.220384538,
        -0.898105145,
        0.380575746
      ],
      [
        -0.631843746,
        0.4286885,
        0.6457552
      ],
      [
        -0.743104458,
        -0.09814992,
        -0.661938369
      ]
    ],
    "translation": [
      1.863407,
      1.05068469,
      -0.682276845
    ]
  },
  {
    "timeStamp": 46584,
    "rotation": [
      [
        -0.2522483,
        -0.933826864,
        0.253649861
      ],
      [
        -0.673433244,
        0.3576443,
        0.646976233
      ],
      [
        -0.6948802,
        -0.007617587,
        -0.7190852
      ]
    ],
    "translation": [
      1.93481719,
      1.0670042,
      -0.6854049
    ]
  },
  {
    "timeStamp": 46628,
    "rotation": [
      [
        -0.2606094,
        -0.951637149,
        0.162694439
      ],
      [
        -0.665975869,
        0.299205452,
        0.683339059
      ],
      [
        -0.6989699,
        0.0697340146,
        -0.711743057
      ]
    ],
    "translation": [
      1.9897536,
      1.06486821,
      -0.69178617
    ]
  },
  {
    "timeStamp": 46683,
    "rotation": [
      [
        -0.241785645,
        -0.968956,
        0.0516144522
      ],
      [
        -0.660631835,
        0.203342855,
        0.722646
      ],
      [
        -0.7107076,
        0.14062728,
        -0.689288557
      ]
    ],
    "translation": [
      2.04772735,
      1.05295241,
      -0.702197969
    ]
  },
  {
    "timeStamp": 46728,
    "rotation": [
      [
        -0.233335674,
        -0.9722581,
        -0.0163924117
      ],
      [
        -0.62120986,
        0.136074722,
        0.7717396
      ],
      [
        -0.748099446,
        0.1902575,
        -0.6357274
      ]
    ],
    "translation": [
      2.088911,
      1.03262091,
      -0.713784933
    ]
  },
  {
    "timeStamp": 46783,
    "rotation": [
      [
        -0.154120147,
        -0.983968,
        -0.08974413
      ],
      [
        -0.5634441,
        0.012911641,
        0.8260533
      ],
      [
        -0.8116513,
        0.177877262,
        -0.556400836
      ]
    ],
    "translation": [
      2.121651,
      1.00124514,
      -0.7268611
    ]
  },
  {
    "timeStamp": 46828,
    "rotation": [
      [
        -0.09211291,
        -0.9896037,
        -0.110452317
      ],
      [
        -0.520226359,
        -0.0467544645,
        0.8527477
      ],
      [
        -0.8490464,
        0.136009261,
        -0.5105113
      ]
    ],
    "translation": [
      2.13782048,
      0.978665054,
      -0.7373029
    ]
  },
  {
    "timeStamp": 46881,
    "rotation": [
      [
        -0.04132353,
        -0.9912757,
        -0.125158623
      ],
      [
        -0.476042062,
        -0.09060031,
        0.8747431
      ],
      [
        -0.878451049,
        0.09572825,
        -0.468145043
      ]
    ],
    "translation": [
      2.149523,
      0.9550705,
      -0.744626462
    ]
  },
  {
    "timeStamp": 46934,
    "rotation": [
      [
        0.06644223,
        -0.988141358,
        -0.138427079
      ],
      [
        -0.441148,
        -0.153529316,
        0.884204268
      ],
      [
        -0.89497143,
        0.00231832336,
        -0.446117431
      ]
    ],
    "translation": [
      2.15859175,
      0.9282917,
      -0.751103461
    ]
  },
  {
    "timeStamp": 46979,
    "rotation": [
      [
        0.1323888,
        -0.982293546,
        -0.132561609
      ],
      [
        -0.4011704,
        -0.175396189,
        0.8990542
      ],
      [
        -0.906385958,
        -0.06584493,
        -0.417287618
      ]
    ],
    "translation": [
      2.16247439,
      0.909324765,
      -0.7538958
    ]
  },
  {
    "timeStamp": 47034,
    "rotation": [
      [
        0.170046508,
        -0.9743897,
        -0.147135958
      ],
      [
        -0.3697598,
        -0.201491371,
        0.9070165
      ],
      [
        -0.913434148,
        -0.09983004,
        -0.394553035
      ]
    ],
    "translation": [
      2.17444062,
      0.89113605,
      -0.7529385
    ]
  },
  {
    "timeStamp": 47079,
    "rotation": [
      [
        0.182363123,
        -0.9759256,
        -0.119636282
      ],
      [
        -0.342407584,
        -0.1770956,
        0.92271024
      ],
      [
        -0.9216836,
        -0.127303943,
        -0.366460055
      ]
    ],
    "translation": [
      2.178449,
      0.879252434,
      -0.7528162
    ]
  },
  {
    "timeStamp": 47134,
    "rotation": [
      [
        0.221342444,
        -0.969518065,
        -0.105081677
      ],
      [
        -0.3042808,
        -0.17103599,
        0.937101841
      ],
      [
        -0.9265099,
        -0.175446078,
        -0.332863271
      ]
    ],
    "translation": [
      2.18013954,
      0.8644079,
      -0.7520494
    ]
  },
  {
    "timeStamp": 47178,
    "rotation": [
      [
        0.23456642,
        -0.9664264,
        -0.104874723
      ],
      [
        -0.281526566,
        -0.170796856,
        0.9442305
      ],
      [
        -0.930441558,
        -0.191959754,
        -0.3121379
      ]
    ],
    "translation": [
      2.18177629,
      0.8536142,
      -0.750205755
    ]
  },
  {
    "timeStamp": 47233,
    "rotation": [
      [
        0.222130671,
        -0.972794533,
        -0.06579418
      ],
      [
        -0.2662222,
        -0.125429034,
        0.955716133
      ],
      [
        -0.9379679,
        -0.19477801,
        -0.286841154
      ]
    ],
    "translation": [
      2.180294,
      0.842728853,
      -0.7467137
    ]
  },
  {
    "timeStamp": 47278,
    "rotation": [
      [
        0.235403627,
        -0.9705388,
        -0.0513761342
      ],
      [
        -0.238930568,
        -0.109029911,
        0.9648962
      ],
      [
        -0.9420707,
        -0.214864731,
        -0.257557422
      ]
    ],
    "translation": [
      2.17911887,
      0.8367997,
      -0.7431757
    ]
  },
  {
    "timeStamp": 47335,
    "rotation": [
      [
        0.248972535,
        -0.966557145,
        -0.061481256
      ],
      [
        -0.2163336,
        -0.1173765,
        0.9692381
      ],
      [
        -0.9440405,
        -0.228013188,
        -0.238322318
      ]
    ],
    "translation": [
      2.17822433,
      0.8273912,
      -0.7420831
    ]
  }
]