[
  {
    "timeStamp": 34100,
    "rotation": [
      [
        -0.999336839,
        0.00810198952,
        0.03549876
      ],
      [
        0.00731612835,
        0.999726534,
        -0.0222119559
      ],
      [
        -0.03566901,
        -0.0219375137,
        -0.999122858
      ]
    ],
    "translation": [
      1.44887662,
      0.734357834,
      -0.6274793
    ]
  },
  {
    "timeStamp": 34155,
    "rotation": [
      [
        -0.998214066,
        0.009120442,
        0.05903791
      ],
      [
        0.008816568,
        0.999946535,
        -0.00540554523
      ],
      [
        -0.05908405,
        -0.00487537961,
        -0.998241067
      ]
    ],
    "translation": [
      1.44871616,
      0.7359273,
      -0.633190751
    ]
  },
  {
    "timeStamp": 34199,
    "rotation": [
      [
        -0.99723357,
        0.0538829528,
        0.0512048155
      ],
      [
        0.053677585,
        0.9985438,
        -0.00537836924
      ],
      [
        -0.0514200553,
        -0.00261493935,
        -0.9986737
      ]
    ],
    "translation": [
      1.44629061,
      0.7545031,
      -0.6370903
    ]
  },
  {
    "timeStamp": 34255,
    "rotation": [
      [
        -0.9897376,
        0.142839968,
        0.00404675538
      ],
      [
        0.142781571,
        0.9896789,
        -0.0122108962
      ],
      [
        -0.00574919255,
        -0.01150778,
        -0.999917269
      ]
    ],
    "translation": [
      1.44522464,
      0.7926624,
      -0.637254655
    ]
  },
  {
    "timeStamp": 34299,
    "rotation": [
      [
        -0.9730409,
        0.223535508,
        -0.0567744151
      ],
      [
        0.224345416,
        0.9744749,
        -0.008234682
      ],
      [
        0.0534845,
        -0.0207497627,
        -0.998353064
      ]
    ],
    "translation": [
      1.45137179,
      0.8294444,
      -0.63694483
    ]
  },
  {
    "timeStamp": 34355,
    "rotation": [
      [
        -0.9359821,
        0.319528639,
        -0.147780314
      ],
      [
        0.320067436,
        0.947167039,
        0.020771265
      ],
      [
        0.146609649,
        -0.0278581362,
        -0.9888021
      ]
    ],
    "translation": [
      1.46797419,
      0.875398159,
      -0.639499545
    ]
  },
  {
    "timeStamp": 34400,
    "rotation": [
      [
        -0.8921368,
        0.38373518,
        -0.238409653
      ],
      [
        0.381826431,
        0.922531962,
        0.0560655333
      ],
      [
        0.24145484,
        -0.04101298,
        -0.969544947
      ]
    ],
    "translation": [
      1.4888773,
      0.908127844,
      -0.642964363
    ]
  },
  {
    "timeStamp": 34456,
    "rotation": [
      [
        -0.821486,
        0.4703005,
        -0.322456628
      ],
      [
        0.458439678,
        0.88099,
        0.117002636
      ],
      [
        0.339107484,
        -0.05171089,
        -0.939325333
      ]
    ],
    "translation": [
      1.51896954,
      0.945258558,
      -0.6532929
    ]
  },
  {
    "timeStamp": 34500,
    "rotation": [
      [
        -0.7630461,
        0.493269354,
        -0.417667329
      ],
      [
        0.4826929,
        0.8646395,
        0.139305308
      ],
      [
        0.429846734,
        -0.09530869,
        -0.8978574
      ]
    ],
    "translation": [
      1.5489974,
      0.964286864,
      -0.657731354
    ]
  },
  {
    "timeStamp": 34556,
    "rotation": [
      [
        -0.675183058,
        0.5318781,
        -0.51111
      ],
      [
        0.5175744,
        0.835287154,
        0.185504973
      ],
      [
        0.5255897,
        -0.139287665,
        -0.839258254
      ]
    ],
    "translation": [
      1.590478,
      0.9861171,
      -0.667303
    ]
  },
  {
    "timeStamp": 34600,
    "rotation": [
      [
        -0.6231666,
        0.5268274,
        -0.578027844
      ],
      [
        0.532727063,
        0.827041447,
        0.179455653
      ],
      [
        0.5725951,
        -0.196100309,
        -0.7960399
      ]
    ],
    "translation": [
      1.62545717,
      0.998913467,
      -0.6773502
    ]
  },
  {
    "timeStamp": 34656,
    "rotation": [
      [
        -0.5589744,
        0.5042758,
        -0.658220053
      ],
      [
        0.545390546,
        0.82153213,
        0.1662353
      ],
      [
        0.624577343,
        -0.2660657,
        -0.7342427
      ]
    ],
    "translation": [
      1.675188,
      1.01313353,
      -0.687073231
    ]
  },
  {
    "timeStamp": 34700,
    "rotation": [
      [
        -0.5275113,
        0.460574061,
        -0.713865161
      ],
      [
        0.5598863,
        0.8204628,
        0.115620673
      ],
      [
        0.638951659,
        -0.338692069,
        -0.6906725
      ]
    ],
    "translation": [
      1.71982646,
      1.02661633,
      -0.692581
    ]
  },
  {
    "timeStamp": 34756,
    "rotation": [
      [
        -0.54453063,
        0.368639559,
        -0.7533865
      ],
      [
        0.5454755,
        0.837978363,
        0.015773898
      ],
      [
        0.637136459,
        -0.402364522,
        -0.657388747
      ]
    ],
    "translation": [
      1.77833343,
      1.0403707,
      -0.699871957
    ]
  },
  {
    "timeStamp": 34800,
    "rotation": [
      [
        -0.5551114,
        0.294428229,
        -0.777922451
      ],
      [
        0.5263907,
        0.848495364,
        -0.0544841737
      ],
      [
        0.6440219,
        -0.4397359,
        -0.6259937
      ]
    ],
    "translation": [
      1.82607853,
      1.05135071,
      -0.7032416
    ]
  },
  {
    "timeStamp": 34856,
    "rotation": [
      [
        -0.5946685,
        0.171475634,
        -0.7854715
      ],
      [
        0.4593298,
        0.874301851,
        -0.156883478
      ],
      [
        0.6598375,
        -0.454084128,
        -0.598683655
      ]
    ],
    "translation": [
      1.88668513,
      1.05544341,
      -0.7063137
    ]
  },
  {
    "timeStamp": 34900,
    "rotation": [
      [
        -0.6414086,
        0.101767994,
        -0.7604198
      ],
      [
        0.408138245,
        0.8845337,
        -0.225883335
      ],
      [
        0.649629235,
        -0.455239922,
        -0.608882964
      ]
    ],
    "translation": [
      1.93046331,
      1.05794394,
      -0.7112758
    ]
  },
  {
    "timeStamp": 34955,
    "rotation": [
      [
        -0.6858554,
        0.0458488241,
        -0.726292133
      ],
      [
        0.345126182,
        0.899136066,
        -0.2691511
      ],
      [
        0.640695155,
        -0.43526116,
        -0.632500947
      ]
    ],
    "translation": [
      1.978469,
      1.05665,
      -0.7168615
    ]
  },
  {
    "timeStamp": 35000,
    "rotation": [
      [
        -0.7450319,
        -0.019972872,
        -0.666729748
      ],
      [
        0.2677117,
        0.9065608,
        -0.326309681
      ],
      [
        0.6109484,
        -0.421602458,
        -0.6700697
      ]
    ],
    "translation": [
      2.0114243,
      1.0480057,
      -0.721825957
    ]
  },
  {
    "timeStamp": 35066,
    "rotation": [
      [
        -0.8143086,
        -0.0913404748,
        -0.573200166
      ],
      [
        0.1574075,
        0.9157814,
        -0.3695501
      ],
      [
        0.558681,
        -0.391153842,
        -0.731350958
      ]
    ],
    "translation": [
      2.046425,
      1.02924454,
      -0.729164362
    ]
  },
  {
    "timeStamp": 35100,
    "rotation": [
      [
        -0.8545322,
        -0.09482615,
        -0.510668933
      ],
      [
        0.12341056,
        0.917968035,
        -0.376967639
      ],
      [
        0.5045241,
        -0.385152936,
        -0.772730649
      ]
    ],
    "translation": [
      2.06508946,
      1.017829,
      -0.733336747
    ]
  },
  {
    "timeStamp": 35150,
    "rotation": [
      [
        -0.900784731,
        -0.112922788,
        -0.4193271
      ],
      [
        0.0581284277,
        0.9255576,
        -0.374117821
      ],
      [
        0.430357844,
        -0.361374438,
        -0.8271642
      ]
    ],
    "translation": [
      2.08336568,
      0.9957559,
      -0.741523266
    ]
  },
  {
    "timeStamp": 35206,
    "rotation": [
      [
        -0.9390054,
        -0.108893648,
        -0.3262071
      ],
      [
        0.0134995757,
        0.936143041,
        -0.351360232
      ],
      [
        0.343637377,
        -0.3343328,
        -0.8775733
      ]
    ],
    "translation": [
      2.09471846,
      0.9720861,
      -0.7509798
    ]
  },
  {
    "timeStamp": 35250,
    "rotation": [
      [
        -0.955378354,
        -0.0894434452,
        -0.281517446
      ],
      [
        0.009915367,
        0.9428052,
        -0.33319667
      ],
      [
        0.295218349,
        -0.321120232,
        -0.8998488
      ]
    ],
    "translation": [
      2.10122037,
      0.9569286,
      -0.7530048
    ]
  },
  {
    "timeStamp": 35306,
    "rotation": [
      [
        -0.9703167,
        -0.08337912,
        -0.227009818
      ],
      [
        -0.0104650771,
        0.9522834,
        -0.30503577
      ],
      [
        0.241611287,
        -0.293605626,
        -0.9248891
      ]
    ],
    "translation": [
      2.1075027,
      0.935097,
      -0.755908847
    ]
  },
  {
    "timeStamp": 35351,
    "rotation": [
      [
        -0.980477452,
        -0.07308413,
        -0.18254517
      ],
      [
        -0.0169425886,
        0.9563085,
        -0.291868269
      ],
      [
        0.19590044,
        -0.283077449,
        -0.938877046
      ]
    ],
    "translation": [
      2.11171484,
      0.920968354,
      -0.756061435
    ]
  },
  {
    "timeStamp": 35406,
    "rotation": [
      [
        -0.9871744,
        -0.05977224,
        -0.1480338
      ],
      [
        -0.019195145,
        0.9649777,
        -0.2616289
      ],
      [
        0.158487454,
        -0.255431831,
        -0.9537485
      ]
    ],
    "translation": [
      2.11497951,
      0.9059289,
      -0.7551741
    ]
  },
  {
    "timeStamp": 35450,
    "rotation": [
      [
        -0.991433859,
        -0.06077986,
        -0.115606017
      ],
      [
        -0.0307147037,
        0.968798935,
        -0.245937556
      ],
      [
        0.126947045,
        -0.240280017,
        -0.9623668
      ]
    ],
    "translation": [
      2.1177597,
      0.891149461,
      -0.75839895
    ]
  },
  {
    "timeStamp": 35506,
    "rotation": [
      [
        -0.9935598,
        -0.0494510047,
        -0.101948619
      ],
      [
        -0.02739213,
        0.977878451,
        -0.207372636
      ],
      [
        0.109948143,
        -0.203244522,
        -0.972935259
      ]
    ],
    "translation": [
      2.120843,
      0.8771084,
      -0.7605346
    ]
  },
  {
    "timeStamp": 35551,
    "rotation": [
      [
        -0.9955307,
        -0.0578156449,
        -0.0746720955
      ],
      [
        -0.042990528,
        0.9814648,
        -0.186758265
      ],
      [
        0.08408558,
        -0.182713389,
        -0.9795639
      ]
    ],
    "translation": [
      2.12437654,
      0.8653703,
      -0.765691042
    ]
  },
  {
    "timeStamp": 35608,
    "rotation": [
      [
        -0.996572554,
        -0.0507142842,
        -0.06535471
      ],
      [
        -0.03979358,
        0.986520469,
        -0.158725947
      ],
      [
        0.07252343,
        -0.155581221,
        -0.985157251
      ]
    ],
    "translation": [
      2.12695217,
      0.857069969,
      -0.770517
    ]
  },
  {
    "timeStamp": 35654,
    "rotation": [
      [
        -0.9972858,
        -0.0467036441,
        -0.05691978
      ],
      [
        -0.0381023772,
        0.9888731,
        -0.1437992
      ],
      [
        0.0630023852,
        -0.14124012,
        -0.9879686
      ]
    ],
    "translation": [
      2.12932467,
      0.8521649,
      -0.773835838
    ]
  },
  {
    "timeStamp": 35700,
    "rotation": [
      [
        -0.9975369,
        -0.0441036522,
        -0.0545440055
      ],
      [
        -0.0361544974,
        0.989633739,
        -0.138988972
      ],
      [
        0.06010851,
        -0.136674613,
        -0.9887907
      ]
    ],
    "translation": [
      2.13221264,
      0.846712232,
      -0.7751455
    ]
  },
  {
    "timeStamp": 35755,
    "rotation": [
      [
        -0.9979834,
        -0.03262825,
        -0.05444742
      ],
      [
        -0.024898883,
        0.9902524,
        -0.137040988
      ],
      [
        0.0583880953,
        -0.135408953,
        -0.989067852
      ]
    ],
    "translation": [
      2.135575,
      0.8397317,
      -0.7746744
    ]
  },
  {
    "timeStamp": 35799,
    "rotation": [
      [
        -0.997837543,
        -0.02483757,
        -0.06085462
      ],
      [
        -0.0173904281,
        0.9926236,
        -0.119983248
      ],
      [
        0.06338583,
        -0.1186655,
        -0.99090904
      ]
    ],
    "translation": [
      2.1374073,
      0.832406,
      -0.7741871
    ]
  },
  {
    "timeStamp": 35855,
    "rotation": [
      [
        -0.998099566,
        -0.0305870771,
        -0.05349452
      ],
      [
        -0.0249103289,
        0.994292438,
        -0.103739813
      ],
      [
        0.0563622937,
        -0.1022101,
        -0.993164837
      ]
    ],
    "translation": [
      2.14056182,
      0.8204744,
      -0.774749935
    ]
  },
  {
    "timeStamp": 35900,
    "rotation": [
      [
        -0.9982501,
        -0.02552657,
        -0.0533394143
      ],
      [
        -0.0208153557,
        0.9959833,
        -0.08708582
      ],
      [
        0.05534817,
        -0.08582315,
        -0.9947718
      ]
    ],
    "translation": [
      2.14092636,
      0.8135163,
      -0.774995446
    ]
  },
  {
    "timeStamp": 35955,
    "rotation": [
      [
        -0.998460233,
        -0.0245558582,
        -0.04974014
      ],
      [
        -0.02128941,
        0.997647166,
        -0.0651677549
      ],
      [
        0.05122336,
        -0.0640084743,
        -0.9966338
      ]
    ],
    "translation": [
      2.14183426,
      0.804505467,
      -0.775511563
    ]
  },
  {
    "timeStamp": 35999,
    "rotation": [
      [
        -0.998657167,
        -0.0268247649,
        -0.044319354
      ],
      [
        -0.024454996,
        0.9982858,
        -0.05317369
      ],
      [
        0.0456697531,
        -0.05201846,
        -0.9976013
      ]
    ],
    "translation": [
      2.14306712,
      0.7965388,
      -0.7764098
    ]
  },
  {
    "timeStamp": 36055,
    "rotation": [
      [
        -0.998716056,
        -0.0295699537,
        -0.04113142
      ],
      [
        -0.02832896,
        0.9991352,
        -0.0304339714
      ],
      [
        0.0419957824,
        -0.0292296857,
        -0.9986901
      ]
    ],
    "translation": [
      2.14361453,
      0.7876565,
      -0.7777618
    ]
  },
  {
    "timeStamp": 36099,
    "rotation": [
      [
        -0.998824,
        -0.03634544,
        -0.0320884623
      ],
      [
        -0.0356964469,
        0.999150932,
        -0.0205716342
      ],
      [
        0.0328089,
        -0.0194019973,
        -0.99927336
      ]
    ],
    "translation": [
      2.14529443,
      0.7802487,
      -0.7796216
    ]
  },
  {
    "timeStamp": 36155,
    "rotation": [
      [
        -0.999096632,
        -0.0275706667,
        -0.0323377959
      ],
      [
        -0.0270234626,
        0.999486148,
        -0.0172382966
      ],
      [
        0.03279645,
        -0.0163488444,
        -0.9993283
      ]
    ],
    "translation": [
      2.14536572,
      0.77474004,
      -0.7784968
    ]
  },
  {
    "timeStamp": 36199,
    "rotation": [
      [
        -0.999104738,
        -0.02551189,
        -0.03374839
      ],
      [
        -0.0247976147,
        0.9994631,
        -0.0214166939
      ],
      [
        0.0342766456,
        -0.02056064,
        -0.9992009
      ]
    ],
    "translation": [
      2.14518166,
      0.7703707,
      -0.776396
    ]
  },
  {
    "timeStamp": 36255,
    "rotation": [
      [
        -0.999155641,
        -0.0263207424,
        -0.0315472148
      ],
      [
        -0.026093889,
        0.999630749,
        -0.007581278
      ],
      [
        0.03173511,
        -0.00675168773,
        -0.9994735
      ]
    ],
    "translation": [
      2.14543653,
      0.764811,
      -0.7768359
    ]
  },
  {
    "timeStamp": 36299,
    "rotation": [
      [
        -0.999309957,
        -0.0179249533,
        -0.0325317159
      ],
      [
        -0.0175126512,
        0.99976325,
        -0.0129148616
      ],
      [
        0.0327555127,
        -0.0123362327,
        -0.999387264
      ]
    ],
    "translation": [
      2.1441288,
      0.762339,
      -0.775189042
    ]
  }
]