[
  {
    "timeStamp": 21983,
    "rotation": [
      [
        0.999992967,
        0.00369214686,
        0.0006613284
      ],
      [
        -0.00074018637,
        0.02139795,
        0.999770761
      ],
      [
        0.003677149,
        -0.9997642,
        0.0214005318
      ]
    ],
    "translation": [
      1.46160161,
      0.6992753,
      -0.750085354
    ]
  },
  {
    "timeStamp": 22038,
    "rotation": [
      [
        0.9985573,
        0.01515317,
        0.05151378
      ],
      [
        -0.051670216,
        0.0101196272,
        0.99861294
      ],
      [
        0.0146108549,
        -0.999834,
        0.0108879954
      ]
    ],
    "translation": [
      1.45621836,
      0.7118784,
      -0.7533531
    ]
  },
  {
    "timeStamp": 22083,
    "rotation": [
      [
        0.995097756,
        0.0351146236,
        0.09245206
      ],
      [
        -0.09283156,
        0.009331788,
        0.9956381
      ],
      [
        0.0340987071,
        -0.9993397,
        0.0125457859
      ]
    ],
    "translation": [
      1.456084,
      0.728707254,
      -0.7570529
    ]
  },
  {
    "timeStamp": 22141,
    "rotation": [
      [
        0.987017035,
        0.00188996142,
        0.160604149
      ],
      [
        -0.160512537,
        -0.0241510086,
        0.986738265
      ],
      [
        0.005743657,
        -0.9997065,
        -0.0235340949
      ]
    ],
    "translation": [
      1.47043085,
      0.767529249,
      -0.7482895
    ]
  },
  {
    "timeStamp": 22183,
    "rotation": [
      [
        0.9773468,
        -0.04488995,
        0.206829041
      ],
      [
        -0.209810078,
        -0.07711494,
        0.9746964
      ],
      [
        -0.02780448,
        -0.996011138,
        -0.08478641
      ]
    ],
    "translation": [
      1.49716115,
      0.8094007,
      -0.7371459
    ]
  },
  {
    "timeStamp": 22238,
    "rotation": [
      [
        0.963148355,
        -0.1500277,
        0.223241553
      ],
      [
        -0.248441085,
        -0.178192735,
        0.9521157
      ],
      [
        -0.103063695,
        -0.9724911,
        -0.208899111
      ]
    ],
    "translation": [
      1.54954541,
      0.869274139,
      -0.7101108
    ]
  },
  {
    "timeStamp": 22283,
    "rotation": [
      [
        0.9489375,
        -0.259811163,
        0.17892985
      ],
      [
        -0.248749,
        -0.2674168,
        0.930920064
      ],
      [
        -0.194014549,
        -0.9278936,
        -0.3183896
      ]
    ],
    "translation": [
      1.60695708,
      0.914344132,
      -0.689296
    ]
  },
  {
    "timeStamp": 22338,
    "rotation": [
      [
        0.9236148,
        -0.381262064,
        0.03968741
      ],
      [
        -0.19307819,
        -0.373279542,
        0.907404661
      ],
      [
        -0.331144452,
        -0.8457551,
        -0.418379873
      ]
    ],
    "translation": [
      1.69375193,
      0.9601455,
      -0.6618806
    ]
  },
  {
    "timeStamp": 22383,
    "rotation": [
      [
        0.8712096,
        -0.4882223,
        -0.0513104238
      ],
      [
        -0.177179739,
        -0.410190582,
        0.8946234
      ],
      [
        -0.457822144,
        -0.7703134,
        -0.4438651
      ]
    ],
    "translation": [
      1.76500833,
      0.9884101,
      -0.646265864
    ]
  },
  {
    "timeStamp": 22438,
    "rotation": [
      [
        0.7779702,
        -0.59790343,
        -0.193064436
      ],
      [
        -0.134895921,
        -0.4590631,
        0.8781026
      ],
      [
        -0.6136493,
        -0.657094061,
        -0.437792152
      ]
    ],
    "translation": [
      1.8624717,
      1.01801014,
      -0.632472634
    ]
  },
  {
    "timeStamp": 22483,
    "rotation": [
      [
        0.699295461,
        -0.678947747,
        -0.223642215
      ],
      [
        -0.133294344,
        -0.4312233,
        0.8923447
      ],
      [
        -0.7022952,
        -0.5942024,
        -0.392052382
      ]
    ],
    "translation": [
      1.9319557,
      1.02646911,
      -0.6247845
    ]
  },
  {
    "timeStamp": 22538,
    "rotation": [
      [
        0.5848199,
        -0.768088758,
        -0.2608165
      ],
      [
        -0.119551867,
        -0.399638325,
        0.9088435
      ],
      [
        -0.8023048,
        -0.5003287,
        -0.325542927
      ]
    ],
    "translation": [
      2.01209617,
      1.02762544,
      -0.6198593
    ]
  },
  {
    "timeStamp": 22582,
    "rotation": [
      [
        0.531040967,
        -0.80860287,
        -0.253291965
      ],
      [
        -0.09975628,
        -0.3565049,
        0.9289526
      ],
      [
        -0.8414536,
        -0.4680444,
        -0.269981921
      ]
    ],
    "translation": [
      2.06243443,
      1.01842391,
      -0.6164766
    ]
  },
  {
    "timeStamp": 22638,
    "rotation": [
      [
        0.462673753,
        -0.8591471,
        -0.218630463
      ],
      [
        -0.0699108839,
        -0.2812052,
        0.957097769
      ],
      [
        -0.8837678,
        -0.427539378,
        -0.19017
      ]
    ],
    "translation": [
      2.111101,
      0.996606231,
      -0.6132293
    ]
  },
  {
    "timeStamp": 22683,
    "rotation": [
      [
        0.427094579,
        -0.8813508,
        -0.202017
      ],
      [
        -0.0545023046,
        -0.24810572,
        0.967198551
      ],
      [
        -0.902562857,
        -0.402074844,
        -0.154000267
      ]
    ],
    "translation": [
      2.14172459,
      0.9793055,
      -0.6130029
    ]
  },
  {
    "timeStamp": 22738,
    "rotation": [
      [
        0.3903965,
        -0.900613666,
        -0.191012457
      ],
      [
        -0.0373470522,
        -0.222797841,
        0.974149048
      ],
      [
        -0.919889033,
        -0.373170644,
        -0.120614752
      ]
    ],
    "translation": [
      2.16957355,
      0.9585256,
      -0.6146082
    ]
  },
  {
    "timeStamp": 22779,
    "rotation": [
      [
        0.384977281,
        -0.907981753,
        -0.165413707
      ],
      [
        -0.0396814831,
        -0.195345938,
        0.9799313
      ],
      [
        -0.922072649,
        -0.370687425,
        -0.111233808
      ]
    ],
    "translation": [
      2.17898822,
      0.9446385,
      -0.6155632
    ]
  },
  {
    "timeStamp": 22833,
    "rotation": [
      [
        0.343525648,
        -0.9228368,
        -0.174247965
      ],
      [
        -0.0227628443,
        -0.193666533,
        0.9808033
      ],
      [
        -0.938867331,
        -0.332964718,
        -0.08753581
      ]
    ],
    "translation": [
      2.20132685,
      0.9237758,
      -0.6217202
    ]
  },
  {
    "timeStamp": 22888,
    "rotation": [
      [
        0.3399211,
        -0.927579641,
        -0.15507938
      ],
      [
        -0.00438370463,
        -0.166459411,
        0.986038566
      ],
      [
        -0.9404437,
        -0.334495485,
        -0.0606493
      ]
    ],
    "translation": [
      2.208436,
      0.900909066,
      -0.6245214
    ]
  },
  {
    "timeStamp": 22933,
    "rotation": [
      [
        0.316322118,
        -0.930161655,
        -0.18638584
      ],
      [
        0.0288680289,
        -0.186945215,
        0.9819461
      ],
      [
        -0.9482125,
        -0.315991849,
        -0.03228297
      ]
    ],
    "translation": [
      2.21906233,
      0.887789,
      -0.627491951
    ]
  },
  {
    "timeStamp": 22988,
    "rotation": [
      [
        0.311246932,
        -0.937348247,
        -0.156536013
      ],
      [
        0.0511579178,
        -0.147952735,
        0.9876704
      ],
      [
        -0.948951066,
        -0.315417469,
        0.00190294883
      ]
    ],
    "translation": [
      2.22258377,
      0.86383605,
      -0.629844666
    ]
  },
  {
    "timeStamp": 23033,
    "rotation": [
      [
        0.298243463,
        -0.937329352,
        -0.180179268
      ],
      [
        0.09126605,
        -0.1599007,
        0.98290503
      ],
      [
        -0.9501165,
        -0.309589237,
        0.0378570147
      ]
    ],
    "translation": [
      2.22814274,
      0.8499695,
      -0.6338613
    ]
  },
  {
    "timeStamp": 23088,
    "rotation": [
      [
        0.296706527,
        -0.939476848,
        -0.171313614
      ],
      [
        0.117957242,
        -0.1419636,
        0.9828186
      ],
      [
        -0.9476557,
        -0.3118164,
        0.06869658
      ]
    ],
    "translation": [
      2.22878814,
      0.831799746,
      -0.6373282
    ]
  },
  {
    "timeStamp": 23133,
    "rotation": [
      [
        0.283908248,
        -0.939702153,
        -0.19067286
      ],
      [
        0.141889,
        -0.155493036,
        0.9775937
      ],
      [
        -0.9482952,
        -0.304601252,
        0.08918763
      ]
    ],
    "translation": [
      2.2323637,
      0.8227452,
      -0.640389144
    ]
  },
  {
    "timeStamp": 23188,
    "rotation": [
      [
        0.275577128,
        -0.9452755,
        -0.17467539
      ],
      [
        0.145141974,
        -0.138711989,
        0.9796391
      ],
      [
        -0.950258434,
        -0.295318842,
        0.098973304
      ]
    ],
    "translation": [
      2.234164,
      0.810331,
      -0.643528759
    ]
  },
  {
    "timeStamp": 23233,
    "rotation": [
      [
        0.255254716,
        -0.9506043,
        -0.176625356
      ],
      [
        0.153822482,
        -0.140424281,
        0.978069365
      ],
      [
        -0.954559445,
        -0.276825756,
        0.110380352
      ]
    ],
    "translation": [
      2.23869014,
      0.8030839,
      -0.647725165
    ]
  },
  {
    "timeStamp": 23279,
    "rotation": [
      [
        0.24005723,
        -0.9559091,
        -0.1691462
      ],
      [
        0.159893259,
        -0.132926583,
        0.978143454
      ],
      [
        -0.9575002,
        -0.261855781,
        0.120933436
      ]
    ],
    "translation": [
      2.24172044,
      0.7949306,
      -0.651915133
    ]
  },
  {
    "timeStamp": 23336,
    "rotation": [
      [
        0.2220075,
        -0.9631904,
        -0.151581988
      ],
      [
        0.169044465,
        -0.115085632,
        0.978866339
      ],
      [
        -0.9602795,
        -0.24293974,
        0.13727212
      ]
    ],
    "translation": [
      2.2433362,
      0.7838664,
      -0.656955242
    ]
  },
  {
    "timeStamp": 23381,
    "rotation": [
      [
        0.208157375,
        -0.966822267,
        -0.148071453
      ],
      [
        0.182065785,
        -0.110441193,
        0.9770644
      ],
      [
        -0.9610008,
        -0.230341911,
        0.1530361
      ]
    ],
    "translation": [
      2.245685,
      0.776628256,
      -0.6612787
    ]
  },
  {
    "timeStamp": 23431,
    "rotation": [
      [
        0.1941017,
        -0.9699057,
        -0.146995321
      ],
      [
        0.18773219,
        -0.110349461,
        0.976001859
      ],
      [
        -0.9628506,
        -0.217039376,
        0.160663486
      ]
    ],
    "translation": [
      2.24792933,
      0.7716497,
      -0.6650812
    ]
  },
  {
    "timeStamp": 23481,
    "rotation": [
      [
        0.18204,
        -0.973042965,
        -0.141593948
      ],
      [
        0.197604,
        -0.104860485,
        0.974657357
      ],
      [
        -0.9632311,
        -0.205406144,
        0.173188373
      ]
    ],
    "translation": [
      2.25029349,
      0.7658447,
      -0.6688894
    ]
  },
  {
    "timeStamp": 23537,
    "rotation": [
      [
        0.1724503,
        -0.9757344,
        -0.134919092
      ],
      [
        0.205828011,
        -0.09825211,
        0.973643363
      ],
      [
        -0.9632734,
        -0.1956752,
        0.183889881
      ]
    ],
    "translation": [
      2.25153017,
      0.7604927,
      -0.6725132
    ]
  },
  {
    "timeStamp": 23581,
    "rotation": [
      [
        0.164335534,
        -0.9778607,
        -0.129546553
      ],
      [
        0.210817754,
        -0.0934794,
        0.973045468
      ],
      [
        -0.963612854,
        -0.187216654,
        0.1907884
      ]
    ],
    "translation": [
      2.252438,
      0.756740451,
      -0.675067067
    ]
  },
  {
    "timeStamp": 23637,
    "rotation": [
      [
        0.161871582,
        -0.978749633,
        -0.125884145
      ],
      [
        0.219660863,
        -0.08862828,
        0.9715421
      ],
      [
        -0.962053359,
        -0.1849169,
        0.200646579
      ]
    ],
    "translation": [
      2.25285125,
      0.753099,
      -0.6782016
    ]
  },
  {
    "timeStamp": 23681,
    "rotation": [
      [
        0.1541084,
        -0.980757236,
        -0.119857557
      ],
      [
        0.222728938,
        -0.0837015659,
        0.9712805
      ],
      [
        -0.962622643,
        -0.17637825,
        0.2055439
      ]
    ],
    "translation": [
      2.25312376,
      0.7507907,
      -0.6810851
    ]
  },
  {
    "timeStamp": 23736,
    "rotation": [
      [
        0.145885319,
        -0.9826842,
        -0.114233762
      ],
      [
        0.2375045,
        -0.07730336,
        0.968305647
      ],
      [
        -0.9603693,
        -0.1683926,
        0.222114474
      ]
    ],
    "translation": [
      2.25388813,
      0.7474977,
      -0.686093748
    ]
  },
  {
    "timeStamp": 23781,
    "rotation": [
      [
        0.141896218,
        -0.983291268,
        -0.114033855
      ],
      [
        0.246093929,
        -0.07654078,
        0.966219068
      ],
      [
        -0.958803,
        -0.165165871,
        0.231121168
      ]
    ],
    "translation": [
      2.254278,
      0.7462603,
      -0.6893042
    ]
  },
  {
    "timeStamp": 23837,
    "rotation": [
      [
        0.129500151,
        -0.984961569,
        -0.1143696
      ],
      [
        0.247623324,
        -0.07956269,
        0.965584
      ],
      [
        -0.9601627,
        -0.153363869,
        0.233596087
      ]
    ],
    "translation": [
      2.25549388,
      0.745310068,
      -0.6923178
    ]
  },
  {
    "timeStamp": 23882,
    "rotation": [
      [
        0.13079004,
        -0.9855059,
        -0.108036995
      ],
      [
        0.2427551,
        -0.07382148,
        0.9672747
      ],
      [
        -0.9612304,
        -0.15273641,
        0.22958149
      ]
    ],
    "translation": [
      2.25464439,
      0.74340415,
      -0.69278574
    ]
  },
  {
    "timeStamp": 23937,
    "rotation": [
      [
        0.124734685,
        -0.985083461,
        -0.118540406
      ],
      [
        0.23692745,
        -0.08644483,
        0.967673838
      ],
      [
        -0.9634867,
        -0.148787975,
        0.222610638
      ]
    ],
    "translation": [
      2.254685,
      0.7449198,
      -0.693309665
    ]
  },
  {
    "timeStamp": 23982,
    "rotation": [
      [
        0.122468017,
        -0.9854662,
        -0.117720574
      ],
      [
        0.2274513,
        -0.0875878856,
        0.9698424
      ],
      [
        -0.9660577,
        -0.145550385,
        0.213418826
      ]
    ],
    "translation": [
      2.254394,
      0.7469421,
      -0.6929955
    ]
  }
]