[
  {
    "timeStamp": 0,
    "rotation": [
      [
        -0.9914625,
        -0.0306357257,
        -0.126742139
      ],
      [
        0.0228491,
        0.9161476,
        -0.400189459
      ],
      [
        0.1283746,
        -0.3996688,
        -0.907626
      ]
    ],
    "translation": [
      1.74799347,
      1.56772971,
      -1.54108453
    ]
  },
  {
    "timeStamp": 13,
    "rotation": [
      [
        -0.9915898,
        -0.03033902,
        -0.125814274
      ],
      [
        0.0227890331,
        0.9160142,
        -0.400497854
      ],
      [
        0.127398387,
        -0.399996758,
        -0.907619
      ]
    ],
    "translation": [
      1.74848258,
      1.56774,
      -1.54115582
    ]
  },
  {
    "timeStamp": 26,
    "rotation": [
      [
        -0.994770169,
        -0.0132756624,
        -0.101272367
      ],
      [
        0.0291329138,
        0.913449764,
        -0.4059074
      ],
      [
        0.09789591,
        -0.4067349,
        -0.9082858
      ]
    ],
    "translation": [
      1.76139331,
      1.5680244,
      -1.54195738
    ]
  },
  {
    "timeStamp": 76,
    "rotation": [
      [
        -0.9981344,
        0.0222913884,
        -0.05684112
      ],
      [
        0.044041913,
        0.9076414,
        -0.4174295
      ],
      [
        0.0422862731,
        -0.419154137,
        -0.9069298
      ]
    ],
    "translation": [
      1.77995586,
      1.565991,
      -1.54245448
    ]
  },
  {
    "timeStamp": 132,
    "rotation": [
      [
        -0.995396137,
        0.0954909846,
        0.008252998
      ],
      [
        0.08165593,
        0.889957249,
        -0.448674083
      ],
      [
        -0.0501891449,
        -0.445934534,
        -0.8936574
      ]
    ],
    "translation": [
      1.80309772,
      1.55876493,
      -1.53986764
    ]
  },
  {
    "timeStamp": 176,
    "rotation": [
      [
        -0.983338058,
        0.165765464,
        0.07461953
      ],
      [
        0.110328063,
        0.870439231,
        -0.479753375
      ],
      [
        -0.1444783,
        -0.463527143,
        -0.8742246
      ]
    ],
    "translation": [
      1.82523322,
      1.55054879,
      -1.53470254
    ]
  },
  {
    "timeStamp": 232,
    "rotation": [
      [
        -0.95108,
        0.260881245,
        0.16549243
      ],
      [
        0.139934659,
        0.8413384,
        -0.5220804
      ],
      [
        -0.275436133,
        -0.473382145,
        -0.8366865
      ]
    ],
    "translation": [
      1.85575819,
      1.53790092,
      -1.52348614
    ]
  },
  {
    "timeStamp": 349,
    "rotation": [
      [
        -0.9492572,
        0.264522344,
        0.170113578
      ],
      [
        0.140275985,
        0.8402281,
        -0.5237742
      ],
      [
        -0.2814842,
        -0.4733336,
        -0.8346987
      ]
    ],
    "translation": [
      1.85621977,
      1.53708148,
      -1.52166963
    ]
  },
  {
    "timeStamp": 350,
    "rotation": [
      [
        -0.9393743,
        0.285554379,
        0.189827576
      ],
      [
        0.1456065,
        0.8334061,
        -0.533135056
      ],
      [
        -0.3104425,
        -0.473173261,
        -0.8244589
      ]
    ],
    "translation": [
      1.86320508,
      1.53416228,
      -1.5185473
    ]
  },
  {
    "timeStamp": 399,
    "rotation": [
      [
        -0.6929307,
        0.5665964,
        0.445887417
      ],
      [
        0.166358158,
        0.7273801,
        -0.6657651
      ],
      [
        -0.7015497,
        -0.387152076,
        -0.5982819
      ]
    ],
    "translation": [
      1.94860208,
      1.48921633,
      -1.4519558
    ]
  },
  {
    "timeStamp": 443,
    "rotation": [
      [
        -0.551996469,
        0.650173962,
        0.522085965
      ],
      [
        0.14395459,
        0.69102174,
        -0.7083545
      ],
      [
        -0.8213264,
        -0.3158525,
        -0.4750371
      ]
    ],
    "translation": [
      1.97978926,
      1.47113693,
      -1.41537333
    ]
  },
  {
    "timeStamp": 499,
    "rotation": [
      [
        -0.430503428,
        0.6983729,
        0.5717885
      ],
      [
        0.117825545,
        0.671560645,
        -0.7315213
      ],
      [
        -0.894865334,
        -0.247551143,
        -0.37139532
      ]
    ],
    "translation": [
      2.00167561,
      1.45714259,
      -1.38212657
    ]
  },
  {
    "timeStamp": 544,
    "rotation": [
      [
        -0.278161228,
        0.7445261,
        0.6068833
      ],
      [
        0.08442323,
        0.648323357,
        -0.756670058
      ],
      [
        -0.95681715,
        -0.159241229,
        -0.243193716
      ]
    ],
    "translation": [
      2.02715969,
      1.43780851,
      -1.33843136
    ]
  },
  {
    "timeStamp": 589,
    "rotation": [
      [
        -0.149558857,
        0.7668015,
        0.6242176
      ],
      [
        0.0509682372,
        0.636457741,
        -0.7696258
      ],
      [
        -0.9874383,
        -0.08328909,
        -0.134270415
      ]
    ],
    "translation": [
      2.04305124,
      1.42067289,
      -1.30082345
    ]
  },
  {
    "timeStamp": 644,
    "rotation": [
      [
        0.026748497,
        0.7850343,
        0.61887455
      ],
      [
        0.008049279,
        0.618906856,
        -0.78542316
      ],
      [
        -0.999609768,
        0.0259903837,
        0.0102358684
      ]
    ],
    "translation": [
      2.05803871,
      1.39708436,
      -1.252068
    ]
  },
  {
    "timeStamp": 689,
    "rotation": [
      [
        0.16365172,
        0.789650142,
        0.5913297
      ],
      [
        -0.0305570364,
        0.6031807,
        -0.797019
      ],
      [
        -0.9860448,
        0.11236424,
        0.122840919
      ]
    ],
    "translation": [
      2.064637,
      1.37735128,
      -1.21498156
    ]
  },
  {
    "timeStamp": 745,
    "rotation": [
      [
        0.307310075,
        0.7848649,
        0.5380963
      ],
      [
        -0.08465043,
        0.5857642,
        -0.806048751
      ],
      [
        -0.947836936,
        0.202156812,
        0.246450379
      ]
    ],
    "translation": [
      2.068359,
      1.351033,
      -1.17189837
    ]
  },
  {
    "timeStamp": 790,
    "rotation": [
      [
        0.401450247,
        0.775060833,
        0.48797372
      ],
      [
        -0.126385957,
        0.574574649,
        -0.808635
      ],
      [
        -0.9071187,
        0.2629537,
        0.328619927
      ]
    ],
    "translation": [
      2.06852841,
      1.32889318,
      -1.14138567
    ]
  },
  {
    "timeStamp": 847,
    "rotation": [
      [
        0.495542,
        0.7638288,
        0.413525879
      ],
      [
        -0.166400269,
        0.550758362,
        -0.8179096
      ],
      [
        -0.8524958,
        0.336497724,
        0.400025219
      ]
    ],
    "translation": [
      2.06553078,
      1.29990149,
      -1.10919964
    ]
  },
  {
    "timeStamp": 892,
    "rotation": [
      [
        0.54694283,
        0.7499387,
        0.37208268
      ],
      [
        -0.187150151,
        0.542734265,
        -0.81878835
      ],
      [
        -0.8159831,
        0.3781951,
        0.437195748
      ]
    ],
    "translation": [
      2.06340766,
      1.27758384,
      -1.087707
    ]
  },
  {
    "timeStamp": 948,
    "rotation": [
      [
        0.592782,
        0.7315673,
        0.336776823
      ],
      [
        -0.20333682,
        0.5405711,
        -0.816355944
      ],
      [
        -0.7792712,
        0.415442,
        0.4691954
      ]
    ],
    "translation": [
      2.06055975,
      1.24978828,
      -1.06502688
    ]
  },
  {
    "timeStamp": 993,
    "rotation": [
      [
        0.623783648,
        0.716760635,
        0.311686128
      ],
      [
        -0.210904658,
        0.5383463,
        -0.8159059
      ],
      [
        -0.7526043,
        0.443212718,
        0.486979753
      ]
    ],
    "translation": [
      2.05718851,
      1.22802782,
      -1.049807
    ]
  },
  {
    "timeStamp": 1048,
    "rotation": [
      [
        0.663598657,
        0.697837353,
        0.269554973
      ],
      [
        -0.23079291,
        0.533723354,
        -0.813556433
      ],
      [
        -0.7115978,
        0.477663577,
        0.515234
      ]
    ],
    "translation": [
      2.05153275,
      1.20302832,
      -1.03338957
    ]
  },
  {
    "timeStamp": 1093,
    "rotation": [
      [
        0.6835218,
        0.6882446,
        0.243140474
      ],
      [
        -0.2473564,
        0.5317933,
        -0.809944868
      ],
      [
        -0.686740637,
        0.4934726,
        0.533734
      ]
    ],
    "translation": [
      2.04778385,
      1.18454671,
      -1.02217019
    ]
  },
  {
    "timeStamp": 1148,
    "rotation": [
      [
        0.697255552,
        0.6804686,
        0.225382134
      ],
      [
        -0.2622764,
        0.5347949,
        -0.8032468
      ],
      [
        -0.6671175,
        0.5009559,
        0.551359653
      ]
    ],
    "translation": [
      2.042924,
      1.16252542,
      -1.010558
    ]
  },
  {
    "timeStamp": 1192,
    "rotation": [
      [
        0.708399355,
        0.67279315,
        0.21335344
      ],
      [
        -0.271564484,
        0.5388203,
        -0.7974493
      ],
      [
        -0.6514776,
        0.5069733,
        0.5644067
      ]
    ],
    "translation": [
      2.03794527,
      1.144948,
      -1.003878
    ]
  },
  {
    "timeStamp": 1248,
    "rotation": [
      [
        0.7156556,
        0.6703107,
        0.196266785
      ],
      [
        -0.284644723,
        0.53651166,
        -0.794438541
      ],
      [
        -0.637820065,
        0.5126781,
        0.574758
      ]
    ],
    "translation": [
      2.029283,
      1.12488973,
      -0.996761441
    ]
  },
  {
    "timeStamp": 1293,
    "rotation": [
      [
        0.7180551,
        0.6705808,
        0.186328426
      ],
      [
        -0.2899673,
        0.531618357,
        -0.795802057
      ],
      [
        -0.632705152,
        0.5174006,
        0.5761778
      ]
    ],
    "translation": [
      2.020453,
      1.11070848,
      -0.992578864
    ]
  },
  {
    "timeStamp": 1348,
    "rotation": [
      [
        0.7235466,
        0.665369332,
        0.183749735
      ],
      [
        -0.2882285,
        0.533100963,
        -0.795441866
      ],
      [
        -0.627219737,
        0.522577345,
        0.5775018
      ]
    ],
    "translation": [
      2.00731659,
      1.0966152,
      -0.987337232
    ]
  },
  {
    "timeStamp": 1392,
    "rotation": [
      [
        0.7341338,
        0.6545406,
        0.1806218
      ],
      [
        -0.2873758,
        0.5405239,
        -0.79072696
      ],
      [
        -0.615193248,
        0.528593063,
        0.584916
      ]
    ],
    "translation": [
      1.99438393,
      1.08781826,
      -0.9833591
    ]
  },
  {
    "timeStamp": 1448,
    "rotation": [
      [
        0.7556025,
        0.6328859,
        0.16887942
      ],
      [
        -0.294479072,
        0.558505237,
        -0.775470138
      ],
      [
        -0.585104167,
        0.5362157,
        0.6083796
      ]
    ],
    "translation": [
      1.97395027,
      1.07750642,
      -0.980861545
    ]
  },
  {
    "timeStamp": 1492,
    "rotation": [
      [
        0.77101475,
        0.617082834,
        0.1573055
      ],
      [
        -0.2986554,
        0.56855464,
        -0.766518533
      ],
      [
        -0.5624422,
        0.544016957,
        0.6226591
      ]
    ],
    "translation": [
      1.95529175,
      1.071865,
      -0.979676962
    ]
  },
  {
    "timeStamp": 1548,
    "rotation": [
      [
        0.784145355,
        0.6004847,
        0.156634122
      ],
      [
        -0.294581622,
        0.582325339,
        -0.757706344
      ],
      [
        -0.5462031,
        0.548010349,
        0.6335195
      ]
    ],
    "translation": [
      1.92814159,
      1.06659818,
      -0.9828285
    ]
  },
  {
    "timeStamp": 1592,
    "rotation": [
      [
        0.797981739,
        0.5778579,
        0.171188056
      ],
      [
        -0.279200822,
        0.606175363,
        -0.7447136
      ],
      [
        -0.534108639,
        0.546472,
        0.6450553
      ]
    ],
    "translation": [
      1.9030118,
      1.06378043,
      -0.9864806
    ]
  },
  {
    "timeStamp": 1648,
    "rotation": [
      [
        0.8273517,
        0.532087743,
        0.179921687
      ],
      [
        -0.2537415,
        0.639839232,
        -0.725410938
      ],
      [
        -0.5011032,
        0.5545164,
        0.6643848
      ]
    ],
    "translation": [
      1.86829352,
      1.06143212,
      -0.9911101
    ]
  },
  {
    "timeStamp": 1692,
    "rotation": [
      [
        0.8451114,
        0.4966023,
        0.197921231
      ],
      [
        -0.22942698,
        0.6713202,
        -0.7047641
      ],
      [
        -0.482855976,
        0.550195754,
        0.681274354
      ]
    ],
    "translation": [
      1.83743191,
      1.058746,
      -0.996615648
    ]
  },
  {
    "timeStamp": 1748,
    "rotation": [
      [
        0.8686875,
        0.450234,
        0.2065706
      ],
      [
        -0.199240625,
        0.699360549,
        -0.6864387
      ],
      [
        -0.453525364,
        0.5551434,
        0.6972306
      ]
    ],
    "translation": [
      1.79693389,
      1.05474913,
      -1.00478065
    ]
  },
  {
    "timeStamp": 1792,
    "rotation": [
      [
        0.885315,
        0.421501577,
        0.196351171
      ],
      [
        -0.180209413,
        0.7002834,
        -0.69074434
      ],
      [
        -0.4286513,
        0.576142,
        0.695929945
      ]
    ],
    "translation": [
      1.76515949,
      1.05660236,
      -1.0122242
    ]
  },
  {
    "timeStamp": 1847,
    "rotation": [
      [
        0.8927166,
        0.409323126,
        0.188445508
      ],
      [
        -0.167631418,
        0.6898394,
        -0.7042878
      ],
      [
        -0.418278426,
        0.59714,
        0.6844465
      ]
    ],
    "translation": [
      1.72678781,
      1.07007909,
      -1.02079654
    ]
  },
  {
    "timeStamp": 1891,
    "rotation": [
      [
        0.899926066,
        0.393262446,
        0.188355461
      ],
      [
        -0.158277884,
        0.697116,
        -0.6992692
      ],
      [
        -0.406301916,
        0.599478066,
        0.6895976
      ]
    ],
    "translation": [
      1.69371128,
      1.08531535,
      -1.02675736
    ]
  },
  {
    "timeStamp": 1947,
    "rotation": [
      [
        0.9296314,
        0.332931846,
        0.157929942
      ],
      [
        -0.1483748,
        0.730506241,
        -0.6665925
      ],
      [
        -0.3372987,
        0.596252441,
        0.7285002
      ]
    ],
    "translation": [
      1.65153384,
      1.10285139,
      -1.03127789
    ]
  },
  {
    "timeStamp": 1991,
    "rotation": [
      [
        0.963745952,
        0.247954935,
        0.09854974
      ],
      [
        -0.132482186,
        0.7652864,
        -0.6299089
      ],
      [
        -0.2316078,
        0.5940161,
        0.7703913
      ]
    ],
    "translation": [
      1.61894894,
      1.11418664,
      -1.03291726
    ]
  },
  {
    "timeStamp": 2047,
    "rotation": [
      [
        0.988722444,
        0.149730444,
        -0.00294394279
      ],
      [
        -0.121784873,
        0.7924369,
        -0.5976723
      ],
      [
        -0.08715685,
        0.591290534,
        0.801735044
      ]
    ],
    "translation": [
      1.58103526,
      1.123589,
      -1.0364449
    ]
  },
  {
    "timeStamp": 2091,
    "rotation": [
      [
        0.992911637,
        0.0913878754,
        -0.0759920552
      ],
      [
        -0.118636347,
        0.8008192,
        -0.587038338
      ],
      [
        0.007207713,
        0.5918926,
        0.805984557
      ]
    ],
    "translation": [
      1.55519676,
      1.12789214,
      -1.040645
    ]
  },
  {
    "timeStamp": 2146,
    "rotation": [
      [
        0.9888795,
        0.03414979,
        -0.144744918
      ],
      [
        -0.112807386,
        0.8064692,
        -0.5804153
      ],
      [
        0.09691125,
        0.590289056,
        0.8013532
      ]
    ],
    "translation": [
      1.5308553,
      1.131805,
      -1.04656374
    ]
  },
  {
    "timeStamp": 2191,
    "rotation": [
      [
        0.985146463,
        -0.000457313552,
        -0.1717157
      ],
      [
        -0.1000747,
        0.811090231,
        -0.5762965
      ],
      [
        0.139540479,
        0.5849209,
        0.798996866
      ]
    ],
    "translation": [
      1.51910472,
      1.13425612,
      -1.0511831
    ]
  },
  {
    "timeStamp": 2247,
    "rotation": [
      [
        0.984676063,
        -0.02725762,
        -0.172250092
      ],
      [
        -0.0775442,
        0.8162617,
        -0.5724541
      ],
      [
        0.1562049,
        0.5770388,
        0.8016397
      ]
    ],
    "translation": [
      1.5130887,
      1.13604176,
      -1.05620825
    ]
  },
  {
    "timeStamp": 2292,
    "rotation": [
      [
        0.9868474,
        -0.0336688124,
        -0.1581094
      ],
      [
        -0.0634413362,
        0.818939567,
        -0.5703623
      ],
      [
        0.148685455,
        0.572891235,
        0.8060325
      ]
    ],
    "translation": [
      1.514441,
      1.1370188,
      -1.05915868
    ]
  },
  {
    "timeStamp": 2347,
    "rotation": [
      [
        0.990193,
        -0.0306789689,
        -0.136295855
      ],
      [
        -0.052281145,
        0.823331058,
        -0.565148354
      ],
      [
        0.129554778,
        0.5667317,
        0.813652754
      ]
    ],
    "translation": [
      1.52283776,
      1.13844049,
      -1.06029654
    ]
  },
  {
    "timeStamp": 2392,
    "rotation": [
      [
        0.992865741,
        -0.0181504637,
        -0.117847733
      ],
      [
        -0.0512386262,
        0.8274936,
        -0.5591323
      ],
      [
        0.107666753,
        0.561181664,
        0.820660055
      ]
    ],
    "translation": [
      1.53430331,
      1.13933027,
      -1.058768
    ]
  },
  {
    "timeStamp": 2448,
    "rotation": [
      [
        0.9932801,
        0.00576249743,
        -0.115591444
      ],
      [
        -0.06843307,
        0.834700763,
        -0.5464353
      ],
      [
        0.0933354348,
        0.5506736,
        0.8294861
      ]
    ],
    "translation": [
      1.55251241,
      1.13889563,
      -1.05366719
    ]
  },
  {
    "timeStamp": 2492,
    "rotation": [
      [
        0.989899158,
        0.0197272245,
        -0.140394241
      ],
      [
        -0.09227292,
        0.8414708,
        -0.532365143
      ],
      [
        0.107635565,
        0.5399424,
        0.8347915
      ]
    ],
    "translation": [
      1.570126,
      1.13664222,
      -1.04706669
    ]
  },
  {
    "timeStamp": 2547,
    "rotation": [
      [
        0.9834371,
        0.0337335877,
        -0.178082868
      ],
      [
        -0.1172436,
        0.867680132,
        -0.48309952
      ],
      [
        0.138222277,
        0.495977074,
        0.8572639
      ]
    ],
    "translation": [
      1.59917724,
      1.13309717,
      -1.03345609
    ]
  },
  {
    "timeStamp": 2592,
    "rotation": [
      [
        0.9840363,
        0.046430137,
        -0.171804652
      ],
      [
        -0.118327811,
        0.89177233,
        -0.436738729
      ],
      [
        0.1329328,
        0.450096041,
        0.8830303
      ]
    ],
    "translation": [
      1.63018274,
      1.13046014,
      -1.020488
    ]
  },
  {
    "timeStamp": 2647,
    "rotation": [
      [
        0.9918039,
        0.07605105,
        -0.102670722
      ],
      [
        -0.112428784,
        0.9012308,
        -0.418500572
      ],
      [
        0.0607026145,
        0.426613629,
        0.9023946
      ]
    ],
    "translation": [
      1.67540765,
      1.12572157,
      -1.00572014
    ]
  },
  {
    "timeStamp": 2692,
    "rotation": [
      [
        0.9944049,
        0.103765413,
        -0.01978949
      ],
      [
        -0.102151245,
        0.8968617,
        -0.430353642
      ],
      [
        -0.0269073881,
        0.4299673,
        0.9024434
      ]
    ],
    "translation": [
      1.71253657,
      1.12370753,
      -0.994956732
    ]
  },
  {
    "timeStamp": 2747,
    "rotation": [
      [
        0.9846222,
        0.121713929,
        0.125318751
      ],
      [
        -0.0481569953,
        0.8786581,
        -0.4750166
      ],
      [
        -0.167928472,
        0.4616769,
        0.8710077
      ]
    ],
    "translation": [
      1.75682425,
      1.12532866,
      -0.9856621
    ]
  },
  {
    "timeStamp": 2792,
    "rotation": [
      [
        0.955038369,
        0.152008,
        0.2545489
      ],
      [
        0.00304312259,
        0.8534934,
        -0.5210948
      ],
      [
        -0.29646638,
        0.498440176,
        0.8146564
      ]
    ],
    "translation": [
      1.7853514,
      1.12952125,
      -0.9825051
    ]
  },
  {
    "timeStamp": 2847,
    "rotation": [
      [
        0.895357966,
        0.221452057,
        0.386384517
      ],
      [
        0.0302913841,
        0.8353109,
        -0.5489427
      ],
      [
        -0.444315732,
        0.503204346,
        0.7411942
      ]
    ],
    "translation": [
      1.80906248,
      1.14016414,
      -0.9776858
    ]
  },
  {
    "timeStamp": 2891,
    "rotation": [
      [
        0.847990453,
        0.2728415,
        0.4543893
      ],
      [
        0.0427393131,
        0.8193265,
        -0.571731865
      ],
      [
        -0.5282854,
        0.504243433,
        0.6831201
      ]
    ],
    "translation": [
      1.81659639,
      1.146832,
      -0.975930333
    ]
  },
  {
    "timeStamp": 2947,
    "rotation": [
      [
        0.8151818,
        0.2845424,
        0.504494
      ],
      [
        0.08134684,
        0.8061337,
        -0.58611536
      ],
      [
        -0.5734643,
        0.5188296,
        0.6339989
      ]
    ],
    "translation": [
      1.81704855,
      1.15455365,
      -0.9767945
    ]
  },
  {
    "timeStamp": 2992,
    "rotation": [
      [
        0.7966431,
        0.2713904,
        0.5400991
      ],
      [
        0.114258312,
        0.8098168,
        -0.5754492
      ],
      [
        -0.5935527,
        0.5201385,
        0.6141263
      ]
    ],
    "translation": [
      1.812722,
      1.15711319,
      -0.978349566
    ]
  },
  {
    "timeStamp": 3047,
    "rotation": [
      [
        0.77620244,
        0.273793668,
        0.567932069
      ],
      [
        0.127023548,
        0.814406633,
        -0.566221535
      ],
      [
        -0.6175555,
        0.5116433,
        0.597366154
      ]
    ],
    "translation": [
      1.79918742,
      1.1539818,
      -0.9827926
    ]
  },
  {
    "timeStamp": 3092,
    "rotation": [
      [
        0.7600308,
        0.2710804,
        0.590651035
      ],
      [
        0.132279977,
        0.825298,
        -0.54898566
      ],
      [
        -0.6362824,
        0.495377332,
        0.591393352
      ]
    ],
    "translation": [
      1.78400612,
      1.14692557,
      -0.987171769
    ]
  },
  {
    "timeStamp": 3147,
    "rotation": [
      [
        0.754590452,
        0.243085355,
        0.6095102
      ],
      [
        0.145873234,
        0.84347105,
        -0.516988933
      ],
      [
        -0.639776647,
        0.479026139,
        0.601015568
      ]
    ],
    "translation": [
      1.76050913,
      1.13323367,
      -0.993809462
    ]
  },
  {
    "timeStamp": 3191,
    "rotation": [
      [
        0.7633566,
        0.223094851,
        0.606230438
      ],
      [
        0.144994646,
        0.8553496,
        -0.497346669
      ],
      [
        -0.6294944,
        0.46755302,
        0.6205892
      ]
    ],
    "translation": [
      1.73966014,
      1.121488,
      -0.998919
    ]
  },
  {
    "timeStamp": 3247,
    "rotation": [
      [
        0.8071483,
        0.207838953,
        0.5525528
      ],
      [
        0.136145324,
        0.8452132,
        -0.516797066
      ],
      [
        -0.5744355,
        0.49235934,
        0.653916061
      ]
    ],
    "translation": [
      1.71502948,
      1.1173687,
      -0.9990554
    ]
  },
  {
    "timeStamp": 3291,
    "rotation": [
      [
        0.857640445,
        0.194963425,
        0.475859284
      ],
      [
        0.123408906,
        0.8202772,
        -0.558494
      ],
      [
        -0.4992224,
        0.5377123,
        0.679442763
      ]
    ],
    "translation": [
      1.6925472,
      1.12101662,
      -1.003383
    ]
  },
  {
    "timeStamp": 3347,
    "rotation": [
      [
        0.9151252,
        0.1714749,
        0.364886671
      ],
      [
        0.06093498,
        0.8358214,
        -0.545609236
      ],
      [
        -0.398538381,
        0.5215351,
        0.75443244
      ]
    ],
    "translation": [
      1.66144371,
      1.13300037,
      -1.00750613
    ]
  },
  {
    "timeStamp": 3391,
    "rotation": [
      [
        0.952236354,
        0.13985914,
        0.2714504
      ],
      [
        0.0159828849,
        0.864900351,
        -0.5016891
      ],
      [
        -0.304943353,
        0.482065141,
        0.821354151
      ]
    ],
    "translation": [
      1.63639832,
      1.14004886,
      -1.0097208
    ]
  },
  {
    "timeStamp": 3447,
    "rotation": [
      [
        0.985724449,
        0.0500160679,
        0.16076602
      ],
      [
        0.03242894,
        0.8805768,
        -0.4727926
      ],
      [
        -0.165214062,
        0.4712567,
        0.8663841
      ]
    ],
    "translation": [
      1.60958385,
      1.144584,
      -1.01385725
    ]
  },
  {
    "timeStamp": 3491,
    "rotation": [
      [
        0.9959616,
        -0.0120034795,
        0.08897383
      ],
      [
        0.0526866652,
        0.8805749,
        -0.4709692
      ],
      [
        -0.07269485,
        0.473754972,
        0.8776512
      ]
    ],
    "translation": [
      1.59173417,
      1.1471591,
      -1.01786482
    ]
  },
  {
    "timeStamp": 3547,
    "rotation": [
      [
        0.99912256,
        -0.03317311,
        0.0255667362
      ],
      [
        0.0413478464,
        0.878463447,
        -0.4760171
      ],
      [
        -0.00666847639,
        0.476656526,
        0.8790643
      ]
    ],
    "translation": [
      1.57329762,
      1.1505506,
      -1.02055132
    ]
  },
  {
    "timeStamp": 3591,
    "rotation": [
      [
        0.998949945,
        -0.0449577421,
        -0.008820973
      ],
      [
        0.0354998372,
        0.8812664,
        -0.4712847
      ],
      [
        0.0289615244,
        0.470476657,
        0.881937
      ]
    ],
    "translation": [
      1.56158531,
      1.15196609,
      -1.02036321
    ]
  },
  {
    "timeStamp": 3647,
    "rotation": [
      [
        0.9957396,
        -0.07987606,
        -0.0460713543
      ],
      [
        0.048023846,
        0.8757445,
        -0.480380356
      ],
      [
        0.07871762,
        0.4761212,
        0.8758494
      ]
    ],
    "translation": [
      1.55097675,
      1.15067339,
      -1.01852417
    ]
  },
  {
    "timeStamp": 3691,
    "rotation": [
      [
        0.992919862,
        -0.101083286,
        -0.0623883046
      ],
      [
        0.0562912,
        0.8629055,
        -0.502220333
      ],
      [
        0.1046013,
        0.495152622,
        0.8624862
      ]
    ],
    "translation": [
      1.54487848,
      1.14736307,
      -1.01738214
    ]
  },
  {
    "timeStamp": 3747,
    "rotation": [
      [
        0.991577446,
        -0.107651249,
        -0.07200976
      ],
      [
        0.052930057,
        0.8442708,
        -0.5332965
      ],
      [
        0.118205771,
        0.5249933,
        0.842857838
      ]
    ],
    "translation": [
      1.53950191,
      1.14302385,
      -1.01589024
    ]
  },
  {
    "timeStamp": 3791,
    "rotation": [
      [
        0.991067946,
        -0.114312537,
        -0.0686800256
      ],
      [
        0.0577809922,
        0.832236946,
        -0.551400959
      ],
      [
        0.1201901,
        0.5425074,
        0.831408441
      ]
    ],
    "translation": [
      1.53763866,
      1.14005435,
      -1.01367986
    ]
  },
  {
    "timeStamp": 3847,
    "rotation": [
      [
        0.991164863,
        -0.1137107,
        -0.06827933
      ],
      [
        0.055668056,
        0.823895931,
        -0.5640004
      ],
      [
        0.120387949,
        0.555216432,
        0.8229468
      ]
    ],
    "translation": [
      1.53697789,
      1.13762271,
      -1.00971317
    ]
  },
  {
    "timeStamp": 3891,
    "rotation": [
      [
        0.992549062,
        -0.102829,
        -0.06536553
      ],
      [
        0.0474699847,
        0.8204087,
        -0.569803655
      ],
      [
        0.1122188,
        0.5624552,
        0.819177151
      ]
    ],
    "translation": [
      1.53747511,
      1.13615215,
      -1.00613844
    ]
  },
  {
    "timeStamp": 3947,
    "rotation": [
      [
        0.9939738,
        -0.08918791,
        -0.06373082
      ],
      [
        0.0368473269,
        0.819406,
        -0.57202816
      ],
      [
        0.10323941,
        0.5662327,
        0.8177544
      ]
    ],
    "translation": [
      1.5392288,
      1.13539267,
      -1.00042355
    ]
  },
  {
    "timeStamp": 3991,
    "rotation": [
      [
        0.995603,
        -0.07381552,
        -0.0576703064
      ],
      [
        0.02750512,
        0.818885267,
        -0.5732978
      ],
      [
        0.08954364,
        0.5691908,
        0.817315
      ]
    ],
    "translation": [
      1.54062128,
      1.13480055,
      -0.9957442
    ]
  },
  {
    "timeStamp": 4047,
    "rotation": [
      [
        0.9971881,
        -0.0529800057,
        -0.0530012473
      ],
      [
        0.01303993,
        0.8191287,
        -0.5734616
      ],
      [
        0.07379684,
        0.571157932,
        0.8175162
      ]
    ],
    "translation": [
      1.54217124,
      1.13417983,
      -0.9894719
    ]
  },
  {
    "timeStamp": 4091,
    "rotation": [
      [
        0.9977577,
        -0.04461483,
        -0.049892
      ],
      [
        0.007684259,
        0.8168592,
        -0.5767859
      ],
      [
        0.0664879456,
        0.5751092,
        0.8153703
      ]
    ],
    "translation": [
      1.54288507,
      1.13338423,
      -0.983893752
    ]
  },
  {
    "timeStamp": 4147,
    "rotation": [
      [
        0.998184,
        -0.03655741,
        -0.047876168
      ],
      [
        0.00179726048,
        0.8125089,
        -0.582946062
      ],
      [
        0.0602108128,
        0.5818014,
        0.811099052
      ]
    ],
    "translation": [
      1.542631,
      1.13249421,
      -0.9762374
    ]
  },
  {
    "timeStamp": 4191,
    "rotation": [
      [
        0.998178244,
        -0.03215143,
        -0.05105317
      ],
      [
        -0.00400452968,
        0.809010267,
        -0.587780833
      ],
      [
        0.06020053,
        0.5869145,
        0.807407737
      ]
    ],
    "translation": [
      1.54194748,
      1.13165069,
      -0.970324755
    ]
  },
  {
    "timeStamp": 4247,
    "rotation": [
      [
        0.9983867,
        -0.0285923,
        -0.0490559228
      ],
      [
        -0.00595837273,
        0.806433141,
        -0.5912953
      ],
      [
        0.0564668141,
        0.590633631,
        0.804961741
      ]
    ],
    "translation": [
      1.54171073,
      1.13064,
      -0.9626571
    ]
  },
  {
    "timeStamp": 4291,
    "rotation": [
      [
        0.9983224,
        -0.0285989325,
        -0.0503427759
      ],
      [
        -0.00671589654,
        0.80642575,
        -0.591297269
      ],
      [
        0.0575081781,
        0.5906434,
        0.804880857
      ]
    ],
    "translation": [
      1.54172838,
      1.13017845,
      -0.956524968
    ]
  },
  {
    "timeStamp": 4341,
    "rotation": [
      [
        0.9984383,
        -0.0284286141,
        -0.04809156
      ],
      [
        -0.00541654369,
        0.8075241,
        -0.5898098
      ],
      [
        0.05560257,
        0.5891492,
        0.806108952
      ]
    ],
    "translation": [
      1.54207015,
      1.13028455,
      -0.9505316
    ]
  },
  {
    "timeStamp": 4392,
    "rotation": [
      [
        0.998509169,
        -0.030294843,
        -0.04540396
      ],
      [
        -0.00202812441,
        0.8106677,
        -0.5855029
      ],
      [
        0.0545452461,
        0.584722161,
        0.809397757
      ]
    ],
    "translation": [
      1.54270482,
      1.13007724,
      -0.9432118
    ]
  },
  {
    "timeStamp": 4441,
    "rotation": [
      [
        0.998540759,
        -0.030757349,
        -0.0443884656
      ],
      [
        -0.0010101787,
        0.8111771,
        -0.5847997
      ],
      [
        0.0539937951,
        0.58399117,
        0.809962332
      ]
    ],
    "translation": [
      1.54369736,
      1.12957978,
      -0.936337948
    ]
  },
  {
    "timeStamp": 4497,
    "rotation": [
      [
        0.9985819,
        -0.027683869,
        -0.04547337
      ],
      [
        -0.00425909273,
        0.8098812,
        -0.5865784
      ],
      [
        0.05306679,
        0.5859403,
        0.8086148
      ]
    ],
    "translation": [
      1.54441369,
      1.12840939,
      -0.9305632
    ]
  },
  {
    "timeStamp": 4541,
    "rotation": [
      [
        0.998392642,
        -0.02751905,
        -0.0495462939
      ],
      [
        -0.00683918828,
        0.8093202,
        -0.587327838
      ],
      [
        0.0562615246,
        0.5867227,
        0.807831168
      ]
    ],
    "translation": [
      1.54512417,
      1.12755823,
      -0.926231146
    ]
  },
  {
    "timeStamp": 4597,
    "rotation": [
      [
        0.9979544,
        -0.0295366272,
        -0.0566971675
      ],
      [
        -0.009529929,
        0.808229,
        -0.5887912
      ],
      [
        0.0632152,
        0.5881271,
        0.8062942
      ]
    ],
    "translation": [
      1.545859,
      1.12619519,
      -0.9218341
    ]
  },
  {
    "timeStamp": 4641,
    "rotation": [
      [
        0.9975791,
        -0.0282644685,
        -0.06353762
      ],
      [
        -0.01468771,
        0.807425857,
        -0.589786232
      ],
      [
        0.06797191,
        0.589291632,
        0.805056036
      ]
    ],
    "translation": [
      1.54658282,
      1.12524807,
      -0.9192598
    ]
  },
  {
    "timeStamp": 4697,
    "rotation": [
      [
        0.997678638,
        -0.0224606227,
        -0.06428677
      ],
      [
        -0.0199062228,
        0.806613147,
        -0.590744436
      ],
      [
        0.06512303,
        0.5906528,
        0.8042937
      ]
    ],
    "translation": [
      1.54841089,
      1.12440991,
      -0.917562962
    ]
  },
  {
    "timeStamp": 4741,
    "rotation": [
      [
        0.998308063,
        -0.0147218741,
        -0.056252066
      ],
      [
        -0.021432355,
        0.8061392,
        -0.59133774
      ],
      [
        0.054052595,
        0.59154284,
        0.8044597
      ]
    ],
    "translation": [
      1.55079317,
      1.12443769,
      -0.917225957
    ]
  },
  {
    "timeStamp": 4797,
    "rotation": [
      [
        0.9994693,
        -0.00233982224,
        -0.032490328
      ],
      [
        -0.0172120556,
        0.808874,
        -0.58773005
      ],
      [
        0.0276557654,
        0.58797735,
        0.808404446
      ]
    ],
    "translation": [
      1.5556196,
      1.12546229,
      -0.9185215
    ]
  },
  {
    "timeStamp": 4842,
    "rotation": [
      [
        0.999915361,
        0.0127815716,
        0.00243819645
      ],
      [
        -0.008992612,
        0.814231157,
        -0.580471158
      ],
      [
        -0.009404589,
        0.5804001,
        0.8142772
      ]
    ],
    "translation": [
      1.56168377,
      1.12701225,
      -0.920492768
    ]
  },
  {
    "timeStamp": 4899,
    "rotation": [
      [
        0.99738884,
        0.0347961672,
        0.06328265
      ],
      [
        0.00727753434,
        0.823382735,
        -0.5674398
      ],
      [
        -0.0718505755,
        0.566418648,
        0.8209795
      ]
    ],
    "translation": [
      1.57073236,
      1.12951446,
      -0.923697
    ]
  },
  {
    "timeStamp": 4945,
    "rotation": [
      [
        0.9828532,
        0.0690043941,
        0.170990974
      ],
      [
        0.0370085463,
        0.834641457,
        -0.549548864
      ],
      [
        -0.180637449,
        0.546454,
        0.8177763
      ]
    ],
    "translation": [
      1.58507919,
      1.13282192,
      -0.9291947
    ]
  },
  {
    "timeStamp": 4990,
    "rotation": [
      [
        0.954988837,
        0.101832159,
        0.278615564
      ],
      [
        0.0657761,
        0.843159556,
        -0.5336249
      ],
      [
        -0.289257526,
        0.527932048,
        0.798509836
      ]
    ],
    "translation": [
      1.59871638,
      1.135289,
      -0.936615944
    ]
  },
  {
    "timeStamp": 5046,
    "rotation": [
      [
        0.8972482,
        0.1428526,
        0.417778343
      ],
      [
        0.10193041,
        0.8536357,
        -0.5107995
      ],
      [
        -0.429599583,
        0.5008983,
        0.751362145
      ]
    ],
    "translation": [
      1.616842,
      1.13896275,
      -0.949128866
    ]
  },
  {
    "timeStamp": 5091,
    "rotation": [
      [
        0.8326853,
        0.171577156,
        0.5264945
      ],
      [
        0.131368563,
        0.862435,
        -0.488823354
      ],
      [
        -0.5379382,
        0.476200849,
        0.6955971
      ]
    ],
    "translation": [
      1.631183,
      1.14232838,
      -0.961423635
    ]
  },
  {
    "timeStamp": 5146,
    "rotation": [
      [
        0.741100669,
        0.2039458,
        0.6396686
      ],
      [
        0.161308676,
        0.870752633,
        -0.4645098
      ],
      [
        -0.651728,
        0.4474326,
        0.6124171
      ]
    ],
    "translation": [
      1.64713311,
      1.14649284,
      -0.9783101
    ]
  },
  {
    "timeStamp": 5190,
    "rotation": [
      [
        0.675942957,
        0.223023534,
        0.702397048
      ],
      [
        0.174922392,
        0.8773166,
        -0.446897924
      ],
      [
        -0.7158934,
        0.4249425,
        0.554004133
      ]
    ],
    "translation": [
      1.65714765,
      1.14932871,
      -0.9909977
    ]
  },
  {
    "timeStamp": 5246,
    "rotation": [
      [
        0.6212551,
        0.239161879,
        0.7462196
      ],
      [
        0.176223919,
        0.8852522,
        -0.430434376
      ],
      [
        -0.763536036,
        0.3989113,
        0.5078214
      ]
    ],
    "translation": [
      1.66650069,
      1.15287793,
      -1.00420988
    ]
  },
  {
    "timeStamp": 5290,
    "rotation": [
      [
        0.593088567,
        0.247220084,
        0.7662429
      ],
      [
        0.170226857,
        0.891675651,
        -0.419448882
      ],
      [
        -0.786936343,
        0.379205465,
        0.486759126
      ]
    ],
    "translation": [
      1.67180026,
      1.15544987,
      -1.01312065
    ]
  },
  {
    "timeStamp": 5346,
    "rotation": [
      [
        0.579595268,
        0.253234923,
        0.774558842
      ],
      [
        0.15152818,
        0.900422752,
        -0.407772124
