[
  {
    "timeStamp": 38695,
    "rotation": [
      [
        0.9906517,
        0.04748573,
        0.127883911
      ],
      [
        -0.04267904,
        0.998285,
        -0.0400693752
      ],
      [
        -0.129567325,
        0.0342368335,
        0.9909794
      ]
    ],
    "translation": [
      1.45764673,
      0.6979476,
      -0.363252878
    ]
  },
  {
    "timeStamp": 38739,
    "rotation": [
      [
        0.981699765,
        0.0805944,
        0.1725402
      ],
      [
        -0.07793739,
        0.9967126,
        -0.0221301075
      ],
      [
        -0.17375657,
        0.008277787,
        0.984753847
      ]
    ],
    "translation": [
      1.45713866,
      0.7085083,
      -0.360836118
    ]
  },
  {
    "timeStamp": 38795,
    "rotation": [
      [
        0.9714923,
        0.152397826,
        0.1815973
      ],
      [
        -0.153368309,
        0.9881302,
        -0.008770805
      ],
      [
        -0.180778429,
        -0.0193305034,
        0.9833339
      ]
    ],
    "translation": [
      1.45658243,
      0.7358831,
      -0.367784
    ]
  },
  {
    "timeStamp": 38839,
    "rotation": [
      [
        0.962698,
        0.201570973,
        0.180504113
      ],
      [
        -0.207534716,
        0.9781189,
        0.0145862335
      ],
      [
        -0.173614323,
        -0.05150301,
        0.983466
      ]
    ],
    "translation": [
      1.46135569,
      0.7629174,
      -0.379867375
    ]
  },
  {
    "timeStamp": 38894,
    "rotation": [
      [
        0.9374568,
        0.2817068,
        0.204489678
      ],
      [
        -0.294446647,
        0.9550573,
        0.0341576077
      ],
      [
        -0.185676917,
        -0.09223258,
        0.978272557
      ]
    ],
    "translation": [
      1.47351336,
      0.8034557,
      -0.3990433
    ]
  },
  {
    "timeStamp": 38939,
    "rotation": [
      [
        0.91713196,
        0.33666864,
        0.213361576
      ],
      [
        -0.355472475,
        0.9330224,
        0.05575417
      ],
      [
        -0.180300459,
        -0.1269781,
        0.9753811
      ]
    ],
    "translation": [
      1.48937535,
      0.837173343,
      -0.421671033
    ]
  },
  {
    "timeStamp": 38995,
    "rotation": [
      [
        0.8984977,
        0.379538924,
        0.220572039
      ],
      [
        -0.408917636,
        0.906381547,
        0.106108159
      ],
      [
        -0.159650236,
        -0.185533732,
        0.9695819
      ]
    ],
    "translation": [
      1.51653016,
      0.875329554,
      -0.456023246
    ]
  },
  {
    "timeStamp": 39039,
    "rotation": [
      [
        0.8797926,
        0.40427804,
        0.250048369
      ],
      [
        -0.444020033,
        0.8867404,
        0.128598556
      ],
      [
        -0.169738442,
        -0.224166542,
        0.9596552
      ]
    ],
    "translation": [
      1.54475272,
      0.9017978,
      -0.483495027
    ]
  },
  {
    "timeStamp": 39094,
    "rotation": [
      [
        0.8468398,
        0.4260236,
        0.3183808
      ],
      [
        -0.488899857,
        0.8592315,
        0.150659084
      ],
      [
        -0.209378481,
        -0.283240438,
        0.9359143
      ]
    ],
    "translation": [
      1.58681643,
      0.930465,
      -0.5163455
    ]
  },
  {
    "timeStamp": 39139,
    "rotation": [
      [
        0.8268271,
        0.4058349,
        0.389428943
      ],
      [
        -0.5026865,
        0.843788,
        0.187957779
      ],
      [
        -0.25231564,
        -0.351169258,
        0.901674569
      ]
    ],
    "translation": [
      1.62624013,
      0.9491116,
      -0.5395363
    ]
  },
  {
    "timeStamp": 39194,
    "rotation": [
      [
        0.8113819,
        0.349805236,
        0.46829024
      ],
      [
        -0.5011769,
        0.8286291,
        0.2493904
      ],
      [
        -0.30080083,
        -0.4370471,
        0.8476489
      ]
    ],
    "translation": [
      1.68248546,
      0.9670863,
      -0.568273246
    ]
  },
  {
    "timeStamp": 39239,
    "rotation": [
      [
        0.805654049,
        0.270135939,
        0.5272079
      ],
      [
        -0.475483477,
        0.8257029,
        0.3035295
      ],
      [
        -0.3533229,
        -0.495218426,
        0.7936761
      ]
    ],
    "translation": [
      1.7325834,
      0.977849245,
      -0.5902355
    ]
  },
  {
    "timeStamp": 39294,
    "rotation": [
      [
        0.785761356,
        0.182075217,
        0.5911242
      ],
      [
        -0.44060263,
        0.835505068,
        0.328329921
      ],
      [
        -0.4341065,
        -0.5184398,
        0.7367304
      ]
    ],
    "translation": [
      1.79987133,
      0.9863215,
      -0.6187823
    ]
  },
  {
    "timeStamp": 39339,
    "rotation": [
      [
        0.768230259,
        0.10395091,
        0.631677449
      ],
      [
        -0.402841151,
        0.8453713,
        0.3508082
      ],
      [
        -0.497535169,
        -0.523967147,
        0.691315532
      ]
    ],
    "translation": [
      1.85564613,
      0.99087584,
      -0.6418167
    ]
  },
  {
    "timeStamp": 39394,
    "rotation": [
      [
        0.7425358,
        -0.02209349,
        0.6694419
      ],
      [
        -0.3416168,
        0.8472009,
        0.406876743
      ],
      [
        -0.576141059,
        -0.530813158,
        0.6215295
      ]
    ],
    "translation": [
      1.92766666,
      0.9919905,
      -0.669545
    ]
  },
  {
    "timeStamp": 39438,
    "rotation": [
      [
        0.732516766,
        -0.129560113,
        0.668306351
      ],
      [
        -0.25036487,
        0.8616436,
        0.441460848
      ],
      [
        -0.6330376,
        -0.4906979,
        0.5987311
      ]
    ],
    "translation": [
      1.98267817,
      0.9852789,
      -0.692531645
    ]
  },
  {
    "timeStamp": 39494,
    "rotation": [
      [
        0.7660603,
        -0.223892167,
        0.602514744
      ],
      [
        -0.136688948,
        0.859188735,
        0.493062764
      ],
      [
        -0.6280668,
        -0.4600729,
        0.6275867
      ]
    ],
    "translation": [
      2.04020858,
      0.9768136,
      -0.7238621
    ]
  },
  {
    "timeStamp": 39539,
    "rotation": [
      [
        0.794692636,
        -0.292552859,
        0.5318613
      ],
      [
        -0.0183704421,
        0.8642031,
        0.5028077
      ],
      [
        -0.606734,
        -0.4093481,
        0.6814015
      ]
    ],
    "translation": [
      2.07933116,
      0.9639436,
      -0.748080254
    ]
  },
  {
    "timeStamp": 39600,
    "rotation": [
      [
        0.841790855,
        -0.347201884,
        0.41332677
      ],
      [
        0.124364756,
        0.8698416,
        0.477398336
      ],
      [
        -0.5252824,
        -0.350466281,
        0.775404334
      ]
    ],
    "translation": [
      2.120047,
      0.941504061,
      -0.775905252
    ]
  },
  {
    "timeStamp": 39644,
    "rotation": [
      [
        0.877203345,
        -0.3882769,
        0.282409817
      ],
      [
        0.249387637,
        0.871116042,
        0.423039764
      ],
      [
        -0.4102683,
        -0.3006624,
        0.8609774
      ]
    ],
    "translation": [
      2.15365982,
      0.9157767,
      -0.7995374
    ]
  },
  {
    "timeStamp": 39689,
    "rotation": [
      [
        0.88595444,
        -0.406973273,
        0.222390145
      ],
      [
        0.30392465,
        0.8716925,
        0.38442418
      ],
      [
        -0.350306183,
        -0.272992462,
        0.8959691
      ]
    ],
    "translation": [
      2.174601,
      0.8945702,
      -0.811286
    ]
  },
  {
    "timeStamp": 39744,
    "rotation": [
      [
        0.909769535,
        -0.382716328,
        0.160771966
      ],
      [
        0.3169952,
        0.8905687,
        0.326192379
      ],
      [
        -0.26801762,
        -0.245795935,
        0.9315314
      ]
    ],
    "translation": [
      2.19043469,
      0.8688664,
      -0.819612861
    ]
  },
  {
    "timeStamp": 39789,
    "rotation": [
      [
        0.920109451,
        -0.3624816,
        0.148343056
      ],
      [
        0.311680526,
        0.907025337,
        0.283126056
      ],
      [
        -0.237178892,
        -0.214271322,
        0.947541
      ]
    ],
    "translation": [
      2.19921327,
      0.847865343,
      -0.8211277
    ]
  },
  {
    "timeStamp": 39844,
    "rotation": [
      [
        0.9333745,
        -0.331727743,
        0.136999115
      ],
      [
        0.295350343,
        0.9268078,
        0.231938571
      ],
      [
        -0.2039123,
        -0.176022813,
        0.9630347
      ]
    ],
    "translation": [
      2.20374322,
      0.825390339,
      -0.8192392
    ]
  },
  {
    "timeStamp": 39889,
    "rotation": [
      [
        0.9455606,
        -0.297265023,
        0.132471517
      ],
      [
        0.2709818,
        0.9445662,
        0.185374245
      ],
      [
        -0.1802334,
        -0.139385208,
        0.9736979
      ]
    ],
    "translation": [
      2.20234632,
      0.808790743,
      -0.8194723
    ]
  },
  {
    "timeStamp": 39938,
    "rotation": [
      [
        0.956939936,
        -0.258713275,
        0.131656572
      ],
      [
        0.242235646,
        0.9616106,
        0.128945157
      ],
      [
        -0.159962192,
        -0.09150085,
        0.9828732
      ]
    ],
    "translation": [
      2.19812155,
      0.7932528,
      -0.822655857
    ]
  },
  {
    "timeStamp": 39990,
    "rotation": [
      [
        0.964437,
        -0.236497417,
        0.118026815
      ],
      [
        0.2261236,
        0.969469547,
        0.09485204
      ],
      [
        -0.136855662,
        -0.06479017,
        0.988469958
      ]
    ],
    "translation": [
      2.19437933,
      0.77486825,
      -0.8245499
    ]
  },
  {
    "timeStamp": 40046,
    "rotation": [
      [
        0.968678832,
        -0.223173484,
        0.1088806
      ],
      [
        0.221412867,
        0.9747736,
        0.0281561986
      ],
      [
        -0.112417653,
        -0.00316674565,
        0.993656
      ]
    ],
    "translation": [
      2.19206,
      0.758464158,
      -0.8313514
    ]
  }
]