[
  {
    "timeStamp": 34774,
    "rotation": [
      [
        0.9999989,
        -0.000962228049,
        -0.00112924888
      ],
      [
        0.000940631668,
        0.9998196,
        -0.0189717244
      ],
      [
        0.00114730024,
        0.0189706422,
        0.999819338
      ]
    ],
    "translation": [
      1.61603761,
      0.6963984,
      -0.620346069
    ]
  },
  {
    "timeStamp": 34818,
    "rotation": [
      [
        0.9999822,
        0.004023805,
        -0.00440514646
      ],
      [
        -0.0041219797,
        0.9997381,
        -0.0225088913
      ],
      [
        0.004313422,
        0.0225266479,
        0.9997369
      ]
    ],
    "translation": [
      1.61628294,
      0.6965765,
      -0.6208059
    ]
  },
  {
    "timeStamp": 34874,
    "rotation": [
      [
        0.9999077,
        0.0114023536,
        0.00738718826
      ],
      [
        -0.0110214036,
        0.998703063,
        -0.04970494
      ],
      [
        -0.007944361,
        0.0496189333,
        0.9987366
      ]
    ],
    "translation": [
      1.61741245,
      0.702679753,
      -0.6261996
    ]
  },
  {
    "timeStamp": 34920,
    "rotation": [
      [
        0.998517036,
        0.0468171462,
        0.0277805142
      ],
      [
        -0.045337487,
        0.9976333,
        -0.0516940765
      ],
      [
        -0.0301349349,
        0.05035792,
        0.9982765
      ]
    ],
    "translation": [
      1.61683464,
      0.7149395,
      -0.6288578
    ]
  },
  {
    "timeStamp": 34974,
    "rotation": [
      [
        0.990830541,
        0.108595937,
        0.08038472
      ],
      [
        -0.105253562,
        0.9934392,
        -0.0447227024
      ],
      [
        -0.08471403,
        0.03585184,
        0.99576
      ]
    ],
    "translation": [
      1.61784661,
      0.736703336,
      -0.629606
    ]
  },
  {
    "timeStamp": 35018,
    "rotation": [
      [
        0.977327347,
        0.163924471,
        0.134014964
      ],
      [
        -0.15938361,
        0.9862352,
        -0.0440108925
      ],
      [
        -0.139384747,
        0.02165326,
        0.990001559
      ]
    ],
    "translation": [
      1.62168634,
      0.7564324,
      -0.6307223
    ]
  },
  {
    "timeStamp": 35074,
    "rotation": [
      [
        0.956813753,
        0.220344737,
        0.189619675
      ],
      [
        -0.21894145,
        0.975319147,
        -0.0285848361
      ],
      [
        -0.191238225,
        -0.0141652441,
        0.9814414
      ]
    ],
    "translation": [
      1.63053381,
      0.7821372,
      -0.634040654
    ]
  },
  {
    "timeStamp": 35118,
    "rotation": [
      [
        0.932920456,
        0.262637764,
        0.2463349
      ],
      [
        -0.262034535,
        0.9643927,
        -0.0358397253
      ],
      [
        -0.246976465,
        -0.0311126448,
        0.9685219
      ]
    ],
    "translation": [
      1.64050078,
      0.8018912,
      -0.6375448
    ]
  },
  {
    "timeStamp": 35174,
    "rotation": [
      [
        0.8890632,
        0.320027143,
        0.327336729
      ],
      [
        -0.3211575,
        0.9455866,
        -0.05219111
      ],
      [
        -0.326227784,
        -0.0587254539,
        0.9434653
      ]
    ],
    "translation": [
      1.65529084,
      0.8274346,
      -0.6417273
    ]
  },
  {
    "timeStamp": 35219,
    "rotation": [
      [
        0.851464152,
        0.3561606,
        0.384913355
      ],
      [
        -0.3612351,
        0.9304223,
        -0.0618347377
      ],
      [
        -0.3801551,
        -0.08639415,
        0.920878947
      ]
    ],
    "translation": [
      1.66933334,
      0.8481344,
      -0.645750463
    ]
  },
  {
    "timeStamp": 35274,
    "rotation": [
      [
        0.8049884,
        0.393284976,
        0.444207817
      ],
      [
        -0.408769667,
        0.9103068,
        -0.06518377
      ],
      [
        -0.430001169,
        -0.129106492,
        0.8935494
      ]
    ],
    "translation": [
      1.68869352,
      0.873356,
      -0.6511156
    ]
  },
  {
    "timeStamp": 35319,
    "rotation": [
      [
        0.7696868,
        0.414730549,
        0.485366732
      ],
      [
        -0.442271858,
        0.894657969,
        -0.06310932
      ],
      [
        -0.460410565,
        -0.166089624,
        0.87203
      ]
    ],
    "translation": [
      1.70551634,
      0.8933747,
      -0.655615568
    ]
  },
  {
    "timeStamp": 35374,
    "rotation": [
      [
        0.7295437,
        0.4272207,
        0.534086645
      ],
      [
        -0.478522271,
        0.87677896,
        -0.0476986542
      ],
      [
        -0.488653779,
        -0.220774114,
        0.84408313
      ]
    ],
    "translation": [
      1.72976315,
      0.9175288,
      -0.660361469
    ]
  },
  {
    "timeStamp": 35418,
    "rotation": [
      [
        0.693785846,
        0.436834484,
        0.5725703
      ],
      [
        -0.5057792,
        0.8615182,
        -0.0444284156
      ],
      [
        -0.5126876,
        -0.258770347,
        0.8186509
      ]
    ],
    "translation": [
      1.751343,
      0.935332239,
      -0.664141834
    ]
  },
  {
    "timeStamp": 35474,
    "rotation": [
      [
        0.658957243,
        0.428704679,
        0.6180516
      ],
      [
        -0.527964056,
        0.848871648,
        -0.0259031951
      ],
      [
        -0.5357513,
        -0.3092399,
        0.785710752
      ]
    ],
    "translation": [
      1.78108251,
      0.954766452,
      -0.668544769
    ]
  },
  {
    "timeStamp": 35518,
    "rotation": [
      [
        0.6345129,
        0.4201288,
        0.6487566
      ],
      [
        -0.5411323,
        0.840799332,
        -0.0152423829
      ],
      [
        -0.5518779,
        -0.341391683,
        0.7608433
      ]
    ],
    "translation": [
      1.80585682,
      0.9682027,
      -0.672700346
    ]
  },
  {
    "timeStamp": 35574,
    "rotation": [
      [
        0.6114715,
        0.41067493,
        0.6763496
      ],
      [
        -0.5558032,
        0.831310749,
        -0.00227797031
      ],
      [
        -0.563192248,
        -0.374524355,
        0.7365773
      ]
    ],
    "translation": [
      1.8355602,
      0.981154561,
      -0.679736257
    ]
  },
  {
    "timeStamp": 35618,
    "rotation": [
      [
        0.6026495,
        0.3987622,
        0.6912324
      ],
      [
        -0.5594518,
        0.828806937,
        0.009629879
      ],
      [
        -0.5690582,
        -0.392514646,
        0.722568333
      ]
    ],
    "translation": [
      1.85770214,
      0.9879628,
      -0.685628951
    ]
  },
  {
    "timeStamp": 35674,
    "rotation": [
      [
        0.5918154,
        0.387730449,
        0.7066963
      ],
      [
        -0.5622371,
        0.8267969,
        0.017215658
      ],
      [
        -0.5776192,
        -0.4075193,
        0.7073076
      ]
    ],
    "translation": [
      1.88277662,
      0.9927669,
      -0.692699552
    ]
  },
  {
    "timeStamp": 35718,
    "rotation": [
      [
        0.5807283,
        0.382602185,
        0.718589067
      ],
      [
        -0.5646459,
        0.8251587,
        0.0169753656
      ],
      [
        -0.5864552,
        -0.4156064,
        0.695227742
      ]
    ],
    "translation": [
      1.90051341,
      0.9946673,
      -0.697062
    ]
  },
  {
    "timeStamp": 35774,
    "rotation": [
      [
        0.5773964,
        0.36997205,
        0.7278283
      ],
      [
        -0.5641404,
        0.8252016,
        0.0280713551
      ],
      [
        -0.590219438,
        -0.426805675,
        0.685184538
      ]
    ],
    "translation": [
      1.92044032,
      0.9952154,
      -0.7019101
    ]
  },
  {
    "timeStamp": 35817,
    "rotation": [
      [
        0.578162432,
        0.365011245,
        0.729722559
      ],
      [
        -0.564677,
        0.8245721,
        0.0349405855
      ],
      [
        -0.5889551,
        -0.432258874,
        0.682850063
      ]
    ],
    "translation": [
      1.93347275,
      0.995713055,
      -0.7052603
    ]
  },
  {
    "timeStamp": 35873,
    "rotation": [
      [
        0.5764382,
        0.365028441,
        0.7310768
      ],
      [
        -0.5687185,
        0.821646,
        0.03817233
      ],
      [
        -0.5867523,
        -0.437780857,
        0.681226552
      ]
    ],
    "translation": [
      1.94742346,
      0.997541,
      -0.7091476
    ]
  },
  {
    "timeStamp": 35918,
    "rotation": [
      [
        0.578736663,
        0.361353219,
        0.731086731
      ],
      [
        -0.5721567,
        0.81872344,
        0.0482565463
      ],
      [
        -0.581120133,
        -0.446224,
        0.6805759
      ]
    ],
    "translation": [
      1.95761085,
      1.00090241,
      -0.711839259
    ]
  },
  {
    "timeStamp": 35973,
    "rotation": [
      [
        0.5734251,
        0.370835036,
        0.7305238
      ],
      [
        -0.5925708,
        0.80348,
        0.05726904
      ],
      [
        -0.5657239,
        -0.465726554,
        0.6804816
      ]
    ],
    "translation": [
      1.96897423,
      1.00877416,
      -0.7149661
    ]
  },
  {
    "timeStamp": 36017,
    "rotation": [
      [
        0.5540734,
        0.372965455,
        0.7442442
      ],
      [
        -0.615670145,
        0.7853355,
        0.0647951961
      ],
      [
        -0.560315,
        -0.494110227,
        0.6647572
      ]
    ],
    "translation": [
      1.9798888,
      1.01493335,
      -0.7156549
    ]
  },
  {
    "timeStamp": 36073,
    "rotation": [
      [
        0.504480243,
        0.385919362,
        0.7723768
      ],
      [
        -0.657782137,
        0.7512507,
        0.05426869
      ],
      [
        -0.559305251,
        -0.5354331,
        0.632842
      ]
    ],
    "translation": [
      1.99571753,
      1.02012682,
      -0.7166199
    ]
  },
  {
    "timeStamp": 36117,
    "rotation": [
      [
        0.463069022,
        0.3686457,
        0.806019545
      ],
      [
        -0.6809632,
        0.7300715,
        0.05731284
      ],
      [
        -0.5673237,
        -0.5754095,
        0.589107633
      ]
    ],
    "translation": [
      2.009737,
      1.02193272,
      -0.7160361
    ]
  },
  {
    "timeStamp": 36168,
    "rotation": [
      [
        0.458982527,
        0.347937077,
        0.8174808
      ],
      [
        -0.681199968,
        0.7285089,
        0.07239756
      ],
      [
        -0.570352256,
        -0.59009707,
        0.5713876
      ]
    ],
    "translation": [
      2.01981854,
      1.01964009,
      -0.718419135
    ]
  },
  {
    "timeStamp": 36224,
    "rotation": [
      [
        0.517090738,
        0.307605,
        0.798746765
      ],
      [
        -0.6567787,
        0.741008639,
        0.1398143
      ],
      [
        -0.5488707,
        -0.5968965,
        0.5851971
      ]
    ],
    "translation": [
      2.030627,
      1.01236236,
      -0.7253133
    ]
  },
  {
    "timeStamp": 36268,
    "rotation": [
      [
        0.507390738,
        0.3024226,
        0.8069047
      ],
      [
        -0.6562584,
        0.7424719,
        0.134389073
      ],
      [
        -0.5584617,
        -0.597725749,
        0.5751907
      ]
    ],
    "translation": [
      2.038126,
      1.00805235,
      -0.7292062
    ]
  },
  {
    "timeStamp": 36324,
    "rotation": [
      [
        0.492705077,
        0.290400773,
        0.8203104
      ],
      [
        -0.6662533,
        0.7322868,
        0.140934154
      ],
      [
        -0.5597751,
        -0.615973532,
        0.55428195
      ]
    ],
    "translation": [
      2.048875,
      1.00502408,
      -0.7331312
    ]
  },
  {
    "timeStamp": 36368,
    "rotation": [
      [
        0.5045579,
        0.2751867,
        0.818348169
      ],
      [
        -0.662599564,
        0.7310919,
        0.162685141
      ],
      [
        -0.5535189,
        -0.624321163,
        0.5512168
      ]
    ],
    "translation": [
      2.055982,
      1.00112045,
      -0.7376425
    ]
  },
  {
    "timeStamp": 36424,
    "rotation": [
      [
        0.470882326,
        0.285478324,
        0.834728658
      ],
      [
        -0.6860551,
        0.713348448,
        0.143047333
      ],
      [
        -0.554615438,
        -0.6400283,
        0.531757
      ]
    ],
    "translation": [
      2.06455636,
      0.9975015,
      -0.7422418
    ]
  },
  {
    "timeStamp": 36468,
    "rotation": [
      [
        0.4840582,
        0.26277858,
        0.834646642
      ],
      [
        -0.662954867,
        0.73269,
        0.1538058
      ],
      [
        -0.5711204,
        -0.6277841,
        0.528874934
      ]
    ],
    "translation": [
      2.07359767,
      0.987147748,
      -0.745961964
    ]
  },
  {
    "timeStamp": 36524,
    "rotation": [
      [
        0.5604859,
        0.226701468,
        0.7965312
      ],
      [
        -0.6024878,
        0.7715209,
        0.204362363
      ],
      [
        -0.568211257,
        -0.594442546,
        0.56901145
      ]
    ],
    "translation": [
      2.08555365,
      0.9678263,
      -0.7529228
    ]
  },
  {
    "timeStamp": 36569,
    "rotation": [
      [
        0.5858298,
        0.212932169,
        0.7819612
      ],
      [
        -0.568061233,
        0.7960558,
        0.208809987
      ],
      [
        -0.5780224,
        -0.566529,
        0.587311745
      ]
    ],
    "translation": [
      2.09906077,
      0.9541785,
      -0.757255554
    ]
  },
  {
    "timeStamp": 36626,
    "rotation": [
      [
        0.6732841,
        0.186596885,
        0.715450943
      ],
      [
        -0.4839664,
        0.842763,
        0.235641524
      ],
      [
        -0.558985651,
        -0.5049079,
        0.6577256
      ]
    ],
    "translation": [
      2.11784577,
      0.935236931,
      -0.766304731
    ]
  },
  {
    "timeStamp": 36672,
    "rotation": [
      [
        0.759745836,
        0.146385252,
        0.633527935
      ],
      [
        -0.3915801,
        0.880837262,
        0.26606527
      ],
      [
        -0.519087,
        -0.450218946,
        0.726534
      ]
    ],
    "translation": [
      2.13363075,
      0.9215055,
      -0.7748795
    ]
  },
  {
    "timeStamp": 36728,
    "rotation": [
      [
        0.8379477,
        0.0964986,
        0.5371514
      ],
      [
        -0.2796678,
        0.92111516,
        0.2708001
      ],
      [
        -0.468646526,
        -0.377140284,
        0.7988339
      ]
    ],
    "translation": [
      2.154374,
      0.9059165,
      -0.7853102
    ]
  },
  {
    "timeStamp": 36773,
    "rotation": [
      [
        0.89382714,
        0.07586175,
        0.441948
      ],
      [
        -0.1986318,
        0.9505984,
        0.238553911
      ],
      [
        -0.402017981,
        -0.301010877,
        0.864739239
      ]
    ],
    "translation": [
      2.16600513,
      0.892469764,
      -0.795454443
    ]
  },
  {
    "timeStamp": 36818,
    "rotation": [
      [
        0.923751056,
        0.0421998426,
        0.3806613
      ],
      [
        -0.122930348,
        0.9739913,
        0.1903392
      ],
      [
        -0.362728536,
        -0.22262086,
        0.9049132
      ]
    ],
    "translation": [
      2.17660856,
      0.875057638,
      -0.804774642
    ]
  },
  {
    "timeStamp": 36873,
    "rotation": [
      [
        0.9605479,
        0.009289081,
        0.277959347
      ],
      [
        -0.0462035723,
        0.9908833,
        0.126552135
      ],
      [
        -0.274249762,
        -0.134402111,
        0.9522201
      ]
    ],
    "translation": [
      2.1846664,
      0.8537356,
      -0.815924466
    ]
  },
  {
    "timeStamp": 36918,
    "rotation": [
      [
        0.970813334,
        -0.0144530879,
        0.239400342
      ],
      [
        -0.00770123629,
        0.99578923,
        0.09134779
      ],
      [
        -0.239712551,
        -0.09052533,
        0.9666142
      ]
    ],
    "translation": [
      2.19008422,
      0.8371176,
      -0.820569456
    ]
  },
  {
    "timeStamp": 36973,
    "rotation": [
      [
        0.9779456,
        -0.0221083146,
        0.20768629
      ],
      [
        0.0131846666,
        0.9989333,
        0.0442535
      ],
      [
        -0.208443135,
        -0.04053924,
        0.977193952
      ]
    ],
    "translation": [
      2.19322753,
      0.819238544,
      -0.8230611
    ]
  },
  {
    "timeStamp": 37018,
    "rotation": [
      [
        0.9784263,
        0.00160985335,
        0.206589863
      ],
      [
        0.00108687591,
        0.999915659,
        -0.0129393842
      ],
      [
        -0.206593275,
        0.0128847715,
        0.978342
      ]
    ],
    "translation": [
      2.19176054,
      0.8071861,
      -0.8260233
    ]
  },
  {
    "timeStamp": 37073,
    "rotation": [
      [
        0.9810375,
        0.0111901853,
        0.193494648
      ],
      [
        0.00278282654,
        0.9974158,
        -0.0717917755
      ],
      [
        -0.193797976,
        0.07096889,
        0.9784711
      ]
    ],
    "translation": [
      2.189474,
      0.792291164,
      -0.8308259
    ]
  },
  {
    "timeStamp": 37118,
    "rotation": [
      [
        0.9858925,
        0.0151341632,
        0.1666944
      ],
      [
        0.00268714619,
        0.9943445,
        -0.106169187
      ],
      [
        -0.167358428,
        0.105119333,
        0.980276048
      ]
    ],
    "translation": [
      2.187159,
      0.7809538,
      -0.8370983
    ]
  },
  {
    "timeStamp": 37173,
    "rotation": [
      [
        0.9909235,
        0.00396350352,
        0.134368092
      ],
      [
        0.0140826888,
        0.9910042,
        -0.133087531
      ],
      [
        -0.133686841,
        0.133771822,
        0.9819536
      ]
    ],
    "translation": [
      2.18723416,
      0.7704616,
      -0.844096243
    ]
  }
]