[
  {
    "timeStamp": 0,
    "rotation": [
      [
        -0.844958842,
        -0.0507999025,
        -0.532413363
      ],
      [
        0.211630285,
        0.8824725,
        -0.420065343
      ],
      [
        0.491179436,
        -0.4676127,
        -0.7349021
      ]
    ],
    "translation": [
      1.57301044,
      1.63292968,
      -1.72645414
    ]
  },
  {
    "timeStamp": 11,
    "rotation": [
      [
        -0.840646267,
        -0.05413675,
        -0.538871944
      ],
      [
        0.211997211,
        0.8827023,
        -0.419397026
      ],
      [
        0.4983683,
        -0.4668039,
        -0.7305636
      ]
    ],
    "translation": [
      1.57326555,
      1.63326824,
      -1.72469676
    ]
  },
  {
    "timeStamp": 51,
    "rotation": [
      [
        -0.80728054,
        -0.08243196,
        -0.584382653
      ],
      [
        0.213107809,
        0.8826707,
        -0.4189003
      ],
      [
        0.5503482,
        -0.462706566,
        -0.694996
      ]
    ],
    "translation": [
      1.572514,
      1.63626158,
      -1.70954955
    ]
  },
  {
    "timeStamp": 107,
    "rotation": [
      [
        -0.7833017,
        -0.09818026,
        -0.6138396
      ],
      [
        0.212059334,
        0.886017144,
        -0.4123159
      ],
      [
        0.5843537,
        -0.453138173,
        -0.67319876
      ]
    ],
    "translation": [
      1.57434368,
      1.639479,
      -1.69662964
    ]
  },
  {
    "timeStamp": 151,
    "rotation": [
      [
        -0.769315243,
        -0.10220401,
        -0.6306413
      ],
      [
        0.211462423,
        0.890743136,
        -0.4023187
      ],
      [
        0.602858,
        -0.442866832,
        -0.6636499
      ]
    ],
    "translation": [
      1.57566047,
      1.64304793,
      -1.68513024
    ]
  },
  {
    "timeStamp": 207,
    "rotation": [
      [
        -0.7528076,
        -0.103653707,
        -0.6500281
      ],
      [
        0.206907079,
        0.9002059,
        -0.383169442
      ],
      [
        0.624876,
        -0.4229483,
        -0.6562352
      ]
    ],
    "translation": [
      1.5766418,
      1.64784467,
      -1.66986144
    ]
  },
  {
    "timeStamp": 251,
    "rotation": [
      [
        -0.743409932,
        -0.107667133,
        -0.6601132
      ],
      [
        0.199708313,
        0.9062015,
        -0.3727137
      ],
      [
        0.638324559,
        -0.408909172,
        -0.652177155
      ]
    ],
    "translation": [
      1.57685542,
      1.6505121,
      -1.656535
    ]
  },
  {
    "timeStamp": 381,
    "rotation": [
      [
        -0.7445679,
        -0.109492175,
        -0.658506
      ],
      [
        0.19671908,
        0.906662047,
        -0.373182833
      ],
      [
        0.637903,
        -0.407400638,
        -0.653532267
      ]
    ],
    "translation": [
      1.57761228,
      1.650272,
      -1.652893
    ]
  },
  {
    "timeStamp": 383,
    "rotation": [
      [
        -0.7445679,
        -0.109492175,
        -0.658506
      ],
      [
        0.19671908,
        0.906662047,
        -0.373182833
      ],
      [
        0.637903,
        -0.407400638,
        -0.653532267
      ]
    ],
    "translation": [
      1.57761228,
      1.650272,
      -1.652893
    ]
  },
  {
    "timeStamp": 420,
    "rotation": [
      [
        -0.7819956,
        -0.13344422,
        -0.6088313
      ],
      [
        0.171188176,
        0.8932627,
        -0.4156638
      ],
      [
        0.5993142,
        -0.429271966,
        -0.675683439
      ]
    ],
    "translation": [
      1.57463455,
      1.646869,
      -1.60484874
    ]
  },
  {
    "timeStamp": 473,
    "rotation": [
      [
        -0.8205094,
        -0.139755532,
        -0.5542859
      ],
      [
        0.1572921,
        0.8770242,
        -0.453969
      ],
      [
        0.5495668,
        -0.459670633,
        -0.6976241
      ]
    ],
    "translation": [
      1.5729506,
      1.641459,
      -1.58680856
    ]
  },
  {
    "timeStamp": 518,
    "rotation": [
      [
        -0.854796469,
        -0.142751887,
        -0.4989438
      ],
      [
        0.137132779,
        0.8651194,
        -0.482455224
      ],
      [
        0.500517368,
        -0.480822563,
        -0.719925046
      ]
    ],
    "translation": [
      1.57122087,
      1.63676894,
      -1.57071626
    ]
  },
  {
    "timeStamp": 573,
    "rotation": [
      [
        -0.8928996,
        -0.128245458,
        -0.4316057
      ],
      [
        0.118541032,
        0.8578041,
        -0.500120163
      ],
      [
        0.434371263,
        -0.497720063,
        -0.7507305
      ]
    ],
    "translation": [
      1.56810355,
      1.63280022,
      -1.54863036
    ]
  },
  {
    "timeStamp": 618,
    "rotation": [
      [
        -0.918959141,
        -0.112275,
        -0.378032237
      ],
      [
        0.105673805,
        0.8534465,
        -0.510354936
      ],
      [
        0.379930347,
        -0.508943439,
        -0.772417963
      ]
    ],
    "translation": [
      1.564604,
      1.63008749,
      -1.52943909
    ]
  },
  {
    "timeStamp": 673,
    "rotation": [
      [
        -0.946579039,
        -0.0808818,
        -0.3121639
      ],
      [
        0.09811622,
        0.8499001,
        -0.5177287
      ],
      [
        0.307182968,
        -0.520699441,
        -0.796561837
      ]
    ],
    "translation": [
      1.55883861,
      1.62874877,
      -1.50638783
    ]
  },
  {
    "timeStamp": 718,
    "rotation": [
      [
        -0.965670168,
        -0.0569685772,
        -0.253447622
      ],
      [
        0.085632816,
        0.8513111,
        -0.5176258
      ],
      [
        0.245251179,
        -0.521559238,
        -0.817207336
      ]
    ],
    "translation": [
      1.54770207,
      1.62721193,
      -1.48974717
    ]
  },
  {
    "timeStamp": 773,
    "rotation": [
      [
        -0.985039234,
        -0.0239481535,
        -0.1706584
      ],
      [
        0.0709458962,
        0.8461292,
        -0.5282349
      ],
      [
        0.1570493,
        -0.5324396,
        -0.8317714
      ]
    ],
    "translation": [
      1.54222322,
      1.622703,
      -1.46906149
    ]
  },
  {
    "timeStamp": 819,
    "rotation": [
      [
        -0.9940165,
        0.004273155,
        -0.109146342
      ],
      [
        0.06244013,
        0.8421061,
        -0.5356851
      ],
      [
        0.0896237344,
        -0.539294958,
        -0.8373342
      ]
    ],
    "translation": [
      1.54064107,
      1.621337,
      -1.45287693
    ]
  },
  {
    "timeStamp": 875,
    "rotation": [
      [
        -0.998701334,
        0.0261225253,
        -0.0437412672
      ],
      [
        0.0453832038,
        0.8462949,
        -0.5307781
      ],
      [
        0.0231527463,
        -0.5320739,
        -0.8463813
      ]
    ],
    "translation": [
      1.542495,
      1.62280667,
      -1.4341749
    ]
  },
  {
    "timeStamp": 921,
    "rotation": [
      [
        -0.998882949,
        0.0471134,
        0.00362651679
      ],
      [
        0.03843589,
        0.854748368,
        -0.517617464
      ],
      [
        -0.0274864789,
        -0.5168999,
        -0.85560447
      ]
    ],
    "translation": [
      1.54761124,
      1.62423956,
      -1.41989577
    ]
  },
  {
    "timeStamp": 978,
    "rotation": [
      [
        -0.995960832,
        0.07192135,
        0.0537527
      ],
      [
        0.0347719751,
        0.8608906,
        -0.5076004
      ],
      [
        -0.08278251,
        -0.503681064,
        -0.8599142
      ]
    ],
    "translation": [
      1.55592728,
      1.62421656,
      -1.40470088
    ]
  },
  {
    "timeStamp": 1022,
    "rotation": [
      [
        -0.9857114,
        0.11079926,
        0.126872346
      ],
      [
        0.0329773948,
        0.8655697,
        -0.4997014
      ],
      [
        -0.165183425,
        -0.488377452,
        -0.8568558
      ]
    ],
    "translation": [
      1.5684576,
      1.6252147,
      -1.385717
    ]
  },
  {
    "timeStamp": 1078,
    "rotation": [
      [
        -0.971523046,
        0.144349635,
        0.1878993
      ],
      [
        0.03456586,
        0.8708661,
        -0.490303427
      ],
      [
        -0.234410256,
        -0.469846159,
        -0.851056039
      ]
    ],
    "translation": [
      1.58178747,
      1.62751424,
      -1.368616
    ]
  },
  {
    "timeStamp": 1122,
    "rotation": [
      [
        -0.9479821,
        0.1817329,
        0.261348754
      ],
      [
        0.03931435,
        0.8815714,
        -0.470410645
      ],
      [
        -0.315886676,
        -0.435666084,
        -0.842858553
      ]
    ],
    "translation": [
      1.59764123,
      1.63197744,
      -1.34696233
    ]
  },
  {
    "timeStamp": 1178,
    "rotation": [
      [
        -0.924253047,
        0.217259616,
        0.313934118
      ],
      [
        0.0544979721,
        0.8889484,
        -0.454753548
      ],
      [
        -0.377870828,
        -0.40319857,
        -0.8334534
      ]
    ],
    "translation": [
      1.611933,
      1.63417375,
      -1.32782912
    ]
  },
  {
    "timeStamp": 1223,
    "rotation": [
      [
        -0.890195131,
        0.2516489,
        0.379770368
      ],
      [
        0.066163145,
        0.8961722,
        -0.438745767
      ],
      [
        -0.450749516,
        -0.365442544,
        -0.814417958
      ]
    ],
    "translation": [
      1.628923,
      1.636324,
      -1.30416858
    ]
  },
  {
    "timeStamp": 1278,
    "rotation": [
      [
        -0.8663219,
        0.273265749,
        0.418105364
      ],
      [
        0.07381227,
        0.897920847,
        -0.433923721
      ],
      [
        -0.494002044,
        -0.345056325,
        -0.7980589
      ]
    ],
    "translation": [
      1.64259815,
      1.63625252,
      -1.28463733
    ]
  },
  {
    "timeStamp": 1323,
    "rotation": [
      [
        -0.8314005,
        0.308354169,
        0.46226716
      ],
      [
        0.0897410139,
        0.8954929,
        -0.4359346
      ],
      [
        -0.548379242,
        -0.320951939,
        -0.772185266
      ]
    ],
    "translation": [
      1.6591835,
      1.63500559,
      -1.26056743
    ]
  },
  {
    "timeStamp": 1378,
    "rotation": [
      [
        -0.8006187,
        0.3374871,
        0.495087981
      ],
      [
        0.103578426,
        0.891799569,
        -0.440414667
      ],
      [
        -0.5901535,
        -0.3013238,
        -0.7489478
      ]
    ],
    "translation": [
      1.67425847,
      1.63366163,
      -1.24163258
    ]
  },
  {
    "timeStamp": 1423,
    "rotation": [
      [
        -0.758172452,
        0.373351157,
        0.5345872
      ],
      [
        0.116559513,
        0.8842465,
        -0.452241
      ],
      [
        -0.6415516,
        -0.280565441,
        -0.713929
      ]
    ],
    "translation": [
      1.69294572,
      1.63243282,
      -1.21836877
    ]
  },
  {
    "timeStamp": 1478,
    "rotation": [
      [
        -0.722875655,
        0.407895923,
        0.557738
      ],
      [
        0.126744077,
        0.8717497,
        -0.473274082
      ],
      [
        -0.679254532,
        -0.271428317,
        -0.681865036
      ]
    ],
    "translation": [
      1.706197,
      1.62950766,
      -1.19777441
    ]
  },
  {
    "timeStamp": 1523,
    "rotation": [
      [
        -0.6627819,
        0.4591264,
        0.591542959
      ],
      [
        0.151647836,
        0.855904043,
        -0.494399846
      ],
      [
        -0.733296037,
        -0.237973049,
        -0.6369032
      ]
    ],
    "translation": [
      1.71996868,
      1.62483382,
      -1.17200685
    ]
  },
  {
    "timeStamp": 1579,
    "rotation": [
      [
        -0.597340345,
        0.497188,
        0.6292763
      ],
      [
        0.161018565,
        0.843018651,
        -0.5132179
      ],
      [
        -0.785657346,
        -0.205240622,
        -0.583625555
      ]
    ],
    "translation": [
      1.72961831,
      1.62085164,
      -1.151121
    ]
  },
  {
    "timeStamp": 1623,
    "rotation": [
      [
        -0.5046615,
        0.544768,
        0.6697348
      ],
      [
        0.159342632,
        0.82121706,
        -0.5479165
      ],
      [
        -0.848484933,
        -0.169795051,
        -0.5012414
      ]
    ],
    "translation": [
      1.73848891,
      1.61558235,
      -1.12425721
    ]
  },
  {
    "timeStamp": 1668,
    "rotation": [
      [
        -0.4136677,
        0.58608,
        0.696698844
      ],
      [
        0.156031325,
        0.7995594,
        -0.579964638
      ],
      [
        -0.896957755,
        -0.1312058,
        -0.422198772
      ]
    ],
    "translation": [
      1.74248767,
      1.61120665,
      -1.10195136
    ]
  },
  {
    "timeStamp": 1724,
    "rotation": [
      [
        -0.2865872,
        0.6295456,
        0.7221774
      ],
      [
        0.146483824,
        0.7737264,
        -0.6163522
      ],
      [
        -0.9467895,
        -0.0708513558,
        -0.313958317
      ]
    ],
    "translation": [
      1.7454735,
      1.60490191,
      -1.073952
    ]
  },
  {
    "timeStamp": 1778,
    "rotation": [
      [
        -0.170548037,
        0.6657357,
        0.726436
      ],
      [
        0.1407015,
        0.746136,
        -0.6507566
      ],
      [
        -0.975252,
        -0.008774619,
        -0.220922053
      ]
    ],
    "translation": [
      1.74549472,
      1.59801471,
      -1.05144286
    ]
  },
  {
    "timeStamp": 1822,
    "rotation": [
      [
        -0.0146015715,
        0.701896369,
        0.7121295
      ],
      [
        0.127263039,
        0.7077178,
        -0.69493866
      ],
      [
        -0.9917615,
        0.08048055,
        -0.09965926
      ]
    ],
    "translation": [
      1.74275088,
      1.58897531,
      -1.02491081
    ]
  },
  {
    "timeStamp": 1878,
    "rotation": [
      [
        0.108293414,
        0.718043447,
        0.6875218
      ],
      [
        0.106288947,
        0.679261744,
        -0.7261585
      ],
      [
        -0.9884206,
        0.151714146,
        -0.00276050554
      ]
    ],
    "translation": [
      1.73753691,
      1.58217692,
      -1.00511849
    ]
  },
  {
    "timeStamp": 1922,
    "rotation": [
      [
        0.260745943,
        0.7190634,
        0.644173443
      ],
      [
        0.07962154,
        0.648964763,
        -0.7566407
      ],
      [
        -0.9621185,
        0.248581067,
        0.111962005
      ]
    ],
    "translation": [
      1.72918534,
      1.57453144,
      -0.983011246
    ]
  },
  {
    "timeStamp": 1978,
    "rotation": [
      [
        0.367730647,
        0.7052679,
        0.6061116
      ],
      [
        0.0569041073,
        0.6334932,
        -0.771652937
      ],
      [
        -0.9281897,
        0.3182507,
        0.192822233
      ]
    ],
    "translation": [
      1.71969748,
      1.57047141,
      -0.9706248
    ]
  },
  {
    "timeStamp": 2023,
    "rotation": [
      [
        0.461139739,
        0.6852233,
        0.563754559
      ],
      [
        0.03235596,
        0.6219321,
        -0.782402456
      ],
      [
        -0.8867374,
        0.379037678,
        0.264626533
      ]
    ],
    "translation": [
      1.70608187,
      1.566687,
      -0.9614285
    ]
  },
  {
    "timeStamp": 2078,
    "rotation": [
      [
        0.5195977,
        0.674373031,
        0.524632454
      ],
      [
        0.0193136241,
        0.6046009,
        -0.7962944
      ],
      [
        -0.8541927,
        0.423885316,
        0.301124662
      ]
    ],
    "translation": [
      1.69300973,
      1.56293476,
      -0.959506035
    ]
  },
  {
    "timeStamp": 2122,
    "rotation": [
      [
        0.597613454,
        0.6521994,
        0.466362745
      ],
      [
        0.00902157649,
        0.576149464,
        -0.817294538
      ],
      [
        -0.8017337,
        0.492633522,
        0.3384308
      ]
    ],
    "translation": [
      1.674017,
      1.557294,
      -0.9606068
    ]
  },
  {
    "timeStamp": 2179,
    "rotation": [
      [
        0.662413955,
        0.6236799,
        0.415007353
      ],
      [
        0.00671958644,
        0.549010932,
        -0.835788131
      ],
      [
        -0.749107838,
        0.5564264,
        0.359481663
      ]
    ],
    "translation": [
      1.65909159,
      1.55041373,
      -0.9638926
    ]
  },
  {
    "timeStamp": 2223,
    "rotation": [
      [
        0.7381297,
        0.586937845,
        0.332668841
      ],
      [
        -0.0125352154,
        0.5049381,
        -0.8630645
      ],
      [
        -0.6745424,
        0.6328835,
        0.3800672
      ]
    ],
    "translation": [
      1.63871288,
      1.54188979,
      -0.9714557
    ]
  },
  {
    "timeStamp": 2278,
    "rotation": [
      [
        0.7819713,
        0.5622913,
        0.2689784
      ],
      [
        -0.03574872,
        0.471276343,
        -0.8812608
      ],
      [
        -0.622288465,
        0.679505,
        0.388625771
      ]
    ],
    "translation": [
      1.62444,
      1.53429854,
      -0.9788054
    ]
  },
  {
    "timeStamp": 2322,
    "rotation": [
      [
        0.8231377,
        0.5326712,
        0.1967376
      ],
      [
        -0.06708136,
        0.4352571,
        -0.8978036
      ],
      [
        -0.563865542,
        0.7258186,
        0.394008875
      ]
    ],
    "translation": [
      1.60743666,
      1.52371347,
      -0.98877
    ]
  },
  {
    "timeStamp": 2378,
    "rotation": [
      [
        0.855650842,
        0.496311963,
        0.1467518
      ],
      [
        -0.08418107,
        0.4132344,
        -0.906725347
      ],
      [
        -0.510661542,
        0.763486564,
        0.395364434
      ]
    ],
    "translation": [
      1.59662533,
      1.51549327,
      -0.995275736
    ]
  },
  {
    "timeStamp": 2422,
    "rotation": [
      [
        0.885231,
        0.456022,
        0.09170559
      ],
      [
        -0.107323833,
        0.392071962,
        -0.913652658
      ],
      [
        -0.4526009,
        0.7989515,
        0.3960163
      ]
    ],
    "translation": [
      1.58163047,
      1.50750363,
      -1.00463068
    ]
  },
  {
    "timeStamp": 2478,
    "rotation": [
      [
        0.9019494,
        0.4273564,
        0.0620783046
      ],
      [
        -0.117844321,
        0.381871074,
        -0.9166718
      ],
      [
        -0.415451467,
        0.819476068,
        0.394789934
      ]
    ],
    "translation": [
      1.571254,
      1.50425518,
      -1.00955224
    ]
  },
  {
    "timeStamp": 2522,
    "rotation": [
      [
        0.9239677,
        0.381436467,
        0.0281059779
      ],
      [
        -0.128913552,
        0.3797711,
        -0.9160541
      ],
      [
        -0.3600903,
        0.8427812,
        0.400068581
      ]
    ],
    "translation": [
      1.55754137,
      1.50297308,
      -1.015383
    ]
  },
  {
    "timeStamp": 2578,
    "rotation": [
      [
        0.9398359,
        0.3415646,
        0.00648675533
      ],
      [
        -0.134708121,
        0.387973428,
        -0.9117732
      ],
      [
        -0.313946128,
        0.8560434,
        0.4106429
      ]
    ],
    "translation": [
      1.54795289,
      1.50354838,
      -1.01750863
    ]
  },
  {
    "timeStamp": 2622,
    "rotation": [
      [
        0.9542873,
        0.298437148,
        -0.01646571
      ],
      [
        -0.14020814,
        0.3983191,
        -0.9064676
      ],
      [
        -0.263964981,
        0.867339134,
        0.421954155
      ]
    ],
    "translation": [
      1.53478026,
      1.50437069,
      -1.02148438
    ]
  },
  {
    "timeStamp": 2678,
    "rotation": [
      [
        0.9620631,
        0.271531761,
        -0.0265544448
      ],
      [
        -0.139029279,
        0.404182464,
        -0.9040505
      ],
      [
        -0.234745592,
        0.873445451,
        0.4265999
      ]
    ],
    "translation": [
      1.52524352,
      1.5050987,
      -1.02381337
    ]
  },
  {
    "timeStamp": 2722,
    "rotation": [
      [
        0.971008062,
        0.236925125,
        -0.0317761861
      ],
      [
        -0.130649522,
        0.414670676,
        -0.9005437
      ],
      [
        -0.200184777,
        0.878586769,
        0.43360275
      ]
    ],
    "translation": [
      1.51434708,
      1.50690186,
      -1.02611518
    ]
  },
  {
    "timeStamp": 2778,
    "rotation": [
      [
        0.976709962,
        0.212825418,
        -0.0272575319
      ],
      [
        -0.117497645,
        0.4242284,
        -0.8979001
      ],
      [
        -0.179532543,
        0.8801907,
        0.4393546
      ]
    ],
    "translation": [
      1.507554,
      1.50876522,
      -1.025414
    ]
  },
  {
    "timeStamp": 2823,
    "rotation": [
      [
        0.982980251,
        0.18224223,
        -0.02318362
      ],
      [
        -0.102286227,
        0.43810007,
        -0.8930878
      ],
      [
        -0.15260157,
        0.880259037,
        0.4492846
      ]
    ],
    "translation": [
      1.49877787,
      1.51107335,
      -1.02393818
    ]
  },
  {
    "timeStamp": 2878,
    "rotation": [
      [
        0.9874309,
        0.156705588,
        -0.020582661
      ],
      [
        -0.08989753,
        0.449743956,
        -0.888621867
      ],
      [
        -0.129995078,
        0.879303,
        0.45817852
      ]
    ],
    "translation": [
      1.49322629,
      1.51201141,
      -1.02031279
    ]
  },
  {
    "timeStamp": 2922,
    "rotation": [
      [
        0.991694,
        0.127149746,
        -0.019391628
      ],
      [
        -0.07609888,
        0.458488971,
        -0.885435939
      ],
      [
        -0.103692107,
        0.8795572,
        0.4643567
      ]
    ],
    "translation": [
      1.48577738,
      1.51368916,
      -1.01632833
    ]
  },
  {
    "timeStamp": 2978,
    "rotation": [
      [
        0.9937493,
        0.111125059,
        -0.0106529761
      ],
      [
        -0.0604824424,
        0.455738217,
        -0.888056636
      ],
      [
        -0.0938303843,
        0.88315,
        0.459610671
      ]
    ],
    "translation": [
      1.48222947,
      1.51466858,
      -1.012587
    ]
  },
  {
    "timeStamp": 3022,
    "rotation": [
      [
        0.9949005,
        0.100536317,
        0.008088225
      ],
      [
        -0.0385265425,
        0.4529152,
        -0.8907208
      ],
      [
        -0.0932130739,
        0.88586694,
        0.45447886
      ]
    ],
    "translation": [
      1.54756427,
      1.486153,
      -0.9665601
    ]
  },
  {
    "timeStamp": 3078,
    "rotation": [
      [
        0.994444668,
        0.100577019,
        0.0310491417
      ],
      [
        -0.01732333,
        0.447331339,
        -0.8942005
      ],
      [
        -0.103825279,
        0.888695061,
        0.4465886
      ]
    ],
    "translation": [
      1.54023814,
      1.48962522,
      -0.9671246
    ]
  },
  {
    "timeStamp": 3122,
    "rotation": [
      [
        0.9930842,
        0.105259307,
        0.0520016141
      ],
      [
        0.0008607169,
        0.436389625,
        -0.8997574
      ],
      [
        -0.117400795,
        0.8935796,
        0.433281064
      ]
    ],
    "translation": [
      1.53801036,
      1.48998427,
      -0.962623835
    ]
  },
  {
    "timeStamp": 3178,
    "rotation": [
      [
        0.9915734,
        0.111730844,
        0.06556265
      ],
      [
        0.0123214461,
        0.422459036,
        -0.9062983
      ],
      [
        -0.128959,
        0.8994691,
        0.41752246
      ]
    ],
    "translation": [
      1.5375278,
      1.48958242,
      -0.956717253
    ]
  },
  {
    "timeStamp": 3222,
    "rotation": [
      [
        0.98960346,
        0.121812135,
        0.07646498
      ],
      [
        0.0200191028,
        0.409819782,
        -0.911946833
      ],
      [
        -0.142423049,
        0.903996468,
        0.4031205
      ]
    ],
    "translation": [
      1.53806782,
      1.48937237,
      -0.948105931
    ]
  },
  {
    "timeStamp": 3278,
    "rotation": [
      [
        0.9881527,
        0.127875641,
        0.08486443
      ],
      [
        0.02536629,
        0.409270436,
        -0.91206044
      ],
      [
        -0.151362821,
        0.9034077,
        0.401177973
      ]
    ],
    "translation": [
      1.53873014,
      1.48878944,
      -0.940062165
    ]
  },
  {
    "timeStamp": 3322,
    "rotation": [
      [
        0.986847639,
        0.133576438,
        0.09104445
      ],
      [
        0.0299949478,
        0.402120918,
        -0.9150951
      ],
      [
        -0.158846036,
        0.905790269,
        0.392825454
      ]
    ],
    "translation": [
      1.54041719,
      1.4868232,
      -0.9292183
    ]
  },
  {
    "timeStamp": 3378,
    "rotation": [
      [
        0.9852311,
        0.143927515,
        0.0927608162
      ],
      [
        0.029994987,
        0.388288021,
        -0.9210498
      ],
      [
        -0.16858232,
        0.9102292,
        0.378236353
      ]
    ],
    "translation": [
      1.540817,
      1.48491693,
      -0.9211787
    ]
  },
  {
    "timeStamp": 3422,
    "rotation": [
      [
        0.9830708,
        0.155625537,
        0.09670863
      ],
      [
        0.0315694325,
        0.3760508,
        -0.9260611
      ],
      [
        -0.180486128,
        0.913436651,
        0.364771545
      ]
    ],
    "translation": [
      1.542151,
      1.48304427,
      -0.9103341
    ]
  },
  {
    "timeStamp": 3477,
    "rotation": [
      [
        0.9823258,
        0.15818499,
        0.100068115
      ],
      [
        0.0337235741,
        0.376294553,
        -0.925886154
      ],
      [
        -0.184116378,
        0.912896454,
        0.364309251
      ]
    ],
    "translation": [
      1.54255652,
      1.482433,
      -0.8998878
    ]
  },
  {
    "timeStamp": 3522,
    "rotation": [
      [
        0.9815455,
        0.160904452,
        0.103335425
      ],
      [
        0.0362627,
        0.3739566,
        -0.926737
      ],
      [
        -0.187759086,
        0.913381755,
        0.361220568
      ]
    ],
    "translation": [
      1.54343319,
      1.48169732,
      -0.8873124
    ]
  },
  {
    "timeStamp": 3577,
    "rotation": [
      [
        0.9806296,
        0.163148254,
        0.108388714
      ],
      [
        0.04062033,
        0.371946335,
        -0.927365
      ],
      [
        -0.19161278,
        0.913804352,
        0.358114481
      ]
    ],
    "translation": [
      1.54307055,
      1.48143017,
      -0.877136946
    ]
  },
  {
    "timeStamp": 3622,
    "rotation": [
      [
        0.979867041,
        0.1635508,
        0.114506282
      ],
      [
        0.0466638952,
        0.370035768,
        -0.9278448
      ],
      [
        -0.194121182,
        0.914507866,
        0.354953945
      ]
    ],
    "translation": [
      1.54310679,
      1.48036635,
      -0.8640306
    ]
  },
  {
    "timeStamp": 3677,
    "rotation": [
      [
        0.9798247,
        0.162404343,
        0.116483532
      ],
      [
        0.0497172773,
        0.366443038,
        -0.929111242
      ],
      [
        -0.193576276,
        0.916157365,
        0.350975633
      ]
    ],
    "translation": [
      1.54237318,
      1.47892988,
      -0.853484869
    ]
  },
  {
    "timeStamp": 3722,
    "rotation": [
      [
        0.9796732,
        0.162987471,
        0.116942547
      ],
      [
        0.0508394577,
        0.362199157,
        -0.930713236
      ],
      [
        -0.194051087,
        0.9177401,
        0.3465506
      ]
    ],
    "translation": [
      1.54258442,
      1.47687209,
      -0.840147138
    ]
  },
  {
    "timeStamp": 3778,
    "rotation": [
      [
        0.9787685,
        0.166678861,
        0.119290866
      ],
      [
        0.0521750525,
        0.360220045,
        -0.931407154
      ],
      [
        -0.198216841,
        0.917856038,
        0.3438756
      ]
    ],
    "translation": [
      1.54279852,
      1.47501767,
      -0.830466866
    ]
  },
  {
    "timeStamp": 3822,
    "rotation": [
      [
        0.9778601,
        0.171233252,
        0.1202868
      ],
      [
        0.0530212671,
        0.353321016,
        -0.9339984
      ],
      [
        -0.20243144,
        0.9196975,
        0.3364195
      ]
    ],
    "translation": [
      1.54461479,
      1.473426,
      -0.820282459
    ]
  },
  {
    "timeStamp": 3877,
    "rotation": [
      [
        0.976708531,
        0.175974518,
        0.122774206
      ],
      [
        0.0544503666,
        0.3501849,
        -0.9350966
      ],
      [
        -0.207546845,
        0.9200019,
        0.3324467
      ]
    ],
    "translation": [
      1.54656625,
      1.47248161,
      -0.811962
    ]
  },
  {
    "timeStamp": 3922,
    "rotation": [
      [
        0.9769585,
        0.175443009,
        0.121539153
      ],
      [
        0.0538154356,
        0.3485655,
        -0.9357382
      ],
      [
        -0.206533074,
        0.9207181,
        0.3310925
      ]
    ],
    "translation": [
      1.54874825,
      1.47146881,
      -0.8069855
    ]
  },
  {
    "timeStamp": 3977,
    "rotation": [
      [
        0.9792429,
        0.165958032,
        0.11636702
      ],
      [
        0.05325137,
        0.343298465,
        -0.93771553
      ],
      [
        -0.195570052,
        0.924448,
        0.3273351
      ]
    ],
    "translation": [
      1.55029607,
      1.47074759,
      -0.803809643
    ]
  },
  {
    "timeStamp": 4022,
    "rotation": [
      [
        0.983020246,
        0.1511893,
        0.1039851
      ],
      [
        0.04839635,
        0.333002567,
        -0.9416831
      ],
      [
        -0.1769997,
        0.9307261,
        0.3200313
      ]
    ],
    "translation": [
      1.55263209,
      1.47005928,
      -0.8021853
    ]
  },
  {
    "timeStamp": 4077,
    "rotation": [
      [
        0.9872842,
        0.133776441,
        0.08587072
      ],
      [
        0.0390305,
        0.3196542,
        -0.9467301
      ],
      [
        -0.154099122,
        0.938043237,
        0.31036815
      ]
    ],
    "translation": [
      1.55450773,
      1.46966815,
      -0.803641438
    ]
  },
  {
    "timeStamp": 4122,
    "rotation": [
      [
        0.990628958,
        0.1158099,
        0.0724046454
      ],
      [
        0.03282384,
        0.312718749,
        -0.9492785
      ],
      [
        -0.132578135,
        0.942759335,
        0.3059869
      ]
    ],
    "translation": [
      1.55774236,
      1.469988,
      -0.8050587
    ]
  },
  {
    "timeStamp": 4177,
    "rotation": [
      [
        0.9945576,
        0.09211031,
        0.0486916974
      ],
      [
        0.0183906276,
        0.304803371,
        -0.9522377
      ],
      [
        -0.10255231,
        0.9479507,
        0.301450521
      ]
    ],
    "translation": [
      1.56150031,
      1.47074842,
      -0.8104019
    ]
  },
  {
    "timeStamp": 4221,
    "rotation": [
      [
        0.997152746,
        0.0708664,
        0.025776118
      ],
      [
        0.00340962736,
        0.299098939,
        -0.954216
      ],
      [
        -0.0753314644,
        0.951586962,
        0.2980057
      ]
    ],
    "translation": [
      1.5655067,
      1.47118723,
      -0.816693544
    ]
  },
  {
    "timeStamp": 4277,
    "rotation": [
      [
        0.9991267,
        0.041577816,
        -0.004138734
      ],
      [
        -0.016186418,
        0.293829948,
        -0.955720663
      ],
      [
        -0.0385206938,
        0.954953,
        0.294246376
      ]
    ],
    "translation": [
      1.57053065,
      1.47193623,
      -0.8278496
    ]
  },
  {
    "timeStamp": 4321,
    "rotation": [
      [
        0.9994896,
        0.0147083923,
        -0.0283595268
      ],
      [
        -0.031412594,
        0.29080838,
        -0.9562655
      ],
      [
        -0.005817939,
        0.9566683,
        0.29112196
      ]
    ],
    "translation": [
      1.57537436,
      1.47225058,
      -0.838394761
    ]
  },
  {
    "timeStamp": 4377,
    "rotation": [
      [
        0.998134553,
        -0.0230514444,
        -0.0565342046
      ],
      [
        -0.0474200025,
        0.290542543,
        -0.955686331
      ],
      [
        0.0384555459,
        0.9565844,
        0.288907439
      ]
    ],
    "translation": [
      1.5818938,
      1.47385287,
      -0.854387164
    ]
  },
  {
    "timeStamp": 4421,
    "rotation": [
      [
        0.995300949,
        -0.0574310049,
        -0.0779604539
      ],
      [
        -0.05790966,
        0.292229,
        -0.9545935
      ],
      [
        0.07760556,
        0.954622447,
        0.287529975
      ]
    ],
    "translation": [
      1.58767354,
      1.47578728,
      -0.8679849
    ]
  },
  {
    "timeStamp": 4477,
    "rotation": [
      [
        0.9887247,
        -0.09995563,
        -0.111500248
      ],
      [
        -0.07680522,
        0.300689757,
        -0.950624347
      ],
      [
        0.128547236,
        0.9484696,
        0.289622277
      ]
    ],
    "translation": [
      1.594974,
      1.47914612,
      -0.8857547
    ]
  },
  {
    "timeStamp": 4521,
    "rotation": [
      [
        0.981909752,
        -0.131636813,
        -0.136106387
      ],
      [
        -0.08975848,
        0.309325665,
        -0.946710646
      ],
      [
        0.166723177,
        0.941801131,
        0.291914374
      ]
    ],
    "translation": [
      1.6008203,
      1.48138845,
      -0.8996321
    ]
  },
  {
    "timeStamp": 4577,
    "rotation": [
      [
        0.970902562,
        -0.166322,
        -0.172293991
      ],
      [
        -0.1114859,
        0.3228208,
        -0.9398711
      ],
      [
        0.2119413,
        0.9317316,
        0.29488498
      ]
    ],
    "translation": [
      1.60745633,
      1.48447263,
      -0.9168253
    ]
  },
  {
    "timeStamp": 4622,
    "rotation": [
      [
        0.9610699,
        -0.19403325,
        -0.196712226
      ],
      [
        -0.123873539,
        0.333807945,
        -0.9344665
      ],
      [
        0.246981665,
        0.9224551,
        0.2967772
      ]
    ],
    "translation": [
      1.61305666,
      1.48606837,
      -0.9294474
    ]
  },
  {
    "timeStamp": 4677,
    "rotation": [
      [
        0.949286342,
        -0.221611947,
        -0.223032728
      ],
      [
        -0.137072071,
        0.3467,
        -0.927906454
      ],
      [
        0.2829606,
        0.911420465,
        0.298740774
      ]
    ],
    "translation": [
      1.61959863,
      1.487979,
      -0.944762945
    ]
  },
  {
    "timeStamp": 4721,
    "rotation": [
      [
        0.941423833,
        -0.241839752,
        -0.235020757
      ],
      [
        -0.139739767,
        0.354509532,
        -0.924551666
      ],
      [
        0.306910455,
        0.903236747,
        0.29994908
      ]
    ],
    "translation": [
      1.62494993,
      1.48884284,
      -0.955616832
    ]
  },
  {
    "timeStamp": 4777,
    "rotation": [
      [
        0.935812831,
        -0.257748038,
        -0.2404585
      ],
      [
        -0.137610883,
        0.3608962,
        -0.9223975
      ],
      [
        0.324526727,
        0.8962811,
        0.302262336
      ]
    ],
    "translation": [
      1.6313951,
      1.49014056,
      -0.9684938
    ]
  },
  {
    "timeStamp": 4821,
    "rotation": [
      [
        0.9326916,
        -0.26933524,
        -0.239885285
      ],
      [
        -0.13136299,
        0.3657468,
        -0.9213973
      ],
      [
        0.335902065,
        0.8908916,
        0.305748284
      ]
    ],
    "translation": [
      1.63580263,
      1.49136984,
      -0.977116346
    ]
  },
  {
    "timeStamp": 4877,
    "rotation": [
      [
        0.9279879,
        -0.280162781,
        -0.245656863
      ],
      [
        -0.129349992,
        0.3760664,
        -0.9175198
      ],
      [
        0.34943822,
        0.883223,
        0.312746018
      ]
    ],
    "translation": [
      1.64013231,
      1.49361312,
      -0.9863756
    ]
  },
  {
    "timeStamp": 4921,
    "rotation": [
      [
        0.9246105,
        -0.2867361,
        -0.2507546
      ],
      [
        -0.129023477,
        0.3836308,
        -0.914428949
      ],
      [
        0.358397,
        0.8778438,
        0.31771338
      ]
    ],
    "translation": [
      1.64243889,
      1.4953301,
      -0.992745757
    ]
  },
  {
    "timeStamp": 4977,
    "rotation": [
      [
        0.9214305,
        -0.292821258,
        -0.255384982
      ],
      [
        -0.128485724,
        0.39067322,
        -0.9115184
      ],
      [
        0.366684049,
        0.8727142,
        0.322354883
      ]
    ],
    "translation": [
      1.64507937,
      1.4971565,
      -0.999750733
    ]
  },
  {
    "timeStamp": 5021,
    "rotation": [
      [
        0.919738054,
        -0.296097338,
        -0.2576981
      ],
      [
        -0.127839744,
        0.394758463,
        -0.9098477
      ],
      [
        0.371131957,
        0.8697656,
        0.32522136
      ]
    ],
    "translation": [
      1.64654326,
      1.49822557,
      -1.00415337
    ]
  },
  {
    "timeStamp": 5077,
    "rotation": [
      [
        0.91767,
        -0.2992856,
        -0.2613617
      ],
      [
        -0.128952667,
        0.397848129,
        -0.9083436
      ],
      [
        0.3758364,
        0.867262959,
        0.3264996
      ]
    ],
    "translation": [
      1.64733076,
      1.49901712,
      -1.0085814
    ]
  },
  {
    "timeStamp": 5121,
    "rotation": [
      [
        0.914715052,
        -0.305161446,
        -0.2649016
      ],
      [
        -0.129482508,
        0.3996374,
        -0.9074823
      ],
      [
        0.382793248,
        0.86438787,
        0.326041281
      ]
    ],
    "translation": [
      1.64731467,
      1.498799,
      -1.01128864
    ]
  },
  {
    "timeStamp": 5177,
    "rotation": [
      [
        0.9120186,
        -0.3093287,
        -0.269328415
      ],
      [
        -0.132244229,
        0.399812549,
        -0.9070068
      ],
      [
        0.388244152,
        0.8628242,
        0.323729545
      ]
    ],
    "translation": [
      1.64715028,
      1.49821937,
      -1.01370525
    ]
  },
  {
    "timeStamp": 5221,
    "rotation": [
      [
        0.913064361,
        -0.308683,
        -0.2665115
      ],
      [
        -0.130185947,
        0.398694068,
        -0.9077966
      ],
      [
        0.386477917,
        0.8635728,
        0.323847145
      ]
    ],
    "translation": [
      1.64736736,
      1.49778426,
      -1.014915
    ]
  },
  {
    "timeStamp": 5276,
    "rotation": [
      [
        0.9159796,
        -0.306052566,
        -0.259447843
      ],
      [
        -0.124285005,
        0.39839986,
        -0.9087523
      ],
      [
        0.381489962,
        0.8646441,
        0.3268884
      ]
    ],
    "translation": [
      1.64771712,
      1.49745166,
      -1.01559782
    ]
  },
  {
    "timeStamp": 5321,
    "rotation": [
      [
        0.918581247,
        -0.304019064,
        -0.2525487
      ],
      [
        -0.117851734,
        0.3992269,
        -0.9092463
      ],
      [
        0.37725243,
        0.8649799,
        0.330893159
      ]
    ],
    "translation": [
      1.64793777,
      1.49747562,
      -1.0154177
    ]
  },
  {
    "timeStamp": 5377,
    "rotation": [
      [
        0.922286868,
        -0.29964304,
