[
  {
    "timeStamp": 45771,
    "rotation": [
      [
        0.9399321,
        -0.340822637,
        -0.0191743467
      ],
      [
        0.0264335182,
        0.016667705,
        0.9995116
      ],
      [
        -0.340336561,
        -0.9399799,
        0.0246756524
      ]
    ],
    "translation": [
      1.57290065,
      0.7046925,
      -0.611336648
    ]
  },
  {
    "timeStamp": 45816,
    "rotation": [
      [
        0.937472761,
        -0.3448505,
        -0.0471477769
      ],
      [
        0.05516803,
        0.01347493,
        0.998386145
      ],
      [
        -0.343658656,
        -0.938560843,
        0.0316571034
      ]
    ],
    "translation": [
      1.57260513,
      0.70558995,
      -0.6113052
    ]
  },
  {
    "timeStamp": 45872,
    "rotation": [
      [
        0.9450763,
        -0.326646149,
        -0.0115337018
      ],
      [
        0.049916558,
        0.109368823,
        0.992747068
      ],
      [
        -0.323015571,
        -0.9387975,
        0.119666934
      ]
    ],
    "translation": [
      1.57459819,
      0.7179277,
      -0.6314298
    ]
  },
  {
    "timeStamp": 45917,
    "rotation": [
      [
        0.93325907,
        -0.352175385,
        0.07071067
      ],
      [
        -0.03516663,
        0.106328413,
        0.993709
      ],
      [
        -0.35747838,
        -0.929874659,
        0.08684714
      ]
    ],
    "translation": [
      1.57146752,
      0.7495452,
      -0.627761662
    ]
  },
  {
    "timeStamp": 45972,
    "rotation": [
      [
        0.901769757,
        -0.3940151,
        0.177660882
      ],
      [
        -0.153340265,
        0.0926580355,
        0.9838197
      ],
      [
        -0.404101551,
        -0.914421439,
        0.0231378339
      ]
    ],
    "translation": [
      1.585182,
      0.79846406,
      -0.61952
    ]
  },
  {
    "timeStamp": 46017,
    "rotation": [
      [
        0.862976849,
        -0.441009849,
        0.246538624
      ],
      [
        -0.237198219,
        0.07720598,
        0.9683885
      ],
      [
        -0.446103126,
        -0.894175351,
        -0.0379797742
      ]
    ],
    "translation": [
      1.60524082,
      0.8418408,
      -0.608899951
    ]
  },
  {
    "timeStamp": 46072,
    "rotation": [
      [
        0.796206534,
        -0.517731,
        0.313065022
      ],
      [
        -0.3319526,
        0.0587874874,
        0.9414624
      ],
      [
        -0.5058286,
        -0.8535213,
        -0.1250552
      ]
    ],
    "translation": [
      1.65010166,
      0.895705462,
      -0.6020942
    ]
  },
  {
    "timeStamp": 46117,
    "rotation": [
      [
        0.734241068,
        -0.596640348,
        0.3238988
      ],
      [
        -0.392053485,
        0.0168551169,
        0.919788
      ],
      [
        -0.554241955,
        -0.8023318,
        -0.2215392
      ]
    ],
    "translation": [
      1.70063376,
      0.939091861,
      -0.590561032
    ]
  },
  {
    "timeStamp": 46172,
    "rotation": [
      [
        0.6384718,
        -0.710201144,
        0.2965943
      ],
      [
        -0.451465964,
        -0.0334935673,
        0.8916595
      ],
      [
        -0.62332356,
        -0.703201652,
        -0.342016369
      ]
    ],
    "translation": [
      1.77544594,
      0.9851541,
      -0.5875654
    ]
  },
  {
    "timeStamp": 46216,
    "rotation": [
      [
        0.558552444,
        -0.7925056,
        0.244855151
      ],
      [
        -0.479994953,
        -0.06806965,
        0.8746264
      ],
      [
        -0.6764791,
        -0.606053948,
        -0.418419182
      ]
    ],
    "translation": [
      1.84653533,
      1.01592052,
      -0.589135766
    ]
  },
  {
    "timeStamp": 46272,
    "rotation": [
      [
        0.453744382,
        -0.882381141,
        0.124577507
      ],
      [
        -0.470225751,
        -0.118327066,
        0.8745779
      ],
      [
        -0.7569701,
        -0.455414355,
        -0.4686086
      ]
    ],
    "translation": [
      1.93543732,
      1.03791761,
      -0.6063923
    ]
  },
  {
    "timeStamp": 46328,
    "rotation": [
      [
        0.34209007,
        -0.939504266,
        0.017494835
      ],
      [
        -0.434597939,
        -0.141682744,
        0.889410257
      ],
      [
        -0.833126,
        -0.311861634,
        -0.4567749
      ]
    ],
    "translation": [
      2.02259827,
      1.0412339,
      -0.6364411
    ]
  },
  {
    "timeStamp": 46372,
    "rotation": [
      [
        0.253516,
        -0.965445459,
        -0.0603708141
      ],
      [
        -0.389055222,
        -0.15890339,
        0.907406032
      ],
      [
        -0.8856442,
        -0.206554353,
        -0.415896177
      ]
    ],
    "translation": [
      2.07851648,
      1.03397441,
      -0.664170861
    ]
  },
  {
    "timeStamp": 46423,
    "rotation": [
      [
        0.173365131,
        -0.982865751,
        -0.06260533
      ],
      [
        -0.3453379,
        -0.120198928,
        0.9307491
      ],
      [
        -0.922326565,
        -0.139739439,
        -0.3602591
      ]
    ],
    "translation": [
      2.11885762,
      1.01542234,
      -0.694102466
    ]
  },
  {
    "timeStamp": 46466,
    "rotation": [
      [
        0.08846184,
        -0.993104339,
        -0.0769296
      ],
      [
        -0.2881573,
        -0.09944483,
        0.9524054
      ],
      [
        -0.9534882,
        -0.0620836951,
        -0.294967383
      ]
    ],
    "translation": [
      2.158042,
      0.9910998,
      -0.7254748
    ]
  },
  {
    "timeStamp": 46522,
    "rotation": [
      [
        0.07404202,
        -0.9915268,
        -0.106734961
      ],
      [
        -0.21422109,
        -0.120343894,
        0.9693434
      ],
      [
        -0.9739749,
        -0.0489072651,
        -0.221316472
      ]
    ],
    "translation": [
      2.18511128,
      0.964875042,
      -0.753761
    ]
  },
  {
    "timeStamp": 46566,
    "rotation": [
      [
        0.0526169,
        -0.9955118,
        -0.07866272
      ],
      [
        -0.212556347,
        -0.0881315246,
        0.9731663
      ],
      [
        -0.975731134,
        -0.03448473,
        -0.216239542
      ]
    ],
    "translation": [
      2.19491076,
      0.951093853,
      -0.7621709
    ]
  },
  {
    "timeStamp": 46622,
    "rotation": [
      [
        0.0623747669,
        -0.99364984,
        -0.09364524
      ],
      [
        -0.160905957,
        -0.10261222,
        0.9816211
      ],
      [
        -0.9849968,
        -0.04616029,
        -0.166284576
      ]
    ],
    "translation": [
      2.208229,
      0.930474758,
      -0.7704538
    ]
  },
  {
    "timeStamp": 46666,
    "rotation": [
      [
        0.07096566,
        -0.9945472,
        -0.07641854
      ],
      [
        -0.149114951,
        -0.0863284245,
        0.985044241
      ],
      [
        -0.98627007,
        -0.0585091822,
        -0.1544282
      ]
    ],
    "translation": [
      2.212099,
      0.917107165,
      -0.7708006
    ]
  },
  {
    "timeStamp": 46722,
    "rotation": [
      [
        0.08350249,
        -0.9934486,
        -0.07801996
      ],
      [
        -0.124574907,
        -0.0880859345,
        0.988292456
      ],
      [
        -0.988690257,
        -0.07280555,
        -0.13111417
      ]
    ],
    "translation": [
      2.21921659,
      0.902370155,
      -0.769934237
    ]
  },
  {
    "timeStamp": 46767,
    "rotation": [
      [
        0.0845279247,
        -0.994147837,
        -0.06726897
      ],
      [
        -0.114010267,
        -0.0767168,
        0.9905131
      ],
      [
        -0.9898771,
        -0.07605665,
        -0.11982777
      ]
    ],
    "translation": [
      2.221623,
      0.891524434,
      -0.7680845
    ]
  },
  {
    "timeStamp": 46822,
    "rotation": [
      [
        0.09587268,
        -0.9951574,
        -0.02168377
      ],
      [
        -0.102092206,
        -0.03150005,
        0.9942761
      ],
      [
        -0.990144253,
        -0.09311018,
        -0.104617812
      ]
    ],
    "translation": [
      2.21743345,
      0.8776481,
      -0.764837146
    ]
  },
  {
    "timeStamp": 46867,
    "rotation": [
      [
        0.108209059,
        -0.993499041,
        -0.0353619419
      ],
      [
        -0.07331445,
        -0.04344904,
        0.996362
      ],
      [
        -0.9914211,
        -0.105222851,
        -0.07753942
      ]
    ],
    "translation": [
      2.22197127,
      0.865885139,
      -0.765923738
    ]
  },
  {
    "timeStamp": 46924,
    "rotation": [
      [
        0.113204032,
        -0.9935322,
        -0.00886578951
      ],
      [
        -0.06888192,
        -0.01674953,
        0.9974842
      ],
      [
        -0.9911812,
        -0.112308547,
        -0.07033252
      ]
    ],
    "translation": [
      2.22034287,
      0.8525465,
      -0.762505949
    ]
  },
  {
    "timeStamp": 46970,
    "rotation": [
      [
        0.13202,
        -0.9908492,
        -0.0280811768
      ],
      [
        -0.02641073,
        -0.0318352059,
        0.999144137
      ],
      [
        -0.990895152,
        -0.13116537,
        -0.0303719342
      ]
    ],
    "translation": [
      2.22524762,
      0.837077439,
      -0.765087366
    ]
  },
  {
    "timeStamp": 47026,
    "rotation": [
      [
        0.137027815,
        -0.9904765,
        -0.0134035554
      ],
      [
        -0.00234925956,
        -0.0138561036,
        0.999901235
      ],
      [
        -0.9905644,
        -0.1369828,
        -0.004225558
      ]
    ],
    "translation": [
      2.227454,
      0.8196622,
      -0.767140567
    ]
  }
]