[
  {
    "timeStamp": 49398,
    "rotation": [
      [
        -0.927381754,
        -0.346881,
        0.140131012
      ],
      [
        0.251391441,
        -0.3003997,
        0.920088232
      ],
      [
        -0.2770658,
        0.88850075,
        0.365788072
      ]
    ],
    "translation": [
      1.98663223,
      0.6656148,
      -0.5413599
    ]
  },
  {
    "timeStamp": 49454,
    "rotation": [
      [
        -0.9223891,
        -0.3539963,
        0.154547438
      ],
      [
        0.2641177,
        -0.286068529,
        0.9210899
      ],
      [
        -0.281851232,
        0.890422,
        0.3573632
      ]
    ],
    "translation": [
      1.98541844,
      0.667632043,
      -0.5409387
    ]
  },
  {
    "timeStamp": 49500,
    "rotation": [
      [
        -0.9259344,
        -0.290611148,
        0.241227537
      ],
      [
        0.306858331,
        -0.206495687,
        0.929084241
      ],
      [
        -0.22018981,
        0.9342937,
        0.2803779
      ]
    ],
    "translation": [
      1.98532546,
      0.7099669,
      -0.5305046
    ]
  },
  {
    "timeStamp": 49556,
    "rotation": [
      [
        -0.8656257,
        -0.244617224,
        0.436869055
      ],
      [
        0.4523355,
        -0.007963808,
        0.891812265
      ],
      [
        -0.2146735,
        0.969586968,
        0.117542744
      ]
    ],
    "translation": [
      1.97148967,
      0.7937041,
      -0.5118324
    ]
  },
  {
    "timeStamp": 49602,
    "rotation": [
      [
        -0.80060786,
        -0.169118419,
        0.574826956
      ],
      [
        0.551962852,
        0.1651487,
        0.817351162
      ],
      [
        -0.233161077,
        0.9716609,
        -0.0388722681
      ]
    ],
    "translation": [
      1.98123968,
      0.87361753,
      -0.5039072
    ]
  },
  {
    "timeStamp": 49647,
    "rotation": [
      [
        -0.76194,
        -0.0601641648,
        0.644847035
      ],
      [
        0.602259636,
        0.3003538,
        0.739642441
      ],
      [
        -0.238182232,
        0.9519285,
        -0.192617133
      ]
    ],
    "translation": [
      2.009753,
      0.9389322,
      -0.501954854
    ]
  },
  {
    "timeStamp": 49697,
    "rotation": [
      [
        -0.7373693,
        0.071259,
        0.671720743
      ],
      [
        0.6393901,
        0.394364655,
        0.660043061
      ],
      [
        -0.2178689,
        0.916187048,
        -0.3363547
      ]
    ],
    "translation": [
      2.05534482,
      0.986000955,
      -0.5054381
    ]
  },
  {
    "timeStamp": 49754,
    "rotation": [
      [
        -0.7387957,
        0.247457147,
        0.6268539
      ],
      [
        0.665713966,
        0.4127611,
        0.621653557
      ],
      [
        -0.1049083,
        0.8765804,
        -0.469681829
      ]
    ],
    "translation": [
      2.13082433,
      1.00034463,
      -0.515015364
    ]
  },
  {
    "timeStamp": 49798,
    "rotation": [
      [
        -0.7386838,
        0.3293406,
        0.5881165
      ],
      [
        0.673907,
        0.342732161,
        0.6545106
      ],
      [
        0.0139904944,
        0.8798122,
        -0.475115627
      ]
    ],
    "translation": [
      2.1720593,
      0.970455468,
      -0.522606134
    ]
  },
  {
    "timeStamp": 49854,
    "rotation": [
      [
        -0.6909318,
        0.4091369,
        0.596003652
      ],
      [
        0.707753,
        0.2148371,
        0.673001349
      ],
      [
        0.147306,
        0.8868213,
        -0.438005656
      ]
    ],
    "translation": [
      2.20524549,
      0.9183382,
      -0.532860041
    ]
  },
  {
    "timeStamp": 49898,
    "rotation": [
      [
        -0.668438,
        0.4185343,
        0.614833
      ],
      [
        0.7148395,
        0.133210838,
        0.6864833
      ],
      [
        0.2054144,
        0.8983785,
        -0.388228059
      ]
    ],
    "translation": [
      2.21117115,
      0.880674541,
      -0.537668943
    ]
  }
]