[
  {
    "timeStamp": 43240,
    "rotation": [
      [
        0.979545355,
        -0.18821542,
        0.07117495
      ],
      [
        0.190631345,
        0.981240034,
        -0.0287676211
      ],
      [
        -0.06442521,
        0.0417473651,
        0.9970489
      ]
    ],
    "translation": [
      1.30237114,
      0.699827731,
      -0.7344807
    ]
  },
  {
    "timeStamp": 43297,
    "rotation": [
      [
        0.962362051,
        -0.258010536,
        0.0853806
      ],
      [
        0.25840804,
        0.9660136,
        0.006554382
      ],
      [
        -0.08416992,
        0.0157553442,
        0.996326864
      ]
    ],
    "translation": [
      1.3018198,
      0.70431906,
      -0.7317659
    ]
  },
  {
    "timeStamp": 43340,
    "rotation": [
      [
        0.968669534,
        -0.222219691,
        0.110895276
      ],
      [
        0.2176043,
        0.9746363,
        0.0522721522
      ],
      [
        -0.119698472,
        -0.0265031513,
        0.992456436
      ]
    ],
    "translation": [
      1.294151,
      0.7228583,
      -0.726274669
    ]
  },
  {
    "timeStamp": 43396,
    "rotation": [
      [
        0.9861137,
        -0.124140985,
        0.110311724
      ],
      [
        0.113665484,
        0.988804638,
        0.096672304
      ],
      [
        -0.121077739,
        -0.0827912539,
        0.9891844
      ]
    ],
    "translation": [
      1.2819736,
      0.7602544,
      -0.722084641
    ]
  },
  {
    "timeStamp": 43440,
    "rotation": [
      [
        0.992139935,
        -0.0265948549,
        0.12227416
      ],
      [
        0.01120981,
        0.992114842,
        0.124829739
      ],
      [
        -0.124629833,
        -0.122477904,
        0.9846149
      ]
    ],
    "translation": [
      1.28010809,
      0.797751665,
      -0.716489255
    ]
  },
  {
    "timeStamp": 43495,
    "rotation": [
      [
        0.9831859,
        0.07706864,
        0.1655477
      ],
      [
        -0.105452895,
        0.979755938,
        0.1701705
      ],
      [
        -0.149081543,
        -0.18476671,
        0.971409261
      ]
    ],
    "translation": [
      1.29587543,
      0.8495826,
      -0.701492965
    ]
  },
  {
    "timeStamp": 43540,
    "rotation": [
      [
        0.964830339,
        0.149383038,
        0.216303289
      ],
      [
        -0.198778465,
        0.9530412,
        0.228472263
      ],
      [
        -0.172016054,
        -0.2634334,
        0.9492172
      ]
    ],
    "translation": [
      1.32188714,
      0.895785,
      -0.680726469
    ]
  },
  {
    "timeStamp": 43595,
    "rotation": [
      [
        0.92746675,
        0.206676543,
        0.311593
      ],
      [
        -0.300067037,
        0.908613265,
        0.290485173
      ],
      [
        -0.223081052,
        -0.362914115,
        0.9047255
      ]
    ],
    "translation": [
      1.37335193,
      0.951780558,
      -0.6477295
    ]
  },
  {
    "timeStamp": 43640,
    "rotation": [
      [
        0.8906217,
        0.230864,
        0.3917842
      ],
      [
        -0.3749228,
        0.860339046,
        0.34532553
      ],
      [
        -0.257343978,
        -0.454443246,
        0.8527928
      ]
    ],
    "translation": [
      1.42749918,
      0.9928508,
      -0.617232
    ]
  },
  {
    "timeStamp": 43695,
    "rotation": [
      [
        0.8476282,
        0.212126881,
        0.486342132
      ],
      [
        -0.4356791,
        0.8014149,
        0.40977785
      ],
      [
        -0.302836925,
        -0.559228361,
        0.7717211
      ]
    ],
    "translation": [
      1.5059154,
      1.03598332,
      -0.5814317
    ]
  },
  {
    "timeStamp": 43740,
    "rotation": [
      [
        0.803787231,
        0.149777874,
        0.575754
      ],
      [
        -0.456073016,
        0.7765578,
        0.434689969
      ],
      [
        -0.3819993,
        -0.6119841,
        0.6924969
      ]
    ],
    "translation": [
      1.58440661,
      1.058606,
      -0.5535092
    ]
  },
  {
    "timeStamp": 43795,
    "rotation": [
      [
        0.749938965,
        0.09113411,
        0.6551993
      ],
      [
        -0.479730278,
        0.7568908,
        0.443818957
      ],
      [
        -0.455467224,
        -0.64715606,
        0.6113417
      ]
    ],
    "translation": [
      1.68552542,
      1.0773797,
      -0.5297583
    ]
  },
  {
    "timeStamp": 43839,
    "rotation": [
      [
        0.72233206,
        -0.0128315631,
        0.691427231
      ],
      [
        -0.45322746,
        0.7463831,
        0.487336844
      ],
      [
        -0.5223229,
        -0.6653929,
        0.533320844
      ]
    ],
    "translation": [
      1.76905227,
      1.08727407,
      -0.5204412
    ]
  },
  {
    "timeStamp": 43895,
    "rotation": [
      [
        0.692239463,
        -0.08726168,
        0.716372848
      ],
      [
        -0.447046965,
        0.7274143,
        0.520593345
      ],
      [
        -0.5665277,
        -0.6806275,
        0.464534819
      ]
    ],
    "translation": [
      1.87069845,
      1.0951786,
      -0.5246546
    ]
  },
  {
    "timeStamp": 43939,
    "rotation": [
      [
        0.6870383,
        -0.128218979,
        0.7152191
      ],
      [
        -0.404743075,
        0.749936461,
        0.523238361
      ],
      [
        -0.6034579,
        -0.648964763,
        0.4633393
      ]
    ],
    "translation": [
      1.94203019,
      1.087672,
      -0.5364469
    ]
  },
  {
    "timeStamp": 43995,
    "rotation": [
      [
        0.6866095,
        -0.176447719,
        0.7052898
      ],
      [
        -0.297985017,
        0.8165736,
        0.494381
      ],
      [
        -0.66315335,
        -0.549612463,
        0.50808835
      ]
    ],
    "translation": [
      2.020014,
      1.05761051,
      -0.5579626
    ]
  },
  {
    "timeStamp": 44039,
    "rotation": [
      [
        0.6909252,
        -0.207650512,
        0.692462
      ],
      [
        -0.207696334,
        0.860460162,
        0.465263963
      ],
      [
        -0.692448258,
        -0.4652844,
        0.551385343
      ]
    ],
    "translation": [
      2.07176757,
      1.02924919,
      -0.583130956
    ]
  },
  {
    "timeStamp": 44091,
    "rotation": [
      [
        0.6699427,
        -0.2428545,
        0.7015686
      ],
      [
        -0.124580257,
        0.894810736,
        0.428711385
      ],
      [
        -0.7318856,
        -0.374613643,
        0.569217
      ]
    ],
    "translation": [
      2.11662531,
      1.00010252,
      -0.610902131
    ]
  },
  {
    "timeStamp": 44145,
    "rotation": [
      [
        0.6506169,
        -0.237036139,
        0.7214649
      ],
      [
        -0.0541751,
        0.933130264,
        0.355433553
      ],
      [
        -0.757471263,
        -0.2703365,
        0.5942688
      ]
    ],
    "translation": [
      2.15774369,
      0.9608404,
      -0.6497005
    ]
  },
  {
    "timeStamp": 44190,
    "rotation": [
      [
        0.650761366,
        -0.244502172,
        0.718838155
      ],
      [
        -0.0218312517,
        0.940317035,
        0.3395987
      ],
      [
        -0.758968353,
        -0.236690834,
        0.6065842
      ]
    ],
    "translation": [
      2.16819334,
      0.94295454,
      -0.670806646
    ]
  },
  {
    "timeStamp": 44245,
    "rotation": [
      [
        0.6683252,
        -0.20577243,
        0.714842
      ],
      [
        -0.01708475,
        0.9564785,
        0.291302234
      ],
      [
        -0.743672967,
        -0.206897512,
        0.635723054
      ]
    ],
    "translation": [
      2.16544247,
      0.9215032,
      -0.6908134
    ]
  },
  {
    "timeStamp": 44290,
    "rotation": [
      [
        0.679996431,
        -0.226695046,
        0.6972907
      ],
      [
        0.0245839581,
        0.9575182,
        0.287322968
      ],
      [
        -0.7328032,
        -0.178236425,
        0.656682
      ]
    ],
    "translation": [
      2.16241574,
      0.9054243,
      -0.7027054
    ]
  },
  {
    "timeStamp": 44345,
    "rotation": [
      [
        0.6685556,
        -0.270127,
        0.6928671
      ],
      [
        0.07744996,
        0.951921,
        0.296391547
      ],
      [
        -0.7396181,
        -0.1444917,
        0.657333434
      ]
    ],
    "translation": [
      2.16754484,
      0.8881818,
      -0.716140747
    ]
  },
  {
    "timeStamp": 44390,
    "rotation": [
      [
        0.657816231,
        -0.237448573,
        0.71476984
      ],
      [
        0.0623309053,
        0.962911844,
        0.26251775
      ],
      [
        -0.750594854,
        -0.128136188,
        0.6482194
      ]
    ],
    "translation": [
      2.16929531,
      0.8757297,
      -0.7247014
    ]
  },
  {
    "timeStamp": 44445,
    "rotation": [
      [
        0.6822836,
        -0.237907946,
        0.691295147
      ],
      [
        0.08443179,
        0.964885235,
        0.248732314
      ],
      [
        -0.7261959,
        -0.111338682,
        0.6784123
      ]
    ],
    "translation": [
      2.16217279,
      0.8627927,
      -0.732165
    ]
  },
  {
    "timeStamp": 44490,
    "rotation": [
      [
        0.6908956,
        -0.262875557,
        0.6734684
      ],
      [
        0.111708544,
        0.9591799,
        0.259798378
      ],
      [
        -0.714271963,
        -0.104261376,
        0.6920586
      ]
    ],
    "translation": [
      2.15896559,
      0.854999661,
      -0.7373676
    ]
  },
  {
    "timeStamp": 44545,
    "rotation": [
      [
        0.697847068,
        -0.246911436,
        0.67234236
      ],
      [
        0.107999191,
        0.9642436,
        0.24201338
      ],
      [
        -0.7080577,
        -0.0962758958,
        0.699560761
      ]
    ],
    "translation": [
      2.1534102,
      0.8449691,
      -0.741663039
    ]
  },
  {
    "timeStamp": 44591,
    "rotation": [
      [
        0.7155906,
        -0.269274116,
        0.6445321
      ],
      [
        0.127139986,
        0.9575074,
        0.258872718
      ],
      [
        -0.6868519,
        -0.103301078,
        0.719418764
      ]
    ],
    "translation": [
      2.151769,
      0.839841843,
      -0.742287636
    ]
  },
  {
    "timeStamp": 44637,
    "rotation": [
      [
        0.7362831,
        -0.2985207,
        0.6072665
      ],
      [
        0.1716603,
        0.9504725,
        0.259103924
      ],
      [
        -0.6545379,
        -0.0865303,
        0.751061
      ]
    ],
    "translation": [
      2.14989066,
      0.829417765,
      -0.744399369
    ]
  },
  {
    "timeStamp": 44694,
    "rotation": [
      [
        0.740176141,
        -0.27030462,
        0.61569047
      ],
      [
        0.1664677,
        0.960802257,
        0.221692353
      ],
      [
        -0.6514813,
        -0.06159882,
        0.7561599
      ]
    ],
    "translation": [
      2.14993215,
      0.820466638,
      -0.747711062
    ]
  }
]