[
  {
    "timeStamp": 57665,
    "rotation": [
      [
        0.9996987,
        -0.020539863,
        -0.01343911
      ],
      [
        0.0134071428,
        -0.00169323676,
        0.9999087
      ],
      [
        -0.0205607433,
        -0.9997876,
        -0.0014173456
      ]
    ],
    "translation": [
      1.30784225,
      0.7014183,
      -0.489451379
    ]
  },
  {
    "timeStamp": 57721,
    "rotation": [
      [
        0.998249054,
        -0.0581864379,
        0.0106383236
      ],
      [
        -0.0104575818,
        0.0034098872,
        0.9999395
      ],
      [
        -0.0582191944,
        -0.9982999,
        0.002795427
      ]
    ],
    "translation": [
      1.31033421,
      0.711617768,
      -0.487037748
    ]
  },
  {
    "timeStamp": 57765,
    "rotation": [
      [
        0.993484735,
        -0.08847047,
        0.07183997
      ],
      [
        -0.07275211,
        -0.007124917,
        0.9973246
      ],
      [
        -0.0877219141,
        -0.996053338,
        -0.01351491
      ]
    ],
    "translation": [
      1.31230354,
      0.7278067,
      -0.486729264
    ]
  },
  {
    "timeStamp": 57821,
    "rotation": [
      [
        0.985694945,
        -0.10427656,
        0.132408127
      ],
      [
        -0.135491639,
        -0.02303253,
        0.990510762
      ],
      [
        -0.10023737,
        -0.9942816,
        -0.03683165
      ]
    ],
    "translation": [
      1.32199407,
      0.7525116,
      -0.4916657
    ]
  },
  {
    "timeStamp": 57865,
    "rotation": [
      [
        0.968286157,
        -0.14466171,
        0.203702763
      ],
      [
        -0.208196983,
        -0.016476566,
        0.9779481
      ],
      [
        -0.138115332,
        -0.989343941,
        -0.0460721664
      ]
    ],
    "translation": [
      1.33793354,
      0.7802222,
      -0.4972332
    ]
  },
  {
    "timeStamp": 57920,
    "rotation": [
      [
        0.9277439,
        -0.202833056,
        0.313289
      ],
      [
        -0.3204366,
        -0.00253875623,
        0.9472666
      ],
      [
        -0.191341609,
        -0.97921,
        -0.0673504546
      ]
    ],
    "translation": [
      1.36915362,
      0.8287631,
      -0.505831063
    ]
  },
  {
    "timeStamp": 57965,
    "rotation": [
      [
        0.887803555,
        -0.235597342,
        0.3953464
      ],
      [
        -0.403589845,
        0.0142856995,
        0.9148285
      ],
      [
        -0.221178964,
        -0.9717458,
        -0.0824018
      ]
    ],
    "translation": [
      1.40748382,
      0.871074259,
      -0.5186597
    ]
  },
  {
    "timeStamp": 58020,
    "rotation": [
      [
        0.8505872,
        -0.2788336,
        0.4458175
      ],
      [
        -0.464342684,
        -0.000441940618,
        0.8856555
      ],
      [
        -0.246753484,
        -0.9603393,
        -0.129850253
      ]
    ],
    "translation": [
      1.4726932,
      0.920864463,
      -0.5338377
    ]
  },
  {
    "timeStamp": 58065,
    "rotation": [
      [
        0.829709947,
        -0.342331678,
        0.440897346
      ],
      [
        -0.4783859,
        -0.0290952288,
        0.8776676
      ],
      [
        -0.2876254,
        -0.9391286,
        -0.187907249
      ]
    ],
    "translation": [
      1.53997,
      0.953539133,
      -0.543999434
    ]
  },
  {
    "timeStamp": 58120,
    "rotation": [
      [
        0.8109678,
        -0.431349754,
        0.3953081
      ],
      [
        -0.4665348,
        -0.06898994,
        0.881808162
      ],
      [
        -0.353095442,
        -0.899543047,
        -0.2571883
      ]
    ],
    "translation": [
      1.63793778,
      0.986595035,
      -0.5554005
    ]
  },
  {
    "timeStamp": 58165,
    "rotation": [
      [
        0.784660637,
        -0.5290124,
        0.323192835
      ],
      [
        -0.437784582,
        -0.103734262,
        0.8930755
      ],
      [
        -0.438921839,
        -0.84225,
        -0.312989652
      ]
    ],
    "translation": [
      1.72360623,
      1.00619757,
      -0.565522969
    ]
  },
  {
    "timeStamp": 58220,
    "rotation": [
      [
        0.7287926,
        -0.64418155,
        0.232145369
      ],
      [
        -0.3977268,
        -0.122272931,
        0.909319937
      ],
      [
        -0.557382,
        -0.755036056,
        -0.3453199
      ]
    ],
    "translation": [
      1.833168,
      1.0202316,
      -0.5811673
    ]
  },
  {
    "timeStamp": 58264,
    "rotation": [
      [
        0.6826952,
        -0.717387736,
        0.1388603
      ],
      [
        -0.350485742,
        -0.154742256,
        0.92369616
      ],
      [
        -0.6411607,
        -0.67927146,
        -0.357075959
      ]
    ],
    "translation": [
      1.915241,
      1.023213,
      -0.594906747
    ]
  },
  {
    "timeStamp": 58320,
    "rotation": [
      [
        0.5912473,
        -0.8054326,
        0.0412890874
      ],
      [
        -0.2995533,
        -0.17178449,
        0.938487053
      ],
      [
        -0.7487953,
        -0.567246258,
        -0.342837155
      ]
    ],
    "translation": [
      2.01563883,
      1.01426864,
      -0.609103
    ]
  },
  {
    "timeStamp": 58365,
    "rotation": [
      [
        0.5125278,
        -0.8581005,
        -0.0312856138
      ],
      [
        -0.267445236,
        -0.194150716,
        0.943810642
      ],
      [
        -0.8159585,
        -0.475362033,
        -0.329002529
      ]
    ],
    "translation": [
      2.08550239,
      1.000404,
      -0.616910934
    ]
  },
  {
    "timeStamp": 58420,
    "rotation": [
      [
        0.4322852,
        -0.8993069,
        -0.06615653
      ],
      [
        -0.253067255,
        -0.191408619,
        0.9483247
      ],
      [
        -0.8654978,
        -0.393204659,
        -0.310328215
      ]
    ],
    "translation": [
      2.15403,
      0.9767642,
      -0.624241769
    ]
  },
  {
    "timeStamp": 58465,
    "rotation": [
      [
        0.372012824,
        -0.925682962,
        -0.06868435
      ],
      [
        -0.265958279,
        -0.1771907,
        0.947559834
      ],
      [
        -0.889310241,
        -0.334237248,
        -0.312110245
      ]
    ],
    "translation": [
      2.191214,
      0.9593879,
      -0.6250971
    ]
  },
  {
    "timeStamp": 58520,
    "rotation": [
      [
        0.366482139,
        -0.9257911,
        -0.0927450657
      ],
      [
        -0.2277514,
        -0.185909331,
        0.955807
      ],
      [
        -0.902119756,
        -0.329163343,
        -0.278982669
      ]
    ],
    "translation": [
      2.219317,
      0.9312306,
      -0.624728262
    ]
  },
  {
    "timeStamp": 58564,
    "rotation": [
      [
        0.3671995,
        -0.928459466,
        -0.0559248626
      ],
      [
        -0.2243605,
        -0.146762043,
        0.963391542
      ],
      [
        -0.902677655,
        -0.341209561,
        -0.262200564
      ]
    ],
    "translation": [
      2.22702169,
      0.91045785,
      -0.6213377
    ]
  },
  {
    "timeStamp": 58620,
    "rotation": [
      [
        0.379528672,
        -0.923001766,
        -0.0634478256
      ],
      [
        -0.182744786,
        -0.142017111,
        0.972849131
      ],
      [
        -0.906952143,
        -0.3576294,
        -0.22257334
      ]
    ],
    "translation": [
      2.234799,
      0.882083237,
      -0.61972487
    ]
  },
  {
    "timeStamp": 58665,
    "rotation": [
      [
        0.3946087,
        -0.9176641,
        -0.04665461
      ],
      [
        -0.1746722,
        -0.124767058,
        0.9766897
      ],
      [
        -0.902094,
        -0.377260983,
        -0.209524572
      ]
    ],
    "translation": [
      2.23554873,
      0.86732,
      -0.616723835
    ]
  },
  {
    "timeStamp": 58720,
    "rotation": [
      [
        0.417153716,
        -0.905771434,
        -0.07457127
      ],
      [
        -0.143831849,
        -0.146813259,
        0.9786512
      ],
      [
        -0.8973824,
        -0.397522241,
        -0.191522464
      ]
    ],
    "translation": [
      2.24029183,
      0.853962958,
      -0.6138913
    ]
  },
  {
    "timeStamp": 58764,
    "rotation": [
      [
        0.41994372,
        -0.9054099,
        -0.0622904636
      ],
      [
        -0.160056576,
        -0.1414471,
        0.976920962
      ],
      [
        -0.893324733,
        -0.400281817,
        -0.204316631
      ]
    ],
    "translation": [
      2.24031663,
      0.851234555,
      -0.60883373
    ]
  },
  {
    "timeStamp": 58820,
    "rotation": [
      [
        0.4291488,
        -0.900532246,
        -0.06980692
      ],
      [
        -0.156556949,
        -0.150277346,
        0.976169348
      ],
      [
        -0.889562368,
        -0.407993138,
        -0.205475926
      ]
    ],
    "translation": [
      2.24215484,
      0.8469373,
      -0.603925645
    ]
  },
  {
    "timeStamp": 58864,
    "rotation": [
      [
        0.428910136,
        -0.90095526,
        -0.06569372
      ],
      [
        -0.157056466,
        -0.145988137,
        0.9767398
      ],
      [
        -0.889589369,
        -0.408615977,
        -0.204116657
      ]
    ],
    "translation": [
      2.2434628,
      0.8431883,
      -0.6005908
    ]
  },
  {
    "timeStamp": 58920,
    "rotation": [
      [
        0.4316814,
        -0.899591148,
        -0.0662348941
      ],
      [
        -0.134599447,
        -0.136848092,
        0.9814049
      ],
      [
        -0.8919273,
        -0.414739043,
        -0.180159241
      ]
    ],
    "translation": [
      2.24504781,
      0.8342245,
      -0.5998319
    ]
  },
  {
    "timeStamp": 58964,
    "rotation": [
      [
        0.424581736,
        -0.9025635,
        -0.07148058
      ],
      [
        -0.125139475,
        -0.1366932,
        0.9826775
      ],
      [
        -0.8966998,
        -0.4082819,
        -0.170983762
      ]
    ],
    "translation": [
      2.24847436,
      0.8288848,
      -0.599269
    ]
  },
  {
    "timeStamp": 59020,
    "rotation": [
      [
        0.423159063,
        -0.9033857,
        -0.0695035756
      ],
      [
        -0.11578609,
        -0.129997879,
        0.9847305
      ],
      [
        -0.898626745,
        -0.40865007,
        -0.159609273
      ]
    ],
    "translation": [
      2.250066,
      0.8243215,
      -0.599182844
    ]
  },
  {
    "timeStamp": 59064,
    "rotation": [
      [
        0.42596826,
        -0.901702762,
        -0.07404829
      ],
      [
        -0.10932634,
        -0.132545531,
        0.9851291
      ],
      [
        -0.8981085,
        -0.411538273,
        -0.155040056
      ]
    ],
    "translation": [
      2.250802,
      0.8216092,
      -0.5990568
    ]
  },
  {
    "timeStamp": 59120,
    "rotation": [
      [
        0.4232205,
        -0.9032059,
        -0.0714397
      ],
      [
        -0.113777183,
        -0.131207034,
        0.9848043
      ],
      [
        -0.8988544,
        -0.408661127,
        -0.158293724
      ]
    ],
    "translation": [
      2.25175071,
      0.820506454,
      -0.597622156
    ]
  },
  {
    "timeStamp": 59164,
    "rotation": [
      [
        0.425818831,
        -0.9015475,
        -0.0767490342
      ],
      [
        -0.11225991,
        -0.136809215,
        0.9842159
      ],
      [
        -0.8978174,
        -0.41048184,
        -0.159463584
      ]
    ],
    "translation": [
      2.25230217,
      0.819902062,
      -0.59637773
    ]
  },
  {
    "timeStamp": 59219,
    "rotation": [
      [
        0.4195062,
        -0.9043126,
        -0.07895046
      ],
      [
        -0.1165591,
        -0.139915764,
        0.983279
      ],
      [
        -0.900238,
        -0.403289229,
        -0.164101392
      ]
    ],
    "translation": [
      2.25394678,
      0.8198936,
      -0.594643235
    ]
  },
  {
    "timeStamp": 59264,
    "rotation": [
      [
        0.4134511,
        -0.907773435,
        -0.07074985
      ],
      [
        -0.1236439,
        -0.132956788,
        0.9833792
      ],
      [
        -0.902092159,
        -0.3978314,
        -0.167211771
      ]
    ],
    "translation": [
      2.25451159,
      0.819112539,
      -0.594365835
    ]
  },
  {
    "timeStamp": 59319,
    "rotation": [
      [
        0.411204427,
        -0.9091555,
        -0.0659343451
      ],
      [
        -0.125111982,
        -0.127939284,
        0.983859
      ],
      [
        -0.9029164,
        -0.396318,
        -0.166355446
      ]
    ],
    "translation": [
      2.254529,
      0.8169098,
      -0.594229
    ]
  },
  {
    "timeStamp": 59364,
    "rotation": [
      [
        0.410870165,
        -0.90962255,
        -0.06142135
      ],
      [
        -0.123055987,
        -0.122085325,
        0.9848616
      ],
      [
        -0.903351,
        -0.397091985,
        -0.162095711
      ]
    ],
    "translation": [
      2.254524,
      0.8144178,
      -0.5940806
    ]
  },
  {
    "timeStamp": 59420,
    "rotation": [
      [
        0.4076422,
        -0.9116392,
        -0.0523626246
      ],
      [
        -0.07818125,
        -0.09197683,
        0.9926872
      ],
      [
        -0.9097888,
        -0.4005674,
        -0.108766727
      ]
    ],
    "translation": [
      2.25340962,
      0.8122609,
      -0.599036157
    ]
  },
  {
    "timeStamp": 59464,
    "rotation": [
      [
        0.403883249,
        -0.913831532,
        -0.04231253
      ],
      [
        -0.05758213,
        -0.07155601,
        0.9957731
      ],
      [
        -0.912996531,
        -0.3997396,
        -0.08152063
      ]
    ],
    "translation": [
      2.253214,
      0.811304331,
      -0.6002288
    ]
  },
  {
    "timeStamp": 59520,
    "rotation": [
      [
        0.411824167,
        -0.911066651,
        0.0189331
      ],
      [
        -0.111058578,
        -0.0295576081,
        0.9933742
      ],
      [
        -0.9044705,
        -0.4111982,
        -0.113354295
      ]
    ],
    "translation": [
      2.24898362,
      0.8073462,
      -0.6004862
    ]
  },
  {
    "timeStamp": 59564,
    "rotation": [
      [
        0.392613,
        -0.9194516,
        -0.0215369258
      ],
      [
        -0.053623464,
        -0.0462624878,
        0.997489
      ],
      [
        -0.91813916,
        -0.390472233,
        -0.06746743
      ]
    ],
    "translation": [
      2.25183487,
      0.81038785,
      -0.598804057
    ]
  },
  {
    "timeStamp": 59620,
    "rotation": [
      [
        0.39155975,
        -0.9195517,
        0.0332529135
      ],
      [
        -0.06799585,
        0.0071237646,
        0.99766016
      ],
      [
        -0.917636931,
        -0.392904639,
        -0.0597363152
      ]
    ],
    "translation": [
      2.25211644,
      0.802904248,
      -0.5986587
    ]
  }
]