[
  {
    "timeStamp": 81676,
    "rotation": [
      [
        0.8836829,
        -0.391769916,
        0.256165743
      ],
      [
        -0.335748941,
        -0.149182841,
        0.93006295
      ],
      [
        -0.326155126,
        -0.9078881,
        -0.263366669
      ]
    ],
    "translation": [
      1.46045768,
      0.717401862,
      -0.757648468
    ]
  },
  {
    "timeStamp": 81720,
    "rotation": [
      [
        0.873284757,
        -0.409863532,
        0.263411671
      ],
      [
        -0.334928036,
        -0.11238192,
        0.9355178
      ],
      [
        -0.353831917,
        -0.9051973,
        -0.235416219
      ]
    ],
    "translation": [
      1.45861721,
      0.7183638,
      -0.756790459
    ]
  },
  {
    "timeStamp": 81776,
    "rotation": [
      [
        0.840758264,
        -0.485451877,
        0.239712253
      ],
      [
        -0.34577778,
        -0.14076589,
        0.927697539
      ],
      [
        -0.416609228,
        -0.8628565,
        -0.28620857
      ]
    ],
    "translation": [
      1.45614851,
      0.724311352,
      -0.7456242
    ]
  },
  {
    "timeStamp": 81820,
    "rotation": [
      [
        0.8109759,
        -0.534764946,
        0.237370208
      ],
      [
        -0.353297621,
        -0.124202579,
        0.927229464
      ],
      [
        -0.466367781,
        -0.8358231,
        -0.28965646
      ]
    ],
    "translation": [
      1.45563972,
      0.7284081,
      -0.740422368
    ]
  },
  {
    "timeStamp": 81876,
    "rotation": [
      [
        0.7901931,
        -0.571280062,
        0.221887276
      ],
      [
        -0.341218352,
        -0.109358296,
        0.933600962
      ],
      [
        -0.5090824,
        -0.813437045,
        -0.2813454
      ]
    ],
    "translation": [
      1.45845008,
      0.7281846,
      -0.738689661
    ]
  },
  {
    "timeStamp": 81920,
    "rotation": [
      [
        0.7677707,
        -0.60279274,
        0.2171844
      ],
      [
        -0.339879751,
        -0.09581633,
        0.9355752
      ],
      [
        -0.5431481,
        -0.7921238,
        -0.278442025
      ]
    ],
    "translation": [
      1.46208215,
      0.729015648,
      -0.7369178
    ]
  },
  {
    "timeStamp": 81976,
    "rotation": [
      [
        0.723377347,
        -0.657575,
        0.210523933
      ],
      [
        -0.334184676,
        -0.06663535,
        0.9401491
      ],
      [
        -0.60419023,
        -0.7504364,
        -0.267954
      ]
    ],
    "translation": [
      1.46923876,
      0.7343626,
      -0.731929541
    ]
  },
  {
    "timeStamp": 82020,
    "rotation": [
      [
        0.668247938,
        -0.712913,
        0.212602675
      ],
      [
        -0.339521468,
        -0.0379763655,
        0.9398314
      ],
      [
        -0.6619441,
        -0.7002235,
        -0.267426878
      ]
    ],
    "translation": [
      1.47845507,
      0.7460674,
      -0.724527836
    ]
  },
  {
    "timeStamp": 82076,
    "rotation": [
      [
        0.555539966,
        -0.802884161,
        0.216223031
      ],
      [
        -0.337179244,
        0.020174535,
        0.9412243
      ],
      [
        -0.760056257,
        -0.5957936,
        -0.259508133
      ]
    ],
    "translation": [
      1.49815547,
      0.769557059,
      -0.7125097
    ]
  },
  {
    "timeStamp": 82120,
    "rotation": [
      [
        0.428281367,
        -0.874289751,
        0.228456885
      ],
      [
        -0.335232675,
        0.0810547844,
        0.9386422
      ],
      [
        -0.839162767,
        -0.478589177,
        -0.258376241
      ]
    ],
    "translation": [
      1.52211225,
      0.7978875,
      -0.6998539
    ]
  },
  {
    "timeStamp": 82175,
    "rotation": [
      [
        0.240975872,
        -0.9401019,
        0.241120413
      ],
      [
        -0.335546,
        0.152419418,
        0.9296113
      ],
      [
        -0.91068083,
        -0.304920882,
        -0.278718
      ]
    ],
    "translation": [
      1.56618369,
      0.842132,
      -0.6843154
    ]
  },
  {
    "timeStamp": 82220,
    "rotation": [
      [
        0.09921699,
        -0.9667945,
        0.235508829
      ],
      [
        -0.344275773,
        0.18870759,
        0.919708431
      ],
      [
        -0.9336114,
        -0.1723307,
        -0.314120919
      ]
    ],
    "translation": [
      1.61216521,
      0.880587459,
      -0.672078431
    ]
  },
  {
    "timeStamp": 82275,
    "rotation": [
      [
        -0.05192434,
        -0.9788612,
        0.197824851
      ],
      [
        -0.373362035,
        0.202755019,
        0.9052575
      ],
      [
        -0.926231444,
        -0.0268553961,
        -0.3759975
      ]
    ],
    "translation": [
      1.680847,
      0.9287945,
      -0.6627581
    ]
  },
  {
    "timeStamp": 82320,
    "rotation": [
      [
        -0.139588118,
        -0.9791452,
        0.1476135
      ],
      [
        -0.4085703,
        0.192743629,
        0.8921436
      ],
      [
        -0.9019897,
        0.0642221645,
        -0.4269544
      ]
    ],
    "translation": [
      1.74137652,
      0.9661677,
      -0.657792
    ]
  },
  {
    "timeStamp": 82375,
    "rotation": [
      [
        -0.207376882,
        -0.976935,
        0.0509189963
      ],
      [
        -0.473023772,
        0.145699218,
        0.868919
      ],
      [
        -0.8562963,
        0.156107813,
        -0.492328137
      ]
    ],
    "translation": [
      1.81912565,
      1.00792325,
      -0.6555329
    ]
  },
  {
    "timeStamp": 82420,
    "rotation": [
      [
        -0.23669818,
        -0.971279144,
        -0.0243036821
      ],
      [
        -0.5124262,
        0.103546225,
        0.85246557
      ],
      [
        -0.8254655,
        0.2142309,
        -0.5222181
      ]
    ],
    "translation": [
      1.88198745,
      1.0345695,
      -0.654280961
    ]
  },
  {
    "timeStamp": 82475,
    "rotation": [
      [
        -0.245217755,
        -0.9603522,
        -0.132634863
      ],
      [
        -0.5456849,
        0.0236466732,
        0.837656736
      ],
      [
        -0.8013091,
        0.277785152,
        -0.5298483
      ]
    ],
    "translation": [
      1.95838881,
      1.05336559,
      -0.654464841
    ]
  },
  {
    "timeStamp": 82520,
    "rotation": [
      [
        -0.25730148,
        -0.9421028,
        -0.21503067
      ],
      [
        -0.569032967,
        -0.03213532,
        0.8216865
      ],
      [
        -0.781023264,
        0.3337807,
        -0.527819157
      ]
    ],
    "translation": [
      2.021538,
      1.05855179,
      -0.6526808
    ]
  },
  {
    "timeStamp": 82575,
    "rotation": [
      [
        -0.268838853,
        -0.925181,
        -0.2678914
      ],
      [
        -0.534518,
        -0.08806766,
        0.8405561
      ],
      [
        -0.8012591,
        0.3691669,
        -0.470849931
      ]
    ],
    "translation": [
      2.08976173,
      1.04379129,
      -0.6523806
    ]
  },
  {
    "timeStamp": 82620,
    "rotation": [
      [
        -0.220436186,
        -0.9145634,
        -0.339089543
      ],
      [
        -0.5250628,
        -0.1817141,
        0.831437945
      ],
      [
        -0.822020054,
        0.3613223,
        -0.440146863
      ]
    ],
    "translation": [
      2.1377666,
      1.02231336,
      -0.652585149
    ]
  },
  {
    "timeStamp": 82675,
    "rotation": [
      [
        -0.166628644,
        -0.8975297,
        -0.408258855
      ],
      [
        -0.474293023,
        -0.290041625,
        0.83121717
      ],
      [
        -0.8644542,
        0.332138926,
        -0.377362847
      ]
    ],
    "translation": [
      2.18534923,
      0.982898951,
      -0.6527074
    ]
  },
  {
    "timeStamp": 82720,
    "rotation": [
      [
        -0.0703611746,
        -0.892830431,
        -0.444863051
      ],
      [
        -0.450841963,
        -0.369357228,
        0.812598765
      ],
      [
        -0.8898263,
        0.257738322,
        -0.376537055
      ]
    ],
    "translation": [
      2.21102166,
      0.949846447,
      -0.6536851
    ]
  },
  {
    "timeStamp": 82775,
    "rotation": [
      [
        -0.0315906927,
        -0.8790701,
        -0.475644529
      ],
      [
        -0.358210236,
        -0.434312731,
        0.8264731
      ],
      [
        -0.9331063,
        0.196489647,
        -0.30117166
      ]
    ],
    "translation": [
      2.23497367,
      0.903992951,
      -0.658027
    ]
  },
  {
    "timeStamp": 82820,
    "rotation": [
      [
        0.0309940744,
        -0.87430644,
        -0.484383762
      ],
      [
        -0.316522956,
        -0.468260825,
        0.8249515
      ],
      [
        -0.9480784,
        0.127749965,
        -0.291251361
      ]
    ],
    "translation": [
      2.240916,
      0.876715243,
      -0.659215033
    ]
  },
  {
    "timeStamp": 82875,
    "rotation": [
      [
        0.09605387,
        -0.8780509,
        -0.468828529
      ],
      [
        -0.290264636,
        -0.475243717,
        0.8305961
      ],
      [
        -0.9521135,
        0.0563023724,
        -0.300516129
      ]
    ],
    "translation": [
      2.234858,
      0.8567513,
      -0.6556347
    ]
  },
  {
    "timeStamp": 82920,
    "rotation": [
      [
        0.122430518,
        -0.8872745,
        -0.444696367
      ],
      [
        -0.289562851,
        -0.460506439,
        0.83909905
      ],
      [
        -0.9492967,
        0.0260361917,
        -0.313301742
      ]
    ],
    "translation": [
      2.22706676,
      0.8451822,
      -0.6492307
    ]
  },
  {
    "timeStamp": 82975,
    "rotation": [
      [
        0.164632842,
        -0.8814151,
        -0.442722768
      ],
      [
        -0.281955957,
        -0.472172439,
        0.835197
      ],
      [
        -0.945196748,
        -0.0126725081,
        -0.326255351
      ]
    ],
    "translation": [
      2.22252727,
      0.831952155,
      -0.6406281
    ]
  },
  {
    "timeStamp": 83020,
    "rotation": [
      [
        0.1983791,
        -0.872065067,
        -0.447379231
      ],
      [
        -0.2715005,
        -0.487482935,
        0.8298481
      ],
      [
        -0.941771269,
        -0.0431608446,
        -0.33347252
      ]
    ],
    "translation": [
      2.22147346,
      0.8194009,
      -0.6353691
    ]
  },
  {
    "timeStamp": 83075,
    "rotation": [
      [
        0.248151869,
        -0.855054557,
        -0.4553047
      ],
      [
        -0.251759231,
        -0.510780454,
        0.8220223
      ],
      [
        -0.935434639,
        -0.0893592238,
        -0.342019022
      ]
    ],
    "translation": [
      2.220165,
      0.8058431,
      -0.6311326
    ]
  },
  {
    "timeStamp": 83120,
    "rotation": [
      [
        0.277567774,
        -0.839793742,
        -0.4665861
      ],
      [
        -0.230486557,
        -0.529696763,
        0.816270351
      ],
      [
        -0.9326479,
        -0.119028531,
        -0.340587944
      ]
    ],
    "translation": [
      2.22175932,
      0.796261251,
      -0.6298192
    ]
  },
  {
    "timeStamp": 83175,
    "rotation": [
      [
        0.294995785,
        -0.8318198,
        -0.470163137
      ],
      [
        -0.2116797,
        -0.5367273,
        0.8167714
      ],
      [
        -0.93175596,
        -0.141420141,
        -0.334411651
      ]
    ],
    "translation": [
      2.223183,
      0.786030948,
      -0.62849
    ]
  },
  {
    "timeStamp": 83220,
    "rotation": [
      [
        0.294806331,
        -0.8259397,
        -0.480533928
      ],
      [
        -0.200055808,
        -0.5450875,
        0.814160466
      ],
      [
        -0.9343805,
        -0.14388606,
        -0.325929284
      ]
    ],
    "translation": [
      2.22619629,
      0.778761864,
      -0.627300262
    ]
  },
  {
    "timeStamp": 83275,
    "rotation": [
      [
        0.280246258,
        -0.8209452,
        -0.4975048
      ],
      [
        -0.183208272,
        -0.5544888,
        0.811773956
      ],
      [
        -0.942282736,
        -0.136349618,
        -0.305797338
      ]
    ],
    "translation": [
      2.23079586,
      0.7705508,
      -0.626143456
    ]
  },
  {
    "timeStamp": 83319,
    "rotation": [
      [
        0.273485839,
        -0.8103263,
        -0.518243968
      ],
      [
        -0.1596717,
        -0.569555163,
        0.806295156
      ],
      [
        -0.9485307,
        -0.137761429,
        -0.285151452
      ]
    ],
    "translation": [
      2.236013,
      0.763166666,
      -0.6270921
    ]
  },
  {
    "timeStamp": 83375,
    "rotation": [
      [
        0.259803444,
        -0.8524885,
        -0.453613937
      ],
      [
        -0.193363085,
        -0.5061564,
        0.8404858
      ],
      [
        -0.9461041,
        -0.130648911,
        -0.296340972
      ]
    ],
    "translation": [
      2.24075317,
      0.756698668,
      -0.6279717
    ]
  },
  {
    "timeStamp": 83420,
    "rotation": [
      [
        0.240586713,
        -0.88932395,
        -0.3888715
      ],
      [
        -0.198471412,
        -0.437248021,
        0.877167761
      ],
      [
        -0.9501196,
        -0.13385503,
        -0.281701446
      ]
    ],
    "translation": [
      2.24273038,
      0.7517852,
      -0.627695739
    ]
  },
  {
    "timeStamp": 83475,
    "rotation": [
      [
        0.21709834,
        -0.9228657,
        -0.3180995
      ],
      [
        -0.20823577,
        -0.3621548,
        0.9085603
      ],
      [
        -0.953680336,
        -0.131007239,
        -0.270796835
      ]
    ],
    "translation": [
      2.2450242,
      0.7474471,
      -0.62778
    ]
  },
  {
    "timeStamp": 83519,
    "rotation": [
      [
        0.193070218,
        -0.9404318,
        -0.279842764
      ],
      [
        -0.22382921,
        -0.3199029,
        0.920631647
      ],
      [
        -0.955313742,
        -0.115109578,
        -0.272259831
      ]
    ],
    "translation": [
      2.24418736,
      0.7458113,
      -0.6286955
    ]
  },
  {
    "timeStamp": 83575,
    "rotation": [
      [
        0.170086876,
        -0.9408364,
        -0.2930824
      ],
      [
        -0.202726617,
        -0.324461877,
        0.9239191
      ],
      [
        -0.96435076,
        -0.0977309346,
        -0.245919272
      ]
    ],
    "translation": [
      2.24377918,
      0.745746851,
      -0.629495442
    ]
  }
]