[
  {
    "timeStamp": 84897,
    "rotation": [
      [
        0.174800754,
        -0.4443737,
        -0.878622055
      ],
      [
        0.911378443,
        -0.264672518,
        0.3151789
      ],
      [
        -0.3726043,
        -0.855850756,
        0.358727634
      ]
    ],
    "translation": [
      1.62069392,
      0.6967691,
      -0.4973154
    ]
  },
  {
    "timeStamp": 84942,
    "rotation": [
      [
        0.176033229,
        -0.5124856,
        -0.8404587
      ],
      [
        0.9177402,
        -0.223365888,
        0.328421354
      ],
      [
        -0.356041044,
        -0.829135835,
        0.431008846
      ]
    ],
    "translation": [
      1.62366247,
      0.6973149,
      -0.49987042
    ]
  },
  {
    "timeStamp": 84996,
    "rotation": [
      [
        0.159469172,
        -0.5158389,
        -0.8417124
      ],
      [
        0.882544637,
        -0.307564944,
        0.3556947
      ],
      [
        -0.4423624,
        -0.7995711,
        0.406203777
      ]
    ],
    "translation": [
      1.63032687,
      0.7052964,
      -0.495357
    ]
  },
  {
    "timeStamp": 85041,
    "rotation": [
      [
        0.178684264,
        -0.522023737,
        -0.8340043
      ],
      [
        0.855708241,
        -0.335923642,
        0.393597156
      ],
      [
        -0.4856288,
        -0.783993959,
        0.386675715
      ]
    ],
    "translation": [
      1.63375342,
      0.7229414,
      -0.494877428
    ]
  },
  {
    "timeStamp": 85096,
    "rotation": [
      [
        0.215514213,
        -0.512249649,
        -0.831356645
      ],
      [
        0.79948765,
        -0.3962778,
        0.451423734
      ],
      [
        -0.5606898,
        -0.761947632,
        0.3241338
      ]
    ],
    "translation": [
      1.64470112,
      0.760448933,
      -0.496294051
    ]
  },
  {
    "timeStamp": 85141,
    "rotation": [
      [
        0.2428201,
        -0.5158933,
        -0.821518362
      ],
      [
        0.74402684,
        -0.444362938,
        0.498964548
      ],
      [
        -0.6224648,
        -0.732390344,
        0.2759382
      ]
    ],
    "translation": [
      1.66433966,
      0.7994608,
      -0.500898957
    ]
  },
  {
    "timeStamp": 85196,
    "rotation": [
      [
        0.277311385,
        -0.4925013,
        -0.824949
      ],
      [
        0.6675407,
        -0.5187677,
        0.5341062
      ],
      [
        -0.691004932,
        -0.6988008,
        0.184904471
      ]
    ],
    "translation": [
      1.70021689,
      0.858086467,
      -0.512056053
    ]
  },
  {
    "timeStamp": 85241,
    "rotation": [
      [
        0.279408038,
        -0.458546638,
        -0.8436031
      ],
      [
        0.6094802,
        -0.594198,
        0.524845362
      ],
      [
        -0.741933346,
        -0.660805345,
        0.113451406
      ]
    ],
    "translation": [
      1.74223268,
      0.906576633,
      -0.5251652
    ]
  },
  {
    "timeStamp": 85296,
    "rotation": [
      [
        0.225466341,
        -0.42031306,
        -0.878920853
      ],
      [
        0.557387233,
        -0.684266746,
        0.470211059
      ],
      [
        -0.7990522,
        -0.595916033,
        0.07999802
      ]
    ],
    "translation": [
      1.81399584,
      0.96364665,
      -0.5445043
    ]
  },
  {
    "timeStamp": 85341,
    "rotation": [
      [
        0.170003891,
        -0.400988936,
        -0.900170267
      ],
      [
        0.532862365,
        -0.7309969,
        0.4262642
      ],
      [
        -0.828949,
        -0.552133441,
        0.089399606
      ]
    ],
    "translation": [
      1.87854421,
      1.00306392,
      -0.5627798
    ]
  },
  {
    "timeStamp": 85396,
    "rotation": [
      [
        0.06728395,
        -0.3522758,
        -0.933474541
      ],
      [
        0.5250213,
        -0.783084154,
        0.333364338
      ],
      [
        -0.8484253,
        -0.512524068,
        0.132263288
      ]
    ],
    "translation": [
      1.96385539,
      1.03758347,
      -0.587786
    ]
  },
  {
    "timeStamp": 85441,
    "rotation": [
      [
        -0.0290778186,
        -0.3237739,
        -0.9456876
      ],
      [
        0.5617081,
        -0.787871957,
        0.252471447
      ],
      [
        -0.826824367,
        -0.5238591,
        0.204776
      ]
    ],
    "translation": [
      2.03340364,
      1.04717743,
      -0.6090011
    ]
  },
  {
    "timeStamp": 85496,
    "rotation": [
      [
        -0.127142608,
        -0.275632381,
        -0.952817738
      ],
      [
        0.6321581,
        -0.762757659,
        0.1362973
      ],
      [
        -0.764336944,
        -0.585002244,
        0.271222234
      ]
    ],
    "translation": [
      2.1118927,
      1.036627,
      -0.6363921
    ]
  },
  {
    "timeStamp": 85541,
    "rotation": [
      [
        -0.194412664,
        -0.2603517,
        -0.9457382
      ],
      [
        0.6881633,
        -0.7232624,
        0.05764274
      ],
      [
        -0.6990243,
        -0.639615834,
        0.31977585
      ]
    ],
    "translation": [
      2.16674924,
      1.01429713,
      -0.656778753
    ]
  },
  {
    "timeStamp": 85596,
    "rotation": [
      [
        -0.208866253,
        -0.273656249,
        -0.9388755
      ],
      [
        0.7807669,
        -0.6247659,
        0.008409226
      ],
      [
        -0.5888786,
        -0.7312865,
        0.344154239
      ]
    ],
    "translation": [
      2.21505356,
      0.9712919,
      -0.682240665
    ]
  },
  {
    "timeStamp": 85641,
    "rotation": [
      [
        -0.215362132,
        -0.271359771,
        -0.938074052
      ],
      [
        0.8180319,
        -0.5747694,
        -0.0215375423
      ],
      [
        -0.5333319,
        -0.772012949,
        0.345764518
      ]
    ],
    "translation": [
      2.239431,
      0.935645461,
      -0.695453167
    ]
  },
  {
    "timeStamp": 85696,
    "rotation": [
      [
        -0.151089177,
        -0.261081547,
        -0.9534194
      ],
      [
        0.8767623,
        -0.480869234,
        -0.007261455
      ],
      [
        -0.456574172,
        -0.837019265,
        0.301560581
      ]
    ],
    "translation": [
      2.247763,
      0.891234756,
      -0.708352149
    ]
  },
  {
    "timeStamp": 85740,
    "rotation": [
      [
        -0.14729321,
        -0.227272078,
        -0.9626277
      ],
      [
        0.897602,
        -0.439526469,
        -0.0335733
      ],
      [
        -0.4154701,
        -0.8690017,
        0.268739134
      ]
    ],
    "translation": [
      2.24876165,
      0.863176346,
      -0.7108619
    ]
  },
  {
    "timeStamp": 85796,
    "rotation": [
      [
        -0.07557216,
        -0.220602453,
        -0.9724317
      ],
      [
        0.926755667,
        -0.375434458,
        0.0131472778
      ],
      [
        -0.367984682,
        -0.900213,
        0.232816979
      ]
    ],
    "translation": [
      2.23754048,
      0.835674345,
      -0.7099986
    ]
  },
  {
    "timeStamp": 85841,
    "rotation": [
      [
        -0.09042789,
        -0.2056857,
        -0.9744312
      ],
      [
        0.930991352,
        -0.3649211,
        -0.009368062
      ],
      [
        -0.353663623,
        -0.908034146,
        0.224490657
      ]
    ],
    "translation": [
      2.23766327,
      0.81793,
      -0.7051491
    ]
  },
  {
    "timeStamp": 85896,
    "rotation": [
      [
        -0.05940796,
        -0.19367364,
        -0.9792657
      ],
      [
        0.9415693,
        -0.336686164,
        0.009466808
      ],
      [
        -0.331538677,
        -0.9214841,
        0.202358991
      ]
    ],
    "translation": [
      2.23096061,
      0.7999432,
      -0.700917363
    ]
  },
  {
    "timeStamp": 85940,
    "rotation": [
      [
        -0.0549371541,
        -0.168990612,
        -0.9840854
      ],
      [
        0.948091269,
        -0.31799373,
        0.0016792448
      ],
      [
        -0.313216776,
        -0.932910562,
        0.177688211
      ]
    ],
    "translation": [
      2.22637,
      0.788066566,
      -0.698973954
    ]
  },
  {
    "timeStamp": 85996,
    "rotation": [
      [
        -0.04318109,
        -0.1498086,
        -0.9877716
      ],
      [
        0.9581566,
        -0.286240548,
        0.00152570347
      ],
      [
        -0.282968849,
        -0.946374,
        0.15590027
      ]
    ],
    "translation": [
      2.222683,
      0.7737059,
      -0.698863745
    ]
  },
  {
    "timeStamp": 86040,
    "rotation": [
      [
        -0.05861906,
        -0.120948568,
        -0.990926445
      ],
      [
        0.9631011,
        -0.268044651,
        -0.0242565572
      ],
      [
        -0.262678742,
        -0.9557842,
        0.132198229
      ]
    ],
    "translation": [
      2.223511,
      0.762674034,
      -0.700498343
    ]
  },
  {
    "timeStamp": 86096,
    "rotation": [
      [
        -0.102122188,
        -0.06648157,
        -0.9925479
      ],
      [
        0.971384466,
        -0.221746653,
        -0.085091956
      ],
      [
        -0.214437127,
        -0.972835362,
        0.08722442
      ]
    ],
    "translation": [
      2.22894621,
      0.7511081,
      -0.7076161
    ]
  },
  {
    "timeStamp": 86140,
    "rotation": [
      [
        -0.122805469,
        -0.0604964942,
        -0.990585148
      ],
      [
        0.9768813,
        -0.183365971,
        -0.109908134
      ],
      [
        -0.17499055,
        -0.9811815,
        0.08161624
      ]
    ],
    "translation": [
      2.23183084,
      0.74362427,
      -0.7141373
    ]
  }
]