[
  {
    "timeStamp": 57722,
    "rotation": [
      [
        -0.9004249,
        0.4246904,
        0.09419724
      ],
      [
        0.401456833,
        0.727860034,
        0.5559247
      ],
      [
        0.167533472,
        0.538384557,
        -0.8258781
      ]
    ],
    "translation": [
      2.1259222,
      0.7443301,
      -0.6647095
    ]
  },
  {
    "timeStamp": 57766,
    "rotation": [
      [
        -0.9017324,
        0.422264755,
        0.0925810263
      ],
      [
        0.400417954,
        0.7351471,
        0.5470138
      ],
      [
        0.162923977,
        0.5303312,
        -0.8319884
      ]
    ],
    "translation": [
      2.12584043,
      0.744601548,
      -0.664960742
    ]
  },
  {
    "timeStamp": 57821,
    "rotation": [
      [
        -0.900641143,
        0.421647578,
        0.105160914
      ],
      [
        0.41241467,
        0.7530617,
        0.51265204
      ],
      [
        0.136965826,
        0.5050854,
        -0.8521321
      ]
    ],
    "translation": [
      2.12542343,
      0.745323539,
      -0.6670865
    ]
  },
  {
    "timeStamp": 57866,
    "rotation": [
      [
        -0.9061137,
        0.405512124,
        0.120490149
      ],
      [
        0.406606823,
        0.756252,
        0.5125951
      ],
      [
        0.116742618,
        0.5134616,
        -0.8501343
      ]
    ],
    "translation": [
      2.12432861,
      0.745170951,
      -0.6692616
    ]
  },
  {
    "timeStamp": 57921,
    "rotation": [
      [
        -0.9059792,
        0.404396772,
        0.125159472
      ],
      [
        0.410292476,
        0.7660468,
        0.494805366
      ],
      [
        0.104219683,
        0.499635369,
        -0.859943449
      ]
    ],
    "translation": [
      2.12422276,
      0.7454045,
      -0.670235038
    ]
  },
  {
    "timeStamp": 57966,
    "rotation": [
      [
        -0.904740453,
        0.406814724,
        0.126279622
      ],
      [
        0.414159179,
        0.770817161,
        0.484059
      ],
      [
        0.09958383,
        0.490247637,
        -0.8658755
      ]
    ],
    "translation": [
      2.12429881,
      0.745630145,
      -0.6704717
    ]
  },
  {
    "timeStamp": 58021,
    "rotation": [
      [
        -0.903155863,
        0.410388917,
        0.126057163
      ],
      [
        0.420350552,
        0.785639167,
        0.4539565
      ],
      [
        0.08726327,
        0.4629817,
        -0.8820618
      ]
    ],
    "translation": [
      2.12444,
      0.7461217,
      -0.671185255
    ]
  },
  {
    "timeStamp": 58066,
    "rotation": [
      [
        -0.9021255,
        0.412346363,
        0.127044037
      ],
      [
        0.424295872,
        0.794307,
        0.434798181
      ],
      [
        0.07837548,
        0.446146756,
        -0.8915214
      ]
    ],
    "translation": [
      2.12449622,
      0.7464046,
      -0.6717068
    ]
  },
  {
    "timeStamp": 58121,
    "rotation": [
      [
        -0.900069058,
        0.4142184,
        0.135273337
      ],
      [
        0.431991071,
        0.807549953,
        0.401555359
      ],
      [
        0.0570916235,
        0.419864446,
        -0.9057894
      ]
    ],
    "translation": [
      2.124713,
      0.7468675,
      -0.673803
    ]
  },
  {
    "timeStamp": 58166,
    "rotation": [
      [
        -0.878544,
        0.450007737,
        0.160167038
      ],
      [
        0.4608205,
        0.7102471,
        0.532159269
      ],
      [
        0.12571761,
        0.541333556,
        -0.831356049
      ]
    ],
    "translation": [
      2.12286377,
      0.7568336,
      -0.695199251
    ]
  },
  {
    "timeStamp": 58221,
    "rotation": [
      [
        -0.874201953,
        0.467977732,
        0.12949051
      ],
      [
        0.466188729,
        0.7343464,
        0.493359357
      ],
      [
        0.1357903,
        0.491662741,
        -0.860133
      ]
    ],
    "translation": [
      2.12208748,
      0.758589745,
      -0.6957969
    ]
  },
  {
    "timeStamp": 58266,
    "rotation": [
      [
        -0.8700204,
        0.479961932,
        0.112698972
      ],
      [
        0.471743,
        0.7440154,
        0.473180324
      ],
      [
        0.143258765,
        0.464841485,
        -0.873727262
      ]
    ],
    "translation": [
      2.12249446,
      0.759142637,
      -0.696137369
    ]
  },
  {
    "timeStamp": 58321,
    "rotation": [
      [
        -0.8696481,
        0.481979519,
        0.106807366
      ],
      [
        0.475417078,
        0.759364247,
        0.444234669
      ],
      [
        0.1330063,
        0.4371059,
        -0.889521
      ]
    ],
    "translation": [
      2.12319827,
      0.75997144,
      -0.696500957
    ]
  },
  {
    "timeStamp": 58366,
    "rotation": [
      [
        -0.8702143,
        0.481618315,
        0.103783458
      ],
      [
        0.4758252,
        0.76697737,
        0.430506945
      ],
      [
        0.127740473,
        0.424016058,
        -0.8966007
      ]
    ],
    "translation": [
      2.12362266,
      0.7605047,
      -0.696419835
    ]
  }
]