[
  {
    "timeStamp": 117647,
    "rotation": [
      [
        -0.475302249,
        0.875766456,
        0.0843851939
      ],
      [
        -0.08206921,
        0.0513619781,
        -0.99530226
      ],
      [
        -0.8759865,
        -0.4799948,
        0.0474609956
      ]
    ],
    "translation": [
      1.49150908,
      0.773027241,
      -0.3939147
    ]
  },
  {
    "timeStamp": 117692,
    "rotation": [
      [
        -0.4789036,
        0.8737849,
        0.08456523
      ],
      [
        -0.0829222,
        0.0508733541,
        -0.995256662
      ],
      [
        -0.8739424,
        -0.4836443,
        0.04809273
      ]
    ],
    "translation": [
      1.49224222,
      0.773662865,
      -0.394878268
    ]
  },
  {
    "timeStamp": 117737,
    "rotation": [
      [
        -0.48540166,
        0.87155956,
        0.06905889
      ],
      [
        -0.08092824,
        0.0338587724,
        -0.996144652
      ],
      [
        -0.870537639,
        -0.4891191,
        0.05409868
      ]
    ],
    "translation": [
      1.49324489,
      0.7751039,
      -0.3944989
    ]
  },
  {
    "timeStamp": 117795,
    "rotation": [
      [
        -0.481559932,
        0.8738436,
        0.06706196
      ],
      [
        -0.08344305,
        0.03045629,
        -0.996047
      ],
      [
        -0.8724318,
        -0.4852522,
        0.0582496524
      ]
    ],
    "translation": [
      1.49458671,
      0.77860415,
      -0.395098656
    ]
  },
  {
    "timeStamp": 117837,
    "rotation": [
      [
        -0.486337632,
        0.871659636,
        0.0607056543
      ],
      [
        -0.0844428,
        0.0222633034,
        -0.9961796
      ],
      [
        -0.86968106,
        -0.489605784,
        0.0627779
      ]
    ],
    "translation": [
      1.49751484,
      0.783861637,
      -0.39563635
    ]
  },
  {
    "timeStamp": 117893,
    "rotation": [
      [
        -0.490493983,
        0.8698175,
        0.053227786
      ],
      [
        -0.09559545,
        0.0070057353,
        -0.9953956
      ],
      [
        -0.8661854,
        -0.493323922,
        0.07971433
      ]
    ],
    "translation": [
      1.50174439,
      0.79349196,
      -0.397324115
    ]
  },
  {
    "timeStamp": 117938,
    "rotation": [
      [
        -0.492128879,
        0.8695545,
        0.0410381034
      ],
      [
        -0.0959653556,
        -0.0073367795,
        -0.995357633
      ],
      [
        -0.8652167,
        -0.493782461,
        0.08705775
      ]
    ],
    "translation": [
      1.50528836,
      0.8016263,
      -0.401406854
    ]
  },
  {
    "timeStamp": 117993,
    "rotation": [
      [
        -0.491098672,
        0.8703565,
        0.0360781364
      ],
      [
        -0.106302783,
        -0.0187714323,
        -0.9941566
      ],
      [
        -0.864593446,
        -0.492064178,
        0.101739943
      ]
    ],
    "translation": [
      1.51066208,
      0.8134874,
      -0.4096102
    ]
  },
  {
    "timeStamp": 118038,
    "rotation": [
      [
        -0.496093661,
        0.868060052,
        0.0190477148
      ],
      [
        -0.105279319,
        -0.038362138,
        -0.9937025
      ],
      [
        -0.8618627,
        -0.494974822,
        0.110419989
      ]
    ],
    "translation": [
      1.51628733,
      0.8232764,
      -0.419044584
    ]
  },
  {
    "timeStamp": 118093,
    "rotation": [
      [
        -0.490546674,
        0.871364,
        0.009420102
      ],
      [
        -0.108532853,
        -0.05036701,
        -0.9928161
      ],
      [
        -0.864629745,
        -0.488045,
        0.11927899
      ]
    ],
    "translation": [
      1.52405238,
      0.8347138,
      -0.4338395
    ]
  },
  {
    "timeStamp": 118138,
    "rotation": [
      [
        -0.501052558,
        0.8653761,
        -0.008403777
      ],
      [
        -0.104829781,
        -0.07032986,
        -0.9920002
      ],
      [
        -0.8590443,
        -0.496163279,
        0.125956133
      ]
    ],
    "translation": [
      1.53384817,
      0.844879031,
      -0.446266383
    ]
  },
  {
    "timeStamp": 118194,
    "rotation": [
      [
        -0.5059391,
        0.8624334,
        -0.015306945
      ],
      [
        -0.109504119,
        -0.0818216,
        -0.990613
      ],
      [
        -0.855590165,
        -0.499513716,
        0.13583675
      ]
    ],
    "translation": [
      1.54917324,
      0.859678,
      -0.461857766
    ]
  },
  {
    "timeStamp": 118238,
    "rotation": [
      [
        -0.5208231,
        0.853191733,
        -0.028409956
      ],
      [
        -0.112903059,
        -0.101831958,
        -0.988374
      ],
      [
        -0.846165538,
        -0.51156044,
        0.1493644
      ]
    ],
    "translation": [
      1.56495547,
      0.873509049,
      -0.475010872
    ]
  },
  {
    "timeStamp": 118293,
    "rotation": [
      [
        -0.5396409,
        0.8410887,
        -0.0368426964
      ],
      [
        -0.118582092,
        -0.119261675,
        -0.98575604
      ],
      [
        -0.833502233,
        -0.5275854,
        0.164096549
      ]
    ],
    "translation": [
      1.58922482,
      0.8920186,
      -0.491453141
    ]
  },
  {
    "timeStamp": 118338,
    "rotation": [
      [
        -0.5630068,
        0.8249115,
        -0.0504407175
      ],
      [
        -0.123056971,
        -0.144026712,
        -0.9818927
      ],
      [
        -0.8172394,
        -0.5466052,
        0.182599127
      ]
    ],
    "translation": [
      1.61139035,
      0.9074576,
      -0.504915059
    ]
  },
  {
    "timeStamp": 118393,
    "rotation": [
      [
        -0.5850492,
        0.810096,
        -0.03823411
      ],
      [
        -0.142294049,
        -0.148949176,
        -0.9785533
      ],
      [
        -0.7984171,
        -0.5670613,
        0.202414438
      ]
    ],
    "translation": [
      1.64297712,
      0.9262533,
      -0.5223047
    ]
  },
  {
    "timeStamp": 118438,
    "rotation": [
      [
        -0.6196094,
        0.783160567,
        -0.05238079
      ],
      [
        -0.140085638,
        -0.1760006,
        -0.9743715
      ],
      [
        -0.7723084,
        -0.596392,
        0.218761176
      ]
    ],
    "translation": [
      1.67110479,
      0.9405285,
      -0.536445558
    ]
  },
  {
    "timeStamp": 118493,
    "rotation": [
      [
        -0.6447464,
        0.7637237,
        -0.0320663154
      ],
      [
        -0.169706345,
        -0.183919325,
        -0.9681805
      ],
      [
        -0.745319963,
        -0.618789,
        0.248190075
      ]
    ],
    "translation": [
      1.70788765,
      0.9581773,
      -0.5526056
    ]
  },
  {
    "timeStamp": 118538,
    "rotation": [
      [
        -0.672178864,
        0.7394909,
        -0.0364519
      ],
      [
        -0.173754066,
        -0.2054138,
        -0.963127553
      ],
      [
        -0.71971184,
        -0.6410603,
        0.266564369
      ]
    ],
    "translation": [
      1.73868418,
      0.9710059,
      -0.56586
    ]
  },
  {
    "timeStamp": 118593,
    "rotation": [
      [
        -0.698101,
        0.715692461,
        -0.0209572632
      ],
      [
        -0.194066808,
        -0.217308819,
        -0.9566164
      ],
      [
        -0.689197361,
        -0.6637478,
        0.29059568
      ]
    ],
    "translation": [
      1.77882016,
      0.9855651,
      -0.5818489
    ]
  },
  {
    "timeStamp": 118638,
    "rotation": [
      [
        -0.716708362,
        0.6972033,
        -0.0153857321
      ],
      [
        -0.1982917,
        -0.224891663,
        -0.9539938
      ],
      [
        -0.668587744,
        -0.680684447,
        0.299431354
      ]
    ],
    "translation": [
      1.81058359,
      0.995135069,
      -0.5945418
    ]
  },
  {
    "timeStamp": 118693,
    "rotation": [
      [
        -0.732149661,
        0.681089044,
        0.008636076
      ],
      [
        -0.227204755,
        -0.2322462,
        -0.9457482
      ],
      [
        -0.642133,
        -0.69439137,
        0.32478565
      ]
    ],
    "translation": [
      1.85093689,
      1.00800657,
      -0.6100463
    ]
  },
  {
    "timeStamp": 118738,
    "rotation": [
      [
        -0.740614831,
        0.6719146,
        0.004527442
      ],
      [
        -0.221818641,
        -0.238127276,
        -0.9455643
      ],
      [
        -0.634260356,
        -0.701303244,
        0.32540375
      ]
    ],
    "translation": [
      1.8805449,
      1.0140214,
      -0.621183336
    ]
  },
  {
    "timeStamp": 118793,
    "rotation": [
      [
        -0.7532275,
        0.657490432,
        0.0188338514
      ],
      [
        -0.233545065,
        -0.24056451,
        -0.9421175
      ],
      [
        -0.6149025,
        -0.714027345,
        0.334753454
      ]
    ],
    "translation": [
      1.918062,
      1.02045584,
      -0.6342846
    ]
  },
  {
    "timeStamp": 118838,
    "rotation": [
      [
        -0.7525775,
        0.658233941,
        0.0188463
      ],
      [
        -0.2384019,
        -0.245669961,
        -0.939580142
      ],
      [
        -0.613833547,
        -0.7115998,
        0.341809928
      ]
    ],
    "translation": [
      1.94429529,
      1.02372682,
      -0.6426344
    ]
  },
  {
    "timeStamp": 118893,
    "rotation": [
      [
        -0.759008467,
        0.6495326,
        0.04487312
      ],
      [
        -0.252042085,
        -0.2295763,
        -0.9400902
      ],
      [
        -0.6003174,
        -0.7248463,
        0.3379599
      ]
    ],
    "translation": [
      1.97728109,
      1.02631593,
      -0.651882768
    ]
  },
  {
    "timeStamp": 118937,
    "rotation": [
      [
        -0.7584788,
        0.650562942,
        0.0384406224
      ],
      [
        -0.25236395,
        -0.238819346,
        -0.9376981
      ],
      [
        -0.6008513,
        -0.7209252,
        0.345318049
      ]
    ],
    "translation": [
      1.99969745,
      1.02824533,
      -0.657048
    ]
  },
  {
    "timeStamp": 118993,
    "rotation": [
      [
        -0.766519964,
        0.6385079,
        0.06895544
      ],
      [
        -0.272579551,
        -0.22623609,
        -0.935156465
      ],
      [
        -0.5815046,
        -0.7356119,
        0.347458661
      ]
    ],
    "translation": [
      2.02974558,
      1.03034842,
      -0.6626808
    ]
  },
  {
    "timeStamp": 119045,
    "rotation": [
      [
        -0.7740459,
        0.62919426,
        0.07048054
      ],
      [
        -0.2683723,
        -0.225239649,
        -0.9366127
      ],
      [
        -0.5734363,
        -0.743896246,
        0.3432041
      ]
    ],
    "translation": [
      2.050335,
      1.02941453,
      -0.664606631
    ]
  },
  {
    "timeStamp": 119088,
    "rotation": [
      [
        -0.7931481,
        0.6041572,
        0.07687728
      ],
      [
        -0.258746773,
        -0.220004,
        -0.9405575
      ],
      [
        -0.5513313,
        -0.7658931,
        0.3308195
      ]
    ],
    "translation": [
      2.07566023,
      1.02665317,
      -0.667148948
    ]
  },
  {
    "timeStamp": 119143,
    "rotation": [
      [
        -0.796919346,
        0.599705458,
        0.07261472
      ],
      [
        -0.252044618,
        -0.22084707,
        -0.942178369
      ],
      [
        -0.548992753,
        -0.76914227,
        0.327149838
      ]
    ],
    "translation": [
      2.093798,
      1.022769,
      -0.6652699
    ]
  },
  {
    "timeStamp": 119187,
    "rotation": [
      [
        -0.8083552,
        0.5826554,
        0.08411111
      ],
      [
        -0.252887279,
        -0.214661866,
        -0.9433813
      ],
      [
        -0.5316107,
        -0.7838578,
        0.320869148
      ]
    ],
    "translation": [
      2.108578,
      1.019286,
      -0.663707852
    ]
  },
  {
    "timeStamp": 119243,
    "rotation": [
      [
        -0.810478151,
        0.579627037,
        0.0846026
      ],
      [
        -0.2510431,
        -0.213211209,
        -0.9442025
      ],
      [
        -0.529247046,
        -0.7864944,
        0.3183144
      ]
    ],
    "translation": [
      2.12319469,
      1.01426351,
      -0.659150541
    ]
  },
  {
    "timeStamp": 119287,
    "rotation": [
      [
        -0.825895369,
        0.5574764,
        0.08436178
      ],
      [
        -0.24116312,
        -0.2140353,
        -0.9465882
      ],
      [
        -0.5096442,
        -0.8021277,
        0.311213523
      ]
    ],
    "translation": [
      2.13652658,
      1.009668,
      -0.6552324
    ]
  },
  {
    "timeStamp": 119343,
    "rotation": [
      [
        -0.830307543,
        0.5480073,
        0.101377554
      ],
      [
        -0.243107215,
        -0.192465961,
        -0.9507133
      ],
      [
        -0.5014861,
        -0.81403,
        0.293030471
      ]
    ],
    "translation": [
      2.150843,
      1.00217342,
      -0.6492731
    ]
  },
  {
    "timeStamp": 119388,
    "rotation": [
      [
        -0.840735257,
        0.5320252,
        0.100565277
      ],
      [
        -0.227787331,
        -0.17904608,
        -0.957107842
      ],
      [
        -0.491199672,
        -0.8275818,
        0.271718949
      ]
    ],
    "translation": [
      2.16064954,
      0.9934469,
      -0.645864666
    ]
  },
  {
    "timeStamp": 119443,
    "rotation": [
      [
        -0.8430723,
        0.5247415,
        0.117794372
      ],
      [
        -0.220768929,
        -0.137956187,
        -0.965520144
      ],
      [
        -0.49039796,
        -0.8400086,
        0.232153654
      ]
    ],
    "translation": [
      2.168372,
      0.9812965,
      -0.6433195
    ]
  },
  {
    "timeStamp": 119488,
    "rotation": [
      [
        -0.8458208,
        0.524857342,
        0.09545697
      ],
      [
        -0.194971308,
        -0.137582988,
        -0.9711113
      ],
      [
        -0.496561646,
        -0.8399975,
        0.218702659
      ]
    ],
    "translation": [
      2.16934681,
      0.971438468,
      -0.642675042
    ]
  },
  {
    "timeStamp": 119545,
    "rotation": [
      [
        -0.8414349,
        0.529334366,
        0.108593173
      ],
      [
        -0.187123835,
        -0.09691016,
        -0.9775444
      ],
      [
        -0.5069241,
        -0.8428604,
        0.180594653
      ]
    ],
    "translation": [
      2.16861463,
      0.9586691,
      -0.642926633
    ]
  },
  {
    "timeStamp": 119590,
    "rotation": [
      [
        -0.8440448,
        0.5291582,
        0.08706319
      ],
      [
        -0.159735784,
        -0.09309486,
        -0.9827603
      ],
      [
        -0.511930466,
        -0.843400836,
        0.163101733
      ]
    ],
    "translation": [
      2.16689348,
      0.9482866,
      -0.6423529
    ]
  },
  {
    "timeStamp": 119647,
    "rotation": [
      [
        -0.8426489,
        0.5312913,
        0.08759192
      ],
      [
        -0.148875013,
        -0.07354434,
        -0.986117363
      ],
      [
        -0.517473638,
        -0.843991,
        0.141068056
      ]
    ],
    "translation": [
      2.16483641,
      0.9387362,
      -0.6396181
    ]
  },
  {
    "timeStamp": 119692,
    "rotation": [
      [
        -0.841048241,
        0.534881234,
        0.08086938
      ],
      [
        -0.142379954,
        -0.07465381,
        -0.9869928
      ],
      [
        -0.5218867,
        -0.84162277,
        0.138943821
      ]
    ],
    "translation": [
      2.16302633,
      0.9333974,
      -0.6355399
    ]
  },
  {
    "timeStamp": 119747,
    "rotation": [
      [
        -0.839382231,
        0.5371761,
        0.0829426944
      ],
      [
        -0.13775,
        -0.06261865,
        -0.988485634
      ],
      [
        -0.525797069,
        -0.8411426,
        0.126556978
      ]
    ],
    "translation": [
      2.160811,
      0.9271783,
      -0.63023454
    ]
  },
  {
    "timeStamp": 119791,
    "rotation": [
      [
        -0.8355224,
        0.544832349,
        0.07113441
      ],
      [
        -0.129639268,
        -0.06966674,
        -0.9891108
      ],
      [
        -0.5339439,
        -0.835646033,
        0.128839791
      ]
    ],
    "translation": [
      2.15829515,
      0.9214435,
      -0.625726
    ]
  },
  {
    "timeStamp": 119847,
    "rotation": [
      [
        -0.833220541,
        0.548141658,
        0.0726924
      ],
      [
        -0.121293709,
        -0.0529267639,
        -0.9912046
      ],
      [
        -0.5394732,
        -0.8347092,
        0.110585809
      ]
    ],
    "translation": [
      2.15604687,
      0.914150238,
      -0.6229482
    ]
  },
  {
    "timeStamp": 119891,
    "rotation": [
      [
        -0.8324292,
        0.5502838,
        0.06518773
      ],
      [
        -0.112425819,
        -0.0525231324,
        -0.992271
      ],
      [
        -0.5426068,
        -0.8333241,
        0.105587892
      ]
    ],
    "translation": [
      2.1553607,
      0.9086131,
      -0.6212498
    ]
  },
  {
    "timeStamp": 119948,
    "rotation": [
      [
        -0.834430158,
        0.5476334,
        0.0618381873
      ],
      [
        -0.09851925,
        -0.037825577,
        -0.994416
      ],
      [
        -0.5422364,
        -0.835862935,
        0.08551524
      ]
    ],
    "translation": [
      2.15556359,
      0.9012876,
      -0.6216693
    ]
  },
  {
    "timeStamp": 119993,
    "rotation": [
      [
        -0.834107,
        0.549134254,
        0.05212477
      ],
      [
        -0.08418348,
        -0.0333385952,
        -0.9958924
      ],
      [
        -0.545140862,
        -0.8350688,
        0.07403599
      ]
    ],
    "translation": [
      2.154896,
      0.8957953,
      -0.6221049
    ]
  },
  {
    "timeStamp": 120037,
    "rotation": [
      [
        -0.8304422,
        0.554332,
        0.0555137061
      ],
      [
        -0.08066082,
        -0.0210409127,
        -0.9965195
      ],
      [
        -0.5512346,
        -0.8320296,
        0.0621861368
      ]
    ],
    "translation": [
      2.15416551,
      0.890976846,
      -0.6224979
    ]
  },
  {
    "timeStamp": 120092,
    "rotation": [
      [
        -0.8315441,
        0.553081334,
        0.0513371
      ],
      [
        -0.0698647946,
        -0.0124538438,
        -0.9974787
      ],
      [
        -0.5510475,
        -0.8330342,
        0.0489968322
      ]
    ],
    "translation": [
      2.15392375,
      0.885769367,
      -0.623035
    ]
  },
  {
    "timeStamp": 120137,
    "rotation": [
      [
        -0.831678033,
        0.553052545,
        0.0494417474
      ],
      [
        -0.06283373,
        -0.0052690655,
        -0.9980101
      ],
      [
        -0.551691532,
        -0.8331297,
        0.03913252
      ]
    ],
    "translation": [
      2.15373755,
      0.8825442,
      -0.6236891
    ]
  },
  {
    "timeStamp": 120192,
    "rotation": [
      [
        -0.8313857,
        0.5537231,
        0.04678205
      ],
      [
        -0.0558710173,
        0.000467034872,
        -0.9984379
      ],
      [
        -0.55288,
        -0.8327007,
        0.0305487867
      ]
    ],
    "translation": [
      2.15312386,
      0.8795595,
      -0.623824656
    ]
  },
  {
    "timeStamp": 120237,
    "rotation": [
      [
        -0.830034733,
        0.555675149,
        0.047616642
      ],
      [
        -0.05381634,
        0.00517850276,
        -0.9985374
      ],
      [
        -0.555109,
        -0.831383348,
        0.0256060679
      ]
    ],
    "translation": [
      2.15280247,
      0.878309548,
      -0.6236461
    ]
  },
  {
    "timeStamp": 120293,
    "rotation": [
      [
        -0.8252883,
        0.563292742,
        0.0400053337
      ],
      [
        -0.0483810753,
        5.35227518E-05,
        -0.998828948
      ],
      [
        -0.562635243,
        -0.826257348,
        0.0272085387
      ]
    ],
    "translation": [
      2.15103769,
      0.878058732,
      -0.6230642
    ]
  }
]