[
  {
    "timeStamp": 89862,
    "rotation": [
      [
        0.9989219,
        0.04585679,
        0.007232448
      ],
      [
        -0.04570171,
        0.9987485,
        -0.0203198027
      ],
      [
        -0.008155197,
        0.01996736,
        0.999767363
      ]
    ],
    "translation": [
      1.61744952,
      0.852764845,
      -0.357676148
    ]
  },
  {
    "timeStamp": 89906,
    "rotation": [
      [
        0.999713242,
        0.0230194964,
        0.006592895
      ],
      [
        -0.0229505673,
        0.999683,
        -0.0103464173
      ],
      [
        -0.00682897447,
        0.01019214,
        0.9999247
      ]
    ],
    "translation": [
      1.61936116,
      0.852300048,
      -0.35829106
    ]
  },
  {
    "timeStamp": 89962,
    "rotation": [
      [
        0.9999484,
        0.009321242,
        -0.00403508265
      ],
      [
        -0.009361435,
        0.9999056,
        -0.010059366
      ],
      [
        0.003940936,
        0.0100966208,
        0.99994123
      ]
    ],
    "translation": [
      1.6175766,
      0.8521971,
      -0.358396471
    ]
  },
  {
    "timeStamp": 90006,
    "rotation": [
      [
        0.999965,
        0.005077775,
        -0.00664313976
      ],
      [
        -0.005185669,
        0.999853253,
        -0.0163262356
      ],
      [
        0.006559264,
        0.0163601134,
        0.9998447
      ]
    ],
    "translation": [
      1.61887133,
      0.8538654,
      -0.358659625
    ]
  },
  {
    "timeStamp": 90062,
    "rotation": [
      [
        0.9995503,
        0.0298026558,
        0.003303619
      ],
      [
        -0.0297586545,
        0.999477,
        -0.0126520079
      ],
      [
        -0.003678955,
        0.0125480071,
        0.999914467
      ]
    ],
    "translation": [
      1.624372,
      0.8609299,
      -0.36032033
    ]
  },
  {
    "timeStamp": 90111,
    "rotation": [
      [
        0.999639332,
        0.0258391537,
        0.007319429
      ],
      [
        -0.025858596,
        0.9996623,
        0.00257426617
      ],
      [
        -0.00725044031,
        -0.002762608,
        0.9999699
      ]
    ],
    "translation": [
      1.6291554,
      0.872061551,
      -0.364112556
    ]
  },
  {
    "timeStamp": 90160,
    "rotation": [
      [
        0.998360932,
        0.0565587468,
        0.008745504
      ],
      [
        -0.0568042621,
        0.997904539,
        0.03097927
      ],
      [
        -0.00697503,
        -0.0314252749,
        0.999481738
      ]
    ],
    "translation": [
      1.63952029,
      0.8937404,
      -0.374637753
    ]
  },
  {
    "timeStamp": 90215,
    "rotation": [
      [
        0.996932,
        0.07718873,
        0.012977208
      ],
      [
        -0.07787517,
        0.994824231,
        0.0652700663
      ],
      [
        -0.007871927,
        -0.06608042,
        0.997783244
      ]
    ],
    "translation": [
      1.65376973,
      0.919677,
      -0.389986
    ]
  },
  {
    "timeStamp": 90260,
    "rotation": [
      [
        0.996781468,
        0.07886173,
        0.0144073563
      ],
      [
        -0.07987631,
        0.992287,
        0.0947960243
      ],
      [
        -0.00682045333,
        -0.0956417248,
        0.995392442
      ]
    ],
    "translation": [
      1.66744208,
      0.9403386,
      -0.4060254
    ]
  },
  {
    "timeStamp": 90316,
    "rotation": [
      [
        0.993489265,
        0.09900503,
        0.0563655049
      ],
      [
        -0.104413748,
        0.9891997,
        0.102867767
      ],
      [
        -0.045572307,
        -0.108083352,
        0.993096769
      ]
    ],
    "translation": [
      1.69248486,
      0.9663999,
      -0.427952141
    ]
  },
  {
    "timeStamp": 90360,
    "rotation": [
      [
        0.9921815,
        0.09903388,
        0.07594913
      ],
      [
        -0.108739391,
        0.984636068,
        0.136629388
      ],
      [
        -0.0612513162,
        -0.143819809,
        0.9877065
      ]
    ],
    "translation": [
      1.71330762,
      0.9885853,
      -0.4523999
    ]
  },
  {
    "timeStamp": 90415,
    "rotation": [
      [
        0.986686766,
        0.111033387,
        0.11883118
      ],
      [
        -0.128291771,
        0.9804617,
        0.14911744
      ],
      [
        -0.0999524146,
        -0.162377268,
        0.9816532
      ]
    ],
    "translation": [
      1.74281967,
      1.01382339,
      -0.483281732
    ]
  },
  {
    "timeStamp": 90460,
    "rotation": [
      [
        0.9844862,
        0.111641258,
        0.1353628
      ],
      [
        -0.134229854,
        0.976040661,
        0.171251133
      ],
      [
        -0.113000907,
        -0.1867641,
        0.97588414
      ]
    ],
    "translation": [
      1.76568317,
      1.03230619,
      -0.5112553
    ]
  },
  {
    "timeStamp": 90516,
    "rotation": [
      [
        0.980781853,
        0.107049316,
        0.163117573
      ],
      [
        -0.1400895,
        0.9682891,
        0.206860334
      ],
      [
        -0.1358007,
        -0.225735933,
        0.964676857
      ]
    ],
    "translation": [
      1.7971257,
      1.05432713,
      -0.545928836
    ]
  },
  {
    "timeStamp": 90561,
    "rotation": [
      [
        0.972178042,
        0.101487607,
        0.211116254
      ],
      [
        -0.148079649,
        0.9646055,
        0.218193889
      ],
      [
        -0.181499928,
        -0.24338533,
        0.9527966
      ]
    ],
    "translation": [
      1.82555032,
      1.06930733,
      -0.571806431
    ]
  },
  {
    "timeStamp": 90606,
    "rotation": [
      [
        0.9663535,
        0.08994263,
        0.24097985
      ],
      [
        -0.144386,
        0.965023637,
        0.218819723
      ],
      [
        -0.212870032,
        -0.246251315,
        0.945540369
      ]
    ],
    "translation": [
      1.852872,
      1.08116424,
      -0.5946642
    ]
  },
  {
    "timeStamp": 90661,
    "rotation": [
      [
        0.9571949,
        0.0529267266,
        0.284564048
      ],
      [
        -0.122338586,
        0.964983761,
        0.232033655
      ],
      [
        -0.2623189,
        -0.2569146,
        0.9301525
      ]
    ],
    "translation": [
      1.88771284,
      1.09683537,
      -0.622382343
    ]
  },
  {
    "timeStamp": 90706,
    "rotation": [
      [
        0.955143869,
        0.0249227472,
        0.2950916
      ],
      [
        -0.105770975,
        0.959438443,
        0.261324465
      ],
      [
        -0.2766093,
        -0.2808146,
        0.9190378
      ]
    ],
    "translation": [
      1.91567111,
      1.10927308,
      -0.6440095
    ]
  },
  {
    "timeStamp": 90762,
    "rotation": [
      [
        0.943042755,
        -0.000918264559,
        0.332670271
      ],
      [
        -0.0937070847,
        0.9587714,
        0.268284231
      ],
      [
        -0.3192011,
        -0.284177065,
        0.904076338
      ]
    ],
    "translation": [
      1.9529134,
      1.12017274,
      -0.6677486
    ]
  },
  {
    "timeStamp": 90806,
    "rotation": [
      [
        0.933814,
        -0.0345464833,
        0.356087
      ],
      [
        -0.07013391,
        0.9583369,
        0.2768964
      ],
      [
        -0.350817084,
        -0.2835435,
        0.8924855
      ]
    ],
    "translation": [
      1.98263693,
      1.12474525,
      -0.6853823
    ]
  },
  {
    "timeStamp": 90862,
    "rotation": [
      [
        0.914338231,
        -0.05191421,
        0.401609838
      ],
      [
        -0.0619377755,
        0.962150931,
        0.2653854
      ],
      [
        -0.4001865,
        -0.267526835,
        0.8765159
      ]
    ],
    "translation": [
      2.019221,
      1.12689209,
      -0.7038711
    ]
  },
  {
    "timeStamp": 90912,
    "rotation": [
      [
        0.907325,
        -0.07079628,
        0.414426267
      ],
      [
        -0.0415282063,
        0.9658086,
        0.255908579
      ],
      [
        -0.418373823,
        -0.249402642,
        0.873362243
      ]
    ],
    "translation": [
      2.05119562,
      1.1264323,
      -0.719707251
    ]
  },
  {
    "timeStamp": 90956,
    "rotation": [
      [
        0.8971926,
        -0.0590017363,
        0.437680632
      ],
      [
        -0.0542817041,
        0.9687894,
        0.241869032
      ],
      [
        -0.438291043,
        -0.240761146,
        0.8659879
      ]
    ],
    "translation": [
      2.07653975,
      1.12577617,
      -0.730193138
    ]
  },
  {
    "timeStamp": 91012,
    "rotation": [
      [
        0.9124843,
        -0.07684046,
        0.4018307
      ],
      [
        -0.0227510128,
        0.9711522,
        0.2373729
      ],
      [
        -0.4084786,
        -0.2257411,
        0.8844129
      ]
    ],
    "translation": [
      2.101745,
      1.121807,
      -0.739349
    ]
  },
  {
    "timeStamp": 91056,
    "rotation": [
      [
        0.917164564,
        -0.08200467,
        0.389979959
      ],
      [
        -0.00733418,
        0.9749593,
        0.222262368
      ],
      [
        -0.3984411,
        -0.206711352,
        0.893596768
      ]
    ],
    "translation": [
      2.12243986,
      1.11706126,
      -0.743236661
    ]
  },
  {
    "timeStamp": 91112,
    "rotation": [
      [
        0.9375428,
        -0.0775756538,
        0.339109868
      ],
      [
        0.0108783692,
        0.9808793,
        0.194312885
      ],
      [
        -0.347699761,
        -0.178487673,
        0.9204602
      ]
    ],
    "translation": [
      2.145853,
      1.10917854,
      -0.745316565
    ]
  },
  {
    "timeStamp": 91156,
    "rotation": [
      [
        0.9522026,
        -0.0589135773,
        0.29973194
      ],
      [
        0.008009063,
        0.9857032,
        0.168300539
      ],
      [
        -0.305361927,
        -0.157855645,
        0.939061046
      ]
    ],
    "translation": [
      2.162233,
      1.10172212,
      -0.7461134
    ]
  },
  {
    "timeStamp": 91212,
    "rotation": [
      [
        0.9694428,
        -0.07955936,
        0.232058
      ],
      [
        0.0516622625,
        0.990947,
        0.123915173
      ],
      [
        -0.2398158,
        -0.108140036,
        0.964776754
      ]
    ],
    "translation": [
      2.17687654,
      1.08618486,
      -0.7423827
    ]
  },
  {
    "timeStamp": 91256,
    "rotation": [
      [
        0.9775519,
        -0.04025985,
        0.206812724
      ],
      [
        0.0272172336,
        0.997479439,
        0.06552844
      ],
      [
        -0.2089296,
        -0.0584285744,
        0.976183653
      ]
    ],
    "translation": [
      2.18968463,
      1.07328045,
      -0.7389149
    ]
  },
  {
    "timeStamp": 91311,
    "rotation": [
      [
        0.987614036,
        -0.0586365,
        0.14553459
      ],
      [
        0.05784543,
        0.998278737,
        0.009665164
      ],
      [
        -0.145850822,
        -0.00112694083,
        0.9893059
      ]
    ],
    "translation": [
      2.19100666,
      1.05709529,
      -0.73648876
    ]
  },
  {
    "timeStamp": 91356,
    "rotation": [
      [
        0.994617,
        0.00551582733,
        0.103472888
      ],
      [
        -0.00154840341,
        0.999261856,
        -0.03838385
      ],
      [
        -0.103608228,
        0.03801701,
        0.9938913
      ]
    ],
    "translation": [
      2.19106984,
      1.04844248,
      -0.7374719
    ]
  },
  {
    "timeStamp": 91413,
    "rotation": [
      [
        0.9992276,
        0.009517734,
        0.03812544
      ],
      [
        -0.00710868463,
        0.9979988,
        -0.06283188
      ],
      [
        -0.0386471637,
        0.06251232,
        0.9972956
      ]
    ],
    "translation": [
      2.18556666,
      1.037703,
      -0.7391219
    ]
  },
  {
    "timeStamp": 91459,
    "rotation": [
      [
        0.9991478,
        0.0302576665,
        0.0280761383
      ],
      [
        -0.0272519868,
        0.994424164,
        -0.101872735
      ],
      [
        -0.0310020186,
        0.101020783,
        0.9944012
      ]
    ],
    "translation": [
      2.18854737,
      1.02719235,
      -0.738069057
    ]
  },
  {
    "timeStamp": 91516,
    "rotation": [
      [
        0.9988011,
        0.0296654124,
        0.0389402844
      ],
      [
        -0.0243629236,
        0.9911875,
        -0.130206347
      ],
      [
        -0.04245975,
        0.129101545,
        0.990721941
      ]
    ],
    "translation": [
      2.19568682,
      1.01528,
      -0.7368497
    ]
  },
  {
    "timeStamp": 91561,
    "rotation": [
      [
        0.9982384,
        0.0481709354,
        0.034636423
      ],
      [
        -0.04273616,
        0.988738656,
        -0.143420845
      ],
      [
        -0.041155085,
        0.141687959,
        0.9890555
      ]
    ],
    "translation": [
      2.2013576,
      1.01087081,
      -0.7347336
    ]
  },
  {
    "timeStamp": 91606,
    "rotation": [
      [
        0.99848175,
        0.0492617376,
        0.0246467981
      ],
      [
        -0.0450206138,
        0.9876387,
        -0.1501428
      ],
      [
        -0.0317384265,
        0.148805231,
        0.988357067
      ]
    ],
    "translation": [
      2.20393372,
      1.00786042,
      -0.734431744
    ]
  },
  {
    "timeStamp": 91661,
    "rotation": [
      [
        0.9971461,
        0.07464584,
        0.0113017522
      ],
      [
        -0.07158049,
        0.982356966,
        -0.172774434
      ],
      [
        -0.0239992477,
        0.171472371,
        0.9848966
      ]
    ],
    "translation": [
      2.206801,
      1.00187647,
      -0.7340396
    ]
  },
  {
    "timeStamp": 91706,
    "rotation": [
      [
        0.9987696,
        0.0495102778,
        0.00282963249
      ],
      [
        -0.048149053,
        0.9818071,
        -0.183675021
      ],
      [
        -0.0118719544,
        0.183312774,
        0.982982934
      ]
    ],
    "translation": [
      2.20532274,
      0.9953456,
      -0.734959
    ]
  },
  {
    "timeStamp": 91761,
    "rotation": [
      [
        0.9982854,
        0.05704499,
        -0.0131186983
      ],
      [
        -0.0585312359,
        0.97502923,
        -0.214224532
      ],
      [
        0.000570677163,
        0.214625075,
        0.9766964
      ]
    ],
    "translation": [
      2.20541835,
      0.9866547,
      -0.73523134
    ]
  },
  {
    "timeStamp": 91805,
    "rotation": [
      [
        0.999170065,
        0.0340284519,
        -0.02238741
      ],
      [
        -0.0381055959,
        0.975070953,
        -0.218596727
      ],
      [
        0.0143908048,
        0.2192684,
        0.97555846
      ]
    ],
    "translation": [
      2.20490384,
      0.980766535,
      -0.736390769
    ]
  },
  {
    "timeStamp": 91861,
    "rotation": [
      [
        0.9991016,
        0.0281847641,
        -0.03164955
      ],
      [
        -0.0349353924,
        0.970495164,
        -0.238576263
      ],
      [
        0.0239915177,
        0.2394676,
        0.9706079
      ]
    ],
    "translation": [
      2.20579386,
      0.9731719,
      -0.735379636
    ]
  },
  {
    "timeStamp": 91905,
    "rotation": [
      [
        0.999144554,
        0.0166237038,
        -0.0378650352
      ],
      [
        -0.0253418088,
        0.969702661,
        -0.242970362
      ],
      [
        0.0326787569,
        0.243722081,
        0.969294369
      ]
    ],
    "translation": [
      2.20698833,
      0.9662168,
      -0.7354925
    ]
  },
  {
    "timeStamp": 91961,
    "rotation": [
      [
        0.9984433,
        -0.0169973876,
        -0.0531229451
      ],
      [
        0.003387185,
        0.969154239,
        -0.2464317
      ],
      [
        0.0556730255,
        0.245868146,
        0.9677031
      ]
    ],
    "translation": [
      2.2049098,
      0.95868963,
      -0.7350888
    ]
  },
  {
    "timeStamp": 92005,
    "rotation": [
      [
        0.9982213,
        -0.0171692539,
        -0.0570931919
      ],
      [
        0.00206860621,
        0.967033267,
        -0.2546418
      ],
      [
        0.0595830232,
        0.254070759,
        0.965348661
      ]
    ],
    "translation": [
      2.20632243,
      0.9528588,
      -0.734134853
    ]
  },
  {
    "timeStamp": 92061,
    "rotation": [
      [
        0.997773647,
        -0.035724014,
        -0.0563161671
      ],
      [
        0.0191842169,
        0.9624849,
        -0.270656168
      ],
      [
        0.06387238,
        0.2689732,
        0.961027443
      ]
    ],
    "translation": [
      2.20585823,
      0.946301162,
      -0.7335548
    ]
  },
  {
    "timeStamp": 92106,
    "rotation": [
      [
        0.9976042,
        -0.0220902544,
        -0.0655589253
      ],
      [
        0.002972398,
        0.9604609,
        -0.27839914
      ],
      [
        0.06911669,
        0.2775373,
        0.9582254
      ]
    ],
    "translation": [
      2.20651937,
      0.942992,
      -0.7331377
    ]
  },
  {
    "timeStamp": 92161,
    "rotation": [
      [
        0.997202,
        -0.03290808,
        -0.0671222061
      ],
      [
        0.0121035837,
        0.957121968,
        -0.2894322
      ],
      [
        0.0737687945,
        0.287809938,
        0.9548422
      ]
    ],
    "translation": [
      2.20513654,
      0.9397136,
      -0.732149
    ]
  },
  {
    "timeStamp": 92205,
    "rotation": [
      [
        0.997360468,
        -0.0186999273,
        -0.0701603144
      ],
      [
        -0.00238314061,
        0.957316339,
        -0.2890323
      ],
      [
        0.0725705,
        0.2884366,
        0.954744935
      ]
    ],
    "translation": [
      2.205327,
      0.93840003,
      -0.7325906
    ]
  },
  {
    "timeStamp": 92261,
    "rotation": [
      [
        0.997751653,
        -0.0187541712,
        -0.06434231
      ],
      [
        -0.00143844378,
        0.953835845,
        -0.300325066
      ],
      [
        0.06700435,
        0.299742371,
        0.951664269
      ]
    ],
    "translation": [
      2.20508552,
      0.9363312,
      -0.7312245
    ]
  },
  {
    "timeStamp": 92316,
    "rotation": [
      [
        0.9980951,
        -0.01781709,
        -0.059066128
      ],
      [
        -0.0006092658,
        0.9544981,
        -0.2982163
      ],
      [
        0.0616918579,
        0.297684222,
        0.952668965
      ]
    ],
    "translation": [
      2.20488262,
      0.9338939,
      -0.731303
    ]
  }
]