[
  {
    "timeStamp": 69638,
    "rotation": [
      [
        0.968655944,
        -0.1386803,
        0.206090987
      ],
      [
        0.144230559,
        0.9894704,
        -0.0120807923
      ],
      [
        -0.202245563,
        0.041426748,
        0.9784583
      ]
    ],
    "translation": [
      1.7538538,
      0.70081526,
      -0.48762998
    ]
  },
  {
    "timeStamp": 69693,
    "rotation": [
      [
        0.9716344,
        -0.112685278,
        0.207915083
      ],
      [
        0.11849311,
        0.992831469,
        -0.0156529378
      ],
      [
        -0.204660773,
        0.0398454331,
        0.9780217
      ]
    ],
    "translation": [
      1.753721,
      0.7016514,
      -0.4876362
    ]
  },
  {
    "timeStamp": 69737,
    "rotation": [
      [
        0.9715206,
        -0.110988252,
        0.2093544
      ],
      [
        0.117011353,
        0.992992342,
        -0.01656742
      ],
      [
        -0.206048533,
        0.040592432,
        0.977699459
      ]
    ],
    "translation": [
      1.75248611,
      0.704102755,
      -0.487880647
    ]
  },
  {
    "timeStamp": 69793,
    "rotation": [
      [
        0.970444,
        -0.125602737,
        0.206064135
      ],
      [
        0.130328581,
        0.991425633,
        -0.009467
      ],
      [
        -0.203108191,
        0.03604324,
        0.9784927
      ]
    ],
    "translation": [
      1.75477028,
      0.7063768,
      -0.487223655
    ]
  },
  {
    "timeStamp": 69837,
    "rotation": [
      [
        0.9704481,
        -0.11717698,
        0.210950568
      ],
      [
        0.122493215,
        0.9923936,
        -0.0122664608
      ],
      [
        -0.207908645,
        0.0377439745,
        0.977419734
      ]
    ],
    "translation": [
      1.75489092,
      0.707228661,
      -0.4878717
    ]
  },
  {
    "timeStamp": 69893,
    "rotation": [
      [
        0.9700681,
        -0.1201575,
        0.211021557
      ],
      [
        0.12457931,
        0.9921795,
        -0.007736643
      ],
      [
        -0.208441645,
        0.03379399,
        0.9774508
      ]
    ],
    "translation": [
      1.75688434,
      0.7105526,
      -0.488520563
    ]
  },
  {
    "timeStamp": 69937,
    "rotation": [
      [
        0.96975255,
        -0.124086246,
        0.21019651
      ],
      [
        0.126288727,
        0.9919891,
        0.00296574784
      ],
      [
        -0.208880648,
        0.0236694068,
        0.9776547
      ]
    ],
    "translation": [
      1.75857329,
      0.7172401,
      -0.48848
    ]
  },
  {
    "timeStamp": 69993,
    "rotation": [
      [
        0.969000757,
        -0.127186954,
        0.2118043
      ],
      [
        0.124729238,
        0.9918763,
        0.0249806326
      ],
      [
        -0.213260874,
        0.002211937,
        0.9769928
      ]
    ],
    "translation": [
      1.76307714,
      0.7302934,
      -0.488435745
    ]
  },
  {
    "timeStamp": 70037,
    "rotation": [
      [
        0.9673279,
        -0.136743978,
        0.213489428
      ],
      [
        0.129604086,
        0.9904438,
        0.04715726
      ],
      [
        -0.217897758,
        -0.0179474335,
        0.975806534
      ]
    ],
    "translation": [
      1.76886284,
      0.7439491,
      -0.4905512
    ]
  },
  {
    "timeStamp": 70093,
    "rotation": [
      [
        0.9664969,
        -0.124295376,
        0.224576131
      ],
      [
        0.111627951,
        0.991400242,
        0.0682993159
      ],
      [
        -0.231134117,
        -0.0409421027,
        0.97206
      ]
    ],
    "translation": [
      1.77726579,
      0.763909,
      -0.497155815
    ]
  },
  {
    "timeStamp": 70137,
    "rotation": [
      [
        0.9631154,
        -0.159685358,
        0.216585636
      ],
      [
        0.1416561,
        0.9852051,
        0.0964592
      ],
      [
        -0.2287844,
        -0.0622206666,
        0.9714867
      ]
    ],
    "translation": [
      1.78755307,
      0.7815809,
      -0.50518477
    ]
  },
  {
    "timeStamp": 70193,
    "rotation": [
      [
        0.9637053,
        -0.145517975,
        0.223822847
      ],
      [
        0.123437017,
        0.986265838,
        0.109740816
      ],
      [
        -0.236718088,
        -0.07812978,
        0.96843195
      ]
    ],
    "translation": [
      1.80074227,
      0.8034805,
      -0.519960642
    ]
  },
  {
    "timeStamp": 70238,
    "rotation": [
      [
        0.9586075,
        -0.179023355,
        0.221409634
      ],
      [
        0.150829852,
        0.978822231,
        0.138410449
      ],
      [
        -0.241499364,
        -0.09928612,
        0.9653084
      ]
    ],
    "translation": [
      1.81595409,
      0.823154449,
      -0.531676531
    ]
  },
  {
    "timeStamp": 70293,
    "rotation": [
      [
        0.957279146,
        -0.192036271,
        0.216191351
      ],
      [
        0.1613791,
        0.9751725,
        0.151641861
      ],
      [
        -0.2399446,
        -0.110274829,
        0.96450305
      ]
    ],
    "translation": [
      1.83508384,
      0.8455717,
      -0.5482202
    ]
  },
  {
    "timeStamp": 70337,
    "rotation": [
      [
        0.9512154,
        -0.228228867,
        0.207607552
      ],
      [
        0.193999141,
        0.9656753,
        0.172729835
      ],
      [
        -0.23990342,
        -0.124027587,
        0.9628414
      ]
    ],
    "translation": [
      1.85314465,
      0.864759147,
      -0.560766
    ]
  },
  {
    "timeStamp": 70393,
    "rotation": [
      [
        0.9505897,
        -0.225682855,
        0.213181764
      ],
      [
        0.186506882,
        0.9641039,
        0.188994572
      ],
      [
        -0.2481822,
        -0.139896423,
        0.958558559
      ]
    ],
    "translation": [
      1.87501013,
      0.8865612,
      -0.5743744
    ]
  },
  {
    "timeStamp": 70440,
    "rotation": [
      [
        0.943981647,
        -0.269937515,
        0.1898221
      ],
      [
        0.22835736,
        0.949595153,
        0.21476014
      ],
      [
        -0.238225967,
        -0.159382358,
        0.9580426
      ]
    ],
    "translation": [
      1.89450932,
      0.903930545,
      -0.582439363
    ]
  },
  {
    "timeStamp": 70491,
    "rotation": [
      [
        0.942185044,
        -0.268276632,
        0.20078586
      ],
      [
        0.221289635,
        0.9480903,
        0.228376165
      ],
      [
        -0.2516311,
        -0.170740783,
        0.952643335
      ]
    ],
    "translation": [
      1.921273,
      0.9230708,
      -0.5917361
    ]
  },
  {
    "timeStamp": 70536,
    "rotation": [
      [
        0.9399308,
        -0.275529683,
        0.201527923
      ],
      [
        0.222521037,
        0.942229331,
        0.250376135
      ],
      [
        -0.2588716,
        -0.190492034,
        0.946941555
      ]
    ],
    "translation": [
      1.94434786,
      0.938442469,
      -0.5972655
    ]
  },
  {
    "timeStamp": 70591,
    "rotation": [
      [
        0.9351075,
        -0.2929678,
        0.19935827
      ],
      [
        0.236679345,
        0.9350497,
        0.26394105
      ],
      [
        -0.263736129,
        -0.199629277,
        0.9437115
      ]
    ],
    "translation": [
      1.9763428,
      0.9531083,
      -0.6039612
    ]
  },
  {
    "timeStamp": 70636,
    "rotation": [
      [
        0.932487369,
        -0.302770436,
        0.196970344
      ],
      [
        0.244760066,
        0.9306888,
        0.271865338
      ],
      [
        -0.2656309,
        -0.20530051,
        0.9419617
      ]
    ],
    "translation": [
      2.00304937,
      0.961778939,
      -0.6086113
    ]
  },
  {
    "timeStamp": 70691,
    "rotation": [
      [
        0.926057339,
        -0.331176043,
        0.180942371
      ],
      [
        0.276869118,
        0.9220286,
        0.2705674
      ],
      [
        -0.256439477,
        -0.200463563,
        0.9455438
      ]
    ],
    "translation": [
      2.03921628,
      0.967964768,
      -0.6142403
    ]
  },
  {
    "timeStamp": 70735,
    "rotation": [
      [
        0.9275651,
        -0.3323331,
        0.170814887
      ],
      [
        0.280355275,
        0.9211871,
        0.269842923
      ],
      [
        -0.247030213,
        -0.202408016,
        0.9476323
      ]
    ],
    "translation": [
      2.06614184,
      0.9704812,
      -0.617625237
    ]
  },
  {
    "timeStamp": 70791,
    "rotation": [
      [
        0.9319574,
        -0.33222717,
        0.145191178
      ],
      [
        0.287660837,
        0.9212943,
        0.261664152
      ],
      [
        -0.220695734,
        -0.202094033,
        0.9541758
      ]
    ],
    "translation": [
      2.09891248,
      0.9698175,
      -0.620592058
    ]
  },
  {
    "timeStamp": 70840,
    "rotation": [
      [
        0.9307146,
        -0.343994,
        0.124251463
      ],
      [
        0.305929482,
        0.9183789,
        0.250973016
      ],
      [
        -0.200443119,
        -0.195572078,
        0.9599865
      ]
    ],
    "translation": [
      2.12379551,
      0.966033,
      -0.6226639
    ]
  },
  {
    "timeStamp": 70887,
    "rotation": [
      [
        0.9319393,
        -0.346624285,
        0.106493376
      ],
      [
        0.314863533,
        0.9192031,
        0.236488074
      ],
      [
        -0.179861546,
        -0.186861649,
        0.9657808
      ]
    ],
    "translation": [
      2.153915,
      0.9597015,
      -0.62596947
    ]
  },
  {
    "timeStamp": 70943,
    "rotation": [
      [
        0.933168232,
        -0.3446777,
        0.101952955
      ],
      [
        0.320404917,
        0.926215231,
        0.198660567
      ],
      [
        -0.162904248,
        -0.1527175,
        0.974751
      ]
    ],
    "translation": [
      2.17806959,
      0.9484653,
      -0.6330021
    ]
  },
  {
    "timeStamp": 70987,
    "rotation": [
      [
        0.9378834,
        -0.3374359,
        0.08069585
      ],
      [
        0.3195213,
        0.9306874,
        0.178120911
      ],
      [
        -0.135207,
        -0.1412726,
        0.980694234
      ]
    ],
    "translation": [
      2.190154,
      0.9388951,
      -0.636747539
    ]
  },
  {
    "timeStamp": 71043,
    "rotation": [
      [
        0.9416028,
        -0.331154883,
        0.0609961338
      ],
      [
        0.318897337,
        0.935157061,
        0.15422608
      ],
      [
        -0.108113684,
        -0.1257682,
        0.986151
      ]
    ],
    "translation": [
      2.20191765,
      0.924441338,
      -0.6391233
    ]
  },
  {
    "timeStamp": 71087,
    "rotation": [
      [
        0.947324634,
        -0.316653281,
        0.04802923
      ],
      [
        0.309378535,
        0.9435304,
        0.118471026
      ],
      [
        -0.08283127,
        -0.09737131,
        0.991795242
      ]
    ],
    "translation": [
      2.20883083,
      0.9094804,
      -0.6409767
    ]
  },
  {
    "timeStamp": 71143,
    "rotation": [
      [
        0.945655942,
        -0.324581057,
        0.0195436273
      ],
      [
        0.32169503,
        0.942623854,
        0.08928963
      ],
      [
        -0.0474040136,
        -0.07815018,
        0.995813966
      ]
    ],
    "translation": [
      2.21770883,
      0.893145561,
      -0.6404568
    ]
  },
  {
    "timeStamp": 71187,
    "rotation": [
      [
        0.952369034,
        -0.3035836,
        0.0288146865
      ],
      [
        0.301597148,
        0.951659,
        0.05817495
      ],
      [
        -0.0450827181,
        -0.04671359,
        0.9978905
      ]
    ],
    "translation": [
      2.22468424,
      0.881441534,
      -0.640139639
    ]
  },
  {
    "timeStamp": 71243,
    "rotation": [
      [
        0.9484134,
        -0.3163884,
        -0.0202573314
      ],
      [
        0.3170356,
        0.9466046,
        0.0585500561
      ],
      [
        0.000651126,
        -0.0619519539,
        0.9980789
      ]
    ],
    "translation": [
      2.23061228,
      0.8735277,
      -0.6357568
    ]
  },
  {
    "timeStamp": 71288,
    "rotation": [
      [
        0.956900656,
        -0.290396422,
        -0.00332215987
      ],
      [
        0.2903517,
        0.9563883,
        0.0318962522
      ],
      [
        -0.006085283,
        -0.03148614,
        0.9994857
      ]
    ],
    "translation": [
      2.236175,
      0.8652106,
      -0.6343546
    ]
  },
  {
    "timeStamp": 71345,
    "rotation": [
      [
        0.951292336,
        -0.306184351,
        -0.0359729044
      ],
      [
        0.3073518,
        0.9510157,
        0.03322735
      ],
      [
        0.0240371022,
        -0.04266526,
        0.9988002
      ]
    ],
    "translation": [
      2.24251318,
      0.8593406,
      -0.6301547
    ]
  },
  {
    "timeStamp": 71391,
    "rotation": [
      [
        0.961025834,
        -0.276295781,
        -0.009484252
      ],
      [
        0.276416749,
        0.9609114,
        0.0155884307
      ],
      [
        0.004806509,
        -0.01760249,
        0.999833465
      ]
    ],
    "translation": [
      2.24706554,
      0.8523517,
      -0.6288934
    ]
  },
  {
    "timeStamp": 71436,
    "rotation": [
      [
        0.961069047,
        -0.274813116,
        -0.0287057012
      ],
      [
        0.2750913,
        0.9613983,
        0.006161953
      ],
      [
        0.0259042289,
        -0.0138187511,
        0.9995689
      ]
    ],
    "translation": [
      2.247839,
      0.846698046,
      -0.6269203
    ]
  },
  {
    "timeStamp": 71493,
    "rotation": [
      [
        0.967677236,
        -0.249176592,
        -0.03888188
      ],
      [
        0.249040544,
        0.968456864,
        -0.00838206
      ],
      [
        0.03974403,
        -0.00157203537,
        0.9992086
      ]
    ],
    "translation": [
      2.24564624,
      0.838701,
      -0.6243019
    ]
  },
  {
    "timeStamp": 71537,
    "rotation": [
      [
        0.967561245,
        -0.246417522,
        -0.0557107851
      ],
      [
        0.245782822,
        0.9691563,
        -0.0180785451
      ],
      [
        0.05844733,
        0.00379934558,
        0.998283267
      ]
    ],
    "translation": [
      2.244931,
      0.8320656,
      -0.623145163
    ]
  },
  {
    "timeStamp": 71592,
    "rotation": [
      [
        0.9749382,
        -0.217030987,
        -0.048919484
      ],
      [
        0.216049612,
        0.976072669,
        -0.0245914329
      ],
      [
        0.0530860759,
        0.0134060914,
        0.99849993
      ]
    ],
    "translation": [
      2.244563,
      0.8239152,
      -0.6215972
    ]
  },
  {
    "timeStamp": 71637,
    "rotation": [
      [
        0.977786958,
        -0.206026629,
        -0.0385454334
      ],
      [
        0.20494467,
        0.9783068,
        -0.0302248485
      ],
      [
        0.04393638,
        0.02165378,
        0.9987997
      ]
    ],
    "translation": [
      2.24676967,
      0.81913054,
      -0.620058537
    ]
  },
  {
    "timeStamp": 71693,
    "rotation": [
      [
        0.973014534,
        -0.229543254,
        -0.0235093087
      ],
      [
        0.228351682,
        0.9725488,
        -0.0447698869
      ],
      [
        0.0331405737,
        0.03819336,
        0.9987207
      ]
    ],
    "translation": [
      2.25030541,
      0.814139545,
      -0.619776547
    ]
  },
  {
    "timeStamp": 71737,
    "rotation": [
      [
        0.9589389,
        -0.2832404,
        -0.0145297935
      ],
      [
        0.282327741,
        0.9582117,
        -0.0460588932
      ],
      [
        0.0269683581,
        0.0400655,
        0.99883306
      ]
    ],
    "translation": [
      2.254049,
      0.811662853,
      -0.6195094
    ]
  },
  {
    "timeStamp": 71792,
    "rotation": [
      [
        0.929346859,
        -0.3680952,
        0.02864411
      ],
      [
        0.3691487,
        0.9277873,
        -0.054221876
      ],
      [
        -0.006616828,
        0.0609648637,
        0.998118
      ]
    ],
    "translation": [
      2.25834584,
      0.8079272,
      -0.61827457
    ]
  },
  {
    "timeStamp": 71837,
    "rotation": [
      [
        0.8919053,
        -0.450921774,
        0.0342704467
      ],
      [
        0.452209949,
        0.8898741,
        -0.06025092
      ],
      [
        -0.00332793081,
        0.06923555,
        0.9975948
      ]
    ],
    "translation": [
      2.26199055,
      0.804683,
      -0.6183567
    ]
  },
  {
    "timeStamp": 71892,
    "rotation": [
      [
        0.859647751,
        -0.5083085,
        0.0512667559
      ],
      [
        0.5107446,
        0.857441068,
        -0.06272835
      ],
      [
        -0.0120728686,
        0.0801085,
        0.9967131
      ]
    ],
    "translation": [
      2.26492786,
      0.802608,
      -0.6182037
    ]
  },
  {
    "timeStamp": 71937,
    "rotation": [
      [
        0.8611171,
        -0.504848957,
        0.0600408576
      ],
      [
        0.5080337,
        0.858986855,
        -0.06358814
      ],
      [
        -0.0194718968,
        0.08525962,
        0.996168554
      ]
    ],
    "translation": [
      2.26463079,
      0.802641869,
      -0.6179699
    ]
  },
  {
    "timeStamp": 71992,
    "rotation": [
      [
        0.947643459,
        -0.3191597,
        -0.0104402639
      ],
      [
        0.317442834,
        0.94508785,
        -0.07771128
      ],
      [
        0.0346692726,
        0.07032839,
        0.996921241
      ]
    ],
    "translation": [
      2.25226164,
      0.7936754,
      -0.6158324
    ]
  },
  {
    "timeStamp": 72037,
    "rotation": [
      [
        0.9863841,
        -0.139257133,
        -0.08748635
      ],
      [
        0.131009534,
        0.986928344,
        -0.09385579
      ],
      [
        0.09941284,
        0.08111631,
        0.991734445
      ]
    ],
    "translation": [
      2.23436069,
      0.7856597,
      -0.616700351
    ]
  },
  {
    "timeStamp": 72092,
    "rotation": [
      [
        0.983915567,
        -0.144102961,
        -0.105567969
      ],
      [
        0.134195045,
        0.9863291,
        -0.09563839
      ],
      [
        0.117906533,
        0.0799334,
        0.9898024
      ]
    ],
    "translation": [
      2.23088074,
      0.7876601,
      -0.6171307
    ]
  },
  {
    "timeStamp": 72137,
    "rotation": [
      [
        0.9831992,
        -0.121725388,
        -0.1360232
      ],
      [
        0.113845676,
        0.991415,
        -0.06430813
      ],
      [
        0.142683357,
        0.04774205,
        0.9886163
      ]
    ],
    "translation": [
      2.22358966,
      0.7988224,
      -0.614515662
    ]
  },
  {
    "timeStamp": 72192,
    "rotation": [
      [
        0.9814494,
        -0.112862222,
        -0.154981032
      ],
      [
        0.11005526,
        0.993569434,
        -0.0266018324
      ],
      [
        0.156986758,
        0.009051876,
        0.987559259
      ]
    ],
    "translation": [
      2.218687,
      0.8116732,
      -0.6093455
    ]
  },
  {
    "timeStamp": 72236,
    "rotation": [
      [
        0.9817922,
        -0.111241609,
        -0.153978422
      ],
      [
        0.109555475,
        0.9937909,
        -0.019419495
      ],
      [
        0.155182615,
        0.00219672918,
        0.9878834
      ]
    ],
    "translation": [
      2.21984768,
      0.815431535,
      -0.60499686
    ]
  },
  {
    "timeStamp": 72292,
    "rotation": [
      [
        0.982266665,
        -0.122202285,
        -0.1421928
      ],
      [
        0.120596685,
        0.992502332,
        -0.0198881086
      ],
      [
        0.143557057,
        0.00238744612,
        0.9896392
      ]
    ],
    "translation": [
      2.22571278,
      0.813112736,
      -0.598892152
    ]
  },
  {
    "timeStamp": 72336,
    "rotation": [
      [
        0.9828421,
        -0.13803266,
        -0.122346073
      ],
      [
        0.135409951,
        0.990349233,
        -0.0295387153
      ],
      [
        0.125242651,
        0.012465016,
        0.992047846
      ]
    ],
    "translation": [
      2.23321056,
      0.807168067,
      -0.5947821
    ]
  },
  {
    "timeStamp": 72393,
    "rotation": [
      [
        0.983893454,
        -0.1439883,
        -0.105929345
      ],
      [
        0.139708862,
        0.989085734,
        -0.0468060337
      ],
      [
        0.111512728,
        0.03125288,
        0.99327147
      ]
    ],
    "translation": [
      2.23886132,
      0.7987594,
      -0.59298116
    ]
  },
  {
    "timeStamp": 72436,
    "rotation": [
      [
        0.9838178,
        -0.150757343,
        -0.09682325
      ],
      [
        0.144970611,
        0.987345,
        -0.06429073
      ],
      [
        0.105290264,
        0.0492138378,
        0.993223
      ]
    ],
    "translation": [
      2.241129,
      0.790970147,
      -0.5938687
    ]
  },
  {
    "timeStamp": 72492,
    "rotation": [
      [
        0.9829488,
        -0.157746583,
        -0.0944865346
      ],
      [
        0.1496327,
        0.984854341,
        -0.0875905
      ],
      [
        0.106872573,
        0.0719587,
        0.991665363
      ]
    ],
    "translation": [
      2.240729,
      0.780444145,
      -0.5972176
    ]
  },
  {
    "timeStamp": 72536,
    "rotation": [
      [
        0.9812836,
        -0.16176495,
        -0.104472704
      ],
      [
        0.1506566,
        0.982810855,
        -0.10670241
      ],
      [
        0.119937621,
        0.0889658257,
        0.9887872
      ]
    ],
    "translation": [
      2.23819876,
      0.7727565,
      -0.6002755
    ]
  },
  {
    "timeStamp": 72592,
    "rotation": [
      [
        0.978906751,
        -0.168968961,
        -0.11485213
      ],
      [
        0.155147031,
        0.980548739,
        -0.120222531
      ],
      [
        0.132931992,
        0.09986768,
        0.9860809
      ]
    ],
    "translation": [
      2.23579621,
      0.765832841,
      -0.6010587
    ]
  },
  {
    "timeStamp": 72636,
    "rotation": [
      [
        0.9765497,
        -0.180196553,
        -0.11781311
      ],
      [
        0.165082812,
        0.9780036,
        -0.127501175
      ],
      [
        0.13819693,
        0.105062306,
        0.984816432
      ]
    ],
    "translation": [
      2.23548579,
      0.761768758,
      -0.600650251
    ]
  },
  {
    "timeStamp": 72688,
    "rotation": [
      [
        0.975460947,
        -0.181160584,
        -0.125127286
      ],
      [
        0.164963737,
        0.9777503,
        -0.129581228
      ],
      [
        0.145818263,
        0.105759963,
        0.983642161
      ]
    ],
    "translation": [
      2.23548913,
      0.758164,
      -0.5989854
    ]
  },
  {
    "timeStamp": 72744,
    "rotation": [
      [
        0.971871436,
        -0.199852034,
        -0.124599926
      ],
      [
        0.182289839,
        0.973325,
        -0.139315546
      ],
      [
        0.149118721,
        0.1126835,
        0.9823777
      ]
    ],
    "translation": [
      2.23931026,
      0.754800737,
      -0.5981435
    ]
  },
  {
    "timeStamp": 72789,
    "rotation": [
      [
        0.969862,
        -0.202741578,
        -0.135142788
      ],
      [
        0.18344979,
        0.9726308,
        -0.142602667
      ],
      [
        0.160355523,
        0.113512985,
        0.980510533
      ]
    ],
    "translation": [
      2.24090028,
      0.752907634,
      -0.59784174
    ]
  },
  {
    "timeStamp": 72844,
    "rotation": [
      [
        0.9659115,
        -0.219153747,
        -0.137791857
      ],
      [
        0.1986527,
        0.968787253,
        -0.148284718
      ],
      [
        0.165988147,
        0.115857184,
        0.979298234
      ]
    ],
    "translation": [
      2.24525452,
      0.7506159,
      -0.5979946
    ]
  },
  {
    "timeStamp": 72889,
    "rotation": [
      [
        0.9659554,
        -0.216829911,
        -0.141120464
      ],
      [
        0.195611626,
        0.96912533,
        -0.150107563
      ],
      [
        0.169311225,
        0.1173924,
        0.9785462
      ]
    ],
    "translation": [
      2.24659061,
      0.7491586,
      -0.597909153
    ]
  },
  {
    "timeStamp": 72944,
    "rotation": [
      [
        0.967294037,
        -0.2156599,
        -0.133540183
      ],
      [
        0.193811312,
        0.968002,
        -0.1594028
      ],
      [
        0.163643956,
        0.12830779,
        0.978139937
      ]
    ],
    "translation": [
      2.24822235,
      0.74592936,
      -0.5989224
    ]
  },
  {
    "timeStamp": 72989,
    "rotation": [
      [
        0.970710635,
        -0.201668173,
        -0.1305788
      ],
      [
        0.180151448,
        0.970579743,
        -0.159751162
      ],
      [
        0.15895386,
        0.1315482,
        0.9784829
      ]
    ],
    "translation": [
      2.24666858,
      0.744161,
      -0.5993089
    ]
  },
  {
    "timeStamp": 73046,
    "rotation": [
      [
        0.9733148,
        -0.190354779,
        -0.1281536
      ],
      [
        0.16971916,
        0.9730207,
        -0.156288758
      ],
      [
        0.154446423,
        0.130368039,
        0.9793623
      ]
    ],
    "translation": [
      2.24345016,
      0.74240917,
      -0.5985686
    ]
  },
  {
    "timeStamp": 73090,
    "rotation": [
      [
        0.976472437,
        -0.176803708,
        -0.123458661
      ],
      [
        0.156837538,
        0.975208759,
        -0.156108767
      ],
      [
        0.147998571,
        0.133072957,
        0.9799939
      ]
    ],
    "translation": [
      2.241556,
      0.741249263,
      -0.5979026
    ]
  },
  {
    "timeStamp": 73136,
    "rotation": [
      [
        0.977467358,
        -0.169753417,
        -0.125464663
      ],
      [
        0.150299877,
        0.9770433,
        -0.150984421
      ],
      [
        0.148214534,
        0.128725022,
        0.9805418
      ]
    ],
    "translation": [
      2.23993587,
      0.740333438,
      -0.5958425
    ]
  },
  {
    "timeStamp": 73192,
    "rotation": [
      [
        0.984345257,
        -0.128137946,
        -0.121016644
      ],
      [
        0.109049521,
        0.982193232,
        -0.15298596
      ],
      [
        0.138465032,
        0.1373942,
        0.9807906
      ]
    ],
    "translation": [
      2.23868418,
      0.737442255,
      -0.5945462
    ]
  },
  {
    "timeStamp": 73236,
    "rotation": [
      [
        0.987197638,
        -0.106498972,
        -0.118737943
      ],
      [
        0.0880569443,
        0.984603643,
        -0.151002
      ],
      [
        0.132991374,
        0.13861312,
        0.9813764
      ]
    ],
    "translation": [
      2.23861265,
      0.735676169,
      -0.592829049
    ]
  },
  {
    "timeStamp": 73292,
    "rotation": [
      [
        0.976961553,
        -0.18372187,
        -0.10859254
      ],
      [
        0.165630549,
        0.9735991,
        -0.157071173
      ],
      [
        0.134583011,
        0.135466263,
        0.981598854
      ]
    ],
    "translation": [
      2.24640942,
      0.73303014,
      -0.591380358
    ]
  },
  {
    "timeStamp": 73336,
    "rotation": [
      [
        0.9700453,
        -0.214550942,
        -0.113929607
      ],
      [
        0.198217958,
        0.9702005,
        -0.139358148
      ],
      [
        0.140433982,
        0.112600833,
        0.9836663
      ]
    ],
    "translation": [
      2.24901628,
      0.7316794,
      -0.590019166
    ]
  },
  {
    "timeStamp": 73392,
    "rotation": [
      [
        0.964907348,
        -0.23369053,
        -0.119760707
      ],
      [
        0.219419017,
        0.968077,
        -0.121170074
      ],
      [
        0.1442539,
        0.09064011,
        0.9853807
      ]
    ],
    "translation": [
      2.25077248,
      0.7304274,
      -0.5894413
    ]
  },
  {
    "timeStamp": 73436,
    "rotation": [
      [
        0.9607673,
        -0.244712725,
        -0.130544484
      ],
      [
        0.230821446,
        0.9664297,
        -0.112849973
      ],
      [
        0.1537779,
        0.0782901,
        0.984999
      ]
    ],
    "translation": [
      2.2513144,
      0.7299826,
      -0.5893514
    ]
  },
  {
    "timeStamp": 73492,
    "rotation": [
      [
        0.958226562,
        -0.250601321,
        -0.137843445
      ],
      [
        0.237240463,
        0.965616167,
        -0.10631308
      ],
      [
        0.159746051,
        0.0691699758,
        0.9847318
      ]
    ],
    "translation": [
      2.25168633,
      0.7296865,
      -0.5892407
    ]
  }
]