[
  {
    "timeStamp": 0,
    "rotation": [
      [
        0.8111695,
        0.236274317,
        0.5349566
      ],
      [
        0.0381201543,
        0.8914431,
        -0.451526433
      ],
      [
        -0.5835674,
        0.3866571,
        0.7141046
      ]
    ],
    "translation": [
      1.40459013,
      1.52012324,
      -1.20063257
    ]
  },
  {
    "timeStamp": 15,
    "rotation": [
      [
        0.8113682,
        0.2356438,
        0.534933269
      ],
      [
        0.0384850539,
        0.891622,
        -0.451141834
      ],
      [
        -0.5832671,
        0.386629075,
        0.714365065
      ]
    ],
    "translation": [
      1.40450358,
      1.52016723,
      -1.20071423
    ]
  },
  {
    "timeStamp": 16,
    "rotation": [
      [
        0.8102443,
        0.237114087,
        0.535986066
      ],
      [
        0.03824255,
        0.891170263,
        -0.452054322
      ],
      [
        -0.5848433,
        0.386771917,
        0.7129978
      ]
    ],
    "translation": [
      1.40479112,
      1.52012372,
      -1.20062661
    ]
  },
  {
    "timeStamp": 70,
    "rotation": [
      [
        0.797752261,
        0.2536928,
        0.5470203
      ],
      [
        0.0347237661,
        0.886353254,
        -0.4617057
      ],
      [
        -0.6019847,
        0.387321383,
        0.698281169
      ]
    ],
    "translation": [
      1.40919185,
      1.51927161,
      -1.19797194
    ]
  },
  {
    "timeStamp": 120,
    "rotation": [
      [
        0.7967135,
        0.254277319,
        0.5482616
      ],
      [
        0.0371483527,
        0.8848614,
        -0.464370936
      ],
      [
        -0.6032145,
        0.3903376,
        0.695534945
      ]
    ],
    "translation": [
      1.41052938,
      1.51876807,
      -1.19677949
    ]
  },
  {
    "timeStamp": 165,
    "rotation": [
      [
        0.7984198,
        0.252779216,
        0.546469152
      ],
      [
        0.0396903977,
        0.8835331,
        -0.466684
      ],
      [
        -0.6007916,
        0.394299328,
        0.695397437
      ]
    ],
    "translation": [
      1.411236,
      1.51834655,
      -1.19558167
    ]
  },
  {
    "timeStamp": 220,
    "rotation": [
      [
        0.8117161,
        0.245396167,
        0.5299978
      ],
      [
        0.0412509181,
        0.8810951,
        -0.471136659
      ],
      [
        -0.5825936,
        0.4042921,
        0.7050763
      ]
    ],
    "translation": [
      1.4107213,
      1.51757276,
      -1.19320548
    ]
  },
  {
    "timeStamp": 346,
    "rotation": [
      [
        0.814326048,
        0.245601431,
        0.5258831
      ],
      [
        0.0393843353,
        0.880587459,
        -0.4722442
      ],
      [
        -0.5790699,
        0.4052723,
        0.7074125
      ]
    ],
    "translation": [
      1.41033411,
      1.51735163,
      -1.19303274
    ]
  },
  {
    "timeStamp": 348,
    "rotation": [
      [
        0.818000734,
        0.244569451,
        0.52063483
      ],
      [
        0.03862955,
        0.8797099,
        -0.473939061
      ],
      [
        -0.5739186,
        0.4077944,
        0.7101557
      ]
    ],
    "translation": [
      1.409976,
      1.5171752,
      -1.19242072
    ]
  },
  {
    "timeStamp": 389,
    "rotation": [
      [
        0.88247174,
        0.205857679,
        0.42292583
      ],
      [
        0.0310392436,
        0.8716968,
        -0.489061534
      ],
      [
        -0.469340175,
        0.444710284,
        0.762858152
      ]
    ],
    "translation": [
      1.40009868,
      1.51459074,
      -1.18415654
    ]
  },
  {
    "timeStamp": 442,
    "rotation": [
      [
        0.9084132,
        0.183628768,
        0.375587434
      ],
      [
        0.0270608664,
        0.870666444,
        -0.491128951
      ],
      [
        -0.41719678,
        0.456311733,
        0.7859557
      ]
    ],
    "translation": [
      1.39394379,
      1.51456571,
      -1.18088531
    ]
  },
  {
    "timeStamp": 487,
    "rotation": [
      [
        0.9281895,
        0.1633676,
        0.3343282
      ],
      [
        0.02467025,
        0.8694772,
        -0.4933567
      ],
      [
        -0.371289253,
        0.46617648,
        0.8030093
      ]
    ],
    "translation": [
      1.38848,
      1.51409221,
      -1.178368
    ]
  },
  {
    "timeStamp": 542,
    "rotation": [
      [
        0.9495668,
        0.140383124,
        0.280384541
      ],
      [
        0.0196225811,
        0.8658273,
        -0.499958
      ],
      [
        -0.312950253,
        0.480245382,
        0.819406152
      ]
    ],
    "translation": [
      1.38100266,
      1.51340246,
      -1.17609692
    ]
  },
  {
    "timeStamp": 588,
    "rotation": [
      [
        0.964084148,
        0.119434074,
        0.237228319
      ],
      [
        0.0172192585,
        0.863203049,
        -0.504563153
      ],
      [
        -0.265038252,
        0.490526229,
        0.8301438
      ]
    ],
    "translation": [
      1.37477076,
      1.51296425,
      -1.17458248
    ]
  },
  {
    "timeStamp": 644,
    "rotation": [
      [
        0.9774981,
        0.09301732,
        0.189328521
      ],
      [
        0.0164617021,
        0.861154139,
        -0.5080773
      ],
      [
        -0.210301042,
        0.4997613,
        0.8402453
      ]
    ],
    "translation": [
      1.367172,
      1.51273012,
      -1.17308736
    ]
  },
  {
    "timeStamp": 688,
    "rotation": [
      [
        0.9847816,
        0.0721619353,
        0.158107042
      ],
      [
        0.0187164079,
        0.860401,
        -0.5092738
      ],
      [
        -0.17278564,
        0.5044827,
        0.845956445
      ]
    ],
    "translation": [
      1.36144876,
      1.5124439,
      -1.17215276
    ]
  },
  {
    "timeStamp": 744,
    "rotation": [
      [
        0.990727842,
        0.0502797253,
        0.126215771
      ],
      [
        0.0217878781,
        0.858177841,
        -0.5128899
      ],
      [
        -0.134103552,
        0.5108843,
        0.8491251
      ]
    ],
    "translation": [
      1.35502219,
      1.511946,
      -1.17147481
    ]
  },
  {
    "timeStamp": 789,
    "rotation": [
      [
        0.9934994,
        0.0372624733,
        0.107566044
      ],
      [
        0.0239782929,
        0.855210662,
        -0.5177255
      ],
      [
        -0.111283362,
        0.5169392,
        0.8487578
      ]
    ],
    "translation": [
      1.35040486,
      1.51115286,
      -1.17141235
    ]
  },
  {
    "timeStamp": 846,
    "rotation": [
      [
        0.995134532,
        0.027548017,
        0.09459633
      ],
      [
        0.02612206,
        0.851986647,
        -0.5229115
      ],
      [
        -0.09499998,
        0.5228383,
        0.8471217
      ]
    ],
    "translation": [
      1.34649169,
      1.51018643,
      -1.17164433
    ]
  },
  {
    "timeStamp": 891,
    "rotation": [
      [
        0.9963877,
        0.0175921433,
        0.08307806
      ],
      [
        0.0292244758,
        0.847515345,
        -0.5299657
      ],
      [
        -0.07973316,
        0.530479252,
        0.8439398
      ]
    ],
    "translation": [
      1.342492,
      1.5088805,
      -1.17234015
    ]
  },
  {
    "timeStamp": 936,
    "rotation": [
      [
        0.996762,
        0.0131939435,
        0.07931855
      ],
      [
        0.0313702375,
        0.8444683,
        -0.5346861
      ],
      [
        -0.07403662,
        0.535443,
        0.84132
      ]
    ],
    "translation": [
      1.33992052,
      1.5079844,
      -1.17303336
    ]
  },
  {
    "timeStamp": 992,
    "rotation": [
      [
        0.9967755,
        0.01128731,
        0.07944295
      ],
      [
        0.0337076224,
        0.839562,
        -0.542217135
      ],
      [
        -0.07281745,
        0.5431466,
        0.836474359
      ]
    ],
    "translation": [
      1.33751357,
      1.50686026,
      -1.17401206
    ]
  },
  {
    "timeStamp": 1036,
    "rotation": [
      [
        0.996546865,
        0.0111114038,
        0.0822853148
      ],
      [
        0.0360187739,
        0.8350585,
        -0.5489809
      ],
      [
        -0.074813,
        0.550049,
        0.831774652
      ]
    ],
    "translation": [
      1.33607221,
      1.50568914,
      -1.17477691
    ]
  },
  {
    "timeStamp": 1092,
    "rotation": [
      [
        0.9961626,
        0.0126922531,
        0.08659677
      ],
      [
        0.0382325,
        0.8269279,
        -0.561006665
      ],
      [
        -0.07872973,
        0.562164664,
        0.823269367
      ]
    ],
    "translation": [
      1.33514011,
      1.50373542,
      -1.1758554
    ]
  },
  {
    "timeStamp": 1136,
    "rotation": [
      [
        0.995821536,
        0.0172391422,
        0.08967938
      ],
      [
        0.0374232233,
        0.81874,
        -0.572943568
      ],
      [
        -0.08330116,
        0.573905647,
        0.8146737
      ]
    ],
    "translation": [
      1.33464527,
      1.50166059,
      -1.17702878
    ]
  },
  {
    "timeStamp": 1192,
    "rotation": [
      [
        0.9953448,
        0.0254154559,
        0.09296641
      ],
      [
        0.03467086,
        0.8056021,
        -0.591441631
      ],
      [
        -0.08992569,
        0.591911554,
        0.8009707
      ]
    ],
    "translation": [
      1.33441162,
      1.49826956,
      -1.17904675
    ]
  },
  {
    "timeStamp": 1236,
    "rotation": [
      [
        0.994803965,
        0.0339903124,
        0.09596765
      ],
      [
        0.03145496,
        0.793890059,
        -0.607247233
      ],
      [
        -0.09682829,
        0.6071106,
        0.788695753
      ]
    ],
    "translation": [
      1.33442807,
      1.49562716,
      -1.180761
    ]
  },
  {
    "timeStamp": 1292,
    "rotation": [
      [
        0.9938999,
        0.04262335,
        0.101716265
      ],
      [
        0.03078008,
        0.778442264,
        -0.626961052
      ],
      [
        -0.105903424,
        0.6262674,
        0.7723818
      ]
    ],
    "translation": [
      1.33503258,
      1.49276423,
      -1.18324208
    ]
  },
  {
    "timeStamp": 1336,
    "rotation": [
      [
        0.9927337,
        0.0497825742,
        0.109551728
      ],
      [
        0.03137597,
        0.771828,
        -0.635056734
      ],
      [
        -0.116169862,
        0.633879542,
        0.7646577
      ]
    ],
    "translation": [
      1.33573771,
      1.49123621,
      -1.18426073
    ]
  },
  {
    "timeStamp": 1391,
    "rotation": [
      [
        0.991243064,
        0.0575989075,
        0.118825689
      ],
      [
        0.032153748,
        0.7674893,
        -0.640254855
      ],
      [
        -0.128075436,
        0.638468862,
        0.758916438
      ]
    ],
    "translation": [
      1.33679843,
      1.4900378,
      -1.185452
    ]
  },
  {
    "timeStamp": 1437,
    "rotation": [
      [
        0.9902445,
        0.06236914,
        0.124603167
      ],
      [
        0.032457158,
        0.7663909,
        -0.641554
      ],
      [
        -0.135507911,
        0.6393396,
        0.756890059
      ]
    ],
    "translation": [
      1.33759928,
      1.48973453,
      -1.18596
    ]
  },
  {
    "timeStamp": 1491,
    "rotation": [
      [
        0.9893531,
        0.06801599,
        0.128663376
      ],
      [
        0.0310643259,
        0.7650038,
        -0.643276155
      ],
      [
        -0.142181039,
        0.640424132,
        0.754746
      ]
    ],
    "translation": [
      1.338671,
      1.48933721,
      -1.18688822
    ]
  },
  {
    "timeStamp": 1536,
    "rotation": [
      [
        0.9887923,
        0.0723293,
        0.130607113
      ],
      [
        0.0293259323,
        0.7636736,
        -0.6449361
      ],
      [
        -0.146388978,
        0.641537964,
        0.752993464
      ]
    ],
    "translation": [
      1.33945012,
      1.489089,
      -1.18761349
    ]
  },
  {
    "timeStamp": 1592,
    "rotation": [
      [
        0.9877955,
        0.07881596,
        0.134343266
      ],
      [
        0.0277436376,
        0.759695053,
        -0.6496874
      ],
      [
        -0.153265655,
        0.645485461,
        0.748236656
      ]
    ],
    "translation": [
      1.34039593,
      1.48841941,
      -1.18852878
    ]
  },
  {
    "timeStamp": 1636,
    "rotation": [
      [
        0.987003744,
        0.08197909,
        0.138213828
      ],
      [
        0.0283545461,
        0.7577494,
        -0.6519293
      ],
      [
        -0.15817602,
        0.647375643,
        0.745577037
      ]
    ],
    "translation": [
      1.34117317,
      1.48776865,
      -1.188967
    ]
  },
  {
    "timeStamp": 1691,
    "rotation": [
      [
        0.9864304,
        0.08471044,
        0.1406384
      ],
      [
        0.0286865681,
        0.7545058,
        -0.6556661
      ],
      [
        -0.161654249,
        0.650803447,
        0.741837442
      ]
    ],
    "translation": [
      1.34202242,
      1.48704624,
      -1.18907952
    ]
  },
  {
    "timeStamp": 1736,
    "rotation": [
      [
        0.9866364,
        0.08491209,
        0.139063284
      ],
      [
        0.0285136364,
        0.750327647,
        -0.660450935
      ],
      [
        -0.1604233,
        0.6555901,
        0.7378794
      ]
    ],
    "translation": [
      1.34257555,
      1.48639846,
      -1.18911016
    ]
  },
  {
    "timeStamp": 1791,
    "rotation": [
      [
        0.986874342,
        0.08737497,
        0.135811359
      ],
      [
        0.0255350955,
        0.745978534,
        -0.665480256
      ],
      [
        -0.159458682,
        0.660213351,
        0.7339559
      ]
    ],
    "translation": [
      1.34321976,
      1.4856956,
      -1.1891216
    ]
  },
  {
    "timeStamp": 1836,
    "rotation": [
      [
        0.986892343,
        0.08834474,
        0.135050714
      ],
      [
        0.0247233789,
        0.7442032,
        -0.667495549
      ],
      [
        -0.159474909,
        0.6620852,
        0.7322643
      ]
    ],
    "translation": [
      1.34382915,
      1.48535037,
      -1.18907309
    ]
  },
  {
    "timeStamp": 1891,
    "rotation": [
      [
        0.9867855,
        0.08858623,
        0.135672331
      ],
      [
        0.0256113242,
        0.741516054,
        -0.670446157
      ],
      [
        -0.159995511,
        0.6650613,
        0.729448438
      ]
    ],
    "translation": [
      1.3445394,
      1.48483467,
      -1.18900979
    ]
  },
  {
    "timeStamp": 1936,
    "rotation": [
      [
        0.9868552,
        0.0868173838,
        0.136306733
      ],
      [
        0.0280061848,
        0.7388102,
        -0.673331439
      ],
      [
        -0.159161672,
        0.668298066,
        0.7266672
      ]
    ],
    "translation": [
      1.34509325,
      1.48444533,
      -1.18911767
    ]
  },
  {
    "timeStamp": 1991,
    "rotation": [
      [
        0.9872584,
        0.08420937,
        0.13501747
      ],
      [
        0.029441312,
        0.7371823,
        -0.675052166
      ],
      [
        -0.15637821,
        0.670425951,
        0.7253102
      ]
    ],
    "translation": [
      1.34560156,
      1.48403382,
      -1.18889284
    ]
  },
  {
    "timeStamp": 2036,
    "rotation": [
      [
        0.987728834,
        0.08307718,
        0.132249758
      ],
      [
        0.0288729127,
        0.7350553,
        -0.677392066
      ],
      [
        -0.153486714,
        0.6728981,
        0.7236366
      ]
    ],
    "translation": [
      1.34584117,
      1.48388076,
      -1.18887317
    ]
  },
  {
    "timeStamp": 2091,
    "rotation": [
      [
        0.9883367,
        0.08107124,
        0.12891084
      ],
      [
        0.0284807533,
        0.7331733,
        -0.679445148
      ],
      [
        -0.149597451,
        0.675192058,
        0.7223131
      ]
    ],
    "translation": [
      1.34622383,
      1.48348784,
      -1.188712
    ]
  },
  {
    "timeStamp": 2136,
    "rotation": [
      [
        0.9886428,
        0.0807665661,
        0.126736328
      ],
      [
        0.0275569744,
        0.7315864,
        -0.6811916
      ],
      [
        -0.147736073,
        0.6769477,
        0.721051931
      ]
    ],
    "translation": [
      1.34654522,
      1.48333931,
      -1.18893731
    ]
  },
  {
    "timeStamp": 2191,
    "rotation": [
      [
        0.9889326,
        0.078955695,
        0.125611573
      ],
      [
        0.02833456,
        0.730545759,
        -0.682275653
      ],
      [
        -0.145634547,
        0.6782838,
        0.7202233
      ]
    ],
    "translation": [
      1.347012,
      1.48331976,
      -1.189404
    ]
  },
  {
    "timeStamp": 2236,
    "rotation": [
      [
        0.9891812,
        0.07813452,
        0.124159142
      ],
      [
        0.0279616471,
        0.730416358,
        -0.682429552
      ],
      [
        -0.144009173,
        0.6785182,
        0.7203294
      ]
    ],
    "translation": [
      1.34746194,
      1.48336518,
      -1.18992436
    ]
  },
  {
    "timeStamp": 2291,
    "rotation": [
      [
        0.9894932,
        0.0776317343,
        0.121969439
      ],
      [
        0.02690479,
        0.730008543,
        -0.682908237
      ],
      [
        -0.142054081,
        0.6790146,
        0.7202498
      ]
    ],
    "translation": [
      1.34792137,
      1.48339725,
      -1.19055963
    ]
  },
  {
    "timeStamp": 2336,
    "rotation": [
      [
        0.9897204,
        0.07729373,
        0.120329432
      ],
      [
        0.0259608179,
        0.730296552,
        -0.6826368
      ],
      [
        -0.1406397,
        0.6787434,
        0.7207828
      ]
    ],
    "translation": [
      1.348099,
      1.48330641,
      -1.19107807
    ]
  },
  {
    "timeStamp": 2391,
    "rotation": [
      [
        0.9899583,
        0.0762976259,
        0.119001113
      ],
      [
        0.0256815515,
        0.730749369,
        -0.6821626
      ],
      [
        -0.139007375,
        0.6783686,
        0.721452
      ]
    ],
    "translation": [
      1.34846568,
      1.48344409,
      -1.19132125
    ]
  },
  {
    "timeStamp": 2436,
    "rotation": [
      [
        0.9900688,
        0.07590603,
        0.118330553
      ],
      [
        0.02555623,
        0.7305052,
        -0.6824288
      ],
      [
        -0.138241544,
        0.678675532,
        0.7213105
      ]
    ],
    "translation": [
      1.34882021,
      1.48341274,
      -1.19164085
    ]
  },
  {
    "timeStamp": 2491,
    "rotation": [
      [
        0.990168154,
        0.07657335,
        0.117061757
      ],
      [
        0.024284875,
        0.7300513,
        -0.682960749
      ],
      [
        -0.137757674,
        0.679088831,
        0.721013963
      ]
    ],
    "translation": [
      1.34913874,
      1.48365438,
      -1.19198477
    ]
  },
  {
    "timeStamp": 2536,
    "rotation": [
      [
        0.9903251,
        0.0760021061,
        0.116102763
      ],
      [
        0.0240789428,
        0.7298666,
        -0.6831654
      ],
      [
        -0.136661544,
        0.679351449,
        0.7209752
      ]
    ],
    "translation": [
      1.34941578,
      1.48355782,
      -1.19203842
    ]
  },
  {
    "timeStamp": 2591,
    "rotation": [
      [
        0.9905245,
        0.07533284,
        0.114831105
      ],
      [
        0.0238721017,
        0.7289601,
        -0.684139848
      ],
      [
        -0.135245487,
        0.6803985,
        0.7202545
      ]
    ],
    "translation": [
      1.34971333,
      1.483454,
      -1.19195426
    ]
  },
  {
    "timeStamp": 2636,
    "rotation": [
      [
        0.99068886,
        0.07488285,
        0.113702111
      ],
      [
        0.0236654654,
        0.7277203,
        -0.6854656
      ],
      [
        -0.134072959,
        0.681773961,
        0.719172239
      ]
    ],
    "translation": [
      1.34999871,
      1.48322892,
      -1.19198847
    ]
  },
  {
    "timeStamp": 2691,
    "rotation": [
      [
        0.9906756,
        0.07588952,
        0.113148458
      ],
      [
        0.0229666382,
        0.725589931,
        -0.6877439
      ],
      [
        -0.134291947,
        0.683929741,
        0.717081368
      ]
    ],
    "translation": [
      1.35053706,
      1.48268938,
      -1.1920563
    ]
  },
  {
    "timeStamp": 2735,
    "rotation": [
      [
        0.9904743,
        0.07727641,
        0.113969721
      ],
      [
        0.0228850674,
        0.723785937,
        -0.689645
      ],
      [
        -0.135782972,
        0.685683846,
        0.7151228
      ]
    ],
    "translation": [
      1.35109186,
      1.48238182,
      -1.19238722
    ]
  },
  {
    "timeStamp": 2791,
    "rotation": [
      [
        0.989915669,
        0.0793700144,
        0.117334567
      ],
      [
        0.02383617,
        0.7231571,
        -0.690272152
      ],
      [
        -0.13963823,
        0.686108053,
        0.7139727
      ]
    ],
    "translation": [
      1.35169935,
      1.482205,
      -1.192896
    ]
  },
  {
    "timeStamp": 2836,
    "rotation": [
      [
        0.9896565,
        0.08047114,
        0.118761875
      ],
      [
        0.0241938122,
        0.722374141,
        -0.691079
      ],
      [
        -0.141402423,
        0.6868042,
        0.7129554
      ]
    ],
    "translation": [
      1.35212207,
      1.48227143,
      -1.193553
    ]
  },
  {
    "timeStamp": 2894,
    "rotation": [
      [
        0.98930043,
        0.0831800252,
        0.11985717
      ],
      [
        0.0226882286,
        0.7238322,
        -0.6896029
      ],
      [
        -0.144117668,
        0.6849438,
        0.7142003
      ]
    ],
    "translation": [
      1.3524816,
      1.482471,
      -1.19411218
    ]
  },
  {
    "timeStamp": 2944,
    "rotation": [
      [
        0.989092052,
        0.0848687,
        0.120392159
      ],
      [
        0.0215093046,
        0.7253543,
        -0.688039541
      ],
      [
        -0.14572,
        0.683123946,
        0.715616763
      ]
    ],
    "translation": [
      1.35291636,
      1.48262322,
      -1.19456649
    ]
  },
  {
    "timeStamp": 2988,
    "rotation": [
      [
        0.9892616,
        0.08399731,
        0.119607508
      ],
      [
        0.021697022,
        0.724888444,
        -0.688524544
      ],
      [
        -0.1445363,
        0.683726,
        0.7152818
      ]
    ],
    "translation": [
      1.353328,
      1.48249459,
      -1.19518316
    ]
  },
  {
    "timeStamp": 3043,
    "rotation": [
      [
        0.9893149,
        0.0847268254,
        0.118648358
      ],
      [
        0.020555174,
        0.7246185,
        -0.6888436
      ],
      [
        -0.14433834,
        0.6839221,
        0.715134263
      ]
    ],
    "translation": [
      1.35405278,
      1.48210192,
      -1.19596815
    ]
  },
  {
    "timeStamp": 3088,
    "rotation": [
      [
        0.989154,
        0.08552483,
        0.119415134
      ],
      [
        0.020647414,
        0.723963,
        -0.6895297
      ],
      [
        -0.145424053,
        0.684516668,
        0.714345038
      ]
    ],
    "translation": [
      1.35494208,
      1.4817667,
      -1.19682622
    ]
  },
  {
    "timeStamp": 3144,
    "rotation": [
      [
        0.9891403,
        0.08440981,
        0.120318584
      ],
      [
        0.0221514013,
        0.723665,
        -0.689795852
      ],
      [
        -0.145295888,
        0.6849701,
        0.7139363
      ]
    ],
    "translation": [
      1.35643816,
      1.48127258,
      -1.197694
    ]
  },
  {
    "timeStamp": 3188,
    "rotation": [
      [
        0.9893387,
        0.08179561,
        0.120492406
      ],
      [
        0.0242861621,
        0.723120332,
        -0.690295
      ],
      [
        -0.143593609,
        0.6858618,
        0.713424444
      ]
    ],
    "translation": [
      1.35783589,
      1.48100173,
      -1.19820142
    ]
  },
  {
    "timeStamp": 3243,
    "rotation": [
      [
        0.9896706,
        0.07786595,
        0.120370425
      ],
      [
        0.0271545853,
        0.7226185,
        -0.690713465
      ],
      [
        -0.140764952,
        0.6868474,
        0.7130399
      ]
    ],
    "translation": [
      1.359873,
      1.480557,
      -1.19880366
    ]
  },
  {
    "timeStamp": 3289,
    "rotation": [
      [
        0.9900849,
        0.07344551,
        0.11974024
      ],
      [
        0.0297575183,
        0.723412,
        -0.68977505
      ],
      [
        -0.1372824,
        0.686499,
        0.7140537
      ]
    ],
    "translation": [
      1.3616302,
      1.48033059,
      -1.19884431
    ]
  },
  {
    "timeStamp": 3345,
    "rotation": [
      [
        0.990557,
        0.06918511,
        0.118364722
      ],
      [
        0.0317998528,
        0.72385323,
        -0.6892208
      ],
      [
        -0.1333625,
        0.686476469,
        0.7148178
      ]
    ],
    "translation": [
      1.36382294,
      1.48005629,
      -1.19875193
    ]
  },
  {
    "timeStamp": 3390,
    "rotation": [
      [
        0.9912622,
        0.0655246,
        0.114480235
      ],
      [
        0.0316192731,
        0.724552155,
        -0.688494265
      ],
      [
        -0.1280602,
        0.686098158,
        0.7161494
      ]
    ],
    "translation": [
      1.36542654,
      1.47994733,
      -1.19830239
    ]
  },
  {
    "timeStamp": 3446,
    "rotation": [
      [
        0.991926849,
        0.0623758361,
        0.110410079
      ],
      [
        0.0311124437,
        0.7243474,
        -0.6887328
      ],
      [
        -0.122935541,
        0.686607659,
        0.716559
      ]
    ],
    "translation": [
      1.36699927,
      1.47954762,
      -1.19747567
    ]
  },
  {
    "timeStamp": 3490,
    "rotation": [
      [
        0.992823839,
        0.05821231,
        0.104461662
      ],
      [
        0.0301698018,
        0.723342836,
        -0.689829648
      ],
      [
        -0.115718171,
        0.6880309,
        0.716395736
      ]
    ],
    "translation": [
      1.3688519,
      1.47893393,
      -1.19647539
    ]
  },
  {
    "timeStamp": 3546,
    "rotation": [
      [
        0.9936074,
        0.05380197,
        0.09924574
      ],
      [
        0.0301179457,
        0.72093153,
        -0.6923516
      ],
      [
        -0.108799256,
        0.6909147,
        0.7147025
      ]
    ],
    "translation": [
      1.37016392,
      1.47824407,
      -1.195873
    ]
  },
  {
    "timeStamp": 3590,
    "rotation": [
      [
        0.9944054,
        0.04914971,
        0.0935
      ],
      [
        0.02970893,
        0.7192924,
        -0.694071949
      ],
      [
        -0.101367272,
        0.69296664,
        0.71380806
      ]
    ],
    "translation": [
      1.37176871,
      1.47738373,
      -1.19494784
    ]
  },
  {
    "timeStamp": 3646,
    "rotation": [
      [
        0.9949073,
        0.04586695,
        0.08975301
      ],
      [
        0.02947436,
        0.7191479,
        -0.6942316
      ],
      [
        -0.09638798,
        0.693341553,
        0.7141336
      ]
    ],
    "translation": [
      1.37321,
      1.47698355,
      -1.1941365
    ]
  },
  {
    "timeStamp": 3690,
    "rotation": [
      [
        0.9955033,
        0.0424374156,
        0.08468944
      ],
      [
        0.02841825,
        0.7190601,
        -0.6943666
      ],
      [
        -0.09036392,
        0.693650961,
        0.7146207
      ]
    ],
    "translation": [
      1.37486315,
      1.476512,
      -1.19308949
    ]
  },
  {
    "timeStamp": 3746,
    "rotation": [
      [
        0.995951235,
        0.0407603122,
        0.08012348
      ],
      [
        0.0265847966,
        0.717883646,
        -0.6956553
      ],
      [
        -0.08587447,
        0.6949688,
        0.7138935
      ]
    ],
    "translation": [
      1.37621808,
      1.47603714,
      -1.19242811
    ]
  },
  {
    "timeStamp": 3790,
    "rotation": [
      [
        0.9963865,
        0.03919317,
        0.07535075
      ],
      [
        0.0245097671,
        0.716741264,
        -0.696908355
      ],
      [
        -0.08132103,
        0.6962369,
        0.713190734
      ]
    ],
    "translation": [
      1.37795234,
      1.47542,
      -1.19141722
    ]
  },
  {
    "timeStamp": 3846,
    "rotation": [
      [
        0.996649,
        0.03718339,
        0.0728571042
      ],
      [
        0.0243381578,
        0.7155598,
        -0.6981274
      ],
      [
        -0.07809235,
        0.6975612,
        0.712256968
      ]
    ],
    "translation": [
      1.3796401,
      1.474786,
      -1.19041514
    ]
  },
  {
    "timeStamp": 3890,
    "rotation": [
      [
        0.99688,
        0.0338014662,
        0.07132856
      ],
      [
        0.02585269,
        0.714000463,
        -0.699667752
      ],
      [
        -0.07457842,
        0.6993288,
        0.710898936
      ]
    ],
    "translation": [
      1.38225067,
      1.47403407,
      -1.18884766
    ]
  },
  {
    "timeStamp": 3946,
    "rotation": [
      [
        0.9969666,
        0.0307148676,
        0.07151342
      ],
      [
        0.0283035021,
        0.7128495,
        -0.7007457
      ],
      [
        -0.0725016147,
        0.700644135,
        0.709817767
      ]
    ],
    "translation": [
      1.38455641,
      1.47348285,
      -1.18735456
    ]
  },
  {
    "timeStamp": 3990,
    "rotation": [
      [
        0.997072637,
        0.028643487,
        0.07089179
      ],
      [
        0.0294807535,
        0.711465359,
        -0.7021025
      ],
      [
        -0.07054772,
        0.7021371,
        0.708538234
      ]
    ],
    "translation": [
      1.38778925,
      1.47272873,
      -1.18509674
    ]
  },
  {
    "timeStamp": 4046,
    "rotation": [
      [
        0.9972973,
        0.0261863563,
        0.0686466247
      ],
      [
        0.02973624,
        0.710521,
        -0.7030474
      ],
      [
        -0.06718512,
        0.703188539,
        0.707821965
      ]
    ],
    "translation": [
      1.39034581,
      1.4721092,
      -1.18299949
    ]
  },
  {
    "timeStamp": 4090,
    "rotation": [
      [
        0.997612536,
        0.02505711,
        0.06435369
      ],
      [
        0.0276627447,
        0.7088402,
        -0.7048265
      ],
      [
        -0.0632774,
        0.7049239,
        0.7064547
      ]
    ],
    "translation": [
      1.39344442,
      1.47109318,
      -1.18017244
    ]
  },
  {
    "timeStamp": 4146,
    "rotation": [
      [
        0.9979458,
        0.0224039946,
        0.06001895
      ],
      [
        0.0266659036,
        0.7065787,
        -0.707131863
      ],
      [
        -0.058250688,
        0.7072797,
        0.704529762
      ]
    ],
    "translation": [
      1.39622617,
      1.470143,
      -1.17825878
    ]
  },
  {
    "timeStamp": 4190,
    "rotation": [
      [
        0.9982856,
        0.0215268247,
        0.0544283055
      ],
      [
        0.0234573577,
        0.7048186,
        -0.708999634
      ],
      [
        -0.0536245927,
        0.709060848,
        0.70310533
      ]
    ],
    "translation": [
      1.39941,
      1.4691,
      -1.17535174
    ]
  },
  {
    "timeStamp": 4246,
    "rotation": [
      [
        0.9985411,
        0.0187429674,
        0.0506394245
      ],
      [
        0.0227406416,
        0.7046254,
        -0.7092149
      ],
      [
        -0.048974622,
        0.7093318,
        0.703171253
      ]
    ],
    "translation": [
      1.40211773,
      1.468473,
      -1.17287016
    ]
  },
  {
    "timeStamp": 4290,
    "rotation": [
      [
        0.9988251,
        0.0140357977,
        0.0463838056
      ],
      [
        0.0230149589,
        0.704921067,
        -0.708912253
      ],
      [
        -0.04264707,
        0.709146857,
        0.703769863
      ]
    ],
    "translation": [
      1.40571785,
      1.467794,
      -1.1694833
    ]
  },
  {
    "timeStamp": 4346,
    "rotation": [
      [
        0.9990171,
        0.009762008,
        0.0432367437
      ],
      [
        0.0237631463,
        0.7054658,
        -0.7083455
      ],
      [
        -0.03741692,
        0.7086767,
        0.704540431
      ]
    ],
    "translation": [
      1.4086411,
      1.46711385,
      -1.16658711
    ]
  },
  {
    "timeStamp": 4390,
    "rotation": [
      [
        0.99923563,
        0.0060137515,
        0.0386264846
      ],
      [
        0.02317651,
        0.7045737,
        -0.7092523
      ],
      [
        -0.0314804725,
        0.7096054,
        0.7038957
      ]
    ],
    "translation": [
      1.41238737,
      1.4659822,
      -1.16272712
    ]
  },
  {
    "timeStamp": 4446,
    "rotation": [
      [
        0.999435663,
        0.004395279,
        0.0333017819
      ],
      [
        0.0206155274,
        0.7024682,
        -0.7114165
      ],
      [
        -0.0265203174,
        0.7117016,
        0.7019812
      ]
    ],
    "translation": [
      1.41519821,
      1.46475267,
      -1.15962911
    ]
  },
  {
    "timeStamp": 4490,
    "rotation": [
      [
        0.9996537,
        0.003581037,
        0.0260702185
      ],
      [
        0.01616479,
        0.6981831,
        -0.715736747
      ],
      [
        -0.020764865,
        0.7159103,
        0.6978834
      ]
    ],
    "translation": [
      1.41860628,
      1.46317565,
      -1.1560365
    ]
  },
  {
    "timeStamp": 4546,
    "rotation": [
      [
        0.9997402,
        0.00442822464,
        0.0223596618
      ],
      [
        0.0130028,
        0.69489044,
        -0.718998
      ],
      [
        -0.0187214017,
        0.719101965,
        0.6946523
      ]
    ],
    "translation": [
      1.42113686,
      1.46181977,
      -1.15330243
    ]
  },
  {
    "timeStamp": 4590,
    "rotation": [
      [
        0.999831736,
        0.002713821,
        0.0181422886
      ],
      [
        0.0112488167,
        0.690525,
        -0.723221064
      ],
      [
        -0.0144903958,
        0.723303437,
        0.690378249
      ]
    ],
    "translation": [
      1.42414188,
      1.46032834,
      -1.15016854
    ]
  },
  {
    "timeStamp": 4645,
    "rotation": [
      [
        0.9998679,
        0.00138988765,
        0.0161902215
      ],
      [
        0.0107942792,
        0.687941432,
        -0.7256859
      ],
      [
        -0.0121465474,
        0.7257648,
        0.6878356
      ]
    ],
    "translation": [
      1.42608619,
      1.4594605,
      -1.14807308
    ]
  },
  {
    "timeStamp": 4690,
    "rotation": [
      [
        0.9999158,
        -0.00114195608,
        0.0129259126
      ],
      [
        0.0101980586,
        0.685109138,
        -0.728369057
      ],
      [
        -0.008023895,
        0.728439569,
        0.685063064
      ]
    ],
    "translation": [
      1.42820954,
      1.4583931,
      -1.14581668
    ]
  },
  {
    "timeStamp": 4745,
    "rotation": [
      [
        0.999943137,
        -0.00371381757,
        0.009997303
      ],
      [
        0.009837422,
        0.683217645,
        -0.730148554
      ],
      [
        -0.004118695,
        0.730205357,
        0.6832153
      ]
    ],
    "translation": [
      1.42964029,
      1.457472,
      -1.143947
    ]
  },
  {
    "timeStamp": 4790,
    "rotation": [
      [
        0.9999744,
        -0.005944038,
        0.00397876929
      ],
      [
        0.006959168,
        0.6799528,
        -0.733222842
      ],
      [
        0.00165292877,
        0.7332318,
        0.6799768
      ]
    ],
    "translation": [
      1.43114,
      1.45644546,
      -1.1422174
    ]
  },
  {
    "timeStamp": 4845,
    "rotation": [
      [
        0.999972939,
        -0.007329126,
        -0.000588721945
      ],
      [
        0.00453749346,
        0.6781222,
        -0.7349351
      ],
      [
        0.00578565756,
        0.7349126,
        0.6781372
      ]
    ],
    "translation": [
      1.43227315,
      1.45539629,
      -1.14062166
    ]
  },
  {
    "timeStamp": 4890,
    "rotation": [
      [
        0.999953032,
        -0.008156464,
        -0.00524551328
      ],
      [
        0.00163692981,
        0.6751129,
        -0.7377126
      ],
      [
        0.00955844,
        0.7376694,
        0.6750945
      ]
    ],
    "translation": [
      1.433973,
      1.45431757,
      -1.13858807
    ]
  },
  {
    "timeStamp": 4945,
    "rotation": [
      [
        0.999935746,
        -0.009414279,
        -0.00631754
      ],
      [
        0.00166571687,
        0.6731655,
        -0.739490032
      ],
      [
        0.0112145152,
        0.739432,
        0.6731379
      ]
    ],
    "translation": [
      1.43546426,
      1.45341611,
      -1.13688445
    ]
  },
  {
    "timeStamp": 4990,
    "rotation": [
      [
        0.99992764,
        -0.009911154,
        -0.006814163
      ],
      [
        0.00158028188,
        0.6698912,
        -0.7424576
      ],
      [
        0.01192336,
        0.742393136,
        0.6698584
      ]
    ],
    "translation": [
      1.43712068,
      1.45227885,
      -1.13482344
    ]
  },
  {
    "timeStamp": 5045,
    "rotation": [
      [
        0.999925256,
        -0.0103398366,
        -0.00651485845
      ],
      [
        0.00203991029,
        0.666815341,
        -0.7452202
      ],
      [
        0.0120496619,
        0.7451512,
        0.6667867
      ]
    ],
    "translation": [
      1.438505,
      1.45127439,
      -1.133603
    ]
  },
  {
    "timeStamp": 5090,
    "rotation": [
      [
        0.999921739,
        -0.010035173,
        -0.007479767
      ],
      [
        0.00105544052,
        0.6630919,
        -0.748537242
      ],
      [
        0.0124714747,
        0.7484707,
        0.663050532
      ]
    ],
    "translation": [
      1.43996167,
      1.45008337,
      -1.13204861
    ]
  },
  {
    "timeStamp": 5145,
    "rotation": [
      [
        0.9999133,
        -0.009835878,
        -0.008764344
      ],
      [
        -8.522652E-05,
        0.6604248,
        -0.750892162
      ],
      [
        0.0131738745,
        0.7508278,
        0.6603667
      ]
    ],
    "translation": [
      1.44115043,
      1.44951546,
      -1.13047779
    ]
  },
  {
    "timeStamp": 5190,
    "rotation": [
      [
        0.9998956,
        -0.00989142153,
        -0.0105307866
      ],
      [
        -0.00139553263,
        0.659356058,
        -0.7518295
      ],
      [
        0.0143802017,
        0.7517657,
        0.659273446
      ]
    ],
    "translation": [
      1.44161427,
      1.44916284,
      -1.12931013
    ]
  },
  {
    "timeStamp": 5245,
    "rotation": [
      [
        0.999851942,
        -0.0123953661,
        -0.0119337309
      ],
      [
        -0.000808065757,
        0.658972561,
        -0.7521665
      ],
      [
        0.0171873812,
        0.7520648,
        0.658865035
      ]
    ],
    "translation": [
      1.44202757,
      1.4487958,
      -1.12819767
    ]
  },
  {
    "timeStamp": 5294,
    "rotation": [
      [
        0.9997953,
        -0.0139245,
        -0.014677044
      ],
      [
        -0.00188176555,
        0.6583118,
        -0.752743065
      ],
      [
        0.02014364,
        0.7526166,
        0.658150852
      ]
    ],
    "translation": [
      1.44194055,
      1.44852161,
      -1.12730026
    ]
  },
  {
    "timeStamp": 5343,
    "rotation": [
      [
        0.999689043,
        -0.016602654,
        -0.0186067168
      ],
      [
        -0.00306037534,
        0.658824444,
        -0.752290547
