[
  {
    "timeStamp": 79440,
    "rotation": [
      [
        0.925810456,
        0.37598452,
        0.03886784
      ],
      [
        -0.0485840924,
        0.016391499,
        0.9986846
      ],
      [
        0.374852836,
        -0.926480949,
        0.03344229
      ]
    ],
    "translation": [
      1.457336,
      0.7036773,
      -0.3694088
    ]
  },
  {
    "timeStamp": 79484,
    "rotation": [
      [
        0.924508154,
        0.3786764,
        0.0434620641
      ],
      [
        -0.0549371541,
        0.0195463262,
        0.998298466
      ],
      [
        0.377182543,
        -0.9253228,
        0.0388741419
      ]
    ],
    "translation": [
      1.45904624,
      0.7041562,
      -0.372416168
    ]
  },
  {
    "timeStamp": 79540,
    "rotation": [
      [
        0.927838266,
        0.369860172,
        0.0481608957
      ],
      [
        -0.06542295,
        0.0342630558,
        0.9972692
      ],
      [
        0.367200017,
        -0.9284554,
        0.05598792
      ]
    ],
    "translation": [
      1.46382618,
      0.7107797,
      -0.3780838
    ]
  },
  {
    "timeStamp": 79587,
    "rotation": [
      [
        0.9327519,
        0.3443634,
        0.1067136
      ],
      [
        -0.117850646,
        0.011506944,
        0.9929647
      ],
      [
        0.340712756,
        -0.938765943,
        0.05131657
      ]
    ],
    "translation": [
      1.469247,
      0.7223635,
      -0.3798012
    ]
  },
  {
    "timeStamp": 79641,
    "rotation": [
      [
        0.9326648,
        0.3112082,
        0.182444051
      ],
      [
        -0.184217378,
        -0.02395591,
        0.982593536
      ],
      [
        0.310161769,
        -0.950039744,
        0.0349871255
      ]
    ],
    "translation": [
      1.4803834,
      0.74439317,
      -0.385746449
    ]
  },
  {
    "timeStamp": 79686,
    "rotation": [
      [
        0.9274697,
        0.304768,
        0.216602027
      ],
      [
        -0.199516192,
        -0.08653365,
        0.9760662
      ],
      [
        0.316217124,
        -0.9484874,
        -0.0194511861
      ]
    ],
    "translation": [
      1.49452555,
      0.770484,
      -0.3930498
    ]
  },
  {
    "timeStamp": 79741,
    "rotation": [
      [
        0.9141732,
        0.2793258,
        0.293708146
      ],
      [
        -0.253830165,
        -0.1704114,
        0.9521188
      ],
      [
        0.316002548,
        -0.944953442,
        -0.08488421
      ]
    ],
    "translation": [
      1.51692629,
      0.8107789,
      -0.4095923
    ]
  },
  {
    "timeStamp": 79786,
    "rotation": [
      [
        0.910088539,
        0.2727415,
        0.3120112
      ],
      [
        -0.254201829,
        -0.227212384,
        0.940082967
      ],
      [
        0.3272924,
        -0.9348725,
        -0.137452
      ]
    ],
    "translation": [
      1.54499066,
      0.8407681,
      -0.429476351
    ]
  },
  {
    "timeStamp": 79842,
    "rotation": [
      [
        0.9120451,
        0.218972772,
        0.346734166
      ],
      [
        -0.278402269,
        -0.2901986,
        0.91557467
      ],
      [
        0.301107675,
        -0.931577,
        -0.203711689
      ]
    ],
    "translation": [
      1.5902617,
      0.8773137,
      -0.45736587
    ]
  },
  {
    "timeStamp": 79886,
    "rotation": [
      [
        0.9188882,
        0.205014527,
        0.3370658
      ],
      [
        -0.269256622,
        -0.298556149,
        0.9156228
      ],
      [
        0.288349062,
        -0.932112157,
        -0.219138235
      ]
    ],
    "translation": [
      1.62914968,
      0.894753158,
      -0.4837322
    ]
  },
  {
    "timeStamp": 79941,
    "rotation": [
      [
        0.934757,
        0.150212511,
        0.321971416
      ],
      [
        -0.2655197,
        -0.306785434,
        0.913992345
      ],
      [
        0.236069217,
        -0.93985045,
        -0.246885449
      ]
    ],
    "translation": [
      1.68687963,
      0.913599849,
      -0.51763165
    ]
  },
  {
    "timeStamp": 79986,
    "rotation": [
      [
        0.9426448,
        0.141943917,
        0.3021138
      ],
      [
        -0.24674888,
        -0.3132273,
        0.9170625
      ],
      [
        0.224801719,
        -0.939010441,
        -0.260237545
      ]
    ],
    "translation": [
      1.729614,
      0.9243574,
      -0.543331563
    ]
  },
  {
    "timeStamp": 80042,
    "rotation": [
      [
        0.962746,
        0.07395971,
        0.2600962
      ],
      [
        -0.225262225,
        -0.312745631,
        0.9227389
      ],
      [
        0.149589449,
        -0.946953058,
        -0.284434259
      ]
    ],
    "translation": [
      1.79393589,
      0.9363341,
      -0.573201
    ]
  },
  {
    "timeStamp": 80086,
    "rotation": [
      [
        0.9714721,
        0.04253639,
        0.233307973
      ],
      [
        -0.209982574,
        -0.302958757,
        0.929582357
      ],
      [
        0.110223748,
        -0.9520539,
        -0.2853841
      ]
    ],
    "translation": [
      1.84137583,
      0.94333756,
      -0.595754743
    ]
  },
  {
    "timeStamp": 80141,
    "rotation": [
      [
        0.97609663,
        -0.0238120686,
        0.216028586
      ],
      [
        -0.2131871,
        -0.298214972,
        0.930386543
      ],
      [
        0.04226852,
        -0.9542017,
        -0.296163052
      ]
    ],
    "translation": [
      1.89613247,
      0.952015758,
      -0.619423747
    ]
  },
  {
    "timeStamp": 80186,
    "rotation": [
      [
        0.978821456,
        -0.0431219935,
        0.200122625
      ],
      [
        -0.20386982,
        -0.294112265,
        0.93377465
      ],
      [
        0.018592285,
        -0.9547976,
        -0.296674669
      ]
    ],
    "translation": [
      1.93510211,
      0.9570298,
      -0.6363158
    ]
  },
  {
    "timeStamp": 80241,
    "rotation": [
      [
        0.9861969,
        -0.09157236,
        0.137950242
      ],
      [
        -0.160335377,
        -0.3201761,
        0.9336915
      ],
      [
        -0.04133196,
        -0.942921937,
        -0.330438942
      ]
    ],
    "translation": [
      1.98436069,
      0.9654004,
      -0.6508885
    ]
  },
  {
    "timeStamp": 80286,
    "rotation": [
      [
        0.985717058,
        -0.106245063,
        0.130667165
      ],
      [
        -0.158603653,
        -0.3247551,
        0.932404935
      ],
      [
        -0.05662858,
        -0.939811766,
        -0.3369675
      ]
    ],
    "translation": [
      2.01792979,
      0.968829036,
      -0.660843134
    ]
  },
  {
    "timeStamp": 80341,
    "rotation": [
      [
        0.9737278,
        -0.19460699,
        0.118246548
      ],
      [
        -0.177458927,
        -0.323098838,
        0.9295781
      ],
      [
        -0.142697081,
        -0.92614,
        -0.349145085
      ]
    ],
    "translation": [
      2.06154275,
      0.9742457,
      -0.669303536
    ]
  },
  {
    "timeStamp": 80390,
    "rotation": [
      [
        0.975381434,
        -0.199900508,
        0.0931168348
      ],
      [
        -0.157548591,
        -0.336215973,
        0.928513467
      ],
      [
        -0.154302955,
        -0.9203252,
        -0.359432876
      ]
    ],
    "translation": [
      2.09133983,
      0.9790019,
      -0.674161434
    ]
  },
  {
    "timeStamp": 80436,
    "rotation": [
      [
        0.972068667,
        -0.227175131,
        0.0589402169
      ],
      [
        -0.133150816,
        -0.327005655,
        0.9355951
      ],
      [
        -0.193270162,
        -0.9173106,
        -0.3481205
      ]
    ],
    "translation": [
      2.12780643,
      0.9802856,
      -0.678780735
    ]
  },
  {
    "timeStamp": 80492,
    "rotation": [
      [
        0.9634442,
        -0.256032944,
        0.0788827
      ],
      [
        -0.154059425,
        -0.288576126,
        0.9449812
      ],
      [
        -0.21918264,
        -0.9225893,
        -0.317471266
      ]
    ],
    "translation": [
      2.15655255,
      0.974206746,
      -0.6810511
    ]
  },
  {
    "timeStamp": 80536,
    "rotation": [
      [
        0.9525997,
        -0.294048965,
        0.078031905
      ],
      [
        -0.1579576,
        -0.258842856,
        0.952916443
      ],
      [
        -0.26000607,
        -0.9200737,
        -0.2930209
      ]
    ],
    "translation": [
      2.178328,
      0.9691334,
      -0.681362569
    ]
  },
  {
    "timeStamp": 80592,
    "rotation": [
      [
        0.953293264,
        -0.288145,
        0.09057877
      ],
      [
        -0.157211989,
        -0.217281818,
        0.963365436
      ],
      [
        -0.257907778,
        -0.932609856,
        -0.252433121
      ]
    ],
    "translation": [
      2.19406962,
      0.958833337,
      -0.68007046
    ]
  },
  {
    "timeStamp": 80636,
    "rotation": [
      [
        0.945323765,
        -0.304044366,
        0.117983155
      ],
      [
        -0.174322039,
        -0.165314808,
        0.970712543
      ],
      [
        -0.2756353,
        -0.9382047,
        -0.20927763
      ]
    ],
    "translation": [
      2.200642,
      0.9491861,
      -0.679089248
    ]
  },
  {
    "timeStamp": 80691,
    "rotation": [
      [
        0.95389694,
        -0.2745068,
        0.121353291
      ],
      [
        -0.160930872,
        -0.126510382,
        0.97882396
      ],
      [
        -0.253341377,
        -0.9532267,
        -0.1648545
      ]
    ],
    "translation": [
      2.20441318,
      0.9380209,
      -0.6753093
    ]
  },
  {
    "timeStamp": 80736,
    "rotation": [
      [
        0.9532599,
        -0.261499435,
        0.151372477
      ],
      [
        -0.183430269,
        -0.10274443,
        0.9776487
      ],
      [
        -0.2401019,
        -0.959719539,
        -0.145909056
      ]
    ],
    "translation": [
      2.20433784,
      0.9318327,
      -0.6708448
    ]
  },
  {
    "timeStamp": 80792,
    "rotation": [
      [
        0.962503433,
        -0.234601751,
        0.136195436
      ],
      [
        -0.159293443,
        -0.0824092552,
        0.9837857
      ],
      [
        -0.219574064,
        -0.968592167,
        -0.116689712
      ]
    ],
    "translation": [
      2.203819,
      0.9230221,
      -0.6660427
    ]
  },
  {
    "timeStamp": 80837,
    "rotation": [
      [
        0.960953951,
        -0.23047848,
        0.153124467
      ],
      [
        -0.173043579,
        -0.06872692,
        0.982513368
      ],
      [
        -0.215924412,
        -0.970647335,
        -0.105926223
      ]
    ],
    "translation": [
      2.20356774,
      0.916038454,
      -0.661161
    ]
  },
  {
    "timeStamp": 80883,
    "rotation": [
      [
        0.9601819,
        -0.235760614,
        0.1498923
      ],
      [
        -0.166753545,
        -0.0531690419,
        0.984564
      ],
      [
        -0.224151775,
        -0.97035563,
        -0.09036587
      ]
    ],
    "translation": [
      2.204156,
      0.9091441,
      -0.657350361
    ]
  },
  {
    "timeStamp": 80940,
    "rotation": [
      [
        0.9662935,
        -0.223960578,
        0.126958564
      ],
      [
        -0.142737925,
        -0.0556663238,
        0.98819387
      ],
      [
        -0.214249149,
        -0.973007143,
        -0.08575768
      ]
    ],
    "translation": [
      2.20405388,
      0.9054564,
      -0.652748
    ]
  },
  {
    "timeStamp": 80985,
    "rotation": [
      [
        0.9634515,
        -0.228082836,
        0.140497178
      ],
      [
        -0.155195683,
        -0.0477496274,
        0.9867291
      ],
      [
        -0.218347281,
        -0.972470164,
        -0.08140192
      ]
    ],
    "translation": [
      2.201223,
      0.9034779,
      -0.64997077
    ]
  },
  {
    "timeStamp": 81041,
    "rotation": [
      [
        0.9658056,
        -0.221387282,
        0.134934112
      ],
      [
        -0.148244187,
        -0.0445710346,
        0.9879459
      ],
      [
        -0.212704524,
        -0.97416687,
        -0.0758663341
      ]
    ],
    "translation": [
      2.19848919,
      0.900833547,
      -0.647770047
    ]
  },
  {
    "timeStamp": 81086,
    "rotation": [
      [
        0.966907561,
        -0.217562675,
        0.133252174
      ],
      [
        -0.144628033,
        -0.0371560156,
        0.988788247
      ],
      [
        -0.21017231,
        -0.9753388,
        -0.0673921
      ]
    ],
    "translation": [
      2.19743419,
      0.89768225,
      -0.646894157
    ]
  },
  {
    "timeStamp": 81141,
    "rotation": [
      [
        0.968512833,
        -0.221113786,
        0.114418387
      ],
      [
        -0.12448623,
        -0.0320991576,
        0.991701961
      ],
      [
        -0.215606242,
        -0.974719644,
        -0.0586140677
      ]
    ],
    "translation": [
      2.198754,
      0.8936098,
      -0.647276461
    ]
  },
  {
    "timeStamp": 81185,
    "rotation": [
      [
        0.9696361,
        -0.21423021,
        0.117945805
      ],
      [
        -0.125855014,
        -0.0236136056,
        0.9917676
      ],
      [
        -0.209681466,
        -0.9764977,
        -0.04985855
      ]
    ],
    "translation": [
      2.197857,
      0.8905483,
      -0.6482408
    ]
  },
  {
    "timeStamp": 81241,
    "rotation": [
      [
        0.9685217,
        -0.220901966,
        0.114752032
      ],
      [
        -0.121881127,
        -0.0188707262,
        0.9923653
      ],
      [
        -0.217049986,
        -0.975113451,
        -0.04520049
      ]
    ],
    "translation": [
      2.1980114,
      0.888039351,
      -0.649527669
    ]
  },
  {
    "timeStamp": 81285,
    "rotation": [
      [
        0.969557,
        -0.215288684,
        0.116661854
      ],
      [
        -0.123085424,
        -0.0166279972,
        0.992256761
      ],
      [
        -0.2116818,
        -0.9764089,
        -0.04262069
      ]
    ],
    "translation": [
      2.19670224,
      0.8863678,
      -0.6502197
    ]
  },
  {
    "timeStamp": 81341,
    "rotation": [
      [
        0.9695318,
        -0.214541674,
        0.118236884
      ],
      [
        -0.123465709,
        -0.0110888528,
        0.992286861
      ],
      [
        -0.211575761,
        -0.9766519,
        -0.0372395329
      ]
    ],
    "translation": [
      2.194948,
      0.884296536,
      -0.6513771
    ]
  },
  {
    "timeStamp": 81385,
    "rotation": [
      [
        0.9706994,
        -0.211803779,
        0.113497496
      ],
      [
        -0.118715629,
        -0.0120423473,
        0.992855251
      ],
      [
        -0.208923712,
        -0.97723794,
        -0.03683392
      ]
    ],
    "translation": [
      2.19392562,
      0.8835252,
      -0.65163964
    ]
  },
  {
    "timeStamp": 81441,
    "rotation": [
      [
        0.9718395,
        -0.206904963,
        0.112775832
      ],
      [
        -0.118333906,
        -0.0146457776,
        0.99286586
      ],
      [
        -0.203777179,
        -0.9782514,
        -0.038717214
      ]
    ],
    "translation": [
      2.192816,
      0.8832306,
      -0.65171957
    ]
  }
]