[
  {
    "timeStamp": 44947,
    "rotation": [
      [
        0.6574715,
        -0.3785501,
        -0.6514838
      ],
      [
        -0.293307632,
        0.6678521,
        -0.684064448
      ],
      [
        0.6940475,
        0.640838,
        0.328062057
      ]
    ],
    "translation": [
      1.18536055,
      0.7738695,
      -0.801225364
    ]
  },
  {
    "timeStamp": 45002,
    "rotation": [
      [
        0.6651879,
        -0.3413235,
        -0.664095938
      ],
      [
        -0.382416159,
        0.6081668,
        -0.695622742
      ],
      [
        0.6413135,
        0.7166808,
        0.2740176
      ]
    ],
    "translation": [
      1.18806136,
      0.7738966,
      -0.793774664
    ]
  },
  {
    "timeStamp": 45046,
    "rotation": [
      [
        0.6772903,
        -0.3926639,
        -0.6221679
      ],
      [
        -0.2832097,
        0.641346037,
        -0.713069
      ],
      [
        0.6790214,
        0.659158766,
        0.323171258
      ]
    ],
    "translation": [
      1.18896163,
      0.775159657,
      -0.793144047
    ]
  },
  {
    "timeStamp": 45101,
    "rotation": [
      [
        0.69131434,
        -0.381048322,
        -0.6139109
      ],
      [
        -0.25117293,
        0.6699208,
        -0.6986546
      ],
      [
        0.677492857,
        0.6371878,
        0.367416859
      ]
    ],
    "translation": [
      1.19705331,
      0.789517939,
      -0.783120155
    ]
  },
  {
    "timeStamp": 45146,
    "rotation": [
      [
        0.7164352,
        -0.308751285,
        -0.6256142
      ],
      [
        -0.301083326,
        0.6720994,
        -0.6764844
      ],
      [
        0.6293404,
        0.67301923,
        0.388555825
      ]
    ],
    "translation": [
      1.20637751,
      0.8072095,
      -0.7721203
    ]
  },
  {
    "timeStamp": 45201,
    "rotation": [
      [
        0.7303119,
        -0.218475625,
        -0.6472348
      ],
      [
        -0.354972661,
        0.688138664,
        -0.6328187
      ],
      [
        0.5836428,
        0.6919057,
        0.425002962
      ]
    ],
    "translation": [
      1.225302,
      0.835831,
      -0.7584379
    ]
  },
  {
    "timeStamp": 45246,
    "rotation": [
      [
        0.7452031,
        -0.133581161,
        -0.6533211
      ],
      [
        -0.397527635,
        0.6976163,
        -0.59607327
      ],
      [
        0.535391569,
        0.703908861,
        0.4667636
      ]
    ],
    "translation": [
      1.24954593,
      0.8627284,
      -0.745222449
    ]
  },
  {
    "timeStamp": 45302,
    "rotation": [
      [
        0.7579596,
        -0.03561037,
        -0.6513288
      ],
      [
        -0.4378557,
        0.712352931,
        -0.548485
      ],
      [
        0.4835077,
        0.7009175,
        0.5243425
      ]
    ],
    "translation": [
      1.28918517,
      0.8975817,
      -0.7274778
    ]
  },
  {
    "timeStamp": 45346,
    "rotation": [
      [
        0.7694855,
        0.0579741523,
        -0.636027634
      ],
      [
        -0.474829376,
        0.7179365,
        -0.5090228
      ],
      [
        0.4271173,
        0.69369024,
        0.5799696
      ]
    ],
    "translation": [
      1.32916224,
      0.9257858,
      -0.711919546
    ]
  },
  {
    "timeStamp": 45402,
    "rotation": [
      [
        0.785877645,
        0.128462,
        -0.6048916
      ],
      [
        -0.4788696,
        0.745329261,
        -0.4638623
      ],
      [
        0.391254723,
        0.6542032,
        0.6472541
      ]
    ],
    "translation": [
      1.38516355,
      0.9568957,
      -0.695365667
    ]
  },
  {
    "timeStamp": 45447,
    "rotation": [
      [
        0.8016146,
        0.201955885,
        -0.562697
      ],
      [
        -0.490086138,
        0.7610256,
        -0.425036162
      ],
      [
        0.342388242,
        0.6164852,
        0.7090249
      ]
    ],
    "translation": [
      1.43603456,
      0.9799856,
      -0.682459533
    ]
  },
  {
    "timeStamp": 45502,
    "rotation": [
      [
        0.8304588,
        0.2516844,
        -0.496984065
      ],
      [
        -0.474446923,
        0.78708756,
        -0.3941997
      ],
      [
        0.291956037,
        0.563159168,
        0.773054659
      ]
    ],
    "translation": [
      1.50302351,
      1.00325847,
      -0.6712167
    ]
  },
  {
    "timeStamp": 45546,
    "rotation": [
      [
        0.83866173,
        0.309090555,
        -0.4484524
      ],
      [
        -0.486016244,
        0.79634,
        -0.360042751
      ],
      [
        0.245834813,
        0.519909263,
        0.818082869
      ]
    ],
    "translation": [
      1.55546308,
      1.02138484,
      -0.665709555
    ]
  },
  {
    "timeStamp": 45602,
    "rotation": [
      [
        0.870136142,
        0.3263124,
        -0.3693012
      ],
      [
        -0.454145133,
        0.821921945,
        -0.343797326
      ],
      [
        0.191351414,
        0.466866821,
        0.863377154
      ]
    ],
    "translation": [
      1.62364888,
      1.03673625,
      -0.6637159
    ]
  },
  {
    "timeStamp": 45646,
    "rotation": [
      [
        0.879216254,
        0.367023855,
        -0.303763449
      ],
      [
        -0.458576322,
        0.824828565,
        -0.330704629
      ],
      [
        0.129176274,
        0.4300596,
        0.8935111
      ]
    ],
    "translation": [
      1.67874527,
      1.048621,
      -0.6647421
    ]
  },
  {
    "timeStamp": 45702,
    "rotation": [
      [
        0.88805896,
        0.390981942,
        -0.241835624
      ],
      [
        -0.454377472,
        0.826501131,
        -0.3323207
      ],
      [
        0.0699460357,
        0.405005038,
        0.911635041
      ]
    ],
    "translation": [
      1.74266589,
      1.05932224,
      -0.670379
    ]
  },
  {
    "timeStamp": 45746,
    "rotation": [
      [
        0.8985653,
        0.3987421,
        -0.183262527
      ],
      [
        -0.437668949,
        0.8447688,
        -0.307914764
      ],
      [
        0.0320358872,
        0.356889844,
        0.933596969
      ]
    ],
    "translation": [
      1.79506207,
      1.069175,
      -0.6763019
    ]
  },
  {
    "timeStamp": 45802,
    "rotation": [
      [
        0.9094048,
        0.4010248,
        -0.110281117
      ],
      [
        -0.415027678,
        0.8577068,
        -0.303465217
      ],
      [
        -0.0271082185,
        0.321742445,
        0.9464391
      ]
    ],
    "translation": [
      1.85854352,
      1.07860386,
      -0.6832288
    ]
  },
  {
    "timeStamp": 45846,
    "rotation": [
      [
        0.915139258,
        0.4003978,
        -0.0469233431
      ],
      [
        -0.395987123,
        0.8709711,
        -0.2908669
      ],
      [
        -0.0755936,
        0.284764767,
        0.9556122
      ]
    ],
    "translation": [
      1.91190481,
      1.08654428,
      -0.6882362
    ]
  },
  {
    "timeStamp": 45902,
    "rotation": [
      [
        0.914311647,
        0.403210938,
        0.03814597
      ],
      [
        -0.376304865,
        0.8805578,
        -0.2881194
      ],
      [
        -0.14976263,
        0.249076426,
        0.956834435
      ]
    ],
    "translation": [
      1.97560775,
      1.09249842,
      -0.6950506
    ]
  },
  {
    "timeStamp": 45946,
    "rotation": [
      [
        0.914075434,
        0.388468236,
        0.116441287
      ],
      [
        -0.341278166,
        0.891940355,
        -0.296600163
      ],
      [
        -0.219078422,
        0.231376067,
        0.9478765
      ]
    ],
    "translation": [
      2.02563334,
      1.09086943,
      -0.699846566
    ]
  },
  {
    "timeStamp": 46001,
    "rotation": [
      [
        0.897653759,
        0.4004259,
        0.18405655
      ],
      [
        -0.3269641,
        0.885148048,
        -0.331070125
      ],
      [
        -0.295486361,
        0.237006456,
        0.9254813
      ]
    ],
    "translation": [
      2.07711935,
      1.08328569,
      -0.7068776
    ]
  },
  {
    "timeStamp": 46046,
    "rotation": [
      [
        0.883707464,
        0.4231372,
        0.200040385
      ],
      [
        -0.331561655,
        0.8676255,
        -0.370530546
      ],
      [
        -0.3303454,
        0.261114866,
        0.907023132
      ]
    ],
    "translation": [
      2.107335,
      1.075194,
      -0.7121798
    ]
  },
  {
    "timeStamp": 46102,
    "rotation": [
      [
        0.8947816,
        0.410014361,
        0.17678839
      ],
      [
        -0.316316277,
        0.8615323,
        -0.3971224
      ],
      [
        -0.3151348,
        0.29941678,
        0.9005774
      ]
    ],
    "translation": [
      2.12929273,
      1.0624814,
      -0.717924356
    ]
  },
  {
    "timeStamp": 46146,
    "rotation": [
      [
        0.892733753,
        0.418160379,
        0.167834163
      ],
      [
        -0.310797453,
        0.8411538,
        -0.4425667
      ],
      [
        -0.3262382,
        0.3429318,
        0.880889535
      ]
    ],
    "translation": [
      2.14321136,
      1.05102408,
      -0.7203796
    ]
  },
  {
    "timeStamp": 46200,
    "rotation": [
      [
        0.8834742,
        0.4360163,
        0.171356857
      ],
      [
        -0.319804728,
        0.8285944,
        -0.459517449
      ],
      [
        -0.342342436,
        0.351171046,
        0.8714818
      ]
    ],
    "translation": [
      2.15842938,
      1.04073715,
      -0.7219149
    ]
  },
  {
    "timeStamp": 46252,
    "rotation": [
      [
        0.8666441,
        0.467744261,
        0.173618108
      ],
      [
        -0.339085877,
        0.807450533,
        -0.48274672
      ],
      [
        -0.36599,
        0.359498143,
        0.858377755
      ]
    ],
    "translation": [
      2.17021,
      1.03309333,
      -0.7195239
    ]
  },
  {
    "timeStamp": 46296,
    "rotation": [
      [
        0.8599311,
        0.479668677,
        0.174460888
      ],
      [
        -0.356067777,
        0.8086615,
        -0.468275964
      ],
      [
        -0.365697116,
        0.340565145,
        0.8661877
      ]
    ],
    "translation": [
      2.174372,
      1.0321399,
      -0.714080334
    ]
  },
  {
    "timeStamp": 46352,
    "rotation": [
      [
        0.8529524,
        0.4957173,
        0.163512975
      ],
      [
        -0.379625,
        0.8041042,
        -0.4574945
      ],
      [
        -0.358269423,
        0.3281474,
        0.8740493
      ]
    ],
    "translation": [
      2.17567849,
      1.032173,
      -0.7045206
    ]
  },
  {
    "timeStamp": 46396,
    "rotation": [
      [
        0.830819,
        0.5339732,
        0.1568835
      ],
      [
        -0.4234115,
        0.78939116,
        -0.4445046
      ],
      [
        -0.361195982,
        0.3028766,
        0.881931543
      ]
    ],
    "translation": [
      2.17671037,
      1.03187168,
      -0.6955228
    ]
  },
  {
    "timeStamp": 46452,
    "rotation": [
      [
        0.8299728,
        0.5420017,
        0.131830662
      ],
      [
        -0.437549561,
        0.779185236,
        -0.448799253
      ],
      [
        -0.345970452,
        0.314808726,
        0.8838551
      ]
    ],
    "translation": [
      2.17255878,
      1.02537441,
      -0.68522656
    ]
  },
  {
    "timeStamp": 46496,
    "rotation": [
      [
        0.815981567,
        0.56952554,
        0.0990693346
      ],
      [
        -0.466222644,
        0.7496798,
        -0.4696985
      ],
      [
        -0.341775566,
        0.337076932,
        0.8772506
      ]
    ],
    "translation": [
      2.16782618,
      1.01406837,
      -0.678973556
    ]
  },
  {
    "timeStamp": 46552,
    "rotation": [
      [
        0.8114913,
        0.5807037,
        0.065307796
      ],
      [
        -0.467006356,
        0.711635232,
        -0.5248623
      ],
      [
        -0.3512648,
        0.395422041,
        0.8486781
      ]
    ],
    "translation": [
      2.15978885,
      0.9930301,
      -0.675635755
    ]
  },
  {
    "timeStamp": 46596,
    "rotation": [
      [
        0.8337678,
        0.550879359,
        0.0369213223
      ],
      [
        -0.439055949,
        0.7020946,
        -0.5606184
      ],
      [
        -0.3347554,
        0.451215029,
        0.8272508
      ]
    ],
    "translation": [
      2.15357947,
      0.9747796,
      -0.6759102
    ]
  },
  {
    "timeStamp": 46653,
    "rotation": [
      [
        0.8329448,
        0.5521392,
        0.03667717
      ],
      [
        -0.4181128,
        0.6714014,
        -0.6118839
      ],
      [
        -0.3624702,
        0.494330317,
        0.79009676
      ]
    ],
    "translation": [
      2.15210271,
      0.9555852,
      -0.6775239
    ]
  },
  {
    "timeStamp": 46699,
    "rotation": [
      [
        0.839213133,
        0.5436096,
        0.0144878915
      ],
      [
        -0.410681,
        0.6510142,
        -0.6383741
      ],
      [
        -0.356458127,
        0.529782,
        0.769589841
      ]
    ],
    "translation": [
      2.15101385,
      0.9430787,
      -0.6779503
    ]
  },
  {
    "timeStamp": 46745,
    "rotation": [
      [
        0.8487651,
        0.528475463,
        0.01765014
      ],
      [
        -0.39202407,
        0.651314259,
        -0.649697542
      ],
      [
        -0.354845,
        0.5445213,
        0.7599879
      ]
    ],
    "translation": [
      2.151174,
      0.93397814,
      -0.6778276
    ]
  },
  {
    "timeStamp": 46801,
    "rotation": [
      [
        0.8556394,
        0.5175287,
        0.006734759
      ],
      [
        -0.376460433,
        0.6312331,
        -0.678102
      ],
      [
        -0.355188459,
        0.5776754,
        0.734936953
      ]
    ],
    "translation": [
      2.1504333,
      0.9218523,
      -0.6775999
    ]
  },
  {
    "timeStamp": 46846,
    "rotation": [
      [
        0.851276159,
        0.5247157,
        0.001551464
      ],
      [
        -0.3750762,
        0.610569835,
        -0.697511554
      ],
      [
        -0.366942555,
        0.593193054,
        0.716571867
      ]
    ],
    "translation": [
      2.14974856,
      0.9144183,
      -0.677533746
    ]
  },
  {
    "timeStamp": 46901,
    "rotation": [
      [
        0.856641769,
        0.515883446,
        -0.005398634
      ],
      [
        -0.3627789,
        0.59490037,
        -0.7172761
      ],
      [
        -0.366819233,
        0.616407156,
        0.6967681
      ]
    ],
    "translation": [
      2.148028,
      0.9065325,
      -0.678082764
    ]
  },
  {
    "timeStamp": 46946,
    "rotation": [
      [
        0.8583326,
        0.513039947,
        -0.007422619
      ],
      [
        -0.3545575,
        0.5826053,
        -0.731341243
      ],
      [
        -0.3708828,
        0.6303658,
        0.6819713
      ]
    ],
    "translation": [
      2.14717627,
      0.9018032,
      -0.6775269
    ]
  },
  {
    "timeStamp": 47001,
    "rotation": [
      [
        0.8652431,
        0.500997,
        -0.01887942
      ],
      [
        -0.3474836,
        0.572122931,
        -0.7429202
      ],
      [
        -0.361399442,
        0.649366856,
        0.6691137
      ]
    ],
    "translation": [
      2.14520359,
      0.8975832,
      -0.676746249
    ]
  },
  {
    "timeStamp": 47045,
    "rotation": [
      [
        0.8698199,
        0.4928733,
        -0.0221197717
      ],
      [
        -0.3394983,
        0.5654089,
        -0.7517006
      ],
      [
        -0.35798642,
        0.661353767,
        0.659133554
      ]
    ],
    "translation": [
      2.14456058,
      0.8942753,
      -0.6755956
    ]
  },
  {
    "timeStamp": 47101,
    "rotation": [
      [
        0.8784516,
        0.47706905,
        -0.02697994
      ],
      [
        -0.329728454,
        0.564344347,
        -0.756831944
      ],
      [
        -0.345835119,
        0.6737363,
        0.653052449
      ]
    ],
    "translation": [
      2.14424944,
      0.8910451,
      -0.6734787
    ]
  },
  {
    "timeStamp": 47145,
    "rotation": [
      [
        0.8751339,
        0.4829225,
        -0.03044023
      ],
      [
        -0.3315699,
        0.5526626,
        -0.764608
      ],
      [
        -0.352423221,
        0.6792274,
        0.6437763
      ]
    ],
    "translation": [
      2.14507365,
      0.8887337,
      -0.6713656
    ]
  },
  {
    "timeStamp": 47201,
    "rotation": [
      [
        0.878855,
        0.476078361,
        -0.0310383867
      ],
      [
        -0.3276518,
        0.555006266,
        -0.764599442
      ],
      [
        -0.346782744,
        0.6821418,
        0.643757939
      ]
    ],
    "translation": [
      2.1456027,
      0.8865857,
      -0.6694907
    ]
  },
  {
    "timeStamp": 47245,
    "rotation": [
      [
        0.874162853,
        0.4837847,
        -0.042328462
      ],
      [
        -0.337409735,
        0.5423542,
        -0.76941967
      ],
      [
        -0.349276453,
        0.6868801,
        0.6373396
      ]
    ],
    "translation": [
      2.14434671,
      0.885039449,
      -0.6690811
    ]
  },
  {
    "timeStamp": 47301,
    "rotation": [
      [
        0.8713247,
        0.488705,
        -0.0442793854
      ],
      [
        -0.338495135,
        0.533267736,
        -0.775271952
      ],
      [
        -0.3552665,
        0.6905019,
        0.6300736
      ]
    ],
    "translation": [
      2.144263,
      0.881332159,
      -0.6684122
    ]
  },
  {
    "timeStamp": 47345,
    "rotation": [
      [
        0.8688589,
        0.493560672,
        -0.0384990722
      ],
      [
        -0.334890783,
        0.528699756,
        -0.779951751
      ],
      [
        -0.364599049,
        0.690560937,
        0.6246544
      ]
    ],
    "translation": [
      2.14442372,
      0.8782209,
      -0.6674514
    ]
  },
  {
    "timeStamp": 47401,
    "rotation": [
      [
        0.8688912,
        0.4924089,
        -0.05061147
      ],
      [
        -0.338056773,
        0.5156023,
        -0.7873194
      ],
      [
        -0.3615877,
        0.7012045,
        0.614464462
      ]
    ],
    "translation": [
      2.142401,
      0.874103248,
      -0.6671568
    ]
  },
  {
    "timeStamp": 47445,
    "rotation": [
      [
        0.8695493,
        0.49173665,
        -0.0455978774
      ],
      [
        -0.3323704,
        0.5144369,
        -0.7904964
      ],
      [
        -0.3652588,
        0.702531,
        0.610767
      ]
    ],
    "translation": [
      2.142315,
      0.871431,
      -0.666822
    ]
  },
  {
    "timeStamp": 47505,
    "rotation": [
      [
        0.8695236,
        0.492253184,
        -0.040194355
      ],
      [
        -0.326546729,
        0.5119404,
        -0.794533968
      ],
      [
        -0.370534748,
        0.703991354,
        0.605887949
      ]
    ],
    "translation": [
      2.1430397,
      0.868211865,
      -0.6663149
    ]
  },
  {
    "timeStamp": 47545,
    "rotation": [
      [
        0.868456542,
        0.493613243,
        -0.04614361
      ],
      [
        -0.330448478,
        0.5069653,
        -0.796109259
      ],
      [
        -0.369576842,
        0.706634343,
        0.6033911
      ]
    ],
    "translation": [
      2.14224458,
      0.8660872,
      -0.6659299
    ]
  },
  {
    "timeStamp": 47601,
    "rotation": [
      [
        0.8733157,
        0.4852665,
        -0.0428504869
      ],
      [
        -0.32192722,
        0.508860052,
        -0.7983886
      ],
      [
        -0.365626335,
        0.71104,
        0.6006159
      ]
    ],
    "translation": [
      2.14179754,
      0.863238752,
      -0.66555196
    ]
  },
  {
    "timeStamp": 47645,
    "rotation": [
      [
        0.873639047,
        0.485015661,
        -0.0389183
      ],
      [
        -0.3182662,
        0.5091114,
        -0.7996951
      ],
      [
        -0.368050873,
        0.7110312,
        0.5991437
      ]
    ],
    "translation": [
      2.14251828,
      0.8613596,
      -0.6649411
    ]
  },
  {
    "timeStamp": 47701,
    "rotation": [
      [
        0.8774689,
        0.478,
        -0.0395517871
      ],
      [
        -0.314020783,
        0.51019907,
        -0.8006796
      ],
      [
        -0.36254558,
        0.71499157,
        0.5977858
      ]
    ],
    "translation": [
      2.14265561,
      0.859713,
      -0.6649879
    ]
  },
  {
    "timeStamp": 47745,
    "rotation": [
      [
        0.8743271,
        0.483999282,
        -0.03601065
      ],
      [
        -0.31663695,
        0.5126124,
        -0.7981037
      ],
      [
        -0.3678221,
        0.709206,
        0.601443052
      ]
    ],
    "translation": [
      2.14286876,
      0.8609463,
      -0.6641146
    ]
  }
]