[
  {
    "timeStamp": 18503,
    "rotation": [
      [
        -0.9872148,
        0.07053516,
        -0.142939
      ],
      [
        -0.142457291,
        0.0118391719,
        0.9897301
      ],
      [
        0.07150306,
        0.997438967,
        -0.00163955777
      ]
    ],
    "translation": [
      1.30698419,
      0.71055305,
      -0.6187908
    ]
  },
  {
    "timeStamp": 18548,
    "rotation": [
      [
        -0.9917929,
        0.084890604,
        -0.09560628
      ],
      [
        -0.0901801,
        0.0656126,
        0.993761837
      ],
      [
        0.0906339958,
        0.9942277,
        -0.0574186631
      ]
    ],
    "translation": [
      1.29878461,
      0.709873259,
      -0.606231332
    ]
  },
  {
    "timeStamp": 18603,
    "rotation": [
      [
        -0.993913054,
        0.08103036,
        -0.07463903
      ],
      [
        -0.07168451,
        0.03878239,
        0.9966731
      ],
      [
        0.08365545,
        0.995956838,
        -0.0327377021
      ]
    ],
    "translation": [
      1.29747319,
      0.7132987,
      -0.6163209
    ]
  },
  {
    "timeStamp": 18647,
    "rotation": [
      [
        -0.9938257,
        0.08885009,
        -0.0664544255
      ],
      [
        -0.06284318,
        0.0428447574,
        0.997103333
      ],
      [
        0.09143995,
        0.995123148,
        -0.0369965956
      ]
    ],
    "translation": [
      1.30237353,
      0.7167387,
      -0.615641952
    ]
  },
  {
    "timeStamp": 18703,
    "rotation": [
      [
        -0.994506538,
        0.0999579951,
        -0.0310664214
      ],
      [
        -0.0293768868,
        0.0183305386,
        0.9994003
      ],
      [
        0.100467511,
        0.9948228,
        -0.0152933858
      ]
    ],
    "translation": [
      1.30546832,
      0.7260032,
      -0.621400535
    ]
  },
  {
    "timeStamp": 18748,
    "rotation": [
      [
        -0.99283874,
        0.118667692,
        -0.0137554724
      ],
      [
        -0.0108634988,
        0.02498291,
        0.999628842
      ],
      [
        0.1189673,
        0.992619634,
        -0.0235148557
      ]
    ],
    "translation": [
      1.31173623,
      0.7351067,
      -0.61766845
    ]
  },
  {
    "timeStamp": 18803,
    "rotation": [
      [
        -0.991520047,
        0.127118468,
        0.0269965678
      ],
      [
        0.0288396254,
        0.0126803182,
        0.9995036
      ],
      [
        0.126713037,
        0.991806448,
        -0.0162388384
      ]
    ],
    "translation": [
      1.31739926,
      0.7501383,
      -0.620045245
    ]
  },
  {
    "timeStamp": 18847,
    "rotation": [
      [
        -0.987331,
        0.154175743,
        0.0375155844
      ],
      [
        0.0413247049,
        0.0215751361,
        0.9989128
      ],
      [
        0.153198719,
        0.98780787,
        -0.0276730675
      ]
    ],
    "translation": [
      1.3272202,
      0.760776937,
      -0.6147951
    ]
  },
  {
    "timeStamp": 18903,
    "rotation": [
      [
        -0.980839,
        0.1814812,
        0.07084773
      ],
      [
        0.0753819942,
        0.0182014778,
        0.9969886
      ],
      [
        0.179645151,
        0.983225942,
        -0.0315331332
      ]
    ],
    "translation": [
      1.33956385,
      0.778979659,
      -0.6122134
    ]
  },
  {
    "timeStamp": 18947,
    "rotation": [
      [
        -0.9699818,
        0.224329323,
        0.0938706249
      ],
      [
        0.0995103642,
        0.0139424978,
        0.99493885
      ],
      [
        0.22188516,
        0.974413633,
        -0.03584706
      ]
    ],
    "translation": [
      1.35351837,
      0.794602633,
      -0.6075888
    ]
  },
  {
    "timeStamp": 19003,
    "rotation": [
      [
        -0.9569643,
        0.265123963,
        0.118019514
      ],
      [
        0.129058868,
        0.0245473,
        0.991333067
      ],
      [
        0.2599291,
        0.9639018,
        -0.05770749
      ]
    ],
    "translation": [
      1.37526679,
      0.8134923,
      -0.6019561
    ]
  },
  {
    "timeStamp": 19048,
    "rotation": [
      [
        -0.937506258,
        0.320971072,
        0.134385914
      ],
      [
        0.147168845,
        0.0157833677,
        0.9889854
      ],
      [
        0.315314621,
        0.946957469,
        -0.0620339476
      ]
    ],
    "translation": [
      1.39860451,
      0.8286318,
      -0.597694039
    ]
  },
  {
    "timeStamp": 19103,
    "rotation": [
      [
        -0.909615636,
        0.384163439,
        0.158170179
      ],
      [
        0.176242068,
        0.0120519223,
        0.9842731
      ],
      [
        0.3762155,
        0.9231864,
        -0.0786683857
      ]
    ],
    "translation": [
      1.43021929,
      0.8468017,
      -0.592205763
    ]
  },
  {
    "timeStamp": 19147,
    "rotation": [
      [
        -0.8798024,
        0.443638,
        0.170684129
      ],
      [
        0.18851243,
        -0.00398709951,
        0.9820627
      ],
      [
        0.436360866,
        0.896197259,
        -0.08012341
      ]
    ],
    "translation": [
      1.46064186,
      0.858743668,
      -0.589530647
    ]
  },
  {
    "timeStamp": 19203,
    "rotation": [
      [
        -0.8456685,
        0.504336655,
        0.174611688
      ],
      [
        0.207305759,
        0.008923818,
        0.9782355
      ],
      [
        0.491801828,
        0.863460958,
        -0.112098493
      ]
    ],
    "translation": [
      1.50120842,
      0.8726325,
      -0.5831212
    ]
  },
  {
    "timeStamp": 19247,
    "rotation": [
      [
        -0.8119767,
        0.555720031,
        0.178519458
      ],
      [
        0.21287775,
        -0.00283433148,
        0.977074742
      ],
      [
        0.543486,
        0.8313647,
        -0.115999013
      ]
    ],
    "translation": [
      1.53650463,
      0.8830374,
      -0.581109
    ]
  },
  {
    "timeStamp": 19303,
    "rotation": [
      [
        -0.7620495,
        0.6227452,
        0.17739515
      ],
      [
        0.227978319,
        0.001617573,
        0.9736649
      ],
      [
        0.6060582,
        0.7824231,
        -0.143205076
      ]
    ],
    "translation": [
      1.58617938,
      0.897295654,
      -0.5761354
    ]
  },
  {
    "timeStamp": 19347,
    "rotation": [
      [
        -0.7223906,
        0.66716814,
        0.181764871
      ],
      [
        0.2427294,
        -0.00147397921,
        0.9700929
      ],
      [
        0.647483,
        0.744905651,
        -0.160876527
      ]
    ],
    "translation": [
      1.62481833,
      0.909358263,
      -0.57420963
    ]
  },
  {
    "timeStamp": 19403,
    "rotation": [
      [
        -0.6650591,
        0.728845239,
        0.162730053
      ],
      [
        0.2525116,
        0.0144008258,
        0.9674867
      ],
      [
        0.7028046,
        0.68452704,
        -0.193619281
      ]
    ],
    "translation": [
      1.68274045,
      0.9218406,
      -0.5719307
    ]
  },
  {
    "timeStamp": 19447,
    "rotation": [
      [
        -0.621003568,
        0.7667662,
        0.162555456
      ],
      [
        0.26521796,
        0.0104025444,
        0.964132369
      ],
      [
        0.7375731,
        0.641842246,
        -0.209820181
      ]
    ],
    "translation": [
      1.72612357,
      0.931978166,
      -0.5749277
    ]
  },
  {
    "timeStamp": 19502,
    "rotation": [
      [
        -0.572888851,
        0.8085756,
        0.134178534
      ],
      [
        0.271405369,
        0.0326715149,
        0.9619104
      ],
      [
        0.773393452,
        0.587484539,
        -0.2381689
      ]
    ],
    "translation": [
      1.78395593,
      0.942156434,
      -0.5790457
    ]
  },
  {
    "timeStamp": 19547,
    "rotation": [
      [
        -0.5253169,
        0.840378761,
        0.133438155
      ],
      [
        0.2773004,
        0.02081863,
        0.9605577
      ],
      [
        0.804454267,
        0.541599631,
        -0.243973747
      ]
    ],
    "translation": [
      1.82735407,
      0.9491389,
      -0.5876414
    ]
  },
  {
    "timeStamp": 19602,
    "rotation": [
      [
        -0.481672227,
        0.8714469,
        0.09258584
      ],
      [
        0.277517319,
        0.0514672622,
        0.959341049
      ],
      [
        0.8312496,
        0.487782121,
        -0.266631931
      ]
    ],
    "translation": [
      1.88490391,
      0.9559071,
      -0.5961182
    ]
  },
  {
    "timeStamp": 19647,
    "rotation": [
      [
        -0.4394547,
        0.8945088,
        0.08205814
      ],
      [
        0.273135543,
        0.0460400544,
        0.9608732
      ],
      [
        0.855731547,
        0.44467324,
        -0.264554679
      ]
    ],
    "translation": [
      1.92550015,
      0.9586818,
      -0.607866645
    ]
  },
  {
    "timeStamp": 19703,
    "rotation": [
      [
        -0.408766,
        0.911801,
        0.0391064472
      ],
      [
        0.256678879,
        0.0737392455,
        0.9636797
      ],
      [
        0.8758004,
        0.403957278,
        -0.26418215
      ]
    ],
    "translation": [
      1.97416568,
      0.9578367,
      -0.621521533
    ]
  },
  {
    "timeStamp": 19747,
    "rotation": [
      [
        -0.370304048,
        0.9285768,
        0.024898706
      ],
      [
        0.247811913,
        0.07292031,
        0.96606
      ],
      [
        0.8952453,
        0.363906115,
        -0.2571151
      ]
    ],
    "translation": [
      2.00780249,
      0.955284834,
      -0.6332197
    ]
  },
  {
    "timeStamp": 19802,
    "rotation": [
      [
        -0.3348399,
        0.9422468,
        -0.00728572067
      ],
      [
        0.218775973,
        0.08526106,
        0.972043037
      ],
      [
        0.916525662,
        0.323884875,
        -0.234689772
      ]
    ],
    "translation": [
      2.04617143,
      0.9470663,
      -0.6509953
    ]
  },
  {
    "timeStamp": 19847,
    "rotation": [
      [
        -0.3070028,
        0.951708555,
        -0.000402616162
      ],
      [
        0.210090891,
        0.06818386,
        0.9753014
      ],
      [
        0.9282301,
        0.2993357,
        -0.220877916
      ]
    ],
    "translation": [
      2.06525826,
      0.942229748,
      -0.663288653
    ]
  },
  {
    "timeStamp": 19893,
    "rotation": [
      [
        -0.2892211,
        0.9572538,
        -0.00403568149
      ],
      [
        0.19304359,
        0.06245368,
        0.979200542
      ],
      [
        0.9375955,
        0.2824264,
        -0.202854633
      ]
    ],
    "translation": [
      2.07868433,
      0.9356094,
      -0.6750017
    ]
  },
  {
    "timeStamp": 19953,
    "rotation": [
      [
        -0.237979814,
        0.971265,
        0.00313288369
      ],
      [
        0.162216142,
        0.036565613,
        0.986077547
      ],
      [
        0.9576281,
        0.23517476,
        -0.166256741
      ]
    ],
    "translation": [
      2.10320187,
      0.921771765,
      -0.6987186
    ]
  },
  {
    "timeStamp": 19997,
    "rotation": [
      [
        -0.224238366,
        0.97440666,
        -0.0157712884
      ],
      [
        0.135289624,
        0.0471524931,
        0.989683449
      ],
      [
        0.9650978,
        0.219791308,
        -0.1424005
      ]
    ],
    "translation": [
      2.11606741,
      0.9097692,
      -0.7129187
    ]
  },
  {
    "timeStamp": 20053,
    "rotation": [
      [
        -0.180321589,
        0.983562231,
        0.009462507
      ],
      [
        0.105076708,
        0.00969732553,
        0.994416833
      ],
      [
        0.977979064,
        0.180309117,
        -0.105098106
      ]
    ],
    "translation": [
      2.12401,
      0.8942262,
      -0.7312107
    ]
  },
  {
    "timeStamp": 20097,
    "rotation": [
      [
        -0.1762605,
        0.9843428,
        -0.00121866912
      ],
      [
        0.07816416,
        0.0152305206,
        0.996824145
      ],
      [
        0.9812352,
        0.175605476,
        -0.07962486
      ]
    ],
    "translation": [
      2.13152862,
      0.8813391,
      -0.7451129
    ]
  },
  {
    "timeStamp": 20152,
    "rotation": [
      [
        -0.147670373,
        0.9888597,
        0.0187078416
      ],
      [
        0.06299603,
        -0.009472725,
        0.9979688
      ],
      [
        0.98702836,
        0.148548961,
        -0.06089539
      ]
    ],
    "translation": [
      2.13352752,
      0.869055569,
      -0.7583799
    ]
  },
  {
    "timeStamp": 20197,
    "rotation": [
      [
        -0.148079082,
        0.9887844,
        0.01944431
      ],
      [
        0.0413607955,
        -0.0134521155,
        0.9990537
      ],
      [
        0.988110244,
        0.1487432,
        -0.0389049277
      ]
    ],
    "translation": [
      2.1338346,
      0.8569039,
      -0.767690063
    ]
  },
  {
    "timeStamp": 20253,
    "rotation": [
      [
        -0.140996,
        0.9897037,
        0.0246321559
      ],
      [
        0.0276943464,
        -0.020928001,
        0.999397337
      ],
      [
        0.9896228,
        0.1415932,
        -0.0244584326
      ]
    ],
    "translation": [
      2.13216019,
      0.842398763,
      -0.7717961
    ]
  },
  {
    "timeStamp": 20298,
    "rotation": [
      [
        -0.14137122,
        0.989935935,
        0.0064040185
      ],
      [
        0.00309247919,
        -0.00602734368,
        0.999977052
      ],
      [
        0.989951849,
        0.141387776,
        -0.00220926362
      ]
    ],
    "translation": [
      2.13526869,
      0.8266026,
      -0.777303338
    ]
  },
  {
    "timeStamp": 20352,
    "rotation": [
      [
        -0.129039809,
        0.99147743,
        0.017923817
      ],
      [
        -0.02463053,
        -0.02127395,
        0.999470234
      ],
      [
        0.9913335,
        0.128529966,
        0.0271658
      ]
    ],
    "translation": [
      2.13185787,
      0.8113047,
      -0.7836076
    ]
  },
  {
    "timeStamp": 20399,
    "rotation": [
      [
        -0.130387813,
        0.9912944,
        0.018285783
      ],
      [
        -0.0357641242,
        -0.0231337864,
        0.99909246
      ],
      [
        0.9908178,
        0.1296155,
        0.0384691432
      ]
    ],
    "translation": [
      2.13135719,
      0.80078274,
      -0.7871017
    ]
  },
  {
    "timeStamp": 20444,
    "rotation": [
      [
        -0.108771816,
        0.9936147,
        0.0299748126
      ],
      [
        -0.0506077148,
        -0.03564965,
        0.998082161
      ],
      [
        0.9927777,
        0.107046269,
        0.05416225
      ]
    ],
    "translation": [
      2.12927246,
      0.792194247,
      -0.790743232
    ]
  },
  {
    "timeStamp": 20501,
    "rotation": [
      [
        -0.123737589,
        0.991742,
        0.0337156765
      ],
      [
        -0.05956865,
        -0.0413391925,
        0.997367859
      ],
      [
        0.9905254,
        0.121403493,
        0.0641919449
      ]
    ],
    "translation": [
      2.123432,
      0.7833869,
      -0.7931488
    ]
  },
  {
    "timeStamp": 20547,
    "rotation": [
      [
        -0.121197239,
        0.992056131,
        0.03370364
      ],
      [
        -0.07065179,
        -0.0424892344,
        0.9965957
      ],
      [
        0.9901109,
        0.118403405,
        0.07524011
      ]
    ],
    "translation": [
      2.12176752,
      0.7764908,
      -0.7949692
    ]
  },
  {
    "timeStamp": 20602,
    "rotation": [
      [
        -0.120762013,
        0.9920931,
        0.03417263
      ],
      [
        -0.07396471,
        -0.0433215238,
        0.9963195
      ],
      [
        0.989922047,
        0.117789984,
        0.07861148
      ]
    ],
    "translation": [
      2.118629,
      0.7706256,
      -0.7935476
    ]
  },
  {
    "timeStamp": 20646,
    "rotation": [
      [
        -0.12059661,
        0.992083132,
        0.0350352265
      ],
      [
        -0.0765420645,
        -0.044480525,
        0.996073663
      ],
      [
        0.9897463,
        0.117441416,
        0.0813002959
      ]
    ],
    "translation": [
      2.117364,
      0.7669782,
      -0.791880667
    ]
  },
  {
    "timeStamp": 20702,
    "rotation": [
      [
        -0.118196242,
        0.9926313,
        0.02669623
      ],
      [
        -0.07217179,
        -0.03540113,
        0.996763766
      ],
      [
        0.990364,
        0.115887024,
        0.07582425
      ]
    ],
    "translation": [
      2.1169734,
      0.7631947,
      -0.788051665
    ]
  },
  {
    "timeStamp": 20747,
    "rotation": [
      [
        -0.122240059,
        0.9921082,
        0.0279055089
      ],
      [
        -0.0799666047,
        -0.03787005,
        0.9960779
      ],
      [
        0.989273846,
        0.119529106,
        0.08396476
      ]
    ],
    "translation": [
      2.11454439,
      0.759068131,
      -0.7879956
    ]
  },
  {
    "timeStamp": 20802,
    "rotation": [
      [
        -0.11573837,
        0.992968857,
        0.0248496216
      ],
      [
        -0.0795882642,
        -0.03420814,
        0.9962407
      ],
      [
        0.990086,
        0.113325529,
        0.08298786
      ]
    ],
    "translation": [
      2.11377048,
      0.7546445,
      -0.78624773
    ]
  },
  {
    "timeStamp": 20846,
    "rotation": [
      [
        -0.114440367,
        0.993177652,
        0.022396896
      ],
      [
        -0.07754359,
        -0.03140676,
        0.9964942
      ],
      [
        0.9903992,
        0.11230243,
        0.0806087554
      ]
    ],
    "translation": [
      2.112335,
      0.750607133,
      -0.785092354
    ]
  },
  {
    "timeStamp": 20902,
    "rotation": [
      [
        -0.110044613,
        0.9937856,
        0.01674209
      ],
      [
        -0.09135154,
        -0.0268858317,
        0.9954557
      ],
      [
        0.9897196,
        0.10801512,
        0.09374249
      ]
    ],
    "translation": [
      2.11105943,
      0.743411064,
      -0.7881327
    ]
  },
  {
    "timeStamp": 20947,
    "rotation": [
      [
        -0.111021258,
        0.993765056,
        0.0102564758
      ],
      [
        -0.09012517,
        -0.0203452669,
        0.9957226
      ],
      [
        0.989723,
        0.109622009,
        0.0918220058
      ]
    ],
    "translation": [
      2.10932136,
      0.73920536,
      -0.7875823
    ]
  },
  {
    "timeStamp": 21002,
    "rotation": [
      [
        -0.1167047,
        0.993110359,
        0.0105734868
      ],
      [
        -0.100193515,
        -0.0223647617,
        0.9947166
      ],
      [
        0.9880998,
        0.115028709,
        0.102113292
      ]
    ],
    "translation": [
      2.10550117,
      0.7323674,
      -0.7904026
    ]
  },
  {
    "timeStamp": 21046,
    "rotation": [
      [
        -0.118125744,
        0.99299854,
        -0.000376739743
      ],
      [
        -0.100786731,
        -0.011612013,
        0.994840264
      ],
      [
        0.9878706,
        0.117554218,
        0.10145276
      ]
    ],
    "translation": [
      2.105493,
      0.7289025,
      -0.790777862
    ]
  },
  {
    "timeStamp": 21102,
    "rotation": [
      [
        -0.118566044,
        0.9928668,
        -0.0125534507
      ],
      [
        -0.095972,
        0.00112449576,
        0.9953834
      ],
      [
        0.9882972,
        0.119223453,
        0.09515409
      ]
    ],
    "translation": [
      2.10553122,
      0.728222966,
      -0.790777743
    ]
  },
  {
    "timeStamp": 21147,
    "rotation": [
      [
        -0.112881675,
        0.9935316,
        -0.0123553071
      ],
      [
        -0.09251563,
        0.00187108049,
        0.9957095
      ],
      [
        0.989291966,
        0.113540411,
        0.09170599
      ]
    ],
    "translation": [
      2.105183,
      0.7279629,
      -0.790880561
    ]
  },
  {
    "timeStamp": 21202,
    "rotation": [
      [
        -0.110307679,
        0.9937435,
        -0.0174999256
      ],
      [
        -0.08627466,
        0.007967208,
        0.996239543
      ],
      [
        0.990146,
        0.111402668,
        0.08485603
      ]
    ],
    "translation": [
      2.10503531,
      0.727422357,
      -0.7909495
    ]
  },
  {
    "timeStamp": 21246,
    "rotation": [
      [
        -0.100902975,
        0.994770348,
        -0.01583015
      ],
      [
        -0.0817937851,
        0.00756297074,
        0.9966206
      ],
      [
        0.991528332,
        0.101856783,
        0.0806029
      ]
    ],
    "translation": [
      2.10441113,
      0.727146864,
      -0.7910791
    ]
  }
]