[
  {
    "timeStamp": 10563,
    "rotation": [
      [
        0.997310758,
        0.00120946742,
        -0.07327911
      ],
      [
        0.07324798,
        -0.0499381647,
        0.9960627
      ],
      [
        -0.00245472835,
        -0.9987516,
        -0.04989246
      ]
    ],
    "translation": [
      1.7688359,
      0.7017354,
      -0.490182966
    ]
  },
  {
    "timeStamp": 10607,
    "rotation": [
      [
        0.999361,
        -0.000306687376,
        -0.03574316
      ],
      [
        0.03573347,
        -0.0162413437,
        0.9992294
      ],
      [
        -0.000886968337,
        -0.999868035,
        -0.0162200052
      ]
    ],
    "translation": [
      1.768874,
      0.7031287,
      -0.4902425
    ]
  },
  {
    "timeStamp": 10663,
    "rotation": [
      [
        0.9993068,
        -0.0007370504,
        -0.0372222252
      ],
      [
        0.037185397,
        -0.0289019849,
        0.99889034
      ],
      [
        -0.00181203336,
        -0.999582,
        -0.0288545415
      ]
    ],
    "translation": [
      1.76887608,
      0.703791261,
      -0.4902475
    ]
  },
  {
    "timeStamp": 10707,
    "rotation": [
      [
        0.998574436,
        -0.00271151913,
        -0.0533070453
      ],
      [
        0.0531051047,
        -0.050013952,
        0.9973357
      ],
      [
        -0.00537039526,
        -0.9987448,
        -0.04979866
      ]
    ],
    "translation": [
      1.76888144,
      0.7052724,
      -0.490250081
    ]
  },
  {
    "timeStamp": 10762,
    "rotation": [
      [
        0.9930275,
        -0.04463153,
        -0.109106906
      ],
      [
        0.09996315,
        -0.17173785,
        0.9800579
      ],
      [
        -0.06247927,
        -0.9841311,
        -0.16607891
      ]
    ],
    "translation": [
      1.78209865,
      0.7174124,
      -0.47402063
    ]
  },
  {
    "timeStamp": 10807,
    "rotation": [
      [
        0.9918885,
        -0.0962938145,
        -0.08297389
      ],
      [
        0.0634473562,
        -0.190566018,
        0.9796219
      ],
      [
        -0.110143527,
        -0.976940155,
        -0.182910666
      ]
    ],
    "translation": [
      1.78694832,
      0.737027466,
      -0.469001025
    ]
  },
  {
    "timeStamp": 10862,
    "rotation": [
      [
        0.98272717,
        -0.178146511,
        -0.05011077
      ],
      [
        0.009736381,
        -0.220634267,
        0.975308
      ],
      [
        -0.184803888,
        -0.958949566,
        -0.215088785
      ]
    ],
    "translation": [
      1.800769,
      0.7683067,
      -0.4637574
    ]
  },
  {
    "timeStamp": 10907,
    "rotation": [
      [
        0.9635886,
        -0.2660578,
        -0.026652148
      ],
      [
        -0.04099507,
        -0.245494813,
        0.9685307
      ],
      [
        -0.2642281,
        -0.932172537,
        -0.247463048
      ]
    ],
    "translation": [
      1.81875265,
      0.7991721,
      -0.460679233
    ]
  },
  {
    "timeStamp": 10962,
    "rotation": [
      [
        0.9198152,
        -0.391969919,
        0.0173095968
      ],
      [
        -0.117676064,
        -0.233520254,
        0.965204954
      ],
      [
        -0.374289185,
        -0.8898471,
        -0.260920972
      ]
    ],
    "translation": [
      1.84915137,
      0.8358828,
      -0.4624737
    ]
  },
  {
    "timeStamp": 11007,
    "rotation": [
      [
        0.8830406,
        -0.468701065,
        0.0236332342
      ],
      [
        -0.164933071,
        -0.262802273,
        0.950648248
      ],
      [
        -0.439358979,
        -0.843358934,
        -0.309369415
      ]
    ],
    "translation": [
      1.87947273,
      0.868170857,
      -0.466344237
    ]
  },
  {
    "timeStamp": 11062,
    "rotation": [
      [
        0.825361,
        -0.5633083,
        0.03824998
      ],
      [
        -0.213101938,
        -0.248068973,
        0.945012867
      ],
      [
        -0.522845,
        -0.7881279,
        -0.324788541
      ]
    ],
    "translation": [
      1.92155671,
      0.8986733,
      -0.4776401
    ]
  },
  {
    "timeStamp": 11106,
    "rotation": [
      [
        0.786240458,
        -0.6178314,
        0.0105028292
      ],
      [
        -0.233362556,
        -0.281148583,
        0.930858433
      ],
      [
        -0.5721607,
        -0.7343295,
        -0.3652291
      ]
    ],
    "translation": [
      1.96092987,
      0.921484053,
      -0.486531436
    ]
  },
  {
    "timeStamp": 11162,
    "rotation": [
      [
        0.7196572,
        -0.6939,
        -0.0244176537
      ],
      [
        -0.242139578,
        -0.283776522,
        0.927814245
      ],
      [
        -0.650739431,
        -0.661795735,
        -0.3722425
      ]
    ],
    "translation": [
      2.01411963,
      0.9386307,
      -0.50071913
    ]
  },
  {
    "timeStamp": 11206,
    "rotation": [
      [
        0.673632741,
        -0.736060858,
        -0.06658343
      ],
      [
        -0.24791728,
        -0.309920251,
        0.9178706
      ],
      [
        -0.6962442,
        -0.601800442,
        -0.391254634
      ]
    ],
    "translation": [
      2.05658579,
      0.9508783,
      -0.510355353
    ]
  },
  {
    "timeStamp": 11262,
    "rotation": [
      [
        0.6012569,
        -0.7926989,
        -0.100590736
      ],
      [
        -0.2519289,
        -0.3075246,
        0.917584062
      ],
      [
        -0.758302033,
        -0.526362,
        -0.38460505
      ]
    ],
    "translation": [
      2.10680985,
      0.9596579,
      -0.5257588
    ]
  },
  {
    "timeStamp": 11306,
    "rotation": [
      [
        0.5550485,
        -0.818525,
        -0.148114488
      ],
      [
        -0.244758666,
        -0.330888957,
        0.9113757
      ],
      [
        -0.7949933,
        -0.469605446,
        -0.3840005
      ]
    ],
    "translation": [
      2.144757,
      0.9641607,
      -0.5369493
    ]
  },
  {
    "timeStamp": 11362,
    "rotation": [
      [
        0.507071853,
        -0.843503952,
        -0.177141771
      ],
      [
        -0.2428882,
        -0.3370389,
        0.9096209
      ],
      [
        -0.8269724,
        -0.41821754,
        -0.3757801
      ]
    ],
    "translation": [
      2.17903113,
      0.9644415,
      -0.548079133
    ]
  },
  {
    "timeStamp": 11406,
    "rotation": [
      [
        0.459419549,
        -0.8678068,
        -0.189327836
      ],
      [
        -0.239153534,
        -0.326138765,
        0.914570451
      ],
      [
        -0.8554176,
        -0.374893129,
        -0.357373565
      ]
    ],
    "translation": [
      2.203834,
      0.961142957,
      -0.55605793
    ]
  },
  {
    "timeStamp": 11471,
    "rotation": [
      [
        0.4328349,
        -0.8800737,
        -0.195254087
      ],
      [
        -0.245267242,
        -0.323391259,
        0.9139267
      ],
      [
        -0.8674664,
        -0.347689927,
        -0.3558283
      ]
    ],
    "translation": [
      2.220831,
      0.9600361,
      -0.5629874
    ]
  },
  {
    "timeStamp": 11506,
    "rotation": [
      [
        0.4008627,
        -0.899019659,
        -0.176274821
      ],
      [
        -0.2566261,
        -0.294898123,
        0.9204228
      ],
      [
        -0.8794613,
        -0.323726416,
        -0.348925561
      ]
    ],
    "translation": [
      2.22912073,
      0.9573743,
      -0.567587256
    ]
  },
  {
    "timeStamp": 11557,
    "rotation": [
      [
        0.393157125,
        -0.9051167,
        -0.161837012
      ],
      [
        -0.260071725,
        -0.278291523,
        0.924616933
      ],
      [
        -0.8819241,
        -0.3214305,
        -0.344807535
      ]
    ],
    "translation": [
      2.23105478,
      0.9530525,
      -0.5727546
    ]
  },
  {
    "timeStamp": 11612,
    "rotation": [
      [
        0.374641985,
        -0.918268561,
        -0.128164992
      ],
      [
        -0.2659956,
        -0.238870889,
        0.933909535
      ],
      [
        -0.8881947,
        -0.315790385,
        -0.333746433
      ]
    ],
    "translation": [
      2.2311542,
      0.94527334,
      -0.577821136
    ]
  },
  {
    "timeStamp": 11657,
    "rotation": [
      [
        0.358428657,
        -0.923101544,
        -0.1393284
      ],
      [
        -0.2436913,
        -0.236584872,
        0.940554142
      ],
      [
        -0.90119,
        -0.303168416,
        -0.309750617
      ]
    ],
    "translation": [
      2.233789,
      0.9355638,
      -0.584179461
    ]
  },
  {
    "timeStamp": 11712,
    "rotation": [
      [
        0.325405329,
        -0.9389022,
        -0.1121338
      ],
      [
        -0.239415511,
        -0.19653368,
        0.950817943
      ],
      [
        -0.9147631,
        -0.282554656,
        -0.288740873
      ]
    ],
    "translation": [
      2.23525047,
      0.9238764,
      -0.5923828
    ]
  },
  {
    "timeStamp": 11757,
    "rotation": [
      [
        0.2895926,
        -0.9491133,
        -0.123774253
      ],
      [
        -0.216221511,
        -0.190842718,
        0.957511
      ],
      [
        -0.932407856,
        -0.250525445,
        -0.260485351
      ]
    ],
    "translation": [
      2.23971057,
      0.9149957,
      -0.601341546
    ]
  },
  {
    "timeStamp": 11812,
    "rotation": [
      [
        0.266825527,
        -0.957835734,
        -0.106559165
      ],
      [
        -0.204481766,
        -0.164316759,
        0.9649804
      ],
      [
        -0.9418022,
        -0.235692009,
        -0.239703849
      ]
    ],
    "translation": [
      2.235586,
      0.9051976,
      -0.610201955
    ]
  },
  {
    "timeStamp": 11857,
    "rotation": [
      [
        0.226445392,
        -0.96721226,
        -0.114990957
      ],
      [
        -0.173976123,
        -0.156323031,
        0.972263038
      ],
      [
        -0.9583605,
        -0.2001588,
        -0.203670472
      ]
    ],
    "translation": [
      2.23795748,
      0.894482255,
      -0.619638443
    ]
  },
  {
    "timeStamp": 11913,
    "rotation": [
      [
        0.190641046,
        -0.9777017,
        -0.08806408
      ],
      [
        -0.152823165,
        -0.118174627,
        0.9811625
      ],
      [
        -0.9696912,
        -0.1735916,
        -0.17194441
      ]
    ],
    "translation": [
      2.23237371,
      0.880146146,
      -0.6276274
    ]
  },
  {
    "timeStamp": 11958,
    "rotation": [
      [
        0.167186856,
        -0.9827796,
        -0.07869393
      ],
      [
        -0.136446685,
        -0.102113195,
        0.9853706
      ],
      [
        -0.9764378,
        -0.154003471,
        -0.151169
      ]
    ],
    "translation": [
      2.23051953,
      0.8702036,
      -0.6317025
    ]
  },
  {
    "timeStamp": 12004,
    "rotation": [
      [
        0.138606533,
        -0.9880258,
        -0.06777313
      ],
      [
        -0.108362541,
        -0.08315339,
        0.9906276
      ],
      [
        -0.984401166,
        -0.129963368,
        -0.118590593
      ]
    ],
    "translation": [
      2.22725582,
      0.857085943,
      -0.63558346
    ]
  },
  {
    "timeStamp": 12060,
    "rotation": [
      [
        0.08968057,
        -0.995812833,
        -0.0177249983
      ],
      [
        -0.0932925344,
        -0.0261175074,
        0.9952961
      ],
      [
        -0.991591632,
        -0.0876051039,
        -0.09524414
      ]
    ],
    "translation": [
      2.2240448,
      0.8421562,
      -0.636962652
    ]
  },
  {
    "timeStamp": 12106,
    "rotation": [
      [
        0.06938648,
        -0.997549832,
        -0.00893874
      ],
      [
        -0.06631029,
        -0.0135524869,
        0.997707
      ],
      [
        -0.995383561,
        -0.06863465,
        -0.06708817
      ]
    ],
    "translation": [
      2.22257376,
      0.8298391,
      -0.6392976
    ]
  },
  {
    "timeStamp": 12162,
    "rotation": [
      [
        0.0318050459,
        -0.9993098,
        0.01919465
      ],
      [
        -0.0419169,
        0.0178538729,
        0.998961568
      ],
      [
        -0.9986147,
        -0.0325766,
        -0.0413201228
      ]
    ],
    "translation": [
      2.22208953,
      0.816426754,
      -0.641013443
    ]
  },
  {
    "timeStamp": 12206,
    "rotation": [
      [
        0.0286910925,
        -0.999460936,
        0.0159543585
      ],
      [
        -0.0255598724,
        0.0152221611,
        0.9995574
      ],
      [
        -0.999261439,
        -0.0290862,
        -0.0251093544
      ]
    ],
    "translation": [
      2.22569633,
      0.811921,
      -0.640071154
    ]
  },
  {
    "timeStamp": 12262,
    "rotation": [
      [
        0.00875528,
        -0.9996193,
        0.02616444
      ],
      [
        0.0004941045,
        0.0261697639,
        0.9996574
      ],
      [
        -0.999961555,
        -0.008739352,
        0.0007230401
      ]
    ],
    "translation": [
      2.22862172,
      0.8014837,
      -0.6422293
    ]
  },
  {
    "timeStamp": 12306,
    "rotation": [
      [
        0.008788162,
        -0.9998038,
        0.017751947
      ],
      [
        0.017232338,
        0.0179014187,
        0.999691248
      ],
      [
        -0.9998129,
        -0.008479543,
        0.0173862781
      ]
    ],
    "translation": [
      2.23310757,
      0.794852734,
      -0.644373059
    ]
  },
  {
    "timeStamp": 12361,
    "rotation": [
      [
        0.00104423624,
        -0.9998436,
        0.0176568814
      ],
      [
        0.029383773,
        0.0176799465,
        0.9994118
      ],
      [
        -0.9995677,
        -0.0005247853,
        0.0293976385
      ]
    ],
    "translation": [
      2.23659563,
      0.7866371,
      -0.645737052
    ]
  },
  {
    "timeStamp": 12406,
    "rotation": [
      [
        0.00505632954,
        -0.999464154,
        0.0323401168
      ],
      [
        0.0307536144,
        0.0324806534,
        0.9989991
      ],
      [
        -0.9995142,
        -0.00405670144,
        0.0309013687
      ]
    ],
    "translation": [
      2.23609924,
      0.77956605,
      -0.644047439
    ]
  },
  {
    "timeStamp": 12462,
    "rotation": [
      [
        0.0255445484,
        -0.9994891,
        0.01920905
      ],
      [
        0.0367553942,
        0.0201413613,
        0.9991213
      ],
      [
        -0.998997748,
        -0.0248160753,
        0.0372511148
      ]
    ],
    "translation": [
      2.23703265,
      0.770633,
      -0.639715731
    ]
  },
  {
    "timeStamp": 12508,
    "rotation": [
      [
        0.0285417568,
        -0.999388,
        0.02022666
      ],
      [
        0.040236976,
        0.02136717,
        0.9989617
      ],
      [
        -0.998782456,
        -0.027698271,
        0.0408222079
      ]
    ],
    "translation": [
      2.2367413,
      0.7625815,
      -0.636567831
    ]
  },
  {
    "timeStamp": 12560,
    "rotation": [
      [
        0.0477460064,
        -0.9986783,
        0.0190222841
      ],
      [
        0.0426075,
        0.02106296,
        0.998869836
      ],
      [
        -0.9979503,
        -0.0468815528,
        0.0435568653
      ]
    ],
    "translation": [
      2.23732448,
      0.7546891,
      -0.6315488
    ]
  },
  {
    "timeStamp": 12604,
    "rotation": [
      [
        0.0435239375,
        -0.99892956,
        0.01566404
      ],
      [
        0.0427839421,
        0.0175281763,
        0.9989306
      ],
      [
        -0.998135865,
        -0.04280722,
        0.0435010381
      ]
    ],
    "translation": [
      2.23811,
      0.7491487,
      -0.6281688
    ]
  },
  {
    "timeStamp": 12660,
    "rotation": [
      [
        0.03910971,
        -0.9989011,
        0.0258279424
      ],
      [
        0.04406869,
        0.0275468249,
        0.998648643
      ],
      [
        -0.9982627,
        -0.03791865,
        0.0450976081
      ]
    ],
    "translation": [
      2.23933959,
      0.7428483,
      -0.6249068
    ]
  },
  {
    "timeStamp": 12705,
    "rotation": [
      [
        0.0365241431,
        -0.9992953,
        0.008658498
      ],
      [
        0.0496710464,
        0.0104689049,
        0.998710752
      ],
      [
        -0.9980976,
        -0.03604697,
        0.0500184074
      ]
    ],
    "translation": [
      2.24218369,
      0.7388441,
      -0.623638332
    ]
  },
  {
    "timeStamp": 12760,
    "rotation": [
      [
        0.03347192,
        -0.9992994,
        0.0167422052
      ],
      [
        0.046488896,
        0.0182901863,
        0.998751342
      ],
      [
        -0.998357832,
        -0.0326517969,
        0.0470685326
      ]
    ],
    "translation": [
      2.24118733,
      0.734784245,
      -0.621105552
    ]
  },
  {
    "timeStamp": 12805,
    "rotation": [
      [
        0.03249627,
        -0.9994496,
        0.006661535
      ],
      [
        0.04601281,
        0.00815399,
        0.998907566
      ],
      [
        -0.998412132,
        -0.0321542546,
        0.046252463
      ]
    ],
    "translation": [
      2.24266887,
      0.732421339,
      -0.6193722
    ]
  },
  {
    "timeStamp": 12860,
    "rotation": [
      [
        0.02343118,
        -0.999702632,
        0.00675275736
      ],
      [
        0.04480873,
        0.007798009,
        0.998965144
      ],
      [
        -0.998720765,
        -0.0231043473,
        0.0449781269
      ]
    ],
    "translation": [
      2.24362516,
      0.729684532,
      -0.617978
    ]
  },
  {
    "timeStamp": 12905,
    "rotation": [
      [
        0.0324987546,
        -0.9994172,
        -0.0104453238
      ],
      [
        0.0387611166,
        -0.009182696,
        0.9992063
      ],
      [
        -0.9987199,
        -0.0328778364,
        0.0384401
      ]
    ],
    "translation": [
      2.24535871,
      0.7296419,
      -0.614922345
    ]
  },
  {
    "timeStamp": 12961,
    "rotation": [
      [
        0.0371972136,
        -0.9991169,
        -0.01953984
      ],
      [
        0.0366897471,
        -0.01817475,
        0.9991614
      ],
      [
        -0.99863416,
        -0.03788293,
        0.0359812938
      ]
    ],
    "translation": [
      2.24651575,
      0.7278494,
      -0.6120855
    ]
  },
  {
    "timeStamp": 13006,
    "rotation": [
      [
        0.0416588672,
        -0.9982825,
        -0.0411894247
      ],
      [
        0.039965786,
        -0.03952726,
        0.9984189
      ],
      [
        -0.998332262,
        -0.0432391576,
        0.0382504873
      ]
    ],
    "translation": [
      2.24932122,
      0.726691842,
      -0.6105557
    ]
  },
  {
    "timeStamp": 13061,
    "rotation": [
      [
        0.0403875038,
        -0.9985759,
        -0.0348567553
      ],
      [
        0.04056702,
        -0.033217717,
        0.9986245
      ],
      [
        -0.9983603,
        -0.0417459831,
        0.03916767
      ]
    ],
    "translation": [
      2.2522366,
      0.724668443,
      -0.6103924
    ]
  },
  {
    "timeStamp": 13106,
    "rotation": [
      [
        0.041121766,
        -0.998748,
        -0.0284863189
      ],
      [
        0.04298297,
        -0.02671573,
        0.99871856
      ],
      [
        -0.998229146,
        -0.0422934853,
        0.04183056
      ]
    ],
    "translation": [
      2.25224686,
      0.724365532,
      -0.61036247
    ]
  },
  {
    "timeStamp": 13161,
    "rotation": [
      [
        0.0403349921,
        -0.9989549,
        -0.021496933
      ],
      [
        0.0409915075,
        -0.0198419727,
        0.998962462
      ],
      [
        -0.998345,
        -0.04117433,
        0.0401483439
      ]
    ],
    "translation": [
      2.252283,
      0.723954141,
      -0.610398948
    ]
  },
  {
    "timeStamp": 13206,
    "rotation": [
      [
        0.03844209,
        -0.999117434,
        -0.016925592
      ],
      [
        0.0348120145,
        -0.0155887874,
        0.9992723
      ],
      [
        -0.998654246,
        -0.0390033349,
        0.0341820233
      ]
    ],
    "translation": [
      2.252309,
      0.723441541,
      -0.6104876
    ]
  }
]