[
  {
    "timeStamp": 12582,
    "rotation": [
      [
        0.88855356,
        -0.006590017,
        0.4587255
      ],
      [
        -0.458723426,
        0.00191549107,
        0.888577044
      ],
      [
        -0.00673442241,
        -0.999976456,
        -0.00132097874
      ]
    ],
    "translation": [
      2.16826773,
      0.74664,
      -0.7675134
    ]
  },
  {
    "timeStamp": 12638,
    "rotation": [
      [
        0.8980353,
        -0.007495578,
        0.43985945
      ],
      [
        -0.439848244,
        0.00316938083,
        0.8980665
      ],
      [
        -0.00812561,
        -0.99996686,
        -0.000450701074
      ]
    ],
    "translation": [
      2.16772366,
      0.7463735,
      -0.767387033
    ]
  },
  {
    "timeStamp": 12682,
    "rotation": [
      [
        0.903782845,
        -0.007630896,
        0.4279234
      ],
      [
        -0.427901953,
        0.004333545,
        0.9038148
      ],
      [
        -0.008751341,
        -0.999961555,
        0.0006513086
      ]
    ],
    "translation": [
      2.16734,
      0.7458053,
      -0.767342865
    ]
  },
  {
    "timeStamp": 12738,
    "rotation": [
      [
        0.911745369,
        -0.00529941,
        0.4107217
      ],
      [
        -0.410687923,
        0.00642732,
        0.911753356
      ],
      [
        -0.00747159356,
        -0.9999653,
        0.00368367578
      ]
    ],
    "translation": [
      2.167218,
      0.7450184,
      -0.76713264
    ]
  },
  {
    "timeStamp": 12782,
    "rotation": [
      [
        0.924343944,
        -0.006289559,
        0.3815086
      ],
      [
        -0.38155055,
        -0.008043005,
        0.924313
      ],
      [
        -0.00274504651,
        -0.9999479,
        -0.009834288
      ]
    ],
    "translation": [
      2.17220283,
      0.74417603,
      -0.7643195
    ]
  },
  {
    "timeStamp": 12838,
    "rotation": [
      [
        0.9606425,
        -0.03565204,
        0.2754901
      ],
      [
        -0.277072251,
        -0.0518554747,
        0.9594488
      ],
      [
        -0.019920649,
        -0.998017967,
        -0.05969277
      ]
    ],
    "translation": [
      2.19797015,
      0.742142558,
      -0.754987061
    ]
  },
  {
    "timeStamp": 12882,
    "rotation": [
      [
        0.982497752,
        0.00164351019,
        0.186267123
      ],
      [
        -0.185068086,
        -0.105003737,
        0.9770998
      ],
      [
        0.0211646371,
        -0.9944705,
        -0.102861777
      ]
    ],
    "translation": [
      2.217315,
      0.7410062,
      -0.7486962
    ]
  },
  {
    "timeStamp": 12938,
    "rotation": [
      [
        0.989550233,
        -0.0106638856,
        0.143793747
      ],
      [
        -0.144174591,
        -0.0870975852,
        0.985711753
      ],
      [
        0.00201258855,
        -0.996142745,
        -0.0877248943
      ]
    ],
    "translation": [
      2.22586274,
      0.7417833,
      -0.7499527
    ]
  },
  {
    "timeStamp": 12982,
    "rotation": [
      [
        0.9950813,
        -0.00317170052,
        0.09901115
      ],
      [
        -0.09901115,
        -0.0638456,
        0.993036032
      ],
      [
        0.0031718004,
        -0.9979548,
        -0.06384559
      ]
    ],
    "translation": [
      2.23266077,
      0.741037965,
      -0.754415
    ]
  },
  {
    "timeStamp": 13037,
    "rotation": [
      [
        0.999899447,
        0.007607782,
        0.0119675025
      ],
      [
        -0.011584946,
        -0.0484825522,
        0.9987568
      ],
      [
        0.008178547,
        -0.998795033,
        -0.04838954
      ]
    ],
    "translation": [
      2.24557519,
      0.7372519,
      -0.758144438
    ]
  },
  {
    "timeStamp": 13082,
    "rotation": [
      [
        0.9999025,
        0.0102381557,
        0.009496221
      ],
      [
        -0.008986266,
        -0.0487542674,
        0.998770356
      ],
      [
        0.0106885554,
        -0.9987583,
        -0.0486575142
      ]
    ],
    "translation": [
      2.24577212,
      0.7368909,
      -0.7585386
    ]
  },
  {
    "timeStamp": 13138,
    "rotation": [
      [
        0.998631835,
        0.0141982595,
        -0.0503271446
      ],
      [
        0.05096666,
        -0.0490013249,
        0.9974975
      ],
      [
        0.0116966274,
        -0.998697758,
        -0.049657926
      ]
    ],
    "translation": [
      2.25477982,
      0.733896732,
      -0.7587942
    ]
  },
  {
    "timeStamp": 13183,
    "rotation": [
      [
        0.9994292,
        0.00611044653,
        -0.03322526
      ],
      [
        0.0335003845,
        -0.0524307825,
        0.9980625
      ],
      [
        0.004356581,
        -0.9986059,
        -0.05260556
      ]
    ],
    "translation": [
      2.25217533,
      0.734085143,
      -0.759366
    ]
  },
  {
    "timeStamp": 13229,
    "rotation": [
      [
        0.999949038,
        0.00835338,
        0.00565821351
      ],
      [
        -0.00517065777,
        -0.0572767146,
        0.998344958
      ],
      [
        0.008663638,
        -0.9983234,
        -0.0572306067
      ]
    ],
    "translation": [
      2.24632931,
      0.735226154,
      -0.7602428
    ]
  },
  {
    "timeStamp": 13286,
    "rotation": [
      [
        0.9999692,
        0.00719779171,
        -0.00312763825
      ],
      [
        0.00352493837,
        -0.05586369,
        0.998432159
      ],
      [
        0.00701178238,
        -0.9984124,
        -0.05588734
      ]
    ],
    "translation": [
      2.24780035,
      0.735002935,
      -0.7619254
    ]
  },
  {
    "timeStamp": 13331,
    "rotation": [
      [
        0.999834538,
        0.009068904,
        0.0157644432
      ],
      [
        -0.0152313681,
        -0.0561172,
        0.998308
      ],
      [
        0.009938215,
        -0.9983829,
        -0.0559697859
      ]
    ],
    "translation": [
      2.24489236,
      0.735929966,
      -0.7622917
    ]
  },
  {
    "timeStamp": 13387,
    "rotation": [
      [
        0.9998736,
        0.008250282,
        0.01359288
      ],
      [
        -0.0131024579,
        -0.05683873,
        0.9982974
      ],
      [
        0.009008838,
        -0.998349249,
        -0.0567234419
      ]
    ],
    "translation": [
      2.24507785,
      0.7357732,
      -0.762131035
    ]
  },
  {
    "timeStamp": 13431,
    "rotation": [
      [
        0.999913156,
        0.00754760625,
        0.0108011561
      ],
      [
        -0.0103501976,
        -0.05742889,
        0.998295963
      ],
      [
        0.008155037,
        -0.998321056,
        -0.0573457852
      ]
    ],
    "translation": [
      2.24541759,
      0.735572934,
      -0.7620255
    ]
  },
  {
    "timeStamp": 13487,
    "rotation": [
      [
        0.999970853,
        0.00591314165,
        0.00483587245
      ],
      [
        -0.0044782036,
        -0.0590728633,
        0.99824363
      ],
      [
        0.006188425,
        -0.9982362,
        -0.0590446554
      ]
    ],
    "translation": [
      2.24621081,
      0.73488003,
      -0.761859834
    ]
  }
]