[
  {
    "timeStamp": 20339,
    "rotation": [
      [
        0.140569389,
        0.9896848,
        -0.0276456922
      ],
      [
        0.1281947,
        0.009494014,
        0.99170357
      ],
      [
        0.9817364,
        -0.1429472,
        -0.125537768
      ]
    ],
    "translation": [
      1.15428376,
      0.6999049,
      -0.354285151
    ]
  },
  {
    "timeStamp": 20395,
    "rotation": [
      [
        0.151470885,
        0.988460064,
        -0.00181263965
      ],
      [
        0.123888187,
        -0.01716513,
        0.9921477
      ],
      [
        0.9806673,
        -0.150506049,
        -0.125058532
      ]
    ],
    "translation": [
      1.15580273,
      0.703496337,
      -0.3485058
    ]
  },
  {
    "timeStamp": 20441,
    "rotation": [
      [
        0.172176421,
        0.9848453,
        0.0208587237
      ],
      [
        0.374647945,
        -0.08505247,
        0.9232578
      ],
      [
        0.9110402,
        -0.151148543,
        -0.383614242
      ]
    ],
    "translation": [
      1.15854609,
      0.7148782,
      -0.3013195
    ]
  },
  {
    "timeStamp": 20494,
    "rotation": [
      [
        0.189282328,
        0.9809942,
        0.0426913276
      ],
      [
        0.375640631,
        -0.112512715,
        0.9199103
      ],
      [
        0.90723,
        -0.158086166,
        -0.389797956
      ]
    ],
    "translation": [
      1.16372538,
      0.727716,
      -0.299976915
    ]
  },
  {
    "timeStamp": 20539,
    "rotation": [
      [
        0.218674719,
        0.974050045,
        0.05837804
      ],
      [
        0.361105442,
        -0.136356935,
        0.922501862
      ],
      [
        0.9065232,
        -0.180647209,
        -0.381552577
      ]
    ],
    "translation": [
      1.1744194,
      0.740582466,
      -0.302441716
    ]
  },
  {
    "timeStamp": 20594,
    "rotation": [
      [
        0.228951365,
        0.969297647,
        0.08968435
      ],
      [
        0.3709747,
        -0.172060519,
        0.912564
      ],
      [
        0.899977267,
        -0.17566216,
        -0.398978382
      ]
    ],
    "translation": [
      1.1888777,
      0.762218,
      -0.3092888
    ]
  },
  {
    "timeStamp": 20639,
    "rotation": [
      [
        0.246386319,
        0.961614668,
        0.120793611
      ],
      [
        0.381172121,
        -0.210739061,
        0.9001649
      ],
      [
        0.8910677,
        -0.175745159,
        -0.418463916
      ]
    ],
    "translation": [
      1.20771992,
      0.7869339,
      -0.317330837
    ]
  },
  {
    "timeStamp": 20694,
    "rotation": [
      [
        0.268917739,
        0.9509672,
        0.152789637
      ],
      [
        0.399731755,
        -0.2545194,
        0.8805875
      ],
      [
        0.8762978,
        -0.175730735,
        -0.44857657
      ]
    ],
    "translation": [
      1.2415359,
      0.820165038,
      -0.331993878
    ]
  },
  {
    "timeStamp": 20739,
    "rotation": [
      [
        0.291519165,
        0.939946532,
        0.177530751
      ],
      [
        0.411212474,
        -0.29071036,
        0.8639397
      ],
      [
        0.86366713,
        -0.178852111,
        -0.471265376
      ]
    ],
    "translation": [
      1.27919734,
      0.848277748,
      -0.349263132
    ]
  },
  {
    "timeStamp": 20794,
    "rotation": [
      [
        0.351313174,
        0.914565146,
        0.200373426
      ],
      [
        0.391237766,
        -0.33783707,
        0.856036842
      ],
      [
        0.850595057,
        -0.22234337,
        -0.476499081
      ]
    ],
    "translation": [
      1.33418453,
      0.879385233,
      -0.381219566
    ]
  },
  {
    "timeStamp": 20842,
    "rotation": [
      [
        0.382739,
        0.90320617,
        0.19424057
      ],
      [
        0.39272508,
        -0.34937048,
        0.850709856
      ],
      [
        0.8362283,
        -0.249316692,
        -0.488429427
      ]
    ],
    "translation": [
      1.38720632,
      0.89844507,
      -0.411165118
    ]
  },
  {
    "timeStamp": 20894,
    "rotation": [
      [
        0.444936961,
        0.8763755,
        0.18438305
      ],
      [
        0.379576325,
        -0.3710204,
        0.847505569
      ],
      [
        0.811143,
        -0.307099134,
        -0.497732073
      ]
    ],
    "translation": [
      1.45691431,
      0.91968,
      -0.4511178
    ]
  },
  {
    "timeStamp": 20939,
    "rotation": [
      [
        0.502311,
        0.8475238,
        0.171426624
      ],
      [
        0.351844877,
        -0.381433636,
        0.854817867
      ],
      [
        0.7898664,
        -0.369068831,
        -0.489795238
      ]
    ],
    "translation": [
      1.511677,
      0.9314146,
      -0.4876296
    ]
  },
  {
    "timeStamp": 20994,
    "rotation": [
      [
        0.5765962,
        0.8029774,
        0.150877833
      ],
      [
        0.336814076,
        -0.401854068,
        0.851510167
      ],
      [
        0.7443743,
        -0.440159738,
        -0.5021616
      ]
    ],
    "translation": [
      1.57777774,
      0.946997464,
      -0.5260678
    ]
  },
  {
    "timeStamp": 21039,
    "rotation": [
      [
        0.6210717,
        0.7740239,
        0.123113461
      ],
      [
        0.32536605,
        -0.397536218,
        0.8579638
      ],
      [
        0.7130265,
        -0.492800117,
        -0.4987396
      ]
    ],
    "translation": [
      1.62919283,
      0.9543872,
      -0.556354165
    ]
  },
  {
    "timeStamp": 21094,
    "rotation": [
      [
        0.7015591,
        0.706819952,
        0.09066625
      ],
      [
        0.3048832,
        -0.4127137,
        0.858320236
      ],
      [
        0.6440971,
        -0.574519753,
        -0.5050406
      ]
    ],
    "translation": [
      1.6902442,
      0.965415955,
      -0.5857082
    ]
  },
  {
    "timeStamp": 21139,
    "rotation": [
      [
        0.740936935,
        0.670374751,
        0.04012538
      ],
      [
        0.315021425,
        -0.39970395,
        0.860812545
      ],
      [
        0.593105257,
        -0.6251675,
        -0.507337868
      ]
    ],
    "translation": [
      1.74221146,
      0.968028545,
      -0.6051461
    ]
  },
  {
    "timeStamp": 21194,
    "rotation": [
      [
        0.8319538,
        0.554506958,
        0.01936135
      ],
      [
        0.239876285,
        -0.390925258,
        0.8886151
      ],
      [
        0.5003121,
        -0.7346424,
        -0.45824486
      ]
    ],
    "translation": [
      1.802144,
      0.9620652,
      -0.6320552
    ]
  },
  {
    "timeStamp": 21239,
    "rotation": [
      [
        0.854698241,
        0.515444934,
        -0.06170403
      ],
      [
        0.2774196,
        -0.353045642,
        0.8935307
      ],
      [
        0.438781559,
        -0.780817032,
        -0.444742024
      ]
    ],
    "translation": [
      1.856727,
      0.9562119,
      -0.6494671
    ]
  },
  {
    "timeStamp": 21294,
    "rotation": [
      [
        0.8958093,
        0.432412684,
        -0.102688774
      ],
      [
        0.26172778,
        -0.326524228,
        0.9082293
      ],
      [
        0.359199464,
        -0.840476751,
        -0.405677855
      ]
    ],
    "translation": [
      1.91170824,
      0.949810863,
      -0.672957
    ]
  },
  {
    "timeStamp": 21339,
    "rotation": [
      [
        0.9205444,
        0.369388163,
        -0.127083883
      ],
      [
        0.2564512,
        -0.3260551,
        0.909901559
      ],
      [
        0.2946705,
        -0.870195568,
        -0.394878238
      ]
    ],
    "translation": [
      1.94711411,
      0.951770246,
      -0.6855782
    ]
  },
  {
    "timeStamp": 21394,
    "rotation": [
      [
        0.934524953,
        0.309754372,
        -0.17525804
      ],
      [
        0.272084355,
        -0.30437842,
        0.912865758
      ],
      [
        0.22941941,
        -0.9007808,
        -0.368728548
      ]
    ],
    "translation": [
      1.98911774,
      0.951741934,
      -0.702639937
    ]
  },
  {
    "timeStamp": 21439,
    "rotation": [
      [
        0.9415567,
        0.2800066,
        -0.187262535
      ],
      [
        0.26785022,
        -0.2852186,
        0.9202753
      ],
      [
        0.204272375,
        -0.91664964,
        -0.3435493
      ]
    ],
    "translation": [
      2.01305652,
      0.949103236,
      -0.714642465
    ]
  },
  {
    "timeStamp": 21494,
    "rotation": [
      [
        0.9555862,
        0.2238831,
        -0.1916541
      ],
      [
        0.248599082,
        -0.263078332,
        0.9321954
      ],
      [
        0.158282772,
        -0.9384381,
        -0.307051152
      ]
    ],
    "translation": [
      2.03948259,
      0.9426199,
      -0.7278536
    ]
  },
  {
    "timeStamp": 21538,
    "rotation": [
      [
        0.9596406,
        0.2084652,
        -0.1887646
      ],
      [
        0.23831965,
        -0.2464509,
        0.939396441
      ],
      [
        0.149310261,
        -0.9464693,
        -0.286185652
      ]
    ],
    "translation": [
      2.05206323,
      0.937107861,
      -0.7343881
    ]
  },
  {
    "timeStamp": 21589,
    "rotation": [
      [
        0.971249342,
        0.162166178,
        -0.1742893
      ],
      [
        0.2068787,
        -0.212681577,
        0.95497
      ],
      [
        0.1177957,
        -0.9635708,
        -0.240115583
      ]
    ],
    "translation": [
      2.07379913,
      0.9245533,
      -0.7440642
    ]
  },
  {
    "timeStamp": 21645,
    "rotation": [
      [
        0.9613301,
        0.1633625,
        -0.221713826
      ],
      [
        0.2504182,
        -0.1834911,
        0.9505902
      ],
      [
        0.114608265,
        -0.9693522,
        -0.217304468
      ]
    ],
    "translation": [
      2.098562,
      0.9170314,
      -0.7499493
    ]
  },
  {
    "timeStamp": 21689,
    "rotation": [
      [
        0.9698495,
        0.128697559,
        -0.2069514
      ],
      [
        0.2273377,
        -0.1718171,
        0.9585387
      ],
      [
        0.0878038,
        -0.9766862,
        -0.195894539
      ]
    ],
    "translation": [
      2.11032033,
      0.911820948,
      -0.753608763
    ]
  },
  {
    "timeStamp": 21745,
    "rotation": [
      [
        0.9741963,
        0.11129351,
        -0.196354866
      ],
      [
        0.211838767,
        -0.150666058,
        0.965621054
      ],
      [
        0.0778833255,
        -0.982300043,
        -0.1703546
      ]
    ],
    "translation": [
      2.12074685,
      0.902692258,
      -0.7584162
    ]
  },
  {
    "timeStamp": 21789,
    "rotation": [
      [
        0.971054852,
        0.100059718,
        -0.2168883
      ],
      [
        0.228703663,
        -0.127570227,
        0.9651013
      ],
      [
        0.0688992962,
        -0.986769438,
        -0.14676173
      ]
    ],
    "translation": [
      2.13423276,
      0.895448744,
      -0.7626008
    ]
  },
  {
    "timeStamp": 21844,
    "rotation": [
      [
        0.9793221,
        0.0830284953,
        -0.184484735
      ],
      [
        0.192815453,
        -0.107015789,
        0.9753819
      ],
      [
        0.0612417348,
        -0.9907845,
        -0.1208121
      ]
    ],
    "translation": [
      2.13507318,
      0.886153936,
      -0.768210649
    ]
  },
  {
    "timeStamp": 21889,
    "rotation": [
      [
        0.9779045,
        0.08166871,
        -0.192439467
      ],
      [
        0.199616686,
        -0.0913560838,
        0.9756061
      ],
      [
        0.0620959736,
        -0.9924637,
        -0.105639964
      ]
    ],
    "translation": [
      2.140031,
      0.88031,
      -0.771695
    ]
  },
  {
    "timeStamp": 21945,
    "rotation": [
      [
        0.990024865,
        0.05689883,
        -0.1288925
      ],
      [
        0.133116171,
        -0.0780223,
        0.9880246
      ],
      [
        0.04616095,
        -0.9953266,
        -0.08481818
      ]
    ],
    "translation": [
      2.134024,
      0.873703063,
      -0.7748892
    ]
  },
  {
    "timeStamp": 21989,
    "rotation": [
      [
        0.9900495,
        0.06380599,
        -0.125422984
      ],
      [
        0.129760146,
        -0.06909517,
        0.9891351
      ],
      [
        0.05444664,
        -0.9955675,
        -0.076687105
      ]
    ],
    "translation": [
      2.13213468,
      0.866651833,
      -0.7773708
    ]
  },
  {
    "timeStamp": 22046,
    "rotation": [
      [
        0.991318345,
        0.05386038,
        -0.119946055
      ],
      [
        0.122665726,
        -0.0503914,
        0.9911679
      ],
      [
        0.0473404266,
        -0.997276247,
        -0.05656074
      ]
    ],
    "translation": [
      2.13577461,
      0.8584291,
      -0.7820074
    ]
  },
  {
    "timeStamp": 22092,
    "rotation": [
      [
        0.9958208,
        0.0375142843,
        -0.08326822
      ],
      [
        0.0851781,
        -0.0525686331,
        0.994978
      ],
      [
        0.0329486,
        -0.997912467,
        -0.0555443354
      ]
    ],
    "translation": [
      2.13094568,
      0.8540538,
      -0.7818247
    ]
  },
  {
    "timeStamp": 22138,
    "rotation": [
      [
        0.9948376,
        0.0417312235,
        -0.09250249
      ],
      [
        0.09463941,
        -0.0525217019,
        0.9941252
      ],
      [
        0.0366276875,
        -0.9977475,
        -0.05619998
      ]
    ],
    "translation": [
      2.13458443,
      0.8500658,
      -0.781613767
    ]
  },
  {
    "timeStamp": 22194,
    "rotation": [
      [
        0.99539274,
        0.0354444124,
        -0.08908991
      ],
      [
        0.09063802,
        -0.0447719954,
        0.994877
      ],
      [
        0.03127409,
        -0.998368263,
        -0.04777833
      ]
    ],
    "translation": [
      2.13790154,
      0.843387842,
      -0.78276217
    ]
  },
  {
    "timeStamp": 22238,
    "rotation": [
      [
        0.9944189,
        0.047351975,
        -0.09428017
      ],
      [
        0.09577113,
        -0.0302673765,
        0.9949431
      ],
      [
        0.0442588925,
        -0.9984196,
        -0.0346334055
      ]
    ],
    "translation": [
      2.14004922,
      0.8363711,
      -0.7848719
    ]
  },
  {
    "timeStamp": 22294,
    "rotation": [
      [
        0.99002564,
        0.03922419,
        -0.135317087
      ],
      [
        0.1358938,
        -0.0124178678,
        0.9906456
      ],
      [
        0.037176922,
        -0.999153256,
        -0.0176243335
      ]
    ],
    "translation": [
      2.15347338,
      0.8282742,
      -0.7879285
    ]
  },
  {
    "timeStamp": 22338,
    "rotation": [
      [
        0.988173664,
        0.0432115,
        -0.147124484
      ],
      [
        0.147227734,
        0.0008007268,
        0.9891023
      ],
      [
        0.0428584032,
        -0.999065638,
        -0.00557067432
      ]
    ],
    "translation": [
      2.159093,
      0.8224795,
      -0.7904976
    ]
  },
  {
    "timeStamp": 22394,
    "rotation": [
      [
        0.9881843,
        0.0373917073,
        -0.1486393
      ],
      [
        0.148555115,
        0.005035375,
        0.9888913
      ],
      [
        0.03772479,
        -0.999287963,
        -0.000578851555
      ]
    ],
    "translation": [
      2.16151428,
      0.8176192,
      -0.7914544
    ]
  },
  {
    "timeStamp": 22438,
    "rotation": [
      [
        0.9883742,
        0.04139712,
        -0.146296859
      ],
      [
        0.145975843,
        0.0106903249,
        0.9892304
      ],
      [
        0.04251525,
        -0.999085546,
        0.00452306168
      ]
    ],
    "translation": [
      2.16189241,
      0.813900352,
      -0.7926203
    ]
  },
  {
    "timeStamp": 22494,
    "rotation": [
      [
        0.9905543,
        0.0321814269,
        -0.1332913
      ],
      [
        0.1329608,
        0.0122100655,
        0.9910461
      ],
      [
        0.0335207768,
        -0.9994075,
        0.007815864
      ]
    ],
    "translation": [
      2.15869164,
      0.810422659,
      -0.792540848
    ]
  },
  {
    "timeStamp": 22538,
    "rotation": [
      [
        0.9885209,
        0.04086952,
        -0.145451486
      ],
      [
        0.144738629,
        0.0199069176,
        0.9892697
      ],
      [
        0.0433264636,
        -0.9989662,
        0.0137630058
      ]
    ],
    "translation": [
      2.160746,
      0.8077879,
      -0.793642163
    ]
  },
  {
    "timeStamp": 22594,
    "rotation": [
      [
        0.9947037,
        0.0335772224,
        -0.09714442
      ],
      [
        0.09693555,
        0.007797307,
        0.9952601
      ],
      [
        0.0341755338,
        -0.9994057,
        0.004501184
      ]
    ],
    "translation": [
      2.15066957,
      0.805258,
      -0.790748239
    ]
  },
  {
    "timeStamp": 22638,
    "rotation": [
      [
        0.992525756,
        0.040025007,
        -0.115285128
      ],
      [
        0.114847042,
        0.0130851706,
        0.993297
      ],
      [
        0.04126525,
        -0.999113,
        0.008390614
      ]
    ],
    "translation": [
      2.15295768,
      0.8027805,
      -0.790599167
    ]
  },
  {
    "timeStamp": 22694,
    "rotation": [
      [
        0.994674444,
        0.0346120521,
        -0.09708112
      ],
      [
        0.09672867,
        0.0117199952,
        0.995241761
      ],
      [
        0.0355851538,
        -0.99933213,
        0.008309601
      ]
    ],
    "translation": [
      2.15199518,
      0.7999974,
      -0.7903701
    ]
  },
  {
    "timeStamp": 22738,
    "rotation": [
      [
        0.996490061,
        0.031492807,
        -0.0775622055
      ],
      [
        0.07736034,
        0.007580538,
        0.9969744
      ],
      [
        0.03198548,
        -0.999475241,
        0.005117636
      ]
    ],
    "translation": [
      2.14628267,
      0.798262,
      -0.788620055
    ]
  },
  {
    "timeStamp": 22794,
    "rotation": [
      [
        0.992373466,
        0.0403130166,
        -0.116489239
      ],
      [
        0.11588335,
        0.0170613434,
        0.99311626
      ],
      [
        0.0420229845,
        -0.999041438,
        0.0122596174
      ]
    ],
    "translation": [
      2.15536118,
      0.79538244,
      -0.789618969
    ]
  },
  {
    "timeStamp": 22838,
    "rotation": [
      [
        0.9964293,
        0.03088355,
        -0.07857989
      ],
      [
        0.0782111,
        0.0129751377,
        0.9968524
      ],
      [
        0.03180592,
        -0.999438763,
        0.0105133709
      ]
    ],
    "translation": [
      2.1489408,
      0.793434858,
      -0.7887277
    ]
  },
  {
    "timeStamp": 22894,
    "rotation": [
      [
        0.9940706,
        0.0366979726,
        -0.102356829
      ],
      [
        0.101826064,
        0.0160565358,
        0.994672656
      ],
      [
        0.03814596,
        -0.999197364,
        0.0122245215
      ]
    ],
    "translation": [
      2.15314341,
      0.7912452,
      -0.788361251
    ]
  },
  {
    "timeStamp": 22938,
    "rotation": [
      [
        0.9962501,
        0.0295792855,
        -0.08130684
      ],
      [
        0.08079351,
        0.018156305,
        0.996565461
      ],
      [
        0.0309539344,
        -0.9993975,
        0.015698405
      ]
    ],
    "translation": [
      2.15120363,
      0.7892319,
      -0.788856566
    ]
  },
  {
    "timeStamp": 22993,
    "rotation": [
      [
        0.994737864,
        0.0329098,
        -0.0970231444
      ],
      [
        0.0963416,
        0.021702582,
        0.9951117
      ],
      [
        0.034854576,
        -0.999222636,
        0.018417798
      ]
    ],
    "translation": [
      2.15364122,
      0.78697443,
      -0.78873384
    ]
  },
  {
    "timeStamp": 23038,
    "rotation": [
      [
        0.994666457,
        0.0315902941,
        -0.09818655
      ],
      [
        0.0973333642,
        0.0275019687,
        0.9948718
      ],
      [
        0.0341286063,
        -0.999122441,
        0.0242804978
      ]
    ],
    "translation": [
      2.15687442,
      0.786711335,
      -0.789526761
    ]
  },
  {
    "timeStamp": 23094,
    "rotation": [
      [
        0.995971143,
        0.0280080419,
        -0.08518773
      ],
      [
        0.08446807,
        0.0259476565,
        0.996088266
      ],
      [
        0.0301089138,
        -0.9992708,
        0.02347733
      ]
    ],
    "translation": [
      2.154451,
      0.7853813,
      -0.7881951
    ]
  },
  {
    "timeStamp": 23139,
    "rotation": [
      [
        0.994320631,
        0.03161863,
        -0.101620428
      ],
      [
        0.100606382,
        0.0321641527,
        0.9944063
      ],
      [
        0.034710288,
        -0.9989823,
        0.0288004447
      ]
    ],
    "translation": [
      2.15835881,
      0.7833935,
      -0.7894446
    ]
  },
  {
    "timeStamp": 23193,
    "rotation": [
      [
        0.9965997,
        0.0224147663,
        -0.07928847
      ],
      [
        0.07862362,
        0.0291321147,
        0.9964786
      ],
      [
        0.02464568,
        -0.999324262,
        0.027270725
      ]
    ],
    "translation": [
      2.15590549,
      0.782310963,
      -0.788274944
    ]
  },
  {
    "timeStamp": 23238,
    "rotation": [
      [
        0.995330751,
        0.0268748589,
        -0.0927063748
      ],
      [
        0.0917043,
        0.0363895223,
        0.9951212
      ],
      [
        0.0301172677,
        -0.998976231,
        0.03375507
      ]
    ],
    "translation": [
      2.15839958,
      0.780396461,
      -0.7895027
    ]
  },
  {
    "timeStamp": 23293,
    "rotation": [
      [
        0.9973334,
        0.0205713976,
        -0.0700200945
      ],
      [
        0.06939848,
        0.029519774,
        0.99715215
      ],
      [
        0.0225798,
        -0.999352455,
        0.0280134343
      ]
    ],
    "translation": [
      2.15438986,
      0.779370964,
      -0.78744173
    ]
  },
  {
    "timeStamp": 23338,
    "rotation": [
      [
        0.9964373,
        0.0235881768,
        -0.08097097
      ],
      [
        0.08006912,
        0.0369532332,
        0.9961041
      ],
      [
        0.02648841,
        -0.9990386,
        0.0349328965
      ]
    ],
    "translation": [
      2.15651727,
      0.7775713,
      -0.7886234
    ]
  },
  {
    "timeStamp": 23393,
    "rotation": [
      [
        0.996207237,
        0.0232589133,
        -0.08384576
      ],
      [
        0.0828934759,
        0.0392635,
        0.99578464
      ],
      [
        0.0264529455,
        -0.9989581,
        0.0371865742
      ]
    ],
    "translation": [
      2.157996,
      0.775575638,
      -0.78842926
    ]
  },
  {
    "timeStamp": 23438,
    "rotation": [
      [
        0.996885657,
        0.0206624139,
        -0.07610595
      ],
      [
        0.07524456,
        0.03967957,
        0.9963753
      ],
      [
        0.0236073732,
        -0.9989988,
        0.0380012542
      ]
    ],
    "translation": [
      2.156524,
      0.7744864,
      -0.788243055
    ]
  },
  {
    "timeStamp": 23493,
    "rotation": [
      [
        0.99602747,
        0.019472843,
        -0.08689068
      ],
      [
        0.08592765,
        0.04578406,
        0.995248854
      ],
      [
        0.023358522,
        -0.998761535,
        0.04392893
      ]
    ],
    "translation": [
      2.15924835,
      0.7726262,
      -0.788930535
    ]
  },
  {
    "timeStamp": 23538,
    "rotation": [
      [
        0.9966645,
        0.0168235078,
        -0.07985426
      ],
      [
        0.07903375,
        0.04481034,
        0.9958643
      ],
      [
        0.0203322489,
        -0.9988538,
        0.04333125
      ]
    ],
    "translation": [
      2.15832233,
      0.771729231,
      -0.7885366
    ]
  }
]