[
  {
    "timeStamp": 40097,
    "rotation": [
      [
        0.9997656,
        -0.0207060333,
        0.00633723
      ],
      [
        -0.006356214,
        -0.000851164048,
        0.999979436
      ],
      [
        -0.0207002144,
        -0.9997853,
        -0.0009825764
      ]
    ],
    "translation": [
      1.77079523,
      0.7015105,
      -0.215085924
    ]
  },
  {
    "timeStamp": 40152,
    "rotation": [
      [
        0.9998054,
        -0.00658642547,
        -0.0185985547
      ],
      [
        0.0186353084,
        0.00556334248,
        0.9998109
      ],
      [
        -0.006481712,
        -0.999962866,
        0.00568499975
      ]
    ],
    "translation": [
      1.769125,
      0.7004766,
      -0.215268508
    ]
  },
  {
    "timeStamp": 40200,
    "rotation": [
      [
        0.999717355,
        0.0100080445,
        -0.021563245
      ],
      [
        0.0216710865,
        -0.0107951164,
        0.999706864
      ],
      [
        0.009772327,
        -0.9998916,
        -0.0110089509
      ]
    ],
    "translation": [
      1.767135,
      0.7022522,
      -0.215486616
    ]
  },
  {
    "timeStamp": 40252,
    "rotation": [
      [
        0.9996946,
        -0.01849119,
        0.0163940247
      ],
      [
        -0.0163501929,
        0.002519143,
        0.999863148
      ],
      [
        -0.018529959,
        -0.999825835,
        0.00221603923
      ]
    ],
    "translation": [
      1.76687908,
      0.7018188,
      -0.218521088
    ]
  },
  {
    "timeStamp": 40297,
    "rotation": [
      [
        0.996546,
        -0.0454209819,
        0.069519
      ],
      [
        -0.069308944,
        0.006184985,
        0.997576058
      ],
      [
        -0.04574086,
        -0.998948753,
        0.0030155417
      ]
    ],
    "translation": [
      1.76485908,
      0.7092788,
      -0.22423631
    ]
  },
  {
    "timeStamp": 40352,
    "rotation": [
      [
        0.997068763,
        -0.0264492631,
        0.07179313
      ],
      [
        -0.0726008043,
        -0.0309584811,
        0.9968805
      ],
      [
        -0.024144141,
        -0.999170661,
        -0.0327879749
      ]
    ],
    "translation": [
      1.76514208,
      0.7315378,
      -0.232124746
    ]
  },
  {
    "timeStamp": 40408,
    "rotation": [
      [
        0.996352732,
        -0.013086535,
        0.0843202
      ],
      [
        -0.08524564,
        -0.108808145,
        0.9904009
      ],
      [
        -0.00378618855,
        -0.9939766,
        -0.109526873
      ]
    ],
    "translation": [
      1.76955807,
      0.7704239,
      -0.2385853
    ]
  },
  {
    "timeStamp": 40452,
    "rotation": [
      [
        0.9973251,
        0.00610311376,
        0.07283843
      ],
      [
        -0.0708386749,
        -0.164909691,
        0.9837615
      ],
      [
        0.0180157758,
        -0.9862898,
        -0.164036229
      ]
    ],
    "translation": [
      1.77867317,
      0.8012848,
      -0.250855267
    ]
  },
  {
    "timeStamp": 40497,
    "rotation": [
      [
        0.995349348,
        -0.0192909464,
        0.0943794
      ],
      [
        -0.0963237956,
        -0.2110815,
        0.9727108
      ],
      [
        0.00115725154,
        -0.977278054,
        -0.211958021
      ]
    ],
    "translation": [
      1.79282558,
      0.833689153,
      -0.266268671
    ]
  },
  {
    "timeStamp": 40552,
    "rotation": [
      [
        0.9969885,
        0.0119969295,
        0.07661581
      ],
      [
        -0.07076518,
        -0.263371676,
        0.962095439
      ],
      [
        0.03172063,
        -0.9646198,
        -0.261729568
      ]
    ],
    "translation": [
      1.8087399,
      0.8712114,
      -0.298057318
    ]
  },
  {
    "timeStamp": 40608,
    "rotation": [
      [
        0.9931014,
        -0.0316843241,
        0.112897038
      ],
      [
        -0.117196172,
        -0.2996747,
        0.9468158
      ],
      [
        0.003833163,
        -0.9535152,
        -0.301320642
      ]
    ],
    "translation": [
      1.8329649,
      0.9064389,
      -0.332550883
    ]
  },
  {
    "timeStamp": 40653,
    "rotation": [
      [
        0.9916859,
        -0.05849845,
        0.114616781
      ],
      [
        -0.127352059,
        -0.3184297,
        0.9393529
      ],
      [
        -0.018453287,
        -0.946139753,
        -0.323232144
      ]
    ],
    "translation": [
      1.85713387,
      0.9291484,
      -0.364556074
    ]
  },
  {
    "timeStamp": 40708,
    "rotation": [
      [
        0.9799811,
        -0.140328437,
        0.14122656
      ],
      [
        -0.180634737,
        -0.328431636,
        0.9270943
      ],
      [
        -0.08371444,
        -0.9340453,
        -0.347204983
      ]
    ],
    "translation": [
      1.894632,
      0.953105569,
      -0.4032172
    ]
  },
  {
    "timeStamp": 40752,
    "rotation": [
      [
        0.972612,
        -0.1975319,
        0.122502729
      ],
      [
        -0.186592028,
        -0.349275559,
        0.9182538
      ],
      [
        -0.1385972,
        -0.9159627,
        -0.3765675
      ]
    ],
    "translation": [
      1.92923868,
      0.969763041,
      -0.4329512
    ]
  },
  {
    "timeStamp": 40808,
    "rotation": [
      [
        0.9588304,
        -0.2692553,
        0.09025414
      ],
      [
        -0.185202,
        -0.3519649,
        0.917508
      ],
      [
        -0.2152776,
        -0.8964498,
        -0.387341261
      ]
    ],
    "translation": [
      1.97539473,
      0.9784875,
      -0.46588403
    ]
  },
  {
    "timeStamp": 40852,
    "rotation": [
      [
        0.9443766,
        -0.324737251,
        0.0519472547
      ],
      [
        -0.17300944,
        -0.356245726,
        0.91823566
      ],
      [
        -0.279679328,
        -0.8761476,
        -0.392612725
      ]
    ],
    "translation": [
      2.01208568,
      0.9816134,
      -0.488640547
    ]
  },
  {
    "timeStamp": 40908,
    "rotation": [
      [
        0.9253954,
        -0.378836,
        0.0112525523
      ],
      [
        -0.156958416,
        -0.3560454,
        0.9211925
      ],
      [
        -0.3449745,
        -0.8542335,
        -0.388944268
      ]
    ],
    "translation": [
      2.05462575,
      0.98002094,
      -0.5105454
    ]
  },
  {
    "timeStamp": 40952,
    "rotation": [
      [
        0.906999052,
        -0.420561671,
        -0.0219214689
      ],
      [
        -0.1379106,
        -0.345800638,
        0.928117752
      ],
      [
        -0.397911221,
        -0.838778734,
        -0.371640772
      ]
    ],
    "translation": [
      2.085873,
      0.974395156,
      -0.5228762
    ]
  },
  {
    "timeStamp": 41002,
    "rotation": [
      [
        0.8915316,
        -0.45012036,
        -0.05062756
      ],
      [
        -0.122314021,
        -0.3468536,
        0.9299096
      ],
      [
        -0.4361316,
        -0.8228513,
        -0.364286959
      ]
    ],
    "translation": [
      2.113446,
      0.9711895,
      -0.5314417
    ]
  },
  {
    "timeStamp": 41047,
    "rotation": [
      [
        0.874351144,
        -0.4804153,
        -0.06863775
      ],
      [
        -0.104856841,
        -0.325115383,
        0.939843059
      ],
      [
        -0.4738302,
        -0.8145557,
        -0.334639847
      ]
    ],
    "translation": [
      2.14110184,
      0.9613527,
      -0.537923038
    ]
  },
  {
    "timeStamp": 41102,
    "rotation": [
      [
        0.8643415,
        -0.4938905,
        -0.09479424
      ],
      [
        -0.07162994,
        -0.307474762,
        0.948856354
      ],
      [
        -0.497778,
        -0.81334585,
        -0.301140547
      ]
    ],
    "translation": [
      2.16539168,
      0.950639248,
      -0.5408964
    ]
  },
  {
    "timeStamp": 41147,
    "rotation": [
      [
        0.849235237,
        -0.5215631,
        -0.082288906
      ],
      [
        -0.06730533,
        -0.261502773,
        0.9628532
      ],
      [
        -0.523707449,
        -0.812150359,
        -0.257181317
      ]
    ],
    "translation": [
      2.18195844,
      0.9353185,
      -0.5447773
    ]
  },
  {
    "timeStamp": 41203,
    "rotation": [
      [
        0.841151,
        -0.5312714,
        -0.101072468
      ],
      [
        -0.0397301763,
        -0.247095972,
        0.9681762
      ],
      [
        -0.5393389,
        -0.81036675,
        -0.228952542
      ]
    ],
    "translation": [
      2.20133328,
      0.92328,
      -0.54479444
    ]
  },
  {
    "timeStamp": 41247,
    "rotation": [
      [
        0.831505656,
        -0.5493953,
        -0.08223823
      ],
      [
        -0.03611463,
        -0.201187447,
        0.9788868
      ],
      [
        -0.5543411,
        -0.8109799,
        -0.1871297
      ]
    ],
    "translation": [
      2.21290874,
      0.9068593,
      -0.5467508
    ]
  },
  {
    "timeStamp": 41302,
    "rotation": [
      [
        0.8307832,
        -0.546013057,
        -0.108023457
      ],
      [
        0.004298084,
        -0.1877795,
        0.9822018
      ],
      [
        -0.5565796,
        -0.8164611,
        -0.153657258
      ]
    ],
    "translation": [
      2.22676539,
      0.8960357,
      -0.5438336
    ]
  },
  {
    "timeStamp": 41347,
    "rotation": [
      [
        0.839163,
        -0.5360441,
        -0.0919891745
      ],
      [
        0.00396626955,
        -0.16309911,
        0.9866017
      ],
      [
        -0.543865442,
        -0.8282845,
        -0.134740651
      ]
    ],
    "translation": [
      2.230289,
      0.884766936,
      -0.5384221
    ]
  },
  {
    "timeStamp": 41402,
    "rotation": [
      [
        0.8397369,
        -0.5340741,
        -0.09801396
      ],
      [
        0.0290376972,
        -0.136079386,
        0.9902723
      ],
      [
        -0.5422165,
        -0.834414244,
        -0.0987626
      ]
    ],
    "translation": [
      2.238991,
      0.8712272,
      -0.5340692
    ]
  },
  {
    "timeStamp": 41448,
    "rotation": [
      [
        0.840149,
        -0.5354385,
        -0.0863443241
      ],
      [
        0.0292473529,
        -0.114242278,
        0.9930223
      ],
      [
        -0.541566551,
        -0.836812,
        -0.08032037
      ]
    ],
    "translation": [
      2.24354362,
      0.861426,
      -0.5303724
    ]
  },
  {
    "timeStamp": 41505,
    "rotation": [
      [
        0.8404172,
        -0.534559965,
        -0.08913202
      ],
      [
        0.0485144146,
        -0.0895985439,
        0.9947957
      ],
      [
        -0.539764047,
        -0.8403676,
        -0.0493662953
      ]
    ],
    "translation": [
      2.24962735,
      0.849962533,
      -0.528565049
    ]
  },
  {
    "timeStamp": 41550,
    "rotation": [
      [
        0.833963633,
        -0.548359,
        -0.0617009737
      ],
      [
        0.03313133,
        -0.0618546642,
        0.9975351
      ],
      [
        -0.550823867,
        -0.833952248,
        -0.03341668
      ]
    ],
    "translation": [
      2.25181746,
      0.8405959,
      -0.5287199
    ]
  },
  {
    "timeStamp": 41607,
    "rotation": [
      [
        0.841624856,
        -0.5365264,
        -0.0617017038
      ],
      [
        0.044130262,
        -0.0455455258,
        0.997987032
      ],
      [
        -0.5382566,
        -0.8426536,
        -0.0146551952
      ]
    ],
    "translation": [
      2.25061321,
      0.831620634,
      -0.5289386
    ]
  },
  {
    "timeStamp": 41652,
    "rotation": [
      [
        0.8439178,
        -0.534758866,
        -0.0428457446
      ],
      [
        0.0320918374,
        -0.0294006839,
        0.9990524
      ],
      [
        -0.535511851,
        -0.8444931,
        -0.007650365
      ]
    ],
    "translation": [
      2.247982,
      0.824678063,
      -0.528815866
    ]
  },
  {
    "timeStamp": 41711,
    "rotation": [
      [
        0.8443011,
        -0.5345376,
        -0.0377515443
      ],
      [
        0.03520381,
        -0.0149686271,
        0.999268055
      ],
      [
        -0.5347114,
        -0.8450121,
        0.006179733
      ]
    ],
    "translation": [
      2.24658918,
      0.816733,
      -0.5306213
    ]
  },
  {
    "timeStamp": 41751,
    "rotation": [
      [
        0.8442349,
        -0.5351919,
        -0.0289323963
      ],
      [
        0.03022792,
        -0.006351234,
        0.999522865
      ],
      [
        -0.5351203,
        -0.8447066,
        0.0108158048
      ]
    ],
    "translation": [
      2.24575782,
      0.8110958,
      -0.5314364
    ]
  },
  {
    "timeStamp": 41806,
    "rotation": [
      [
        0.8437888,
        -0.536376,
        -0.0179240983
      ],
      [
        0.0272429418,
        0.009453526,
        0.999584138
      ],
      [
        -0.5359835,
        -0.8439262,
        0.0225892384
      ]
    ],
    "translation": [
      2.24316216,
      0.803687751,
      -0.5340076
    ]
  },
  {
    "timeStamp": 41850,
    "rotation": [
      [
        0.844016552,
        -0.535437,
        -0.03071119
      ],
      [
        0.0433471128,
        0.0110288048,
        0.9989992
      ],
      [
        -0.5345624,
        -0.844503164,
        0.0325181447
      ]
    ],
    "translation": [
      2.24473429,
      0.7992326,
      -0.536085248
    ]
  },
  {
    "timeStamp": 41906,
    "rotation": [
      [
        0.8446631,
        -0.535187662,
        -0.0108861439
      ],
      [
        0.0327158943,
        0.0313141234,
        0.998974
      ],
      [
        -0.5342977,
        -0.8441526,
        0.0439590253
      ]
    ],
    "translation": [
      2.241884,
      0.7912309,
      -0.5386137
    ]
  },
  {
    "timeStamp": 41951,
    "rotation": [
      [
        0.8447575,
        -0.5348398,
        -0.0181989837
      ],
      [
        0.0450579338,
        0.0371983051,
        0.998291552
      ],
      [
        -0.5332491,
        -0.8441343,
        0.0555223227
      ]
    ],
    "translation": [
      2.242724,
      0.7861737,
      -0.5407054
    ]
  },
  {
    "timeStamp": 42006,
    "rotation": [
      [
        0.8427119,
        -0.5382057,
        -0.0130861644
      ],
      [
        0.0464113876,
        0.0484103523,
        0.9977487
      ],
      [
        -0.5363605,
        -0.841422,
        0.06577486
      ]
    ],
    "translation": [
      2.24339485,
      0.7803557,
      -0.543290257
    ]
  },
  {
    "timeStamp": 42050,
    "rotation": [
      [
        0.843107045,
        -0.5376468,
        -0.0103149358
      ],
      [
        0.0449558161,
        0.0513565466,
        0.997668
      ],
      [
        -0.5358633,
        -0.84160465,
        0.06746942
      ]
    ],
    "translation": [
      2.24302816,
      0.777307868,
      -0.543936431
    ]
  },
  {
    "timeStamp": 42106,
    "rotation": [
      [
        0.8433013,
        -0.5373349,
        -0.010681577
      ],
      [
        0.0495680943,
        0.0579719953,
        0.9970869
      ],
      [
        -0.535150349,
        -0.841374159,
        0.07552253
      ]
    ],
    "translation": [
      2.242816,
      0.7742162,
      -0.5453167
    ]
  },
  {
    "timeStamp": 42151,
    "rotation": [
      [
        0.8438571,
        -0.536533833,
        -0.00605494855
      ],
      [
        0.0442286842,
        0.05830756,
        0.997318447
      ],
      [
        -0.534742057,
        -0.841862,
        0.07293343
      ]
    ],
    "translation": [
      2.242456,
      0.773111,
      -0.5451025
    ]
  },
  {
    "timeStamp": 42208,
    "rotation": [
      [
        0.841633856,
        -0.5399977,
        -0.007412983
      ],
      [
        0.0472359136,
        0.0599335469,
        0.997084141
      ],
      [
        -0.5379788,
        -0.839529932,
        0.0759493858
      ]
    ],
    "translation": [
      2.243292,
      0.772249937,
      -0.54577
    ]
  },
  {
    "timeStamp": 42251,
    "rotation": [
      [
        0.8407661,
        -0.541380942,
        -0.004365728
      ],
      [
        0.0433848165,
        0.0593344979,
        0.9972949
      ],
      [
        -0.5396574,
        -0.8386811,
        0.0733741447
      ]
    ],
    "translation": [
      2.24277258,
      0.7724349,
      -0.5457877
    ]
  },
  {
    "timeStamp": 42307,
    "rotation": [
      [
        0.843122065,
        -0.53772223,
        -4.381062E-05
      ],
      [
        0.0398589037,
        0.06241555,
        0.997254
      ],
      [
        -0.536242962,
        -0.8408086,
        0.0740569457
      ]
    ],
    "translation": [
      2.24126315,
      0.771813154,
      -0.5455897
    ]
  },
  {
    "timeStamp": 42351,
    "rotation": [
      [
        0.8429027,
        -0.5380476,
        -0.00443728
      ],
      [
        0.04641928,
        0.0644992962,
        0.996837556
      ],
      [
        -0.536059856,
        -0.8404431,
        0.07934242
      ]
    ],
    "translation": [
      2.24180532,
      0.7703558,
      -0.546352744
    ]
  },
  {
    "timeStamp": 42407,
    "rotation": [
      [
        0.838444352,
        -0.544979751,
        0.002860709
      ],
      [
        0.0402582176,
        0.06716983,
        0.996929049
      ],
      [
        -0.5434983,
        -0.835754335,
        0.07825808
      ]
    ],
    "translation": [
      2.24225,
      0.7695476,
      -0.547198832
    ]
  },
  {
    "timeStamp": 42451,
    "rotation": [
      [
        0.841999233,
        -0.539469,
        -0.003232155
      ],
      [
        0.0515459,
        0.07448573,
        0.995889
      ],
      [
        -0.5370105,
        -0.838704348,
        0.0905243456
      ]
    ],
    "translation": [
      2.24126077,
      0.7671936,
      -0.5482918
    ]
  },
  {
    "timeStamp": 42507,
    "rotation": [
      [
        0.839810848,
        -0.54270345,
        -0.0138086136
      ],
      [
        0.06604403,
        0.07688728,
        0.99485
      ],
      [
        -0.5388468,
        -0.836397767,
        0.100413091
      ]
    ],
    "translation": [
      2.24268937,
      0.7654056,
      -0.550035238
    ]
  }
]