[
  {
    "timeStamp": 73293,
    "rotation": [
      [
        0.9309196,
        -0.361207932,
        0.0540144928
      ],
      [
        -0.04734499,
        0.02729561,
        0.9985056
      ],
      [
        -0.3621425,
        -0.9320857,
        0.008308631
      ]
    ],
    "translation": [
      1.75816143,
      0.7049322,
      -0.7555914
    ]
  },
  {
    "timeStamp": 73337,
    "rotation": [
      [
        0.939477146,
        -0.342611521,
        -0.000417203264
      ],
      [
        0.00192768569,
        0.004068216,
        0.999989867
      ],
      [
        -0.342606336,
        -0.9394684,
        0.00448244251
      ]
    ],
    "translation": [
      1.7578696,
      0.7014878,
      -0.7562968
    ]
  },
  {
    "timeStamp": 73393,
    "rotation": [
      [
        0.9399851,
        -0.339777052,
        -0.0312985778
      ],
      [
        0.0276983473,
        -0.0154419,
        0.999497056
      ],
      [
        -0.34008947,
        -0.940379262,
        -0.005103893
      ]
    ],
    "translation": [
      1.7578125,
      0.7009949,
      -0.756415665
    ]
  },
  {
    "timeStamp": 73437,
    "rotation": [
      [
        0.939817548,
        -0.340401918,
        -0.0294876136
      ],
      [
        0.0233266074,
        -0.0221784264,
        0.999481857
      ],
      [
        -0.34087953,
        -0.9400184,
        -0.0129032535
      ]
    ],
    "translation": [
      1.757818,
      0.7011933,
      -0.756406
    ]
  },
  {
    "timeStamp": 73493,
    "rotation": [
      [
        0.939789653,
        -0.3414603,
        -0.0141499778
      ],
      [
        0.007079012,
        -0.0219452567,
        0.9997341
      ],
      [
        -0.34168002,
        -0.9396399,
        -0.0182067249
      ]
    ],
    "translation": [
      1.75783288,
      0.7016339,
      -0.7563671
    ]
  },
  {
    "timeStamp": 73537,
    "rotation": [
      [
        0.9299032,
        -0.361345083,
        0.06862802
      ],
      [
        -0.06184074,
        0.0303287245,
        0.9976251
      ],
      [
        -0.362568319,
        -0.9319388,
        0.00585693074
      ]
    ],
    "translation": [
      1.75336444,
      0.7037754,
      -0.7577907
    ]
  },
  {
    "timeStamp": 73593,
    "rotation": [
      [
        0.9259015,
        -0.367114365,
        0.08906966
      ],
      [
        -0.08921803,
        0.0166025162,
        0.995873749
      ],
      [
        -0.367078334,
        -0.9300276,
        -0.0173809249
      ]
    ],
    "translation": [
      1.75423515,
      0.721260667,
      -0.7571047
    ]
  },
  {
    "timeStamp": 73637,
    "rotation": [
      [
        0.9255404,
        -0.3664865,
        0.09519817
      ],
      [
        -0.11070051,
        -0.0214654524,
        0.993622
      ],
      [
        -0.362105578,
        -0.9301758,
        -0.060437385
      ]
    ],
    "translation": [
      1.75836885,
      0.741527736,
      -0.754272938
    ]
  },
  {
    "timeStamp": 73693,
    "rotation": [
      [
        0.935244262,
        -0.339360952,
        0.100758292
      ],
      [
        -0.136297017,
        -0.08250739,
        0.987226248
      ],
      [
        -0.326712757,
        -0.937030733,
        -0.12341845
      ]
    ],
    "translation": [
      1.76444721,
      0.776385665,
      -0.749581158
    ]
  },
  {
    "timeStamp": 73737,
    "rotation": [
      [
        0.93367976,
        -0.3449818,
        0.09607146
      ],
      [
        -0.154629067,
        -0.146401748,
        0.9770652
      ],
      [
        -0.3230047,
        -0.9271214,
        -0.19003655
      ]
    ],
    "translation": [
      1.77625048,
      0.8110522,
      -0.7409083
    ]
  },
  {
    "timeStamp": 73792,
    "rotation": [
      [
        0.9329262,
        -0.351075619,
        0.0799671
      ],
      [
        -0.1722898,
        -0.240235656,
        0.9553026
      ],
      [
        -0.3161725,
        -0.905004263,
        -0.284608871
      ]
    ],
    "translation": [
      1.79942381,
      0.86111474,
      -0.7269381
    ]
  },
  {
    "timeStamp": 73837,
    "rotation": [
      [
        0.9171014,
        -0.389628947,
        0.08434676
      ],
      [
        -0.213639051,
        -0.301716864,
        0.929153
      ],
      [
        -0.3365761,
        -0.8701473,
        -0.3599449
      ]
    ],
    "translation": [
      1.82540381,
      0.904463768,
      -0.709816933
    ]
  },
  {
    "timeStamp": 73892,
    "rotation": [
      [
        0.917654753,
        -0.3951905,
        0.041643627
      ],
      [
        -0.215039253,
        -0.405723631,
        0.888339162
      ],
      [
        -0.3341674,
        -0.824143648,
        -0.4572957
      ]
    ],
    "translation": [
      1.86173129,
      0.9608511,
      -0.6874315
    ]
  },
  {
    "timeStamp": 73937,
    "rotation": [
      [
        0.909800947,
        -0.413976729,
        0.029755041
      ],
      [
        -0.238417447,
        -0.462596834,
        0.853909433
      ],
      [
        -0.339734048,
        -0.78398174,
        -0.519570351
      ]
    ],
    "translation": [
      1.89291763,
      1.00582,
      -0.6678156
    ]
  },
  {
    "timeStamp": 73992,
    "rotation": [
      [
        0.8941865,
        -0.446299762,
        0.0353126079
      ],
      [
        -0.283162326,
        -0.5027066,
        0.81676507
      ],
      [
        -0.346770167,
        -0.7403395,
        -0.575888753
      ]
    ],
    "translation": [
      1.93462,
      1.05734324,
      -0.6453273
    ]
  },
  {
    "timeStamp": 74037,
    "rotation": [
      [
        0.873005867,
        -0.4851177,
        0.05021607
      ],
      [
        -0.326769769,
        -0.505377769,
        0.7986331
      ],
      [
        -0.362052977,
        -0.7136205,
        -0.5997195
      ]
    ],
    "translation": [
      1.97023547,
      1.085986,
      -0.6260643
    ]
  },
  {
    "timeStamp": 74092,
    "rotation": [
      [
        0.815101445,
        -0.5759358,
        0.06251061
      ],
      [
        -0.3926117,
        -0.46983543,
        0.79063946
      ],
      [
        -0.42598784,
        -0.6689938,
        -0.6090827
      ]
    ],
    "translation": [
      2.02522469,
      1.10323668,
      -0.6007196
    ]
  },
  {
    "timeStamp": 74137,
    "rotation": [
      [
        0.749690652,
        -0.65268296,
        0.109402113
      ],
      [
        -0.460240722,
        -0.395409256,
        0.79487735
      ],
      [
        -0.475544333,
        -0.6462634,
        -0.596825957
      ]
    ],
    "translation": [
      2.06623554,
      1.10032535,
      -0.58077383
    ]
  },
  {
    "timeStamp": 74192,
    "rotation": [
      [
        0.6246388,
        -0.756042361,
        0.195515618
      ],
      [
        -0.554895759,
        -0.253549963,
        0.7923403
      ],
      [
        -0.5494698,
        -0.6034173,
        -0.57790184
      ]
    ],
    "translation": [
      2.11484385,
      1.08316112,
      -0.5587468
    ]
  },
  {
    "timeStamp": 74237,
    "rotation": [
      [
        0.52490586,
        -0.803662956,
        0.280356377
      ],
      [
        -0.6236621,
        -0.138992637,
        0.7692377
      ],
      [
        -0.5792404,
        -0.578625,
        -0.5741722
      ]
    ],
    "translation": [
      2.141372,
      1.06500649,
      -0.545543134
    ]
  },
  {
    "timeStamp": 74292,
    "rotation": [
      [
        0.4666276,
        -0.836033642,
        0.2886285
      ],
      [
        -0.6192006,
        -0.0757784843,
        0.7815678
      ],
      [
        -0.6315451,
        -0.5434201,
        -0.5530329
      ]
    ],
    "translation": [
      2.16637969,
      1.041213,
      -0.534698844
    ]
  },
  {
    "timeStamp": 74337,
    "rotation": [
      [
        0.435074985,
        -0.8358647,
        0.334723622
      ],
      [
        -0.63832587,
        -0.0241516866,
        0.769387245
      ],
      [
        -0.635019541,
        -0.5484039,
        -0.5440619
      ]
    ],
    "translation": [
      2.17281818,
      1.02623928,
      -0.527276337
    ]
  },
  {
    "timeStamp": 74392,
    "rotation": [
      [
        0.404972047,
        -0.8498347,
        0.33731097
      ],
      [
        -0.6266435,
        0.0106735248,
        0.779233
      ],
      [
        -0.6658195,
        -0.5269413,
        -0.5282209
      ]
    ],
    "translation": [
      2.182741,
      1.00759637,
      -0.5215433
    ]
  },
  {
    "timeStamp": 74439,
    "rotation": [
      [
        0.4071232,
        -0.8430758,
        0.351388574
      ],
      [
        -0.6263487,
        0.0223102514,
        0.7792237
      ],
      [
        -0.6647842,
        -0.5373318,
        -0.5189764
      ]
    ],
    "translation": [
      2.18550014,
      0.9953607,
      -0.516827464
    ]
  },
  {
    "timeStamp": 74487,
    "rotation": [
      [
        0.384076625,
        -0.8474207,
        0.3665561
      ],
      [
        -0.6278163,
        0.05140392,
        0.7766623
      ],
      [
        -0.677002132,
        -0.5284277,
        -0.5122815
      ]
    ],
    "translation": [
      2.19083548,
      0.9814732,
      -0.514081359
    ]
  },
  {
    "timeStamp": 74543,
    "rotation": [
      [
        0.3753043,
        -0.849096537,
        0.371728
      ],
      [
        -0.632899046,
        0.0582491234,
        0.77204
      ],
      [
        -0.67718935,
        -0.525016248,
        -0.5155313
      ]
    ],
    "translation": [
      2.19484138,
      0.972207248,
      -0.511802554
    ]
  },
  {
    "timeStamp": 74587,
    "rotation": [
      [
        0.360761881,
        -0.8512279,
        0.381132483
      ],
      [
        -0.6428335,
        0.06913363,
        0.762879848
      ],
      [
        -0.6757337,
        -0.5202227,
        -0.52225703
      ]
    ],
    "translation": [
      2.19610548,
      0.9672937,
      -0.5110344
    ]
  },
  {
    "timeStamp": 74642,
    "rotation": [
      [
        0.236463174,
        -0.8554677,
        0.4607171
      ],
      [
        -0.72105056,
        0.163331613,
        0.6733564
      ],
      [
        -0.651284337,
        -0.491424352,
        -0.5782135
      ]
    ],
    "translation": [
      2.1991756,
      0.9652372,
      -0.5102458
    ]
  },
  {
    "timeStamp": 74689,
    "rotation": [
      [
        0.250578672,
        -0.853310764,
        0.457242846
      ],
      [
        -0.728397,
        0.144932374,
        0.669651
      ],
      [
        -0.6376897,
        -0.500854552,
        -0.5852321
      ]
    ],
    "translation": [
      2.198108,
      0.965418041,
      -0.5087427
    ]
  },
  {
    "timeStamp": 74742,
    "rotation": [
      [
        0.1328529,
        -0.836600542,
        0.5314599
      ],
      [
        -0.797069,
        0.228522837,
        0.55897963
      ],
      [
        -0.5890934,
        -0.497872323,
        -0.63646847
      ]
    ],
    "translation": [
      2.196437,
      0.969671,
      -0.50675863
    ]
  },
  {
    "timeStamp": 74788,
    "rotation": [
      [
        0.0782193542,
        -0.833035767,
        0.547661543
      ],
      [
        -0.82514143,
        0.2541978,
        0.504504859
      ],
      [
        -0.559484959,
        -0.491360247,
        -0.6674891
      ]
    ],
    "translation": [
      2.199075,
      0.974587858,
      -0.5053342
    ]
  },
  {
    "timeStamp": 74842,
    "rotation": [
      [
        -0.0414835066,
        -0.814817667,
        0.578231156
      ],
      [
        -0.857823849,
        0.325765,
        0.3975115
      ],
      [
        -0.5122669,
        -0.4795303,
        -0.7124839
      ]
    ],
    "translation": [
      2.202575,
      0.9788604,
      -0.504513
    ]
  },
  {
    "timeStamp": 74888,
    "rotation": [
      [
        -0.143595025,
        -0.807783067,
        0.571722865
      ],
      [
        -0.8723891,
        0.376080781,
        0.312250882
      ],
      [
        -0.467244953,
        -0.45392707,
        -0.7587044
      ]
    ],
    "translation": [
      2.21099687,
      0.9830466,
      -0.505534053
    ]
  },
  {
    "timeStamp": 74945,
    "rotation": [
      [
        -0.246186987,
        -0.798731863,
        0.5490167
      ],
      [
        -0.878697753,
        0.4229688,
        0.221331522
      ],
      [
        -0.4090015,
        -0.427930832,
        -0.8059733
      ]
    ],
    "translation": [
      2.21949172,
      0.987063944,
      -0.507908
    ]
  },
  {
    "timeStamp": 74990,
    "rotation": [
      [
        -0.3201609,
        -0.7762697,
        0.5430492
      ],
      [
        -0.8782058,
        0.458182245,
        0.137199029
      ],
      [
        -0.355318964,
        -0.4329832,
        -0.8284166
      ]
    ],
    "translation": [
      2.22134662,
      0.992895246,
      -0.5077024
    ]
  },
  {
    "timeStamp": 75046,
    "rotation": [
      [
        -0.363737553,
        -0.7776844,
        0.5127397
      ],
      [
        -0.869950831,
        0.480377883,
        0.111457326
      ],
      [
        -0.332987428,
        -0.4055171,
        -0.8512786
      ]
    ],
    "translation": [
      2.22467327,
      0.9956502,
      -0.5078768
    ]
  },
  {
    "timeStamp": 75091,
    "rotation": [
      [
        -0.42128402,
        -0.7607747,
        0.493702
      ],
      [
        -0.851892531,
        0.5186946,
        0.07235333
      ],
      [
        -0.311125129,
        -0.390099734,
        -0.866616
      ]
    ],
    "translation": [
      2.22848749,
      0.995750964,
      -0.5070027
    ]
  },
  {
    "timeStamp": 75147,
    "rotation": [
      [
        -0.4892489,
        -0.7380479,
        0.4646728
      ],
      [
        -0.818015337,
        0.573106,
        0.0489947721
      ],
      [
        -0.302467257,
        -0.356138855,
        -0.8841259
      ]
    ],
    "translation": [
      2.23231578,
      0.9893045,
      -0.5075214
    ]
  },
  {
    "timeStamp": 75192,
    "rotation": [
      [
        -0.5358231,
        -0.7236602,
        0.43498224
      ],
      [
        -0.7872746,
        0.6143782,
        0.0523264371
      ],
      [
        -0.305110157,
        -0.314412773,
        -0.8989174
      ]
    ],
    "translation": [
      2.23562121,
      0.9830301,
      -0.509056568
    ]
  },
  {
    "timeStamp": 75247,
    "rotation": [
      [
        -0.579415441,
        -0.70346576,
        0.4115988
      ],
      [
        -0.764587462,
        0.6440565,
        0.02443625
      ],
      [
        -0.282282948,
        -0.30054453,
        -0.911037445
      ]
    ],
    "translation": [
      2.237353,
      0.9807276,
      -0.5096561
    ]
  },
  {
    "timeStamp": 75292,
    "rotation": [
      [
        -0.609041035,
        -0.68794626,
        0.394713759
      ],
      [
        -0.740952134,
        0.6710435,
        0.02627625
      ],
      [
        -0.282946765,
        -0.2764607,
        -0.918428361
      ]
    ],
    "translation": [
      2.23807263,
      0.977461457,
      -0.5091061
    ]
  },
  {
    "timeStamp": 75347,
    "rotation": [
      [
        -0.6394512,
        -0.676776052,
        0.36479634
      ],
      [
        -0.720808864,
        0.6927918,
        0.02177335
      ],
      [
        -0.2674636,
        -0.249025419,
        -0.930832744
      ]
    ],
    "translation": [
      2.24184752,
      0.9730649,
      -0.510687053
    ]
  },
  {
    "timeStamp": 75392,
    "rotation": [
      [
        -0.6786424,
        -0.6440249,
        0.353095531
      ],
      [
        -0.686374366,
        0.7272128,
        0.007194759
      ],
      [
        -0.2614092,
        -0.237473041,
        -0.93555963
      ]
    ],
    "translation": [
      2.241205,
      0.9691277,
      -0.5100118
    ]
  },
  {
    "timeStamp": 75447,
    "rotation": [
      [
        -0.708506,
        -0.6224373,
        0.332552344
      ],
      [
        -0.6657352,
        0.745853543,
        -0.0223433375
      ],
      [
        -0.234128,
        -0.23722218,
        -0.9428201
      ]
    ],
    "translation": [
      2.24154377,
      0.970129132,
      -0.5087819
    ]
  },
  {
    "timeStamp": 75492,
    "rotation": [
      [
        -0.7384037,
        -0.5958049,
        0.3158742
      ],
      [
        -0.6320709,
        0.7747404,
        -0.01623851
      ],
      [
        -0.235045522,
        -0.211645454,
        -0.9486621
      ]
    ],
    "translation": [
      2.24121833,
      0.965613842,
      -0.51007396
    ]
  },
  {
    "timeStamp": 75547,
    "rotation": [
      [
        -0.766220152,
        -0.5702107,
        0.2962541
      ],
      [
        -0.6106483,
        0.7896667,
        -0.0594576448
      ],
      [
        -0.200038612,
        -0.2264647,
        -0.953256667
      ]
    ],
    "translation": [
      2.24162,
      0.969013333,
      -0.509771
    ]
  },
  {
    "timeStamp": 75591,
    "rotation": [
      [
        -0.794521868,
        -0.550039351,
        0.257277429
      ],
      [
        -0.582006931,
        0.8106408,
        -0.06426086
      ],
      [
        -0.173213586,
        -0.2007939,
        -0.9641985
      ]
    ],
    "translation": [
      2.24458027,
      0.965584338,
      -0.5131634
    ]
  },
  {
    "timeStamp": 75647,
    "rotation": [
      [
        -0.8182041,
        -0.5222945,
        0.2403132
      ],
      [
        -0.555499,
        0.82592535,
        -0.09627136
      ],
      [
        -0.148198754,
        -0.212263376,
        -0.9659096
      ]
    ],
    "translation": [
      2.244517,
      0.96548444,
      -0.513145447
    ]
  },
  {
    "timeStamp": 75692,
    "rotation": [
      [
        -0.8288533,
        -0.513137639,
        0.22291708
      ],
      [
        -0.5476891,
        0.825538158,
        -0.136100948
      ],
      [
        -0.114188038,
        -0.234896973,
        -0.9652899
      ]
    ],
    "translation": [
      2.24523044,
      0.968452752,
      -0.51292634
    ]
  },
  {
    "timeStamp": 75747,
    "rotation": [
      [
        -0.842212141,
        -0.499422461,
        0.2031155
      ],
      [
        -0.5316252,
        0.831982851,
        -0.15867956
      ],
      [
        -0.08974047,
        -0.241623163,
        -0.9662116
      ]
    ],
    "translation": [
      2.24634123,
      0.9713548,
      -0.5147607
    ]
  },
  {
    "timeStamp": 75792,
    "rotation": [
      [
        -0.8560726,
        -0.4805388,
        0.190321371
      ],
      [
        -0.512109458,
        0.838399649,
        -0.186628073
      ],
      [
        -0.06988334,
        -0.257232547,
        -0.9638193
      ]
    ],
    "translation": [
      2.24552584,
      0.971790552,
      -0.514310241
    ]
  },
  {
    "timeStamp": 75847,
    "rotation": [
      [
        -0.8721167,
        -0.459051251,
        0.169364914
      ],
      [
        -0.487907529,
        0.841956556,
        -0.230337456
      ],
      [
        -0.03686121,
        -0.283515573,
        -0.9582589
      ]
    ],
    "translation": [
      2.24698234,
      0.9765792,
      -0.5143927
    ]
  },
  {
    "timeStamp": 75891,
    "rotation": [
      [
        -0.881450355,
        -0.447653383,
        0.150504947
      ],
      [
        -0.472108662,
        0.8436966,
        -0.255518049
      ],
      [
        -0.0125969918,
        -0.296281159,
        -0.9550177
      ]
    ],
    "translation": [
      2.248042,
      0.9789178,
      -0.514995456
    ]
  },
  {
    "timeStamp": 75947,
    "rotation": [
      [
        -0.8970088,
        -0.4244959,
        0.123201169
      ],
      [
        -0.4415432,
        0.847701132,
        -0.294010758
      ],
      [
        0.02036858,
        -0.318128884,
        -0.94782865
      ]
    ],
    "translation": [
      2.248509,
      0.981622756,
      -0.5151226
    ]
  },
  {
    "timeStamp": 75991,
    "rotation": [
      [
        -0.896000266,
        -0.4270847,
        0.121582076
      ],
      [
        -0.44365412,
        0.849375,
        -0.285890043
      ],
      [
        0.0188304968,
        -0.310097933,
        -0.950518131
      ]
    ],
    "translation": [
      2.247915,
      0.981938839,
      -0.5148492
    ]
  },
  {
    "timeStamp": 76047,
    "rotation": [
      [
        -0.90040344,
        -0.416722149,
        0.124965377
      ],
      [
        -0.4345259,
        0.8472336,
        -0.305585563
      ],
      [
        0.0214694068,
        -0.329451,
        -0.9439286
      ]
    ],
    "translation": [
      2.24612856,
      0.9830874,
      -0.5123355
    ]
  },
  {
    "timeStamp": 76091,
    "rotation": [
      [
        -0.9088781,
        -0.4023745,
        0.109705336
      ],
      [
        -0.416145146,
        0.857513964,
        -0.302478015
      ],
      [
        0.02763558,
        -0.320568979,
        -0.9468219
      ]
    ],
    "translation": [
      2.245554,
      0.9805965,
      -0.512825668
    ]
  },
  {
    "timeStamp": 76147,
    "rotation": [
      [
        -0.9186542,
        -0.3857276,
        0.08537372
      ],
      [
        -0.391334355,
        0.8588638,
        -0.330470055
      ],
      [
        0.0541470237,
        -0.3369974,
        -0.939947248
      ]
    ],
    "translation": [
      2.24687076,
      0.984154642,
      -0.513597369
    ]
  },
  {
    "timeStamp": 76191,
    "rotation": [
      [
        -0.920858562,
        -0.3843222,
        0.06569635
      ],
      [
        -0.382284224,
        0.856836259,
        -0.345962971
      ],
      [
        0.07667024,
        -0.343697637,
        -0.935945332
      ]
    ],
    "translation": [
      2.249661,
      0.9870354,
      -0.514087439
    ]
  },
  {
    "timeStamp": 76247,
    "rotation": [
      [
        -0.9351697,
        -0.3521343,
        0.038198825
      ],
      [
        -0.341915429,
        0.8693141,
        -0.3569131
      ],
      [
        0.09247456,
        -0.346835077,
        -0.9333562
      ]
    ],
    "translation": [
      2.25235271,
      0.9834737,
      -0.5130152
    ]
  },
  {
    "timeStamp": 76292,
    "rotation": [
      [
        -0.9397783,
        -0.340638638,
        0.0279638823
      ],
      [
        -0.3291594,
        0.8799977,
        -0.342429847
      ],
      [
        0.09203668,
        -0.331012726,
        -0.939127147
      ]
    ],
    "translation": [
      2.25481534,
      0.978792369,
      -0.5124929
    ]
  },
  {
    "timeStamp": 76347,
    "rotation": [
      [
        -0.942810357,
        -0.333279371,
        -0.005784707
      ],
      [
        -0.309340328,
        0.881290436,
        -0.357261479
      ],
      [
        0.124165885,
        -0.3350404,
        -0.9339865
      ]
    ],
    "translation": [
      2.26254,
      0.9796888,
      -0.5161813
    ]
  },
  {
    "timeStamp": 76391,
    "rotation": [
      [
        -0.9420734,
        -0.334195018,
        -0.0284857135
      ],
      [
        -0.3028578,
        0.8840745,
        -0.3559345
      ],
      [
        0.144135028,
        -0.3266893,
        -0.934076667
      ]
    ],
    "translation": [
      2.267545,
      0.9796432,
      -0.5191492
    ]
  },
  {
    "timeStamp": 76447,
    "rotation": [
      [
        -0.9454665,
        -0.32507363,
        -0.02049902
      ],
      [
        -0.299080074,
        0.8913471,
        -0.340663165
      ],
      [
        0.129012361,
        -0.315954775,
        -0.93996197
      ]
    ],
    "translation": [
      2.26793885,
      0.976710856,
      -0.517793834
    ]
  },
  {
    "timeStamp": 76491,
    "rotation": [
      [
        -0.946675,
        -0.3200488,
        -0.0370834842
      ],
      [
        -0.294220865,
        0.9056555,
        -0.305323124
      ],
      [
        0.131303161,
        -0.278131038,
        -0.951526463
      ]
    ],
    "translation": [
      2.268649,
      0.9709874,
      -0.519724667
    ]
  },
  {
    "timeStamp": 76547,
    "rotation": [
      [
        -0.9547658,
        -0.293842465,
        -0.0455953255
      ],
      [
        -0.263474047,
        0.9070485,
        -0.3283968
      ],
      [
        0.1378541,
        -0.301528841,
        -0.9434387
      ]
    ],
    "translation": [
      2.26693273,
      0.970875442,
      -0.516536653
    ]
  },
  {
    "timeStamp": 76591,
    "rotation": [
      [
        -0.9564799,
        -0.2863071,
        -0.05634167
      ],
      [
        -0.252108,
        0.908052444,
        -0.334488
      ],
      [
        0.146927491,
        -0.3057269,
        -0.9407143
      ]
    ],
    "translation": [
      2.26547432,
      0.969192266,
      -0.5147499
    ]
  },
  {
    "timeStamp": 76647,
    "rotation": [
      [
        -0.9591388,
        -0.277169734,
        -0.0568307228
      ],
      [
        -0.243568838,
        0.911064,
        -0.33262068
      ],
      [
        0.143968821,
        -0.3051872,
        -0.941346765
      ]
    ],
    "translation": [
      2.26360917,
      0.9649004,
      -0.5135665
    ]
  },
  {
    "timeStamp": 76691,
    "rotation": [
      [
        -0.9566204,
        -0.2850744,
        -0.0600839779
      ],
      [
        -0.250815064,
        0.9107825,
        -0.327974141
      ],
      [
        0.148220465,
        -0.2986768,
        -0.942774057
      ]
    ],
    "translation": [
      2.2643714,
      0.961317956,
      -0.5145383
    ]
  },
  {
    "timeStamp": 76747,
    "rotation": [
      [
        -0.9510154,
        -0.3030689,
        -0.0609835461
      ],
      [
        -0.270927548,
        0.9120815,
        -0.3077429
      ],
      [
        0.148889273,
        -0.2761461,
        -0.9495132
      ]
    ],
    "translation": [
      2.26772642,
      0.957584262,
      -0.5180332
    ]
  },
  {
    "timeStamp": 76791,
    "rotation": [
      [
        -0.9505735,
        -0.2985272,
        -0.0853901953
      ],
      [
        -0.2586427,
        0.9134457,
        -0.314198881
      ],
      [
        0.171796218,
        -0.276583582,
        -0.9455092
      ]
    ],
    "translation": [
      2.26883769,
      0.953135133,
      -0.52104044
    ]
  },
  {
    "timeStamp": 76847,
    "rotation": [
      [
        -0.950553,
        -0.301288724,
        -0.0753264353
      ],
      [
        -0.262766421,
        0.9095306,
        -0.322037041
      ],
      [
        0.165537834,
        -0.286320031,
        -0.943725646
      ]
    ],
    "translation": [
      2.26786113,
      0.953090966,
      -0.5196587
    ]
  },
  {
    "timeStamp": 76891,
    "rotation": [
      [
        -0.94676125,
        -0.3127323,
        -0.0764300153
      ],
      [
        -0.272930384,
        0.9056048,
        -0.324636579
      ],
      [
        0.17073974,
        -0.286493272,
        -0.942745745
      ]
    ],
    "translation": [
      2.27119374,
      0.9526989,
      -0.5205803
    ]
  },
  {
    "timeStamp": 76947,
    "rotation": [
      [
        -0.9466957,
        -0.311609656,
        -0.0816504061
      ],
      [
        -0.270683974,
        0.9069392,
        -0.322787
      ],
      [
        0.1746355,
        -0.283479571,
        -0.942943156
      ]
    ],
    "translation": [
      2.27407146,
      0.9496942,
      -0.52093786
    ]
  },
  {
    "timeStamp": 76991,
    "rotation": [
      [
        -0.9481347,
        -0.3088253,
        -0.07528239
      ],
      [
        -0.2699931,
        0.9074152,
        -0.322027028
      ],
      [
        0.167762473,
        -0.284999281,
        -0.94373256
      ]
    ],
    "translation": [
      2.27444673,
      0.947623432,
      -0.5197419
    ]
  },
  {
    "timeStamp": 77046,
    "rotation": [
      [
        -0.9429334,
        -0.3229694,
        -0.0810394
      ],
      [
        -0.2830666,
        0.905650854,
        -0.315705329
      ],
      [
        0.175356567,
        -0.274749547,
        -0.9453903
      ]
    ],
    "translation": [
      2.27799463,
      0.9455078,
      -0.5216943
    ]
  },
  {
    "timeStamp": 77091,
    "rotation": [
      [
        -0.946951866,
        -0.3107654,
        -0.081896
      ],
      [
        -0.268623978,
        0.9052736,
        -0.329121321
      ],
      [
        0.1764178,
        -0.289662838,
        -0.9407296
      ]
    ],
    "translation": [
      2.277688,
      0.944271863,
      -0.5211449
    ]
  },
  {
    "timeStamp": 77146,
    "rotation": [
      [
        -0.943695068,
        -0.320307523,
        -0.0827208459
      ],
      [
        -0.279855847,
        0.906303346,
        -0.316693872
      ],
      [
        0.176409617,
        -0.27571252,
        -0.944913864
      ]
    ],
    "translation": [
      2.27842641,
      0.9422019,
      -0.521917045
    ]
  },
  {
    "timeStamp": 77191,
    "rotation": [
      [
        -0.9456405,
        -0.3162037,
        -0.0760210454
      ],
      [
        -0.27609238,
        0.9040979,
        -0.326159477
      ],
      [
        0.1718633,
        -0.287440777,
        -0.942253053
      ]
    ],
    "translation": [
      2.27735639,
      0.940383434,
      -0.520629644
    ]
  },
  {
    "timeStamp": 77246,
    "rotation": [
      [
        -0.945948839,
        -0.314773381,
        -0.07809276
      ],
      [
        -0.2738814,
        0.904301047,
        -0.3274577
      ],
      [
        0.173694327,
        -0.288370073,
        -0.941633165
      ]
    ],
    "translation": [
      2.278222,
      0.9379314,
      -0.5198462
    ]
  },
  {
    "timeStamp": 77291,
    "rotation": [
      [
        -0.944059551,
        -0.3217239,
        -0.0724242255
      ],
      [
        -0.281763583,
        0.901035249,
        -0.329764724
      ],
      [
        0.171349972,
        -0.290911049,
        -0.941281
      ]
    ],
    "translation": [
      2.27906656,
      0.9364809,
      -0.519241869
    ]
  },
  {
    "timeStamp": 77346,
    "rotation": [
      [
        -0.9442274,
        -0.318937957,
        -0.08193446
      ],
      [
        -0.277796447,
        0.9051135,
        -0.321867466
      ],
      [
        0.176815748,
        -0.281155,
        -0.9432328
      ]
    ],
    "translation": [
      2.28062654,
      0.9332451,
      -0.520728
    ]
  },
  {
    "timeStamp": 77391,
    "rotation": [
      [
        -0.942113161,
        -0.326482654,
        -0.07636646
      ],
      [
        -0.289209276,
        0.906502545,
        -0.3075892
      ],
      [
        0.16964893,
        -0.26769796,
        -0.94844985
      ]
    ],
    "translation": [
      2.28160787,
      0.930999458,
      -0.521739244
    ]
  },
  {
    "timeStamp": 77446,
    "rotation": [
      [
        -0.9420354,
        -0.32603842,
        -0.0791731551
      ],
      [
        -0.2839599,
        0.900459,
        -0.32945478
      ],
      [
        0.1787071,
        -0.28787607,
        -0.940846
      ]
    ],
    "translation": [
      2.28329062,
      0.9321142,
      -0.5203679
    ]
  },
  {
    "timeStamp": 77491,
    "rotation": [
      [
        -0.938979566,
        -0.3352189,
        -0.0771082938
      ],
      [
        -0.295046329,
        0.900155962,
        -0.3204169
      ],
      [
        0.17681928,
        -0.2781144,
        -0.9441331
      ]
    ],
    "translation": [
      2.28452635,
      0.9313357,
      -0.520739138
    ]
  },
  {
    "timeStamp": 77546,
    "rotation": [
      [
        -0.9419644,
        -0.325670868,
        -0.08149637
      ],
      [
        -0.2839987,
        0.902475059,
        -0.3238573
      ],
      [
        0.179019332,
        -0.281917185,
        -0.942589462
      ]
    ],
    "translation": [
      2.284505,
      0.930320144,
      -0.520281
    ]
  },
  {
    "timeStamp": 77591,
    "rotation": [
      [
        -0.9434135,
        -0.321789652,
        -0.080140315
      ],
      [
        -0.280496359,
        0.903237045,
        -0.324784
      ],
      [
        0.176897839,
        -0.283926547,
        -0.9423868
      ]
    ],
    "translation": [
      2.28345633,
      0.929730237,
      -0.519474864
    ]
  },
  {
    "timeStamp": 77646,
    "rotation": [
      [
        -0.9431909,
        -0.3219671,
        -0.08202484
      ],
      [
        -0.281904966,
        0.9061557,
        -0.315295845
      ],
      [
        0.175842151,
        -0.274260968,
        -0.945441961
      ]
    ],
    "translation": [
      2.28300238,
      0.929270566,
      -0.5197329
    ]
  },
  {
    "timeStamp": 77691,
    "rotation": [
      [
        -0.9451325,
        -0.316403419,
        -0.0813239142
      ],
      [
        -0.274703443,
        0.904451132,
        -0.326352835
      ],
      [
        0.176812664,
        -0.2861067,
        -0.9417432
      ]
    ],
    "translation": [
      2.28227854,
      0.928966463,
      -0.5183316
    ]
  },
  {
    "timeStamp": 77746,
    "rotation": [
      [
        -0.943846762,
        -0.317992151,
        -0.08963382
      ],
      [
        -0.276473224,
        0.908741355,
        -0.312652647
      ],
      [
        0.180875048,
        -0.270314842,
        -0.945628941
      ]
    ],
    "translation": [
      2.28330874,
      0.926596,
      -0.5191543
    ]
  },
  {
    "timeStamp": 77791,
    "rotation": [
      [
        -0.942394137,
        -0.3228639,
        -0.0874768049
      ],
      [
        -0.281683564,
        0.9070081,
        -0.313034445
      ],
      [
        0.1804097,
        -0.270361036,
        -0.945704639
      ]
    ],
    "translation": [
      2.28289962,
      0.9255378,
      -0.519274056
    ]
  },
  {
    "timeStamp": 77846,
    "rotation": [
      [
        -0.943024755,
        -0.3222937,
        -0.082650736
      ],
      [
        -0.282080472,
        0.9061683,
        -0.315102667
      ],
      [
        0.176451087,
        -0.27383545,
        -0.9454518
      ]
    ],
    "translation": [
      2.28236175,
      0.9260998,
      -0.517783
    ]
  },
  {
    "timeStamp": 77891,
    "rotation": [
      [
        -0.9431743,
        -0.3222821,
        -0.0809723958
      ],
      [
        -0.281587958,
        0.90453136,
        -0.320205
      ],
      [
        0.176438421,
        -0.279208273,
        -0.9438815
      ]
    ],
    "translation": [
      2.28158188,
      0.9257653,
      -0.516680539
    ]
  },
  {
    "timeStamp": 77946,
    "rotation": [
      [
        -0.9426286,
        -0.3241372,
        -0.07991469
      ],
      [
        -0.284475952,
        0.9051598,
        -0.315846741
      ],
      [
        0.174713254,
        -0.274992377,
        -0.9454388
      ]
    ],
    "translation": [
      2.28149056,
      0.926393032,
      -0.5165886
    ]
  },
  {
    "timeStamp": 77990,
    "rotation": [
      [
        -0.9423335,
        -0.32632637,
        -0.07428745
      ],
      [
        -0.286610216,
        0.9014785,
        -0.324331731
      ],
      [
        0.172806531,
        -0.2843371,
        -0.9430219
      ]
    ],
    "translation": [
      2.28137779,
      0.9277652,
      -0.515601635
    ]
  },
  {
    "timeStamp": 78046,
    "rotation": [
      [
        -0.9429336,
        -0.324789643,
        -0.07340182
      ],
      [
        -0.284387231,
        0.9001812,
        -0.329845041
      ],
      [
        0.173205182,
        -0.290147424,
        -0.9411772
      ]
    ],
    "translation": [
      2.28137279,
      0.9291973,
      -0.5143309
    ]
  }
]