[
  {
    "timeStamp": 53235,
    "rotation": [
      [
        0.9972436,
        -0.0537608564,
        0.0511365756
      ],
      [
        0.06220754,
        0.230173126,
        -0.9711594
      ],
      [
        0.0404401,
        0.971663535,
        0.232883
      ]
    ],
    "translation": [
      1.48172927,
      0.694440067,
      -0.3693677
    ]
  },
  {
    "timeStamp": 53280,
    "rotation": [
      [
        0.9968854,
        -0.05566419,
        0.05586551
      ],
      [
        0.06512659,
        0.181581065,
        -0.981217
      ],
      [
        0.0444745347,
        0.981799245,
        0.184640735
      ]
    ],
    "translation": [
      1.48179686,
      0.6964799,
      -0.369651139
    ]
  },
  {
    "timeStamp": 53335,
    "rotation": [
      [
        0.996834934,
        -0.054882843,
        0.0575144254
      ],
      [
        0.06616779,
        0.1717586,
        -0.982914448
      ],
      [
        0.0440665446,
        0.9836091,
        0.174846455
      ]
    ],
    "translation": [
      1.48179269,
      0.6966482,
      -0.369721472
    ]
  },
  {
    "timeStamp": 53379,
    "rotation": [
      [
        0.996916652,
        -0.054685574,
        0.0562737137
      ],
      [
        0.06528213,
        0.180110544,
        -0.9814777
      ],
      [
        0.04353718,
        0.9821251,
        0.1831252
      ]
    ],
    "translation": [
      1.481789,
      0.696485758,
      -0.3696753
    ]
  },
  {
    "timeStamp": 53435,
    "rotation": [
      [
        0.997320831,
        -0.04780977,
        0.05536592
      ],
      [
        0.06468484,
        0.222919881,
        -0.9726883
      ],
      [
        0.03416183,
        0.9736636,
        0.2254152
      ]
    ],
    "translation": [
      1.48588967,
      0.6956723,
      -0.368839979
    ]
  },
  {
    "timeStamp": 53479,
    "rotation": [
      [
        0.9968464,
        0.0763159245,
        0.0217519738
      ],
      [
        0.00125225855,
        0.25894627,
        -0.965890944
      ],
      [
        -0.07934545,
        0.962872148,
        0.2580341
      ]
    ],
    "translation": [
      1.488325,
      0.7074312,
      -0.36342296
    ]
  },
  {
    "timeStamp": 53535,
    "rotation": [
      [
        0.9833147,
        0.1745741,
        -0.05114756
      ],
      [
        -0.09852147,
        0.274706483,
        -0.9564674
      ],
      [
        -0.152923882,
        0.9455476,
        0.2873222
      ]
    ],
    "translation": [
      1.49284554,
      0.7349829,
      -0.359985
    ]
  },
  {
    "timeStamp": 53579,
    "rotation": [
      [
        0.962535441,
        0.234319508,
        -0.136454746
      ],
      [
        -0.198573872,
        0.266448468,
        -0.9431721
      ],
      [
        -0.184645459,
        0.934932947,
        0.302995831
      ]
    ],
    "translation": [
      1.49745977,
      0.763766646,
      -0.3639824
    ]
  },
  {
    "timeStamp": 53635,
    "rotation": [
      [
        0.9281187,
        0.2977655,
        -0.223453388
      ],
      [
        -0.309986532,
        0.285723954,
        -0.906791151
      ],
      [
        -0.20616512,
        0.9108774,
        0.35748902
      ]
    ],
    "translation": [
      1.51147616,
      0.8017853,
      -0.372238368
    ]
  },
  {
    "timeStamp": 53679,
    "rotation": [
      [
        0.905444562,
        0.315840542,
        -0.283575237
      ],
      [
        -0.3797132,
        0.304119229,
        -0.8736872
      ],
      [
        -0.189705148,
        0.89875257,
        0.395291924
      ]
    ],
    "translation": [
      1.52734327,
      0.8322874,
      -0.383625776
    ]
  },
  {
    "timeStamp": 53735,
    "rotation": [
      [
        0.8457724,
        0.398484677,
        -0.354794174
      ],
      [
        -0.487015247,
        0.304999858,
        -0.8184077
      ],
      [
        -0.217910737,
        0.8649768,
        0.4520286
      ]
    ],
    "translation": [
      1.55621862,
      0.875780344,
      -0.394132167
    ]
  },
  {
    "timeStamp": 53780,
    "rotation": [
      [
        0.7730847,
        0.4757003,
        -0.419582278
      ],
      [
        -0.58239,
        0.2702396,
        -0.766676247
      ],
      [
        -0.2513204,
        0.8370662,
        0.4859612
      ]
    ],
    "translation": [
      1.58524823,
      0.913373053,
      -0.403058
    ]
  },
  {
    "timeStamp": 53835,
    "rotation": [
      [
        0.6922951,
        0.5605504,
        -0.454434544
      ],
      [
        -0.669242859,
        0.263213634,
        -0.6948615
      ],
      [
        -0.269891471,
        0.7851763,
        0.5573659
      ]
    ],
    "translation": [
      1.62888658,
      0.955221832,
      -0.4167471
    ]
  },
  {
    "timeStamp": 53879,
    "rotation": [
      [
        0.604222834,
        0.63388294,
        -0.4828117
      ],
      [
        -0.7440887,
        0.232111618,
        -0.626463234
      ],
      [
        -0.285038173,
        0.7377781,
        0.611912251
      ]
    ],
    "translation": [
      1.66962373,
      0.98737663,
      -0.4284972
    ]
  },
  {
    "timeStamp": 53935,
    "rotation": [
      [
        0.495054364,
        0.7253634,
        -0.478298128
      ],
      [
        -0.815187,
        0.19727622,
        -0.5445661
      ],
      [
        -0.300651461,
        0.659492254,
        0.6889693
      ]
    ],
    "translation": [
      1.72677875,
      1.01856148,
      -0.4410837
    ]
  },
  {
    "timeStamp": 53979,
    "rotation": [
      [
        0.390536934,
        0.8005695,
        -0.454499036
      ],
      [
        -0.8672986,
        0.154427856,
        -0.4732285
      ],
      [
        -0.308665,
        0.5789996,
        0.754642546
      ]
    ],
    "translation": [
      1.77703333,
      1.03850436,
      -0.451723725
    ]
  },
  {
    "timeStamp": 54035,
    "rotation": [
      [
        0.295394778,
        0.876364,
        -0.380431443
      ],
      [
        -0.9056156,
        0.130017221,
        -0.403677821
      ],
      [
        -0.30430606,
        0.463769,
        0.8320554
      ]
    ],
    "translation": [
      1.8393389,
      1.05338192,
      -0.466649026
    ]
  },
  {
    "timeStamp": 54079,
    "rotation": [
      [
        0.227589324,
        0.921463251,
        -0.314815164
      ],
      [
        -0.9249786,
        0.103536777,
        -0.365642875
      ],
      [
        -0.304331541,
        0.3744137,
        0.8758977
      ]
    ],
    "translation": [
      1.886532,
      1.05711448,
      -0.478277773
    ]
  },
  {
    "timeStamp": 54135,
    "rotation": [
      [
        0.151358768,
        0.9672822,
        -0.203606516
      ],
      [
        -0.935918152,
        0.07396465,
        -0.3443639
      ],
      [
        -0.3180374,
        0.2426815,
        0.916492164
      ]
    ],
    "translation": [
      1.94200659,
      1.05298066,
      -0.4906954
    ]
  },
  {
    "timeStamp": 54179,
    "rotation": [
      [
        0.07474089,
        0.989076734,
        -0.127047077
      ],
      [
        -0.9474766,
        0.030705506,
        -0.318347663
      ],
      [
        -0.310969234,
        0.144167721,
        0.939422
      ]
    ],
    "translation": [
      1.98101211,
      1.047324,
      -0.5020802
    ]
  },
  {
    "timeStamp": 54235,
    "rotation": [
      [
        -0.0133589432,
        0.9994647,
        -0.0298644882
      ],
      [
        -0.9556983,
        -0.0215456225,
        -0.293558329
      ],
      [
        -0.294044644,
        0.0246198121,
        0.955474555
      ]
    ],
    "translation": [
      2.02359247,
      1.03620863,
      -0.5166044
    ]
  },
  {
    "timeStamp": 54279,
    "rotation": [
      [
        -0.0419888049,
        0.9981937,
        0.04296835
      ],
      [
        -0.957049131,
        -0.0278355461,
        -0.2885864
      ],
      [
        -0.286869079,
        -0.05324022,
        0.9564892
      ]
    ],
    "translation": [
      2.04782438,
      1.02490616,
      -0.5261824
    ]
  },
  {
    "timeStamp": 54335,
    "rotation": [
      [
        -0.082968615,
        0.9905913,
        0.10883531
      ],
      [
        -0.957586467,
        -0.04900712,
        -0.283948183
      ],
      [
        -0.2759429,
        -0.127778,
        0.952642858
      ]
    ],
    "translation": [
      2.072818,
      1.01003277,
      -0.535013
    ]
  },
  {
    "timeStamp": 54382,
    "rotation": [
      [
        -0.09690994,
        0.982123733,
        0.161373556
      ],
      [
        -0.956265569,
        -0.04691993,
        -0.2887119
      ],
      [
        -0.2759792,
        -0.182295039,
        0.9437182
      ]
    ],
    "translation": [
      2.089324,
      0.99937,
      -0.5399147
    ]
  },
  {
    "timeStamp": 54430,
    "rotation": [
      [
        -0.144133583,
        0.9725797,
        0.182522118
      ],
      [
        -0.953116953,
        -0.08684973,
        -0.289871
      ],
      [
        -0.266070664,
        -0.215745077,
        0.9395001
      ]
    ],
    "translation": [
      2.10618448,
      0.986670256,
      -0.5439599
    ]
  },
  {
    "timeStamp": 54485,
    "rotation": [
      [
        -0.184541956,
        0.9644432,
        0.189192042
      ],
      [
        -0.9479682,
        -0.123856761,
        -0.2932845
      ],
      [
        -0.259423524,
        -0.233471334,
        0.937118232
      ]
    ],
    "translation": [
      2.119001,
      0.975958169,
      -0.5453843
    ]
  },
  {
    "timeStamp": 54529,
    "rotation": [
      [
        -0.200147212,
        0.961923838,
        0.186128065
      ],
      [
        -0.9407684,
        -0.135617569,
        -0.310745239
      ],
      [
        -0.273671,
        -0.2372982,
        0.932091057
      ]
    ],
    "translation": [
      2.12235641,
      0.9657139,
      -0.543724537
    ]
  },
  {
    "timeStamp": 54585,
    "rotation": [
      [
        -0.2162929,
        0.9602351,
        0.176538855
      ],
      [
        -0.9321147,
        -0.149295986,
        -0.329958826
      ],
      [
        -0.2904815,
        -0.235922232,
        0.9273409
      ]
    ],
    "translation": [
      2.12372136,
      0.9537404,
      -0.5410414
    ]
  },
  {
    "timeStamp": 54629,
    "rotation": [
      [
        -0.223404273,
        0.961115062,
        0.1623216
      ],
      [
        -0.926135838,
        -0.157380491,
        -0.342788219
      ],
      [
        -0.303912669,
        -0.2269122,
        0.9252826
      ]
    ],
    "translation": [
      2.12194037,
      0.944075,
      -0.5397449
    ]
  },
  {
    "timeStamp": 54685,
    "rotation": [
      [
        -0.222926885,
        0.9625141,
        0.1544996
      ],
      [
        -0.921474457,
        -0.15634425,
        -0.3555859
      ],
      [
        -0.318101317,
        -0.2216371,
        0.921785533
      ]
    ],
    "translation": [
      2.120023,
      0.932542861,
      -0.537937343
    ]
  },
  {
    "timeStamp": 54729,
    "rotation": [
      [
        -0.23038727,
        0.961527646,
        0.149620533
      ],
      [
        -0.915868461,
        -0.162307,
        -0.367207468
      ],
      [
        -0.328795671,
        -0.221632659,
        0.9180263
      ]
    ],
    "translation": [
      2.11923718,
      0.9243003,
      -0.535784543
    ]
  },
  {
    "timeStamp": 54785,
    "rotation": [
      [
        -0.240457088,
        0.95931077,
        0.1479974
      ],
      [
        -0.912569642,
        -0.171469048,
        -0.371234477
      ],
      [
        -0.330752254,
        -0.224323884,
        0.916668832
      ]
    ],
    "translation": [
      2.120046,
      0.9167441,
      -0.5344194
    ]
  },
  {
    "timeStamp": 54830,
    "rotation": [
      [
        -0.2446223,
        0.9573208,
        0.153937891
      ],
      [
        -0.910943568,
        -0.172515273,
        -0.374726921
      ],
      [
        -0.332177222,
        -0.2318953,
        0.9142663
      ]
    ],
    "translation": [
      2.12128782,
      0.9121505,
      -0.533297
    ]
  },
  {
    "timeStamp": 54887,
    "rotation": [
      [
        -0.245351434,
        0.9574777,
        0.151786447
      ],
      [
        -0.9102175,
        -0.17363964,
        -0.3759697
      ],
      [
        -0.333626449,
        -0.230403408,
        0.9141157
      ]
    ],
    "translation": [
      2.122031,
      0.908440769,
      -0.5316758
    ]
  },
  {
    "timeStamp": 54933,
    "rotation": [
      [
        -0.243192136,
        0.957095146,
        0.157564208
      ],
      [
        -0.9088629,
        -0.168094486,
        -0.381723076
      ],
      [
        -0.338859618,
        -0.236036316,
        0.9107475
      ]
    ],
    "translation": [
      2.123624,
      0.90564996,
      -0.530548155
    ]
  },
  {
    "timeStamp": 54978,
    "rotation": [
      [
        -0.248802051,
        0.956129849,
        0.154639021
      ],
      [
        -0.904946446,
        -0.172575057,
        -0.3889599
      ],
      [
        -0.34520936,
        -0.23671405,
        0.908183336
      ]
    ],
    "translation": [
      2.12563586,
      0.9025306,
      -0.529168844
    ]
  },
  {
    "timeStamp": 55034,
    "rotation": [
      [
        -0.244593382,
        0.956267834,
        0.160392746
      ],
      [
        -0.9061477,
        -0.166563824,
        -0.388783783
      ],
      [
        -0.3450658,
        -0.240433455,
        0.907260358
      ]
    ],
    "translation": [
      2.12736821,
      0.9008404,
      -0.528692
    ]
  },
  {
    "timeStamp": 55079,
    "rotation": [
      [
        -0.23802568,
        0.958415866,
        0.157425627
      ],
      [
        -0.9051242,
        -0.160098016,
        -0.393851459
      ],
      [
        -0.352269948,
        -0.236236483,
        0.90559274
      ]
    ],
    "translation": [
      2.12758446,
      0.899145365,
      -0.5280523
    ]
  },
  {
    "timeStamp": 55134,
    "rotation": [
      [
        -0.233715892,
        0.95840317,
        0.1638298
      ],
      [
        -0.9036635,
        -0.151924491,
        -0.400388747
      ],
      [
        -0.358844072,
        -0.241624236,
        0.901581168
      ]
    ],
    "translation": [
      2.12771964,
      0.8965932,
      -0.5276848
    ]
  },
  {
    "timeStamp": 55179,
    "rotation": [
      [
        -0.221549869,
        0.958224058,
        0.180892915
      ],
      [
        -0.9049031,
        -0.132890642,
        -0.404339522
      ],
      [
        -0.3634089,
        -0.253271937,
        0.896541834
      ]
    ],
    "translation": [
      2.12839961,
      0.8954689,
      -0.527887
    ]
  },
  {
    "timeStamp": 55234,
    "rotation": [
      [
        -0.2193215,
        0.9573288,
        0.1882011
      ],
      [
        -0.904215,
        -0.126991779,
        -0.407760173
      ],
      [
        -0.366460562,
        -0.2596048,
        0.8934831
      ]
    ],
    "translation": [
      2.128371,
      0.8942573,
      -0.5279694
    ]
  }
]