[
  {
    "id": "003 cracker box(Clone)-9178",
    "pickRotation": [
      [
        -0.9928342,
        -0.110440858,
        0.0456400923
      ],
      [
        -0.0444229878,
        -0.01345731,
        -0.998922169
      ],
      [
        0.110936016,
        -0.9937916,
        0.008454766
      ]
    ],
    "pickTranslation": [
      0.0153294969,
      0.0133153517,
      0.18678771
    ],
    "placeRotation": [
      [
        0.9999949,
        -0.00307229767,
        -0.000946812856
      ],
      [
        0.0009087054,
        -0.0123813236,
        0.999922931
      ],
      [
        -0.00308378437,
        -0.99991864,
        -0.0123784682
      ]
    ],
    "placeTranslation": [
      0.571663737,
      0.0120100258,
      0.5715523
    ]
  },
  {
    "id": "003 cracker box(Clone)-9178",
    "pickRotation": [
      [
        -0.9385771,
        0.26602158,
        0.21978505
      ],
      [
        -0.211797655,
        0.0587257929,
        -0.975547552
      ],
      [
        -0.272423744,
        -0.962176561,
        0.00122406043
      ]
    ],
    "pickTranslation": [
      0.0155600924,
      0.0153153967,
      0.186403617
    ],
    "placeRotation": [
      [
        0.999970853,
        0.00591314165,
        0.00483587245
      ],
      [
        -0.0044782036,
        -0.0590728633,
        0.99824363
      ],
      [
        0.006188425,
        -0.9982362,
        -0.0590446554
      ]
    ],
    "placeTranslation": [
      0.537383139,
      0.07261622,
      0.5632535
    ]
  },
  {
    "id": "004 sugar box(Clone)-9044",
    "pickRotation": [
      [
        -0.984794557,
        -0.151764512,
        0.08454066
      ],
      [
        -0.0961296,
        0.0707108,
        -0.992854
      ],
      [
        0.144702062,
        -0.9858841,
        -0.08422468
      ]
    ],
    "pickTranslation": [
      0.0103622656,
      -0.008452623,
      0.155258477
    ],
    "placeRotation": [
      [
        0.9736627,
        0.0526010655,
        -0.2218429
      ],
      [
        0.223673642,
        -0.03186089,
        0.9741432
      ],
      [
        0.044172857,
        -0.998107255,
        -0.04278723
      ]
    ],
    "placeTranslation": [
      0.659187436,
      0.382694066,
      0.1823527
    ]
  },
  {
    "id": "004 sugar box(Clone)-9560",
    "pickRotation": [
      [
        -0.922968566,
        -0.378785938,
        0.06819343
      ],
      [
        -0.1219762,
        0.119833075,
        -0.985272467
      ],
      [
        0.365035534,
        -0.9176935,
        -0.156805024
      ]
    ],
    "pickTranslation": [
      0.0006659925,
      -0.00233677053,
      0.159616381
    ],
    "placeRotation": [
      [
        0.9961339,
        0.0174635127,
        -0.08609433
      ],
      [
        0.0852579549,
        0.0440202132,
        0.995386
      ],
      [
        0.021172829,
        -0.998878,
        0.04236112
      ]
    ],
    "placeTranslation": [
      0.691199362,
      0.296039283,
      -0.201105937
    ]
  },
  {
    "id": "006 mustard bottle(Clone)-9600",
    "pickRotation": [
      [
        -0.6757789,
        -0.3114326,
        -0.6680812
      ],
      [
        0.7214333,
        -0.09355187,
        -0.6861356
      ],
      [
        0.151184738,
        -0.945652068,
        0.2878982
      ]
    ],
    "pickTranslation": [
      0.0312417373,
      0.00487691257,
      0.135351241
    ],
    "placeRotation": [
      [
        0.457502216,
        -0.889109969,
        -0.0132353045
      ],
      [
        0.0340946652,
        0.00266651274,
        0.99941504
      ],
      [
        -0.8885546,
        -0.457685858,
        0.03153384
      ]
    ],
    "placeTranslation": [
      0.597278655,
      0.5604161,
      -0.7957658
    ]
  },
  {
    "id": "005 tomato soup can(Clone)-9238",
    "pickRotation": [
      [
        -0.335042626,
        -0.1831576,
        -0.9242292
      ],
      [
        0.8992593,
        0.230604976,
        -0.371690571
      ],
      [
        0.281209826,
        -0.955653965,
        0.0874436945
      ]
    ],
    "pickTranslation": [
      0.009321958,
      0.08639446,
      0.08586805
    ],
    "placeRotation": [
      [
        -0.0434775464,
        -0.9949463,
        -0.090507105
      ],
      [
        0.0553812757,
        -0.09285369,
        0.99413836
      ],
      [
        -0.9975182,
        0.038210284,
        0.0591384433
      ]
    ],
    "placeTranslation": [
      -0.0245062243,
      0.388409346,
      0.301940441
    ]
  },
  {
    "id": "005 tomato soup can(Clone)-9576",
    "pickRotation": [
      [
        -0.9808285,
        -0.0353706926,
        -0.191636
      ],
      [
        0.193891391,
        -0.07855629,
        -0.9778727
      ],
      [
        0.0195338335,
        -0.996282041,
        0.08390833
      ]
    ],
    "pickTranslation": [
      0.01154474,
      0.08206268,
      0.08751194
    ],
    "placeRotation": [
      [
        0.839810848,
        -0.54270345,
        -0.0138086136
      ],
      [
        0.06604403,
        0.07688728,
        0.99485
      ],
      [
        -0.5388468,
        -0.836397767,
        0.100413091
      ]
    ],
    "placeTranslation": [
      -0.6884538,
      0.2592028,
      0.5323635
    ]
  },
  {
    "id": "025 mug(Clone)-9250",
    "pickRotation": [
      [
        -0.3672558,
        -0.280061722,
        -0.8869546
      ],
      [
        0.9191657,
        0.0366414152,
        -0.392163
      ],
      [
        0.142329112,
        -0.959282458,
        0.243966341
      ]
    ],
    "pickTranslation": [
      0.0364788,
      0.000580124557,
      0.0613066331
    ],
    "placeRotation": [
      [
        -0.01904861,
        -0.9997237,
        -0.0137760257
      ],
      [
        0.08487658,
        -0.0153457085,
        0.9962733
      ],
      [
        -0.9962094,
        0.0178083554,
        0.08514544
      ]
    ],
    "placeTranslation": [
      -0.6322739,
      0.265142143,
      -0.347840279
    ]
  },
  {
    "id": "103 toothpaste(Clone)-9488",
    "pickRotation": [
      [
        -0.368857,
        0.03411074,
        -0.92886
      ],
      [
        -0.8998852,
        -0.263294369,
        0.34768188
      ],
      [
        -0.232703924,
        0.9641123,
        0.127813712
      ]
    ],
    "pickTranslation": [
      0.0145225907,
      0.0162884984,
      -0.0280109663
    ],
    "placeRotation": [
      [
        -0.222179532,
        0.9560222,
        0.191462144
      ],
      [
        -0.900726259,
        -0.126079187,
        -0.4156876
      ],
      [
        -0.373267174,
        -0.264812261,
        0.889126539
      ]
    ],
    "placeTranslation": [
      -0.8189795,
      1.03644013,
      -0.465522945
    ]
  },
  {
    "id": "103 toothpaste(Clone)-9524",
    "pickRotation": [
      [
        -0.3135364,
        0.08200083,
        -0.946028948
      ],
      [
        -0.9162821,
        0.235371292,
        0.324079335
      ],
      [
        0.249242827,
        0.9684401,
        0.001338431
      ]
    ],
    "pickTranslation": [
      0.0203039963,
      0.0206319131,
      -0.026313331
    ],
    "placeRotation": [
      [
        -0.284507334,
        0.900587559,
        -0.328629971
      ],
      [
        -0.9037925,
        -0.366288543,
        -0.221341029
      ],
      [
        -0.319710374,
        0.234040156,
        0.918156
      ]
    ],
    "placeTranslation": [
      -0.6812611,
      1.09306884,
      -0.40996924
    ]
  },
  {
    "id": "103 toothpaste(Clone)-9524",
    "pickRotation": [
      [
        -0.06165951,
        -0.163193256,
        -0.984665453
      ],
      [
        -0.9976927,
        -0.0180085879,
        0.06545992
      ],
      [
        -0.0284150522,
        0.986429751,
        -0.161706313
      ]
    ],
    "pickTranslation": [
      0.008364578,
      0.016423244,
      -0.03985416
    ],
    "placeRotation": [
      [
        -0.242948487,
        0.957114458,
        -0.157822385
      ],
      [
        -0.840764165,
        -0.2889146,
        -0.457868874
      ],
      [
        -0.4838301,
        0.0214528553,
        0.8748989
      ]
    ],
    "placeTranslation": [
      -0.802589,
      0.923329,
      -0.3633375
    ]
  },
  {
    "id": "011 banana(Clone)-9060",
    "pickRotation": [
      [
        -0.9904356,
        -0.0369928144,
        0.132923812
      ],
      [
        -0.134239957,
        0.03570609,
        -0.990305364
      ],
      [
        0.0318879932,
        -0.9986774,
        -0.0403305031
      ]
    ],
    "pickTranslation": [
      0.0201091729,
      -0.0130672222,
      0.00513857231
    ],
    "placeRotation": [
      [
        0.8995881,
        0.432681918,
        0.05939393
      ],
      [
        -0.0241699032,
        -0.0864633545,
        0.9959618
      ],
      [
        0.436070085,
        -0.897390962,
        -0.06732353
      ]
    ],
    "placeTranslation": [
      0.462891847,
      1.13751066,
      -0.06381037
    ]
  },
  {
    "id": "016 pear(Clone)-9032",
    "pickRotation": [
      [
        -0.962169468,
        -0.217006758,
        -0.164736018
      ],
      [
        0.150775775,
        0.0795060843,
        -0.9853656
      ],
      [
        0.226928532,
        -0.972927,
        -0.0437789634
      ]
    ],
    "pickTranslation": [
      0.0364561267,
      0.0109135974,
      0.03058023
    ],
    "placeRotation": [
      [
        -0.9435078,
        -0.3223372,
        -0.07675752
      ],
      [
        -0.280543655,
        0.900375,
        -0.332596
      ],
      [
        0.176318631,
        -0.292273074,
        -0.9399405
      ]
    ],
    "placeTranslation": [
      -0.897469461,
      1.25743783,
      0.8721539
    ]
  },
  {
    "id": "016 pear(Clone)-9202",
    "pickRotation": [
      [
        -0.7893253,
        -0.6138657,
        -0.0116006611
      ],
      [
        0.1933977,
        -0.230654791,
        -0.9536224
      ],
      [
        0.5827203,
        -0.754961848,
        0.300781876
      ]
    ],
    "pickTranslation": [
      0.02496911,
      0.0464651957,
      0.0105878944
    ],
    "placeRotation": [
      [
        -0.1862814,
        -0.381932,
        0.9052222
      ],
      [
        -0.710730135,
        0.6885179,
        0.144242167
      ],
      [
        -0.678352356,
        -0.616499066,
        -0.399708658
      ]
    ],
    "placeTranslation": [
      -0.8982641,
      0.950516462,
      0.3331522
    ]
  },
  {
    "id": "017 orange(Clone)-9142",
    "pickRotation": [
      [
        -0.9010305,
        0.168512911,
        0.39968425
      ],
      [
        0.07054128,
        -0.852255,
        0.5183487
      ],
      [
        0.427981347,
        0.4952422,
        0.7560206
      ]
    ],
    "pickTranslation": [
      0.0162723456,
      -0.0138595132,
      0.018966129
    ],
    "placeRotation": [
      [
        0.9000496,
        0.3573146,
        0.249473438
      ],
      [
        -0.287818164,
        0.9172452,
        -0.2753578
      ],
      [
        -0.3272177,
        0.1760327,
        0.9284078
      ]
    ],
    "placeTranslation": [
      -0.4942464,
      1.06053042,
      0.489508837
    ]
  },
  {
    "id": "017 orange(Clone)-9214",
    "pickRotation": [
      [
        -0.9657708,
        0.244449556,
        0.08678252
      ],
      [
        -0.1451849,
        -0.786639035,
        0.600100338
      ],
      [
        0.214960784,
        0.566959858,
        0.7952033
      ]
    ],
    "pickTranslation": [
      0.004334819,
      -0.009590232,
      0.03646731
    ],
    "placeRotation": [
      [
        0.7589067,
        0.460412025,
        0.46052286
      ],
      [
        -0.346818775,
        0.884316266,
        -0.31257242
      ],
      [
        -0.5511599,
        0.07749535,
        0.8307931
      ]
    ],
    "placeTranslation": [
      -0.378352284,
      1.15877163,
      0.241214722
    ]
  },
  {
    "id": "015 peach(Clone)-9476",
    "pickRotation": [
      [
        0.315513134,
        0.09248892,
        0.9444031
      ],
      [
        -0.942815363,
        -0.08216491,
        0.323029429
      ],
      [
        0.107473448,
        -0.992317855,
        0.06127587
      ]
    ],
    "pickTranslation": [
      0.0102964928,
      -0.000938294339,
      0.0328445658
    ],
    "placeRotation": [
      [
        0.268963277,
        0.9551289,
        -0.124046765
      ],
      [
        -0.08606948,
        0.152112484,
        0.9846085
      ],
      [
        0.959297061,
        -0.254146874,
        0.123120114
      ]
    ],
    "placeTranslation": [
      -0.1893376,
      0.8425585,
      0.5464617
    ]
  },
  {
    "id": "014 lemon(Clone)-9154",
    "pickRotation": [
      [
        0.6497234,
        -0.654649556,
        0.386385232
      ],
      [
        -0.5790062,
        -0.7555322,
        -0.306468666
      ],
      [
        0.492556065,
        -0.02459956,
        -0.869933
      ]
    ],
    "pickTranslation": [
      0.02197282,
      0.0268868525,
      0.0200049151
    ],
    "placeRotation": [
      [
        -0.5089141,
        0.327951849,
        -0.7958982
      ],
      [
        0.5930911,
        0.803699136,
        -0.0480687171
      ],
      [
        0.6238985,
        -0.496503,
        -0.6035192
      ]
    ],
    "placeTranslation": [
      -0.23254472,
      0.917488754,
      0.4059557
    ]
  },
  {
    "id": "014 lemon(Clone)-9464",
    "pickRotation": [
      [
        0.03502603,
        0.7689934,
        -0.6382965
      ],
      [
        0.626019239,
        0.4809745,
        0.6138106
      ],
      [
        0.7790206,
        -0.421085238,
        -0.464558
      ]
    ],
    "pickTranslation": [
      0.015906699,
      0.02410879,
      0.0307217278
    ],
    "placeRotation": [
      [
        -0.455789328,
        -0.7724996,
        -0.442154318
      ],
      [
        -0.5670349,
        -0.130903274,
        0.8132255
      ],
      [
        -0.686095834,
        0.621376455,
        -0.3783699
      ]
    ],
    "placeTranslation": [
      -0.2869053,
      0.8523474,
      -0.4770025
    ]
  },
  {
    "id": "014 lemon(Clone)-9588",
    "pickRotation": [
      [
        0.832177043,
        -0.5532866,
        -0.0368141271
      ],
      [
        -0.537889957,
        -0.8215862,
        0.188866735
      ],
      [
        -0.1347434,
        -0.137368619,
        -0.9813124
      ]
    ],
    "pickTranslation": [
      0.0213530846,
      0.03411051,
      0.0278909039
    ],
    "placeRotation": [
      [
        -0.835817456,
        0.533722043,
        -0.128646284
      ],
      [
        0.528122246,
        0.845653,
        0.0771872848
      ],
      [
        0.149986669,
        -0.00342648616,
        -0.988682032
      ]
    ],
    "placeTranslation": [
      -0.601393,
      0.745663762,
      -0.495645255
    ]
  },
  {
    "id": "057 racquetball(Clone)-9226",
    "pickRotation": [
      [
        -0.878757,
        -0.07324342,
        -0.4716159
      ],
      [
        0.1257722,
        -0.988763869,
        -0.08079189
      ],
      [
        -0.4603993,
        -0.1303126,
        0.87809515
      ]
    ],
    "pickTranslation": [
      0.009491311,
      -0.1286451,
      0.0271293782
    ],
    "placeRotation": [
      [
        0.7687893,
        -0.223454639,
        0.599192
      ],
      [
        0.09262006,
        0.965993345,
        0.2414091
      ],
      [
        -0.632759452,
        -0.130095541,
        0.7633418
      ]
    ],
    "placeTranslation": [
      -0.264167845,
      1.85856187,
      -1.01784873
    ]
  },
  {
    "id": "057 racquetball(Clone)-9190",
    "pickRotation": [
      [
        -0.481679142,
        -0.178764313,
        -0.857921064
      ],
      [
        0.189627737,
        -0.9770411,
        0.0971189
      ],
      [
        -0.8555855,
        -0.115905464,
        0.504519
      ]
    ],
    "pickTranslation": [
      0.0134083815,
      -0.113752656,
      0.0288366452
    ],
    "placeRotation": [
      [
        0.06878694,
        -0.159705013,
        0.9847653
      ],
      [
        0.0734155849,
        0.9852373,
        0.154653385
      ],
      [
        -0.994926453,
        0.0616589859,
        0.0794962943
      ]
    ],
    "placeTranslation": [
      -0.5478847,
      1.74092877,
      -0.794526
    ]
  },
  {
    "id": "058 golf ball(Clone)-9166",
    "pickRotation": [
      [
        -0.7552287,
        0.0544441566,
        -0.653196335
      ],
      [
        0.590646,
        -0.375554144,
        -0.714210331
      ],
      [
        -0.284195155,
        -0.9251999,
        0.251472056
      ]
    ],
    "pickTranslation": [
      0.00467131333,
      -0.0363778546,
      0.0121566411
    ],
    "placeRotation": [
      [
        0.6789147,
        -0.7309331,
        -0.06936497
      ],
      [
        0.0212454535,
        -0.0748778358,
        0.996966362
      ],
      [
        -0.733909667,
        -0.6783289,
        -0.0353066623
      ]
    ],
    "placeTranslation": [
      0.211353749,
      1.32413054,
      -1.00335538
    ]
  },
  {
    "id": "102 toothbrush(Clone)-9118",
    "pickRotation": [
      [
        -0.263093621,
        -0.04442001,
        -0.963747144
      ],
      [
        -0.1505606,
        -0.984809935,
        0.0864924
      ],
      [
        -0.952949762,
        0.167857945,
        0.2524093
      ]
    ],
    "pickTranslation": [
      -0.008210647,
      0.0129745444,
      0.0300849378
    ],
    "placeRotation": [
      [
        -0.0686856657,
        0.365164578,
        0.9284057
      ],
      [
        -0.831856251,
        0.4927562,
        -0.255355716
      ],
      [
        -0.5507245,
        -0.7898393,
        0.269919157
      ]
    ],
    "placeTranslation": [
      -0.5623354,
      1.20574462,
      -0.757422566
    ]
  },
  {
    "id": "102 toothbrush(Clone)-9130",
    "pickRotation": [
      [
        -0.142937943,
        0.07129351,
        -0.987160563
      ],
      [
        -0.3266695,
        0.9381099,
        0.115051813
      ],
      [
        0.9342675,
        0.3389205,
        -0.110802084
      ]
    ],
    "pickTranslation": [
      -0.006399847,
      0.00567437755,
      0.0271912776
    ],
    "placeRotation": [
      [
        -0.3188555,
        0.315118968,
        -0.8938855
      ],
      [
        -0.504066944,
        -0.8550576,
        -0.121626705
      ],
      [
        -0.8026504,
        0.411796778,
        0.431480885
      ]
    ],
    "placeTranslation": [
      -0.439708769,
      1.19416392,
      -0.3203866
    ]
  }
]