[
  {
    "timeStamp": 44540,
    "rotation": [
      [
        0.3044513,
        0.718305349,
        0.625577152
      ],
      [
        0.924642146,
        -0.3806163,
        -0.0129636824
      ],
      [
        0.22879298,
        0.582381845,
        -0.780054569
      ]
    ],
    "translation": [
      1.8493011,
      0.705661,
      -0.6583794
    ]
  },
  {
    "timeStamp": 44584,
    "rotation": [
      [
        0.256178766,
        0.7221664,
        0.6425326
      ],
      [
        0.9472735,
        -0.319913775,
        -0.0181163847
      ],
      [
        0.192471966,
        0.6132951,
        -0.7660442
      ]
    ],
    "translation": [
      1.85314858,
      0.7084367,
      -0.656192
    ]
  },
  {
    "timeStamp": 44639,
    "rotation": [
      [
        0.2595175,
        0.688849,
        0.6768588
      ],
      [
        0.950601339,
        -0.3058141,
        -0.05324295
      ],
      [
        0.1703166,
        0.657240331,
        -0.734184861
      ]
    ],
    "translation": [
      1.85026753,
      0.7224474,
      -0.6564615
    ]
  },
  {
    "timeStamp": 44684,
    "rotation": [
      [
        0.25026834,
        0.640377164,
        0.726142466
      ],
      [
        0.958191037,
        -0.271266937,
        -0.09101758
      ],
      [
        0.138692856,
        0.718562,
        -0.681493163
      ]
    ],
    "translation": [
      1.846618,
      0.7434793,
      -0.65665406
    ]
  },
  {
    "timeStamp": 44739,
    "rotation": [
      [
        0.260458857,
        0.5352838,
        0.8035126
      ],
      [
        0.963444769,
        -0.19817248,
        -0.180282444
      ],
      [
        0.0627318248,
        0.8210962,
        -0.567332149
      ]
    ],
    "translation": [
      1.839137,
      0.784939766,
      -0.661299
    ]
  },
  {
    "timeStamp": 44784,
    "rotation": [
      [
        0.2879698,
        0.422913849,
        0.8591957
      ],
      [
        0.957571745,
        -0.116490327,
        -0.263602763
      ],
      [
        -0.0113932714,
        0.8986512,
        -0.438516021
      ]
    ],
    "translation": [
      1.83208644,
      0.82541573,
      -0.6715692
    ]
  },
  {
    "timeStamp": 44839,
    "rotation": [
      [
        0.268694222,
        0.299745917,
        0.9153993
      ],
      [
        0.9550143,
        0.0409235656,
        -0.29372263
      ],
      [
        -0.12550357,
        0.953141,
        -0.275265723
      ]
    ],
    "translation": [
      1.83563781,
      0.8749143,
      -0.690835834
    ]
  },
  {
    "timeStamp": 44883,
    "rotation": [
      [
        0.254321963,
        0.233645514,
        0.9384723
      ],
      [
        0.9435392,
        0.153031632,
        -0.2937944
      ],
      [
        -0.21225968,
        0.9602037,
        -0.1815344
      ]
    ],
    "translation": [
      1.84856832,
      0.9092158,
      -0.7084987
    ]
  },
  {
    "timeStamp": 44939,
    "rotation": [
      [
        0.23855722,
        0.2180407,
        0.9463343
      ],
      [
        0.9241037,
        0.24859333,
        -0.290230483
      ],
      [
        -0.298534483,
        0.94374764,
        -0.142188475
      ]
    ],
    "translation": [
      1.87871909,
      0.944846,
      -0.7255738
    ]
  },
  {
    "timeStamp": 44983,
    "rotation": [
      [
        0.222611174,
        0.264812529,
        0.938252866
      ],
      [
        0.913852632,
        0.278547883,
        -0.2954393
      ],
      [
        -0.3395844,
        0.923193,
        -0.179991752
      ]
    ],
    "translation": [
      1.916106,
      0.9659185,
      -0.733035862
    ]
  },
  {
    "timeStamp": 45039,
    "rotation": [
      [
        0.195584789,
        0.349077,
        0.9164562
      ],
      [
        0.9047606,
        0.2963119,
        -0.3059536
      ],
      [
        -0.378358215,
        0.8890133,
        -0.257877
      ]
    ],
    "translation": [
      1.97024858,
      0.9840325,
      -0.73884207
    ]
  },
  {
    "timeStamp": 45093,
    "rotation": [
      [
        0.140861869,
        0.404958,
        0.9034196
      ],
      [
        0.912540853,
        0.3007932,
        -0.2771147
      ],
      [
        -0.3839623,
        0.863442242,
        -0.327170432
      ]
    ],
    "translation": [
      2.015983,
      0.9872522,
      -0.742540061
    ]
  },
  {
    "timeStamp": 45137,
    "rotation": [
      [
        0.0949594,
        0.47147426,
        0.8767523
      ],
      [
        0.9330786,
        0.2647674,
        -0.243438885
      ],
      [
        -0.346910626,
        0.8411957,
        -0.4147804
      ]
    ],
    "translation": [
      2.06725955,
      0.9795413,
      -0.746035337
    ]
  },
  {
    "timeStamp": 45189,
    "rotation": [
      [
        0.08223882,
        0.5247273,
        0.8472886
      ],
      [
        0.9669339,
        0.16392085,
        -0.1953682
      ],
      [
        -0.2414033,
        0.83533895,
        -0.493895948
      ]
    ],
    "translation": [
      2.11001348,
      0.9527789,
      -0.7493964
    ]
  },
  {
    "timeStamp": 45234,
    "rotation": [
      [
        0.04573603,
        0.54858613,
        0.834842145
      ],
      [
        0.98725903,
        0.102679521,
        -0.12155816
      ],
      [
        -0.15240632,
        0.8297651,
        -0.536900461
      ]
    ],
    "translation": [
      2.13547015,
      0.924238443,
      -0.75146246
    ]
  },
  {
    "timeStamp": 45289,
    "rotation": [
      [
        0.0196112376,
        0.549968541,
        0.8349551
      ],
      [
        0.999016,
        0.02244781,
        -0.0382505953
      ],
      [
        -0.0397795364,
        0.83488363,
        -0.54898715
      ]
    ],
    "translation": [
      2.15300846,
      0.8865767,
      -0.7532551
    ]
  },
  {
    "timeStamp": 45334,
    "rotation": [
      [
        0.0406328253,
        0.570047736,
        0.8206062
      ],
      [
        0.998889148,
        -0.00356164784,
        -0.04698646
      ],
      [
        -0.0238618143,
        0.821603835,
        -0.5695592
      ]
    ],
    "translation": [
      2.162301,
      0.8695744,
      -0.748159766
    ]
  },
  {
    "timeStamp": 45389,
    "rotation": [
      [
        -0.0039164,
        0.5831954,
        0.8123225
      ],
      [
        0.99991405,
        -0.007881289,
        0.0104790833
      ],
      [
        0.0125135016,
        0.8122937,
        -0.5831144
      ]
    ],
    "translation": [
      2.17484641,
      0.842887044,
      -0.74245286
    ]
  },
  {
    "timeStamp": 45433,
    "rotation": [
      [
        -0.033317212,
        0.607610166,
        0.7935363
      ],
      [
        0.9984688,
        -0.0148456786,
        0.05328878
      ],
      [
        0.04415939,
        0.794096649,
        -0.606185138
      ]
    ],
    "translation": [
      2.18625951,
      0.8218602,
      -0.736673236
    ]
  },
  {
    "timeStamp": 45489,
    "rotation": [
      [
        -0.0116476147,
        0.6341978,
        0.7730831
      ],
      [
        0.9969602,
        -0.05219805,
        0.05784125
      ],
      [
        0.0770362243,
        0.7714069,
        -0.631661952
      ]
    ],
    "translation": [
      2.19403887,
      0.8001592,
      -0.7308532
    ]
  },
  {
    "timeStamp": 45533,
    "rotation": [
      [
        -0.03978833,
        0.643059254,
        0.7647821
      ],
      [
        0.9948329,
        -0.0460531525,
        0.0904802158
      ],
      [
        0.09340477,
        0.7644304,
        -0.6379041
      ]
    ],
    "translation": [
      2.19985485,
      0.7865554,
      -0.7245407
    ]
  },
  {
    "timeStamp": 45590,
    "rotation": [
      [
        -0.00930916,
        0.6541625,
        0.7562967
      ],
      [
        0.9931051,
        -0.08233798,
        0.08344265
      ],
      [
        0.116857,
        0.7518589,
        -0.648885667
      ]
    ],
    "translation": [
      2.202527,
      0.7727105,
      -0.7187479
    ]
  },
  {
    "timeStamp": 45636,
    "rotation": [
      [
        -0.0398320928,
        0.6455744,
        0.7626579
      ],
      [
        0.991663337,
        -0.0680670738,
        0.109409988
      ],
      [
        0.122544177,
        0.760657966,
        -0.6374813
      ]
    ],
    "translation": [
      2.204654,
      0.7652329,
      -0.712616861
    ]
  },
  {
    "timeStamp": 45682,
    "rotation": [
      [
        -0.0413288,
        0.645224333,
        0.762874544
      ],
      [
        0.990118265,
        -0.07595731,
        0.117882945
      ],
      [
        0.134006843,
        0.760207951,
        -0.6357091
      ]
    ],
    "translation": [
      2.207233,
      0.758143365,
      -0.708598733
    ]
  },
  {
    "timeStamp": 45739,
    "rotation": [
      [
        -0.0495591536,
        0.6371127,
        0.769175768
      ],
      [
        0.988185167,
        -0.08055031,
        0.13039054
      ],
      [
        0.145030811,
        0.7665501,
        -0.625593245
      ]
    ],
    "translation": [
      2.21118426,
      0.7511417,
      -0.7034286
    ]
  },
  {
    "timeStamp": 45783,
    "rotation": [
      [
        -0.06969494,
        0.628258348,
        0.7748768
      ],
      [
        0.986681163,
        -0.07103242,
        0.14633733
      ],
      [
        0.146979019,
        0.7747553,
        -0.6149401
      ]
    ],
    "translation": [
      2.21451283,
      0.747203648,
      -0.6992351
    ]
  },
  {
    "timeStamp": 45839,
    "rotation": [
      [
        -0.09379953,
        0.6118099,
        0.785423636
      ],
      [
        0.9839947,
        -0.0630878657,
        0.166656584
      ],
      [
        0.151512846,
        0.788485,
        -0.5961001
      ]
    ],
    "translation": [
      2.2180295,
      0.7428465,
      -0.695008636
    ]
  },
  {
    "timeStamp": 45883,
    "rotation": [
      [
        -0.11975269,
        0.5942296,
        0.795330465
      ],
      [
        0.980493248,
        -0.0549762622,
        0.188707992
      ],
      [
        0.155860171,
        0.8024144,
        -0.5760545
      ]
    ],
    "translation": [
      2.22038054,
      0.739053249,
      -0.692010045
    ]
  },
  {
    "timeStamp": 45939,
    "rotation": [
      [
        -0.146735415,
        0.5767481,
        0.8036358
      ],
      [
        0.9766445,
        -0.04443695,
        0.210216209
      ],
      [
        0.156952918,
        0.815712631,
        -0.5567574
      ]
    ],
    "translation": [
      2.222952,
      0.734413,
      -0.6882837
    ]
  },
  {
    "timeStamp": 45983,
    "rotation": [
      [
        -0.153923646,
        0.5694303,
        0.807500243
      ],
      [
        0.9747029,
        -0.0465304554,
        0.21860756
      ],
      [
        0.16205512,
        0.8207217,
        -0.5478631
      ]
    ],
    "translation": [
      2.22508812,
      0.7303202,
      -0.685852468
    ]
  },
  {
    "timeStamp": 46039,
    "rotation": [
      [
        -0.1658562,
        0.5638075,
        0.8090815
      ],
      [
        0.9718845,
        -0.0455935448,
        0.231001511
      ],
      [
        0.167129278,
        0.824646831,
        -0.5403938
      ]
    ],
    "translation": [
      2.22747684,
      0.7251135,
      -0.6829936
    ]
  },
  {
    "timeStamp": 46083,
    "rotation": [
      [
        -0.18051891,
        0.560274,
        0.8083971
      ],
      [
        0.9696388,
        -0.0364765041,
        0.241805643
      ],
      [
        0.164964929,
        0.827503741,
        -0.5366788
      ]
    ],
    "translation": [
      2.22976279,
      0.7228884,
      -0.6803028
    ]
  },
  {
    "timeStamp": 46139,
    "rotation": [
      [
        -0.192402318,
        0.5639019,
        0.803116441
      ],
      [
        0.966620862,
        -0.03219723,
        0.254180044
      ],
      [
        0.169190735,
        0.8252139,
        -0.5388845
      ]
    ],
    "translation": [
      2.23328614,
      0.7192665,
      -0.67802763
    ]
  },
  {
    "timeStamp": 46183,
    "rotation": [
      [
        -0.196683943,
        0.55861336,
        0.805770755
      ],
      [
        0.9655798,
        -0.03231086,
        0.2580924
      ],
      [
        0.17020902,
        0.8287986,
        -0.533030748
      ]
    ],
    "translation": [
      2.23274755,
      0.717465937,
      -0.67728126
    ]
  }
]