[
  {
    "timeStamp": 11832,
    "rotation": [
      [
        -0.99999845,
        0.000796585344,
        -0.00159545371
      ],
      [
        -0.00160019344,
        -0.0059853,
        0.9999808
      ],
      [
        0.000787020661,
        0.9999818,
        0.00598656526
      ]
    ],
    "translation": [
      1.77004218,
      0.7019547,
      -0.6200292
    ]
  },
  {
    "timeStamp": 11888,
    "rotation": [
      [
        -0.999963,
        -0.008501892,
        -0.00130893721
      ],
      [
        -0.00122556114,
        -0.00980457,
        0.9999512
      ],
      [
        -0.008514311,
        0.9999158,
        0.009793788
      ]
    ],
    "translation": [
      1.77169681,
      0.702491641,
      -0.621358156
    ]
  },
  {
    "timeStamp": 11938,
    "rotation": [
      [
        -0.999854743,
        -0.00407056045,
        0.0165492967
      ],
      [
        0.0165903643,
        -0.0102709718,
        0.9998096
      ],
      [
        -0.00389981479,
        0.999938965,
        0.0103370119
      ]
    ],
    "translation": [
      1.77029383,
      0.7075957,
      -0.62311393
    ]
  },
  {
    "timeStamp": 11985,
    "rotation": [
      [
        -0.9988888,
        -0.00600775052,
        0.0467454866
      ],
      [
        0.046664428,
        0.0129898479,
        0.998826146
      ],
      [
        -0.00660792133,
        0.9998976,
        -0.0126950648
      ]
    ],
    "translation": [
      1.76655412,
      0.722172141,
      -0.6202542
    ]
  },
  {
    "timeStamp": 12041,
    "rotation": [
      [
        -0.9960137,
        -0.007753385,
        0.08886297
      ],
      [
        0.08844947,
        0.04316321,
        0.995145
      ],
      [
        -0.0115513587,
        0.999038,
        -0.0423053652
      ]
    ],
    "translation": [
      1.76256168,
      0.7444936,
      -0.6172052
    ]
  },
  {
    "timeStamp": 12085,
    "rotation": [
      [
        -0.9915304,
        -0.003121349,
        0.129837632
      ],
      [
        0.129313231,
        0.06916924,
        0.989188433
      ],
      [
        -0.0120683527,
        0.9976001,
        -0.0681797639
      ]
    ],
    "translation": [
      1.76255357,
      0.7670686,
      -0.6142982
    ]
  },
  {
    "timeStamp": 12140,
    "rotation": [
      [
        -0.9859539,
        -0.0009473888,
        0.167014867
      ],
      [
        0.16561988,
        0.123551868,
        0.978419662
      ],
      [
        -0.02156192,
        0.992337644,
        -0.12165954
      ]
    ],
    "translation": [
      1.7720468,
      0.8038596,
      -0.6060702
    ]
  },
  {
    "timeStamp": 12185,
    "rotation": [
      [
        -0.980809748,
        0.0158573668,
        0.194321245
      ],
      [
        0.194077536,
        0.174514249,
        0.965338647
      ],
      [
        -0.0186040867,
        0.984526932,
        -0.174242839
      ]
    ],
    "translation": [
      1.788872,
      0.837615132,
      -0.5965662
    ]
  },
  {
    "timeStamp": 12240,
    "rotation": [
      [
        -0.9760614,
        0.0527944453,
        0.21099034
      ],
      [
        0.217478663,
        0.248889327,
        0.9437993
      ],
      [
        -0.002685876,
        0.967092,
        -0.254412919
      ]
    ],
    "translation": [
      1.82405853,
      0.8833408,
      -0.5794205
    ]
  },
  {
    "timeStamp": 12285,
    "rotation": [
      [
        -0.979304254,
        0.08608841,
        0.1831717
      ],
      [
        0.201173246,
        0.3148103,
        0.9275903
      ],
      [
        0.0221904349,
        0.9452424,
        -0.325613767
      ]
    ],
    "translation": [
      1.86909783,
      0.9178283,
      -0.5644723
    ]
  },
  {
    "timeStamp": 12341,
    "rotation": [
      [
        -0.9775095,
        0.141481,
        0.15639168
      ],
      [
        0.1991139,
        0.3748057,
        0.9054691
      ],
      [
        0.06949017,
        0.9162444,
        -0.394546956
      ]
    ],
    "translation": [
      1.92992222,
      0.95475173,
      -0.549324751
    ]
  },
  {
    "timeStamp": 12386,
    "rotation": [
      [
        -0.976774454,
        0.180995882,
        0.114682905
      ],
      [
        0.1812067,
        0.412138969,
        0.8929197
      ],
      [
        0.114349514,
        0.892962456,
        -0.4353645
      ]
    ],
    "translation": [
      1.9839505,
      0.9757807,
      -0.541365
    ]
  },
  {
    "timeStamp": 12431,
    "rotation": [
      [
        -0.97404927,
        0.2168929,
        0.06469501
      ],
      [
        0.153463662,
        0.422786653,
        0.893140733
      ],
      [
        0.1663637,
        0.8798914,
        -0.445100218
      ]
    ],
    "translation": [
      2.043219,
      0.984715343,
      -0.540475547
    ]
  },
  {
    "timeStamp": 12487,
    "rotation": [
      [
        -0.9685555,
        0.24794583,
        0.02056942
      ],
      [
        0.1241698,
        0.410088658,
        0.9035536
      ],
      [
        0.215597063,
        0.8776959,
        -0.427981019
      ]
    ],
    "translation": [
      2.101312,
      0.981756568,
      -0.5463047
    ]
  },
  {
    "timeStamp": 12532,
    "rotation": [
      [
        -0.9632351,
        0.268628061,
        -0.004134543
      ],
      [
        0.1014288,
        0.377863556,
        0.920288742
      ],
      [
        0.248777673,
        0.8860351,
        -0.391218066
      ]
    ],
    "translation": [
      2.14293766,
      0.9651257,
      -0.555312037
    ]
  },
  {
    "timeStamp": 12589,
    "rotation": [
      [
        -0.964773,
        0.2623198,
        -0.0200356022
      ],
      [
        0.06436682,
        0.309200674,
        0.948816
      ],
      [
        0.25508827,
        0.914102435,
        -0.315193146
      ]
    ],
    "translation": [
      2.17823482,
      0.932611346,
      -0.565225542
    ]
  },
  {
    "timeStamp": 12637,
    "rotation": [
      [
        -0.9631777,
        0.262246758,
        -0.0592909828
      ],
      [
        0.0149751948,
        0.272506416,
        0.962037444
      ],
      [
        0.268448353,
        0.9257251,
        -0.2663993
      ]
    ],
    "translation": [
      2.21538448,
      0.899791837,
      -0.5739718
    ]
  },
  {
    "timeStamp": 12682,
    "rotation": [
      [
        -0.963098168,
        0.2648265,
        -0.0480505452
      ],
      [
        0.0163608436,
        0.235799953,
        0.9716639
      ],
      [
        0.268652678,
        0.9350216,
        -0.231431291
      ]
    ],
    "translation": [
      2.228979,
      0.873118043,
      -0.5770203
    ]
  },
  {
    "timeStamp": 12737,
    "rotation": [
      [
        -0.9681988,
        0.244141668,
        -0.0546433777
      ],
      [
        -0.006764379,
        0.192788646,
        0.981216967
      ],
      [
        0.250090569,
        0.9503827,
        -0.185006276
      ]
    ],
    "translation": [
      2.242195,
      0.842128754,
      -0.5773138
    ]
  },
  {
    "timeStamp": 12782,
    "rotation": [
      [
        -0.9716095,
        0.231069148,
        -0.0508145727
      ],
      [
        -0.01157645,
        0.168089613,
        0.985703766
      ],
      [
        0.236307114,
        0.9583073,
        -0.1606425
      ]
    ],
    "translation": [
      2.24447918,
      0.82150507,
      -0.575015068
    ]
  },
  {
    "timeStamp": 12837,
    "rotation": [
      [
        -0.977197766,
        0.199618056,
        -0.07236809
      ],
      [
        -0.043828316,
        0.143855542,
        0.9886277
      ],
      [
        0.207758471,
        0.9692565,
        -0.131826386
      ]
    ],
    "translation": [
      2.25358868,
      0.8013866,
      -0.57267493
    ]
  },
  {
    "timeStamp": 12882,
    "rotation": [
      [
        -0.9809988,
        0.185986,
        -0.0552312471
      ],
      [
        -0.03472841,
        0.111746386,
        0.99312973
      ],
      [
        0.19088012,
        0.9761772,
        -0.103164069
      ]
    ],
    "translation": [
      2.24738169,
      0.7852336,
      -0.573502958
    ]
  },
  {
    "timeStamp": 12937,
    "rotation": [
      [
        -0.9810604,
        0.16669485,
        -0.09865721
      ],
      [
        -0.0843969658,
        0.0905826,
        0.992306352
      ],
      [
        0.17434901,
        0.9818389,
        -0.0747984648
      ]
    ],
    "translation": [
      2.26028013,
      0.77023375,
      -0.5700749
    ]
  },
  {
    "timeStamp": 12982,
    "rotation": [
      [
        -0.9824841,
        0.1648045,
        -0.08697377
      ],
      [
        -0.07582561,
        0.0727807656,
        0.994461358
      ],
      [
        0.170221761,
        0.983637333,
        -0.05900954
      ]
    ],
    "translation": [
      2.259609,
      0.7601671,
      -0.569271743
    ]
  },
  {
    "timeStamp": 13039,
    "rotation": [
      [
        -0.9822606,
        0.157847077,
        -0.101234093
      ],
      [
        -0.09353362,
        0.0554918274,
        0.994068444
      ],
      [
        0.162528485,
        0.9859031,
        -0.0397434272
      ]
    ],
    "translation": [
      2.266028,
      0.7509462,
      -0.5678911
    ]
  },
  {
    "timeStamp": 13085,
    "rotation": [
      [
        -0.982811868,
        0.160270914,
        -0.09161887
      ],
      [
        -0.08571562,
        0.0433814637,
        0.995374739
      ],
      [
        0.1635042,
        0.98611933,
        -0.0288980976
      ]
    ],
    "translation": [
      2.26564312,
      0.7452584,
      -0.566987336
    ]
  },
  {
    "timeStamp": 13142,
    "rotation": [
      [
        -0.983480752,
        0.154994816,
        -0.0934991539
      ],
      [
        -0.08899545,
        0.03576114,
        0.9953898
      ],
      [
        0.157623917,
        0.9872678,
        -0.02137656
      ]
    ],
    "translation": [
      2.26852512,
      0.7393249,
      -0.565620363
    ]
  },
  {
    "timeStamp": 13187,
    "rotation": [
      [
        -0.982676,
        0.160812527,
        -0.09212579
      ],
      [
        -0.08769312,
        0.0344625749,
        0.9955512
      ],
      [
        0.163272,
        0.98638314,
        -0.0197633952
      ]
    ],
    "translation": [
      2.269114,
      0.7363155,
      -0.563709438
    ]
  },
  {
    "timeStamp": 13232,
    "rotation": [
      [
        -0.9823955,
        0.164731637,
        -0.0881052762
      ],
      [
        -0.0841227844,
        0.031011628,
        0.9959727
      ],
      [
        0.166800514,
        0.9858508,
        -0.016608
      ]
    ],
    "translation": [
      2.26902175,
      0.7343192,
      -0.5622755
    ]
  },
  {
    "timeStamp": 13287,
    "rotation": [
      [
        -0.981283367,
        0.1719024,
        -0.08678995
      ],
      [
        -0.0829909742,
        0.029178204,
        0.9961231
      ],
      [
        0.173768312,
        0.9846817,
        -0.0143657392
      ]
    ],
    "translation": [
      2.26891851,
      0.7326138,
      -0.5607203
    ]
  },
  {
    "timeStamp": 13331,
    "rotation": [
      [
        -0.98409903,
        0.155499026,
        -0.0858439356
      ],
      [
        -0.08166517,
        0.0330770463,
        0.9961108
      ],
      [
        0.157733724,
        0.9872821,
        -0.0198522341
      ]
    ],
    "translation": [
      2.26911116,
      0.731302142,
      -0.557299256
    ]
  },
  {
    "timeStamp": 13387,
    "rotation": [
      [
        -0.9855846,
        0.1446278,
        -0.08778274
      ],
      [
        -0.08322108,
        0.0373061374,
        0.995832562
      ],
      [
        0.147299916,
        0.988782644,
        -0.0247322712
      ]
    ],
    "translation": [
      2.26929426,
      0.7315984,
      -0.553352058
    ]
  },
  {
    "timeStamp": 13432,
    "rotation": [
      [
        -0.9876949,
        0.13028118,
        -0.0865189
      ],
      [
        -0.08144726,
        0.04377599,
        0.9957158
      ],
      [
        0.133510515,
        0.9905102,
        -0.032626275
      ]
    ],
    "translation": [
      2.2680676,
      0.7320168,
      -0.548952341
    ]
  },
  {
    "timeStamp": 13487,
    "rotation": [
      [
        -0.988877058,
        0.121012725,
        -0.0864755139
      ],
      [
        -0.08167415,
        0.0440986268,
        0.995683
      ],
      [
        0.124303758,
        0.9916709,
        -0.0337245129
      ]
    ],
    "translation": [
      2.26571965,
      0.7329534,
      -0.547466
    ]
  },
  {
    "timeStamp": 13531,
    "rotation": [
      [
        -0.9898033,
        0.115259893,
        -0.08369354
      ],
      [
        -0.07901176,
        0.0446139127,
        0.9958749
      ],
      [
        0.118518308,
        0.992333,
        -0.0350521132
      ]
    ],
    "translation": [
      2.263105,
      0.733911633,
      -0.5461301
    ]
  },
  {
    "timeStamp": 13587,
    "rotation": [
      [
        -0.9911326,
        0.09986323,
        -0.08765493
      ],
      [
        -0.0839215,
        0.04100021,
        0.995628536
      ],
      [
        0.103020549,
        0.994156063,
        -0.0322559737
      ]
    ],
    "translation": [
      2.26398873,
      0.7342915,
      -0.545438051
    ]
  },
  {
    "timeStamp": 13632,
    "rotation": [
      [
        -0.990611,
        0.103647061,
        -0.0891469941
      ],
      [
        -0.08553178,
        0.03882526,
        0.9955787
      ],
      [
        0.106649943,
        0.9938561,
        -0.0295956116
      ]
    ],
    "translation": [
      2.26359558,
      0.7329309,
      -0.5455753
    ]
  },
  {
    "timeStamp": 13687,
    "rotation": [
      [
        -0.9903618,
        0.104437374,
        -0.0909734741
      ],
      [
        -0.08693527,
        0.04259755,
        0.9953028
      ],
      [
        0.107822075,
        0.9936187,
        -0.033107698
      ]
    ],
    "translation": [
      2.262648,
      0.7316406,
      -0.5456965
    ]
  },
  {
    "timeStamp": 13731,
    "rotation": [
      [
        -0.990862548,
        0.103462555,
        -0.08652727
      ],
      [
        -0.0825812444,
        0.0418415368,
        0.9957056
      ],
      [
        0.10663867,
        0.9937529,
        -0.0329151452
      ]
    ],
    "translation": [
      2.26073885,
      0.7316841,
      -0.545733869
    ]
  },
  {
    "timeStamp": 13787,
    "rotation": [
      [
        -0.991062462,
        0.103612877,
        -0.0840211958
      ],
      [
        -0.08026775,
        0.03988552,
        0.995975
      ],
      [
        0.106547065,
        0.9938177,
        -0.03121227
      ]
    ],
    "translation": [
      2.2595427,
      0.730991244,
      -0.547395349
    ]
  },
  {
    "timeStamp": 13831,
    "rotation": [
      [
        -0.9912289,
        0.103955775,
        -0.08159949
      ],
      [
        -0.07784402,
        0.0396912619,
        0.99617517
      ],
      [
        0.10679692,
        0.9937896,
        -0.03125079
      ]
    ],
    "translation": [
      2.25856,
      0.7302785,
      -0.5482845
    ]
  },
  {
    "timeStamp": 13887,
    "rotation": [
      [
        -0.9914108,
        0.104106762,
        -0.0791607648
      ],
      [
        -0.07529045,
        0.0406011343,
        0.996334732
      ],
      [
        0.1069392,
        0.993737042,
        -0.03241416
      ]
    ],
    "translation": [
      2.25758982,
      0.729810834,
      -0.5497594
    ]
  },
  {
    "timeStamp": 13931,
    "rotation": [
      [
        -0.991016865,
        0.105199516,
        -0.08257499
      ],
      [
        -0.0783764049,
        0.04344539,
        0.995976746
      ],
      [
        0.108363755,
        0.993501663,
        -0.0348099545
      ]
    ],
    "translation": [
      2.25848222,
      0.7301953,
      -0.5508881
    ]
  },
  {
    "timeStamp": 13986,
    "rotation": [
      [
        -0.990737557,
        0.107829645,
        -0.0825336054
      ],
      [
        -0.07758911,
        0.04927939,
        0.995766759
      ],
      [
        0.1114404,
        0.9929473,
        -0.0404565372
      ]
    ],
    "translation": [
      2.25853634,
      0.7317468,
      -0.5524376
    ]
  },
  {
    "timeStamp": 14032,
    "rotation": [
      [
        -0.990279138,
        0.111384012,
        -0.0833117962
      ],
      [
        -0.07775774,
        0.0533183925,
        0.9955455
      ],
      [
        0.115329921,
        0.9923461,
        -0.04413912
      ]
    ],
    "translation": [
      2.259592,
      0.7325305,
      -0.5535393
    ]
  },
  {
    "timeStamp": 14086,
    "rotation": [
      [
        -0.990353465,
        0.111948788,
        -0.08165533
      ],
      [
        -0.07579736,
        0.0556277335,
        0.995570362
      ],
      [
        0.115995184,
        0.9921558,
        -0.046605695
      ]
    ],
    "translation": [
      2.25937843,
      0.7321866,
      -0.554439068
    ]
  },
  {
    "timeStamp": 14131,
    "rotation": [
      [
        -0.989709258,
        0.114660636,
        -0.08560729
      ],
      [
        -0.0792705342,
        0.0587372,
        0.9951212
      ],
      [
        0.119129539,
        0.991666734,
        -0.0490435436
      ]
    ],
    "translation": [
      2.261378,
      0.732404649,
      -0.554016948
    ]
  },
  {
    "timeStamp": 14186,
    "rotation": [
      [
        -0.9895053,
        0.118032105,
        -0.08335269
      ],
      [
        -0.07694348,
        0.05786176,
        0.99535507
      ],
      [
        0.122306786,
        0.9913226,
        -0.0481727161
      ]
    ],
    "translation": [
      2.26182437,
      0.7327292,
      -0.553228259
    ]
  },
  {
    "timeStamp": 14242,
    "rotation": [
      [
        -0.9890443,
        0.1190774,
        -0.08724597
      ],
      [
        -0.08112798,
        0.0553023256,
        0.995168269
      ],
      [
        0.123326965,
        0.9913436,
        -0.0450359434
      ]
    ],
    "translation": [
      2.262765,
      0.732042,
      -0.553163469
    ]
  },
  {
    "timeStamp": 14285,
    "rotation": [
      [
        -0.989651,
        0.119978413,
        -0.07871483
      ],
      [
        -0.07332472,
        0.04870372,
        0.9961182
      ],
      [
        0.123346381,
        0.991581142,
        -0.0394023024
      ]
    ],
    "translation": [
      2.259287,
      0.7317579,
      -0.554160953
    ]
  },
  {
    "timeStamp": 14340,
    "rotation": [
      [
        -0.9910657,
        0.118547767,
        -0.06111653
      ],
      [
        -0.055679597,
        0.0486479364,
        0.997262836
      ],
      [
        0.121196471,
        0.9917559,
        -0.04161261
      ]
    ],
    "translation": [
      2.24851942,
      0.73407644,
      -0.552882
    ]
  },
  {
    "timeStamp": 14385,
    "rotation": [
      [
        -0.9930665,
        0.103272207,
        -0.05615902
      ],
      [
        -0.0513525344,
        0.0486279242,
        0.997496
      ],
      [
        0.105744489,
        0.993463755,
        -0.0429874733
      ]
    ],
    "translation": [
      2.236449,
      0.7357279,
      -0.551316261
    ]
  },
  {
    "timeStamp": 14440,
    "rotation": [
      [
        -0.995789349,
        0.07116928,
        -0.0577802733
      ],
      [
        -0.05506342,
        0.0395639837,
        0.9976987
      ],
      [
        0.0732915,
        0.9966793,
        -0.03547857
      ]
    ],
    "translation": [
      2.219224,
      0.7353175,
      -0.5510539
    ]
  },
  {
    "timeStamp": 14484,
    "rotation": [
      [
        -0.995874345,
        0.05716632,
        -0.07047196
      ],
      [
        -0.0685804561,
        0.0344031043,
        0.997052252
      ],
      [
        0.0594222434,
        0.9977717,
        -0.030340679
      ]
    ],
    "translation": [
      2.20953059,
      0.7342905,
      -0.550903261
    ]
  },
  {
    "timeStamp": 14540,
    "rotation": [
      [
        -0.9947456,
        0.0492617637,
        -0.0897470042
      ],
      [
        -0.08822599,
        0.0322320722,
        0.9955789
      ],
      [
        0.051936686,
        0.9982657,
        -0.0277165435
      ]
    ],
    "translation": [
      2.20219946,
      0.732548237,
      -0.548512
    ]
  },
  {
    "timeStamp": 14585,
    "rotation": [
      [
        -0.995209,
        0.04391401,
        -0.0873537362
      ],
      [
        -0.08646353,
        0.02178161,
        0.99601686
      ],
      [
        0.045641806,
        0.9987979,
        -0.0178802945
      ]
    ],
    "translation": [
      2.19175076,
      0.730027437,
      -0.549319
    ]
  },
  {
    "timeStamp": 14640,
    "rotation": [
      [
        -0.99488014,
        0.0491021276,
        -0.08833133
      ],
      [
        -0.08739962,
        0.0208128262,
        0.9959559
      ],
      [
        0.050741978,
        0.9985769,
        -0.0164147615
      ]
    ],
    "translation": [
      2.18175769,
      0.7286371,
      -0.547264457
    ]
  },
  {
    "timeStamp": 14685,
    "rotation": [
      [
        -0.9957916,
        0.0501201823,
        -0.076726906
      ],
      [
        -0.07609457,
        0.0144078862,
        0.9969965
      ],
      [
        0.0510751121,
        0.9986392,
        -0.0105333794
      ]
    ],
    "translation": [
      2.1716187,
      0.7273412,
      -0.54742384
    ]
  },
  {
    "timeStamp": 14742,
    "rotation": [
      [
        -0.996096253,
        0.056990847,
        -0.06741138
      ],
      [
        -0.066301,
        0.0211570133,
        0.997575343
      ],
      [
        0.0582788847,
        0.9981505,
        -0.0172958691
      ]
    ],
    "translation": [
      2.16120839,
      0.726349235,
      -0.5435043
    ]
  },
  {
    "timeStamp": 14786,
    "rotation": [
      [
        -0.995648563,
        0.0626883,
        -0.06895006
      ],
      [
        -0.06812771,
        0.0151647879,
        0.997561336
      ],
      [
        0.06358104,
        0.99791795,
        -0.01082799
      ]
    ],
    "translation": [
      2.15737033,
      0.7262761,
      -0.54373467
    ]
  },
  {
    "timeStamp": 14842,
    "rotation": [
      [
        -0.9956266,
        0.0613457263,
        -0.07045836
      ],
      [
        -0.06988862,
        0.0113867577,
        0.9974898
      ],
      [
        0.06199403,
        0.998051643,
        -0.007049591
      ]
    ],
    "translation": [
      2.15301013,
      0.726261854,
      -0.543648
    ]
  },
  {
    "timeStamp": 14886,
    "rotation": [
      [
        -0.994706452,
        0.06747233,
        -0.0775023
      ],
      [
        -0.07698532,
        0.010232741,
        0.9969797
      ],
      [
        0.0680616051,
        0.9976687,
        -0.004984195
      ]
    ],
    "translation": [
      2.15099549,
      0.7266389,
      -0.5436392
    ]
  },
  {
    "timeStamp": 14942,
    "rotation": [
      [
        -0.9947279,
        0.0596338,
        -0.0834276155
      ],
      [
        -0.08311912,
        0.00763943046,
        0.9965103
      ],
      [
        0.060063038,
        0.998191059,
        -0.00264244573
      ]
    ],
    "translation": [
      2.15134573,
      0.727120161,
      -0.5434221
    ]
  },
  {
    "timeStamp": 14986,
    "rotation": [
      [
        -0.993833363,
        0.06270841,
        -0.09144882
      ],
      [
        -0.09112937,
        0.007941611,
        0.9958074
      ],
      [
        0.0631717443,
        0.998000264,
        -0.00217806036
      ]
    ],
    "translation": [
      2.151178,
      0.727412164,
      -0.543731153
    ]
  },
  {
    "timeStamp": 15042,
    "rotation": [
      [
        -0.992778242,
        0.06625053,
        -0.1000108
      ],
      [
        -0.09961363,
        0.009279795,
        0.9949829
      ],
      [
        0.06684623,
        0.9977599,
        -0.002613323
      ]
    ],
    "translation": [
      2.15106869,
      0.7278482,
      -0.5439755
    ]
  },
  {
    "timeStamp": 15086,
    "rotation": [
      [
        -0.992452741,
        0.06620843,
        -0.103218064
      ],
      [
        -0.102683209,
        0.0114401774,
        0.994648337
      ],
      [
        0.06703493,
        0.9977402,
        -0.004555342
      ]
    ],
    "translation": [
      2.15072179,
      0.7280264,
      -0.5439711
    ]
  },
  {
    "timeStamp": 15142,
    "rotation": [
      [
        -0.9924064,
        0.06951815,
        -0.101472385
      ],
      [
        -0.101022832,
        0.009961291,
        0.994834244
      ],
      [
        0.07016983,
        0.997530937,
        -0.00286272983
      ]
    ],
    "translation": [
      2.14990878,
      0.7278259,
      -0.5441206
    ]
  },
  {
    "timeStamp": 15186,
    "rotation": [
      [
        -0.993689537,
        0.0775447562,
        -0.08104258
      ],
      [
        -0.08054868,
        0.00948111247,
        0.9967056
      ],
      [
        0.07805767,
        0.9969438,
        -0.003175154
      ]
    ],
    "translation": [
      2.14421225,
      0.726522565,
      -0.5444602
    ]
  },
  {
    "timeStamp": 15242,
    "rotation": [
      [
        -0.993555963,
        0.0800929,
        -0.08019752
      ],
      [
        -0.0794248357,
        0.0127921915,
        0.996758759
      ],
      [
        0.08085921,
        0.996705353,
        -0.006348393
      ]
    ],
    "translation": [
      2.140703,
      0.7274089,
      -0.5446825
    ]
  },
  {
    "timeStamp": 15286,
    "rotation": [
      [
        -0.99292016,
        0.0893479139,
        -0.07827154
      ],
      [
        -0.0768376738,
        0.0193816759,
        0.9968552
      ],
      [
        0.09058398,
        0.9958119,
        -0.01237917
      ]
    ],
    "translation": [
      2.14061165,
      0.7290665,
      -0.545036
    ]
  },
  {
    "timeStamp": 15342,
    "rotation": [
      [
        -0.9933869,
        0.08920505,
        -0.0722832
      ],
      [
        -0.0708399639,
        0.01924427,
        0.997302055
      ],
      [
        0.09035541,
        0.9958273,
        -0.0127977235
      ]
    ],
    "translation": [
      2.140592,
      0.7303028,
      -0.544978738
    ]
  },
  {
    "timeStamp": 15386,
    "rotation": [
      [
        -0.9934383,
        0.0913507044,
        -0.06881397
      ],
      [
        -0.06717251,
        0.0209270325,
        0.9975219
      ],
      [
        0.092564404,
        0.9955989,
        -0.01465346
      ]
    ],
    "translation": [
      2.14053082,
      0.730410933,
      -0.5451751
    ]
  },
  {
    "timeStamp": 15442,
    "rotation": [
      [
        -0.994248867,
        0.0849205852,
        -0.06525172
      ],
      [
        -0.06404144,
        0.01690171,
        0.9978041
      ],
      [
        0.08583697,
        0.996244431,
        -0.0113660665
      ]
    ],
    "translation": [
      2.14052343,
      0.7301614,
      -0.544778
    ]
  },
  {
    "timeStamp": 15486,
    "rotation": [
      [
        -0.994141161,
        0.08742887,
        -0.06355814
      ],
      [
        -0.0625046343,
        0.0147379208,
        0.997935832
      ],
      [
        0.0881851241,
        0.9960618,
        -0.009186863
      ]
    ],
    "translation": [
      2.14045429,
      0.729102731,
      -0.5449382
    ]
  },
  {
    "timeStamp": 15542,
    "rotation": [
      [
        -0.9937779,
        0.09073472,
        -0.06459731
      ],
      [
        -0.0636702254,
        0.0130782081,
        0.9978853
      ],
      [
        0.09138767,
        0.99578923,
        -0.007219733
      ]
    ],
    "translation": [
      2.14042282,
      0.7269243,
      -0.545184135
    ]
  },
  {
    "timeStamp": 15586,
    "rotation": [
      [
        -0.993174136,
        0.0966842845,
        -0.06524674
      ],
      [
        -0.0642347261,
        0.0135463858,
        0.997842848
      ],
      [
        0.09735959,
        0.995222867,
        -0.007243432
      ]
    ],
    "translation": [
      2.14044547,
      0.7260841,
      -0.545620143
    ]
  },
  {
    "timeStamp": 15642,
    "rotation": [
      [
        -0.9932125,
        0.0933392346,
        -0.06940239
      ],
      [
        -0.06851886,
        0.012641333,
        0.99756974
      ],
      [
        0.09398973,
        0.9955541,
        -0.00616003247
      ]
    ],
    "translation": [
      2.14046383,
      0.7261943,
      -0.5454465
    ]
  }
]