[
  {
    "timeStamp": 54834,
    "rotation": [
      [
        0.999994457,
        0.003334374,
        -1.06070065E-05
      ],
      [
        -0.00333432574,
        0.999989748,
        0.0030763736
      ],
      [
        2.08646779E-05,
        -0.00307632121,
        0.9999953
      ]
    ],
    "translation": [
      1.1539793,
      0.6957669,
      -0.749981761
    ]
  },
  {
    "timeStamp": 54891,
    "rotation": [
      [
        0.9996494,
        0.00319255772,
        -0.0262844563
      ],
      [
        -0.00269776466,
        0.9998189,
        0.0188385472
      ],
      [
        0.0263398383,
        -0.0187610332,
        0.999476969
      ]
    ],
    "translation": [
      1.15655982,
      0.6957044,
      -0.753544033
    ]
  },
  {
    "timeStamp": 54934,
    "rotation": [
      [
        0.999020636,
        -0.021575,
        -0.0386298336
      ],
      [
        0.0185163449,
        0.9967926,
        -0.07785665
      ],
      [
        0.04018569,
        0.07706512,
        0.9962159
      ]
    ],
    "translation": [
      1.16269469,
      0.7003331,
      -0.765017569
    ]
  },
  {
    "timeStamp": 54989,
    "rotation": [
      [
        0.9989802,
        -0.000895358156,
        -0.0451411828
      ],
      [
        -0.004551242,
        0.992713869,
        -0.120409682
      ],
      [
        0.0449200869,
        0.120492339,
        0.991697431
      ]
    ],
    "translation": [
      1.17173076,
      0.717137158,
      -0.7766801
    ]
  },
  {
    "timeStamp": 55034,
    "rotation": [
      [
        0.996556,
        0.0419002324,
        -0.071557425
      ],
      [
        -0.05169922,
        0.9886446,
        -0.141099676
      ],
      [
        0.06483275,
        0.144313186,
        0.9874059
      ]
    ],
    "translation": [
      1.18137157,
      0.7380926,
      -0.7895982
    ]
  },
  {
    "timeStamp": 55090,
    "rotation": [
      [
        0.985935748,
        0.0820437,
        -0.145600632
      ],
      [
        -0.104747221,
        0.9822137,
        -0.1558344
      ],
      [
        0.1302257,
        0.168893978,
        0.9769934
      ]
    ],
    "translation": [
      1.2043643,
      0.7681093,
      -0.8161493
    ]
  },
  {
    "timeStamp": 55134,
    "rotation": [
      [
        0.971863568,
        0.106616937,
        -0.210033417
      ],
      [
        -0.14537017,
        0.973107636,
        -0.1786869
      ],
      [
        0.185334086,
        0.204191878,
        0.961226761
      ]
    ],
    "translation": [
      1.22947049,
      0.7940613,
      -0.841687441
    ]
  },
  {
    "timeStamp": 55190,
    "rotation": [
      [
        0.9449425,
        0.118500873,
        -0.3050266
      ],
      [
        -0.188198417,
        0.959347069,
        -0.21032007
      ],
      [
        0.267703235,
        0.2561459,
        0.9288295
      ]
    ],
    "translation": [
      1.27051079,
      0.825398,
      -0.8784269
    ]
  },
  {
    "timeStamp": 55234,
    "rotation": [
      [
        0.919900835,
        0.136401519,
        -0.367664278
      ],
      [
        -0.228602439,
        0.94830066,
        -0.220151752
      ],
      [
        0.3186272,
        0.286566734,
        0.903524339
      ]
    ],
    "translation": [
      1.30776274,
      0.8501089,
      -0.90616
    ]
  },
  {
    "timeStamp": 55290,
    "rotation": [
      [
        0.8991722,
        0.139740273,
        -0.414682925
      ],
      [
        -0.2654736,
        0.92753166,
        -0.2630756
      ],
      [
        0.3478693,
        0.346637636,
        0.871108055
      ]
    ],
    "translation": [
      1.35788107,
      0.878297567,
      -0.9370923
    ]
  },
  {
    "timeStamp": 55334,
    "rotation": [
      [
        0.888214946,
        0.143405259,
        -0.4364735
      ],
      [
        -0.286645979,
        0.915422261,
        -0.282553
      ],
      [
        0.359037936,
        0.376081139,
        0.8541983
      ]
    ],
    "translation": [
      1.397826,
      0.896117449,
      -0.956371665
    ]
  },
  {
    "timeStamp": 55390,
    "rotation": [
      [
        0.896369159,
        0.14714618,
        -0.418174922
      ],
      [
        -0.290101737,
        0.907981038,
        -0.30234313
      ],
      [
        0.33520627,
        0.392324328,
        0.8565736
      ]
    ],
    "translation": [
      1.44434166,
      0.9108232,
      -0.969265044
    ]
  },
  {
    "timeStamp": 55434,
    "rotation": [
      [
        0.9117878,
        0.168603465,
        -0.374453962
      ],
      [
        -0.292926759,
        0.906085253,
        -0.305292338
      ],
      [
        0.287813842,
        0.388049424,
        0.875546038
      ]
    ],
    "translation": [
      1.47793782,
      0.9193935,
      -0.9713782
    ]
  },
  {
    "timeStamp": 55490,
    "rotation": [
      [
        0.93928957,
        0.196009949,
        -0.281629473
      ],
      [
        -0.2808766,
        0.9106702,
        -0.302965641
      ],
      [
        0.197087273,
        0.3636756,
        0.910437644
      ]
    ],
    "translation": [
      1.51699817,
      0.924596667,
      -0.963665664
    ]
  },
  {
    "timeStamp": 55534,
    "rotation": [
      [
        0.9581502,
        0.2223771,
        -0.18026793
      ],
      [
        -0.268890023,
        0.9151848,
        -0.300224751
      ],
      [
        0.09821535,
        0.336132646,
        0.936679542
      ]
    ],
    "translation": [
      1.54682577,
      0.9263152,
      -0.950194538
    ]
  },
  {
    "timeStamp": 55589,
    "rotation": [
      [
        0.962964535,
        0.2683006,
        -0.026721321
      ],
      [
        -0.263745427,
        0.9167296,
        -0.300075233
      ],
      [
        -0.0560141355,
        0.296009451,
        0.95354116
      ]
    ],
    "translation": [
      1.58423722,
      0.9299004,
      -0.926014841
    ]
  },
  {
    "timeStamp": 55634,
    "rotation": [
      [
        0.947636962,
        0.303721458,
        0.09867829
      ],
      [
        -0.264483541,
        0.919595361,
        -0.290504456
      ],
      [
        -0.178976536,
        0.249193981,
        0.9517719
      ]
    ],
    "translation": [
      1.61587334,
      0.9340827,
      -0.9038383
    ]
  },
  {
    "timeStamp": 55690,
    "rotation": [
      [
        0.9024837,
        0.348364,
        0.25330928
      ],
      [
        -0.283087015,
        0.922970831,
        -0.2607422
      ],
      [
        -0.3246303,
        0.163607,
        0.9315835
      ]
    ],
    "translation": [
      1.65856338,
      0.9420528,
      -0.87437886
    ]
  },
  {
    "timeStamp": 55734,
    "rotation": [
      [
        0.8459438,
        0.38561362,
        0.368349224
      ],
      [
        -0.3101883,
        0.9176734,
        -0.248311847
      ],
      [
        -0.4337767,
        0.09580026,
        0.895913
      ]
    ],
    "translation": [
      1.69572031,
      0.9514119,
      -0.8513475
    ]
  },
  {
    "timeStamp": 55790,
    "rotation": [
      [
        0.755527735,
        0.412466228,
        0.508969069
      ],
      [
        -0.346530139,
        0.9109439,
        -0.223825932
      ],
      [
        -0.5559629,
        -0.00726641342,
        0.8311754
      ]
    ],
    "translation": [
      1.74582541,
      0.964265943,
      -0.823584259
    ]
  },
  {
    "timeStamp": 55834,
    "rotation": [
      [
        0.6709401,
        0.4318243,
        0.6027994
      ],
      [
        -0.384007215,
        0.897776842,
        -0.215720192
      ],
      [
        -0.6343326,
        -0.0867439955,
        0.768178165
      ]
    ],
    "translation": [
      1.78741181,
      0.9760176,
      -0.8050436
    ]
  },
  {
    "timeStamp": 55890,
    "rotation": [
      [
        0.574359238,
        0.429398537,
        0.696942151
      ],
      [
        -0.4199865,
        0.88536036,
        -0.199369952
      ],
      [
        -0.702654064,
        -0.1781963,
        0.688856542
      ]
    ],
    "translation": [
      1.839156,
      0.988137543,
      -0.7882948
    ]
  },
  {
    "timeStamp": 55934,
    "rotation": [
      [
        0.508643746,
        0.424745321,
        0.7489145
      ],
      [
        -0.4535436,
        0.8715526,
        -0.186263934
      ],
      [
        -0.7318331,
        -0.2449234,
        0.635950267
      ]
    ],
    "translation": [
      1.87806118,
      0.997780442,
      -0.780167758
    ]
  },
  {
    "timeStamp": 55989,
    "rotation": [
      [
        0.4477408,
        0.406756043,
        0.7962899
      ],
      [
        -0.48357892,
        0.859223068,
        -0.166994661
      ],
      [
        -0.75211674,
        -0.3102987,
        0.581407845
      ]
    ],
    "translation": [
      1.92285883,
      1.0059036,
      -0.775162
    ]
  },
  {
    "timeStamp": 56034,
    "rotation": [
      [
        0.411047041,
        0.39291808,
        0.8225908
      ],
      [
        -0.50154227,
        0.8509781,
        -0.155857831
      ],
      [
        -0.7612461,
        -0.348499149,
        0.546857059
      ]
    ],
    "translation": [
      1.95540941,
      1.00990891,
      -0.7740608
    ]
  },
  {
    "timeStamp": 56089,
    "rotation": [
      [
        0.366293669,
        0.376925349,
        0.850738645
      ],
      [
        -0.521644235,
        0.8402821,
        -0.147693574
      ],
      [
        -0.7705299,
        -0.3896837,
        0.5044109
      ]
    ],
    "translation": [
      1.99373007,
      1.0128082,
      -0.775027
    ]
  },
  {
    "timeStamp": 56132,
    "rotation": [
      [
        0.339619756,
        0.364256173,
        0.8671654
      ],
      [
        -0.5301943,
        0.8356656,
        -0.143377349
      ],
      [
        -0.7768864,
        -0.4110724,
        0.476935059
      ]
    ],
    "translation": [
      2.01570916,
      1.01267827,
      -0.775913954
    ]
  },
  {
    "timeStamp": 56184,
    "rotation": [
      [
        0.280463785,
        0.362795919,
        0.888661444
      ],
      [
        -0.5386162,
        0.8258055,
        -0.167146355
      ],
      [
        -0.794501543,
        -0.431768924,
        0.4270163
      ]
    ],
    "translation": [
      2.0556426,
      1.01036775,
      -0.7799369
    ]
  },
  {
    "timeStamp": 56240,
    "rotation": [
      [
        0.215943649,
        0.373792827,
        0.902024
      ],
      [
        -0.5645227,
        0.801560462,
        -0.197015211
      ],
      [
        -0.7966696,
        -0.4666688,
        0.384106427
      ]
    ],
    "translation": [
      2.085931,
      1.01048124,
      -0.783462346
    ]
  },
  {
    "timeStamp": 56284,
    "rotation": [
      [
        0.13775973,
        0.4112902,
        0.9010342
      ],
      [
        -0.587039649,
        0.7666107,
        -0.260177732
      ],
      [
        -0.797751,
        -0.4931008,
        0.34705174
      ]
    ],
    "translation": [
      2.10895228,
      1.01295638,
      -0.7847474
    ]
  },
  {
    "timeStamp": 56340,
    "rotation": [
      [
        0.06420362,
        0.423009247,
        0.903848
      ],
      [
        -0.6071705,
        0.7353447,
        -0.3010186
      ],
      [
        -0.7919735,
        -0.529463351,
        0.3040505
      ]
    ],
    "translation": [
      2.13319945,
      1.01174235,
      -0.782957435
    ]
  },
  {
    "timeStamp": 56384,
    "rotation": [
      [
        0.0006334136,
        0.4627397,
        0.8864939
      ],
      [
        -0.6281792,
        0.6899373,
        -0.359690577
      ],
      [
        -0.7780684,
        -0.556649268,
        0.2911205
      ]
    ],
    "translation": [
      2.14757729,
      1.01183891,
      -0.778937161
    ]
  },
  {
    "timeStamp": 56439,
    "rotation": [
      [
        -0.117790379,
        0.4420634,
        0.8892161
      ],
      [
        -0.6181056,
        0.668202341,
        -0.414066583
      ],
      [
        -0.777219951,
        -0.5984025,
        0.194534063
      ]
    ],
    "translation": [
      2.165308,
      1.00566423,
      -0.7665102
    ]
  },
  {
    "timeStamp": 56484,
    "rotation": [
      [
        -0.215201631,
        0.560563147,
        0.7996606
      ],
      [
        -0.6055587,
        0.5658133,
        -0.559601545
      ],
      [
        -0.766150653,
        -0.6046687,
        0.217689946
      ]
    ],
    "translation": [
      2.17741776,
      1.008516,
      -0.7539591
    ]
  },
  {
    "timeStamp": 56540,
    "rotation": [
      [
        -0.341362774,
        0.641190767,
        0.6872742
      ],
      [
        -0.590134263,
        0.422911227,
        -0.687668264
      ],
      [
        -0.7315825,
        -0.6403284,
        0.234022513
      ]
    ],
    "translation": [
      2.19145751,
      1.01857293,
      -0.740269065
    ]
  },
  {
    "timeStamp": 56585,
    "rotation": [
      [
        -0.488138467,
        0.7272108,
        0.482581884
      ],
      [
        -0.518392,
        0.203247681,
        -0.830638349
      ],
      [
        -0.7021328,
        -0.655633152,
        0.2777673
      ]
    ],
    "translation": [
      2.20785642,
      1.02821064,
      -0.73060143
    ]
  },
  {
    "timeStamp": 56642,
    "rotation": [
      [
        -0.6088349,
        0.744077146,
        0.2750802
      ],
      [
        -0.394289434,
        0.0170603059,
        -0.918827951
      ],
      [
        -0.688371837,
        -0.667875767,
        0.282994866
      ]
    ],
    "translation": [
      2.22565269,
      1.030457,
      -0.7140881
    ]
  },
  {
    "timeStamp": 56687,
    "rotation": [
      [
        -0.5911915,
        0.7419717,
        0.316181451
      ],
      [
        -0.43370834,
        0.0380573049,
        -0.900249243
      ],
      [
        -0.679992437,
        -0.6693502,
        0.299300134
      ]
    ],
    "translation": [
      2.22520137,
      1.03293884,
      -0.7004151
    ]
  },
  {
    "timeStamp": 56733,
    "rotation": [
      [
        -0.5340103,
        0.7047594,
        0.4670623
      ],
      [
        -0.5280524,
        0.153418392,
        -0.8352386
      ],
      [
        -0.6602982,
        -0.6926594,
        0.290222883
      ]
    ],
    "translation": [
      2.22186971,
      1.03337526,
      -0.6867451
    ]
  },
  {
    "timeStamp": 56793,
    "rotation": [
      [
        -0.37987268,
        0.607175648,
        0.69787854
      ],
      [
        -0.6737701,
        0.335312873,
        -0.6584824
      ],
      [
        -0.633822143,
        -0.7203492,
        0.281720638
      ]
    ],
    "translation": [
      2.21210814,
      1.024358,
      -0.6670175
    ]
  },
  {
    "timeStamp": 56833,
    "rotation": [
      [
        -0.2946482,
        0.531725466,
        0.794009149
      ],
      [
        -0.729281,
        0.41181165,
        -0.546406865
      ],
      [
        -0.61752063,
        -0.740053535,
        0.26643768
      ]
    ],
    "translation": [
      2.207841,
      1.01199329,
      -0.650328457
    ]
  },
  {
    "timeStamp": 56888,
    "rotation": [
      [
        -0.262453258,
        0.43298915,
        0.8623449
      ],
      [
        -0.7637863,
        0.45292908,
        -0.459875822
      ],
      [
        -0.5897023,
        -0.779343069,
        0.211838469
      ]
    ],
    "translation": [
      2.21000481,
      0.994066,
      -0.6294871
    ]
  },
  {
    "timeStamp": 56933,
    "rotation": [
      [
        -0.168087557,
        0.362163842,
        0.916833639
      ],
      [
        -0.8032297,
        0.488850355,
        -0.340363622
      ],
      [
        -0.571461856,
        -0.7936389,
        0.208731085
      ]
    ],
    "translation": [
      2.204673,
      0.979718,
      -0.616169035
    ]
  },
  {
    "timeStamp": 56988,
    "rotation": [
      [
        -0.116613165,
        0.34179908,
        0.932509959
      ],
      [
        -0.8106398,
        0.509709537,
        -0.28820017
      ],
      [
        -0.573815763,
        -0.789537549,
        0.217637092
      ]
    ],
    "translation": [
      2.19754338,
      0.9623761,
      -0.600616038
    ]
  },
  {
    "timeStamp": 57033,
    "rotation": [
      [
        -0.0792934448,
        0.322458833,
        0.9432565
      ],
      [
        -0.8187541,
        0.518702447,
        -0.246149391
      ],
      [
        -0.5686425,
        -0.791813135,
        0.222884759
      ]
    ],
    "translation": [
      2.193428,
      0.9506261,
      -0.592033446
    ]
  },
  {
    "timeStamp": 57088,
    "rotation": [
      [
        -0.05275363,
        0.319323421,
        0.9461763
      ],
      [
        -0.825757861,
        0.518861055,
        -0.22114931
      ],
      [
        -0.5615522,
        -0.792979,
        0.236312032
      ]
    ],
    "translation": [
      2.18805,
      0.9414727,
      -0.5849944
    ]
  },
  {
    "timeStamp": 57133,
    "rotation": [
      [
        -0.0297797918,
        0.31148538,
        0.9497843
      ],
      [
        -0.8369014,
        0.511788666,
        -0.194083482
      ],
      [
        -0.546543,
        -0.800655544,
        0.245441586
      ]
    ],
    "translation": [
      2.18529868,
      0.93704,
      -0.580048263
    ]
  },
  {
    "timeStamp": 57188,
    "rotation": [
      [
        0.0142012117,
        0.3102662,
        0.9505437
      ],
      [
        -0.8518035,
        0.5016246,
        -0.151008844
      ],
      [
        -0.523669,
        -0.8075319,
        0.271409482
      ]
    ],
    "translation": [
      2.18089581,
      0.9303373,
      -0.5749628
    ]
  },
  {
    "timeStamp": 57233,
    "rotation": [
      [
        0.0367486067,
        0.317661554,
        0.947491765
      ],
      [
        -0.8610127,
        0.491333634,
        -0.131332844
      ],
      [
        -0.507254,
        -0.8109762,
        0.291566461
      ]
    ],
    "translation": [
      2.1797173,
      0.9229681,
      -0.5703291
    ]
  },
  {
    "timeStamp": 57289,
    "rotation": [
      [
        0.0593147837,
        0.322013527,
        0.9448751
      ],
      [
        -0.8680762,
        0.483988225,
        -0.11044953
      ],
      [
        -0.492874682,
        -0.8136723,
        0.308239967
      ]
    ],
    "translation": [
      2.18018866,
      0.9118962,
      -0.5644143
    ]
  },
  {
    "timeStamp": 57333,
    "rotation": [
      [
        0.0699471757,
        0.3249033,
        0.943157
      ],
      [
        -0.873766243,
        0.476118743,
        -0.09921473
      ],
      [
        -0.481289923,
        -0.817159,
        0.317192674
      ]
    ],
    "translation": [
      2.18179083,
      0.902706,
      -0.5591676
    ]
  },
  {
    "timeStamp": 57389,
    "rotation": [
      [
        0.0754551962,
        0.325159162,
        0.9426441
      ],
      [
        -0.8769618,
        0.471579254,
        -0.0924707353
      ],
      [
        -0.474599153,
        -0.8196856,
        0.3207353
      ]
    ],
    "translation": [
      2.18436146,
      0.8918033,
      -0.5538572
    ]
  },
  {
    "timeStamp": 57433,
    "rotation": [
      [
        0.08111124,
        0.330134869,
        0.9404424
      ],
      [
        -0.881618559,
        0.463909477,
        -0.0868139639
      ],
      [
        -0.464940459,
        -0.8220699,
        0.32868132
      ]
    ],
    "translation": [
      2.18584585,
      0.883468747,
      -0.5512202
    ]
  },
  {
    "timeStamp": 57489,
    "rotation": [
      [
        0.083879374,
        0.331179827,
        0.939832
      ],
      [
        -0.8838707,
        0.460253954,
        -0.08330032
      ],
      [
        -0.460148752,
        -0.823702753,
        0.331325978
      ]
    ],
    "translation": [
      2.18786573,
      0.873800755,
      -0.5496809
    ]
  },
  {
    "timeStamp": 57534,
    "rotation": [
      [
        0.07801139,
        0.3411307,
        0.9367732
      ],
      [
        -0.8871984,
        0.4523563,
        -0.09084487
      ],
      [
        -0.454745233,
        -0.82401675,
        0.33793956
      ]
    ],
    "translation": [
      2.18924212,
      0.867819667,
      -0.5503694
    ]
  },
  {
    "timeStamp": 57590,
    "rotation": [
      [
        0.09034596,
        0.33655262,
        0.93732065
      ],
      [
        -0.890120745,
        0.449415475,
        -0.07556981
      ],
      [
        -0.4466796,
        -0.8275011,
        0.340175331
      ]
    ],
    "translation": [
      2.18877578,
      0.861782849,
      -0.552127063
    ]
  },
  {
    "timeStamp": 57634,
    "rotation": [
      [
        0.100275256,
        0.33314386,
        0.9375287
      ],
      [
        -0.8927211,
        0.446175128,
        -0.06306225
      ],
      [
        -0.4393108,
        -0.830628037,
        0.342144877
      ]
    ],
    "translation": [
      2.18816781,
      0.857780635,
      -0.5534289
    ]
  },
  {
    "timeStamp": 57690,
    "rotation": [
      [
        0.09665882,
        0.3283048,
        0.939613163
      ],
      [
        -0.895084262,
        0.4415378,
        -0.06219709
      ],
      [
        -0.43529436,
        -0.8350211,
        0.336539
      ]
    ],
    "translation": [
      2.18923664,
      0.85453,
      -0.554224133
    ]
  },
  {
    "timeStamp": 57734,
    "rotation": [
      [
        0.09302723,
        0.325667381,
        0.9408967
      ],
      [
        -0.8981575,
        0.435299575,
        -0.0618662834
      ],
      [
        -0.429719776,
        -0.839318156,
        0.3329953
      ]
    ],
    "translation": [
      2.18982124,
      0.8537823,
      -0.554186
    ]
  },
  {
    "timeStamp": 57789,
    "rotation": [
      [
        0.08871106,
        0.329155952,
        0.9400993
      ],
      [
        -0.8984503,
        0.433910966,
        -0.06714386
      ],
      [
        -0.4300202,
        -0.8386761,
        0.334222972
      ]
    ],
    "translation": [
      2.18959284,
      0.8534003,
      -0.55397594
    ]
  },
  {
    "timeStamp": 57834,
    "rotation": [
      [
        0.09255166,
        0.337399632,
        0.9368008
      ],
      [
        -0.8979935,
        0.434744328,
        -0.0678605139
      ],
      [
        -0.430164933,
        -0.8349604,
        0.343218982
      ]
    ],
    "translation": [
      2.188374,
      0.8528937,
      -0.5536608
    ]
  }
]