[
  {
    "id": "021 bleach cleanser(Clone)-8160",
    "pickRotation": [
      [
        0.9835782,
        -0.0927616,
        0.154820055
      ],
      [
        -0.150774717,
        0.0491792634,
        0.9873441
      ],
      [
        -0.09920157,
        -0.9944731,
        0.034385547
      ]
    ],
    "pickTranslation": [
      0.0123282084,
      0.01332511,
      0.24232015
    ],
    "placeRotation": [
      [
        -0.9924372,
        0.09650777,
        -0.0758598
      ],
      [
        -0.0748477,
        0.0140697546,
        0.9970957
      ],
      [
        0.09729482,
        0.995232761,
        -0.006739962
      ]
    ],
    "placeTranslation": [
      -0.713815,
      0.021975223,
      -0.364563048
    ]
  },
  {
    "id": "021 bleach cleanser(Clone)-8398",
    "pickRotation": [
      [
        0.9920915,
        -0.0157179255,
        0.124529019
      ],
      [
        -0.124769442,
        -0.0153710078,
        0.9920667
      ],
      [
        -0.0136790918,
        -0.9997583,
        -0.0172105618
      ]
    ],
    "pickTranslation": [
      0.0113187432,
      0.0113790184,
      0.250869572
    ],
    "placeRotation": [
      [
        -0.9966789,
        0.04548715,
        -0.06754348
      ],
      [
        -0.06746869,
        0.0031791653,
        0.9977163
      ],
      [
        0.045598004,
        0.998959839,
        -9.964847E-05
      ]
    ],
    "placeTranslation": [
      -0.348249137,
      0.0189104658,
      -0.334894568
    ]
  },
  {
    "id": "021 bleach cleanser(Clone)-8410",
    "pickRotation": [
      [
        0.988156736,
        -0.035592936,
        0.149262875
      ],
      [
        -0.14991796,
        -0.0164922047,
        0.988560855
      ],
      [
        -0.0327241048,
        -0.999230266,
        -0.0216329042
      ]
    ],
    "pickTranslation": [
      0.0185092464,
      0.0179435145,
      0.2424461
    ],
    "placeRotation": [
      [
        -0.9945731,
        0.07487611,
        -0.07223434
      ],
      [
        -0.07420534,
        -0.0238807742,
        0.996957
      ],
      [
        0.07292325,
        0.9969068,
        0.0293073822
      ]
    ],
    "placeTranslation": [
      0.045568604,
      0.0277994275,
      -0.361961275
    ]
  },
  {
    "id": "025 mug(Clone)-8184",
    "pickRotation": [
      [
        -0.146708742,
        0.269205064,
        0.951843
      ],
      [
        -0.9882292,
        0.00228545419,
        -0.15296337
      ],
      [
        -0.0433539078,
        -0.963080168,
        0.265701
      ]
    ],
    "pickTranslation": [
      -0.0420443527,
      0.0154425707,
      0.05246887
    ],
    "placeRotation": [
      [
        -0.126442641,
        0.991903365,
        -0.0118350927
      ],
      [
        -0.0189840887,
        0.009509018,
        0.9997746
      ],
      [
        0.9917923,
        0.126638815,
        0.0176280346
      ]
    ],
    "placeTranslation": [
      -0.567592859,
      0.02805628,
      0.3586149
    ]
  },
  {
    "id": "002 masterchef can(Clone)-8124",
    "pickRotation": [
      [
        -0.5642015,
        0.0164254382,
        -0.8254738
      ],
      [
        0.8256222,
        0.00520359538,
        -0.5641994
      ],
      [
        -0.00497179059,
        -0.9998516,
        -0.016497083
      ]
    ],
    "pickTranslation": [
      0.0146837579,
      -0.008318708,
      0.125838682
    ],
    "placeRotation": [
      [
        0.8469112,
        -0.530797064,
        -0.03155618
      ],
      [
        -0.006795614,
        -0.07014546,
        0.997513652
      ],
      [
        -0.531690836,
        -0.8445911,
        -0.06301407
      ]
    ],
    "placeTranslation": [
      -0.735643268,
      0.207554072,
      0.418016672
    ]
  },
  {
    "id": "013 apple(Clone)-8100",
    "pickRotation": [
      [
        -0.8701489,
        0.175633416,
        -0.46042788
      ],
      [
        0.4821059,
        0.109910645,
        -0.869191349
      ],
      [
        -0.102053136,
        -0.978300869,
        -0.180312529
      ]
    ],
    "pickTranslation": [
      0.002104968,
      -0.006844783,
      0.07253638
    ],
    "placeRotation": [
      [
        0.6077933,
        0.793992043,
        0.0128041413
      ],
      [
        0.186653614,
        -0.158516824,
        0.969552934
      ],
      [
        0.771847,
        -0.5868978,
        -0.24454695
      ]
    ],
    "placeTranslation": [
      -0.214806125,
      0.0134939486,
      0.2461588
    ]
  },
  {
    "id": "016 pear(Clone)-8422",
    "pickRotation": [
      [
        -0.133829638,
        -0.986541331,
        0.09394583
      ],
      [
        -0.456692934,
        0.145528346,
        0.8776406
      ],
      [
        -0.879500568,
        0.07454992,
        -0.47002247
      ]
    ],
    "pickTranslation": [
      0.0370577127,
      -0.0187012032,
      0.0466869436
    ],
    "placeRotation": [
      [
        -0.20729813,
        0.5506188,
        0.8086077
      ],
      [
        0.962519944,
        -0.0329611152,
        0.2692005
      ],
      [
        0.174879476,
        0.8341058,
        -0.523148835
      ]
    ],
    "placeTranslation": [
      0.04555336,
      -0.0405039974,
      0.4290322
    ]
  },
  {
    "id": "017 orange(Clone)-8434",
    "pickRotation": [
      [
        -0.7971763,
        -0.019398421,
        -0.603434861
      ],
      [
        -0.6037381,
        0.0309086535,
        0.7965833
      ],
      [
        0.00319890142,
        0.999334,
        -0.03635121
      ]
    ],
    "pickTranslation": [
      0.0114511177,
      -0.0268538035,
      0.008141466
    ],
    "placeRotation": [
      [
        0.864739954,
        0.493930936,
        0.0908685252
      ],
      [
        0.0676371,
        0.06474757,
        -0.99560684
      ],
      [
        -0.4976445,
        0.8670871,
        0.0225817561
      ]
    ],
    "placeTranslation": [
      0.19052203,
      0.463478059,
      0.194294468
    ]
  },
  {
    "id": "057 racquetball(Clone)-8112",
    "pickRotation": [
      [
        -0.792997062,
        -0.0718951449,
        -0.6049684
      ],
      [
        0.6071234,
        -0.1756797,
        -0.774943769
      ],
      [
        -0.0505659766,
        -0.9818186,
        0.1829627
      ]
    ],
    "pickTranslation": [
      0.00207031542,
      -0.117877759,
      0.0485900939
    ],
    "placeRotation": [
      [
        0.7627648,
        0.05583366,
        -0.6442611
      ],
      [
        0.6363611,
        -0.242037356,
        0.732436
      ],
      [
        -0.115040667,
        -0.9686591,
        -0.220147952
      ]
    ],
    "placeTranslation": [
      1.12175667,
      -0.0766810253,
      0.8279717
    ]
  },
  {
    "id": "102 toothbrush(Clone)-8148",
    "pickRotation": [
      [
        -0.281470448,
        -0.0370624848,
        -0.958853841
      ],
      [
        -0.0036421502,
        -0.999205351,
        0.0396913365
      ],
      [
        -0.959563,
        0.0146642281,
        0.281111777
      ]
    ],
    "pickTranslation": [
      0.007985198,
      0.0150806895,
      0.03408434
    ],
    "placeRotation": [
      [
        0.09255184,
        0.338459849,
        0.9364182
      ],
      [
        -0.8982559,
        0.4341578,
        -0.0681423545
      ],
      [
        -0.429616719,
        -0.8348365,
        0.344205618
      ]
    ],
    "placeTranslation": [
      -0.6632901,
      0.795163,
      0.0541794449
    ]
  },
  {
    "id": "101 bread(Clone)-8172",
    "pickRotation": [
      [
        -0.9503805,
        0.009914129,
        -0.3109319
      ],
      [
        0.00299859466,
        -0.9991537,
        -0.0410235971
      ],
      [
        -0.311075449,
        -0.0399203859,
        0.949546456
      ]
    ],
    "pickTranslation": [
      -0.002659598,
      0.05455709,
      -0.0104688713
    ],
    "placeRotation": [
      [
        0.0478724465,
        -0.07267155,
        -0.996206343
      ],
      [
        0.127365738,
        0.989652634,
        -0.06607293
      ],
      [
        0.9906999,
        -0.123719491,
        0.05663296
      ]
    ],
    "placeTranslation": [
      0.719554365,
      0.09761119,
      0.0526592657
    ]
  },
  {
    "id": "101 bread(Clone)-8136",
    "pickRotation": [
      [
        -0.9409105,
        0.0180730764,
        -0.338172525
      ],
      [
        0.0274714641,
        -0.9912107,
        -0.129408553
      ],
      [
        -0.337539047,
        -0.131051973,
        0.932144165
      ]
    ],
    "pickTranslation": [
      0.008305432,
      0.05407105,
      0.00137793738
    ],
    "placeRotation": [
      [
        0.02910794,
        -0.04608369,
        -0.9985134
      ],
      [
        0.171987012,
        0.9842699,
        -0.04041268
      ],
      [
        0.9846691,
        -0.17055501,
        0.03657587
      ]
    ],
    "placeTranslation": [
      0.6452279,
      0.417317957,
      -0.07256905
    ]
  }
]