[
  {
    "timeStamp": 20622,
    "rotation": [
      [
        -0.00417162571,
        0.9999913,
        -0.000198316018
      ],
      [
        0.0220343,
        0.000290189259,
        0.9997572
      ],
      [
        0.9997485,
        0.004166243,
        -0.02203532
      ]
    ],
    "translation": [
      1.30839086,
      0.702317,
      -0.6179537
    ]
  },
  {
    "timeStamp": 20667,
    "rotation": [
      [
        0.0247200858,
        0.999410331,
        0.0238318667
      ],
      [
        0.0262348633,
        -0.0244794823,
        0.999356031
      ],
      [
        0.999350131,
        -0.0240789354,
        -0.0268245265
      ]
    ],
    "translation": [
      1.3053956,
      0.7056725,
      -0.6152292
    ]
  },
  {
    "timeStamp": 20722,
    "rotation": [
      [
        0.0482699573,
        0.996619761,
        0.0664761662
      ],
      [
        0.0223475862,
        -0.06761467,
        0.9974612
      ],
      [
        0.99858433,
        -0.0466618277,
        -0.0255358033
      ]
    ],
    "translation": [
      1.30207562,
      0.721194267,
      -0.6169504
    ]
  },
  {
    "timeStamp": 20769,
    "rotation": [
      [
        0.0583253428,
        0.994241059,
        0.08990513
      ],
      [
        0.03240785,
        -0.0918967053,
        0.995241046
      ],
      [
        0.997771442,
        -0.0551341474,
        -0.03758112
      ]
    ],
    "translation": [
      1.304437,
      0.735778749,
      -0.619002342
    ]
  },
  {
    "timeStamp": 20823,
    "rotation": [
      [
        0.071976,
        0.9909394,
        0.113396175
      ],
      [
        0.0371804535,
        -0.116277695,
        0.9925206
      ],
      [
        0.996713161,
        -0.06722153,
        -0.0452127755
      ]
    ],
    "translation": [
      1.3160969,
      0.756080449,
      -0.624722838
    ]
  },
  {
    "timeStamp": 20867,
    "rotation": [
      [
        0.09031431,
        0.9874145,
        0.129830524
      ],
      [
        0.0390130542,
        -0.133770928,
        0.9902441
      ],
      [
        0.9951489,
        -0.08436813,
        -0.05060348
      ]
    ],
    "translation": [
      1.3301481,
      0.7737279,
      -0.6318794
    ]
  },
  {
    "timeStamp": 20922,
    "rotation": [
      [
        0.1375387,
        0.977741838,
        0.158442527
      ],
      [
        0.05981602,
        -0.167869791,
        0.983992755
      ],
      [
        0.988688648,
        -0.125859678,
        -0.08157322
      ]
    ],
    "translation": [
      1.35083675,
      0.7990879,
      -0.634034336
    ]
  },
  {
    "timeStamp": 20967,
    "rotation": [
      [
        0.156990945,
        0.971728563,
        0.176344737
      ],
      [
        0.07729573,
        -0.190100759,
        0.978717
      ],
      [
        0.9845706,
        -0.140019,
        -0.104954556
      ]
    ],
    "translation": [
      1.372122,
      0.819108665,
      -0.63809216
    ]
  },
  {
    "timeStamp": 21022,
    "rotation": [
      [
        0.215079576,
        0.9519328,
        0.218093574
      ],
      [
        0.0830714256,
        -0.24034375,
        0.967126667
      ],
      [
        0.973057032,
        -0.189891845,
        -0.130771443
      ]
    ],
    "translation": [
      1.39899874,
      0.846008658,
      -0.6421184
    ]
  },
  {
    "timeStamp": 21067,
    "rotation": [
      [
        0.261647046,
        0.9338733,
        0.243765146
      ],
      [
        0.07669637,
        -0.2718825,
        0.9592693
      ],
      [
        0.9621115,
        -0.232294083,
        -0.142761946
      ]
    ],
    "translation": [
      1.42482042,
      0.865159631,
      -0.6482225
    ]
  },
  {
    "timeStamp": 21122,
    "rotation": [
      [
        0.3221956,
        0.9090724,
        0.264153868
      ],
      [
        0.0885361657,
        -0.3067469,
        0.9476643
      ],
      [
        0.9425239,
        -0.2819461,
        -0.1793183
      ]
    ],
    "translation": [
      1.46187532,
      0.887968659,
      -0.6513132
    ]
  },
  {
    "timeStamp": 21167,
    "rotation": [
      [
        0.385821968,
        0.878722668,
        0.281047851
      ],
      [
        0.0843755454,
        -0.336966842,
        0.937728167
      ],
      [
        0.9187068,
        -0.338082552,
        -0.204151928
      ]
    ],
    "translation": [
      1.49437428,
      0.9051797,
      -0.652641058
    ]
  },
  {
    "timeStamp": 21222,
    "rotation": [
      [
        0.461626917,
        0.8386131,
        0.28918606
      ],
      [
        0.0977084041,
        -0.372085243,
        0.9230415
      ],
      [
        0.8816766,
        -0.397844881,
        -0.2537041
      ]
    ],
    "translation": [
      1.53981686,
      0.926057637,
      -0.64986074
    ]
  },
  {
    "timeStamp": 21267,
    "rotation": [
      [
        0.536434,
        0.788734734,
        0.3002269
      ],
      [
        0.08631709,
        -0.405154347,
        0.9101645
      ],
      [
        0.8395165,
        -0.4623285,
        -0.285419852
      ]
    ],
    "translation": [
      1.57852149,
      0.9434925,
      -0.6460136
    ]
  },
  {
    "timeStamp": 21322,
    "rotation": [
      [
        0.6231835,
        0.734804332,
        0.267777681
      ],
      [
        0.121952109,
        -0.429507077,
        0.894791245
      ],
      [
        0.7725089,
        -0.5249631,
        -0.357272655
      ]
    ],
    "translation": [
      1.63609385,
      0.964404464,
      -0.633554041
    ]
  },
  {
    "timeStamp": 21367,
    "rotation": [
      [
        0.690108061,
        0.685514748,
        0.231992245
      ],
      [
        0.1585867,
        -0.456013978,
        0.875729144
      ],
      [
        0.7061169,
        -0.567556858,
        -0.423412442
      ]
    ],
    "translation": [
      1.68752062,
      0.9843751,
      -0.620112658
    ]
  },
  {
    "timeStamp": 21422,
    "rotation": [
      [
        0.7681176,
        0.611483335,
        0.1899567
      ],
      [
        0.173500121,
        -0.484327763,
        0.857510567
      ],
      [
        0.6163547,
        -0.625711441,
        -0.4781131
      ]
    ],
    "translation": [
      1.75085008,
      1.00749075,
      -0.609285057
    ]
  },
  {
    "timeStamp": 21467,
    "rotation": [
      [
        0.816043,
        0.566996753,
        0.112198383
      ],
      [
        0.230522811,
        -0.497285664,
        0.836400747
      ],
      [
        0.530031145,
        -0.656674743,
        -0.5365122
      ]
    ],
    "translation": [
      1.80975378,
      1.0240941,
      -0.599495053
    ]
  },
  {
    "timeStamp": 21522,
    "rotation": [
      [
        0.866397,
        0.498610467,
        0.0272736661
      ],
      [
        0.259220541,
        -0.495766073,
        0.828867137
      ],
      [
        0.426803172,
        -0.71105814,
        -0.5587803
      ]
    ],
    "translation": [
      1.879222,
      1.03553927,
      -0.5969933
    ]
  },
  {
    "timeStamp": 21567,
    "rotation": [
      [
        0.8912428,
        0.4511016,
        -0.0468359441
      ],
      [
        0.286871374,
        -0.4807418,
        0.8286086
      ],
      [
        0.351270646,
        -0.7519273,
        -0.5578658
      ]
    ],
    "translation": [
      1.93305957,
      1.03682053,
      -0.5997582
    ]
  },
  {
    "timeStamp": 21622,
    "rotation": [
      [
        0.9119947,
        0.394995779,
        -0.110652409
      ],
      [
        0.29104802,
        -0.433006048,
        0.8531101
      ],
      [
        0.289061725,
        -0.81023705,
        -0.509861946
      ]
    ],
    "translation": [
      1.9889878,
      1.02301216,
      -0.611627042
    ]
  },
  {
    "timeStamp": 21667,
    "rotation": [
      [
        0.924767733,
        0.35379678,
        -0.140115649
      ],
      [
        0.286486775,
        -0.4049557,
        0.868295
      ],
      [
        0.250459343,
        -0.8431125,
        -0.475848049
      ]
    ],
    "translation": [
      2.023552,
      1.006867,
      -0.6202018
    ]
  },
  {
    "timeStamp": 21719,
    "rotation": [
      [
        0.934250236,
        0.3051541,
        -0.1845468
      ],
      [
        0.293191552,
        -0.3626472,
        0.8846049
      ],
      [
        0.203015432,
        -0.880549848,
        -0.42827183
      ]
    ],
    "translation": [
      2.05828357,
      0.986629069,
      -0.6265994
    ]
  },
  {
    "timeStamp": 21773,
    "rotation": [
      [
        0.9465754,
        0.250917435,
        -0.202572078
      ],
      [
        0.276956737,
        -0.310749233,
        0.909246862
      ],
      [
        0.165196747,
        -0.9167744,
        -0.363640845
      ]
    ],
    "translation": [
      2.089314,
      0.9544246,
      -0.632801533
    ]
  },
  {
    "timeStamp": 21817,
    "rotation": [
      [
        0.948494732,
        0.217955858,
        -0.229897633
      ],
      [
        0.287817627,
        -0.289680839,
        0.912823141
      ],
      [
        0.132358238,
        -0.931976557,
        -0.3374923
      ]
    ],
    "translation": [
      2.11259532,
      0.9383119,
      -0.632102549
    ]
  },
  {
    "timeStamp": 21873,
    "rotation": [
      [
        0.961113,
        0.179383054,
        -0.209961027
      ],
      [
        0.251001984,
        -0.250416219,
        0.935034633
      ],
      [
        0.115151733,
        -0.951374531,
        -0.285703778
      ]
    ],
    "translation": [
      2.12362218,
      0.9133687,
      -0.6288584
    ]
  },
  {
    "timeStamp": 21917,
    "rotation": [
      [
        0.960608,
        0.150199622,
        -0.23382099
      ],
      [
        0.26397875,
        -0.230140656,
        0.9366699
      ],
      [
        0.08687574,
        -0.9614964,
        -0.260724485
      ]
    ],
    "translation": [
      2.13867617,
      0.8968482,
      -0.6212627
    ]
  },
  {
    "timeStamp": 21972,
    "rotation": [
      [
        0.9635058,
        0.12783967,
        -0.235188365
      ],
      [
        0.256356567,
        -0.18774958,
        0.9481727
      ],
      [
        0.0770575851,
        -0.973861933,
        -0.213670343
      ]
    ],
    "translation": [
      2.15250373,
      0.871821761,
      -0.6151061
    ]
  },
  {
    "timeStamp": 22017,
    "rotation": [
      [
        0.9611207,
        0.1188224,
        -0.2492552
      ],
      [
        0.2663185,
        -0.160421878,
        0.9504416
      ],
      [
        0.07294775,
        -0.979870439,
        -0.1858294
      ]
    ],
    "translation": [
      2.16111279,
      0.853706837,
      -0.609422445
    ]
  },
  {
    "timeStamp": 22073,
    "rotation": [
      [
        0.9653302,
        0.101532258,
        -0.24047631
      ],
      [
        0.2531408,
        -0.1393227,
        0.9573447
      ],
      [
        0.0636975542,
        -0.985028148,
        -0.160194352
      ]
    ],
    "translation": [
      2.16766977,
      0.8337631,
      -0.6005873
    ]
  },
  {
    "timeStamp": 22117,
    "rotation": [
      [
        0.960753441,
        0.1057994,
        -0.256435871
      ],
      [
        0.268047,
        -0.11599876,
        0.956396937
      ],
      [
        0.07143998,
        -0.9875985,
        -0.139805421
      ]
    ],
    "translation": [
      2.173771,
      0.8196532,
      -0.5955937
    ]
  },
  {
    "timeStamp": 22173,
    "rotation": [
      [
        0.9604991,
        0.104668312,
        -0.2578488
      ],
      [
        0.268014,
        -0.09854829,
        0.958361447
      ],
      [
        0.0748995,
        -0.98961246,
        -0.122708119
      ]
    ],
    "translation": [
      2.177337,
      0.804156,
      -0.588171363
    ]
  },
  {
    "timeStamp": 22218,
    "rotation": [
      [
        0.964910448,
        0.09661049,
        -0.244160384
      ],
      [
        0.25274682,
        -0.08965157,
        0.963369966
      ],
      [
        0.0711822957,
        -0.9912765,
        -0.110923737
      ]
    ],
    "translation": [
      2.17845321,
      0.7933556,
      -0.583203554
    ]
  },
  {
    "timeStamp": 22264,
    "rotation": [
      [
        0.960369945,
        0.09306087,
        -0.2627342
      ],
      [
        0.270337015,
        -0.08143691,
        0.95931536
      ],
      [
        0.06787847,
        -0.9923244,
        -0.103367358
      ]
    ],
    "translation": [
      2.1842618,
      0.7854086,
      -0.578734
    ]
  },
  {
    "timeStamp": 22321,
    "rotation": [
      [
        0.963932157,
        0.07927145,
        -0.254068345
      ],
      [
        0.260233521,
        -0.08059655,
        0.962176
      ],
      [
        0.055796057,
        -0.9935895,
        -0.098318696
      ]
    ],
    "translation": [
      2.18517,
      0.776896656,
      -0.572742
    ]
  },
  {
    "timeStamp": 22367,
    "rotation": [
      [
        0.9628756,
        0.07158201,
        -0.260281742
      ],
      [
        0.2654118,
        -0.07506887,
        0.9612082
      ],
      [
        0.04926616,
        -0.9946058,
        -0.09128069
      ]
    ],
    "translation": [
      2.18828,
      0.7721282,
      -0.570025742
    ]
  },
  {
    "timeStamp": 22422,
    "rotation": [
      [
        0.9634764,
        0.06120844,
        -0.2607042
      ],
      [
        0.2645547,
        -0.06661237,
        0.962067366
      ],
      [
        0.04152053,
        -0.995899737,
        -0.08037243
      ]
    ],
    "translation": [
      2.1890645,
      0.766447365,
      -0.5688178
    ]
  },
  {
    "timeStamp": 22466,
    "rotation": [
      [
        0.9667466,
        0.0523255542,
        -0.25032562
      ],
      [
        0.253198177,
        -0.0582855865,
        0.965657
      ],
      [
        0.0359381549,
        -0.9969277,
        -0.0695961341
      ]
    ],
    "translation": [
      2.18732572,
      0.761433,
      -0.5689661
    ]
  },
  {
    "timeStamp": 22522,
    "rotation": [
      [
        0.968051434,
        0.04566868,
        -0.246558085
      ],
      [
        0.248823822,
        -0.0532515161,
        0.967083752
      ],
      [
        0.0310358461,
        -0.9975363,
        -0.0629136562
      ]
    ],
    "translation": [
      2.1869688,
      0.756709337,
      -0.5685376
    ]
  },
  {
    "timeStamp": 22566,
    "rotation": [
      [
        0.9734942,
        0.0341648944,
        -0.2261456
      ],
      [
        0.227782786,
        -0.0558014736,
        0.9721117
      ],
      [
        0.02059283,
        -0.997857153,
        -0.0621045865
      ]
    ],
    "translation": [
      2.184813,
      0.753171861,
      -0.5675312
    ]
  },
  {
    "timeStamp": 22621,
    "rotation": [
      [
        0.9687608,
        0.0258217342,
        -0.246648937
      ],
      [
        0.247716621,
        -0.0534842573,
        0.967355132
      ],
      [
        0.0117869619,
        -0.998234749,
        -0.05820993
      ]
    ],
    "translation": [
      2.19030261,
      0.7494569,
      -0.566480935
    ]
  },
  {
    "timeStamp": 22666,
    "rotation": [
      [
        0.9676719,
        0.0116303125,
        -0.251943976
      ],
      [
        0.252211034,
        -0.0477846637,
        0.9664917
      ],
      [
        -0.000798461842,
        -0.9987899,
        -0.0491731726
      ]
    ],
    "translation": [
      2.19476438,
      0.7458051,
      -0.5668732
    ]
  }
]