[
  {
    "timeStamp": 44578,
    "rotation": [
      [
        0.998207748,
        0.00342159951,
        0.0597465858
      ],
      [
        -0.0598292239,
        0.0796000138,
        0.9950298
      ],
      [
        -0.00135122833,
        -0.996821046,
        0.07966206
      ]
    ],
    "translation": [
      1.15062439,
      0.705751538,
      -0.7548084
    ]
  },
  {
    "timeStamp": 44634,
    "rotation": [
      [
        0.9977417,
        -0.023060739,
        0.0630851239
      ],
      [
        -0.06187689,
        0.04980912,
        0.9968402
      ],
      [
        -0.0261300672,
        -0.9984925,
        0.0482697077
      ]
    ],
    "translation": [
      1.14901531,
      0.7112146,
      -0.7529048
    ]
  },
  {
    "timeStamp": 44678,
    "rotation": [
      [
        0.9860572,
        -0.0152606312,
        0.165705428
      ],
      [
        -0.16465956,
        0.05443797,
        0.984847069
      ],
      [
        -0.0240500513,
        -0.9984005,
        0.0511661433
      ]
    ],
    "translation": [
      1.143849,
      0.7358312,
      -0.752589941
    ]
  },
  {
    "timeStamp": 44736,
    "rotation": [
      [
        0.971242,
        -0.03174376,
        0.235968679
      ],
      [
        -0.233037561,
        0.07643098,
        0.969459534
      ],
      [
        -0.04880961,
        -0.9965694,
        0.06683549
      ]
    ],
    "translation": [
      1.14707935,
      0.7747968,
      -0.758004248
    ]
  },
  {
    "timeStamp": 44778,
    "rotation": [
      [
        0.9532836,
        -0.0732099861,
        0.293071121
      ],
      [
        -0.285991937,
        0.0936323851,
        0.9536465
      ],
      [
        -0.09725739,
        -0.9929115,
        0.0683207437
      ]
    ],
    "translation": [
      1.16110539,
      0.808020532,
      -0.759832
    ]
  },
  {
    "timeStamp": 44833,
    "rotation": [
      [
        0.93628484,
        -0.115789749,
        0.331607372
      ],
      [
        -0.3132898,
        0.151557311,
        0.937485933
      ],
      [
        -0.158808783,
        -0.9816431,
        0.105625056
      ]
    ],
    "translation": [
      1.1926291,
      0.8444721,
      -0.771436036
    ]
  },
  {
    "timeStamp": 44878,
    "rotation": [
      [
        0.920586,
        -0.125069886,
        0.3699717
      ],
      [
        -0.344606847,
        0.185604572,
        0.9202158
      ],
      [
        -0.1837597,
        -0.9746325,
        0.12776503
      ]
    ],
    "translation": [
      1.22635269,
      0.871667,
      -0.787787437
    ]
  },
  {
    "timeStamp": 44934,
    "rotation": [
      [
        0.9144497,
        -0.146539375,
        0.37723738
      ],
      [
        -0.3399175,
        0.227761641,
        0.9124586
      ],
      [
        -0.219631344,
        -0.9626271,
        0.158465251
      ]
    ],
    "translation": [
      1.27704215,
      0.8928856,
      -0.8105497
    ]
  },
  {
    "timeStamp": 44978,
    "rotation": [
      [
        0.905908644,
        -0.1730389,
        0.386506319
      ],
      [
        -0.340463847,
        0.245136857,
        0.907740235
      ],
      [
        -0.2518213,
        -0.9539211,
        0.1631581
      ]
    ],
    "translation": [
      1.32156324,
      0.9051125,
      -0.823759556
    ]
  },
  {
    "timeStamp": 45034,
    "rotation": [
      [
        0.8816706,
        -0.247470379,
        0.401765317
      ],
      [
        -0.336991042,
        0.265760452,
        0.90322113
      ],
      [
        -0.330293834,
        -0.93173486,
        0.150917888
      ]
    ],
    "translation": [
      1.3793025,
      0.919600546,
      -0.8260247
    ]
  },
  {
    "timeStamp": 45078,
    "rotation": [
      [
        0.836405456,
        -0.33191058,
        0.436189622
      ],
      [
        -0.350897044,
        0.2870984,
        0.8913169
      ],
      [
        -0.421066821,
        -0.8985599,
        0.123664238
      ]
    ],
    "translation": [
      1.42797041,
      0.9366507,
      -0.8186753
    ]
  },
  {
    "timeStamp": 45134,
    "rotation": [
      [
        0.7536231,
        -0.447294742,
        0.481642544
      ],
      [
        -0.387999564,
        0.288750917,
        0.8752595
      ],
      [
        -0.5305737,
        -0.846492946,
        0.0440592
      ]
    ],
    "translation": [
      1.49179649,
      0.9643902,
      -0.7963796
    ]
  },
  {
    "timeStamp": 45178,
    "rotation": [
      [
        0.6701379,
        -0.548688054,
        0.499856621
      ],
      [
        -0.426973432,
        0.265888661,
        0.8642898
      ],
      [
        -0.6071317,
        -0.7926189,
        -0.05609318
      ]
    ],
    "translation": [
      1.54858,
      0.988655269,
      -0.77499485
    ]
  },
  {
    "timeStamp": 45233,
    "rotation": [
      [
        0.5484945,
        -0.6650635,
        0.506798148
      ],
      [
        -0.467659116,
        0.258440584,
        0.845283031
      ],
      [
        -0.6931441,
        -0.7006419,
        -0.169269755
      ]
    ],
    "translation": [
      1.62607753,
      1.01890159,
      -0.742970765
    ]
  },
  {
    "timeStamp": 45278,
    "rotation": [
      [
        0.4538111,
        -0.7554286,
        0.472634226
      ],
      [
        -0.506171048,
        0.217987284,
        0.8344294
      ],
      [
        -0.7333801,
        -0.6179071,
        -0.283451051
      ]
    ],
    "translation": [
      1.69174206,
      1.04041386,
      -0.7232261
    ]
  },
  {
    "timeStamp": 45334,
    "rotation": [
      [
        0.335176617,
        -0.85253334,
        0.401053
      ],
      [
        -0.551864743,
        0.167354822,
        0.81696856
      ],
      [
        -0.763611138,
        -0.4951558,
        -0.41438964
      ]
    ],
    "translation": [
      1.78057349,
      1.06624043,
      -0.6984844
    ]
  },
  {
    "timeStamp": 45378,
    "rotation": [
      [
        0.248004436,
        -0.9131168,
        0.323591352
      ],
      [
        -0.587046266,
        0.1240588,
        0.7999913
      ],
      [
        -0.7706299,
        -0.388364464,
        -0.5052747
      ]
    ],
    "translation": [
      1.84986115,
      1.08363259,
      -0.6879187
    ]
  },
  {
    "timeStamp": 45433,
    "rotation": [
      [
        0.150843024,
        -0.9661522,
        0.209275752
      ],
      [
        -0.6096088,
        0.07574286,
        0.7890755
      ],
      [
        -0.77821815,
        -0.246602878,
        -0.577549636
      ]
    ],
    "translation": [
      1.93941736,
      1.09624362,
      -0.677734733
    ]
  },
  {
    "timeStamp": 45478,
    "rotation": [
      [
        0.0815451443,
        -0.984796941,
        0.153379545
      ],
      [
        -0.5995742,
        0.0744598,
        0.7968478
      ],
      [
        -0.7961539,
        -0.156941488,
        -0.584387064
      ]
    ],
    "translation": [
      1.997754,
      1.09404373,
      -0.676917136
    ]
  },
  {
    "timeStamp": 45533,
    "rotation": [
      [
        0.02377167,
        -0.997296154,
        0.06953672
      ],
      [
        -0.5674163,
        0.0438076332,
        0.822264969
      ],
      [
        -0.823087931,
        -0.05900288,
        -0.5648407
      ]
    ],
    "translation": [
      2.06447363,
      1.07441533,
      -0.678054035
    ]
  },
  {
    "timeStamp": 45578,
    "rotation": [
      [
        0.0282862429,
        -0.999598444,
        0.00167434919
      ],
      [
        -0.4736989,
        -0.0119295111,
        0.880606055
      ],
      [
        -0.880232453,
        -0.0257021748,
        -0.473846138
      ]
    ],
    "translation": [
      2.10071564,
      1.03550053,
      -0.680631
    ]
  },
  {
    "timeStamp": 45634,
    "rotation": [
      [
        0.0433893874,
        -0.997842848,
        -0.0492638052
      ],
      [
        -0.373381853,
        -0.06193338,
        0.925608039
      ],
      [
        -0.926662445,
        -0.0217673574,
        -0.3752637
      ]
    ],
    "translation": [
      2.13183045,
      0.9804418,
      -0.6877692
    ]
  },
  {
    "timeStamp": 45677,
    "rotation": [
      [
        0.03745516,
        -0.9979872,
        -0.0511721
      ],
      [
        -0.338888854,
        -0.0608588643,
        0.938856
      ],
      [
        -0.9400806,
        -0.0178233553,
        -0.3404862
      ]
    ],
    "translation": [
      2.142497,
      0.95456475,
      -0.6900517
    ]
  },
  {
    "timeStamp": 45728,
    "rotation": [
      [
        0.14461945,
        -0.9877431,
        -0.0587266237
      ],
      [
        -0.248495385,
        -0.0937035456,
        0.9640901
      ],
      [
        -0.957776248,
        -0.1248329,
        -0.259000957
      ]
    ],
    "translation": [
      2.137391,
      0.9007384,
      -0.6945948
    ]
  },
  {
    "timeStamp": 45784,
    "rotation": [
      [
        0.230179355,
        -0.9713192,
        -0.059636157
      ],
      [
        -0.244111225,
        -0.116953567,
        0.962669
      ],
      [
        -0.9420336,
        -0.207028687,
        -0.264030218
      ]
    ],
    "translation": [
      2.12807,
      0.8733233,
      -0.6906755
    ]
  },
  {
    "timeStamp": 45828,
    "rotation": [
      [
        0.330722868,
        -0.93755424,
        -0.107770324
      ],
      [
        -0.2064132,
        -0.183294266,
        0.9611435
      ],
      [
        -0.9208779,
        -0.295626938,
        -0.254143178
      ]
    ],
    "translation": [
      2.12457466,
      0.8492825,
      -0.689422131
    ]
  },
  {
    "timeStamp": 45883,
    "rotation": [
      [
        0.3961728,
        -0.9030297,
        -0.166086137
      ],
      [
        -0.189806342,
        -0.257526159,
        0.9474459
      ],
      [
        -0.8983433,
        -0.343828082,
        -0.273425579
      ]
    ],
    "translation": [
      2.12945414,
      0.830401659,
      -0.680989444
    ]
  },
  {
    "timeStamp": 45928,
    "rotation": [
      [
        0.338689655,
        -0.9372255,
        -0.08305168
      ],
      [
        -0.195452541,
        -0.156424344,
        0.9681579
      ],
      [
        -0.9203736,
        -0.3116724,
        -0.236162424
      ]
    ],
    "translation": [
      2.13564682,
      0.820405066,
      -0.672942162
    ]
  },
  {
    "timeStamp": 45984,
    "rotation": [
      [
        0.412466973,
        -0.8963196,
        -0.162733123
      ],
      [
        -0.1537286,
        -0.244559884,
        0.957370341
      ],
      [
        -0.897907853,
        -0.3698669,
        -0.238662854
      ]
    ],
    "translation": [
      2.14237165,
      0.8019135,
      -0.6678575
    ]
  },
  {
    "timeStamp": 46028,
    "rotation": [
      [
        0.431154341,
        -0.889451742,
        -0.151596829
      ],
      [
        -0.1422553,
        -0.232924744,
        0.962034047
      ],
      [
        -0.8909935,
        -0.3932197,
        -0.226955742
      ]
    ],
    "translation": [
      2.13944459,
      0.790894866,
      -0.6652388
    ]
  },
  {
    "timeStamp": 46083,
    "rotation": [
      [
        0.415103257,
        -0.901776,
        -0.120371178
      ],
      [
        -0.133166268,
        -0.1911095,
        0.972493649
      ],
      [
        -0.899975538,
        -0.387655884,
        -0.199416324
      ]
    ],
    "translation": [
      2.141216,
      0.778108835,
      -0.6609706
    ]
  },
  {
    "timeStamp": 46128,
    "rotation": [
      [
        0.382289231,
        -0.9225819,
        -0.0519387648
      ],
      [
        -0.146206081,
        -0.115891986,
        0.98244226
      ],
      [
        -0.912402749,
        -0.367983341,
        -0.179191336
      ]
    ],
    "translation": [
      2.13970852,
      0.773725748,
      -0.656256139
    ]
  },
  {
    "timeStamp": 46174,
    "rotation": [
      [
        0.3747455,
        -0.9271228,
        -0.00304875174
      ],
      [
        -0.154899865,
        -0.065852426,
        0.985733
      ],
      [
        -0.914096236,
        -0.368926734,
        -0.16828908
      ]
    ],
    "translation": [
      2.13467479,
      0.7709284,
      -0.653459966
    ]
  },
  {
    "timeStamp": 46230,
    "rotation": [
      [
        0.361249864,
        -0.93241775,
        -0.009782703
      ],
      [
        -0.15395847,
        -0.0699892938,
        0.9855954
      ],
      [
        -0.919671357,
        -0.35454005,
        -0.168837219
      ]
    ],
    "translation": [
      2.13932633,
      0.764585853,
      -0.647521853
    ]
  },
  {
    "timeStamp": 46276,
    "rotation": [
      [
        0.3235236,
        -0.9459294,
        0.0234537777
      ],
      [
        -0.15479961,
        -0.0284586623,
        0.9875359
      ],
      [
        -0.9334718,
        -0.323121846,
        -0.155636564
      ]
    ],
    "translation": [
      2.14098644,
      0.76192,
      -0.64343226
    ]
  },
  {
    "timeStamp": 46333,
    "rotation": [
      [
        0.30963397,
        -0.9500773,
        0.03847021
      ],
      [
        -0.168294236,
        -0.014938225,
        0.9856236
      ],
      [
        -0.9358439,
        -0.311656862,
        -0.164517909
      ]
    ],
    "translation": [
      2.14113069,
      0.761483431,
      -0.6395927
    ]
  },
  {
    "timeStamp": 46377,
    "rotation": [
      [
        0.282608747,
        -0.958358049,
        0.0410146378
      ],
      [
        -0.167879969,
        -0.007317643,
        0.9857803
      ],
      [
        -0.944430351,
        -0.285475641,
        -0.162957132
      ]
    ],
    "translation": [
      2.143421,
      0.7594394,
      -0.636179566
    ]
  },
  {
    "timeStamp": 46432,
    "rotation": [
      [
        0.274464548,
        -0.9612544,
        0.025672324
      ],
      [
        -0.16427362,
        -0.02056608,
        0.9862004
      ],
      [
        -0.9474615,
        -0.274894357,
        -0.163553417
      ]
    ],
    "translation": [
      2.14563727,
      0.7559052,
      -0.633642435
    ]
  },
  {
    "timeStamp": 46477,
    "rotation": [
      [
        0.257237643,
        -0.9653427,
        0.0440715328
      ],
      [
        -0.160901234,
        0.00218300149,
        0.9869681
      ],
      [
        -0.9528586,
        -0.2609765,
        -0.154763281
      ]
    ],
    "translation": [
      2.14391279,
      0.754870534,
      -0.6321749
    ]
  },
  {
    "timeStamp": 46533,
    "rotation": [
      [
        0.2369818,
        -0.970841646,
        0.0361411124
      ],
      [
        -0.153020412,
        -0.00056402653,
        0.988222837
      ],
      [
        -0.9593875,
        -0.239721164,
        -0.14869225
      ]
    ],
    "translation": [
      2.14268446,
      0.7530891,
      -0.6310261
    ]
  },
  {
    "timeStamp": 46577,
    "rotation": [
      [
        0.187251359,
        -0.9816723,
        0.03544646
      ],
      [
        -0.146593854,
        0.00775467465,
        0.9891664
      ],
      [
        -0.971312046,
        -0.190418988,
        -0.142455056
      ]
    ],
    "translation": [
      2.146294,
      0.753474,
      -0.6288351
    ]
  },
  {
    "timeStamp": 46633,
    "rotation": [
      [
        0.148683459,
        -0.9884862,
        0.0280748662
      ],
      [
        -0.145687863,
        0.006184613,
        0.9893113
      ],
      [
        -0.978094161,
        -0.1511844,
        -0.1430909
      ]
    ],
    "translation": [
      2.14413238,
      0.7546421,
      -0.6265303
    ]
  },
  {
    "timeStamp": 46677,
    "rotation": [
      [
        0.107565157,
        -0.994010031,
        0.01933436
      ],
      [
        -0.150124714,
        0.002984847,
        0.988662541
      ],
      [
        -0.9827982,
        -0.109248213,
        -0.1489044
      ]
    ],
    "translation": [
      2.14576983,
      0.75584656,
      -0.6240796
    ]
  },
  {
    "timeStamp": 46733,
    "rotation": [
      [
        0.0729660243,
        -0.9969897,
        0.02621824
      ],
      [
        -0.13193728,
        0.0164079331,
        0.991122246
      ],
      [
        -0.9885689,
        -0.07577742,
        -0.1303429
      ]
    ],
    "translation": [
      2.144997,
      0.7517299,
      -0.623453438
    ]
  },
  {
    "timeStamp": 46777,
    "rotation": [
      [
        0.0476620719,
        -0.998362064,
        0.03164753
      ],
      [
        -0.121883906,
        0.0256338473,
        0.9922133
      ],
      [
        -0.991399348,
        -0.0511482619,
        -0.1204625
      ]
    ],
    "translation": [
      2.14283776,
      0.7490749,
      -0.622804642
    ]
  },
  {
    "timeStamp": 46833,
    "rotation": [
      [
        0.0349133275,
        -0.9991807,
        0.0204723459
      ],
      [
        -0.117705375,
        0.01623113,
        0.9929159
      ],
      [
        -0.9924347,
        -0.0370756947,
        -0.117042243
      ]
    ],
    "translation": [
      2.1419096,
      0.747495532,
      -0.6213929
    ]
  },
  {
    "timeStamp": 46877,
    "rotation": [
      [
        0.022459507,
        -0.9995121,
        0.02170489
      ],
      [
        -0.111166485,
        0.0190789476,
        0.993618667
      ],
      [
        -0.993548,
        -0.0247290321,
        -0.110683739
      ]
    ],
    "translation": [
      2.14054918,
      0.745489,
      -0.6203931
    ]
  },
  {
    "timeStamp": 46933,
    "rotation": [
      [
        0.02032796,
        -0.9997884,
        0.003149312
      ],
      [
        -0.105528578,
        0.0009867538,
        0.99441576
      ],
      [
        -0.994208455,
        -0.0205467865,
        -0.105486192
      ]
    ],
    "translation": [
      2.13967347,
      0.742776334,
      -0.619226
    ]
  },
  {
    "timeStamp": 46977,
    "rotation": [
      [
        0.0197344515,
        -0.9998044,
        -0.001337499
      ],
      [
        -0.10241089,
        -0.00335213752,
        0.994736552
      ],
      [
        -0.9945465,
        -0.0194936059,
        -0.102457009
      ]
    ],
    "translation": [
      2.139063,
      0.741405,
      -0.6183125
    ]
  },
  {
    "timeStamp": 47033,
    "rotation": [
      [
        0.008691947,
        -0.9999396,
        -0.00672443025
      ],
      [
        -0.0950526446,
        -0.00752043957,
        0.9954438
      ],
      [
        -0.9954343,
        -0.008013167,
        -0.09511227
      ]
    ],
    "translation": [
      2.1408577,
      0.739566147,
      -0.6185416
    ]
  },
  {
    "timeStamp": 47077,
    "rotation": [
      [
        0.009250933,
        -0.9999014,
        -0.0105581023
      ],
      [
        -0.09373587,
        -0.0113791954,
        0.9955321
      ],
      [
        -0.995554149,
        -0.008219934,
        -0.0938319042
      ]
    ],
    "translation": [
      2.14172459,
      0.7396581,
      -0.619329631
    ]
  },
  {
    "timeStamp": 47132,
    "rotation": [
      [
        -0.005040608,
        -0.9998962,
        -0.0134957591
      ],
      [
        -0.09168242,
        -0.0129769892,
        0.995703757
      ],
      [
        -0.9957756,
        0.00625627,
        -0.0916075
      ]
    ],
    "translation": [
      2.14517069,
      0.740677059,
      -0.621318936
    ]
  },
  {
    "timeStamp": 47177,
    "rotation": [
      [
        -0.0185031965,
        -0.999760449,
        -0.011688659
      ],
      [
        -0.08975076,
        -0.009982617,
        0.9959142
      ],
      [
        -0.9957923,
        0.0194766652,
        -0.08954455
      ]
    ],
    "translation": [
      2.14802,
      0.741503239,
      -0.625034332
    ]
  },
  {
    "timeStamp": 47232,
    "rotation": [
      [
        -0.0219420157,
        -0.9996391,
        -0.0155009357
      ],
      [
        -0.09803378,
        -0.01327863,
        0.9950945
      ],
      [
        -0.9949412,
        0.023354,
        -0.09770703
      ]
    ],
    "translation": [
      2.14933443,
      0.742140532,
      -0.628325
    ]
  },
  {
    "timeStamp": 47277,
    "rotation": [
      [
        -0.0254315026,
        -0.9996559,
        -0.00643330347
      ],
      [
        -0.0977548361,
        -0.003917738,
        0.995202839
      ],
      [
        -0.9948856,
        0.025938388,
        -0.09762156
      ]
    ],
    "translation": [
      2.14823318,
      0.7410968,
      -0.630316257
    ]
  },
  {
    "timeStamp": 47333,
    "rotation": [
      [
        -0.0143188639,
        -0.9998476,
        -0.00998717
      ],
      [
        -0.0922586,
        -0.008624479,
        0.995697737
      ],
      [
        -0.9956321,
        0.0151786609,
        -0.09212104
      ]
    ],
    "translation": [
      2.14534163,
      0.7372616,
      -0.6318742
    ]
  },
  {
    "timeStamp": 47377,
    "rotation": [
      [
        0.0061964523,
        -0.999698,
        -0.0237822514
      ],
      [
        -0.0931822,
        -0.0242564753,
        0.9953536
      ],
      [
        -0.995629847,
        -0.00395158958,
        -0.09330436
      ]
    ],
    "translation": [
      2.14272356,
      0.7357886,
      -0.6311113
    ]
  },
  {
    "timeStamp": 47432,
    "rotation": [
      [
        0.0470558256,
        -0.9979215,
        -0.0440271571
      ],
      [
        -0.0920020342,
        -0.0482184552,
        0.9945907
      ],
      [
        -0.9946464,
        -0.0427507162,
        -0.09407977
      ]
    ],
    "translation": [
      2.14070654,
      0.7353983,
      -0.6304603
    ]
  },
  {
    "timeStamp": 47477,
    "rotation": [
      [
        0.0590208434,
        -0.996219456,
        -0.06374537
      ],
      [
        -0.09925585,
        -0.0693966746,
        0.9926391
      ],
      [
        -0.9933101,
        -0.0522593223,
        -0.102976464
      ]
    ],
    "translation": [
      2.14434814,
      0.73777,
      -0.6280896
    ]
  },
  {
    "timeStamp": 47532,
    "rotation": [
      [
        0.03992797,
        -0.998093,
        -0.0470763259
      ],
      [
        -0.103158772,
        -0.050979767,
        0.9933576
      ],
      [
        -0.9938632,
        -0.03480641,
        -0.10499756
      ]
    ],
    "translation": [
      2.15015173,
      0.7393148,
      -0.625254869
    ]
  },
  {
    "timeStamp": 47577,
    "rotation": [
      [
        0.034160886,
        -0.9984716,
        -0.04344475
      ],
      [
        -0.09458508,
        -0.04650495,
        0.994429946
      ],
      [
        -0.9949305,
        -0.0298613682,
        -0.09602917
      ]
    ],
    "translation": [
      2.152951,
      0.737605453,
      -0.624667764
    ]
  },
  {
    "timeStamp": 47632,
    "rotation": [
      [
        0.04308787,
        -0.9981177,
        -0.0436406843
      ],
      [
        -0.0917268246,
        -0.0474489667,
        0.9946531
      ],
      [
        -0.9948516,
        -0.03885447,
        -0.09359864
      ]
    ],
    "translation": [
      2.152809,
      0.7369629,
      -0.623253763
    ]
  },
  {
    "timeStamp": 47677,
    "rotation": [
      [
        0.0381125,
        -0.998643458,
        -0.0354784466
      ],
      [
        -0.08913717,
        -0.0387602746,
        0.9952649
      ],
      [
        -0.9952899,
        -0.0347695835,
        -0.0904935
      ]
    ],
    "translation": [
      2.1516974,
      0.736486137,
      -0.6223216
    ]
  },
  {
    "timeStamp": 47732,
    "rotation": [
      [
        0.05234545,
        -0.9982876,
        -0.0261117723
      ],
      [
        -0.07700062,
        -0.0301045589,
        0.9965764
      ],
      [
        -0.995655954,
        -0.0501556061,
        -0.0784446
      ]
    ],
    "translation": [
      2.14766288,
      0.734102547,
      -0.6232729
    ]
  },
  {
    "timeStamp": 47777,
    "rotation": [
      [
        0.0333123542,
        -0.999288142,
        -0.0177049246
      ],
      [
        -0.07826767,
        -0.0202686731,
        0.996726334
      ],
      [
        -0.9963757,
        -0.0318175852,
        -0.07888716
      ]
    ],
    "translation": [
      2.148668,
      0.7348982,
      -0.6230024
    ]
  },
  {
    "timeStamp": 47832,
    "rotation": [
      [
        0.02213166,
        -0.9997231,
        -0.00800504
      ],
      [
        -0.06530969,
        -0.009435617,
        0.997820437
      ],
      [
        -0.9976196,
        -0.0215606168,
        -0.06550042
      ]
    ],
    "translation": [
      2.14783716,
      0.7338012,
      -0.6250062
    ]
  },
  {
    "timeStamp": 47877,
    "rotation": [
      [
        0.0142752239,
        -0.999841,
        -0.0106896693
      ],
      [
        -0.06758762,
        -0.0116311787,
        0.997645557
      ],
      [
        -0.9976113,
        -0.0135191288,
        -0.067742914
      ]
    ],
    "translation": [
      2.1499722,
      0.7348246,
      -0.6256909
    ]
  },
  {
    "timeStamp": 47933,
    "rotation": [
      [
        0.00194512331,
        -0.999840736,
        -0.0177378785
      ],
      [
        -0.06880829,
        -0.017829692,
        0.997470558
      ],
      [
        -0.997628,
        -0.0007196882,
        -0.06883201
      ]
    ],
    "translation": [
      2.15413356,
      0.734807849,
      -0.6260588
    ]
  },
  {
    "timeStamp": 47977,
    "rotation": [
      [
        -0.0117096948,
        -0.9998383,
        -0.01364551
      ],
      [
        -0.06259663,
        -0.0128867095,
        0.9979557
      ],
      [
        -0.997970164,
        0.0125399316,
        -0.06243561
      ]
    ],
    "translation": [
      2.15874338,
      0.7328015,
      -0.6269116
    ]
  },
  {
    "timeStamp": 48033,
    "rotation": [
      [
        -0.0225695483,
        -0.9996932,
        -0.0102035766
      ],
      [
        -0.0593189672,
        -0.008849122,
        0.9981999
      ],
      [
        -0.997983932,
        0.02313418,
        -0.05910105
      ]
    ],
    "translation": [
      2.1631217,
      0.730926037,
      -0.627645135
    ]
  },
  {
    "timeStamp": 48076,
    "rotation": [
      [
        -0.02861925,
        -0.999563158,
        -0.007382379
      ],
      [
        -0.05968108,
        -0.005663548,
        0.99820143
      ],
      [
        -0.9978072,
        0.0290083643,
        -0.0594929233
      ]
    ],
    "translation": [
      2.16554761,
      0.7308578,
      -0.627321
    ]
  },
  {
    "timeStamp": 48132,
    "rotation": [
      [
        -0.029725546,
        -0.999532759,
        -0.00711553
      ],
      [
        -0.0628421754,
        -0.005235797,
        0.998009741
      ],
      [
        -0.9975807,
        0.0301135387,
        -0.06265718
      ]
    ],
    "translation": [
      2.16667628,
      0.73125416,
      -0.6256936
    ]
  },
  {
    "timeStamp": 48177,
    "rotation": [
      [
        -0.033100307,
        -0.999451756,
        -0.0007580804
      ],
      [
        -0.0648722947,
        0.001391573,
        0.9978926
      ],
      [
        -0.997344434,
        0.0330797322,
        -0.06488279
      ]
    ],
    "translation": [
      2.16690063,
      0.731285334,
      -0.6243421
    ]
  },
  {
    "timeStamp": 48232,
    "rotation": [
      [
        -0.0331966728,
        -0.9994451,
        -0.00274135452
      ],
      [
        -0.065451026,
        -0.0005630321,
        0.9978556
      ],
      [
        -0.9973034,
        0.03330491,
        -0.06539602
      ]
    ],
    "translation": [
      2.16725039,
      0.7309942,
      -0.6228613
    ]
  },
  {
    "timeStamp": 48277,
    "rotation": [
      [
        -0.0332654975,
        -0.9994459,
        -0.00116284762
      ],
      [
        -0.06307863,
        0.0009383304,
        0.998008132
      ],
      [
        -0.997454047,
        0.0332725868,
        -0.0630748942
      ]
    ],
    "translation": [
      2.16687083,
      0.730173051,
      -0.62162745
    ]
  },
  {
    "timeStamp": 48332,
    "rotation": [
      [
        -0.0350692421,
        -0.9993823,
        -0.00226317882
      ],
      [
        -0.04465652,
        -0.0006952798,
        0.999002159
      ],
      [
        -0.9983867,
        0.0351353139,
        -0.0446045548
      ]
    ],
    "translation": [
      2.167344,
      0.7282053,
      -0.6216266
    ]
  },
  {
    "timeStamp": 48377,
    "rotation": [
      [
        -0.03877912,
        -0.999222457,
        -0.007112064
      ],
      [
        -0.0377195179,
        -0.005648551,
        0.9992724
      ],
      [
        -0.998535633,
        0.0390191674,
        -0.0374711454
      ]
    ],
    "translation": [
      2.16755819,
      0.7270506,
      -0.6214782
    ]
  }
]