[
  {
    "timeStamp": 99808,
    "rotation": [
      [
        0.9973179,
        0.0726935,
        0.008526928
      ],
      [
        -0.07318431,
        0.9887484,
        0.130463347
      ],
      [
        0.00105285074,
        -0.130737469,
        0.991416454
      ]
    ],
    "translation": [
      1.46186316,
      0.6997683,
      -0.7502617
    ]
  },
  {
    "timeStamp": 99853,
    "rotation": [
      [
        0.9985132,
        0.0404706523,
        -0.0365172736
      ],
      [
        -0.0402819142,
        0.999170959,
        0.0058896835
      ],
      [
        0.03672536,
        -0.004409941,
        0.9993157
      ]
    ],
    "translation": [
      1.46458876,
      0.7001353,
      -0.765041
    ]
  },
  {
    "timeStamp": 99908,
    "rotation": [
      [
        0.99592793,
        0.0705927238,
        -0.0560726076
      ],
      [
        -0.0755413,
        0.9929189,
        -0.0916820541
      ],
      [
        0.0492034666,
        0.09554452,
        0.994208336
      ]
    ],
    "translation": [
      1.46607542,
      0.707070768,
      -0.7769004
    ]
  },
  {
    "timeStamp": 99954,
    "rotation": [
      [
        0.9914598,
        0.108633265,
        -0.07215549
      ],
      [
        -0.114215873,
        0.990360558,
        -0.0783633
      ],
      [
        0.06294709,
        0.08593536,
        0.9943102
      ]
    ],
    "translation": [
      1.46598208,
      0.722096562,
      -0.783123553
    ]
  },
  {
    "timeStamp": 100008,
    "rotation": [
      [
        0.9841665,
        0.1458659,
        -0.100694664
      ],
      [
        -0.150574923,
        0.987755239,
        -0.040826302
      ],
      [
        0.09350652,
        0.05534197,
        0.994079351
      ]
    ],
    "translation": [
      1.471784,
      0.7434164,
      -0.7864762
    ]
  },
  {
    "timeStamp": 100064,
    "rotation": [
      [
        0.9719838,
        0.188055381,
        -0.141005978
      ],
      [
        -0.1902923,
        0.9817245,
        -0.00242860639
      ],
      [
        0.13797231,
        0.029192917,
        0.9900058
      ]
    ],
    "translation": [
      1.48119855,
      0.767142236,
      -0.793220758
    ]
  },
  {
    "timeStamp": 100108,
    "rotation": [
      [
        0.9608694,
        0.220690832,
        -0.167408466
      ],
      [
        -0.2216565,
        0.9750364,
        0.01313345
      ],
      [
        0.166127771,
        0.0244876444,
        0.9858001
      ]
    ],
    "translation": [
      1.49457,
      0.7844625,
      -0.801440656
    ]
  },
  {
    "timeStamp": 100164,
    "rotation": [
      [
        0.9481936,
        0.230925754,
        -0.21817942
      ],
      [
        -0.2285397,
        0.972851336,
        0.0364678726
      ],
      [
        0.22067751,
        0.0152840586,
        0.975227058
      ]
    ],
    "translation": [
      1.51813781,
      0.803441942,
      -0.813495457
    ]
  },
  {
    "timeStamp": 100208,
    "rotation": [
      [
        0.930558264,
        0.2515832,
        -0.266020924
      ],
      [
        -0.24829866,
        0.967567265,
        0.0464899428
      ],
      [
        0.269089222,
        0.0227910373,
        0.962845564
      ]
    ],
    "translation": [
      1.54039168,
      0.81723,
      -0.8242105
    ]
  },
  {
    "timeStamp": 100264,
    "rotation": [
      [
        0.9052622,
        0.294380277,
        -0.3063342
      ],
      [
        -0.2898127,
        0.9551117,
        0.06140212
      ],
      [
        0.310658962,
        0.0331945345,
        0.949941635
      ]
    ],
    "translation": [
      1.57496655,
      0.832929969,
      -0.8367413
    ]
  },
  {
    "timeStamp": 100308,
    "rotation": [
      [
        0.9010526,
        0.284116358,
        -0.3276921
      ],
      [
        -0.288384825,
        0.9568144,
        0.0366098732
      ],
      [
        0.323942,
        0.0615140051,
        0.944075
      ]
    ],
    "translation": [
      1.61119676,
      0.839981437,
      -0.842894435
    ]
  },
  {
    "timeStamp": 100364,
    "rotation": [
      [
        0.9057692,
        0.2789453,
        -0.319016546
      ],
      [
        -0.277111143,
        0.9594231,
        0.0521221533
      ],
      [
        0.32061106,
        0.0411923937,
        0.9463148
      ]
    ],
    "translation": [
      1.66369855,
      0.853203833,
      -0.844152
    ]
  },
  {
    "timeStamp": 100408,
    "rotation": [
      [
        0.903529942,
        0.276234448,
        -0.327609956
      ],
      [
        -0.2697545,
        0.96066165,
        0.0660437346
      ],
      [
        0.332965881,
        0.0287017711,
        0.942502
      ]
    ],
    "translation": [
      1.707569,
      0.8643849,
      -0.8417042
    ]
  },
  {
    "timeStamp": 100464,
    "rotation": [
      [
        0.918268442,
        0.21839647,
        -0.330281854
      ],
      [
        -0.199053928,
        0.9756847,
        0.09174333
      ],
      [
        0.3422874,
        -0.0185011,
        0.93941313
      ]
    ],
    "translation": [
      1.77151251,
      0.8773102,
      -0.831763268
    ]
  },
  {
    "timeStamp": 100508,
    "rotation": [
      [
        0.9197341,
        0.2111374,
        -0.330923021
      ],
      [
        -0.1810049,
        0.976164341,
        0.119751215
      ],
      [
        0.348319232,
        -0.0502405949,
        0.9360286
      ]
    ],
    "translation": [
      1.821451,
      0.8922261,
      -0.823015332
    ]
  },
  {
    "timeStamp": 100564,
    "rotation": [
      [
        0.9169924,
        0.171016589,
        -0.360386252
      ],
      [
        -0.118330188,
        0.979392648,
        0.163670257
      ],
      [
        0.380949974,
        -0.107439809,
        0.9183321
      ]
    ],
    "translation": [
      1.88433588,
      0.9136658,
      -0.809279144
    ]
  },
  {
    "timeStamp": 100608,
    "rotation": [
      [
        0.906866968,
        0.122363739,
        -0.403260916
      ],
      [
        -0.04490453,
        0.979527,
        0.196240574
      ],
      [
        0.4190177,
        -0.159855857,
        0.893795431
      ]
    ],
    "translation": [
      1.93196261,
      0.931367338,
      -0.8001238
    ]
  },
  {
    "timeStamp": 100664,
    "rotation": [
      [
        0.873791754,
        0.08458219,
        -0.478888154
      ],
      [
        0.0356264748,
        0.970977843,
        0.236501053
      ],
      [
        0.484993547,
        -0.223713756,
        0.845419049
      ]
    ],
    "translation": [
      1.98603535,
      0.95334053,
      -0.787246644
    ]
  },
  {
    "timeStamp": 100708,
    "rotation": [
      [
        0.836479366,
        0.0565177649,
        -0.545076132
      ],
      [
        0.09852662,
        0.962947845,
        0.251045942
      ],
      [
        0.5390684,
        -0.263699263,
        0.7999175
      ]
    ],
    "translation": [
      2.02386,
      0.9651595,
      -0.7797173
    ]
  },
  {
    "timeStamp": 100761,
    "rotation": [
      [
        0.77208966,
        0.0537492223,
        -0.633236647
      ],
      [
        0.139386341,
        0.9578332,
        0.2512513
      ],
      [
        0.6200396,
        -0.282253057,
        0.7320411
      ]
    ],
    "translation": [
      2.05419946,
      0.9706966,
      -0.7747059
    ]
  },
  {
    "timeStamp": 100814,
    "rotation": [
      [
        0.646727741,
        0.00103326666,
        -0.7627203
      ],
      [
        0.225385368,
        0.9550825,
        0.192403182
      ],
      [
        0.7286596,
        -0.296338469,
        0.6174454
      ]
    ],
    "translation": [
      2.09918141,
      0.9678488,
      -0.76849246
    ]
  },
  {
    "timeStamp": 100858,
    "rotation": [
      [
        0.5743651,
        -0.0287550054,
        -0.8180941
      ],
      [
        0.260488272,
        0.9538546,
        0.149356022
      ],
      [
        0.776048064,
        -0.2988888,
        0.5553511
      ]
    ],
    "translation": [
      2.12290883,
      0.961623132,
      -0.76335144
    ]
  },
  {
    "timeStamp": 100914,
    "rotation": [
      [
        0.500445664,
        -0.008167925,
        -0.8657294
      ],
      [
        0.239390016,
        0.9622749,
        0.129303575
      ],
      [
        0.832013547,
        -0.271956384,
        0.48352164
      ]
    ],
    "translation": [
      2.14160228,
      0.9534074,
      -0.75878197
    ]
  },
  {
    "timeStamp": 100958,
    "rotation": [
      [
        0.427280039,
        -0.04668658,
        -0.902913153
      ],
      [
        0.258744359,
        0.9632107,
        0.07263963
      ],
      [
        0.866304338,
        -0.264661133,
        0.423640579
      ]
    ],
    "translation": [
      2.15800023,
      0.9409961,
      -0.754736841
    ]
  },
  {
    "timeStamp": 101014,
    "rotation": [
      [
        0.348712981,
        -0.0320176072,
        -0.936682463
      ],
      [
        0.213583127,
        0.9758339,
        0.0461579449
      ],
      [
        0.9125686,
        -0.21615544,
        0.347124338
      ]
    ],
    "translation": [
      2.16705775,
      0.9275836,
      -0.757799149
    ]
  },
  {
    "timeStamp": 101059,
    "rotation": [
      [
        0.3065004,
        -0.0142989708,
        -0.9517631
      ],
      [
        0.177183777,
        0.9832689,
        0.04228696
      ],
      [
        0.935234368,
        -0.181597948,
        0.303905845
      ]
    ],
    "translation": [
      2.16989017,
      0.916581333,
      -0.7603513
    ]
  },
  {
    "timeStamp": 101114,
    "rotation": [
      [
        0.230309159,
        -0.0287284236,
        -0.9726934
      ],
      [
        0.165112972,
        0.9862243,
        0.00996651
      ],
      [
        0.9590075,
        -0.162899658,
        0.23187992
      ]
    ],
    "translation": [
      2.173764,
      0.8980351,
      -0.7638992
    ]
  },
  {
    "timeStamp": 101158,
    "rotation": [
      [
        0.195569411,
        -0.022671748,
        -0.980427742
      ],
      [
        0.140679434,
        0.9900417,
        0.005167763
      ],
      [
        0.9705472,
        -0.138936684,
        0.196811333
      ]
    ],
    "translation": [
      2.17351842,
      0.884067059,
      -0.766571939
    ]
  },
  {
    "timeStamp": 101214,
    "rotation": [
      [
        0.160245821,
        -0.01289918,
        -0.986992836
      ],
      [
        0.123845078,
        0.992275834,
        0.00713897031
      ],
      [
        0.9792771,
        -0.123378195,
        0.160605565
      ]
    ],
    "translation": [
      2.17146921,
      0.8691876,
      -0.7686453
    ]
  },
  {
    "timeStamp": 101259,
    "rotation": [
      [
        0.146207467,
        0.00165986619,
        -0.9892526
      ],
      [
        0.101160549,
        0.9947313,
        0.0166201722
      ],
      [
        0.9840681,
        -0.102503322,
        0.14526923
      ]
    ],
    "translation": [
      2.169606,
      0.8599542,
      -0.77051723
    ]
  },
  {
    "timeStamp": 101305,
    "rotation": [
      [
        0.135852382,
        0.00959614851,
        -0.9906826
      ],
      [
        0.08218424,
        0.9963975,
        0.0209214371
      ],
      [
        0.987314463,
        -0.0842607245,
        0.134574324
      ]
    ],
    "translation": [
      2.16717434,
      0.85178256,
      -0.772715867
    ]
  },
  {
    "timeStamp": 101362,
    "rotation": [
      [
        0.116143979,
        0.0207363814,
        -0.9930159
      ],
      [
        0.07687924,
        0.996594846,
        0.02980298
      ],
      [
        0.990252554,
        -0.07980375,
        0.1141543
      ]
    ],
    "translation": [
      2.16399384,
      0.8435745,
      -0.7742598
    ]
  },
  {
    "timeStamp": 101407,
    "rotation": [
      [
        0.108301759,
        0.02409306,
        -0.9938261
      ],
      [
        0.07232889,
        0.9968658,
        0.03204876
      ],
      [
        0.991483331,
        -0.0753532648,
        0.1062197
      ]
    ],
    "translation": [
      2.16261315,
      0.8378937,
      -0.7746526
    ]
  },
  {
    "timeStamp": 101464,
    "rotation": [
      [
        0.09902301,
        0.0281591713,
        -0.994686663
      ],
      [
        0.07055783,
        0.9968848,
        0.03524557
      ],
      [
        0.992580533,
        -0.07367306,
        0.0967276841
      ]
    ],
    "translation": [
      2.16099572,
      0.8332244,
      -0.773466468
    ]
  },
  {
    "timeStamp": 101508,
    "rotation": [
      [
        0.09481686,
        0.0376548655,
        -0.9947823
      ],
      [
        0.06994775,
        0.9965626,
        0.0443892628
      ],
      [
        0.9930343,
        -0.07379164,
        0.09185706
      ]
    ],
    "translation": [
      2.159581,
      0.831496835,
      -0.7726822
    ]
  },
  {
    "timeStamp": 101564,
    "rotation": [
      [
        0.0890279859,
        0.04200707,
        -0.995142937
      ],
      [
        0.06373412,
        0.9968225,
        0.0477797836
      ],
      [
        0.9939879,
        -0.0676782951,
        0.08606782
      ]
    ],
    "translation": [
      2.15778041,
      0.8294488,
      -0.7723259
    ]
  },
  {
    "timeStamp": 101608,
    "rotation": [
      [
        0.07982136,
        0.03967853,
        -0.9960191
      ],
      [
        0.0558476374,
        0.99746,
        0.0442115776
      ],
      [
        0.9952435,
        -0.0591543429,
        0.07740266
      ]
    ],
    "translation": [
      2.15687,
      0.8277984,
      -0.773263
    ]
  },
  {
    "timeStamp": 101664,
    "rotation": [
      [
        0.07030222,
        0.0339763723,
        -0.996946931
      ],
      [
        0.04720656,
        0.9981867,
        0.0373475142
      ],
      [
        0.9964081,
        -0.0496880449,
        0.06857084
      ]
    ],
    "translation": [
      2.15616679,
      0.825719,
      -0.7742836
    ]
  }
]