[
  {
    "timeStamp": 85273,
    "rotation": [
      [
        -0.9993645,
        -0.011529508,
        -0.03373032
      ],
      [
        0.0229673814,
        0.515390933,
        -0.8566473
      ],
      [
        0.0272610281,
        -0.856877565,
        -0.514798641
      ]
    ],
    "translation": [
      1.31086278,
      0.7401514,
      -0.785576165
    ]
  },
  {
    "timeStamp": 85317,
    "rotation": [
      [
        -0.999494135,
        -0.0157960691,
        -0.0276035443
      ],
      [
        0.0154551761,
        0.5173219,
        -0.8556513
      ],
      [
        0.0277958456,
        -0.8556451,
        -0.516816
      ]
    ],
    "translation": [
      1.31064522,
      0.7422184,
      -0.785505056
    ]
  },
  {
    "timeStamp": 85373,
    "rotation": [
      [
        -0.996171236,
        0.0135231223,
        -0.08637188
      ],
      [
        0.0802806541,
        0.532645166,
        -0.8425225
      ],
      [
        0.0346120261,
        -0.8462306,
        -0.531691432
      ]
    ],
    "translation": [
      1.3122884,
      0.758045852,
      -0.7902673
    ]
  },
  {
    "timeStamp": 85418,
    "rotation": [
      [
        -0.9918772,
        0.0344078466,
        -0.122457154
      ],
      [
        0.120060816,
        0.57122463,
        -0.8119654
      ],
      [
        0.0420125648,
        -0.8200723,
        -0.5707157
      ]
    ],
    "translation": [
      1.31592453,
      0.7840093,
      -0.795473337
    ]
  },
  {
    "timeStamp": 85472,
    "rotation": [
      [
        -0.9899457,
        0.07057739,
        -0.122581817
      ],
      [
        0.138641909,
        0.6559066,
        -0.742000639
      ],
      [
        0.0280337483,
        -0.7515353,
        -0.659096956
      ]
    ],
    "translation": [
      1.33379412,
      0.8124511,
      -0.809258461
    ]
  },
  {
    "timeStamp": 85518,
    "rotation": [
      [
        -0.9860538,
        0.126410082,
        -0.108251415
      ],
      [
        0.16583024,
        0.691252232,
        -0.7033283
      ],
      [
        -0.014078767,
        -0.7114709,
        -0.702574551
      ]
    ],
    "translation": [
      1.35605562,
      0.8377111,
      -0.8283863
    ]
  },
  {
    "timeStamp": 85574,
    "rotation": [
      [
        -0.978469551,
        0.17449604,
        -0.110220626
      ],
      [
        0.201973245,
        0.6996411,
        -0.6853533
      ],
      [
        -0.042476546,
        -0.692858934,
        -0.719821036
      ]
    ],
    "translation": [
      1.38779855,
      0.8631266,
      -0.8391874
    ]
  },
  {
    "timeStamp": 85618,
    "rotation": [
      [
        -0.976535738,
        0.182527453,
        -0.114287585
      ],
      [
        0.211708948,
        0.7164175,
        -0.664774656
      ],
      [
        -0.0394620076,
        -0.6733719,
        -0.738249958
      ]
    ],
    "translation": [
      1.41832078,
      0.8763345,
      -0.844431937
    ]
  },
  {
    "timeStamp": 85674,
    "rotation": [
      [
        -0.9767401,
        0.16645509,
        -0.135171682
      ],
      [
        0.214044362,
        0.719260335,
        -0.660945952
      ],
      [
        -0.0127941854,
        -0.6745052,
        -0.738159239
      ]
    ],
    "translation": [
      1.45719624,
      0.8845855,
      -0.8431884
    ]
  },
  {
    "timeStamp": 85718,
    "rotation": [
      [
        -0.978756,
        0.131823078,
        -0.157033116
      ],
      [
        0.203478366,
        0.7185395,
        -0.66505456
      ],
      [
        0.0251649637,
        -0.682879,
        -0.73009795
      ]
    ],
    "translation": [
      1.49022567,
      0.886225641,
      -0.8381373
    ]
  },
  {
    "timeStamp": 85774,
    "rotation": [
      [
        -0.975965738,
        0.07502914,
        -0.204600945
      ],
      [
        0.194018945,
        0.7266813,
        -0.659007549
      ],
      [
        0.09923491,
        -0.682865262,
        -0.723773062
      ]
    ],
    "translation": [
      1.53039718,
      0.889072537,
      -0.828124642
    ]
  },
  {
    "timeStamp": 85818,
    "rotation": [
      [
        -0.9680333,
        0.0300298035,
        -0.249017447
      ],
      [
        0.192455128,
        0.725605667,
        -0.66064924
      ],
      [
        0.160849318,
        -0.6874552,
        -0.708189845
      ]
    ],
    "translation": [
      1.5619576,
      0.892468,
      -0.8180486
    ]
  },
  {
    "timeStamp": 85874,
    "rotation": [
      [
        -0.9471228,
        -0.0348196365,
        -0.318976462
      ],
      [
        0.190863937,
        0.737969041,
        -0.647281
      ],
      [
        0.257932842,
        -0.6739357,
        -0.6923015
      ]
    ],
    "translation": [
      1.6014086,
      0.8984842,
      -0.802707255
    ]
  },
  {
    "timeStamp": 85918,
    "rotation": [
      [
        -0.924628258,
        -0.08583295,
        -0.3710732
      ],
      [
        0.194087729,
        0.732098937,
        -0.6529634
      ],
      [
        0.327708036,
        -0.67576915,
        -0.6602602
      ]
    ],
    "translation": [
      1.6333518,
      0.9028601,
      -0.7897102
    ]
  },
  {
    "timeStamp": 85973,
    "rotation": [
      [
        -0.89172,
        -0.1359827,
        -0.43167603
      ],
      [
        0.202969044,
        0.73235,
        -0.6499747
      ],
      [
        0.404523224,
        -0.6672123,
        -0.62545085
      ]
    ],
    "translation": [
      1.67133546,
      0.9099343,
      -0.7770759
    ]
  },
  {
    "timeStamp": 86018,
    "rotation": [
      [
        -0.858854055,
        -0.166532218,
        -0.484393239
      ],
      [
        0.215145618,
        0.7409269,
        -0.636191547
      ],
      [
        0.464846373,
        -0.650610745,
        -0.6005194
      ]
    ],
    "translation": [
      1.70112288,
      0.9176227,
      -0.768192649
    ]
  },
  {
    "timeStamp": 86073,
    "rotation": [
      [
        -0.817585349,
        -0.192773864,
        -0.5425794
      ],
      [
        0.235189721,
        0.748305261,
        -0.620262
      ],
      [
        0.525585353,
        -0.6347263,
        -0.566465
      ]
    ],
    "translation": [
      1.73758936,
      0.92853,
      -0.760745764
    ]
  },
  {
    "timeStamp": 86118,
    "rotation": [
      [
        -0.7875258,
        -0.205578461,
        -0.580982447
      ],
      [
        0.251398355,
        0.7535555,
        -0.607415
      ],
      [
        0.5626739,
        -0.624413,
        -0.5417623
      ]
    ],
    "translation": [
      1.76442719,
      0.9373802,
      -0.7573001
    ]
  },
  {
    "timeStamp": 86173,
    "rotation": [
      [
        -0.755437255,
        -0.2076978,
        -0.6214309
      ],
      [
        0.274150729,
        0.761224449,
        -0.58768934
      ],
      [
        0.5951101,
        -0.614328146,
        -0.5181168
      ]
    ],
    "translation": [
      1.79893374,
      0.9523696,
      -0.7552824
    ]
  },
  {
    "timeStamp": 86218,
    "rotation": [
      [
        -0.730187535,
        -0.195609719,
        -0.654647231
      ],
      [
        0.29991734,
        0.7691333,
        -0.564343452
      ],
      [
        0.613902032,
        -0.6084166,
        -0.5029448
      ]
    ],
    "translation": [
      1.82911587,
      0.968739331,
      -0.754381239
    ]
  },
  {
    "timeStamp": 86273,
    "rotation": [
      [
        -0.663457751,
        -0.196782738,
        -0.7218728
      ],
      [
        0.3352438,
        0.7843481,
        -0.521928847
      ],
      [
        0.668906152,
        -0.5882811,
        -0.4544116
      ]
    ],
    "translation": [
      1.87606573,
      0.9904216,
      -0.7415253
    ]
  },
  {
    "timeStamp": 86318,
    "rotation": [
      [
        -0.5943377,
        -0.2056058,
        -0.7774889
      ],
      [
        0.345491856,
        0.8077314,
        -0.477708548
      ],
      [
        0.7262218,
        -0.552536249,
        -0.40903005
      ]
    ],
    "translation": [
      1.91795874,
      1.00328147,
      -0.72660327
    ]
  },
  {
    "timeStamp": 86373,
    "rotation": [
      [
        -0.5209837,
        -0.219447047,
        -0.8248752
      ],
      [
        0.3500663,
        0.8264416,
        -0.440962464
      ],
      [
        0.77847904,
        -0.518495262,
        -0.3537416
      ]
    ],
    "translation": [
      1.96136665,
      1.012175,
      -0.710686862
    ]
  },
  {
    "timeStamp": 86417,
    "rotation": [
      [
        -0.443212181,
        -0.212305382,
        -0.8709129
      ],
      [
        0.3580824,
        0.848737359,
        -0.3891296
      ],
      [
        0.821790636,
        -0.484325618,
        -0.300147921
      ]
    ],
    "translation": [
      2.01018143,
      1.01904988,
      -0.700718164
    ]
  },
  {
    "timeStamp": 86468,
    "rotation": [
      [
        -0.3758355,
        -0.170917019,
        -0.9107882
      ],
      [
        0.352338,
        0.882675648,
        -0.311033249
      ],
      [
        0.8570914,
        -0.4378026,
        -0.2715203
      ]
    ],
    "translation": [
      2.04991245,
      1.02182031,
      -0.6978792
    ]
  },
  {
    "timeStamp": 86524,
    "rotation": [
      [
        -0.30565387,
        -0.1274262,
        -0.943577349
      ],
      [
        0.330028176,
        0.9153902,
        -0.23052597
      ],
      [
        0.893116534,
        -0.3818683,
        -0.237738311
      ]
    ],
    "translation": [
      2.08304238,
      1.016104,
      -0.6955675
    ]
  },
  {
    "timeStamp": 86568,
    "rotation": [
      [
        -0.255089462,
        -0.12614578,
        -0.958653569
      ],
      [
        0.295149177,
        0.9339758,
        -0.201435179
      ],
      [
        0.920769453,
        -0.334329784,
        -0.201015562
      ]
    ],
    "translation": [
      2.1048727,
      1.00231922,
      -0.690528154
    ]
  },
  {
    "timeStamp": 86624,
    "rotation": [
      [
        -0.23957023,
        -0.1507108,
        -0.9591102
      ],
      [
        0.2697293,
        0.938656867,
        -0.21487087
      ],
      [
        0.9326587,
        -0.31017676,
        -0.184223115
      ]
    ],
    "translation": [
      2.118301,
      0.984632969,
      -0.6907189
    ]
  },
  {
    "timeStamp": 86668,
    "rotation": [
      [
        -0.2567735,
        -0.176898643,
        -0.950144351
      ],
      [
        0.246273234,
        0.9386773,
        -0.241318256
      ],
      [
        0.93456775,
        -0.295959264,
        -0.197462052
      ]
    ],
    "translation": [
      2.120181,
      0.9679006,
      -0.694337845
    ]
  },
  {
    "timeStamp": 86723,
    "rotation": [
      [
        -0.262621135,
        -0.171708852,
        -0.9494979
      ],
      [
        0.221262276,
        0.9471002,
        -0.232474059
      ],
      [
        0.9391875,
        -0.271140665,
        -0.210735843
      ]
    ],
    "translation": [
      2.12115288,
      0.9509365,
      -0.6974609
    ]
  },
  {
    "timeStamp": 86768,
    "rotation": [
      [
        -0.2649327,
        -0.167532623,
        -0.949601769
      ],
      [
        0.215746731,
        0.9495267,
        -0.2277113
      ],
      [
        0.9398213,
        -0.265201628,
        -0.215416029
      ]
    ],
    "translation": [
      2.12124825,
      0.942335665,
      -0.69889617
    ]
  },
  {
    "timeStamp": 86823,
    "rotation": [
      [
        -0.279319376,
        -0.173318118,
        -0.9444266
      ],
      [
        0.190709665,
        0.9539657,
        -0.231472135
      ],
      [
        0.9410688,
        -0.244765908,
        -0.233407646
      ]
    ],
    "translation": [
      2.11944175,
      0.9265351,
      -0.702249765
    ]
  },
  {
    "timeStamp": 86869,
    "rotation": [
      [
        -0.27895236,
        -0.164885864,
        -0.946043432
      ],
      [
        0.15146476,
        0.965263367,
        -0.212896928
      ],
      [
        0.948284745,
        -0.202680334,
        -0.244288087
      ]
    ],
    "translation": [
      2.119593,
      0.9173673,
      -0.702573836
    ]
  },
  {
    "timeStamp": 86926,
    "rotation": [
      [
        -0.265749,
        -0.144992545,
        -0.9530764
      ],
      [
        0.09134349,
        0.9803903,
        -0.17461741
      ],
      [
        0.959705055,
        -0.133461729,
        -0.247293636
      ]
    ],
    "translation": [
      2.12150812,
      0.908083558,
      -0.701332569
    ]
  },
  {
    "timeStamp": 86972,
    "rotation": [
      [
        -0.258092821,
        -0.122861341,
        -0.958276153
      ],
      [
        0.04959245,
        0.9888885,
        -0.140142933
      ],
      [
        0.964846432,
        -0.08369315,
        -0.249132037
      ]
    ],
    "translation": [
      2.12263274,
      0.901602864,
      -0.700858
    ]
  },
  {
    "timeStamp": 87017,
    "rotation": [
      [
        -0.250898749,
        -0.0914586,
        -0.9636831
      ],
      [
        -0.0116501926,
        0.995739937,
        -0.09146778
      ],
      [
        0.9679432,
        -0.011722059,
        -0.2508954
      ]
    ],
    "translation": [
      2.12214518,
      0.8950819,
      -0.7018219
    ]
  },
  {
    "timeStamp": 87073,
    "rotation": [
      [
        -0.259871066,
        -0.08139682,
        -0.9622066
      ],
      [
        -0.0831106,
        0.994628847,
        -0.06169318
      ],
      [
        0.9620601,
        0.0639373,
        -0.265240222
      ]
    ],
    "translation": [
      2.12070465,
      0.884542346,
      -0.7027689
    ]
  },
  {
    "timeStamp": 87117,
    "rotation": [
      [
        -0.275634885,
        -0.0736959055,
        -0.9584333
      ],
      [
        -0.13419278,
        0.990243554,
        -0.037549492
      ],
      [
        0.951849639,
        0.118264884,
        -0.282835126
      ]
    ],
    "translation": [
      2.11822438,
      0.877250433,
      -0.703944743
    ]
  },
  {
    "timeStamp": 87173,
    "rotation": [
      [
        -0.289092422,
        -0.06079826,
        -0.9553685
      ],
      [
        -0.199652687,
        0.9798648,
        -0.00194269419
      ],
      [
        0.9362501,
        0.190180287,
        -0.295410037
      ]
    ],
    "translation": [
      2.11626458,
      0.867901,
      -0.705694854
    ]
  },
  {
    "timeStamp": 87218,
    "rotation": [
      [
        -0.2873898,
        -0.0281974878,
        -0.957398534
      ],
      [
        -0.2508343,
        0.9668972,
        0.04681765
      ],
      [
        0.924385846,
        0.25360328,
        -0.284949332
      ]
    ],
    "translation": [
      2.115939,
      0.86376977,
      -0.708448768
    ]
  },
  {
    "timeStamp": 87273,
    "rotation": [
      [
        -0.289696723,
        -0.006827053,
        -0.957094133
      ],
      [
        -0.266315073,
        0.961060166,
        0.07375386
      ],
      [
        0.919321537,
        0.276254833,
        -0.280234128
      ]
    ],
    "translation": [
      2.11571074,
      0.86217165,
      -0.7091604
    ]
  },
  {
    "timeStamp": 87318,
    "rotation": [
      [
        -0.2898514,
        -0.004270232,
        -0.9570621
      ],
      [
        -0.266655326,
        0.9607534,
        0.07647129
      ],
      [
        0.919174135,
        0.277371019,
        -0.2796144
      ]
    ],
    "translation": [
      2.11569548,
      0.862044156,
      -0.7092097
    ]
  },
  {
    "timeStamp": 87373,
    "rotation": [
      [
        -0.290111482,
        -0.002736159,
        -0.956989
      ],
      [
        -0.2670712,
        0.9604974,
        0.0782165155
      ],
      [
        0.91897136,
        0.2782757,
        -0.27938205
      ]
    ],
    "translation": [
      2.1156857,
      0.8619568,
      -0.709228158
    ]
  },
  {
    "timeStamp": 87421,
    "rotation": [
      [
        -0.289777964,
        -0.00570518943,
        -0.9570769
      ],
      [
        -0.266514063,
        0.9609112,
        0.07496548
      ],
      [
        0.919238269,
        0.2767978,
        -0.279971421
      ]
    ],
    "translation": [
      2.115709,
      0.862126946,
      -0.709199965
    ]
  },
  {
    "timeStamp": 87470,
    "rotation": [
      [
        -0.2788995,
        -0.01892867,
        -0.9601338
      ],
      [
        -0.259973884,
        0.9639605,
        0.0565130524
      ],
      [
        0.9244613,
        0.265371144,
        -0.273769051
      ]
    ],
    "translation": [
      2.11679459,
      0.8634838,
      -0.7085735
    ]
  },
  {
    "timeStamp": 87525,
    "rotation": [
      [
        -0.266549855,
        -0.0281838514,
        -0.963408947
      ],
      [
        -0.228212371,
        0.9729937,
        0.0346761
      ],
      [
        0.9364135,
        0.229104757,
        -0.265783221
      ]
    ],
    "translation": [
      2.1184144,
      0.868403435,
      -0.707609
    ]
  },
  {
    "timeStamp": 87570,
    "rotation": [
      [
        -0.2554752,
        -0.0356857851,
        -0.9661568
      ],
      [
        -0.190073371,
        0.98167,
        0.0140012139
      ],
      [
        0.9479475,
        0.187217653,
        -0.257575244
      ]
    ],
    "translation": [
      2.11964464,
      0.874499738,
      -0.7069028
    ]
  },
  {
    "timeStamp": 87625,
    "rotation": [
      [
        -0.233373329,
        -0.0511379279,
        -0.9710416
      ],
      [
        -0.123602234,
        0.992075861,
        -0.0225399584
      ],
      [
        0.964499533,
        0.114762686,
        -0.23784481
      ]
    ],
    "translation": [
      2.12230968,
      0.8847423,
      -0.706215262
    ]
  },
  {
    "timeStamp": 87670,
    "rotation": [
      [
        -0.218603149,
        -0.06339782,
        -0.9737522
      ],
      [
        -0.0594524033,
        0.9968988,
        -0.0515580066
      ],
      [
        0.97400105,
        0.0466211662,
        -0.221694365
      ]
    ],
    "translation": [
      2.12386131,
      0.8945043,
      -0.7063711
    ]
  },
  {
    "timeStamp": 87726,
    "rotation": [
      [
        -0.174843147,
        -0.06833389,
        -0.98222214
      ],
      [
        0.007965217,
        0.997457862,
        -0.07081172
      ],
      [
        0.984564066,
        -0.0202045571,
        -0.173854381
      ]
    ],
    "translation": [
      2.12737751,
      0.903976262,
      -0.7066139
    ]
  },
  {
    "timeStamp": 87770,
    "rotation": [
      [
        -0.0594792552,
        -0.06632864,
        -0.9960235
      ],
      [
        0.14297764,
        0.986936033,
        -0.07426162
      ],
      [
        0.9879371,
        -0.1468261,
        -0.0492187068
      ]
    ],
    "translation": [
      2.13672638,
      0.9203054,
      -0.6909317
    ]
  },
  {
    "timeStamp": 87826,
    "rotation": [
      [
        -0.0416044258,
        -0.0560369678,
        -0.9975615
      ],
      [
        0.15133217,
        0.9865536,
        -0.0617300868
      ],
      [
        0.987607062,
        -0.153531387,
        -0.0325648
      ]
    ],
    "translation": [
      2.13950467,
      0.928487539,
      -0.688291132
    ]
  },
  {
    "timeStamp": 87871,
    "rotation": [
      [
        -0.0252043642,
        -0.05426911,
        -0.9982082
      ],
      [
        0.159581244,
        0.9855025,
        -0.0576077066
      ],
      [
        0.986863,
        -0.160747275,
        -0.01617863
      ]
    ],
    "translation": [
      2.142116,
      0.9342105,
      -0.6860067
    ]
  },
  {
    "timeStamp": 87928,
    "rotation": [
      [
        -0.008724232,
        -0.03823782,
        -0.999230564
      ],
      [
        0.161918238,
        0.9860274,
        -0.03914627
      ],
      [
        0.9867656,
        -0.162135169,
        -0.00241093244
      ]
    ],
    "translation": [
      2.143974,
      0.9381644,
      -0.684297562
    ]
  },
  {
    "timeStamp": 87973,
    "rotation": [
      [
        -0.0158366375,
        -0.04511017,
        -0.9988565
      ],
      [
        0.158181384,
        0.986288369,
        -0.0470505059
      ],
      [
        0.987283051,
        -0.158745632,
        -0.00848390348
      ]
    ],
    "translation": [
      2.14166856,
      0.9344822,
      -0.6859355
    ]
  },
  {
    "timeStamp": 88018,
    "rotation": [
      [
        -0.0233704727,
        -0.0496912226,
        -0.998491168
      ],
      [
        0.147329524,
        0.9876877,
        -0.05260194
      ],
      [
        0.9888113,
        -0.14833656,
        -0.0157617461
      ]
    ],
    "translation": [
      2.139007,
      0.926717937,
      -0.6889458
    ]
  },
  {
    "timeStamp": 88073,
    "rotation": [
      [
        -0.023419844,
        -0.05621134,
        -0.9981442
      ],
      [
        0.136186749,
        0.9889314,
        -0.05888792
      ],
      [
        0.9904063,
        -0.137313157,
        -0.01550538
      ]
    ],
    "translation": [
      2.13756132,
      0.9192611,
      -0.692022
    ]
  },
  {
    "timeStamp": 88117,
    "rotation": [
      [
        -0.02274838,
        -0.0559404939,
        -0.9981749
      ],
      [
        0.131426677,
        0.989601,
        -0.0584551953
      ],
      [
        0.991064847,
        -0.132516563,
        -0.0151597476
      ]
    ],
    "translation": [
      2.136283,
      0.9142214,
      -0.6943635
    ]
  },
  {
    "timeStamp": 88172,
    "rotation": [
      [
        -0.01858507,
        -0.059411522,
        -0.9980606
      ],
      [
        0.122708008,
        0.990551,
        -0.06124947
      ],
      [
        0.9922688,
        -0.123608351,
        -0.0111191887
      ]
    ],
    "translation": [
      2.13557363,
      0.9059005,
      -0.6956414
    ]
  },
  {
    "timeStamp": 88217,
    "rotation": [
      [
        -0.0118392929,
        -0.0576177053,
        -0.9982685
      ],
      [
        0.115918554,
        0.9915284,
        -0.0586034581
      ],
      [
        0.993188143,
        -0.116411656,
        -0.00506003434
      ]
    ],
    "translation": [
      2.13573837,
      0.899224341,
      -0.695717454
    ]
  },
  {
    "timeStamp": 88272,
    "rotation": [
      [
        -0.0008725021,
        -0.0575777553,
        -0.9983406
      ],
      [
        0.108285531,
        0.9924652,
        -0.0573335327
      ],
      [
        0.994119465,
        -0.108155869,
        0.00536891
      ]
    ],
    "translation": [
      2.13655567,
      0.8914392,
      -0.6948184
    ]
  },
  {
    "timeStamp": 88317,
    "rotation": [
      [
        0.0101196608,
        -0.05052431,
        -0.998671532
      ],
      [
        0.0997632742,
        0.9937908,
        -0.04926647
      ],
      [
        0.9949598,
        -0.09913219,
        0.0150972959
      ]
    ],
    "translation": [
      2.13791537,
      0.8866232,
      -0.693086147
    ]
  },
  {
    "timeStamp": 88373,
    "rotation": [
      [
        0.0226889718,
        -0.0452377759,
        -0.9987185
      ],
      [
        0.08482777,
        0.9954603,
        -0.0431630649
      ],
      [
        0.996137261,
        -0.08373975,
        0.02642339
      ]
    ],
    "translation": [
      2.13912845,
      0.880158961,
      -0.691199243
    ]
  },
  {
    "timeStamp": 88417,
    "rotation": [
      [
        0.0235347953,
        -0.0363690928,
        -0.9990612
      ],
      [
        0.08121123,
        0.9961049,
        -0.0343483835
      ],
      [
        0.996419,
        -0.08032662,
        0.026396703
      ]
    ],
    "translation": [
      2.13765717,
      0.87776953,
      -0.690771461
    ]
  },
  {
    "timeStamp": 88472,
    "rotation": [
      [
        0.0265094358,
        -0.027949743,
        -0.999257743
      ],
      [
        0.0699951351,
        0.9972075,
        -0.0260354877
      ],
      [
        0.997195,
        -0.069253,
        0.0283917543
      ]
    ],
    "translation": [
      2.13604355,
      0.8726575,
      -0.6906085
    ]
  },
  {
    "timeStamp": 88517,
    "rotation": [
      [
        0.029474631,
        -0.01964225,
        -0.9993725
      ],
      [
        0.06384341,
        0.997802436,
        -0.0177284479
      ],
      [
        0.9975246,
        -0.0632808059,
        0.0306638852
      ]
    ],
    "translation": [
      2.13491273,
      0.869807363,
      -0.690438032
    ]
  },
  {
    "timeStamp": 88572,
    "rotation": [
      [
        0.03253568,
        -0.0157301836,
        -0.9993468
      ],
      [
        0.0546080135,
        0.9984105,
        -0.0139375776
      ],
      [
        0.9979777,
        -0.0541188754,
        0.03334296
      ]
    ],
    "translation": [
      2.13445282,
      0.864735961,
      -0.6909374
    ]
  },
  {
    "timeStamp": 88617,
    "rotation": [
      [
        0.0335768834,
        -0.0125624444,
        -0.9993572
      ],
      [
        0.0475567468,
        0.998808444,
        -0.0109577123
      ],
      [
        0.998304069,
        -0.04715825,
        0.0341343023
      ]
    ],
    "translation": [
      2.13408875,
      0.8608592,
      -0.6916548
    ]
  },
  {
    "timeStamp": 88672,
    "rotation": [
      [
        0.03643664,
        -0.0106206145,
        -0.9992795
      ],
      [
        0.03873288,
        0.9992072,
        -0.009207533
      ],
      [
        0.998585045,
        -0.03836948,
        0.03681912
      ]
    ],
    "translation": [
      2.13457131,
      0.855218053,
      -0.6932006
    ]
  },
  {
    "timeStamp": 88717,
    "rotation": [
      [
        0.0446967259,
        -0.001991828,
        -0.9989986
      ],
      [
        0.0277895238,
        0.9996135,
        -0.000749708153
      ],
      [
        0.998614,
        -0.0277281851,
        0.0447348
      ]
    ],
    "translation": [
      2.136558,
      0.8514404,
      -0.6939278
    ]
  },
  {
    "timeStamp": 88772,
    "rotation": [
      [
        0.0466390066,
        0.00568684749,
        -0.9988956
      ],
      [
        0.0168112069,
        0.9998377,
        0.0064771357
      ],
      [
        0.998770356,
        -0.0170947276,
        0.0465358347
      ]
    ],
    "translation": [
      2.13699365,
      0.8474818,
      -0.695409358
    ]
  },
  {
    "timeStamp": 88817,
    "rotation": [
      [
        0.0579755642,
        0.0133954491,
        -0.998228133
      ],
      [
        -0.0200689547,
        0.999723554,
        0.0122499419
      ],
      [
        0.9981163,
        0.0193232,
        0.0582283661
      ]
    ],
    "translation": [
      2.13904262,
      0.8410162,
      -0.695451856
    ]
  },
  {
    "timeStamp": 88872,
    "rotation": [
      [
        0.06417391,
        0.01534334,
        -0.997820735
      ],
      [
        -0.05394063,
        0.9984734,
        0.0118842348
      ],
      [
        0.996479869,
        0.0530604273,
        0.06490357
      ]
    ],
    "translation": [
      2.140358,
      0.8342763,
      -0.6957049
    ]
  },
  {
    "timeStamp": 88917,
    "rotation": [
      [
        0.0596014149,
        0.0132260229,
        -0.9981346
      ],
      [
        -0.108355746,
        0.994089544,
        0.006702198
      ],
      [
        0.9923238,
        0.107754163,
        0.0606822632
      ]
    ],
    "translation": [
      2.139835,
      0.8253403,
      -0.696527243
    ]
  },
  {
    "timeStamp": 88972,
    "rotation": [
      [
        0.06377975,
        0.00977718551,
        -0.9979161
      ],
      [
        -0.193370029,
        0.9811221,
        -0.00274620228
      ],
      [
        0.979050636,
        0.19314222,
        0.0644663349
      ]
    ],
    "translation": [
      2.14048719,
      0.812694252,
      -0.6986631
    ]
  },
  {
    "timeStamp": 89017,
    "rotation": [
      [
        0.08021287,
        -0.02174516,
        -0.996540546
      ],
      [
        -0.309352875,
        0.9498521,
        -0.04562661
      ],
      [
        0.9475583,
        0.311942518,
        0.06946344
      ]
    ],
    "translation": [
      2.143056,
      0.7949949,
      -0.703544259
    ]
  },
  {
    "timeStamp": 89072,
    "rotation": [
      [
        0.09889447,
        -0.0571635664,
        -0.993454635
      ],
      [
        -0.414277762,
        0.9053523,
        -0.09333384
      ],
      [
        0.9047618,
        0.420796365,
        0.06585274
      ]
    ],
    "translation": [
      2.14600825,
      0.7789617,
      -0.709787667
    ]
  },
  {
    "timeStamp": 89117,
    "rotation": [
      [
        0.08976108,
        -0.09153709,
        -0.9917479
      ],
      [
        -0.5226576,
        0.84330827,
        -0.125140965
      ],
      [
        0.847804248,
        0.5295773,
        0.0278537087
      ]
    ],
    "translation": [
      2.14487576,
      0.7634127,
      -0.7195196
    ]
  },
  {
    "timeStamp": 89172,
    "rotation": [
      [
        0.08441118,
        -0.09561735,
        -0.9918327
      ],
      [
        -0.5286704,
        0.839435637,
        -0.125918716
      ],
      [
        0.8446197,
        0.5349814,
        0.0203076974
      ]
    ],
    "translation": [
      2.14413118,
      0.7626182,
      -0.7203016
    ]
  },
  {
    "timeStamp": 89217,
    "rotation": [
      [
        0.0671746954,
        -0.107958,
        -0.9918834
      ],
      [
        -0.530845344,
        0.837876439,
        -0.12714684
      ],
      [
        0.8448022,
        0.5350777,
        -0.00102490769
      ]
    ],
    "translation": [
      2.141614,
      0.762289,
      -0.7203905
    ]
  },
  {
    "timeStamp": 89272,
    "rotation": [
      [
        0.029838603,
        -0.06748545,
        -0.997274
      ],
      [
        -0.488633931,
        0.869391561,
        -0.07345167
      ],
      [
        0.8719785,
        0.4894936,
        -0.0070342524
      ]
    ],
    "translation": [
      2.13632774,
      0.768201232,
      -0.716482162
    ]
  },
  {
    "timeStamp": 89317,
    "rotation": [
      [
        -0.03769403,
        0.0443375446,
        -0.9983052
      ],
      [
        -0.2897616,
        0.955608964,
        0.05338211
      ],
      [
        0.9563563,
        0.2912827,
        -0.0231734328
      ]
    ],
    "translation": [
      2.12610626,
      0.795622945,
      -0.7031207
    ]
  },
  {
    "timeStamp": 89372,
    "rotation": [
      [
        -0.0357454345,
        0.0544602945,
        -0.9978759
      ],
      [
        -0.179674283,
        0.9818932,
        0.0600242242
      ],
      [
        0.9830765,
        0.181438237,
        -0.0253130831
      ]
    ],
    "translation": [
      2.125948,
      0.812027752,
      -0.698844254
    ]
  },
  {
    "timeStamp": 89417,
    "rotation": [
      [
        -0.0413864776,
        0.07810466,
        -0.996085763
      ],
      [
        -0.116342857,
        0.989781439,
        0.08244427
      ],
      [
        0.992346466,
        0.119299546,
        -0.031876646
      ]
    ],
    "translation": [
      2.1248014,
      0.8206265,
      -0.697103858
    ]
  },
  {
    "timeStamp": 89472,
    "rotation": [
      [
        -0.041026406,
        0.0828722045,
        -0.9957154
      ],
      [
        -0.0521419756,
        0.9950189,
        0.0849626362
      ],
      [
        0.997796655,
        0.0554042757,
        -0.0365009271
      ]
    ],
    "translation": [
      2.124737,
      0.829982162,
      -0.695927
    ]
  },
  {
    "timeStamp": 89517,
    "rotation": [
      [
        -0.0347252861,
        0.078012675,
        -0.9963474
      ],
      [
        -0.04545943,
        0.995793462,
        0.07955368
      ],
      [
        0.9983625,
        0.04805591,
        -0.0310328025
      ]
    ],
    "translation": [
      2.125665,
      0.831021369,
      -0.6959263
    ]
  },
  {
    "timeStamp": 89572,
    "rotation": [
      [
        -0.0289604962,
        0.08399504,
        -0.9960453
      ],
      [
        -0.03368464,
        0.9958153,
        0.08495504
      ],
      [
        0.9990128,
        0.0360117666,
        -0.02600996
      ]
    ],
    "translation": [
      2.12644529,
      0.8327912,
      -0.695783556
    ]
  },
  {
    "timeStamp": 89617,
    "rotation": [
      [
        -0.0272735525,
        0.08564428,
        -0.9959524
      ],
      [
        -0.0477856025,
        0.9950723,
        0.08687718
      ],
      [
        0.9984852,
        0.0499616377,
        -0.0230465923
      ]
    ],
    "translation": [
      2.12669969,
      0.8307486,
      -0.6959118
    ]
  },
  {
    "timeStamp": 89672,
    "rotation": [
      [
        -0.0236270577,
        0.08454424,
        -0.9961396
      ],
      [
        -0.06887432,
        0.993912637,
        0.0859888345
      ],
      [
        0.9973455,
        0.0706401,
        -0.017660303
      ]
    ],
    "translation": [
      2.12723613,
      0.8276598,
      -0.69618994
    ]
  },
  {
    "timeStamp": 89717,
    "rotation": [
      [
        -0.0176264867,
        0.08669731,
        -0.9960787
      ],
      [
        -0.0766282454,
        0.9931863,
        0.08780156
      ],
      [
        0.9969039,
        0.0778754,
        -0.0108629223
      ]
    ],
    "translation": [
      2.12811661,
      0.8265564,
      -0.696309447
    ]
  },
  {
    "timeStamp": 89772,
    "rotation": [
      [
        -0.018474035,
        0.08617978,
        -0.9961083
      ],
      [
        -0.0805698,
        0.992909968,
        0.08739734
      ],
      [
        0.99657774,
        0.08187083,
        -0.0113995662
      ]
    ],
    "translation": [
      2.12799263,
      0.825975358,
      -0.6963742
    ]
  },
  {
    "timeStamp": 89827,
    "rotation": [
      [
        -0.0112366136,
        0.0875668153,
        -0.9960953
      ],
      [
        -0.07725127,
        0.9931049,
        0.08817538
      ],
      [
        0.9969483,
        0.07794042,
        -0.00439448748
      ]
    ],
    "translation": [
      2.12904835,
      0.8264688,
      -0.696325064
    ]
  },
  {
    "timeStamp": 89871,
    "rotation": [
      [
        -0.00611976441,
        0.07154413,
        -0.9974187
      ],
      [
        -0.103793949,
        0.9920044,
        0.0717926
      ],
      [
        0.99458003,
        0.103965379,
        0.00135501509
      ]
    ],
    "translation": [
      2.12982559,
      0.8227876,
      -0.6968074
    ]
  },
  {
    "timeStamp": 89926,
    "rotation": [
      [
        -0.00328542059,
        0.07407313,
        -0.9972474
      ],
      [
        -0.109791234,
        0.9911973,
        0.07398545
      ],
      [
        0.9939492,
        0.109732091,
        0.00487608043
      ]
    ],
    "translation": [
      2.130236,
      0.821902,
      -0.696942
    ]
  },
  {
    "timeStamp": 89971,
    "rotation": [
      [
        0.00404480938,
        0.07767933,
        -0.996970236
      ],
      [
        -0.102195069,
        0.991790533,
        0.07686114
      ],
      [
        0.994756162,
        0.101574548,
        0.0119500486
      ]
    ],
    "translation": [
      2.131296,
      0.8229568,
      -0.6967979
    ]
  },
  {
    "timeStamp": 90027,
    "rotation": [
      [
        0.0781998038,
        0.05785418,
        -0.995257556
      ],
      [
        0.0427536666,
        0.9972017,
        0.0613264479
      ],
      [
        0.996020555,
        -0.04734663,
        0.07550749
      ]
    ],
    "translation": [
      2.13811135,
      0.834347248,
      -0.6880548
    ]
  },
  {
    "timeStamp": 90071,
    "rotation": [
      [
        0.08035075,
        0.0656654462,
        -0.9946013
      ],
      [
        0.0460335836,
        0.9965185,
        0.06951093
      ],
      [
        0.9957031,
        -0.05137032,
        0.0770482
      ]
    ],
    "translation": [
      2.138438,
      0.8366556,
      -0.6875095
    ]
  },
  {
    "timeStamp": 90126,
    "rotation": [
      [
        0.0820763856,
        0.06838588,
        -0.99427706
      ],
      [
        0.0496879,
        0.996121645,
        0.0726144239
      ],
      [
        0.99538666,
        -0.0553634651,
        0.07836011
      ]
    ],
    "translation": [
      2.13855958,
      0.83879894,
      -0.686861753
    ]
  },
  {
    "timeStamp": 90171,
    "rotation": [
      [
        0.084173426,
        0.06594871,
        -0.994266331
      ],
      [
        0.04697426,
        0.9964355,
        0.07006937
      ],
      [
        0.995343268,
        -0.0526029058,
        0.0807755
      ]
    ],
    "translation": [
      2.13877845,
      0.839006662,
      -0.6862013
    ]
  },
  {
    "timeStamp": 90227,
    "rotation": [
      [
        0.08225542,
        0.0624888539,
        -0.9946503
      ],
      [
        0.0478064939,
        0.996636033,
        0.0665671
      ],
      [
        0.995464,
        -0.05302625,
        0.0789913461
      ]
    ],
    "translation": [
      2.13927221,
      0.8385226,
      -0.6863283
    ]
  },
  {
    "timeStamp": 90272,
    "rotation": [
      [
        0.07966179,
        0.05733961,
        -0.9951714
      ],
      [
        0.0436954461,
        0.99718374,
        0.0609533042
      ],
      [
        0.995863736,
        -0.04834011,
        0.07693196
      ]
    ],
    "translation": [
      2.13991237,
      0.836274266,
      -0.68669343
    ]
  },
  {
    "timeStamp": 90328,
    "rotation": [
      [
        0.0663386,
        0.0542038828,
        -0.9963238
      ],
      [
        0.0417136773,
        0.9974998,
        0.0570452958
      ],
      [
        0.9969249,
        -0.0453446358,
        0.0639117
      ]
    ],
    "translation": [
      2.13869715,
      0.8334623,
      -0.6890617
    ]
  },
  {
    "timeStamp": 90372,
    "rotation": [
      [
        0.06208966,
        0.04866273,
        -0.9968836
      ],
      [
        0.03803159,
        0.99797,
        0.05108451
      ],
      [
        0.997345746,
        -0.0410848856,
        0.06011289
      ]
    ],
    "translation": [
      2.138615,
      0.8310364,
      -0.690533936
    ]
  },
  {
    "timeStamp": 90428,
    "rotation": [
      [
        0.059113875,
        0.049280908,
        -0.997034132
      ],
      [
        0.036559362,
        0.9980038,
        0.05149643
      ],
      [
        0.997581542,
        -0.03949508,
        0.0571941957
      ]
    ],
    "translation": [
      2.13861179,
      0.8305671,
      -0.6917131
    ]
  },
  {
    "timeStamp": 90471,
    "rotation": [
      [
        0.058033444,
        0.0457370579,
        -0.9972664
      ],
      [
        0.0363129638,
        0.9981922,
        0.0478926636
      ],
      [
        0.997653961,
        -0.03899307,
        0.0562676862
      ]
    ],
    "translation": [
      2.13849,
      0.8304499,
      -0.692672133
    ]
  },
  {
    "timeStamp": 90527,
    "rotation": [
      [
        0.0576429553,
        0.04760038,
        -0.99720186
      ],
      [
        0.0358124524,
        0.9981212,
        0.0497143939
      ],
      [
        0.997694731,
        -0.03857793,
        0.055829972
      ]
    ],
    "translation": [
      2.13873076,
      0.8310603,
      -0.693256557
    ]
  },
  {
    "timeStamp": 90572,
    "rotation": [
      [
        0.05514316,
        0.05172949,
        -0.9971375
      ],
      [
        0.0368678346,
        0.997870564,
        0.05380636
      ],
      [
        0.997797549,
        -0.039729353,
        0.05311858
      ]
    ],
    "translation": [
      2.13805938,
      0.832001448,
      -0.693342865
    ]
  },
  {
    "timeStamp": 90627,
    "rotation": [
      [
