[
  {
    "timeStamp": 0,
    "rotation": [
      [
        -0.9799318,
        0.0250073355,
        -0.197758377
      ],
      [
        0.101348259,
        0.9168021,
        -0.3862673
      ],
      [
        0.17164579,
        -0.39855808,
        -0.9009379
      ]
    ],
    "translation": [
      1.76825821,
      1.56955433,
      -1.52518249
    ]
  },
  {
    "timeStamp": 12,
    "rotation": [
      [
        -0.980164051,
        0.0258170385,
        -0.196499079
      ],
      [
        0.101627253,
        0.9166761,
        -0.386493
      ],
      [
        0.1701479,
        -0.3987962,
        -0.901116669
      ]
    ],
    "translation": [
      1.76880956,
      1.56955385,
      -1.52505541
    ]
  },
  {
    "timeStamp": 44,
    "rotation": [
      [
        -0.9868158,
        0.0571320765,
        -0.151427954
      ],
      [
        0.113972023,
        0.909602046,
        -0.399542779
      ],
      [
        0.114912465,
        -0.411533684,
        -0.904121161
      ]
    ],
    "translation": [
      1.7788651,
      1.569052,
      -1.52245283
    ]
  },
  {
    "timeStamp": 97,
    "rotation": [
      [
        -0.990670264,
        0.09565499,
        -0.09706989
      ],
      [
        0.127782032,
        0.8995822,
        -0.417640656
      ],
      [
        0.04737293,
        -0.426147968,
        -0.9034123
      ]
    ],
    "translation": [
      1.79094,
      1.56762934,
      -1.52017021
    ]
  },
  {
    "timeStamp": 141,
    "rotation": [
      [
        -0.9886372,
        0.146436766,
        -0.03395269
      ],
      [
        0.146367967,
        0.886300266,
        -0.4393727
      ],
      [
        -0.0342480354,
        -0.439349771,
        -0.897663
      ]
    ],
    "translation": [
      1.80458319,
      1.565508,
      -1.51675725
    ]
  },
  {
    "timeStamp": 196,
    "rotation": [
      [
        -0.9724286,
        0.2231081,
        0.06786291
      ],
      [
        0.1653931,
        0.86498034,
        -0.473765969
      ],
      [
        -0.164401114,
        -0.44947952,
        -0.878032148
      ]
    ],
    "translation": [
      1.825911,
      1.56214929,
      -1.51004291
    ]
  },
  {
    "timeStamp": 241,
    "rotation": [
      [
        -0.939688265,
        0.298464477,
        0.167047724
      ],
      [
        0.179070726,
        0.8454188,
        -0.503190458
      ],
      [
        -0.291409761,
        -0.4429288,
        -0.84787637
      ]
    ],
    "translation": [
      1.84578037,
      1.55881119,
      -1.50168371
    ]
  },
  {
    "timeStamp": 369,
    "rotation": [
      [
        -0.9258891,
        0.321360976,
        0.198636577
      ],
      [
        0.182116479,
        0.8403111,
        -0.5105985
      ],
      [
        -0.331002951,
        -0.436582565,
        -0.83656
      ]
    ],
    "translation": [
      1.85132062,
      1.5576055,
      -1.49737215
    ]
  },
  {
    "timeStamp": 371,
    "rotation": [
      [
        -0.9258891,
        0.321360976,
        0.198636577
      ],
      [
        0.182116479,
        0.8403111,
        -0.5105985
      ],
      [
        -0.331002951,
        -0.436582565,
        -0.83656
      ]
    ],
    "translation": [
      1.85132062,
      1.5576055,
      -1.49737215
    ]
  },
  {
    "timeStamp": 408,
    "rotation": [
      [
        -0.591814458,
        0.582302034,
        0.557386756
      ],
      [
        0.181207165,
        0.7698922,
        -0.6119068
      ],
      [
        -0.7854423,
        -0.261132836,
        -0.56115067
      ]
    ],
    "translation": [
      1.920978,
      1.54386961,
      -1.43650293
    ]
  },
  {
    "timeStamp": 463,
    "rotation": [
      [
        -0.411587059,
        0.644634068,
        0.644238353
      ],
      [
        0.1683541,
        0.7485026,
        -0.641405344
      ],
      [
        -0.8956858,
        -0.155533969,
        -0.416600764
      ]
    ],
    "translation": [
      1.93829417,
      1.53945267,
      -1.404187
    ]
  },
  {
    "timeStamp": 508,
    "rotation": [
      [
        -0.246839628,
        0.677973568,
        0.6924031
      ],
      [
        0.153068572,
        0.732821,
        -0.6629807
      ],
      [
        -0.956890941,
        -0.05766474,
        -0.2846657
      ]
    ],
    "translation": [
      1.94867063,
      1.53654051,
      -1.37527227
    ]
  },
  {
    "timeStamp": 564,
    "rotation": [
      [
        -0.03320131,
        0.695538163,
        0.717721641
      ],
      [
        0.126860648,
        0.7152419,
        -0.6872666
      ],
      [
        -0.9913648,
        0.0682324842,
        -0.111983389
      ]
    ],
    "translation": [
      1.95573783,
      1.53272724,
      -1.33729172
    ]
  },
  {
    "timeStamp": 609,
    "rotation": [
      [
        0.132926717,
        0.6979135,
        0.7037381
      ],
      [
        0.103360392,
        0.6964061,
        -0.7101656
      ],
      [
        -0.985721648,
        0.167138621,
        0.0204343628
      ]
    ],
    "translation": [
      1.95493865,
      1.52898264,
      -1.30554843
    ]
  },
  {
    "timeStamp": 664,
    "rotation": [
      [
        0.3350067,
        0.6774273,
        0.6548761
      ],
      [
        0.07318306,
        0.674230754,
        -0.734885752
      ],
      [
        -0.9393694,
        0.2941175,
        0.176295623
      ]
    ],
    "translation": [
      1.94773579,
      1.52419591,
      -1.26713514
    ]
  },
  {
    "timeStamp": 709,
    "rotation": [
      [
        0.481838584,
        0.644865632,
        0.593278944
      ],
      [
        0.05159765,
        0.65500313,
        -0.7538625
      ],
      [
        -0.8747395,
        0.393851846,
        0.2823322
      ]
    ],
    "translation": [
      1.93741035,
      1.5207237,
      -1.23886609
    ]
  },
  {
    "timeStamp": 765,
    "rotation": [
      [
        0.632488549,
        0.5866376,
        0.5057811
      ],
      [
        0.0246617179,
        0.6374003,
        -0.770138
      ],
      [
        -0.774176955,
        0.499576926,
        0.388680965
      ]
    ],
    "translation": [
      1.92146337,
      1.5173955,
      -1.20743608
    ]
  },
  {
    "timeStamp": 810,
    "rotation": [
      [
        0.725013554,
        0.5347611,
        0.434034467
      ],
      [
        0.00941214,
        0.622439444,
        -0.78261137
      ],
      [
        -0.6886702,
        0.571489036,
        0.4462438
      ]
    ],
    "translation": [
      1.90772271,
      1.51481938,
      -1.18531728
    ]
  },
  {
    "timeStamp": 867,
    "rotation": [
      [
        0.795338154,
        0.481768817,
        0.3678805
      ],
      [
        -0.00189344026,
        0.608868837,
        -0.7932687
      ],
      [
        -0.6061631,
        0.6302203,
        0.4851688
      ]
    ],
    "translation": [
      1.895499,
      1.5128572,
      -1.1659472
    ]
  },
  {
    "timeStamp": 912,
    "rotation": [
      [
        0.8610294,
        0.4136583,
        0.295829684
      ],
      [
        -0.0077199107,
        0.5922707,
        -0.8057021
      ],
      [
        -0.5084966,
        0.6914494,
        0.5131559
      ]
    ],
    "translation": [
      1.881757,
      1.510262,
      -1.14445543
    ]
  },
  {
    "timeStamp": 958,
    "rotation": [
      [
        0.895250261,
        0.364815623,
        0.255805671
      ],
      [
        -0.004596822,
        0.581648767,
        -0.813427031
      ],
      [
        -0.445539951,
        0.7270449,
        0.522398233
      ]
    ],
    "translation": [
      1.8731,
      1.50850987,
      -1.12967944
    ]
  },
  {
    "timeStamp": 1013,
    "rotation": [
      [
        0.923070431,
        0.324207366,
        0.206955284
      ],
      [
        -0.0154542988,
        0.568889737,
        -0.8222686
      ],
      [
        -0.3843203,
        0.7558135,
        0.5301357
      ]
    ],
    "translation": [
      1.86260235,
      1.50688791,
      -1.11213875
    ]
  },
  {
    "timeStamp": 1057,
    "rotation": [
      [
        0.940944254,
        0.286606729,
        0.180223376
      ],
      [
        -0.012872532,
        0.5622218,
        -0.826886237
      ],
      [
        -0.3383167,
        0.775733948,
        0.532708764
      ]
    ],
    "translation": [
      1.85532939,
      1.5057323,
      -1.09910941
    ]
  },
  {
    "timeStamp": 1113,
    "rotation": [
      [
        0.9580914,
        0.243902415,
        0.15024133
      ],
      [
        -0.01030248,
        0.5534695,
        -0.8328057
      ],
      [
        -0.286277324,
        0.7963561,
        0.532787144
      ]
    ],
    "translation": [
      1.84631586,
      1.50510764,
      -1.08419776
    ]
  },
  {
    "timeStamp": 1167,
    "rotation": [
      [
        0.970507562,
        0.202225015,
        0.131225616
      ],
      [
        -0.00400042674,
        0.5577797,
        -0.8299794
      ],
      [
        -0.241037577,
        0.804976344,
        0.542138338
      ]
    ],
    "translation": [
      1.84079444,
      1.50629783,
      -1.07151926
    ]
  },
  {
    "timeStamp": 1211,
    "rotation": [
      [
        0.9818267,
        0.1576637,
        0.105633423
      ],
      [
        -0.0032783756,
        0.570618749,
        -0.8212086
      ],
      [
        -0.1897512,
        0.805938244,
        0.5607656
      ]
    ],
    "translation": [
      1.83348012,
      1.50952125,
      -1.05430937
    ]
  },
  {
    "timeStamp": 1267,
    "rotation": [
      [
        0.988176465,
        0.127688065,
        0.0848702
      ],
      [
        -0.005127349,
        0.5807596,
        -0.814058959
      ],
      [
        -0.1532348,
        0.803998768,
        0.5745477
      ]
    ],
    "translation": [
      1.82668638,
      1.511936,
      -1.04088521
    ]
  },
  {
    "timeStamp": 1312,
    "rotation": [
      [
        0.9953475,
        0.07736454,
        0.05742779
      ],
      [
        0.000162262455,
        0.5946894,
        -0.8039555
      ],
      [
        -0.09634935,
        0.8002244,
        0.5919101
      ]
    ],
    "translation": [
      1.81887269,
      1.51480246,
      -1.02294481
    ]
  },
  {
    "timeStamp": 1367,
    "rotation": [
      [
        0.9985177,
        0.0392215028,
        0.0377368927
      ],
      [
        0.00665780669,
        0.600113034,
        -0.799887538
      ],
      [
        -0.05401919,
        0.7989531,
        0.5989623
      ]
    ],
    "translation": [
      1.81156671,
      1.51556277,
      -1.0090121
    ]
  },
  {
    "timeStamp": 1411,
    "rotation": [
      [
        0.9999716,
        -0.004933712,
        0.005688696
      ],
      [
        0.00751395756,
        0.6042942,
        -0.7967258
      ],
      [
        0.000493169355,
        0.796745956,
        0.604314148
      ]
    ],
    "translation": [
      1.80242884,
      1.51511455,
      -0.9906852
    ]
  },
  {
    "timeStamp": 1467,
    "rotation": [
      [
        0.9992756,
        -0.03112512,
        -0.0218962263
      ],
      [
        0.00125217892,
        0.60195756,
        -0.7985271
      ],
      [
        0.03803485,
        0.7979213,
        0.6015605
      ]
    ],
    "translation": [
      1.79480636,
      1.51254535,
      -0.97628057
    ]
  },
  {
    "timeStamp": 1512,
    "rotation": [
      [
        0.9962524,
        -0.0655598938,
        -0.05641878
      ],
      [
        -0.006563177,
        0.593106747,
        -0.8050971
      ],
      [
        0.08624444,
        0.80245024,
        0.590453744
      ]
    ],
    "translation": [
      1.78589773,
      1.50912488,
      -0.9589077
    ]
  },
  {
    "timeStamp": 1557,
    "rotation": [
      [
        0.9920863,
        -0.0923039839,
        -0.0851165652
      ],
      [
        -0.015540407,
        0.5824231,
        -0.8127372
      ],
      [
        0.124592744,
        0.8076282,
        0.576379538
      ]
    ],
    "translation": [
      1.778981,
      1.50644481,
      -0.946618557
    ]
  },
  {
    "timeStamp": 1613,
    "rotation": [
      [
        0.9847256,
        -0.1265632,
        -0.119571261
      ],
      [
        -0.0256994218,
        0.5735682,
        -0.818754554
      ],
      [
        0.172206476,
        0.809321463,
        0.56155473
      ]
    ],
    "translation": [
      1.77026856,
      1.50336242,
      -0.93186295
    ]
  },
  {
    "timeStamp": 1657,
    "rotation": [
      [
        0.9765387,
        -0.156504065,
        -0.147914514
      ],
      [
        -0.0337087139,
        0.567317665,
        -0.822808862
      ],
      [
        0.212687448,
        0.8084907,
        0.548732042
      ]
    ],
    "translation": [
      1.76331735,
      1.50094008,
      -0.9220897
    ]
  },
  {
    "timeStamp": 1712,
    "rotation": [
      [
        0.9602702,
        -0.201335862,
        -0.193248466
      ],
      [
        -0.04907322,
        0.559856057,
        -0.827135444
      ],
      [
        0.274723351,
        0.8037569,
        0.5277329
      ]
    ],
    "translation": [
      1.7542696,
      1.49951172,
      -0.9126899
    ]
  },
  {
    "timeStamp": 1757,
    "rotation": [
      [
        0.945714,
        -0.23522605,
        -0.224262461
      ],
      [
        -0.0569569729,
        0.559402168,
        -0.8269372
      ],
      [
        0.319970071,
        0.7948194,
        0.5156367
      ]
    ],
    "translation": [
      1.74815893,
      1.4987061,
      -0.9081919
    ]
  },
  {
    "timeStamp": 1812,
    "rotation": [
      [
        0.925445,
        -0.28002125,
        -0.2552246
      ],
      [
        -0.05725966,
        0.5625214,
        -0.8247976
      ],
      [
        0.374530137,
        0.7779189,
        0.504548669
      ]
    ],
    "translation": [
      1.74365878,
      1.49889719,
      -0.904259562
    ]
  },
  {
    "timeStamp": 1857,
    "rotation": [
      [
        0.9093384,
        -0.310903817,
        -0.2764821
      ],
      [
        -0.057979133,
        0.5633522,
        -0.82418
      ],
      [
        0.411997527,
        0.765488744,
        0.494251937
      ]
    ],
    "translation": [
      1.74184752,
      1.50026548,
      -0.9030343
    ]
  },
  {
    "timeStamp": 1912,
    "rotation": [
      [
        0.8881359,
        -0.346041,
        -0.3024405
      ],
      [
        -0.05703228,
        0.5700062,
        -0.8196586
      ],
      [
        0.456028432,
        0.7452171,
        0.4865075
      ]
    ],
    "translation": [
      1.74081182,
      1.5026567,
      -0.902792454
    ]
  },
  {
    "timeStamp": 1957,
    "rotation": [
      [
        0.8664333,
        -0.378359079,
        -0.3257879
      ],
      [
        -0.0568171255,
        0.573545158,
        -0.8172012
      ],
      [
        0.496049553,
        0.7265607,
        0.475441366
      ]
    ],
    "translation": [
      1.74122882,
      1.504238,
      -0.9044503
    ]
  },
  {
    "timeStamp": 2012,
    "rotation": [
      [
        0.841400445,
        -0.409422427,
        -0.3527302
      ],
      [
        -0.0574751869,
        0.5812079,
        -0.8117229
      ],
      [
        0.537347138,
        0.7032572,
        0.465496927
      ]
    ],
    "translation": [
      1.74472821,
      1.50567412,
      -0.9066684
    ]
  },
  {
    "timeStamp": 2057,
    "rotation": [
      [
        0.8273331,
        -0.429144144,
        -0.3624296
      ],
      [
        -0.0546387024,
        0.5806806,
        -0.8122959
      ],
      [
        0.5590479,
        0.69184196,
        0.4569684
      ]
    ],
    "translation": [
      1.75024009,
      1.50599957,
      -0.9101982
    ]
  },
  {
    "timeStamp": 2112,
    "rotation": [
      [
        0.8059835,
        -0.458174,
        -0.374789536
      ],
      [
        -0.0457696579,
        0.583024,
        -0.8111647
      ],
      [
        0.590165854,
        0.6709393,
        0.4489373
      ]
    ],
    "translation": [
      1.7600553,
      1.50642061,
      -0.9147351
    ]
  },
  {
    "timeStamp": 2157,
    "rotation": [
      [
        0.7901814,
        -0.4781343,
        -0.383406818
      ],
      [
        -0.0383417271,
        0.5857977,
        -0.8095498
      ],
      [
        0.6116724,
        0.6543917,
        0.444553971
      ]
    ],
    "translation": [
      1.76962447,
      1.50682807,
      -0.919137836
    ]
  },
  {
    "timeStamp": 2212,
    "rotation": [
      [
        0.7688818,
        -0.502636254,
        -0.39519304
      ],
      [
        -0.03765858,
        0.5814048,
        -0.8127424
      ],
      [
        0.638281,
        0.63978523,
        0.428103
      ]
    ],
    "translation": [
      1.78358257,
      1.50724506,
      -0.926907539
    ]
  },
  {
    "timeStamp": 2257,
    "rotation": [
      [
        0.7472906,
        -0.524669766,
        -0.407772481
      ],
      [
        -0.0413762368,
        0.5757247,
        -0.816596031
      ],
      [
        0.663207948,
        0.6271066,
        0.408524781
      ]
    ],
    "translation": [
      1.795234,
      1.50809646,
      -0.9338603
    ]
  },
  {
    "timeStamp": 2312,
    "rotation": [
      [
        0.7202707,
        -0.5479956,
        -0.4253362
      ],
      [
        -0.043240238,
        0.576488,
        -0.815960646
      ],
      [
        0.6923441,
        0.6061042,
        0.391531974
      ]
    ],
    "translation": [
      1.80958569,
      1.50993252,
      -0.940861
    ]
  },
  {
    "timeStamp": 2357,
    "rotation": [
      [
        0.70300734,
        -0.559110343,
        -0.439518154
      ],
      [
        -0.044966314,
        0.581828952,
        -0.812067151
      ],
      [
        0.7097596,
        0.5906527,
        0.38388893
      ]
    ],
    "translation": [
      1.8213985,
      1.51081681,
      -0.9454049
    ]
  },
  {
    "timeStamp": 2412,
    "rotation": [
      [
        0.6916624,
        -0.567209244,
        -0.447075933
      ],
      [
        -0.046892833,
        0.582453132,
        -0.811510563
      ],
      [
        0.720697045,
        0.58225596,
        0.376262873
      ]
    ],
    "translation": [
      1.83690882,
      1.51051521,
      -0.949913
    ]
  },
  {
    "timeStamp": 2457,
    "rotation": [
      [
        0.687813163,
        -0.5720922,
        -0.446792543
      ],
      [
        -0.047819756,
        0.578463554,
        -0.8143053
      ],
      [
        0.724310935,
        0.5814554,
        0.370517552
      ]
    ],
    "translation": [
      1.84939134,
      1.5092088,
      -0.952842236
    ]
  },
  {
    "timeStamp": 2512,
    "rotation": [
      [
        0.6846835,
        -0.5774449,
        -0.444708854
      ],
      [
        -0.0482118167,
        0.572939932,
        -0.8181782
      ],
      [
        0.7272442,
        0.5816333,
        0.364442855
      ]
    ],
    "translation": [
      1.86475945,
      1.5064013,
      -0.955200553
    ]
  },
  {
    "timeStamp": 2557,
    "rotation": [
      [
        0.6834803,
        -0.577998638,
        -0.44583866
      ],
      [
        -0.05538411,
        0.567942441,
        -0.821202755
      ],
      [
        0.7278648,
        0.5859683,
        0.356165558
      ]
    ],
    "translation": [
      1.87597322,
      1.50316072,
      -0.956863761
    ]
  },
  {
    "timeStamp": 2612,
    "rotation": [
      [
        0.6836694,
        -0.58295697,
        -0.439041346
      ],
      [
        -0.0610948019,
        0.5537681,
        -0.8304266
      ],
      [
        0.7272301,
        0.5945604,
        0.342978656
      ]
    ],
    "translation": [
      1.88919663,
      1.49890041,
      -0.958551168
    ]
  },
  {
    "timeStamp": 2657,
    "rotation": [
      [
        0.6894051,
        -0.5844206,
        -0.427987218
      ],
      [
        -0.06502057,
        0.5385252,
        -0.840096951
      ],
      [
        0.721451938,
        0.6069951,
        0.333262652
      ]
    ],
    "translation": [
      1.89951622,
      1.49594676,
      -0.9598532
    ]
  },
  {
    "timeStamp": 2712,
    "rotation": [
      [
        0.7007136,
        -0.5811506,
        -0.4138412
      ],
      [
        -0.0657305941,
        0.525008142,
        -0.8485552
      ],
      [
        0.71040833,
        0.6217962,
        0.329680949
      ]
    ],
    "translation": [
      1.91058922,
      1.49341071,
      -0.9611211
    ]
  },
  {
    "timeStamp": 2767,
    "rotation": [
      [
        0.71070075,
        -0.576820254,
        -0.402719438
      ],
      [
        -0.0619948432,
        0.5188761,
        -0.852598548
      ],
      [
        0.700757563,
        0.630908966,
        0.333005726
      ]
    ],
    "translation": [
      1.9178648,
      1.49227679,
      -0.961822867
    ]
  },
  {
    "timeStamp": 2812,
    "rotation": [
      [
        0.723753452,
        -0.568786,
        -0.39072156
      ],
      [
        -0.0601080321,
        0.5120992,
        -0.8568205
      ],
      [
        0.687435746,
        0.6436123,
        0.336444974
      ]
    ],
    "translation": [
      1.92479622,
      1.49133575,
      -0.9629401
    ]
  },
  {
    "timeStamp": 2857,
    "rotation": [
      [
        0.7335148,
        -0.563751936,
        -0.379657567
      ],
      [
        -0.0574967824,
        0.505117536,
        -0.8611332
      ],
      [
        0.677237153,
        0.653483033,
        0.338097274
      ]
    ],
    "translation": [
      1.92853284,
      1.49054635,
      -0.96465826
    ]
  },
  {
    "timeStamp": 2912,
    "rotation": [
      [
        0.74364084,
        -0.556391,
        -0.3707119
      ],
      [
        -0.0559997037,
        0.5006936,
        -0.863811255
      ],
      [
        0.6662299,
        0.6631251,
        0.3411785
      ]
    ],
    "translation": [
      1.93036866,
      1.49036634,
      -0.9670658
    ]
  },
  {
    "timeStamp": 2962,
    "rotation": [
      [
        0.7516136,
        -0.5495151,
        -0.364842445
      ],
      [
        -0.05422366,
        0.4997766,
        -0.8644554
      ],
      [
        0.657371044,
        0.669519544,
        0.345842183
      ]
    ],
    "translation": [
      1.93002665,
      1.490499,
      -0.96934557
    ]
  },
  {
    "timeStamp": 3007,
    "rotation": [
      [
        0.760098,
        -0.539567351,
        -0.362102449
      ],
      [
        -0.0536422022,
        0.5032413,
        -0.8624794
      ],
      [
        0.6475906,
        0.6749928,
        0.35356912
      ]
    ],
    "translation": [
      1.92754722,
      1.49105573,
      -0.9708786
    ]
  },
  {
    "timeStamp": 3062,
    "rotation": [
      [
        0.771573663,
        -0.525661469,
        -0.358265519
      ],
      [
        -0.0543520674,
        0.5066526,
        -0.8604354
      ],
      [
        0.633813858,
        0.6833618,
        0.362348974
      ]
    ],
    "translation": [
      1.92241883,
      1.49194431,
      -0.972430468
    ]
  },
  {
    "timeStamp": 3107,
    "rotation": [
      [
        0.785243034,
        -0.510642767,
        -0.350196034
      ],
      [
        -0.0532723926,
        0.507760346,
        -0.8598497
      ],
      [
        0.6168917,
        0.693846762,
        0.371512145
      ]
    ],
    "translation": [
      1.91727686,
      1.49256647,
      -0.9735457
    ]
  },
  {
    "timeStamp": 3162,
    "rotation": [
      [
        0.7984649,
        -0.4968516,
        -0.339988828
      ],
      [
        -0.0493008,
        0.508868456,
        -0.8594314
      ],
      [
        0.600019455,
        0.7029875,
        0.3818184
      ]
    ],
    "translation": [
      1.90993762,
      1.49307108,
      -0.974355936
    ]
  },
  {
    "timeStamp": 3207,
    "rotation": [
      [
        0.802205741,
        -0.49355346,
        -0.335962743
      ],
      [
        -0.0504058264,
        0.50471133,
        -0.8618154
      ],
      [
        0.594916165,
        0.7082878,
        0.380004376
      ]
    ],
    "translation": [
      1.90263391,
      1.49267745,
      -0.9755446
    ]
  },
  {
    "timeStamp": 3262,
    "rotation": [
      [
        0.7998076,
        -0.4951469,
        -0.3393189
      ],
      [
        -0.0569839031,
        0.500104666,
        -0.864088058
      ],
      [
        0.5975455,
        0.7104399,
        0.3717721
      ]
    ],
    "translation": [
      1.89248955,
      1.49204993,
      -0.976792336
    ]
  },
  {
    "timeStamp": 3307,
    "rotation": [
      [
        0.7978738,
        -0.494180828,
        -0.345228642
      ],
      [
        -0.06445034,
        0.499472648,
        -0.863929
      ],
      [
        0.599369347,
        0.7115564,
        0.366666019
      ]
    ],
    "translation": [
      1.88379776,
      1.49163282,
      -0.977519155
    ]
  },
  {
    "timeStamp": 3357,
    "rotation": [
      [
        0.800413966,
        -0.490779459,
        -0.344199181
      ],
      [
        -0.0655031651,
        0.499147624,
        -0.864037633
      ],
      [
        0.5958581,
        0.7141339,
        0.3673771
      ]
    ],
    "translation": [
      1.87615371,
      1.491383,
      -0.977816343
    ]
  },
  {
    "timeStamp": 3407,
    "rotation": [
      [
        0.808131158,
        -0.483872473,
        -0.3358444
      ],
      [
        -0.06182749,
        0.497353345,
        -0.86534214
      ],
      [
        0.585748553,
        0.720074356,
        0.3720101
      ]
    ],
    "translation": [
      1.86829329,
      1.49099874,
      -0.977453351
    ]
  },
  {
    "timeStamp": 3462,
    "rotation": [
      [
        0.824803,
        -0.470453143,
        -0.313646078
      ],
      [
        -0.0497264341,
        0.492209166,
        -0.8690555
      ],
      [
        0.5632293,
        0.7323961,
        0.382581651
      ]
    ],
    "translation": [
      1.86253989,
      1.49039412,
      -0.9772526
    ]
  },
  {
    "timeStamp": 3507,
    "rotation": [
      [
        0.837792635,
        -0.4586557,
        -0.2962067
      ],
      [
        -0.0405686,
        0.48872155,
        -0.8714961
      ],
      [
        0.544479251,
        0.7421497,
        0.390840322
      ]
    ],
    "translation": [
      1.85873032,
      1.490159,
      -0.9765229
    ]
  },
  {
    "timeStamp": 3562,
    "rotation": [
      [
        0.8579271,
        -0.437733024,
        -0.268981129
      ],
      [
        -0.02645696,
        0.4852069,
        -0.873999
      ],
      [
        0.5130898,
        0.7569438,
        0.4046911
      ]
    ],
    "translation": [
      1.85574126,
      1.49031472,
      -0.974361062
    ]
  },
  {
    "timeStamp": 3606,
    "rotation": [
      [
        0.868765354,
        -0.4259533,
        -0.252607465
      ],
      [
        -0.0157520119,
        0.486061,
        -0.873782933
      ],
      [
        0.494973332,
        0.763091445,
        0.415563345
      ]
    ],
    "translation": [
      1.85346735,
      1.49024892,
      -0.972955346
    ]
  },
  {
    "timeStamp": 3662,
    "rotation": [
      [
        0.8809907,
        -0.410511732,
        -0.2352351
      ],
      [
        -0.005819687,
        0.487745523,
        -0.872966468
      ],
      [
        0.473097831,
        0.7704443,
        0.4273102
      ]
    ],
    "translation": [
      1.85034847,
      1.49035478,
      -0.9717877
    ]
  },
  {
    "timeStamp": 3717,
    "rotation": [
      [
        0.885786355,
        -0.401882529,
        -0.232105583
      ],
      [
        -0.004871626,
        0.4920477,
        -0.8705546
      ],
      [
        0.4640677,
        0.772256136,
        0.4338913
      ]
    ],
    "translation": [
      1.84757018,
      1.49025464,
      -0.9712659
    ]
  },
  {
    "timeStamp": 3762,
    "rotation": [
      [
        0.89004004,
        -0.3949349,
        -0.227717191
      ],
      [
        -0.000815815351,
        0.498128057,
        -0.8671031
      ],
      [
        0.4558816,
        0.771942258,
        0.443031758
      ]
    ],
    "translation": [
      1.8445034,
      1.49062181,
      -0.9708928
    ]
  },
  {
    "timeStamp": 3807,
    "rotation": [
      [
        0.893481731,
        -0.38618663,
        -0.229238778
      ],
      [
        -0.00333563681,
        0.5047201,
        -0.8632766
      ],
      [
        0.4490873,
        0.7720865,
        0.44967
      ]
    ],
    "translation": [
      1.84260309,
      1.49125075,
      -0.9707707
    ]
  },
  {
    "timeStamp": 3864,
    "rotation": [
      [
        0.901529133,
        -0.3733588,
        -0.218742847
      ],
      [
        0.00240017427,
        0.509815335,
        -0.8602805
      ],
      [
        0.43271172,
        0.7750429,
        0.4605095
      ]
    ],
    "translation": [
      1.84189343,
      1.4920963,
      -0.9701618
    ]
  },
  {
    "timeStamp": 3910,
    "rotation": [
      [
        0.9067366,
        -0.368734658,
        -0.204605818
      ],
      [
        0.0150084766,
        0.5131065,
        -0.8581937
      ],
      [
        0.421430349,
        0.7750848,
        0.4707866
      ]
    ],
    "translation": [
      1.84263241,
      1.49248338,
      -0.96967876
    ]
  },
  {
    "timeStamp": 3967,
    "rotation": [
      [
        0.912164569,
        -0.363236427,
        -0.189776391
      ],
      [
        0.0281145424,
        0.517439365,
        -0.855257869
      ],
      [
        0.408858627,
        0.7748004,
        0.482202083
      ]
    ],
    "translation": [
      1.843797,
      1.49284327,
      -0.968928337
    ]
  },
  {
    "timeStamp": 4011,
    "rotation": [
      [
        0.917263269,
        -0.357022047,
        -0.176531255
      ],
      [
        0.0402020738,
        0.5239649,
        -0.85079056
      ],
      [
        0.396247178,
        0.773302,
        0.494966775
      ]
    ],
    "translation": [
      1.84528923,
      1.493727,
      -0.9681121
    ]
  },
  {
    "timeStamp": 4067,
    "rotation": [
      [
        0.9216766,
        -0.349561185,
        -0.168283135
      ],
      [
        0.044542063,
        0.5262423,
        -0.8491672
      ],
      [
        0.38539362,
        0.775161862,
        0.50059545
      ]
    ],
    "translation": [
      1.84659934,
      1.49437428,
      -0.968210459
    ]
  },
  {
    "timeStamp": 4111,
    "rotation": [
      [
        0.9241942,
        -0.3431068,
        -0.167758062
      ],
      [
        0.04263306,
        0.5291811,
        -0.847437143
      ],
      [
        0.379535854,
        0.7760445,
        0.5036938
      ]
    ],
    "translation": [
      1.847698,
      1.49511516,
      -0.9686029
    ]
  },
  {
    "timeStamp": 4167,
    "rotation": [
      [
        0.923636436,
        -0.344921678,
        -0.167107359
      ],
      [
        0.0443301275,
        0.5292197,
        -0.84732604
      ],
      [
        0.3806976,
        0.7752133,
        0.504097
      ]
    ],
    "translation": [
      1.84910941,
      1.49562621,
      -0.96902287
    ]
  },
  {
    "timeStamp": 4211,
    "rotation": [
      [
        0.924368858,
        -0.3441859,
        -0.1645546
      ],
      [
        0.0459267981,
        0.528594851,
        -0.847631
      ],
      [
        0.37872532,
        0.7759662,
        0.504424
      ]
    ],
    "translation": [
      1.85072422,
      1.49595547,
      -0.9693998
    ]
  },
  {
    "timeStamp": 4267,
    "rotation": [
      [
        0.924657,
        -0.343609154,
        -0.16414088
      ],
      [
        0.0458862521,
        0.5284385,
        -0.847730637
      ],
      [
        0.378026366,
        0.776328266,
        0.504391253
      ]
    ],
    "translation": [
      1.85161591,
      1.49617732,
      -0.9696777
    ]
  },
  {
    "timeStamp": 4311,
    "rotation": [
      [
        0.9244235,
        -0.342561781,
        -0.167608455
      ],
      [
        0.0437978841,
        0.5319475,
        -0.845643938
      ],
      [
        0.378844172,
        0.774392247,
        0.506748259
      ]
    ],
    "translation": [
      1.85218644,
      1.4970814,
      -0.9699217
    ]
  },
  {
    "timeStamp": 4367,
    "rotation": [
      [
        0.9227062,
        -0.3463349,
        -0.169308737
      ],
      [
        0.0465339236,
        0.536039233,
        -0.8429096
      ],
      [
        0.382685125,
        0.7698793,
        0.510723
      ]
    ],
    "translation": [
      1.85297632,
      1.4979651,
      -0.9699335
    ]
  },
  {
    "timeStamp": 4411,
    "rotation": [
      [
        0.9231731,
        -0.34580937,
        -0.1678311
      ],
      [
        0.04928582,
        0.539509356,
        -0.8405359
      ],
      [
        0.3812116,
        0.767688453,
        0.515104055
      ]
    ],
    "translation": [
      1.854459,
      1.49899578,
      -0.9698795
    ]
  },
  {
    "timeStamp": 4467,
    "rotation": [
      [
        0.9280375,
        -0.33568567,
        -0.161435843
      ],
      [
        0.04902206,
        0.5397002,
        -0.84042877
      ],
      [
        0.36924687,
        0.772035539,
        0.51731807
      ]
    ],
    "translation": [
      1.855823,
      1.49943459,
      -0.969794154
    ]
  },
  {
    "timeStamp": 4511,
    "rotation": [
      [
        0.9344975,
        -0.319300115,
        -0.157359153
      ],
      [
        0.0432565473,
        0.5406415,
        -0.8401403
      ],
      [
        0.353331774,
        0.778302133,
        0.5190399
      ]
    ],
    "translation": [
      1.857444,
      1.49982476,
      -0.96961
    ]
  },
  {
    "timeStamp": 4567,
    "rotation": [
      [
        0.935649157,
        -0.315429866,
        -0.15831849
      ],
      [
        0.0403828137,
        0.5413173,
        -0.8398481
      ],
      [
        0.3506137,
        0.7794098,
        0.519220948
      ]
    ],
    "translation": [
      1.85895872,
      1.500346,
      -0.9693477
    ]
  },
  {
    "timeStamp": 4611,
    "rotation": [
      [
        0.9328082,
        -0.322501838,
        -0.160814866
      ],
      [
        0.0439209379,
        0.5446586,
        -0.837507
      ],
      [
        0.357686758,
        0.7741703,
        0.5222266
      ]
    ],
    "translation": [
      1.8610177,
      1.50136054,
      -0.9685488
    ]
  },
  {
    "timeStamp": 4667,
    "rotation": [
      [
        0.9298297,
        -0.332388967,
        -0.157906011
      ],
      [
        0.05137184,
        0.542149365,
        -0.8387103
      ],
      [
        0.364386678,
        0.771745861,
        0.52118206
      ]
    ],
    "translation": [
      1.86363387,
      1.50212574,
      -0.9680251
    ]
  },
  {
    "timeStamp": 4711,
    "rotation": [
      [
        0.9386797,
        -0.3132539,
        -0.144056976
      ],
      [
        0.054092966,
        0.546432734,
        -0.8357543
      ],
      [
        0.34052074,
        0.7767131,
        0.529870152
      ]
    ],
    "translation": [
      1.86658835,
      1.50307274,
      -0.9663497
    ]
  },
  {
    "timeStamp": 4767,
    "rotation": [
      [
        0.941549659,
        -0.309400916,
        -0.1332489
      ],
      [
        0.06270692,
        0.5496019,
        -0.83307
      ],
      [
        0.33098644,
        0.7760211,
        0.5368791
      ]
    ],
    "translation": [
      1.86903548,
      1.503929,
      -0.9647993
    ]
  },
  {
    "timeStamp": 4811,
    "rotation": [
      [
        0.9447777,
        -0.302649081,
        -0.125692189
      ],
      [
        0.06563991,
        0.5505369,
        -0.8322263
      ],
      [
        0.3210707,
        0.7780184,
        0.540000856
      ]
    ],
    "translation": [
      1.87180638,
      1.50459123,
      -0.9636767
    ]
  },
  {
    "timeStamp": 4867,
    "rotation": [
      [
        0.946965635,
        -0.297992468,
        -0.120235726
      ],
      [
        0.06807442,
        0.551723361,
        -0.831244349
      ],
      [
        0.3140414,
        0.778974831,
        0.542748749
      ]
    ],
    "translation": [
      1.8735534,
      1.50530028,
      -0.9624996
    ]
  },
  {
    "timeStamp": 4911,
    "rotation": [
      [
        0.949026465,
        -0.293054432,
        -0.116051078
      ],
      [
        0.06964593,
        0.5540525,
        -0.8295633
      ],
      [
        0.3074056,
        0.7791951,
        0.546220541
      ]
    ],
    "translation": [
      1.87571871,
      1.50565815,
      -0.9609543
    ]
  },
  {
    "timeStamp": 4966,
    "rotation": [
      [
        0.947922468,
        -0.294381768,
        -0.121582769
      ],
      [
        0.06575082,
        0.5543799,
        -0.829662442
      ],
      [
        0.311640561,
        0.7784615,
        0.544865
      ]
    ],
    "translation": [
      1.8762058,
      1.50599861,
      -0.959967136
    ]
  },
  {
    "timeStamp": 5011,
    "rotation": [
      [
        0.9491796,
        -0.288207173,
        -0.126470283
      ],
      [
        0.05827259,
        0.5558101,
        -0.8292644
      ],
      [
        0.309293419,
        0.779751062,
        0.5443582
      ]
    ],
    "translation": [
      1.87628925,
      1.50615966,
      -0.9587904
    ]
  },
  {
    "timeStamp": 5067,
    "rotation": [
      [
        0.9472102,
        -0.294344366,
        -0.127098888
      ],
      [
        0.060873162,
        0.554320633,
        -0.830074131
      ],
      [
        0.3147812,
        0.7785178,
        0.5429759
      ]
    ],
    "translation": [
      1.8765955,
      1.5057621,
      -0.9577819
    ]
  },
  {
    "timeStamp": 5111,
    "rotation": [
      [
        0.946226358,
        -0.300074548,
        -0.1208755
      ],
      [
        0.0680565462,
        0.549923956,
        -0.832437336
      ],
      [
        0.316265583,
        0.7794478,
        0.5407746
      ]
    ],
    "translation": [
      1.87754536,
      1.5049175,
      -0.95633173
    ]
  },
  {
    "timeStamp": 5166,
    "rotation": [
      [
        0.9483769,
        -0.298716217,
        -0.106535628
      ],
      [
        0.0776894242,
        0.5445045,
        -0.8351522
      ],
      [
        0.30748263,
        0.783762336,
        0.5396026
      ]
    ],
    "translation": [
      1.87865353,
      1.50384915,
      -0.9550276
    ]
  },
  {
    "timeStamp": 5211,
    "rotation": [
      [
        0.9481581,
        -0.302594244,
        -0.09712321
      ],
      [
        0.0862212,
        0.5390842,
        -0.837827
      ],
      [
        0.3058792,
        0.786018431,
        0.537227154
      ]
    ],
    "translation": [
      1.87954617,
      1.5030179,
      -0.9542037
    ]
  },
  {
    "timeStamp": 5266,
    "rotation": [
      [
        0.9460497,
        -0.310100228,
        -0.09395651
      ],
      [
        0.0919624344,
        0.5350138,
        -0.8398233
      ],
      [
        0.310697436,
        0.785874069,
        0.5346672
      ]
    ],
    "translation": [
      1.88010216,
      1.50235176,
      -0.953701138
    ]
  },
  {
    "timeStamp": 5310,
    "rotation": [
      [
        0.9464688,
        -0.309022,
        -0.09328614
      ],
      [
        0.0919721052,
        0.5351806,
        -0.839715958
      ],
      [
        0.309415638,
        0.7861852,
        0.5349531
      ]
    ],
    "translation": [
      1.8800118,
      1.50207162,
      -0.9532292
    ]
  },
  {
    "timeStamp": 5366,
    "rotation": [
      [
        0.9485994,
        -0.30472973,
        -0.08543425
      ],
      [
        0.09624025,
        0.534923434,
        -0.8394014
      ],
      [
