[
  {
    "timeStamp": 34533,
    "rotation": [
      [
        0.999901056,
        0.00287544774,
        0.0137696825
      ],
      [
        -0.01378582,
        0.00567011628,
        0.9998889
      ],
      [
        0.00279705436,
        -0.9999798,
        0.005709196
      ]
    ],
    "translation": [
      1.770186,
      0.702009737,
      -0.360104769
    ]
  },
  {
    "timeStamp": 34578,
    "rotation": [
      [
        0.992913961,
        -0.06324194,
        0.100610122
      ],
      [
        -0.100811139,
        1.245146E-05,
        0.9949056
      ],
      [
        -0.06292102,
        -0.997998238,
        -0.00636312924
      ]
    ],
    "translation": [
      1.76783824,
      0.7090063,
      -0.356572449
    ]
  },
  {
    "timeStamp": 34624,
    "rotation": [
      [
        0.9878583,
        -0.09044727,
        0.126314119
      ],
      [
        -0.131007031,
        -0.0479561165,
        0.990220845
      ],
      [
        -0.08350522,
        -0.99474597,
        -0.0592230745
      ]
    ],
    "translation": [
      1.76924443,
      0.7293614,
      -0.3535188
    ]
  },
  {
    "timeStamp": 34678,
    "rotation": [
      [
        0.982982934,
        -0.07612032,
        0.167183369
      ],
      [
        -0.174287885,
        -0.0989265,
        0.979712844
      ],
      [
        -0.0580371767,
        -0.992179036,
        -0.11050991
      ]
    ],
    "translation": [
      1.76847541,
      0.7591656,
      -0.3638519
    ]
  },
  {
    "timeStamp": 34733,
    "rotation": [
      [
        0.974748731,
        -0.0610913746,
        0.214785352
      ],
      [
        -0.2222281,
        -0.171057314,
        0.9598719
      ],
      [
        -0.0218992736,
        -0.9833653,
        -0.180314124
      ]
    ],
    "translation": [
      1.77046251,
      0.799322,
      -0.3824887
    ]
  },
  {
    "timeStamp": 34777,
    "rotation": [
      [
        0.967251241,
        -0.06915412,
        0.244218528
      ],
      [
        -0.2536688,
        -0.230084777,
        0.939528167
      ],
      [
        -0.00878130551,
        -0.9707104,
        -0.240092039
      ]
    ],
    "translation": [
      1.7824415,
      0.8361019,
      -0.403099149
    ]
  },
  {
    "timeStamp": 34833,
    "rotation": [
      [
        0.9565866,
        -0.09211962,
        0.27650696
      ],
      [
        -0.291434854,
        -0.31146574,
        0.9044638
      ],
      [
        0.00280358945,
        -0.9457817,
        -0.324790835
      ]
    ],
    "translation": [
      1.807746,
      0.886738062,
      -0.430542
    ]
  },
  {
    "timeStamp": 34877,
    "rotation": [
      [
        0.9509306,
        -0.131690592,
        0.2799795
      ],
      [
        -0.309031934,
        -0.359880984,
        0.8803323
      ],
      [
        -0.0151721854,
        -0.923657537,
        -0.382918477
      ]
    ],
    "translation": [
      1.83970559,
      0.9222919,
      -0.4557612
    ]
  },
  {
    "timeStamp": 34933,
    "rotation": [
      [
        0.9470641,
        -0.197644681,
        0.252994359
      ],
      [
        -0.315144241,
        -0.4219395,
        0.8500889
      ],
      [
        -0.06126721,
        -0.884818435,
        -0.4618903
      ]
    ],
    "translation": [
      1.891543,
      0.9666681,
      -0.483404368
    ]
  },
  {
    "timeStamp": 34978,
    "rotation": [
      [
        0.9354437,
        -0.27165398,
        0.226161957
      ],
      [
        -0.333166152,
        -0.463848144,
        0.8208807
      ],
      [
        -0.118090682,
        -0.8432372,
        -0.5244097
      ]
    ],
    "translation": [
      1.93897164,
      1.00134683,
      -0.508219242
    ]
  },
  {
    "timeStamp": 35033,
    "rotation": [
      [
        0.9262793,
        -0.355711967,
        0.124401048
      ],
      [
        -0.307730734,
        -0.523468,
        0.7945332
      ],
      [
        -0.217505,
        -0.7742417,
        -0.5943411
      ]
    ],
    "translation": [
      2.01335335,
      1.03660238,
      -0.5365909
    ]
  },
  {
    "timeStamp": 35077,
    "rotation": [
      [
        0.90411675,
        -0.426054776,
        0.0324088819
      ],
      [
        -0.284105629,
        -0.54276973,
        0.790370166
      ],
      [
        -0.319150418,
        -0.72379446,
        -0.6117717
      ]
    ],
    "translation": [
      2.07209349,
      1.05015492,
      -0.5603495
    ]
  },
  {
    "timeStamp": 35133,
    "rotation": [
      [
        0.8706833,
        -0.48220408,
        -0.0969010144
      ],
      [
        -0.212650582,
        -0.546714842,
        0.8098658
      ],
      [
        -0.4434978,
        -0.684530556,
        -0.5785565
      ]
    ],
    "translation": [
      2.14703822,
      1.04634023,
      -0.588292241
    ]
  },
  {
    "timeStamp": 35177,
    "rotation": [
      [
        0.8548319,
        -0.497805476,
        -0.1464656
      ],
      [
        -0.144076988,
        -0.49885872,
        0.8546238
      ],
      [
        -0.498502046,
        -0.709457338,
        -0.498162627
      ]
    ],
    "translation": [
      2.18848228,
      1.025735,
      -0.607442141
    ]
  },
  {
    "timeStamp": 35233,
    "rotation": [
      [
        0.824589252,
        -0.547625,
        -0.141983837
      ],
      [
        -0.119803429,
        -0.414313674,
        0.902214646
      ],
      [
        -0.552901149,
        -0.726946354,
        -0.407245934
      ]
    ],
    "translation": [
      2.22662234,
      0.993505,
      -0.630914032
    ]
  },
  {
    "timeStamp": 35276,
    "rotation": [
      [
        0.8469278,
        -0.5161629,
        -0.12762922
      ],
      [
        -0.0558393337,
        -0.325052,
        0.94404614
      ],
      [
        -0.5287677,
        -0.7924122,
        -0.304117769
      ]
    ],
    "translation": [
      2.23657036,
      0.962458253,
      -0.64480865
    ]
  },
  {
    "timeStamp": 35328,
    "rotation": [
      [
        0.8665007,
        -0.493043721,
        -0.07800311
      ],
      [
        -0.0574797839,
        -0.2537756,
        0.965553761
      ],
      [
        -0.4958555,
        -0.8321694,
        -0.24823676
      ]
    ],
    "translation": [
      2.2355752,
      0.9331093,
      -0.654675841
    ]
  },
  {
    "timeStamp": 35383,
    "rotation": [
      [
        0.88499707,
        -0.464622438,
        -0.0301024821
      ],
      [
        -0.06785022,
        -0.192661941,
        0.9789166
      ],
      [
        -0.4606262,
        -0.86429584,
        -0.202029988
      ]
    ],
    "translation": [
      2.22974181,
      0.9034195,
      -0.6594933
    ]
  },
  {
    "timeStamp": 35428,
    "rotation": [
      [
        0.8946468,
        -0.4385231,
        -0.08546625
      ],
      [
        5.7051795E-05,
        -0.191184238,
        0.981554151
      ],
      [
        -0.446773976,
        -0.878149152,
        -0.171017364
      ]
    ],
    "translation": [
      2.23768,
      0.8792649,
      -0.6586217
    ]
  },
  {
    "timeStamp": 35483,
    "rotation": [
      [
        0.894670665,
        -0.4452895,
        -0.03580029
      ],
      [
        -0.03140895,
        -0.1426421,
        0.9892759
      ],
      [
        -0.445620775,
        -0.883951664,
        -0.141603783
      ]
    ],
    "translation": [
      2.23595476,
      0.8494646,
      -0.6557546
    ]
  },
  {
    "timeStamp": 35527,
    "rotation": [
      [
        0.9009152,
        -0.4298946,
        -0.0595184565
      ],
      [
        0.005041141,
        -0.126765728,
        0.9919199
      ],
      [
        -0.4339659,
        -0.89393574,
        -0.112038009
      ]
    ],
    "translation": [
      2.24018049,
      0.8256967,
      -0.6534406
    ]
  },
  {
    "timeStamp": 35583,
    "rotation": [
      [
        0.9031824,
        -0.4264192,
        -0.04927841
      ],
      [
        0.008725196,
        -0.09653861,
        0.995291
      ],
      [
        -0.429168463,
        -0.8993592,
        -0.08347137
      ]
    ],
    "translation": [
      2.24071884,
      0.7997156,
      -0.650465369
    ]
  },
  {
    "timeStamp": 35628,
    "rotation": [
      [
        0.91344136,
        -0.404850036,
        -0.0414888375
      ],
      [
        0.0130840251,
        -0.07267892,
        0.9972696
      ],
      [
        -0.406759977,
        -0.911490142,
        -0.0610908642
      ]
    ],
    "translation": [
      2.23735571,
      0.7832736,
      -0.6478355
    ]
  },
  {
    "timeStamp": 35684,
    "rotation": [
      [
        0.920559943,
        -0.389324754,
        -0.0315543
      ],
      [
        0.012942804,
        -0.0503359437,
        0.998648465
      ],
      [
        -0.390386879,
        -0.9197242,
        -0.0412983
      ]
    ],
    "translation": [
      2.23333955,
      0.765325665,
      -0.6452121
    ]
  },
  {
    "timeStamp": 35729,
    "rotation": [
      [
        0.9242087,
        -0.3798444,
        -0.039451424
      ],
      [
        0.0241134185,
        -0.04505541,
        0.9986934
      ],
      [
        -0.381125629,
        -0.92395246,
        -0.0324812569
      ]
    ],
    "translation": [
      2.23383164,
      0.7540362,
      -0.6425278
    ]
  },
  {
    "timeStamp": 35775,
    "rotation": [
      [
        0.9269074,
        -0.372893333,
        -0.04234702
      ],
      [
        0.0289543364,
        -0.0414458364,
        0.9987211
      ],
      [
        -0.374171555,
        -0.92694813,
        -0.0276195742
      ]
    ],
    "translation": [
      2.233608,
      0.7458571,
      -0.6396816
    ]
  },
  {
    "timeStamp": 35831,
    "rotation": [
      [
        0.924456537,
        -0.3772143,
        -0.0555833131
      ],
      [
        0.036666967,
        -0.05715056,
        0.997692
      ],
      [
        -0.379520357,
        -0.924360931,
        -0.0390019
      ]
    ],
    "translation": [
      2.237555,
      0.741326,
      -0.6337666
    ]
  },
  {
    "timeStamp": 35877,
    "rotation": [
      [
        0.9204306,
        -0.384981275,
        -0.06780027
      ],
      [
        0.0413961038,
        -0.0764743462,
        0.9962118
      ],
      [
        -0.3887079,
        -0.9197506,
        -0.0544526055
      ]
    ],
    "translation": [
      2.24178553,
      0.7417918,
      -0.628856
    ]
  },
  {
    "timeStamp": 35933,
    "rotation": [
      [
        0.9142859,
        -0.398640275,
        -0.07188393
      ],
      [
        0.03540953,
        -0.09812678,
        0.9945438
      ],
      [
        -0.403518915,
        -0.9118427,
        -0.07560027
      ]
    ],
    "translation": [
      2.24733377,
      0.7454425,
      -0.622645438
    ]
  },
  {
    "timeStamp": 35977,
    "rotation": [
      [
        0.9088403,
        -0.4092636,
        -0.0807011351
      ],
      [
        0.0386565253,
        -0.109997869,
        0.9931798
      ],
      [
        -0.415349334,
        -0.9057614,
        -0.0841497853
      ]
    ],
    "translation": [
      2.252171,
      0.7480665,
      -0.620445132
    ]
  }
]