[
  {
    "timeStamp": 37176,
    "rotation": [
      [
        0.9999996,
        -0.000757167349,
        0.0004076324
      ],
      [
        -0.0004156312,
        -0.0105941379,
        0.9999438
      ],
      [
        -0.0007528062,
        -0.999943554,
        -0.010594449
      ]
    ],
    "translation": [
      1.61597419,
      0.704449534,
      -0.7500444
    ]
  },
  {
    "timeStamp": 37232,
    "rotation": [
      [
        0.999726,
        -0.00470933272,
        0.0229296368
      ],
      [
        -0.0229807273,
        -0.0110974787,
        0.9996743
      ],
      [
        -0.00445334334,
        -0.999927342,
        -0.0112026613
      ]
    ],
    "translation": [
      1.61307478,
      0.712121367,
      -0.7518131
    ]
  },
  {
    "timeStamp": 37278,
    "rotation": [
      [
        0.99695456,
        -0.0112271421,
        0.07717216
      ],
      [
        -0.07722677,
        -0.004514598,
        0.9970033
      ],
      [
        -0.0108450949,
        -0.9999268,
        -0.00536788441
      ]
    ],
    "translation": [
      1.6077534,
      0.7326359,
      -0.755094349
    ]
  },
  {
    "timeStamp": 37332,
    "rotation": [
      [
        0.98886,
        -0.0262596551,
        0.1465142
      ],
      [
        -0.146666542,
        -0.003962,
        0.989178061
      ],
      [
        -0.0253949855,
        -0.9996473,
        -0.00776927639
      ]
    ],
    "translation": [
      1.60523975,
      0.764436364,
      -0.7577615
    ]
  },
  {
    "timeStamp": 37376,
    "rotation": [
      [
        0.9745913,
        -0.0468531325,
        0.219035551
      ],
      [
        -0.218867242,
        0.008755802,
        0.975715339
      ],
      [
        -0.0476331525,
        -0.9988634,
        -0.00172128691
      ]
    ],
    "translation": [
      1.60560846,
      0.796323359,
      -0.75773555
    ]
  },
  {
    "timeStamp": 37432,
    "rotation": [
      [
        0.951698542,
        -0.09173717,
        0.293008655
      ],
      [
        -0.292792767,
        0.01610693,
        0.956040263
      ],
      [
        -0.0924239,
        -0.9956529,
        -0.01153104
      ]
    ],
    "translation": [
      1.61340892,
      0.8355302,
      -0.7513136
    ]
  },
  {
    "timeStamp": 37476,
    "rotation": [
      [
        0.928181,
        -0.1337243,
        0.347271919
      ],
      [
        -0.3494095,
        0.007901231,
        0.9369368
      ],
      [
        -0.1280351,
        -0.990987062,
        -0.03939077
      ]
    ],
    "translation": [
      1.62489927,
      0.865926743,
      -0.7419187
    ]
  },
  {
    "timeStamp": 37532,
    "rotation": [
      [
        0.880854666,
        -0.236801639,
        0.409902364
      ],
      [
        -0.4208085,
        0.00492435554,
        0.907136142
      ],
      [
        -0.216829836,
        -0.971545458,
        -0.0953105
      ]
    ],
    "translation": [
      1.64713192,
      0.9039269,
      -0.719180346
    ]
  },
  {
    "timeStamp": 37576,
    "rotation": [
      [
        0.8375003,
        -0.3206001,
        0.442502975
      ],
      [
        -0.472635269,
        -0.0185888521,
        0.881062031
      ],
      [
        -0.274242938,
        -0.9470322,
        -0.167095065
      ]
    ],
    "translation": [
      1.67152762,
      0.9330011,
      -0.6985494
    ]
  },
  {
    "timeStamp": 37632,
    "rotation": [
      [
        0.773222446,
        -0.4183502,
        0.476560682
      ],
      [
        -0.5469121,
        -0.0595778748,
        0.835067451
      ],
      [
        -0.320958167,
        -0.9063297,
        -0.274867743
      ]
    ],
    "translation": [
      1.708884,
      0.9721025,
      -0.675661
    ]
  },
  {
    "timeStamp": 37676,
    "rotation": [
      [
        0.7194153,
        -0.501976848,
        0.480063438
      ],
      [
        -0.6060633,
        -0.116032474,
        0.7869077
      ],
      [
        -0.339306474,
        -0.8570623,
        -0.3877053
      ]
    ],
    "translation": [
      1.74569762,
      1.00397956,
      -0.6590163
    ]
  },
  {
    "timeStamp": 37732,
    "rotation": [
      [
        0.686416149,
        -0.6103126,
        0.395412982
      ],
      [
        -0.6430586,
        -0.25551492,
        0.721933365
      ],
      [
        -0.3395711,
        -0.7498204,
        -0.5678563
      ]
    ],
    "translation": [
      1.8021903,
      1.03255141,
      -0.6385713
    ]
  },
  {
    "timeStamp": 37776,
    "rotation": [
      [
        0.6749755,
        -0.648699641,
        0.351563483
      ],
      [
        -0.658129,
        -0.313904375,
        0.6843466
      ],
      [
        -0.33357808,
        -0.6932913,
        -0.6388058
      ]
    ],
    "translation": [
      1.84440172,
      1.047156,
      -0.6346311
    ]
  },
  {
    "timeStamp": 37832,
    "rotation": [
      [
        0.6704528,
        -0.702674866,
        0.238204136
      ],
      [
        -0.6458064,
        -0.394619882,
        0.653612435
      ],
      [
        -0.3652769,
        -0.59205,
        -0.718365848
      ]
    ],
    "translation": [
      1.90525627,
      1.0562048,
      -0.630181551
    ]
  },
  {
    "timeStamp": 37875,
    "rotation": [
      [
        0.6391358,
        -0.7534727,
        0.154222
      ],
      [
        -0.6444273,
        -0.415207863,
        0.6421183
      ],
      [
        -0.4197844,
        -0.509785652,
        -0.7509325
      ]
    ],
    "translation": [
      1.95679772,
      1.06027365,
      -0.6300573
    ]
  },
  {
    "timeStamp": 37931,
    "rotation": [
      [
        0.5857503,
        -0.808536768,
        0.0562568568
      ],
      [
        -0.6315085,
        -0.41178894,
        0.6569831
      ],
      [
        -0.508029044,
        -0.420354724,
        -0.7518034
      ]
    ],
    "translation": [
      2.02100539,
      1.05831516,
      -0.634688556
    ]
  },
  {
    "timeStamp": 37975,
    "rotation": [
      [
        0.5302033,
        -0.8477675,
        -0.0132253226
      ],
      [
        -0.59632,
        -0.383942932,
        0.7049754
      ],
      [
        -0.602733,
        -0.365893751,
        -0.7091084
      ]
    ],
    "translation": [
      2.07034636,
      1.04584515,
      -0.641449332
    ]
  },
  {
    "timeStamp": 38031,
    "rotation": [
      [
        0.468454033,
        -0.8826753,
        -0.03788337
      ],
      [
        -0.5861702,
        -0.342603,
        0.73418504
      ],
      [
        -0.661025941,
        -0.321725845,
        -0.6778917
      ]
    ],
    "translation": [
      2.122766,
      1.03641975,
      -0.653877
    ]
  },
  {
    "timeStamp": 38082,
    "rotation": [
      [
        0.4178873,
        -0.9084145,
        -0.0123785893
      ],
      [
        -0.5422815,
        -0.260344952,
        0.7988437
      ],
      [
        -0.7289039,
        -0.327113956,
        -0.6014113
      ]
    ],
    "translation": [
      2.161625,
      1.018958,
      -0.6672712
    ]
  },
  {
    "timeStamp": 38126,
    "rotation": [
      [
        0.4527315,
        -0.890565157,
        0.0439078361
      ],
      [
        -0.422961175,
        -0.171146333,
        0.889838636
      ],
      [
        -0.7849446,
        -0.421429276,
        -0.4541578
      ]
    ],
    "translation": [
      2.17022943,
      0.980601847,
      -0.685950935
    ]
  },
  {
    "timeStamp": 38182,
    "rotation": [
      [
        0.621229649,
        -0.7834973,
        0.0143472692
      ],
      [
        -0.219384879,
        -0.156313837,
        0.9630349
      ],
      [
        -0.7522926,
        -0.6014134,
        -0.268994242
      ]
    ],
    "translation": [
      2.16846371,
      0.919836,
      -0.723327041
    ]
  },
  {
    "timeStamp": 38227,
    "rotation": [
      [
        0.6803099,
        -0.7329204,
        -0.00245403
      ],
      [
        -0.147500247,
        -0.1401906,
        0.9790762
      ],
      [
        -0.717929,
        -0.665713251,
        -0.203479
      ]
    ],
    "translation": [
      2.16734958,
      0.8878061,
      -0.735575736
    ]
  },
  {
    "timeStamp": 38282,
    "rotation": [
      [
        0.7671698,
        -0.6403317,
        -0.03776238
      ],
      [
        -0.0563565455,
        -0.125928968,
        0.9904372
      ],
      [
        -0.6389637,
        -0.757705331,
        -0.132695764
      ]
    ],
    "translation": [
      2.16928649,
      0.845854163,
      -0.748555362
    ]
  },
  {
    "timeStamp": 38326,
    "rotation": [
      [
        0.8033955,
        -0.5941088,
        -0.0398804732
      ],
      [
        -0.031629242,
        -0.109460682,
        0.9934878
      ],
      [
        -0.594605148,
        -0.7969022,
        -0.10673143
      ]
    ],
    "translation": [
      2.17216778,
      0.822148442,
      -0.747808337
    ]
  },
  {
    "timeStamp": 38382,
    "rotation": [
      [
        0.8513047,
        -0.5188477,
        -0.07795785
      ],
      [
        0.0163409635,
        -0.122292317,
        0.9923596
      ],
      [
        -0.5244171,
        -0.8460743,
        -0.09562955
      ]
    ],
    "translation": [
      2.1803124,
      0.79693687,
      -0.7422227
    ]
  },
  {
    "timeStamp": 38427,
    "rotation": [
      [
        0.878012955,
        -0.4728199,
        -0.07439442
      ],
      [
        0.01660741,
        -0.125241756,
        0.9919872
      ],
      [
        -0.4783486,
        -0.8722132,
        -0.102111571
      ]
    ],
    "translation": [
      2.18493772,
      0.786594,
      -0.7340433
    ]
  },
  {
    "timeStamp": 38484,
    "rotation": [
      [
        0.906098247,
        -0.413153052,
        -0.0910524949
      ],
      [
        0.0365601443,
        -0.13794753,
        0.9897645
      ],
      [
        -0.4214847,
        -0.900152743,
        -0.109889075
      ]
    ],
    "translation": [
      2.19056654,
      0.7733226,
      -0.724387169
    ]
  },
  {
    "timeStamp": 38529,
    "rotation": [
      [
        0.93149215,
        -0.352520823,
        -0.08972986
      ],
      [
        0.0417634472,
        -0.141401231,
        0.989071
      ],
      [
        -0.36135608,
        -0.9250593,
        -0.116991647
      ]
    ],
    "translation": [
      2.19380951,
      0.7642904,
      -0.720368564
    ]
  },
  {
    "timeStamp": 38575,
    "rotation": [
      [
        0.948392034,
        -0.313305229,
        -0.0489119627
      ],
      [
        0.014236589,
        -0.112022512,
        0.9936037
      ],
      [
        -0.316780448,
        -0.943022132,
        -0.101780862
      ]
    ],
    "translation": [
      2.19068146,
      0.758821,
      -0.7190318
    ]
  },
  {
    "timeStamp": 38631,
    "rotation": [
      [
        0.9680042,
        -0.246541753,
        -0.04674355
      ],
      [
        0.0195929054,
        -0.111450844,
        0.993576765
      ],
      [
        -0.2501678,
        -0.962702334,
        -0.103054419
      ]
    ],
    "translation": [
      2.19389868,
      0.745956,
      -0.7176186
    ]
  },
  {
    "timeStamp": 38676,
    "rotation": [
      [
        0.9793943,
        -0.197801754,
        -0.04075899
      ],
      [
        0.016886523,
        -0.120906681,
        0.9925202
      ],
      [
        -0.2012503,
        -0.9727569,
        -0.115075134
      ]
    ],
    "translation": [
      2.19588947,
      0.743703663,
      -0.71285516
    ]
  },
  {
    "timeStamp": 38731,
    "rotation": [
      [
        0.9838806,
        -0.177117541,
        -0.02466665
      ],
      [
        0.00280877226,
        -0.122613125,
        0.9924506
      ],
      [
        -0.17880486,
        -0.976522148,
        -0.120139182
      ]
    ],
    "translation": [
      2.19481659,
      0.7412448,
      -0.7076
    ]
  },
  {
    "timeStamp": 38776,
    "rotation": [
      [
        0.9875449,
        -0.1543543,
        -0.030492546
      ],
      [
        0.009840357,
        -0.132831141,
        0.9910898
      ],
      [
        -0.157029346,
        -0.979045749,
        -0.1296578
      ]
    ],
    "translation": [
      2.195264,
      0.73948586,
      -0.70336014
    ]
  },
  {
    "timeStamp": 38831,
    "rotation": [
      [
        0.9883914,
        -0.150909051,
        -0.0175760351
      ],
      [
        -0.00191950926,
        -0.128080249,
        0.9917619
      ],
      [
        -0.151917011,
        -0.9802152,
        -0.12688309
      ]
    ],
    "translation": [
      2.19342446,
      0.739480436,
      -0.698665142
    ]
  },
  {
    "timeStamp": 38876,
    "rotation": [
      [
        0.9919012,
        -0.12572442,
        -0.01803906
      ],
      [
        0.00150662765,
        -0.130369738,
        0.9914643
      ],
      [
        -0.127003029,
        -0.983461857,
        -0.129124478
      ]
    ],
    "translation": [
      2.19160318,
      0.736537635,
      -0.69945395
    ]
  }
]