[
  {
    "timeStamp": 65052,
    "rotation": [
      [
        -0.1831898,
        -0.217752263,
        0.958658159
      ],
      [
        0.3643938,
        0.8906554,
        0.271937847
      ],
      [
        -0.9130491,
        0.399145335,
        -0.0838114
      ]
    ],
    "translation": [
      1.30765915,
      0.69920975,
      -0.526779234
    ]
  },
  {
    "timeStamp": 65099,
    "rotation": [
      [
        -0.212316126,
        -0.203819916,
        0.955708861
      ],
      [
        0.368953675,
        0.8888988,
        0.271536767
      ],
      [
        -0.904873,
        0.410263926,
        -0.113527432
      ]
    ],
    "translation": [
      1.3078692,
      0.700402,
      -0.526440263
    ]
  },
  {
    "timeStamp": 65152,
    "rotation": [
      [
        -0.201108143,
        -0.145598382,
        0.96868813
      ],
      [
        0.320842236,
        0.9245537,
        0.205574423
      ],
      [
        -0.9255354,
        0.352138728,
        -0.139221162
      ]
    ],
    "translation": [
      1.30859113,
      0.7044682,
      -0.5201236
    ]
  },
  {
    "timeStamp": 65197,
    "rotation": [
      [
        -0.203415364,
        -0.106527984,
        0.97328
      ],
      [
        0.287720352,
        0.9436688,
        0.163420469
      ],
      [
        -0.9358628,
        0.3132747,
        -0.161306456
      ]
    ],
    "translation": [
      1.31052732,
      0.7220158,
      -0.5115144
    ]
  },
  {
    "timeStamp": 65252,
    "rotation": [
      [
        -0.192477718,
        -0.104985625,
        0.975669146
      ],
      [
        0.225287646,
        0.96297586,
        0.148064
      ],
      [
        -0.9550904,
        0.248305231,
        -0.161699444
      ]
    ],
    "translation": [
      1.31947434,
      0.743962348,
      -0.5055904
    ]
  },
  {
    "timeStamp": 65297,
    "rotation": [
      [
        -0.214287966,
        -0.0565718859,
        0.975131
      ],
      [
        0.2152221,
        0.971051037,
        0.1036309
      ],
      [
        -0.952764452,
        0.232076585,
        -0.195909038
      ]
    ],
    "translation": [
      1.32979858,
      0.7607706,
      -0.5018332
    ]
  },
  {
    "timeStamp": 65353,
    "rotation": [
      [
        -0.232201949,
        -0.005529127,
        0.9726519
      ],
      [
        0.1862945,
        0.9812182,
        0.05005205
      ],
      [
        -0.9546605,
        0.192821875,
        -0.226810738
      ]
    ],
    "translation": [
      1.34696972,
      0.7877953,
      -0.496554017
    ]
  },
  {
    "timeStamp": 65397,
    "rotation": [
      [
        -0.2565241,
        0.0376627147,
        0.9658038
      ],
      [
        0.163329482,
        0.9865594,
        0.00490932073
      ],
      [
        -0.952637851,
        0.159003586,
        -0.259227663
      ]
    ],
    "translation": [
      1.3667382,
      0.8116479,
      -0.494225323
    ]
  },
  {
    "timeStamp": 65452,
    "rotation": [
      [
        -0.290568,
        0.07506659,
        0.9539052
      ],
      [
        0.1350031,
        0.990161657,
        -0.0367966071
      ],
      [
        -0.9472826,
        0.11808826,
        -0.297843516
      ]
    ],
    "translation": [
      1.39868724,
      0.8383925,
      -0.495344669
    ]
  },
  {
    "timeStamp": 65497,
    "rotation": [
      [
        -0.307625681,
        0.09032476,
        0.94721055
      ],
      [
        0.13108024,
        0.9900156,
        -0.0518356524
      ],
      [
        -0.9424353,
        0.108214609,
        -0.316394031
      ]
    ],
    "translation": [
      1.427339,
      0.85257566,
      -0.5035552
    ]
  },
  {
    "timeStamp": 65552,
    "rotation": [
      [
        -0.317293763,
        0.0851509944,
        0.944496632
      ],
      [
        0.128885373,
        0.990591645,
        -0.0460089855
      ],
      [
        -0.9395282,
        0.107133441,
        -0.325283229
      ]
    ],
    "translation": [
      1.46539629,
      0.862747252,
      -0.521592736
    ]
  },
  {
    "timeStamp": 65597,
    "rotation": [
      [
        -0.315768182,
        0.0821049958,
        0.945277333
      ],
      [
        0.146120071,
        0.988572657,
        -0.0370543972
      ],
      [
        -0.9375177,
        0.126423389,
        -0.32415697
      ]
    ],
    "translation": [
      1.496474,
      0.864998937,
      -0.541978657
    ]
  },
  {
    "timeStamp": 65652,
    "rotation": [
      [
        -0.334664673,
        0.07889501,
        0.939028859
      ],
      [
        0.165774927,
        0.985877633,
        -0.0237498656
      ],
      [
        -0.9276413,
        0.1477192,
        -0.34301722
      ]
    ],
    "translation": [
      1.53934574,
      0.864388,
      -0.5710936
    ]
  },
  {
    "timeStamp": 65697,
    "rotation": [
      [
        -0.347664833,
        0.0803089,
        0.9341733
      ],
      [
        0.176389754,
        0.984137833,
        -0.0189584866
      ],
      [
        -0.9208778,
        0.158187389,
        -0.356315762
      ]
    ],
    "translation": [
      1.57455909,
      0.8639326,
      -0.5961865
    ]
  },
  {
    "timeStamp": 65752,
    "rotation": [
      [
        -0.3881268,
        0.0759031847,
        0.918475
      ],
      [
        0.195070937,
        0.9807882,
        0.00137979141
      ],
      [
        -0.9007247,
        0.17970331,
        -0.395476639
      ]
    ],
    "translation": [
      1.62202179,
      0.8600724,
      -0.6291586
    ]
  },
  {
    "timeStamp": 65796,
    "rotation": [
      [
        -0.4349457,
        0.07682344,
        0.8971736
      ],
      [
        0.201402724,
        0.979411662,
        0.013773785
      ],
      [
        -0.8776441,
        0.186684057,
        -0.441463321
      ]
    ],
    "translation": [
      1.66255713,
      0.8591276,
      -0.653190434
    ]
  },
  {
    "timeStamp": 65852,
    "rotation": [
      [
        -0.499672234,
        0.08930364,
        0.861598849
      ],
      [
        0.1980442,
        0.9801033,
        0.0132664759
      ],
      [
        -0.843271136,
        0.177263528,
        -0.5074165
      ]
    ],
    "translation": [
      1.71492636,
      0.8635383,
      -0.6787992
    ]
  },
  {
    "timeStamp": 65896,
    "rotation": [
      [
        -0.565849841,
        0.0903525949,
        0.819542766
      ],
      [
        0.182054013,
        0.9831361,
        0.0173100568
      ],
      [
        -0.804158151,
        0.158995956,
        -0.572756469
      ]
    ],
    "translation": [
      1.76174569,
      0.869769752,
      -0.6953548
    ]
  },
  {
    "timeStamp": 65952,
    "rotation": [
      [
        -0.654546559,
        0.109519646,
        0.748046935
      ],
      [
        0.162821651,
        0.9866535,
        -0.00198329613
      ],
      [
        -0.738280356,
        0.120500073,
        -0.6636428
      ]
    ],
    "translation": [
      1.82185125,
      0.8815663,
      -0.7127871
    ]
  },
  {
    "timeStamp": 65996,
    "rotation": [
      [
        -0.721096,
        0.0889735743,
        0.6870985
      ],
      [
        0.11665462,
        0.993153334,
        -0.00617847964
      ],
      [
        -0.6829439,
        0.0756979361,
        -0.726538062
      ]
    ],
    "translation": [
      1.87369192,
      0.8936439,
      -0.7232325
    ]
  },
  {
    "timeStamp": 66052,
    "rotation": [
      [
        -0.8032967,
        0.06896919,
        0.5915722
      ],
      [
        0.07133041,
        0.9972639,
        -0.0194075946
      ],
      [
        -0.5912922,
        0.0266070385,
        -0.8060184
      ]
    ],
    "translation": [
      1.94176221,
      0.9073705,
      -0.7351086
    ]
  },
  {
    "timeStamp": 66096,
    "rotation": [
      [
        -0.8597325,
        0.05371008,
        0.5079126
      ],
      [
        0.0427832,
        0.9985335,
        -0.0331734344
      ],
      [
        -0.5089495,
        -0.006790155,
        -0.86076957
      ]
    ],
    "translation": [
      1.99631107,
      0.915848851,
      -0.7434105
    ]
  },
  {
    "timeStamp": 66152,
    "rotation": [
      [
        -0.909198463,
        0.0195777658,
        0.415902436
      ],
      [
        0.008273304,
        0.9995462,
        -0.0289654583
      ],
      [
        -0.416280746,
        -0.0228944626,
        -0.9089478
      ]
    ],
    "translation": [
      2.06117225,
      0.9192921,
      -0.753396749
    ]
  },
  {
    "timeStamp": 66200,
    "rotation": [
      [
        -0.9243975,
        0.00357388263,
        0.381413758
      ],
      [
        0.00730023859,
        0.9999387,
        0.008323398
      ],
      [
        -0.38136062,
        0.01047854,
        -0.924366951
      ]
    ],
    "translation": [
      2.10231543,
      0.9087245,
      -0.7580096
    ]
  },
  {
    "timeStamp": 66247,
    "rotation": [
      [
        -0.935509145,
        -0.004116954,
        0.353278428
      ],
      [
        0.0176309776,
        0.9981422,
        0.05832014
      ],
      [
        -0.3528622,
        0.0607876666,
        -0.9336986
      ]
    ],
    "translation": [
      2.14452457,
      0.888758838,
      -0.760699332
    ]
  },
  {
    "timeStamp": 66302,
    "rotation": [
      [
        -0.9362422,
        0.00266996422,
        0.351344973
      ],
      [
        0.0443972722,
        0.9928548,
        0.110762134
      ],
      [
        -0.3485388,
        0.11929895,
        -0.929671168
      ]
    ],
    "translation": [
      2.17239666,
      0.864608049,
      -0.759792268
    ]
  },
  {
    "timeStamp": 66347,
    "rotation": [
      [
        -0.933619559,
        -0.00096178276,
        0.358264774
      ],
      [
        0.0503021069,
        0.989738762,
        0.1337417
      ],
      [
        -0.3547172,
        0.142885342,
        -0.9239911
      ]
    ],
    "translation": [
      2.18802214,
      0.849970341,
      -0.755388558
    ]
  },
  {
    "timeStamp": 66403,
    "rotation": [
      [
        -0.935127258,
        0.0200235955,
        0.353745639
      ],
      [
        0.07221628,
        0.98821497,
        0.134966463
      ],
      [
        -0.346874237,
        0.151757017,
        -0.9255528
      ]
    ],
    "translation": [
      2.1997993,
      0.8357578,
      -0.748666167
    ]
  },
  {
    "timeStamp": 66447,
    "rotation": [
      [
        -0.929231346,
        0.0358631834,
        0.367753834
      ],
      [
        0.0874540359,
        0.988346159,
        0.12459366
      ],
      [
        -0.3589998,
        0.1479379,
        -0.921538651
      ]
    ],
    "translation": [
      2.202374,
      0.828267038,
      -0.7414765
    ]
  },
  {
    "timeStamp": 66502,
    "rotation": [
      [
        -0.9221217,
        0.0431184545,
        0.384489745
      ],
      [
        0.09780934,
        0.9874704,
        0.123836629
      ],
      [
        -0.3743326,
        0.151799127,
        -0.914785266
      ]
    ],
    "translation": [
      2.201334,
      0.8214767,
      -0.732579768
    ]
  },
  {
    "timeStamp": 66547,
    "rotation": [
      [
        -0.918287754,
        0.053835433,
        0.392236382
      ],
      [
        0.108985543,
        0.9868087,
        0.1197105
      ],
      [
        -0.380617648,
        0.152676776,
        -0.912041664
      ]
    ],
    "translation": [
      2.19962645,
      0.8173558,
      -0.7260498
    ]
  },
  {
    "timeStamp": 66603,
    "rotation": [
      [
        -0.9199501,
        0.0484733544,
        0.389027059
      ],
      [
        0.111341462,
        0.9837695,
        0.1407151
      ],
      [
        -0.375892,
        0.172765732,
        -0.910415947
      ]
    ],
    "translation": [
      2.19942355,
      0.810098767,
      -0.721884668
    ]
  }
]