[
  {
    "timeStamp": 62529,
    "rotation": [
      [
        0.589723647,
        0.7793546,
        0.211737022
      ],
      [
        0.552339256,
        -0.197942778,
        -0.809777737
      ],
      [
        -0.589192152,
        0.5944958,
        -0.547199667
      ]
    ],
    "translation": [
      1.75832617,
      0.7297519,
      -0.6096144
    ]
  },
  {
    "timeStamp": 62575,
    "rotation": [
      [
        0.5803684,
        0.796007931,
        0.1718834
      ],
      [
        0.5689253,
        -0.245306864,
        -0.78495127
      ],
      [
        -0.582663238,
        0.5533498,
        -0.595237434
      ]
    ],
    "translation": [
      1.76024163,
      0.7282048,
      -0.6088613
    ]
  },
  {
    "timeStamp": 62632,
    "rotation": [
      [
        0.523077,
        0.8321322,
        0.184245676
      ],
      [
        0.6082155,
        -0.21301806,
        -0.764654934
      ],
      [
        -0.5970463,
        0.5120345,
        -0.6175406
      ]
    ],
    "translation": [
      1.77198958,
      0.7470658,
      -0.6090784
    ]
  },
  {
    "timeStamp": 62676,
    "rotation": [
      [
        0.521756053,
        0.8393501,
        0.152519017
      ],
      [
        0.538977563,
        -0.185748,
        -0.821584344
      ],
      [
        -0.6612668,
        0.510870934,
        -0.549306035
      ]
    ],
    "translation": [
      1.78005254,
      0.7829738,
      -0.6043331
    ]
  },
  {
    "timeStamp": 62731,
    "rotation": [
      [
        0.499839544,
        0.8584643,
        0.114889286
      ],
      [
        0.4449831,
        -0.140728772,
        -0.8844125
      ],
      [
        -0.743068337,
        0.493188143,
        -0.452343881
      ]
    ],
    "translation": [
      1.80092263,
      0.833606064,
      -0.602971435
    ]
  },
  {
    "timeStamp": 62776,
    "rotation": [
      [
        0.461019129,
        0.8833439,
        0.08464562
      ],
      [
        0.3679114,
        -0.103464007,
        -0.9240868
      ],
      [
        -0.8075286,
        0.457163781,
        -0.372691184
      ]
    ],
    "translation": [
      1.82811475,
      0.874696,
      -0.607596457
    ]
  },
  {
    "timeStamp": 62831,
    "rotation": [
      [
        0.389108956,
        0.919265032,
        0.05954848
      ],
      [
        0.2932057,
        -0.0623092577,
        -0.954016745
      ],
      [
        -0.8732838,
        0.3886764,
        -0.293778837
      ]
    ],
    "translation": [
      1.87219214,
      0.91828835,
      -0.620429158
    ]
  },
  {
    "timeStamp": 62876,
    "rotation": [
      [
        0.313927442,
        0.9475702,
        0.0596677
      ],
      [
        0.249348328,
        -0.0216434542,
        -0.968171954
      ],
      [
        -0.9161195,
        0.3188138,
        -0.24306953
      ]
    ],
    "translation": [
      1.9135294,
      0.946142137,
      -0.635148942
    ]
  },
  {
    "timeStamp": 62931,
    "rotation": [
      [
        0.207629934,
        0.9761463,
        0.06346799
      ],
      [
        0.219191208,
        0.0168055966,
        -0.9755372
      ],
      [
        -0.9533336,
        0.216462344,
        -0.210473344
      ]
    ],
    "translation": [
      1.96912825,
      0.9678396,
      -0.6584102
    ]
  },
  {
    "timeStamp": 62976,
    "rotation": [
      [
        0.117919534,
        0.9898013,
        0.07992752
      ],
      [
        0.223057359,
        0.0520305336,
        -0.973415732
      ],
      [
        -0.967646837,
        0.132613167,
        -0.21464704
      ]
    ],
    "translation": [
      2.014803,
      0.9752361,
      -0.6797728
    ]
  },
  {
    "timeStamp": 63031,
    "rotation": [
      [
        0.01050103,
        0.996241331,
        0.08598233
      ],
      [
        0.259314954,
        0.08033223,
        -0.9624461
      ],
      [
        -0.965735734,
        0.03240318,
        -0.2574967
      ]
    ],
    "translation": [
      2.070986,
      0.97023,
      -0.7072704
    ]
  },
  {
    "timeStamp": 63082,
    "rotation": [
      [
        -0.0668188259,
        0.9926486,
        0.100916043
      ],
      [
        0.3258991,
        0.11730776,
        -0.938098431
      ],
      [
        -0.9430403,
        -0.0297941864,
        -0.331341654
      ]
    ],
    "translation": [
      2.112116,
      0.9553185,
      -0.727267
    ]
  },
  {
    "timeStamp": 63126,
    "rotation": [
      [
        -0.137094036,
        0.9825045,
        0.126056165
      ],
      [
        0.411270738,
        0.172228143,
        -0.895094335
      ],
      [
        -0.9011446,
        -0.07086889,
        -0.4276868
      ]
    ],
    "translation": [
      2.15726733,
      0.9336453,
      -0.750114858
    ]
  },
  {
    "timeStamp": 63182,
    "rotation": [
      [
        -0.184649572,
        0.9738127,
        0.132639915
      ],
      [
        0.507698953,
        0.210072324,
        -0.835530639
      ],
      [
        -0.841514349,
        -0.08693924,
        -0.533193469
      ]
    ],
    "translation": [
      2.19377685,
      0.9076872,
      -0.7696757
    ]
  },
  {
    "timeStamp": 63226,
    "rotation": [
      [
        -0.198306635,
        0.9726494,
        0.120945014
      ],
      [
        0.5538513,
        0.213007867,
        -0.8049077
      ],
      [
        -0.8086552,
        -0.09263298,
        -0.580944
      ]
    ],
    "translation": [
      2.21508837,
      0.8921787,
      -0.780888438
    ]
  },
  {
    "timeStamp": 63281,
    "rotation": [
      [
        -0.222465217,
        0.9661637,
        0.130525336
      ],
      [
        0.5802034,
        0.23879236,
        -0.7786797
      ],
      [
        -0.783500552,
        -0.0974978954,
        -0.6136945
      ]
    ],
    "translation": [
      2.23786736,
      0.8830773,
      -0.789480269
    ]
  },
  {
    "timeStamp": 63326,
    "rotation": [
      [
        -0.243267119,
        0.962208033,
        0.122380219
      ],
      [
        0.622146964,
        0.251585543,
        -0.7413757
      ],
      [
        -0.7441467,
        -0.104213841,
        -0.659837246
      ]
    ],
    "translation": [
      2.25263333,
      0.87383765,
      -0.7952056
    ]
  }
]