[
  {
    "timeStamp": 47399,
    "rotation": [
      [
        0.9999975,
        -0.001526812,
        -0.0016209496
      ],
      [
        0.00162623439,
        0.00346650253,
        0.999992669
      ],
      [
        -0.0015211812,
        -0.9999928,
        0.003468977
      ]
    ],
    "translation": [
      1.46194029,
      0.7014906,
      -0.620031536
    ]
  },
  {
    "timeStamp": 47455,
    "rotation": [
      [
        0.9992494,
        -0.0217836387,
        0.0320336223
      ],
      [
        -0.03159723,
        0.02009052,
        0.999298751
      ],
      [
        -0.0224119313,
        -0.999560833,
        0.019387139
      ]
    ],
    "translation": [
      1.459581,
      0.708861,
      -0.6177173
    ]
  },
  {
    "timeStamp": 47500,
    "rotation": [
      [
        0.9974765,
        -0.03739947,
        0.060348
      ],
      [
        -0.0599172376,
        0.0125345988,
        0.998124659
      ],
      [
        -0.0380857661,
        -0.9992218,
        0.0102620954
      ]
    ],
    "translation": [
      1.46019614,
      0.7243624,
      -0.6160841
    ]
  },
  {
    "timeStamp": 47555,
    "rotation": [
      [
        0.989730656,
        -0.05810703,
        0.130602092
      ],
      [
        -0.129876748,
        0.0161054619,
        0.991399348
      ],
      [
        -0.059710674,
        -0.998180449,
        0.00839331653
      ]
    ],
    "translation": [
      1.46191943,
      0.7554846,
      -0.614871562
    ]
  },
  {
    "timeStamp": 47599,
    "rotation": [
      [
        0.9787924,
        -0.07494777,
        0.190651909
      ],
      [
        -0.189164639,
        0.0265318565,
        0.9815869
      ],
      [
        -0.0786260962,
        -0.9968344,
        0.0117917145
      ]
    ],
    "translation": [
      1.46759284,
      0.784635663,
      -0.617371857
    ]
  },
  {
    "timeStamp": 47649,
    "rotation": [
      [
        0.964479566,
        -0.0862226263,
        0.249689311
      ],
      [
        -0.246929482,
        0.04148574,
        0.968145
      ],
      [
        -0.09383455,
        -0.995411754,
        0.0187212434
      ]
    ],
    "translation": [
      1.48057759,
      0.8147121,
      -0.6228936
    ]
  },
  {
    "timeStamp": 47705,
    "rotation": [
      [
        0.9412038,
        -0.09766841,
        0.32341373
      ],
      [
        -0.3168925,
        0.0766133443,
        0.945362151
      ],
      [
        -0.117109813,
        -0.992265761,
        0.0411583744
      ]
    ],
    "translation": [
      1.51201785,
      0.8555123,
      -0.634256959
    ]
  },
  {
    "timeStamp": 47749,
    "rotation": [
      [
        0.9257475,
        -0.119705148,
        0.35869506
      ],
      [
        -0.351534426,
        0.0770945847,
        0.932995141
      ],
      [
        -0.139337778,
        -0.989811659,
        0.0292896368
      ]
    ],
    "translation": [
      1.54113734,
      0.880868852,
      -0.636906266
    ]
  },
  {
    "timeStamp": 47805,
    "rotation": [
      [
        0.8956923,
        -0.192949,
        0.4006319
      ],
      [
        -0.3935573,
        0.07542389,
        0.916200757
      ],
      [
        -0.206997246,
        -0.978305638,
        -0.008379895
      ]
    ],
    "translation": [
      1.58894825,
      0.910296857,
      -0.628602147
    ]
  },
  {
    "timeStamp": 47849,
    "rotation": [
      [
        0.8651208,
        -0.275245368,
        0.419292331
      ],
      [
        -0.42222476,
        0.0515681468,
        0.9050232
      ],
      [
        -0.270725578,
        -0.95999,
        -0.07160272
      ]
    ],
    "translation": [
      1.6366924,
      0.9327848,
      -0.6148991
    ]
  },
  {
    "timeStamp": 47905,
    "rotation": [
      [
        0.822658837,
        -0.3915039,
        0.412258625
      ],
      [
        -0.442347735,
        0.0147638945,
        0.8967221
      ],
      [
        -0.357156724,
        -0.920058,
        -0.161035225
      ]
    ],
    "translation": [
      1.70312929,
      0.9579457,
      -0.595225751
    ]
  },
  {
    "timeStamp": 47949,
    "rotation": [
      [
        0.7719515,
        -0.48960197,
        0.405439
      ],
      [
        -0.467944443,
        -0.00598185463,
        0.8837376
      ],
      [
        -0.4302544,
        -0.871925533,
        -0.233724222
      ]
    ],
    "translation": [
      1.76110506,
      0.9788681,
      -0.5798697
    ]
  },
  {
    "timeStamp": 48005,
    "rotation": [
      [
        0.7186959,
        -0.606541336,
        0.3399761
      ],
      [
        -0.475629181,
        -0.07218433,
        0.8766791
      ],
      [
        -0.5072012,
        -0.791768253,
        -0.340367347
      ]
    ],
    "translation": [
      1.83834589,
      1.00132465,
      -0.5631698
    ]
  },
  {
    "timeStamp": 48049,
    "rotation": [
      [
        0.6765109,
        -0.6809374,
        0.280458838
      ],
      [
        -0.48259443,
        -0.122253433,
        0.8672697
      ],
      [
        -0.556269348,
        -0.72206527,
        -0.411322385
      ]
    ],
    "translation": [
      1.89855909,
      1.01663923,
      -0.5544697
    ]
  },
  {
    "timeStamp": 48106,
    "rotation": [
      [
        0.624523163,
        -0.755188346,
        0.199151665
      ],
      [
        -0.476562977,
        -0.1664611,
        0.8632372
      ],
      [
        -0.6187557,
        -0.6340199,
        -0.4638536
      ]
    ],
    "translation": [
      1.97101247,
      1.02607179,
      -0.5522834
    ]
  },
  {
    "timeStamp": 48151,
    "rotation": [
      [
        0.591268659,
        -0.793086231,
        0.1463404
      ],
      [
        -0.460769147,
        -0.1832814,
        0.8683891
      ],
      [
        -0.661886,
        -0.580880463,
        -0.473798245
      ]
    ],
    "translation": [
      2.01965261,
      1.025198,
      -0.5546983
    ]
  },
  {
    "timeStamp": 48208,
    "rotation": [
      [
        0.5622647,
        -0.8227472,
        0.08334005
      ],
      [
        -0.414348274,
        -0.193073273,
        0.8894033
      ],
      [
        -0.7156633,
        -0.5346119,
        -0.449462146
      ]
    ],
    "translation": [
      2.07124233,
      1.00875664,
      -0.5619397
    ]
  },
  {
    "timeStamp": 48254,
    "rotation": [
      [
        0.546574354,
        -0.8352324,
        0.0603598878
      ],
      [
        -0.364696115,
        -0.172531754,
        0.915002465
      ],
      [
        -0.7538257,
        -0.5221299,
        -0.398907453
      ]
    ],
    "translation": [
      2.098515,
      0.9867978,
      -0.5684576
    ]
  },
  {
    "timeStamp": 48309,
    "rotation": [
      [
        0.55897814,
        -0.8281145,
        0.0420681871
      ],
      [
        -0.301724941,
        -0.155883968,
        0.9405649
      ],
      [
        -0.7723377,
        -0.5384482,
        -0.336998552
      ]
    ],
    "translation": [
      2.11597538,
      0.957485437,
      -0.5788011
    ]
  },
  {
    "timeStamp": 48352,
    "rotation": [
      [
        0.56502825,
        -0.82349,
        0.05106134
      ],
      [
        -0.255745,
        -0.115965359,
        0.959763765
      ],
      [
        -0.784434557,
        -0.55535233,
        -0.27612716
      ]
    ],
    "translation": [
      2.12672043,
      0.9247714,
      -0.586639643
    ]
  },
  {
    "timeStamp": 48405,
    "rotation": [
      [
        0.606631339,
        -0.7943572,
        0.0315444134
      ],
      [
        -0.18354468,
        -0.101340637,
        0.9777737
      ],
      [
        -0.773504853,
        -0.598938,
        -0.207276449
      ]
    ],
    "translation": [
      2.12926221,
      0.88835144,
      -0.5961679
    ]
  },
  {
    "timeStamp": 48449,
    "rotation": [
      [
        0.6213919,
        -0.7825922,
        0.03770237
      ],
      [
        -0.150171787,
        -0.07173463,
        0.986054063
      ],
      [
        -0.768973649,
        -0.6183878,
        -0.1620986
      ]
    ],
    "translation": [
      2.129285,
      0.8655647,
      -0.6021076
    ]
  },
  {
    "timeStamp": 48505,
    "rotation": [
      [
        0.641487539,
        -0.765544057,
        0.0493568219
      ],
      [
        -0.114162989,
        -0.0316440053,
        0.99295795
      ],
      [
        -0.758591235,
        -0.6426049,
        -0.107696027
      ]
    ],
    "translation": [
      2.124153,
      0.8405065,
      -0.610575736
    ]
  },
  {
    "timeStamp": 48549,
    "rotation": [
      [
        0.663261652,
        -0.746671855,
        0.0506464057
      ],
      [
        -0.0919735059,
        -0.0141640082,
        0.9956607
      ],
      [
        -0.742714465,
        -0.6650417,
        -0.07806847
      ]
    ],
    "translation": [
      2.11979032,
      0.825281739,
      -0.6166605
    ]
  },
  {
    "timeStamp": 48605,
    "rotation": [
      [
        0.6668563,
        -0.741457343,
        0.07445598
      ],
      [
        -0.0854924843,
        0.0231330656,
        0.9960702
      ],
      [
        -0.740265965,
        -0.6706011,
        -0.0479626
      ]
    ],
    "translation": [
      2.11432815,
      0.8107395,
      -0.6218158
    ]
  },
  {
    "timeStamp": 48649,
    "rotation": [
      [
        0.6835669,
        -0.726573944,
        0.06947317
      ],
      [
        -0.07407106,
        0.0256366227,
        0.9969234
      ],
      [
        -0.726119637,
        -0.686609864,
        -0.0362937525
      ]
    ],
    "translation": [
      2.11129284,
      0.80268836,
      -0.6251131
    ]
  },
  {
    "timeStamp": 48705,
    "rotation": [
      [
        0.6881659,
        -0.722128451,
        0.07041531
      ],
      [
        -0.06694982,
        0.0334362723,
        0.997195959
      ],
      [
        -0.722457945,
        -0.6909505,
        -0.025336666
      ]
    ],
    "translation": [
      2.10850167,
      0.795729339,
      -0.627043068
    ]
  },
  {
    "timeStamp": 48749,
    "rotation": [
      [
        0.6928609,
        -0.7173571,
        0.07309347
      ],
      [
        -0.0655661151,
        0.03827149,
        0.997114
      ],
      [
        -0.7180842,
        -0.6956538,
        -0.0205174983
      ]
    ],
    "translation": [
      2.1068635,
      0.792590559,
      -0.627490938
    ]
  },
  {
    "timeStamp": 48806,
    "rotation": [
      [
        0.6909508,
        -0.7196547,
        0.06844095
      ],
      [
        -0.05482104,
        0.042240005,
        0.997602344
      ],
      [
        -0.7208201,
        -0.693046153,
        -0.0102664521
      ]
    ],
    "translation": [
      2.10686469,
      0.788745046,
      -0.6277395
    ]
  },
  {
    "timeStamp": 48852,
    "rotation": [
      [
        0.6945381,
        -0.7167406,
        0.06244736
      ],
      [
        -0.04767515,
        0.040756993,
        0.998031
      ],
      [
        -0.7178745,
        -0.6961478,
        -0.005863432
      ]
    ],
    "translation": [
      2.10669231,
      0.7864555,
      -0.627736747
    ]
  },
  {
    "timeStamp": 48909,
    "rotation": [
      [
        0.698658466,
        -0.7131956,
        0.0568185933
      ],
      [
        -0.0401545167,
        0.04020286,
        0.998384356
      ],
      [
        -0.714327633,
        -0.6998112,
        -0.0005499578
      ]
    ],
    "translation": [
      2.105612,
      0.7831582,
      -0.628134668
    ]
  },
  {
    "timeStamp": 48954,
    "rotation": [
      [
        0.7006703,
        -0.7113225,
        0.0555099
      ],
      [
        -0.03765749,
        0.0408235826,
        0.9984565
      ],
      [
        -0.7124907,
        -0.70167917,
        0.00181725284
      ]
    ],
    "translation": [
      2.104453,
      0.7806174,
      -0.6286438
    ]
  },
  {
    "timeStamp": 48999,
    "rotation": [
      [
        0.698378265,
        -0.713809133,
        0.05238722
      ],
      [
        -0.0302984975,
        0.0436439067,
        0.9985876
      ],
      [
        -0.7150873,
        -0.6989791,
        0.008852611
      ]
    ],
    "translation": [
      2.104514,
      0.7770426,
      -0.6298182
    ]
  },
  {
    "timeStamp": 49054,
    "rotation": [
      [
        0.696368039,
        -0.7155195,
        0.05570827
      ],
      [
        -0.0287522264,
        0.0497458279,
        0.998347938
      ],
      [
        -0.717108667,
        -0.696819365,
        0.0140686231
      ]
    ],
    "translation": [
      2.10340357,
      0.774631858,
      -0.630805433
    ]
  },
  {
    "timeStamp": 49099,
    "rotation": [
      [
        0.695055366,
        -0.716131151,
        0.0636724159
      ],
      [
        -0.0325563252,
        0.0571210943,
        0.9978363
      ],
      [
        -0.7182187,
        -0.6956244,
        0.0163877252
      ]
    ],
    "translation": [
      2.10138726,
      0.773551345,
      -0.632260442
    ]
  },
  {
    "timeStamp": 49154,
    "rotation": [
      [
        0.6955951,
        -0.715977132,
        0.0593658052
      ],
      [
        -0.028695209,
        0.0548783131,
        0.9980806
      ],
      [
        -0.7178608,
        -0.6959635,
        0.01762797
      ]
    ],
    "translation": [
      2.10017943,
      0.771772,
      -0.6332737
    ]
  },
  {
    "timeStamp": 49199,
    "rotation": [
      [
        0.6951325,
        -0.716773748,
        0.055011142
      ],
      [
        -0.0248839129,
        0.052486077,
        0.9983116
      ],
      [
        -0.718450844,
        -0.6953277,
        0.01864864
      ]
    ],
    "translation": [
      2.09987855,
      0.770312548,
      -0.633797
    ]
  },
  {
    "timeStamp": 49254,
    "rotation": [
      [
        0.692557335,
        -0.719987,
        0.0445310362
      ],
      [
        -0.0155629525,
        0.0468044542,
        0.9987828
      ],
      [
        -0.721194863,
        -0.6924074,
        0.0212096442
      ]
    ],
    "translation": [
      2.1000917,
      0.767990232,
      -0.634423137
    ]
  },
  {
    "timeStamp": 49299,
    "rotation": [
      [
        0.6947803,
        -0.718030155,
        0.041388873
      ],
      [
        -0.009152074,
        0.0487156622,
        0.9987708
      ],
      [
        -0.7191638,
        -0.694305062,
        0.02727522
      ]
    ],
    "translation": [
      2.10038948,
      0.7661984,
      -0.6358891
    ]
  }
]