[
  {
    "timeStamp": 61715,
    "rotation": [
      [
        -0.8894235,
        0.4570839,
        -0.00040324268
      ],
      [
        0.4570746,
        0.889399,
        -0.007225404
      ],
      [
        -0.00294397236,
        -0.00661075627,
        -0.999973834
      ]
    ],
    "translation": [
      1.15389168,
      0.7273488,
      -0.6214131
    ]
  },
  {
    "timeStamp": 61759,
    "rotation": [
      [
        -0.878311038,
        0.4780866,
        -0.00172885961
      ],
      [
        0.4780877,
        0.878312051,
        -0.000270779885
      ],
      [
        0.0013890221,
        -0.00106437551,
        -0.99999845
      ]
    ],
    "translation": [
      1.15474367,
      0.7330626,
      -0.6223671
    ]
  },
  {
    "timeStamp": 61815,
    "rotation": [
      [
        -0.861598134,
        0.506930232,
        -0.0258913357
      ],
      [
        0.5065618,
        0.8619784,
        0.0197052751
      ],
      [
        0.0323069729,
        0.003862465,
        -0.9994705
      ]
    ],
    "translation": [
      1.1588645,
      0.748669863,
      -0.622508466
    ]
  },
  {
    "timeStamp": 61859,
    "rotation": [
      [
        -0.8421386,
        0.538531065,
        -0.0280524977
      ],
      [
        0.538055658,
        0.8425947,
        0.0230290238
      ],
      [
        0.03603873,
        0.004299825,
        -0.9993412
      ]
    ],
    "translation": [
      1.16649115,
      0.7686235,
      -0.624652743
    ]
  },
  {
    "timeStamp": 61915,
    "rotation": [
      [
        -0.8061087,
        0.588856757,
        -0.058620058
      ],
      [
        0.5876345,
        0.808228731,
        0.03810419
      ],
      [
        0.06981633,
        -0.003731047,
        -0.9975529
      ]
    ],
    "translation": [
      1.18984854,
      0.80156827,
      -0.626525
    ]
  },
  {
    "timeStamp": 61959,
    "rotation": [
      [
        -0.7819209,
        0.6175828,
        -0.08480076
      ],
      [
        0.6121713,
        0.7864044,
        0.0825497657
      ],
      [
        0.117669,
        0.012634797,
        -0.9929725
      ]
    ],
    "translation": [
      1.2200073,
      0.827389956,
      -0.6339995
    ]
  },
  {
    "timeStamp": 62014,
    "rotation": [
      [
        -0.7577766,
        0.645294845,
        -0.09679383
      ],
      [
        0.6372589,
        0.7637613,
        0.102809429
      ],
      [
        0.140269771,
        0.0162238572,
        -0.9899804
      ]
    ],
    "translation": [
      1.27068174,
      0.8545204,
      -0.6449234
    ]
  },
  {
    "timeStamp": 62059,
    "rotation": [
      [
        -0.74605304,
        0.6550186,
        -0.119814366
      ],
      [
        0.643410861,
        0.755459845,
        0.123705082
      ],
      [
        0.171544075,
        0.0152006913,
        -0.9850592
      ]
    ],
    "translation": [
      1.3183701,
      0.8707838,
      -0.6552441
    ]
  },
  {
    "timeStamp": 62115,
    "rotation": [
      [
        -0.7341483,
        0.6592247,
        -0.1626315
      ],
      [
        0.6405165,
        0.7518717,
        0.156293541
      ],
      [
        0.225310579,
        0.01057449,
        -0.9742296
      ]
    ],
    "translation": [
      1.38458741,
      0.886125445,
      -0.665479541
    ]
  },
  {
    "timeStamp": 62159,
    "rotation": [
      [
        -0.721488833,
        0.655390143,
        -0.2234225
      ],
      [
        0.631946,
        0.7551342,
        0.174403027
      ],
      [
        0.283016026,
        -0.0153611321,
        -0.9589921
      ]
    ],
    "translation": [
      1.44049048,
      0.8966363,
      -0.66946125
    ]
  },
  {
    "timeStamp": 62215,
    "rotation": [
      [
        -0.688280344,
        0.65235275,
        -0.317342222
      ],
      [
        0.62314117,
        0.7556269,
        0.201799542
      ],
      [
        0.3714368,
        -0.0588543266,
        -0.926591039
      ]
    ],
    "translation": [
      1.51059461,
      0.9113443,
      -0.66875726
    ]
  },
  {
    "timeStamp": 62268,
    "rotation": [
      [
        -0.635126948,
        0.6457668,
        -0.42379117
      ],
      [
        0.631000936,
        0.750219464,
        0.197505638
      ],
      [
        0.445478976,
        -0.141971484,
        -0.8839641
      ]
    ],
    "translation": [
      1.579107,
      0.9296994,
      -0.6593054
    ]
  },
  {
    "timeStamp": 62312,
    "rotation": [
      [
        -0.5887802,
        0.630965054,
        -0.505193949
      ],
      [
        0.6485939,
        0.7417816,
        0.1705464
      ],
      [
        0.4823524,
        -0.227251351,
        -0.8459864
      ]
    ],
    "translation": [
      1.63559127,
      0.9476561,
      -0.644896
    ]
  },
  {
    "timeStamp": 62368,
    "rotation": [
      [
        -0.506218433,
        0.5859877,
        -0.6327411
      ],
      [
        0.671840847,
        0.727974653,
        0.136684641
      ],
      [
        0.540715039,
        -0.35590905,
        -0.762204647
      ]
    ],
    "translation": [
      1.70887923,
      0.970294058,
      -0.619667232
    ]
  },
  {
    "timeStamp": 62412,
    "rotation": [
      [
        -0.430752963,
        0.546277,
        -0.7183546
      ],
      [
        0.687489,
        0.7142919,
        0.130942717
      ],
      [
        0.584645867,
        -0.4374569,
        -0.683242738
      ]
    ],
    "translation": [
      1.77037477,
      0.988953352,
      -0.6005172
    ]
  },
  {
    "timeStamp": 62468,
    "rotation": [
      [
        -0.359139174,
        0.440569729,
        -0.822749853
      ],
      [
        0.722838759,
        0.688950658,
        0.05339544
      ],
      [
        0.5903585,
        -0.5755391,
        -0.5658901
      ]
    ],
    "translation": [
      1.85080671,
      1.01523149,
      -0.576706767
    ]
  },
  {
    "timeStamp": 62512,
    "rotation": [
      [
        -0.362476379,
        0.265766352,
        -0.8932968
      ],
      [
        0.7150559,
        0.6940427,
        -0.08366498
      ],
      [
        0.5977508,
        -0.669083655,
        -0.441611856
      ]
    ],
    "translation": [
      1.92068338,
      1.02713943,
      -0.5601568
    ]
  },
  {
    "timeStamp": 62568,
    "rotation": [
      [
        -0.3340904,
        0.105857775,
        -0.9365777
      ],
      [
        0.7039707,
        0.6887697,
        -0.173267245
      ],
      [
        0.6267446,
        -0.7172102,
        -0.304632127
      ]
    ],
    "translation": [
      2.0000062,
      1.03400517,
      -0.552678049
    ]
  },
  {
    "timeStamp": 62613,
    "rotation": [
      [
        -0.3255328,
        -0.0535956956,
        -0.944010556
      ],
      [
        0.6942844,
        0.6642061,
        -0.277127117
      ],
      [
        0.6418704,
        -0.7456258,
        -0.1790102
      ]
    ],
    "translation": [
      2.059933,
      1.03869653,
      -0.550101936
    ]
  },
  {
    "timeStamp": 62669,
    "rotation": [
      [
        -0.3127856,
        -0.173697874,
        -0.9338063
      ],
      [
        0.6620317,
        0.6651053,
        -0.345469236
      ],
      [
        0.6810868,
        -0.726267159,
        -0.0930418447
      ]
    ],
    "translation": [
      2.12195778,
      1.02884924,
      -0.552321136
    ]
  },
  {
    "timeStamp": 62715,
    "rotation": [
      [
        -0.2928912,
        -0.244494066,
        -0.924357831
      ],
      [
        0.614433646,
        0.6925882,
        -0.37787953
      ],
      [
        0.7325886,
        -0.6786341,
        -0.0526276045
      ]
    ],
    "translation": [
      2.159072,
      1.00924158,
      -0.5555746
    ]
  },
  {
    "timeStamp": 62769,
    "rotation": [
      [
        -0.259606838,
        -0.277044445,
        -0.925121963
      ],
      [
        0.593342066,
        0.710066259,
        -0.3791452
      ],
      [
        0.761938,
        -0.647342443,
        -0.01995595
      ]
    ],
    "translation": [
      2.18757653,
      0.9889569,
      -0.5586195
    ]
  },
  {
    "timeStamp": 62813,
    "rotation": [
      [
        -0.249306515,
        -0.304181725,
        -0.919412732
      ],
      [
        0.547074735,
        0.7391537,
        -0.392888129
      ],
      [
        0.799096644,
        -0.600937,
        -0.0178656969
      ]
    ],
    "translation": [
      2.21168256,
      0.959680736,
      -0.560062468
    ]
  },
  {
    "timeStamp": 62865,
    "rotation": [
      [
        -0.217022166,
        -0.288461655,
        -0.932572365
      ],
      [
        0.520610034,
        0.7739333,
        -0.360544652
      ],
      [
        0.825752139,
        -0.5637527,
        -0.0177846588
      ]
    ],
    "translation": [
      2.22458029,
      0.9303908,
      -0.5620375
    ]
  },
  {
    "timeStamp": 62909,
    "rotation": [
      [
        -0.243124038,
        -0.334757566,
        -0.9104
      ],
      [
        0.4787616,
        0.7748587,
        -0.412772715
      ],
      [
        0.8436101,
        -0.5362195,
        -0.02811771
      ]
    ],
    "translation": [
      2.23521733,
      0.910505235,
      -0.563486338
    ]
  },
  {
    "timeStamp": 62965,
    "rotation": [
      [
        -0.200447857,
        -0.3078586,
        -0.930077255
      ],
      [
        0.460391641,
        0.8083907,
        -0.366802365
      ],
      [
        0.864789069,
        -0.501724541,
        -0.02030466
      ]
    ],
    "translation": [
      2.24128079,
      0.88474226,
      -0.5666361
    ]
  },
  {
    "timeStamp": 63009,
    "rotation": [
      [
        -0.201601341,
        -0.307431847,
        -0.929969132
      ],
      [
        0.4367606,
        0.8216244,
        -0.366297126
      ],
      [
        0.8766967,
        -0.480019867,
        -0.0313664563
      ]
    ],
    "translation": [
      2.24387836,
      0.866546035,
      -0.5694281
    ]
  },
  {
    "timeStamp": 63065,
    "rotation": [
      [
        -0.200878814,
        -0.313643664,
        -0.9280492
      ],
      [
        0.413284749,
        0.83179003,
        -0.3705685
      ],
      [
        0.8881686,
        -0.457987964,
        -0.0374648571
      ]
    ],
    "translation": [
      2.247797,
      0.8476057,
      -0.572139263
    ]
  },
  {
    "timeStamp": 63109,
    "rotation": [
      [
        -0.20515053,
        -0.314959347,
        -0.9266681
      ],
      [
        0.396624625,
        0.8388249,
        -0.372909665
      ],
      [
        0.8947637,
        -0.444042027,
        -0.0471647419
      ]
    ],
    "translation": [
      2.24894857,
      0.833727956,
      -0.575078
    ]
  },
  {
    "timeStamp": 63165,
    "rotation": [
      [
        -0.220524892,
        -0.3413417,
        -0.91370374
      ],
      [
        0.3776271,
        0.833831668,
        -0.4026444
      ],
      [
        0.899314463,
        -0.433832437,
        -0.0549807437
      ]
    ],
    "translation": [
      2.25715256,
      0.8247258,
      -0.577411532
    ]
  },
  {
    "timeStamp": 63209,
    "rotation": [
      [
        -0.210534528,
        -0.3399051,
        -0.9165914
      ],
      [
        0.3753753,
        0.8376218,
        -0.396841377
      ],
      [
        0.90264535,
        -0.4276146,
        -0.0487563349
      ]
    ],
    "translation": [
      2.26098418,
      0.8186939,
      -0.580769837
    ]
  },
  {
    "timeStamp": 63265,
    "rotation": [
      [
        -0.209558383,
        -0.353389949,
        -0.911702156
      ],
      [
        0.3798605,
        0.8297459,
        -0.4089349
      ],
      [
        0.9009946,
        -0.43201533,
        -0.0396413319
      ]
    ],
    "translation": [
      2.26658869,
      0.8184923,
      -0.5833574
    ]
  },
  {
    "timeStamp": 63311,
    "rotation": [
      [
        -0.2098558,
        -0.357680768,
        -0.909958839
      ],
      [
        0.375448853,
        0.829850554,
        -0.412778765
      ],
      [
        0.902772844,
        -0.428267,
        -0.0398581028
      ]
    ],
    "translation": [
      2.269663,
      0.8189574,
      -0.5853571
    ]
  },
  {
    "timeStamp": 63369,
    "rotation": [
      [
        -0.203832641,
        -0.3485514,
        -0.914857447
      ],
      [
        0.377289027,
        0.8343285,
        -0.401931643
      ],
      [
        0.9033854,
        -0.427092463,
        -0.0385587551
      ]
    ],
    "translation": [
      2.27094269,
      0.8188873,
      -0.587447464
    ]
  },
  {
    "timeStamp": 63414,
    "rotation": [
      [
        -0.209350139,
        -0.3486332,
        -0.9135794
      ],
      [
        0.374408573,
        0.8345039,
        -0.404254138
      ],
      [
        0.903322041,
        -0.426682651,
        -0.0441722535
      ]
    ],
    "translation": [
      2.27231956,
      0.8185783,
      -0.588419437
    ]
  },
  {
    "timeStamp": 63459,
    "rotation": [
      [
        -0.199468762,
        -0.340056628,
        -0.9190069
      ],
      [
        0.370582819,
        0.8420219,
        -0.3920045
      ],
      [
        0.9071276,
        -0.4187608,
        -0.04193791
      ]
    ],
    "translation": [
      2.27252054,
      0.8153807,
      -0.5909568
    ]
  },
  {
    "timeStamp": 63514,
    "rotation": [
      [
        -0.19640927,
        -0.338806957,
        -0.9201268
      ],
      [
        0.359335572,
        0.8482473,
        -0.389043063
      ],
      [
        0.912305534,
        -0.407045931,
        -0.0448582433
      ]
    ],
    "translation": [
      2.2745862,
      0.811541259,
      -0.593440354
    ]
  },
  {
    "timeStamp": 63559,
    "rotation": [
      [
        -0.184778541,
        -0.3302275,
        -0.9256385
      ],
      [
        0.354742646,
        0.855947733,
        -0.376179576
      ],
      [
        0.916523039,
        -0.397873372,
        -0.0410150066
      ]
    ],
    "translation": [
      2.27506471,
      0.809009552,
      -0.5960962
    ]
  },
  {
    "timeStamp": 63614,
    "rotation": [
      [
        -0.177241638,
        -0.32821843,
        -0.9278244
      ],
      [
        0.351500928,
        0.85946,
        -0.371181458
      ],
      [
        0.919256449,
        -0.391919941,
        -0.03696302
      ]
    ],
    "translation": [
      2.27663565,
      0.807938933,
      -0.597838342
    ]
  },
  {
    "timeStamp": 63659,
    "rotation": [
      [
        -0.1748601,
        -0.326068074,
        -0.9290337
      ],
      [
        0.346824765,
        0.8626947,
        -0.3680631
      ],
      [
        0.9214861,
        -0.386571437,
        -0.0377624
      ]
    ],
    "translation": [
      2.277898,
      0.806969941,
      -0.5997551
    ]
  },
  {
    "timeStamp": 63714,
    "rotation": [
      [
        -0.168435976,
        -0.325662017,
        -0.930362046
      ],
      [
        0.336639762,
        0.868093252,
        -0.364812
      ],
      [
        0.926446438,
        -0.374644339,
        -0.03658735
      ]
    ],
    "translation": [
      2.280805,
      0.805354953,
      -0.601621747
    ]
  },
  {
    "timeStamp": 63758,
    "rotation": [
      [
        -0.156886324,
        -0.313052952,
        -0.936688066
      ],
      [
        0.3295008,
        0.8774994,
        -0.348459572
      ],
      [
        0.9310295,
        -0.363308,
        -0.03451645
      ]
    ],
    "translation": [
      2.28086853,
      0.804034054,
      -0.6036949
    ]
  }
]