[
  {
    "timeStamp": 55329,
    "rotation": [
      [
        0.9999976,
        0.0003907322,
        0.002142274
      ],
      [
        -0.00213281251,
        -0.0227909088,
        0.999738
      ],
      [
        0.000439454278,
        -0.9997401,
        -0.0227900222
      ]
    ],
    "translation": [
      1.77000511,
      0.7012008,
      -0.4899779
    ]
  },
  {
    "timeStamp": 55384,
    "rotation": [
      [
        0.997637033,
        -0.00267407717,
        0.0686526746
      ],
      [
        -0.06870398,
        -0.0435124338,
        0.9966877
      ],
      [
        0.000322043139,
        -0.9990493,
        -0.0435933359
      ]
    ],
    "translation": [
      1.76394832,
      0.70954144,
      -0.4880407
    ]
  },
  {
    "timeStamp": 55429,
    "rotation": [
      [
        0.995610952,
        0.0106436266,
        0.092981115
      ],
      [
        -0.09250433,
        -0.0388578176,
        0.994953752
      ],
      [
        0.0142029785,
        -0.999188066,
        -0.0377026871
      ]
    ],
    "translation": [
      1.76055717,
      0.7163117,
      -0.493713468
    ]
  },
  {
    "timeStamp": 55484,
    "rotation": [
      [
        0.989742,
        0.0119910305,
        0.142362192
      ],
      [
        -0.14106597,
        -0.0756706744,
        0.987104
      ],
      [
        0.0226090513,
        -0.9970608,
        -0.0732029155
      ]
    ],
    "translation": [
      1.76138449,
      0.739374042,
      -0.495709479
    ]
  },
  {
    "timeStamp": 55529,
    "rotation": [
      [
        0.9821882,
        -0.0103233168,
        0.187615991
      ],
      [
        -0.187561586,
        -0.113746524,
        0.9756446
      ],
      [
        0.011268788,
        -0.9934562,
        -0.113656752
      ]
    ],
    "translation": [
      1.76761019,
      0.7659988,
      -0.495334983
    ]
  },
  {
    "timeStamp": 55584,
    "rotation": [
      [
        0.9718874,
        -0.0529975928,
        0.22940357
      ],
      [
        -0.235197157,
        -0.173765868,
        0.9562885
      ],
      [
        -0.0108184852,
        -0.9833599,
        -0.181345746
      ]
    ],
    "translation": [
      1.78991139,
      0.8044791,
      -0.495475829
    ]
  },
  {
    "timeStamp": 55629,
    "rotation": [
      [
        0.965095758,
        -0.09603449,
        0.243654475
      ],
      [
        -0.259550422,
        -0.226452574,
        0.9388039
      ],
      [
        -0.0349813662,
        -0.9692763,
        -0.24347423
      ]
    ],
    "translation": [
      1.81727684,
      0.8365402,
      -0.4943415
    ]
  },
  {
    "timeStamp": 55684,
    "rotation": [
      [
        0.957547665,
        -0.153546557,
        0.2439792
      ],
      [
        -0.2799373,
        -0.29320085,
        0.914149
      ],
      [
        -0.06882953,
        -0.9436401,
        -0.323737234
      ]
    ],
    "translation": [
      1.861687,
      0.8753904,
      -0.4961681
    ]
  },
  {
    "timeStamp": 55729,
    "rotation": [
      [
        0.958398342,
        -0.19565025,
        0.207830578
      ],
      [
        -0.2682653,
        -0.3687024,
        0.889995635
      ],
      [
        -0.09750023,
        -0.9087241,
        -0.405849934
      ]
    ],
    "translation": [
      1.90766084,
      0.9084767,
      -0.494750321
    ]
  },
  {
    "timeStamp": 55784,
    "rotation": [
      [
        0.96087414,
        -0.239793062,
        0.138636753
      ],
      [
        -0.235432014,
        -0.44337678,
        0.864863455
      ],
      [
        -0.145919934,
        -0.863664448,
        -0.482484281
      ]
    ],
    "translation": [
      1.970482,
      0.9408727,
      -0.498943567
    ]
  },
  {
    "timeStamp": 55829,
    "rotation": [
      [
        0.9608777,
        -0.2658524,
        0.07769516
      ],
      [
        -0.199828282,
        -0.471171319,
        0.8591078
      ],
      [
        -0.191788122,
        -0.8410232,
        -0.505862832
      ]
    ],
    "translation": [
      2.02260375,
      0.956022739,
      -0.5042911
    ]
  },
  {
    "timeStamp": 55884,
    "rotation": [
      [
        0.955329835,
        -0.295401871,
        0.009093032
      ],
      [
        -0.153256044,
        -0.468853623,
        0.86987865
      ],
      [
        -0.252700478,
        -0.832414567,
        -0.493181944
      ]
    ],
    "translation": [
      2.08304071,
      0.958937049,
      -0.515821755
    ]
  },
  {
    "timeStamp": 55939,
    "rotation": [
      [
        0.95527935,
        -0.290849775,
        -0.05336437
      ],
      [
        -0.08407737,
        -0.440170467,
        0.8939692
      ],
      [
        -0.283500135,
        -0.8495036,
        -0.444939673
      ]
    ],
    "translation": [
      2.13549447,
      0.9465437,
      -0.531544268
    ]
  },
  {
    "timeStamp": 55983,
    "rotation": [
      [
        0.949094951,
        -0.3108342,
        -0.0509988032
      ],
      [
        -0.07817521,
        -0.389282018,
        0.917795241
      ],
      [
        -0.305135071,
        -0.867088,
        -0.393765122
      ]
    ],
    "translation": [
      2.16675663,
      0.92928195,
      -0.543031454
    ]
  },
  {
    "timeStamp": 56038,
    "rotation": [
      [
        0.944146454,
        -0.326190323,
        -0.04676884
      ],
      [
        -0.0584486052,
        -0.3054468,
        0.9504136
      ],
      [
        -0.3243011,
        -0.89459604,
        -0.3074519
      ]
    ],
    "translation": [
      2.19880366,
      0.9002403,
      -0.5608364
    ]
  },
  {
    "timeStamp": 56082,
    "rotation": [
      [
        0.945820451,
        -0.3244552,
        -0.0123462267
      ],
      [
        -0.07281471,
        -0.249011666,
        0.9657594
      ],
      [
        -0.316420019,
        -0.912536,
        -0.259145439
      ]
    ],
    "translation": [
      2.207683,
      0.88316834,
      -0.5710612
    ]
  },
  {
    "timeStamp": 56135,
    "rotation": [
      [
        0.947749555,
        -0.315481424,
        0.0473522842
      ],
      [
        -0.09243361,
        -0.1294999,
        0.9872618
      ],
      [
        -0.305330634,
        -0.9400539,
        -0.151894554
      ]
    ],
    "translation": [
      2.219496,
      0.8502177,
      -0.5905695
    ]
  },
  {
    "timeStamp": 56179,
    "rotation": [
      [
        0.9535784,
        -0.297581732,
        0.04618797
      ],
      [
        -0.07413899,
        -0.0833303,
        0.9937603
      ],
      [
        -0.291876048,
        -0.951052666,
        -0.101524383
      ]
    ],
    "translation": [
      2.22510171,
      0.8324674,
      -0.600487
    ]
  },
  {
    "timeStamp": 56234,
    "rotation": [
      [
        0.955749452,
        -0.282167435,
        0.0832134262
      ],
      [
        -0.0930519849,
        -0.0216238536,
        0.9954264
      ],
      [
        -0.27907753,
        -0.9591214,
        -0.0469232276
      ]
    ],
    "translation": [
      2.223513,
      0.813423038,
      -0.6087404
    ]
  },
  {
    "timeStamp": 56279,
    "rotation": [
      [
        0.963062,
        -0.256979227,
        0.08045737
      ],
      [
        -0.08212527,
        0.004253797,
        0.996612966
      ],
      [
        -0.25645107,
        -0.9664076,
        -0.0170078166
      ]
    ],
    "translation": [
      2.22323465,
      0.8006741,
      -0.614241242
    ]
  },
  {
    "timeStamp": 56334,
    "rotation": [
      [
        0.958111167,
        -0.2626407,
        0.114205033
      ],
      [
        -0.111091971,
        0.02672328,
        0.993450761
      ],
      [
        -0.263972551,
        -0.964523554,
        -0.0035734
      ]
    ],
    "translation": [
      2.219645,
      0.78991437,
      -0.615407467
    ]
  },
  {
    "timeStamp": 56379,
    "rotation": [
      [
        0.95939,
        -0.250480264,
        0.129732251
      ],
      [
        -0.123093493,
        0.04206036,
        0.991503358
      ],
      [
        -0.253808618,
        -0.9672076,
        0.009519797
      ]
    ],
    "translation": [
      2.21564674,
      0.781839848,
      -0.6177532
    ]
  },
  {
    "timeStamp": 56434,
    "rotation": [
      [
        0.9587101,
        -0.247906864,
        0.139345542
      ],
      [
        -0.129311845,
        0.05638983,
        0.9899993
      ],
      [
        -0.2532853,
        -0.96714133,
        0.0220042076
      ]
    ],
    "translation": [
      2.21296573,
      0.7709969,
      -0.6197008
    ]
  },
  {
    "timeStamp": 56479,
    "rotation": [
      [
        0.958872139,
        -0.243635312,
        0.145622864
      ],
      [
        -0.131360233,
        0.07388819,
        0.988577247
      ],
      [
        -0.251612157,
        -0.9670483,
        0.0388453379
      ]
    ],
    "translation": [
      2.210314,
      0.7623822,
      -0.6231839
    ]
  },
  {
    "timeStamp": 56535,
    "rotation": [
      [
        0.9594871,
        -0.236661509,
        0.152892113
      ],
      [
        -0.134039134,
        0.09389757,
        0.9865175
      ],
      [
        -0.247826919,
        -0.9670443,
        0.0583716035
      ]
    ],
    "translation": [
      2.20632029,
      0.7532924,
      -0.6273903
    ]
  },
  {
    "timeStamp": 56580,
    "rotation": [
      [
        0.9599622,
        -0.23756212,
        0.148447886
      ],
      [
        -0.12641339,
        0.105527274,
        0.9863486
      ],
      [
        -0.2499844,
        -0.9656232,
        0.07127116
      ]
    ],
    "translation": [
      2.20637,
      0.7464985,
      -0.630565166
    ]
  },
  {
    "timeStamp": 56638,
    "rotation": [
      [
        0.9584846,
        -0.24016799,
        0.153709456
      ],
      [
        -0.1273569,
        0.121729828,
        0.9843587
      ],
      [
        -0.255122453,
        -0.963068664,
        0.08608912
      ]
    ],
    "translation": [
      2.20498633,
      0.7398931,
      -0.6348765
    ]
  },
  {
    "timeStamp": 56683,
    "rotation": [
      [
        0.956545532,
        -0.244407937,
        0.159013867
      ],
      [
        -0.12878935,
        0.135126308,
        0.9824226
      ],
      [
        -0.261598855,
        -0.9602112,
        0.09777732
      ]
    ],
    "translation": [
      2.20411468,
      0.735688865,
      -0.637840152
    ]
  },
  {
    "timeStamp": 56728,
    "rotation": [
      [
        0.956754744,
        -0.24775362,
        0.152441889
      ],
      [
        -0.118441731,
        0.146857545,
        0.982040942
      ],
      [
        -0.265691429,
        -0.957627833,
        0.111162283
      ]
    ],
    "translation": [
      2.205094,
      0.7317044,
      -0.641248465
    ]
  },
  {
    "timeStamp": 56784,
    "rotation": [
      [
        0.954486847,
        -0.255956769,
        0.153103963
      ],
      [
        -0.113267817,
        0.163795844,
        0.979970038
      ],
      [
        -0.275907785,
        -0.9527103,
        0.127349332
      ]
    ],
    "translation": [
      2.205254,
      0.729833841,
      -0.644699633
    ]
  }
]