[
  {
    "timeStamp": 67579,
    "rotation": [
      [
        0.178193018,
        0.908398151,
        0.378232718
      ],
      [
        -0.234972149,
        0.412546754,
        -0.8801098
      ],
      [
        -0.9555288,
        0.0679552555,
        0.286961228
      ]
    ],
    "translation": [
      1.79126525,
      0.775778,
      -0.263421059
    ]
  },
  {
    "timeStamp": 67634,
    "rotation": [
      [
        0.145135522,
        0.9206737,
        0.3623473
      ],
      [
        -0.249694034,
        0.3884536,
        -0.886993051
      ],
      [
        -0.9573863,
        0.0382582247,
        0.286265165
      ]
    ],
    "translation": [
      1.79402483,
      0.7782255,
      -0.265065849
    ]
  },
  {
    "timeStamp": 67679,
    "rotation": [
      [
        0.122231185,
        0.9356114,
        0.33119598
      ],
      [
        -0.281436354,
        0.352674574,
        -0.8924204
      ],
      [
        -0.951763153,
        0.015871,
        0.3064229
      ]
    ],
    "translation": [
      1.795467,
      0.7946456,
      -0.274658173
    ]
  },
  {
    "timeStamp": 67736,
    "rotation": [
      [
        0.138280571,
        0.949548244,
        0.281489879
      ],
      [
        -0.343035966,
        0.3125473,
        -0.885799348
      ],
      [
        -0.9290881,
        0.02592768,
        0.36894843
      ]
    ],
    "translation": [
      1.796409,
      0.82632643,
      -0.3010076
    ]
  },
  {
    "timeStamp": 67779,
    "rotation": [
      [
        0.154465556,
        0.9572384,
        0.244611859
      ],
      [
        -0.356075823,
        0.284881443,
        -0.889973342
      ],
      [
        -0.921602,
        0.0503698625,
        0.38485384
      ]
    ],
    "translation": [
      1.80051923,
      0.8506378,
      -0.331779182
    ]
  },
  {
    "timeStamp": 67834,
    "rotation": [
      [
        0.21394749,
        0.9579683,
        0.191110462
      ],
      [
        -0.326934576,
        0.2545791,
        -0.910111666
      ],
      [
        -0.9205108,
        0.132235482,
        0.367659539
      ]
    ],
    "translation": [
      1.80924141,
      0.87628746,
      -0.384277016
    ]
  },
  {
    "timeStamp": 67879,
    "rotation": [
      [
        0.210883155,
        0.966832,
        0.144098088
      ],
      [
        -0.357623577,
        0.213502511,
        -0.9091326
      ],
      [
        -0.9097438,
        0.140187889,
        0.390785962
      ]
    ],
    "translation": [
      1.82622063,
      0.9052109,
      -0.4291841
    ]
  },
  {
    "timeStamp": 67934,
    "rotation": [
      [
        0.187373608,
        0.9751776,
        0.117982477
      ],
      [
        -0.398367047,
        0.185228318,
        -0.898328543
      ],
      [
        -0.897883534,
        0.121322729,
        0.4231855
      ]
    ],
    "translation": [
      1.85906887,
      0.943036258,
      -0.479387164
    ]
  },
  {
    "timeStamp": 67979,
    "rotation": [
      [
        0.126420811,
        0.983924,
        0.12614055
      ],
      [
        -0.433530331,
        0.169176,
        -0.885116339
      ],
      [
        -0.8922271,
        0.05721138,
        0.447948247
      ]
    ],
    "translation": [
      1.896571,
      0.97324425,
      -0.5118842
    ]
  },
  {
    "timeStamp": 68034,
    "rotation": [
      [
        0.032361906,
        0.9869958,
        0.157454789
      ],
      [
        -0.4735358,
        0.153874919,
        -0.8672291
      ],
      [
        -0.8801798,
        -0.0464953035,
        0.472357541
      ]
    ],
    "translation": [
      1.95182514,
      1.00930238,
      -0.5462838
    ]
  },
  {
    "timeStamp": 68079,
    "rotation": [
      [
        -0.0338082537,
        0.9753522,
        0.2180484
      ],
      [
        -0.5014748,
        0.17216602,
        -0.847869039
      ],
      [
        -0.86451143,
        -0.13801074,
        0.483293921
      ]
    ],
    "translation": [
      1.99675381,
      1.031107,
      -0.56553787
    ]
  },
  {
    "timeStamp": 68134,
    "rotation": [
      [
        -0.07912105,
        0.9411959,
        0.328466356
      ],
      [
        -0.5203202,
        0.242062211,
        -0.8189461
      ],
      [
        -0.850298,
        -0.235703573,
        0.470570982
      ]
    ],
    "translation": [
      2.048771,
      1.0393548,
      -0.584131062
    ]
  },
  {
    "timeStamp": 68179,
    "rotation": [
      [
        -0.0976785049,
        0.9004413,
        0.423868328
      ],
      [
        -0.487276554,
        0.328091741,
        -0.809269667
      ],
      [
        -0.8677675,
        -0.285589337,
        0.4067164
      ]
    ],
    "translation": [
      2.089369,
      1.02590668,
      -0.591977358
    ]
  },
  {
    "timeStamp": 68235,
    "rotation": [
      [
        -0.1457914,
        0.8579651,
        0.492585778
      ],
      [
        -0.405167133,
        0.402454346,
        -0.8208959
      ],
      [
        -0.902543366,
        -0.319259137,
        0.28894487
      ]
    ],
    "translation": [
      2.132373,
      0.993808448,
      -0.594452262
    ]
  },
  {
    "timeStamp": 68284,
    "rotation": [
      [
        -0.183864176,
        0.834690869,
        0.519119561
      ],
      [
        -0.380076,
        0.426674128,
        -0.82066524
      ],
      [
        -0.9064967,
        -0.3481958,
        0.238795877
      ]
    ],
    "translation": [
      2.168814,
      0.9728096,
      -0.59895885
    ]
  },
  {
    "timeStamp": 68329,
    "rotation": [
      [
        -0.225678355,
        0.8108996,
        0.539917648
      ],
      [
        -0.3780466,
        0.4378882,
        -0.8156805
      ],
      [
        -0.8978586,
        -0.388195485,
        0.207735956
      ]
    ],
    "translation": [
      2.18954039,
      0.9607349,
      -0.5976038
    ]
  },
  {
    "timeStamp": 68384,
    "rotation": [
      [
        -0.224040881,
        0.8076824,
        0.5453942
      ],
      [
        -0.321812272,
        0.4669195,
        -0.823664367
      ],
      [
        -0.9199144,
        -0.360049039,
        0.15531303
      ]
    ],
    "translation": [
      2.20247841,
      0.936426,
      -0.593812168
    ]
  },
  {
    "timeStamp": 68429,
    "rotation": [
      [
        -0.255674571,
        0.8005881,
        0.541931033
      ],
      [
        -0.298228353,
        0.467910171,
        -0.831937432
      ],
      [
        -0.919614255,
        -0.374324471,
        0.119125336
      ]
    ],
    "translation": [
      2.21091437,
      0.919818163,
      -0.5915236
    ]
  },
  {
    "timeStamp": 68484,
    "rotation": [
      [
        -0.236940086,
        0.800695,
        0.550224364
      ],
      [
        -0.266325742,
        0.491124153,
        -0.8293779
      ],
      [
        -0.9343072,
        -0.343051761,
        0.0968786851
      ]
    ],
    "translation": [
      2.215113,
      0.9024262,
      -0.5901021
    ]
  },
  {
    "timeStamp": 68529,
    "rotation": [
      [
        -0.2503613,
        0.8049744,
        0.537899137
      ],
      [
        -0.239290684,
        0.486905336,
        -0.8400376
      ],
      [
        -0.938114643,
        -0.339027137,
        0.07072061
      ]
    ],
    "translation": [
      2.21694183,
      0.8921815,
      -0.5908493
    ]
  },
  {
    "timeStamp": 68584,
    "rotation": [
      [
        -0.227227539,
        0.8050541,
        0.5479557
      ],
      [
        -0.202413559,
        0.5113423,
        -0.835199237
      ],
      [
        -0.952573538,
        -0.300693929,
        0.0467628129
      ]
    ],
    "translation": [
      2.21497869,
      0.8810772,
      -0.5915562
    ]
  },
  {
    "timeStamp": 68629,
    "rotation": [
      [
        -0.226989657,
        0.805849969,
        0.5468836
      ],
      [
        -0.203077853,
        0.510032654,
        -0.835838556
      ],
      [
        -0.9524889,
        -0.300786644,
        0.047878135
      ]
    ],
    "translation": [
      2.213416,
      0.8797452,
      -0.592880249
    ]
  }
]