[
  {
    "timeStamp": 65258,
    "rotation": [
      [
        0.8373471,
        0.5455783,
        0.0345576629
      ],
      [
        -0.219015464,
        0.3927188,
        -0.893198848
      ],
      [
        -0.5008813,
        0.7403488,
        0.448331982
      ]
    ],
    "translation": [
      1.63467777,
      0.770378947,
      -0.6526424
    ]
  },
  {
    "timeStamp": 65302,
    "rotation": [
      [
        0.81379,
        0.579552531,
        0.0431816168
      ],
      [
        -0.22024475,
        0.376313716,
        -0.899933457
      ],
      [
        -0.537808537,
        0.7228463,
        0.433883756
      ]
    ],
    "translation": [
      1.63562107,
      0.7760794,
      -0.651363
    ]
  },
  {
    "timeStamp": 65358,
    "rotation": [
      [
        0.798419058,
        0.6017429,
        -0.0207955968
      ],
      [
        -0.248847365,
        0.2983373,
        -0.92144984
      ],
      [
        -0.548271835,
        0.740878046,
        0.387940347
      ]
    ],
    "translation": [
      1.63977623,
      0.788653851,
      -0.655240238
    ]
  },
  {
    "timeStamp": 65404,
    "rotation": [
      [
        0.7851503,
        0.6162416,
        -0.0615255348
      ],
      [
        -0.2866342,
        0.273529857,
        -0.9181624
      ],
      [
        -0.5489808,
        0.738530755,
        0.391397953
      ]
    ],
    "translation": [
      1.6461513,
      0.813063443,
      -0.659213364
    ]
  },
  {
    "timeStamp": 65457,
    "rotation": [
      [
        0.7721568,
        0.6241764,
        -0.1190709
      ],
      [
        -0.312565356,
        0.2099431,
        -0.9264053
      ],
      [
        -0.5532422,
        0.752547562,
        0.357204884
      ]
    ],
    "translation": [
      1.66069591,
      0.842707753,
      -0.668637455
    ]
  },
  {
    "timeStamp": 65502,
    "rotation": [
      [
        0.7493754,
        0.6424871,
        -0.160146385
      ],
      [
        -0.34500894,
        0.172433436,
        -0.9226243
      ],
      [
        -0.5651596,
        0.746643841,
        0.350881159
      ]
    ],
    "translation": [
      1.68156409,
      0.8684169,
      -0.6741123
    ]
  },
  {
    "timeStamp": 65558,
    "rotation": [
      [
        0.694555044,
        0.693341434,
        -0.192017958
      ],
      [
        -0.391659468,
        0.140513331,
        -0.9093178
      ],
      [
        -0.603486657,
        0.7067769,
        0.369148
      ]
    ],
    "translation": [
      1.71720266,
      0.9008427,
      -0.6743274
    ]
  },
  {
    "timeStamp": 65602,
    "rotation": [
      [
        0.631956637,
        0.7538889,
        -0.179672986
      ],
      [
        -0.430427969,
        0.148626909,
        -0.8903043
      ],
      [
        -0.6444863,
        0.63997,
        0.418420643
      ]
    ],
    "translation": [
      1.75428593,
      0.924740136,
      -0.6670852
    ]
  },
  {
    "timeStamp": 65657,
    "rotation": [
      [
        0.5258911,
        0.840719044,
        -0.1289571
      ],
      [
        -0.4705704,
        0.161289334,
        -0.867495954
      ],
      [
        -0.708521,
        0.5168918,
        0.480438143
      ]
    ],
    "translation": [
      1.811688,
      0.952393532,
      -0.653220654
    ]
  },
  {
    "timeStamp": 65702,
    "rotation": [
      [
        0.4362566,
        0.8982562,
        -0.05306571
      ],
      [
        -0.5041138,
        0.195132047,
        -0.8413042
      ],
      [
        -0.745351851,
        0.393775672,
        0.537951
      ]
    ],
    "translation": [
      1.86410475,
      0.972542644,
      -0.639979839
    ]
  },
  {
    "timeStamp": 65758,
    "rotation": [
      [
        0.335954219,
        0.939783633,
        0.06278098
      ],
      [
        -0.5410089,
        0.247103289,
        -0.803896368
      ],
      [
        -0.771002054,
        0.23610732,
        0.5914467
      ]
    ],
    "translation": [
      1.93179834,
      0.9910936,
      -0.623875856
    ]
  },
  {
    "timeStamp": 65802,
    "rotation": [
      [
        0.268432528,
        0.946837664,
        0.1773199
      ],
      [
        -0.5678332,
        0.304223329,
        -0.7648618
      ],
      [
        -0.778144836,
        0.104625665,
        0.6193093
      ]
    ],
    "translation": [
      1.98739779,
      1.00199509,
      -0.6130379
    ]
  },
  {
    "timeStamp": 65857,
    "rotation": [
      [
        0.2127241,
        0.9288313,
        0.303349346
      ],
      [
        -0.5827911,
        0.3697969,
        -0.7236054
      ],
      [
        -0.784285,
        -0.022860989,
        0.6199794
      ]
    ],
    "translation": [
      2.051575,
      1.00829542,
      -0.60119164
    ]
  },
  {
    "timeStamp": 65908,
    "rotation": [
      [
        0.175342336,
        0.8994042,
        0.400408745
      ],
      [
        -0.5727623,
        0.423988968,
        -0.701553047
      ],
      [
        -0.800748646,
        -0.1063271,
        0.589488
      ]
    ],
    "translation": [
      2.10461664,
      1.00272942,
      -0.5905516
    ]
  },
  {
    "timeStamp": 65952,
    "rotation": [
      [
        0.170231074,
        0.8756748,
        0.4519016
      ],
      [
        -0.5577056,
        0.463695467,
        -0.688441
      ],
      [
        -0.812395155,
        -0.134834036,
        0.5673041
      ]
    ],
    "translation": [
      2.14020848,
      0.992141247,
      -0.5833739
    ]
  },
  {
    "timeStamp": 66008,
    "rotation": [
      [
        0.1625136,
        0.8578178,
        0.487583876
      ],
      [
        -0.5383421,
        0.4912089,
        -0.6847639
      ],
      [
        -0.8269082,
        -0.151203454,
        0.5416276
      ]
    ],
    "translation": [
      2.170099,
      0.9747575,
      -0.575110435
    ]
  },
  {
    "timeStamp": 66052,
    "rotation": [
      [
        0.1925154,
        0.839369357,
        0.5083276
      ],
      [
        -0.5008839,
        0.529506564,
        -0.6846445
      ],
      [
        -0.8438325,
        -0.122808509,
        0.522364736
      ]
    ],
    "translation": [
      2.18401551,
      0.9562032,
      -0.57002
    ]
  },
  {
    "timeStamp": 66108,
    "rotation": [
      [
        0.193502158,
        0.8424852,
        0.5027679
      ],
      [
        -0.481565654,
        0.5280341,
        -0.6994816
      ],
      [
        -0.8547815,
        -0.106764562,
        0.5078877
      ]
    ],
    "translation": [
      2.19589281,
      0.933482945,
      -0.56529206
    ]
  },
  {
    "timeStamp": 66152,
    "rotation": [
      [
        0.21721442,
        0.8317782,
        0.5108452
      ],
      [
        -0.460965,
        0.5487175,
        -0.6974384
      ],
      [
        -0.8604238,
        -0.08398806,
        0.50261
      ]
    ],
    "translation": [
      2.20166373,
      0.916182458,
      -0.562443733
    ]
  },
  {
    "timeStamp": 66208,
    "rotation": [
      [
        0.202498078,
        0.8424657,
        0.499245524
      ],
      [
        -0.4581276,
        0.5320773,
        -0.712048352
      ],
      [
        -0.865513563,
        -0.08452972,
        0.4937014
      ]
    ],
    "translation": [
      2.208233,
      0.9014001,
      -0.5585137
    ]
  },
  {
    "timeStamp": 66252,
    "rotation": [
      [
        0.207809642,
        0.8456032,
        0.491701365
      ],
      [
        -0.444172055,
        0.5294373,
        -0.7227775
      ],
      [
        -0.871508062,
        -0.06819988,
        0.485615522
      ]
    ],
    "translation": [
      2.21043444,
      0.89090997,
      -0.5556662
    ]
  },
  {
    "timeStamp": 66308,
    "rotation": [
      [
        0.2043478,
        0.850114,
        0.485333025
      ],
      [
        -0.430698931,
        0.523308039,
        -0.73528713
      ],
      [
        -0.8790565,
        -0.0587780774,
        0.473080039
      ]
    ],
    "translation": [
      2.21274,
      0.8798276,
      -0.5519196
    ]
  },
  {
    "timeStamp": 66352,
    "rotation": [
      [
        0.207950816,
        0.8481722,
        0.487196445
      ],
      [
        -0.425981373,
        0.526899755,
        -0.7354703
      ],
      [
        -0.880509138,
        -0.0545949563,
        0.470874816
      ]
    ],
    "translation": [
      2.21480322,
      0.8728813,
      -0.549933255
    ]
  },
  {
    "timeStamp": 66409,
    "rotation": [
      [
        0.2185782,
        0.84432435,
        0.4892238
      ],
      [
        -0.406516969,
        0.534558654,
        -0.74093926
      ],
      [
        -0.8871119,
        -0.036924623,
        0.460075051
      ]
    ],
    "translation": [
      2.217283,
      0.865083,
      -0.5478526
    ]
  },
  {
    "timeStamp": 66455,
    "rotation": [
      [
        0.223973855,
        0.8248416,
        0.519107044
      ],
      [
        -0.388625264,
        0.5640477,
        -0.7285744
      ],
      [
        -0.893759549,
        -0.0385564826,
        0.4468862
      ]
    ],
    "translation": [
      2.22022462,
      0.862784,
      -0.547079444
    ]
  }
]