[
  {
    "timeStamp": 96805,
    "rotation": [
      [
        0.9999044,
        -0.005498561,
        -0.01268886
      ],
      [
        0.005036077,
        0.999332,
        -0.036196515
      ],
      [
        0.0128794126,
        0.0361291543,
        0.9992642
      ]
    ],
    "translation": [
      1.77106524,
      0.6971093,
      -0.6228475
    ]
  },
  {
    "timeStamp": 96851,
    "rotation": [
      [
        0.995132,
        0.0130680809,
        -0.09768035
      ],
      [
        -0.0235574879,
        0.9939781,
        -0.107016653
      ],
      [
        0.0956936255,
        0.108796805,
        0.9894473
      ]
    ],
    "translation": [
      1.77947688,
      0.7013621,
      -0.6282284
    ]
  },
  {
    "timeStamp": 96905,
    "rotation": [
      [
        0.99955225,
        0.000422881159,
        -0.02991914
      ],
      [
        -0.00183788082,
        0.9988799,
        -0.0472824536
      ],
      [
        0.0298656318,
        0.04731627,
        0.998433352
      ]
    ],
    "translation": [
      1.780477,
      0.6976677,
      -0.6362225
    ]
  },
  {
    "timeStamp": 96949,
    "rotation": [
      [
        0.991782069,
        0.008021034,
        0.127687067
      ],
      [
        0.025767399,
        0.9650582,
        -0.2607657
      ],
      [
        -0.125317067,
        0.2619129,
        0.956920743
      ]
    ],
    "translation": [
      1.78355539,
      0.7367503,
      -0.651117563
    ]
  },
  {
    "timeStamp": 97005,
    "rotation": [
      [
        0.956818342,
        0.133051813,
        0.258448958
      ],
      [
        -0.0694341,
        0.9679722,
        -0.24126482
      ],
      [
        -0.28227213,
        0.212901428,
        0.93541193
      ]
    ],
    "translation": [
      1.79369092,
      0.782697558,
      -0.644425631
    ]
  },
  {
    "timeStamp": 97050,
    "rotation": [
      [
        0.888918161,
        0.230286539,
        0.395970523
      ],
      [
        -0.148063,
        0.9624865,
        -0.227369934
      ],
      [
        -0.4334765,
        0.143484682,
        0.889668643
      ]
    ],
    "translation": [
      1.81142581,
      0.822816432,
      -0.6340596
    ]
  },
  {
    "timeStamp": 97108,
    "rotation": [
      [
        0.7786045,
        0.269413382,
        0.566737533
      ],
      [
        -0.215695918,
        0.9630183,
        -0.16146493
      ],
      [
        -0.5892794,
        0.00347435265,
        0.8079218
      ]
    ],
    "translation": [
      1.8492409,
      0.8738564,
      -0.6197078
    ]
  },
  {
    "timeStamp": 97153,
    "rotation": [
      [
        0.6880749,
        0.244761452,
        0.683114052
      ],
      [
        -0.25701198,
        0.9625728,
        -0.0860138237
      ],
      [
        -0.6785999,
        -0.116384529,
        0.725228846
      ]
    ],
    "translation": [
      1.88738763,
      0.9139102,
      -0.61048
    ]
  },
  {
    "timeStamp": 97199,
    "rotation": [
      [
        0.60363555,
        0.1573389,
        0.781580865
      ],
      [
        -0.2615473,
        0.9651599,
        0.00770496065
      ],
      [
        -0.753138244,
        -0.209071353,
        0.623756349
      ]
    ],
    "translation": [
      1.93129373,
      0.9464957,
      -0.60413307
    ]
  },
  {
    "timeStamp": 97255,
    "rotation": [
      [
        0.449290127,
        0.09286815,
        0.88854593
      ],
      [
        -0.279419959,
        0.9592921,
        0.0410253927
      ],
      [
        -0.848565161,
        -0.266709775,
        0.456949681
      ]
    ],
    "translation": [
      1.986867,
      0.9786701,
      -0.601696551
    ]
  },
  {
    "timeStamp": 97299,
    "rotation": [
      [
        0.318052262,
        0.00743598444,
        0.948044062
      ],
      [
        -0.218816191,
        0.9735468,
        0.065773
      ],
      [
        -0.9224762,
        -0.228366628,
        0.3112659
      ]
    ],
    "translation": [
      2.03226233,
      0.985142,
      -0.603924751
    ]
  },
  {
    "timeStamp": 97349,
    "rotation": [
      [
        0.2209004,
        -0.0525393523,
        0.973880231
      ],
      [
        -0.153192878,
        0.9842838,
        0.08784859
      ],
      [
        -0.96318996,
        -0.1685973,
        0.209380046
      ]
    ],
    "translation": [
      2.074577,
      0.9794954,
      -0.6097472
    ]
  },
  {
    "timeStamp": 97405,
    "rotation": [
      [
        0.167485729,
        -0.09700796,
        0.9810902
      ],
      [
        -0.09327359,
        0.9891242,
        0.113725431
      ],
      [
        -0.9814523,
        -0.110557191,
        0.1566159
      ]
    ],
    "translation": [
      2.10279083,
      0.963662744,
      -0.615291953
    ]
  },
  {
    "timeStamp": 97449,
    "rotation": [
      [
        0.128350571,
        -0.06269573,
        0.98974514
      ],
      [
        -0.07963026,
        0.994125843,
        0.07329971
      ],
      [
        -0.988526762,
        -0.08822172,
        0.122604154
      ]
    ],
    "translation": [
      2.11705017,
      0.948865235,
      -0.6181219
    ]
  },
  {
    "timeStamp": 97504,
    "rotation": [
      [
        0.120809935,
        -0.107288972,
        0.9868607
      ],
      [
        -0.0295831375,
        0.9933114,
        0.111611806
      ],
      [
        -0.9922347,
        -0.04267825,
        0.11682795
      ]
    ],
    "translation": [
      2.13142824,
      0.929158,
      -0.623228669
    ]
  },
  {
    "timeStamp": 97550,
    "rotation": [
      [
        0.09067269,
        -0.0454742275,
        0.994842
      ],
      [
        -0.0189678743,
        0.998696864,
        0.047379218
      ],
      [
        -0.9957001,
        -0.0231660381,
        0.08969198
      ]
    ],
    "translation": [
      2.1361587,
      0.916179657,
      -0.62717855
    ]
  },
  {
    "timeStamp": 97605,
    "rotation": [
      [
        0.10162808,
        -0.0551944226,
        0.9932902
      ],
      [
        -0.002589307,
        0.9984417,
        0.0557456
      ],
      [
        -0.9948191,
        -0.008237251,
        0.101326793
      ]
    ],
    "translation": [
      2.14132166,
      0.9025587,
      -0.630194664
    ]
  },
  {
    "timeStamp": 97649,
    "rotation": [
      [
        0.09909487,
        -0.02598912,
        0.9947385
      ],
      [
        -0.01048475,
        0.9995761,
        0.02715999
      ],
      [
        -0.9950227,
        -0.0131210014,
        0.09878037
      ]
    ],
    "translation": [
      2.14257622,
      0.8949735,
      -0.631331861
    ]
  },
  {
    "timeStamp": 97705,
    "rotation": [
      [
        0.110394254,
        -0.0308472756,
        0.993409038
      ],
      [
        -0.0141300606,
        0.9993685,
        0.032602556
      ],
      [
        -0.9937874,
        -0.0176360644,
        0.109888665
      ]
    ],
    "translation": [
      2.1453445,
      0.8880518,
      -0.632470131
    ]
  },
  {
    "timeStamp": 97750,
    "rotation": [
      [
        0.120821588,
        -0.0181364417,
        0.992508531
      ],
      [
        -0.0365818553,
        0.9990726,
        0.0227096267
      ],
      [
        -0.992,
        -0.03905162,
        0.120046064
      ]
    ],
    "translation": [
      2.146709,
      0.884133756,
      -0.6325478
    ]
  },
  {
    "timeStamp": 97806,
    "rotation": [
      [
        0.127820373,
        -0.0176862516,
        0.9916397
      ],
      [
        -0.0323249921,
        0.9992355,
        0.0219883528
      ],
      [
        -0.9912704,
        -0.0348653,
        0.127150953
      ]
    ],
    "translation": [
      2.14907765,
      0.88069737,
      -0.6340534
    ]
  },
  {
    "timeStamp": 97851,
    "rotation": [
      [
        0.139029488,
        -0.009967584,
        0.9902381
      ],
      [
        -0.0610098466,
        0.9979636,
        0.018611135
      ],
      [
        -0.9884071,
        -0.06300177,
        0.13813825
      ]
    ],
    "translation": [
      2.15060568,
      0.8790751,
      -0.634973466
    ]
  }
]