[
  {
    "timeStamp": 88991,
    "rotation": [
      [
        -0.2988399,
        0.382352054,
        -0.8743578
      ],
      [
        0.61916095,
        0.774887562,
        0.127236068
      ],
      [
        0.726177931,
        -0.503345,
        -0.468304783
      ]
    ],
    "translation": [
      1.64519286,
      0.701460838,
      -0.5809108
    ]
  },
  {
    "timeStamp": 89037,
    "rotation": [
      [
        -0.308922946,
        0.400640279,
        -0.8625856
      ],
      [
        0.615046,
        0.775940061,
        0.140126392
      ],
      [
        0.725455,
        -0.487241566,
        -0.486117929
      ]
    ],
    "translation": [
      1.64505136,
      0.701185048,
      -0.580364645
    ]
  },
  {
    "timeStamp": 89090,
    "rotation": [
      [
        -0.3035752,
        0.388896137,
        -0.869828641
      ],
      [
        0.6015319,
        0.786204338,
        0.141570017
      ],
      [
        0.7389191,
        -0.4802526,
        -0.4726056
      ]
    ],
    "translation": [
      1.6452179,
      0.70092386,
      -0.5808
    ]
  },
  {
    "timeStamp": 89146,
    "rotation": [
      [
        -0.328999341,
        0.3781743,
        -0.865299761
      ],
      [
        0.6031311,
        0.7892201,
        0.115605041
      ],
      [
        0.7266308,
        -0.483855218,
        -0.48774156
      ]
    ],
    "translation": [
      1.64509,
      0.7014433,
      -0.580358863
    ]
  },
  {
    "timeStamp": 89190,
    "rotation": [
      [
        -0.331674159,
        0.368179172,
        -0.868582964
      ],
      [
        0.607355237,
        0.787850559,
        0.102035321
      ],
      [
        0.721880853,
        -0.4936959,
        -0.484925181
      ]
    ],
    "translation": [
      1.64513052,
      0.7017569,
      -0.5804637
    ]
  },
  {
    "timeStamp": 89245,
    "rotation": [
      [
        -0.298362345,
        0.3734301,
        -0.8783677
      ],
      [
        0.6349692,
        0.7647464,
        0.10943985
      ],
      [
        0.7125968,
        -0.5250837,
        -0.4652881
      ]
    ],
    "translation": [
      1.64723539,
      0.703651667,
      -0.5792464
    ]
  },
  {
    "timeStamp": 89289,
    "rotation": [
      [
        -0.281655073,
        0.378615916,
        -0.8816578
      ],
      [
        0.648019433,
        0.752704,
        0.116221696
      ],
      [
        0.707630754,
        -0.5385969,
        -0.457353383
      ]
    ],
    "translation": [
      1.64878678,
      0.712515831,
      -0.578182757
    ]
  },
  {
    "timeStamp": 89345,
    "rotation": [
      [
        -0.257139564,
        0.381519437,
        -0.88787514
      ],
      [
        0.666629732,
        0.7351958,
        0.122849062
      ],
      [
        0.6996314,
        -0.5602946,
        -0.443380147
      ]
    ],
    "translation": [
      1.6538887,
      0.727365,
      -0.5774617
    ]
  },
  {
    "timeStamp": 89389,
    "rotation": [
      [
        -0.214091644,
        0.385673016,
        -0.8974526
      ],
      [
        0.6829417,
        0.7159837,
        0.144769192
      ],
      [
        0.698394954,
        -0.5819138,
        -0.41667828
      ]
    ],
    "translation": [
      1.66141081,
      0.74242115,
      -0.576967657
    ]
  },
  {
    "timeStamp": 89445,
    "rotation": [
      [
        -0.163535029,
        0.3779307,
        -0.9112764
      ],
      [
        0.7090852,
        0.687246,
        0.157768935
      ],
      [
        0.6858968,
        -0.6203719,
        -0.380373865
      ]
    ],
    "translation": [
      1.675755,
      0.7645861,
      -0.576023042
    ]
  },
  {
    "timeStamp": 89489,
    "rotation": [
      [
        -0.115410566,
        0.369209826,
        -0.9221521
      ],
      [
        0.7233953,
        0.6674418,
        0.176693857
      ],
      [
        0.6807199,
        -0.6466881,
        -0.3441145
      ]
    ],
    "translation": [
      1.69098639,
      0.7826349,
      -0.5775178
    ]
  },
  {
    "timeStamp": 89545,
    "rotation": [
      [
        -0.0702222,
        0.358659953,
        -0.9308232
      ],
      [
        0.7506966,
        0.633492768,
        0.18746084
      ],
      [
        0.656904459,
        -0.68560195,
        -0.313730061
      ]
    ],
    "translation": [
      1.71506476,
      0.8069057,
      -0.580912948
    ]
  },
  {
    "timeStamp": 89589,
    "rotation": [
      [
        -0.03220383,
        0.3359923,
        -0.941314
      ],
      [
        0.763782,
        0.6157401,
        0.193651915
      ],
      [
        0.644670367,
        -0.712722361,
        -0.2764541
      ]
    ],
    "translation": [
      1.7402178,
      0.825398564,
      -0.5861962
    ]
  },
  {
    "timeStamp": 89646,
    "rotation": [
      [
        0.0228387956,
        0.284915566,
        -0.9582805
      ],
      [
        0.784687161,
        0.5888282,
        0.193771675
      ],
      [
        0.619471133,
        -0.7563759,
        -0.210121468
      ]
    ],
    "translation": [
      1.77938032,
      0.849278867,
      -0.5945111
    ]
  },
  {
    "timeStamp": 89690,
    "rotation": [
      [
        0.0535154529,
        0.228847414,
        -0.9719902
      ],
      [
        0.801040947,
        0.5713389,
        0.1786206
      ],
      [
        0.5962127,
        -0.788162947,
        -0.152740672
      ]
    ],
    "translation": [
      1.81628025,
      0.8682263,
      -0.6040371
    ]
  },
  {
    "timeStamp": 89746,
    "rotation": [
      [
        0.107859932,
        0.158557728,
        -0.9814406
      ],
      [
        0.8161207,
        0.549626648,
        0.178486884
      ],
      [
        0.5677264,
        -0.8202256,
        -0.0701195449
      ]
    ],
    "translation": [
      1.86572325,
      0.8900664,
      -0.6194214
    ]
  },
  {
    "timeStamp": 89790,
    "rotation": [
      [
        0.110414028,
        0.092349194,
        -0.989585936
      ],
      [
        0.835385263,
        0.5308064,
        0.142744347
      ],
      [
        0.5384609,
        -0.8424465,
        -0.01853868
      ]
    ],
    "translation": [
      1.906861,
      0.906429,
      -0.634019434
    ]
  },
  {
    "timeStamp": 89846,
    "rotation": [
      [
        0.1555426,
        -0.000367719767,
        -0.9878291
      ],
      [
        0.836955547,
        0.531215549,
        0.131588444
      ],
      [
        0.5247018,
        -0.847236633,
        0.08293441
      ]
    ],
    "translation": [
      1.95988035,
      0.9199532,
      -0.6564703
    ]
  },
  {
    "timeStamp": 89890,
    "rotation": [
      [
        0.17238532,
        -0.06559083,
        -0.9828434
      ],
      [
        0.838590145,
        0.5332303,
        0.11149855
      ],
      [
        0.516768634,
        -0.843423545,
        0.1469249
      ]
    ],
    "translation": [
      1.99972308,
      0.9269371,
      -0.675354064
    ]
  },
  {
    "timeStamp": 89946,
    "rotation": [
      [
        0.21095565,
        -0.138537154,
        -0.967628658
      ],
      [
        0.839076,
        0.5334777,
        0.106550522
      ],
      [
        0.501447141,
        -0.834391356,
        0.228783339
      ]
    ],
    "translation": [
      2.04672623,
      0.9313624,
      -0.6986454
    ]
  },
  {
    "timeStamp": 89990,
    "rotation": [
      [
        0.18850565,
        -0.197756618,
        -0.961955249
      ],
      [
        0.842992842,
        0.5350859,
        0.0551918931
      ],
      [
        0.5038141,
        -0.821325362,
        0.267574131
      ]
    ],
    "translation": [
      2.08131337,
      0.931669,
      -0.714188635
    ]
  },
  {
    "timeStamp": 90040,
    "rotation": [
      [
        0.249730021,
        -0.222449467,
        -0.9424177
      ],
      [
        0.8150088,
        0.573826432,
        0.0805214047
      ],
      [
        0.522872269,
        -0.7881874,
        0.3246
      ]
    ],
    "translation": [
      2.11545157,
      0.917791665,
      -0.731607556
    ]
  },
  {
    "timeStamp": 90096,
    "rotation": [
      [
        0.267846316,
        -0.2765674,
        -0.922913253
      ],
      [
        0.7934245,
        0.6067376,
        0.04844658
      ],
      [
        0.54656744,
        -0.7452382,
        0.3819478
      ]
    ],
    "translation": [
      2.145408,
      0.903455,
      -0.7456201
    ]
  },
  {
    "timeStamp": 90140,
    "rotation": [
      [
        0.303220361,
        -0.259379625,
        -0.916940331
      ],
      [
        0.776529133,
        0.6249825,
        0.0799962
      ],
      [
        0.552322268,
        -0.736287355,
        0.390923262
      ]
    ],
    "translation": [
      2.15748167,
      0.8915487,
      -0.749834657
    ]
  },
  {
    "timeStamp": 90196,
    "rotation": [
      [
        0.296636641,
        -0.258878529,
        -0.9192326
      ],
      [
        0.759448767,
        0.64753747,
        0.06271185
      ],
      [
        0.5790028,
        -0.7167127,
        0.388688326
      ]
    ],
    "translation": [
      2.166575,
      0.875627458,
      -0.7540721
    ]
  },
  {
    "timeStamp": 90240,
    "rotation": [
      [
        0.321097761,
        -0.206852883,
        -0.9241797
      ],
      [
        0.734762132,
        0.670101464,
        0.105302081
      ],
      [
        0.5975122,
        -0.7128646,
        0.367155761
      ]
    ],
    "translation": [
      2.16346717,
      0.862579346,
      -0.752855
    ]
  },
  {
    "timeStamp": 90296,
    "rotation": [
      [
        0.437167645,
        -0.0820889547,
        -0.895625949
      ],
      [
        0.6527902,
        0.7139722,
        0.2531967
      ],
      [
        0.6186674,
        -0.6953453,
        0.365712434
      ]
    ],
    "translation": [
      2.148841,
      0.843465149,
      -0.7509394
    ]
  },
  {
    "timeStamp": 90340,
    "rotation": [
      [
        0.458555,
        -0.06301699,
        -0.8864289
      ],
      [
        0.650209367,
        0.703735769,
        0.286328048
      ],
      [
        0.605768144,
        -0.7076615,
        0.363675833
      ]
    ],
    "translation": [
      2.14543629,
      0.8366162,
      -0.746051
    ]
  },
  {
    "timeStamp": 90396,
    "rotation": [
      [
        0.557987869,
        0.08421332,
        -0.8255651
      ],
      [
        0.574086368,
        0.6791924,
        0.4572992
      ],
      [
        0.5992282,
        -0.729113042,
        0.3306354
      ]
    ],
    "translation": [
      2.1242466,
      0.827756345,
      -0.738412857
    ]
  },
  {
    "timeStamp": 90441,
    "rotation": [
      [
        0.569164038,
        0.06942996,
        -0.8192874
      ],
      [
        0.5651698,
        0.6906804,
        0.4511582
      ],
      [
        0.5971896,
        -0.7198195,
        0.35387072
      ]
    ],
    "translation": [
      2.12229419,
      0.8210633,
      -0.7352027
    ]
  },
  {
    "timeStamp": 90487,
    "rotation": [
      [
        0.488206148,
        0.124662392,
        -0.8637789
      ],
      [
        0.581011057,
        0.6921047,
        0.428272337
      ],
      [
        0.6512149,
        -0.7109503,
        0.265459567
      ]
    ],
    "translation": [
      2.12184644,
      0.8195451,
      -0.7293011
    ]
  },
  {
    "timeStamp": 90544,
    "rotation": [
      [
        0.5284192,
        0.2726879,
        -0.803999
      ],
      [
        0.4769921,
        0.6880558,
        0.5468617
      ],
      [
        0.7023188,
        -0.672473431,
        0.23351191
      ]
    ],
    "translation": [
      2.11632633,
      0.8116656,
      -0.727560639
    ]
  },
  {
    "timeStamp": 90589,
    "rotation": [
      [
        0.5586382,
        0.395186335,
        -0.7292127
      ],
      [
        0.368124753,
        0.6697133,
        0.644956
      ],
      [
        0.743241251,
        -0.6287383,
        0.228649572
      ]
    ],
    "translation": [
      2.11014056,
      0.805601954,
      -0.7275401
    ]
  },
  {
    "timeStamp": 90645,
    "rotation": [
      [
        0.617826045,
        0.5120559,
        -0.5967325
      ],
      [
        0.133459538,
        0.6795995,
        0.721341133
      ],
      [
        0.7749061,
        -0.525303,
        0.351535529
      ]
    ],
    "translation": [
      2.1006043,
      0.8021467,
      -0.7353082
    ]
  },
  {
    "timeStamp": 90690,
    "rotation": [
      [
        0.691556156,
        0.5932244,
        -0.412110329
      ],
      [
        -0.109253675,
        0.649876237,
        0.7521466
      ],
      [
        0.714012444,
        -0.475127041,
        0.5142379
      ]
    ],
    "translation": [
      2.08668256,
      0.804925859,
      -0.7418405
    ]
  },
  {
    "timeStamp": 90746,
    "rotation": [
      [
        0.6618151,
        0.658320069,
        -0.358629823
      ],
      [
        -0.136808023,
        0.576411366,
        0.805626154
      ],
      [
        0.7370782,
        -0.484112144,
        0.471541256
      ]
    ],
    "translation": [
      2.08374143,
      0.802911162,
      -0.7392801
    ]
  },
  {
    "timeStamp": 90790,
    "rotation": [
      [
        0.657685161,
        0.6822576,
        -0.319334984
      ],
      [
        -0.15493761,
        0.5373718,
        0.828990936
      ],
      [
        0.7371869,
        -0.495738059,
        0.4591288
      ]
    ],
    "translation": [
      2.08263445,
      0.802216,
      -0.738126934
    ]
  },
  {
    "timeStamp": 90845,
    "rotation": [
      [
        0.662343264,
        0.66775167,
        -0.3397193
      ],
      [
        -0.0569077358,
        0.496973246,
        0.8658979
      ],
      [
        0.7470361,
        -0.554188967,
        0.3671671
      ]
    ],
    "translation": [
      2.08320451,
      0.799533665,
      -0.7324421
    ]
  },
  {
    "timeStamp": 90890,
    "rotation": [
      [
        0.6616622,
        0.6574051,
        -0.360585183
      ],
      [
        0.07857718,
        0.417463452,
        0.905289948
      ],
      [
        0.745673358,
        -0.627329946,
        0.224562764
      ]
    ],
    "translation": [
      2.08483362,
      0.7970604,
      -0.723562956
    ]
  },
  {
    "timeStamp": 90945,
    "rotation": [
      [
        0.6622847,
        0.57744664,
        -0.477424681
      ],
      [
        0.251409322,
        0.428988546,
        0.8676187
      ],
      [
        0.7058132,
        -0.694639564,
        0.138937086
      ]
    ],
    "translation": [
      2.09287977,
      0.7887323,
      -0.716112256
    ]
  },
  {
    "timeStamp": 90990,
    "rotation": [
      [
        0.631223142,
        0.41707325,
        -0.6539169
      ],
      [
        0.4016238,
        0.5455031,
        0.7356118
      ],
      [
        0.6635177,
        -0.726963758,
        0.176827624
      ]
    ],
    "translation": [
      2.10780573,
      0.784117758,
      -0.714436948
    ]
  },
  {
    "timeStamp": 91045,
    "rotation": [
      [
        0.5288288,
        0.285372138,
        -0.799313962
      ],
      [
        0.587000549,
        0.557229,
        0.5873042
      ],
      [
        0.613001168,
        -0.7797811,
        0.127165154
      ]
    ],
    "translation": [
      2.12172365,
      0.7844891,
      -0.708833
    ]
  },
  {
    "timeStamp": 91090,
    "rotation": [
      [
        0.375381261,
        0.212433368,
        -0.9021979
      ],
      [
        0.7055016,
        0.565806746,
        0.426767081
      ],
      [
        0.601129234,
        -0.796702445,
        0.0625211746
      ]
    ],
    "translation": [
      2.13321376,
      0.7841797,
      -0.7052605
    ]
  },
  {
    "timeStamp": 91145,
    "rotation": [
      [
        0.281221,
        0.06433536,
        -0.957484
      ],
      [
        0.6914209,
        0.6783131,
        0.248653337
      ],
      [
        0.665471137,
        -0.731951058,
        0.146273062
      ]
    ],
    "translation": [
      2.14564228,
      0.784303069,
      -0.7104919
    ]
  },
  {
    "timeStamp": 91190,
    "rotation": [
      [
        0.3711605,
        -0.05752939,
        -0.926784933
      ],
      [
        0.575183451,
        0.7977876,
        0.180828527
      ],
      [
        0.7289745,
        -0.6001878,
        0.3291972
      ]
    ],
    "translation": [
      2.14512348,
      0.7823006,
      -0.72195363
    ]
  },
  {
    "timeStamp": 91245,
    "rotation": [
      [
        0.2995042,
        -0.09840747,
        -0.9490064
      ],
      [
        0.5778209,
        0.810217,
        0.0983432457
      ],
      [
        0.7592234,
        -0.57780993,
        0.2995253
      ]
    ],
    "translation": [
      2.14439273,
      0.779436648,
      -0.723899841
    ]
  },
  {
    "timeStamp": 91289,
    "rotation": [
      [
        0.2899237,
        -0.151875272,
        -0.944922268
      ],
      [
        0.506277,
        0.862208,
        0.016756529
      ],
      [
        0.812174737,
        -0.4832506,
        0.326865524
      ]
    ],
    "translation": [
      2.14651084,
      0.780174,
      -0.7297837
    ]
  },
  {
    "timeStamp": 91345,
    "rotation": [
      [
        0.294411421,
        -0.1239752,
        -0.947603345
      ],
      [
        0.5235935,
        0.8504154,
        0.0514154769
      ],
      [
        0.7994822,
        -0.5112962,
        0.3152846
      ]
    ],
    "translation": [
      2.14539433,
      0.776255846,
      -0.727745831
    ]
  },
  {
    "timeStamp": 91389,
    "rotation": [
      [
        0.3512663,
        -0.0452643968,
        -0.9351808
      ],
      [
        0.430265218,
        0.8949176,
        0.118297726
      ],
      [
        0.8315551,
        -0.443929762,
        0.3338301
      ]
    ],
    "translation": [
      2.13947964,
      0.7715572,
      -0.7323003
    ]
  },
  {
    "timeStamp": 91445,
    "rotation": [
      [
        0.42626217,
        0.007840976,
        -0.9045657
      ],
      [
        0.397460371,
        0.8966456,
        0.195069179
      ],
      [
        0.812604368,
        -0.4426796,
        0.3790896
      ]
    ],
    "translation": [
      2.13276672,
      0.766271949,
      -0.7353242
    ]
  },
  {
    "timeStamp": 91489,
    "rotation": [
      [
        0.5388402,
        0.07088443,
        -0.839420438
      ],
      [
        0.3602702,
        0.8813398,
        0.305688649
      ],
      [
        0.761483252,
        -0.4671355,
        0.4493637
      ]
    ],
    "translation": [
      2.12156773,
      0.7632204,
      -0.735921
    ]
  },
  {
    "timeStamp": 91546,
    "rotation": [
      [
        0.543762147,
        0.07282852,
        -0.8360734
      ],
      [
        0.36073193,
        0.8792201,
        0.311198384
      ],
      [
        0.75775665,
        -0.470816284,
        0.451815069
      ]
    ],
    "translation": [
      2.121287,
      0.7628974,
      -0.7360112
    ]
  }
]