[
  {
    "timeStamp": 64479,
    "rotation": [
      [
        0.9997416,
        -0.0215622224,
        -0.00719123846
      ],
      [
        0.0194104556,
        0.9745119,
        -0.223494485
      ],
      [
        0.0118269846,
        0.223297149,
        0.9746787
      ]
    ],
    "translation": [
      1.46075118,
      0.701899,
      -0.749917
    ]
  },
  {
    "timeStamp": 64535,
    "rotation": [
      [
        0.999931037,
        -0.00279501826,
        -0.0114071956
      ],
      [
        8.14615E-05,
        0.9728966,
        -0.2312407
      ],
      [
        0.0117443427,
        0.231223837,
        0.9728297
      ]
    ],
    "translation": [
      1.46080565,
      0.7035134,
      -0.749881744
    ]
  },
  {
    "timeStamp": 64579,
    "rotation": [
      [
        0.9999241,
        -0.001523502,
        -0.0122242849
      ],
      [
        -0.00146417425,
        0.9705909,
        -0.240730673
      ],
      [
        0.0122315325,
        0.2407303,
        0.970514953
      ]
    ],
    "translation": [
      1.46085262,
      0.7038795,
      -0.7498193
    ]
  },
  {
    "timeStamp": 64626,
    "rotation": [
      [
        0.999927461,
        -0.0004794877,
        -0.0120362919
      ],
      [
        -0.00236222357,
        0.9720008,
        -0.234965608
      ],
      [
        0.0118119484,
        0.234976992,
        0.9719292
      ]
    ],
    "translation": [
      1.4608053,
      0.7036818,
      -0.7498896
    ]
  },
  {
    "timeStamp": 64679,
    "rotation": [
      [
        0.999925852,
        -3.796468E-05,
        -0.0121813882
      ],
      [
        -0.00285503315,
        0.971411049,
        -0.2373868
      ],
      [
        0.0118421474,
        0.237403959,
        0.971338868
      ]
    ],
    "translation": [
      1.460808,
      0.7037787,
      -0.749873757
    ]
  },
  {
    "timeStamp": 64735,
    "rotation": [
      [
        0.999922,
        0.0003276001,
        -0.0124889733
      ],
      [
        -0.003459665,
        0.9678228,
        -0.251608849
      ],
      [
        0.0120046865,
        0.251632422,
        0.9677484
      ]
    ],
    "translation": [
      1.46083021,
      0.7043101,
      -0.7498087
    ]
  },
  {
    "timeStamp": 64779,
    "rotation": [
      [
        0.999747038,
        0.00210317527,
        0.022392625
      ],
      [
        0.003147786,
        0.9727348,
        -0.23189874
      ],
      [
        -0.02226981,
        0.231910557,
        0.972482145
      ]
    ],
    "translation": [
      1.46250463,
      0.7038912,
      -0.7455343
    ]
  },
  {
    "timeStamp": 64835,
    "rotation": [
      [
        0.9995427,
        0.0179726947,
        0.0243180413
      ],
      [
        -0.0117977923,
        0.9722523,
        -0.2336371
      ],
      [
        -0.0278423578,
        0.233243361,
        0.972019732
      ]
    ],
    "translation": [
      1.46306884,
      0.7098965,
      -0.744119763
    ]
  },
  {
    "timeStamp": 64879,
    "rotation": [
      [
        0.9990708,
        0.0230333079,
        0.0364267
      ],
      [
        -0.0141011151,
        0.9733853,
        -0.2287407
      ],
      [
        -0.0407258719,
        0.228014514,
        0.9728056
      ]
    ],
    "translation": [
      1.46385634,
      0.713094,
      -0.7415457
    ]
  },
  {
    "timeStamp": 64935,
    "rotation": [
      [
        0.9984975,
        0.0366424546,
        0.04074331
      ],
      [
        -0.0264235213,
        0.9733457,
        -0.227815434
      ],
      [
        -0.04800504,
        0.226396561,
        0.9728515
      ]
    ],
    "translation": [
      1.464584,
      0.718718946,
      -0.739642
    ]
  },
  {
    "timeStamp": 64979,
    "rotation": [
      [
        0.998110652,
        0.0373883843,
        0.0487574525
      ],
      [
        -0.0254391786,
        0.973801851,
        -0.225970849
      ],
      [
        -0.0559287779,
        0.224303558,
        0.972913146
      ]
    ],
    "translation": [
      1.46594393,
      0.722141,
      -0.7382417
    ]
  },
  {
    "timeStamp": 65035,
    "rotation": [
      [
        0.9965585,
        0.04836584,
        0.06731962
      ],
      [
        -0.0324298181,
        0.974884868,
        -0.220335662
      ],
      [
        -0.07628559,
        0.217394218,
        0.9730983
      ]
    ],
    "translation": [
      1.46685,
      0.7273552,
      -0.7346136
    ]
  },
  {
    "timeStamp": 65079,
    "rotation": [
      [
        0.993394,
        0.0615009442,
        0.09688159
      ],
      [
        -0.039443288,
        0.9758144,
        -0.2150128
      ],
      [
        -0.107761942,
        0.2097711,
        0.971794
      ]
    ],
    "translation": [
      1.46756566,
      0.7324535,
      -0.729983866
    ]
  },
  {
    "timeStamp": 65134,
    "rotation": [
      [
        0.985002339,
        0.1001002,
        0.140535772
      ],
      [
        -0.06458795,
        0.969201744,
        -0.2376477
      ],
      [
        -0.159996092,
        0.225006625,
        0.9611313
      ]
    ],
    "translation": [
      1.46772492,
      0.7440192,
      -0.724837661
    ]
  },
  {
    "timeStamp": 65179,
    "rotation": [
      [
        0.9767749,
        0.119075388,
        0.178134561
      ],
      [
        -0.07735124,
        0.97126,
        -0.225101814
      ],
      [
        -0.199819058,
        0.206094861,
        0.9579129
      ]
    ],
    "translation": [
      1.47026479,
      0.7533984,
      -0.718727469
    ]
  },
  {
    "timeStamp": 65234,
    "rotation": [
      [
        0.9563654,
        0.172026,
        0.236161441
      ],
      [
        -0.113470636,
        0.963531137,
        -0.242347017
      ],
      [
        -0.2692389,
        0.20497492,
        0.9410078
      ]
    ],
    "translation": [
      1.47475362,
      0.7699579,
      -0.7105847
    ]
  },
  {
    "timeStamp": 65279,
    "rotation": [
      [
        0.933896959,
        0.203402027,
        0.2940479
      ],
      [
        -0.13538751,
        0.96235,
        -0.235696152
      ],
      [
        -0.330918074,
        0.1803055,
        0.9262738
      ]
    ],
    "translation": [
      1.48215532,
      0.784297466,
      -0.701644838
    ]
  },
  {
    "timeStamp": 65334,
    "rotation": [
      [
        0.886671245,
        0.2727291,
        0.3734071
      ],
      [
        -0.181374,
        0.947957039,
        -0.26168856
      ],
      [
        -0.425344,
        0.164305389,
        0.8899923
      ]
    ],
    "translation": [
      1.49586213,
      0.8077888,
      -0.690100551
    ]
  },
  {
    "timeStamp": 65378,
    "rotation": [
      [
        0.8393304,
        0.321058959,
        0.4386863
      ],
      [
        -0.214611292,
        0.9371177,
        -0.275231451
      ],
      [
        -0.49946624,
        0.136863083,
        0.855454266
      ]
    ],
    "translation": [
      1.51217782,
      0.82771945,
      -0.680470645
    ]
  },
  {
    "timeStamp": 65434,
    "rotation": [
      [
        0.770076752,
        0.3746777,
        0.5163316
      ],
      [
        -0.255376935,
        0.9227311,
        -0.288703829
      ],
      [
        -0.5846061,
        0.09046492,
        0.806257844
      ]
    ],
    "translation": [
      1.53939807,
      0.8520541,
      -0.6703398
    ]
  },
  {
    "timeStamp": 65478,
    "rotation": [
      [
        0.713203,
        0.399144322,
        0.57621634
      ],
      [
        -0.2807123,
        0.9158827,
        -0.28698343
      ],
      [
        -0.642294347,
        0.0429264419,
        0.765255034
      ]
    ],
    "translation": [
      1.56617773,
      0.8696602,
      -0.6632708
    ]
  },
  {
    "timeStamp": 65534,
    "rotation": [
      [
        0.632656157,
        0.416235417,
        0.653065264
      ],
      [
        -0.309733242,
        0.908896,
        -0.279237151
      ],
      [
        -0.7097968,
        -0.0256149061,
        0.7039406
      ]
    ],
    "translation": [
      1.60565257,
      0.889734268,
      -0.657572448
    ]
  },
  {
    "timeStamp": 65578,
    "rotation": [
      [
        0.5707959,
        0.41497618,
        0.7085102
      ],
      [
        -0.325105935,
        0.906589031,
        -0.269076884
      ],
      [
        -0.753988147,
        -0.07675291,
        0.6523886
      ]
    ],
    "translation": [
      1.64148438,
      0.9038821,
      -0.6559614
    ]
  },
  {
    "timeStamp": 65634,
    "rotation": [
      [
        0.498586446,
        0.39549312,
        0.771360338
      ],
      [
        -0.346230656,
        0.906648934,
        -0.241064385
      ],
      [
        -0.794692338,
        -0.146877185,
        0.5889747
      ]
    ],
    "translation": [
      1.689792,
      0.920665264,
      -0.656970441
    ]
  },
  {
    "timeStamp": 65678,
    "rotation": [
      [
        0.440518349,
        0.365655363,
        0.819902241
      ],
      [
        -0.3509792,
        0.9107499,
        -0.217596427
      ],
      [
        -0.8262912,
        -0.191913426,
        0.529539466
      ]
    ],
    "translation": [
      1.73141623,
      0.931175649,
      -0.659757
    ]
  },
  {
    "timeStamp": 65734,
    "rotation": [
      [
        0.356088936,
        0.337761819,
        0.8712735
      ],
      [
        -0.3691265,
        0.907404065,
        -0.20090656
      ],
      [
        -0.8584557,
        -0.250069559,
        0.4477934
      ]
    ],
    "translation": [
      1.7849654,
      0.9458945,
      -0.6661109
    ]
  },
  {
    "timeStamp": 65779,
    "rotation": [
      [
        0.2929578,
        0.299686968,
        0.9079447
      ],
      [
        -0.380604476,
        0.9076807,
        -0.176793814
      ],
      [
        -0.8771066,
        -0.293774664,
        0.379974365
      ]
    ],
    "translation": [
      1.82888281,
      0.9545675,
      -0.6735913
    ]
  },
  {
    "timeStamp": 65835,
    "rotation": [
      [
        0.209643215,
        0.2777601,
        0.9374961
      ],
      [
        -0.373317927,
        0.908905447,
        -0.1858078
      ],
      [
        -0.903705359,
        -0.311030775,
        0.2942387
      ]
    ],
    "translation": [
      1.881039,
      0.9596075,
      -0.685855567
    ]
  },
  {
    "timeStamp": 65879,
    "rotation": [
      [
        0.162601992,
        0.234721333,
        0.9583666
      ],
      [
        -0.362739682,
        0.9174947,
        -0.163166583
      ],
      [
        -0.9175949,
        -0.321106374,
        0.234329224
      ]
    ],
    "translation": [
      1.92107832,
      0.9579767,
      -0.6958918
    ]
  },
  {
    "timeStamp": 65935,
    "rotation": [
      [
        0.109553024,
        0.1915413,
        0.9753513
      ],
      [
        -0.32732597,
        0.933477461,
        -0.146552265
      ],
      [
        -0.9385392,
        -0.30320254,
        0.164961711
      ]
    ],
    "translation": [
      1.96666586,
      0.9507747,
      -0.7092086
    ]
  },
  {
    "timeStamp": 65979,
    "rotation": [
      [
        0.0610630438,
        0.167482957,
        0.983982146
      ],
      [
        -0.318140864,
        0.9376707,
        -0.139857426
      ],
      [
        -0.9460749,
        -0.304504782,
        0.1105402
      ]
    ],
    "translation": [
      1.99976373,
      0.9470589,
      -0.7184654
    ]
  },
  {
    "timeStamp": 66028,
    "rotation": [
      [
        0.0248695761,
        0.15929234,
        0.986918151
      ],
      [
        -0.301166862,
        0.9425529,
        -0.144542456
      ],
      [
        -0.9532471,
        -0.293632329,
        0.07141447
      ]
    ],
    "translation": [
      2.02668524,
      0.9429908,
      -0.7269834
    ]
  },
  {
    "timeStamp": 66085,
    "rotation": [
      [
        -0.0124472855,
        0.141946822,
        0.989796042
      ],
      [
        -0.266213417,
        0.9536762,
        -0.140114665
      ],
      [
        -0.963833749,
        -0.265241027,
        0.0259174686
      ]
    ],
    "translation": [
      2.05885959,
      0.9349735,
      -0.737272143
    ]
  },
  {
    "timeStamp": 66129,
    "rotation": [
      [
        -0.024957696,
        0.156117216,
        0.9874232
      ],
      [
        -0.262711018,
        0.9519901,
        -0.157155216
      ],
      [
        -0.9645517,
        -0.263329178,
        0.0172542334
      ]
    ],
    "translation": [
      2.07236171,
      0.9328241,
      -0.739876568
    ]
  },
  {
    "timeStamp": 66185,
    "rotation": [
      [
        -0.0685658157,
        0.195995927,
        0.978204668
      ],
      [
        -0.24122265,
        0.948161542,
        -0.206884563
      ],
      [
        -0.9680446,
        -0.250150323,
        -0.0177328177
      ]
    ],
    "translation": [
      2.086267,
      0.929840744,
      -0.7396588
    ]
  },
  {
    "timeStamp": 66229,
    "rotation": [
      [
        -0.10269513,
        0.242972031,
        0.9645819
      ],
      [
        -0.217261866,
        0.940816939,
        -0.2601168
      ],
      [
        -0.9706961,
        -0.236279592,
        -0.0438287668
      ]
    ],
    "translation": [
      2.09467077,
      0.9274506,
      -0.7379741
    ]
  },
  {
    "timeStamp": 66285,
    "rotation": [
      [
        -0.102302074,
        0.246437281,
        0.9637442
      ],
      [
        -0.192315772,
        0.945649445,
        -0.262224734
      ],
      [
        -0.9759861,
        -0.212169349,
        -0.0493481234
      ]
    ],
    "translation": [
      2.100634,
      0.9213902,
      -0.7351044
    ]
  },
  {
    "timeStamp": 66329,
    "rotation": [
      [
        -0.111599028,
        0.2959517,
        0.948661268
      ],
      [
        -0.158104241,
        0.9371776,
        -0.31096828
      ],
      [
        -0.9810957,
        -0.184691116,
        -0.05779689
      ]
    ],
    "translation": [
      2.10175848,
      0.9175288,
      -0.7302114
    ]
  },
  {
    "timeStamp": 66385,
    "rotation": [
      [
        -0.106858611,
        0.321029067,
        0.941021562
      ],
      [
        -0.159019127,
        0.9287396,
        -0.334896624
      ],
      [
        -0.981475532,
        -0.18542701,
        -0.0481940657
      ]
    ],
    "translation": [
      2.103518,
      0.9175795,
      -0.717314
    ]
  },
  {
    "timeStamp": 66429,
    "rotation": [
      [
        -0.09359508,
        0.3206971,
        0.9425462
      ],
      [
        -0.15611054,
        0.930264533,
        -0.332020134
      ],
      [
        -0.9832952,
        -0.178216845,
        -0.03700399
      ]
    ],
    "translation": [
      2.10677338,
      0.9157263,
      -0.7054493
    ]
  },
  {
    "timeStamp": 66485,
    "rotation": [
      [
        -0.0725078061,
        0.365102977,
        0.9281392
      ],
      [
        -0.180968016,
        0.910325766,
        -0.3722332
      ],
      [
        -0.98081255,
        -0.194953337,
        6.62344755E-05
      ]
    ],
    "translation": [
      2.10604644,
      0.921587348,
      -0.688484132
    ]
  },
  {
    "timeStamp": 66531,
    "rotation": [
      [
        -0.07756892,
        0.425657,
        0.90155375
      ],
      [
        -0.159378648,
        0.8873548,
        -0.432665974
      ],
      [
        -0.9841654,
        -0.177249849,
        -0.0009905164
      ]
    ],
    "translation": [
      2.10791135,
      0.9222335,
      -0.676665962
    ]
  },
  {
    "timeStamp": 66577,
    "rotation": [
      [
        -0.04104809,
        0.3769349,
        0.9253298
      ],
      [
        -0.155268759,
        0.9124532,
        -0.378577381
      ],
      [
        -0.9870191,
        -0.159214675,
        0.0210717469
      ]
    ],
    "translation": [
      2.11228228,
      0.9161567,
      -0.6664255
    ]
  },
  {
    "timeStamp": 66633,
    "rotation": [
      [
        -0.0135822846,
        0.372845232,
        0.9277941
      ],
      [
        -0.10616941,
        0.92209667,
        -0.3721099
      ],
      [
        -0.9942553,
        -0.10355746,
        0.0270605776
      ]
    ],
    "translation": [
      2.11536217,
      0.906476,
      -0.6559239
    ]
  },
  {
    "timeStamp": 66679,
    "rotation": [
      [
        -0.02234045,
        0.3844217,
        0.922887266
      ],
      [
        -0.110103376,
        0.916556358,
        -0.3844499
      ],
      [
        -0.993669033,
        -0.110201783,
        0.0218498446
      ]
    ],
    "translation": [
      2.11982322,
      0.904728234,
      -0.644892
    ]
  },
  {
    "timeStamp": 66734,
    "rotation": [
      [
        -0.042062223,
        0.366525382,
        0.92945683
      ],
      [
        -0.09166619,
        0.924940765,
        -0.368892819
      ],
      [
        -0.994901061,
        -0.100716218,
        -0.00530708
      ]
    ],
    "translation": [
      2.123792,
      0.896868944,
      -0.6358647
    ]
  },
  {
    "timeStamp": 66778,
    "rotation": [
      [
        -0.137768477,
        0.280780077,
        0.9498328
      ],
      [
        -0.105214022,
        0.9494025,
        -0.295913637
      ],
      [
        -0.984860361,
        -0.1407033,
        -0.10125573
      ]
    ],
    "translation": [
      2.131212,
      0.8863876,
      -0.6251583
    ]
  },
  {
    "timeStamp": 66834,
    "rotation": [
      [
        -0.246752933,
        0.164467975,
        0.95502007
      ],
      [
        -0.136057645,
        0.969852149,
        -0.202176109
      ],
      [
        -0.9594797,
        -0.179825336,
        -0.216936722
      ]
    ],
    "translation": [
      2.14209557,
      0.8739993,
      -0.6121579
    ]
  },
  {
    "timeStamp": 66878,
    "rotation": [
      [
        -0.3125852,
        0.126482457,
        0.941431165
      ],
      [
        -0.1469493,
        0.9727247,
        -0.179478645
      ],
      [
        -0.9384542,
        -0.194445029,
        -0.28547284
      ]
    ],
    "translation": [
      2.14603639,
      0.8665077,
      -0.604504168
    ]
  },
  {
    "timeStamp": 66934,
    "rotation": [
      [
        -0.3328271,
        0.158046708,
        0.929649055
      ],
      [
        -0.1145995,
        0.971768439,
        -0.206235483
      ],
      [
        -0.93599844,
        -0.175178081,
        -0.3053188
      ]
    ],
    "translation": [
      2.14656687,
      0.8584363,
      -0.598285437
    ]
  },
  {
    "timeStamp": 66978,
    "rotation": [
      [
        -0.149043366,
        0.229605287,
        0.96180433
      ],
      [
        -0.0195157379,
        0.9717959,
        -0.2350147
      ],
      [
        -0.9886381,
        -0.0537977032,
        -0.1403588
      ]
    ],
    "translation": [
      2.13531,
      0.8549402,
      -0.605970442
    ]
  },
  {
    "timeStamp": 67034,
    "rotation": [
      [
        0.019875234,
        0.344122767,
        0.938714266
      ],
      [
        0.05259344,
        0.937239945,
        -0.344695866
      ],
      [
        -0.998418152,
        0.05622112,
        0.0005292624
      ]
    ],
    "translation": [
      2.1252346,
      0.853691638,
      -0.615524948
    ]
  },
  {
    "timeStamp": 67078,
    "rotation": [
      [
        0.08261159,
        0.455480039,
        0.8864047
      ],
      [
        0.06030439,
        0.885530353,
        -0.46065104
      ],
      [
        -0.9947556,
        0.09150921,
        0.045687627
      ]
    ],
    "translation": [
      2.11299872,
      0.8604669,
      -0.619945765
    ]
  },
  {
    "timeStamp": 67134,
    "rotation": [
      [
        0.127543747,
        0.5391475,
        0.8324978
      ],
      [
        0.0885077,
        0.8298173,
        -0.5509715
      ],
      [
        -0.987876,
        0.143955439,
        0.0581193045
      ]
    ],
    "translation": [
      2.105817,
      0.8638128,
      -0.6259861
    ]
  },
  {
    "timeStamp": 67178,
    "rotation": [
      [
        0.154204309,
        0.56452477,
        0.810884
      ],
      [
        0.100890823,
        0.807413757,
        -0.581295133
      ],
      [
        -0.9828744,
        0.171448976,
        0.0675513148
      ]
    ],
    "translation": [
      2.10527754,
      0.8637446,
      -0.6287526
    ]
  },
  {
    "timeStamp": 67235,
    "rotation": [
      [
        0.212433144,
        0.5912871,
        0.777979255
      ],
      [
        0.131797478,
        0.771538734,
        -0.622380435
      ],
      [
        -0.968246639,
        0.234749943,
        0.08597025
      ]
    ],
    "translation": [
      2.10384727,
      0.8621904,
      -0.6333223
    ]
  },
  {
    "timeStamp": 67280,
    "rotation": [
      [
        0.218136057,
        0.592708051,
        0.7753153
      ],
      [
        0.12120039,
        0.7718435,
        -0.624153852
      ],
      [
        -0.9683631,
        0.230118975,
        0.09653045
      ]
    ],
    "translation": [
      2.10455775,
      0.8589792,
      -0.632115841
    ]
  },
  {
    "timeStamp": 67333,
    "rotation": [
      [
        0.178647444,
        0.60280937,
        0.7776284
      ],
      [
        0.1037198,
        0.774401069,
        -0.6241355
      ],
      [
        -0.978431046,
        0.192155674,
        0.07582151
      ]
    ],
    "translation": [
      2.10671544,
      0.8569596,
      -0.626162469
    ]
  },
  {
    "timeStamp": 67378,
    "rotation": [
      [
        0.127189353,
        0.6087309,
        0.783115268
      ],
      [
        0.114762075,
        0.7751935,
        -0.621212244
      ],
      [
        -0.985217,
        0.168883517,
        0.0287371371
      ]
    ],
    "translation": [
      2.10684228,
      0.854976654,
      -0.6210229
    ]
  },
  {
    "timeStamp": 67433,
    "rotation": [
      [
        0.1304176,
        0.6102261,
        0.78141886
      ],
      [
        0.130278885,
        0.77076894,
        -0.6236527
      ],
      [
        -0.9828625,
        0.183137655,
        0.0210222639
      ]
    ],
    "translation": [
      2.10656977,
      0.853836,
      -0.618758738
    ]
  },
  {
    "timeStamp": 67477,
    "rotation": [
      [
        0.121581025,
        0.609856546,
        0.7831303
      ],
      [
        0.135509342,
        0.771397769,
        -0.621757746
      ],
      [
        -0.983288,
        0.181715414,
        0.0111460732
      ]
    ],
    "translation": [
      2.10675621,
      0.852677763,
      -0.6164239
    ]
  },
  {
    "timeStamp": 67533,
    "rotation": [
      [
        0.12887609,
        0.610742,
        0.7812715
      ],
      [
        0.14054662,
        0.768639445,
        -0.6240513
      ],
      [
        -0.9816504,
        0.19023037,
        0.01322153
      ]
    ],
    "translation": [
      2.10659742,
      0.851389945,
      -0.614449739
    ]
  },
  {
    "timeStamp": 67577,
    "rotation": [
      [
        0.103207476,
        0.6136145,
        0.7828316
      ],
      [
        0.15486072,
        0.7675243,
        -0.622032642
      ],
      [
        -0.9825306,
        0.185428292,
        -0.0158105418
      ]
    ],
    "translation": [
      2.10663819,
      0.848831832,
      -0.6114992
    ]
  },
  {
    "timeStamp": 67633,
    "rotation": [
      [
        0.0741310045,
        0.590898454,
        0.8033328
      ],
      [
        0.173812374,
        0.7855638,
        -0.5938676
      ],
      [
        -0.9819847,
        0.183653191,
        -0.044470828
      ]
    ],
    "translation": [
      2.106608,
      0.844716132,
      -0.6078677
    ]
  },
  {
    "timeStamp": 67677,
    "rotation": [
      [
        0.0378894322,
        0.538958251,
        0.841479957
      ],
      [
        0.162955046,
        0.827480137,
        -0.5373289
      ],
      [
        -0.9859057,
        0.157482475,
        -0.0564732067
      ]
    ],
    "translation": [
      2.10894656,
      0.8383452,
      -0.603956938
    ]
  },
  {
    "timeStamp": 67733,
    "rotation": [
      [
        0.0445228927,
        0.456156343,
        0.8887852
      ],
      [
        0.138106555,
        0.8783146,
        -0.4577008
      ],
      [
        -0.9894161,
        0.143125236,
        -0.0238930751
      ]
    ],
    "translation": [
      2.11343765,
      0.832870364,
      -0.601657867
    ]
  }
]