[
  {
    "timeStamp": 14035,
    "rotation": [
      [
        0.9998548,
        -0.00160152034,
        -0.0169636291
      ],
      [
        0.0169635843,
        -4.12398877E-05,
        0.9998561
      ],
      [
        -0.00160198938,
        -0.9999987,
        -1.40663778E-05
      ]
    ],
    "translation": [
      1.46193337,
      0.7041199,
      -0.619758248
    ]
  },
  {
    "timeStamp": 14081,
    "rotation": [
      [
        0.999320865,
        -0.0120113837,
        0.0348364823
      ],
      [
        -0.0344000757,
        0.0348032154,
        0.998801947
      ],
      [
        -0.013209437,
        -0.999322,
        0.0343663879
      ]
    ],
    "translation": [
      1.461763,
      0.7094812,
      -0.619664967
    ]
  },
  {
    "timeStamp": 14135,
    "rotation": [
      [
        0.998967052,
        -0.0447499864,
        -0.007897039
      ],
      [
        0.0102396067,
        0.05236289,
        0.9985756
      ],
      [
        -0.0442727357,
        -0.997625,
        0.05276702
      ]
    ],
    "translation": [
      1.4573822,
      0.6852382,
      -0.6205335
    ]
  },
  {
    "timeStamp": 14191,
    "rotation": [
      [
        0.997102857,
        -0.07566189,
        0.007825543
      ],
      [
        -0.00437244168,
        0.0456969664,
        0.9989458
      ],
      [
        -0.07593974,
        -0.9960859,
        0.04523375
      ]
    ],
    "translation": [
      1.45759034,
      0.7055431,
      -0.6216669
    ]
  },
  {
    "timeStamp": 14236,
    "rotation": [
      [
        0.996859252,
        -0.06967843,
        0.0376360826
      ],
      [
        -0.03387981,
        0.0543275177,
        0.9979482
      ],
      [
        -0.07158015,
        -0.996089041,
        0.0517961979
      ]
    ],
    "translation": [
      1.45808148,
      0.707238,
      -0.6216166
    ]
  },
  {
    "timeStamp": 14281,
    "rotation": [
      [
        0.9841831,
        -0.163278654,
        0.06872982
      ],
      [
        -0.0617875643,
        0.0472283736,
        0.9969713
      ],
      [
        -0.166030124,
        -0.985448956,
        0.0363927744
      ]
    ],
    "translation": [
      1.4607203,
      0.71279335,
      -0.6205275
    ]
  },
  {
    "timeStamp": 14337,
    "rotation": [
      [
        0.977205753,
        -0.191018417,
        0.09263302
      ],
      [
        -0.089169994,
        0.02666495,
        0.9956594
      ],
      [
        -0.192659348,
        -0.9812242,
        0.00902403053
      ]
    ],
    "translation": [
      1.46914446,
      0.73653996,
      -0.6209044
    ]
  },
  {
    "timeStamp": 14381,
    "rotation": [
      [
        0.9670026,
        -0.2272003,
        0.115265019
      ],
      [
        -0.116967209,
        0.00600407273,
        0.99311763
      ],
      [
        -0.226328686,
        -0.9738295,
        -0.0207690336
      ]
    ],
    "translation": [
      1.48101914,
      0.7585511,
      -0.6200901
    ]
  },
  {
    "timeStamp": 14437,
    "rotation": [
      [
        0.9478261,
        -0.2865937,
        0.139605656
      ],
      [
        -0.149697691,
        -0.0134953475,
        0.9886397
      ],
      [
        -0.281453878,
        -0.957957149,
        -0.0556936562
      ]
    ],
    "translation": [
      1.50207555,
      0.787385643,
      -0.6195661
    ]
  },
  {
    "timeStamp": 14482,
    "rotation": [
      [
        0.9332039,
        -0.329283834,
        0.143884137
      ],
      [
        -0.164868742,
        -0.03655971,
        0.9856377
      ],
      [
        -0.3192942,
        -0.94352293,
        -0.08840627
      ]
    ],
    "translation": [
      1.52463233,
      0.8095007,
      -0.62064296
    ]
  },
  {
    "timeStamp": 14537,
    "rotation": [
      [
        0.90503,
        -0.398515344,
        0.148681253
      ],
      [
        -0.190482125,
        -0.0671876,
        0.9793888
      ],
      [
        -0.3803119,
        -0.914697349,
        -0.136716843
      ]
    ],
    "translation": [
      1.55899322,
      0.8394922,
      -0.6208469
    ]
  },
  {
    "timeStamp": 14582,
    "rotation": [
      [
        0.8749554,
        -0.461350977,
        0.146997735
      ],
      [
        -0.2103792,
        -0.0887790546,
        0.9735804
      ],
      [
        -0.436111927,
        -0.882764757,
        -0.174736366
      ]
    ],
    "translation": [
      1.59198129,
      0.8641666,
      -0.6220994
    ]
  },
  {
    "timeStamp": 14637,
    "rotation": [
      [
        0.8279559,
        -0.5438956,
        0.136625648
      ],
      [
        -0.237654462,
        -0.119630419,
        0.9639548
      ],
      [
        -0.507946134,
        -0.8305818,
        -0.228307918
      ]
    ],
    "translation": [
      1.63907659,
      0.895737469,
      -0.6239805
    ]
  },
  {
    "timeStamp": 14681,
    "rotation": [
      [
        0.784871459,
        -0.6082199,
        0.118512921
      ],
      [
        -0.254430145,
        -0.141927481,
        0.956620038
      ],
      [
        -0.5650151,
        -0.7809771,
        -0.2661443
      ]
    ],
    "translation": [
      1.68310988,
      0.919083953,
      -0.6275651
    ]
  },
  {
    "timeStamp": 14737,
    "rotation": [
      [
        0.7162842,
        -0.6916289,
        0.09266275
      ],
      [
        -0.278940827,
        -0.162070379,
        0.946533263
      ],
      [
        -0.6396318,
        -0.7038343,
        -0.309012
      ]
    ],
    "translation": [
      1.74316657,
      0.9459058,
      -0.634137034
    ]
  },
  {
    "timeStamp": 14781,
    "rotation": [
      [
        0.661038935,
        -0.7481072,
        0.05799276
      ],
      [
        -0.285613179,
        -0.179395139,
        0.9414045
      ],
      [
        -0.693867862,
        -0.6388686,
        -0.332256436
      ]
    ],
    "translation": [
      1.79651332,
      0.9624926,
      -0.6422238
    ]
  },
  {
    "timeStamp": 14837,
    "rotation": [
      [
        0.593589365,
        -0.8047466,
        0.005863962
      ],
      [
        -0.2895616,
        -0.206773743,
        0.934558034
      ],
      [
        -0.7508699,
        -0.5564417,
        -0.355762422
      ]
    ],
    "translation": [
      1.86526978,
      0.978676438,
      -0.654065549
    ]
  },
  {
    "timeStamp": 14881,
    "rotation": [
      [
        0.5449856,
        -0.837406754,
        -0.04172108
      ],
      [
        -0.277962863,
        -0.227396712,
        0.933288455
      ],
      [
        -0.791029334,
        -0.497031838,
        -0.35669592
      ]
    ],
    "translation": [
      1.92073667,
      0.9846562,
      -0.665818036
    ]
  },
  {
    "timeStamp": 14937,
    "rotation": [
      [
        0.48667258,
        -0.8694383,
        -0.08501138
      ],
      [
        -0.258834779,
        -0.236455783,
        0.936532557
      ],
      [
        -0.8343587,
        -0.433780819,
        -0.3401174
      ]
    ],
    "translation": [
      1.9845252,
      0.983943343,
      -0.6825817
    ]
  },
  {
    "timeStamp": 14981,
    "rotation": [
      [
        0.450172424,
        -0.8870494,
        -0.102412581
      ],
      [
        -0.2468631,
        -0.2338548,
        0.9404098
      ],
      [
        -0.8581396,
        -0.398064673,
        -0.324254721
      ]
    ],
    "translation": [
      2.02862787,
      0.9767467,
      -0.6941984
    ]
  },
  {
    "timeStamp": 15030,
    "rotation": [
      [
        0.425309867,
        -0.89806205,
        -0.112232149
      ],
      [
        -0.228235334,
        -0.226425961,
        0.946910739
      ],
      [
        -0.875796854,
        -0.37711516,
        -0.3012707
      ]
    ],
    "translation": [
      2.06661844,
      0.9620215,
      -0.7043148
    ]
  },
  {
    "timeStamp": 15087,
    "rotation": [
      [
        0.387362331,
        -0.9165421,
        -0.09950392
      ],
      [
        -0.2020687,
        -0.189712271,
        0.9608213
      ],
      [
        -0.899510264,
        -0.352079362,
        -0.258691847
      ]
    ],
    "translation": [
      2.1122272,
      0.9296775,
      -0.717061758
    ]
  },
  {
    "timeStamp": 15132,
    "rotation": [
      [
        0.3777775,
        -0.9216362,
        -0.08871754
      ],
      [
        -0.170018718,
        -0.16323933,
        0.9718264
      ],
      [
        -0.9101526,
        -0.352050453,
        -0.218363538
      ]
    ],
    "translation": [
      2.1349647,
      0.9022597,
      -0.7247001
    ]
  },
  {
    "timeStamp": 15187,
    "rotation": [
      [
        0.379947484,
        -0.9188131,
        -0.106875315
      ],
      [
        -0.115605809,
        -0.161801115,
        0.9800284
      ],
      [
        -0.917755544,
        -0.3600039,
        -0.167696059
      ]
    ],
    "translation": [
      2.16249537,
      0.8686513,
      -0.7330741
    ]
  },
  {
    "timeStamp": 15232,
    "rotation": [
      [
        0.356667936,
        -0.9303978,
        -0.08454556
      ],
      [
        -0.103355847,
        -0.1292389,
        0.9862124
      ],
      [
        -0.9284964,
        -0.343012035,
        -0.142257422
      ]
    ],
    "translation": [
      2.177162,
      0.8454443,
      -0.7367222
    ]
  },
  {
    "timeStamp": 15287,
    "rotation": [
      [
        0.358902484,
        -0.93080014,
        -0.0692829341
      ],
      [
        -0.0917658359,
        -0.109057344,
        0.9897907
      ],
      [
        -0.9288531,
        -0.348880559,
        -0.1245566
      ]
    ],
    "translation": [
      2.18859482,
      0.8198778,
      -0.736709237
    ]
  },
  {
    "timeStamp": 15331,
    "rotation": [
      [
        0.366655439,
        -0.927598953,
        -0.07158184
      ],
      [
        -0.07059018,
        -0.10445568,
        0.9920212
      ],
      [
        -0.927674949,
        -0.358677,
        -0.103778623
      ]
    ],
    "translation": [
      2.198127,
      0.8015422,
      -0.735894263
    ]
  },
  {
    "timeStamp": 15387,
    "rotation": [
      [
        0.362635672,
        -0.9301263,
        -0.0579687059
      ],
      [
        -0.0535058454,
        -0.0828802139,
        0.9951221
      ],
      [
        -0.9303937,
        -0.357765079,
        -0.07982252
      ]
    ],
    "translation": [
      2.20627952,
      0.7811352,
      -0.735413551
    ]
  },
  {
    "timeStamp": 15432,
    "rotation": [
      [
        0.3727464,
        -0.9252869,
        -0.0700308755
      ],
      [
        -0.0256687589,
        -0.08572246,
        0.995988369
      ],
      [
        -0.927578151,
        -0.3694535,
        -0.055703707
      ]
    ],
    "translation": [
      2.213799,
      0.767537057,
      -0.7362537
    ]
  },
  {
    "timeStamp": 15488,
    "rotation": [
      [
        0.3672515,
        -0.927480161,
        -0.07004891
      ],
      [
        -0.00210576318,
        -0.07614045,
        0.99709487
      ],
      [
        -0.9301193,
        -0.366037071,
        -0.0299157482
      ]
    ],
    "translation": [
      2.22351336,
      0.7540377,
      -0.7380381
    ]
  },
  {
    "timeStamp": 15534,
    "rotation": [
      [
        0.353779584,
        -0.93317616,
        -0.0634215549
      ],
      [
        0.00433998276,
        -0.06616818,
        0.997799039
      ],
      [
        -0.935318768,
        -0.353276163,
        -0.0193589833
      ]
    ],
    "translation": [
      2.22790146,
      0.7466042,
      -0.739616036
    ]
  },
  {
    "timeStamp": 15591,
    "rotation": [
      [
        0.3539864,
        -0.93213135,
        -0.07632047
      ],
      [
        0.0263981745,
        -0.0716135651,
        0.997083068
      ],
      [
        -0.934877932,
        -0.354968578,
        -0.0007436657
      ]
    ],
    "translation": [
      2.23549747,
      0.7395233,
      -0.743466556
    ]
  },
  {
    "timeStamp": 15636,
    "rotation": [
      [
        0.34593156,
        -0.935736358,
        -0.06876629
      ],
      [
        0.0227755867,
        -0.0648950562,
        0.997632146
      ],
      [
        -0.9379833,
        -0.346678644,
        -0.001137304
      ]
    ],
    "translation": [
      2.23749328,
      0.7362735,
      -0.7438242
    ]
  },
  {
    "timeStamp": 15681,
    "rotation": [
      [
        0.3585736,
        -0.9304866,
        -0.07496485
      ],
      [
        0.0312762372,
        -0.068285,
        0.9971755
      ],
      [
        -0.9329774,
        -0.3599054,
        0.00461691944
      ]
    ],
    "translation": [
      2.23987365,
      0.732639432,
      -0.7456013
    ]
  },
  {
    "timeStamp": 15736,
    "rotation": [
      [
        0.363911957,
        -0.928877056,
        -0.06895983
      ],
      [
        0.0253834631,
        -0.0641186237,
        0.9976194
      ],
      [
        -0.9310874,
        -0.364796072,
        0.000244582683
      ]
    ],
    "translation": [
      2.24008727,
      0.7292073,
      -0.7456723
    ]
  },
  {
    "timeStamp": 15781,
    "rotation": [
      [
        0.367519975,
        -0.9276479,
        -0.0663203448
      ],
      [
        0.0288901236,
        -0.0598889664,
        0.9977869
      ],
      [
        -0.929566741,
        -0.368622631,
        0.004789471
      ]
    ],
    "translation": [
      2.240812,
      0.726024151,
      -0.746583939
    ]
  },
  {
    "timeStamp": 15837,
    "rotation": [
      [
        0.3693049,
        -0.9278629,
        -0.0518110432
      ],
      [
        0.0250839088,
        -0.04577917,
        0.9986366
      ],
      [
        -0.9289697,
        -0.370101,
        0.00636795536
      ]
    ],
    "translation": [
      2.24073553,
      0.7245766,
      -0.746584058
    ]
  },
  {
    "timeStamp": 15881,
    "rotation": [
      [
        0.369864225,
        -0.928016245,
        -0.044568453
      ],
      [
        0.02494816,
        -0.03803263,
        0.998965
      ],
      [
        -0.9287508,
        -0.370593339,
        0.009085386
      ]
    ],
    "translation": [
      2.24066782,
      0.7246035,
      -0.7466019
    ]
  },
  {
    "timeStamp": 15937,
    "rotation": [
      [
        0.370831847,
        -0.9278011,
        -0.0408523865
      ],
      [
        0.0295898858,
        -0.0321625881,
        0.999044538
      ],
      [
        -0.9282285,
        -0.371686339,
        0.0155266169
      ]
    ],
    "translation": [
      2.24071884,
      0.724551558,
      -0.746611357
    ]
  },
  {
    "timeStamp": 15981,
    "rotation": [
      [
        0.3712146,
        -0.9276731,
        -0.0402786247
      ],
      [
        0.0326215066,
        -0.0303221866,
        0.9990077
      ],
      [
        -0.927973866,
        -0.372160226,
        0.0190060567
      ]
    ],
    "translation": [
      2.24067044,
      0.724450231,
      -0.746596158
    ]
  },
  {
    "timeStamp": 16036,
    "rotation": [
      [
        0.3712367,
        -0.927736461,
        -0.0385807157
      ],
      [
        0.0336477831,
        -0.028081635,
        0.9990392
      ],
      [
        -0.927928448,
        -0.372178167,
        0.0207913425
      ]
    ],
    "translation": [
      2.24068522,
      0.7244708,
      -0.7465592
    ]
  }
]