[
  {
    "timeStamp": 48611,
    "rotation": [
      [
        0.999822438,
        0.014495803,
        -0.0120379264
      ],
      [
        0.0120687913,
        -0.00204362534,
        0.9999251
      ],
      [
        0.0144701144,
        -0.9998928,
        -0.00221820921
      ]
    ],
    "translation": [
      1.29615474,
      0.704396,
      -0.752850354
    ]
  },
  {
    "timeStamp": 48655,
    "rotation": [
      [
        0.9998557,
        0.0162647143,
        -0.00489871576
      ],
      [
        0.004857285,
        0.00258579245,
        0.99998486
      ],
      [
        0.0162771344,
        -0.99986434,
        0.002506417
      ]
    ],
    "translation": [
      1.29763019,
      0.704346,
      -0.7518719
    ]
  },
  {
    "timeStamp": 48711,
    "rotation": [
      [
        0.9998701,
        0.0159111414,
        -0.00257050758
      ],
      [
        0.00235111569,
        0.0137919495,
        0.9999021
      ],
      [
        0.0159450341,
        -0.99977833,
        0.0137527492
      ]
    ],
    "translation": [
      1.29765141,
      0.7044128,
      -0.7518113
    ]
  },
  {
    "timeStamp": 48755,
    "rotation": [
      [
        0.9998322,
        0.0166421831,
        -0.00766225951
      ],
      [
        0.00766520854,
        -0.000113421353,
        0.9999706
      ],
      [
        0.0166408252,
        -0.999861538,
        -0.000240968118
      ]
    ],
    "translation": [
      1.297398,
      0.704217434,
      -0.7515878
    ]
  },
  {
    "timeStamp": 48811,
    "rotation": [
      [
        0.9991831,
        0.0140187312,
        -0.03790141
      ],
      [
        0.03802956,
        -0.00899053,
        0.999236166
      ],
      [
        0.0136672677,
        -0.9998613,
        -0.009516312
      ]
    ],
    "translation": [
      1.29665828,
      0.7045739,
      -0.7513256
    ]
  },
  {
    "timeStamp": 48854,
    "rotation": [
      [
        0.999733,
        -0.012817624,
        -0.0192284845
      ],
      [
        0.0180168487,
        -0.08874115,
        0.99589175
      ],
      [
        -0.0144713288,
        -0.9959722,
        -0.08848652
      ]
    ],
    "translation": [
      1.29683375,
      0.7108466,
      -0.7465581
    ]
  },
  {
    "timeStamp": 48910,
    "rotation": [
      [
        0.9995441,
        -0.02987787,
        0.004342142
      ],
      [
        -0.00707188947,
        -0.091873914,
        0.99574554
      ],
      [
        -0.0293518249,
        -0.9953222,
        -0.0920433253
      ]
    ],
    "translation": [
      1.30055678,
      0.7241215,
      -0.7490924
    ]
  },
  {
    "timeStamp": 48954,
    "rotation": [
      [
        0.999146938,
        -0.03666313,
        0.01900571
      ],
      [
        -0.022796724,
        -0.105922543,
        0.994113
      ],
      [
        -0.0344341621,
        -0.993698239,
        -0.106667981
      ]
    ],
    "translation": [
      1.30616534,
      0.7373228,
      -0.7515273
    ]
  },
  {
    "timeStamp": 49010,
    "rotation": [
      [
        0.997822165,
        -0.05307928,
        0.0391595773
      ],
      [
        -0.04483609,
        -0.11035715,
        0.992880166
      ],
      [
        -0.0483798273,
        -0.9924736,
        -0.112496674
      ]
    ],
    "translation": [
      1.31638122,
      0.7553826,
      -0.755895555
    ]
  },
  {
    "timeStamp": 49054,
    "rotation": [
      [
        0.996570051,
        -0.06653622,
        0.0492033437
      ],
      [
        -0.05642092,
        -0.111351654,
        0.992178142
      ],
      [
        -0.0605369,
        -0.991551161,
        -0.114723757
      ]
    ],
    "translation": [
      1.32736659,
      0.7709321,
      -0.760021865
    ]
  },
  {
    "timeStamp": 49110,
    "rotation": [
      [
        0.9944457,
        -0.08477652,
        0.0623749644
      ],
      [
        -0.0726154149,
        -0.123638637,
        0.9896669
      ],
      [
        -0.07618858,
        -0.9886993,
        -0.129108
      ]
    ],
    "translation": [
      1.34388268,
      0.7932454,
      -0.764640331
    ]
  },
  {
    "timeStamp": 49154,
    "rotation": [
      [
        0.9917132,
        -0.104391329,
        0.07488219
      ],
      [
        -0.08838356,
        -0.131366462,
        0.987386048
      ],
      [
        -0.0932375342,
        -0.985822141,
        -0.139504328
      ]
    ],
    "translation": [
      1.360028,
      0.8124856,
      -0.7682434
    ]
  },
  {
    "timeStamp": 49210,
    "rotation": [
      [
        0.9856631,
        -0.143690988,
        0.08843674
      ],
      [
        -0.109890118,
        -0.148975641,
        0.982715845
      ],
      [
        -0.1280325,
        -0.9783451,
        -0.162630022
      ]
    ],
    "translation": [
      1.38567984,
      0.8386151,
      -0.7700081
    ]
  },
  {
    "timeStamp": 49254,
    "rotation": [
      [
        0.978417337,
        -0.182855546,
        0.09624602
      ],
      [
        -0.126609921,
        -0.16238977,
        0.9785701
      ],
      [
        -0.163307592,
        -0.969635665,
        -0.1820363
      ]
    ],
    "translation": [
      1.41012716,
      0.8599664,
      -0.7709537
    ]
  },
  {
    "timeStamp": 49310,
    "rotation": [
      [
        0.965967536,
        -0.238881439,
        0.09920884
      ],
      [
        -0.14421089,
        -0.178959116,
        0.9732301
      ],
      [
        -0.214732289,
        -0.9544157,
        -0.207318008
      ]
    ],
    "translation": [
      1.44686759,
      0.8868879,
      -0.771926761
    ]
  },
  {
    "timeStamp": 49354,
    "rotation": [
      [
        0.9528839,
        -0.287651241,
        0.09627597
      ],
      [
        -0.153956041,
        -0.1851518,
        0.9705753
      ],
      [
        -0.2613615,
        -0.9396678,
        -0.220713824
      ]
    ],
    "translation": [
      1.48137617,
      0.90684,
      -0.774128
    ]
  },
  {
    "timeStamp": 49410,
    "rotation": [
      [
        0.935779,
        -0.3412276,
        0.0887770653
      ],
      [
        -0.1623521,
        -0.193499267,
        0.9675742
      ],
      [
        -0.312984675,
        -0.91984874,
        -0.236471578
      ]
    ],
    "translation": [
      1.52905107,
      0.9292947,
      -0.7779929
    ]
  },
  {
    "timeStamp": 49454,
    "rotation": [
      [
        0.92537874,
        -0.3730876,
        0.06693238
      ],
      [
        -0.151917323,
        -0.203276023,
        0.9672642
      ],
      [
        -0.347268522,
        -0.9052539,
        -0.244785771
      ]
    ],
    "translation": [
      1.56995738,
      0.940914631,
      -0.7827158
    ]
  },
  {
    "timeStamp": 49510,
    "rotation": [
      [
        0.9127237,
        -0.408025771,
        0.0212206766
      ],
      [
        -0.123918772,
        -0.226957887,
        0.965988755
      ],
      [
        -0.389332116,
        -0.8843105,
        -0.2577119
      ]
    ],
    "translation": [
      1.62492287,
      0.9507889,
      -0.7877623
    ]
  },
  {
    "timeStamp": 49554,
    "rotation": [
      [
        0.8939509,
        -0.4479951,
        -0.0123362867
      ],
      [
        -0.106495261,
        -0.239082515,
        0.9651416
      ],
      [
        -0.435328066,
        -0.8614754,
        -0.2614374
      ]
    ],
    "translation": [
      1.66943693,
      0.9570756,
      -0.791144133
    ]
  },
  {
    "timeStamp": 49610,
    "rotation": [
      [
        0.860189736,
        -0.5077697,
        -0.0473664664
      ],
      [
        -0.09121264,
        -0.244568661,
        0.96533227
      ],
      [
        -0.5017508,
        -0.8260485,
        -0.256690472
      ]
    ],
    "translation": [
      1.725481,
      0.963637948,
      -0.7936375
    ]
  },
  {
    "timeStamp": 49654,
    "rotation": [
      [
        0.819156647,
        -0.5698113,
        -0.06555491
      ],
      [
        -0.09456897,
        -0.246904358,
        0.9644143
      ],
      [
        -0.565719962,
        -0.7838069,
        -0.2561398
      ]
    ],
    "translation": [
      1.76892114,
      0.969813466,
      -0.793530762
    ]
  },
  {
    "timeStamp": 49710,
    "rotation": [
      [
        0.7652671,
        -0.638408363,
        -0.08246862
      ],
      [
        -0.101466462,
        -0.246145025,
        0.963907242
      ],
      [
        -0.635665655,
        -0.7292787,
        -0.253143728
      ]
    ],
    "translation": [
      1.818311,
      0.9767618,
      -0.792210639
    ]
  },
  {
    "timeStamp": 49754,
    "rotation": [
      [
        0.7235392,
        -0.684269,
        -0.09092292
      ],
      [
        -0.112374224,
        -0.246722981,
        0.9625486
      ],
      [
        -0.681075,
        -0.6862242,
        -0.255407959
      ]
    ],
    "translation": [
      1.85278845,
      0.9826535,
      -0.790312
    ]
  },
  {
    "timeStamp": 49810,
    "rotation": [
      [
        0.6787528,
        -0.7282521,
        -0.0945706442
      ],
      [
        -0.127138019,
        -0.2433652,
        0.9615661
      ],
      [
        -0.7232777,
        -0.640642166,
        -0.2577733
      ]
    ],
    "translation": [
      1.89056277,
      0.989322245,
      -0.786779463
    ]
  },
  {
    "timeStamp": 49854,
    "rotation": [
      [
        0.6499678,
        -0.7539038,
        -0.09576428
      ],
      [
        -0.136395365,
        -0.239689976,
        0.961220562
      ],
      [
        -0.7476216,
        -0.6117006,
        -0.258619756
      ]
    ],
    "translation": [
      1.91650212,
      0.993226349,
      -0.782406747
    ]
  },
  {
    "timeStamp": 49910,
    "rotation": [
      [
        0.6150282,
        -0.7832284,
        -0.091069594
      ],
      [
        -0.147639439,
        -0.2278409,
        0.9624402
      ],
      [
        -0.774559855,
        -0.5784824,
        -0.255763978
      ]
    ],
    "translation": [
      1.94621,
      0.9954131,
      -0.7752328
    ]
  },
  {
    "timeStamp": 49954,
    "rotation": [
      [
        0.5901222,
        -0.80287534,
        -0.08453939
      ],
      [
        -0.153665215,
        -0.214509547,
        0.964558244
      ],
      [
        -0.792554557,
        -0.5562165,
        -0.24996087
      ]
    ],
    "translation": [
      1.96825576,
      0.994676232,
      -0.7669654
    ]
  },
  {
    "timeStamp": 50019,
    "rotation": [
      [
        0.565292954,
        -0.8214215,
        -0.0755685046
      ],
      [
        -0.153835773,
        -0.194982752,
        0.968667269
      ],
      [
        -0.8104187,
        -0.535955667,
        -0.236586392
      ]
    ],
    "translation": [
      1.99405336,
      0.990456343,
      -0.753589869
    ]
  },
  {
    "timeStamp": 50052,
    "rotation": [
      [
        0.5488338,
        -0.8330526,
        -0.06931663
      ],
      [
        -0.151054919,
        -0.180390462,
        0.9719268
      ],
      [
        -0.8221702,
        -0.522955656,
        -0.224841073
      ]
    ],
    "translation": [
      2.009171,
      0.986187637,
      -0.7433897
    ]
  },
  {
    "timeStamp": 50104,
    "rotation": [
      [
        0.5168754,
        -0.8550094,
        -0.042414248
      ],
      [
        -0.150323,
        -0.139427081,
        0.9787559
      ],
      [
        -0.842759132,
        -0.499519,
        -0.200594
      ]
    ],
    "translation": [
      2.03671956,
      0.9760856,
      -0.7192925
    ]
  },
  {
    "timeStamp": 50160,
    "rotation": [
      [
        0.4987422,
        -0.8661569,
        -0.03206965
      ],
      [
        -0.143082842,
        -0.118768044,
        0.9825586
      ],
      [
        -0.854858756,
        -0.485454828,
        -0.183166817
      ]
    ],
    "translation": [
      2.056297,
      0.9658434,
      -0.6965842
    ]
  },
  {
    "timeStamp": 50204,
    "rotation": [
      [
        0.483142674,
        -0.8754929,
        -0.009239114
      ],
      [
        -0.140211821,
        -0.08778385,
        0.9862224
      ],
      [
        -0.8642417,
        -0.4751907,
        -0.165166587
      ]
    ],
    "translation": [
      2.06941438,
      0.9554793,
      -0.6780109
    ]
  },
  {
    "timeStamp": 50260,
    "rotation": [
      [
        0.466113627,
        -0.8847199,
        -0.00296022813
      ],
      [
        -0.12530531,
        -0.06932841,
        0.989693
      ],
      [
        -0.875806332,
        -0.460938454,
        -0.143175
      ]
    ],
    "translation": [
      2.084945,
      0.9408955,
      -0.6557322
    ]
  },
  {
    "timeStamp": 50305,
    "rotation": [
      [
        0.443325818,
        -0.8962999,
        0.0104264086
      ],
      [
        -0.118748985,
        -0.0471979938,
        0.9918019
      ],
      [
        -0.888459861,
        -0.4409295,
        -0.1273588
      ]
    ],
    "translation": [
      2.09664726,
      0.928173542,
      -0.6383875
    ]
  },
  {
    "timeStamp": 50360,
    "rotation": [
      [
        0.414404273,
        -0.909961045,
        0.0154871717
      ],
      [
        -0.107274257,
        -0.0319409929,
        0.99371624
      ],
      [
        -0.9037484,
        -0.413461655,
        -0.110851891
      ]
    ],
    "translation": [
      2.11159778,
      0.910555542,
      -0.61866
    ]
  },
  {
    "timeStamp": 50404,
    "rotation": [
      [
        0.3986946,
        -0.916999042,
        0.0124656977
      ],
      [
        -0.09283762,
        -0.02683373,
        0.9953196
      ],
      [
        -0.9123726,
        -0.397985846,
        -0.09583048
      ]
    ],
    "translation": [
      2.12205243,
      0.897510946,
      -0.6042389
    ]
  },
  {
    "timeStamp": 50460,
    "rotation": [
      [
        0.382860035,
        -0.9237849,
        0.0063047
      ],
      [
        -0.07342655,
        -0.0236269012,
        0.9970207
      ],
      [
        -0.9208837,
        -0.38218233,
        -0.0768761262
      ]
    ],
    "translation": [
      2.13326478,
      0.880143762,
      -0.5903912
    ]
  },
  {
    "timeStamp": 50504,
    "rotation": [
      [
        0.3797897,
        -0.9250637,
        -0.00410187
      ],
      [
        -0.0535171553,
        -0.0263979919,
        0.99821794
      ],
      [
        -0.9235235,
        -0.378893375,
        -0.0595324673
      ]
    ],
    "translation": [
      2.14058566,
      0.866808057,
      -0.5812811
    ]
  },
  {
    "timeStamp": 50561,
    "rotation": [
      [
        0.366554439,
        -0.9301936,
        -0.0194348376
      ],
      [
        -0.03926759,
        -0.0363372862,
        0.9985678
      ],
      [
        -0.9295676,
        -0.365266323,
        -0.04984605
      ]
    ],
    "translation": [
      2.150266,
      0.853332639,
      -0.572063744
    ]
  },
  {
    "timeStamp": 50607,
    "rotation": [
      [
        0.3713616,
        -0.92807883,
        -0.02757336
      ],
      [
        -0.024081653,
        -0.0393145941,
        0.998936653
      ],
      [
        -0.928176,
        -0.370302737,
        -0.0369496047
      ]
    ],
    "translation": [
      2.15394115,
      0.8425562,
      -0.566240668
    ]
  },
  {
    "timeStamp": 50653,
    "rotation": [
      [
        0.385125875,
        -0.921648741,
        -0.0473460257
      ],
      [
        -0.0113327559,
        -0.0560226031,
        0.998365164
      ],
      [
        -0.922794461,
        -0.383959681,
        -0.0320205763
      ]
    ],
    "translation": [
      2.15682745,
      0.8334185,
      -0.5609961
    ]
  },
  {
    "timeStamp": 50709,
    "rotation": [
      [
        0.388419181,
        -0.919644654,
        -0.0581740476
      ],
      [
        0.00101751823,
        -0.06270283,
        0.998031735
      ],
      [
        -0.9214822,
        -0.387713879,
        -0.0234192256
      ]
    ],
    "translation": [
      2.161175,
      0.8228252,
      -0.555766642
    ]
  },
  {
    "timeStamp": 50754,
    "rotation": [
      [
        0.397218734,
        -0.915284,
        -0.06687644
      ],
      [
        0.0144066513,
        -0.0666440353,
        0.9976728
      ],
      [
        -0.9176108,
        -0.397257775,
        -0.0132860821
      ]
    ],
    "translation": [
      2.16382885,
      0.814601958,
      -0.5522614
    ]
  },
  {
    "timeStamp": 50809,
    "rotation": [
      [
        0.402851254,
        -0.9114646,
        -0.0833257139
      ],
      [
        0.027675055,
        -0.0788678154,
        0.99650085
      ],
      [
        -0.914846957,
        -0.403747648,
        -0.00654716324
      ]
    ],
    "translation": [
      2.16828537,
      0.806586862,
      -0.548451662
    ]
  },
  {
    "timeStamp": 50854,
    "rotation": [
      [
        0.401208758,
        -0.911825955,
        -0.087206766
      ],
      [
        0.0335889943,
        -0.08049585,
        0.9961888
      ],
      [
        -0.915370643,
        -0.402608871,
        -0.00166832143
      ]
    ],
    "translation": [
      2.17160678,
      0.801856637,
      -0.5462149
    ]
  },
  {
    "timeStamp": 50909,
    "rotation": [
      [
        0.408478,
        -0.9091266,
        -0.08145267
      ],
      [
        0.0425154,
        -0.0701897144,
        0.9966272
      ],
      [
        -0.911777437,
        -0.4105633,
        0.009980928
      ]
    ],
    "translation": [
      2.172611,
      0.7954776,
      -0.5441156
    ]
  },
  {
    "timeStamp": 50954,
    "rotation": [
      [
        0.416091561,
        -0.9051063,
        -0.08746654
      ],
      [
        0.0455347262,
        -0.07532864,
        0.996118546
      ],
      [
        -0.9081819,
        -0.4184593,
        0.009870154
      ]
    ],
    "translation": [
      2.1733737,
      0.7923825,
      -0.541824
    ]
  },
  {
    "timeStamp": 51009,
    "rotation": [
      [
        0.415470928,
        -0.905437648,
        -0.08698614
      ],
      [
        0.0497488,
        -0.07286831,
        0.9961
      ],
      [
        -0.908245,
        -0.418178052,
        0.014769773
      ]
    ],
    "translation": [
      2.17466021,
      0.788636446,
      -0.5396727
    ]
  },
  {
    "timeStamp": 51054,
    "rotation": [
      [
        0.425171942,
        -0.9012966,
        -0.08302502
      ],
      [
        0.0500479676,
        -0.06817795,
        0.996417046
      ],
      [
        -0.9037278,
        -0.4278038,
        0.0161207132
      ]
    ],
    "translation": [
      2.17336082,
      0.786448359,
      -0.538109064
    ]
  },
  {
    "timeStamp": 51111,
    "rotation": [
      [
        0.431335181,
        -0.8994405,
        -0.0704039559
      ],
      [
        0.0493843779,
        -0.0543810576,
        0.9972983
      ],
      [
        -0.90083915,
        -0.433646679,
        0.0209618472
      ]
    ],
    "translation": [
      2.17145252,
      0.7852695,
      -0.536709249
    ]
  },
  {
    "timeStamp": 51159,
    "rotation": [
      [
        0.421481,
        -0.904521763,
        -0.0647626445
      ],
      [
        0.046298366,
        -0.0498591438,
        0.9976826
      ],
      [
        -0.9056546,
        -0.423502654,
        0.0208631977
      ]
    ],
    "translation": [
      2.17176747,
      0.784669638,
      -0.535812259
    ]
  }
]