[
  {
    "timeStamp": 62771,
    "rotation": [
      [
        0.999768555,
        -9.76026859E-05,
        -0.0215149354
      ],
      [
        0.0215105452,
        -0.0161667466,
        0.9996379
      ],
      [
        -0.0004453929,
        -0.999869347,
        -0.0161609054
      ]
    ],
    "translation": [
      1.15335536,
      0.702214,
      -0.7501963
    ]
  },
  {
    "timeStamp": 62815,
    "rotation": [
      [
        0.9999318,
        -0.0005044139,
        -0.0116648879
      ],
      [
        0.0116552506,
        -0.0161096,
        0.9998023
      ],
      [
        -0.0006922375,
        -0.999870062,
        -0.0161026232
      ]
    ],
    "translation": [
      1.15251565,
      0.703031957,
      -0.7499632
    ]
  },
  {
    "timeStamp": 62870,
    "rotation": [
      [
        0.999978662,
        -0.00136358989,
        -0.00638455572
      ],
      [
        0.006374483,
        -0.00726786349,
        0.99995327
      ],
      [
        -0.00140992925,
        -0.999972641,
        -0.00725901639
      ]
    ],
    "translation": [
      1.15254688,
      0.702406049,
      -0.7499216
    ]
  },
  {
    "timeStamp": 62916,
    "rotation": [
      [
        0.9999959,
        -0.00285939639,
        -0.000220555
      ],
      [
        0.000204829048,
        -0.00549887167,
        0.99998486
      ],
      [
        -0.002860566,
        -0.9999808,
        -0.005498263
      ]
    ],
    "translation": [
      1.15257037,
      0.7022884,
      -0.7499142
    ]
  },
  {
    "timeStamp": 62970,
    "rotation": [
      [
        0.9999877,
        -0.00276407227,
        0.004114201
      ],
      [
        -0.00410735467,
        0.00247802539,
        0.9999885
      ],
      [
        -0.002774234,
        -0.9999931,
        0.002466642
      ]
    ],
    "translation": [
      1.15254521,
      0.7021034,
      -0.7498857
    ]
  },
  {
    "timeStamp": 63015,
    "rotation": [
      [
        0.9989745,
        -0.0452754162,
        0.000213584775
      ],
      [
        -0.000523874,
        -0.006841617,
        0.999976456
      ],
      [
        -0.0452728868,
        -0.9989511,
        -0.00685831951
      ]
    ],
    "translation": [
      1.15604091,
      0.7027335,
      -0.7456444
    ]
  },
  {
    "timeStamp": 63070,
    "rotation": [
      [
        0.997731566,
        -0.0614199042,
        0.0275550764
      ],
      [
        -0.03009234,
        -0.0407751724,
        0.9987151
      ],
      [
        -0.0602174327,
        -0.9972788,
        -0.0425309464
      ]
    ],
    "translation": [
      1.15772426,
      0.71141994,
      -0.73862344
    ]
  },
  {
    "timeStamp": 63115,
    "rotation": [
      [
        0.995945632,
        -0.07711904,
        0.0463138372
      ],
      [
        -0.04980244,
        -0.0439444631,
        0.9977919
      ],
      [
        -0.07491353,
        -0.996053,
        -0.0476070158
      ]
    ],
    "translation": [
      1.16017938,
      0.7212056,
      -0.7353605
    ]
  },
  {
    "timeStamp": 63170,
    "rotation": [
      [
        0.9920912,
        -0.09854266,
        0.07774678
      ],
      [
        -0.08291508,
        -0.0494791977,
        0.995327532
      ],
      [
        -0.09423537,
        -0.993902,
        -0.0572585464
      ]
    ],
    "translation": [
      1.165278,
      0.739408851,
      -0.730429
    ]
  },
  {
    "timeStamp": 63214,
    "rotation": [
      [
        0.987344265,
        -0.119024314,
        0.104807287
      ],
      [
        -0.112026617,
        -0.05565909,
        0.9921452
      ],
      [
        -0.112255909,
        -0.9913301,
        -0.06828857
      ]
    ],
    "translation": [
      1.17331839,
      0.757378042,
      -0.7267723
    ]
  },
  {
    "timeStamp": 63270,
    "rotation": [
      [
        0.978902042,
        -0.1530795,
        0.135341659
      ],
      [
        -0.145767882,
        -0.05902114,
        0.9875567
      ],
      [
        -0.143186659,
        -0.9864498,
        -0.0800899938
      ]
    ],
    "translation": [
      1.188476,
      0.7828584,
      -0.7221441
    ]
  },
  {
    "timeStamp": 63314,
    "rotation": [
      [
        0.97215265,
        -0.173870265,
        0.157125324
      ],
      [
        -0.170224845,
        -0.0630937144,
        0.9833833
      ],
      [
        -0.161067516,
        -0.9827453,
        -0.09093376
      ]
    ],
    "translation": [
      1.20592546,
      0.804040134,
      -0.7208968
    ]
  },
  {
    "timeStamp": 63370,
    "rotation": [
      [
        0.9602406,
        -0.212646618,
        0.180885077
      ],
      [
        -0.199887648,
        -0.07136917,
        0.9772161
      ],
      [
        -0.194892079,
        -0.9745193,
        -0.111037008
      ]
    ],
    "translation": [
      1.23422432,
      0.832261264,
      -0.7178851
    ]
  },
  {
    "timeStamp": 63415,
    "rotation": [
      [
        0.9476234,
        -0.251055419,
        0.197436109
      ],
      [
        -0.22310622,
        -0.07798267,
        0.971669853
      ],
      [
        -0.228546381,
        -0.9648263,
        -0.129910231
      ]
    ],
    "translation": [
      1.26381993,
      0.8543054,
      -0.716267645
    ]
  },
  {
    "timeStamp": 63470,
    "rotation": [
      [
        0.9277105,
        -0.309873968,
        0.208161846
      ],
      [
        -0.245401159,
        -0.0860381648,
        0.965596
      ],
      [
        -0.2813032,
        -0.946876764,
        -0.155861944
      ]
    ],
    "translation": [
      1.30864537,
      0.881415248,
      -0.713707149
    ]
  },
  {
    "timeStamp": 63514,
    "rotation": [
      [
        0.9064873,
        -0.364700735,
        0.212777451
      ],
      [
        -0.261156648,
        -0.08829973,
        0.961249352
      ],
      [
        -0.331780136,
        -0.9269286,
        -0.175286591
      ]
    ],
    "translation": [
      1.351358,
      0.901099145,
      -0.7145952
    ]
  },
  {
    "timeStamp": 63570,
    "rotation": [
      [
        0.873894632,
        -0.439530015,
        0.207657263
      ],
      [
        -0.2748829,
        -0.0944809243,
        0.9568243
      ],
      [
        -0.400933355,
        -0.893245041,
        -0.203385666
      ]
    ],
    "translation": [
      1.41244936,
      0.924098551,
      -0.715661764
    ]
  },
  {
    "timeStamp": 63615,
    "rotation": [
      [
        0.845525444,
        -0.497409046,
        0.1940902
      ],
      [
        -0.277829319,
        -0.0994443446,
        0.95546937
      ],
      [
        -0.455957919,
        -0.8617976,
        -0.222277537
      ]
    ],
    "translation": [
      1.46602714,
      0.9388153,
      -0.7214956
    ]
  },
  {
    "timeStamp": 63670,
    "rotation": [
      [
        0.81216073,
        -0.5601189,
        0.163284391
      ],
      [
        -0.26247263,
        -0.100822978,
        0.959657669
      ],
      [
        -0.5210596,
        -0.822253942,
        -0.228900358
      ]
    ],
    "translation": [
      1.53525209,
      0.9493025,
      -0.731927037
    ]
  },
  {
    "timeStamp": 63715,
    "rotation": [
      [
        0.7963202,
        -0.59174633,
        0.125341028
      ],
      [
        -0.238943622,
        -0.117377639,
        0.9639131
      ],
      [
        -0.5556798,
        -0.7975329,
        -0.2348642
      ]
    ],
    "translation": [
      1.58829951,
      0.9537835,
      -0.7430843
    ]
  },
  {
    "timeStamp": 63770,
    "rotation": [
      [
        0.7635075,
        -0.641371,
        0.0754957
      ],
      [
        -0.207531065,
        -0.132972911,
        0.969148636
      ],
      [
        -0.611544967,
        -0.755619943,
        -0.234630212
      ]
    ],
    "translation": [
      1.65539265,
      0.9554498,
      -0.7562401
    ]
  },
  {
    "timeStamp": 63815,
    "rotation": [
      [
        0.72056514,
        -0.6919222,
        0.045050703
      ],
      [
        -0.19183588,
        -0.136497989,
        0.971888542
      ],
      [
        -0.666321933,
        -0.708951354,
        -0.231091186
      ]
    ],
    "translation": [
      1.70658267,
      0.957824767,
      -0.7675392
    ]
  },
  {
    "timeStamp": 63870,
    "rotation": [
      [
        0.6553234,
        -0.7551281,
        0.0182409976
      ],
      [
        -0.183865637,
        -0.136048451,
        0.9734908
      ],
      [
        -0.7326286,
        -0.641305149,
        -0.227997839
      ]
    ],
    "translation": [
      1.766751,
      0.962321043,
      -0.779063
    ]
  },
  {
    "timeStamp": 63914,
    "rotation": [
      [
        0.5971627,
        -0.802113533,
        0.00325657218
      ],
      [
        -0.185200721,
        -0.133926913,
        0.973531842
      ],
      [
        -0.780446947,
        -0.58196,
        -0.228528157
      ]
    ],
    "translation": [
      1.80881882,
      0.967483342,
      -0.7883825
    ]
  },
  {
    "timeStamp": 63970,
    "rotation": [
      [
        0.529975533,
        -0.8479254,
        -0.0121804159
      ],
      [
        -0.1938619,
        -0.135126859,
        0.9716781
      ],
      [
        -0.825556457,
        -0.5126043,
        -0.235994369
      ]
    ],
    "translation": [
      1.85459542,
      0.9759309,
      -0.7961552
    ]
  },
  {
    "timeStamp": 64014,
    "rotation": [
      [
        0.487463832,
        -0.872881532,
        -0.02137244
      ],
      [
        -0.204010785,
        -0.137662351,
        0.969241261
      ],
      [
        -0.848975,
        -0.468109846,
        -0.245182678
      ]
    ],
    "translation": [
      1.88394833,
      0.981834352,
      -0.800807357
    ]
  },
  {
    "timeStamp": 64070,
    "rotation": [
      [
        0.439562947,
        -0.8977768,
        -0.02795083
      ],
      [
        -0.217027947,
        -0.136353031,
        0.9665954
      ],
      [
        -0.871598065,
        -0.4188134,
        -0.2547784
      ]
    ],
    "translation": [
      1.91669548,
      0.988418937,
      -0.801947951
    ]
  },
  {
    "timeStamp": 64115,
    "rotation": [
      [
        0.4061001,
        -0.913279,
        -0.0316889249
      ],
      [
        -0.227135792,
        -0.134465978,
        0.964535236
      ],
      [
        -0.88515085,
        -0.384500176,
        -0.262045
      ]
    ],
    "translation": [
      1.93967259,
      0.992708564,
      -0.8011184
    ]
  },
  {
    "timeStamp": 64170,
    "rotation": [
      [
        0.3684375,
        -0.9289367,
        -0.0364732556
      ],
      [
        -0.238049567,
        -0.132195741,
        0.96221447
      ],
      [
        -0.898658,
        -0.345833451,
        -0.26983887
      ]
    ],
    "translation": [
      1.96671379,
      0.9970097,
      -0.795693
    ]
  },
  {
    "timeStamp": 64214,
    "rotation": [
      [
        0.343781,
        -0.938162267,
        -0.0408201031
      ],
      [
        -0.24529326,
        -0.131675974,
        0.960464835
      ],
      [
        -0.9064469,
        -0.320176661,
        -0.275392562
      ]
    ],
    "translation": [
      1.9864459,
      0.998369336,
      -0.7891363
    ]
  },
  {
    "timeStamp": 64270,
    "rotation": [
      [
        0.310042858,
        -0.949808061,
        -0.04168934
      ],
      [
        -0.253558844,
        -0.124871135,
        0.9592263
      ],
      [
        -0.9162867,
        -0.286830544,
        -0.279547632
      ]
    ],
    "translation": [
      2.0109725,
      0.997117,
      -0.7772904
    ]
  },
  {
    "timeStamp": 64314,
    "rotation": [
      [
        0.2890259,
        -0.956657767,
        -0.0356370732
      ],
      [
        -0.257229,
        -0.113463305,
        0.959666252
      ],
      [
        -0.9221156,
        -0.26820153,
        -0.27887398
      ]
    ],
    "translation": [
      2.027218,
      0.99333024,
      -0.7652449
    ]
  },
  {
    "timeStamp": 64370,
    "rotation": [
      [
        0.265759557,
        -0.963225961,
        -0.039592538
      ],
      [
        -0.258241653,
        -0.110698655,
        0.959717155
      ],
      [
        -0.9288073,
        -0.24482955,
        -0.278164268
      ]
    ],
    "translation": [
      2.04533386,
      0.9872964,
      -0.7468597
    ]
  },
  {
    "timeStamp": 64414,
    "rotation": [
      [
        0.24563098,
        -0.968300164,
        -0.0453889966
      ],
      [
        -0.255922318,
        -0.109940276,
        0.9604254
      ],
      [
        -0.93497014,
        -0.224294171,
        -0.274814367
      ]
    ],
    "translation": [
      2.05752826,
      0.980488956,
      -0.73140794
    ]
  },
  {
    "timeStamp": 64477,
    "rotation": [
      [
        0.213215321,
        -0.974621,
        -0.06821447
      ],
      [
        -0.249468371,
        -0.121815033,
        0.960690737
      ],
      [
        -0.9446189,
        -0.18781665,
        -0.269109935
      ]
    ],
    "translation": [
      2.07336354,
      0.971560061,
      -0.712528646
    ]
  },
  {
    "timeStamp": 64512,
    "rotation": [
      [
        0.180244491,
        -0.9786225,
        -0.09904489
      ],
      [
        -0.228037983,
        -0.139525279,
        0.9636033
      ],
      [
        -0.95682317,
        -0.151098192,
        -0.248311758
      ]
    ],
    "translation": [
      2.08527946,
      0.961159468,
      -0.7012022
    ]
  },
  {
    "timeStamp": 64564,
    "rotation": [
      [
        0.14513211,
        -0.9809359,
        -0.129234046
      ],
      [
        -0.1785776,
        -0.154442132,
        0.9717292
      ],
      [
        -0.973163247,
        -0.117950812,
        -0.197587684
      ]
    ],
    "translation": [
      2.09733272,
      0.9411578,
      -0.6929531
    ]
  },
  {
    "timeStamp": 64620,
    "rotation": [
      [
        0.0811866745,
        -0.9875396,
        -0.134812325
      ],
      [
        -0.1264655,
        -0.144372255,
        0.9814088
      ],
      [
        -0.988643169,
        -0.06262823,
        -0.136610776
      ]
    ],
    "translation": [
      2.11065125,
      0.917621851,
      -0.6934837
    ]
  },
  {
    "timeStamp": 64665,
    "rotation": [
      [
        0.052450873,
        -0.990213335,
        -0.1293308
      ],
      [
        -0.0915705562,
        -0.133732513,
        0.9867778
      ],
      [
        -0.9944163,
        -0.03991444,
        -0.09768877
      ]
    ],
    "translation": [
      2.11661267,
      0.9017559,
      -0.695226431
    ]
  },
  {
    "timeStamp": 64720,
    "rotation": [
      [
        0.003158976,
        -0.9983248,
        -0.0577721335
      ],
      [
        -0.03423999,
        -0.05784653,
        0.9977381
      ],
      [
        -0.999408662,
        -0.001173696,
        -0.0343653634
      ]
    ],
    "translation": [
      2.11951232,
      0.890134037,
      -0.697912037
    ]
  },
  {
    "timeStamp": 64765,
    "rotation": [
      [
        -0.0109350234,
        -0.9993828,
        0.0333821252
      ],
      [
        -0.0121120512,
        0.0335140526,
        0.999364853
      ],
      [
        -0.999866843,
        0.0105237532,
        -0.0124710528
      ]
    ],
    "translation": [
      2.11737967,
      0.8839065,
      -0.6985805
    ]
  },
  {
    "timeStamp": 64820,
    "rotation": [
      [
        -0.00225989288,
        -0.993615,
        0.112801954
      ],
      [
        -0.00639750436,
        0.1128143,
        0.9935955
      ],
      [
        -0.999977052,
        0.00152376678,
        -0.006611604
      ]
    ],
    "translation": [
      2.11664534,
      0.8799951,
      -0.698124349
    ]
  },
  {
    "timeStamp": 64865,
    "rotation": [
      [
        0.00305581512,
        -0.984128058,
        0.177433655
      ],
      [
        -0.0005719956,
        0.177432731,
        0.984132767
      ],
      [
        -0.9999952,
        -0.003108819,
        -2.071531E-05
      ]
    ],
    "translation": [
      2.11626124,
      0.876876,
      -0.6978851
    ]
  },
  {
    "timeStamp": 64921,
    "rotation": [
      [
        0.00215860084,
        -0.9609038,
        0.276873946
      ],
      [
        0.00196766481,
        0.276878119,
        0.960903049
      ],
      [
        -0.9999957,
        -0.00152941141,
        0.00248840614
      ]
    ],
    "translation": [
      2.11502171,
      0.872283638,
      -0.6979473
    ]
  },
  {
    "timeStamp": 64967,
    "rotation": [
      [
        -0.001762396,
        -0.9407522,
        0.339090258
      ],
      [
        7.53104E-05,
        0.339090675,
        0.9407537
      ],
      [
        -0.9999985,
        0.00168351748,
        -0.000526763557
      ]
    ],
    "translation": [
      2.114064,
      0.8692634,
      -0.6981103
    ]
  },
  {
    "timeStamp": 65012,
    "rotation": [
      [
        -0.00358634861,
        -0.9376724,
        0.3475018
      ],
      [
        -0.00234090537,
        0.347510964,
        0.937673
      ],
      [
        -0.999990761,
        0.002549353,
        -0.003441298
      ]
    ],
    "translation": [
      2.11393332,
      0.8688385,
      -0.6981644
    ]
  },
  {
    "timeStamp": 65069,
    "rotation": [
      [
        -0.005598393,
        -0.93906635,
        0.343690276
      ],
      [
        -0.00226594531,
        0.3437067,
        0.939074337
      ],
      [
        -0.999981761,
        0.004478524,
        -0.00405207835
      ]
    ],
    "translation": [
      2.11401844,
      0.868978739,
      -0.6982716
    ]
  },
  {
    "timeStamp": 65114,
    "rotation": [
      [
        -0.003881208,
        -0.9499182,
        0.312474728
      ],
      [
        -0.00130417489,
        0.3124816,
        0.9499229
      ],
      [
        -0.999991655,
        0.00327932672,
        -0.00245166547
      ]
    ],
    "translation": [
      2.114542,
      0.87046206,
      -0.6982021
    ]
  },
  {
    "timeStamp": 65169,
    "rotation": [
      [
        -0.00644145766,
        -0.951518834,
        0.3075231
      ],
      [
        -0.003623863,
        0.307549655,
        0.951525152
      ],
      [
        -0.999972641,
        0.005014788,
        -0.00542924227
      ]
    ],
    "translation": [
      2.1146512,
      0.870731354,
      -0.698288
    ]
  },
  {
    "timeStamp": 65214,
    "rotation": [
      [
        -0.0381560028,
        -0.960493743,
        0.275673538
      ],
      [
        0.008392883,
        0.275556654,
        0.9612482
      ],
      [
        -0.9992365,
        0.0389910825,
        -0.00245282822
      ]
    ],
    "translation": [
      2.12109423,
      0.871525049,
      -0.70092
    ]
  },
  {
    "timeStamp": 65269,
    "rotation": [
      [
        -0.0690748,
        -0.993231,
        0.0933852941
      ],
      [
        0.02566894,
        0.0918083638,
        0.9954458
      ],
      [
        -0.9972812,
        0.07115733,
        0.0191535428
      ]
    ],
    "translation": [
      2.14233375,
      0.8694782,
      -0.702268958
    ]
  },
  {
    "timeStamp": 65315,
    "rotation": [
      [
        -0.09022764,
        -0.977969,
        -0.188243523
      ],
      [
        0.00768249854,
        -0.189692318,
        0.98181355
      ],
      [
        -0.9958915,
        0.08714054,
        0.0246287361
      ]
    ],
    "translation": [
      2.16916656,
      0.869830251,
      -0.70213753
    ]
  },
  {
    "timeStamp": 65370,
    "rotation": [
      [
        -0.0462611131,
        -0.967887342,
        -0.247090966
      ],
      [
        -0.0103637855,
        -0.246877432,
        0.9689913
      ],
      [
        -0.9988756,
        0.0473874137,
        0.00138984772
      ]
    ],
    "translation": [
      2.172811,
      0.873420238,
      -0.69943887
    ]
  },
  {
    "timeStamp": 65414,
    "rotation": [
      [
        -0.0426835865,
        -0.9343729,
        -0.3537306
      ],
      [
        -0.005176373,
        -0.3538417,
        0.935291
      ],
      [
        -0.999075234,
        0.0417526178,
        0.01026657
      ]
    ],
    "translation": [
      2.18080473,
      0.8749436,
      -0.69993645
    ]
  },
  {
    "timeStamp": 65470,
    "rotation": [
      [
        -0.0227307063,
        -0.882943451,
        -0.468928874
      ],
      [
        -0.0130762206,
        -0.468747348,
        0.8832355
      ],
      [
        -0.999656141,
        0.0262083821,
        -0.0008906051
      ]
    ],
    "translation": [
      2.18683171,
      0.874458969,
      -0.700801969
    ]
  },
  {
    "timeStamp": 65514,
    "rotation": [
      [
        0.0957358,
        -0.78005445,
        -0.6183443
      ],
      [
        -0.0444172956,
        -0.6239265,
        0.7802197
      ],
      [
        -0.9944153,
        -0.047229778,
        -0.09438002
      ]
    ],
    "translation": [
      2.18868375,
      0.8758645,
      -0.6946348
    ]
  },
  {
    "timeStamp": 65570,
    "rotation": [
      [
        0.16866833,
        -0.6468103,
        -0.7437658
      ],
      [
        -0.045043353,
        -0.7588463,
        0.649710238
      ],
      [
        -0.984643161,
        -0.07608384,
        -0.157127842
      ]
    ],
    "translation": [
      2.19402,
      0.878112,
      -0.690718532
    ]
  },
  {
    "timeStamp": 65614,
    "rotation": [
      [
        0.180721521,
        -0.579661369,
        -0.794564247
      ],
      [
        -0.04012768,
        -0.8115393,
        0.5829183
      ],
      [
        -0.982715368,
        -0.07346185,
        -0.169923067
      ]
    ],
    "translation": [
      2.19359756,
      0.876912653,
      -0.6907552
    ]
  },
  {
    "timeStamp": 65670,
    "rotation": [
      [
        0.161613733,
        -0.5357012,
        -0.82879746
      ],
      [
        -0.0231685229,
        -0.841666043,
        0.5395012
      ],
      [
        -0.986582041,
        -0.06798879,
        -0.1484362
      ]
    ],
    "translation": [
      2.19141483,
      0.874728858,
      -0.6913529
    ]
  },
  {
    "timeStamp": 65715,
    "rotation": [
      [
        0.13866888,
        -0.523464262,
        -0.8406879
      ],
      [
        -0.00434137974,
        -0.849202335,
        0.528049767
      ],
      [
        -0.9903293,
        -0.06957432,
        -0.120030485
      ]
    ],
    "translation": [
      2.18996048,
      0.8712879,
      -0.692156434
    ]
  },
  {
    "timeStamp": 65770,
    "rotation": [
      [
        0.09155185,
        -0.6529991,
        -0.7518048
      ],
      [
        -0.0134217618,
        -0.7557161,
        0.654761851
      ],
      [
        -0.9957099,
        -0.0498541147,
        -0.0779516
      ]
    ],
    "translation": [
      2.18183851,
      0.8620487,
      -0.6905366
    ]
  },
  {
    "timeStamp": 65814,
    "rotation": [
      [
        0.0228669923,
        -0.865986168,
        -0.499544859
      ],
      [
        -0.0199064948,
        -0.499970853,
        0.865813434
      ],
      [
        -0.9995403,
        -0.009854362,
        -0.02867158
      ]
    ],
    "translation": [
      2.16051126,
      0.8512241,
      -0.6889557
    ]
  },
  {
    "timeStamp": 65869,
    "rotation": [
      [
        -0.0283542536,
        -0.977686644,
        -0.208146274
      ],
      [
        -0.05350987,
        -0.206446856,
        0.976993561
      ],
      [
        -0.9981647,
        0.0388397947,
        -0.0464622378
      ]
    ],
    "translation": [
      2.13747883,
      0.8543394,
      -0.681906
    ]
  },
  {
    "timeStamp": 65914,
    "rotation": [
      [
        0.0294481628,
        -0.971538663,
        -0.235043645
      ],
      [
        -0.102986827,
        -0.236843213,
        0.966074049
      ],
      [
        -0.9942468,
        -0.004242729,
        -0.10703028
      ]
    ],
    "translation": [
      2.13493419,
      0.8662031,
      -0.674299836
    ]
  },
  {
    "timeStamp": 65970,
    "rotation": [
      [
        0.0257151164,
        -0.9716119,
        -0.235178739
      ],
      [
        -0.11102587,
        -0.236576915,
        0.965248466
      ],
      [
        -0.993484735,
        0.00128945278,
        -0.113957666
      ]
    ],
    "translation": [
      2.133449,
      0.872550249,
      -0.67127943
    ]
  },
  {
    "timeStamp": 66014,
    "rotation": [
      [
        -0.007316715,
        -0.982607067,
        -0.18555285
      ],
      [
        -0.116412796,
        -0.183459133,
        0.976110041
      ],
      [
        -0.993173957,
        0.0287426431,
        -0.113045715
      ]
    ],
    "translation": [
      2.13305736,
      0.871479,
      -0.6720148
    ]
  },
  {
    "timeStamp": 66069,
    "rotation": [
      [
        -0.110938452,
        -0.991777837,
        -0.0637913346
      ],
      [
        -0.0690454,
        -0.05634098,
        0.9960213
      ],
      [
        -0.991425931,
        0.114901587,
        -0.06222732
      ]
    ],
    "translation": [
      2.13309169,
      0.8618455,
      -0.678520441
    ]
  },
  {
    "timeStamp": 66114,
    "rotation": [
      [
        -0.116633348,
        -0.9911298,
        -0.0637046248
      ],
      [
        -0.0410739854,
        -0.0592739359,
        0.99739635
      ],
      [
        -0.992325366,
        0.118946306,
        -0.0337963365
      ]
    ],
    "translation": [
      2.133372,
      0.8543467,
      -0.684788942
    ]
  },
  {
    "timeStamp": 66169,
    "rotation": [
      [
        -0.13248761,
        -0.9890374,
        -0.06520843
      ],
      [
        -0.0225982741,
        -0.0627572,
        0.997772932
      ],
      [
        -0.990927041,
        0.133666158,
        -0.0140359867
      ]
    ],
    "translation": [
      2.13743758,
      0.845718443,
      -0.692804337
    ]
  },
  {
    "timeStamp": 66214,
    "rotation": [
      [
        -0.139183715,
        -0.989084363,
        -0.04837433
      ],
      [
        -0.006517978,
        -0.0479337275,
        0.998829246
      ],
      [
        -0.990245163,
        0.139336064,
        0.0002247639
      ]
    ],
    "translation": [
      2.137182,
      0.8376386,
      -0.6972365
    ]
  },
  {
    "timeStamp": 66270,
    "rotation": [
      [
        -0.133445069,
        -0.9893696,
        -0.0577949546
      ],
      [
        0.0111457538,
        -0.0598110519,
        0.9981475
      ],
      [
        -0.9909935,
        0.1325537,
        0.01900876
      ]
    ],
    "translation": [
      2.138361,
      0.8298235,
      -0.7014478
    ]
  },
  {
    "timeStamp": 66314,
    "rotation": [
      [
        -0.129507691,
        -0.9897596,
        -0.0600300953
      ],
      [
        0.0187593643,
        -0.06297472,
        0.9978388
      ],
      [
        -0.991400957,
        0.128101677,
        0.0267229732
      ]
    ],
    "translation": [
      2.138784,
      0.8243514,
      -0.7032206
    ]
  },
  {
    "timeStamp": 66369,
    "rotation": [
      [
        -0.1316191,
        -0.989448667,
        -0.0605617128
      ],
      [
        0.02685338,
        -0.06462956,
        0.9975479
      ],
      [
        -0.9909366,
        0.129670054,
        0.0350765251
      ]
    ],
    "translation": [
      2.13895082,
      0.8179692,
      -0.7054747
    ]
  },
  {
    "timeStamp": 66414,
    "rotation": [
      [
        -0.126405239,
        -0.9899,
        -0.0641842857
      ],
      [
        0.0322184339,
        -0.0687660649,
        0.997112453
      ],
      [
        -0.991455257,
        0.123972341,
        0.04058542
      ]
    ],
    "translation": [
      2.13900018,
      0.8135251,
      -0.7053641
    ]
  },
  {
    "timeStamp": 66469,
    "rotation": [
      [
        -0.129536733,
        -0.9895641,
        -0.06311149
      ],
      [
        0.0379875153,
        -0.0685535446,
        0.9969239
      ],
      [
        -0.9908467,
        0.1267408,
        0.0464712866
      ]
    ],
    "translation": [
      2.13907385,
      0.8075437,
      -0.705307
    ]
  },
  {
    "timeStamp": 66514,
    "rotation": [
      [
        -0.128193334,
        -0.989828646,
        -0.0616904162
      ],
      [
        0.0414639823,
        -0.0674985051,
        0.9968574
      ],
      [
        -0.990882039,
        0.125232533,
        0.0496950932
      ]
    ],
    "translation": [
      2.139161,
      0.8029824,
      -0.703913331
    ]
  },
  {
    "timeStamp": 66569,
    "rotation": [
      [
        -0.125977576,
        -0.989928544,
        -0.0645849556
      ],
      [
        0.045550365,
        -0.0708071,
        0.9964495
      ],
      [
        -0.9909868,
        0.122588433,
        0.05401171
      ]
    ],
    "translation": [
      2.13991737,
      0.7976915,
      -0.702500045
    ]
  },
  {
    "timeStamp": 66614,
    "rotation": [
      [
        -0.1250149,
        -0.989493132,
        -0.0726264939
      ],
      [
        0.04147958,
        -0.0783493146,
        0.996062636
      ],
      [
        -0.9912874,
        0.121510133,
        0.05083859
      ]
    ],
    "translation": [
      2.14051914,
      0.7933917,
      -0.700944841
    ]
  },
  {
    "timeStamp": 66669,
    "rotation": [
      [
        -0.119416445,
        -0.9885924,
        -0.09178668
      ],
      [
        0.03737745,
        -0.09685908,
        0.994596
      ],
      [
        -0.9921405,
        0.11534036,
        0.04851763
      ]
    ],
    "translation": [
      2.14231,
      0.7906881,
      -0.6977943
    ]
  },
  {
    "timeStamp": 66714,
    "rotation": [
      [
        -0.129843041,
        -0.9887365,
        -0.07443675
      ],
      [
        0.0294829626,
        -0.07888902,
        0.9964473
      ],
      [
        -0.991096139,
        0.127187133,
        0.0393940732
      ]
    ],
    "translation": [
      2.141487,
      0.786821663,
      -0.6987739
    ]
  },
  {
    "timeStamp": 66769,
    "rotation": [
      [
        -0.131953523,
        -0.9881887,
        -0.07791949
      ],
      [
        0.02608952,
        -0.08204183,
        0.996287346
      ],
      [
        -0.990912557,
        0.129430741,
        0.0366070755
      ]
    ],
    "translation": [
      2.14139152,
      0.784161,
      -0.69930923
    ]
  },
  {
    "timeStamp": 66814,
    "rotation": [
      [
        -0.137089342,
        -0.988670647,
        -0.0611298867
      ],
      [
        0.04867837,
        -0.06836202,
        0.9964723
      ],
      [
        -0.9893619,
        0.133630022,
        0.057498578
      ]
    ],
    "translation": [
      2.14028955,
      0.7810826,
      -0.7016638
    ]
  },
  {
    "timeStamp": 66869,
    "rotation": [
      [
        -0.132695913,
        -0.987118542,
        -0.08938033
      ],
      [
        0.0491967276,
        -0.09662625,
        0.994104147
      ],
      [
        -0.9899351,
        0.127516344,
        0.06138491
      ]
    ],
    "translation": [
      2.14145684,
      0.7807303,
      -0.7030204
    ]
  },
  {
    "timeStamp": 66913,
    "rotation": [
      [
        -0.139426544,
        -0.986814,
        -0.08220939
      ],
      [
        0.117924206,
        -0.0989761353,
        0.98807776
      ],
      [
        -0.9831857,
        0.128069818,
        0.130169153
      ]
    ],
    "translation": [
      2.14190984,
      0.7752189,
      -0.708922863
    ]
  },
  {
    "timeStamp": 66962,
    "rotation": [
      [
        -0.130135208,
        -0.9875403,
        -0.08848132
      ],
      [
        0.12488237,
        -0.104855083,
        0.9866153
      ],
      [
        -0.9836001,
        0.117343612,
        0.136971712
      ]
    ],
    "translation": [
      2.142633,
      0.775663733,
      -0.710572839
    ]
  },
  {
    "timeStamp": 67011,
    "rotation": [
      [
        -0.123725943,
        -0.98634845,
        -0.108667053
      ],
      [
        0.130470067,
        -0.124727495,
        0.9835754
      ],
      [
        -0.9837019,
        0.107515976,
        0.144120961
      ]
    ],
    "translation": [
      2.14453268,
      0.777367532,
      -0.714075
    ]
  },
  {
    "timeStamp": 67066,
    "rotation": [
      [
        -0.137021914,
        -0.9876747,
        -0.07565465
      ],
      [
        0.143334791,
        -0.09534032,
        0.985071242
      ],
      [
        -0.9801429,
        0.1241324,
        0.154631868
      ]
    ],
    "translation": [
      2.14203477,
      0.7714605,
      -0.718810558
    ]
  },
  {
    "timeStamp": 67122,
    "rotation": [
      [
        -0.145800635,
        -0.9873206,
        -0.06277068
      ],
      [
        0.147107065,
        -0.08437962,
        0.9855149
      ],
      [
        -0.9783157,
        0.134454668,
        0.157544434
      ]
    ],
    "translation": [
      2.1416173,
      0.7668692,
      -0.7215932
    ]
  },
  {
    "timeStamp": 67166,
    "rotation": [
      [
        -0.150850773,
        -0.988220632,
        -0.0257674716
      ],
      [
        0.152816355,
        -0.0490638278,
        0.98703593
      ],
      [
        -0.976673543,
        0.144957438,
        0.1584176
      ]
    ],
    "translation": [
      2.138932,
      0.7581992,
      -0.7229228
    ]
  },
  {
    "timeStamp": 67222,
    "rotation": [
      [
        -0.154226243,
        -0.987854064,
        -0.0189345088
      ],
      [
        0.154891565,
        -0.04310002,
        0.986990869
      ],
      [
        -0.975819051,
        0.1492871,
        0.159657434
      ]
    ],
    "translation": [
      2.138612,
      0.7542896,
      -0.7249889
    ]
  },
  {
    "timeStamp": 67266,
    "rotation": [
      [
        -0.1463911,
        -0.989134848,
        -0.0134843895
      ],
      [
        0.15720731,
        -0.03672023,
        0.9868827
      ],
      [
        -0.976655245,
        0.142350987,
        0.160874739
      ]
    ],
    "translation": [
      2.138498,
      0.7503069,
      -0.7246088
    ]
  },
  {
    "timeStamp": 67321,
    "rotation": [
      [
        -0.144367188,
        -0.9895228,
        -0.0016530836
      ],
      [
        0.157483459,
        -0.0246253982,
        0.987214565
      ],
      [
        -0.976912,
        0.142261058,
        0.159388587
      ]
    ],
    "translation": [
      2.13795948,
      0.7479325,
      -0.723843157
    ]
  }
]