[
  {
    "timeStamp": 10236,
    "rotation": [
      [
        0.9999852,
        0.00066136627,
        -0.00539760338
      ],
      [
        0.0053982283,
        -0.0009475019,
        0.999985
      ],
      [
        0.0006562418,
        -0.999999344,
        -0.0009510581
      ]
    ],
    "translation": [
      1.46187031,
      0.702089965,
      -0.6199779
    ]
  },
  {
    "timeStamp": 10280,
    "rotation": [
      [
        0.999874949,
        -0.000266335148,
        -0.015811177
      ],
      [
        0.0158080515,
        -0.009215514,
        0.9998326
      ],
      [
        -0.0004120033,
        -0.9999575,
        -0.009210152
      ]
    ],
    "translation": [
      1.46369457,
      0.702831745,
      -0.6191001
    ]
  },
  {
    "timeStamp": 10335,
    "rotation": [
      [
        0.9999076,
        -0.00461543957,
        0.0127899647
      ],
      [
        -0.0128810313,
        -0.02027218,
        0.9997115
      ],
      [
        -0.00435482431,
        -0.9997839,
        -0.0203297585
      ]
    ],
    "translation": [
      1.46215117,
      0.7066167,
      -0.6187304
    ]
  },
  {
    "timeStamp": 10389,
    "rotation": [
      [
        0.9992652,
        -0.0103653418,
        0.03689967
      ],
      [
        -0.0372314267,
        -0.03388033,
        0.99873215
      ],
      [
        -0.009102009,
        -0.9993721,
        -0.0342413522
      ]
    ],
    "translation": [
      1.46298027,
      0.7148809,
      -0.6171131
    ]
  },
  {
    "timeStamp": 10432,
    "rotation": [
      [
        0.995887935,
        -0.0371974744,
        0.08260399
      ],
      [
        -0.08516783,
        -0.07362832,
        0.993642449
      ],
      [
        -0.030879,
        -0.996591747,
        -0.07649359
      ]
    ],
    "translation": [
      1.46830416,
      0.737149239,
      -0.60907954
    ]
  },
  {
    "timeStamp": 10486,
    "rotation": [
      [
        0.993291438,
        -0.06558034,
        0.09524351
      ],
      [
        -0.104052052,
        -0.1475374,
        0.983567953
      ],
      [
        -0.0504507534,
        -0.9868799,
        -0.153371409
      ]
    ],
    "translation": [
      1.4845103,
      0.7776136,
      -0.593646467
    ]
  },
  {
    "timeStamp": 10531,
    "rotation": [
      [
        0.986494541,
        -0.124650411,
        0.106258042
      ],
      [
        -0.131108209,
        -0.2120752,
        0.968418658
      ],
      [
        -0.09817907,
        -0.969271,
        -0.225553721
      ]
    ],
    "translation": [
      1.50933421,
      0.8184569,
      -0.578064561
    ]
  },
  {
    "timeStamp": 10586,
    "rotation": [
      [
        0.9624354,
        -0.260902345,
        0.07515294
      ],
      [
        -0.155430138,
        -0.3024804,
        0.9403973
      ],
      [
        -0.2226196,
        -0.916752756,
        -0.331669956
      ]
    ],
    "translation": [
      1.56371284,
      0.8776111,
      -0.555385768
    ]
  },
  {
    "timeStamp": 10631,
    "rotation": [
      [
        0.9331165,
        -0.35927555,
        0.0146554327
      ],
      [
        -0.160038009,
        -0.378464669,
        0.9116756
      ],
      [
        -0.321996182,
        -0.8530449,
        -0.410649359
      ]
    ],
    "translation": [
      1.61834955,
      0.9258001,
      -0.5379904
    ]
  },
  {
    "timeStamp": 10686,
    "rotation": [
      [
        0.8675879,
        -0.492577851,
        -0.0682516843
      ],
      [
        -0.200255409,
        -0.4716984,
        0.858719051
      ],
      [
        -0.4551802,
        -0.7313465,
        -0.5078812
      ]
    ],
    "translation": [
      1.697052,
      0.9895304,
      -0.5215272
    ]
  },
  {
    "timeStamp": 10731,
    "rotation": [
      [
        0.797076344,
        -0.5801155,
        -0.167735785
      ],
      [
        -0.225706756,
        -0.5438265,
        0.8082754
      ],
      [
        -0.5601123,
        -0.6063981,
        -0.5644073
      ]
    ],
    "translation": [
      1.76812708,
      1.03899074,
      -0.516178
    ]
  },
  {
    "timeStamp": 10787,
    "rotation": [
      [
        0.67814976,
        -0.669806957,
        -0.3024426
      ],
      [
        -0.2636163,
        -0.605842,
        0.750641048
      ],
      [
        -0.686017,
        -0.429318279,
        -0.5874237
      ]
    ],
    "translation": [
      1.86072707,
      1.09412766,
      -0.5239476
    ]
  },
  {
    "timeStamp": 10832,
    "rotation": [
      [
        0.5735875,
        -0.710210264,
        -0.4081652
      ],
      [
        -0.281912953,
        -0.6389952,
        0.715688646
      ],
      [
        -0.769105,
        -0.295442969,
        -0.5667371
      ]
    ],
    "translation": [
      1.932999,
      1.12660682,
      -0.541048944
    ]
  },
  {
    "timeStamp": 10889,
    "rotation": [
      [
        0.39617613,
        -0.76647377,
        -0.505531847
      ],
      [
        -0.320470065,
        -0.6313893,
        0.706149
      ],
      [
        -0.860432148,
        -0.117751539,
        -0.4957733
      ]
    ],
    "translation": [
      2.02328348,
      1.14892042,
      -0.576290667
    ]
  },
  {
    "timeStamp": 10934,
    "rotation": [
      [
        0.21331577,
        -0.7975133,
        -0.564330459
      ],
      [
        -0.332982868,
        -0.602389038,
        0.725430846
      ],
      [
        -0.918487251,
        0.0331665426,
        -0.394057333
      ]
    ],
    "translation": [
      2.08611941,
      1.14986408,
      -0.615932941
    ]
  },
  {
    "timeStamp": 10980,
    "rotation": [
      [
        0.0439513475,
        -0.79666245,
        -0.6028244
      ],
      [
        -0.371932477,
        -0.573080063,
        0.7302366
      ],
      [
        -0.9272187,
        0.1921151,
        -0.321492285
      ]
    ],
    "translation": [
      2.14173126,
      1.14528668,
      -0.657868564
    ]
  },
  {
    "timeStamp": 11035,
    "rotation": [
      [
        -0.146884918,
        -0.811512649,
        -0.5655723
      ],
      [
        -0.3484109,
        -0.492684722,
        0.7974156
      ],
      [
        -0.9257617,
        0.314179868,
        -0.2103719
      ]
    ],
    "translation": [
      2.18874264,
      1.11277461,
      -0.7012954
    ]
  },
  {
    "timeStamp": 11079,
    "rotation": [
      [
        -0.26285392,
        -0.807418346,
        -0.528188765
      ],
      [
        -0.3690769,
        -0.421658933,
        0.82824266
      ],
      [
        -0.891453862,
        0.412649155,
        -0.187164739
      ]
    ],
    "translation": [
      2.2145648,
      1.08085167,
      -0.729416132
    ]
  },
  {
    "timeStamp": 11135,
    "rotation": [
      [
        -0.408005118,
        -0.792123258,
        -0.453952134
      ],
      [
        -0.285619348,
        -0.361517459,
        0.8875397
      ],
      [
        -0.867152452,
        0.491778255,
        -0.07874475
      ]
    ],
    "translation": [
      2.23003173,
      1.03541064,
      -0.7625512
    ]
  },
  {
    "timeStamp": 11180,
    "rotation": [
      [
        -0.5010696,
        -0.775753736,
        -0.3835824
      ],
      [
        -0.2550322,
        -0.291189581,
        0.9220451
      ],
      [
        -0.826975167,
        0.559834659,
        -0.0519359447
      ]
    ],
    "translation": [
      2.23100424,
      0.9979595,
      -0.78045845
    ]
  },
  {
    "timeStamp": 11235,
    "rotation": [
      [
        -0.5986879,
        -0.741797745,
        -0.3021739
      ],
      [
        -0.239739284,
        -0.194008917,
        0.9512548
      ],
      [
        -0.764263034,
        0.6419476,
        -0.06168727
      ]
    ],
    "translation": [
      2.2240963,
      0.960508645,
      -0.787863
    ]
  },
  {
    "timeStamp": 11279,
    "rotation": [
      [
        -0.6296367,
        -0.737280369,
        -0.244898573
      ],
      [
        -0.181216046,
        -0.167153791,
        0.9691338
      ],
      [
        -0.7554591,
        0.6545818,
        -0.0283608679
      ]
    ],
    "translation": [
      2.21634984,
      0.936756134,
      -0.7858601
    ]
  },
  {
    "timeStamp": 11329,
    "rotation": [
      [
        -0.645455,
        -0.73551327,
        -0.205932051
      ],
      [
        -0.164188683,
        -0.129701659,
        0.9778648
      ],
      [
        -0.7459423,
        0.664979458,
        -0.03704638
      ]
    ],
    "translation": [
      2.21023536,
      0.9182112,
      -0.7759459
    ]
  },
  {
    "timeStamp": 11385,
    "rotation": [
      [
        -0.681639254,
        -0.7181014,
        -0.140350461
      ],
      [
        -0.118613712,
        -0.0808317,
        0.9896449
      ],
      [
        -0.722010136,
        0.69122833,
        -0.0300786123
      ]
    ],
    "translation": [
      2.196002,
      0.890950143,
      -0.767871439
    ]
  },
  {
    "timeStamp": 11430,
    "rotation": [
      [
        -0.713976443,
        -0.6943361,
        -0.09019349
      ],
      [
        -0.07418307,
        -0.0530759133,
        0.9958312
      ],
      [
        -0.6962287,
        0.7176909,
        -0.0136130331
      ]
    ],
    "translation": [
      2.184555,
      0.872302651,
      -0.7693886
    ]
  },
  {
    "timeStamp": 11485,
    "rotation": [
      [
        -0.745644,
        -0.663681746,
        -0.0595111474
      ],
      [
        -0.057254184,
        -0.0251677968,
        0.998042345
      ],
      [
        -0.6638803,
        0.747591555,
        -0.01923234
      ]
    ],
    "translation": [
      2.17848873,
      0.8528302,
      -0.7705528
    ]
  },
  {
    "timeStamp": 11530,
    "rotation": [
      [
        -0.756691,
        -0.65274626,
        -0.03662034
      ],
      [
        -0.024588611,
        -0.0275595244,
        0.9993177
      ],
      [
        -0.6533102,
        0.757075131,
        0.0048039197
      ]
    ],
    "translation": [
      2.17719531,
      0.838134646,
      -0.7738655
    ]
  },
  {
    "timeStamp": 11585,
    "rotation": [
      [
        -0.770007133,
        -0.6376347,
        -0.0226061735
      ],
      [
        -0.00259028259,
        -0.0323065259,
        0.999474645
      ],
      [
        -0.63803,
        0.7696612,
        0.0232246015
      ]
    ],
    "translation": [
      2.17994428,
      0.820354462,
      -0.776199162
    ]
  },
  {
    "timeStamp": 11630,
    "rotation": [
      [
        -0.7852088,
        -0.619190335,
        -0.00709407637
      ],
      [
        0.019265024,
        -0.035877917,
        0.9991705
      ],
      [
        -0.618931234,
        0.784420848,
        0.0401003733
      ]
    ],
    "translation": [
      2.181795,
      0.8077166,
      -0.781012952
    ]
  },
  {
    "timeStamp": 11685,
    "rotation": [
      [
        -0.8112617,
        -0.584668636,
        0.00412789034
      ],
      [
        0.0271276683,
        -0.0305869,
        0.9991639
      ],
      [
        -0.5840535,
        0.810695469,
        0.04067468
      ]
    ],
    "translation": [
      2.184495,
      0.7936786,
      -0.7857105
    ]
  },
  {
    "timeStamp": 11730,
    "rotation": [
      [
        -0.823618352,
        -0.566525936,
        0.0264806282
      ],
      [
        0.04611662,
        -0.0203618836,
        0.9987285
      ],
      [
        -0.56526643,
        0.823792338,
        0.04289668
      ]
    ],
    "translation": [
      2.18574333,
      0.7822669,
      -0.787699044
    ]
  },
  {
    "timeStamp": 11785,
    "rotation": [
      [
        -0.8182167,
        -0.5725559,
        0.0519733019
      ],
      [
        0.0775572956,
        -0.0203521065,
        0.996780157
      ],
      [
        -0.5696546,
        0.819613039,
        0.06105832
      ]
    ],
    "translation": [
      2.1877892,
      0.7705192,
      -0.7861735
    ]
  },
  {
    "timeStamp": 11831,
    "rotation": [
      [
        -0.8222982,
        -0.5656842,
        0.06186288
      ],
      [
        0.08161922,
        -0.00965513848,
        0.99661684
      ],
      [
        -0.563173056,
        0.8245655,
        0.0541101061
      ]
    ],
    "translation": [
      2.18600368,
      0.7628442,
      -0.7840376
    ]
  },
  {
    "timeStamp": 11888,
    "rotation": [
      [
        -0.8161982,
        -0.571161449,
        0.0871497
      ],
      [
        0.1050372,
        0.00163933134,
        0.99446696
      ],
      [
        -0.568144,
        0.8208361,
        0.05865518
      ]
    ],
    "translation": [
      2.18147588,
      0.7553302,
      -0.7823398
    ]
  },
  {
    "timeStamp": 11934,
    "rotation": [
      [
        -0.8106044,
        -0.5746809,
        0.112527519
      ],
      [
        0.132387638,
        0.007343208,
        0.9911708
      ],
      [
        -0.5704333,
        0.818344653,
        0.07012821
      ]
    ],
    "translation": [
      2.175669,
      0.7487699,
      -0.7831404
    ]
  },
  {
    "timeStamp": 11990,
    "rotation": [
      [
        -0.811184466,
        -0.5702093,
        0.129773051
      ],
      [
        0.145791382,
        0.0177166015,
        0.9891567
      ],
      [
        -0.5663255,
        0.8213084,
        0.06876018
      ]
    ],
    "translation": [
      2.16939855,
      0.739140034,
      -0.78360796
    ]
  },
  {
    "timeStamp": 12034,
    "rotation": [
      [
        -0.8070616,
        -0.576632,
        0.127071232
      ],
      [
        0.140873954,
        0.0209524967,
        0.9898058
      ],
      [
        -0.5734162,
        0.816735268,
        0.06432247
      ]
    ],
    "translation": [
      2.16917658,
      0.73336935,
      -0.783712566
    ]
  },
  {
    "timeStamp": 12079,
    "rotation": [
      [
        -0.789188743,
        -0.600549638,
        0.128534853
      ],
      [
        0.1503244,
        0.0140324021,
        0.988537133
      ],
      [
        -0.5954693,
        0.799464345,
        0.07920305
      ]
    ],
    "translation": [
      2.17098427,
      0.729681849,
      -0.7844526
    ]
  },
  {
    "timeStamp": 12134,
    "rotation": [
      [
        -0.7698905,
        -0.621892631,
        0.143242031
      ],
      [
        0.174238876,
        0.0110905347,
        0.984640956
      ],
      [
        -0.61392957,
        0.7830241,
        0.09981937
      ]
    ],
    "translation": [
      2.170624,
      0.7265376,
      -0.784626
    ]
  },
  {
    "timeStamp": 12190,
    "rotation": [
      [
        -0.770379543,
        -0.6243855,
        0.12906602
      ],
      [
        0.157893151,
        0.009295125,
        0.987412453
      ],
      [
        -0.61772573,
        0.781061,
        0.09142542
      ]
    ],
    "translation": [
      2.16922545,
      0.72479,
      -0.7842122
    ]
  }
]