[
  {
    "timeStamp": 16576,
    "rotation": [
      [
        -0.9999749,
        0.006481887,
        0.00285453117
      ],
      [
        0.006221307,
        0.9964977,
        -0.08338836
      ],
      [
        -0.00338504766,
        -0.08336851,
        -0.996513
      ]
    ],
    "translation": [
      1.77006888,
      0.734243631,
      -0.4929965
    ]
  },
  {
    "timeStamp": 16620,
    "rotation": [
      [
        -0.9998888,
        -0.0110486941,
        0.0100163929
      ],
      [
        -0.0116314311,
        0.998123467,
        -0.06011915
      ],
      [
        -0.009333359,
        -0.0602289662,
        -0.998141
      ]
    ],
    "translation": [
      1.76929748,
      0.73291105,
      -0.4925953
    ]
  },
  {
    "timeStamp": 16676,
    "rotation": [
      [
        -0.9975845,
        -0.06835925,
        0.0123323323
      ],
      [
        -0.06907713,
        0.994967937,
        -0.07257487
      ],
      [
        -0.00730911177,
        -0.07325145,
        -0.9972867
      ]
    ],
    "translation": [
      1.76760983,
      0.7319862,
      -0.492844731
    ]
  },
  {
    "timeStamp": 16720,
    "rotation": [
      [
        -0.983093262,
        0.157784477,
        -0.0929066241
      ],
      [
        0.17710337,
        0.9482224,
        -0.2636448
      ],
      [
        0.04649708,
        -0.2756415,
        -0.9601353
      ]
    ],
    "translation": [
      1.7729373,
      0.735362232,
      -0.5021411
    ]
  },
  {
    "timeStamp": 16776,
    "rotation": [
      [
        -0.9910405,
        0.0131300557,
        -0.132914573
      ],
      [
        0.0210473239,
        0.998075,
        -0.0583379939
      ],
      [
        0.131892726,
        -0.06061281,
        -0.9894091
      ]
    ],
    "translation": [
      1.76564419,
      0.7348755,
      -0.4904157
    ]
  },
  {
    "timeStamp": 16820,
    "rotation": [
      [
        -0.9997955,
        -0.0198140871,
        -0.00405249372
      ],
      [
        -0.0195392873,
        0.998051,
        -0.0592663474
      ],
      [
        0.00521890353,
        -0.0591750443,
        -0.998234
      ]
    ],
    "translation": [
      1.77017486,
      0.7376068,
      -0.5049629
    ]
  },
  {
    "timeStamp": 16876,
    "rotation": [
      [
        -0.9981167,
        -0.0583443269,
        0.0189462546
      ],
      [
        -0.0599889979,
        0.9929014,
        -0.102703877
      ],
      [
        -0.0128195742,
        -0.103647016,
        -0.9945315
      ]
    ],
    "translation": [
      1.77602243,
      0.7663117,
      -0.5061061
    ]
  },
  {
    "timeStamp": 16920,
    "rotation": [
      [
        -0.9912277,
        -0.115315124,
        0.06457663
      ],
      [
        -0.122029416,
        0.986178041,
        -0.112079091
      ],
      [
        -0.05075964,
        -0.118976146,
        -0.9915988
      ]
    ],
    "translation": [
      1.78484786,
      0.797046363,
      -0.509701431
    ]
  },
  {
    "timeStamp": 16976,
    "rotation": [
      [
        -0.976490855,
        -0.166997582,
        0.136298671
      ],
      [
        -0.187701076,
        0.969643235,
        -0.1567169
      ],
      [
        -0.105989754,
        -0.178616032,
        -0.978193462
      ]
    ],
    "translation": [
      1.79651058,
      0.84155196,
      -0.5171347
    ]
  },
  {
    "timeStamp": 17021,
    "rotation": [
      [
        -0.957000732,
        -0.232480392,
        0.173500225
      ],
      [
        -0.260247529,
        0.952279031,
        -0.1594861
      ],
      [
        -0.128143236,
        -0.197781324,
        -0.9718343
      ]
    ],
    "translation": [
      1.8116008,
      0.8796945,
      -0.5309841
    ]
  },
  {
    "timeStamp": 17077,
    "rotation": [
      [
        -0.9167985,
        -0.309790134,
        0.252013057
      ],
      [
        -0.351592422,
        0.9253971,
        -0.1415026
      ],
      [
        -0.189376041,
        -0.218335256,
        -0.957322538
      ]
    ],
    "translation": [
      1.83926344,
      0.92734313,
      -0.5553945
    ]
  },
  {
    "timeStamp": 17121,
    "rotation": [
      [
        -0.860466838,
        -0.3846589,
        0.334117323
      ],
      [
        -0.430721223,
        0.89946866,
        -0.0737246349
      ],
      [
        -0.272169232,
        -0.207349032,
        -0.939643741
      ]
    ],
    "translation": [
      1.86794484,
      0.9653977,
      -0.57662946
    ]
  },
  {
    "timeStamp": 17176,
    "rotation": [
      [
        -0.765719533,
        -0.5291797,
        0.3655714
      ],
      [
        -0.5418707,
        0.8369682,
        0.07655306
      ],
      [
        -0.346481979,
        -0.139474258,
        -0.9276299
      ]
    ],
    "translation": [
      1.9184649,
      1.014621,
      -0.6164983
    ]
  },
  {
    "timeStamp": 17221,
    "rotation": [
      [
        -0.72359246,
        -0.5907195,
        0.3570217
      ],
      [
        -0.573255,
        0.802421749,
        0.165825263
      ],
      [
        -0.3844382,
        -0.08467457,
        -0.91925925
      ]
    ],
    "translation": [
      1.96060681,
      1.0461123,
      -0.649750352
    ]
  },
  {
    "timeStamp": 17276,
    "rotation": [
      [
        -0.7143584,
        -0.6669282,
        0.211893529
      ],
      [
        -0.5872216,
        0.736005366,
        0.3368484
      ],
      [
        -0.380608469,
        0.116202034,
        -0.917406261
      ]
    ],
    "translation": [
      2.01654816,
      1.07570636,
      -0.7035259
    ]
  },
  {
    "timeStamp": 17321,
    "rotation": [
      [
        -0.73036325,
        -0.682330549,
        0.03153766
      ],
      [
        -0.663273036,
        0.719482958,
        0.205944464
      ],
      [
        -0.163213015,
        0.129496187,
        -0.978055358
      ]
    ],
    "translation": [
      2.05201221,
      1.08603168,
      -0.738810658
    ]
  },
  {
    "timeStamp": 17376,
    "rotation": [
      [
        -0.703459442,
        -0.6912713,
        -0.1651932
      ],
      [
        -0.692530036,
        0.7189383,
        -0.05941291
      ],
      [
        0.159834161,
        0.07260668,
        -0.984470069
      ]
    ],
    "translation": [
      2.0915153,
      1.08302462,
      -0.758607
    ]
  },
  {
    "timeStamp": 17421,
    "rotation": [
      [
        -0.6780959,
        -0.664174438,
        -0.314735174
      ],
      [
        -0.63261503,
        0.745428145,
        -0.210083485
      ],
      [
        0.374144554,
        0.0566494763,
        -0.9256385
      ]
    ],
    "translation": [
      2.11567664,
      1.07174075,
      -0.765939951
    ]
  },
  {
    "timeStamp": 17476,
    "rotation": [
      [
        -0.6113449,
        -0.6419404,
        -0.462784916
      ],
      [
        -0.486522734,
        0.7661032,
        -0.4199779
      ],
      [
        0.6241418,
        -0.0315959454,
        -0.7806719
      ]
    ],
    "translation": [
      2.141885,
      1.05255234,
      -0.7615623
    ]
  },
  {
    "timeStamp": 17521,
    "rotation": [
      [
        -0.4921015,
        -0.5914585,
        -0.638758957
      ],
      [
        -0.238978043,
        0.7973457,
        -0.554192543
      ],
      [
        0.8370936,
        -0.120069616,
        -0.533720553
      ]
    ],
    "translation": [
      2.14992714,
      1.03127706,
      -0.749144852
    ]
  },
  {
    "timeStamp": 17576,
    "rotation": [
      [
        -0.333493441,
        -0.5556903,
        -0.76157105
      ],
      [
        0.02710653,
        0.801830649,
        -0.5969362
      ],
      [
        0.9423626,
        -0.219717875,
        -0.252342433
      ]
    ],
    "translation": [
      2.16445446,
      1.01979029,
      -0.72149986
    ]
  },
  {
    "timeStamp": 17621,
    "rotation": [
      [
        -0.2633225,
        -0.4942563,
        -0.828475654
      ],
      [
        0.08854009,
        0.8427775,
        -0.5309301
      ],
      [
        0.9606362,
        -0.213159159,
        -0.178160787
      ]
    ],
    "translation": [
      2.17551756,
      1.01386189,
      -0.701714
    ]
  },
  {
    "timeStamp": 17685,
    "rotation": [
      [
        -0.202894688,
        -0.444262564,
        -0.8726193
      ],
      [
        0.173012763,
        0.8608696,
        -0.478508234
      ],
      [
        0.9637947,
        -0.248061061,
        -0.09780277
      ]
    ],
    "translation": [
      2.19228029,
      1.008066,
      -0.6748528
    ]
  },
  {
    "timeStamp": 17727,
    "rotation": [
      [
        -0.168407187,
        -0.3434453,
        -0.923950434
      ],
      [
        0.223842531,
        0.899525046,
        -0.375165552
      ],
      [
        0.9599654,
        -0.269999981,
        -0.07460881
      ]
    ],
    "translation": [
      2.20780158,
      1.00274384,
      -0.6550365
    ]
  },
  {
    "timeStamp": 17771,
    "rotation": [
      [
        -0.162652478,
        -0.239490584,
        -0.9571773
      ],
      [
        0.200293437,
        0.9418835,
        -0.269699723
      ],
      [
        0.9661401,
        -0.235583678,
        -0.1052313
      ]
    ],
    "translation": [
      2.212316,
      0.9916647,
      -0.652426064
    ]
  },
  {
    "timeStamp": 17827,
    "rotation": [
      [
        -0.139144331,
        -0.1195966,
        -0.9830236
      ],
      [
        0.193807125,
        0.970194638,
        -0.145468682
      ],
      [
        0.9711218,
        -0.210758135,
        -0.111818418
      ]
    ],
    "translation": [
      2.214229,
      0.9728716,
      -0.6533956
    ]
  },
  {
    "timeStamp": 17871,
    "rotation": [
      [
        -0.0917738155,
        -0.08852745,
        -0.9918369
      ],
      [
        0.21702607,
        0.9703182,
        -0.106688008
      ],
      [
        0.9718422,
        -0.225045621,
        -0.06983704
      ]
    ],
    "translation": [
      2.21693182,
      0.9577573,
      -0.651108146
    ]
  },
  {
    "timeStamp": 17926,
    "rotation": [
      [
        -0.0814814,
        -0.0374456346,
        -0.9959712
      ],
      [
        0.1847992,
        0.981398761,
        -0.0520163625
      ],
      [
        0.979392648,
        -0.188293025,
        -0.07304583
      ]
    ],
    "translation": [
      2.220899,
      0.9449139,
      -0.654233932
    ]
  },
  {
    "timeStamp": 17971,
    "rotation": [
      [
        -0.07058065,
        -0.016465079,
        -0.9973702
      ],
      [
        0.1705447,
        0.9849427,
        -0.0283288136
      ],
      [
        0.982818842,
        -0.172095656,
        -0.06670985
      ]
    ],
    "translation": [
      2.22301149,
      0.9359958,
      -0.6572762
    ]
  },
  {
    "timeStamp": 18026,
    "rotation": [
      [
        -0.0213867,
        -0.03142786,
        -0.9992772
      ],
      [
        0.1858019,
        0.9819687,
        -0.03486006
      ],
      [
        0.982354462,
        -0.186413124,
        -0.0151617127
      ]
    ],
    "translation": [
      2.22720742,
      0.9256658,
      -0.652379334
    ]
  },
  {
    "timeStamp": 18071,
    "rotation": [
      [
        -0.0138605386,
        -0.0143627785,
        -0.999800742
      ],
      [
        0.182922482,
        0.982986152,
        -0.0166571364
      ],
      [
        0.9830296,
        -0.183116928,
        -0.0109974425
      ]
    ],
    "translation": [
      2.23079419,
      0.918425441,
      -0.6475249
    ]
  },
  {
    "timeStamp": 18128,
    "rotation": [
      [
        -0.0156833436,
        0.002843802,
        -0.999873
      ],
      [
        0.18950434,
        0.9818799,
        -0.000179812312
      ],
      [
        0.981754661,
        -0.189483091,
        -0.0159380715
      ]
    ],
    "translation": [
      2.23480248,
      0.9088426,
      -0.638676941
    ]
  },
  {
    "timeStamp": 18173,
    "rotation": [
      [
        -0.0270840246,
        -0.00173551019,
        -0.999631643
      ],
      [
        0.195767775,
        0.9806253,
        -0.007006645
      ],
      [
        0.9802762,
        -0.195885435,
        -0.02621952
      ]
    ],
    "translation": [
      2.238776,
      0.900703847,
      -0.6307169
    ]
  },
  {
    "timeStamp": 18230,
    "rotation": [
      [
        0.0155102005,
        -0.135013849,
        -0.9907223
      ],
      [
        0.183681712,
        0.974363744,
        -0.129908919
      ],
      [
        0.982863367,
        -0.17996265,
        0.039912153
      ]
    ],
    "translation": [
      2.2441783,
      0.889611542,
      -0.623430967
    ]
  },
  {
    "timeStamp": 18275,
    "rotation": [
      [
        0.02939702,
        -0.3765377,
        -0.9259348
      ],
      [
        0.2014083,
        0.90956676,
        -0.363487154
      ],
      [
        0.979066133,
        -0.175805509,
        0.102576375
      ]
    ],
    "translation": [
      2.24889851,
      0.878246665,
      -0.620089769
    ]
  },
  {
    "timeStamp": 18320,
    "rotation": [
      [
        0.0200344566,
        -0.54011184,
        -0.8413548
      ],
      [
        0.205832884,
        0.8257251,
        -0.525177
      ],
      [
        0.978382051,
        -0.162656829,
        0.127715737
      ]
    ],
    "translation": [
      2.24955463,
      0.8694253,
      -0.6183449
    ]
  },
  {
    "timeStamp": 18376,
    "rotation": [
      [
        0.0110547375,
        -0.6467391,
        -0.7626312
      ],
      [
        0.206120282,
        0.747772336,
        -0.6311505
      ],
      [
        0.978464246,
        -0.15021655,
        0.141572475
      ]
    ],
    "translation": [
      2.24931073,
      0.8628693,
      -0.61673063
    ]
  },
  {
    "timeStamp": 18420,
    "rotation": [
      [
        0.0206347816,
        -0.7562468,
        -0.653960943
      ],
      [
        0.202354729,
        0.64372164,
        -0.738021
      ],
      [
        0.9790948,
        -0.117103174,
        0.166313171
      ]
    ],
    "translation": [
      2.2504096,
      0.8556486,
      -0.6142962
    ]
  },
  {
    "timeStamp": 18476,
    "rotation": [
      [
        0.03607978,
        -0.845617533,
        -0.5325685
      ],
      [
        0.201735839,
        0.5281072,
        -0.8248669
      ],
      [
        0.9787752,
        -0.07767715,
        0.18964535
      ]
    ],
    "translation": [
      2.25318336,
      0.8489986,
      -0.6120715
    ]
  },
  {
    "timeStamp": 18520,
    "rotation": [
      [
        -0.137527674,
        -0.89661175,
        -0.420919776
      ],
      [
        0.2106441,
        0.388761878,
        -0.896935463
      ],
      [
        0.9678405,
        -0.21201773,
        0.135400459
      ]
    ],
    "translation": [
      2.257729,
      0.8500119,
      -0.607512355
    ]
  },
  {
    "timeStamp": 18576,
    "rotation": [
      [
        -0.00654200325,
        -0.97859174,
        -0.205707014
      ],
      [
        0.290293455,
        0.1949941,
        -0.9368602
      ],
      [
        0.9569153,
        -0.06584433,
        0.282803118
      ]
    ],
    "translation": [
      2.25847125,
      0.846575737,
      -0.5987206
    ]
  }
]