[
  {
    "timeStamp": 11082,
    "rotation": [
      [
        0.999995351,
        0.000757580856,
        -0.00293845451
      ],
      [
        0.002884335,
        0.0635889,
        0.997972
      ],
      [
        0.0009428974,
        -0.9979758,
        0.06358643
      ]
    ],
    "translation": [
      1.46199787,
      0.7074336,
      -0.619692147
    ]
  },
  {
    "timeStamp": 11138,
    "rotation": [
      [
        0.999991059,
        -0.00176033645,
        0.00384620181
      ],
      [
        -0.00365314726,
        0.0989503,
        0.995085657
      ],
      [
        -0.00213226955,
        -0.9950908,
        0.09894298
      ]
    ],
    "translation": [
      1.46257722,
      0.7118751,
      -0.625379562
    ]
  },
  {
    "timeStamp": 11182,
    "rotation": [
      [
        0.999767244,
        -0.009539581,
        0.01935284
      ],
      [
        -0.0182160418,
        0.107513428,
        0.994036734
      ],
      [
        -0.0115633858,
        -0.994157851,
        0.107314624
      ]
    ],
    "translation": [
      1.46330941,
      0.718178868,
      -0.6263379
    ]
  },
  {
    "timeStamp": 11240,
    "rotation": [
      [
        0.997983456,
        -0.03361853,
        0.05384106
      ],
      [
        -0.05043432,
        0.0950603038,
        0.9941931
      ],
      [
        -0.0385414772,
        -0.9949037,
        0.09317308
      ]
    ],
    "translation": [
      1.46413028,
      0.7317582,
      -0.621788
    ]
  },
  {
    "timeStamp": 11282,
    "rotation": [
      [
        0.9919511,
        -0.07081995,
        0.104964361
      ],
      [
        -0.09869312,
        0.08689856,
        0.991316438
      ],
      [
        -0.07932625,
        -0.9936967,
        0.07920968
      ]
    ],
    "translation": [
      1.46666682,
      0.753056,
      -0.6155628
    ]
  },
  {
    "timeStamp": 11338,
    "rotation": [
      [
        0.9698198,
        -0.145400569,
        0.195724785
      ],
      [
        -0.184521213,
        0.0870405138,
        0.9789667
      ],
      [
        -0.15937832,
        -0.9855367,
        0.05758412
      ]
    ],
    "translation": [
      1.4735713,
      0.793634832,
      -0.6030031
    ]
  },
  {
    "timeStamp": 11382,
    "rotation": [
      [
        0.938385963,
        -0.219846234,
        0.266644835
      ],
      [
        -0.252009839,
        0.09265888,
        0.9632785
      ],
      [
        -0.236480132,
        -0.9711241,
        0.0315463766
      ]
    ],
    "translation": [
      1.49012232,
      0.8302746,
      -0.591923833
    ]
  },
  {
    "timeStamp": 11438,
    "rotation": [
      [
        0.8840419,
        -0.3237622,
        0.337117046
      ],
      [
        -0.3155298,
        0.118729614,
        0.9414586
      ],
      [
        -0.344834447,
        -0.9386593,
        0.00280533731
      ]
    ],
    "translation": [
      1.52308846,
      0.877195835,
      -0.5767188
    ]
  },
  {
    "timeStamp": 11482,
    "rotation": [
      [
        0.8350124,
        -0.416849583,
        0.359152883
      ],
      [
        -0.343590677,
        0.114802472,
        0.9320761
      ],
      [
        -0.429767162,
        -0.9016966,
        -0.0473641381
      ]
    ],
    "translation": [
      1.56466413,
      0.9084786,
      -0.563925445
    ]
  },
  {
    "timeStamp": 11538,
    "rotation": [
      [
        0.7685638,
        -0.5357138,
        0.3497433
      ],
      [
        -0.3498782,
        0.105729468,
        0.9308096
      ],
      [
        -0.5356257,
        -0.83775413,
        -0.106174715
      ]
    ],
    "translation": [
      1.62933171,
      0.9393888,
      -0.547883868
    ]
  },
  {
    "timeStamp": 11582,
    "rotation": [
      [
        0.71227026,
        -0.629564166,
        0.310354769
      ],
      [
        -0.3432463,
        0.07326801,
        0.936383367
      ],
      [
        -0.6122525,
        -0.7734861,
        -0.163908958
      ]
    ],
    "translation": [
      1.689394,
      0.956895232,
      -0.538531661
    ]
  },
  {
    "timeStamp": 11638,
    "rotation": [
      [
        0.612964332,
        -0.75203377,
        0.242322177
      ],
      [
        -0.311719269,
        0.05164026,
        0.9487699
      ],
      [
        -0.7260206,
        -0.6570986,
        -0.202769771
      ]
    ],
    "translation": [
      1.77443874,
      0.971622765,
      -0.5288633
    ]
  },
  {
    "timeStamp": 11682,
    "rotation": [
      [
        0.528231,
        -0.833399355,
        0.162534431
      ],
      [
        -0.2813352,
        0.008822925,
        0.959569
      ],
      [
        -0.8011382,
        -0.552600741,
        -0.229804039
      ]
    ],
    "translation": [
      1.84270835,
      0.9785743,
      -0.5265543
    ]
  },
  {
    "timeStamp": 11738,
    "rotation": [
      [
        0.420598328,
        -0.9054311,
        0.0573729575
      ],
      [
        -0.240744025,
        -0.0504137352,
        0.969278455
      ],
      [
        -0.8747225,
        -0.42148912,
        -0.239181057
      ]
    ],
    "translation": [
      1.92376316,
      0.9816056,
      -0.5313829
    ]
  },
  {
    "timeStamp": 11782,
    "rotation": [
      [
        0.327600121,
        -0.944787562,
        0.00739309471
      ],
      [
        -0.219914243,
        -0.06863945,
        0.973101437
      ],
      [
        -0.918866634,
        -0.320414,
        -0.230258524
      ]
    ],
    "translation": [
      1.97471774,
      0.983582735,
      -0.539322257
    ]
  },
  {
    "timeStamp": 11838,
    "rotation": [
      [
        0.242731392,
        -0.9694806,
        -0.0344799049
      ],
      [
        -0.194737568,
        -0.08351473,
        0.9772935
      ],
      [
        -0.9503466,
        -0.230505273,
        -0.209065944
      ]
    ],
    "translation": [
      2.02095771,
      0.9800645,
      -0.5524874
    ]
  },
  {
    "timeStamp": 11882,
    "rotation": [
      [
        0.190852478,
        -0.9797804,
        -0.0600481033
      ],
      [
        -0.174225256,
        -0.09401183,
        0.9802078
      ],
      [
        -0.9660336,
        -0.1766132,
        -0.188644886
      ]
    ],
    "translation": [
      2.0456872,
      0.972488642,
      -0.561938167
    ]
  },
  {
    "timeStamp": 11932,
    "rotation": [
      [
        0.136112645,
        -0.9878729,
        -0.07470255
      ],
      [
        -0.15661031,
        -0.0959118158,
        0.9829924
      ],
      [
        -0.978236437,
        -0.122098491,
        -0.1677659
      ]
    ],
    "translation": [
      2.065914,
      0.959140062,
      -0.5718674
    ]
  },
  {
    "timeStamp": 11988,
    "rotation": [
      [
        0.08396763,
        -0.9930892,
        -0.08199606
      ],
      [
        -0.147372574,
        -0.09375803,
        0.9846272
      ],
      [
        -0.9855104,
        -0.07059282,
        -0.15422675
      ]
    ],
    "translation": [
      2.07979536,
      0.940672636,
      -0.57863766
    ]
  },
  {
    "timeStamp": 12032,
    "rotation": [
      [
        0.05843918,
        -0.992202163,
        -0.110089831
      ],
      [
        -0.133013353,
        -0.117034025,
        0.9841801
      ],
      [
        -0.9893899,
        -0.0428712443,
        -0.1388155
      ]
    ],
    "translation": [
      2.08930922,
      0.9204532,
      -0.582932353
    ]
  },
  {
    "timeStamp": 12088,
    "rotation": [
      [
        0.0305754058,
        -0.992276669,
        -0.120217495
      ],
      [
        -0.114428118,
        -0.122957885,
        0.9857929
      ],
      [
        -0.99296093,
        -0.01638477,
        -0.117303826
      ]
    ],
    "translation": [
      2.09688187,
      0.89351815,
      -0.588614166
    ]
  },
  {
    "timeStamp": 12132,
    "rotation": [
      [
        0.0180125274,
        -0.9947483,
        -0.100754552
      ],
      [
        -0.10607326,
        -0.102103435,
        0.9891023
      ],
      [
        -0.994195163,
        -0.0071288757,
        -0.107355326
      ]
    ],
    "translation": [
      2.09498119,
      0.8743535,
      -0.592438
    ]
  },
  {
    "timeStamp": 12177,
    "rotation": [
      [
        0.0295554865,
        -0.9952388,
        -0.09287763
      ],
      [
        -0.08883744,
        -0.09516593,
        0.99148947
      ],
      [
        -0.995607555,
        -0.02105295,
        -0.09122714
      ]
    ],
    "translation": [
      2.09048629,
      0.854069233,
      -0.5975248
    ]
  },
  {
    "timeStamp": 12233,
    "rotation": [
      [
        0.0150126778,
        -0.997068346,
        -0.07502878
      ],
      [
        -0.07646419,
        -0.07596232,
        0.9941745
      ],
      [
        -0.9969593,
        -0.009188179,
        -0.07738042
      ]
    ],
    "translation": [
      2.08967662,
      0.830276251,
      -0.6005594
    ]
  },
  {
    "timeStamp": 12278,
    "rotation": [
      [
        0.0108663309,
        -0.9969288,
        -0.0775560439
      ],
      [
        -0.07168467,
        -0.07813771,
        0.994362
      ],
      [
        -0.997368157,
        -0.005245474,
        -0.0723135844
      ]
    ],
    "translation": [
      2.09260368,
      0.8125007,
      -0.5997419
    ]
  },
  {
    "timeStamp": 12335,
    "rotation": [
      [
        -0.01137201,
        -0.9965308,
        -0.08244444
      ],
      [
        -0.0734033138,
        -0.0813953653,
        0.9939752
      ],
      [
        -0.9972375,
        0.0173551943,
        -0.07222303
      ]
    ],
    "translation": [
      2.09977245,
      0.796979249,
      -0.593690753
    ]
  },
  {
    "timeStamp": 12380,
    "rotation": [
      [
        -0.0311892,
        -0.997163355,
        -0.06850276
      ],
      [
        -0.078791216,
        -0.06586998,
        0.9947126
      ],
      [
        -0.996403158,
        0.0364216827,
        -0.0765132755
      ]
    ],
    "translation": [
      2.10230923,
      0.787229061,
      -0.5874954
    ]
  },
  {
    "timeStamp": 12437,
    "rotation": [
      [
        -0.0351484,
        -0.996785641,
        -0.07199314
      ],
      [
        -0.0836094245,
        -0.0688522,
        0.994117141
      ],
      [
        -0.9958786,
        0.0409609042,
        -0.08092063
      ]
    ],
    "translation": [
      2.103445,
      0.777966559,
      -0.578859031
    ]
  },
  {
    "timeStamp": 12482,
    "rotation": [
      [
        -0.0387660675,
        -0.9977079,
        -0.05546262
      ],
      [
        -0.091450505,
        -0.05172903,
        0.9944651
      ],
      [
        -0.9950548,
        0.04362361,
        -0.08923557
      ]
    ],
    "translation": [
      2.100334,
      0.773433,
      -0.5715729
    ]
  },
  {
    "timeStamp": 12538,
    "rotation": [
      [
        -0.0303584635,
        -0.998829663,
        -0.03765175
      ],
      [
        -0.09584256,
        -0.0345866345,
        0.994795442
      ],
      [
        -0.9949335,
        0.0338091,
        -0.0946804
      ]
    ],
    "translation": [
      2.09401679,
      0.7676221,
      -0.5641188
    ]
  },
  {
    "timeStamp": 12582,
    "rotation": [
      [
        -0.0237334464,
        -0.9990508,
        -0.03652805
      ],
      [
        -0.105569728,
        -0.03382948,
        0.9938363
      ],
      [
        -0.994128644,
        0.02744343,
        -0.104666635
      ]
    ],
    "translation": [
      2.090733,
      0.7634824,
      -0.558665037
    ]
  },
  {
    "timeStamp": 12637,
    "rotation": [
      [
        -0.009191163,
        -0.9990927,
        -0.04158472
      ],
      [
        -0.110938862,
        -0.04031093,
        0.9930094
      ],
      [
        -0.9937848,
        0.0137402564,
        -0.11046771
      ]
    ],
    "translation": [
      2.08786035,
      0.7584099,
      -0.5533179
    ]
  },
  {
    "timeStamp": 12682,
    "rotation": [
      [
        -0.0150083182,
        -0.9989486,
        -0.04331806
      ],
      [
        -0.117644742,
        -0.0412578359,
        0.992198348
      ],
      [
        -0.992942333,
        0.0199873522,
        -0.116901837
      ]
    ],
    "translation": [
      2.08927655,
      0.7552209,
      -0.548558354
    ]
  },
  {
    "timeStamp": 12737,
    "rotation": [
      [
        -0.0222445987,
        -0.998451352,
        -0.05099035
      ],
      [
        -0.122230738,
        -0.04790424,
        0.991345
      ],
      [
        -0.9922524,
        0.02828464,
        -0.120975845
      ]
    ],
    "translation": [
      2.09218049,
      0.751017332,
      -0.5440836
    ]
  },
  {
    "timeStamp": 12782,
    "rotation": [
      [
        -0.0200156625,
        -0.998041451,
        -0.0592680871
      ],
      [
        -0.1298578,
        -0.0561826751,
        0.98993963
      ],
      [
        -0.9913306,
        0.0275107156,
        -0.128478929
      ]
    ],
    "translation": [
      2.09383035,
      0.748436332,
      -0.540411234
    ]
  },
  {
    "timeStamp": 12837,
    "rotation": [
      [
        -0.02469909,
        -0.9975413,
        -0.06558374
      ],
      [
        -0.131226212,
        -0.06180092,
        0.9894242
      ],
      [
        -0.9910447,
        0.0330441929,
        -0.129377142
      ]
    ],
    "translation": [
      2.09472775,
      0.7370997,
      -0.5384971
    ]
  },
  {
    "timeStamp": 12881,
    "rotation": [
      [
        -0.02477201,
        -0.9972033,
        -0.07051209
      ],
      [
        -0.136481866,
        -0.06649977,
        0.988408
      ],
      [
        -0.9903328,
        0.0341084972,
        -0.134452835
      ]
    ],
    "translation": [
      2.09652519,
      0.735381365,
      -0.5354831
    ]
  },
  {
    "timeStamp": 12937,
    "rotation": [
      [
        -0.0309058465,
        -0.996955156,
        -0.0715913847
      ],
      [
        -0.1219706,
        -0.0673285946,
        0.9902475
      ],
      [
        -0.992052436,
        0.0393364578,
        -0.119518369
      ]
    ],
    "translation": [
      2.09742022,
      0.7326032,
      -0.53296
    ]
  },
  {
    "timeStamp": 12982,
    "rotation": [
      [
        -0.0267125685,
        -0.997011364,
        -0.0724896044
      ],
      [
        -0.09823553,
        -0.06954634,
        0.992730141
      ],
      [
        -0.9948046,
        0.0336394049,
        -0.0960841849
      ]
    ],
    "translation": [
      2.0971756,
      0.730748653,
      -0.532771647
    ]
  },
  {
    "timeStamp": 13037,
    "rotation": [
      [
        -0.0240007434,
        -0.9971791,
        -0.07111804
      ],
      [
        -0.07296357,
        -0.06920157,
        0.994930863
      ],
      [
        -0.997045755,
        0.0290681254,
        -0.07109686
      ]
    ],
    "translation": [
      2.097023,
      0.728728354,
      -0.5326217
    ]
  },
  {
    "timeStamp": 13082,
    "rotation": [
      [
        -0.0189005323,
        -0.9970888,
        -0.0738692
      ],
      [
        -0.05534973,
        -0.07272563,
        0.9958149
      ],
      [
        -0.9982881,
        0.02291009,
        -0.0538140424
      ]
    ],
    "translation": [
      2.09672356,
      0.7273437,
      -0.53253454
    ]
  },
  {
    "timeStamp": 13137,
    "rotation": [
      [
        -0.0139520131,
        -0.9980865,
        -0.0602384768
      ],
      [
        -0.0362659581,
        -0.0596995875,
        0.9975574
      ],
      [
        -0.9992448,
        0.0161025263,
        -0.0353636332
      ]
    ],
    "translation": [
      2.09634328,
      0.7261642,
      -0.532638848
    ]
  },
  {
    "timeStamp": 13181,
    "rotation": [
      [
        -0.0137023516,
        -0.998340249,
        -0.0559369251
      ],
      [
        -0.0276479982,
        -0.0555425026,
        0.998073459
      ],
      [
        -0.999523759,
        0.0152224936,
        -0.0268410463
      ]
    ],
    "translation": [
      2.09628,
      0.7255756,
      -0.532621
    ]
  },
  {
    "timeStamp": 13237,
    "rotation": [
      [
        -0.0144864414,
        -0.998418748,
        -0.0543151945
      ],
      [
        -0.02645643,
        -0.053919144,
        0.998194754
      ],
      [
        -0.999545,
        0.0158972815,
        -0.025633499
      ]
    ],
    "translation": [
      2.09624767,
      0.725209236,
      -0.5326163
    ]
  },
  {
    "timeStamp": 13281,
    "rotation": [
      [
        -0.01454722,
        -0.998204231,
        -0.05810938
      ],
      [
        -0.0247444026,
        -0.05773834,
        0.99802506
      ],
      [
        -0.999587953,
        0.0159563646,
        -0.0238600355
      ]
    ],
    "translation": [
      2.0962224,
      0.7250423,
      -0.5326122
    ]
  },
  {
    "timeStamp": 13337,
    "rotation": [
      [
        -0.0133601921,
        -0.997757256,
        -0.0655902
      ],
      [
        -0.0399727,
        -0.06501068,
        0.997083664
      ],
      [
        -0.9991115,
        0.01594303,
        -0.0390144959
      ]
    ],
    "translation": [
      2.096154,
      0.72574085,
      -0.5326441
    ]
  },
  {
    "timeStamp": 13381,
    "rotation": [
      [
        -0.0132328738,
        -0.9974491,
        -0.07014347
      ],
      [
        -0.0479368567,
        -0.06943612,
        0.996434
      ],
      [
        -0.998762667,
        0.016548153,
        -0.046895735
      ]
    ],
    "translation": [
      2.09616852,
      0.726130664,
      -0.532658637
    ]
  }
]