[
  {
    "timeStamp": 87725,
    "rotation": [
      [
        -0.8082537,
        0.504112065,
        0.304297656
      ],
      [
        0.5466051,
        0.834512651,
        0.06936537
      ],
      [
        -0.218972325,
        0.222395465,
        -0.9500481
      ]
    ],
    "translation": [
      1.27561247,
      0.706014335,
      -0.305586785
    ]
  },
  {
    "timeStamp": 87769,
    "rotation": [
      [
        -0.7923418,
        0.5354852,
        0.292318255
      ],
      [
        0.5761173,
        0.814385056,
        0.06975495
      ],
      [
        -0.2007069,
        0.223679379,
        -0.9537737
      ]
    ],
    "translation": [
      1.27584016,
      0.7084118,
      -0.307532042
    ]
  },
  {
    "timeStamp": 87825,
    "rotation": [
      [
        -0.7829076,
        0.55704236,
        0.277055025
      ],
      [
        0.5927855,
        0.8030905,
        0.06042404
      ],
      [
        -0.188841492,
        0.211540624,
        -0.9589523
      ]
    ],
    "translation": [
      1.27940285,
      0.7107309,
      -0.310190856
    ]
  },
  {
    "timeStamp": 87869,
    "rotation": [
      [
        -0.774975657,
        0.5758595,
        0.260381579
      ],
      [
        0.6068685,
        0.793083131,
        0.0522459634
      ],
      [
        -0.176417917,
        0.198506743,
        -0.9640912
      ]
    ],
    "translation": [
      1.2837708,
      0.7147896,
      -0.311323524
    ]
  },
  {
    "timeStamp": 87925,
    "rotation": [
      [
        -0.750234842,
        0.6235806,
        0.219761252
      ],
      [
        0.6457959,
        0.7623896,
        0.0413503163
      ],
      [
        -0.141758427,
        0.172943339,
        -0.974676967
      ]
    ],
    "translation": [
      1.292153,
      0.7274014,
      -0.312760234
    ]
  },
  {
    "timeStamp": 87969,
    "rotation": [
      [
        -0.722551465,
        0.6654712,
        0.187262848
      ],
      [
        0.6812544,
        0.7314629,
        0.029231023
      ],
      [
        -0.117523417,
        0.148694545,
        -0.9818748
      ]
    ],
    "translation": [
      1.30235684,
      0.741840661,
      -0.3165191
    ]
  },
  {
    "timeStamp": 88024,
    "rotation": [
      [
        -0.6647087,
        0.732957959,
        0.144689187
      ],
      [
        0.742399752,
        0.669714868,
        0.0180156659
      ],
      [
        -0.08369578,
        0.119392388,
        -0.9893131
      ]
    ],
    "translation": [
      1.320264,
      0.766840458,
      -0.3282485
    ]
  },
  {
    "timeStamp": 88069,
    "rotation": [
      [
        -0.6053521,
        0.789556146,
        0.100746796
      ],
      [
        0.794371068,
        0.607274532,
        0.0138648516
      ],
      [
        -0.05023389,
        0.08842345,
        -0.994815469
      ]
    ],
    "translation": [
      1.34203935,
      0.7916571,
      -0.342292458
    ]
  },
  {
    "timeStamp": 88125,
    "rotation": [
      [
        -0.541094959,
        0.8389224,
        0.0585284568
      ],
      [
        0.840636969,
        0.541508,
        0.009930749
      ],
      [
        -0.0233624987,
        0.0545746572,
        -0.998236358
      ]
    ],
    "translation": [
      1.37974131,
      0.8212799,
      -0.367382526
    ]
  },
  {
    "timeStamp": 88169,
    "rotation": [
      [
        -0.5066609,
        0.8621042,
        0.008432621
      ],
      [
        0.8620807,
        0.5064788,
        0.0172070749
      ],
      [
        0.0105633475,
        0.015987752,
        -0.999816358
      ]
    ],
    "translation": [
      1.41997051,
      0.8399864,
      -0.388773531
    ]
  },
  {
    "timeStamp": 88224,
    "rotation": [
      [
        -0.4917479,
        0.8676257,
        -0.07355011
      ],
      [
        0.8687524,
        0.494573921,
        0.02580434
      ],
      [
        0.0587644763,
        -0.0512076057,
        -0.9969576
      ]
    ],
    "translation": [
      1.48173344,
      0.857724249,
      -0.415804267
    ]
  },
  {
    "timeStamp": 88269,
    "rotation": [
      [
        -0.487103552,
        0.8597357,
        -0.153572813
      ],
      [
        0.86725533,
        0.496898562,
        0.0309840348
      ],
      [
        0.102948189,
        -0.1180944,
        -0.987651467
      ]
    ],
    "translation": [
      1.53748214,
      0.8706318,
      -0.436240017
    ]
  },
  {
    "timeStamp": 88325,
    "rotation": [
      [
        -0.4935476,
        0.826503456,
        -0.270745039
      ],
      [
        0.8547598,
        0.5184454,
        0.0244963132
      ],
      [
        0.1606128,
        -0.21933189,
        -0.962339342
      ]
    ],
    "translation": [
      1.61324275,
      0.8855317,
      -0.4617009
    ]
  },
  {
    "timeStamp": 88369,
    "rotation": [
      [
        -0.494358778,
        0.7860644,
        -0.371095955
      ],
      [
        0.8429327,
        0.537774861,
        0.0162072871
      ],
      [
        0.212306052,
        -0.304796726,
        -0.928453
      ]
    ],
    "translation": [
      1.676786,
      0.897108436,
      -0.482539415
    ]
  },
  {
    "timeStamp": 88425,
    "rotation": [
      [
        -0.5077632,
        0.7106667,
        -0.486959159
      ],
      [
        0.819331467,
        0.5730359,
        -0.01804848
      ],
      [
        0.2662186,
        -0.408145338,
        -0.8732382
      ]
    ],
    "translation": [
      1.7565484,
      0.9127985,
      -0.5097887
    ]
  },
  {
    "timeStamp": 88469,
    "rotation": [
      [
        -0.50982,
        0.6422528,
        -0.5723591
      ],
      [
        0.8018615,
        0.595756769,
        -0.0457380265
      ],
      [
        0.3116114,
        -0.4822709,
        -0.81872654
      ]
    ],
    "translation": [
      1.81802344,
      0.9260458,
      -0.5331217
    ]
  },
  {
    "timeStamp": 88524,
    "rotation": [
      [
        -0.512375534,
        0.5471572,
        -0.6618839
      ],
      [
        0.7795462,
        0.6196695,
        -0.09119992
      ],
      [
        0.360248566,
        -0.5626977,
        -0.7440378
      ]
    ],
    "translation": [
      1.88835287,
      0.943545461,
      -0.563817739
    ]
  },
  {
    "timeStamp": 88569,
    "rotation": [
      [
        -0.496482521,
        0.479128659,
        -0.723837554
      ],
      [
        0.770935833,
        0.6266264,
        -0.114005573
      ],
      [
        0.398952365,
        -0.6146341,
        -0.6804865
      ]
    ],
    "translation": [
      1.93780482,
      0.9555686,
      -0.588552952
    ]
  },
  {
    "timeStamp": 88624,
    "rotation": [
      [
        -0.4765068,
        0.4025383,
        -0.781603634
      ],
      [
        0.762756169,
        0.631384969,
        -0.139843091
      ],
      [
        0.437200576,
        -0.662809134,
        -0.6078978
      ]
    ],
    "translation": [
      1.990431,
      0.967113,
      -0.617361069
    ]
  },
  {
    "timeStamp": 88669,
    "rotation": [
      [
        -0.463674843,
        0.348701864,
        -0.8145015
      ],
      [
        0.757362545,
        0.633057833,
        -0.160124332
      ],
      [
        0.459790915,
        -0.691118538,
        -0.5576267
      ]
    ],
    "translation": [
      2.0265286,
      0.974892139,
      -0.6373613
    ]
  },
  {
    "timeStamp": 88725,
    "rotation": [
      [
        -0.4353115,
        0.285447866,
        -0.853828669
      ],
      [
        0.754260957,
        0.633432448,
        -0.172782362
      ],
      [
        0.491522461,
        -0.7192238,
        -0.491042584
      ]
    ],
    "translation": [
      2.06702518,
      0.9799517,
      -0.65761137
    ]
  },
  {
    "timeStamp": 88775,
    "rotation": [
      [
        -0.403420657,
        0.23383081,
        -0.8846327
      ],
      [
        0.756745,
        0.6287529,
        -0.1789045
      ],
      [
        0.514381945,
        -0.7416151,
        -0.4306022
      ]
    ],
    "translation": [
      2.102991,
      0.9826294,
      -0.6742943
    ]
  },
  {
    "timeStamp": 88819,
    "rotation": [
      [
        -0.362145841,
        0.20282042,
        -0.909788
      ],
      [
        0.7677409,
        0.6184153,
        -0.167739
      ],
      [
        0.528605938,
        -0.759227455,
        -0.379670084
      ]
    ],
    "translation": [
      2.12869358,
      0.982746959,
      -0.6843934
    ]
  },
  {
    "timeStamp": 88875,
    "rotation": [
      [
        -0.336149663,
        0.174537823,
        -0.925494432
      ],
      [
        0.7680881,
        0.619473338,
        -0.16215229
      ],
      [
        0.5450174,
        -0.7653687,
        -0.3422962
      ]
    ],
    "translation": [
      2.153885,
      0.979287446,
      -0.6927966
    ]
  },
  {
    "timeStamp": 88919,
    "rotation": [
      [
        -0.31602332,
        0.163505882,
        -0.9345561
      ],
      [
        0.7672201,
        0.623512566,
        -0.150351018
      ],
      [
        0.558124244,
        -0.764524639,
        -0.3224895
      ]
    ],
    "translation": [
      2.17026782,
      0.9747189,
      -0.69718343
    ]
  },
  {
    "timeStamp": 88975,
    "rotation": [
      [
        -0.3028199,
        0.144295156,
        -0.942061
      ],
      [
        0.7579787,
        0.635664642,
        -0.146283209
      ],
      [
        0.5777269,
        -0.7583596,
        -0.301864564
      ]
    ],
    "translation": [
      2.188587,
      0.968640566,
      -0.701352656
    ]
  },
  {
    "timeStamp": 89020,
    "rotation": [
      [
        -0.2836537,
        0.132659867,
        -0.9497062
      ],
      [
        0.7493036,
        0.6486955,
        -0.133185267
      ],
      [
        0.598401845,
        -0.7493968,
        -0.2834074
      ]
    ],
    "translation": [
      2.202198,
      0.9607655,
      -0.70532465
    ]
  },
  {
    "timeStamp": 89075,
    "rotation": [
      [
        -0.239966437,
        0.128056273,
        -0.962298155
      ],
      [
        0.7495847,
        0.6543341,
        -0.09984803
      ],
      [
        0.6168784,
        -0.74528414,
        -0.253007233
      ]
    ],
    "translation": [
      2.216775,
      0.950400651,
      -0.708960652
    ]
  },
  {
    "timeStamp": 89119,
    "rotation": [
      [
        -0.214955747,
        0.1264678,
        -0.968400657
      ],
      [
        0.7477671,
        0.6591358,
        -0.07990223
      ],
      [
        0.628202558,
        -0.741313636,
        -0.236253485
      ]
    ],
    "translation": [
      2.225023,
      0.942242861,
      -0.7098968
    ]
  },
  {
    "timeStamp": 89176,
    "rotation": [
      [
        -0.193228558,
        0.126055479,
        -0.9730225
      ],
      [
        0.739541531,
        0.6704308,
        -0.0600079335
      ],
      [
        0.644779861,
        -0.7311858,
        -0.222769618
      ]
    ],
    "translation": [
      2.23133421,
      0.931503,
      -0.7086352
    ]
  },
  {
    "timeStamp": 89222,
    "rotation": [
      [
        -0.162439078,
        0.115134507,
        -0.9799784
      ],
      [
        0.733475149,
        0.6784252,
        -0.0418732464
      ],
      [
        0.660021,
        -0.72559166,
        -0.194651067
      ]
    ],
    "translation": [
      2.23621917,
      0.923023939,
      -0.707549334
    ]
  },
  {
    "timeStamp": 89278,
    "rotation": [
      [
        -0.110065475,
        0.11315275,
        -0.9874624
      ],
      [
        0.7405638,
        0.671963155,
        -0.00554555655
      ],
      [
        0.6629108,
        -0.7318893,
        -0.157756776
      ]
    ],
    "translation": [
      2.24170923,
      0.9159039,
      -0.7053354
    ]
  },
  {
    "timeStamp": 89324,
    "rotation": [
      [
        -0.07281063,
        0.08818886,
        -0.9934392
      ],
      [
        0.7317469,
        0.6815418,
        0.00687051751
      ],
      [
        0.67767626,
        -0.7264458,
        -0.114155412
      ]
    ],
    "translation": [
      2.24812531,
      0.9104939,
      -0.7046921
    ]
  },
  {
    "timeStamp": 89368,
    "rotation": [
      [
        -0.05047891,
        0.0867586359,
        -0.994949639
      ],
      [
        0.7187999,
        0.6947985,
        0.0241173413
      ],
      [
        0.693381965,
        -0.7139523,
        -0.097434774
      ]
    ],
    "translation": [
      2.251168,
      0.9045888,
      -0.7018303
    ]
  },
  {
    "timeStamp": 89424,
    "rotation": [
      [
        -0.0546881333,
        0.06634094,
        -0.9962972
      ],
      [
        0.691379249,
        0.722420633,
        0.0101534212
      ],
      [
        0.7204192,
        -0.688263953,
        -0.08537459
      ]
    ],
    "translation": [
      2.25511217,
      0.899316669,
      -0.6977841
    ]
  },
  {
    "timeStamp": 89469,
    "rotation": [
      [
        -0.0498636775,
        0.045147,
        -0.9977351
      ],
      [
        0.6763331,
        0.7365958,
        -0.000470429659
      ],
      [
        0.734906256,
        -0.6748247,
        -0.06726378
      ]
    ],
    "translation": [
      2.25814366,
      0.8978801,
      -0.694493949
    ]
  },
  {
    "timeStamp": 89524,
    "rotation": [
      [
        -0.0190286338,
        0.0280085411,
        -0.999426544
      ],
      [
        0.666846752,
        0.7451499,
        0.008186074
      ],
      [
        0.7449519,
        -0.6663086,
        -0.03285659
      ]
    ],
    "translation": [
      2.25826049,
      0.896380365,
      -0.6904763
    ]
  },
  {
    "timeStamp": 89568,
    "rotation": [
      [
        0.0137193184,
        0.0197416432,
        -0.999711
      ],
      [
        0.661223,
        0.749809146,
        0.0238808971
      ],
      [
        0.7500639,
        -0.661359549,
        -0.0027667582
      ]
    ],
    "translation": [
      2.25663137,
      0.8943732,
      -0.688797235
    ]
  },
  {
    "timeStamp": 89624,
    "rotation": [
      [
        0.0511593521,
        -0.009072813,
        -0.9986493
      ],
      [
        0.6544884,
        0.755601764,
        0.0266637821
      ],
      [
        0.7543393,
        -0.654968441,
        0.0445941463
      ]
    ],
    "translation": [
      2.25752759,
      0.8908803,
      -0.6888108
    ]
  },
  {
    "timeStamp": 89668,
    "rotation": [
      [
        0.0885145441,
        -0.02195762,
        -0.99583286
      ],
      [
        0.646637142,
        0.761712253,
        0.0406809263
      ],
      [
        0.7576448,
        -0.6475434,
        0.08162122
      ]
    ],
    "translation": [
      2.258716,
      0.885384,
      -0.6904147
    ]
  },
  {
    "timeStamp": 89724,
    "rotation": [
      [
        0.118313827,
        -0.04541948,
        -0.9919369
      ],
      [
        0.6353234,
        0.77118516,
        0.040467
      ],
      [
        0.763129056,
        -0.634988546,
        0.120097928
      ]
    ],
    "translation": [
      2.25971,
      0.8797296,
      -0.692946
    ]
  },
  {
    "timeStamp": 89768,
    "rotation": [
      [
        0.131100982,
        -0.0600191839,
        -0.989550531
      ],
      [
        0.625294566,
        0.7795782,
        0.0355586559
      ],
      [
        0.769297838,
        -0.6234224,
        0.139733151
      ]
    ],
    "translation": [
      2.26004148,
      0.875765562,
      -0.6949148
    ]
  },
  {
    "timeStamp": 89824,
    "rotation": [
      [
        0.1401682,
        -0.07844179,
        -0.9870156
      ],
      [
        0.614719152,
        0.788361,
        0.024643613
      ],
      [
        0.7761915,
        -0.610191643,
        0.158722818
      ]
    ],
    "translation": [
      2.26113439,
      0.87145555,
      -0.697909653
    ]
  },
  {
    "timeStamp": 89868,
    "rotation": [
      [
        0.152604982,
        -0.08567727,
        -0.9845665
      ],
      [
        0.606801867,
        0.794462442,
        0.0249181855
      ],
      [
        0.7800662,
        -0.6012394,
        0.173228055
      ]
    ],
    "translation": [
      2.26151919,
      0.867808,
      -0.7010057
    ]
  },
  {
    "timeStamp": 89924,
    "rotation": [
      [
        0.169639289,
        -0.08639624,
        -0.981711864
      ],
      [
        0.59685427,
        0.8016878,
        0.0325830169
      ],
      [
        0.784211338,
        -0.5914663,
        0.187563717
      ]
    ],
    "translation": [
      2.26135826,
      0.8630655,
      -0.7048588
    ]
  },
  {
    "timeStamp": 89968,
    "rotation": [
      [
        0.177771538,
        -0.0807293355,
        -0.980754852
      ],
      [
        0.5935811,
        0.803706765,
        0.041436553
      ],
      [
        0.784894168,
        -0.589523733,
        0.190795586
      ]
    ],
    "translation": [
      2.25976181,
      0.860055,
      -0.7062968
    ]
  },
  {
    "timeStamp": 90024,
    "rotation": [
      [
        0.172814116,
        -0.07425533,
        -0.9821514
      ],
      [
        0.5910009,
        0.8055193,
        0.04308827
      ],
      [
        0.78794235,
        -0.5878987,
        0.183090061
      ]
    ],
    "translation": [
      2.257883,
      0.8570807,
      -0.7064591
    ]
  },
  {
    "timeStamp": 90068,
    "rotation": [
      [
        0.174394727,
        -0.07328181,
        -0.9819452
      ],
      [
        0.5875683,
        0.807974458,
        0.0440543778
      ],
      [
        0.7901582,
        -0.5846427,
        0.183964565
      ]
    ],
    "translation": [
      2.25751853,
      0.855137348,
      -0.7072233
    ]
  },
  {
    "timeStamp": 90124,
    "rotation": [
      [
        0.180945888,
        -0.068853654,
        -0.981079936
      ],
      [
        0.586956859,
        0.807975352,
        0.05155072
      ],
      [
        0.7891389,
        -0.5851795,
        0.186613947
      ]
    ],
    "translation": [
      2.258001,
      0.8529938,
      -0.7075913
    ]
  }
]