[
  {
    "timeStamp": 84726,
    "rotation": [
      [
        -0.442904919,
        0.351703554,
        0.824705958
      ],
      [
        0.503498733,
        0.85867,
        -0.09578593
      ],
      [
        -0.741838455,
        0.3728143,
        -0.557391465
      ]
    ],
    "translation": [
      1.41873026,
      0.7087297,
      -0.29006058
    ]
  },
  {
    "timeStamp": 84771,
    "rotation": [
      [
        -0.484856784,
        0.2673427,
        0.832731545
      ],
      [
        0.478379726,
        0.8781466,
        -0.003386915
      ],
      [
        -0.7321658,
        0.396719724,
        -0.553666651
      ]
    ],
    "translation": [
      1.43250656,
      0.7065001,
      -0.296926141
    ]
  },
  {
    "timeStamp": 84826,
    "rotation": [
      [
        -0.4695233,
        0.304490358,
        0.8287541
      ],
      [
        0.489678562,
        0.8708647,
        -0.04253906
      ],
      [
        -0.7346855,
        0.385850072,
        -0.55799365
      ]
    ],
    "translation": [
      1.43637323,
      0.7191947,
      -0.3033298
    ]
  },
  {
    "timeStamp": 84871,
    "rotation": [
      [
        -0.445226252,
        0.332171947,
        0.8315259
      ],
      [
        0.483560532,
        0.8707807,
        -0.0889389962
      ],
      [
        -0.7536198,
        0.362495154,
        -0.5483197
      ]
    ],
    "translation": [
      1.44281507,
      0.7357847,
      -0.310990632
    ]
  },
  {
    "timeStamp": 84926,
    "rotation": [
      [
        -0.40461272,
        0.317450643,
        0.8576209
      ],
      [
        0.419414252,
        0.897784233,
        -0.13444382
      ],
      [
        -0.8126378,
        0.305300742,
        -0.49639824
      ]
    ],
    "translation": [
      1.45858741,
      0.7660149,
      -0.324324518
    ]
  },
  {
    "timeStamp": 84971,
    "rotation": [
      [
        -0.348810583,
        0.301436067,
        0.8873937
      ],
      [
        0.3556006,
        0.918625057,
        -0.172267914
      ],
      [
        -0.867109835,
        0.255468875,
        -0.427616954
      ]
    ],
    "translation": [
      1.474826,
      0.7954476,
      -0.3433559
    ]
  },
  {
    "timeStamp": 85026,
    "rotation": [
      [
        -0.291702658,
        0.2803882,
        0.914490044
      ],
      [
        0.264449865,
        0.9424451,
        -0.2046056
      ],
      [
        -0.919225633,
        0.182152778,
        -0.349062383
      ]
    ],
    "translation": [
      1.5086596,
      0.833312631,
      -0.3742105
    ]
  },
  {
    "timeStamp": 85071,
    "rotation": [
      [
        -0.283421874,
        0.260922283,
        0.92281723
      ],
      [
        0.204318911,
        0.9566107,
        -0.2077254
      ],
      [
        -0.936976969,
        0.129675075,
        -0.324435741
      ]
    ],
    "translation": [
      1.5490303,
      0.8606117,
      -0.4035583
    ]
  },
  {
    "timeStamp": 85126,
    "rotation": [
      [
        -0.285365134,
        0.23377879,
        0.9294698
      ],
      [
        0.152509078,
        0.968514442,
        -0.196776
      ],
      [
        -0.946207,
        0.08559957,
        -0.312033623
      ]
    ],
    "translation": [
      1.60707641,
      0.8884959,
      -0.444912851
    ]
  },
  {
    "timeStamp": 85171,
    "rotation": [
      [
        -0.320609272,
        0.1855509,
        0.92885983
      ],
      [
        0.08910023,
        0.982185245,
        -0.165449053
      ],
      [
        -0.9430116,
        0.0297171231,
        -0.3314303
      ]
    ],
    "translation": [
      1.66329658,
      0.908850253,
      -0.4758272
    ]
  },
  {
    "timeStamp": 85226,
    "rotation": [
      [
        -0.403164774,
        0.112324372,
        0.9082078
      ],
      [
        0.042784933,
        0.993666947,
        -0.103900939
      ],
      [
        -0.914126635,
        -0.00303159049,
        -0.405417323
      ]
    ],
    "translation": [
      1.74440277,
      0.926484048,
      -0.51441586
    ]
  },
  {
    "timeStamp": 85271,
    "rotation": [
      [
        -0.4978123,
        0.055391375,
        0.865514159
      ],
      [
        0.016342368,
        0.9983803,
        -0.0544950366
      ],
      [
        -0.8671308,
        -0.0129837487,
        -0.4979112
      ]
    ],
    "translation": [
      1.814152,
      0.937131763,
      -0.54517895
    ]
  },
  {
    "timeStamp": 85326,
    "rotation": [
      [
        -0.62976414,
        -0.0320218019,
        0.776126146
      ],
      [
        -0.0257012825,
        0.9994619,
        0.020381771
      ],
      [
        -0.776361167,
        -0.00711172773,
        -0.630248249
      ]
    ],
    "translation": [
      1.90381813,
      0.949502468,
      -0.5847202
    ]
  },
  {
    "timeStamp": 85371,
    "rotation": [
      [
        -0.7203738,
        -0.08047687,
        0.688901365
      ],
      [
        -0.0578881428,
        0.996756434,
        0.055907473
      ],
      [
        -0.6911661,
        0.00039506107,
        -0.7226959
      ]
    ],
    "translation": [
      1.97080207,
      0.9606817,
      -0.6175931
    ]
  },
  {
    "timeStamp": 85426,
    "rotation": [
      [
        -0.804684,
        -0.1004699,
        0.5851406
      ],
      [
        -0.06651583,
        0.994628549,
        0.07930745
      ],
      [
        -0.5899655,
        0.0248963237,
        -0.8070445
      ]
    ],
    "translation": [
      2.0407548,
      0.9684222,
      -0.6565357
    ]
  },
  {
    "timeStamp": 85477,
    "rotation": [
      [
        -0.8375721,
        -0.118382722,
        0.5333466
      ],
      [
        -0.0740119442,
        0.991828144,
        0.103919253
      ],
      [
        -0.5412904,
        0.0475658476,
        -0.8394893
      ]
    ],
    "translation": [
      2.08380675,
      0.971022964,
      -0.6821138
    ]
  },
  {
    "timeStamp": 85523,
    "rotation": [
      [
        -0.8513756,
        -0.117693014,
        0.5111829
      ],
      [
        -0.0579843372,
        0.9896481,
        0.131280243
      ],
      [
        -0.521342,
        0.08212819,
        -0.8493866
      ]
    ],
    "translation": [
      2.122363,
      0.971171737,
      -0.70629096
    ]
  },
  {
    "timeStamp": 85576,
    "rotation": [
      [
        -0.8798237,
        -0.0488529727,
        0.47278285
      ],
      [
        -0.007837273,
        0.996059656,
        0.08833877
      ],
      [
        -0.475235552,
        0.07401722,
        -0.87673974
      ]
    ],
    "translation": [
      2.15107059,
      0.970121145,
      -0.723488
    ]
  },
  {
    "timeStamp": 85621,
    "rotation": [
      [
        -0.870844364,
        0.0232035462,
        0.4910109
      ],
      [
        0.06457993,
        0.9956279,
        0.06748723
      ],
      [
        -0.48729822,
        0.09048033,
        -0.8685354
      ]
    ],
    "translation": [
      2.16124773,
      0.960924447,
      -0.7309538
    ]
  },
  {
    "timeStamp": 85676,
    "rotation": [
      [
        -0.8597532,
        -0.0067256554,
        0.5106654
      ],
      [
        0.05258321,
        0.993433356,
        0.101612665
      ],
      [
        -0.5079955,
        0.114214242,
        -0.853753865
      ]
    ],
    "translation": [
      2.174739,
      0.9493974,
      -0.736412942
    ]
  },
  {
    "timeStamp": 85721,
    "rotation": [
      [
        -0.847758353,
        0.0167999081,
        0.530116558
      ],
      [
        0.09101937,
        0.9892788,
        0.114206269
      ],
      [
        -0.522514343,
        0.1450702,
        -0.8401984
      ]
    ],
    "translation": [
      2.18106151,
      0.93162626,
      -0.739904761
    ]
  },
  {
    "timeStamp": 85776,
    "rotation": [
      [
        -0.8508606,
        0.0002784225,
        0.5253914
      ],
      [
        0.081871286,
        0.9878542,
        0.132065371
      ],
      [
        -0.5189733,
        0.155383691,
        -0.840549
      ]
    ],
    "translation": [
      2.19028568,
      0.915964663,
      -0.741253734
    ]
  },
  {
    "timeStamp": 85820,
    "rotation": [
      [
        -0.815404356,
        -0.06341718,
        0.5754076
      ],
      [
        0.0706920847,
        0.975634,
        0.2077042
      ],
      [
        -0.5745593,
        0.210039675,
        -0.791053057
      ]
    ],
    "translation": [
      2.19122672,
      0.901192665,
      -0.741430938
    ]
  },
  {
    "timeStamp": 85877,
    "rotation": [
      [
        -0.8104067,
        -0.0492574275,
        0.583793461
      ],
      [
        0.08950008,
        0.9743547,
        0.206452578
      ],
      [
        -0.578991234,
        0.2195601,
        -0.785215
      ]
    ],
    "translation": [
      2.193463,
      0.887910247,
      -0.741841733
    ]
  },
  {
    "timeStamp": 85923,
    "rotation": [
      [
        -0.8051014,
        -0.0554892235,
        0.590536
      ],
      [
        0.100638829,
        0.968399048,
        0.22819975
      ],
      [
        -0.584537148,
        0.243154779,
        -0.774075031
      ]
    ],
    "translation": [
      2.19613767,
      0.87769,
      -0.744366
    ]
  },
  {
    "timeStamp": 85968,
    "rotation": [
      [
        -0.7970537,
        -0.06758733,
        0.6001146
      ],
      [
        0.103758484,
        0.9636147,
        0.246335
      ],
      [
        -0.5949283,
        0.2586092,
        -0.761039853
      ]
    ],
    "translation": [
      2.19746137,
      0.8699528,
      -0.7455343
    ]
  },
  {
    "timeStamp": 86024,
    "rotation": [
      [
        -0.7906183,
        -0.0667713955,
        0.6086578
      ],
      [
        0.118216909,
        0.958688736,
        0.258729
      ],
      [
        -0.60078907,
        0.276509553,
        -0.75006336
      ]
    ],
    "translation": [
      2.199014,
      0.8604187,
      -0.7475296
    ]
  },
  {
    "timeStamp": 86070,
    "rotation": [
      [
        -0.7903288,
        -0.0800297856,
        0.607433558
      ],
      [
        0.121820606,
        0.9511108,
        0.2838097
      ],
      [
        -0.60044986,
        0.298300922,
        -0.741941035
      ]
    ],
    "translation": [
      2.202137,
      0.8543365,
      -0.7510365
    ]
  }
]