[
  {
    "timeStamp": 73387,
    "rotation": [
      [
        -0.0651272237,
        0.997874,
        -0.00243356032
      ],
      [
        -0.0282225478,
        0.000595801161,
        0.9996015
      ],
      [
        0.9974778,
        0.0651699454,
        0.0281237438
      ]
    ],
    "translation": [
      1.76691365,
      0.7014146,
      -0.3599518
    ]
  },
  {
    "timeStamp": 73431,
    "rotation": [
      [
        -0.0591572672,
        0.9982324,
        0.005694561
      ],
      [
        -0.0288752988,
        -0.007413318,
        0.9995555
      ],
      [
        0.9978309,
        0.05896654,
        0.0292628109
      ]
    ],
    "translation": [
      1.7678026,
      0.7027195,
      -0.363000542
    ]
  },
  {
    "timeStamp": 73478,
    "rotation": [
      [
        -0.03705064,
        0.9992369,
        0.0123650236
      ],
      [
        -0.0132720442,
        -0.0128644668,
        0.9998292
      ],
      [
        0.999225259,
        0.03688021,
        0.013738553
      ]
    ],
    "translation": [
      1.7724694,
      0.712736368,
      -0.363868833
    ]
  },
  {
    "timeStamp": 73531,
    "rotation": [
      [
        -0.0293331929,
        0.999077857,
        0.0313536562
      ],
      [
        0.03382112,
        -0.0303571746,
        0.998966753
      ],
      [
        0.998997331,
        0.0303633,
        -0.03289946
      ]
    ],
    "translation": [
      1.7798214,
      0.739897,
      -0.3623942
    ]
  },
  {
    "timeStamp": 73587,
    "rotation": [
      [
        -0.04017162,
        0.9986143,
        0.0339950956
      ],
      [
        0.107333668,
        -0.02951294,
        0.9937849
      ],
      [
        0.9934111,
        0.0435707755,
        -0.105999351
      ]
    ],
    "translation": [
      1.79208612,
      0.785296,
      -0.365679
    ]
  },
  {
    "timeStamp": 73632,
    "rotation": [
      [
        -0.04958534,
        0.9967272,
        0.06384419
      ],
      [
        0.152264833,
        -0.0556316674,
        0.9867728
      ],
      [
        0.987095058,
        0.0586506948,
        -0.149008
      ]
    ],
    "translation": [
      1.80500853,
      0.8320244,
      -0.379482359
    ]
  },
  {
    "timeStamp": 73687,
    "rotation": [
      [
        -0.09749415,
        0.993641734,
        0.056311328
      ],
      [
        0.174286321,
        -0.03866065,
        0.9839358
      ],
      [
        0.9798567,
        0.105742283,
        -0.169408977
      ]
    ],
    "translation": [
      1.83072245,
      0.8918527,
      -0.4113016
    ]
  },
  {
    "timeStamp": 73732,
    "rotation": [
      [
        -0.130922437,
        0.991067946,
        0.02537106
      ],
      [
        0.179583609,
        -0.00146008935,
        0.983741641
      ],
      [
        0.974991858,
        0.133350074,
        -0.177788392
      ]
    ],
    "translation": [
      1.86190736,
      0.9387512,
      -0.4439814
    ]
  },
  {
    "timeStamp": 73787,
    "rotation": [
      [
        -0.128471449,
        0.991238058,
        0.030695254
      ],
      [
        0.187554568,
        -0.00610806933,
        0.9822352
      ],
      [
        0.9738164,
        0.131946221,
        -0.185126513
      ]
    ],
    "translation": [
      1.905385,
      0.997245967,
      -0.4893453
    ]
  },
  {
    "timeStamp": 73831,
    "rotation": [
      [
        -0.139864355,
        0.9900766,
        -0.0136483824
      ],
      [
        0.207547113,
        0.04279149,
        0.977288663
      ],
      [
        0.9681747,
        0.133855164,
        -0.211472541
      ]
    ],
    "translation": [
      1.93943214,
      1.03736293,
      -0.5267135
    ]
  },
  {
    "timeStamp": 73887,
    "rotation": [
      [
        -0.123784564,
        0.992140651,
        -0.01828452
      ],
      [
        0.213939264,
        0.04467599,
        0.975824833
      ],
      [
        0.9689723,
        0.116880283,
        -0.217788026
      ]
    ],
    "translation": [
      1.97681689,
      1.07136631,
      -0.5738444
    ]
  },
  {
    "timeStamp": 73932,
    "rotation": [
      [
        -0.09436097,
        0.995408237,
        -0.01607878
      ],
      [
        0.201071754,
        0.03487387,
        0.978955567
      ],
      [
        0.9750211,
        0.08914221,
        -0.2034392
      ]
    ],
    "translation": [
      2.00537944,
      1.08162224,
      -0.6089651
    ]
  },
  {
    "timeStamp": 73987,
    "rotation": [
      [
        -0.0395732,
        0.997813344,
        -0.05293797
      ],
      [
        0.174616709,
        0.05907008,
        0.982863
      ],
      [
        0.9838409,
        0.0296511725,
        -0.176572472
      ]
    ],
    "translation": [
      2.045273,
      1.07476616,
      -0.647223
    ]
  },
  {
    "timeStamp": 74031,
    "rotation": [
      [
        0.0204174183,
        0.9978859,
        -0.0617005676
      ],
      [
        0.15198198,
        0.0578984134,
        0.986686
      ],
      [
        0.988172352,
        -0.02952296,
        -0.150478527
      ]
    ],
    "translation": [
      2.07460523,
      1.05782044,
      -0.674643
    ]
  },
  {
    "timeStamp": 74087,
    "rotation": [
      [
        0.101047829,
        0.994593441,
        -0.0239423588
      ],
      [
        0.106564112,
        0.0131067475,
        0.9942194
      ],
      [
        0.9891579,
        -0.103015117,
        -0.104663558
      ]
    ],
    "translation": [
      2.1020956,
      1.02539849,
      -0.70691514
    ]
  },
  {
    "timeStamp": 74131,
    "rotation": [
      [
        0.133129552,
        0.9909881,
        -0.0148045085
      ],
      [
        0.08632793,
        0.00328597357,
        0.996261358
      ],
      [
        0.987331748,
        -0.133909866,
        -0.0851125
      ]
    ],
    "translation": [
      2.12048316,
      0.9951462,
      -0.727528334
    ]
  },
  {
    "timeStamp": 74187,
    "rotation": [
      [
        0.158856645,
        0.986805856,
        -0.031285625
      ],
      [
        0.06106133,
        0.021807529,
        0.9978958
      ],
      [
        0.985411644,
        -0.1604327,
        -0.0567914024
      ]
    ],
    "translation": [
      2.14100313,
      0.9550506,
      -0.748622835
    ]
  },
  {
    "timeStamp": 74231,
    "rotation": [
      [
        0.1630564,
        0.9862569,
        -0.02664427
      ],
      [
        0.0444657058,
        0.0196321663,
        0.998818
      ],
      [
        0.98561424,
        -0.164048433,
        -0.04065346
      ]
    ],
    "translation": [
      2.15219235,
      0.926189065,
      -0.76072824
    ]
  },
  {
    "timeStamp": 74284,
    "rotation": [
      [
        0.176554963,
        0.983892,
        -0.0280152615
      ],
      [
        0.0385974124,
        0.02151997,
        0.9990231
      ],
      [
        0.98353374,
        -0.177463815,
        -0.03417623
      ]
    ],
    "translation": [
      2.16454649,
      0.897997558,
      -0.7693665
    ]
  },
  {
    "timeStamp": 74337,
    "rotation": [
      [
        0.175528973,
        0.9842227,
        -0.0222523026
      ],
      [
        0.0377808847,
        0.0158520788,
        0.9991603
      ],
      [
        0.983749032,
        -0.176222309,
        -0.0344023034
      ]
    ],
    "translation": [
      2.17225885,
      0.877795,
      -0.775023
    ]
  },
  {
    "timeStamp": 74382,
    "rotation": [
      [
        0.180169463,
        0.9835353,
        -0.01404474
      ],
      [
        0.0275851116,
        0.009220619,
        0.9995769
      ],
      [
        0.983248651,
        -0.180480674,
        -0.025469657
      ]
    ],
    "translation": [
      2.17443,
      0.8641606,
      -0.777260065
    ]
  },
  {
    "timeStamp": 74437,
    "rotation": [
      [
        0.177108437,
        0.984073043,
        0.0152620561
      ],
      [
        0.0214203876,
        -0.0193577353,
        0.9995831
      ],
      [
        0.983958244,
        -0.17670767,
        -0.0245076418
      ]
    ],
    "translation": [
      2.17380261,
      0.8493182,
      -0.778203666
    ]
  },
  {
    "timeStamp": 74481,
    "rotation": [
      [
        0.165403292,
        0.986194968,
        0.007831306
      ],
      [
        0.0147461984,
        -0.0104128495,
        0.999837041
      ],
      [
        0.986115754,
        -0.165260851,
        -0.0162649471
      ]
    ],
    "translation": [
      2.17383,
      0.8381922,
      -0.7785249
    ]
  },
  {
    "timeStamp": 74537,
    "rotation": [
      [
        0.161144391,
        0.9865653,
        0.0268579312
      ],
      [
        0.007891139,
        -0.0285006929,
        0.9995626
      ],
      [
        0.986899257,
        -0.160861969,
        -0.0123778516
      ]
    ],
    "translation": [
      2.17243266,
      0.8258422,
      -0.777655542
    ]
  },
  {
    "timeStamp": 74581,
    "rotation": [
      [
        0.154782474,
        0.9876359,
        0.0248536356
      ],
      [
        -0.00151942391,
        -0.0249188077,
        0.9996883
      ],
      [
        0.9879474,
        -0.154772,
        -0.00235635741
      ]
    ],
    "translation": [
      2.173125,
      0.8170361,
      -0.776852131
    ]
  },
  {
    "timeStamp": 74637,
    "rotation": [
      [
        0.143423766,
        0.989297,
        0.02685325
      ],
      [
        -0.01111089,
        -0.0255224463,
        0.9996125
      ],
      [
        0.989599,
        -0.143666551,
        0.007331444
      ]
    ],
    "translation": [
      2.17312121,
      0.809653163,
      -0.775330067
    ]
  },
  {
    "timeStamp": 74682,
    "rotation": [
      [
        0.139242947,
        0.990009665,
        0.0221870579
      ],
      [
        -0.0163822528,
        -0.0200992823,
        0.9996638
      ],
      [
        0.990122736,
        -0.1395596,
        0.0134199066
      ]
    ],
    "translation": [
      2.17496,
      0.807130754,
      -0.7744745
    ]
  }
]