[
  {
    "timeStamp": 33195,
    "rotation": [
      [
        0.9978122,
        -0.013690873,
        -0.06467899
      ],
      [
        0.06470808,
        0.00169184222,
        0.9979028
      ],
      [
        -0.0135527346,
        -0.9999048,
        0.002574051
      ]
    ],
    "translation": [
      1.77483833,
      0.7034544,
      -0.492587984
    ]
  },
  {
    "timeStamp": 33239,
    "rotation": [
      [
        0.9983675,
        -0.00216949754,
        -0.0570760258
      ],
      [
        0.0570282638,
        -0.0178925768,
        0.9982122
      ],
      [
        -0.00318685616,
        -0.9998376,
        -0.0177396443
      ]
    ],
    "translation": [
      1.77488875,
      0.7043614,
      -0.491216928
    ]
  },
  {
    "timeStamp": 33294,
    "rotation": [
      [
        0.9988444,
        -0.027677672,
        -0.0392924771
      ],
      [
        0.0392257273,
        -0.00295073,
        0.999226034
      ],
      [
        -0.02777219,
        -0.99961257,
        -0.00186164316
      ]
    ],
    "translation": [
      1.77624655,
      0.710456,
      -0.493977934
    ]
  },
  {
    "timeStamp": 33339,
    "rotation": [
      [
        0.998342156,
        -0.05425591,
        -0.01921422
      ],
      [
        0.0192827228,
        0.0007393245,
        0.9998138
      ],
      [
        -0.0542316,
        -0.9985268,
        0.00178430043
      ]
    ],
    "translation": [
      1.77910423,
      0.722195268,
      -0.4953629
    ]
  },
  {
    "timeStamp": 33394,
    "rotation": [
      [
        0.996128559,
        -0.08756163,
        0.00779950153
      ],
      [
        -0.008023696,
        -0.00220874813,
        0.99996537
      ],
      [
        -0.08754137,
        -0.996156633,
        -0.002902765
      ]
    ],
    "translation": [
      1.78658307,
      0.7426675,
      -0.4994838
    ]
  },
  {
    "timeStamp": 33439,
    "rotation": [
      [
        0.9918163,
        -0.122542985,
        0.0358278044
      ],
      [
        -0.03655989,
        -0.00373005518,
        0.9993245
      ],
      [
        -0.122326568,
        -0.9924562,
        -0.008179688
      ]
    ],
    "translation": [
      1.79650855,
      0.7650124,
      -0.504840255
    ]
  },
  {
    "timeStamp": 33494,
    "rotation": [
      [
        0.9794309,
        -0.188605949,
        0.07171516
      ],
      [
        -0.07078249,
        0.0116847921,
        0.997423351
      ],
      [
        -0.188957959,
        -0.981983364,
        -0.00190555281
      ]
    ],
    "translation": [
      1.81676531,
      0.7981056,
      -0.515139461
    ]
  },
  {
    "timeStamp": 33539,
    "rotation": [
      [
        0.9633334,
        -0.246299788,
        0.106419057
      ],
      [
        -0.104566254,
        0.02062817,
        0.994303942
      ],
      [
        -0.2470921,
        -0.9689741,
        -0.00588284
      ]
    ],
    "translation": [
      1.83830428,
      0.8283699,
      -0.527460337
    ]
  },
  {
    "timeStamp": 33594,
    "rotation": [
      [
        0.932470739,
        -0.333439827,
        0.138983056
      ],
      [
        -0.135242209,
        0.0345283337,
        0.9902108
      ],
      [
        -0.334974557,
        -0.94213897,
        -0.012898474
      ]
    ],
    "translation": [
      1.87400711,
      0.865788043,
      -0.547927856
    ]
  },
  {
    "timeStamp": 33639,
    "rotation": [
      [
        0.893914461,
        -0.41710645,
        0.164131477
      ],
      [
        -0.157191932,
        0.0512024239,
        0.986239851
      ],
      [
        -0.419770926,
        -0.9074142,
        -0.0197951812
      ]
    ],
    "translation": [
      1.90837789,
      0.8939952,
      -0.567162
    ]
  },
  {
    "timeStamp": 33694,
    "rotation": [
      [
        0.8260026,
        -0.5376001,
        0.1694277
      ],
      [
        -0.166713417,
        0.05412755,
        0.9845186
      ],
      [
        -0.538448,
        -0.841460764,
        -0.0449156575
      ]
    ],
    "translation": [
      1.9574734,
      0.921028554,
      -0.5926519
    ]
  },
  {
    "timeStamp": 33739,
    "rotation": [
      [
        0.735151052,
        -0.6563219,
        0.169689432
      ],
      [
        -0.164652526,
        0.06994675,
        0.983868361
      ],
      [
        -0.657603562,
        -0.7512317,
        -0.0566436239
      ]
    ],
    "translation": [
      2.00050426,
      0.9345187,
      -0.6139479
    ]
  },
  {
    "timeStamp": 33790,
    "rotation": [
      [
        0.6206393,
        -0.767003357,
        0.162827164
      ],
      [
        -0.15763244,
        0.08137091,
        0.9841396
      ],
      [
        -0.7680878,
        -0.636462569,
        -0.07040263
      ]
    ],
    "translation": [
      2.04304361,
      0.9409268,
      -0.635242462
    ]
  },
  {
    "timeStamp": 33845,
    "rotation": [
      [
        0.407737553,
        -0.9039636,
        0.1288406
      ],
      [
        -0.134728223,
        0.0799981356,
        0.987648
      ],
      [
        -0.903104842,
        -0.420059651,
        -0.08917117
      ]
    ],
    "translation": [
      2.10012412,
      0.940141,
      -0.668894231
    ]
  },
  {
    "timeStamp": 33889,
    "rotation": [
      [
        0.262549281,
        -0.960060835,
        0.09670075
      ],
      [
        -0.114131682,
        0.06861469,
        0.991093338
      ],
      [
        -0.958145,
        -0.271247447,
        -0.09155863
      ]
    ],
    "translation": [
      2.12879848,
      0.9319303,
      -0.6921377
    ]
  },
  {
    "timeStamp": 33945,
    "rotation": [
      [
        0.108782157,
        -0.990686,
        0.0819009
      ],
      [
        -0.0844111741,
        0.07288642,
        0.9937617
      ],
      [
        -0.990475237,
        -0.115016885,
        -0.075696215
      ]
    ],
    "translation": [
      2.15036225,
      0.912524343,
      -0.7190312
    ]
  },
  {
    "timeStamp": 33989,
    "rotation": [
      [
        0.0257148333,
        -0.995001733,
        0.09648922
      ],
      [
        -0.0665494949,
        0.09460314,
        0.993288159
      ],
      [
        -0.997451663,
        -0.03196357,
        -0.06378416
      ]
    ],
    "translation": [
      2.15624571,
      0.892358,
      -0.733073354
    ]
  },
  {
    "timeStamp": 34044,
    "rotation": [
      [
        -0.002940251,
        -0.9976322,
        0.06871227
      ],
      [
        -0.0609109253,
        0.06876365,
        0.995771766
      ],
      [
        -0.9981389,
        -0.00125751388,
        -0.06096888
      ]
    ],
    "translation": [
      2.16006827,
      0.8686103,
      -0.7389778
    ]
  },
  {
    "timeStamp": 34089,
    "rotation": [
      [
        -0.0367517881,
        -0.9969469,
        0.06889298
      ],
      [
        -0.05470936,
        0.070843406,
        0.995986
      ],
      [
        -0.997825742,
        0.0328351669,
        -0.0571459457
      ]
    ],
    "translation": [
      2.16401458,
      0.846558034,
      -0.740395844
    ]
  },
  {
    "timeStamp": 34144,
    "rotation": [
      [
        -0.06263947,
        -0.995067358,
        0.07692395
      ],
      [
        -0.05531419,
        0.0804181844,
        0.995225251
      ],
      [
        -0.9965022,
        0.05808541,
        -0.0600787
      ]
    ],
    "translation": [
      2.17109847,
      0.8208042,
      -0.7391596
    ]
  },
  {
    "timeStamp": 34189,
    "rotation": [
      [
        -0.0531612262,
        -0.996770859,
        0.0601809919
      ],
      [
        -0.048988007,
        0.06279686,
        0.9968233
      ],
      [
        -0.9973836,
        0.0500441939,
        -0.0521681756
      ]
    ],
    "translation": [
      2.17757154,
      0.804811239,
      -0.7373601
    ]
  },
  {
    "timeStamp": 34246,
    "rotation": [
      [
        -0.06674299,
        -0.995267868,
        0.07062035
      ],
      [
        -0.0344260335,
        0.07303309,
        0.996735156
      ],
      [
        -0.9971761,
        0.06409389,
        -0.03913757
      ]
    ],
    "translation": [
      2.18401384,
      0.7877833,
      -0.737702
    ]
  },
  {
    "timeStamp": 34292,
    "rotation": [
      [
        -0.06712502,
        -0.995933652,
        0.0600867681
      ],
      [
        -0.0165850483,
        0.06132804,
        0.9979799
      ],
      [
        -0.9976067,
        0.0659928843,
        -0.0206342544
      ]
    ],
    "translation": [
      2.189282,
      0.7786394,
      -0.7391204
    ]
  },
  {
    "timeStamp": 34348,
    "rotation": [
      [
        -0.07029599,
        -0.9950585,
        0.07012177
      ],
      [
        -0.000675616029,
        0.0703431442,
        0.997522652
      ],
      [
        -0.99752593,
        0.07007447,
        -0.005617119
      ]
    ],
    "translation": [
      2.18919826,
      0.7706387,
      -0.7407076
    ]
  },
  {
    "timeStamp": 34394,
    "rotation": [
      [
        -0.0631708056,
        -0.994412,
        0.0845821351
      ],
      [
        0.00763830729,
        0.0842671841,
        0.996413946
      ],
      [
        -0.997973442,
        0.06359033,
        0.002272399
      ]
    ],
    "translation": [
      2.185368,
      0.7660785,
      -0.7414734
    ]
  },
  {
    "timeStamp": 34439,
    "rotation": [
      [
        -0.06894148,
        -0.993532,
        0.0902290642
      ],
      [
        0.0240826365,
        0.08876047,
        0.9957618
      ],
      [
        -0.99733,
        0.0708222538,
        0.0178075917
      ]
    ],
    "translation": [
      2.18216276,
      0.7615901,
      -0.744593441
    ]
  },
  {
    "timeStamp": 34494,
    "rotation": [
      [
        -0.08279633,
        -0.9899947,
        0.114259593
      ],
      [
        0.022610724,
        0.112757593,
        0.9933652
      ],
      [
        -0.996309936,
        0.0848304853,
        0.0130485808
      ]
    ],
    "translation": [
      2.17845678,
      0.75799644,
      -0.746472955
    ]
  },
  {
    "timeStamp": 34539,
    "rotation": [
      [
        -0.056731198,
        -0.992624,
        0.107141823
      ],
      [
        0.0276127029,
        0.105713636,
        0.9940132
      ],
      [
        -0.9980076,
        0.05935002,
        0.02141177
      ]
    ],
    "translation": [
      2.175355,
      0.756829739,
      -0.7463218
    ]
  },
  {
    "timeStamp": 34594,
    "rotation": [
      [
        0.001809443,
        -0.9946336,
        0.103444442
      ],
      [
        0.0279048663,
        0.103454553,
        0.994242668
      ],
      [
        -0.999609,
        0.00108757569,
        0.027942311
      ]
    ],
    "translation": [
      2.17095,
      0.757175,
      -0.7441868
    ]
  },
  {
    "timeStamp": 34638,
    "rotation": [
      [
        0.0900180638,
        -0.993456364,
        0.07029431
      ],
      [
        0.0150531055,
        0.0719299838,
        0.9972961
      ],
      [
        -0.9958264,
        -0.08871652,
        0.0214296
      ]
    ],
    "translation": [
      2.16965914,
      0.762094259,
      -0.739854336
    ]
  },
  {
    "timeStamp": 34694,
    "rotation": [
      [
        0.283891857,
        -0.95757556,
        0.04954265
      ],
      [
        -0.002166469,
        0.0510277748,
        0.9986949
      ],
      [
        -0.958853841,
        -0.283628672,
        0.0124118123
      ]
    ],
    "translation": [
      2.15740514,
      0.769772,
      -0.734141
    ]
  },
  {
    "timeStamp": 34738,
    "rotation": [
      [
        0.48651436,
        -0.8734832,
        -0.0181927029
      ],
      [
        0.03264437,
        -0.00263426965,
        0.999463558
      ],
      [
        -0.8730625,
        -0.486847252,
        0.0272326972
      ]
    ],
    "translation": [
      2.15037632,
      0.774489164,
      -0.7354158
    ]
  },
  {
    "timeStamp": 34794,
    "rotation": [
      [
        0.6797812,
        -0.7305503,
        -0.0647602454
      ],
      [
        0.06556244,
        -0.0274154935,
        0.9974718
      ],
      [
        -0.7304787,
        -0.6823084,
        0.0292601269
      ]
    ],
    "translation": [
      2.14495,
      0.7807746,
      -0.741904736
    ]
  },
  {
    "timeStamp": 34839,
    "rotation": [
      [
        0.7562262,
        -0.6447965,
        -0.111172825
      ],
      [
        0.121474966,
        -0.0285999868,
        0.9921824
      ],
      [
        -0.6429353,
        -0.763819,
        0.0566985756
      ]
    ],
    "translation": [
      2.15275621,
      0.7823521,
      -0.74742955
    ]
  },
  {
    "timeStamp": 34894,
    "rotation": [
      [
        0.8387799,
        -0.53473556,
        -0.102499478
      ],
      [
        0.13129589,
        0.0159505941,
        0.9912149
      ],
      [
        -0.5284029,
        -0.8448689,
        0.08358762
      ]
    ],
    "translation": [
      2.15396047,
      0.7869708,
      -0.75253284
    ]
  },
  {
    "timeStamp": 34939,
    "rotation": [
      [
        0.8953489,
        -0.415974855,
        -0.159107611
      ],
      [
        0.179926127,
        0.0110476119,
        0.9836181
      ],
      [
        -0.407402635,
        -0.909309,
        0.0847362056
      ]
    ],
    "translation": [
      2.15635633,
      0.7878557,
      -0.7566095
    ]
  },
  {
    "timeStamp": 34994,
    "rotation": [
      [
        0.93270427,
        -0.3037181,
        -0.1944686
      ],
      [
        0.208474055,
        0.0140544046,
        0.9779269
      ],
      [
        -0.294280946,
        -0.952658236,
        0.07642595
      ]
    ],
    "translation": [
      2.157811,
      0.7902506,
      -0.7572242
    ]
  },
  {
    "timeStamp": 35038,
    "rotation": [
      [
        0.9510976,
        -0.236497357,
        -0.198701814
      ],
      [
        0.209495991,
        0.0211592373,
        0.977580547
      ],
      [
        -0.226990834,
        -0.971401751,
        0.0696697459
      ]
    ],
    "translation": [
      2.15742159,
      0.7928432,
      -0.7556258
    ]
  },
  {
    "timeStamp": 35094,
    "rotation": [
      [
        0.965338945,
        -0.132205591,
        -0.225038469
      ],
      [
        0.230765522,
        0.0295239743,
        0.972561359
      ],
      [
        -0.121934012,
        -0.9907825,
        0.0590091348
      ]
    ],
    "translation": [
      2.15740132,
      0.793438554,
      -0.7571814
    ]
  },
  {
    "timeStamp": 35138,
    "rotation": [
      [
        0.9690444,
        -0.0575921,
        -0.240075558
      ],
      [
        0.2420718,
        0.03053103,
        0.9697779
      ],
      [
        -0.0485217981,
        -0.9978733,
        0.0435273461
      ]
    ],
    "translation": [
      2.15679121,
      0.794803,
      -0.7577356
    ]
  },
  {
    "timeStamp": 35194,
    "rotation": [
      [
        0.9654626,
        0.0131367045,
        -0.260210216
      ],
      [
        0.2591032,
        0.0563906543,
        0.964202046
      ],
      [
        0.02733987,
        -0.998322368,
        0.0510393046
      ]
    ],
    "translation": [
      2.15625525,
      0.794919848,
      -0.7600116
    ]
  },
  {
    "timeStamp": 35242,
    "rotation": [
      [
        0.960375845,
        0.06271461,
        -0.271560371
      ],
      [
        0.267674565,
        0.0638909,
        0.9613887
      ],
      [
        0.07764336,
        -0.9959843,
        0.04457217
      ]
    ],
    "translation": [
      2.15512538,
      0.79671973,
      -0.7607154
    ]
  },
  {
    "timeStamp": 35291,
    "rotation": [
      [
        0.9446289,
        0.1377653,
        -0.297820479
      ],
      [
        0.289368868,
        0.0782410949,
        0.954014659
      ],
      [
        0.154731929,
        -0.9873698,
        0.0340438038
      ]
    ],
    "translation": [
      2.15411878,
      0.797974169,
      -0.7632026
    ]
  },
  {
    "timeStamp": 35346,
    "rotation": [
      [
        0.9345413,
        0.190763235,
        -0.3004031
      ],
      [
        0.287590355,
        0.09230202,
        0.9532954
      ],
      [
        0.209581524,
        -0.977286935,
        0.03139838
      ]
    ],
    "translation": [
      2.15313768,
      0.8005171,
      -0.7616327
    ]
  },
  {
    "timeStamp": 35390,
    "rotation": [
      [
        0.9174786,
        0.239551663,
        -0.317565769
      ],
      [
        0.302109122,
        0.09971759,
        0.9480435
      ],
      [
        0.258772284,
        -0.965749145,
        0.0191180147
      ]
    ],
    "translation": [
      2.15722275,
      0.7992834,
      -0.7587639
    ]
  },
  {
    "timeStamp": 35446,
    "rotation": [
      [
        0.918458164,
        0.253119826,
        -0.303916037
      ],
      [
        0.2870764,
        0.101938538,
        0.9524682
      ],
      [
        0.272069335,
        -0.9620493,
        0.0209615473
      ]
    ],
    "translation": [
      2.15980077,
      0.7978112,
      -0.751055837
    ]
  },
  {
    "timeStamp": 35490,
    "rotation": [
      [
        0.924870968,
        0.2569949,
        -0.280298561
      ],
      [
        0.261430621,
        0.105593346,
        0.959429
      ],
      [
        0.276166052,
        -0.960626662,
        0.0304738786
      ]
    ],
    "translation": [
      2.15862679,
      0.795923948,
      -0.74491924
    ]
  },
  {
    "timeStamp": 35546,
    "rotation": [
      [
        0.922833562,
        0.289784968,
        -0.253777176
      ],
      [
        0.230365843,
        0.112830587,
        0.966540635
      ],
      [
        0.3087228,
        -0.950417757,
        0.03736729
      ]
    ],
    "translation": [
      2.15506768,
      0.790512562,
      -0.74255383
    ]
  },
  {
    "timeStamp": 35590,
    "rotation": [
      [
        0.922119439,
        0.31148684,
        -0.229503065
      ],
      [
        0.202908412,
        0.115728907,
        0.9723348
      ],
      [
        0.329429656,
        -0.943177,
        0.0435125753
      ]
    ],
    "translation": [
      2.15077662,
      0.7859128,
      -0.742566466
    ]
  },
  {
    "timeStamp": 35646,
    "rotation": [
      [
        0.91681087,
        0.341797531,
        -0.20647566
      ],
      [
        0.179472774,
        0.109202564,
        0.9776831
      ],
      [
        0.356717348,
        -0.9334073,
        0.0387747474
      ]
    ],
    "translation": [
      2.14459777,
      0.778559566,
      -0.744197547
    ]
  },
  {
    "timeStamp": 35691,
    "rotation": [
      [
        0.915237069,
        0.3588222,
        -0.1832693
      ],
      [
        0.152078375,
        0.113566294,
        0.9818222
      ],
      [
        0.373112828,
        -0.9264714,
        0.04937099
      ]
    ],
    "translation": [
      2.139922,
      0.774671733,
      -0.74662745
    ]
  },
  {
    "timeStamp": 35748,
    "rotation": [
      [
        0.9013066,
        0.396648437,
        -0.174115792
      ],
      [
        0.135189474,
        0.12430919,
        0.982990861
      ],
      [
        0.411546,
        -0.9095148,
        0.05841801
      ]
    ],
    "translation": [
      2.13807487,
      0.7655486,
      -0.7533221
    ]
  },
  {
    "timeStamp": 35793,
    "rotation": [
      [
        0.889881432,
        0.420773357,
        -0.1762408
      ],
      [
        0.131888,
        0.132536843,
        0.982364237
      ],
      [
        0.4367111,
        -0.8974318,
        0.0624471158
      ]
    ],
    "translation": [
      2.13947439,
      0.7590286,
      -0.756401658
    ]
  },
  {
    "timeStamp": 35838,
    "rotation": [
      [
        0.8838472,
        0.431116849,
        -0.18152827
      ],
      [
        0.13345395,
        0.139543012,
        0.98118186
      ],
      [
        0.448335,
        -0.891440451,
        0.06580045
      ]
    ],
    "translation": [
      2.14115644,
      0.7537787,
      -0.7583378
    ]
  },
  {
    "timeStamp": 35894,
    "rotation": [
      [
        0.883360147,
        0.436805755,
        -0.169928223
      ],
      [
        0.113498472,
        0.15240635,
        0.9817792
      ],
      [
        0.454744935,
        -0.8865512,
        0.08505291
      ]
    ],
    "translation": [
      2.13996673,
      0.7508513,
      -0.7628892
    ]
  },
  {
    "timeStamp": 35938,
    "rotation": [
      [
        0.8796813,
        0.4454002,
        -0.166672
      ],
      [
        0.106340006,
        0.1573705,
        0.9817975
      ],
      [
        0.463522047,
        -0.8813928,
        0.09107201
      ]
    ],
    "translation": [
      2.13922668,
      0.7478302,
      -0.7658232
    ]
  },
  {
    "timeStamp": 35993,
    "rotation": [
      [
        0.8794732,
        0.446747869,
        -0.164143592
      ],
      [
        0.10042078,
        0.162936732,
        0.9815127
      ],
      [
        0.465233773,
        -0.8796976,
        0.09843573
      ]
    ],
    "translation": [
      2.13848948,
      0.7430832,
      -0.7668091
    ]
  },
  {
    "timeStamp": 36038,
    "rotation": [
      [
        0.877199352,
        0.4521183,
        -0.161586657
      ],
      [
        0.09499868,
        0.1664572,
        0.981461763
      ],
      [
        0.470634133,
        -0.8762882,
        0.103065513
      ]
    ],
    "translation": [
      2.13670588,
      0.7399763,
      -0.76838094
    ]
  },
  {
    "timeStamp": 36093,
    "rotation": [
      [
        0.8782445,
        0.4525637,
        -0.154508084
      ],
      [
        0.08444432,
        0.171252444,
        0.981601655
      ],
      [
        0.470697135,
        -0.8751336,
        0.112185076
      ]
    ],
    "translation": [
      2.13346434,
      0.737038553,
      -0.7695738
    ]
  },
  {
    "timeStamp": 36139,
    "rotation": [
      [
        0.8770095,
        0.4550921,
        -0.154095918
      ],
      [
        0.08168324,
        0.17482768,
        0.9812049
      ],
      [
        0.473478854,
        -0.8731131,
        0.116152145
      ]
    ],
    "translation": [
      2.13176847,
      0.734625936,
      -0.770526767
    ]
  },
  {
    "timeStamp": 36194,
    "rotation": [
      [
        0.875636637,
        0.45825842,
        -0.152511656
      ],
      [
        0.07827239,
        0.176955283,
        0.9811016
      ],
      [
        0.476585776,
        -0.8710259,
        0.119079545
      ]
    ],
    "translation": [
      2.12969232,
      0.731862843,
      -0.7721378
    ]
  },
  {
    "timeStamp": 36238,
    "rotation": [
      [
        0.8778775,
        0.455410331,
        -0.148096666
      ],
      [
        0.07160595,
        0.180945083,
        0.980883
      ],
      [
        0.473501623,
        -0.8716997,
        0.126237527
      ]
    ],
    "translation": [
      2.12776947,
      0.730572164,
      -0.773161769
    ]
  },
  {
    "timeStamp": 36293,
    "rotation": [
      [
        0.88067615,
        0.4519242,
        -0.142035589
      ],
      [
        0.0659540445,
        0.1799388,
        0.981464267
      ],
      [
        0.469105154,
        -0.87372,
        0.128661573
      ]
    ],
    "translation": [
      2.12593555,
      0.729038656,
      -0.774631
    ]
  },
  {
    "timeStamp": 36338,
    "rotation": [
      [
        0.886889338,
        0.438999057,
        -0.1438998
      ],
      [
        0.0662319362,
        0.18744272,
        0.9800401
      ],
      [
        0.457209617,
        -0.87871784,
        0.137165189
      ]
    ],
    "translation": [
      2.12601018,
      0.7272649,
      -0.776244044
    ]
  },
  {
    "timeStamp": 36393,
    "rotation": [
      [
        0.8902934,
        0.432671875,
        -0.142030388
      ],
      [
        0.06295753,
        0.191950276,
        0.9793832
      ],
      [
        0.45101437,
        -0.8808803,
        0.143652111
      ]
    ],
    "translation": [
      2.12701631,
      0.7266615,
      -0.7790789
    ]
  },
  {
    "timeStamp": 36438,
    "rotation": [
      [
        0.89494,
        0.423719734,
        -0.139799729
      ],
      [
        0.060012687,
        0.196164638,
        0.9787328
      ],
      [
        0.442132175,
        -0.884296954,
        0.150127023
      ]
    ],
    "translation": [
      2.12867427,
      0.7262668,
      -0.781048238
    ]
  },
  {
    "timeStamp": 36493,
    "rotation": [
      [
        0.9015138,
        0.414274544,
        -0.12509799
      ],
      [
        0.0515191667,
        0.184277162,
        0.981523156
      ],
      [
        0.429672748,
        -0.891301632,
        0.14478533
      ]
    ],
    "translation": [
      2.129315,
      0.7256622,
      -0.781731844
    ]
  },
  {
    "timeStamp": 36538,
    "rotation": [
      [
        0.902842939,
        0.415820658,
        -0.109397285
      ],
      [
        0.0439731143,
        0.163800478,
        0.985513
      ],
      [
        0.427715927,
        -0.894574,
        0.129601181
      ]
    ],
    "translation": [
      2.12931776,
      0.7252412,
      -0.7817656
    ]
  },
  {
    "timeStamp": 36593,
    "rotation": [
      [
        0.907219648,
        0.412082136,
        -0.08450301
      ],
      [
        0.030143436,
        0.1366826,
        0.9901562
      ],
      [
        0.419575781,
        -0.900836349,
        0.111579575
      ]
    ],
    "translation": [
      2.12910652,
      0.7245665,
      -0.7817195
    ]
  },
  {
    "timeStamp": 36649,
    "rotation": [
      [
        0.909548342,
        0.40817374,
        -0.07820498
      ],
      [
        0.0295244213,
        0.124238349,
        0.991813064
      ],
      [
        0.4145481,
        -0.9044109,
        0.1009497
      ]
    ],
    "translation": [
      2.12895536,
      0.724216163,
      -0.781611741
    ]
  },
  {
    "timeStamp": 36693,
    "rotation": [
      [
        0.9104374,
        0.4065002,
        -0.07655884
      ],
      [
        0.0322431736,
        0.114778325,
        0.9928677
      ],
      [
        0.412388235,
        -0.9064124,
        0.09139163
      ]
    ],
    "translation": [
      2.12890148,
      0.724058867,
      -0.7815838
    ]
  },
  {
    "timeStamp": 36738,
    "rotation": [
      [
        0.9124187,
        0.403929144,
        -0.06582752
      ],
      [
        0.02446464,
        0.106725968,
        0.993987441
      ],
      [
        0.408526,
        -0.9085432,
        0.0874967948
      ]
    ],
    "translation": [
      2.12876821,
      0.7237507,
      -0.78153
    ]
  },
  {
    "timeStamp": 36793,
    "rotation": [
      [
        0.916837335,
        0.393603563,
        -0.06697447
      ],
      [
        0.0262716543,
        0.107908852,
        0.993813634
      ],
      [
        0.3983957,
        -0.912925,
        0.08859424
      ]
    ],
    "translation": [
      2.12868118,
      0.723512053,
      -0.781407535
    ]
  },
  {
    "timeStamp": 36838,
    "rotation": [
      [
        0.9172151,
        0.3902475,
        -0.08014524
      ],
      [
        0.0391716436,
        0.111856073,
        0.992952049
      ],
      [
        0.396461785,
        -0.91389,
        0.08730944
      ]
    ],
    "translation": [
      2.128663,
      0.7234682,
      -0.781404555
    ]
  },
  {
    "timeStamp": 36893,
    "rotation": [
      [
        0.926468,
        0.3629554,
        -0.09960155
      ],
      [
        0.04323822,
        0.160243556,
        0.986130059
      ],
      [
        0.3738817,
        -0.9179245,
        0.132766977
      ]
    ],
    "translation": [
      2.12747955,
      0.7242085,
      -0.7807992
    ]
  },
  {
    "timeStamp": 36938,
    "rotation": [
      [
        0.9403149,
        0.324498028,
        -0.102512695
      ],
      [
        0.03619051,
        0.204174235,
        0.978265345
      ],
      [
        0.338375628,
        -0.923587441,
        0.180244327
      ]
    ],
    "translation": [
      2.126287,
      0.72563386,
      -0.780142
    ]
  },
  {
    "timeStamp": 36993,
    "rotation": [
      [
        0.961893439,
        0.265424281,
        -0.065658465
      ],
      [
        -0.00926358253,
        0.271630973,
        0.9623569
      ],
      [
        0.273267776,
        -0.925076544,
        0.263738841
      ]
    ],
    "translation": [
      2.12469,
      0.727953,
      -0.7775613
    ]
  },
  {
    "timeStamp": 37048,
    "rotation": [
      [
        0.989840746,
        0.1332754,
        -0.0495264456
      ],
      [
        0.0111968322,
        0.2741851,
        0.961611748
      ],
      [
        0.141738608,
        -0.952397048,
        0.269907326
      ]
    ],
    "translation": [
      2.13136268,
      0.7323898,
      -0.766373
    ]
  },
  {
    "timeStamp": 37093,
    "rotation": [
      [
        0.9982401,
        0.0462470837,
        -0.0371214338
      ],
      [
        0.0224160776,
        0.285264283,
        0.958186746
      ],
      [
        0.05490276,
        -0.957332551,
        0.28372556
      ]
    ],
    "translation": [
      2.13801455,
      0.736454964,
      -0.7636588
    ]
  },
  {
    "timeStamp": 37148,
    "rotation": [
      [
        0.9959785,
        -0.0829952061,
        -0.033743374
      ],
      [
        0.05520753,
        0.271906585,
        0.9607387
      ],
      [
        -0.0705616549,
        -0.958737969,
        0.275395066
      ]
    ],
    "translation": [
      2.14578748,
      0.740250051,
      -0.7628248
    ]
  },
  {
    "timeStamp": 37193,
    "rotation": [
      [
        0.9707239,
        -0.239177287,
        -0.0221195333
      ],
      [
        0.09238017,
        0.2867486,
        0.9535414
      ],
      [
        -0.2217227,
        -0.927668869,
        0.300448984
      ]
    ],
    "translation": [
      2.154033,
      0.7415475,
      -0.7627647
    ]
  },
  {
    "timeStamp": 37238,
    "rotation": [
      [
        0.915796161,
        -0.399952084,
        -0.03681912
      ],
      [
        0.153919473,
        0.264805049,
        0.95193857
      ],
      [
        -0.3709799,
        -0.8774489,
        0.30406788
      ]
    ],
    "translation": [
      2.16615367,
      0.741892338,
      -0.7626549
    ]
  },
  {
    "timeStamp": 37293,
    "rotation": [
      [
        0.7926728,
        -0.6055558,
        0.07051296
      ],
      [
        0.167225257,
        0.327195227,
        0.930042446
      ],
      [
        -0.5862641,
        -0.7254278,
        0.360623
      ]
    ],
    "translation": [
      2.16967845,
      0.744617343,
      -0.768684864
    ]
  },
  {
    "timeStamp": 37338,
    "rotation": [
      [
        0.72397536,
        -0.684864044,
        0.0825892761
      ],
      [
        0.204527363,
        0.3274499,
        0.9224669
      ],
      [
        -0.658808231,
        -0.6509515,
        0.377139062
      ]
    ],
    "translation": [
      2.16901469,
      0.7446091,
      -0.7740384
    ]
  },
  {
    "timeStamp": 37391,
    "rotation": [
      [
        0.785223663,
        -0.618245363,
        0.0345900729
      ],
      [
        0.195905969,
        0.301032633,
        0.9332739
      ],
      [
        -0.587404966,
        -0.726052344,
        0.357495874
      ]
    ],
    "translation": [
      2.16183877,
      0.746494234,
      -0.773816764
    ]
  },
  {
    "timeStamp": 37446,
    "rotation": [
      [
        0.823384345,
        -0.5669444,
        -0.02474223
      ],
      [
        0.220714375,
        0.279771358,
        0.934351742
      ],
      [
        -0.522803366,
        -0.774791539,
        0.355492145
      ]
    ],
    "translation": [
      2.15719819,
      0.7465326,
      -0.774597466
    ]
  },
  {
    "timeStamp": 37491,
    "rotation": [
      [
        0.8434863,
        -0.532683253,
        -0.06913268
      ],
      [
        0.261183679,
        0.294261456,
        0.919343948
      ],
      [
        -0.469376057,
        -0.7935104,
        0.3873337
      ]
    ],
    "translation": [
      2.15435863,
      0.743801355,
      -0.776366651
    ]
  },
  {
    "timeStamp": 37547,
    "rotation": [
      [
        0.858084261,
        -0.491982251,
        -0.147121832
      ],
      [
        0.308755755,
        0.26537922,
        0.9133695
      ],
      [
        -0.4103185,
        -0.8291727,
        0.379620075
      ]
    ],
    "translation": [
      2.15146136,
      0.7431655,
      -0.7769188
    ]
  },
  {
    "timeStamp": 37591,
    "rotation": [
      [
        0.8547148,
        -0.481827825,
        -0.1931437
      ],
      [
        0.361879855,
        0.286311865,
        0.8871688
      ],
      [
        -0.3721633,
        -0.828171134,
        0.419078767
      ]
    ],
    "translation": [
      2.15122986,
      0.7394502,
      -0.7788017
    ]
  },
  {
    "timeStamp": 37646,
    "rotation": [
      [
        0.8438181,
        -0.497378975,
        -0.20145759
      ],
      [
        0.3718893,
        0.271356553,
        0.887729645
      ],
      [
        -0.386871219,
        -0.824002266,
        0.4139455
      ]
    ],
    "translation": [
      2.152555,
      0.739892364,
      -0.778312147
    ]
  },
  {
    "timeStamp": 37691,
    "rotation": [
      [
        0.820553,
        -0.5381947,
        -0.1924559
      ],
      [
        0.375534058,
        0.253800571,
        0.891380668
      ],
      [
        -0.430890977,
        -0.803698838,
        0.41036725
      ]
    ],
    "translation": [
      2.15586758,
      0.7407125,
      -0.7774257
    ]
  },
  {
    "timeStamp": 37844,
    "rotation": [
      [
        0.674679637,
        -0.7367637,
        -0.04457194
      ],
      [
        0.2907195,
        0.20974572,
        0.9335357
      ],
      [
        -0.6784465,
        -0.642795444,
        0.355702728
      ]
    ],
    "translation": [
      2.153832,
      0.7411895,
      -0.7728995
    ]
  },
  {
    "timeStamp": 37845,
    "rotation": [
      [
        0.423722684,
        -0.899416864,
        0.107276812
      ],
      [
        0.187932968,
        0.203151971,
        0.9609425
      ],
      [
        -0.8860814,
        -0.3870123,
        0.255110174
      ]
    ],
    "translation": [
      2.14738035,
      0.740355432,
      -0.7664774
    ]
  },
  {
    "timeStamp": 37875,
    "rotation": [
      [
        0.200286165,
        -0.960098445,
        0.19518286
      ],
      [
        0.103944995,
        0.218918532,
        0.970190763
      ],
      [
        -0.9742078,
        -0.1740275,
        0.143643782
      ]
    ],
    "translation": [
      2.14355063,
      0.7406033,
      -0.757978
    ]
  },
  {
    "timeStamp": 37920,
    "rotation": [
      [
        0.162323728,
        -0.9754332,
        0.148932949
      ],
      [
        0.07067391,
        0.162040129,
        0.984250069
      ],
      [
        -0.9842033,
        -0.149241462,
        0.09524064
      ]
    ],
    "translation": [
      2.16388273,
      0.745562136,
      -0.738873839
    ]
  },
  {
    "timeStamp": 37977,
    "rotation": [
      [
        0.149538279,
        -0.9779784,
        0.145590544
      ],
      [
        0.06538188,
        0.156704411,
        0.985479057
      ],
      [
        -0.9865919,
        -0.137847871,
        0.08737537
      ]
    ],
    "translation": [
      2.16857219,
      0.7472776,
      -0.734870136
    ]
  },
  {
    "timeStamp": 38021,
    "rotation": [
      [
        0.148842663,
        -0.978755,
        0.141012579
      ],
      [
        0.039986413,
        0.148441613,
        0.98811245
      ],
      [
        -0.9880521,
        -0.141434714,
        0.0612313449
      ]
    ],
    "translation": [
      2.17047167,
      0.754665554,
      -0.7276282
    ]
  },
  {
    "timeStamp": 38077,
    "rotation": [
      [
        0.124511622,
        -0.9809995,
        0.148784637
      ],
      [
        0.03620822,
        0.154343992,
        0.9873535
      ],
      [
        -0.9915573,
        -0.11754977,
        0.0547378659
      ]
    ],
    "translation": [
      2.17211223,
      0.760396063,
      -0.727229
    ]
  },
  {
    "timeStamp": 38120,
    "rotation": [
      [
        0.145183444,
        -0.979719162,
        0.13810204
      ],
      [
        0.0456600748,
        0.14606671,
        0.988220453
      ],
      [
        -0.98835063,
        -0.1371675,
        0.0659405142
      ]
    ],
    "translation": [
      2.16699767,
      0.7609899,
      -0.7335274
    ]
  },
  {
    "timeStamp": 38176,
    "rotation": [
      [
        0.185147136,
        -0.9747866,
        0.124546282
      ],
      [
        0.07109283,
        0.139691591,
        0.987639666
      ],
      [
        -0.9801359,
        -0.174004316,
        0.09516383
      ]
    ],
    "translation": [
      2.156127,
      0.7558378,
      -0.7467604
    ]
  },
  {
    "timeStamp": 38220,
    "rotation": [
      [
        0.187654167,
        -0.9757294,
        0.112862825
      ],
      [
        0.09408445,
        0.13223134,
        0.9867436
      ],
      [
        -0.9777188,
        -0.174547926,
        0.116614729
      ]
    ],
    "translation": [
      2.15281,
      0.7511397,
      -0.7585285
    ]
  },
  {
    "timeStamp": 38276,
    "rotation": [
      [
        0.181229085,
        -0.9777921,
        0.105254762
      ],
      [
        0.113533661,
        0.127113312,
        0.985369146
      ],
      [
        -0.9768654,
        -0.166627616,
        0.134048954
      ]
    ],
    "translation": [
      2.15048218,
      0.7460225,
      -0.770584643
    ]
  },
  {
    "timeStamp": 38320,
    "rotation": [
      [
        0.178180754,
        -0.97869885,
        0.101981558
      ],
      [
        0.121507712,
        0.124730766,
        0.9847224
      ],
      [
        -0.9764669,
        -0.163067058,
        0.141144082
      ]
    ],
    "translation": [
      2.149148,
      0.742978752,
      -0.775270045
    ]
  },
  {
    "timeStamp": 38376,
    "rotation": [
      [
        0.188361838,
        -0.9780508,
        0.08908581
      ],
      [
        0.119302556,
        0.112825073,
        0.9864266
      ],
      [
        -0.974826455,
        -0.175176978,
        0.1379359
      ]
    ],
    "translation": [
      2.14671135,
      0.7404033,
      -0.775188863
    ]
  },
  {
    "timeStamp": 38422,
    "rotation": [
      [
        0.202124685,
        -0.975975156,
        0.0813516
      ],
      [
        0.114349328,
        0.106016316,
        0.9877676
      ],
      [
        -0.972661257,
        -0.190349728,
        0.133030623
      ]
    ],
    "translation": [
      2.14409518,
      0.7380297,
      -0.774834633
    ]
  },
  {
    "timeStamp": 38468,
    "rotation": [
      [
        0.1970449,
        -0.977211356,
        0.07893798
      ],
      [
        0.111090362,
        0.10225302,
        0.988535941
      ],
      [
        -0.9740802,
        -0.186016738,
        0.128707215
      ]
    ],
    "translation": [
      2.14261818,
      0.7350907,
      -0.7749036
    ]
  },
  {
    "timeStamp": 38525,
    "rotation": [
      [
        0.201717868,
        -0.977067769,
        0.06818031
      ],
      [
        0.109580085,
        0.09168766,
        0.989740133
      ],
      [
        -0.9732945,
        -0.192177057,
        0.125562191
      ]
    ],
    "translation": [
      2.140186,
      0.732295036,
      -0.774664462
    ]
  },
  {
    "timeStamp": 38570,
    "rotation": [
      [
        0.199799,
        -0.9775577,
        0.0667925254
      ],
      [
        0.105183765,
        0.08917125,
        0.9904468
      ],
      [
