[
  {
    "timeStamp": 22812,
    "rotation": [
      [
        -0.9999619,
        0.000380436279,
        -0.008720752
      ],
      [
        -0.00872074347,
        2.38359662E-05,
        0.999962
      ],
      [
        0.000380629674,
        0.99999994,
        -2.05173728E-05
      ]
    ],
    "translation": [
      1.77004218,
      0.70207727,
      -0.7499864
    ]
  },
  {
    "timeStamp": 22856,
    "rotation": [
      [
        -0.999915063,
        -0.0126014389,
        -0.00332568446
      ],
      [
        -0.00318803429,
        -0.010927761,
        0.9999352
      ],
      [
        -0.0126369642,
        0.9998609,
        0.0108866589
      ]
    ],
    "translation": [
      1.76965129,
      0.709584355,
      -0.753792
    ]
  },
  {
    "timeStamp": 22912,
    "rotation": [
      [
        -0.996186852,
        0.04231588,
        0.0762962848
      ],
      [
        0.0752836,
        -0.025032077,
        0.9968479
      ],
      [
        0.04409235,
        0.9987906,
        0.0217509363
      ]
    ],
    "translation": [
      1.76042271,
      0.7389548,
      -0.7518551
    ]
  },
  {
    "timeStamp": 22958,
    "rotation": [
      [
        -0.9767452,
        0.1320917,
        0.168880761
      ],
      [
        0.16587992,
        -0.03348168,
        0.9855774
      ],
      [
        0.135841012,
        0.990671933,
        0.01079171
      ]
    ],
    "translation": [
      1.76039875,
      0.7749969,
      -0.7436288
    ]
  },
  {
    "timeStamp": 23003,
    "rotation": [
      [
        -0.938876867,
        0.24176982,
        0.245066509
      ],
      [
        0.249974236,
        -0.0106583238,
        0.9681938
      ],
      [
        0.236692041,
        0.9702751,
        -0.05042937
      ]
    ],
    "translation": [
      1.76794279,
      0.819966555,
      -0.71900034
    ]
  },
  {
    "timeStamp": 23060,
    "rotation": [
      [
        -0.859911,
        0.43706587,
        0.26367864
      ],
      [
        0.325581372,
        0.0717944652,
        0.942784369
      ],
      [
        0.393128216,
        0.896559536,
        -0.204037368
      ]
    ],
    "translation": [
      1.80987847,
      0.8719622,
      -0.680131137
    ]
  },
  {
    "timeStamp": 23106,
    "rotation": [
      [
        -0.7460454,
        0.629129231,
        0.218203
      ],
      [
        0.380898565,
        0.1344022,
        0.9147963
      ],
      [
        0.5461981,
        0.7655928,
        -0.339904577
      ]
    ],
    "translation": [
      1.86911678,
      0.914872468,
      -0.6425134
    ]
  },
  {
    "timeStamp": 23161,
    "rotation": [
      [
        -0.541739941,
        0.824889243,
        0.161479592
      ],
      [
        0.461146623,
        0.131058022,
        0.8775919
      ],
      [
        0.7027529,
        0.549892366,
        -0.45139423
      ]
    ],
    "translation": [
      1.95152569,
      0.960971951,
      -0.619830549
    ]
  },
  {
    "timeStamp": 23206,
    "rotation": [
      [
        -0.385364383,
        0.9217862,
        0.04247897
      ],
      [
        0.4600835,
        0.152031779,
        0.874762535
      ],
      [
        0.799885869,
        0.3566462,
        -0.4826863
      ]
    ],
    "translation": [
      2.02670455,
      0.9801619,
      -0.6218459
    ]
  },
  {
    "timeStamp": 23257,
    "rotation": [
      [
        -0.295277566,
        0.954013765,
        -0.0516614579
      ],
      [
        0.4058394,
        0.17419605,
        0.8971901
      ],
      [
        0.8649309,
        0.243953854,
        -0.4386126
      ]
    ],
    "translation": [
      2.08824039,
      0.9764115,
      -0.642332435
    ]
  },
  {
    "timeStamp": 23312,
    "rotation": [
      [
        -0.1749058,
        0.973632336,
        -0.146451563
      ],
      [
        0.30000788,
        0.194372937,
        0.9339242
      ],
      [
        0.937765,
        0.119412132,
        -0.326094329
      ]
    ],
    "translation": [
      2.151507,
      0.954207659,
      -0.68526274
    ]
  },
  {
    "timeStamp": 23356,
    "rotation": [
      [
        -0.144719511,
        0.983065069,
        -0.112425171
      ],
      [
        0.247751862,
        0.146003291,
        0.957758844
      ],
      [
        0.9579537,
        0.110752828,
        -0.26468572
      ]
    ],
    "translation": [
      2.161861,
      0.929038048,
      -0.7095614
    ]
  },
  {
    "timeStamp": 23412,
    "rotation": [
      [
        -0.150776476,
        0.984098136,
        -0.09390095
      ],
      [
        0.137327552,
        0.114916392,
        0.983837068
      ],
      [
        0.978983,
        0.135444313,
        -0.152470469
      ]
    ],
    "translation": [
      2.16423726,
      0.8898113,
      -0.74219
    ]
  },
  {
    "timeStamp": 23456,
    "rotation": [
      [
        -0.110771634,
        0.990363,
        -0.08313103
      ],
      [
        0.124565572,
        0.0968213,
        0.9874761
      ],
      [
        0.986008644,
        0.09902909,
        -0.134090185
      ]
    ],
    "translation": [
      2.16773987,
      0.869902134,
      -0.75421685
    ]
  },
  {
    "timeStamp": 23511,
    "rotation": [
      [
        -0.077269,
        0.995416343,
        -0.05635418
      ],
      [
        0.0950230062,
        0.0636184439,
        0.993440151
      ],
      [
        0.9924717,
        0.07140719,
        -0.09950319
      ]
    ],
    "translation": [
      2.164232,
      0.8447602,
      -0.765246153
    ]
  },
  {
    "timeStamp": 23556,
    "rotation": [
      [
        -0.0719967261,
        0.995761037,
        -0.057240583
      ],
      [
        0.054976508,
        0.06126416,
        0.9966064
      ],
      [
        0.9958886,
        0.0686055347,
        -0.0591542833
      ]
    ],
    "translation": [
      2.16397,
      0.8240577,
      -0.7770368
    ]
  },
  {
    "timeStamp": 23611,
    "rotation": [
      [
        -0.0571826,
        0.9969981,
        -0.0522016473
      ],
      [
        0.028654132,
        0.0539046228,
        0.998134851
      ],
      [
        0.997952461,
        0.055580128,
        -0.0316505171
      ]
    ],
    "translation": [
      2.16142917,
      0.8053341,
      -0.7865857
    ]
  },
  {
    "timeStamp": 23656,
    "rotation": [
      [
        -0.0368840024,
        0.9974658,
        -0.0608403
      ],
      [
        0.00235070335,
        0.06096816,
        0.998136938
      ],
      [
        0.9993168,
        0.0366722681,
        -0.00459349575
      ]
    ],
    "translation": [
      2.16554236,
      0.7912117,
      -0.7941964
    ]
  },
  {
    "timeStamp": 23712,
    "rotation": [
      [
        -0.0319054164,
        0.9979868,
        -0.0548125319
      ],
      [
        -0.023381345,
        0.0540801957,
        0.9982628
      ],
      [
        0.9992174,
        0.0331315733,
        0.021608822
      ]
    ],
    "translation": [
      2.16415977,
      0.774110436,
      -0.802265346
    ]
  },
  {
    "timeStamp": 23758,
    "rotation": [
      [
        -0.0236039925,
        0.998463869,
        -0.0501261167
      ],
      [
        -0.0172559228,
        0.0497257076,
        0.998613834
      ],
      [
        0.9995724,
        0.0244362447,
        0.016055692
      ]
    ],
    "translation": [
      2.1632576,
      0.763621,
      -0.800742745
    ]
  },
  {
    "timeStamp": 23803,
    "rotation": [
      [
        -0.0101289926,
        0.9980477,
        -0.06162892
      ],
      [
        -0.0253830627,
        0.06135559,
        0.997793138
      ],
      [
        0.999626458,
        0.0116709862,
        0.0247120373
      ]
    ],
    "translation": [
      2.16894364,
      0.753610849,
      -0.8020227
    ]
  },
  {
    "timeStamp": 23860,
    "rotation": [
      [
        0.006922559,
        0.9988485,
        -0.047473833
      ],
      [
        -0.02706517,
        0.04764473,
        0.9984976
      ],
      [
        0.9996097,
        -0.005627276,
        0.02736383
      ]
    ],
    "translation": [
      2.168192,
      0.7417659,
      -0.798590958
    ]
  },
  {
    "timeStamp": 23905,
    "rotation": [
      [
        0.0117575452,
        0.9967787,
        -0.0793344453
      ],
      [
        -0.04531037,
        0.07978953,
        0.9957814
      ],
      [
        0.998903751,
        -0.008113288,
        0.0461025424
      ]
    ],
    "translation": [
      2.17676687,
      0.7342142,
      -0.7995032
    ]
  },
  {
    "timeStamp": 23961,
    "rotation": [
      [
        0.0235692635,
        0.997114,
        -0.0721675754
      ],
      [
        -0.0434065871,
        0.07314023,
        0.996376634
      ],
      [
        0.9987794,
        -0.0203513242,
        0.0450051762
      ]
    ],
    "translation": [
      2.179851,
      0.7255823,
      -0.7969901
    ]
  }
]