[
  {
    "timeStamp": 28779,
    "rotation": [
      [
        0.999653757,
        0.006011434,
        0.02561666
      ],
      [
        -0.0258059558,
        0.0338673741,
        0.9990931
      ],
      [
        0.005138413,
        -0.999408245,
        0.03401078
      ]
    ],
    "translation": [
      1.61622715,
      0.706930339,
      -0.7498791
    ]
  },
  {
    "timeStamp": 28834,
    "rotation": [
      [
        0.9995789,
        0.00557121,
        0.0284779221
      ],
      [
        -0.0286710765,
        0.0383703969,
        0.9988522
      ],
      [
        0.004472117,
        -0.9992481,
        0.0385139734
      ]
    ],
    "translation": [
      1.61621,
      0.7071222,
      -0.7498616
    ]
  },
  {
    "timeStamp": 28879,
    "rotation": [
      [
        0.999708951,
        0.009002595,
        0.0223813448
      ],
      [
        -0.022670636,
        0.0334303342,
        0.9991839
      ],
      [
        0.008247031,
        -0.9994005,
        0.0336247
      ]
    ],
    "translation": [
      1.61644709,
      0.7062745,
      -0.749875069
    ]
  },
  {
    "timeStamp": 28934,
    "rotation": [
      [
        0.999732256,
        0.0123986052,
        0.0195363481
      ],
      [
        -0.0198044,
        0.0218782164,
        0.999564469
      ],
      [
        0.0119657842,
        -0.9996838,
        0.0221179072
      ]
    ],
    "translation": [
      1.61663914,
      0.7053183,
      -0.749954343
    ]
  },
  {
    "timeStamp": 28979,
    "rotation": [
      [
        0.9996825,
        0.01317652,
        0.0214783065
      ],
      [
        -0.0217267778,
        0.0190132037,
        0.9995831
      ],
      [
        0.0127626462,
        -0.9997324,
        0.01929345
      ]
    ],
    "translation": [
      1.61672235,
      0.70519495,
      -0.7499457
    ]
  },
  {
    "timeStamp": 29034,
    "rotation": [
      [
        0.9993312,
        0.016210733,
        0.0327789821
      ],
      [
        -0.03291288,
        0.008063107,
        0.9994257
      ],
      [
        0.0159371272,
        -0.9998361,
        0.008591256
      ]
    ],
    "translation": [
      1.6167891,
      0.7060839,
      -0.749976754
    ]
  },
  {
    "timeStamp": 29079,
    "rotation": [
      [
        0.999254465,
        0.0372682363,
        0.010079544
      ],
      [
        -0.0113954693,
        0.0352674164,
        0.999312937
      ],
      [
        0.03688715,
        -0.9986828,
        0.0356658138
      ]
    ],
    "translation": [
      1.62557566,
      0.7119025,
      -0.756935239
    ]
  },
  {
    "timeStamp": 29134,
    "rotation": [
      [
        0.998776,
        0.04941335,
        0.00216981326
      ],
      [
        -0.00319419731,
        0.020661395,
        0.9997814
      ],
      [
        0.04935772,
        -0.998564661,
        0.0207939427
      ]
    ],
    "translation": [
      1.63319635,
      0.728716731,
      -0.752174556
    ]
  },
  {
    "timeStamp": 29179,
    "rotation": [
      [
        0.998379,
        0.0569129474,
        -0.000628512236
      ],
      [
        -0.000289150077,
        0.0161142945,
        0.9998701
      ],
      [
        0.05691568,
        -0.9982491,
        0.0161046274
      ]
    ],
    "translation": [
      1.63913012,
      0.745759249,
      -0.748900533
    ]
  },
  {
    "timeStamp": 29234,
    "rotation": [
      [
        0.9971518,
        0.07442242,
        -0.0122301811
      ],
      [
        0.0117441155,
        0.00696531124,
        0.9999068
      ],
      [
        0.0745006651,
        -0.997202456,
        0.00607144739
      ]
    ],
    "translation": [
      1.6493758,
      0.7682886,
      -0.74566555
    ]
  },
  {
    "timeStamp": 29279,
    "rotation": [
      [
        0.99695605,
        0.07552229,
        -0.0193660166
      ],
      [
        0.0188419,
        0.007646304,
        0.999793231
      ],
      [
        0.07565475,
        -0.9971148,
        0.006200046
      ]
    ],
    "translation": [
      1.6577059,
      0.7867162,
      -0.742872
    ]
  },
  {
    "timeStamp": 29334,
    "rotation": [
      [
        0.9973051,
        0.0725369155,
        -0.0109962523
      ],
      [
        0.009969534,
        0.01450133,
        0.999845147
      ],
      [
        0.07268514,
        -0.9972603,
        0.0137390923
      ]
    ],
    "translation": [
      1.66561854,
      0.8133393,
      -0.7404461
    ]
  },
  {
    "timeStamp": 29378,
    "rotation": [
      [
        0.997623444,
        0.0681382343,
        -0.0102316393
      ],
      [
        0.0101564024,
        0.001450529,
        0.999947369
      ],
      [
        0.06814949,
        -0.9976748,
        0.000755042362
      ]
    ],
    "translation": [
      1.67428017,
      0.835802555,
      -0.733738542
    ]
  },
  {
    "timeStamp": 29434,
    "rotation": [
      [
        0.9978034,
        0.06608639,
        0.00457721949
      ],
      [
        -0.00416138256,
        -0.00642860541,
        0.9999707
      ],
      [
        0.06611388,
        -0.9977932,
        -0.006139474
      ]
    ],
    "translation": [
      1.68551731,
      0.867547452,
      -0.726399
    ]
  },
  {
    "timeStamp": 29479,
    "rotation": [
      [
        0.99817127,
        0.0572724,
        0.01933595
      ],
      [
        -0.0184914842,
        -0.0152381966,
        0.9997129
      ],
      [
        0.05755061,
        -0.998242259,
        -0.0141512789
      ]
    ],
    "translation": [
      1.695138,
      0.895378768,
      -0.7193269
    ]
  },
  {
    "timeStamp": 29535,
    "rotation": [
      [
        0.997835636,
        0.0614137575,
        0.0235022064
      ],
      [
        -0.0214460976,
        -0.033927042,
        0.9991942
      ],
      [
        0.0621616133,
        -0.9975356,
        -0.03253653
      ]
    ],
    "translation": [
      1.71218872,
      0.9275872,
      -0.7111995
    ]
  },
  {
    "timeStamp": 29578,
    "rotation": [
      [
        0.9975978,
        0.0662552938,
        0.0202199966
      ],
      [
        -0.0164725948,
        -0.0566261224,
        0.998259544
      ],
      [
        0.067284964,
        -0.9961946,
        -0.0553987
      ]
    ],
    "translation": [
      1.731082,
      0.9517457,
      -0.7035813
    ]
  },
  {
    "timeStamp": 29635,
    "rotation": [
      [
        0.9974391,
        0.0666445643,
        0.025955731
      ],
      [
        -0.0214993041,
        -0.06673623,
        0.997539
      ],
      [
        0.068212755,
        -0.9955424,
        -0.0651325062
      ]
    ],
    "translation": [
      1.75558829,
      0.980674267,
      -0.699248
    ]
  },
  {
    "timeStamp": 29679,
    "rotation": [
      [
        0.997377634,
        0.06736371,
        0.0264571682
      ],
      [
        -0.02169505,
        -0.0704681352,
        0.9972781
      ],
      [
        0.06904473,
        -0.9952369,
        -0.0688218847
      ]
    ],
    "translation": [
      1.77719569,
      0.999526,
      -0.695961237
    ]
  },
  {
    "timeStamp": 29734,
    "rotation": [
      [
        0.9967585,
        0.07399001,
        0.0315902419
      ],
      [
        -0.0255716573,
        -0.08092313,
        0.99639225
      ],
      [
        0.07627946,
        -0.9939703,
        -0.0787687749
      ]
    ],
    "translation": [
      1.807698,
      1.01946568,
      -0.692209244
    ]
  },
  {
    "timeStamp": 29779,
    "rotation": [
      [
        0.9969602,
        0.072197184,
        0.0292889439
      ],
      [
        -0.0228708424,
        -0.08817318,
        0.9958426
      ],
      [
        0.07447953,
        -0.993485332,
        -0.08625395
      ]
    ],
    "translation": [
      1.8335191,
      1.02984977,
      -0.687580645
    ]
  },
  {
    "timeStamp": 29834,
    "rotation": [
      [
        0.996637762,
        0.0765316561,
        0.0292581264
      ],
      [
        -0.0219570752,
        -0.09455817,
        0.995277166
      ],
      [
        0.07893681,
        -0.992573261,
        -0.09255983
      ]
    ],
    "translation": [
      1.86702442,
      1.03750443,
      -0.682692468
    ]
  },
  {
    "timeStamp": 29878,
    "rotation": [
      [
        0.9960999,
        0.08408682,
        0.02672785
      ],
      [
        -0.0171409547,
        -0.112733595,
        0.9934774
      ],
      [
        0.08655148,
        -0.990060866,
        -0.110852607
      ]
    ],
    "translation": [
      1.89546049,
      1.03963614,
      -0.6761877
    ]
  },
  {
    "timeStamp": 29934,
    "rotation": [
      [
        0.996168256,
        0.08452389,
        0.0224596225
      ],
      [
        -0.0126824025,
        -0.114480481,
        0.993344545
      ],
      [
        0.0865325257,
        -0.989823163,
        -0.11296986
      ]
    ],
    "translation": [
      1.928709,
      1.03710139,
      -0.670515954
    ]
  },
  {
    "timeStamp": 29978,
    "rotation": [
      [
        0.994951248,
        0.09659768,
        0.0272184033
      ],
      [
        -0.01552466,
        -0.11980392,
        0.9926762
      ],
      [
        0.09915108,
        -0.988087,
        -0.117699414
      ]
    ],
    "translation": [
      1.954038,
      1.03459311,
      -0.6666764
    ]
  },
  {
    "timeStamp": 30034,
    "rotation": [
      [
        0.9917509,
        0.12585932,
        0.02428134
      ],
      [
        -0.00879972149,
        -0.122132286,
        0.9924748
      ],
      [
        0.127877742,
        -0.9845014,
        -0.120017283
      ]
    ],
    "translation": [
      1.98271585,
      1.02738214,
      -0.664344
    ]
  },
  {
    "timeStamp": 30078,
    "rotation": [
      [
        0.9850335,
        0.17024602,
        0.0269302391
      ],
      [
        -0.004715249,
        -0.129566938,
        0.991559446
      ],
      [
        0.172298327,
        -0.9768463,
        -0.12682502
      ]
    ],
    "translation": [
      2.00263858,
      1.02011657,
      -0.6639135
    ]
  },
  {
    "timeStamp": 30135,
    "rotation": [
      [
        0.9793388,
        0.199342623,
        0.03402777
      ],
      [
        -0.0113888606,
        -0.113631465,
        0.9934577
      ],
      [
        0.2019051,
        -0.973319232,
        -0.109013423
      ]
    ],
    "translation": [
      2.02175355,
      1.00827372,
      -0.664836347
    ]
  },
  {
    "timeStamp": 30178,
    "rotation": [
      [
        0.974258363,
        0.222724,
        0.034851
      ],
      [
        -0.009346191,
        -0.114556268,
        0.9933728
      ],
      [
        0.225240365,
        -0.9681275,
        -0.109525785
      ]
    ],
    "translation": [
      2.03637981,
      0.999268532,
      -0.660796165
    ]
  },
  {
    "timeStamp": 30234,
    "rotation": [
      [
        0.9686351,
        0.246061116,
        0.0346394964
      ],
      [
        -0.0110785263,
        -0.096498996,
        0.995271444
      ],
      [
        0.248240277,
        -0.9644386,
        -0.09074632
      ]
    ],
    "translation": [
      2.051794,
      0.9884449,
      -0.660230041
    ]
  },
  {
    "timeStamp": 30278,
    "rotation": [
      [
        0.96121186,
        0.273691624,
        0.03412646
      ],
      [
        -0.007856507,
        -0.09651128,
        0.9953009
      ],
      [
        0.2756991,
        -0.9569631,
        -0.09061753
      ]
    ],
    "translation": [
      2.06175447,
      0.9818674,
      -0.6576782
    ]
  },
  {
    "timeStamp": 30334,
    "rotation": [
      [
        0.9487571,
        0.314605385,
        0.0297230128
      ],
      [
        8.884406E-05,
        -0.09432384,
        0.9955416
      ],
      [
        0.316006333,
        -0.9445245,
        -0.08951836
      ]
    ],
    "translation": [
      2.07345963,
      0.9703175,
      -0.654485464
    ]
  },
  {
    "timeStamp": 30378,
    "rotation": [
      [
        0.944043934,
        0.328429669,
        0.0302492343
      ],
      [
        -0.00177666347,
        -0.08664919,
        0.9962373
      ],
      [
        0.32981497,
        -0.9405455,
        -0.08121713
      ]
    ],
    "translation": [
      2.07997155,
      0.9607385,
      -0.6536784
    ]
  },
  {
    "timeStamp": 30434,
    "rotation": [
      [
        0.9329411,
        0.3597612,
        0.0138844252
      ],
      [
        0.0212561078,
        -0.0935373157,
        0.995388865
      ],
      [
        0.359401017,
        -0.928344,
        -0.0949119255
      ]
    ],
    "translation": [
      2.09145617,
      0.9451652,
      -0.646960855
    ]
  },
  {
    "timeStamp": 30478,
    "rotation": [
      [
        0.9310521,
        0.364839733,
        0.005827577
      ],
      [
        0.0251021236,
        -0.07997608,
        0.996480644
      ],
      [
        0.3640218,
        -0.9276291,
        -0.08362015
      ]
    ],
    "translation": [
      2.09881353,
      0.934602737,
      -0.6453398
    ]
  },
  {
    "timeStamp": 30534,
    "rotation": [
      [
        0.926009536,
        0.377482027,
        -0.003689922
      ],
      [
        0.0347318,
        -0.07546005,
        0.996543765
      ],
      [
        0.375898927,
        -0.9229372,
        -0.08298735
      ]
    ],
    "translation": [
      2.108135,
      0.9249922,
      -0.6415712
    ]
  },
  {
    "timeStamp": 30578,
    "rotation": [
      [
        0.9257478,
        0.378055751,
        -0.008060197
      ],
      [
        0.0352762975,
        -0.0651197359,
        0.9972537
      ],
      [
        0.376492649,
        -0.923489749,
        -0.0736208558
      ]
    ],
    "translation": [
      2.11474347,
      0.9214196,
      -0.63910687
    ]
  },
  {
    "timeStamp": 30633,
    "rotation": [
      [
        0.9284733,
        0.371370316,
        0.004622311
      ],
      [
        0.02020776,
        -0.0629414,
        0.9978126
      ],
      [
        0.370848924,
        -0.926349,
        -0.06594397
      ]
    ],
    "translation": [
      2.11635566,
      0.915515065,
      -0.637556255
    ]
  },
  {
    "timeStamp": 30678,
    "rotation": [
      [
        0.9265893,
        0.375745028,
        0.015744606
      ],
      [
        0.0107358843,
        -0.06827691,
        0.997608662
      ],
      [
        0.3759215,
        -0.924204469,
        -0.06729861
      ]
    ],
    "translation": [
      2.11508942,
      0.909214735,
      -0.6364362
    ]
  },
  {
    "timeStamp": 30734,
    "rotation": [
      [
        0.924100161,
        0.381266952,
        0.02596955
      ],
      [
        0.00231092,
        -0.073530376,
        0.9972903
      ],
      [
        0.382143378,
        -0.921536148,
        -0.06883051
      ]
    ],
    "translation": [
      2.11171746,
      0.8981626,
      -0.6360451
    ]
  },
  {
    "timeStamp": 30778,
    "rotation": [
      [
        0.921753645,
        0.386820346,
        0.0272064712
      ],
      [
        0.00102529931,
        -0.0725912,
        0.997361243
      ],
      [
        0.3877746,
        -0.919293463,
        -0.067307815
      ]
    ],
    "translation": [
      2.10986567,
      0.8867811,
      -0.637296557
    ]
  },
  {
    "timeStamp": 30834,
    "rotation": [
      [
        0.916343451,
        0.400370449,
        0.00426212372
      ],
      [
        0.02604677,
        -0.0702298,
        0.9971907
      ],
      [
        0.399545044,
        -0.913658142,
        -0.074782975
      ]
    ],
    "translation": [
      2.11308646,
      0.869511,
      -0.6378461
    ]
  },
  {
    "timeStamp": 30878,
    "rotation": [
      [
        0.9085067,
        0.417841434,
        -0.00490855053
      ],
      [
        0.0412535779,
        -0.07799549,
        0.9960998
      ],
      [
        0.415828943,
        -0.905165851,
        -0.08809687
      ]
    ],
    "translation": [
      2.11496949,
      0.857581854,
      -0.6382362
    ]
  },
  {
    "timeStamp": 30933,
    "rotation": [
      [
        0.9016023,
        0.4321463,
        -0.0190478973
      ],
      [
        0.05688769,
        -0.07480448,
        0.995574236
      ],
      [
        0.428808838,
        -0.898695648,
        -0.09202769
      ]
    ],
    "translation": [
      2.11724544,
      0.8429622,
      -0.6405673
    ]
  },
  {
    "timeStamp": 30978,
    "rotation": [
      [
        0.900591433,
        0.434063256,
        -0.0228948779
      ],
      [
        0.0618690439,
        -0.07587336,
        0.995196164
      ],
      [
        0.430240959,
        -0.897681653,
        -0.09518597
      ]
    ],
    "translation": [
      2.11751962,
      0.832384,
      -0.6422705
    ]
  },
  {
    "timeStamp": 31033,
    "rotation": [
      [
        0.89452076,
        0.445707917,
        -0.03430878
      ],
      [
        0.08052415,
        -0.08516385,
        0.993107736
      ],
      [
        0.4397141,
        -0.891118169,
        -0.112071082
      ]
    ],
    "translation": [
      2.12038827,
      0.8196868,
      -0.641865
    ]
  },
  {
    "timeStamp": 31078,
    "rotation": [
      [
        0.891192436,
        0.4521065,
        -0.037090838
      ],
      [
        0.08382327,
        -0.08377053,
        0.992953241
      ],
      [
        0.4458135,
        -0.8880215,
        -0.112552717
      ]
    ],
    "translation": [
      2.12110829,
      0.8108955,
      -0.6435354
    ]
  },
  {
    "timeStamp": 31133,
    "rotation": [
      [
        0.8834417,
        0.466463953,
        -0.0440701321
      ],
      [
        0.109035306,
        -0.113200471,
        0.987571239
      ],
      [
        0.455677629,
        -0.8772668,
        -0.15086706
      ]
    ],
    "translation": [
      2.12332273,
      0.799558163,
      -0.63856405
    ]
  },
  {
    "timeStamp": 31178,
    "rotation": [
      [
        0.87488246,
        0.4813629,
        -0.0535762571
      ],
      [
        0.122375235,
        -0.112667814,
        0.98606807
      ],
      [
        0.46862027,
        -0.869250059,
        -0.15747799
      ]
    ],
    "translation": [
      2.12683868,
      0.7912333,
      -0.6373399
    ]
  },
  {
    "timeStamp": 31233,
    "rotation": [
      [
        0.8733248,
        0.484063059,
        -0.0546517819
      ],
      [
        0.133209243,
        -0.129391849,
        0.9826052
      ],
      [
        0.468571365,
        -0.8654136,
        -0.177482784
      ]
    ],
    "translation": [
      2.12803745,
      0.7830403,
      -0.6342265
    ]
  },
  {
    "timeStamp": 31278,
    "rotation": [
      [
        0.861664653,
        0.5041623,
        -0.05791756
      ],
      [
        0.146175966,
        -0.137284368,
        0.9796865
      ],
      [
        0.485969841,
        -0.852627337,
        -0.1919895
      ]
    ],
    "translation": [
      2.13059163,
      0.7767001,
      -0.6310893
    ]
  },
  {
    "timeStamp": 31333,
    "rotation": [
      [
        0.8646147,
        0.499028862,
        -0.0584086068
      ],
      [
        0.150725067,
        -0.146719471,
        0.9776274
      ],
      [
        0.4792946,
        -0.854074657,
        -0.20207198
      ]
    ],
    "translation": [
      2.130862,
      0.7678596,
      -0.62714684
    ]
  },
  {
    "timeStamp": 31378,
    "rotation": [
      [
        0.866344035,
        0.496386051,
        -0.0552164577
      ],
      [
        0.14338927,
        -0.141298085,
        0.979527652
      ],
      [
        0.478421867,
        -0.8565254,
        -0.193589181
      ]
    ],
    "translation": [
      2.12986016,
      0.76139164,
      -0.627589
    ]
  },
  {
    "timeStamp": 31433,
    "rotation": [
      [
        0.867883742,
        0.495003968,
        -0.041818846
      ],
      [
        0.136146083,
        -0.156052738,
        0.9783209
      ],
      [
        0.477746785,
        -0.8547623,
        -0.2028285
      ]
    ],
    "translation": [
      2.12627578,
      0.7540458,
      -0.626394153
    ]
  },
  {
    "timeStamp": 31478,
    "rotation": [
      [
        0.8732614,
        0.486148477,
        -0.0327755325
      ],
      [
        0.120302454,
        -0.149936169,
        0.9813493
      ],
      [
        0.472167224,
        -0.860917449,
        -0.189418331
      ]
    ],
    "translation": [
      2.122474,
      0.749108,
      -0.6286713
    ]
  },
  {
    "timeStamp": 31533,
    "rotation": [
      [
        0.874448061,
        0.484172672,
        -0.0302892867
      ],
      [
        0.1251685,
        -0.164858654,
        0.9783427
      ],
      [
        0.468693346,
        -0.85930115,
        -0.204763487
      ]
    ],
    "translation": [
      2.1210556,
      0.7420382,
      -0.6262943
    ]
  },
  {
    "timeStamp": 31577,
    "rotation": [
      [
        0.8758779,
        0.48229748,
        -0.0150686912
      ],
      [
        0.106371194,
        -0.162527263,
        0.980953634
      ],
      [
        0.4706624,
        -0.8607985,
        -0.193656608
      ]
    ],
    "translation": [
      2.11761618,
      0.738445759,
      -0.6284577
    ]
  },
  {
    "timeStamp": 31633,
    "rotation": [
      [
        0.88503015,
        0.46546,
        -0.008282978
      ],
      [
        0.09540044,
        -0.163923055,
        0.981849253
      ],
      [
        0.4556538,
        -0.8697564,
        -0.189481929
      ]
    ],
    "translation": [
      2.11506367,
      0.7341094,
      -0.6277733
    ]
  },
  {
    "timeStamp": 31677,
    "rotation": [
      [
        0.889275968,
        0.4573699,
        -0.00101008
      ],
      [
        0.08302169,
        -0.15924865,
        0.983741462
      ],
      [
        0.449772865,
        -0.874901533,
        -0.179587632
      ]
    ],
    "translation": [
      2.1140244,
      0.7307845,
      -0.6279868
    ]
  },
  {
    "timeStamp": 31733,
    "rotation": [
      [
        0.8982297,
        0.439490139,
        0.00564395264
      ],
      [
        0.0714793056,
        -0.15873532,
        0.9847303
      ],
      [
        0.43367514,
        -0.8841106,
        -0.173995227
      ]
    ],
    "translation": [
      2.11324835,
      0.727257,
      -0.627990663
    ]
  },
  {
    "timeStamp": 31777,
    "rotation": [
      [
        0.904746354,
        0.425768435,
        0.0124597009
      ],
      [
        0.0601928681,
        -0.156756729,
        0.9858013
      ],
      [
        0.421676219,
        -0.8911501,
        -0.1674533
      ]
    ],
    "translation": [
      2.11283326,
      0.7263484,
      -0.628110051
    ]
  },
  {
    "timeStamp": 31833,
    "rotation": [
      [
        0.9110686,
        0.4116522,
        0.0222799685
      ],
      [
        0.04984967,
        -0.163652673,
        0.985257745
      ],
      [
        0.4092297,
        -0.896526754,
        -0.169619545
      ]
    ],
    "translation": [
      2.11146283,
      0.7261981,
      -0.6259357
    ]
  },
  {
    "timeStamp": 31877,
    "rotation": [
      [
        0.9158907,
        0.400598,
        0.02579831
      ],
      [
        0.04768779,
        -0.172389984,
        0.9838738
      ],
      [
        0.39858523,
        -0.899890542,
        -0.176994011
      ]
    ],
    "translation": [
      2.111982,
      0.7263323,
      -0.62315315
    ]
  },
  {
    "timeStamp": 31933,
    "rotation": [
      [
        0.917442441,
        0.396983743,
        0.0265183989
      ],
      [
        0.04712914,
        -0.174615055,
        0.9835082
      ],
      [
        0.395067275,
        -0.9010624,
        -0.178908765
      ]
    ],
    "translation": [
      2.11247444,
      0.725474656,
      -0.620840967
    ]
  },
  {
    "timeStamp": 31977,
    "rotation": [
      [
        0.917108953,
        0.398478538,
        0.0112236831
      ],
      [
        0.06371402,
        -0.174316511,
        0.9826262
      ],
      [
        0.393511921,
        -0.9004602,
        -0.1852559
      ]
    ],
    "translation": [
      2.116183,
      0.724151731,
      -0.617505431
    ]
  }
]