[
  {
    "timeStamp": 37998,
    "rotation": [
      [
        0.9990573,
        -0.0261159558,
        0.03467686
      ],
      [
        -0.034792807,
        -0.00399823627,
        0.999386549
      ],
      [
        -0.0259612873,
        -0.999650955,
        -0.0049031144
      ]
    ],
    "translation": [
      1.60949719,
      0.7062084,
      -0.622358143
    ]
  },
  {
    "timeStamp": 38042,
    "rotation": [
      [
        0.9993749,
        -0.025996035,
        0.0239588171
      ],
      [
        -0.023542963,
        0.0161866471,
        0.999591768
      ],
      [
        -0.026373243,
        -0.999531031,
        0.015564505
      ]
    ],
    "translation": [
      1.61261988,
      0.7063732,
      -0.6211057
    ]
  },
  {
    "timeStamp": 38097,
    "rotation": [
      [
        0.998837,
        -0.005123679,
        0.0479402356
      ],
      [
        -0.04803664,
        -0.0207258333,
        0.9986305
      ],
      [
        -0.00412306143,
        -0.999772,
        -0.020947855
      ]
    ],
    "translation": [
      1.60960472,
      0.707443655,
      -0.6213609
    ]
  },
  {
    "timeStamp": 38144,
    "rotation": [
      [
        0.9985004,
        0.005867972,
        0.05442792
      ],
      [
        -0.0541055277,
        -0.04554281,
        0.997496068
      ],
      [
        0.008332098,
        -0.998945057,
        -0.0451570265
      ]
    ],
    "translation": [
      1.6068598,
      0.7120831,
      -0.623976231
    ]
  },
  {
    "timeStamp": 38197,
    "rotation": [
      [
        0.998639643,
        0.0237945318,
        0.04639635
      ],
      [
        -0.0451459438,
        -0.0506388657,
        0.9976961
      ],
      [
        0.02608919,
        -0.99843353,
        -0.0494957529
      ]
    ],
    "translation": [
      1.60624921,
      0.723014057,
      -0.627090335
    ]
  },
  {
    "timeStamp": 38241,
    "rotation": [
      [
        0.9989787,
        0.0323463939,
        0.0315485969
      ],
      [
        -0.029716922,
        -0.0556237139,
        0.998009443
      ],
      [
        0.0340368822,
        -0.997927666,
        -0.0546056665
      ]
    ],
    "translation": [
      1.60687852,
      0.734882951,
      -0.628062069
    ]
  },
  {
    "timeStamp": 38297,
    "rotation": [
      [
        0.998577654,
        0.04783679,
        0.023543749
      ],
      [
        -0.0208147541,
        -0.0567665063,
        0.9981705
      ],
      [
        0.04908576,
        -0.997240841,
        -0.0556900539
      ]
    ],
    "translation": [
      1.60888636,
      0.7559485,
      -0.632078648
    ]
  },
  {
    "timeStamp": 38341,
    "rotation": [
      [
        0.997988462,
        0.06040948,
        0.0192307644
      ],
      [
        -0.0156180123,
        -0.059717413,
        0.9980931
      ],
      [
        0.061442703,
        -0.996385753,
        -0.0586538129
      ]
    ],
    "translation": [
      1.610975,
      0.776918054,
      -0.637037
    ]
  },
  {
    "timeStamp": 38397,
    "rotation": [
      [
        0.9967755,
        0.0787344053,
        0.0154750738
      ],
      [
        -0.0106248194,
        -0.0616528429,
        0.9980411
      ],
      [
        0.07953426,
        -0.9949873,
        -0.0606175028
      ]
    ],
    "translation": [
      1.61482263,
      0.8065603,
      -0.645186841
    ]
  },
  {
    "timeStamp": 38441,
    "rotation": [
      [
        0.9962769,
        0.0828928947,
        0.0236862581
      ],
      [
        -0.01905687,
        -0.0562001765,
        0.9982376
      ],
      [
        0.08407799,
        -0.994972467,
        -0.05441126
      ]
    ],
    "translation": [
      1.6195873,
      0.8329514,
      -0.6527344
    ]
  },
  {
    "timeStamp": 38497,
    "rotation": [
      [
        0.994052768,
        0.1086226,
        0.00775840972
      ],
      [
        -0.000389444554,
        -0.067697525,
        0.9977058
      ],
      [
        0.108898625,
        -0.9917753,
        -0.06725261
      ]
    ],
    "translation": [
      1.62814426,
      0.8666735,
      -0.663614
    ]
  },
  {
    "timeStamp": 38544,
    "rotation": [
      [
        0.9937156,
        0.110592633,
        0.0172816813
      ],
      [
        -0.0104406318,
        -0.06214086,
        0.9980128
      ],
      [
        0.111446761,
        -0.991921246,
        -0.06059568
      ]
    ],
    "translation": [
      1.63657427,
      0.8951101,
      -0.67300576
    ]
  },
  {
    "timeStamp": 38597,
    "rotation": [
      [
        0.992454946,
        0.120811254,
        0.02092378
      ],
      [
        -0.0110448245,
        -0.0818696,
        0.996581852
      ],
      [
        0.12211132,
        -0.9892937,
        -0.07991755
      ]
    ],
    "translation": [
      1.64941943,
      0.93054837,
      -0.683514655
    ]
  },
  {
    "timeStamp": 38641,
    "rotation": [
      [
        0.993886054,
        0.104061089,
        0.036903
      ],
      [
        -0.028823249,
        -0.07810658,
        0.996528268
      ],
      [
        0.10658218,
        -0.9914992,
        -0.07462967
      ]
    ],
    "translation": [
      1.66287041,
      0.955883265,
      -0.692475438
    ]
  },
  {
    "timeStamp": 38697,
    "rotation": [
      [
        0.992914259,
        0.117428064,
        0.0182182342
      ],
      [
        -0.007073472,
        -0.0946338,
        0.995487034
      ],
      [
        0.118622169,
        -0.988562167,
        -0.09313263
      ]
    ],
    "translation": [
      1.68343484,
      0.9834832,
      -0.7047516
    ]
  },
  {
    "timeStamp": 38741,
    "rotation": [
      [
        0.993672252,
        0.109258115,
        0.0260392744
      ],
      [
        -0.0148727307,
        -0.101800062,
        0.9946937
      ],
      [
        0.111329153,
        -0.9887868,
        -0.0995309353
      ]
    ],
    "translation": [
      1.700106,
      1.00261378,
      -0.713531
    ]
  },
  {
    "timeStamp": 38797,
    "rotation": [
      [
        0.994307458,
        0.09700422,
        0.04407845
      ],
      [
        -0.0333517827,
        -0.109547511,
        0.993421853
      ],
      [
        0.101194806,
        -0.9892369,
        -0.105688639
      ]
    ],
    "translation": [
      1.72280276,
      1.02278149,
      -0.726064146
    ]
  },
  {
    "timeStamp": 38841,
    "rotation": [
      [
        0.994952261,
        0.09381328,
        0.03562428
      ],
      [
        -0.0251711961,
        -0.110339,
        0.9935752
      ],
      [
        0.0971412957,
        -0.989456654,
        -0.107420638
      ]
    ],
    "translation": [
      1.74030769,
      1.03106177,
      -0.7364343
    ]
  },
  {
    "timeStamp": 38897,
    "rotation": [
      [
        0.9963283,
        0.07433448,
        0.04247799
      ],
      [
        -0.0345027931,
        -0.105463296,
        0.9938245
      ],
      [
        0.0783552751,
        -0.991641045,
        -0.102511317
      ]
    ],
    "translation": [
      1.76497638,
      1.03900814,
      -0.7484834
    ]
  },
  {
    "timeStamp": 38941,
    "rotation": [
      [
        0.9969365,
        0.0604698658,
        0.04960904
      ],
      [
        -0.04256891,
        -0.1126133,
        0.9927266
      ],
      [
        0.0656166747,
        -0.9917972,
        -0.109694168
      ]
    ],
    "translation": [
      1.78558993,
      1.04424894,
      -0.756524
    ]
  },
  {
    "timeStamp": 38997,
    "rotation": [
      [
        0.997059762,
        0.0452637374,
        0.0618295521
      ],
      [
        -0.0559560172,
        -0.121175334,
        0.9910527
      ],
      [
        0.05235098,
        -0.9915985,
        -0.118286282
      ]
    ],
    "translation": [
      1.81282067,
      1.05147636,
      -0.764802933
    ]
  },
  {
    "timeStamp": 39041,
    "rotation": [
      [
        0.9979974,
        0.05627291,
        0.02888782
      ],
      [
        -0.0200089738,
        -0.152393922,
        0.9881173
      ],
      [
        0.06000656,
        -0.9867165,
        -0.15096277
      ]
    ],
    "translation": [
      1.83810115,
      1.0559727,
      -0.770869434
    ]
  },
  {
    "timeStamp": 39096,
    "rotation": [
      [
        0.998554647,
        0.0439001136,
        0.0310053974
      ],
      [
        -0.0234365016,
        -0.163484454,
        0.9862675
      ],
      [
        0.048366148,
        -0.9855687,
        -0.1622193
      ]
    ],
    "translation": [
      1.87165987,
      1.06219363,
      -0.775829732
    ]
  },
  {
    "timeStamp": 39141,
    "rotation": [
      [
        0.998884559,
        0.0437562279,
        0.0177494884
      ],
      [
        -0.009991694,
        -0.171518609,
        0.9851302
      ],
      [
        0.0461499542,
        -0.9842087,
        -0.1708901
      ]
    ],
    "translation": [
      1.90230012,
      1.06469357,
      -0.779290855
    ]
  },
  {
    "timeStamp": 39197,
    "rotation": [
      [
        0.9990465,
        0.0386751927,
        0.0202576984
      ],
      [
        -0.0133745847,
        -0.170577928,
        0.9852534
      ],
      [
        0.0415603854,
        -0.984584868,
        -0.169898
      ]
    ],
    "translation": [
      1.94096136,
      1.06461108,
      -0.7815005
    ]
  },
  {
    "timeStamp": 39241,
    "rotation": [
      [
        0.9997715,
        0.0207605027,
        0.00510844076
      ],
      [
        -0.00168269151,
        -0.161789179,
        0.9868239
      ],
      [
        0.0213134512,
        -0.986607,
        -0.161717266
      ]
    ],
    "translation": [
      1.97524357,
      1.05989408,
      -0.77970016
    ]
  },
  {
    "timeStamp": 39296,
    "rotation": [
      [
        0.99999994,
        -0.000403306942,
        0.000247255142
      ],
      [
        -0.000305394438,
        -0.151205271,
        0.9885023
      ],
      [
        -0.0003612835,
        -0.9885023,
        -0.151205391
      ]
    ],
    "translation": [
      2.01550126,
      1.05316293,
      -0.7756982
    ]
  },
  {
    "timeStamp": 39341,
    "rotation": [
      [
        0.9999154,
        -0.0128535843,
        -0.00198280835
      ],
      [
        0.00017834254,
        -0.138892189,
        0.9903075
      ],
      [
        -0.013004397,
        -0.990224063,
        -0.138878152
      ]
    ],
    "translation": [
      2.0413878,
      1.04587352,
      -0.7704896
    ]
  },
  {
    "timeStamp": 39397,
    "rotation": [
      [
        0.999658,
        -0.0218407586,
        -0.014385
      ],
      [
        0.0116837183,
        -0.11912822,
        0.99281013
      ],
      [
        -0.0233973861,
        -0.992638648,
        -0.1188323
      ]
    ],
    "translation": [
      2.06919074,
      1.03113079,
      -0.7628373
    ]
  },
  {
    "timeStamp": 39441,
    "rotation": [
      [
        0.9994661,
        -0.03249992,
        -0.0033422322
      ],
      [
        0.00025629,
        -0.0944963247,
        0.9955252
      ],
      [
        -0.03267032,
        -0.9949946,
        -0.0944375545
      ]
    ],
    "translation": [
      2.08436561,
      1.01777363,
      -0.7567556
    ]
  },
  {
    "timeStamp": 39496,
    "rotation": [
      [
        0.999483347,
        -0.0319242477,
        -0.00372929685
      ],
      [
        0.00129530148,
        -0.0759265,
        0.9971126
      ],
      [
        -0.0321152247,
        -0.996602237,
        -0.07584592
      ]
    ],
    "translation": [
      2.09738374,
      0.997496247,
      -0.7481119
    ]
  },
  {
    "timeStamp": 39541,
    "rotation": [
      [
        0.999248147,
        -0.03649949,
        0.0130741093
      ],
      [
        -0.015655227,
        -0.07135105,
        0.9973284
      ],
      [
        -0.035469126,
        -0.996783257,
        -0.0718688145
      ]
    ],
    "translation": [
      2.10341144,
      0.9818392,
      -0.740816653
    ]
  },
  {
    "timeStamp": 39596,
    "rotation": [
      [
        0.9991381,
        -0.0394051,
        0.0130465813
      ],
      [
        -0.0152660655,
        -0.0565595366,
        0.9982825
      ],
      [
        -0.038599506,
        -0.9976213,
        -0.0571123548
      ]
    ],
    "translation": [
      2.10821176,
      0.958029866,
      -0.7336847
    ]
  },
  {
    "timeStamp": 39641,
    "rotation": [
      [
        0.998420358,
        -0.05301881,
        0.0185961276
      ],
      [
        -0.0207274985,
        -0.0399379656,
        0.998987138
      ],
      [
        -0.0522224046,
        -0.9977945,
        -0.0409738235
      ]
    ],
    "translation": [
      2.11135745,
      0.937313259,
      -0.729147434
    ]
  },
  {
    "timeStamp": 39696,
    "rotation": [
      [
        0.997992754,
        -0.05604719,
        0.029481547
      ],
      [
        -0.0309141949,
        -0.0248685274,
        0.9992126
      ],
      [
        -0.0552698933,
        -0.9981184,
        -0.0265512653
      ]
    ],
    "translation": [
      2.111081,
      0.912917137,
      -0.7261531
    ]
  },
  {
    "timeStamp": 39740,
    "rotation": [
      [
        0.998417139,
        -0.0505733155,
        0.024608627
      ],
      [
        -0.0250416361,
        -0.0079462,
        0.9996548
      ],
      [
        -0.0503603145,
        -0.998688757,
        -0.009200061
      ]
    ],
    "translation": [
      2.109639,
      0.892023563,
      -0.725530267
    ]
  },
  {
    "timeStamp": 39796,
    "rotation": [
      [
        0.9987054,
        -0.0473908037,
        0.01848498
      ],
      [
        -0.0181117561,
        0.008292803,
        0.9998016
      ],
      [
        -0.047534693,
        -0.998842061,
        0.007423735
      ]
    ],
    "translation": [
      2.10782266,
      0.8690645,
      -0.7249358
    ]
  },
  {
    "timeStamp": 39841,
    "rotation": [
      [
        0.9989436,
        -0.0445739739,
        0.011177633
      ],
      [
        -0.0105531206,
        0.0142214894,
        0.9998432
      ],
      [
        -0.0447259434,
        -0.9989049,
        0.0137360711
      ]
    ],
    "translation": [
      2.10633922,
      0.853306055,
      -0.7233493
    ]
  },
  {
    "timeStamp": 39896,
    "rotation": [
      [
        0.999180555,
        -0.0356784,
        0.019112261
      ],
      [
        -0.0184273329,
        0.0194284189,
        0.9996414
      ],
      [
        -0.03603693,
        -0.9991745,
        0.01875504
      ]
    ],
    "translation": [
      2.10353613,
      0.8366785,
      -0.7216705
    ]
  },
  {
    "timeStamp": 39940,
    "rotation": [
      [
        0.9991829,
        -0.0395594761,
        0.008282436
      ],
      [
        -0.007315742,
        0.0245190281,
        0.9996726
      ],
      [
        -0.0397496037,
        -0.9989163,
        0.0242095869
      ]
    ],
    "translation": [
      2.103857,
      0.824788451,
      -0.7191938
    ]
  },
  {
    "timeStamp": 39996,
    "rotation": [
      [
        0.9988606,
        -0.0473684147,
        0.005803849
      ],
      [
        -0.004642426,
        0.0245922264,
        0.9996868
      ],
      [
        -0.04749631,
        -0.998574734,
        0.0243443027
      ]
    ],
    "translation": [
      2.104454,
      0.8119383,
      -0.715469539
    ]
  },
  {
    "timeStamp": 40040,
    "rotation": [
      [
        0.9988637,
        -0.0475868136,
        -0.00261077681
      ],
      [
        0.00343835587,
        0.0173173789,
        0.999844134
      ],
      [
        -0.0475341864,
        -0.99871695,
        0.01746132
      ]
    ],
    "translation": [
      2.10491037,
      0.803001,
      -0.7125285
    ]
  },
  {
    "timeStamp": 40096,
    "rotation": [
      [
        0.9984394,
        -0.05509404,
        -0.009137006
      ],
      [
        0.010044924,
        0.0162251014,
        0.9998179
      ],
      [
        -0.05493576,
        -0.998349369,
        0.0167531967
      ]
    ],
    "translation": [
      2.10599232,
      0.7935272,
      -0.708544433
    ]
  },
  {
    "timeStamp": 40140,
    "rotation": [
      [
        0.9983929,
        -0.05431872,
        -0.01615942
      ],
      [
        0.016698787,
        0.009490488,
        0.9998155
      ],
      [
        -0.05415534,
        -0.998478532,
        0.0103822928
      ]
    ],
    "translation": [
      2.10634828,
      0.786432564,
      -0.705221653
    ]
  },
  {
    "timeStamp": 40196,
    "rotation": [
      [
        0.9982788,
        -0.05736464,
        -0.0121949073
      ],
      [
        0.0128141968,
        0.0104402211,
        0.9998634
      ],
      [
        -0.05722948,
        -0.9982987,
        0.0111573329
      ]
    ],
    "translation": [
      2.105171,
      0.7790472,
      -0.7017209
    ]
  },
  {
    "timeStamp": 40240,
    "rotation": [
      [
        0.998357356,
        -0.05370686,
        -0.01995236
      ],
      [
        0.0205818042,
        0.0111924354,
        0.9997255
      ],
      [
        -0.0534687974,
        -0.998493969,
        0.0122794341
      ]
    ],
    "translation": [
      2.10406733,
      0.7719872,
      -0.7004129
    ]
  },
  {
    "timeStamp": 40296,
    "rotation": [
      [
        0.998550653,
        -0.0504355319,
        -0.018782435
      ],
      [
        0.01985333,
        0.0208165515,
        0.999586165
      ],
      [
        -0.0500236675,
        -0.9985103,
        0.0217876956
      ]
    ],
    "translation": [
      2.10176921,
      0.764582157,
      -0.700334549
    ]
  },
  {
    "timeStamp": 40340,
    "rotation": [
      [
        0.9986358,
        -0.04977351,
        -0.0157784857
      ],
      [
        0.01696755,
        0.0235581324,
        0.9995785
      ],
      [
        -0.049380824,
        -0.998482645,
        0.02437053
      ]
    ],
    "translation": [
      2.10037351,
      0.7595015,
      -0.7001652
    ]
  },
  {
    "timeStamp": 40396,
    "rotation": [
      [
        0.998568356,
        -0.05159459,
        -0.01411805
      ],
      [
        0.0153743839,
        0.0240348745,
        0.9995929
      ],
      [
        -0.0512342639,
        -0.998378932,
        0.0247936975
      ]
    ],
    "translation": [
      2.099916,
      0.753894448,
      -0.6994437
    ]
  },
  {
    "timeStamp": 40440,
    "rotation": [
      [
        0.9982905,
        -0.0561992,
        -0.0160519257
      ],
      [
        0.0171657931,
        0.01939365,
        0.999664545
      ],
      [
        -0.0558690354,
        -0.9982312,
        0.0203252025
      ]
    ],
    "translation": [
      2.10037827,
      0.7500271,
      -0.697969735
    ]
  },
  {
    "timeStamp": 40496,
    "rotation": [
      [
        0.998037934,
        -0.06022538,
        -0.0171223655
      ],
      [
        0.0179373287,
        0.0130173592,
        0.999754369
      ],
      [
        -0.059987694,
        -0.9980999,
        0.0140721006
      ]
    ],
    "translation": [
      2.10077763,
      0.7453686,
      -0.6958904
    ]
  },
  {
    "timeStamp": 40540,
    "rotation": [
      [
        0.997784257,
        -0.06220403,
        -0.0236049555
      ],
      [
        0.0239976123,
        0.00557275256,
        0.9996965
      ],
      [
        -0.06205361,
        -0.9980478,
        0.007053153
      ]
    ],
    "translation": [
      2.10105753,
      0.7417244,
      -0.6943234
    ]
  },
  {
    "timeStamp": 40596,
    "rotation": [
      [
        0.9967148,
        -0.07622672,
        -0.0273709912
      ],
      [
        0.0274624377,
        0.00015150095,
        0.9996228
      ],
      [
        -0.07619382,
        -0.9970905,
        0.00224437471
      ]
    ],
    "translation": [
      2.10179543,
      0.7375095,
      -0.6916534
    ]
  },
  {
    "timeStamp": 40640,
    "rotation": [
      [
        0.995946765,
        -0.08635394,
        -0.0251596067
      ],
      [
        0.0248441063,
        -0.00472651748,
        0.999680161
      ],
      [
        -0.08644524,
        -0.9962533,
        -0.00256197318
      ]
    ],
    "translation": [
      2.10178471,
      0.734816432,
      -0.6898655
    ]
  },
  {
    "timeStamp": 40696,
    "rotation": [
      [
        0.9958371,
        -0.0860415548,
        -0.0300888028
      ],
      [
        0.0286296569,
        -0.0181428585,
        0.9994254
      ],
      [
        -0.08653803,
        -0.9961263,
        -0.01560399
      ]
    ],
    "translation": [
      2.100594,
      0.732502759,
      -0.6881303
    ]
  },
  {
    "timeStamp": 40740,
    "rotation": [
      [
        0.9953501,
        -0.09099768,
        -0.03158355
      ],
      [
        0.0288972277,
        -0.0306889042,
        0.9991112
      ],
      [
        -0.0918860659,
        -0.995378137,
        -0.0279166233
      ]
    ],
    "translation": [
      2.10006,
      0.730810165,
      -0.686779857
    ]
  },
  {
    "timeStamp": 40795,
    "rotation": [
      [
        0.9946606,
        -0.0983934551,
        -0.0311283171
      ],
      [
        0.0281337816,
        -0.0316769332,
        0.9991021
      ],
      [
        -0.0992911756,
        -0.994643331,
        -0.0287396181
      ]
    ],
    "translation": [
      2.09955215,
      0.7286571,
      -0.6855129
    ]
  },
  {
    "timeStamp": 40840,
    "rotation": [
      [
        0.9944527,
        -0.09999747,
        -0.0326246843
      ],
      [
        0.0288637131,
        -0.03882975,
        0.9988289
      ],
      [
        -0.10114716,
        -0.994229734,
        -0.0357280523
      ]
    ],
    "translation": [
      2.098535,
      0.727816463,
      -0.684678435
    ]
  },
  {
    "timeStamp": 40896,
    "rotation": [
      [
        0.994058967,
        -0.10315007,
        -0.03473989
      ],
      [
        0.03025179,
        -0.0447609238,
        0.998539567
      ],
      [
        -0.104554422,
        -0.9936581,
        -0.04137452
      ]
    ],
    "translation": [
      2.09772038,
      0.7273931,
      -0.6839763
    ]
  },
  {
    "timeStamp": 40940,
    "rotation": [
      [
        0.99344,
        -0.107321866,
        -0.0394844376
      ],
      [
        0.03422005,
        -0.0504596233,
        0.9981397
      ],
      [
        -0.10911458,
        -0.992943048,
        -0.0464560464
      ]
    ],
    "translation": [
      2.097742,
      0.727406561,
      -0.683517337
    ]
  }
]