[
  {
    "timeStamp": 115472,
    "rotation": [
      [
        0.8590503,
        -0.4632962,
        0.2176905
      ],
      [
        -0.271853775,
        -0.0525731668,
        0.960901439
      ],
      [
        -0.4337373,
        -0.884642661,
        -0.171111822
      ]
    ],
    "translation": [
      1.46127748,
      0.7122544,
      -0.622870266
    ]
  },
  {
    "timeStamp": 115517,
    "rotation": [
      [
        0.873371065,
        -0.454294473,
        0.175611973
      ],
      [
        -0.2274164,
        -0.0615240447,
        0.9718521
      ],
      [
        -0.4307027,
        -0.888724566,
        -0.157047331
      ]
    ],
    "translation": [
      1.46065676,
      0.711405,
      -0.6229746
    ]
  },
  {
    "timeStamp": 115572,
    "rotation": [
      [
        0.8819277,
        -0.449053317,
        0.143369064
      ],
      [
        -0.199235365,
        -0.07945381,
        0.97672534
      ],
      [
        -0.42721054,
        -0.8899653,
        -0.159539819
      ]
    ],
    "translation": [
      1.46010482,
      0.71059227,
      -0.623124659
    ]
  },
  {
    "timeStamp": 115617,
    "rotation": [
      [
        0.884257734,
        -0.438384473,
        0.160957351
      ],
      [
        -0.219969988,
        -0.08695621,
        0.9716233
      ],
      [
        -0.411948353,
        -0.8945712,
        -0.17332314
      ]
    ],
    "translation": [
      1.45885146,
      0.7116836,
      -0.624156356
    ]
  },
  {
    "timeStamp": 115672,
    "rotation": [
      [
        0.8721032,
        -0.4459415,
        0.201425508
      ],
      [
        -0.275714278,
        -0.107757539,
        0.9551806
      ],
      [
        -0.404249549,
        -0.8885519,
        -0.216928124
      ]
    ],
    "translation": [
      1.4546833,
      0.722201049,
      -0.6271809
    ]
  },
  {
    "timeStamp": 115717,
    "rotation": [
      [
        0.872698545,
        -0.442573518,
        0.206218228
      ],
      [
        -0.2842735,
        -0.117171071,
        0.9515564
      ],
      [
        -0.396970838,
        -0.8890442,
        -0.228066951
      ]
    ],
    "translation": [
      1.455736,
      0.738959551,
      -0.6299441
    ]
  },
  {
    "timeStamp": 115772,
    "rotation": [
      [
        0.8750131,
        -0.428574026,
        0.225114182
      ],
      [
        -0.303878576,
        -0.124276184,
        0.9445704
      ],
      [
        -0.376842022,
        -0.894918859,
        -0.238977745
      ]
    ],
    "translation": [
      1.45757282,
      0.764591753,
      -0.635883
    ]
  },
  {
    "timeStamp": 115817,
    "rotation": [
      [
        0.88173604,
        -0.404811472,
        0.242217273
      ],
      [
        -0.319493055,
        -0.134669915,
        0.9379703
      ],
      [
        -0.34708178,
        -0.9044289,
        -0.248077765
      ]
    ],
    "translation": [
      1.46000242,
      0.789775431,
      -0.643286347
    ]
  },
  {
    "timeStamp": 115872,
    "rotation": [
      [
        0.8825251,
        -0.383595139,
        0.272037148
      ],
      [
        -0.349654943,
        -0.148416415,
        0.9250481
      ],
      [
        -0.3144692,
        -0.9114973,
        -0.265107155
      ]
    ],
    "translation": [
      1.4667505,
      0.82466054,
      -0.6549125
    ]
  },
  {
    "timeStamp": 115917,
    "rotation": [
      [
        0.8824077,
        -0.361078024,
        0.3016278
      ],
      [
        -0.3756528,
        -0.154717579,
        0.9137546
      ],
      [
        -0.283269584,
        -0.9196114,
        -0.272163957
      ]
    ],
    "translation": [
      1.47497094,
      0.8548938,
      -0.667528033
    ]
  },
  {
    "timeStamp": 115972,
    "rotation": [
      [
        0.8722213,
        -0.370780647,
        0.3189856
      ],
      [
        -0.4025692,
        -0.173809543,
        0.8987371
      ],
      [
        -0.2777916,
        -0.9123114,
        -0.300865233
      ]
    ],
    "translation": [
      1.49570584,
      0.893409,
      -0.6844998
    ]
  },
  {
    "timeStamp": 116017,
    "rotation": [
      [
        0.856038,
        -0.393623322,
        0.335051745
      ],
      [
        -0.426645368,
        -0.172074825,
        0.8878986
      ],
      [
        -0.291843623,
        -0.903023243,
        -0.315240145
      ]
    ],
    "translation": [
      1.51667988,
      0.919546962,
      -0.6982281
    ]
  },
  {
    "timeStamp": 116072,
    "rotation": [
      [
        0.8310171,
        -0.446745366,
        0.331404865
      ],
      [
        -0.444239736,
        -0.1744786,
        0.878753841
      ],
      [
        -0.334756136,
        -0.877482653,
        -0.343456745
      ]
    ],
    "translation": [
      1.5545938,
      0.951304138,
      -0.7157764
    ]
  },
  {
    "timeStamp": 116120,
    "rotation": [
      [
        0.811217248,
        -0.488922626,
        0.3207512
      ],
      [
        -0.453415066,
        -0.179567814,
        0.87302357
      ],
      [
        -0.3692444,
        -0.8536452,
        -0.36735338
      ]
    ],
    "translation": [
      1.58638823,
      0.9707555,
      -0.7297211
    ]
  },
  {
    "timeStamp": 116172,
    "rotation": [
      [
        0.7777501,
        -0.555620134,
        0.293923616
      ],
      [
        -0.462852985,
        -0.18985194,
        0.865865648
      ],
      [
        -0.4252904,
        -0.8094705,
        -0.404827774
      ]
    ],
    "translation": [
      1.63510191,
      0.9945051,
      -0.7468255
    ]
  },
  {
    "timeStamp": 116217,
    "rotation": [
      [
        0.756692469,
        -0.60132,
        0.25657472
      ],
      [
        -0.4623234,
        -0.214691281,
        0.860328257
      ],
      [
        -0.462248266,
        -0.7696244,
        -0.440459639
      ]
    ],
    "translation": [
      1.67617929,
      1.01085639,
      -0.7596816
    ]
  },
  {
    "timeStamp": 116272,
    "rotation": [
      [
        0.7401163,
        -0.6390189,
        0.209482074
      ],
      [
        -0.4586225,
        -0.251810819,
        0.852207
      ],
      [
        -0.491826564,
        -0.726805449,
        -0.479437739
      ]
    ],
    "translation": [
      1.72605014,
      1.02997863,
      -0.775047839
    ]
  },
  {
    "timeStamp": 116317,
    "rotation": [
      [
        0.7288637,
        -0.6651314,
        0.162351519
      ],
      [
        -0.4519002,
        -0.28921786,
        0.843883455
      ],
      [
        -0.514338434,
        -0.6884427,
        -0.5113734
      ]
    ],
    "translation": [
      1.76753247,
      1.04392266,
      -0.7864057
    ]
  },
  {
    "timeStamp": 116372,
    "rotation": [
      [
        0.7193082,
        -0.685278952,
        0.113966875
      ],
      [
        -0.4447446,
        -0.328238338,
        0.833343744
      ],
      [
        -0.533664644,
        -0.650117159,
        -0.540878654
      ]
    ],
    "translation": [
      1.81562328,
      1.05748987,
      -0.7996681
    ]
  },
  {
    "timeStamp": 116416,
    "rotation": [
      [
        0.700778,
        -0.7074009,
        0.09216366
      ],
      [
        -0.45429492,
        -0.34292075,
        0.822205245
      ],
      [
        -0.5500239,
        -0.61805284,
        -0.561679959
      ]
    ],
    "translation": [
      1.8541131,
      1.06583488,
      -0.8078811
    ]
  },
  {
    "timeStamp": 116472,
    "rotation": [
      [
        0.6894428,
        -0.721515536,
        0.0639060661
      ],
      [
        -0.458684742,
        -0.366600543,
        0.8094519
      ],
      [
        -0.5606041,
        -0.5873835,
        -0.5836983
      ]
    ],
    "translation": [
      1.90032887,
      1.07227647,
      -0.8160225
    ]
  },
  {
    "timeStamp": 116516,
    "rotation": [
      [
        0.677232862,
        -0.733692944,
        0.0552303828
      ],
      [
        -0.4676942,
        -0.3713229,
        0.8021106
      ],
      [
        -0.5679946,
        -0.569046557,
        -0.594616
      ]
    ],
    "translation": [
      1.93733907,
      1.07464015,
      -0.8202896
    ]
  },
  {
    "timeStamp": 116572,
    "rotation": [
      [
        0.6726382,
        -0.7381598,
        0.0517495163
      ],
      [
        -0.472446024,
        -0.3745794,
        0.7978001
      ],
      [
        -0.5695197,
        -0.5610797,
        -0.600697041
      ]
    ],
    "translation": [
      1.9810847,
      1.07449055,
      -0.823693454
    ]
  },
  {
    "timeStamp": 116617,
    "rotation": [
      [
        0.6844569,
        -0.7263574,
        0.06263931
      ],
      [
        -0.4713818,
        -0.375367045,
        0.7980594
      ],
      [
        -0.5561636,
        -0.575764239,
        -0.5993142
      ]
    ],
    "translation": [
      2.00943279,
      1.07277882,
      -0.824394643
    ]
  },
  {
    "timeStamp": 116672,
    "rotation": [
      [
        0.7245364,
        -0.6853748,
        0.0728583
      ],
      [
        -0.443875223,
        -0.3831254,
        0.8100554
      ],
      [
        -0.527277648,
        -0.6192546,
        -0.581809163
      ]
    ],
    "translation": [
      2.04137135,
      1.0675658,
      -0.8229084
    ]
  },
  {
    "timeStamp": 116717,
    "rotation": [
      [
        0.766229033,
        -0.639769256,
        0.0599033758
      ],
      [
        -0.401439548,
        -0.403818518,
        0.822056532
      ],
      [
        -0.5017364,
        -0.653931141,
        -0.566246152
      ]
    ],
    "translation": [
      2.06559038,
      1.06285131,
      -0.820686042
    ]
  },
  {
    "timeStamp": 116772,
    "rotation": [
      [
        0.801855445,
        -0.595643163,
        0.0472984649
      ],
      [
        -0.3544876,
        -0.4104985,
        0.8401366
      ],
      [
        -0.481005669,
        -0.6904348,
        -0.5403086
      ]
    ],
    "translation": [
      2.09202933,
      1.0544275,
      -0.814352632
    ]
  },
  {
    "timeStamp": 116817,
    "rotation": [
      [
        0.83028394,
        -0.5550819,
        0.0501268953
      ],
      [
        -0.319830447,
        -0.400871456,
        0.8584932
      ],
      [
        -0.456439584,
        -0.7288253,
        -0.510369241
      ]
    ],
    "translation": [
      2.110048,
      1.04412878,
      -0.8070756
    ]
  },
  {
    "timeStamp": 116872,
    "rotation": [
      [
        0.8660633,
        -0.498521149,
        0.0375641547
      ],
      [
        -0.264671326,
        -0.393463671,
        0.880417764
      ],
      [
        -0.424126744,
        -0.772439659,
        -0.472708672
      ]
    ],
    "translation": [
      2.12740564,
      1.0284791,
      -0.794288456
    ]
  },
  {
    "timeStamp": 116916,
    "rotation": [
      [
        0.8974551,
        -0.440921456,
        0.0127550932
      ],
      [
        -0.209933892,
        -0.401512533,
        0.891468167
      ],
      [
        -0.387946129,
        -0.8027304,
        -0.4529038
      ]
    ],
    "translation": [
      2.140422,
      1.01696861,
      -0.7829757
    ]
  },
  {
    "timeStamp": 116972,
    "rotation": [
      [
        0.9255687,
        -0.378572017,
        0.00239929813
      ],
      [
        -0.167123184,
        -0.40289548,
        0.899858356
      ],
      [
        -0.33969453,
        -0.8332817,
        -0.4361756
      ]
    ],
    "translation": [
      2.15046978,
      1.00451732,
      -0.7688503
    ]
  },
  {
    "timeStamp": 117016,
    "rotation": [
      [
        0.9497019,
        -0.312924147,
        -0.0120381266
      ],
      [
        -0.124028817,
        -0.411159933,
        0.903086
      ],
      [
        -0.287547,
        -0.8561694,
        -0.42929095
      ]
    ],
    "translation": [
      2.15806437,
      0.996443868,
      -0.759693742
    ]
  },
  {
    "timeStamp": 117072,
    "rotation": [
      [
        0.975478053,
        -0.217667729,
        -0.03260708
      ],
      [
        -0.06385169,
        -0.421648622,
        0.904508352
      ],
      [
        -0.210631013,
        -0.880246043,
        -0.425207436
      ]
    ],
    "translation": [
      2.16405749,
      0.9881321,
      -0.7511506
    ]
  },
  {
    "timeStamp": 117116,
    "rotation": [
      [
        0.980349362,
        -0.194475114,
        -0.0330851339
      ],
      [
        -0.05037763,
        -0.4089648,
        0.911158562
      ],
      [
        -0.190728322,
        -0.891586959,
        -0.4107256
      ]
    ],
    "translation": [
      2.17079782,
      0.981778264,
      -0.746548057
    ]
  },
  {
    "timeStamp": 117172,
    "rotation": [
      [
        0.987566531,
        -0.151498914,
        -0.04195733
      ],
      [
        -0.0209072884,
        -0.391108871,
        0.920106947
      ],
      [
        -0.155805081,
        -0.907789648,
        -0.389413476
      ]
    ],
    "translation": [
      2.1788013,
      0.97128123,
      -0.7420706
    ]
  },
  {
    "timeStamp": 117216,
    "rotation": [
      [
        0.9927322,
        -0.111876056,
        -0.0443457663
      ],
      [
        6.380346E-06,
        -0.368441224,
        0.929651
      ],
      [
        -0.120344505,
        -0.9228948,
        -0.36576274
      ]
    ],
    "translation": [
      2.18370485,
      0.961850345,
      -0.741055
    ]
  },
  {
    "timeStamp": 117272,
    "rotation": [
      [
        0.994914234,
        -0.091972664,
        -0.0410687923
      ],
      [
        0.008457989,
        -0.330006063,
        0.943940938
      ],
      [
        -0.100369714,
        -0.939487636,
        -0.327549845
      ]
    ],
    "translation": [
      2.19031787,
      0.94961375,
      -0.7400063
    ]
  },
  {
    "timeStamp": 117316,
    "rotation": [
      [
        0.996698141,
        -0.07906145,
        -0.01849329
      ],
      [
        -0.006774742,
        -0.3079443,
        0.951380253
      ],
      [
        -0.08091241,
        -0.9481137,
        -0.307463139
      ]
    ],
    "translation": [
      2.193213,
      0.9412322,
      -0.738624156
    ]
  },
  {
    "timeStamp": 117372,
    "rotation": [
      [
        0.996431947,
        -0.08213117,
        0.01944086
      ],
      [
        -0.0404429846,
        -0.2624561,
        0.964096
      ],
      [
        -0.07407995,
        -0.9614423,
        -0.264841259
      ]
    ],
    "translation": [
      2.195605,
      0.9294742,
      -0.7358316
    ]
  },
  {
    "timeStamp": 117427,
    "rotation": [
      [
        0.9939307,
        -0.0958274752,
        0.0540261157
      ],
      [
        -0.07484388,
        -0.2291249,
        0.97051543
      ],
      [
        -0.08062332,
        -0.96866864,
        -0.23490639
      ]
    ],
    "translation": [
      2.19762826,
      0.9186071,
      -0.7315888
    ]
  },
  {
    "timeStamp": 117471,
    "rotation": [
      [
        0.990907669,
        -0.101671726,
        0.08811832
      ],
      [
        -0.10712938,
        -0.200007588,
        0.973920047
      ],
      [
        -0.0813958,
        -0.9745049,
        -0.209081069
      ]
    ],
    "translation": [
      2.197269,
      0.91112715,
      -0.7283263
    ]
  },
  {
    "timeStamp": 117527,
    "rotation": [
      [
        0.9901206,
        -0.08583573,
        0.110875629
      ],
      [
        -0.124770358,
        -0.178526714,
        0.9759921
      ],
      [
        -0.06398072,
        -0.98018384,
        -0.187472746
      ]
    ],
    "translation": [
      2.19647,
      0.9014123,
      -0.7226834
    ]
  },
  {
    "timeStamp": 117571,
    "rotation": [
      [
        0.986047745,
        -0.08483894,
        0.143220887
      ],
      [
        -0.155409664,
        -0.16088903,
        0.9746602
      ],
      [
        -0.05964646,
        -0.983319461,
        -0.17182906
      ]
    ],
    "translation": [
      2.19543576,
      0.894968748,
      -0.71799475
    ]
  },
  {
    "timeStamp": 117627,
    "rotation": [
      [
        0.98025,
        -0.090641,
        0.175767243
      ],
      [
        -0.187054828,
        -0.136472046,
        0.9728237
      ],
      [
        -0.06419042,
        -0.9864885,
        -0.150731564
      ]
    ],
    "translation": [
      2.19505215,
      0.8861409,
      -0.713841856
    ]
  },
  {
    "timeStamp": 117671,
    "rotation": [
      [
        0.9768628,
        -0.08785846,
        0.194986984
      ],
      [
        -0.204489022,
        -0.1166879,
        0.971888959
      ],
      [
        -0.06263604,
        -0.9892749,
        -0.131954163
      ]
    ],
    "translation": [
      2.194528,
      0.879143834,
      -0.7121056
    ]
  },
  {
    "timeStamp": 117727,
    "rotation": [
      [
        0.9750487,
        -0.07539058,
        0.208796889
      ],
      [
        -0.215603784,
        -0.0976163447,
        0.971589446
      ],
      [
        -0.0528666973,
        -0.992364466,
        -0.1114352
      ]
    ],
    "translation": [
      2.193248,
      0.873087466,
      -0.711259067
    ]
  },
  {
    "timeStamp": 117771,
    "rotation": [
      [
        0.972203,
        -0.0726769641,
        0.222574383
      ],
      [
        -0.228497133,
        -0.08706809,
        0.969643354
      ],
      [
        -0.05109162,
        -0.9935478,
        -0.101254344
      ]
    ],
    "translation": [
      2.19279814,
      0.8680354,
      -0.710845053
    ]
  },
  {
    "timeStamp": 117827,
    "rotation": [
      [
        0.966085,
        -0.08311516,
        0.244482309
      ],
      [
        -0.2505678,
        -0.07289415,
        0.9653508
      ],
      [
        -0.06241395,
        -0.9938704,
        -0.09124792
      ]
    ],
    "translation": [
      2.19337821,
      0.861155331,
      -0.7105061
    ]
  },
  {
    "timeStamp": 117871,
    "rotation": [
      [
        0.9652283,
        -0.0822505653,
        0.248131067
      ],
      [
        -0.253552347,
        -0.06362379,
        0.965227
      ],
      [
        -0.0636034161,
        -0.9945787,
        -0.08226631
      ]
    ],
    "translation": [
      2.19445181,
      0.85515213,
      -0.7106468
    ]
  },
  {
    "timeStamp": 117927,
    "rotation": [
      [
        0.965575,
        -0.07330381,
        0.249582872
      ],
      [
        -0.254138082,
        -0.061171487,
        0.965231538
      ],
      [
        -0.0554878041,
        -0.9954319,
        -0.077694945
      ]
    ],
    "translation": [
      2.19490743,
      0.849002242,
      -0.7103702
    ]
  },
  {
    "timeStamp": 117971,
    "rotation": [
      [
        0.965770841,
        -0.0705342442,
        0.249622956
      ],
      [
        -0.253931016,
        -0.06056802,
        0.965324044
      ],
      [
        -0.0529692248,
        -0.9956688,
        -0.07640566
      ]
    ],
    "translation": [
      2.196042,
      0.8451564,
      -0.7090329
    ]
  },
  {
    "timeStamp": 118028,
    "rotation": [
      [
        0.9645112,
        -0.06972452,
        0.254669666
      ],
      [
        -0.2576488,
        -0.0375702865,
        0.9655079
      ],
      [
        -0.0577515662,
        -0.9968586,
        -0.0542014
      ]
    ],
    "translation": [
      2.19728279,
      0.828389645,
      -0.7118666
    ]
  },
  {
    "timeStamp": 118072,
    "rotation": [
      [
        0.962477148,
        -0.0854033753,
        0.257573336
      ],
      [
        -0.258679837,
        -0.001962504,
        0.9659611
      ],
      [
        -0.0819908455,
        -0.996344566,
        -0.0239809975
      ]
    ],
    "translation": [
      2.19843674,
      0.8262588,
      -0.711113
    ]
  },
  {
    "timeStamp": 118128,
    "rotation": [
      [
        0.9577115,
        -0.109722488,
        0.265987843
      ],
      [
        -0.264531285,
        0.0278940089,
        0.9639736
      ],
      [
        -0.113189049,
        -0.993570745,
        -0.00231061643
      ]
    ],
    "translation": [
      2.2004025,
      0.824441433,
      -0.7100955
    ]
  },
  {
    "timeStamp": 118172,
    "rotation": [
      [
        0.952807248,
        -0.1361054,
        0.271355152
      ],
      [
        -0.264691085,
        0.0652280748,
        0.9621247
      ],
      [
        -0.148650333,
        -0.9885447,
        0.0261238944
      ]
    ],
    "translation": [
      2.202078,
      0.822218955,
      -0.7089079
    ]
  },
  {
    "timeStamp": 118228,
    "rotation": [
      [
        0.946221948,
        -0.159293965,
        0.2815839
      ],
      [
        -0.26739642,
        0.104855619,
        0.9578645
      ],
      [
        -0.182107687,
        -0.981646955,
        0.05662205
      ]
    ],
    "translation": [
      2.20309544,
      0.8206255,
      -0.7083363
    ]
  },
  {
    "timeStamp": 118272,
    "rotation": [
      [
        0.946717858,
        -0.157822311,
        0.280744225
      ],
      [
        -0.259281427,
        0.143598914,
        0.955066741
      ],
      [
        -0.1910454,
        -0.976970553,
        0.09502727
      ]
    ],
    "translation": [
      2.2029748,
      0.819380939,
      -0.709908962
    ]
  },
  {
    "timeStamp": 118328,
    "rotation": [
      [
        0.937528849,
        -0.129255354,
        0.3230057
      ],
      [
        -0.295436829,
        0.194519877,
        0.9353497
      ],
      [
        -0.18373,
        -0.9723451,
        0.1441812
      ]
    ],
    "translation": [
      2.20053935,
      0.8196987,
      -0.7135193
    ]
  },
  {
    "timeStamp": 118372,
    "rotation": [
      [
        0.943879,
        -0.127174512,
        0.304826468
      ],
      [
        -0.2770875,
        0.1974098,
        0.9403467
      ],
      [
        -0.179763839,
        -0.9720371,
        0.151092485
      ]
    ],
    "translation": [
      2.2005918,
      0.819320142,
      -0.714473069
    ]
  },
  {
    "timeStamp": 118427,
    "rotation": [
      [
        0.949377656,
        -0.10349942,
        0.296597362
      ],
      [
        -0.2748135,
        0.183760732,
        0.9437741
      ],
      [
        -0.152183011,
        -0.977507,
        0.1460153
      ]
    ],
    "translation": [
      2.19988251,
      0.8206891,
      -0.71593374
    ]
  },
  {
    "timeStamp": 118471,
    "rotation": [
      [
        0.957071,
        -0.0722546,
        0.280703336
      ],
      [
        -0.2639293,
        0.183085576,
        0.947006345
      ],
      [
        -0.119818293,
        -0.9804381,
        0.15615578
      ]
    ],
    "translation": [
      2.19916081,
      0.8204404,
      -0.717832744
    ]
  },
  {
    "timeStamp": 118528,
    "rotation": [
      [
        0.957369864,
        -0.0590921566,
        0.282756358
      ],
      [
        -0.265358329,
        0.2068687,
        0.941695452
      ],
      [
        -0.114140242,
        -0.9765826,
        0.182369247
      ]
    ],
    "translation": [
      2.199683,
      0.820821464,
      -0.720188558
    ]
  }
]