[
  {
    "id": "003 cracker box(Clone)-58882",
    "pickRotation": [
      [
        -0.991327941,
        0.130948737,
        -0.01101238
      ],
      [
        0.0148415035,
        0.0283014774,
        -0.999489248
      ],
      [
        -0.130570188,
        -0.990985036,
        -0.0299995225
      ]
    ],
    "pickTranslation": [
      0.01654006,
      -0.0221138746,
      0.189674452
    ],
    "placeRotation": [
      [
        0.999998152,
        -0.000423499063,
        -0.00185849133
      ],
      [
        0.00186561618,
        0.0174952056,
        0.9998452
      ],
      [
        -0.000390918838,
        -0.9998468,
        0.0174959637
      ]
    ],
    "placeTranslation": [
      -0.350563,
      0.132173866,
      0.5737354
    ]
  },
  {
    "id": "021 bleach cleanser(Clone)-58248",
    "pickRotation": [
      [
        -0.0189968441,
        -0.0520784259,
        0.9984623
      ],
      [
        -0.9955201,
        0.0934981,
        -0.0140641332
      ],
      [
        -0.09262189,
        -0.9942565,
        -0.0536212921
      ]
    ],
    "pickTranslation": [
      0.01307675,
      0.0116347931,
      0.233733818
    ],
    "placeRotation": [
      [
        -0.995972,
        -0.0158126336,
        -0.08825952
      ],
      [
        -0.0895936,
        0.1362749,
        0.9866114
      ],
      [
        -0.00357335387,
        0.990544856,
        -0.1371427
      ]
    ],
    "placeTranslation": [
      -0.7526118,
      0.09633785,
      -0.3393095
    ]
  },
  {
    "id": "006 mustard bottle(Clone)-58260",
    "pickRotation": [
      [
        -0.4686321,
        0.08094611,
        -0.879677
      ],
      [
        0.8774434,
        -0.07272924,
        -0.4741346
      ],
      [
        -0.102357581,
        -0.9940614,
        -0.03694237
      ]
    ],
    "pickTranslation": [
      0.0131641245,
      -0.02584517,
      0.165174976
    ],
    "placeRotation": [
      [
        0.9146942,
        0.404018372,
        0.0101774028
      ],
      [
        0.06536183,
        -0.172735721,
        0.982797146
      ],
      [
        0.398826122,
        -0.8982936,
        -0.184407756
      ]
    ],
    "placeTranslation": [
      -0.299022138,
      0.00493252138,
      -0.56570673
    ]
  },
  {
    "id": "007 tuna fish can(Clone)-58522",
    "pickRotation": [
      [
        -0.954849541,
        -0.00210233429,
        -0.297082245
      ],
      [
        0.297089636,
        -0.00727216061,
        -0.9548219
      ],
      [
        -0.000153075627,
        -0.99997133,
        0.00756840128
      ]
    ],
    "pickTranslation": [
      0.0239438079,
      -0.0260798745,
      0.00690063555
    ],
    "placeRotation": [
      [
        0.993956149,
        -0.107439019,
        -0.02254073
      ],
      [
        0.017911844,
        -0.0438559242,
        0.9988773
      ],
      [
        -0.108306937,
        -0.993243933,
        -0.0416664332
      ]
    ],
    "placeTranslation": [
      0.08758749,
      0.0363728777,
      -0.7541222
    ]
  },
  {
    "id": "025 mug(Clone)-58272",
    "pickRotation": [
      [
        -0.7709324,
        0.08701889,
        -0.6309445
      ],
      [
        0.6264635,
        -0.07514061,
        -0.7758205
      ],
      [
        -0.114920586,
        -0.9933688,
        0.003414175
      ]
    ],
    "pickTranslation": [
      0.0530358739,
      -0.0167241991,
      0.07028211
    ],
    "placeRotation": [
      [
        0.694031239,
        -0.7199415,
        0.002196588
      ],
      [
        -0.022686081,
        -0.0188198853,
        0.9995655
      ],
      [
        -0.7195873,
        -0.6937795,
        -0.02939424
      ]
    ],
    "placeTranslation": [
      -0.1359172,
      0.19603318,
      -0.5714957
    ]
  },
  {
    "id": "057 racquetball(Clone)-58486",
    "pickRotation": [
      [
        -0.7011497,
        0.04310673,
        -0.711709857
      ],
      [
        -0.019064622,
        -0.9989473,
        -0.0417223424
      ],
      [
        -0.712759137,
        -0.015685128,
        0.701233447
      ]
    ],
    "pickTranslation": [
      0.00539553072,
      -0.121974528,
      0.0336914174
    ],
    "placeRotation": [
      [
        0.71827507,
        -0.0438158736,
        0.694378138
      ],
      [
        0.0186666921,
        0.9988694,
        0.0437204354
      ],
      [
        -0.6955087,
        -0.018441556,
        0.7182809
      ]
    ],
    "placeTranslation": [
      0.06631366,
      1.19755,
      -0.806444645
    ]
  },
  {
    "id": "100 half egg carton(Clone)-58510",
    "pickRotation": [
      [
        0.08161371,
        -0.41902256,
        0.9043005
      ],
      [
        -0.0518775731,
        -0.9078833,
        -0.416000754
      ],
      [
        0.995313,
        -0.0129615469,
        -0.09583361
      ]
    ],
    "pickTranslation": [
      -0.06526432,
      0.0260760989,
      -0.00563392928
    ],
    "placeRotation": [
      [
        -0.999944746,
        -0.003921858,
        -0.009756097
      ],
      [
        -0.00350572029,
        0.9990983,
        -0.0423115343
      ],
      [
        0.00991324,
        -0.0422749929,
        -0.9990568
      ]
    ],
    "placeTranslation": [
      0.6680582,
      0.188428849,
      -0.904325843
    ]
  },
  {
    "id": "011 banana(Clone)-58978",
    "pickRotation": [
      [
        -0.9718491,
        0.12606,
        0.199043229
      ],
      [
        -0.189897746,
        0.08094668,
        -0.978461266
      ],
      [
        -0.139456719,
        -0.9887146,
        -0.0547294468
      ]
    ],
    "pickTranslation": [
      0.0244811978,
      0.009054358,
      0.00885654
    ],
    "placeRotation": [
      [
        0.907680154,
        0.240973815,
        -0.343581736
      ],
      [
        0.26487574,
        0.306070954,
        0.914418638
      ],
      [
        0.3255113,
        -0.9210061,
        0.213986427
      ]
    ],
    "placeTranslation": [
      0.38466692,
      0.121714994,
      0.724004149
    ]
  },
  {
    "id": "103 toothpaste(Clone)-58918",
    "pickRotation": [
      [
        -0.0521090962,
        0.188658655,
        -0.980659246
      ],
      [
        -0.9985892,
        0.0001995248,
        0.05310022
      ],
      [
        0.0102134822,
        0.9820427,
        0.1883821
      ]
    ],
    "pickTranslation": [
      0.0553476326,
      0.0285345521,
      -0.00213747821
    ],
    "placeRotation": [
      [
        0.0726224557,
        -0.886284,
        0.457413018
      ],
      [
        0.977439463,
        -0.0279579815,
        -0.209357321
      ],
      [
        0.198338389,
        0.462297559,
        0.8642586
      ]
    ],
    "placeTranslation": [
      0.0157438572,
      0.882573366,
      -0.24861832
    ]
  },
  {
    "id": "101 bread(Clone)-58954",
    "pickRotation": [
      [
        -0.9905835,
        -0.0262006279,
        -0.134379417
      ],
      [
        0.0308627263,
        -0.9989876,
        -0.03272826
      ],
      [
        -0.133385882,
        -0.03656739,
        0.990389347
      ]
    ],
    "pickTranslation": [
      -0.0004095879,
      0.0391409658,
      -0.0116464319
    ],
    "placeRotation": [
      [
        0.189376578,
        -0.0377681144,
        -0.9811779
      ],
      [
        0.209155217,
        0.97787863,
        0.00272780727
      ],
      [
        0.9593699,
        -0.205735058,
        0.193086714
      ]
    ],
    "placeTranslation": [
      0.612846553,
      0.394154131,
      -0.237238914
    ]
  },
  {
    "id": "015 peach(Clone)-58870",
    "pickRotation": [
      [
        -0.987933636,
        0.139129713,
        0.06804442
      ],
      [
        -0.07125886,
        -0.0182487685,
        -0.9972909
      ],
      [
        -0.137511075,
        -0.990106,
        0.0279427953
      ]
    ],
    "pickTranslation": [
      0.0167377256,
      0.0171327665,
      0.0362637229
    ],
    "placeRotation": [
      [
        0.9364321,
        0.332745641,
        -0.111243576
      ],
      [
        0.009309537,
        0.293392777,
        0.9559467
      ],
      [
        0.350725144,
        -0.896214843,
        0.271644741
      ]
    ],
    "placeTranslation": [
      0.2794685,
      0.164101332,
      0.428561717
    ]
  },
  {
    "id": "017 orange(Clone)-58906",
    "pickRotation": [
      [
        -0.4854897,
        0.7766506,
        -0.4013896
      ],
      [
        -0.7393262,
        -0.119700454,
        0.6626226
      ],
      [
        0.4665797,
        0.6184542,
        0.632311463
      ]
    ],
    "pickTranslation": [
      0.00215690723,
      -0.008723953,
      0.04599324
    ],
    "placeRotation": [
      [
        0.7075707,
        0.543435037,
        -0.451688051
      ],
      [
        -0.6464716,
        0.239707172,
        -0.724303067
      ],
      [
        -0.2853388,
        0.8044991,
        0.5209251
      ]
    ],
    "placeTranslation": [
      0.300069362,
      0.75508213,
      0.799714565
    ]
  },
  {
    "id": "013 apple(Clone)-58894",
    "pickRotation": [
      [
        -0.95136714,
        0.163553119,
        -0.261057436
      ],
      [
        0.266441077,
        0.0114987651,
        -0.9637826
      ],
      [
        -0.1546278,
        -0.98646754,
        -0.0545168146
      ]
    ],
    "pickTranslation": [
      -0.002862932,
      -0.009120446,
      0.0554845929
    ],
    "placeRotation": [
      [
        0.945883751,
        -0.277539462,
        -0.168154135
      ],
      [
        0.1349155,
        -0.134936273,
        0.9816262
      ],
      [
        -0.2951301,
        -0.9511909,
        -0.09018966
      ]
    ],
    "placeTranslation": [
      0.218050554,
      0.34098503,
      0.302626431
    ]
  },
  {
    "id": "018 plum(Clone)-58966",
    "pickRotation": [
      [
        0.819902,
        -0.5720572,
        0.022611523
      ],
      [
        -0.571131647,
        -0.8145656,
        0.101447113
      ],
      [
        -0.0396149829,
        -0.0960908458,
        -0.9945839
      ]
    ],
    "pickTranslation": [
      0.0123948045,
      0.0263554361,
      0.0279993881
    ],
    "placeRotation": [
      [
        -0.9270642,
        0.334211856,
        0.169865847
      ],
      [
        0.362539828,
        0.9145869,
        0.179152608
      ],
      [
        -0.09548215,
        0.2276691,
        -0.9690459
      ]
    ],
    "placeTranslation": [
      -0.0134583451,
      0.300144553,
      0.672340453
    ]
  },
  {
    "id": "016 pear(Clone)-58858",
    "pickRotation": [
      [
        -0.8850958,
        0.408261776,
        -0.223445266
      ],
      [
        0.321248323,
        0.188530222,
        -0.9280387
      ],
      [
        -0.336756557,
        -0.8931846,
        -0.29802072
      ]
    ],
    "pickTranslation": [
      0.037722256,
      -0.00392299658,
      0.0312783867
    ],
    "placeRotation": [
      [
        0.9533291,
        -0.0518471375,
        0.297448277
      ],
      [
        -0.2810171,
        0.2079213,
        0.9369088
      ],
      [
        -0.110421896,
        -0.9767705,
        0.183647484
      ]
    ],
    "placeTranslation": [
      0.2967201,
      0.6006511,
      0.152872384
    ]
  },
  {
    "id": "058 golf ball(Clone)-58498",
    "pickRotation": [
      [
        -0.6358548,
        0.106109515,
        -0.7644798
      ],
      [
        0.672292948,
        -0.4103628,
        -0.6161367
      ],
      [
        -0.379092067,
        -0.9057279,
        0.189594477
      ]
    ],
    "pickTranslation": [
      0.00817014,
      -0.0268620774,
      0.0277104545
    ],
    "placeRotation": [
      [
        0.722927034,
        -0.6909118,
        -0.00416208
      ],
      [
        0.0611937642,
        0.0580267571,
        0.9964378
      ],
      [
        -0.6882092,
        -0.7206065,
        0.08422861
      ]
    ],
    "placeTranslation": [
      0.218089551,
      0.6955802,
      -0.0960952044
    ]
  }
]