[
  {
    "timeStamp": 29258,
    "rotation": [
      [
        -0.889851868,
        0.456246555,
        -0.00164408283
      ],
      [
        0.456227779,
        0.8897685,
        -0.01297177
      ],
      [
        -0.00445547234,
        -0.01229303,
        -0.999914467
      ]
    ],
    "translation": [
      1.46201015,
      0.7294221,
      -0.6197382
    ]
  },
  {
    "timeStamp": 29300,
    "rotation": [
      [
        -0.8901503,
        0.4556166,
        -0.006774237
      ],
      [
        0.455666363,
        0.890073955,
        -0.0116806943
      ],
      [
        0.0007076541,
        -0.0134843662,
        -0.9999088
      ]
    ],
    "translation": [
      1.4616909,
      0.7304841,
      -0.619353235
    ]
  },
  {
    "timeStamp": 29354,
    "rotation": [
      [
        -0.883384943,
        0.4682776,
        -0.0186329633
      ],
      [
        0.468646169,
        0.882799268,
        -0.03219176
      ],
      [
        0.00137448474,
        -0.03716998,
        -0.99930805
      ]
    ],
    "translation": [
      1.46142709,
      0.7399825,
      -0.616465867
    ]
  },
  {
    "timeStamp": 29409,
    "rotation": [
      [
        -0.8527747,
        0.5193066,
        -0.0556406
      ],
      [
        0.5218237,
        0.851629436,
        -0.049268052
      ],
      [
        0.0217999462,
        -0.07104913,
        -0.9972346
      ]
    ],
    "translation": [
      1.45823419,
      0.76434654,
      -0.60889
    ]
  },
  {
    "timeStamp": 29454,
    "rotation": [
      [
        -0.8115215,
        0.575862348,
        -0.0990727246
      ],
      [
        0.58281374,
        0.8098831,
        -0.06646355
      ],
      [
        0.0419634767,
        -0.11167755,
        -0.992858052
      ]
    ],
    "translation": [
      1.4573226,
      0.7940687,
      -0.600052
    ]
  },
  {
    "timeStamp": 29509,
    "rotation": [
      [
        -0.726390839,
        0.6636102,
        -0.178823248
      ],
      [
        0.682825,
        0.72640723,
        -0.07799083
      ],
      [
        0.0781429857,
        -0.178756818,
        -0.980785251
      ]
    ],
    "translation": [
      1.45496511,
      0.8450378,
      -0.5833382
    ]
  },
  {
    "timeStamp": 29554,
    "rotation": [
      [
        -0.636355639,
        0.7290787,
        -0.251983583
      ],
      [
        0.764625132,
        0.6393525,
        -0.08109758
      ],
      [
        0.101979814,
        -0.244279891,
        -0.964327455
      ]
    ],
    "translation": [
      1.462404,
      0.8929182,
      -0.5696867
    ]
  },
  {
    "timeStamp": 29609,
    "rotation": [
      [
        -0.4962344,
        0.7950874,
        -0.348693877
      ],
      [
        0.856307566,
        0.5144502,
        -0.0455883145
      ],
      [
        0.14313893,
        -0.3212117,
        -0.9361273
      ]
    ],
    "translation": [
      1.47732282,
      0.9589945,
      -0.5499478
    ]
  },
  {
    "timeStamp": 29654,
    "rotation": [
      [
        -0.376399815,
        0.821574867,
        -0.428179771
      ],
      [
        0.9130057,
        0.407412678,
        -0.0208677948
      ],
      [
        0.1573014,
        -0.3987852,
        -0.903452635
      ]
    ],
    "translation": [
      1.503353,
      1.00975478,
      -0.5357829
    ]
  },
  {
    "timeStamp": 29710,
    "rotation": [
      [
        -0.222016945,
        0.8230425,
        -0.5227901
      ],
      [
        0.959396958,
        0.280065238,
        0.03348041
      ],
      [
        0.173971131,
        -0.49413,
        -0.85180366
      ]
    ],
    "translation": [
      1.54892743,
      1.07122374,
      -0.5173015
    ]
  },
  {
    "timeStamp": 29754,
    "rotation": [
      [
        -0.135624185,
        0.7823898,
        -0.607842267
      ],
      [
        0.9786393,
        0.201463521,
        0.0409577377
      ],
      [
        0.154502958,
        -0.589303434,
        -0.7930008
      ]
    ],
    "translation": [
      1.59712219,
      1.11014974,
      -0.505761445
    ]
  },
  {
    "timeStamp": 29810,
    "rotation": [
      [
        -0.08679207,
        0.7114034,
        -0.697403967
      ],
      [
        0.9889383,
        0.146047726,
        0.0259058736
      ],
      [
        0.1202838,
        -0.687441051,
        -0.7162099
      ]
    ],
    "translation": [
      1.66198492,
      1.14550686,
      -0.492193162
    ]
  },
  {
    "timeStamp": 29854,
    "rotation": [
      [
        -0.08364342,
        0.634473145,
        -0.7684059
      ],
      [
        0.9910773,
        0.133270845,
        0.00215989584
      ],
      [
        0.1037765,
        -0.761369,
        -0.639959157
      ]
    ],
    "translation": [
      1.71646178,
      1.16156971,
      -0.485392958
    ]
  },
  {
    "timeStamp": 29910,
    "rotation": [
      [
        -0.09876347,
        0.528743148,
        -0.843016267
      ],
      [
        0.989535749,
        0.141732618,
        -0.0270336866
      ],
      [
        0.105189033,
        -0.8368647,
        -0.537208259
      ]
    ],
    "translation": [
      1.78943956,
      1.16924953,
      -0.476072341
    ]
  },
  {
    "timeStamp": 29954,
    "rotation": [
      [
        -0.11050418,
        0.4385872,
        -0.8918688
      ],
      [
        0.983186066,
        0.179498464,
        -0.0335480273
      ],
      [
        0.145375371,
        -0.880580246,
        -0.451048136
      ]
    ],
    "translation": [
      1.84681463,
      1.16505182,
      -0.473694324
    ]
  },
  {
    "timeStamp": 30010,
    "rotation": [
      [
        -0.113711193,
        0.3575942,
        -0.926928341
      ],
      [
        0.9668682,
        0.254455775,
        -0.0204458535
      ],
      [
        0.228550941,
        -0.898542464,
        -0.374680936
      ]
    ],
    "translation": [
      1.91682529,
      1.145853,
      -0.4757204
    ]
  },
  {
    "timeStamp": 30054,
    "rotation": [
      [
        -0.105423369,
        0.2855145,
        -0.952558339
      ],
      [
        0.9436071,
        0.3310264,
        -0.00521269441
      ],
      [
        0.313833654,
        -0.89939034,
        -0.304311424
      ]
    ],
    "translation": [
      1.970496,
      1.12424648,
      -0.480426043
    ]
  },
  {
    "timeStamp": 30109,
    "rotation": [
      [
        -0.107173912,
        0.256641626,
        -0.960546136
      ],
      [
        0.898436546,
        0.4387747,
        0.016989192
      ],
      [
        0.42582348,
        -0.8611689,
        -0.277601421
      ]
    ],
    "translation": [
      2.02419329,
      1.08609283,
      -0.493675768
    ]
  },
  {
    "timeStamp": 30154,
    "rotation": [
      [
        -0.0427665971,
        0.250763863,
        -0.9671031
      ],
      [
        0.864946,
        0.493768781,
        0.08978212
      ],
      [
        0.500039458,
        -0.83265233,
        -0.238014013
      ]
    ],
    "translation": [
      2.0625658,
      1.05774689,
      -0.5043242
    ]
  },
  {
    "timeStamp": 30210,
    "rotation": [
      [
        -0.05696029,
        0.166918427,
        -0.984324038
      ],
      [
        0.7993307,
        0.5983495,
        0.0552109368
      ],
      [
        0.5981855,
        -0.7836556,
        -0.16750519
      ]
    ],
    "translation": [
      2.11033225,
      1.01494133,
      -0.5223498
    ]
  },
  {
    "timeStamp": 30249,
    "rotation": [
      [
        -0.0417966545,
        0.158066243,
        -0.986543536
      ],
      [
        0.763603,
        0.641827464,
        0.07048367
      ],
      [
        0.6443318,
        -0.7503816,
        -0.1475261
      ]
    ],
    "translation": [
      2.12790513,
      0.990918159,
      -0.53211236
    ]
  },
  {
    "timeStamp": 30304,
    "rotation": [
      [
        -0.0318077058,
        0.09457788,
        -0.995009243
      ],
      [
        0.6925238,
        0.719908357,
        0.04629084
      ],
      [
        0.7206935,
        -0.6875951,
        -0.0883960649
      ]
    ],
    "translation": [
      2.15809155,
      0.9484062,
      -0.55236727
    ]
  },
  {
    "timeStamp": 30360,
    "rotation": [
      [
        -0.011241423,
        0.105341926,
        -0.9943725
      ],
      [
        0.6594425,
        0.7483164,
        0.0718201846
      ],
      [
        0.751670957,
        -0.654924154,
        -0.0778790861
      ]
    ],
    "translation": [
      2.165579,
      0.9194843,
      -0.565071464
    ]
  },
  {
    "timeStamp": 30404,
    "rotation": [
      [
        -0.01981437,
        0.08336912,
        -0.996321738
      ],
      [
        0.619028866,
        0.7835605,
        0.0532549731
      ],
      [
        0.7851182,
        -0.6156967,
        -0.06713365
      ]
    ],
    "translation": [
      2.171537,
      0.8971582,
      -0.57227093
    ]
  },
  {
    "timeStamp": 30460,
    "rotation": [
      [
        -0.0155251427,
        0.0719864145,
        -0.99728477
      ],
      [
        0.5659016,
        0.8229192,
        0.0505906679
      ],
      [
        0.824326634,
        -0.563579559,
        -0.0535131656
      ]
    ],
    "translation": [
      2.1776185,
      0.8711002,
      -0.5805825
    ]
  },
  {
    "timeStamp": 30504,
    "rotation": [
      [
        -0.02433923,
        0.03418916,
        -0.999119
      ],
      [
        0.536233842,
        0.8439213,
        0.0158153772
      ],
      [
        0.843718469,
        -0.5353764,
        -0.03887378
      ]
    ],
    "translation": [
      2.185101,
      0.856055,
      -0.582014561
    ]
  },
  {
    "timeStamp": 30560,
    "rotation": [
      [
        -0.03509111,
        -0.01617591,
        -0.9992532
      ],
      [
        0.499479473,
        0.865750849,
        -0.03155516
      ],
      [
        0.8656148,
        -0.500213742,
        -0.0223006215
      ]
    ],
    "translation": [
      2.19653869,
      0.840291,
      -0.583250344
    ]
  },
  {
    "timeStamp": 30604,
    "rotation": [
      [
        -0.0239990912,
        -0.0176925939,
        -0.999555349
      ],
      [
        0.481067568,
        0.876265764,
        -0.02706063
      ],
      [
        0.876354933,
        -0.481503129,
        -0.0125182495
      ]
    ],
    "translation": [
      2.19971037,
      0.8310452,
      -0.5820673
    ]
  },
  {
    "timeStamp": 30650,
    "rotation": [
      [
        -0.0311758649,
        -0.03994138,
        -0.9987156
      ],
      [
        0.470161557,
        0.8811676,
        -0.0499168634
      ],
      [
        0.8820296,
        -0.471113861,
        -0.00869226
      ]
    ],
    "translation": [
      2.20535374,
      0.824652255,
      -0.579937935
    ]
  },
  {
    "timeStamp": 30706,
    "rotation": [
      [
        -0.0166280884,
        -0.0406969152,
        -0.999033153
      ],
      [
        0.457260847,
        0.8882536,
        -0.0437949
      ],
      [
        0.889177144,
        -0.457546979,
        0.003839146
      ]
    ],
    "translation": [
      2.20950365,
      0.816486537,
      -0.5765692
    ]
  },
  {
    "timeStamp": 30752,
    "rotation": [
      [
        -0.0156034306,
        -0.0531054176,
        -0.998467
      ],
      [
        0.4470388,
        0.892854333,
        -0.05447425
      ],
      [
        0.8943785,
        -0.447203457,
        0.009808591
      ]
    ],
    "translation": [
      2.21375251,
      0.8100882,
      -0.5741182
    ]
  },
  {
    "timeStamp": 30809,
    "rotation": [
      [
        -0.0104777236,
        -0.0614105053,
        -0.9980576
      ],
      [
        0.436291754,
        0.8978144,
        -0.0598227829
      ],
      [
        0.8997442,
        -0.4360711,
        0.017385846
      ]
    ],
    "translation": [
      2.21894813,
      0.803652167,
      -0.570721745
    ]
  },
  {
    "timeStamp": 30854,
    "rotation": [
      [
        0.0002425617,
        -0.0628586,
        -0.998022437
      ],
      [
        0.432211339,
        0.8999957,
        -0.0565795153
      ],
      [
        0.9017723,
        -0.43134287,
        0.0273865033
      ]
    ],
    "translation": [
      2.22231627,
      0.799664,
      -0.568247
    ]
  },
  {
    "timeStamp": 30909,
    "rotation": [
      [
        0.00109783444,
        -0.0608488545,
        -0.998146355
      ],
      [
        0.434607446,
        0.8989801,
        -0.0543254763
      ],
      [
        0.9006193,
        -0.4337422,
        0.0274322964
      ]
    ],
    "translation": [
      2.22472715,
      0.797172,
      -0.564032
    ]
  },
  {
    "timeStamp": 30954,
    "rotation": [
      [
        0.000378451718,
        -0.0603682846,
        -0.9981761
      ],
      [
        0.433791757,
        0.89937973,
        -0.0542287529
      ],
      [
        0.901013,
        -0.432980031,
        0.0265276376
      ]
    ],
    "translation": [
      2.22540045,
      0.795944452,
      -0.561707
    ]
  },
  {
    "timeStamp": 31009,
    "rotation": [
      [
        -0.009930482,
        -0.0472225435,
        -0.998835
      ],
      [
        0.445243657,
        0.8941907,
        -0.04670185
      ],
      [
        0.8953544,
        -0.445188731,
        0.0121457931
      ]
    ],
    "translation": [
      2.22396922,
      0.797309756,
      -0.5575959
    ]
  },
  {
    "timeStamp": 31053,
    "rotation": [
      [
        -0.00377583527,
        -0.04849801,
        -0.998816133
      ],
      [
        0.449683845,
        0.89205277,
        -0.04501401
      ],
      [
        0.8931798,
        -0.449321419,
        0.0184405278
      ]
    ],
    "translation": [
      2.226349,
      0.795863,
      -0.555752158
    ]
  },
  {
    "timeStamp": 31109,
    "rotation": [
      [
        -0.00367600634,
        -0.04897162,
        -0.9987934
      ],
      [
        0.446402431,
        0.8936768,
        -0.04546063
      ],
      [
        0.894824743,
        -0.4460309,
        0.0185758881
      ]
    ],
    "translation": [
      2.22997832,
      0.7915429,
      -0.553950548
    ]
  },
  {
    "timeStamp": 31153,
    "rotation": [
      [
        -0.00518099,
        -0.0579876229,
        -0.998303831
      ],
      [
        0.442158073,
        0.895292044,
        -0.0542987734
      ],
      [
        0.8969222,
        -0.441689432,
        0.0210011974
      ]
    ],
    "translation": [
      2.23363137,
      0.788193166,
      -0.553245664
    ]
  },
  {
    "timeStamp": 31209,
    "rotation": [
      [
        0.0004682665,
        -0.0610677153,
        -0.9981335
      ],
      [
        0.443444967,
        0.8946414,
        -0.0545278341
      ],
      [
        0.896301448,
        -0.442591727,
        0.0274991021
      ]
    ],
    "translation": [
      2.23789668,
      0.785093665,
      -0.5529542
    ]
  },
  {
    "timeStamp": 31253,
    "rotation": [
      [
        0.00467964634,
        -0.0662298,
        -0.997793436
      ],
      [
        0.436985761,
        0.897626638,
        -0.05753164
      ],
      [
        0.899456263,
        -0.435752273,
        0.0331420526
      ]
    ],
    "translation": [
      2.24177432,
      0.7814858,
      -0.5537779
    ]
  },
  {
    "timeStamp": 31309,
    "rotation": [
      [
        0.0010684377,
        -0.07285334,
        -0.9973421
      ],
      [
        0.437280416,
        0.8969693,
        -0.06505291
      ],
      [
        0.899324536,
        -0.436048657,
        0.0328157
      ]
    ],
    "translation": [
      2.24585342,
      0.7780751,
      -0.5535656
    ]
  },
  {
    "timeStamp": 31353,
    "rotation": [
      [
        0.006020509,
        -0.06718224,
        -0.997722566
      ],
      [
        0.4406295,
        0.895835161,
        -0.0576627254
      ],
      [
        0.897668839,
        -0.439278841,
        0.03499586
      ]
    ],
    "translation": [
      2.24756217,
      0.7760633,
      -0.5531457
    ]
  },
  {
    "timeStamp": 31409,
    "rotation": [
      [
        0.000118514188,
        -0.06904767,
        -0.9976134
      ],
      [
        0.440965027,
        0.8953858,
        -0.0619198233
      ],
      [
        0.897524238,
        -0.439905256,
        0.0305537246
      ]
    ],
    "translation": [
      2.24905133,
      0.77424866,
      -0.553091347
    ]
  },
  {
    "timeStamp": 31453,
    "rotation": [
      [
        0.000348986534,
        -0.06405149,
        -0.99794656
      ],
      [
        0.44747147,
        0.89247185,
        -0.05712529
      ],
      [
        0.894298136,
        -0.446532667,
        0.0289726723
      ]
    ],
    "translation": [
      2.24993634,
      0.7734241,
      -0.5521884
    ]
  },
  {
    "timeStamp": 31509,
    "rotation": [
      [
        -0.0067319856,
        -0.06567707,
        -0.997818232
      ],
      [
        0.448057443,
        0.891871333,
        -0.06172648
      ],
      [
        0.89397943,
        -0.4474954,
        0.0234230328
      ]
    ],
    "translation": [
      2.25063014,
      0.77217865,
      -0.5517436
    ]
  },
  {
    "timeStamp": 31553,
    "rotation": [
      [
        -0.00578524265,
        -0.06545904,
        -0.997838438
      ],
      [
        0.449116737,
        0.8913829,
        -0.0610793419
      ],
      [
        0.8934544,
        -0.448499352,
        0.0242418833
      ]
    ],
    "translation": [
      2.25119448,
      0.7712481,
      -0.551261067
    ]
  },
  {
    "timeStamp": 31608,
    "rotation": [
      [
        -0.007969387,
        -0.064234525,
        -0.997903
      ],
      [
        0.448976755,
        0.891461,
        -0.0609684922
      ],
      [
        0.8935079,
        -0.448521137,
        0.02173541
      ]
    ],
    "translation": [
      2.2520268,
      0.769953966,
      -0.5510829
    ]
  },
  {
    "timeStamp": 31652,
    "rotation": [
      [
        -0.014958933,
        -0.0615935847,
        -0.997989237
      ],
      [
        0.448289663,
        0.891752541,
        -0.0617563464
      ],
      [
        0.8937632,
        -0.448312044,
        0.0142721012
      ]
    ],
    "translation": [
      2.2524085,
      0.768916845,
      -0.550594568
    ]
  },
  {
    "timeStamp": 31707,
    "rotation": [
      [
        -0.0100899134,
        -0.0517253131,
        -0.9986103
      ],
      [
        0.4471511,
        0.89301616,
        -0.0507738143
      ],
      [
        0.8944015,
        -0.447042048,
        0.0141185746
      ]
    ],
    "translation": [
      2.252767,
      0.7674983,
      -0.550702631
    ]
  },
  {
    "timeStamp": 31752,
    "rotation": [
      [
        -0.0119400211,
        -0.04965127,
        -0.9986952
      ],
      [
        0.443637818,
        0.894821942,
        -0.0497910567
      ],
      [
        0.8961266,
        -0.4436535,
        0.0113429883
      ]
    ],
    "translation": [
      2.25289655,
      0.7657944,
      -0.5506168
    ]
  },
  {
    "timeStamp": 31807,
    "rotation": [
      [
        -0.008866901,
        -0.04345256,
        -0.999016166
      ],
      [
        0.444678336,
        0.8946643,
        -0.0428605378
      ],
      [
        0.8956465,
        -0.444620878,
        0.0113895126
      ]
    ],
    "translation": [
      2.25302672,
      0.764593542,
      -0.551043749
    ]
  },
  {
    "timeStamp": 31852,
    "rotation": [
      [
        -0.007923427,
        -0.0428158231,
        -0.9990516
      ],
      [
        0.446179062,
        0.893964648,
        -0.04185079
      ],
      [
        0.894908667,
        -0.44608748,
        0.0120202592
      ]
    ],
    "translation": [
      2.253096,
      0.764597058,
      -0.550583541
    ]
  },
  {
    "timeStamp": 31907,
    "rotation": [
      [
        -0.004930046,
        -0.04170366,
        -0.999117851
      ],
      [
        0.452825278,
        0.8907277,
        -0.0394138247
      ],
      [
        0.891585648,
        -0.452620119,
        0.0144931432
      ]
    ],
    "translation": [
      2.25308371,
      0.767004132,
      -0.549377143
    ]
  }
]