[
  {
    "timeStamp": 87394,
    "rotation": [
      [
        -0.2521683,
        0.965788841,
        0.06052373
      ],
      [
        -0.0712402,
        -0.08090336,
        0.994172752
      ],
      [
        0.965057552,
        0.246387109,
        0.08920425
      ]
    ],
    "translation": [
      1.6196388,
      0.7014129,
      -0.4909111
    ]
  },
  {
    "timeStamp": 87439,
    "rotation": [
      [
        -0.311570674,
        0.9481527,
        0.062690936
      ],
      [
        -0.104612984,
        -0.0998009741,
        0.9894927
      ],
      [
        0.944446862,
        0.30173862,
        0.130284145
      ]
    ],
    "translation": [
      1.61920321,
      0.7040155,
      -0.495446682
    ]
  },
  {
    "timeStamp": 87494,
    "rotation": [
      [
        -0.319296479,
        0.9419663,
        0.103678711
      ],
      [
        -0.15760766,
        -0.160666361,
        0.974343956
      ],
      [
        0.9344568,
        0.294764042,
        0.1997613
      ]
    ],
    "translation": [
      1.61075842,
      0.7211666,
      -0.511600435
    ]
  },
  {
    "timeStamp": 87539,
    "rotation": [
      [
        -0.353156656,
        0.927585661,
        0.12192297
      ],
      [
        -0.133955687,
        -0.179111853,
        0.974666536
      ],
      [
        0.92592454,
        0.32787773,
        0.187509909
      ]
    ],
    "translation": [
      1.60511518,
      0.735102,
      -0.5211987
    ]
  },
  {
    "timeStamp": 87594,
    "rotation": [
      [
        -0.4087932,
        0.8995237,
        0.154094964
      ],
      [
        -0.107881531,
        -0.2152934,
        0.9705722
      ],
      [
        0.906228244,
        0.380139321,
        0.185052484
      ]
    ],
    "translation": [
      1.59971988,
      0.7524805,
      -0.5418518
    ]
  },
  {
    "timeStamp": 87650,
    "rotation": [
      [
        -0.479459,
        0.8608458,
        0.170480624
      ],
      [
        -0.09995891,
        -0.246573642,
        0.9639552
      ],
      [
        0.8718528,
        0.445135951,
        0.204271168
      ]
    ],
    "translation": [
      1.59900486,
      0.767155647,
      -0.5730681
    ]
  },
  {
    "timeStamp": 87694,
    "rotation": [
      [
        -0.5287337,
        0.8302239,
        0.176547542
      ],
      [
        -0.105160087,
        -0.2704715,
        0.956967354
      ],
      [
        0.842248261,
        0.487415075,
        0.230313808
      ]
    ],
    "translation": [
      1.60479963,
      0.776036263,
      -0.6018139
    ]
  },
  {
    "timeStamp": 87750,
    "rotation": [
      [
        -0.5721126,
        0.7992293,
        0.184172958
      ],
      [
        -0.112515263,
        -0.2989108,
        0.947624743
      ],
      [
        0.8124207,
        0.5214258,
        0.260936141
      ]
    ],
    "translation": [
      1.61828327,
      0.785852,
      -0.639989436
    ]
  },
  {
    "timeStamp": 87794,
    "rotation": [
      [
        -0.5901761,
        0.78872925,
        0.172041729
      ],
      [
        -0.118507132,
        -0.295452446,
        0.947978854
      ],
      [
        0.7985288,
        0.5390863,
        0.267839
      ]
    ],
    "translation": [
      1.63576531,
      0.791427851,
      -0.6680532
    ]
  },
  {
    "timeStamp": 87850,
    "rotation": [
      [
        -0.5899718,
        0.785790563,
        0.1856514
      ],
      [
        -0.124115683,
        -0.315457284,
        0.940788
      ],
      [
        0.797827363,
        0.5319961,
        0.283639818
      ]
    ],
    "translation": [
      1.660464,
      0.799140036,
      -0.700433552
    ]
  },
  {
    "timeStamp": 87894,
    "rotation": [
      [
        -0.5615446,
        0.801299,
        0.206367388
      ],
      [
        -0.1265378,
        -0.3296301,
        0.9355919
      ],
      [
        0.817713737,
        0.499263316,
        0.286496639
      ]
    ],
    "translation": [
      1.68374884,
      0.8057978,
      -0.721540451
    ]
  },
  {
    "timeStamp": 87949,
    "rotation": [
      [
        -0.49995482,
        0.83256197,
        0.23850739
      ],
      [
        -0.12189278,
        -0.3403003,
        0.9323829
      ],
      [
        0.8574307,
        0.437077,
        0.271618068
      ]
    ],
    "translation": [
      1.71649277,
      0.8155212,
      -0.741322339
    ]
  },
  {
    "timeStamp": 87994,
    "rotation": [
      [
        -0.431256443,
        0.861010432,
        0.269590348
      ],
      [
        -0.102478445,
        -0.343616724,
        0.93350184
      ],
      [
        0.896390557,
        0.374951482,
        0.236421928
      ]
    ],
    "translation": [
      1.74536884,
      0.8259397,
      -0.7518498
    ]
  },
  {
    "timeStamp": 88050,
    "rotation": [
      [
        -0.3207214,
        0.897857964,
        0.30164367
      ],
      [
        -0.0610042848,
        -0.337387,
        0.9393873
      ],
      [
        0.945207,
        0.282880068,
        0.162980422
      ]
    ],
    "translation": [
      1.78565466,
      0.842635751,
      -0.7567812
    ]
  },
  {
    "timeStamp": 88094,
    "rotation": [
      [
        -0.215601325,
        0.922337234,
        0.320640117
      ],
      [
        -0.00408880366,
        -0.329212576,
        0.944247
      ],
      [
        0.976472855,
        0.202269882,
        0.0747499242
      ]
    ],
    "translation": [
      1.82234645,
      0.8594552,
      -0.756174266
    ]
  },
  {
    "timeStamp": 88150,
    "rotation": [
      [
        -0.0768405348,
        0.9438343,
        0.321360052
      ],
      [
        0.06474705,
        -0.316909015,
        0.946243346
      ],
      [
        0.99493885,
        0.09351696,
        -0.03675903
      ]
    ],
    "translation": [
      1.87203491,
      0.881709158,
      -0.751244843
    ]
  },
  {
    "timeStamp": 88194,
    "rotation": [
      [
        0.0281718727,
        0.954775155,
        0.295990974
      ],
      [
        0.127864584,
        -0.297118,
        0.9462407
      ],
      [
        0.9913914,
        0.0111894,
        -0.1304523
      ]
    ],
    "translation": [
      1.91492331,
      0.89961946,
      -0.748211443
    ]
  },
  {
    "timeStamp": 88250,
    "rotation": [
      [
        0.149693117,
        0.9598592,
        0.237196684
      ],
      [
        0.202195838,
        -0.264548153,
        0.9429375
      ],
      [
        0.967837155,
        -0.09319107,
        -0.233680576
      ]
    ],
    "translation": [
      1.972941,
      0.91952,
      -0.7431026
    ]
  },
  {
    "timeStamp": 88294,
    "rotation": [
      [
        0.2342656,
        0.9539277,
        0.187460631
      ],
      [
        0.2496348,
        -0.245386839,
        0.9367325
      ],
      [
        0.939575434,
        -0.172647476,
        -0.295619249
      ]
    ],
    "translation": [
      2.01664686,
      0.9312462,
      -0.7427934
    ]
  },
  {
    "timeStamp": 88349,
    "rotation": [
      [
        0.3121055,
        0.9430006,
        0.115498461
      ],
      [
        0.287071645,
        -0.209496513,
        0.9347198
      ],
      [
        0.90563786,
        -0.258574873,
        -0.336093783
      ]
    ],
    "translation": [
      2.06873822,
      0.9357839,
      -0.744952738
    ]
  },
  {
    "timeStamp": 88392,
    "rotation": [
      [
        0.3390488,
        0.937812,
        0.07452921
      ],
      [
        0.2844084,
        -0.177692011,
        0.942092061
      ],
      [
        0.8967485,
        -0.298218459,
        -0.326967865
      ]
    ],
    "translation": [
      2.09497857,
      0.929803669,
      -0.748568
    ]
  },
  {
    "timeStamp": 88444,
    "rotation": [
      [
        0.362047762,
        0.9320011,
        0.017185621
      ],
      [
        0.199004874,
        -0.0952910259,
        0.9753547
      ],
      [
        0.9106693,
        -0.349704951,
        -0.21997267
      ]
    ],
    "translation": [
      2.13594031,
      0.89780575,
      -0.7589506
    ]
  },
  {
    "timeStamp": 88489,
    "rotation": [
      [
        0.3599333,
        0.932974458,
        -0.002579102
      ],
      [
        0.131816074,
        -0.0481164381,
        0.9901057
      ],
      [
        0.9236193,
        -0.356711954,
        -0.140299737
      ]
    ],
    "translation": [
      2.15481353,
      0.868356347,
      -0.768088758
    ]
  },
  {
    "timeStamp": 88544,
    "rotation": [
      [
        0.350285053,
        0.9360285,
        -0.03392754
      ],
      [
        0.076687634,
        0.007440115,
        0.9970274
      ],
      [
        0.9334985,
        -0.351845622,
        -0.0691756457
      ]
    ],
    "translation": [
      2.171476,
      0.8344676,
      -0.7746143
    ]
  },
  {
    "timeStamp": 88600,
    "rotation": [
      [
        0.342797518,
        0.9388728,
        -0.03174427
      ],
      [
        0.0144988718,
        0.0284999851,
        0.999488652
      ],
      [
        0.939297438,
        -0.343082458,
        -0.00384287257
      ]
    ],
    "translation": [
      2.180857,
      0.804150045,
      -0.780715644
    ]
  },
  {
    "timeStamp": 88644,
    "rotation": [
      [
        0.319598466,
        0.9455086,
        -0.0622117668
      ],
      [
        -0.03425674,
        0.0771417245,
        0.99643147
      ],
      [
        0.9469336,
        -0.3163268,
        0.05704442
      ]
    ],
    "translation": [
      2.18779445,
      0.7828212,
      -0.784456968
    ]
  },
  {
    "timeStamp": 88690,
    "rotation": [
      [
        0.316350758,
        0.9466665,
        -0.0611948222
      ],
      [
        -0.0575451031,
        0.08353902,
        0.9948416
      ],
      [
        0.946895361,
        -0.3111974,
        0.08090365
      ]
    ],
    "translation": [
      2.191134,
      0.7690382,
      -0.7856914
    ]
  },
  {
    "timeStamp": 88744,
    "rotation": [
      [
        0.298819631,
        0.9512684,
        -0.07612744
      ],
      [
        -0.109053873,
        0.113288514,
        0.9875591
      ],
      [
        0.9480581,
        -0.286800057,
        0.137592331
      ]
    ],
    "translation": [
      2.1960032,
      0.752322733,
      -0.790605962
    ]
  },
  {
    "timeStamp": 88790,
    "rotation": [
      [
        0.3035779,
        0.9483712,
        -0.0918293
      ],
      [
        -0.107448682,
        0.129838228,
        0.985696137
      ],
      [
        0.9467287,
        -0.289368659,
        0.141317248
      ]
    ],
    "translation": [
      2.20157743,
      0.74456203,
      -0.79036665
    ]
  },
  {
    "timeStamp": 88846,
    "rotation": [
      [
        0.304503262,
        0.9449819,
        -0.119528063
      ],
      [
        -0.106308043,
        0.1584197,
        0.981632233
      ],
      [
        0.946560264,
        -0.286203444,
        0.1486985
      ]
    ],
    "translation": [
      2.20790839,
      0.738533854,
      -0.789174855
    ]
  }
]