[
  {
    "timeStamp": 90459,
    "rotation": [
      [
        0.999446034,
        -0.0294767469,
        0.0154490462
      ],
      [
        0.0288345944,
        0.998773158,
        0.040258795
      ],
      [
        -0.0166167915,
        -0.03979103,
        0.9990698
      ]
    ],
    "translation": [
      1.29993141,
      0.8453682,
      -0.6331331
    ]
  },
  {
    "timeStamp": 90504,
    "rotation": [
      [
        0.9998907,
        0.0134835672,
        0.00606919
      ],
      [
        -0.0140263531,
        0.994818866,
        0.100690924
      ],
      [
        -0.004680072,
        -0.100765049,
        0.9948993
      ]
    ],
    "translation": [
      1.3064419,
      0.8485702,
      -0.641977966
    ]
  },
  {
    "timeStamp": 90561,
    "rotation": [
      [
        0.9990181,
        0.04261319,
        0.0121279545
      ],
      [
        -0.04395017,
        0.9877514,
        0.1497181
      ],
      [
        -0.005599438,
        -0.15010412,
        0.9886543
      ]
    ],
    "translation": [
      1.31070554,
      0.846617043,
      -0.6492656
    ]
  },
  {
    "timeStamp": 90604,
    "rotation": [
      [
        0.9986966,
        0.05088414,
        0.003988729
      ],
      [
        -0.05103204,
        0.994082153,
        0.0958981961
      ],
      [
        0.000914572855,
        -0.095976755,
        0.995383143
      ]
    ],
    "translation": [
      1.321628,
      0.857027,
      -0.659292042
    ]
  },
  {
    "timeStamp": 90659,
    "rotation": [
      [
        0.9954924,
        0.09368808,
        -0.014743356
      ],
      [
        -0.09259879,
        0.993743837,
        0.0624391548
      ],
      [
        0.0205009226,
        -0.0607924871,
        0.9979399
      ]
    ],
    "translation": [
      1.3422941,
      0.8713267,
      -0.6796602
    ]
  },
  {
    "timeStamp": 90704,
    "rotation": [
      [
        0.9916435,
        0.120071791,
        -0.04718061
      ],
      [
        -0.118304551,
        0.9922258,
        0.0386259444
      ],
      [
        0.0514517054,
        -0.0327214859,
        0.9981393
      ]
    ],
    "translation": [
      1.36328542,
      0.8807297,
      -0.69957304
    ]
  },
  {
    "timeStamp": 90759,
    "rotation": [
      [
        0.9873281,
        0.1269702,
        -0.09519388
      ],
      [
        -0.129166618,
        0.99147284,
        -0.0172522925
      ],
      [
        0.0921916142,
        0.0293295439,
        0.995309234
      ]
    ],
    "translation": [
      1.39525735,
      0.88822,
      -0.7273665
    ]
  },
  {
    "timeStamp": 90804,
    "rotation": [
      [
        0.984059,
        0.124976054,
        -0.126526326
      ],
      [
        -0.132507011,
        0.9897676,
        -0.0529333279
      ],
      [
        0.118616268,
        0.0688551441,
        0.9905499
      ]
    ],
    "translation": [
      1.42558956,
      0.8920306,
      -0.7486498
    ]
  },
  {
    "timeStamp": 90859,
    "rotation": [
      [
        0.9836282,
        0.112512082,
        -0.140771538
      ],
      [
        -0.1267582,
        0.9872109,
        -0.0966799259
      ],
      [
        0.128093526,
        0.112941049,
        0.9853103
      ]
    ],
    "translation": [
      1.46649885,
      0.89554,
      -0.7710581
    ]
  },
  {
    "timeStamp": 90904,
    "rotation": [
      [
        0.986187339,
        0.107158087,
        -0.126300067
      ],
      [
        -0.1220686,
        0.9856116,
        -0.116914041
      ],
      [
        0.11195454,
        0.130716413,
        0.985078335
      ]
    ],
    "translation": [
      1.50164676,
      0.897934854,
      -0.7841718
    ]
  },
  {
    "timeStamp": 90959,
    "rotation": [
      [
        0.9903084,
        0.110104948,
        -0.084653154
      ],
      [
        -0.118820727,
        0.987247646,
        -0.105941877
      ],
      [
        0.0719089061,
        0.114973687,
        0.9907624
      ]
    ],
    "translation": [
      1.54648459,
      0.900372863,
      -0.795516551
    ]
  },
  {
    "timeStamp": 91004,
    "rotation": [
      [
        0.9946403,
        0.100033551,
        -0.0261543281
      ],
      [
        -0.102354184,
        0.988416135,
        -0.112058662
      ],
      [
        0.0146417348,
        0.114135064,
        0.99335736
      ]
    ],
    "translation": [
      1.581265,
      0.900384,
      -0.7979423
    ]
  },
  {
    "timeStamp": 91059,
    "rotation": [
      [
        0.99234134,
        0.09352738,
        0.08069262
      ],
      [
        -0.08603125,
        0.9920497,
        -0.0918478146
      ],
      [
        -0.0886413753,
        0.0842023,
        0.9924982
      ]
    ],
    "translation": [
      1.6252023,
      0.9026681,
      -0.7942224
    ]
  },
  {
    "timeStamp": 91104,
    "rotation": [
      [
        0.9795822,
        0.08766851,
        0.180922657
      ],
      [
        -0.0769896358,
        0.99489516,
        -0.0652394742
      ],
      [
        -0.185718521,
        0.0499782562,
        0.9813311
      ]
    ],
    "translation": [
      1.66107762,
      0.9077258,
      -0.7864839
    ]
  },
  {
    "timeStamp": 91159,
    "rotation": [
      [
        0.9399877,
        0.09099162,
        0.328851819
      ],
      [
        -0.089494966,
        0.995792031,
        -0.0197188053
      ],
      [
        -0.329262257,
        -0.0108951479,
        0.944175661
      ]
    ],
    "translation": [
      1.707247,
      0.920230746,
      -0.771361232
    ]
  },
  {
    "timeStamp": 91203,
    "rotation": [
      [
        0.8907454,
        0.08321983,
        0.446818769
      ],
      [
        -0.107763894,
        0.9937313,
        0.0297481678
      ],
      [
        -0.441542149,
        -0.07464898,
        0.894129753
      ]
    ],
    "translation": [
      1.74679184,
      0.933358133,
      -0.7605834
    ]
  },
  {
    "timeStamp": 91259,
    "rotation": [
      [
        0.8032043,
        0.0605679378,
        0.592616558
      ],
      [
        -0.146219373,
        0.9844292,
        0.09756594
      ],
      [
        -0.577479661,
        -0.165017411,
        0.799554
      ]
    ],
    "translation": [
      1.79874551,
      0.9532673,
      -0.7473904
    ]
  },
  {
    "timeStamp": 91303,
    "rotation": [
      [
        0.716876,
        0.0248103719,
        0.6967591
      ],
      [
        -0.188045114,
        0.969211,
        0.158962458
      ],
      [
        -0.6713627,
        -0.244978517,
        0.6994695
      ]
    ],
    "translation": [
      1.8416245,
      0.9722638,
      -0.742128432
    ]
  },
  {
    "timeStamp": 91359,
    "rotation": [
      [
        0.6080706,
        -0.03238472,
        0.7932221
      ],
      [
        -0.250986755,
        0.9400772,
        0.230782539
      ],
      [
        -0.7531638,
        -0.339420348,
        0.5635052
      ]
    ],
    "translation": [
      1.89596689,
      0.997362435,
      -0.7397001
    ]
  },
  {
    "timeStamp": 91403,
    "rotation": [
      [
        0.5273968,
        -0.0985949561,
        0.843879
      ],
      [
        -0.2859087,
        0.914720953,
        0.2855554
      ],
      [
        -0.8000681,
        -0.39187333,
        0.4542317
      ]
    ],
    "translation": [
      1.93607223,
      1.01264739,
      -0.742584944
    ]
  },
  {
    "timeStamp": 91459,
    "rotation": [
      [
        0.4210492,
        -0.1711209,
        0.8907498
      ],
      [
        -0.31179893,
        0.8948902,
        0.319300771
      ],
      [
        -0.8517623,
        -0.4121762,
        0.323437482
      ]
    ],
    "translation": [
      1.98753858,
      1.02371728,
      -0.7460592
    ]
  },
  {
    "timeStamp": 91501,
    "rotation": [
      [
        0.363709,
        -0.208874568,
        0.907792449
      ],
      [
        -0.312427133,
        0.890734136,
        0.3301242
      ],
      [
        -0.8775563,
        -0.403688133,
        0.2587099
      ]
    ],
    "translation": [
      2.01650381,
      1.02512956,
      -0.7490985
    ]
  },
  {
    "timeStamp": 91554,
    "rotation": [
      [
        0.27811,
        -0.260534853,
        0.9245412
      ],
      [
        -0.2835904,
        0.897337139,
        0.338175237
      ],
      [
        -0.917731643,
        -0.356240928,
        0.175673246
      ]
    ],
    "translation": [
      2.065987,
      1.01657629,
      -0.755503535
    ]
  },
  {
    "timeStamp": 91609,
    "rotation": [
      [
        0.238504767,
        -0.271131337,
        0.9325252
      ],
      [
        -0.246304214,
        0.911951244,
        0.328144819
      ],
      [
        -0.9393879,
        -0.307949,
        0.150723934
      ]
    ],
    "translation": [
      2.097724,
      1.00204229,
      -0.7626977
    ]
  },
  {
    "timeStamp": 91654,
    "rotation": [
      [
        0.237469867,
        -0.269051254,
        0.9333914
      ],
      [
        -0.195643514,
        0.9279402,
        0.3172548
      ],
      [
        -0.951489151,
        -0.257950425,
        0.1677197
      ]
    ],
    "translation": [
      2.11532283,
      0.987930357,
      -0.7658062
    ]
  },
  {
    "timeStamp": 91709,
    "rotation": [
      [
        0.239351392,
        -0.2609611,
        0.935206
      ],
      [
        -0.14025037,
        0.943809,
        0.299256563
      ],
      [
        -0.960750163,
        -0.202790469,
        0.189302087
      ]
    ],
    "translation": [
      2.1321733,
      0.9677369,
      -0.771145344
    ]
  },
  {
    "timeStamp": 91754,
    "rotation": [
      [
        0.244192481,
        -0.244594261,
        0.93837285
      ],
      [
        -0.108778983,
        0.95465064,
        0.27714473
      ],
      [
        -0.9636063,
        -0.1697519,
        0.20651181
      ]
    ],
    "translation": [
      2.14182425,
      0.9540967,
      -0.7738201
    ]
  },
  {
    "timeStamp": 91810,
    "rotation": [
      [
        0.2701536,
        -0.222152457,
        0.936838
      ],
      [
        -0.07054147,
        0.9658355,
        0.24937053
      ],
      [
        -0.960229635,
        -0.133454278,
        0.245253012
      ]
    ],
    "translation": [
      2.14753556,
      0.935716331,
      -0.7759805
    ]
  },
  {
    "timeStamp": 91854,
    "rotation": [
      [
        0.28757292,
        -0.220576569,
        0.932012737
      ],
      [
        -0.04147159,
        0.969338059,
        0.2422063
      ],
      [
        -0.9568604,
        -0.108304024,
        0.269607723
      ]
    ],
    "translation": [
      2.15022278,
      0.92215246,
      -0.776410937
    ]
  },
  {
    "timeStamp": 91910,
    "rotation": [
      [
        0.299803048,
        -0.216227576,
        0.929173768
      ],
      [
        -0.0291137435,
        0.9714482,
        0.23545894
      ],
      [
        -0.953556836,
        -0.09764303,
        0.284947932
      ]
    ],
    "translation": [
      2.15484834,
      0.91437,
      -0.7776912
    ]
  },
  {
    "timeStamp": 91955,
    "rotation": [
      [
        0.302733481,
        -0.223253414,
        0.9265584
      ],
      [
        -0.0296988655,
        0.969495654,
        0.2433026
      ],
      [
        -0.95261246,
        -0.101173572,
        0.286868423
      ]
    ],
    "translation": [
      2.15848374,
      0.912875831,
      -0.7783638
    ]
  },
  {
    "timeStamp": 92001,
    "rotation": [
      [
        0.299250275,
        -0.219206125,
        0.9286539
      ],
      [
        -0.03749622,
        0.9698002,
        0.241001412
      ],
      [
        -0.9534376,
        -0.106940754,
        0.281993568
      ]
    ],
    "translation": [
      2.16438961,
      0.911044657,
      -0.7800497
    ]
  },
  {
    "timeStamp": 92058,
    "rotation": [
      [
        0.3051613,
        -0.247952387,
        0.9194543
      ],
      [
        -0.0504120439,
        0.9599484,
        0.275604039
      ],
      [
        -0.9509654,
        -0.130455256,
        0.280439317
      ]
    ],
    "translation": [
      2.17008471,
      0.912147462,
      -0.7817707
    ]
  },
  {
    "timeStamp": 92103,
    "rotation": [
      [
        0.303448051,
        -0.273222476,
        0.912835538
      ],
      [
        -0.0519962981,
        0.951831937,
        0.302179337
      ],
      [
        -0.951428235,
        -0.1391598,
        0.274624974
      ]
    ],
    "translation": [
      2.173663,
      0.9118435,
      -0.782485
    ]
  },
  {
    "timeStamp": 92159,
    "rotation": [
      [
        0.2960712,
        -0.274515629,
        0.9148678
      ],
      [
        -0.0548605621,
        0.951342,
        0.303214163
      ],
      [
        -0.953589141,
        -0.139963135,
        0.266604871
      ]
    ],
    "translation": [
      2.179024,
      0.912174642,
      -0.781755
    ]
  },
  {
    "timeStamp": 92203,
    "rotation": [
      [
        0.3070234,
        -0.304493636,
        0.901676357
      ],
      [
        -0.04519116,
        0.9417024,
        0.333398074
      ],
      [
        -0.9506284,
        -0.143108815,
        0.27536428
      ]
    ],
    "translation": [
      2.18064857,
      0.907963037,
      -0.7841508
    ]
  },
  {
    "timeStamp": 92259,
    "rotation": [
      [
        0.296847343,
        -0.3346044,
        0.8943834
      ],
      [
        -0.0418199338,
        0.93114686,
        0.362238377
      ],
      [
        -0.954008758,
        -0.144932553,
        0.26241532
      ]
    ],
    "translation": [
      2.18252587,
      0.9085315,
      -0.78372705
    ]
  }
]