[
  {
    "timeStamp": 94702,
    "rotation": [
      [
        0.99982363,
        0.01554788,
        0.0105365142
      ],
      [
        -0.0139209814,
        0.9900581,
        -0.1399684
      ],
      [
        -0.0126079731,
        0.139797032,
        0.9900999
      ]
    ],
    "translation": [
      1.15327525,
      0.699487567,
      -0.493298352
    ]
  },
  {
    "timeStamp": 94759,
    "rotation": [
      [
        0.997480869,
        0.06908469,
        0.01610301
      ],
      [
        -0.0647766963,
        0.9796095,
        -0.190182149
      ],
      [
        -0.0289133377,
        0.188659951,
        0.981616735
      ]
    ],
    "translation": [
      1.15652978,
      0.7172542,
      -0.505812168
    ]
  },
  {
    "timeStamp": 94801,
    "rotation": [
      [
        0.993537247,
        0.109366246,
        -0.0303778034
      ],
      [
        -0.113229111,
        0.973661244,
        -0.19789654
      ],
      [
        0.007934487,
        0.200057223,
        0.979752064
      ]
    ],
    "translation": [
      1.16268885,
      0.734500766,
      -0.5256932
    ]
  },
  {
    "timeStamp": 94857,
    "rotation": [
      [
        0.9885375,
        0.123540752,
        -0.0867824852
      ],
      [
        -0.139012471,
        0.9690572,
        -0.203969657
      ],
      [
        0.05889863,
        0.213695511,
        0.975123167
      ]
    ],
    "translation": [
      1.178978,
      0.750494,
      -0.5576788
    ]
  },
  {
    "timeStamp": 94902,
    "rotation": [
      [
        0.983590066,
        0.149760947,
        -0.100609422
      ],
      [
        -0.169964239,
        0.956211567,
        -0.238267869
      ],
      [
        0.060520675,
        0.25145793,
        0.9659742
      ]
    ],
    "translation": [
      1.19909656,
      0.7647373,
      -0.584536552
    ]
  },
  {
    "timeStamp": 94957,
    "rotation": [
      [
        0.9758201,
        0.1776233,
        -0.127377763
      ],
      [
        -0.2073564,
        0.9365943,
        -0.2824791
      ],
      [
        0.06912641,
        0.302061379,
        0.9507789
      ]
    ],
    "translation": [
      1.23281562,
      0.782450259,
      -0.623635948
    ]
  },
  {
    "timeStamp": 95002,
    "rotation": [
      [
        0.9720284,
        0.186438456,
        -0.142833486
      ],
      [
        -0.223095968,
        0.9230394,
        -0.313411
      ],
      [
        0.07340907,
        0.336509973,
        0.938814163
      ]
    ],
    "translation": [
      1.266366,
      0.791881263,
      -0.6557207
    ]
  },
  {
    "timeStamp": 95057,
    "rotation": [
      [
        0.974791348,
        0.177832961,
        -0.134748831
      ],
      [
        -0.215406626,
        0.9074966,
        -0.360624373
      ],
      [
        0.05815321,
        0.3805593,
        0.9229262
      ]
    ],
    "translation": [
      1.31531537,
      0.7968694,
      -0.693365157
    ]
  },
  {
    "timeStamp": 95102,
    "rotation": [
      [
        0.9795333,
        0.168440834,
        -0.110192031
      ],
      [
        -0.198983148,
        0.8928572,
        -0.4039947
      ],
      [
        0.03033654,
        0.417652637,
        0.9081002
      ]
    ],
    "translation": [
      1.3582629,
      0.7980624,
      -0.720355153
    ]
  },
  {
    "timeStamp": 95158,
    "rotation": [
      [
        0.985106766,
        0.162168771,
        -0.0571492
      ],
      [
        -0.170448244,
        0.877274752,
        -0.448705316
      ],
      [
        -0.0226304438,
        0.4517636,
        0.89185065
      ]
    ],
    "translation": [
      1.41307247,
      0.79873085,
      -0.747272968
    ]
  },
  {
    "timeStamp": 95202,
    "rotation": [
      [
        0.9867657,
        0.161963627,
        -0.007823392
      ],
      [
        -0.14608486,
        0.867012739,
        -0.47639063
      ],
      [
        -0.07037497,
        0.4712288,
        0.8791989
      ]
    ],
    "translation": [
      1.455867,
      0.799528241,
      -0.764705539
    ]
  },
  {
    "timeStamp": 95257,
    "rotation": [
      [
        0.986523747,
        0.155288368,
        0.0515400544
      ],
      [
        -0.111021847,
        0.8667086,
        -0.4863028
      ],
      [
        -0.120187372,
        0.4740272,
        0.872269034
      ]
    ],
    "translation": [
      1.50896585,
      0.7997343,
      -0.7809297
    ]
  },
  {
    "timeStamp": 95302,
    "rotation": [
      [
        0.980806649,
        0.165787354,
        0.102630056
      ],
      [
        -0.09511046,
        0.866276145,
        -0.490428
      ],
      [
        -0.170212731,
        0.471253842,
        0.86541754
      ]
    ],
    "translation": [
      1.5475688,
      0.8022473,
      -0.788134754
    ]
  },
  {
    "timeStamp": 95357,
    "rotation": [
      [
        0.9638174,
        0.189602137,
        0.187368348
      ],
      [
        -0.080282256,
        0.876737952,
        -0.474220723
      ],
      [
        -0.2541862,
        0.44201985,
        0.860237
      ]
    ],
    "translation": [
      1.59379447,
      0.807902932,
      -0.7869476
    ]
  },
  {
    "timeStamp": 95402,
    "rotation": [
      [
        0.9400485,
        0.222230092,
        0.258694082
      ],
      [
        -0.08751383,
        0.8903306,
        -0.446825117
      ],
      [
        -0.3296213,
        0.397397965,
        0.856402159
      ]
    ],
    "translation": [
      1.62869275,
      0.8174632,
      -0.7785424
    ]
  },
  {
    "timeStamp": 95457,
    "rotation": [
      [
        0.887387753,
        0.285922259,
        0.361651033
      ],
      [
        -0.120271407,
        0.900861859,
        -0.417112261
      ],
      [
        -0.445059329,
        0.326644033,
        0.833802044
      ]
    ],
    "translation": [
      1.67182684,
      0.83666867,
      -0.760167837
    ]
  },
  {
    "timeStamp": 95502,
    "rotation": [
      [
        0.8304899,
        0.3360948,
        0.4442148
      ],
      [
        -0.159718618,
        0.907657862,
        -0.38813293
      ],
      [
        -0.5336445,
        0.2513911,
        0.8074813
      ]
    ],
    "translation": [
      1.70726812,
      0.8562411,
      -0.742604434
    ]
  },
  {
    "timeStamp": 95557,
    "rotation": [
      [
        0.7372919,
        0.392642647,
        0.549756646
      ],
      [
        -0.227269247,
        0.9104882,
        -0.3454851
      ],
      [
        -0.6361991,
        0.129780576,
        0.7605312
      ]
    ],
    "translation": [
      1.75621116,
      0.8867428,
      -0.7191938
    ]
  },
  {
    "timeStamp": 95601,
    "rotation": [
      [
        0.649896,
        0.431429654,
        0.62570256
      ],
      [
        -0.295846075,
        0.901939,
        -0.3146128
      ],
      [
        -0.7000788,
        0.0193539746,
        0.713803351
      ]
    ],
    "translation": [
      1.79768407,
      0.915673733,
      -0.702474535
    ]
  },
  {
    "timeStamp": 95657,
    "rotation": [
      [
        0.5342355,
        0.463594049,
        0.7068755
      ],
      [
        -0.3741372,
        0.879517853,
        -0.29405728
      ],
      [
        -0.758032858,
        -0.107372612,
        0.6433174
      ]
    ],
    "translation": [
      1.850786,
      0.950399339,
      -0.688022256
    ]
  },
  {
    "timeStamp": 95701,
    "rotation": [
      [
        0.441123247,
        0.462483823,
        0.769102752
      ],
      [
        -0.430063576,
        0.8611174,
        -0.271149516
      ],
      [
        -0.787690043,
        -0.211152717,
        0.5787564
      ]
    ],
    "translation": [
      1.896129,
      0.976822,
      -0.68029356
    ]
  },
  {
    "timeStamp": 95756,
    "rotation": [
      [
        0.324910462,
        0.425728232,
        0.844504952
      ],
      [
        -0.4913346,
        0.838974357,
        -0.233906657
      ],
      [
        -0.8080987,
        -0.3389358,
        0.481766552
      ]
    ],
    "translation": [
      1.95662034,
      1.00580072,
      -0.6746309
    ]
  },
  {
    "timeStamp": 95800,
    "rotation": [
      [
        0.236194611,
        0.380483985,
        0.894116342
      ],
      [
        -0.522267044,
        0.8256536,
        -0.213385344
      ],
      [
        -0.8194201,
        -0.416567,
        0.39372915
      ]
    ],
    "translation": [
      2.00588632,
      1.02281415,
      -0.6734723
    ]
  },
  {
    "timeStamp": 95854,
    "rotation": [
      [
        0.161744162,
        0.3190693,
        0.9338274
      ],
      [
        -0.537200868,
        0.8222579,
        -0.1879021
      ],
      [
        -0.827800751,
        -0.471260875,
        0.3043997
      ]
    ],
    "translation": [
      2.054918,
      1.03241968,
      -0.6743472
    ]
  },
  {
    "timeStamp": 95907,
    "rotation": [
      [
        0.0993328,
        0.217255309,
        0.9710474
      ],
      [
        -0.5074667,
        0.8504886,
        -0.138371289
      ],
      [
        -0.855926752,
        -0.479029447,
        0.19473125
      ]
    ],
    "translation": [
      2.11556125,
      1.02835572,
      -0.677897453
    ]
  },
  {
    "timeStamp": 95952,
    "rotation": [
      [
        0.08624973,
        0.149784923,
        0.98494947
      ],
      [
        -0.481450737,
        0.871796846,
        -0.09041786
      ],
      [
        -0.8722191,
        -0.466406137,
        0.147306308
      ]
    ],
    "translation": [
      2.14665675,
      1.0175606,
      -0.6803947
    ]
  },
  {
    "timeStamp": 96007,
    "rotation": [
      [
        0.07972187,
        0.09587948,
        0.992195368
      ],
      [
        -0.3646817,
        0.9291656,
        -0.0604868829
      ],
      [
        -0.9277132,
        -0.357013345,
        0.1090403
      ]
    ],
    "translation": [
      2.17497253,
      0.9882532,
      -0.6819437
    ]
  },
  {
    "timeStamp": 96052,
    "rotation": [
      [
        0.0928801447,
        0.08740473,
        0.991833448
      ],
      [
        -0.239794552,
        0.968782663,
        -0.06291786
      ],
      [
        -0.9663704,
        -0.231992438,
        0.110939853
      ]
    ],
    "translation": [
      2.18856025,
      0.955198646,
      -0.6835336
    ]
  },
  {
    "timeStamp": 96107,
    "rotation": [
      [
        0.0818370059,
        0.07459115,
        0.9938505
      ],
      [
        -0.1844183,
        0.9811083,
        -0.05844919
      ],
      [
        -0.9794348,
        -0.178500935,
        0.09404694
      ]
    ],
    "translation": [
      2.20187,
      0.929538,
      -0.6820708
    ]
  },
  {
    "timeStamp": 96152,
    "rotation": [
      [
        0.111193605,
        0.1008038,
        0.988673151
      ],
      [
        -0.1260774,
        0.988235056,
        -0.086579524
      ],
      [
        -0.9857689,
        -0.11502225,
        0.1225945
      ]
    ],
    "translation": [
      2.2016952,
      0.9082797,
      -0.6807003
    ]
  },
  {
    "timeStamp": 96207,
    "rotation": [
      [
        0.0958593041,
        0.102087893,
        0.990146
      ],
      [
        -0.08797966,
        0.9917027,
        -0.093730785
      ],
      [
        -0.9914992,
        -0.0781277344,
        0.104045585
      ]
    ],
    "translation": [
      2.20807314,
      0.8896638,
      -0.674026847
    ]
  },
  {
    "timeStamp": 96252,
    "rotation": [
      [
        0.08260777,
        0.111392848,
        0.9903371
      ],
      [
        -0.06515951,
        0.9922109,
        -0.106168412
      ],
      [
        -0.9944497,
        -0.055759538,
        0.08922263
      ]
    ],
    "translation": [
      2.21254086,
      0.8794679,
      -0.668331
    ]
  },
  {
    "timeStamp": 96309,
    "rotation": [
      [
        0.06385562,
        0.150891826,
        0.9864857
      ],
      [
        -0.047061488,
        0.987858653,
        -0.148055524
      ],
      [
        -0.9968489,
        -0.036971312,
        0.07018152
      ]
    ],
    "translation": [
      2.21443415,
      0.870458961,
      -0.660411358
    ]
  },
  {
    "timeStamp": 96354,
    "rotation": [
      [
        0.0525588244,
        0.158105358,
        0.9860225
      ],
      [
        -0.0284307972,
        0.987223864,
        -0.156782523
      ],
      [
        -0.998213053,
        -0.0197931,
        0.0563823879
      ]
    ],
    "translation": [
      2.21637774,
      0.864250064,
      -0.6542805
    ]
  },
  {
    "timeStamp": 96400,
    "rotation": [
      [
        0.0584691,
        0.169339821,
        0.9838218
      ],
      [
        -0.0271282513,
        0.9854134,
        -0.168001518
      ],
      [
        -0.9979206,
        -0.0168664679,
        0.06221013
      ]
    ],
    "translation": [
      2.21463728,
      0.8622743,
      -0.6472264
    ]
  },
  {
    "timeStamp": 96457,
    "rotation": [
      [
        0.05655407,
        0.18537733,
        0.9810387
      ],
      [
        -0.0156264342,
        0.982655346,
        -0.184782
      ],
      [
        -0.9982772,
        -0.00487996126,
        0.0584699437
      ]
    ],
    "translation": [
      2.21233273,
      0.8579672,
      -0.6396369
    ]
  },
  {
    "timeStamp": 96501,
    "rotation": [
      [
        0.06622893,
        0.181585267,
        0.9811424
      ],
      [
        0.0009073168,
        0.983289957,
        -0.18204397
      ],
      [
        -0.997804046,
        0.0129467845,
        0.0649574846
      ]
    ],
    "translation": [
      2.21033788,
      0.852634132,
      -0.6350876
    ]
  },
  {
    "timeStamp": 96557,
    "rotation": [
      [
        0.07069876,
        0.197756156,
        0.977698445
      ],
      [
        0.007987186,
        0.9800074,
        -0.198800743
      ],
      [
        -0.9974657,
        0.0218640249,
        0.0677057952
      ]
    ],
    "translation": [
      2.20614839,
      0.848356843,
      -0.6296815
    ]
  },
  {
    "timeStamp": 96601,
    "rotation": [
      [
        0.07502447,
        0.193611786,
        0.978205442
      ],
      [
        0.0138910115,
        0.980671942,
        -0.195165366
      ],
      [
        -0.997085,
        0.0282304417,
        0.0708849356
      ]
    ],
    "translation": [
      2.20415735,
      0.84295,
      -0.6278229
    ]
  },
  {
    "timeStamp": 96657,
    "rotation": [
      [
        0.07783772,
        0.211727977,
        0.9742241
      ],
      [
        0.00695317937,
        0.977049768,
        -0.212897614
      ],
      [
        -0.9969418,
        0.02334542,
        0.07457914
      ]
    ],
    "translation": [
      2.20039225,
      0.8395389,
      -0.6234979
    ]
  },
  {
    "timeStamp": 96701,
    "rotation": [
      [
        0.07860507,
        0.1975283,
        0.9771406
      ],
      [
        0.0199651551,
        0.9796649,
        -0.19964467
      ],
      [
        -0.9967059,
        0.0352018476,
        0.07306295
      ]
    ],
    "translation": [
      2.20018983,
      0.8360064,
      -0.6217778
    ]
  }
]