[
  {
    "timeStamp": 25456,
    "rotation": [
      [
        0.856344759,
        -0.515881836,
        0.0232273955
      ],
      [
        0.006654531,
        0.0559992641,
        0.9984086
      ],
      [
        -0.5163616,
        -0.854827464,
        0.05138763
      ]
    ],
    "translation": [
      1.440868,
      0.706821144,
      -0.6225842
    ]
  },
  {
    "timeStamp": 25512,
    "rotation": [
      [
        0.8487333,
        -0.527199,
        0.0413892381
      ],
      [
        -0.003841691,
        0.0721180961,
        0.9973887
      ],
      [
        -0.5288072,
        -0.846676052,
        0.0591836944
      ]
    ],
    "translation": [
      1.44236684,
      0.708144069,
      -0.6210543
    ]
  },
  {
    "timeStamp": 25556,
    "rotation": [
      [
        0.8185683,
        -0.565871835,
        0.09866659
      ],
      [
        -0.0415497,
        0.112989783,
        0.992727041
      ],
      [
        -0.5729045,
        -0.816714466,
        0.06897805
      ]
    ],
    "translation": [
      1.44585633,
      0.7193947,
      -0.6179782
    ]
  },
  {
    "timeStamp": 25615,
    "rotation": [
      [
        0.7986968,
        -0.5753755,
        0.176143274
      ],
      [
        -0.130411312,
        0.120252945,
        0.9841403
      ],
      [
        -0.587431967,
        -0.8090008,
        0.0210101735
      ]
    ],
    "translation": [
      1.457794,
      0.7500978,
      -0.6175768
    ]
  },
  {
    "timeStamp": 25656,
    "rotation": [
      [
        0.749481142,
        -0.604336739,
        0.2702871
      ],
      [
        -0.206346422,
        0.174685344,
        0.9627597
      ],
      [
        -0.6290462,
        -0.777343035,
        0.006220654
      ]
    ],
    "translation": [
      1.4733783,
      0.7849246,
      -0.620554864
    ]
  },
  {
    "timeStamp": 25712,
    "rotation": [
      [
        0.674157262,
        -0.6345291,
        0.378000975
      ],
      [
        -0.30663386,
        0.225146368,
        0.9248161
      ],
      [
        -0.6719283,
        -0.739379346,
        -0.0427840576
      ]
    ],
    "translation": [
      1.5111624,
      0.8349831,
      -0.6279758
    ]
  },
  {
    "timeStamp": 25756,
    "rotation": [
      [
        0.601014137,
        -0.6680703,
        0.438707262
      ],
      [
        -0.366389722,
        0.257530034,
        0.894112349
      ],
      [
        -0.7103102,
        -0.698111951,
        -0.0899949148
      ]
    ],
    "translation": [
      1.55293286,
      0.8737335,
      -0.634393334
    ]
  },
  {
    "timeStamp": 25811,
    "rotation": [
      [
        0.4980328,
        -0.727909,
        0.4712873
      ],
      [
        -0.412060022,
        0.2795501,
        0.867212951
      ],
      [
        -0.763000548,
        -0.6260991,
        -0.1607171
      ]
    ],
    "translation": [
      1.62000418,
      0.9111741,
      -0.64492
    ]
  },
  {
    "timeStamp": 25856,
    "rotation": [
      [
        0.417680353,
        -0.7947486,
        0.440360874
      ],
      [
        -0.4305492,
        0.253668636,
        0.8661868
      ],
      [
        -0.8001065,
        -0.551386237,
        -0.236225978
      ]
    ],
    "translation": [
      1.68318272,
      0.929476559,
      -0.651756048
    ]
  },
  {
    "timeStamp": 25911,
    "rotation": [
      [
        0.325042933,
        -0.87141186,
        0.367407769
      ],
      [
        -0.422377,
        0.213831887,
        0.880836844
      ],
      [
        -0.8461352,
        -0.441494435,
        -0.298559785
      ]
    ],
    "translation": [
      1.76512527,
      0.9423063,
      -0.666391253
    ]
  },
  {
    "timeStamp": 25956,
    "rotation": [
      [
        0.275489777,
        -0.919607341,
        0.2800494
      ],
      [
        -0.418204755,
        0.147659719,
        0.8962708
      ],
      [
        -0.865569234,
        -0.364031464,
        -0.343905419
      ]
    ],
    "translation": [
      1.82949662,
      0.9498715,
      -0.6799582
    ]
  },
  {
    "timeStamp": 26011,
    "rotation": [
      [
        0.2080018,
        -0.95701,
        0.20215638
      ],
      [
        -0.4098468,
        0.102385193,
        0.90639
      ],
      [
        -0.8881221,
        -0.2713839,
        -0.370931178
      ]
    ],
    "translation": [
      1.89720023,
      0.961215556,
      -0.70025
    ]
  },
  {
    "timeStamp": 26056,
    "rotation": [
      [
        0.177587047,
        -0.970368266,
        0.163854375
      ],
      [
        -0.401163548,
        0.08065724,
        0.912448466
      ],
      [
        -0.8986271,
        -0.227771431,
        -0.374952674
      ]
    ],
    "translation": [
      1.94113886,
      0.9681392,
      -0.7158173
    ]
  },
  {
    "timeStamp": 26111,
    "rotation": [
      [
        0.09928257,
        -0.986698747,
        0.12871848
      ],
      [
        -0.380264252,
        0.08191699,
        0.921243
      ],
      [
        -0.919533551,
        -0.140410423,
        -0.367073357
      ]
    ],
    "translation": [
      1.99392939,
      0.9716766,
      -0.7280884
    ]
  },
  {
    "timeStamp": 26156,
    "rotation": [
      [
        -0.0306417979,
        -0.9896965,
        0.139863834
      ],
      [
        -0.3804125,
        0.14094618,
        0.914013445
      ],
      [
        -0.9243092,
        -0.0251989122,
        -0.380811751
      ]
    ],
    "translation": [
      2.03746343,
      0.97535795,
      -0.729666352
    ]
  },
  {
    "timeStamp": 26211,
    "rotation": [
      [
        -0.130369335,
        -0.982000768,
        0.136668921
      ],
      [
        -0.3627053,
        0.175527677,
        0.915223956
      ],
      [
        -0.9227398,
        0.06974659,
        -0.3790603
      ]
    ],
    "translation": [
      2.08196545,
      0.9693933,
      -0.730613232
    ]
  },
  {
    "timeStamp": 26263,
    "rotation": [
      [
        -0.160209641,
        -0.9766402,
        0.143201813
      ],
      [
        -0.3253184,
        0.189212829,
        0.926480651
      ],
      [
        -0.9319339,
        0.101844922,
        -0.348032743
      ]
    ],
    "translation": [
      2.109034,
      0.953340352,
      -0.7309597
    ]
  },
  {
    "timeStamp": 26306,
    "rotation": [
      [
        -0.210783,
        -0.9619368,
        0.173920169
      ],
      [
        -0.309707552,
        0.234467819,
        0.9214695
      ],
      [
        -0.9271741,
        0.14036572,
        -0.3473409
      ]
    ],
    "translation": [
      2.120681,
      0.940424263,
      -0.726200044
    ]
  },
  {
    "timeStamp": 26366,
    "rotation": [
      [
        -0.236785561,
        -0.9423862,
        0.236306652
      ],
      [
        -0.242168784,
        0.2927948,
        0.92500025
      ],
      [
        -0.940896869,
        0.161800608,
        -0.297546118
      ]
    ],
    "translation": [
      2.12259912,
      0.9146745,
      -0.72358346
    ]
  },
  {
    "timeStamp": 26406,
    "rotation": [
      [
        -0.238356113,
        -0.9381105,
        0.2512671
      ],
      [
        -0.2101264,
        0.302411079,
        0.92972815
      ],
      [
        -0.9481737,
        0.168808535,
        -0.2692033
      ]
    ],
    "translation": [
      2.12156272,
      0.89550066,
      -0.7213205
    ]
  },
  {
    "timeStamp": 26462,
    "rotation": [
      [
        -0.228551134,
        -0.931611538,
        0.2826028
      ],
      [
        -0.14566642,
        0.319743037,
        0.9362402
      ],
      [
        -0.9625724,
        0.172813028,
        -0.208782166
      ]
    ],
    "translation": [
      2.11387968,
      0.8753102,
      -0.7237006
    ]
  },
  {
    "timeStamp": 26506,
    "rotation": [
      [
        -0.232063681,
        -0.9164871,
        0.3258801
      ],
      [
        -0.12577118,
        0.3604857,
        0.92424655
      ],
      [
        -0.9645352,
        0.173497736,
        -0.1989233
      ]
    ],
    "translation": [
      2.104817,
      0.872154,
      -0.7243889
    ]
  },
  {
    "timeStamp": 26562,
    "rotation": [
      [
        -0.214198947,
        -0.9126969,
        0.347998828
      ],
      [
        -0.08430644,
        0.3722127,
        0.9243106
      ],
      [
        -0.973145,
        0.168647811,
        -0.156673789
      ]
    ],
    "translation": [
      2.09494734,
      0.862219155,
      -0.729485
    ]
  },
  {
    "timeStamp": 26607,
    "rotation": [
      [
        -0.1967881,
        -0.9294195,
        0.312175781
      ],
      [
        -0.05552614,
        0.328455567,
        0.9428859
      ],
      [
        -0.9788725,
        0.168214813,
        -0.116243228
      ]
    ],
    "translation": [
      2.09444046,
      0.8470976,
      -0.735089839
    ]
  },
  {
    "timeStamp": 26663,
    "rotation": [
      [
        -0.182689875,
        -0.9369747,
        0.297830164
      ],
      [
        -0.021899825,
        0.306731254,
        0.951544166
      ],
      [
        -0.982926667,
        0.167315051,
        -0.07655627
      ]
    ],
    "translation": [
      2.09143686,
      0.8309792,
      -0.738626361
    ]
  },
  {
    "timeStamp": 26709,
    "rotation": [
      [
        -0.166174084,
        -0.9453449,
        0.280551463
      ],
      [
        -0.008415104,
        0.285856247,
        0.958235562
      ],
      [
        -0.9860605,
        0.156873047,
        -0.0554570742
      ]
    ],
    "translation": [
      2.08868122,
      0.8191804,
      -0.740085661
    ]
  },
  {
    "timeStamp": 26766,
    "rotation": [
      [
        -0.146884844,
        -0.954755843,
        0.2585848
      ],
      [
        0.0275444631,
        0.257370919,
        0.965920031
      ],
      [
        -0.98877,
        0.149001583,
        -0.0115056476
      ]
    ],
    "translation": [
      2.08510876,
      0.801434,
      -0.744321
    ]
  },
  {
    "timeStamp": 26810,
    "rotation": [
      [
        -0.148198918,
        -0.9526083,
        0.265658677
      ],
      [
        0.0543630235,
        0.2603717,
        0.9639768
      ],
      [
        -0.9874623,
        0.15730232,
        0.0131998574
      ]
    ],
    "translation": [
      2.08143258,
      0.789959669,
      -0.746515036
    ]
  },
  {
    "timeStamp": 26856,
    "rotation": [
      [
        -0.129573628,
        -0.9621349,
        0.239806414
      ],
      [
        0.07045703,
        0.232300222,
        0.97008884
      ],
      [
        -0.989063442,
        0.142594,
        0.0376891755
      ]
    ],
    "translation": [
      2.079858,
      0.779575348,
      -0.7494975
    ]
  },
  {
    "timeStamp": 26911,
    "rotation": [
      [
        -0.112356685,
        -0.9700059,
        0.215556011
      ],
      [
        0.09157106,
        0.2058989,
        0.9742794
      ],
      [
        -0.989439547,
        0.12920551,
        0.06569035
      ]
    ],
    "translation": [
      2.077794,
      0.7678284,
      -0.7528898
    ]
  },
  {
    "timeStamp": 26956,
    "rotation": [
      [
        -0.101964667,
        -0.9747601,
        0.198610023
      ],
      [
        0.0964574441,
        0.189022109,
        0.977223933
      ],
      [
        -0.990100563,
        0.118799724,
        0.0747493
      ]
    ],
    "translation": [
      2.07732844,
      0.7609152,
      -0.7541293
    ]
  },
  {
    "timeStamp": 27011,
    "rotation": [
      [
        -0.07833589,
        -0.9827078,
        0.167775989
      ],
      [
        0.113342419,
        0.158422828,
        0.9808444
      ],
      [
        -0.990463,
        0.09585146,
        0.09897229
      ]
    ],
    "translation": [
      2.07601118,
      0.751820564,
      -0.7579026
    ]
  },
  {
    "timeStamp": 27056,
    "rotation": [
      [
        -0.07574046,
        -0.985704243,
        0.150501043
      ],
      [
        0.114656314,
        0.141324088,
        0.9833013
      ],
      [
        -0.9905137,
        0.09173159,
        0.102313258
      ]
    ],
    "translation": [
      2.07663727,
      0.7459258,
      -0.759584963
    ]
  },
  {
    "timeStamp": 27111,
    "rotation": [
      [
        -0.06293619,
        -0.987382948,
        0.1453068
      ],
      [
        0.1102931,
        0.137822509,
        0.9842969
      ],
      [
        -0.9919045,
        0.0779742151,
        0.1002275
      ]
    ],
    "translation": [
      2.07550263,
      0.7427625,
      -0.7602708
    ]
  }
]