[
  {
    "timeStamp": 31464,
    "rotation": [
      [
        0.999970436,
        -0.00518306158,
        0.0056788954
      ],
      [
        -0.00562167447,
        0.0109885857,
        0.9999238
      ],
      [
        -0.00524506625,
        -0.9999262,
        0.0109591233
      ]
    ],
    "translation": [
      1.30793118,
      0.701396465,
      -0.75000304
    ]
  },
  {
    "timeStamp": 31508,
    "rotation": [
      [
        0.999810934,
        -0.0128609324,
        0.014587203
      ],
      [
        -0.0139869461,
        0.0455882438,
        0.9988624
      ],
      [
        -0.01351131,
        -0.9988776,
        0.0453997366
      ]
    ],
    "translation": [
      1.30782914,
      0.7018179,
      -0.750051141
    ]
  },
  {
    "timeStamp": 31564,
    "rotation": [
      [
        0.995838,
        -0.0360935,
        0.0836898759
      ],
      [
        -0.08051671,
        0.08186359,
        0.993385851
      ],
      [
        -0.0427059047,
        -0.9959898,
        0.0786167458
      ]
    ],
    "translation": [
      1.307686,
      0.7020719,
      -0.750327945
    ]
  },
  {
    "timeStamp": 31608,
    "rotation": [
      [
        0.997819364,
        -0.06251443,
        0.0211801417
      ],
      [
        -0.013976546,
        0.113495968,
        0.993440151
      ],
      [
        -0.06450821,
        -0.9915698,
        0.112374738
      ]
    ],
    "translation": [
      1.32182884,
      0.70807755,
      -0.7519189
    ]
  },
  {
    "timeStamp": 31664,
    "rotation": [
      [
        0.984878242,
        -0.115307756,
        0.129301861
      ],
      [
        -0.103741713,
        0.205223039,
        0.9732015
      ],
      [
        -0.138753384,
        -0.971899,
        0.190157473
      ]
    ],
    "translation": [
      1.337639,
      0.7459738,
      -0.759708643
    ]
  },
  {
    "timeStamp": 31709,
    "rotation": [
      [
        0.9598231,
        -0.158341646,
        0.231662825
      ],
      [
        -0.180894613,
        0.281978279,
        0.942213
      ],
      [
        -0.214515477,
        -0.9462643,
        0.2420061
      ]
    ],
    "translation": [
      1.36012948,
      0.78264457,
      -0.7649929
    ]
  },
  {
    "timeStamp": 31764,
    "rotation": [
      [
        0.915978849,
        -0.2157055,
        0.338310242
      ],
      [
        -0.2513415,
        0.3487625,
        0.9028799
      ],
      [
        -0.312746137,
        -0.9120503,
        0.265243351
      ]
    ],
    "translation": [
      1.40495682,
      0.8271663,
      -0.7668189
    ]
  },
  {
    "timeStamp": 31809,
    "rotation": [
      [
        0.873367131,
        -0.2690011,
        0.406039745
      ],
      [
        -0.2882062,
        0.3866195,
        0.8760494
      ],
      [
        -0.392641127,
        -0.8821359,
        0.260133
      ]
    ],
    "translation": [
      1.45153368,
      0.8575734,
      -0.766740561
    ]
  },
  {
    "timeStamp": 31864,
    "rotation": [
      [
        0.8125742,
        -0.371708542,
        0.448949754
      ],
      [
        -0.298908263,
        0.395503163,
        0.868464768
      ],
      [
        -0.5003769,
        -0.8398869,
        0.210268915
      ]
    ],
    "translation": [
      1.52206385,
      0.884261668,
      -0.7607681
    ]
  },
  {
    "timeStamp": 31909,
    "rotation": [
      [
        0.748248756,
        -0.4841798,
        0.453534752
      ],
      [
        -0.2935535,
        0.371427447,
        0.8808337
      ],
      [
        -0.594937146,
        -0.7922194,
        0.135787442
      ]
    ],
    "translation": [
      1.5862416,
      0.898696363,
      -0.7514669
    ]
  },
  {
    "timeStamp": 31964,
    "rotation": [
      [
        0.6423224,
        -0.6309429,
        0.4351241
      ],
      [
        -0.275913566,
        0.33930546,
        0.899301648
      ],
      [
        -0.715048,
        -0.6976983,
        0.04385781
      ]
    ],
    "translation": [
      1.67378628,
      0.9145225,
      -0.742026746
    ]
  },
  {
    "timeStamp": 32008,
    "rotation": [
      [
        0.5510744,
        -0.7412083,
        0.3833109
      ],
      [
        -0.2661567,
        0.2792335,
        0.9225992
      ],
      [
        -0.790871441,
        -0.610441566,
        -0.0433991328
      ]
    ],
    "translation": [
      1.74591339,
      0.926085532,
      -0.737984955
    ]
  },
  {
    "timeStamp": 32064,
    "rotation": [
      [
        0.42195493,
        -0.853872538,
        0.304722548
      ],
      [
        -0.2531976,
        0.211749151,
        0.9439562
      ],
      [
        -0.870543,
        -0.47546196,
        -0.12684989
      ]
    ],
    "translation": [
      1.83261108,
      0.9404142,
      -0.7412555
    ]
  },
  {
    "timeStamp": 32108,
    "rotation": [
      [
        0.316312045,
        -0.918413758,
        0.237619221
      ],
      [
        -0.252778053,
        0.159826785,
        0.954232
      ],
      [
        -0.914357662,
        -0.3619,
        -0.1815997
      ]
    ],
    "translation": [
      1.89441848,
      0.951959848,
      -0.7495093
    ]
  },
  {
    "timeStamp": 32164,
    "rotation": [
      [
        0.201374441,
        -0.9665845,
        0.158627436
      ],
      [
        -0.2649536,
        0.10215617,
        0.9588345
      ],
      [
        -0.942999363,
        -0.2351137,
        -0.235528424
      ]
    ],
    "translation": [
      1.95945394,
      0.965143561,
      -0.7644768
    ]
  },
  {
    "timeStamp": 32209,
    "rotation": [
      [
        0.09979837,
        -0.9865976,
        0.129095271
      ],
      [
        -0.28032583,
        0.09660872,
        0.955031
      ],
      [
        -0.954703,
        -0.131499276,
        -0.2669274
      ]
    ],
    "translation": [
      2.00090647,
      0.972589135,
      -0.777032137
    ]
  },
  {
    "timeStamp": 32264,
    "rotation": [
      [
        0.0132463109,
        -0.99741,
        0.0706950054
      ],
      [
        -0.298533559,
        0.0635316744,
        0.95228225
      ],
      [
        -0.9543072,
        -0.0337190479,
        -0.2969188
      ]
    ],
    "translation": [
      2.046669,
      0.9762994,
      -0.7906751
    ]
  },
  {
    "timeStamp": 32309,
    "rotation": [
      [
        -0.06787935,
        -0.9968065,
        0.0420620255
      ],
      [
        -0.309701651,
        0.06112882,
        0.9488668
      ],
      [
        -0.948407769,
        0.0513817854,
        -0.312862
      ]
    ],
    "translation": [
      2.08212471,
      0.977054,
      -0.798163652
    ]
  },
  {
    "timeStamp": 32364,
    "rotation": [
      [
        -0.185816616,
        -0.9823592,
        0.02104067
      ],
      [
        -0.330515862,
        0.08265534,
        0.9401741
      ],
      [
        -0.9253278,
        0.1677457,
        -0.340044022
      ]
    ],
    "translation": [
      2.12645674,
      0.976899445,
      -0.8001447
    ]
  },
  {
    "timeStamp": 32408,
    "rotation": [
      [
        -0.237342492,
        -0.97141,
        0.005591384
      ],
      [
        -0.333665282,
        0.08692668,
        0.9386752
      ],
      [
        -0.9123245,
        0.220921859,
        -0.344757169
      ]
    ],
    "translation": [
      2.15615559,
      0.9729425,
      -0.7977845
    ]
  },
  {
    "timeStamp": 32470,
    "rotation": [
      [
        -0.234621972,
        -0.9718963,
        -0.0192410238
      ],
      [
        -0.3066483,
        0.05521497,
        0.950220048
      ],
      [
        -0.9224529,
        0.22884272,
        -0.310984969
      ]
    ],
    "translation": [
      2.18411851,
      0.955221355,
      -0.7925134
    ]
  },
  {
    "timeStamp": 32514,
    "rotation": [
      [
        -0.182907939,
        -0.98117,
        -0.0620495752
      ],
      [
        -0.268067777,
        -0.0109491507,
        0.963337839
      ],
      [
        -0.9458776,
        0.192835629,
        -0.261017382
      ]
    ],
    "translation": [
      2.20549655,
      0.92902106,
      -0.785608649
    ]
  },
  {
    "timeStamp": 32559,
    "rotation": [
      [
        -0.124510728,
        -0.990489244,
        -0.0585496835
      ],
      [
        -0.20696038,
        -0.0317853168,
        0.977832854
      ],
      [
        -0.970393956,
        0.133868143,
        -0.201034412
      ]
    ],
    "translation": [
      2.21282077,
      0.9026134,
      -0.7824874
    ]
  },
  {
    "timeStamp": 32614,
    "rotation": [
      [
        -0.04713625,
        -0.998389,
        -0.0315848477
      ],
      [
        -0.153762683,
        -0.0239908881,
        0.9878165
      ],
      [
        -0.9869829,
        0.05141854,
        -0.152384117
      ]
    ],
    "translation": [
      2.21281886,
      0.874360859,
      -0.7808637
    ]
  },
  {
    "timeStamp": 32659,
    "rotation": [
      [
        -0.00674439454,
        -0.999581337,
        -0.0281364
      ],
      [
        -0.09792387,
        -0.0273416154,
        0.9948183
      ],
      [
        -0.99517107,
        0.009464662,
        -0.097698465
      ]
    ],
    "translation": [
      2.21399641,
      0.853959441,
      -0.7848606
    ]
  },
  {
    "timeStamp": 32714,
    "rotation": [
      [
        0.0164684318,
        -0.999535739,
        -0.0256339628
      ],
      [
        -0.06726181,
        -0.0266868453,
        0.9973784
      ],
      [
        -0.9975995,
        -0.0147010805,
        -0.06767007
      ]
    ],
    "translation": [
      2.2170403,
      0.8383527,
      -0.7889533
    ]
  },
  {
    "timeStamp": 32759,
    "rotation": [
      [
        -0.00105321023,
        -0.9999433,
        -0.0105954846
      ],
      [
        -0.04583147,
        -0.01053609,
        0.9988936
      ],
      [
        -0.998948634,
        0.00153765292,
        -0.0458177775
      ]
    ],
    "translation": [
      2.22022176,
      0.8281481,
      -0.792460561
    ]
  },
  {
    "timeStamp": 32814,
    "rotation": [
      [
        -0.000153787667,
        -0.999884963,
        -0.0151678659
      ],
      [
        -0.0219204463,
        -0.0151608512,
        0.999644756
      ],
      [
        -0.999759734,
        0.000486221223,
        -0.0219155923
      ]
    ],
    "translation": [
      2.22459841,
      0.8183214,
      -0.797902465
    ]
  },
  {
    "timeStamp": 32859,
    "rotation": [
      [
        -0.00390605722,
        -0.9997266,
        -0.0230561029
      ],
      [
        -0.008813683,
        -0.023020966,
        0.999696136
      ],
      [
        -0.999953568,
        0.00410807645,
        -0.008721352
      ]
    ],
    "translation": [
      2.227449,
      0.8121355,
      -0.8013483
    ]
  },
  {
    "timeStamp": 32916,
    "rotation": [
      [
        -0.009195634,
        -0.999157548,
        -0.03999607
      ],
      [
        0.000565013266,
        -0.0400029458,
        0.9991994
      ],
      [
        -0.999957561,
        0.00916567352,
        0.0009323897
      ]
    ],
    "translation": [
      2.23334074,
      0.8052679,
      -0.8037903
    ]
  },
  {
    "timeStamp": 32962,
    "rotation": [
      [
        -0.0131084658,
        -0.99845624,
        -0.0539751053
      ],
      [
        -0.0115982275,
        -0.0538242869,
        0.998483062
      ],
      [
        -0.9998468,
        0.0137145966,
        -0.0108747687
      ]
    ],
    "translation": [
      2.23783135,
      0.8007449,
      -0.8033189
    ]
  },
  {
    "timeStamp": 33007,
    "rotation": [
      [
        -0.008602526,
        -0.997994,
        -0.06272155
      ],
      [
        -0.0226545967,
        -0.06251326,
        0.997787
      ],
      [
        -0.9997064,
        0.01000441,
        -0.02207138
      ]
    ],
    "translation": [
      2.24003315,
      0.7966602,
      -0.8027918
    ]
  },
  {
    "timeStamp": 33064,
    "rotation": [
      [
        -0.008879469,
        -0.996575356,
        -0.0822115839
      ],
      [
        0.0159869045,
        -0.08234579,
        0.9964756
      ],
      [
        -0.9998328,
        0.00753386272,
        0.0166633427
      ]
    ],
    "translation": [
      2.24117613,
      0.7923747,
      -0.804342449
    ]
  }
]