[
  {
    "timeStamp": 90990,
    "rotation": [
      [
        0.999996245,
        1.12962016E-06,
        -0.00274144229
      ],
      [
        0.00274144253,
        -0.000687040156,
        0.999996
      ],
      [
        -7.53741745E-07,
        -0.9999998,
        -0.0006870407
      ]
    ],
    "translation": [
      1.30799568,
      0.701600552,
      -0.490000159
    ]
  },
  {
    "timeStamp": 91046,
    "rotation": [
      [
        0.999910355,
        -0.0007997295,
        -0.013366132
      ],
      [
        0.013345439,
        -0.02188037,
        0.9996715
      ],
      [
        -0.00109192415,
        -0.99976027,
        -0.0218677353
      ]
    ],
    "translation": [
      1.31001556,
      0.7020806,
      -0.488295555
    ]
  },
  {
    "timeStamp": 91090,
    "rotation": [
      [
        0.999656558,
        -0.015661452,
        -0.0210113525
      ],
      [
        0.02064807,
        -0.0230074469,
        0.99952203
      ],
      [
        -0.0161373969,
        -0.9996126,
        -0.0226761661
      ]
    ],
    "translation": [
      1.31520724,
      0.7022959,
      -0.48578164
    ]
  },
  {
    "timeStamp": 91145,
    "rotation": [
      [
        0.9997493,
        -0.0223905426,
        1.1271286E-05
      ],
      [
        -0.0008182834,
        -0.03603371,
        0.99935025
      ],
      [
        -0.0223755874,
        -0.999099731,
        -0.0360429958
      ]
    ],
    "translation": [
      1.31881928,
      0.710054636,
      -0.484543085
    ]
  },
  {
    "timeStamp": 91190,
    "rotation": [
      [
        0.998541951,
        -0.0356538333,
        0.04053044
      ],
      [
        -0.042120073,
        -0.04502555,
        0.9980975
      ],
      [
        -0.0337610878,
        -0.998349369,
        -0.0464616455
      ]
    ],
    "translation": [
      1.32018566,
      0.7209974,
      -0.482937664
    ]
  },
  {
    "timeStamp": 91245,
    "rotation": [
      [
        0.997993946,
        -0.00280569773,
        0.06324695
      ],
      [
        -0.06329053,
        -0.06844518,
        0.9956453
      ],
      [
        0.00153548585,
        -0.9976509,
        -0.06848545
      ]
    ],
    "translation": [
      1.32815564,
      0.7364921,
      -0.484940678
    ]
  },
  {
    "timeStamp": 91301,
    "rotation": [
      [
        0.9887467,
        -0.03814404,
        0.14465484
      ],
      [
        -0.1468076,
        -0.0614646561,
        0.9872536
      ],
      [
        -0.0287667029,
        -0.997380137,
        -0.06637281
      ]
    ],
    "translation": [
      1.33938873,
      0.761523,
      -0.490700245
    ]
  },
  {
    "timeStamp": 91345,
    "rotation": [
      [
        0.975046039,
        -0.0791916,
        0.207397953
      ],
      [
        -0.212764561,
        -0.0666478053,
        0.9748278
      ],
      [
        -0.063375555,
        -0.994628966,
        -0.08183385
      ]
    ],
    "translation": [
      1.36093736,
      0.7845474,
      -0.49705
    ]
  },
  {
    "timeStamp": 91390,
    "rotation": [
      [
        0.9562923,
        -0.115414217,
        0.268672
      ],
      [
        -0.2751452,
        -0.0440941229,
        0.960391
      ],
      [
        -0.09899592,
        -0.99233824,
        -0.07392254
      ]
    ],
    "translation": [
      1.38742435,
      0.8050264,
      -0.5117827
    ]
  },
  {
    "timeStamp": 91445,
    "rotation": [
      [
        0.9482,
        -0.146465078,
        0.281895041
      ],
      [
        -0.294957578,
        -0.07638056,
        0.95245266
      ],
      [
        -0.117969751,
        -0.9862626,
        -0.115625031
      ]
    ],
    "translation": [
      1.438061,
      0.827179432,
      -0.5306296
    ]
  },
  {
    "timeStamp": 91490,
    "rotation": [
      [
        0.9282053,
        -0.201091737,
        0.313044757
      ],
      [
        -0.329457,
        -0.05324153,
        0.942668259
      ],
      [
        -0.172895819,
        -0.97812444,
        -0.115670159
      ]
    ],
    "translation": [
      1.48471737,
      0.845492542,
      -0.551058
    ]
  },
  {
    "timeStamp": 91546,
    "rotation": [
      [
        0.9031939,
        -0.283255935,
        0.3225011
      ],
      [
        -0.3468478,
        -0.0390175655,
        0.93710953
      ],
      [
        -0.252858639,
        -0.958250344,
        -0.13348712
      ]
    ],
    "translation": [
      1.55209887,
      0.86937207,
      -0.5758592
    ]
  },
  {
    "timeStamp": 91590,
    "rotation": [
      [
        0.8922209,
        -0.335733831,
        0.302034169
      ],
      [
        -0.3406349,
        -0.0612180345,
        0.938200533
      ],
      [
        -0.2964957,
        -0.9399655,
        -0.16898267
      ]
    ],
    "translation": [
      1.61044323,
      0.88875103,
      -0.5926013
    ]
  },
  {
    "timeStamp": 91645,
    "rotation": [
      [
        0.8547468,
        -0.4322245,
        0.287384331
      ],
      [
        -0.342825562,
        -0.0544013157,
        0.9378225
      ],
      [
        -0.3897158,
        -0.9001236,
        -0.194676965
      ]
    ],
    "translation": [
      1.68419588,
      0.9132598,
      -0.6138909
    ]
  },
  {
    "timeStamp": 91690,
    "rotation": [
      [
        0.8382987,
        -0.4951348,
        0.228247419
      ],
      [
        -0.312590569,
        -0.09348428,
        0.9452766
      ],
      [
        -0.446701825,
        -0.8637721,
        -0.233142227
      ]
    ],
    "translation": [
      1.74869812,
      0.931397557,
      -0.6263723
    ]
  },
  {
    "timeStamp": 91751,
    "rotation": [
      [
        0.7899584,
        -0.5889684,
        0.1705343
      ],
      [
        -0.292413682,
        -0.117404871,
        0.949057639
      ],
      [
        -0.5389434,
        -0.7995826,
        -0.264967352
      ]
    ],
    "translation": [
      1.82678878,
      0.9515249,
      -0.6423846
    ]
  },
  {
    "timeStamp": 91798,
    "rotation": [
      [
        0.7437463,
        -0.6626923,
        0.08763743
      ],
      [
        -0.259475142,
        -0.1653831,
        0.9514836
      ],
      [
        -0.6160471,
        -0.7304022,
        -0.294955254
      ]
    ],
    "translation": [
      1.90269709,
      0.9677174,
      -0.657795846
    ]
  },
  {
    "timeStamp": 91841,
    "rotation": [
      [
        0.692697346,
        -0.7202721,
        0.0371270329
      ],
      [
        -0.247953385,
        -0.189489156,
        0.9500595
      ],
      [
        -0.6772662,
        -0.667309463,
        -0.30985254
      ]
    ],
    "translation": [
      1.96008515,
      0.9790293,
      -0.6691772
    ]
  },
  {
    "timeStamp": 91896,
    "rotation": [
      [
        0.6226726,
        -0.7822639,
        -0.0184943378
      ],
      [
        -0.235459164,
        -0.209857941,
        0.9489566
      ],
      [
        -0.746215641,
        -0.5865346,
        -0.31486398
      ]
    ],
    "translation": [
      2.02521324,
      0.987364769,
      -0.683851838
    ]
  },
  {
    "timeStamp": 91941,
    "rotation": [
      [
        0.573684335,
        -0.8171268,
        -0.05648067
      ],
      [
        -0.2263329,
        -0.224418715,
        0.947844744
      ],
      [
        -0.787184656,
        -0.5309802,
        -0.3136882
      ]
    ],
    "translation": [
      2.07141185,
      0.991355836,
      -0.6932925
    ]
  },
  {
    "timeStamp": 91996,
    "rotation": [
      [
        0.5285301,
        -0.8450324,
        -0.081094034
      ],
      [
        -0.2188789,
        -0.227946639,
        0.948753059
      ],
      [
        -0.8202122,
        -0.4836948,
        -0.3054364
      ]
    ],
    "translation": [
      2.11714554,
      0.991654336,
      -0.6985474
    ]
  },
  {
    "timeStamp": 92041,
    "rotation": [
      [
        0.498770744,
        -0.8605925,
        -0.102996588
      ],
      [
        -0.206533685,
        -0.233419627,
        0.950189
      ],
      [
        -0.841766953,
        -0.4526542,
        -0.2941642
      ]
    ],
    "translation": [
      2.151117,
      0.9892521,
      -0.6985218
    ]
  },
  {
    "timeStamp": 92104,
    "rotation": [
      [
        0.468601853,
        -0.8772443,
        -0.104186215
      ],
      [
        -0.210519657,
        -0.225429,
        0.951243
      ],
      [
        -0.8579591,
        -0.423820972,
        -0.290313631
      ]
    ],
    "translation": [
      2.184041,
      0.985291,
      -0.6911862
    ]
  },
  {
    "timeStamp": 92143,
    "rotation": [
      [
        0.443444878,
        -0.8920449,
        -0.08724916
      ],
      [
        -0.2199726,
        -0.202680886,
        0.954218268
      ],
      [
        -0.868889332,
        -0.403950781,
        -0.286103249
      ]
    ],
    "translation": [
      2.20010161,
      0.9810318,
      -0.684454262
    ]
  },
  {
    "timeStamp": 92195,
    "rotation": [
      [
        0.424730241,
        -0.9011173,
        -0.0871306
      ],
      [
        -0.218903914,
        -0.195608929,
        0.9559384
      ],
      [
        -0.8784562,
        -0.386942744,
        -0.280339152
      ]
    ],
    "translation": [
      2.2275548,
      0.972626,
      -0.666883767
    ]
  },
  {
    "timeStamp": 92240,
    "rotation": [
      [
        0.413812,
        -0.9090773,
        -0.0483543277
      ],
      [
        -0.225507274,
        -0.153821379,
        0.9620215
      ],
      [
        -0.881989837,
        -0.3871918,
        -0.268656671
      ]
    ],
    "translation": [
      2.23336244,
      0.9611906,
      -0.6543894
    ]
  },
  {
    "timeStamp": 92295,
    "rotation": [
      [
        0.413687974,
        -0.909191,
        -0.047264263
      ],
      [
        -0.209961489,
        -0.145791829,
        0.966778636
      ],
      [
        -0.8858772,
        -0.390021026,
        -0.251207441
      ]
    ],
    "translation": [
      2.242193,
      0.947161555,
      -0.637828
    ]
  },
  {
    "timeStamp": 92340,
    "rotation": [
      [
        0.407803446,
        -0.9119423,
        -0.0453612879
      ],
      [
        -0.1932705,
        -0.1347679,
        0.971845746
      ],
      [
        -0.8923805,
        -0.387555063,
        -0.231210351
      ]
    ],
    "translation": [
      2.2468946,
      0.933709562,
      -0.6256535
    ]
  },
  {
    "timeStamp": 92395,
    "rotation": [
      [
        0.392264545,
        -0.919045269,
        -0.0385272354
      ],
      [
        -0.179430947,
        -0.117529467,
        0.9767248
      ],
      [
        -0.9021824,
        -0.3762215,
        -0.2110078
      ]
    ],
    "translation": [
      2.25071669,
      0.9182928,
      -0.611315846
    ]
  },
  {
    "timeStamp": 92440,
    "rotation": [
      [
        0.366978854,
        -0.9291937,
        -0.04388131
      ],
      [
        -0.16709137,
        -0.112250105,
        0.9795307
      ],
      [
        -0.9150994,
        -0.352134883,
        -0.196453661
      ]
    ],
    "translation": [
      2.254808,
      0.9075851,
      -0.601757348
    ]
  },
  {
    "timeStamp": 92495,
    "rotation": [
      [
        0.332685351,
        -0.9425806,
        -0.0293640122
      ],
      [
        -0.160385624,
        -0.08723753,
        0.9831918
      ],
      [
        -0.9292991,
        -0.32238394,
        -0.180199027
      ]
    ],
    "translation": [
      2.255209,
      0.894323468,
      -0.590497732
    ]
  },
  {
    "timeStamp": 92541,
    "rotation": [
      [
        0.326269835,
        -0.943912,
        -0.0507743321
      ],
      [
        -0.126033947,
        -0.09667298,
        0.9873043
      ],
      [
        -0.9368369,
        -0.3157283,
        -0.150506437
      ]
    ],
    "translation": [
      2.25594568,
      0.886476755,
      -0.58704704
    ]
  },
  {
    "timeStamp": 92596,
    "rotation": [
      [
        0.28656438,
        -0.95253545,
        -0.102747515
      ],
      [
        -0.06704872,
        -0.12692152,
        0.989644051
      ],
      [
        -0.9557119,
        -0.276707649,
        -0.100237474
      ]
    ],
    "translation": [
      2.256548,
      0.8838599,
      -0.585148036
    ]
  },
  {
    "timeStamp": 92641,
    "rotation": [
      [
        0.269104421,
        -0.954603255,
        -0.127731532
      ],
      [
        -0.04401295,
        -0.144674435,
        0.988499939
      ],
      [
        -0.9621048,
        -0.260387868,
        -0.08094744
      ]
    ],
    "translation": [
      2.256979,
      0.882731557,
      -0.584451735
    ]
  },
  {
    "timeStamp": 92699,
    "rotation": [
      [
        0.244598851,
        -0.9590039,
        -0.1431184
      ],
      [
        -0.0208479427,
        -0.1527693,
        0.988041937
      ],
      [
        -0.9694002,
        -0.2386902,
        -0.0573604554
      ]
    ],
    "translation": [
      2.2576654,
      0.8819527,
      -0.583553433
    ]
  },
  {
    "timeStamp": 92744,
    "rotation": [
      [
        0.23241137,
        -0.9616415,
        -0.145706967
      ],
      [
        -0.0114034237,
        -0.152492955,
        0.988238752
      ],
      [
        -0.9725507,
        -0.228016362,
        -0.0464071035
      ]
    ],
    "translation": [
      2.258298,
      0.8817502,
      -0.5832436
    ]
  },
  {
    "timeStamp": 92802,
    "rotation": [
      [
        0.223382726,
        -0.9737479,
        0.0437617823
      ],
      [
        -0.08585889,
        0.0250649955,
        0.995991945
      ],
      [
        -0.970941961,
        -0.226244763,
        -0.07800583
      ]
    ],
    "translation": [
      2.253907,
      0.8486524,
      -0.5855864
    ]
  },
  {
    "timeStamp": 92845,
    "rotation": [
      [
        0.262589961,
        -0.964870036,
        0.008506772
      ],
      [
        -0.0750372857,
        -0.0116304019,
        0.99711293
      ],
      [
        -0.961985469,
        -0.2624702,
        -0.07545525
      ]
    ],
    "translation": [
      2.25521564,
      0.847002149,
      -0.5871931
    ]
  },
  {
    "timeStamp": 92901,
    "rotation": [
      [
        0.336055517,
        -0.9417263,
        -0.0147719057
      ],
      [
        -0.06861418,
        -0.04012136,
        0.9968362
      ],
      [
        -0.9393396,
        -0.333978742,
        -0.07809879
      ]
    ],
    "translation": [
      2.25561285,
      0.845784,
      -0.5902273
    ]
  },
  {
    "timeStamp": 92945,
    "rotation": [
      [
        0.428394973,
        -0.9029667,
        0.033600688
      ],
      [
        -0.101442657,
        -0.0111103253,
        0.994779348
      ],
      [
        -0.897879243,
        -0.429567,
        -0.09635894
      ]
    ],
    "translation": [
      2.25282359,
      0.8476588,
      -0.593935847
    ]
  },
  {
    "timeStamp": 92990,
    "rotation": [
      [
        0.4891619,
        -0.8669977,
        0.0950554758
      ],
      [
        -0.138151571,
        0.0305890031,
        0.9899386
      ],
      [
        -0.8611822,
        -0.4973723,
        -0.104814127
      ]
    ],
    "translation": [
      2.25015259,
      0.85018307,
      -0.597039163
    ]
  },
  {
    "timeStamp": 93045,
    "rotation": [
      [
        0.479898334,
        -0.871685565,
        0.0993072242
      ],
      [
        -0.131424531,
        0.0404885635,
        0.990499
      ],
      [
        -0.8674245,
        -0.4883902,
        -0.0951304659
      ]
    ],
    "translation": [
      2.2498436,
      0.850558,
      -0.6058163
    ]
  },
  {
    "timeStamp": 93101,
    "rotation": [
      [
        0.4275029,
        -0.8980435,
        0.103725821
      ],
      [
        -0.120603643,
        0.05705744,
        0.991059661
      ],
      [
        -0.895933032,
        -0.436190575,
        -0.0839151
      ]
    ],
    "translation": [
      2.249964,
      0.851144552,
      -0.612596869
    ]
  },
  {
    "timeStamp": 93145,
    "rotation": [
      [
        0.3392816,
        -0.9351718,
        0.101694345
      ],
      [
        -0.09210772,
        0.07456097,
        0.9929536
      ],
      [
        -0.9361646,
        -0.3462577,
        -0.06083938
      ]
    ],
    "translation": [
      2.25087214,
      0.8486998,
      -0.6178399
    ]
  },
  {
    "timeStamp": 93200,
    "rotation": [
      [
        0.3641997,
        -0.9310269,
        0.0233992748
      ],
      [
        -0.0241133738,
        0.015689671,
        0.9995861
      ],
      [
        -0.931008637,
        -0.364613175,
        -0.016736025
      ]
    ],
    "translation": [
      2.25372386,
      0.8440186,
      -0.623142958
    ]
  },
  {
    "timeStamp": 93244,
    "rotation": [
      [
        0.342231035,
        -0.9391001,
        -0.0311283655
      ],
      [
        -0.00754158152,
        -0.0358730778,
        0.9993279
      ],
      [
        -0.9395856,
        -0.341766268,
        -0.0193591788
      ]
    ],
    "translation": [
      2.256346,
      0.8418007,
      -0.6219993
    ]
  },
  {
    "timeStamp": 93300,
    "rotation": [
      [
        0.301513076,
        -0.9507318,
        -0.07210336
      ],
      [
        0.0104056243,
        -0.07233703,
        0.997325957
      ],
      [
        -0.953405261,
        -0.3014571,
        -0.0119176023
      ]
    ],
    "translation": [
      2.25867963,
      0.839804769,
      -0.620489955
    ]
  },
  {
    "timeStamp": 93345,
    "rotation": [
      [
        0.2919802,
        -0.95593524,
        -0.0305836927
      ],
      [
        0.0352260619,
        -0.0212069973,
        0.9991543
      ],
      [
        -0.95577544,
        -0.292810619,
        0.02748181
      ]
    ],
    "translation": [
      2.25679231,
      0.8314183,
      -0.622486055
    ]
  },
  {
    "timeStamp": 93401,
    "rotation": [
      [
        0.268861949,
        -0.9628858,
        -0.0237539075
      ],
      [
        0.0673595741,
        -0.00580456154,
        0.9977119
      ],
      [
        -0.9608205,
        -0.2698468,
        0.06329895
      ]
    ],
    "translation": [
      2.25610352,
      0.8188733,
      -0.6271698
    ]
  },
  {
    "timeStamp": 93445,
    "rotation": [
      [
        0.264479846,
        -0.963978052,
        -0.0282258447
      ],
      [
        0.08187221,
        -0.00671892567,
        0.9966202
      ],
      [
        -0.960909665,
        -0.2658969,
        0.07714599
      ]
    ],
    "translation": [
      2.256103,
      0.8137385,
      -0.6303229
    ]
  },
  {
    "timeStamp": 93501,
    "rotation": [
      [
        0.231930673,
        -0.972220659,
        -0.03154533
      ],
      [
        0.136925682,
        0.000523599738,
        0.9905812
      ],
      [
        -0.963047,
        -0.234065518,
        0.133243427
      ]
    ],
    "translation": [
      2.25603819,
      0.8041321,
      -0.6369482
    ]
  },
  {
    "timeStamp": 93545,
    "rotation": [
      [
        0.19464986,
        -0.97976613,
        -0.04657995
      ],
      [
        0.130288154,
        -0.0212415364,
        0.9912486
      ],
      [
        -0.972181261,
        -0.199015215,
        0.12351726
      ]
    ],
    "translation": [
      2.25632143,
      0.801138,
      -0.6374381
    ]
  },
  {
    "timeStamp": 93601,
    "rotation": [
      [
        0.215517327,
        -0.9744342,
        -0.06348463
      ],
      [
        0.145909443,
        -0.0321479253,
        0.9887755
      ],
      [
        -0.965537548,
        -0.222361252,
        0.135250717
      ]
    ],
    "translation": [
      2.25619435,
      0.79710716,
      -0.6386768
    ]
  },
  {
    "timeStamp": 93645,
    "rotation": [
      [
        0.209901914,
        -0.975694954,
        -0.0629326552
      ],
      [
        0.127319649,
        -0.0365416221,
        0.9911884
      ],
      [
        -0.9693972,
        -0.216064885,
        0.11655499
      ]
    ],
    "translation": [
      2.256512,
      0.7933312,
      -0.6382015
    ]
  },
  {
    "timeStamp": 93700,
    "rotation": [
      [
        0.218529537,
        -0.9740099,
        -0.059579704
      ],
      [
        0.116030015,
        -0.0346867181,
        0.99263984
      ],
      [
        -0.9689076,
        -0.223834172,
        0.1054343
      ]
    ],
    "translation": [
      2.25615644,
      0.7901273,
      -0.6391953
    ]
  },
  {
    "timeStamp": 93745,
    "rotation": [
      [
        0.228010759,
        -0.971469641,
        -0.06525141
      ],
      [
        0.08873113,
        -0.0460055731,
        0.9949926
      ],
      [
        -0.969607055,
        -0.232658833,
        0.07570984
      ]
    ],
    "translation": [
      2.25646472,
      0.787118256,
      -0.6381448
    ]
  },
  {
    "timeStamp": 93801,
    "rotation": [
      [
        0.225034609,
        -0.9724606,
        -0.06066081
      ],
      [
        0.08362882,
        -0.04275061,
        0.995579541
      ],
      [
        -0.97075516,
        -0.229112834,
        0.07170536
      ]
    ],
    "translation": [
      2.25652218,
      0.786040068,
      -0.6382289
    ]
  },
  {
    "timeStamp": 93846,
    "rotation": [
      [
        0.211508557,
        -0.975662,
        -0.0578603335
      ],
      [
        0.0593733452,
        -0.0462641977,
        0.9971632
      ],
      [
        -0.9755711,
        -0.214343935,
        0.0481430441
      ]
    ],
    "translation": [
      2.25671816,
      0.7834218,
      -0.638006032
    ]
  },
  {
    "timeStamp": 93900,
    "rotation": [
      [
        0.242224351,
        -0.968972147,
        -0.04919673
      ],
      [
        0.0473568365,
        -0.0388384722,
        0.9981227
      ],
      [
        -0.9690638,
        -0.244099408,
        0.03647983
      ]
    ],
    "translation": [
      2.256318,
      0.781499445,
      -0.6384103
    ]
  },
  {
    "timeStamp": 93944,
    "rotation": [
      [
        0.219897732,
        -0.9748832,
        -0.0353226028
      ],
      [
        0.0107162977,
        -0.0337926745,
        0.9993714
      ],
      [
        -0.975464046,
        -0.220138028,
        0.003016207
      ]
    ],
    "translation": [
      2.2565484,
      0.7815935,
      -0.636971
    ]
  },
  {
    "timeStamp": 94000,
    "rotation": [
      [
        0.196579039,
        -0.980276,
        -0.02038887
      ],
      [
        0.00464301975,
        -0.0198636986,
        0.9997919
      ],
      [
        -0.980477,
        -0.196632788,
        0.00064665376
      ]
    ],
    "translation": [
      2.256255,
      0.7818643,
      -0.6366663
    ]
  }
]