[
  {
    "timeStamp": 73386,
    "rotation": [
      [
        0.0123464158,
        0.9995523,
        0.0272529423
      ],
      [
        0.000785152253,
        -0.0272647031,
        0.999627948
      ],
      [
        0.999923468,
        -0.0123204254,
        -0.00112142216
      ]
    ],
    "translation": [
      1.30591452,
      0.698691368,
      -0.358914763
    ]
  },
  {
    "timeStamp": 73431,
    "rotation": [
      [
        0.0126981353,
        0.9995721,
        0.0263494086
      ],
      [
        -0.01669365,
        -0.02613594,
        0.999519
      ],
      [
        0.99978,
        -0.0131319063,
        0.01635463
      ]
    ],
    "translation": [
      1.3058964,
      0.706067145,
      -0.358913124
    ]
  },
  {
    "timeStamp": 73486,
    "rotation": [
      [
        0.0124191269,
        0.9987065,
        0.0493053831
      ],
      [
        -0.0210561082,
        -0.04903705,
        0.998575
      ],
      [
        0.999701142,
        -0.0134396208,
        0.0204198752
      ]
    ],
    "translation": [
      1.30578911,
      0.7076105,
      -0.358908772
    ]
  },
  {
    "timeStamp": 73530,
    "rotation": [
      [
        0.0231434852,
        0.9968838,
        0.07541228
      ],
      [
        -0.02082608,
        -0.07493537,
        0.9969709
      ],
      [
        0.999515235,
        -0.0246439241,
        0.0190269165
      ]
    ],
    "translation": [
      1.30572939,
      0.7096281,
      -0.358316869
    ]
  },
  {
    "timeStamp": 73587,
    "rotation": [
      [
        0.0392824337,
        0.9855391,
        0.164831817
      ],
      [
        0.06762475,
        -0.167203039,
        0.983600557
      ],
      [
        0.996937156,
        -0.0274915211,
        -0.07321498
      ]
    ],
    "translation": [
      1.30199265,
      0.721402645,
      -0.342370719
    ]
  },
  {
    "timeStamp": 73631,
    "rotation": [
      [
        0.0693393946,
        0.963274062,
        0.259413153
      ],
      [
        0.07285875,
        -0.2642345,
        0.9617025
      ],
      [
        0.994928956,
        -0.0477833636,
        -0.08850481
      ]
    ],
    "translation": [
      1.28998566,
      0.7510302,
      -0.340435028
    ]
  },
  {
    "timeStamp": 73687,
    "rotation": [
      [
        0.118200451,
        0.9138712,
        0.388417274
      ],
      [
        0.0866849646,
        -0.3991625,
        0.912773252
      ],
      [
        0.989198864,
        -0.07422026,
        -0.126400083
      ]
    ],
    "translation": [
      1.28933883,
      0.801715136,
      -0.342602849
    ]
  },
  {
    "timeStamp": 73732,
    "rotation": [
      [
        0.156584486,
        0.8791961,
        0.449995071
      ],
      [
        0.1312351,
        -0.47009632,
        0.872804
      ],
      [
        0.97890687,
        -0.077612415,
        -0.188991174
      ]
    ],
    "translation": [
      1.30837369,
      0.8431894,
      -0.344847441
    ]
  },
  {
    "timeStamp": 73787,
    "rotation": [
      [
        0.2028572,
        0.836766958,
        0.508596063
      ],
      [
        0.150369912,
        -0.5398544,
        0.828218639
      ],
      [
        0.967593849,
        -0.09153258,
        -0.235337928
      ]
    ],
    "translation": [
      1.34806252,
      0.889855146,
      -0.3598462
    ]
  },
  {
    "timeStamp": 73831,
    "rotation": [
      [
        0.227017239,
        0.817576,
        0.5291812
      ],
      [
        0.168331981,
        -0.5681306,
        0.8055383
      ],
      [
        0.9592328,
        -0.0937929749,
        -0.266599625
      ]
    ],
    "translation": [
      1.3895191,
      0.9183627,
      -0.382414728
    ]
  },
  {
    "timeStamp": 73887,
    "rotation": [
      [
        0.279276818,
        0.7999309,
        0.531145155
      ],
      [
        0.156506538,
        -0.5836793,
        0.796758533
      ],
      [
        0.9473702,
        -0.1393885,
        -0.288202524
      ]
    ],
    "translation": [
      1.45533884,
      0.9411402,
      -0.4117993
    ]
  },
  {
    "timeStamp": 73931,
    "rotation": [
      [
        0.336437553,
        0.794070244,
        0.5062235
      ],
      [
        0.17061846,
        -0.5800629,
        0.796502531
      ],
      [
        0.92612046,
        -0.181602284,
        -0.330638021
      ]
    ],
    "translation": [
      1.51678658,
      0.954129338,
      -0.431828082
    ]
  },
  {
    "timeStamp": 73987,
    "rotation": [
      [
        0.4360506,
        0.76611346,
        0.472154617
      ],
      [
        0.1496822,
        -0.579096735,
        0.8014002
      ],
      [
        0.8873866,
        -0.2787779,
        -0.36718902
      ]
    ],
    "translation": [
      1.59904611,
      0.9639532,
      -0.457689434
    ]
  },
  {
    "timeStamp": 74031,
    "rotation": [
      [
        0.517745554,
        0.750527143,
        0.410668463
      ],
      [
        0.157396629,
        -0.555381358,
        0.8165647
      ],
      [
        0.840931535,
        -0.3581349,
        -0.405676633
      ]
    ],
    "translation": [
      1.671718,
      0.9662051,
      -0.477012038
    ]
  },
  {
    "timeStamp": 74087,
    "rotation": [
      [
        0.6169919,
        0.7156894,
        0.32727617
      ],
      [
        0.155609742,
        -0.5186074,
        0.840733
      ],
      [
        0.771431565,
        -0.467798054,
        -0.431344777
      ]
    ],
    "translation": [
      1.761436,
      0.961520851,
      -0.5051222
    ]
  },
  {
    "timeStamp": 74131,
    "rotation": [
      [
        0.69142586,
        0.6821536,
        0.237901017
      ],
      [
        0.171946481,
        -0.4752207,
        0.8629019
      ],
      [
        0.7016871,
        -0.555726469,
        -0.445873767
      ]
    ],
    "translation": [
      1.841236,
      0.950950265,
      -0.527842343
    ]
  },
  {
    "timeStamp": 74186,
    "rotation": [
      [
        0.782099664,
        0.6034075,
        0.1556262
      ],
      [
        0.171450272,
        -0.448464572,
        0.8772026
      ],
      [
        0.599103451,
        -0.6593777,
        -0.45419836
      ]
    ],
    "translation": [
      1.92688322,
      0.944679558,
      -0.556844354
    ]
  },
  {
    "timeStamp": 74232,
    "rotation": [
      [
        0.8318436,
        0.5500579,
        0.0739767849
      ],
      [
        0.1991231,
        -0.420196027,
        0.8853165
      ],
      [
        0.5180601,
        -0.7217144,
        -0.4590666
      ]
    ],
    "translation": [
      1.99282241,
      0.938835859,
      -0.579240263
    ]
  },
  {
    "timeStamp": 74294,
    "rotation": [
      [
        0.878842235,
        0.477039039,
        0.008375767
      ],
      [
        0.2106365,
        -0.4036847,
        0.8903207
      ],
      [
        0.4280989,
        -0.780687153,
        -0.455256969
      ]
    ],
    "translation": [
      2.06230879,
      0.931098938,
      -0.605783641
    ]
  },
  {
    "timeStamp": 74339,
    "rotation": [
      [
        0.905173957,
        0.421608746,
        -0.053909
      ],
      [
        0.2258867,
        -0.3697279,
        0.901263833
      ],
      [
        0.360049039,
        -0.827977836,
        -0.4299039
      ]
    ],
    "translation": [
      2.11768246,
      0.918922961,
      -0.629838765
    ]
  },
  {
    "timeStamp": 74381,
    "rotation": [
      [
        0.9193839,
        0.3852168,
        -0.07963226
      ],
      [
        0.22240293,
        -0.3420706,
        0.9129757
      ],
      [
        0.324453741,
        -0.857085645,
        -0.400167525
      ]
    ],
    "translation": [
      2.1544652,
      0.9025556,
      -0.6492931
    ]
  },
  {
    "timeStamp": 74437,
    "rotation": [
      [
        0.935468,
        0.343616366,
        -0.08262746
      ],
      [
        0.20162642,
        -0.32689023,
        0.9233036
      ],
      [
        0.290252119,
        -0.880380869,
        -0.3750775
      ]
    ],
    "translation": [
      2.18400764,
      0.88372016,
      -0.6668556
    ]
  },
  {
    "timeStamp": 74481,
    "rotation": [
      [
        0.9456055,
        0.3120957,
        -0.09179614
      ],
      [
        0.193761528,
        -0.313661456,
        0.929555237
      ],
      [
        0.261317253,
        -0.8967791,
        -0.357072115
      ]
    ],
    "translation": [
      2.20302343,
      0.8678982,
      -0.6787958
    ]
  },
  {
    "timeStamp": 74537,
    "rotation": [
      [
        0.9582566,
        0.2715996,
        -0.0893189758
      ],
      [
        0.174648046,
        -0.308711141,
        0.9349842
      ],
      [
        0.226367548,
        -0.9115542,
        -0.343258828
      ]
    ],
    "translation": [
      2.22045183,
      0.852736,
      -0.688706636
    ]
  },
  {
    "timeStamp": 74581,
    "rotation": [
      [
        0.9674083,
        0.237233147,
        -0.0885532945
      ],
      [
        0.1633962,
        -0.3176638,
        0.93401897
      ],
      [
        0.1934501,
        -0.918046951,
        -0.346073568
      ]
    ],
    "translation": [
      2.230966,
      0.8431981,
      -0.6914632
    ]
  },
  {
    "timeStamp": 74637,
    "rotation": [
      [
        0.9785996,
        0.193342641,
        -0.0704366937
      ],
      [
        0.129860148,
        -0.3147408,
        0.9402524
      ],
      [
        0.1596216,
        -0.9292776,
        -0.333112746
      ]
    ],
    "translation": [
      2.23559952,
      0.827697933,
      -0.696835756
    ]
  },
  {
    "timeStamp": 74682,
    "rotation": [
      [
        0.985749841,
        0.1580411,
        -0.0576223135
      ],
      [
        0.104846284,
        -0.309352964,
        0.9451497
      ],
      [
        0.13154687,
        -0.9377226,
        -0.321514636
      ]
    ],
    "translation": [
      2.23776913,
      0.815555334,
      -0.7022778
    ]
  },
  {
    "timeStamp": 74737,
    "rotation": [
      [
        0.994309545,
        0.0979421139,
        -0.0419027433
      ],
      [
        0.0702891052,
        -0.307599336,
        0.948916256
      ],
      [
        0.0800496042,
        -0.9464618,
        -0.3127332
      ]
    ],
    "translation": [
      2.2413826,
      0.8038763,
      -0.707738042
    ]
  },
  {
    "timeStamp": 74783,
    "rotation": [
      [
        0.996682465,
        0.07367633,
        -0.0345806964
      ],
      [
        0.0548294261,
        -0.293820679,
        0.9542867
      ],
      [
        0.0601478145,
        -0.9530168,
        -0.29688555
      ]
    ],
    "translation": [
      2.24283385,
      0.7931178,
      -0.7140906
    ]
  },
  {
    "timeStamp": 74840,
    "rotation": [
      [
        0.999299765,
        0.0279917326,
        -0.0248293839
      ],
      [
        0.0318781734,
        -0.289465249,
        0.9566575
      ],
      [
        0.019591257,
        -0.9567791,
        -0.290154874
      ]
    ],
    "translation": [
      2.24571657,
      0.7839507,
      -0.721264362
    ]
  },
  {
    "timeStamp": 74885,
    "rotation": [
      [
        0.999743342,
        0.00211315043,
        -0.0225538388
      ],
      [
        0.0221827086,
        -0.293070436,
        0.9558335
      ],
      [
        -0.00459004147,
        -0.9560885,
        -0.2930421
      ]
    ],
    "translation": [
      2.247407,
      0.779314935,
      -0.7248801
    ]
  },
  {
    "timeStamp": 74931,
    "rotation": [
      [
        0.9997081,
        0.00101694243,
        -0.0241376627
      ],
      [
        0.0234852023,
        -0.2752384,
        0.961089134
      ],
      [
        -0.005666235,
        -0.9613755,
        -0.275181919
      ]
    ],
    "translation": [
      2.24742532,
      0.771731734,
      -0.731259346
    ]
  },
  {
    "timeStamp": 74987,
    "rotation": [
      [
        0.9995144,
        0.00185980869,
        -0.0311057083
      ],
      [
        0.0307538826,
        -0.2197561,
        0.97507
      ],
      [
        -0.005022219,
        -0.9755531,
        -0.219706565
      ]
    ],
    "translation": [
      2.24734139,
      0.7604106,
      -0.743093967
    ]
  },
  {
    "timeStamp": 75031,
    "rotation": [
      [
        0.999395251,
        0.000905768247,
        -0.03476033
      ],
      [
        0.03448668,
        -0.153646365,
        0.9875239
      ],
      [
        -0.00444632675,
        -0.988125443,
        -0.153584689
      ]
    ],
    "translation": [
      2.24730039,
      0.753656268,
      -0.7521459
    ]
  },
  {
    "timeStamp": 75087,
    "rotation": [
      [
        0.998969,
        0.006133182,
        -0.04498057
      ],
      [
        0.0448067933,
        0.0260148179,
        0.998656869
      ],
      [
        0.00729512237,
        -0.9996427,
        0.02571319
      ]
    ],
    "translation": [
      2.24734783,
      0.7394388,
      -0.7779314
    ]
  },
  {
    "timeStamp": 75131,
    "rotation": [
      [
        0.998878956,
        0.006673432,
        -0.0468647443
      ],
      [
        0.0467178039,
        0.020693291,
        0.998693764
      ],
      [
        0.00763450051,
        -0.9997636,
        0.0203583241
      ]
    ],
    "translation": [
      2.24660373,
      0.7406374,
      -0.7765119
    ]
  },
  {
    "timeStamp": 75186,
    "rotation": [
      [
        0.9987756,
        0.0153284436,
        -0.0470359847
      ],
      [
        0.0464499928,
        0.0365721136,
        0.9982509
      ],
      [
        0.017021846,
        -0.999213457,
        0.03581533
      ]
    ],
    "translation": [
      2.24546337,
      0.738063335,
      -0.7781758
    ]
  },
  {
    "timeStamp": 75232,
    "rotation": [
      [
        0.9952732,
        0.0792059153,
        -0.0561936349
      ],
      [
        0.0529590622,
        0.0423645526,
        0.997697651
      ],
      [
        0.0814041644,
        -0.9959577,
        0.0379696339
      ]
    ],
    "translation": [
      2.24283862,
      0.730790854,
      -0.7771099
    ]
  },
  {
    "timeStamp": 75286,
    "rotation": [
      [
        0.9968971,
        0.0712164,
        -0.03353149
      ],
      [
        0.0318632871,
        0.024433028,
        0.999193549
      ],
      [
        0.07197824,
        -0.997161567,
        0.0220880266
      ]
    ],
    "translation": [
      2.2426312,
      0.726183832,
      -0.7768956
    ]
  },
  {
    "timeStamp": 75331,
    "rotation": [
      [
        0.9968448,
        0.0718696043,
        -0.03369309
      ],
      [
        0.03209273,
        0.0233075712,
        0.9992131
      ],
      [
        0.07259835,
        -0.9971417,
        0.02092754
      ]
    ],
    "translation": [
      2.24264,
      0.72598505,
      -0.776776552
    ]
  },
  {
    "timeStamp": 75387,
    "rotation": [
      [
        0.996937037,
        0.07161629,
        -0.03142639
      ],
      [
        0.0297900643,
        0.0238034166,
        0.9992727
      ],
      [
        0.0723122656,
        -0.9971482,
        0.0215970557
      ]
    ],
    "translation": [
      2.242621,
      0.726011455,
      -0.776838243
    ]
  },
  {
    "timeStamp": 75431,
    "rotation": [
      [
        0.997095,
        0.07285266,
        -0.0222273134
      ],
      [
        0.0212467536,
        0.0142070362,
        0.9996733
      ],
      [
        0.07314466,
        -0.9972415,
        0.0126178823
      ]
    ],
    "translation": [
      2.24238539,
      0.725545466,
      -0.7761503
    ]
  },
  {
    "timeStamp": 75486,
    "rotation": [
      [
        0.997240365,
        0.07166401,
        -0.0193880927
      ],
      [
        0.018693231,
        0.0103541771,
        0.999771655
      ],
      [
        0.07184839,
        -0.9973751,
        0.008985971
      ]
    ],
    "translation": [
      2.24284172,
      0.7256925,
      -0.77690345
    ]
  },
  {
    "timeStamp": 75532,
    "rotation": [
      [
        0.995320737,
        -0.007743293,
        -0.09631542
      ],
      [
        0.09640171,
        0.0116724381,
        0.995274067
      ],
      [
        -0.00658246363,
        -0.9999019,
        0.0123642869
      ]
    ],
    "translation": [
      2.24737382,
      0.7289112,
      -0.7750255
    ]
  },
  {
    "timeStamp": 75586,
    "rotation": [
      [
        0.997937858,
        -0.0025981525,
        -0.064134784
      ],
      [
        0.06417291,
        0.0191617571,
        0.9977548
      ],
      [
        -0.001363384,
        -0.999813,
        0.0192889739
      ]
    ],
    "translation": [
      2.24730015,
      0.728573442,
      -0.7761695
    ]
  },
  {
    "timeStamp": 75631,
    "rotation": [
      [
        0.9980972,
        -0.000285641843,
        -0.0616597459
      ],
      [
        0.0616521351,
        0.0209994726,
        0.997876763
      ],
      [
        0.0010097872,
        -0.999779463,
        0.0209771246
      ]
    ],
    "translation": [
      2.247346,
      0.7285191,
      -0.7764459
    ]
  }
]