[
  {
    "timeStamp": 60370,
    "rotation": [
      [
        -0.7054019,
        0.3743399,
        -0.6018952
      ],
      [
        0.5302006,
        0.84224087,
        -0.09755875
      ],
      [
        0.470420569,
        -0.387943327,
        -0.792593539
      ]
    ],
    "translation": [
      1.47284615,
      0.7031169,
      -0.7048053
    ]
  },
  {
    "timeStamp": 60418,
    "rotation": [
      [
        -0.6274318,
        0.473647565,
        -0.6180513
      ],
      [
        0.637771666,
        0.7679691,
        -0.0589134246
      ],
      [
        0.446740061,
        -0.431139737,
        -0.783927262
      ]
    ],
    "translation": [
      1.47376251,
      0.706441939,
      -0.7052461
    ]
  },
  {
    "timeStamp": 60465,
    "rotation": [
      [
        -0.5957122,
        0.5033127,
        -0.625942
      ],
      [
        0.692290545,
        0.716898143,
        -0.08240694
      ],
      [
        0.40726018,
        -0.482424527,
        -0.7755035
      ]
    ],
    "translation": [
      1.481092,
      0.7074932,
      -0.7104047
    ]
  },
  {
    "timeStamp": 60510,
    "rotation": [
      [
        -0.6554547,
        0.4092059,
        -0.6347674
      ],
      [
        0.5610511,
        0.8264714,
        -0.0465471
      ],
      [
        0.5055698,
        -0.386646479,
        -0.7713
      ]
    ],
    "translation": [
      1.504813,
      0.7178948,
      -0.7195443
    ]
  },
  {
    "timeStamp": 60565,
    "rotation": [
      [
        -0.58338964,
        0.461220056,
        -0.668530166
      ],
      [
        0.5992407,
        0.8000425,
        0.02902607
      ],
      [
        0.548239946,
        -0.383677,
        -0.7431184
      ]
    ],
    "translation": [
      1.52829516,
      0.7406397,
      -0.7241385
    ]
  },
  {
    "timeStamp": 60610,
    "rotation": [
      [
        -0.5336465,
        0.4953482,
        -0.68545717
      ],
      [
        0.6309914,
        0.7728676,
        0.06727219
      ],
      [
        0.5630908,
        -0.396618038,
        -0.724998534
      ]
    ],
    "translation": [
      1.55693829,
      0.7651185,
      -0.730894566
    ]
  },
  {
    "timeStamp": 60665,
    "rotation": [
      [
        -0.477469,
        0.522601664,
        -0.7063362
      ],
      [
        0.6488718,
        0.751757562,
        0.117583677
      ],
      [
        0.592443,
        -0.402179062,
        -0.698042452
      ]
    ],
    "translation": [
      1.60717344,
      0.7982948,
      -0.747425139
    ]
  },
  {
    "timeStamp": 60710,
    "rotation": [
      [
        -0.4082292,
        0.5225145,
        -0.7485502
      ],
      [
        0.65144515,
        0.74117744,
        0.162096068
      ],
      [
        0.6395061,
        -0.421467036,
        -0.6429599
      ]
    ],
    "translation": [
      1.65469778,
      0.824041,
      -0.7617127
    ]
  },
  {
    "timeStamp": 60765,
    "rotation": [
      [
        -0.352075577,
        0.472548276,
        -0.807923853
      ],
      [
        0.6495857,
        0.744823456,
        0.15256606
      ],
      [
        0.6738555,
        -0.471101016,
        -0.569194734
      ]
    ],
    "translation": [
      1.72328353,
      0.852128267,
      -0.777674
    ]
  },
  {
    "timeStamp": 60810,
    "rotation": [
      [
        -0.2812481,
        0.42486167,
        -0.860460341
      ],
      [
        0.6629702,
        0.7342972,
        0.145870328
      ],
      [
        0.6938084,
        -0.529433846,
        -0.4881903
      ]
    ],
    "translation": [
      1.77587056,
      0.875717342,
      -0.786024034
    ]
  },
  {
    "timeStamp": 60866,
    "rotation": [
      [
        -0.184625015,
        0.3476665,
        -0.919261456
      ],
      [
        0.686153054,
        0.715251148,
        0.132702023
      ],
      [
        0.703638852,
        -0.6062539,
        -0.370605648
      ]
    ],
    "translation": [
      1.84123,
      0.9047783,
      -0.7934217
    ]
  },
  {
    "timeStamp": 60911,
    "rotation": [
      [
        -0.08981726,
        0.243921623,
        -0.9656268
      ],
      [
        0.7099539,
        0.6956534,
        0.109689154
      ],
      [
        0.6984971,
        -0.6756986,
        -0.235654816
      ]
    ],
    "translation": [
      1.898142,
      0.924432337,
      -0.7931651
    ]
  },
  {
    "timeStamp": 60969,
    "rotation": [
      [
        -0.0237901118,
        0.104605563,
        -0.9942292
      ],
      [
        0.748960733,
        0.660603642,
        0.0515826233
      ],
      [
        0.6621873,
        -0.7434115,
        -0.0940612853
      ]
    ],
    "translation": [
      1.96903193,
      0.942168534,
      -0.7900461
    ]
  },
  {
    "timeStamp": 61015,
    "rotation": [
      [
        0.013303793,
        -0.00438887347,
        -0.999901831
      ],
      [
        0.7728704,
        0.634519458,
        0.00749801937
      ],
      [
        0.6344243,
        -0.7728943,
        0.0118335476
      ]
    ],
    "translation": [
      2.02288628,
      0.94901377,
      -0.78951335
    ]
  },
  {
    "timeStamp": 61060,
    "rotation": [
      [
        0.0346656628,
        -0.09926861,
        -0.994456649
      ],
      [
        0.796819568,
        0.6033453,
        -0.0324508548
      ],
      [
        0.6032221,
        -0.7912776,
        0.10001453
      ]
    ],
    "translation": [
      2.07155824,
      0.94942075,
      -0.7867171
    ]
  },
  {
    "timeStamp": 61113,
    "rotation": [
      [
        0.0500112958,
        -0.18654114,
        -0.9811734
      ],
      [
        0.8063388,
        0.587231755,
        -0.07054496
      ],
      [
        0.58933574,
        -0.787630141,
        0.179783583
      ]
    ],
    "translation": [
      2.11947536,
      0.939384,
      -0.7829415
    ]
  },
  {
    "timeStamp": 61165,
    "rotation": [
      [
        0.08586855,
        -0.2454991,
        -0.965586245
      ],
      [
        0.8053497,
        0.587673068,
        -0.07779625
      ],
      [
        0.5865479,
        -0.7709543,
        0.248175263
      ]
    ],
    "translation": [
      2.156901,
      0.9188789,
      -0.7755234
    ]
  },
  {
    "timeStamp": 61210,
    "rotation": [
      [
        0.06850827,
        -0.243999183,
        -0.967352569
      ],
      [
        0.771516562,
        0.6277027,
        -0.103688873
      ],
      [
        0.6325099,
        -0.73922503,
        0.231252253
      ]
    ],
    "translation": [
      2.17414927,
      0.8931795,
      -0.7704739
    ]
  },
  {
    "timeStamp": 61265,
    "rotation": [
      [
        0.09572097,
        -0.246425673,
        -0.9644231
      ],
      [
        0.737207,
        0.6685717,
        -0.0976615548
      ],
      [
        0.66885227,
        -0.7016312,
        0.245663062
      ]
    ],
    "translation": [
      2.18205929,
      0.864865839,
      -0.7621328
    ]
  },
  {
    "timeStamp": 61310,
    "rotation": [
      [
        0.07976912,
        -0.209579214,
        -0.9745324
      ],
      [
        0.6860264,
        0.720828354,
        -0.098864764
      ],
      [
        0.7231906,
        -0.6606687,
        0.20127672
      ]
    ],
    "translation": [
      2.1774745,
      0.8432452,
      -0.7616221
    ]
  },
  {
    "timeStamp": 61365,
    "rotation": [
      [
        0.09842178,
        -0.148487449,
        -0.9840043
      ],
      [
        0.645309031,
        0.7622519,
        -0.05047983
      ],
      [
        0.7575548,
        -0.6300186,
        0.170842484
      ]
    ],
    "translation": [
      2.16417122,
      0.8292957,
      -0.7620709
    ]
  },
  {
    "timeStamp": 61421,
    "rotation": [
      [
        0.0826604,
        -0.07857186,
        -0.9934756
      ],
      [
        0.563990235,
        0.8255772,
        -0.01836732
      ],
      [
        0.821633935,
        -0.558792233,
        0.1125563
      ]
    ],
    "translation": [
      2.14811039,
      0.8161672,
      -0.774068
    ]
  },
  {
    "timeStamp": 61465,
    "rotation": [
      [
        0.06980567,
        -0.0889496058,
        -0.993586957
      ],
      [
        0.543777943,
        0.8384195,
        -0.0368546546
      ],
      [
        0.836320937,
        -0.537718,
        0.106895261
      ]
    ],
    "translation": [
      2.14766359,
      0.8083694,
      -0.776572347
    ]
  },
  {
    "timeStamp": 61510,
    "rotation": [
      [
        0.06656263,
        -0.07752312,
        -0.9947661
      ],
      [
        0.487062,
        0.872649,
        -0.03541571
      ],
      [
        0.870827138,
        -0.4821554,
        0.09584439
      ]
    ],
    "translation": [
      2.146501,
      0.799817145,
      -0.7838663
    ]
  },
  {
    "timeStamp": 61567,
    "rotation": [
      [
        0.03187542,
        -0.04135182,
        -0.998636
      ],
      [
        0.418708056,
        0.9077977,
        -0.0242256373
      ],
      [
        0.907561243,
        -0.417364776,
        0.0462507755
      ]
    ],
    "translation": [
      2.13992786,
      0.788150847,
      -0.792729259
    ]
  },
  {
    "timeStamp": 61612,
    "rotation": [
      [
        0.0290265847,
        -0.04669495,
        -0.9984874
      ],
      [
        0.387384534,
        0.9213687,
        -0.0318269581
      ],
      [
        0.921461165,
        -0.385874718,
        0.0448330864
      ]
    ],
    "translation": [
      2.13977265,
      0.782950163,
      -0.7944228
    ]
  },
  {
    "timeStamp": 61670,
    "rotation": [
      [
        0.00598393474,
        -0.03443075,
        -0.9993892
      ],
      [
        0.338091582,
        0.9406227,
        -0.0303817838
      ],
      [
        0.94109416,
        -0.337703258,
        0.0172693711
      ]
    ],
    "translation": [
      2.13667727,
      0.7773183,
      -0.7980431
    ]
  },
  {
    "timeStamp": 61715,
    "rotation": [
      [
        0.008249022,
        -0.0271388832,
        -0.999597669
      ],
      [
        0.327620775,
        0.9445308,
        -0.0229401886
      ],
      [
        0.9447733,
        -0.3272997,
        0.0166827161
      ]
    ],
    "translation": [
      2.13514423,
      0.77529186,
      -0.7973934
    ]
  },
  {
    "timeStamp": 61771,
    "rotation": [
      [
        0.0270835534,
        -0.0544267632,
        -0.998150349
      ],
      [
        0.303048372,
        0.9519734,
        -0.0436860025
      ],
      [
        0.9525902,
        -0.301304668,
        0.04227676
      ]
    ],
    "translation": [
      2.13420224,
      0.772887468,
      -0.8044122
    ]
  }
]