[
  {
    "timeStamp": 2625,
    "rotation": [
      [
        -0.00828935,
        0.9999645,
        0.00157371594
      ],
      [
        0.0375571549,
        -0.00126132485,
        0.9992937
      ],
      [
        0.9992601,
        0.0083425995,
        -0.0375453644
      ]
    ],
    "translation": [
      1.48260522,
      0.7036196,
      -0.6187721
    ]
  },
  {
    "timeStamp": 2670,
    "rotation": [
      [
        -0.0100420844,
        0.999949157,
        0.000939264952
      ],
      [
        0.0148127973,
        -0.000790450431,
        0.99988997
      ],
      [
        0.9998399,
        0.0100548929,
        -0.0148041062
      ]
    ],
    "translation": [
      1.48260272,
      0.705095232,
      -0.61755
    ]
  },
  {
    "timeStamp": 2725,
    "rotation": [
      [
        -0.010003427,
        0.999937654,
        0.004968262
      ],
      [
        0.0197551474,
        -0.00476991432,
        0.99979347
      ],
      [
        0.999754846,
        0.01009951,
        -0.0197062
      ]
    ],
    "translation": [
      1.48263383,
      0.705127358,
      -0.617612541
    ]
  },
  {
    "timeStamp": 2770,
    "rotation": [
      [
        -0.0100907637,
        0.9999162,
        0.008115789
      ],
      [
        0.0157112,
        -0.007956659,
        0.9998449
      ],
      [
        0.999825656,
        0.0102167111,
        -0.0156295933
      ]
    ],
    "translation": [
      1.48265052,
      0.705021739,
      -0.617627561
    ]
  },
  {
    "timeStamp": 2825,
    "rotation": [
      [
        0.004413638,
        0.999988854,
        0.00169235584
      ],
      [
        0.03651593,
        -0.00185241294,
        0.999331355
      ],
      [
        0.999323368,
        -0.004348889,
        -0.0365237
      ]
    ],
    "translation": [
      1.48715925,
      0.70575726,
      -0.6143174
    ]
  },
  {
    "timeStamp": 2870,
    "rotation": [
      [
        0.030070018,
        0.999504,
        -0.009350889
      ],
      [
        0.046676863,
        0.007940766,
        0.9988785
      ],
      [
        0.9984573,
        -0.0304727629,
        -0.04641493
      ]
    ],
    "translation": [
      1.49148309,
      0.714193165,
      -0.6087201
    ]
  },
  {
    "timeStamp": 2925,
    "rotation": [
      [
        0.045762416,
        0.9989328,
        -0.00625981065
      ],
      [
        0.0404290035,
        0.004409209,
        0.9991727
      ],
      [
        0.998133957,
        -0.0459776334,
        -0.0401840769
      ]
    ],
    "translation": [
      1.49444509,
      0.7314669,
      -0.609799445
    ]
  },
  {
    "timeStamp": 2970,
    "rotation": [
      [
        0.0501501448,
        0.99870497,
        -0.008569174
      ],
      [
        0.0583208241,
        0.005636954,
        0.998281956
      ],
      [
        0.9970374,
        -0.05056375,
        -0.0579626039
      ]
    ],
    "translation": [
      1.499201,
      0.7484257,
      -0.6066148
    ]
  },
  {
    "timeStamp": 3025,
    "rotation": [
      [
        0.0686658844,
        0.9976322,
        -0.00386547716
      ],
      [
        0.06866707,
        -0.000860771746,
        0.997639239
      ],
      [
        0.9952737,
        -0.06876922,
        -0.06856358
      ]
    ],
    "translation": [
      1.50321078,
      0.7736423,
      -0.6029134
    ]
  },
  {
    "timeStamp": 3070,
    "rotation": [
      [
        0.07478921,
        0.9971351,
        -0.0113243582
      ],
      [
        0.07593989,
        0.005628118,
        0.997096539
      ],
      [
        0.9943037,
        -0.0754320249,
        -0.07530141
      ]
    ],
    "translation": [
      1.51025021,
      0.7966147,
      -0.6021066
    ]
  },
  {
    "timeStamp": 3125,
    "rotation": [
      [
        0.07988783,
        0.996582866,
        -0.0209879223
      ],
      [
        0.09239153,
        0.0135615962,
        0.9956304
      ],
      [
        0.9925128,
        -0.08147786,
        -0.09099241
      ]
    ],
    "translation": [
      1.51949263,
      0.826849,
      -0.602244556
    ]
  },
  {
    "timeStamp": 3170,
    "rotation": [
      [
        0.0926035643,
        0.9954692,
        -0.0215785317
      ],
      [
        0.100482836,
        0.0122179883,
        0.994863749
      ],
      [
        0.9906199,
        -0.09429621,
        -0.09889614
      ]
    ],
    "translation": [
      1.52641845,
      0.8533002,
      -0.6040962
    ]
  },
  {
    "timeStamp": 3225,
    "rotation": [
      [
        0.105007604,
        0.994156957,
        -0.0250065159
      ],
      [
        0.125051573,
        0.0117457462,
        0.9920807
      ],
      [
        0.98657763,
        -0.107303128,
        -0.1230875
      ]
    ],
    "translation": [
      1.5365473,
      0.8874065,
      -0.605993152
    ]
  },
  {
    "timeStamp": 3271,
    "rotation": [
      [
        0.12700811,
        0.9917278,
        -0.0185689777
      ],
      [
        0.145658165,
        -0.000129905035,
        0.989334941
      ],
      [
        0.9811486,
        -0.12835829,
        -0.144469753
      ]
    ],
    "translation": [
      1.54409885,
      0.91565907,
      -0.6065878
    ]
  },
  {
    "timeStamp": 3324,
    "rotation": [
      [
        0.166761518,
        0.985968,
        -0.007595596
      ],
      [
        0.164846376,
        -0.020284567,
        0.9861106
      ],
      [
        0.972119451,
        -0.165697411,
        -0.165915951
      ]
    ],
    "translation": [
      1.55353761,
      0.950839,
      -0.6093632
    ]
  },
  {
    "timeStamp": 3379,
    "rotation": [
      [
        0.193850383,
        0.98101145,
        -0.00620903
      ],
      [
        0.189041913,
        -0.0311432034,
        0.981475055
      ],
      [
        0.9626449,
        -0.191433087,
        -0.1914894
      ]
    ],
    "translation": [
      1.5684849,
      0.9839011,
      -0.613096
    ]
  },
  {
    "timeStamp": 3424,
    "rotation": [
      [
        0.217777386,
        0.975995362,
        -0.002473378
      ],
      [
        0.204355627,
        -0.04312029,
        0.9779465
      ],
      [
        0.9543646,
        -0.213480085,
        -0.208840758
      ]
    ],
    "translation": [
      1.58187234,
      1.00905693,
      -0.6178061
    ]
  },
  {
    "timeStamp": 3479,
    "rotation": [
      [
        0.233310819,
        0.9723316,
        -0.0117206322
      ],
      [
        0.224103376,
        -0.0420369469,
        0.9736583
      ],
      [
        0.94622606,
        -0.229791656,
        -0.227710471
      ]
    ],
    "translation": [
      1.60558677,
      1.03674984,
      -0.6248089
    ]
  },
  {
    "timeStamp": 3524,
    "rotation": [
      [
        0.250310957,
        0.967934549,
        -0.0211462248
      ],
      [
        0.239316568,
        -0.0406947471,
        0.9700884
      ],
      [
        0.938121557,
        -0.247884408,
        -0.241829112
      ]
    ],
    "translation": [
      1.62714922,
      1.05640471,
      -0.630698442
    ]
  },
  {
    "timeStamp": 3579,
    "rotation": [
      [
        0.288163275,
        0.9569044,
        -0.03599897
      ],
      [
        0.261927426,
        -0.0426056869,
        0.9641467
      ],
      [
        0.921062469,
        -0.287260771,
        -0.2629169
      ]
    ],
    "translation": [
      1.6580503,
      1.07889223,
      -0.6335357
    ]
  },
  {
    "timeStamp": 3624,
    "rotation": [
      [
        0.3164134,
        0.9474809,
        -0.04650327
      ],
      [
        0.2794073,
        -0.0462371744,
        0.959058762
      ],
      [
        0.9065397,
        -0.316452384,
        -0.279363126
      ]
    ],
    "translation": [
      1.68488407,
      1.09438872,
      -0.636045039
    ]
  },
  {
    "timeStamp": 3680,
    "rotation": [
      [
        0.347546369,
        0.9353323,
        -0.06606845
      ],
      [
        0.301804185,
        -0.0448750556,
        0.952313244
      ],
      [
        0.8877645,
        -0.35091272,
        -0.297883362
      ]
    ],
    "translation": [
      1.72421336,
      1.11041081,
      -0.639400542
    ]
  },
  {
    "timeStamp": 3725,
    "rotation": [
      [
        0.364495516,
        0.9270469,
        -0.0879031941
      ],
      [
        0.319973141,
        -0.0360361561,
        0.946741045
      ],
      [
        0.8745057,
        -0.3732095,
        -0.30976513
      ]
    ],
    "translation": [
      1.75882542,
      1.120353,
      -0.643384337
    ]
  },
  {
    "timeStamp": 3769,
    "rotation": [
      [
        0.380762458,
        0.9181715,
        -0.1094576
      ],
      [
        0.330411255,
        -0.0245411582,
        0.943518
      ],
      [
        0.8636251,
        -0.39542222,
        -0.31271854
      ]
    ],
    "translation": [
      1.79594994,
      1.12781525,
      -0.648152351
    ]
  },
  {
    "timeStamp": 3825,
    "rotation": [
      [
        0.392095566,
        0.9085572,
        -0.144169793
      ],
      [
        0.353051484,
        -0.00390210375,
        0.935595751
      ],
      [
        0.8494797,
        -0.4177423,
        -0.322297484
      ]
    ],
    "translation": [
      1.84365952,
      1.13353467,
      -0.6523524
    ]
  },
  {
    "timeStamp": 3869,
    "rotation": [
      [
        0.3980363,
        0.9029179,
        -0.162192658
      ],
      [
        0.365543932,
        0.00605262164,
        0.9307744
      ],
      [
        0.841394544,
        -0.429770559,
        -0.327646971
      ]
    ],
    "translation": [
      1.88075686,
      1.13614845,
      -0.6556497
    ]
  },
  {
    "timeStamp": 3925,
    "rotation": [
      [
        0.419917762,
        0.8925219,
        -0.164540768
      ],
      [
        0.36756745,
        -0.00148556731,
        0.929995656
      ],
      [
        0.8297971,
        -0.451001555,
        -0.32868582
      ]
    ],
    "translation": [
      1.92005825,
      1.13620973,
      -0.6585406
    ]
  },
  {
    "timeStamp": 3969,
    "rotation": [
      [
        0.436926126,
        0.8840933,
        -0.165754616
      ],
      [
        0.369891763,
        -0.008623029,
        0.9290348
      ],
      [
        0.8199241,
        -0.467230856,
        -0.330786437
      ]
    ],
    "translation": [
      1.95011485,
      1.13397717,
      -0.658520937
    ]
  },
  {
    "timeStamp": 4025,
    "rotation": [
      [
        0.473833054,
        0.86654526,
        -0.156785011
      ],
      [
        0.361120433,
        -0.0288220439,
        0.932073653
      ],
      [
        0.803165138,
        -0.4982656,
        -0.326584
      ]
    ],
    "translation": [
      1.982644,
      1.12823939,
      -0.6557627
    ]
  },
  {
    "timeStamp": 4069,
    "rotation": [
      [
        0.5097356,
        0.8489603,
        -0.139413252
      ],
      [
        0.3439848,
        -0.0525832959,
        0.9375017
      ],
      [
        0.78857094,
        -0.525834,
        -0.318833023
      ]
    ],
    "translation": [
      2.002419,
      1.12138546,
      -0.653476059
    ]
  },
  {
    "timeStamp": 4125,
    "rotation": [
      [
        0.5516249,
        0.8256877,
        -0.118109621
      ],
      [
        0.31515798,
        -0.07522333,
        0.9460533
      ],
      [
        0.77226,
        -0.5590898,
        -0.3017171
      ]
    ],
    "translation": [
      2.0230298,
      1.11014056,
      -0.6509951
    ]
  },
  {
    "timeStamp": 4169,
    "rotation": [
      [
        0.565602,
        0.8160099,
        -0.119256943
      ],
      [
        0.309806377,
        -0.07622783,
        0.947739065
      ],
      [
        0.764273763,
        -0.5729897,
        -0.295919716
      ]
    ],
    "translation": [
      2.0397594,
      1.10007346,
      -0.647710264
    ]
  },
  {
    "timeStamp": 4225,
    "rotation": [
      [
        0.588716865,
        0.799343,
        -0.1202631
      ],
      [
        0.30266434,
        -0.08002309,
        0.9497319
      ],
      [
        0.7495377,
        -0.5955225,
        -0.289043546
      ]
    ],
    "translation": [
      2.05821586,
      1.0882777,
      -0.6421006
    ]
  },
  {
    "timeStamp": 4269,
    "rotation": [
      [
        0.609581,
        0.784492552,
        -0.113940582
      ],
      [
        0.293848932,
        -0.0901214,
        0.9515939
      ],
      [
        0.7362498,
        -0.6135549,
        -0.2854586
      ]
    ],
    "translation": [
      2.06925178,
      1.08051455,
      -0.6375668
    ]
  },
  {
    "timeStamp": 4324,
    "rotation": [
      [
        0.6320549,
        0.7656298,
        -0.1196561
      ],
      [
        0.282555223,
        -0.08391815,
        0.955573261
      ],
      [
        0.721574068,
        -0.637784243,
        -0.2693736
      ]
    ],
    "translation": [
      2.084837,
      1.07117772,
      -0.6346757
    ]
  },
  {
    "timeStamp": 4369,
    "rotation": [
      [
        0.6443512,
        0.753472269,
        -0.130732477
      ],
      [
        0.274076462,
        -0.06793768,
        0.9593052
      ],
      [
        0.7139282,
        -0.653960168,
        -0.250284761
      ]
    ],
    "translation": [
      2.09913921,
      1.06218123,
      -0.6357611
    ]
  },
  {
    "timeStamp": 4425,
    "rotation": [
      [
        0.649432659,
        0.744517565,
        -0.154695973
      ],
      [
        0.270945936,
        -0.0364781134,
        0.961903155
      ],
      [
        0.7105108,
        -0.666605532,
        -0.225414082
      ]
    ],
    "translation": [
      2.11674285,
      1.04934251,
      -0.6367322
    ]
  },
  {
    "timeStamp": 4469,
    "rotation": [
      [
        0.641193151,
        0.750241041,
        -0.161275208
      ],
      [
        0.260235548,
        -0.0148768919,
        0.965430558
      ],
      [
        0.721906364,
        -0.660997033,
        -0.204778358
      ]
    ],
    "translation": [
      2.1267817,
      1.03677809,
      -0.6398892
    ]
  },
  {
    "timeStamp": 4525,
    "rotation": [
      [
        0.621485353,
        0.758534,
        -0.195913583
      ],
      [
        0.274772435,
        0.0231382139,
        0.9612308
      ],
      [
        0.7336593,
        -0.6512225,
        -0.194044188
      ]
    ],
    "translation": [
      2.14406967,
      1.016575,
      -0.6379569
    ]
  },
  {
    "timeStamp": 4580,
    "rotation": [
      [
        0.608209431,
        0.7677538,
        -0.201582283
      ],
      [
        0.260395229,
        0.0469203927,
        0.9643613
      ],
      [
        0.749850333,
        -0.639024734,
        -0.171382
      ]
    ],
    "translation": [
      2.154191,
      0.998124957,
      -0.6395529
    ]
  },
  {
    "timeStamp": 4619,
    "rotation": [
      [
        0.578506768,
        0.7897198,
        -0.204138488
      ],
      [
        0.244836375,
        0.0706078,
        0.96699
      ],
      [
        0.778064966,
        -0.6093908,
        -0.152505055
      ]
    ],
    "translation": [
      2.16379452,
      0.973587751,
      -0.6384101
    ]
  },
  {
    "timeStamp": 4675,
    "rotation": [
      [
        0.535290956,
        0.8141309,
        -0.225065514
      ],
      [
        0.243853942,
        0.106158361,
        0.963984251
      ],
      [
        0.808702,
        -0.570895135,
        -0.141703427
      ]
    ],
    "translation": [
      2.17881131,
      0.9488245,
      -0.6337771
    ]
  },
  {
    "timeStamp": 4719,
    "rotation": [
      [
        0.513796,
        0.836585462,
        -0.190101132
      ],
      [
        0.205035731,
        0.09542289,
        0.974091768
      ],
      [
        0.833051,
        -0.53946203,
        -0.122502014
      ]
    ],
    "translation": [
      2.17568064,
      0.929974735,
      -0.632929564
    ]
  },
  {
    "timeStamp": 4775,
    "rotation": [
      [
        0.457872,
        0.8710497,
        -0.177836061
      ],
      [
        0.190606534,
        0.09920061,
        0.976641357
      ],
      [
        0.8683446,
        -0.481073469,
        -0.120606579
      ]
    ],
    "translation": [
      2.179437,
      0.91103363,
      -0.62471205
    ]
  },
  {
    "timeStamp": 4819,
    "rotation": [
      [
        0.424435824,
        0.8934264,
        -0.147117287
      ],
      [
        0.1707865,
        0.0805690438,
        0.982008457
      ],
      [
        0.8892054,
        -0.4419252,
        -0.118388779
      ]
    ],
    "translation": [
      2.176274,
      0.8954607,
      -0.6183066
    ]
  },
  {
    "timeStamp": 4875,
    "rotation": [
      [
        0.3674679,
        0.9211405,
        -0.12832576
      ],
      [
        0.174989432,
        0.06703596,
        0.982285559
      ],
      [
        0.913425446,
        -0.38341406,
        -0.1365563
      ]
    ],
    "translation": [
      2.17592621,
      0.876089931,
      -0.607402444
    ]
  },
  {
    "timeStamp": 4919,
    "rotation": [
      [
        0.2950722,
        0.945836067,
        -0.135375336
      ],
      [
        0.182297811,
        0.0833514,
        0.9797041
      ],
      [
        0.9379232,
        -0.313762039,
        -0.14782916
      ]
    ],
    "translation": [
      2.181196,
      0.8590778,
      -0.6022731
    ]
  },
  {
    "timeStamp": 4974,
    "rotation": [
      [
        0.220165491,
        0.9678229,
        -0.121843979
      ],
      [
        0.207704961,
        0.07553183,
        0.975271046
      ],
      [
        0.953092754,
        -0.24002862,
        -0.18439211
      ]
    ],
    "translation": [
      2.180163,
      0.839894533,
      -0.592264056
    ]
  },
  {
    "timeStamp": 5019,
    "rotation": [
      [
        0.171487808,
        0.9790817,
        -0.10950359
      ],
      [
        0.216097772,
        0.07106101,
        0.973782361
      ],
      [
        0.9611939,
        -0.190655276,
        -0.199391276
      ]
    ],
    "translation": [
      2.17769885,
      0.8252812,
      -0.5861759
    ]
  },
  {
    "timeStamp": 5076,
    "rotation": [
      [
        0.103569493,
        0.9891702,
        -0.103998542
      ],
      [
        0.229614139,
        0.07795791,
        0.9701546
      ],
      [
        0.9677555,
        -0.124357954,
        -0.2190534
      ]
    ],
    "translation": [
      2.17798352,
      0.8077341,
      -0.580671966
    ]
  },
  {
    "timeStamp": 5121,
    "rotation": [
      [
        0.07466324,
        0.9935488,
        -0.08535877
      ],
      [
        0.222143635,
        0.06687545,
        0.972717762
      ],
      [
        0.972151,
        -0.09158818,
        -0.2157174
      ]
    ],
    "translation": [
      2.17404723,
      0.7952149,
      -0.5789137
    ]
  },
  {
    "timeStamp": 5178,
    "rotation": [
      [
        0.05076735,
        0.9968828,
        -0.0603938475
      ],
      [
        0.216876477,
        0.04802449,
        0.9750171
      ],
      [
        0.974878132,
        -0.06259703,
        -0.213762343
      ]
    ],
    "translation": [
      2.17186165,
      0.7832571,
      -0.5722863
    ]
  },
  {
    "timeStamp": 5224,
    "rotation": [
      [
        0.02993449,
        0.999550939,
        -0.00135901477
      ],
      [
        0.212170824,
        -0.005025426,
        0.9772197
      ],
      [
        0.976774037,
        -0.029540915,
        -0.212225974
      ]
    ],
    "translation": [
      2.164899,
      0.777964234,
      -0.5690124
    ]
  },
  {
    "timeStamp": 5269,
    "rotation": [
      [
        -0.0126814926,
        0.999304056,
        0.0350796133
      ],
      [
        0.242734686,
        -0.0309564527,
        0.969598651
      ],
      [
        0.9700098,
        0.020811,
        -0.24217318
      ]
    ],
    "translation": [
      2.160577,
      0.7739118,
      -0.5637689
    ]
  },
  {
    "timeStamp": 5324,
    "rotation": [
      [
        -0.0102863051,
        0.998819232,
        0.0474797562
      ],
      [
        0.227250755,
        -0.0439047627,
        0.9728461
      ],
      [
        0.973781943,
        0.02079679,
        -0.2265308
      ]
    ],
    "translation": [
      2.15912,
      0.767039657,
      -0.5622691
    ]
  },
  {
    "timeStamp": 5369,
    "rotation": [
      [
        -0.0101723811,
        0.9989954,
        0.0436424725
      ],
      [
        0.214825749,
        -0.0404423028,
        0.9758147
      ],
      [
        0.976599455,
        0.0193018839,
        -0.214198545
      ]
    ],
    "translation": [
      2.15949631,
      0.76116,
      -0.560753942
    ]
  },
  {
    "timeStamp": 5424,
    "rotation": [
      [
        -0.0163193122,
        0.998575032,
        0.05080976
      ],
      [
        0.207089126,
        -0.046339,
        0.977224052
      ],
      [
        0.978186,
        0.0264697615,
        -0.20603779
      ]
    ],
    "translation": [
      2.15879464,
      0.75781095,
      -0.559386849
    ]
  },
  {
    "timeStamp": 5469,
    "rotation": [
      [
        -0.0112238051,
        0.9989345,
        0.0447647423
      ],
      [
        0.195147544,
        -0.04171851,
        0.979886234
      ],
      [
        0.9807097,
        0.0197337754,
        -0.194471374
      ]
    ],
    "translation": [
      2.15938234,
      0.752742,
      -0.5586018
    ]
  },
  {
    "timeStamp": 5524,
    "rotation": [
      [
        0.00139205367,
        0.9995101,
        0.031267304
      ],
      [
        0.170124814,
        -0.031048242,
        0.984933257
      ],
      [
        0.985421538,
        0.00394827034,
        -0.170084685
      ]
    ],
    "translation": [
      2.16090512,
      0.7470959,
      -0.5591604
    ]
  },
  {
    "timeStamp": 5580,
    "rotation": [
      [
        -0.0106925657,
        0.999928951,
        0.00526280375
      ],
      [
        0.164996058,
        -0.0034266538,
        0.986288249
      ],
      [
        0.9862362,
        0.0114142951,
        -0.1649477
      ]
    ],
    "translation": [
      2.16423,
      0.741478,
      -0.556547344
    ]
  },
  {
    "timeStamp": 5624,
    "rotation": [
      [
        -0.06621565,
        0.992998064,
        -0.09782847
      ],
      [
        0.149026066,
        0.106785886,
        0.983050346
      ],
      [
        0.9866138,
        0.0505143143,
        -0.155053481
      ]
    ],
    "translation": [
      2.18614674,
      0.742830038,
      -0.556693554
    ]
  },
  {
    "timeStamp": 5671,
    "rotation": [
      [
        -0.07759018,
        0.991337836,
        -0.105967388
      ],
      [
        0.142357886,
        0.116214924,
        0.982969165
      ],
      [
        0.9867695,
        0.06118349,
        -0.1501419
      ]
    ],
    "translation": [
      2.196198,
      0.744962037,
      -0.556564033
    ]
  },
  {
    "timeStamp": 5722,
    "rotation": [
      [
        -0.08818718,
        0.9875658,
        -0.130141631
      ],
      [
        0.126141459,
        0.140670687,
        0.981987834
      ],
      [
        0.9880847,
        0.0701824948,
        -0.136978343
      ]
    ],
    "translation": [
      2.20802283,
      0.746708035,
      -0.5596509
    ]
  },
  {
    "timeStamp": 5777,
    "rotation": [
      [
        -0.08811009,
        0.985683143,
        -0.143754572
      ],
      [
        0.120329455,
        0.153791219,
        0.980749249
      ],
      [
        0.988816142,
        0.0691160038,
        -0.132157281
      ]
    ],
    "translation": [
      2.21662259,
      0.750404358,
      -0.5586642
    ]
  },
  {
    "timeStamp": 5822,
    "rotation": [
      [
        -0.07495125,
        0.988513,
        -0.131241858
      ],
      [
        0.116783224,
        0.139407769,
        0.9833245
      ],
      [
        0.9903252,
        0.05837454,
        -0.125890523
      ]
    ],
    "translation": [
      2.21784449,
      0.755060434,
      -0.5585265
    ]
  },
  {
    "timeStamp": 5877,
    "rotation": [
      [
        -0.0373247936,
        0.993247867,
        -0.109842978
      ],
      [
        0.102239341,
        0.113138348,
        0.988305032
      ],
      [
        0.9940593,
        0.0256580114,
        -0.105771877
      ]
    ],
    "translation": [
      2.21280551,
      0.7590924,
      -0.5578962
    ]
  },
  {
    "timeStamp": 5921,
    "rotation": [
      [
        -0.012949178,
        0.9954332,
        -0.0945783556
      ],
      [
        0.0918417349,
        0.0953705,
        0.991196036
      ],
      [
        0.995689452,
        0.00414894335,
        -0.09265728
      ]
    ],
    "translation": [
      2.20560837,
      0.758038938,
      -0.557419
    ]
  },
  {
    "timeStamp": 5977,
    "rotation": [
      [
        -0.00440433156,
        0.99650985,
        -0.0833585039
      ],
      [
        0.08933362,
        0.08341811,
        0.992502332
      ],
      [
        0.995992,
        -0.0030754304,
        -0.0893892348
      ]
    ],
    "translation": [
      2.19768047,
      0.7531486,
      -0.556165755
    ]
  },
  {
    "timeStamp": 6022,
    "rotation": [
      [
        -0.0040778406,
        0.9963483,
        -0.08528399
      ],
      [
        0.09428181,
        0.08528786,
        0.991885543
      ],
      [
        0.995537162,
        -0.00399597269,
        -0.09428531
      ]
    ],
    "translation": [
      2.19303513,
      0.7484765,
      -0.553126156
    ]
  },
  {
    "timeStamp": 6078,
    "rotation": [
      [
        -0.00528165372,
        0.997110844,
        -0.07577687
      ],
      [
        0.103743993,
        0.07591539,
        0.9917026
      ],
      [
        0.994590044,
        -0.00262354524,
        -0.103845224
      ]
    ],
    "translation": [
      2.185015,
      0.7436257,
      -0.548846245
    ]
  },
  {
    "timeStamp": 6123,
    "rotation": [
      [
        -0.0163660124,
        0.9967449,
        -0.07894139
      ],
      [
        0.105995782,
        0.08023662,
        0.9911241
      ],
      [
        0.9942318,
        0.00785329,
        -0.10696391
      ]
    ],
    "translation": [
      2.18210125,
      0.740174055,
      -0.5478179
    ]
  },
  {
    "timeStamp": 6169,
    "rotation": [
      [
        -0.0171123315,
        0.9964336,
        -0.08262733
      ],
      [
        0.112386748,
        0.084032625,
        0.9901049
      ],
      [
        0.9935172,
        0.00765678752,
        -0.113423929
      ]
    ],
    "translation": [
      2.1809535,
      0.7373273,
      -0.545223951
    ]
  },
  {
    "timeStamp": 6223,
    "rotation": [
      [
        -0.009196162,
        0.99672997,
        -0.0802797
      ],
      [
        0.105308205,
        0.080802,
        0.991151452
      ],
      [
        0.9943971,
        0.00066067,
        -0.105706915
      ]
    ],
    "translation": [
      2.17750549,
      0.7354029,
      -0.5447797
    ]
  },
  {
    "timeStamp": 6280,
    "rotation": [
      [
        -0.0107890442,
        0.997253239,
        -0.07327778
      ],
      [
        0.103051886,
        0.07400075,
        0.991919458
      ],
      [
        0.9946175,
        0.003150456,
        -0.10356722
      ]
    ],
    "translation": [
      2.175996,
      0.7337881,
      -0.5443378
    ]
  },
  {
    "timeStamp": 6324,
    "rotation": [
      [
        -0.01226632,
        0.997430742,
        -0.07057963
      ],
      [
        0.101737477,
        0.07146357,
        0.992241144
      ],
      [
        0.9947357,
        0.004990574,
        -0.102352679
      ]
    ],
    "translation": [
      2.17554379,
      0.732932448,
      -0.544085443
    ]
  },
  {
    "timeStamp": 6380,
    "rotation": [
      [
        -0.009034307,
        0.999492466,
        -0.0305471979
      ],
      [
        0.09665415,
        0.0312782377,
        0.994826436
      ],
      [
        0.995277,
        0.00603505131,
        -0.09688767
      ]
    ],
    "translation": [
      2.1697762,
      0.728194058,
      -0.544273257
    ]
  },
  {
    "timeStamp": 6424,
    "rotation": [
      [
        -0.009644937,
        0.9997261,
        -0.0213238616
      ],
      [
        0.0941192061,
        0.0221377928,
        0.9953148
      ],
      [
        0.9955142,
        0.00759276561,
        -0.09430694
      ]
    ],
    "translation": [
      2.16795444,
      0.7272155,
      -0.5444188
    ]
  },
  {
    "timeStamp": 6479,
    "rotation": [
      [
        -0.0153228957,
        0.9997321,
        -0.0173482541
      ],
      [
        0.08800021,
        0.01863134,
        0.9959462
      ],
      [
        0.9960026,
        0.01373414,
        -0.08826212
      ]
    ],
    "translation": [
      2.16739225,
      0.727067,
      -0.5445674
    ]
  }
]