[
  {
    "timeStamp": 41685,
    "rotation": [
      [
        0.9995275,
        0.0257749669,
        -0.0167443249
      ],
      [
        0.0170311071,
        -0.010947396,
        0.999795
      ],
      [
        0.02558637,
        -0.9996078,
        -0.0113812
      ]
    ],
    "translation": [
      1.14146829,
      0.7037845,
      -0.36426425
    ]
  },
  {
    "timeStamp": 41729,
    "rotation": [
      [
        0.9996256,
        0.02579707,
        -0.009116177
      ],
      [
        0.008733649,
        0.01490241,
        0.9998508
      ],
      [
        0.0259290729,
        -0.999556065,
        0.0146715278
      ]
    ],
    "translation": [
      1.1414907,
      0.705112755,
      -0.364184529
    ]
  },
  {
    "timeStamp": 41784,
    "rotation": [
      [
        0.9991955,
        0.0250929724,
        -0.031284418
      ],
      [
        0.0302186552,
        0.0417827964,
        0.9986696
      ],
      [
        0.0263667461,
        -0.998811543,
        0.040990904
      ]
    ],
    "translation": [
      1.14135683,
      0.7065088,
      -0.3640587
    ]
  },
  {
    "timeStamp": 41830,
    "rotation": [
      [
        0.9976619,
        0.0144039905,
        -0.0668086857
      ],
      [
        0.0646744147,
        0.117024079,
        0.991021
      ],
      [
        0.0220928844,
        -0.993024647,
        0.115818888
      ]
    ],
    "translation": [
      1.14234459,
      0.713455737,
      -0.370348036
    ]
  },
  {
    "timeStamp": 41885,
    "rotation": [
      [
        0.9961531,
        0.0409545526,
        -0.0774707943
      ],
      [
        0.0731343254,
        0.09847074,
        0.9924489
      ],
      [
        0.0482739136,
        -0.994296849,
        0.09509675
      ]
    ],
    "translation": [
      1.14455986,
      0.7271632,
      -0.3748591
    ]
  },
  {
    "timeStamp": 41930,
    "rotation": [
      [
        0.996276855,
        0.0561768524,
        -0.0653952956
      ],
      [
        0.06049079,
        0.08496477,
        0.994546056
      ],
      [
        0.06142676,
        -0.9947991,
        0.08125026
      ]
    ],
    "translation": [
      1.1474278,
      0.7443924,
      -0.3795856
    ]
  },
  {
    "timeStamp": 41985,
    "rotation": [
      [
        0.9930886,
        0.0914097354,
        -0.07361523
      ],
      [
        0.06886545,
        0.05407525,
        0.9961593
      ],
      [
        0.09503944,
        -0.994344056,
        0.047406543
      ]
    ],
    "translation": [
      1.15432727,
      0.768621445,
      -0.388995141
    ]
  },
  {
    "timeStamp": 42030,
    "rotation": [
      [
        0.990178,
        0.12420129,
        -0.06419944
      ],
      [
        0.0609189831,
        0.03003631,
        0.9976907
      ],
      [
        0.12584278,
        -0.9918023,
        0.0221750755
      ]
    ],
    "translation": [
      1.1605835,
      0.7933516,
      -0.400278926
    ]
  },
  {
    "timeStamp": 42085,
    "rotation": [
      [
        0.987462,
        0.153607488,
        -0.03638062
      ],
      [
        0.0370139927,
        -0.00126457866,
        0.999313951
      ],
      [
        0.1534561,
        -0.9881311,
        -0.00693435
      ]
    ],
    "translation": [
      1.17094016,
      0.828505337,
      -0.419231474
    ]
  },
  {
    "timeStamp": 42130,
    "rotation": [
      [
        0.981977344,
        0.18715103,
        -0.0263621937
      ],
      [
        0.03419604,
        -0.03875361,
        0.9986635
      ],
      [
        0.18587926,
        -0.9815664,
        -0.04445499
      ]
    ],
    "translation": [
      1.18241715,
      0.858481169,
      -0.4378235
    ]
  },
  {
    "timeStamp": 42185,
    "rotation": [
      [
        0.9837433,
        0.17396681,
        0.0445505343
      ],
      [
        -0.0341267735,
        -0.0624577254,
        0.997464
      ],
      [
        0.17630814,
        -0.9827689,
        -0.0555054434
      ]
    ],
    "translation": [
      1.20013607,
      0.8999155,
      -0.464870334
    ]
  },
  {
    "timeStamp": 42230,
    "rotation": [
      [
        0.981468141,
        0.181932747,
        0.06017368
      ],
      [
        -0.0429282151,
        -0.09728774,
        0.994330049
      ],
      [
        0.186755374,
        -0.9784864,
        -0.08767476
      ]
    ],
    "translation": [
      1.21808016,
      0.9296713,
      -0.4884131
    ]
  },
  {
    "timeStamp": 42285,
    "rotation": [
      [
        0.9838819,
        0.144931749,
        0.104744069
      ],
      [
        -0.08731829,
        -0.121784553,
        0.988708258
      ],
      [
        0.156051442,
        -0.9819182,
        -0.107166417
      ]
    ],
    "translation": [
      1.244981,
      0.964239359,
      -0.519216955
    ]
  },
  {
    "timeStamp": 42330,
    "rotation": [
      [
        0.9834953,
        0.14432551,
        0.109120309
      ],
      [
        -0.08850167,
        -0.142292246,
        0.9858602
      ],
      [
        0.157811731,
        -0.979246259,
        -0.127170712
      ]
    ],
    "translation": [
      1.26950383,
      0.9869087,
      -0.5467102
    ]
  },
  {
    "timeStamp": 42385,
    "rotation": [
      [
        0.9880731,
        0.0899426863,
        0.12498723
      ],
      [
        -0.108957164,
        -0.165192679,
        0.9802243
      ],
      [
        0.108810991,
        -0.9821515,
        -0.153422549
      ]
    ],
    "translation": [
      1.30522943,
      1.01302683,
      -0.5779614
    ]
  },
  {
    "timeStamp": 42429,
    "rotation": [
      [
        0.990363836,
        0.06781876,
        0.120748304
      ],
      [
        -0.107036859,
        -0.178421214,
        0.978115
      ],
      [
        0.0878786,
        -0.9816143,
        -0.1694428
      ]
    ],
    "translation": [
      1.33643293,
      1.02953041,
      -0.604349136
    ]
  },
  {
    "timeStamp": 42485,
    "rotation": [
      [
        0.9939422,
        -0.009480255,
        0.109494418
      ],
      [
        -0.109191984,
        -0.198407292,
        0.9740183
      ],
      [
        0.0124905752,
        -0.9800738,
        -0.198240548
      ]
    ],
    "translation": [
      1.38126326,
      1.04756165,
      -0.6327871
    ]
  },
  {
    "timeStamp": 42530,
    "rotation": [
      [
        0.9950392,
        -0.04225367,
        0.09006396
      ],
      [
        -0.09702938,
        -0.2123708,
        0.97236
      ],
      [
        -0.0219588429,
        -0.9762752,
        -0.215417132
      ]
    ],
    "translation": [
      1.41661561,
      1.05828667,
      -0.6577775
    ]
  },
  {
    "timeStamp": 42585,
    "rotation": [
      [
        0.9934265,
        -0.09518466,
        0.0635893047
      ],
      [
        -0.08366366,
        -0.224592134,
        0.97085464
      ],
      [
        -0.07812881,
        -0.969792843,
        -0.23107928
      ]
    ],
    "translation": [
      1.46191788,
      1.0691036,
      -0.6883469
    ]
  },
  {
    "timeStamp": 42629,
    "rotation": [
      [
        0.990665,
        -0.127792,
        0.0474557467
      ],
      [
        -0.07647853,
        -0.232848749,
        0.969501138
      ],
      [
        -0.112844467,
        -0.9640802,
        -0.240448445
      ]
    ],
    "translation": [
      1.4976902,
      1.07506478,
      -0.7126751
    ]
  },
  {
    "timeStamp": 42685,
    "rotation": [
      [
        0.9844374,
        -0.173751861,
        0.026330214
      ],
      [
        -0.06963789,
        -0.2481318,
        0.96622
      ],
      [
        -0.161349148,
        -0.9530167,
        -0.256369948
      ]
    ],
    "translation": [
      1.543841,
      1.08031678,
      -0.7410521
    ]
  },
  {
    "timeStamp": 42729,
    "rotation": [
      [
        0.977574348,
        -0.210521281,
        0.00539994566
      ],
      [
        -0.0600378253,
        -0.2540299,
        0.965331137
      ],
      [
        -0.201851,
        -0.944007158,
        -0.260972381
      ]
    ],
    "translation": [
      1.58136225,
      1.08118355,
      -0.7626962
    ]
  },
  {
    "timeStamp": 42785,
    "rotation": [
      [
        0.9671723,
        -0.252784818,
        -0.0260298736
      ],
      [
        -0.0448546,
        -0.2706388,
        0.9616354
      ],
      [
        -0.250131518,
        -0.9288996,
        -0.2730929
      ]
    ],
    "translation": [
      1.62687206,
      1.08292425,
      -0.787680268
    ]
  },
  {
    "timeStamp": 42829,
    "rotation": [
      [
        0.9582203,
        -0.283580273,
        -0.037364427
      ],
      [
        -0.0446994863,
        -0.277488172,
        0.959688663
      ],
      [
        -0.282516956,
        -0.917923,
        -0.278570682
      ]
    ],
    "translation": [
      1.66009021,
      1.08508325,
      -0.8054322
    ]
  },
  {
    "timeStamp": 42885,
    "rotation": [
      [
        0.9486567,
        -0.310265273,
        -0.0615300573
      ],
      [
        -0.0322080739,
        -0.288266778,
        0.9570083
      ],
      [
        -0.314663529,
        -0.9058905,
        -0.283459276
      ]
    ],
    "translation": [
      1.698792,
      1.08712816,
      -0.8241156
    ]
  },
  {
    "timeStamp": 42929,
    "rotation": [
      [
        0.937078238,
        -0.345287323,
        -0.0515852757
      ],
      [
        -0.05101103,
        -0.2815893,
        0.958178163
      ],
      [
        -0.345372617,
        -0.89525646,
        -0.281484663
      ]
    ],
    "translation": [
      1.72799051,
      1.08786023,
      -0.8353364
    ]
  },
  {
    "timeStamp": 42985,
    "rotation": [
      [
        0.925871968,
        -0.372410774,
        -0.06380716
      ],
      [
        -0.0449753851,
        -0.276301026,
        0.9600182
      ],
      [
        -0.375151128,
        -0.8859842,
        -0.272568673
      ]
    ],
    "translation": [
      1.763095,
      1.08423579,
      -0.8438587
    ]
  },
  {
    "timeStamp": 43029,
    "rotation": [
      [
        0.9152027,
        -0.399106026,
        -0.055843614
      ],
      [
        -0.0552599579,
        -0.261547983,
        0.9636073
      ],
      [
        -0.399187267,
        -0.8788101,
        -0.261423975
      ]
    ],
    "translation": [
      1.78952467,
      1.07889676,
      -0.845818043
    ]
  },
  {
    "timeStamp": 43085,
    "rotation": [
      [
        0.909288049,
        -0.410065472,
        -0.07100365
      ],
      [
        -0.0399309471,
        -0.2557924,
        0.9659067
      ],
      [
        -0.414247185,
        -0.875452161,
        -0.248963282
      ]
    ],
    "translation": [
      1.82051861,
      1.07045507,
      -0.844186068
    ]
  },
  {
    "timeStamp": 43129,
    "rotation": [
      [
        0.9014062,
        -0.426786572,
        -0.07293863
      ],
      [
        -0.0374878645,
        -0.244757161,
        0.968859434
      ],
      [
        -0.431348443,
        -0.8706016,
        -0.236624941
      ]
    ],
    "translation": [
      1.84543657,
      1.06205583,
      -0.8414247
    ]
  },
  {
    "timeStamp": 43184,
    "rotation": [
      [
        0.891603649,
        -0.446383625,
        -0.0760558
      ],
      [
        -0.0269921124,
        -0.220055833,
        0.97511375
      ],
      [
        -0.452011317,
        -0.8673621,
        -0.208251446
      ]
    ],
    "translation": [
      1.87656057,
      1.04758751,
      -0.837127447
    ]
  },
  {
    "timeStamp": 43229,
    "rotation": [
      [
        0.8809985,
        -0.466459751,
        -0.0791018158
      ],
      [
        -0.0204230323,
        -0.20453088,
        0.978647053
      ],
      [
        -0.472678185,
        -0.8605711,
        -0.1897179
      ]
    ],
    "translation": [
      1.90144551,
      1.03684568,
      -0.8330537
    ]
  },
  {
    "timeStamp": 43285,
    "rotation": [
      [
        0.8740602,
        -0.481009126,
        -0.0681839138
      ],
      [
        -0.0236890782,
        -0.182380244,
        0.982942641
      ],
      [
        -0.485239774,
        -0.857535839,
        -0.170805976
      ]
    ],
    "translation": [
      1.92921853,
      1.02525866,
      -0.8284906
    ]
  },
  {
    "timeStamp": 43329,
    "rotation": [
      [
        0.871377647,
        -0.4828745,
        -0.0867938548
      ],
      [
        0.000357570942,
        -0.176283926,
        0.9843393
      ],
      [
        -0.490612715,
        -0.8577623,
        -0.153437227
      ]
    ],
    "translation": [
      1.95217562,
      1.01791787,
      -0.8256315
    ]
  },
  {
    "timeStamp": 43384,
    "rotation": [
      [
        0.86217016,
        -0.50074774,
        -0.07690431
      ],
      [
        0.000393514085,
        -0.1511372,
        0.9885127
      ],
      [
        -0.5066186,
        -0.8522964,
        -0.130108923
      ]
    ],
    "translation": [
      1.97966611,
      1.01111579,
      -0.822935045
    ]
  },
  {
    "timeStamp": 43429,
    "rotation": [
      [
        0.8544895,
        -0.5141381,
        -0.07422627
      ],
      [
        0.008992287,
        -0.128227547,
        0.991704
      ],
      [
        -0.5193907,
        -0.8480681,
        -0.104945824
      ]
    ],
    "translation": [
      2.00147486,
      1.00665462,
      -0.822171032
    ]
  },
  {
    "timeStamp": 43479,
    "rotation": [
      [
        0.8641738,
        -0.496937335,
        -0.0791004747
      ],
      [
        0.0242154058,
        -0.115944855,
        0.992960453
      ],
      [
        -0.5026104,
        -0.8600059,
        -0.0881629661
      ]
    ],
    "translation": [
      2.020808,
      1.00182426,
      -0.8205538
    ]
  },
  {
    "timeStamp": 43535,
    "rotation": [
      [
        0.882083058,
        -0.461857677,
        -0.09282775
      ],
      [
        0.054263074,
        -0.09612475,
        0.9938891
      ],
      [
        -0.467958361,
        -0.881729841,
        -0.059728194
      ]
    ],
    "translation": [
      2.04950714,
      0.991810262,
      -0.817354262
    ]
  },
  {
    "timeStamp": 43580,
    "rotation": [
      [
        0.901519954,
        -0.42225945,
        -0.09465095
      ],
      [
        0.06863159,
        -0.07643982,
        0.9947093
      ],
      [
        -0.427260548,
        -0.903246343,
        -0.0399316847
      ]
    ],
    "translation": [
      2.066857,
      0.9836632,
      -0.8161368
    ]
  },
  {
    "timeStamp": 43635,
    "rotation": [
      [
        0.9195502,
        -0.364597619,
        -0.146615341
      ],
      [
        0.136602253,
        -0.0532595,
        0.989193261
      ],
      [
        -0.368466169,
        -0.92964077,
        0.0008300716
      ]
    ],
    "translation": [
      2.09230661,
      0.9706069,
      -0.8149871
    ]
  },
  {
    "timeStamp": 43683,
    "rotation": [
      [
        0.9314836,
        -0.326022416,
        -0.161393061
      ],
      [
        0.163089141,
        -0.0223194063,
        0.9863588
      ],
      [
        -0.3251773,
        -0.9450986,
        0.0323805548
      ]
    ],
    "translation": [
      2.11125064,
      0.9617584,
      -0.8131231
    ]
  },
  {
    "timeStamp": 43735,
    "rotation": [
      [
        0.948442936,
        -0.249091476,
        -0.195983469
      ],
      [
        0.2031265,
        0.003039485,
        0.9791478
      ],
      [
        -0.24330169,
        -0.9684752,
        0.05347986
      ]
    ],
    "translation": [
      2.13025975,
      0.950617,
      -0.810130656
    ]
  },
  {
    "timeStamp": 43779,
    "rotation": [
      [
        0.9673891,
        -0.163330376,
        -0.193601355
      ],
      [
        0.1998297,
        0.0224472526,
        0.9795735
      ],
      [
        -0.155648291,
        -0.986316,
        0.05435349
      ]
    ],
    "translation": [
      2.139099,
      0.9420883,
      -0.807130456
    ]
  },
  {
    "timeStamp": 43835,
    "rotation": [
      [
        0.9762183,
        -0.068735145,
        -0.205604568
      ],
      [
        0.210370973,
        0.0712815747,
        0.975019455
      ],
      [
        -0.05236227,
        -0.9950851,
        0.08404626
      ]
    ],
    "translation": [
      2.148905,
      0.927038431,
      -0.803841531
    ]
  },
  {
    "timeStamp": 43879,
    "rotation": [
      [
        0.9802952,
        0.0353165567,
        -0.194355413
      ],
      [
        0.189374819,
        0.111901313,
        0.9755077
      ],
      [
        0.0562002175,
        -0.9930915,
        0.103008248
      ]
    ],
    "translation": [
      2.151658,
      0.916497052,
      -0.8029966
    ]
  },
  {
    "timeStamp": 43935,
    "rotation": [
      [
        0.960704267,
        0.156110823,
        -0.229513928
      ],
      [
        0.2072761,
        0.1464805,
        0.967253864
      ],
      [
        0.18461813,
        -0.9768177,
        0.108366393
      ]
    ],
    "translation": [
      2.15707469,
      0.904142,
      -0.8022377
    ]
  },
  {
    "timeStamp": 43981,
    "rotation": [
      [
        0.939408958,
        0.241745934,
        -0.243042529
      ],
      [
        0.2004712,
        0.187691718,
        0.961552441
      ],
      [
        0.278068483,
        -0.952014,
        0.12785618
      ]
    ],
    "translation": [
      2.16132069,
      0.8949828,
      -0.803820431
    ]
  },
  {
    "timeStamp": 44038,
    "rotation": [
      [
        0.9197334,
        0.303879,
        -0.248491332
      ],
      [
        0.177287742,
        0.243226126,
        0.95363
      ],
      [
        0.350227684,
        -0.921139836,
        0.169829175
      ]
    ],
    "translation": [
      2.1683197,
      0.882862,
      -0.8057967
    ]
  },
  {
    "timeStamp": 44083,
    "rotation": [
      [
        0.896553159,
        0.355812281,
        -0.2637994
      ],
      [
        0.177079856,
        0.257976264,
        0.9497847
      ],
      [
        0.405999064,
        -0.898246,
        0.168282241
      ]
    ],
    "translation": [
      2.17424,
      0.8723584,
      -0.80529
    ]
  },
  {
    "timeStamp": 44129,
    "rotation": [
      [
        0.870188236,
        0.4107927,
        -0.272069335
      ],
      [
        0.16490601,
        0.2775212,
        0.9464608
      ],
      [
        0.464304179,
        -0.868464947,
        0.1737535
      ]
    ],
    "translation": [
      2.17886329,
      0.861908436,
      -0.806214154
    ]
  },
  {
    "timeStamp": 44184,
    "rotation": [
      [
        0.8280465,
        0.478387952,
        -0.292376459
      ],
      [
        0.168819353,
        0.2845397,
        0.9436828
      ],
      [
        0.5346392,
        -0.830772042,
        0.15485096
      ]
    ],
    "translation": [
      2.18336344,
      0.850548446,
      -0.804536164
    ]
  },
  {
    "timeStamp": 44229,
    "rotation": [
      [
        0.795232534,
        0.5211279,
        -0.3098886
      ],
      [
        0.1754965,
        0.291385919,
        0.9403697
      ],
      [
        0.5803501,
        -0.802197,
        0.140263438
      ]
    ],
    "translation": [
      2.18656087,
      0.8425574,
      -0.801491
    ]
  },
  {
    "timeStamp": 44284,
    "rotation": [
      [
        0.7636634,
        0.5610849,
        -0.319377244
      ],
      [
        0.182574332,
        0.286812276,
        0.940428257
      ],
      [
        0.619261444,
        -0.776480734,
        0.116588332
      ]
    ],
    "translation": [
      2.18909264,
      0.834539,
      -0.7952709
    ]
  },
  {
    "timeStamp": 44340,
    "rotation": [
      [
        0.7337404,
        0.601749837,
        -0.3154713
      ],
      [
        0.175466508,
        0.280738831,
        0.9436086
      ],
      [
        0.656381369,
        -0.7477184,
        0.1004025
      ]
    ],
    "translation": [
      2.18925929,
      0.8272001,
      -0.7909314
    ]
  },
  {
    "timeStamp": 44384,
    "rotation": [
      [
        0.7045655,
        0.6306443,
        -0.325384766
      ],
      [
        0.168581933,
        0.296650529,
        0.9399886
      ],
      [
        0.689324,
        -0.7171376,
        0.102694489
      ]
    ],
    "translation": [
      2.19032335,
      0.81992346,
      -0.7918216
    ]
  },
  {
    "timeStamp": 44429,
    "rotation": [
      [
        0.683790445,
        0.6587986,
        -0.313711762
      ],
      [
        0.151353866,
        0.292523,
        0.944204569
      ],
      [
        0.713808537,
        -0.6931195,
        0.100312717
      ]
    ],
    "translation": [
      2.18864965,
      0.8131373,
      -0.793455958
    ]
  },
  {
    "timeStamp": 44484,
    "rotation": [
      [
        0.6633498,
        0.677130163,
        -0.318530738
      ],
      [
        0.152323633,
        0.294569522,
        0.943412066
      ],
      [
        0.7326422,
        -0.674331963,
        0.0922597
      ]
    ],
    "translation": [
      2.18911219,
      0.80365485,
      -0.7941458
    ]
  },
  {
    "timeStamp": 44540,
    "rotation": [
      [
        0.6474797,
        0.68792063,
        -0.327925652
      ],
      [
        0.153594047,
        0.303674668,
        0.940314054
      ],
      [
        0.7464442,
        -0.6592017,
        0.0909626856
      ]
    ],
    "translation": [
      2.191048,
      0.78504926,
      -0.7993958
    ]
  },
  {
    "timeStamp": 44584,
    "rotation": [
      [
        0.633709252,
        0.699994,
        -0.329273373
      ],
      [
        0.165913448,
        0.292759448,
        0.9416818
      ],
      [
        0.7555695,
        -0.65138334,
        0.06938596
      ]
    ],
    "translation": [
      2.19180584,
      0.7773129,
      -0.7979326
    ]
  },
  {
    "timeStamp": 44640,
    "rotation": [
      [
        0.622936964,
        0.706591,
        -0.335676432
      ],
      [
        0.177067816,
        0.290606529,
        0.9403163
      ],
      [
        0.761968851,
        -0.6451953,
        0.0559150055
      ]
    ],
    "translation": [
      2.19420624,
      0.7681979,
      -0.7960745
    ]
  },
  {
    "timeStamp": 44684,
    "rotation": [
      [
        0.62659806,
        0.702288032,
        -0.3378852
      ],
      [
        0.178778931,
        0.292462,
        0.9394169
      ],
      [
        0.758559763,
        -0.64904356,
        0.0577018224
      ]
    ],
    "translation": [
      2.195742,
      0.7620033,
      -0.794373453
    ]
  },
  {
    "timeStamp": 44739,
    "rotation": [
      [
        0.627714336,
        0.702076256,
        -0.336249352
      ],
      [
        0.1865679,
        0.2836775,
        0.940595269
      ],
      [
        0.755756,
        -0.6531585,
        0.0470835231
      ]
    ],
    "translation": [
      2.19662833,
      0.7568901,
      -0.7901723
    ]
  },
  {
    "timeStamp": 44784,
    "rotation": [
      [
        0.6320378,
        0.693518341,
        -0.3457751
      ],
      [
        0.2069068,
        0.278976381,
        0.9377429
      ],
      [
        0.746805,
        -0.6642322,
        0.0328299552
      ]
    ],
    "translation": [
      2.19846249,
      0.752718,
      -0.785598159
    ]
  },
  {
    "timeStamp": 44840,
    "rotation": [
      [
        0.6360175,
        0.689726353,
        -0.34606263
      ],
      [
        0.207724735,
        0.27887705,
        0.9375916
      ],
      [
        0.7431906,
        -0.6682104,
        0.03409746
      ]
    ],
    "translation": [
      2.1999054,
      0.748659968,
      -0.783222437
    ]
  },
  {
    "timeStamp": 44884,
    "rotation": [
      [
        0.6353826,
        0.6939501,
        -0.3387067
      ],
      [
        0.208974034,
        0.2677348,
        0.940557241
      ],
      [
        0.7433834,
        -0.6683946,
        0.02509647
      ]
    ],
    "translation": [
      2.199742,
      0.7456998,
      -0.7821774
    ]
  },
  {
    "timeStamp": 44939,
    "rotation": [
      [
        0.627593935,
        0.702150762,
        -0.336318642
      ],
      [
        0.210547224,
        0.2628169,
        0.9415929
      ],
      [
        0.7495304,
        -0.661748946,
        0.0171064045
      ]
    ],
    "translation": [
      2.19957685,
      0.74132365,
      -0.782092333
    ]
  },
  {
    "timeStamp": 44984,
    "rotation": [
      [
        0.6243632,
        0.7095785,
        -0.326602131
      ],
      [
        0.2094615,
        0.250713676,
        0.945128858
      ],
      [
        0.7525267,
        -0.6585142,
        0.00790702
      ]
    ],
    "translation": [
      2.19955635,
      0.7380675,
      -0.7818235
    ]
  },
  {
    "timeStamp": 45039,
    "rotation": [
      [
        0.631022751,
        0.7231685,
        -0.280780584
      ],
      [
        0.178897649,
        0.216532052,
        0.9597445
      ],
      [
        0.7548549,
        -0.655851543,
        0.007263499
      ]
    ],
    "translation": [
      2.2003715,
      0.7357391,
      -0.781687
    ]
  },
  {
    "timeStamp": 45084,
    "rotation": [
      [
        0.6402614,
        0.7317268,
        -0.233754292
      ],
      [
        0.158852339,
        0.1716028,
        0.97227484
      ],
      [
        0.7515525,
        -0.6596425,
        -0.00636586966
      ]
    ],
    "translation": [
      2.20081258,
      0.733133435,
      -0.781986535
    ]
  }
]