[
  {
    "timeStamp": 90230,
    "rotation": [
      [
        -0.8074997,
        0.571308136,
        -0.146803588
      ],
      [
        0.5738105,
        0.8184762,
        0.0289521925
      ],
      [
        0.136695877,
        -0.0608585551,
        -0.9887419
      ]
    ],
    "translation": [
      1.74801815,
      0.707195044,
      -0.68794626
    ]
  },
  {
    "timeStamp": 90287,
    "rotation": [
      [
        -0.799027145,
        0.576600969,
        -0.170548573
      ],
      [
        0.5736282,
        0.816004455,
        0.07132555
      ],
      [
        0.180294782,
        -0.0408404246,
        -0.982764363
      ]
    ],
    "translation": [
      1.74877059,
      0.7069339,
      -0.6869824
    ]
  },
  {
    "timeStamp": 90330,
    "rotation": [
      [
        -0.776751161,
        0.607967138,
        -0.164418712
      ],
      [
        0.605385065,
        0.7927332,
        0.0712946355
      ],
      [
        0.17368497,
        -0.0441584475,
        -0.9838107
      ]
    ],
    "translation": [
      1.74703538,
      0.7075102,
      -0.6833728
    ]
  },
  {
    "timeStamp": 90385,
    "rotation": [
      [
        -0.751988769,
        0.6385476,
        -0.163614765
      ],
      [
        0.637119234,
        0.7677522,
        0.06808571
      ],
      [
        0.169091567,
        -0.05304243,
        -0.984172
      ]
    ],
    "translation": [
      1.747093,
      0.712583363,
      -0.68051666
    ]
  },
  {
    "timeStamp": 90430,
    "rotation": [
      [
        -0.740094662,
        0.651025534,
        -0.16859895
      ],
      [
        0.6508137,
        0.756508768,
        0.06431126
      ],
      [
        0.169414863,
        -0.06213009,
        -0.983584464
      ]
    ],
    "translation": [
      1.74915242,
      0.7211246,
      -0.680025041
    ]
  },
  {
    "timeStamp": 90485,
    "rotation": [
      [
        -0.7172563,
        0.6719735,
        -0.184377
      ],
      [
        0.6729007,
        0.7366767,
        0.0671718046
      ],
      [
        0.180963919,
        -0.0758880153,
        -0.9805575
      ]
    ],
    "translation": [
      1.75372493,
      0.736952,
      -0.683075964
    ]
  },
  {
    "timeStamp": 90529,
    "rotation": [
      [
        -0.70021075,
        0.6862107,
        -0.197027043
      ],
      [
        0.689869761,
        0.721381664,
        0.0607305579
      ],
      [
        0.183805645,
        -0.0933988,
        -0.978515267
      ]
    ],
    "translation": [
      1.76001918,
      0.7544292,
      -0.687197
    ]
  },
  {
    "timeStamp": 90585,
    "rotation": [
      [
        -0.6723573,
        0.70337975,
        -0.230635077
      ],
      [
        0.715284348,
        0.697560668,
        0.04215928
      ],
      [
        0.190535963,
        -0.136623561,
        -0.972126544
      ]
    ],
    "translation": [
      1.77097964,
      0.7764523,
      -0.694892
    ]
  },
  {
    "timeStamp": 90630,
    "rotation": [
      [
        -0.644751966,
        0.7136306,
        -0.273909241
      ],
      [
        0.7359415,
        0.6763847,
        0.029896874
      ],
      [
        0.206603333,
        -0.182305112,
        -0.9612907
      ]
    ],
    "translation": [
      1.78495908,
      0.8005327,
      -0.698766232
    ]
  },
  {
    "timeStamp": 90685,
    "rotation": [
      [
        -0.6053798,
        0.723083436,
        -0.332664222
      ],
      [
        0.7643931,
        0.6446694,
        0.01022542
      ],
      [
        0.221852273,
        -0.248095974,
        -0.9429899
      ]
    ],
    "translation": [
      1.807019,
      0.832136,
      -0.7048322
    ]
  },
  {
    "timeStamp": 90729,
    "rotation": [
      [
        -0.5909812,
        0.7217106,
        -0.360381722
      ],
      [
        0.7784897,
        0.627328336,
        -0.0203207731
      ],
      [
        0.211411953,
        -0.292562634,
        -0.9325836
      ]
    ],
    "translation": [
      1.8258214,
      0.856329262,
      -0.7112874
    ]
  },
  {
    "timeStamp": 90785,
    "rotation": [
      [
        -0.602436662,
        0.7000222,
        -0.3834565
      ],
      [
        0.771334052,
        0.6341185,
        -0.0541988
      ],
      [
        0.2052165,
        -0.3284244,
        -0.9219672
      ]
    ],
    "translation": [
      1.851834,
      0.882877648,
      -0.7228716
    ]
  },
  {
    "timeStamp": 90829,
    "rotation": [
      [
        -0.612007439,
        0.6712534,
        -0.418169469
      ],
      [
        0.7612307,
        0.6433567,
        -0.08136296
      ],
      [
        0.214416936,
        -0.368118167,
        -0.904717863
      ]
    ],
    "translation": [
      1.875468,
      0.903225541,
      -0.7315384
    ]
  },
  {
    "timeStamp": 90885,
    "rotation": [
      [
        -0.618149638,
        0.6410905,
        -0.454856038
      ],
      [
        0.747605741,
        0.65825665,
        -0.0882259756
      ],
      [
        0.242851183,
        -0.394589841,
        -0.886184037
      ]
    ],
    "translation": [
      1.90452635,
      0.9265488,
      -0.7453031
    ]
  },
  {
    "timeStamp": 90929,
    "rotation": [
      [
        -0.624713361,
        0.612307847,
        -0.4845744
      ],
      [
        0.733537138,
        0.6729251,
        -0.0953684747
      ],
      [
        0.2676874,
        -0.415031284,
        -0.8695358
      ]
    ],
    "translation": [
      1.92979,
      0.942070365,
      -0.755298257
    ]
  },
  {
    "timeStamp": 90985,
    "rotation": [
      [
        -0.6298735,
        0.577713132,
        -0.519140542
      ],
      [
        0.71567136,
        0.691396534,
        -0.09892048
      ],
      [
        0.3017843,
        -0.433841437,
        -0.848945141
      ]
    ],
    "translation": [
      1.96453881,
      0.956450164,
      -0.764799356
    ]
  },
  {
    "timeStamp": 91029,
    "rotation": [
      [
        -0.6489762,
        0.550051153,
        -0.525617361
      ],
      [
        0.6927583,
        0.7128266,
        -0.10938099
      ],
      [
        0.314508915,
        -0.435111463,
        -0.843659937
      ]
    ],
    "translation": [
      1.99431241,
      0.9641089,
      -0.7700462
    ]
  },
  {
    "timeStamp": 91085,
    "rotation": [
      [
        -0.6760855,
        0.5079125,
        -0.533791363
      ],
      [
        0.653260231,
        0.7482887,
        -0.115390718
      ],
      [
        0.340821683,
        -0.426718682,
        -0.8377062
      ]
    ],
    "translation": [
      2.03510237,
      0.965782,
      -0.7728734
    ]
  },
  {
    "timeStamp": 91132,
    "rotation": [
      [
        -0.6989548,
        0.478618562,
        -0.5314004
      ],
      [
        0.623671532,
        0.771563649,
        -0.1253923
      ],
      [
        0.349994153,
        -0.419062853,
        -0.837788939
      ]
    ],
    "translation": [
      2.06843781,
      0.9636729,
      -0.771708
    ]
  },
  {
    "timeStamp": 91184,
    "rotation": [
      [
        -0.7327283,
        0.451541543,
        -0.509135962
      ],
      [
        0.577114,
        0.8087688,
        -0.113280252
      ],
      [
        0.360622555,
        -0.376833171,
        -0.853198767
      ]
    ],
    "translation": [
      2.10578132,
      0.952916741,
      -0.76965785
    ]
  },
  {
    "timeStamp": 91236,
    "rotation": [
      [
        -0.7372851,
        0.44689256,
        -0.5066534
      ],
      [
        0.546692133,
        0.835266232,
        -0.05880496
      ],
      [
        0.396910965,
        -0.320339471,
        -0.860142
      ]
    ],
    "translation": [
      2.13065386,
      0.936193466,
      -0.7690855
    ]
  },
  {
    "timeStamp": 91279,
    "rotation": [
      [
        -0.759159446,
        0.448976874,
        -0.471271366
      ],
      [
        0.516417265,
        0.856183767,
        -0.0162037611
      ],
      [
        0.3962198,
        -0.255673915,
        -0.8818394
      ]
    ],
    "translation": [
      2.15179062,
      0.9138304,
      -0.767857432
    ]
  },
  {
    "timeStamp": 91335,
    "rotation": [
      [
        -0.772063,
        0.4624433,
        -0.435964376
      ],
      [
        0.5017746,
        0.86453104,
        0.0284312237
      ],
      [
        0.390052557,
        -0.196805149,
        -0.899514735
      ]
    ],
    "translation": [
      2.16119385,
      0.891541243,
      -0.766706645
    ]
  },
  {
    "timeStamp": 91380,
    "rotation": [
      [
        -0.752043068,
        0.486977041,
        -0.444167256
      ],
      [
        0.513690233,
        0.8552801,
        0.06795774
      ],
      [
        0.4129813,
        -0.177057251,
        -0.8933628
      ]
    ],
    "translation": [
      2.16485453,
      0.877393,
      -0.764401138
    ]
  },
  {
    "timeStamp": 91435,
    "rotation": [
      [
        -0.757517755,
        0.498180747,
        -0.42188
      ],
      [
        0.510372639,
        0.854898751,
        0.09310172
      ],
      [
        0.407046169,
        -0.1447898,
        -0.9018588
      ]
    ],
    "translation": [
      2.167278,
      0.862943947,
      -0.762741148
    ]
  },
  {
    "timeStamp": 91479,
    "rotation": [
      [
        -0.7525971,
        0.521554351,
        -0.401968569
      ],
      [
        0.517430842,
        0.84596616,
        0.128866673
      ],
      [
        0.407262772,
        -0.111006252,
        -0.9065399
      ]
    ],
    "translation": [
      2.16418028,
      0.8529526,
      -0.764495134
    ]
  },
  {
    "timeStamp": 91535,
    "rotation": [
      [
        -0.7445488,
        0.5368937,
        -0.396726876
      ],
      [
        0.5228848,
        0.8384841,
        0.153414264
      ],
      [
        0.415016323,
        -0.093218036,
        -0.9050259
      ]
    ],
    "translation": [
      2.162544,
      0.8435776,
      -0.7644265
    ]
  },
  {
    "timeStamp": 91579,
    "rotation": [
      [
        -0.752415538,
        0.5435069,
        -0.3721169
      ],
      [
        0.520535052,
        0.836805165,
        0.1697067
      ],
      [
        0.4036261,
        -0.06600993,
        -0.912539661
      ]
    ],
    "translation": [
      2.16027927,
      0.8370052,
      -0.7666779
    ]
  },
  {
    "timeStamp": 91635,
    "rotation": [
      [
        -0.758659959,
        0.54396826,
        -0.358515769
      ],
      [
        0.5196014,
        0.8371826,
        0.1707038
      ],
      [
        0.3930006,
        -0.0567791536,
        -0.917783558
      ]
    ],
    "translation": [
      2.160729,
      0.8309437,
      -0.767271042
    ]
  },
  {
    "timeStamp": 91680,
    "rotation": [
      [
        -0.76669,
        0.5386843,
        -0.3492929
      ],
      [
        0.511001945,
        0.8413792,
        0.175948963
      ],
      [
        0.388668716,
        -0.04359103,
        -0.920345843
      ]
    ],
    "translation": [
      2.163935,
      0.825929344,
      -0.768524468
    ]
  },
  {
    "timeStamp": 91737,
    "rotation": [
      [
        -0.7739628,
        0.527125,
        -0.350885868
      ],
      [
        0.5028032,
        0.8484115,
        0.16548951
      ],
      [
        0.38492927,
        -0.04834383,
        -0.9216791
      ]
    ],
    "translation": [
      2.16924286,
      0.8200118,
      -0.7678704
    ]
  },
  {
    "timeStamp": 91782,
    "rotation": [
      [
        -0.775806367,
        0.521604657,
        -0.3550397
      ],
      [
        0.494455,
        0.852126241,
        0.171450317
      ],
      [
        0.3919679,
        -0.0425389,
        -0.9189949
      ]
    ],
    "translation": [
      2.17251444,
      0.8147949,
      -0.768397033
    ]
  },
  {
    "timeStamp": 91839,
    "rotation": [
      [
        -0.777611852,
        0.5164612,
        -0.358591169
      ],
      [
        0.488297164,
        0.855350256,
        0.173037
      ],
      [
        0.396087974,
        -0.04054344,
        -0.917317033
      ]
    ],
    "translation": [
      2.175298,
      0.8100057,
      -0.7690309
    ]
  },
  {
    "timeStamp": 91884,
    "rotation": [
      [
        -0.776797235,
        0.514162,
        -0.363625526
      ],
      [
        0.4862996,
        0.8566185,
        0.172387436
      ],
      [
        0.400123417,
        -0.0429208651,
        -0.915455639
      ]
    ],
    "translation": [
      2.176477,
      0.808144569,
      -0.768788934
    ]
  },
  {
    "timeStamp": 91929,
    "rotation": [
      [
        -0.768580556,
        0.5262651,
        -0.363770545
      ],
      [
        0.4935097,
        0.849545,
        0.186337069
      ],
      [
        0.407102138,
        -0.036309246,
        -0.912660658
      ]
    ],
    "translation": [
      2.1752708,
      0.806881,
      -0.7706229
    ]
  },
  {
    "timeStamp": 91984,
    "rotation": [
      [
        -0.767846346,
        0.531498,
        -0.357661664
      ],
      [
        0.497477382,
        0.846448958,
        0.189843431
      ],
      [
        0.403643757,
        -0.0321580023,
        -0.9143509
      ]
    ],
    "translation": [
      2.17333412,
      0.805211663,
      -0.771857738
    ]
  },
  {
    "timeStamp": 92029,
    "rotation": [
      [
        -0.771113753,
        0.528910458,
        -0.354453444
      ],
      [
        0.49377504,
        0.8482372,
        0.191519648
      ],
      [
        0.401957333,
        -0.0273368247,
        -0.9152502
      ]
    ],
    "translation": [
      2.17343926,
      0.803622842,
      -0.772903442
    ]
  },
  {
    "timeStamp": 92084,
    "rotation": [
      [
        -0.7632718,
        0.5362064,
        -0.3604147
      ],
      [
        0.5020789,
        0.843367636,
        0.19143635
      ],
      [
        0.4066115,
        -0.0348386541,
        -0.9129366
      ]
    ],
    "translation": [
      2.174029,
      0.80441,
      -0.772255957
    ]
  },
  {
    "timeStamp": 92129,
    "rotation": [
      [
        -0.7587772,
        0.5357528,
        -0.3704404
      ],
      [
        0.503096,
        0.843285739,
        0.189112574
      ],
      [
        0.4137047,
        -0.0428727567,
        -0.9094011
      ]
    ],
    "translation": [
      2.17596936,
      0.8057253,
      -0.7715558
    ]
  },
  {
    "timeStamp": 92184,
    "rotation": [
      [
        -0.7608378,
        0.5254712,
        -0.3807964
      ],
      [
        0.494285822,
        0.8494698,
        0.184614629
      ],
      [
        0.4204847,
        -0.0477604754,
        -0.9060417
      ]
    ],
    "translation": [
      2.180022,
      0.8065029,
      -0.772043943
    ]
  }
]