[
  {
    "timeStamp": 50470,
    "rotation": [
      [
        0.990851462,
        -0.08161548,
        0.107481562
      ],
      [
        -0.109650187,
        -0.0225579944,
        0.9937142
      ],
      [
        -0.0786778852,
        -0.9964086,
        -0.031300772
      ]
    ],
    "translation": [
      1.768728,
      0.701398134,
      -0.622296751
    ]
  },
  {
    "timeStamp": 50526,
    "rotation": [
      [
        0.9908189,
        -0.115366772,
        0.07048681
      ],
      [
        -0.0668667853,
        0.03495805,
        0.997149348
      ],
      [
        -0.117501959,
        -0.9927076,
        0.02692289
      ]
    ],
    "translation": [
      1.77195132,
      0.7025672,
      -0.624440968
    ]
  },
  {
    "timeStamp": 50570,
    "rotation": [
      [
        0.98693943,
        -0.128531173,
        0.09710962
      ],
      [
        -0.09135276,
        0.0499654226,
        0.9945643
      ],
      [
        -0.132684633,
        -0.9904459,
        0.03757117
      ]
    ],
    "translation": [
      1.76987565,
      0.7101842,
      -0.628918231
    ]
  },
  {
    "timeStamp": 50625,
    "rotation": [
      [
        0.983458757,
        -0.146543741,
        0.106460728
      ],
      [
        -0.0996699855,
        0.0529480651,
        0.9936108
      ],
      [
        -0.151244327,
        -0.9877862,
        0.0374662243
      ]
    ],
    "translation": [
      1.76937091,
      0.7206823,
      -0.6323594
    ]
  },
  {
    "timeStamp": 50669,
    "rotation": [
      [
        0.9830498,
        -0.147315383,
        0.1091387
      ],
      [
        -0.103094876,
        0.04807955,
        0.9935088
      ],
      [
        -0.151606485,
        -0.987920344,
        0.03207713
      ]
    ],
    "translation": [
      1.76873231,
      0.7298143,
      -0.6366865
    ]
  },
  {
    "timeStamp": 50725,
    "rotation": [
      [
        0.984487,
        -0.142848313,
        0.10188143
      ],
      [
        -0.0969668254,
        0.0409720764,
        0.994443953
      ],
      [
        -0.146228924,
        -0.9888962,
        0.0264849272
      ]
    ],
    "translation": [
      1.76793182,
      0.743232369,
      -0.6426986
    ]
  },
  {
    "timeStamp": 50770,
    "rotation": [
      [
        0.9866548,
        -0.1338755,
        0.0926804841
      ],
      [
        -0.0894964859,
        0.0296215527,
        0.9955466
      ],
      [
        -0.136024624,
        -0.990555346,
        0.01724486
      ]
    ],
    "translation": [
      1.76798451,
      0.7580477,
      -0.6482578
    ]
  },
  {
    "timeStamp": 50825,
    "rotation": [
      [
        0.9884739,
        -0.120159343,
        0.0920929238
      ],
      [
        -0.09053303,
        0.0183886159,
        0.995723665
      ],
      [
        -0.121338964,
        -0.9925843,
        0.007298276
      ]
    ],
    "translation": [
      1.76863217,
      0.7837987,
      -0.657783449
    ]
  },
  {
    "timeStamp": 50869,
    "rotation": [
      [
        0.990123,
        -0.115303971,
        0.07975866
      ],
      [
        -0.082515575,
        -0.0193302277,
        0.996402264
      ],
      [
        -0.113347374,
        -0.9931422,
        -0.0286536757
      ]
    ],
    "translation": [
      1.77485049,
      0.810135365,
      -0.6638451
    ]
  },
  {
    "timeStamp": 50925,
    "rotation": [
      [
        0.9850927,
        -0.14202483,
        0.09706366
      ],
      [
        -0.104338348,
        -0.0446862467,
        0.9935374
      ],
      [
        -0.136769563,
        -0.988853931,
        -0.05883873
      ]
    ],
    "translation": [
      1.78821063,
      0.8467312,
      -0.6731195
    ]
  },
  {
    "timeStamp": 50969,
    "rotation": [
      [
        0.98318094,
        -0.15722008,
        0.09293607
      ],
      [
        -0.106298596,
        -0.07881958,
        0.9912054
      ],
      [
        -0.148512229,
        -0.9844132,
        -0.0942061841
      ]
    ],
    "translation": [
      1.80281043,
      0.8701332,
      -0.683925748
    ]
  },
  {
    "timeStamp": 51025,
    "rotation": [
      [
        0.9824401,
        -0.164053127,
        0.08887057
      ],
      [
        -0.107591987,
        -0.108992428,
        0.9882027
      ],
      [
        -0.1524315,
        -0.980411768,
        -0.124729343
      ]
    ],
    "translation": [
      1.826374,
      0.9025003,
      -0.6979892
    ]
  },
  {
    "timeStamp": 51070,
    "rotation": [
      [
        0.984490156,
        -0.158043,
        0.07616828
      ],
      [
        -0.09819227,
        -0.136586,
        0.9857497
      ],
      [
        -0.1453873,
        -0.97794,
        -0.149986148
      ]
    ],
    "translation": [
      1.84949362,
      0.924760938,
      -0.710586369
    ]
  },
  {
    "timeStamp": 51125,
    "rotation": [
      [
        0.985730767,
        -0.155062675,
        0.0655008
      ],
      [
        -0.09052561,
        -0.160272613,
        0.9829129
      ],
      [
        -0.1419151,
        -0.974817038,
        -0.17202279
      ]
    ],
    "translation": [
      1.88296187,
      0.9461813,
      -0.7271191
    ]
  },
  {
    "timeStamp": 51170,
    "rotation": [
      [
        0.9875333,
        -0.152429447,
        0.0392856635
      ],
      [
        -0.0667476952,
        -0.179472148,
        0.981496036
      ],
      [
        -0.142558217,
        -0.9718822,
        -0.187409028
      ]
    ],
    "translation": [
      1.9145062,
      0.9572196,
      -0.740117431
    ]
  },
  {
    "timeStamp": 51225,
    "rotation": [
      [
        0.989809036,
        -0.1416942,
        0.0141706234
      ],
      [
        -0.0398468152,
        -0.180057883,
        0.9828486
      ],
      [
        -0.136712417,
        -0.9733971,
        -0.183868989
      ]
    ],
    "translation": [
      1.95687473,
      0.9645601,
      -0.755892158
    ]
  },
  {
    "timeStamp": 51269,
    "rotation": [
      [
        0.9925989,
        -0.120864533,
        -0.0117996456
      ],
      [
        -0.009697182,
        -0.175740957,
        0.9843887
      ],
      [
        -0.121051364,
        -0.9769887,
        -0.17561233
      ]
    ],
    "translation": [
      1.99169421,
      0.9655337,
      -0.767201066
    ]
  },
  {
    "timeStamp": 51325,
    "rotation": [
      [
        0.993906558,
        -0.106217779,
        -0.0294547677
      ],
      [
        0.0115278251,
        -0.16558972,
        0.9861274
      ],
      [
        -0.109621659,
        -0.980458,
        -0.163356245
      ]
    ],
    "translation": [
      2.034827,
      0.962353051,
      -0.7784351
    ]
  },
  {
    "timeStamp": 51370,
    "rotation": [
      [
        0.994534135,
        -0.10029301,
        -0.0290384553
      ],
      [
        0.0132815484,
        -0.15433754,
        0.9879289
      ],
      [
        -0.103564084,
        -0.9829147,
        -0.1521619
      ]
    ],
    "translation": [
      2.06687117,
      0.956854463,
      -0.78467536
    ]
  },
  {
    "timeStamp": 51420,
    "rotation": [
      [
        0.9965502,
        -0.0613131747,
        -0.0559316874
      ],
      [
        0.0462901033,
        -0.148722157,
        0.987795
      ],
      [
        -0.06888313,
        -0.9869764,
        -0.1453709
      ]
    ],
    "translation": [
      2.09539247,
      0.948229,
      -0.788924
    ]
  },
  {
    "timeStamp": 51475,
    "rotation": [
      [
        0.9963488,
        0.00711227162,
        -0.08507947
      ],
      [
        0.08525136,
        -0.136754557,
        0.9869298
      ],
      [
        -0.0046157,
        -0.9905794,
        -0.136861563
      ]
    ],
    "translation": [
      2.129735,
      0.9341624,
      -0.7914091
    ]
  },
  {
    "timeStamp": 51520,
    "rotation": [
      [
        0.994963348,
        0.03869311,
        -0.0924698338
      ],
      [
        0.0965134054,
        -0.120631911,
        0.9879945
      ],
      [
        0.0270737745,
        -0.9919429,
        -0.123758741
      ]
    ],
    "translation": [
      2.14763927,
      0.92358613,
      -0.789762735
    ]
  },
  {
    "timeStamp": 51575,
    "rotation": [
      [
        0.994638264,
        0.0584800951,
        -0.08529296
      ],
      [
        0.09029447,
        -0.08901815,
        0.991928756
      ],
      [
        0.0504154563,
        -0.99431175,
        -0.09382128
      ]
    ],
    "translation": [
      2.165923,
      0.908097565,
      -0.785416961
    ]
  },
  {
    "timeStamp": 51620,
    "rotation": [
      [
        0.991291165,
        0.0890365541,
        -0.0970271155
      ],
      [
        0.101894811,
        -0.0518496372,
        0.993443
      ],
      [
        0.08342191,
        -0.9946779,
        -0.06047045
      ]
    ],
    "translation": [
      2.17773652,
      0.8935661,
      -0.7825428
    ]
  },
  {
    "timeStamp": 51675,
    "rotation": [
      [
        0.9866157,
        0.129105866,
        -0.0996043
      ],
      [
        0.102226578,
        -0.013829262,
        0.994665
      ],
      [
        0.127039641,
        -0.991534352,
        -0.0268422179
      ]
    ],
    "translation": [
      2.18502879,
      0.876926064,
      -0.7791781
    ]
  },
  {
    "timeStamp": 51720,
    "rotation": [
      [
        0.985987961,
        0.141309768,
        -0.0886521339
      ],
      [
        0.08852073,
        0.00722818263,
        0.9960481
      ],
      [
        0.141392112,
        -0.989939034,
        -0.00538194133
      ]
    ],
    "translation": [
      2.18759227,
      0.8651292,
      -0.775009453
    ]
  },
  {
    "timeStamp": 51775,
    "rotation": [
      [
        0.985341668,
        0.149405524,
        -0.08233868
      ],
      [
        0.07840785,
        0.0320223,
        0.9964069
      ],
      [
        0.1515054,
        -0.9882573,
        0.0198383424
      ]
    ],
    "translation": [
      2.19041157,
      0.8517736,
      -0.7696729
    ]
  },
  {
    "timeStamp": 51820,
    "rotation": [
      [
        0.986592531,
        0.144630253,
        -0.0756128654
      ],
      [
        0.06745938,
        0.0604781322,
        0.995887339
      ],
      [
        0.148608387,
        -0.9876358,
        0.049910605
      ]
    ],
    "translation": [
      2.19207668,
      0.8438233,
      -0.7664559
    ]
  },
  {
    "timeStamp": 51875,
    "rotation": [
      [
        0.980336,
        0.178251535,
        -0.0846627951
      ],
      [
        0.0711522251,
        0.08088038,
        0.9941809
      ],
      [
        0.184061855,
        -0.9806553,
        0.0666069537
      ]
    ],
    "translation": [
      2.1924262,
      0.8333789,
      -0.764557362
    ]
  },
  {
    "timeStamp": 51921,
    "rotation": [
      [
        0.973652,
        0.201359227,
        -0.107033879
      ],
      [
        0.09134157,
        0.08569814,
        0.9921253
      ],
      [
        0.208946183,
        -0.975761354,
        0.0650476962
      ]
    ],
    "translation": [
      2.194195,
      0.825449049,
      -0.761582434
    ]
  },
  {
    "timeStamp": 51978,
    "rotation": [
      [
        0.964491367,
        0.231826,
        -0.126543015
      ],
      [
        0.105345,
        0.101692013,
        0.9892225
      ],
      [
        0.2421959,
        -0.967427254,
        0.07365935
      ]
    ],
    "translation": [
      2.19585633,
      0.815484643,
      -0.76026684
    ]
  },
  {
    "timeStamp": 52024,
    "rotation": [
      [
        0.9607145,
        0.244333476,
        -0.1316385
      ],
      [
        0.107441135,
        0.109907471,
        0.988117754
      ],
      [
        0.255898327,
        -0.9634425,
        0.07933824
      ]
    ],
    "translation": [
      2.19629025,
      0.808636665,
      -0.759148
    ]
  },
  {
    "timeStamp": 52069,
    "rotation": [
      [
        0.9606166,
        0.245595053,
        -0.129995674
      ],
      [
        0.101381056,
        0.1258137,
        0.9868601
      ],
      [
        0.25872317,
        -0.961173236,
        0.0959600359
      ]
    ],
    "translation": [
      2.19684052,
      0.801994145,
      -0.7589433
    ]
  },
  {
    "timeStamp": 52125,
    "rotation": [
      [
        0.9573427,
        0.249807015,
        -0.145228848
      ],
      [
        0.113690339,
        0.136424661,
        0.9841051
      ],
      [
        0.26564914,
        -0.95863694,
        0.1022045
      ]
    ],
    "translation": [
      2.19884729,
      0.794276237,
      -0.758165359
    ]
  },
  {
    "timeStamp": 52170,
    "rotation": [
      [
        0.9542869,
        0.259208381,
        -0.148820564
      ],
      [
        0.113975376,
        0.144705281,
        0.9828886
      ],
      [
        0.276308119,
        -0.9549196,
        0.108546972
      ]
    ],
    "translation": [
      2.19924927,
      0.78935957,
      -0.758014
    ]
  },
  {
    "timeStamp": 52225,
    "rotation": [
      [
        0.952167034,
        0.260672569,
        -0.159461081
      ],
      [
        0.123674311,
        0.1484527,
        0.9811557
      ],
      [
        0.279432774,
        -0.9539453,
        0.109113261
      ]
    ],
    "translation": [
      2.20083237,
      0.7823005,
      -0.757063031
    ]
  },
  {
    "timeStamp": 52269,
    "rotation": [
      [
        0.9499862,
        0.266935825,
        -0.162084565
      ],
      [
        0.123371355,
        0.156011567,
        0.980020344
      ],
      [
        0.2868896,
        -0.9510024,
        0.115276612
      ]
    ],
    "translation": [
      2.20170879,
      0.773559332,
      -0.759674668
    ]
  },
  {
    "timeStamp": 52325,
    "rotation": [
      [
        0.950529,
        0.263180822,
        -0.165016755
      ],
      [
        0.131917834,
        0.138946161,
        0.9814742
      ],
      [
        0.281233639,
        -0.9546884,
        0.0973541141
      ]
    ],
    "translation": [
      2.202427,
      0.767859638,
      -0.7565109
    ]
  },
  {
    "timeStamp": 52369,
    "rotation": [
      [
        0.9493817,
        0.268226743,
        -0.163489267
      ],
      [
        0.131094739,
        0.1346524,
        0.982182741
      ],
      [
        0.285461873,
        -0.9538989,
        0.09267341
      ]
    ],
    "translation": [
      2.20217514,
      0.7643435,
      -0.755081356
    ]
  },
  {
    "timeStamp": 52425,
    "rotation": [
      [
        0.9473754,
        0.274706453,
        -0.1643658
      ],
      [
        0.137472436,
        0.114574559,
        0.9838567
      ],
      [
        0.289103955,
        -0.9546774,
        0.07078055
      ]
    ],
    "translation": [
      2.20185161,
      0.760331035,
      -0.7523532
    ]
  },
  {
    "timeStamp": 52469,
    "rotation": [
      [
        0.947586834,
        0.272556663,
        -0.166709557
      ],
      [
        0.143698841,
        0.102458104,
        0.9843033
      ],
      [
        0.285359174,
        -0.9566688,
        0.05792187
      ]
    ],
    "translation": [
      2.202837,
      0.7568159,
      -0.750727654
    ]
  },
  {
    "timeStamp": 52525,
    "rotation": [
      [
        0.94907856,
        0.284247458,
        -0.135843053
      ],
      [
        0.117868312,
        0.07949723,
        0.989842057
      ],
      [
        0.2921592,
        -0.955449462,
        0.0419453532
      ]
    ],
    "translation": [
      2.201771,
      0.7550427,
      -0.7492976
    ]
  },
  {
    "timeStamp": 52569,
    "rotation": [
      [
        0.952277839,
        0.297316551,
        -0.0690631941
      ],
      [
        0.0591269732,
        0.042295482,
        0.997354031
      ],
      [
        0.299450934,
        -0.9538416,
        0.022697622
      ]
    ],
    "translation": [
      2.198076,
      0.753001,
      -0.7473984
    ]
  },
  {
    "timeStamp": 52625,
    "rotation": [
      [
        0.9529135,
        0.30191645,
        -0.02832375
      ],
      [
        0.0457927771,
        -0.0509390272,
        0.997651339
      ],
      [
        0.299764544,
        -0.9519725,
        -0.06236608
      ]
    ],
    "translation": [
      2.19294357,
      0.750155568,
      -0.748923361
    ]
  },
  {
    "timeStamp": 52670,
    "rotation": [
      [
        0.9509801,
        0.3083611,
        -0.0234577842
      ],
      [
        0.0394627862,
        -0.04576911,
        0.9981723
      ],
      [
        0.306723863,
        -0.9501677,
        -0.0556943
      ]
    ],
    "translation": [
      2.19179773,
      0.7499577,
      -0.7503217
    ]
  },
  {
    "timeStamp": 52725,
    "rotation": [
      [
        0.9513088,
        0.3007404,
        -0.0675778
      ],
      [
        0.07333143,
        -0.007870836,
        0.997276545
      ],
      [
        0.299389452,
        -0.953673542,
        -0.02954132
      ]
    ],
    "translation": [
      2.194989,
      0.7506665,
      -0.749298632
    ]
  },
  {
    "timeStamp": 52769,
    "rotation": [
      [
        0.9509565,
        0.300234646,
        0.07443686
      ],
      [
        -0.102083355,
        0.07745149,
        0.991756141
      ],
      [
        0.2919943,
        -0.9507157,
        0.104301967
      ]
    ],
    "translation": [
      2.192188,
      0.7491324,
      -0.752131045
    ]
  },
  {
    "timeStamp": 52825,
    "rotation": [
      [
        0.9575111,
        0.282350272,
        -0.0587433726
      ],
      [
        0.0767344162,
        -0.0530792437,
        0.9956377
      ],
      [
        0.278000534,
        -0.9578418,
        -0.07248995
      ]
    ],
    "translation": [
      2.19480014,
      0.750740767,
      -0.7427791
    ]
  },
  {
    "timeStamp": 52869,
    "rotation": [
      [
        0.959965467,
        0.2796609,
        -0.0160032678
      ],
      [
        0.03831082,
        -0.07448316,
        0.996486068
      ],
      [
        0.2774862,
        -0.957205355,
        -0.0822153
      ]
    ],
    "translation": [
      2.19400716,
      0.749707639,
      -0.7474937
    ]
  },
  {
    "timeStamp": 52925,
    "rotation": [
      [
        0.9581274,
        0.283532858,
        0.04001259
      ],
      [
        -0.06342108,
        0.07386431,
        0.9952496
      ],
      [
        0.279230446,
        -0.9561136,
        0.08875338
      ]
    ],
    "translation": [
      2.19578457,
      0.7497839,
      -0.7494232
    ]
  }
]