[
  {
    "timeStamp": 59888,
    "rotation": [
      [
        0.317902029,
        -0.945305049,
        -0.0730526745
      ],
      [
        0.354039341,
        0.0468786433,
        0.9340549
      ],
      [
        -0.8795422,
        -0.322801441,
        0.349578
      ]
    ],
    "translation": [
      1.31933987,
      0.6920235,
      -0.4799696
    ]
  },
  {
    "timeStamp": 59932,
    "rotation": [
      [
        0.300920039,
        -0.9504692,
        -0.0778162852
      ],
      [
        0.344225824,
        0.0321595147,
        0.938335955
      ],
      [
        -0.8893569,
        -0.309150457,
        0.336853474
      ]
    ],
    "translation": [
      1.3197304,
      0.6927771,
      -0.479700983
    ]
  },
  {
    "timeStamp": 59988,
    "rotation": [
      [
        0.302654028,
        -0.951967835,
        -0.04645102
      ],
      [
        0.312468648,
        0.05306236,
        0.9484449
      ],
      [
        -0.900424242,
        -0.30156514,
        0.313519657
      ]
    ],
    "translation": [
      1.31956458,
      0.693426967,
      -0.47948733
    ]
  },
  {
    "timeStamp": 60032,
    "rotation": [
      [
        0.282672733,
        -0.9590283,
        0.0189951286
      ],
      [
        0.388415068,
        0.1325467,
        0.911901951
      ],
      [
        -0.877057552,
        -0.2503918,
        0.4099684
      ]
    ],
    "translation": [
      1.31845677,
      0.694142163,
      -0.4885624
    ]
  },
  {
    "timeStamp": 60088,
    "rotation": [
      [
        0.266108751,
        -0.9624956,
        0.0528053045
      ],
      [
        0.3798057,
        0.155041829,
        0.911981165
      ],
      [
        -0.8859649,
        -0.222630426,
        0.4068193
      ]
    ],
    "translation": [
      1.32186592,
      0.7079634,
      -0.493193179
    ]
  },
  {
    "timeStamp": 60132,
    "rotation": [
      [
        0.247877583,
        -0.9654118,
        0.0808499455
      ],
      [
        0.3774402,
        0.173096254,
        0.9097124
      ],
      [
        -0.8922419,
        -0.194981292,
        0.407291919
      ]
    ],
    "translation": [
      1.32723343,
      0.724405169,
      -0.498801231
    ]
  },
  {
    "timeStamp": 60188,
    "rotation": [
      [
        0.205459476,
        -0.9678799,
        0.144896165
      ],
      [
        0.36621207,
        0.2133333,
        0.905747
      ],
      [
        -0.9075655,
        -0.133031577,
        0.39828065
      ]
    ],
    "translation": [
      1.33664072,
      0.7535574,
      -0.5072303
    ]
  },
  {
    "timeStamp": 60232,
    "rotation": [
      [
        0.168463692,
        -0.964247,
        0.204566985
      ],
      [
        0.346181065,
        0.252189666,
        0.9036366
      ],
      [
        -0.922918558,
        -0.08141275,
        0.376288861
      ]
    ],
    "translation": [
      1.3470751,
      0.782654643,
      -0.516362369
    ]
  },
  {
    "timeStamp": 60287,
    "rotation": [
      [
        0.104382351,
        -0.948659539,
        0.298578858
      ],
      [
        0.3357805,
        0.316206634,
        0.887279451
      ],
      [
        -0.936138749,
        0.00764064537,
        0.351547778
      ]
    ],
    "translation": [
      1.36711788,
      0.8234291,
      -0.5308676
    ]
  },
  {
    "timeStamp": 60332,
    "rotation": [
      [
        0.0462708026,
        -0.923354566,
        0.38115
      ],
      [
        0.335808456,
        0.373730659,
        0.864614367
      ],
      [
        -0.9407931,
        0.0879870355,
        0.3273631
      ]
    ],
    "translation": [
      1.38847184,
      0.8573226,
      -0.544619143
    ]
  },
  {
    "timeStamp": 60387,
    "rotation": [
      [
        -0.0372260064,
        -0.8845798,
        0.4649008
      ],
      [
        0.3236429,
        0.429476738,
        0.8430925
      ],
      [
        -0.94544667,
        0.181846827,
        0.270300269
      ]
    ],
    "translation": [
      1.42537439,
      0.8979773,
      -0.5618687
    ]
  },
  {
    "timeStamp": 60433,
    "rotation": [
      [
        -0.10870488,
        -0.844215155,
        0.5248658
      ],
      [
        0.326526225,
        0.4683743,
        0.820978761
      ],
      [
        -0.9389164,
        0.260626853,
        0.224743813
      ]
    ],
    "translation": [
      1.4608959,
      0.927271843,
      -0.5775027
    ]
  },
  {
    "timeStamp": 60487,
    "rotation": [
      [
        -0.200953811,
        -0.8067297,
        0.5557021
      ],
      [
        0.305901557,
        0.487228036,
        0.8179444
      ],
      [
        -0.9306137,
        0.3343592,
        0.148869544
      ]
    ],
    "translation": [
      1.51367879,
      0.958276451,
      -0.5970237
    ]
  },
  {
    "timeStamp": 60532,
    "rotation": [
      [
        -0.275651664,
        -0.7704198,
        0.5748648
      ],
      [
        0.294518143,
        0.5015832,
        0.813433051
      ],
      [
        -0.91502744,
        0.393532276,
        0.0886403546
      ]
    ],
    "translation": [
      1.55858743,
      0.980327845,
      -0.612691462
    ]
  },
  {
    "timeStamp": 60587,
    "rotation": [
      [
        -0.369116247,
        -0.735522,
        0.568120241
      ],
      [
        0.2692018,
        0.500466943,
        0.8228385
      ],
      [
        -0.8895412,
        0.456662059,
        0.0132733472
      ]
    ],
    "translation": [
      1.61841846,
      1.00183475,
      -0.6315715
    ]
  },
  {
    "timeStamp": 60631,
    "rotation": [
      [
        -0.426959038,
        -0.7218283,
        0.5446742
      ],
      [
        0.247347578,
        0.486139148,
        0.838145554
      ],
      [
        -0.869784534,
        0.492577642,
        -0.02901904
      ]
    ],
    "translation": [
      1.6671983,
      1.01440609,
      -0.648154259
    ]
  },
  {
    "timeStamp": 60687,
    "rotation": [
      [
        -0.484312624,
        -0.699852049,
        0.525022268
      ],
      [
        0.231069729,
        0.4764687,
        0.8482832
      ],
      [
        -0.843829453,
        0.532151,
        -0.069045186
      ]
    ],
    "translation": [
      1.72697067,
      1.02565813,
      -0.669252753
    ]
  },
  {
    "timeStamp": 60731,
    "rotation": [
      [
        -0.511452,
        -0.6910013,
        0.510817
      ],
      [
        0.228982568,
        0.4633618,
        0.8560741
      ],
      [
        -0.828241348,
        0.554809034,
        -0.0787600949
      ]
    ],
    "translation": [
      1.77365851,
      1.02975643,
      -0.686738253
    ]
  },
  {
    "timeStamp": 60787,
    "rotation": [
      [
        -0.540897548,
        -0.6913148,
        0.479075819
      ],
      [
        0.212584049,
        0.438729972,
        0.8731117
      ],
      [
        -0.81377995,
        0.5741079,
        -0.09034547
      ]
    ],
    "translation": [
      1.835037,
      1.02979326,
      -0.7056629
    ]
  },
  {
    "timeStamp": 60832,
    "rotation": [
      [
        -0.551704466,
        -0.692866266,
        0.464282781
      ],
      [
        0.211398542,
        0.422322035,
        0.881450355
      ],
      [
        -0.8068041,
        0.5844488,
        -0.0865260363
      ]
    ],
    "translation": [
      1.8827827,
      1.02719331,
      -0.719503462
    ]
  },
  {
    "timeStamp": 60887,
    "rotation": [
      [
        -0.5562667,
        -0.70132643,
        0.445767432
      ],
      [
        0.2119162,
        0.39896664,
        0.8921419
      ],
      [
        -0.803529,
        0.5907342,
        -0.07330943
      ]
    ],
    "translation": [
      1.94054484,
      1.02102506,
      -0.7337701
    ]
  },
  {
    "timeStamp": 60932,
    "rotation": [
      [
        -0.5496299,
        -0.725239933,
        0.414649159
      ],
      [
        0.2045357,
        0.3644153,
        0.9084969
      ],
      [
        -0.8099827,
        0.5841477,
        -0.051956106
      ]
    ],
    "translation": [
      1.98455238,
      1.01459408,
      -0.7421359
    ]
  },
  {
    "timeStamp": 60987,
    "rotation": [
      [
        -0.5313182,
        -0.7583539,
        0.377624542
      ],
      [
        0.21030122,
        0.3137286,
        0.925930738
      ],
      [
        -0.8206548,
        0.571378767,
        -0.00720697455
      ]
    ],
    "translation": [
      2.03371429,
      1.003457,
      -0.750357032
    ]
  },
  {
    "timeStamp": 61032,
    "rotation": [
      [
        -0.5140284,
        -0.781854451,
        0.352815
      ],
      [
        0.242132321,
        0.262330025,
        0.934106469
      ],
      [
        -0.822889268,
        0.565585136,
        0.05446715
      ]
    ],
    "translation": [
      2.06805086,
      0.9895268,
      -0.7576996
    ]
  },
  {
    "timeStamp": 61078,
    "rotation": [
      [
        -0.475783557,
        -0.828835249,
        0.294384271
      ],
      [
        0.244466588,
        0.19689329,
        0.9494573
      ],
      [
        -0.844906,
        0.5237033,
        0.108943947
      ]
    ],
    "translation": [
      2.09732628,
      0.974227965,
      -0.761737049
    ]
  },
  {
    "timeStamp": 61138,
    "rotation": [
      [
        -0.4190462,
        -0.8790514,
        0.227308348
      ],
      [
        0.2829214,
        0.111468762,
        0.9526438
      ],
      [
        -0.8627606,
        0.463512123,
        0.201991886
      ]
    ],
    "translation": [
      2.130567,
      0.9468228,
      -0.7652825
    ]
  },
  {
    "timeStamp": 61182,
    "rotation": [
      [
        -0.3642929,
        -0.920539439,
        0.14105995
      ],
      [
        0.2958206,
        0.0292416811,
        0.954795837
      ],
      [
        -0.883052051,
        0.3895538,
        0.261661977
      ]
    ],
    "translation": [
      2.14736223,
      0.9263395,
      -0.7662218
    ]
  },
  {
    "timeStamp": 61237,
    "rotation": [
      [
        -0.309794664,
        -0.945773542,
        0.09767119
      ],
      [
        0.340103328,
        -0.0142993992,
        0.940279365
      ],
      [
        -0.8878947,
        0.324511826,
        0.3260906
      ]
    ],
    "translation": [
      2.15797377,
      0.899919152,
      -0.7671883
    ]
  },
  {
    "timeStamp": 61282,
    "rotation": [
      [
        -0.26904422,
        -0.9606681,
        0.06878996
      ],
      [
        0.3691741,
        -0.0368950553,
        0.9286276
      ],
      [
        -0.889564931,
        0.275237381,
        0.364580154
      ]
    ],
    "translation": [
      2.16324115,
      0.8789199,
      -0.7673208
    ]
  },
  {
    "timeStamp": 61338,
    "rotation": [
      [
        -0.232622266,
        -0.97119987,
        0.051553078
      ],
      [
        0.4154338,
        -0.05129726,
        0.9081758
      ],
      [
        -0.8793757,
        0.2326788,
        0.415402144
      ]
    ],
    "translation": [
      2.16271424,
      0.8567058,
      -0.768909335
    ]
  },
  {
    "timeStamp": 61382,
    "rotation": [
      [
        -0.2130989,
        -0.974208832,
        0.0742021
      ],
      [
        0.460525423,
        -0.0331738368,
        0.88702637
      ],
      [
        -0.861687362,
        0.2231963,
        0.455717236
      ]
    ],
    "translation": [
      2.1562438,
      0.842438757,
      -0.772058845
    ]
  },
  {
    "timeStamp": 61437,
    "rotation": [
      [
        -0.183408231,
        -0.981709659,
        0.05106368
      ],
      [
        0.488675326,
        -0.0459786467,
        0.8712533
      ],
      [
        -0.852969944,
        0.18474859,
        0.488170177
      ]
    ],
    "translation": [
      2.15320325,
      0.8252453,
      -0.7756241
    ]
  },
  {
    "timeStamp": 61482,
    "rotation": [
      [
        -0.163449213,
        -0.9861185,
        0.0292361062
      ],
      [
        0.499453366,
        -0.057155408,
        0.8644534
      ],
      [
        -0.850782454,
        0.155896291,
        0.501862168
      ]
    ],
    "translation": [
      2.15414429,
      0.8122932,
      -0.7782812
    ]
  },
  {
    "timeStamp": 61539,
    "rotation": [
      [
        -0.156766891,
        -0.987050533,
        0.0339917839
      ],
      [
        0.5375752,
        -0.05640621,
        0.8413271
      ],
      [
        -0.828515,
        0.150165379,
        0.5394565
      ]
    ],
    "translation": [
      2.15320945,
      0.8010859,
      -0.783489645
    ]
  },
  {
    "timeStamp": 61585,
    "rotation": [
      [
        -0.164957762,
        -0.985337257,
        0.0435834154
      ],
      [
        0.6336768,
        -0.07201624,
        0.7702385
      ],
      [
        -0.755805969,
        0.154674619,
        0.636265
      ]
    ],
    "translation": [
      2.15362573,
      0.7929674,
      -0.792593658
    ]
  },
  {
    "timeStamp": 61630,
    "rotation": [
      [
        -0.1179991,
        -0.9927736,
        0.0218376778
      ],
      [
        0.6998006,
        -0.06753425,
        0.7111387
      ],
      [
        -0.704524934,
        0.09919575,
        0.702712536
      ]
    ],
    "translation": [
      2.15055728,
      0.7883859,
      -0.7961679
    ]
  },
  {
    "timeStamp": 61687,
    "rotation": [
      [
        -0.06941819,
        -0.9975864,
        -0.001523963
      ],
      [
        0.7714196,
        -0.054648608,
        0.6339758
      ],
      [
        -0.632528961,
        0.0428338423,
        0.7733513
      ]
    ],
    "translation": [
      2.14742231,
      0.783192635,
      -0.800202847
    ]
  },
  {
    "timeStamp": 61731,
    "rotation": [
      [
        -0.0843186155,
        -0.9964239,
        -0.00545291277
      ],
      [
        0.803052,
        -0.07119299,
        0.591640949
      ],
      [
        -0.589913368,
        0.04550737,
        0.8061831
      ]
    ],
    "translation": [
      2.14817762,
      0.7810184,
      -0.802813947
    ]
  },
  {
    "timeStamp": 61787,
    "rotation": [
      [
        -0.116796777,
        -0.992486537,
        0.0364552364
      ],
      [
        0.696842849,
        -0.05574031,
        0.715054631
      ],
      [
        -0.707650065,
        0.108919643,
        0.698117435
      ]
    ],
    "translation": [
      2.14671183,
      0.7712289,
      -0.7959037
    ]
  },
  {
    "timeStamp": 61831,
    "rotation": [
      [
        -0.156402215,
        -0.986059368,
        0.05679092
      ],
      [
        0.6458767,
        -0.0586049072,
        0.761189044
      ],
      [
        -0.747249365,
        0.155731589,
        0.6460387
      ]
    ],
    "translation": [
      2.14656,
      0.764286,
      -0.7934409
    ]
  },
  {
    "timeStamp": 61887,
    "rotation": [
      [
        -0.153219044,
        -0.9859794,
        0.06609545
      ],
      [
        0.6250684,
        -0.0448951274,
        0.7792778
      ],
      [
        -0.7653845,
        0.160714373,
        0.62318337
      ]
    ],
    "translation": [
      2.14571548,
      0.7605469,
      -0.7914305
    ]
  },
  {
    "timeStamp": 61932,
    "rotation": [
      [
        -0.157406926,
        -0.983601451,
        0.0880405
      ],
      [
        0.608087361,
        -0.02629397,
        0.79343456
      ],
      [
        -0.7781085,
        0.178428411,
        0.6022545
      ]
    ],
    "translation": [
      2.144074,
      0.75823456,
      -0.7897488
    ]
  },
  {
    "timeStamp": 61987,
    "rotation": [
      [
        -0.159685418,
        -0.981802166,
        0.102786191
      ],
      [
        0.615685463,
        -0.0176630765,
        0.787794
      ],
      [
        -0.7716423,
        0.189083189,
        0.6073019
      ]
    ],
    "translation": [
      2.14216352,
      0.7559328,
      -0.7894776
    ]
  },
  {
    "timeStamp": 62032,
    "rotation": [
      [
        -0.157725468,
        -0.9824434,
        0.0996378958
      ],
      [
        0.6124804,
        -0.0181814544,
        0.7902767
      ],
      [
        -0.774590552,
        0.185673013,
        0.604594946
      ]
    ],
    "translation": [
      2.14216042,
      0.7521574,
      -0.7908381
    ]
  },
  {
    "timeStamp": 62087,
    "rotation": [
      [
        -0.159373239,
        -0.983070731,
        0.09039992
      ],
      [
        0.5866634,
        -0.0206634514,
        0.8095672
      ],
      [
        -0.793993831,
        0.182057679,
        0.5800248
      ]
    ],
    "translation": [
      2.14343357,
      0.746311843,
      -0.7884426
    ]
  },
  {
    "timeStamp": 62131,
    "rotation": [
      [
        -0.17337361,
        -0.982876241,
        0.0624164045
      ],
      [
        0.6225873,
        -0.06027344,
        0.780225635
      ],
      [
        -0.7631032,
        0.1741302,
        0.622376144
      ]
    ],
    "translation": [
      2.146443,
      0.74066776,
      -0.7922841
    ]
  },
  {
    "timeStamp": 62187,
    "rotation": [
      [
        -0.187450126,
        -0.97935766,
        0.0756377056
      ],
      [
        0.686675,
        -0.07558979,
        0.723023951
      ],
      [
        -0.7023816,
        0.187469453,
        0.6866697
      ]
    ],
    "translation": [
      2.147926,
      0.73583287,
      -0.796838939
    ]
  },
  {
    "timeStamp": 62231,
    "rotation": [
      [
        -0.216374919,
        -0.972905636,
        0.08146492
      ],
      [
        0.7288996,
        -0.105466336,
        0.6764482
      ],
      [
        -0.6495285,
        0.205746174,
        0.731970847
      ]
    ],
    "translation": [
      2.149742,
      0.7331366,
      -0.8002021
    ]
  },
  {
    "timeStamp": 62287,
    "rotation": [
      [
        -0.206032529,
        -0.9754967,
        0.07718007
      ],
      [
        0.7630493,
        -0.110781074,
        0.636775732
      ],
      [
        -0.612622559,
        0.1900887,
        0.7671766
      ]
    ],
    "translation": [
      2.148991,
      0.7308603,
      -0.8023889
    ]
  },
  {
    "timeStamp": 62332,
    "rotation": [
      [
        -0.205181345,
        -0.976077259,
        0.07192862
      ],
      [
        0.780566335,
        -0.118860848,
        0.6136679
      ],
      [
        -0.59043777,
        0.182058275,
        0.7862811
      ]
    ],
    "translation": [
      2.14884734,
      0.729735136,
      -0.80372256
    ]
  },
  {
    "timeStamp": 62387,
    "rotation": [
      [
        -0.2281051,
        -0.972508669,
        0.0468508
      ],
      [
        0.7852725,
        -0.155314252,
        0.5993536
      ],
      [
        -0.575599968,
        0.17350626,
        0.7991122
      ]
    ],
    "translation": [
      2.1502583,
      0.7295605,
      -0.8045706
    ]
  },
  {
    "timeStamp": 62431,
    "rotation": [
      [
        -0.24105297,
        -0.969776452,
        0.03777575
      ],
      [
        0.7840001,
        -0.17163752,
        0.5965605
      ],
      [
        -0.5720466,
        0.173418865,
        0.8016786
      ]
    ],
    "translation": [
      2.15106034,
      0.7298117,
      -0.8048098
    ]
  },
  {
    "timeStamp": 62487,
    "rotation": [
      [
        -0.257318735,
        -0.9658905,
        0.02902486
      ],
      [
        0.7823813,
        -0.190613881,
        0.592913032
      ],
      [
        -0.567156553,
        0.17527613,
        0.80474323
      ]
    ],
    "translation": [
      2.152091,
      0.7299972,
      -0.8051088
    ]
  },
  {
    "timeStamp": 62531,
    "rotation": [
      [
        -0.2655695,
        -0.963598549,
        0.0308330134
      ],
      [
        0.7764308,
        -0.19480826,
        0.599337161
      ],
      [
        -0.5715139,
        0.183105379,
        0.7999027
      ]
    ],
    "translation": [
      2.15266728,
      0.7304366,
      -0.804893553
    ]
  },
  {
    "timeStamp": 62587,
    "rotation": [
      [
        -0.255034775,
        -0.9656573,
        0.0496312939
      ],
      [
        0.7758101,
        -0.173719153,
        0.606580853
      ],
      [
        -0.577127337,
        0.193203673,
        0.793471158
      ]
    ],
    "translation": [
      2.15203929,
      0.7303614,
      -0.8046082
    ]
  }
]