[
  {
    "timeStamp": 71116,
    "rotation": [
      [
        0.9872264,
        0.152617052,
        0.0457393751
      ],
      [
        -0.107667245,
        0.850673,
        -0.5145514
      ],
      [
        -0.11743857,
        0.5030541,
        0.8562388
      ]
    ],
    "translation": [
      1.16560423,
      0.7714638,
      -0.693652332
    ]
  },
  {
    "timeStamp": 71162,
    "rotation": [
      [
        0.991830647,
        0.107810833,
        0.06818158
      ],
      [
        -0.058738593,
        0.8604598,
        -0.5061213
      ],
      [
        -0.113232866,
        0.4979817,
        0.8597631
      ]
    ],
    "translation": [
      1.16221666,
      0.7708732,
      -0.694113255
    ]
  },
  {
    "timeStamp": 71216,
    "rotation": [
      [
        0.993219256,
        0.09114924,
        0.07216152
      ],
      [
        -0.0444443151,
        0.8712655,
        -0.488795668
      ],
      [
        -0.107425191,
        0.482274115,
        0.8694087
      ]
    ],
    "translation": [
      1.161176,
      0.7704897,
      -0.695476651
    ]
  },
  {
    "timeStamp": 71260,
    "rotation": [
      [
        0.99313885,
        0.09471132,
        0.06859247
      ],
      [
        -0.04435551,
        0.8478154,
        -0.528433144
      ],
      [
        -0.108202353,
        0.521765053,
        0.8461994
      ]
    ],
    "translation": [
      1.16210413,
      0.7715081,
      -0.695763469
    ]
  },
  {
    "timeStamp": 71316,
    "rotation": [
      [
        0.992759347,
        0.106606491,
        0.05535295
      ],
      [
        -0.0616369881,
        0.8476228,
        -0.5270071
      ],
      [
        -0.1031008,
        0.519779444,
        0.8480564
      ]
    ],
    "translation": [
      1.16758084,
      0.7856103,
      -0.6986493
    ]
  },
  {
    "timeStamp": 71360,
    "rotation": [
      [
        0.9918149,
        0.118643977,
        0.04718926
      ],
      [
        -0.07693345,
        0.850246966,
        -0.5207315
      ],
      [
        -0.101904184,
        0.51283884,
        0.8524153
      ]
    ],
    "translation": [
      1.17583776,
      0.8015816,
      -0.699961
    ]
  },
  {
    "timeStamp": 71416,
    "rotation": [
      [
        0.989973366,
        0.13942872,
        0.0226355456
      ],
      [
        -0.108634561,
        0.8539452,
        -0.508897
      ],
      [
        -0.09028438,
        0.5013355,
        0.8605297
      ]
    ],
    "translation": [
      1.19124365,
      0.828993,
      -0.7036645
    ]
  },
  {
    "timeStamp": 71460,
    "rotation": [
      [
        0.9872695,
        0.159018248,
        0.00348374271
      ],
      [
        -0.136262,
        0.8568789,
        -0.497183323
      ],
      [
        -0.08204636,
        0.490379244,
        0.8676385
      ]
    ],
    "translation": [
      1.2095468,
      0.8549334,
      -0.7073372
    ]
  },
  {
    "timeStamp": 71515,
    "rotation": [
      [
        0.979629755,
        0.2008106,
        0.000816427055
      ],
      [
        -0.175037846,
        0.8558792,
        -0.48665455
      ],
      [
        -0.09842415,
        0.476598382,
        0.873594165
      ]
    ],
    "translation": [
      1.24017417,
      0.8899877,
      -0.7109674
    ]
  },
  {
    "timeStamp": 71559,
    "rotation": [
      [
        0.9716813,
        0.2362837,
        -0.00234093261
      ],
      [
        -0.208941415,
        0.8545291,
        -0.475524426
      ],
      [
        -0.110358275,
        0.4625473,
        0.8796994
      ]
    ],
    "translation": [
      1.26986182,
      0.9194847,
      -0.7150146
    ]
  },
  {
    "timeStamp": 71615,
    "rotation": [
      [
        0.9618211,
        0.273635,
        0.00491556944
      ],
      [
        -0.240901932,
        0.8550151,
        -0.4592553
      ],
      [
        -0.1298712,
        0.440537274,
        0.8882907
      ]
    ],
    "translation": [
      1.31135988,
      0.953430235,
      -0.7213571
    ]
  },
  {
    "timeStamp": 71660,
    "rotation": [
      [
        0.950906456,
        0.3085747,
        0.0236339439
      ],
      [
        -0.2651462,
        0.8516963,
        -0.452007562
      ],
      [
        -0.159607038,
        0.423550457,
        0.8917009
      ]
    ],
    "translation": [
      1.3473171,
      0.9773777,
      -0.7252424
    ]
  },
  {
    "timeStamp": 71715,
    "rotation": [
      [
        0.9370739,
        0.3449322,
        0.0539839
      ],
      [
        -0.285237163,
        0.845537961,
        -0.451337337
      ],
      [
        -0.201326221,
        0.407538235,
        0.890719
      ]
    ],
    "translation": [
      1.39522326,
      1.00213027,
      -0.731349349
    ]
  },
  {
    "timeStamp": 71759,
    "rotation": [
      [
        0.928000152,
        0.360063,
        0.09576178
      ],
      [
        -0.285884559,
        0.8529659,
        -0.436714053
      ],
      [
        -0.2389261,
        0.3778939,
        0.894489
      ]
    ],
    "translation": [
      1.43513572,
      1.0182215,
      -0.7354897
    ]
  },
  {
    "timeStamp": 71815,
    "rotation": [
      [
        0.9099648,
        0.387076,
        0.148782641
      ],
      [
        -0.29081738,
        0.851433337,
        -0.436447561
      ],
      [
        -0.2956169,
        0.353883326,
        0.887342751
      ]
    ],
    "translation": [
      1.48632967,
      1.03397655,
      -0.7415269
    ]
  },
  {
    "timeStamp": 71860,
    "rotation": [
      [
        0.899525166,
        0.391840041,
        0.193172887
      ],
      [
        -0.28336966,
        0.8598661,
        -0.42465505
      ],
      [
        -0.332499683,
        0.327248573,
        0.884506762
      ]
    ],
    "translation": [
      1.52801335,
      1.04291785,
      -0.748037
    ]
  },
  {
    "timeStamp": 71916,
    "rotation": [
      [
        0.885193169,
        0.3950833,
        0.245646611
      ],
      [
        -0.273279518,
        0.868898451,
        -0.4127152
      ],
      [
        -0.376498848,
        0.298202485,
        0.877111137
      ]
    ],
    "translation": [
      1.58087754,
      1.05115938,
      -0.756833255
    ]
  },
  {
    "timeStamp": 71960,
    "rotation": [
      [
        0.8656277,
        0.40884304,
        0.289026052
      ],
      [
        -0.275646925,
        0.8710415,
        -0.406577945
      ],
      [
        -0.4179802,
        0.272276,
        0.8666939
      ]
    ],
    "translation": [
      1.624707,
      1.05664575,
      -0.763134241
    ]
  },
  {
    "timeStamp": 72016,
    "rotation": [
      [
        0.836668,
        0.432966053,
        0.335450321
      ],
      [
        -0.283008158,
        0.866109669,
        -0.412019968
      ],
      [
        -0.4689274,
        0.249788761,
        0.847179234
      ]
    ],
    "translation": [
      1.67920828,
      1.06156659,
      -0.7713057
    ]
  },
  {
    "timeStamp": 72060,
    "rotation": [
      [
        0.8164667,
        0.440149665,
        0.373698324
      ],
      [
        -0.281272829,
        0.868425548,
        -0.408316851
      ],
      [
        -0.5042497,
        0.228265911,
        0.832842648
      ]
    ],
    "translation": [
      1.7223146,
      1.06374049,
      -0.7788647
    ]
  },
  {
    "timeStamp": 72116,
    "rotation": [
      [
        0.7951739,
        0.4442182,
        0.412757367
      ],
      [
        -0.276807725,
        0.8715446,
        -0.4047067
      ],
      [
        -0.539514542,
        0.207557768,
        0.815992534
      ]
    ],
    "translation": [
      1.77570343,
      1.06533706,
      -0.788700938
    ]
  },
  {
    "timeStamp": 72160,
    "rotation": [
      [
        0.772191465,
        0.459031343,
        0.439329743
      ],
      [
        -0.280443639,
        0.866664648,
        -0.412605971
      ],
      [
        -0.5701507,
        0.195403561,
        0.79796344
      ]
    ],
    "translation": [
      1.81713307,
      1.06549692,
      -0.796359241
    ]
  },
  {
    "timeStamp": 72216,
    "rotation": [
      [
        0.7583549,
        0.444074541,
        0.47717464
      ],
      [
        -0.259792447,
        0.87729466,
        -0.4035616
      ],
      [
        -0.5978342,
        0.182076544,
        0.7806679
      ]
    ],
    "translation": [
      1.86652613,
      1.06316125,
      -0.8052333
    ]
  },
  {
    "timeStamp": 72261,
    "rotation": [
      [
        0.7439425,
        0.438899547,
        0.503901541
      ],
      [
        -0.241330072,
        0.8796375,
        -0.409875274
      ],
      [
        -0.623144746,
        0.18331705,
        0.760319352
      ]
    ],
    "translation": [
      1.904232,
      1.05951893,
      -0.8108057
    ]
  },
  {
    "timeStamp": 72316,
    "rotation": [
      [
        0.731428444,
        0.4281248,
        0.530774534
      ],
      [
        -0.2119171,
        0.882522464,
        -0.4198158
      ],
      [
        -0.648153961,
        0.19458501,
        0.736228943
      ]
    ],
    "translation": [
      1.947276,
      1.05290544,
      -0.8168783
    ]
  },
  {
    "timeStamp": 72360,
    "rotation": [
      [
        0.725339949,
        0.42233336,
        0.5436143
      ],
      [
        -0.186766937,
        0.8808022,
        -0.4350927
      ],
      [
        -0.662570834,
        0.214060917,
        0.7177589
      ]
    ],
    "translation": [
      1.97951317,
      1.04556131,
      -0.8192453
    ]
  },
  {
    "timeStamp": 72415,
    "rotation": [
      [
        0.716616869,
        0.425730616,
        0.5524615
      ],
      [
        -0.162845671,
        0.872333765,
        -0.460993648
      ],
      [
        -0.678189933,
        0.240389854,
        0.6944574
      ]
    ],
    "translation": [
      2.00991344,
      1.03605235,
      -0.8203742
    ]
  },
  {
    "timeStamp": 72466,
    "rotation": [
      [
        0.728641,
        0.363029778,
        0.580768168
      ],
      [
        -0.08016768,
        0.8873438,
        -0.4540861
      ],
      [
        -0.6801878,
        0.2843069,
        0.6756583
      ]
    ],
    "translation": [
      2.05166435,
      1.01865208,
      -0.8189353
    ]
  },
  {
    "timeStamp": 72510,
    "rotation": [
      [
        0.706956267,
        0.38484472,
        0.5933863
      ],
      [
        -0.0587777831,
        0.8680636,
        -0.492961168
      ],
      [
        -0.70481056,
        0.313624054,
        0.636303365
      ]
    ],
    "translation": [
      2.07885933,
      1.00802672,
      -0.815434
    ]
  },
  {
    "timeStamp": 72566,
    "rotation": [
      [
        0.7076508,
        0.316041321,
        0.6319401
      ],
      [
        0.0223937333,
        0.8839055,
        -0.467129081
      ],
      [
        -0.706207454,
        0.344715744,
        0.618419051
      ]
    ],
    "translation": [
      2.10833335,
      0.9928101,
      -0.812528253
    ]
  },
  {
    "timeStamp": 72610,
    "rotation": [
      [
        0.6933705,
        0.3276122,
        0.6418003
      ],
      [
        0.0513418466,
        0.865945458,
        -0.497496217
      ],
      [
        -0.7187499,
        0.377900422,
        0.5836008
      ]
    ],
    "translation": [
      2.12879848,
      0.9837447,
      -0.8100772
    ]
  },
  {
    "timeStamp": 72666,
    "rotation": [
      [
        0.6914662,
        0.299083322,
        0.657589257
      ],
      [
        0.100557886,
        0.8615625,
        -0.49759233
      ],
      [
        -0.7153758,
        0.410194069,
        0.5656662
      ]
    ],
    "translation": [
      2.14858985,
      0.974452734,
      -0.8066874
    ]
  },
  {
    "timeStamp": 72711,
    "rotation": [
      [
        0.696314156,
        0.285071939,
        0.658696055
      ],
      [
        0.139564127,
        0.8464448,
        -0.5138609
      ],
      [
        -0.704037249,
        0.44973895,
        0.549605668
      ]
    ],
    "translation": [
      2.16172075,
      0.9662763,
      -0.8036148
    ]
  },
  {
    "timeStamp": 72766,
    "rotation": [
      [
        0.719646752,
        0.255482316,
        0.6456294
      ],
      [
        0.185714334,
        0.8251442,
        -0.5335235
      ],
      [
        -0.6690432,
        0.5038511,
        0.5463656
      ]
    ],
    "translation": [
      2.1730547,
      0.9536418,
      -0.8009826
    ]
  },
  {
    "timeStamp": 72810,
    "rotation": [
      [
        0.7200281,
        0.2545222,
        0.645583451
      ],
      [
        0.2089352,
        0.8076283,
        -0.5514369
      ],
      [
        -0.661744356,
        0.531935155,
        0.528336346
      ]
    ],
    "translation": [
      2.18304539,
      0.9433275,
      -0.7969377
    ]
  },
  {
    "timeStamp": 72866,
    "rotation": [
      [
        0.742216349,
        0.239043042,
        0.6260778
      ],
      [
        0.240698725,
        0.776796341,
        -0.58193773
      ],
      [
        -0.6254431,
        0.582619846,
        0.5190136
      ]
    ],
    "translation": [
      2.19307256,
      0.930505157,
      -0.7933859
    ]
  },
  {
    "timeStamp": 72912,
    "rotation": [
      [
        0.7448062,
        0.22964561,
        0.626519442
      ],
      [
        0.265001982,
        0.7599007,
        -0.5935697
      ],
      [
        -0.6124032,
        0.608123243,
        0.5051222
      ]
    ],
    "translation": [
      2.202524,
      0.920296,
      -0.7897622
    ]
  },
  {
    "timeStamp": 72969,
    "rotation": [
      [
        0.7612265,
        0.213134959,
        0.6124604
      ],
      [
        0.289585829,
        0.733325,
        -0.615121543
      ],
      [
        -0.580236435,
        0.645606637,
        0.496505529
      ]
    ],
    "translation": [
      2.21009851,
      0.9081818,
      -0.787551045
    ]
  },
  {
    "timeStamp": 73014,
    "rotation": [
      [
        0.7742401,
        0.202231362,
        0.5997122
      ],
      [
        0.3022102,
        0.7144316,
        -0.6310756
      ],
      [
        -0.556076646,
        0.6698432,
        0.492025226
      ]
    ],
    "translation": [
      2.21257639,
      0.898040056,
      -0.7864582
    ]
  },
  {
    "timeStamp": 73060,
    "rotation": [
      [
        0.7880361,
        0.1799196,
        0.588751256
      ],
      [
        0.3215789,
        0.6951946,
        -0.64287746
      ],
      [
        -0.524962962,
        0.6959406,
        0.489980131
      ]
    ],
    "translation": [
      2.214303,
      0.8873055,
      -0.787441552
    ]
  },
  {
    "timeStamp": 73115,
    "rotation": [
      [
        0.8030617,
        0.151527047,
        0.5763084
      ],
      [
        0.3422392,
        0.674436033,
        -0.6542235
      ],
      [
        -0.487815678,
        0.722617149,
        0.489755273
      ]
    ],
    "translation": [
      2.21492171,
      0.8763226,
      -0.7887596
    ]
  },
  {
    "timeStamp": 73160,
    "rotation": [
      [
        0.808713436,
        0.135305792,
        0.572428942
      ],
      [
        0.356138468,
        0.6618905,
        -0.6595956
      ],
      [
        -0.468132347,
        0.73728776,
        0.4870922
      ]
    ],
    "translation": [
      2.21696353,
      0.8677168,
      -0.7892623
    ]
  },
  {
    "timeStamp": 73215,
    "rotation": [
      [
        0.8129395,
        0.09763775,
        0.574104667
      ],
      [
        0.3880548,
        0.644248843,
        -0.6590576
      ],
      [
        -0.434215158,
        0.758558035,
        0.485846549
      ]
    ],
    "translation": [
      2.22092533,
      0.8581619,
      -0.7906558
    ]
  },
  {
    "timeStamp": 73260,
    "rotation": [
      [
        0.8129434,
        0.07950757,
        0.576889634
      ],
      [
        0.406066626,
        0.6326747,
        -0.6594184
      ],
      [
        -0.4174122,
        0.7703255,
        0.482043356
      ]
    ],
    "translation": [
      2.2237494,
      0.851377845,
      -0.7914226
    ]
  },
  {
    "timeStamp": 73315,
    "rotation": [
      [
        0.8040611,
        -0.0107075917,
        0.5944502
      ],
      [
        0.474711925,
        0.6135341,
        -0.6310503
      ],
      [
        -0.357958436,
        0.7895956,
        0.49840197
      ]
    ],
    "translation": [
      2.22477913,
      0.842389345,
      -0.7962787
    ]
  },
  {
    "timeStamp": 73360,
    "rotation": [
      [
        0.7697017,
        -0.08546286,
        0.632657468
      ],
      [
        0.539246142,
        0.6174909,
        -0.57264185
      ],
      [
        -0.341720581,
        0.7819215,
        0.5213693
      ]
    ],
    "translation": [
      2.224385,
      0.836093,
      -0.7980647
    ]
  },
  {
    "timeStamp": 73415,
    "rotation": [
      [
        0.730998158,
        -0.194236785,
        0.654151142
      ],
      [
        0.6155112,
        0.6015478,
        -0.509201646
      ],
      [
        -0.294597447,
        0.7748628,
        0.5592852
      ]
    ],
    "translation": [
      2.225382,
      0.8291054,
      -0.8016939
    ]
  },
  {
    "timeStamp": 73460,
    "rotation": [
      [
        0.703045845,
        -0.2779462,
        0.6545781
      ],
      [
        0.666560769,
        0.578337669,
        -0.4703427
      ],
      [
        -0.247837186,
        0.7669885,
        0.591865957
      ]
    ],
    "translation": [
      2.22734451,
      0.825857162,
      -0.8031644
    ]
  },
  {
    "timeStamp": 73515,
    "rotation": [
      [
        0.6609842,
        -0.3074996,
        0.6845026
      ],
      [
        0.710682154,
        0.5493546,
        -0.439477324
      ],
      [
        -0.2408956,
        0.776951432,
        0.581649244
      ]
    ],
    "translation": [
      2.226113,
      0.821735,
      -0.8028184
    ]
  },
  {
    "timeStamp": 73560,
    "rotation": [
      [
        0.647638738,
        -0.312878966,
        0.6947451
      ],
      [
        0.736765265,
        0.489629,
        -0.466305017
      ],
      [
        -0.194270328,
        0.813861251,
        0.5476211
      ]
    ],
    "translation": [
      2.22623968,
      0.8199145,
      -0.8022835
    ]
  },
  {
    "timeStamp": 73619,
    "rotation": [
      [
        0.62527287,
        -0.311646968,
        0.7154789
      ],
      [
        0.7636493,
        0.4333011,
        -0.478633523
      ],
      [
        -0.160853088,
        0.845651448,
        0.5089204
      ]
    ],
    "translation": [
      2.225456,
      0.8176403,
      -0.8006153
    ]
  },
  {
    "timeStamp": 73669,
    "rotation": [
      [
        0.609682739,
        -0.295612931,
        0.7354591
      ],
      [
        0.7763891,
        0.4096665,
        -0.478950232
      ],
      [
        -0.159709081,
        0.8630101,
        0.479277223
      ]
    ],
    "translation": [
      2.22552752,
      0.8163862,
      -0.799339354
    ]
  },
  {
    "timeStamp": 73714,
    "rotation": [
      [
        0.58925426,
        -0.291448057,
        0.7535499
      ],
      [
        0.7954536,
        0.372659683,
        -0.4778894
      ],
      [
        -0.141537741,
        0.8810124,
        0.451424718
      ]
    ],
    "translation": [
      2.2247417,
      0.8146216,
      -0.798715949
    ]
  },
  {
    "timeStamp": 73769,
    "rotation": [
      [
        0.576171756,
        -0.283739775,
        0.766497135
      ],
      [
        0.8071903,
        0.3447926,
        -0.479126215
      ],
      [
        -0.128335357,
        0.894768,
        0.427691758
      ]
    ],
    "translation": [
      2.22466683,
      0.8133227,
      -0.7983592
    ]
  },
  {
    "timeStamp": 73814,
    "rotation": [
      [
        0.573181748,
        -0.2665479,
        0.774864435
      ],
      [
        0.8098432,
        0.32847783,
        -0.4860621
      ],
      [
        -0.124966979,
        0.9061206,
        0.404139459
      ]
    ],
    "translation": [
      2.22475052,
      0.812392533,
      -0.7982002
    ]
  },
  {
    "timeStamp": 73869,
    "rotation": [
      [
        0.5779418,
        -0.24316293,
        0.779009044
      ],
      [
        0.806192,
        0.31825307,
        -0.498767883
      ],
      [
        -0.126640171,
        0.9162897,
        0.379967749
      ]
    ],
    "translation": [
      2.22433829,
      0.810125947,
      -0.797958255
    ]
  },
  {
    "timeStamp": 73914,
    "rotation": [
      [
        0.5848427,
        -0.221017346,
        0.7804552
      ],
      [
        0.7970419,
        0.335233241,
        -0.502337337
      ],
      [
        -0.15060927,
        0.915843844,
        0.372218817
      ]
    ],
    "translation": [
      2.22379065,
      0.808907747,
      -0.7993685
    ]
  },
  {
    "timeStamp": 73969,
    "rotation": [
      [
        0.6541688,
        -0.191661254,
        0.731662
      ],
      [
        0.742591739,
        0.346414834,
        -0.57319653
      ],
      [
        -0.143598959,
        0.918293357,
        0.368939847
      ]
    ],
    "translation": [
      2.22427,
      0.809108853,
      -0.7992957
    ]
  },
  {
    "timeStamp": 74014,
    "rotation": [
      [
        0.7451484,
        -0.122508153,
        0.6555498
      ],
      [
        0.6385002,
        0.4148487,
        -0.648242235
      ],
      [
        -0.192539051,
        0.9016054,
        0.3873453
      ]
    ],
    "translation": [
      2.22482038,
      0.810496032,
      -0.799773
    ]
  },
  {
    "timeStamp": 74060,
    "rotation": [
      [
        0.7963534,
        -0.0495159477,
        0.6028013
      ],
      [
        0.5406008,
        0.5052245,
        -0.6726804
      ],
      [
        -0.271241635,
        0.8615662,
        0.429105639
      ]
    ],
    "translation": [
      2.22089028,
      0.808670342,
      -0.801313
    ]
  }
]