[
  {
    "timeStamp": 47331,
    "rotation": [
      [
        0.9997646,
        -0.0215766113,
        0.00223839213
      ],
      [
        -0.00343030924,
        -0.05536348,
        0.998460352
      ],
      [
        -0.0214194637,
        -0.998233,
        -0.0554244667
      ]
    ],
    "translation": [
      1.30637562,
      0.6988146,
      -0.75239414
    ]
  },
  {
    "timeStamp": 47386,
    "rotation": [
      [
        0.9995864,
        -0.0265397523,
        0.0110738184
      ],
      [
        -0.012465734,
        -0.0528681576,
        0.9985237
      ],
      [
        -0.0259151272,
        -0.998248756,
        -0.05317713
      ]
    ],
    "translation": [
      1.30634594,
      0.7015904,
      -0.752467155
    ]
  },
  {
    "timeStamp": 47430,
    "rotation": [
      [
        0.9990485,
        -0.04174566,
        0.0126248505
      ],
      [
        -0.0169433579,
        -0.104769908,
        0.994352162
      ],
      [
        -0.0401871875,
        -0.9936199,
        -0.105377533
      ]
    ],
    "translation": [
      1.31177425,
      0.7125828,
      -0.746638656
    ]
  },
  {
    "timeStamp": 47488,
    "rotation": [
      [
        0.9949256,
        -0.06912515,
        0.07310693
      ],
      [
        -0.08033374,
        -0.108309738,
        0.990866
      ],
      [
        -0.0605755523,
        -0.991710961,
        -0.11331322
      ]
    ],
    "translation": [
      1.31728339,
      0.736709535,
      -0.7455804
    ]
  },
  {
    "timeStamp": 47541,
    "rotation": [
      [
        0.983679533,
        -0.107027464,
        0.14463605
      ],
      [
        -0.155009583,
        -0.09593039,
        0.9832443
      ],
      [
        -0.09135913,
        -0.9896173,
        -0.110955045
      ]
    ],
    "translation": [
      1.328642,
      0.767612755,
      -0.746301532
    ]
  },
  {
    "timeStamp": 47585,
    "rotation": [
      [
        0.971039,
        -0.135119483,
        0.197043121
      ],
      [
        -0.210247219,
        -0.0915130153,
        0.97335577
      ],
      [
        -0.113487318,
        -0.9865942,
        -0.117271207
      ]
    ],
    "translation": [
      1.34683728,
      0.7924156,
      -0.74730444
    ]
  },
  {
    "timeStamp": 47631,
    "rotation": [
      [
        0.9566483,
        -0.169757828,
        0.236656681
      ],
      [
        -0.254613847,
        -0.09294568,
        0.9625658
      ],
      [
        -0.141406849,
        -0.981093,
        -0.132139012
      ]
    ],
    "translation": [
      1.36856449,
      0.8156819,
      -0.746513844
    ]
  },
  {
    "timeStamp": 47686,
    "rotation": [
      [
        0.930174649,
        -0.236029461,
        0.2811852
      ],
      [
        -0.307663947,
        -0.08330418,
        0.9478414
      ],
      [
        -0.2002946,
        -0.9681686,
        -0.150105208
      ]
    ],
    "translation": [
      1.40816009,
      0.8438232,
      -0.742559
    ]
  },
  {
    "timeStamp": 47741,
    "rotation": [
      [
        0.8919817,
        -0.339511484,
        0.2984972
      ],
      [
        -0.3447081,
        -0.08360422,
        0.9349795
      ],
      [
        -0.292480648,
        -0.936879039,
        -0.1916058
      ]
    ],
    "translation": [
      1.4581852,
      0.867211759,
      -0.726515234
    ]
  },
  {
    "timeStamp": 47786,
    "rotation": [
      [
        0.8447895,
        -0.442474961,
        0.300909579
      ],
      [
        -0.371673822,
        -0.08065783,
        0.9248529
      ],
      [
        -0.384953558,
        -0.8931462,
        -0.232595265
      ]
    ],
    "translation": [
      1.50811338,
      0.88541013,
      -0.7105834
    ]
  },
  {
    "timeStamp": 47831,
    "rotation": [
      [
        0.783059835,
        -0.5533078,
        0.284020722
      ],
      [
        -0.396580458,
        -0.0924261361,
        0.913335264
      ],
      [
        -0.479104549,
        -0.827833235,
        -0.291806251
      ]
    ],
    "translation": [
      1.56755435,
      0.9030095,
      -0.6905186
    ]
  },
  {
    "timeStamp": 47886,
    "rotation": [
      [
        0.68754065,
        -0.6865993,
        0.2363666
      ],
      [
        -0.425539732,
        -0.1172158,
        0.8973162
      ],
      [
        -0.5883908,
        -0.717524767,
        -0.372765929
      ]
    ],
    "translation": [
      1.65066361,
      0.922287047,
      -0.6705083
    ]
  },
  {
    "timeStamp": 47931,
    "rotation": [
      [
        0.5995736,
        -0.7831386,
        0.164940715
      ],
      [
        -0.4391321,
        -0.149622321,
        0.88587594
      ],
      [
        -0.6690848,
        -0.6035786,
        -0.4336109
      ]
    ],
    "translation": [
      1.72832847,
      0.9356137,
      -0.657142341
    ]
  },
  {
    "timeStamp": 47986,
    "rotation": [
      [
        0.4783391,
        -0.8764066,
        0.05570657
      ],
      [
        -0.4461566,
        -0.187892675,
        0.875008941
      ],
      [
        -0.7563968,
        -0.443404853,
        -0.48089096
      ]
    ],
    "translation": [
      1.8290292,
      0.947834,
      -0.6542438
    ]
  },
  {
    "timeStamp": 48030,
    "rotation": [
      [
        0.3834834,
        -0.9231203,
        -0.02809405
      ],
      [
        -0.444267929,
        -0.2110562,
        0.8706786
      ],
      [
        -0.809670568,
        -0.321409523,
        -0.49104932
      ]
    ],
    "translation": [
      1.90704453,
      0.953035235,
      -0.660141468
    ]
  },
  {
    "timeStamp": 48086,
    "rotation": [
      [
        0.2636812,
        -0.9549601,
        -0.136100516
      ],
      [
        -0.41809535,
        -0.240296915,
        0.876044333
      ],
      [
        -0.869291961,
        -0.17409344,
        -0.462626159
      ]
    ],
    "translation": [
      2.00091434,
      0.9503548,
      -0.6802623
    ]
  },
  {
    "timeStamp": 48130,
    "rotation": [
      [
        0.177899465,
        -0.9610685,
        -0.2114216
      ],
      [
        -0.374344438,
        -0.264790535,
        0.888680041
      ],
      [
        -0.9100649,
        -0.0789511949,
        -0.406876743
      ]
    ],
    "translation": [
      2.068915,
      0.9388823,
      -0.703585267
    ]
  },
  {
    "timeStamp": 48186,
    "rotation": [
      [
        0.0906238258,
        -0.9603135,
        -0.263790131
      ],
      [
        -0.300785,
        -0.2789032,
        0.91199857
      ],
      [
        -0.949376464,
        -0.00330468523,
        -0.314123183
      ]
    ],
    "translation": [
      2.13247728,
      0.9130165,
      -0.7330705
    ]
  },
  {
    "timeStamp": 48230,
    "rotation": [
      [
        0.0409207568,
        -0.965119243,
        -0.258593172
      ],
      [
        -0.22634472,
        -0.2610358,
        0.938418031
      ],
      [
        -0.9731873,
        0.0201304071,
        -0.22913143
      ]
    ],
    "translation": [
      2.16759682,
      0.881722152,
      -0.7575989
    ]
  },
  {
    "timeStamp": 48282,
    "rotation": [
      [
        0.0338968337,
        -0.966890156,
        -0.2529317
      ],
      [
        -0.172123969,
        -0.25494343,
        0.9515131
      ],
      [
        -0.984491944,
        0.01128232,
        -0.175066739
      ]
    ],
    "translation": [
      2.187981,
      0.85366255,
      -0.7710262
    ]
  },
  {
    "timeStamp": 48336,
    "rotation": [
      [
        0.0221183039,
        -0.9714795,
        -0.2360898
      ],
      [
        -0.114641875,
        -0.237054437,
        0.964708447
      ],
      [
        -0.9931606,
        0.005728082,
        -0.116615467
      ]
    ],
    "translation": [
      2.20804858,
      0.814787567,
      -0.783909142
    ]
  },
  {
    "timeStamp": 48381,
    "rotation": [
      [
        0.03753959,
        -0.968587458,
        -0.245823368
      ],
      [
        -0.117204331,
        -0.248566508,
        0.9614977
      ],
      [
        -0.9923981,
        -0.007282683,
        -0.122853726
      ]
    ],
    "translation": [
      2.21842313,
      0.796990633,
      -0.7827485
    ]
  },
  {
    "timeStamp": 48436,
    "rotation": [
      [
        0.043593958,
        -0.971282,
        -0.233903423
      ],
      [
        -0.123092011,
        -0.237564027,
        0.9635412
      ],
      [
        -0.9914373,
        -0.0132129183,
        -0.1299134
      ]
    ],
    "translation": [
      2.226156,
      0.778544843,
      -0.7775313
    ]
  },
  {
    "timeStamp": 48481,
    "rotation": [
      [
        0.05468174,
        -0.9663845,
        -0.251219034
      ],
      [
        -0.107117526,
        -0.25582096,
        0.960771263
      ],
      [
        -0.9927415,
        -0.025626665,
        -0.117505454
      ]
    ],
    "translation": [
      2.23466349,
      0.764160335,
      -0.774153769
    ]
  },
  {
    "timeStamp": 48536,
    "rotation": [
      [
        0.0566481054,
        -0.970045567,
        -0.23622562
      ],
      [
        -0.118934155,
        -0.24147737,
        0.963090539
      ],
      [
        -0.9912848,
        -0.0264619756,
        -0.129050791
      ]
    ],
    "translation": [
      2.23919439,
      0.7533379,
      -0.7662669
    ]
  },
  {
    "timeStamp": 48581,
    "rotation": [
      [
        0.06527536,
        -0.9680613,
        -0.242066935
      ],
      [
        -0.116191328,
        -0.2483078,
        0.9616875
      ],
      [
        -0.991079569,
        -0.03464844,
        -0.128688708
      ]
    ],
    "translation": [
      2.24398327,
      0.7465339,
      -0.761116445
    ]
  },
  {
    "timeStamp": 48636,
    "rotation": [
      [
        0.0613098554,
        -0.9720739,
        -0.226524785
      ],
      [
        -0.126865774,
        -0.232700408,
        0.964238346
      ],
      [
        -0.9900234,
        -0.0303790718,
        -0.137589738
      ]
    ],
    "translation": [
      2.24810266,
      0.7420892,
      -0.7546913
    ]
  },
  {
    "timeStamp": 48681,
    "rotation": [
      [
        0.0651772,
        -0.972000241,
        -0.225759834
      ],
      [
        -0.1252953,
        -0.232421964,
        0.9645108
      ],
      [
        -0.9899763,
        -0.0345774554,
        -0.136935666
      ]
    ],
    "translation": [
      2.25127149,
      0.7387756,
      -0.750814259
    ]
  },
  {
    "timeStamp": 48736,
    "rotation": [
      [
        0.06511754,
        -0.9726154,
        -0.223112136
      ],
      [
        -0.129571468,
        -0.229935065,
        0.9645419
      ],
      [
        -0.9894296,
        -0.0338996239,
        -0.140996009
      ]
    ],
    "translation": [
      2.25397134,
      0.7362853,
      -0.7459249
    ]
  }
]