[
  {
    "timeStamp": 18255,
    "rotation": [
      [
        -0.999874353,
        0.0076983734,
        0.0138544887
      ],
      [
        0.00751975644,
        0.999888539,
        -0.0128985988
      ],
      [
        -0.0139522431,
        -0.0127927959,
        -0.999820769
      ]
    ],
    "translation": [
      1.292857,
      0.7316919,
      -0.630892
    ]
  },
  {
    "timeStamp": 18311,
    "rotation": [
      [
        -0.9998315,
        0.0120811509,
        0.0138225155
      ],
      [
        0.0118375849,
        0.9997755,
        -0.0175690316
      ],
      [
        -0.0140316682,
        -0.0174024459,
        -0.9997501
      ]
    ],
    "translation": [
      1.29302156,
      0.7344264,
      -0.631042063
    ]
  },
  {
    "timeStamp": 18355,
    "rotation": [
      [
        -0.9996932,
        0.0247635022,
        0.000457426562
      ],
      [
        0.0247661062,
        0.999668658,
        0.00701976428
      ],
      [
        -0.000283441041,
        0.00702893967,
        -0.999975264
      ]
    ],
    "translation": [
      1.29404342,
      0.737910748,
      -0.63157016
    ]
  },
  {
    "timeStamp": 18413,
    "rotation": [
      [
        -0.995254636,
        0.09717229,
        -0.005068507
      ],
      [
        0.09710884,
        0.9952068,
        0.011541889
      ],
      [
        0.00616576476,
        0.0109949214,
        -0.9999205
      ]
    ],
    "translation": [
      1.28622854,
      0.7737377,
      -0.636658549
    ]
  },
  {
    "timeStamp": 18455,
    "rotation": [
      [
        -0.9814787,
        0.190437287,
        -0.0208124053
      ],
      [
        0.189818472,
        0.981405139,
        0.0285093933
      ],
      [
        0.0258546546,
        0.0240307823,
        -0.9993768
      ]
    ],
    "translation": [
      1.28308833,
      0.81756,
      -0.6403524
    ]
  },
  {
    "timeStamp": 18510,
    "rotation": [
      [
        -0.9445036,
        0.323417,
        -0.0575710051
      ],
      [
        0.320770144,
        0.945799053,
        0.05070163
      ],
      [
        0.0708483756,
        0.0294208117,
        -0.997053146
      ]
    ],
    "translation": [
      1.28218138,
      0.8844137,
      -0.641039133
    ]
  },
  {
    "timeStamp": 18555,
    "rotation": [
      [
        -0.8976094,
        0.4296811,
        -0.09834332
      ],
      [
        0.423814118,
        0.902606666,
        0.07538343
      ],
      [
        0.121156178,
        0.02598559,
        -0.992293239
      ]
    ],
    "translation": [
      1.29434454,
      0.9422699,
      -0.637703359
    ]
  },
  {
    "timeStamp": 18611,
    "rotation": [
      [
        -0.8119039,
        0.5593827,
        -0.167042151
      ],
      [
        0.5441493,
        0.8287723,
        0.130529538
      ],
      [
        0.211455882,
        0.0150815658,
        -0.97727114
      ]
    ],
    "translation": [
      1.31843114,
      1.017095,
      -0.6246362
    ]
  },
  {
    "timeStamp": 18655,
    "rotation": [
      [
        -0.707636356,
        0.6675085,
        -0.231696337
      ],
      [
        0.640236259,
        0.7444645,
        0.189393967
      ],
      [
        0.29891178,
        -0.0143183423,
        -0.9541733
      ]
    ],
    "translation": [
      1.35659051,
      1.07739484,
      -0.6080937
    ]
  },
  {
    "timeStamp": 18711,
    "rotation": [
      [
        -0.552643061,
        0.773051143,
        -0.311412215
      ],
      [
        0.7360523,
        0.6279891,
        0.2526989
      ],
      [
        0.390912652,
        -0.08956339,
        -0.916059852
      ]
    ],
    "translation": [
      1.41886759,
      1.149764,
      -0.580326557
    ]
  },
  {
    "timeStamp": 18755,
    "rotation": [
      [
        -0.436219037,
        0.8193023,
        -0.3720977
      ],
      [
        0.7722527,
        0.5531172,
        0.312549382
      ],
      [
        0.461886078,
        -0.151013464,
        -0.8739887
      ]
    ],
    "translation": [
      1.48056245,
      1.18843317,
      -0.5590472
    ]
  },
  {
    "timeStamp": 18802,
    "rotation": [
      [
        -0.325083435,
        0.826490343,
        -0.459602445
      ],
      [
        0.7986387,
        0.5002065,
        0.334618777
      ],
      [
        0.5064553,
        -0.258277237,
        -0.822676063
      ]
    ],
    "translation": [
      1.55244088,
      1.21933186,
      -0.5381627
    ]
  },
  {
    "timeStamp": 18852,
    "rotation": [
      [
        -0.19793418,
        0.7982389,
        -0.5688908
      ],
      [
        0.8155543,
        0.456074178,
        0.356184453
      ],
      [
        0.5437767,
        -0.3934603,
        -0.74127984
      ]
    ],
    "translation": [
      1.64736128,
      1.24599373,
      -0.517637
    ]
  },
  {
    "timeStamp": 18908,
    "rotation": [
      [
        -0.113954388,
        0.6876365,
        -0.7170569
      ],
      [
        0.807741,
        0.484342933,
        0.3361048
      ],
      [
        0.5784193,
        -0.5408956,
        -0.6106252
      ]
    ],
    "translation": [
      1.748607,
      1.24997449,
      -0.502192
    ]
  },
  {
    "timeStamp": 18952,
    "rotation": [
      [
        -0.0919421762,
        0.541218638,
        -0.8358403
      ],
      [
        0.7990138,
        0.541024446,
        0.262429863
      ],
      [
        0.594242,
        -0.6437196,
        -0.4821841
      ]
    ],
    "translation": [
      1.8263576,
      1.24092948,
      -0.496430218
    ]
  },
  {
    "timeStamp": 19008,
    "rotation": [
      [
        -0.0609141625,
        0.391019,
        -0.918364644
      ],
      [
        0.7825691,
        0.589825451,
        0.199227408
      ],
      [
        0.6195765,
        -0.706548035,
        -0.3419281
      ]
    ],
    "translation": [
      1.91703188,
      1.22534537,
      -0.500813
    ]
  },
  {
    "timeStamp": 19052,
    "rotation": [
      [
        -0.0184711851,
        0.284928143,
        -0.9583709
      ],
      [
        0.75083673,
        0.6369138,
        0.174886152
      ],
      [
        0.660229564,
        -0.716349661,
        -0.225699052
      ]
    ],
    "translation": [
      1.98815072,
      1.20589089,
      -0.506011069
    ]
  },
  {
    "timeStamp": 19108,
    "rotation": [
      [
        -0.0109579135,
        0.1203646,
        -0.992669344
      ],
      [
        0.6803634,
        0.7284059,
        0.08081132
      ],
      [
        0.732793033,
        -0.674490333,
        -0.08987348
      ]
    ],
    "translation": [
      2.06166339,
      1.16751575,
      -0.5143547
    ]
  },
  {
    "timeStamp": 19152,
    "rotation": [
      [
        0.0115105743,
        0.0329553373,
        -0.999390543
      ],
      [
        0.605214834,
        0.7953696,
        0.03319828
      ],
      [
        0.795978963,
        -0.6052281,
        -0.0107898973
      ]
    ],
    "translation": [
      2.1131928,
      1.13097465,
      -0.5229381
    ]
  },
  {
    "timeStamp": 19209,
    "rotation": [
      [
        0.04343063,
        -0.044446446,
        -0.9980673
      ],
      [
        0.457099348,
        0.8891973,
        -0.019707635
      ],
      [
        0.888354659,
        -0.455359966,
        0.0589348376
      ]
    ],
    "translation": [
      2.15882325,
      1.07390451,
      -0.5333061
    ]
  },
  {
    "timeStamp": 19254,
    "rotation": [
      [
        0.0536693521,
        -0.06258836,
        -0.9965954
      ],
      [
        0.360336572,
        0.9320014,
        -0.03912662
      ],
      [
        0.9312772,
        -0.3570099,
        0.07257279
      ]
    ],
    "translation": [
      2.17724323,
      1.03146255,
      -0.541936755
    ]
  },
  {
    "timeStamp": 19310,
    "rotation": [
      [
        0.0391042642,
        -0.07509885,
        -0.996409059
      ],
      [
        0.233257234,
        0.9703081,
        -0.06397741
      ],
      [
        0.9716285,
        -0.229917839,
        0.05546054
      ]
    ],
    "translation": [
      2.18586087,
      0.9785328,
      -0.55081284
    ]
  },
  {
    "timeStamp": 19353,
    "rotation": [
      [
        0.0403108,
        -0.07563596,
        -0.996320367
      ],
      [
        0.1643462,
        0.984052241,
        -0.06805523
      ],
      [
        0.9855787,
        -0.1609981,
        0.0520984158
      ]
    ],
    "translation": [
      2.18553114,
      0.9477845,
      -0.555024
    ]
  },
  {
    "timeStamp": 19405,
    "rotation": [
      [
        0.0438411,
        -0.06417301,
        -0.9969753
      ],
      [
        0.07090676,
        0.995618,
        -0.06096758
      ],
      [
        0.996519,
        -0.068019405,
        0.04819929
      ]
    ],
    "translation": [
      2.18083167,
      0.899719834,
      -0.554207444
    ]
  },
  {
    "timeStamp": 19460,
    "rotation": [
      [
        0.0459359735,
        -0.0538971759,
        -0.997489333
      ],
      [
        0.03441597,
        0.998036,
        -0.0523418
      ],
      [
        0.9983514,
        -0.031925194,
        0.04770068
      ]
    ],
    "translation": [
      2.17187238,
      0.8732504,
      -0.5490802
    ]
  },
  {
    "timeStamp": 19505,
    "rotation": [
      [
        0.0408161953,
        -0.08034354,
        -0.9959312
      ],
      [
        -0.00567516359,
        0.9967271,
        -0.08064033
      ],
      [
        0.9991505,
        0.008943504,
        0.0402266458
      ]
    ],
    "translation": [
      2.16727114,
      0.853068352,
      -0.543773949
    ]
  },
  {
    "timeStamp": 19560,
    "rotation": [
      [
        0.0355810151,
        -0.07016858,
        -0.9969003
      ],
      [
        -0.02692999,
        0.9971024,
        -0.07114398
      ],
      [
        0.9990038,
        0.0293778926,
        0.03358828
      ]
    ],
    "translation": [
      2.15829921,
      0.8354839,
      -0.5363834
    ]
  },
  {
    "timeStamp": 19605,
    "rotation": [
      [
        0.03672008,
        -0.06140163,
        -0.9974375
      ],
      [
        -0.0342702642,
        0.9974461,
        -0.06266381
      ],
      [
        0.998737752,
        0.0364834629,
        0.0345220529
      ]
    ],
    "translation": [
      2.15232921,
      0.826177955,
      -0.530148149
    ]
  },
  {
    "timeStamp": 19660,
    "rotation": [
      [
        0.0202842858,
        -0.0693221539,
        -0.997388065
      ],
      [
        -0.0427678265,
        0.996620059,
        -0.07013856
      ],
      [
        0.998879135,
        0.04407883,
        0.0172509681
      ]
    ],
    "translation": [
      2.14474058,
      0.8178364,
      -0.5234279
    ]
  },
  {
    "timeStamp": 19705,
    "rotation": [
      [
        0.0241553411,
        -0.0584165156,
        -0.998
      ],
      [
        -0.0474835224,
        0.997097552,
        -0.0595129728
      ],
      [
        0.99857986,
        0.04882611,
        0.02131141
      ]
    ],
    "translation": [
      2.14003754,
      0.812463045,
      -0.5192668
    ]
  },
  {
    "timeStamp": 19760,
    "rotation": [
      [
        0.024640087,
        -0.0611550659,
        -0.9978241
      ],
      [
        -0.0556482039,
        0.996495664,
        -0.0624478124
      ],
      [
        0.998146355,
        0.0570658371,
        0.0211505685
      ]
    ],
    "translation": [
      2.13687587,
      0.807211459,
      -0.5160486
    ]
  },
  {
    "timeStamp": 19805,
    "rotation": [
      [
        0.026151197,
        -0.0484542176,
        -0.998483062
      ],
      [
        -0.05680693,
        0.99713856,
        -0.0498767979
      ],
      [
        0.998042643,
        0.0580250919,
        0.0233238321
      ]
    ],
    "translation": [
      2.13265061,
      0.8035971,
      -0.5145166
    ]
  },
  {
    "timeStamp": 19851,
    "rotation": [
      [
        0.0168021265,
        -0.04772934,
        -0.998719
      ],
      [
        -0.05734158,
        0.997170031,
        -0.0486200079
      ],
      [
        0.9982133,
        0.0580850467,
        0.0140177011
      ]
    ],
    "translation": [
      2.12754679,
      0.80110544,
      -0.5133667
    ]
  },
  {
    "timeStamp": 19908,
    "rotation": [
      [
        0.0136138871,
        -0.05148325,
        -0.998581052
      ],
      [
        -0.0460116342,
        0.997583449,
        -0.0520591065
      ],
      [
        0.99884814,
        0.0466550738,
        0.01121216
      ]
    ],
    "translation": [
      2.122768,
      0.8004719,
      -0.5110176
    ]
  },
  {
    "timeStamp": 19954,
    "rotation": [
      [
        0.007915131,
        -0.05414389,
        -0.9985018
      ],
      [
        -0.0400549881,
        0.9977145,
        -0.0544187166
      ],
      [
        0.999166131,
        0.0404257067,
        0.00572830765
      ]
    ],
    "translation": [
      2.11909461,
      0.798903048,
      -0.5084971
    ]
  },
  {
    "timeStamp": 20010,
    "rotation": [
      [
        -0.0101478137,
        -0.017818829,
        -0.9997898
      ],
      [
        -0.03852433,
        0.99910593,
        -0.01741562
      ],
      [
        0.9992062,
        0.0383394957,
        -0.0108251991
      ]
    ],
    "translation": [
      2.117096,
      0.796914458,
      -0.507321835
    ]
  },
  {
    "timeStamp": 20054,
    "rotation": [
      [
        -0.0186329316,
        0.0369930454,
        -0.9991418
      ],
      [
        -0.0372353,
        0.9985964,
        0.03766725
      ],
      [
        0.9991328,
        0.0379051939,
        -0.01722933
      ]
    ],
    "translation": [
      2.116002,
      0.794125855,
      -0.5067721
    ]
  },
  {
    "timeStamp": 20110,
    "rotation": [
      [
        -0.04274166,
        0.0887209848,
        -0.995139
      ],
      [
        -0.022887174,
        0.995700955,
        0.0897541
      ],
      [
        0.998824,
        0.02661216,
        -0.0405273363
      ]
    ],
    "translation": [
      2.11389923,
      0.7918273,
      -0.50551796
    ]
  },
  {
    "timeStamp": 20154,
    "rotation": [
      [
        -0.126058027,
        0.09221071,
        -0.98772794
      ],
      [
        -0.01273902,
        0.995438,
        0.0945563
      ],
      [
        0.991941035,
        0.0245022681,
        -0.124308288
      ]
    ],
    "translation": [
      2.10608268,
      0.7914472,
      -0.5015076
    ]
  },
  {
    "timeStamp": 20210,
    "rotation": [
      [
        -0.06888686,
        0.07183156,
        -0.9950351
      ],
      [
        0.0213725865,
        0.997281849,
        0.07051411
      ],
      [
        0.9973955,
        -0.0164089762,
        -0.0702348351
      ]
    ],
    "translation": [
      2.11242461,
      0.791903555,
      -0.5037361
    ]
  }
]