[
  {
    "id": "008 pudding box(Clone)-63790",
    "pickRotation": [
      [
        0.0308976285,
        -0.455680072,
        0.889607251
      ],
      [
        -0.05505032,
        -0.889457,
        -0.453691155
      ],
      [
        0.9980054,
        -0.03495518,
        -0.05256745
      ]
    ],
    "pickTranslation": [
      0.0133496057,
      0.0540402941,
      0.0162330717
    ],
    "placeRotation": [
      [
        0.42618522,
        0.827833831,
        -0.364770263
      ],
      [
        0.158403024,
        0.3287036,
        0.9310545
      ],
      [
        0.8906597,
        -0.454582363,
        0.008957248
      ]
    ],
    "placeTranslation": [
      -0.726859331,
      0.0606530271,
      -0.6508202
    ]
  },
  {
    "id": "100 half egg carton(Clone)-63830",
    "pickRotation": [
      [
        -0.0127326306,
        -0.03940454,
        0.9991422
      ],
      [
        -0.00249057333,
        -0.9992189,
        -0.0394393019
      ],
      [
        0.999915838,
        -0.002990603,
        0.0126245441
      ]
    ],
    "pickTranslation": [
      -0.06910565,
      0.03833283,
      -0.00311418553
    ],
    "placeRotation": [
      [
        -0.07287055,
        0.05798173,
        -0.9956546
      ],
      [
        0.0220783427,
        0.9981578,
        0.0565116219
      ],
      [
        0.997097,
        -0.0178643689,
        -0.07401645
      ]
    ],
    "placeTranslation": [
      -0.9588266,
      0.418621182,
      -0.612443149
    ]
  },
  {
    "id": "010 potted meat can(Clone)-63778",
    "pickRotation": [
      [
        -0.1208255,
        0.0105943037,
        -0.992617249
      ],
      [
        0.9902331,
        -0.0687908456,
        -0.121269494
      ],
      [
        -0.06956774,
        -0.9975749,
        -0.002179142
      ]
    ],
    "pickTranslation": [
      0.0474112444,
      -0.0309829861,
      0.08591322
    ],
    "placeRotation": [
      [
        0.9966001,
        -0.08160037,
        0.0113873566
      ],
      [
        -0.01661049,
        -0.06361859,
        0.997836053
      ],
      [
        -0.08069935,
        -0.9946326,
        -0.06475771
      ]
    ],
    "placeTranslation": [
      0.195315,
      0.136282071,
      -0.830265641
    ]
  },
  {
    "id": "101 bread(Clone)-63878",
    "pickRotation": [
      [
        -0.981780946,
        0.0561239868,
        -0.181538641
      ],
      [
        -0.06888626,
        -0.9955196,
        0.06477235
      ],
      [
        -0.177089989,
        0.07609778,
        0.9812483
      ]
    ],
    "pickTranslation": [
      0.0004629765,
      0.055880446,
      -0.008126724
    ],
    "placeRotation": [
      [
        0.9527023,
        0.302766144,
        0.0262891669
      ],
      [
        -0.3024289,
        0.9530365,
        -0.0160702914
      ],
      [
        -0.0299200751,
        0.00735959876,
        0.9995252
      ]
    ],
    "placeTranslation": [
      -0.487426639,
      0.6665237,
      -0.695877
    ]
  },
  {
    "id": "021 bleach cleanser(Clone)-63730",
    "pickRotation": [
      [
        0.210999131,
        0.190882549,
        0.9586674
      ],
      [
        -0.9730233,
        -0.05259614,
        0.224631354
      ],
      [
        0.09330041,
        -0.980202734,
        0.174635425
      ]
    ],
    "pickTranslation": [
      0.0262333173,
      0.0146019608,
      0.224168062
    ],
    "placeRotation": [
      [
        -0.988149166,
        0.05330727,
        -0.143942907
      ],
      [
        -0.13827464,
        0.0980067,
        0.985532761
      ],
      [
        0.0666434243,
        0.993757,
        -0.0894742
      ]
    ],
    "placeTranslation": [
      -0.728434145,
      0.1479516,
      0.654833257
    ]
  },
  {
    "id": "006 mustard bottle(Clone)-63818",
    "pickRotation": [
      [
        -0.7134307,
        -0.119204804,
        -0.690512061
      ],
      [
        0.700168133,
        -0.08196233,
        -0.7092579
      ],
      [
        0.0279509686,
        -0.9894809,
        0.141937837
      ]
    ],
    "pickTranslation": [
      0.0152088162,
      -0.021250993,
      0.178662673
    ],
    "placeRotation": [
      [
        0.907262146,
        0.4160999,
        -0.0611244738
      ],
      [
        0.08366932,
        -0.0361450277,
        0.9958378
      ],
      [
        0.412158668,
        -0.9086002,
        -0.06760781
      ]
    ],
    "placeTranslation": [
      -0.2892492,
      0.111662723,
      0.480415523
    ]
  },
  {
    "id": "005 tomato soup can(Clone)-63754",
    "pickRotation": [
      [
        -0.34580785,
        0.0253261887,
        -0.9379635
      ],
      [
        0.9382731,
        0.0176287219,
        -0.345446
      ],
      [
        0.00778626651,
        -0.9995238,
        -0.02985903
      ]
    ],
    "pickTranslation": [
      0.00999348,
      0.08378026,
      0.0970562845
    ],
    "placeRotation": [
      [
        0.200182557,
        -0.978865,
        -0.04183519
      ],
      [
        -0.06872489,
        -0.056623254,
        0.99602747
      ],
      [
        -0.9773453,
        -0.1965122,
        -0.07860739
      ]
    ],
    "placeTranslation": [
      -0.2146127,
      0.0581089,
      1.42587709
    ]
  },
  {
    "id": "002 masterchef can(Clone)-63866",
    "pickRotation": [
      [
        -0.968111753,
        -0.101489052,
        -0.229040638
      ],
      [
        0.236034364,
        -0.0631506741,
        -0.969690561
      ],
      [
        0.08394891,
        -0.9928303,
        0.0850918144
      ]
    ],
    "pickTranslation": [
      0.0224954784,
      0.00486130547,
      0.138161168
    ],
    "placeRotation": [
      [
        0.92334795,
        -0.382272571,
        -0.03600283
      ],
      [
        0.0285486914,
        -0.0251558255,
        0.9992758
      ],
      [
        -0.38290143,
        -0.9237071,
        -0.0123141976
      ]
    ],
    "placeTranslation": [
      0.163908988,
      0.0123583274,
      0.07967576
    ]
  },
  {
    "id": "013 apple(Clone)-63766",
    "pickRotation": [
      [
        -0.350057453,
        -0.0235665366,
        -0.936431766
      ],
      [
        0.915682435,
        0.2021083,
        -0.347387254
      ],
      [
        0.19744733,
        -0.9790796,
        -0.04917005
      ]
    ],
    "pickTranslation": [
      0.00137825718,
      -0.008283742,
      0.07315789
    ],
    "placeRotation": [
      [
        0.0688506439,
        -0.971935153,
        -0.224948183
      ],
      [
        -0.125405848,
        -0.232126608,
        0.9645676
      ],
      [
        -0.9897136,
        -0.038201306,
        -0.1378684
      ]
    ],
    "placeTranslation": [
      0.432640374,
      0.06569428,
      0.6420174
    ]
  },
  {
    "id": "017 orange(Clone)-63842",
    "pickRotation": [
      [
        -0.655682862,
        0.267209977,
        -0.70617193
      ],
      [
        -0.719002843,
        -0.506458759,
        0.475956351
      ],
      [
        -0.230466664,
        0.819816053,
        0.5242011
      ]
    ],
    "pickTranslation": [
      0.00675655575,
      -0.008789645,
      -0.00189874554
    ],
    "placeRotation": [
      [
        0.53875196,
        0.581415236,
        0.6096742
      ],
      [
        0.246649146,
        0.5831139,
        -0.7740429
      ],
      [
        -0.8055498,
        0.5673927,
        0.170748174
      ]
    ],
    "placeTranslation": [
      0.73174125,
      0.455318838,
      0.1656383
    ]
  },
  {
    "id": "015 peach(Clone)-63742",
    "pickRotation": [
      [
        -0.7226307,
        -0.220460027,
        0.655135334
      ],
      [
        -0.64585,
        -0.122422315,
        -0.75358516
      ],
      [
        0.246338576,
        -0.9676829,
        -0.053917978
      ]
    ],
    "pickTranslation": [
      0.0118360259,
      0.006853154,
      0.05026005
    ],
    "placeRotation": [
      [
        0.767493248,
        0.229969174,
        -0.598388135
      ],
      [
        0.549473643,
        0.2448122,
        0.7988403
      ],
      [
        0.330201328,
        -0.941902936,
        0.0615297146
      ]
    ],
    "placeTranslation": [
      0.8057613,
      0.5010986,
      0.657575369
    ]
  },
  {
    "id": "018 plum(Clone)-63854",
    "pickRotation": [
      [
        0.8857608,
        -0.243776515,
        0.394969523
      ],
      [
        -0.33471328,
        -0.925026953,
        0.179700047
      ],
      [
        0.321550816,
        -0.2913728,
        -0.9009478
      ]
    ],
    "pickTranslation": [
      0.019627,
      0.04598539,
      0.0316816978
    ],
    "placeRotation": [
      [
        -0.6953359,
        0.110110059,
        -0.7101998
      ],
      [
        0.06680172,
        0.9938177,
        0.0886788443
      ],
      [
        0.715573549,
        0.01421902,
        -0.6983926
      ]
    ],
    "placeTranslation": [
      0.654677033,
      0.345313668,
      0.7645835
    ]
  },
  {
    "id": "011 banana(Clone)-63902",
    "pickRotation": [
      [
        -0.9757989,
        -0.0598147437,
        -0.21032995
      ],
      [
        0.205093414,
        0.08329232,
        -0.975191832
      ],
      [
        0.0758497044,
        -0.9947284,
        -0.06900895
      ]
    ],
    "pickTranslation": [
      0.0200571865,
      0.00380942272,
      0.039858792
    ],
    "placeRotation": [
      [
        0.6619594,
        -0.664832,
        -0.346133262
      ],
      [
        0.0943307951,
        -0.384229034,
        0.918406069
      ],
      [
        -0.7435802,
        -0.6405986,
        -0.191629887
      ]
    ],
    "placeTranslation": [
      0.5370444,
      0.44497183,
      -0.156831264
    ]
  },
  {
    "id": "058 golf ball(Clone)-63806",
    "pickRotation": [
      [
        -0.943267,
        0.08244286,
        -0.321637481
      ],
      [
        0.3030933,
        -0.181748986,
        -0.935468733
      ],
      [
        -0.13558,
        -0.9798829,
        0.146449924
      ]
    ],
    "pickTranslation": [
      0.0117538106,
      -0.014016347,
      0.0339682251
    ],
    "placeRotation": [
      [
        0.719289839,
        -0.678987443,
        -0.146963179
      ],
      [
        0.131315991,
        -0.0748474151,
        0.988510966
      ],
      [
        -0.682186365,
        -0.730324566,
        0.03532493
      ]
    ],
    "placeTranslation": [
      0.436799258,
      0.5292454,
      0.41667217
    ]
  },
  {
    "id": "003 cracker box(Clone)-63890",
    "pickRotation": [
      [
        -0.9471979,
        0.0315423049,
        0.31909433
      ],
      [
        -0.2500674,
        -0.6955618,
        -0.673542857
      ],
      [
        0.200704753,
        -0.7177735,
        0.6667224
      ]
    ],
    "pickTranslation": [
      0.008074924,
      0.0674317256,
      0.138332456
    ],
    "placeRotation": [
      [
        -0.0373336971,
        0.045686,
        -0.998258
      ],
      [
        -0.880935252,
        0.470092773,
        0.0544600971
      ],
      [
        0.471761942,
        0.881433845,
        0.022696102
      ]
    ],
    "placeTranslation": [
      0.465342522,
      1.128158,
      0.9516752
    ]
  }
]