[
  {
    "timeStamp": 62941,
    "rotation": [
      [
        0.988539159,
        -0.0143532883,
        -0.15028058
      ],
      [
        0.149196029,
        -0.0590371825,
        0.9870436
      ],
      [
        -0.0230394825,
        -0.9981526,
        -0.0562191121
      ]
    ],
    "translation": [
      1.76913,
      0.7025964,
      -0.6201636
    ]
  },
  {
    "timeStamp": 62987,
    "rotation": [
      [
        0.989547431,
        -0.0155830095,
        -0.143363714
      ],
      [
        0.142811432,
        -0.0321331844,
        0.9892282
      ],
      [
        -0.0200218726,
        -0.9993622,
        -0.0295718778
      ]
    ],
    "translation": [
      1.76906478,
      0.703667462,
      -0.62009
    ]
  },
  {
    "timeStamp": 63045,
    "rotation": [
      [
        0.9925431,
        -0.05857221,
        -0.10689991
      ],
      [
        0.0995904356,
        -0.116014041,
        0.988242149
      ],
      [
        -0.07028539,
        -0.9915191,
        -0.1093157
      ]
    ],
    "translation": [
      1.76874793,
      0.725428939,
      -0.6110834
    ]
  },
  {
    "timeStamp": 63088,
    "rotation": [
      [
        0.9948328,
        -0.07747736,
        -0.0656121448
      ],
      [
        0.04908895,
        -0.198623985,
        0.978845656
      ],
      [
        -0.08887052,
        -0.9770086,
        -0.19379437
      ]
    ],
    "translation": [
      1.77125239,
      0.760947168,
      -0.6044452
    ]
  },
  {
    "timeStamp": 63144,
    "rotation": [
      [
        0.990502834,
        -0.1365998,
        -0.0156417042
      ],
      [
        -0.0249534063,
        -0.290473431,
        0.956557631
      ],
      [
        -0.135209069,
        -0.9470827,
        -0.29112336
      ]
    ],
    "translation": [
      1.7891854,
      0.8125654,
      -0.603670657
    ]
  },
  {
    "timeStamp": 63188,
    "rotation": [
      [
        0.983318567,
        -0.181754023,
        0.007075144
      ],
      [
        -0.07305594,
        -0.359024167,
        0.9304646
      ],
      [
        -0.166575536,
        -0.91546005,
        -0.366313368
      ]
    ],
    "translation": [
      1.81382871,
      0.8532673,
      -0.6068783
    ]
  },
  {
    "timeStamp": 63243,
    "rotation": [
      [
        0.9638343,
        -0.266422153,
        -0.006535476
      ],
      [
        -0.116827786,
        -0.444434434,
        0.888160646
      ],
      [
        -0.239530265,
        -0.855276167,
        -0.459486634
      ]
    ],
    "translation": [
      1.8632133,
      0.90211004,
      -0.613169253
    ]
  },
  {
    "timeStamp": 63288,
    "rotation": [
      [
        0.940381944,
        -0.335066438,
        -0.0584141873
      ],
      [
        -0.130452409,
        -0.5139331,
        0.8478531
      ],
      [
        -0.3141081,
        -0.7896855,
        -0.5270037
      ]
    ],
    "translation": [
      1.91371524,
      0.9367261,
      -0.61984843
    ]
  },
  {
    "timeStamp": 63343,
    "rotation": [
      [
        0.8948562,
        -0.418136626,
        -0.156186476
      ],
      [
        -0.125507742,
        -0.57151,
        0.8109402
      ],
      [
        -0.428345948,
        -0.7060723,
        -0.5638986
      ]
    ],
    "translation": [
      1.9863025,
      0.9648752,
      -0.630895555
    ]
  },
  {
    "timeStamp": 63388,
    "rotation": [
      [
        0.8532867,
        -0.462449074,
        -0.240920484
      ],
      [
        -0.1028399,
        -0.6022005,
        0.7916934
      ],
      [
        -0.511200368,
        -0.6507652,
        -0.5614079
      ]
    ],
    "translation": [
      2.04276824,
      0.9768437,
      -0.64020884
    ]
  },
  {
    "timeStamp": 63444,
    "rotation": [
      [
        0.80232203,
        -0.50399,
        -0.319802225
      ],
      [
        -0.0607056879,
        -0.601899862,
        0.7962609
      ],
      [
        -0.593796432,
        -0.619443834,
        -0.513512552
      ]
    ],
    "translation": [
      2.10512257,
      0.9762868,
      -0.6527907
    ]
  },
  {
    "timeStamp": 63488,
    "rotation": [
      [
        0.767246366,
        -0.5416458,
        -0.34344247
      ],
      [
        -0.0404569171,
        -0.575305,
        0.8169378
      ],
      [
        -0.6400751,
        -0.612897933,
        -0.463314027
      ]
    ],
    "translation": [
      2.144787,
      0.9645156,
      -0.661577165
    ]
  },
  {
    "timeStamp": 63544,
    "rotation": [
      [
        0.754329145,
        -0.5473027,
        -0.362556636
      ],
      [
        0.0196546689,
        -0.533184946,
        0.845770359
      ],
      [
        -0.656202137,
        -0.6451152,
        -0.3914399
      ]
    ],
    "translation": [
      2.176997,
      0.9439893,
      -0.668466151
    ]
  },
  {
    "timeStamp": 63594,
    "rotation": [
      [
        0.7508207,
        -0.5656016,
        -0.341120362
      ],
      [
        0.0289520323,
        -0.4877746,
        0.8724894
      ],
      [
        -0.6598712,
        -0.664959252,
        -0.349856
      ]
    ],
    "translation": [
      2.19466567,
      0.923921347,
      -0.6716444
    ]
  },
  {
    "timeStamp": 63638,
    "rotation": [
      [
        0.7603762,
        -0.5710542,
        -0.309394717
      ],
      [
        0.021415418,
        -0.4540675,
        0.8907099
      ],
      [
        -0.6491297,
        -0.6839004,
        -0.3330328
      ]
    ],
    "translation": [
      2.19942284,
      0.9082705,
      -0.670309961
    ]
  },
  {
    "timeStamp": 63693,
    "rotation": [
      [
        0.791208744,
        -0.535276532,
        -0.2957494
      ],
      [
        0.04358385,
        -0.433023959,
        0.9003281
      ],
      [
        -0.6099911,
        -0.72523737,
        -0.319282949
      ]
    ],
    "translation": [
      2.19779277,
      0.89426434,
      -0.6655379
    ]
  },
  {
    "timeStamp": 63738,
    "rotation": [
      [
        0.7916144,
        -0.5477946,
        -0.2706802
      ],
      [
        0.0265503488,
        -0.411739916,
        0.91091454
      ],
      [
        -0.6104439,
        -0.7282797,
        -0.3113951
      ]
    ],
    "translation": [
      2.19819069,
      0.8839462,
      -0.661393762
    ]
  },
  {
    "timeStamp": 63794,
    "rotation": [
      [
        0.8056562,
        -0.5261302,
        -0.2722226
      ],
      [
        0.04482574,
        -0.40407452,
        0.9136271
      ],
      [
        -0.590685,
        -0.7482719,
        -0.301960975
      ]
    ],
    "translation": [
      2.19833827,
      0.8737047,
      -0.6561043
    ]
  },
  {
    "timeStamp": 63838,
    "rotation": [
      [
        0.810469031,
        -0.5226621,
        -0.2645075
      ],
      [
        0.04982928,
        -0.388396144,
        0.92014426
      ],
      [
        -0.5836582,
        -0.758928657,
        -0.2887392
      ]
    ],
    "translation": [
      2.19771361,
      0.866831839,
      -0.6527979
    ]
  },
  {
    "timeStamp": 63894,
    "rotation": [
      [
        0.8054705,
        -0.520440042,
        -0.283477128
      ],
      [
        0.07390595,
        -0.386387467,
        0.9193708
      ],
      [
        -0.5880094,
        -0.7614767,
        -0.272760123
      ]
    ],
    "translation": [
      2.20184,
      0.862795949,
      -0.6509743
    ]
  }
]