[
  {
    "timeStamp": 73528,
    "rotation": [
      [
        0.223585561,
        -0.595154464,
        0.7718812
      ],
      [
        0.472947359,
        0.7586977,
        0.447993964
      ],
      [
        -0.8522501,
        0.264894217,
        0.4511106
      ]
    ],
    "translation": [
      1.46269417,
      0.697115242,
      -0.386651278
    ]
  },
  {
    "timeStamp": 73572,
    "rotation": [
      [
        0.151800811,
        -0.563154638,
        0.81228894
      ],
      [
        0.497937053,
        0.753481865,
        0.429329455
      ],
      [
        -0.8538239,
        0.339296222,
        0.3947947
      ]
    ],
    "translation": [
      1.46086323,
      0.69902426,
      -0.3860758
    ]
  },
  {
    "timeStamp": 73619,
    "rotation": [
      [
        0.172492757,
        -0.5592806,
        0.8108338
      ],
      [
        0.515535355,
        0.7526844,
        0.409499019
      ],
      [
        -0.8393268,
        0.347377867,
        0.4181615
      ]
    ],
    "translation": [
      1.461164,
      0.7001513,
      -0.38612774
    ]
  },
  {
    "timeStamp": 73672,
    "rotation": [
      [
        0.167507529,
        -0.556157947,
        0.814020634
      ],
      [
        0.477524281,
        0.7681348,
        0.426543683
      ],
      [
        -0.8625032,
        0.317265332,
        0.3942473
      ]
    ],
    "translation": [
      1.46927977,
      0.717496634,
      -0.387577653
    ]
  },
  {
    "timeStamp": 73728,
    "rotation": [
      [
        0.1810454,
        -0.5001995,
        0.8467721
      ],
      [
        0.414410919,
        0.8196302,
        0.395562679
      ],
      [
        -0.8919003,
        0.279296815,
        0.3556784
      ]
    ],
    "translation": [
      1.47923481,
      0.7515248,
      -0.398078263
    ]
  },
  {
    "timeStamp": 73772,
    "rotation": [
      [
        0.1732453,
        -0.450249076,
        0.875934839
      ],
      [
        0.36664775,
        0.854940832,
        0.366940916
      ],
      [
        -0.914087236,
        0.257588744,
        0.313197285
      ]
    ],
    "translation": [
      1.49959815,
      0.7809425,
      -0.4114591
    ]
  },
  {
    "timeStamp": 73828,
    "rotation": [
      [
        0.1557223,
        -0.3890727,
        0.907949865
      ],
      [
        0.3150238,
        0.890728235,
        0.327663243
      ],
      [
        -0.936221361,
        0.235001355,
        0.2612734
      ]
    ],
    "translation": [
      1.53365362,
      0.8186114,
      -0.43147406
    ]
  },
  {
    "timeStamp": 73872,
    "rotation": [
      [
        0.131052852,
        -0.368368447,
        0.920396566
      ],
      [
        0.271247864,
        0.9063006,
        0.324104577
      ],
      [
        -0.953545868,
        0.207180783,
        0.218692437
      ]
    ],
    "translation": [
      1.56896555,
      0.845603466,
      -0.4505155
    ]
  },
  {
    "timeStamp": 73927,
    "rotation": [
      [
        0.092951186,
        -0.346903116,
        0.9332836
      ],
      [
        0.2403791,
        0.9174334,
        0.317070782
      ],
      [
        -0.9662184,
        0.194869772,
        0.168664768
      ]
    ],
    "translation": [
      1.61836147,
      0.873828,
      -0.476103961
    ]
  },
  {
    "timeStamp": 73972,
    "rotation": [
      [
        0.04035697,
        -0.350821018,
        0.9355725
      ],
      [
        0.219818562,
        0.9165127,
        0.334191859
      ],
      [
        -0.974705637,
        0.192169234,
        0.114104651
      ]
    ],
    "translation": [
      1.66317439,
      0.8917443,
      -0.497597784
    ]
  },
  {
    "timeStamp": 74027,
    "rotation": [
      [
        -0.0372123681,
        -0.3366136,
        0.9409073
      ],
      [
        0.2125164,
        0.917356,
        0.3365929
      ],
      [
        -0.9764487,
        0.212483644,
        0.03739892
      ]
    ],
    "translation": [
      1.72474992,
      0.90959847,
      -0.5237524
    ]
  },
  {
    "timeStamp": 74072,
    "rotation": [
      [
        -0.123580419,
        -0.342317671,
        0.931421757
      ],
      [
        0.1904452,
        0.9129875,
        0.360810816
      ],
      [
        -0.973888338,
        0.221973971,
        -0.0476346165
      ]
    ],
    "translation": [
      1.78034472,
      0.9231536,
      -0.5439672
    ]
  },
  {
    "timeStamp": 74127,
    "rotation": [
      [
        -0.234913379,
        -0.3310368,
        0.9139094
      ],
      [
        0.175468475,
        0.9103313,
        0.3748436
      ],
      [
        -0.9560473,
        0.248418048,
        -0.155762479
      ]
    ],
    "translation": [
      1.8510735,
      0.9365717,
      -0.5684573
    ]
  },
  {
    "timeStamp": 74172,
    "rotation": [
      [
        -0.336334437,
        -0.329740852,
        0.882128239
      ],
      [
        0.157893568,
        0.903694153,
        0.39800325
      ],
      [
        -0.928412,
        0.273144573,
        -0.2518795
      ]
    ],
    "translation": [
      1.90968311,
      0.9449969,
      -0.58886075
    ]
  },
  {
    "timeStamp": 74227,
    "rotation": [
      [
        -0.444227934,
        -0.3096743,
        0.8406922
      ],
      [
        0.152843416,
        0.8984112,
        0.411699057
      ],
      [
        -0.882779956,
        0.3113825,
        -0.351767719
      ]
    ],
    "translation": [
      1.97875726,
      0.95079875,
      -0.6117069
    ]
  },
  {
    "timeStamp": 74272,
    "rotation": [
      [
        -0.5128664,
        -0.292940736,
        0.806941
      ],
      [
        0.154028311,
        0.8933232,
        0.422195315
      ],
      [
        -0.8445373,
        0.340821564,
        -0.4130343
      ]
    ],
    "translation": [
      2.026681,
      0.9525004,
      -0.626577556
    ]
  },
  {
    "timeStamp": 74327,
    "rotation": [
      [
        -0.566005647,
        -0.277598917,
        0.776258
      ],
      [
        0.1666702,
        0.8836264,
        0.437522054
      ],
      [
        -0.807377636,
        0.377019018,
        -0.45387
      ]
    ],
    "translation": [
      2.07698154,
      0.9486842,
      -0.6393689
    ]
  },
  {
    "timeStamp": 74371,
    "rotation": [
      [
        -0.5811752,
        -0.283339083,
        0.762859344
      ],
      [
        0.185894713,
        0.86641854,
        0.463424385
      ],
      [
        -0.7922617,
        0.4111423,
        -0.4508697
      ]
    ],
    "translation": [
      2.10610843,
      0.9424356,
      -0.642750561
    ]
  },
  {
    "timeStamp": 74421,
    "rotation": [
      [
        -0.5814738,
        -0.2699555,
        0.7674713
      ],
      [
        0.197776631,
        0.8681403,
        0.455210716
      ],
      [
        -0.7891594,
        0.416481018,
        -0.451409966
      ]
    ],
    "translation": [
      2.12635779,
      0.937525034,
      -0.6393327
    ]
  },
  {
    "timeStamp": 74478,
    "rotation": [
      [
        -0.5529303,
        -0.299336463,
        0.777602553
      ],
      [
        0.232296035,
        0.8408614,
        0.488866717
      ],
      [
        -0.8001916,
        0.4509432,
        -0.3954031
      ]
    ],
    "translation": [
      2.14382076,
      0.923797548,
      -0.629843
    ]
  },
  {
    "timeStamp": 74522,
    "rotation": [
      [
        -0.523568153,
        -0.287527233,
        0.8020003
      ],
      [
        0.257796824,
        0.8437409,
        0.470788777
      ],
      [
        -0.812045038,
        0.453243136,
        -0.3676323
      ]
    ],
    "translation": [
      2.145103,
      0.9157589,
      -0.618870735
    ]
  },
  {
    "timeStamp": 74577,
    "rotation": [
      [
        -0.489594519,
        -0.310629666,
        0.8147431
      ],
      [
        0.274662822,
        0.8318831,
        0.48221454
      ],
      [
        -0.8275612,
        0.459869266,
        -0.321966976
      ]
    ],
    "translation": [
      2.14251161,
      0.906154037,
      -0.608316
    ]
  },
  {
    "timeStamp": 74622,
    "rotation": [
      [
        -0.466905951,
        -0.3167951,
        0.8256147
      ],
      [
        0.267636925,
        0.839220047,
        0.473371029
      ],
      [
        -0.842834055,
        0.441984743,
        -0.307050765
      ]
    ],
    "translation": [
      2.138668,
      0.9040177,
      -0.599822164
    ]
  },
  {
    "timeStamp": 74678,
    "rotation": [
      [
        -0.464724064,
        -0.345572829,
        0.815236747
      ],
      [
        0.257852435,
        0.8279772,
        0.4979617
      ],
      [
        -0.847079456,
        0.441625565,
        -0.295674115
      ]
    ],
    "translation": [
      2.13903069,
      0.9016859,
      -0.5933335
    ]
  },
  {
    "timeStamp": 74722,
    "rotation": [
      [
        -0.475370139,
        -0.348888934,
        0.8076508
      ],
      [
        0.255456448,
        0.8237206,
        0.5061882
      ],
      [
        -0.84188205,
        0.446946353,
        -0.302446216
      ]
    ],
    "translation": [
      2.141953,
      0.8999133,
      -0.5909165
    ]
  },
  {
    "timeStamp": 74778,
    "rotation": [
      [
        -0.5000829,
        -0.340430021,
        0.796256542
      ],
      [
        0.258810163,
        0.81870985,
        0.5125734
      ],
      [
        -0.8263985,
        0.462408483,
        -0.321316063
      ]
    ],
    "translation": [
      2.14812827,
      0.899453759,
      -0.5910411
    ]
  },
  {
    "timeStamp": 74822,
    "rotation": [
      [
        -0.508335054,
        -0.3341484,
        0.7936878
      ],
      [
        0.268726826,
        0.8140769,
        0.5148444
      ],
      [
        -0.8181574,
        0.474998683,
        -0.324029177
      ]
    ],
    "translation": [
      2.15003562,
      0.8986106,
      -0.592276633
    ]
  }
]