[
  {
    "timeStamp": 71417,
    "rotation": [
      [
        0.999886,
        0.0113477753,
        0.009962145
      ],
      [
        -0.011217664,
        0.9998523,
        -0.0130207445
      ],
      [
        -0.01010843,
        0.0129075078,
        0.9998656
      ]
    ],
    "translation": [
      1.61393642,
      0.849488556,
      -0.358240336
    ]
  },
  {
    "timeStamp": 71462,
    "rotation": [
      [
        0.9995598,
        0.0206441078,
        0.0213067345
      ],
      [
        -0.0206882786,
        0.999784231,
        0.00185472064
      ],
      [
        -0.021263849,
        -0.00229470385,
        0.999771237
      ]
    ],
    "translation": [
      1.61502624,
      0.8519588,
      -0.3603915
    ]
  },
  {
    "timeStamp": 71518,
    "rotation": [
      [
        0.999549866,
        -0.0130837234,
        0.0269975159
      ],
      [
        0.0126709826,
        0.9998011,
        0.0154029634
      ],
      [
        -0.027193673,
        -0.0150539447,
        0.999516845
      ]
    ],
    "translation": [
      1.6168257,
      0.8633137,
      -0.370955
    ]
  },
  {
    "timeStamp": 71562,
    "rotation": [
      [
        0.9987809,
        0.03423284,
        0.0355634056
      ],
      [
        -0.0367342643,
        0.996710241,
        0.07224442
      ],
      [
        -0.032973282,
        -0.07346275,
        0.9967527
      ]
    ],
    "translation": [
      1.62713706,
      0.887099862,
      -0.389004529
    ]
  },
  {
    "timeStamp": 71617,
    "rotation": [
      [
        0.990898669,
        0.104710512,
        0.0845904052
      ],
      [
        -0.11592792,
        0.9832104,
        0.140918583
      ],
      [
        -0.06841451,
        -0.149442434,
        0.9864007
      ]
    ],
    "translation": [
      1.64963746,
      0.9228357,
      -0.418261379
    ]
  },
  {
    "timeStamp": 71662,
    "rotation": [
      [
        0.983098865,
        0.146031946,
        0.110413857
      ],
      [
        -0.164981,
        0.968107343,
        0.18854551
      ],
      [
        -0.0793587938,
        -0.203575075,
        0.975837767
      ]
    ],
    "translation": [
      1.67253232,
      0.950417757,
      -0.450388253
    ]
  },
  {
    "timeStamp": 71718,
    "rotation": [
      [
        0.9726799,
        0.1692764,
        0.158868656
      ],
      [
        -0.2042006,
        0.9493983,
        0.23863171
      ],
      [
        -0.110434905,
        -0.264553338,
        0.958027
      ]
    ],
    "translation": [
      1.70656753,
      0.98231554,
      -0.4920362
    ]
  },
  {
    "timeStamp": 71762,
    "rotation": [
      [
        0.9646083,
        0.168816671,
        0.2025629
      ],
      [
        -0.220094636,
        0.93853426,
        0.265916824
      ],
      [
        -0.145221025,
        -0.3010886,
        0.94247365
      ]
    ],
    "translation": [
      1.73799109,
      1.00393128,
      -0.52589345
    ]
  },
  {
    "timeStamp": 71817,
    "rotation": [
      [
        0.948763132,
        0.140956536,
        0.282807052
      ],
      [
        -0.22765322,
        0.925597131,
        0.302397072
      ],
      [
        -0.21914053,
        -0.35128513,
        0.910261631
      ]
    ],
    "translation": [
      1.784093,
      1.02884507,
      -0.5657111
    ]
  },
  {
    "timeStamp": 71862,
    "rotation": [
      [
        0.934364736,
        0.09182317,
        0.3442835
      ],
      [
        -0.212097168,
        0.9197303,
        0.330319524
      ],
      [
        -0.286316961,
        -0.381660461,
        0.878838956
      ]
    ],
    "translation": [
      1.82305038,
      1.04527283,
      -0.595375538
    ]
  },
  {
    "timeStamp": 71918,
    "rotation": [
      [
        0.900862932,
        0.009391081,
        0.434002
      ],
      [
        -0.184951842,
        0.9127889,
        0.3641554
      ],
      [
        -0.3927324,
        -0.4083236,
        0.824034631
      ]
    ],
    "translation": [
      1.87784839,
      1.06245172,
      -0.6285376
    ]
  },
  {
    "timeStamp": 71962,
    "rotation": [
      [
        0.8606556,
        -0.0596171878,
        0.5056854
      ],
      [
        -0.165707141,
        0.9062677,
        0.3888701
      ],
      [
        -0.481469661,
        -0.4184789,
        0.7701054
      ]
    ],
    "translation": [
      1.921872,
      1.0737859,
      -0.6536328
    ]
  },
  {
    "timeStamp": 72017,
    "rotation": [
      [
        0.8044548,
        -0.144880518,
        0.5760747
      ],
      [
        -0.13214992,
        0.9018465,
        0.411350518
      ],
      [
        -0.579127669,
        -0.407041132,
        0.706348836
      ]
    ],
    "translation": [
      1.97538877,
      1.08251643,
      -0.680123448
    ]
  },
  {
    "timeStamp": 72062,
    "rotation": [
      [
        0.7660714,
        -0.17943354,
        0.617201865
      ],
      [
        -0.112650111,
        0.907899857,
        0.40376696
      ],
      [
        -0.632806838,
        -0.378842175,
        0.6753029
      ]
    ],
    "translation": [
      2.011426,
      1.08264887,
      -0.6953401
    ]
  },
  {
    "timeStamp": 72118,
    "rotation": [
      [
        0.733471334,
        -0.211092219,
        0.646111369
      ],
      [
        -0.06510222,
        0.9243679,
        0.375906527
      ],
      [
        -0.6765955,
        -0.317779928,
        0.6642548
      ]
    ],
    "translation": [
      2.050187,
      1.07117021,
      -0.706695735
    ]
  },
  {
    "timeStamp": 72161,
    "rotation": [
      [
        0.7184594,
        -0.25535804,
        0.6469995
      ],
      [
        -0.01768702,
        0.923165441,
        0.383995831
      ],
      [
        -0.695344,
        -0.287328929,
        0.6587404
      ]
    ],
    "translation": [
      2.06985188,
      1.062516,
      -0.7129617
    ]
  },
  {
    "timeStamp": 72215,
    "rotation": [
      [
        0.708104432,
        -0.255351216,
        0.658318937
      ],
      [
        -0.00211244635,
        0.9315506,
        0.363605559
      ],
      [
        -0.7061045,
        -0.2588614,
        0.6590957
      ]
    ],
    "translation": [
      2.08682323,
      1.0555687,
      -0.7188625
    ]
  },
  {
    "timeStamp": 72259,
    "rotation": [
      [
        0.707695365,
        -0.224863231,
        0.6697788
      ],
      [
        0.0110118,
        0.9513956,
        0.307774544
      ],
      [
        -0.7064318,
        -0.210435137,
        0.6757744
      ]
    ],
    "translation": [
      2.100845,
      1.04853749,
      -0.7235954
    ]
  },
  {
    "timeStamp": 72312,
    "rotation": [
      [
        0.713278532,
        -0.225764334,
        0.663524032
      ],
      [
        0.028309593,
        0.9552082,
        0.294577569
      ],
      [
        -0.70030874,
        -0.191331759,
        0.6877208
      ]
    ],
    "translation": [
      2.104096,
      1.04532051,
      -0.7307853
    ]
  },
  {
    "timeStamp": 72367,
    "rotation": [
      [
        0.7240743,
        -0.200000674,
        0.6600879
      ],
      [
        0.04920835,
        0.969575763,
        0.239794284
      ],
      [
        -0.687964261,
        -0.141147047,
        0.711886644
      ]
    ],
    "translation": [
      2.10674357,
      1.03692889,
      -0.738506
    ]
  },
  {
    "timeStamp": 72412,
    "rotation": [
      [
        0.721757531,
        -0.19991377,
        0.662646532
      ],
      [
        0.0583626144,
        0.9715484,
        0.229537532
      ],
      [
        -0.6896809,
        -0.126996666,
        0.7128899
      ]
    ],
    "translation": [
      2.109714,
      1.03151762,
      -0.7436732
    ]
  },
  {
    "timeStamp": 72467,
    "rotation": [
      [
        0.7235676,
        -0.199116334,
        0.6609104
      ],
      [
        0.0751113,
        0.97451663,
        0.211366132
      ],
      [
        -0.686154664,
        -0.10329584,
        0.720084548
      ]
    ],
    "translation": [
      2.11249566,
      1.02420449,
      -0.7478062
    ]
  },
  {
    "timeStamp": 72512,
    "rotation": [
      [
        0.7272767,
        -0.196103171,
        0.657732546
      ],
      [
        0.09988933,
        0.978351831,
        0.181244969
      ],
      [
        -0.6790366,
        -0.0661147758,
        0.7311211
      ]
    ],
    "translation": [
      2.11395216,
      1.0182122,
      -0.7467521
    ]
  }
]