[
  {
    "timeStamp": 56224,
    "rotation": [
      [
        0.9751958,
        -0.0668339059,
        -0.211012751
      ],
      [
        0.06733863,
        0.997718632,
        -0.00480106939
      ],
      [
        0.210852221,
        -0.009527327,
        0.97747153
      ]
    ],
    "translation": [
      1.31611371,
      0.6995543,
      -0.608596
    ]
  },
  {
    "timeStamp": 56269,
    "rotation": [
      [
        0.9748758,
        -0.07156577,
        -0.21093981
      ],
      [
        0.0735884756,
        0.997287154,
        0.00174457137
      ],
      [
        0.210242718,
        -0.01722348,
        0.9774975
      ]
    ],
    "translation": [
      1.316116,
      0.6996552,
      -0.608575761
    ]
  },
  {
    "timeStamp": 56324,
    "rotation": [
      [
        0.976464748,
        -0.0448566452,
        -0.210960761
      ],
      [
        0.04247016,
        0.9989723,
        -0.0158320051
      ],
      [
        0.211454138,
        0.00649985764,
        0.977366269
      ]
    ],
    "translation": [
      1.31449008,
      0.70556283,
      -0.6126537
    ]
  },
  {
    "timeStamp": 56369,
    "rotation": [
      [
        0.9771034,
        -0.00116895477,
        -0.21276167
      ],
      [
        0.00405144,
        0.9999058,
        0.0131124714
      ],
      [
        0.2127263,
        -0.0136742312,
        0.977016151
      ]
    ],
    "translation": [
      1.31331432,
      0.7218762,
      -0.6116241
    ]
  },
  {
    "timeStamp": 56424,
    "rotation": [
      [
        0.975940049,
        0.0599543378,
        -0.209634066
      ],
      [
        -0.053257104,
        0.997878253,
        0.03745282
      ],
      [
        0.211434722,
        -0.0253872052,
        0.977062345
      ]
    ],
    "translation": [
      1.31736159,
      0.7455673,
      -0.612927735
    ]
  },
  {
    "timeStamp": 56469,
    "rotation": [
      [
        0.9711255,
        0.110861838,
        -0.211246386
      ],
      [
        -0.100612015,
        0.993192554,
        0.05870048
      ],
      [
        0.216315985,
        -0.0357516035,
        0.9756686
      ]
    ],
    "translation": [
      1.32628429,
      0.766897559,
      -0.6175549
    ]
  },
  {
    "timeStamp": 56524,
    "rotation": [
      [
        0.9565194,
        0.180073828,
        -0.22944288
      ],
      [
        -0.163863569,
        0.9825494,
        0.08800771
      ],
      [
        0.241286859,
        -0.0465837531,
        0.969335139
      ]
    ],
    "translation": [
      1.34315717,
      0.7974708,
      -0.6288099
    ]
  },
  {
    "timeStamp": 56569,
    "rotation": [
      [
        0.9360255,
        0.238382772,
        -0.258901268
      ],
      [
        -0.216710389,
        0.9700544,
        0.109685838
      ],
      [
        0.27729556,
        -0.0465621464,
        0.9596557
      ]
    ],
    "translation": [
      1.3613193,
      0.8217266,
      -0.642149448
    ]
  },
  {
    "timeStamp": 56624,
    "rotation": [
      [
        0.912527561,
        0.292411745,
        -0.285987675
      ],
      [
        -0.2662908,
        0.955457449,
        0.127240792
      ],
      [
        0.310455769,
        -0.0399548374,
        0.949747741
      ]
    ],
    "translation": [
      1.393738,
      0.847344458,
      -0.661328
    ]
  },
  {
    "timeStamp": 56669,
    "rotation": [
      [
        0.893675,
        0.335588068,
        -0.297868282
      ],
      [
        -0.30901885,
        0.9416087,
        0.133717611
      ],
      [
        0.32534942,
        -0.0274531823,
        0.945195258
      ]
    ],
    "translation": [
      1.42653775,
      0.865045547,
      -0.675278
    ]
  },
  {
    "timeStamp": 56724,
    "rotation": [
      [
        0.8918043,
        0.346282,
        -0.291159749
      ],
      [
        -0.319435775,
        0.9376826,
        0.136792347
      ],
      [
        0.320384145,
        -0.0289851557,
        0.946844161
      ]
    ],
    "translation": [
      1.47429359,
      0.8791502,
      -0.6891102
    ]
  },
  {
    "timeStamp": 56769,
    "rotation": [
      [
        0.903945744,
        0.355459064,
        -0.237762511
      ],
      [
        -0.33516258,
        0.9341802,
        0.122365884
      ],
      [
        0.2656091,
        -0.0309230164,
        0.9635847
      ]
    ],
    "translation": [
      1.51968241,
      0.888528,
      -0.693407536
    ]
  },
  {
    "timeStamp": 56824,
    "rotation": [
      [
        0.9193155,
        0.355897158,
        -0.167917013
      ],
      [
        -0.337816954,
        0.9325883,
        0.127117351
      ],
      [
        0.201838136,
        -0.06013574,
        0.977570951
      ]
    ],
    "translation": [
      1.58049,
      0.9020054,
      -0.694634438
    ]
  },
  {
    "timeStamp": 56869,
    "rotation": [
      [
        0.927701235,
        0.360967934,
        -0.0952500552
      ],
      [
        -0.348016173,
        0.928530633,
        0.12928845
      ],
      [
        0.135111585,
        -0.08679249,
        0.987021744
      ]
    ],
    "translation": [
      1.63249183,
      0.914495945,
      -0.6932106
    ]
  },
  {
    "timeStamp": 56924,
    "rotation": [
      [
        0.9377608,
        0.347281963,
        -0.000233018232
      ],
      [
        -0.343064547,
        0.9264765,
        0.154751837
      ],
      [
        0.0539584048,
        -0.145040259,
        0.987953365
      ]
    ],
    "translation": [
      1.70486712,
      0.9317296,
      -0.6891529
    ]
  },
  {
    "timeStamp": 56969,
    "rotation": [
      [
        0.930633843,
        0.359676182,
        0.0674809143
      ],
      [
        -0.365887016,
        0.917979658,
        0.153101385
      ],
      [
        -0.006879186,
        -0.167171717,
        0.9859038
      ]
    ],
    "translation": [
      1.76314676,
      0.9445774,
      -0.689263344
    ]
  },
  {
    "timeStamp": 57024,
    "rotation": [
      [
        0.9407504,
        0.310914963,
        0.135353163
      ],
      [
        -0.3327696,
        0.9232216,
        0.192162186
      ],
      [
        -0.0652148649,
        -0.225818083,
        0.971984148
      ]
    ],
    "translation": [
      1.839851,
      0.9587581,
      -0.690234542
    ]
  },
  {
    "timeStamp": 57068,
    "rotation": [
      [
        0.945326447,
        0.276479423,
        0.172965586
      ],
      [
        -0.309152544,
        0.92857945,
        0.205341086
      ],
      [
        -0.1038397,
        -0.247587115,
        0.963284969
      ]
    ],
    "translation": [
      1.89885581,
      0.9657311,
      -0.694718242
    ]
  },
  {
    "timeStamp": 57124,
    "rotation": [
      [
        0.961913168,
        0.154844657,
        0.225269243
      ],
      [
        -0.20579122,
        0.952632,
        0.223924562
      ],
      [
        -0.179925188,
        -0.261754423,
        0.948214948
      ]
    ],
    "translation": [
      1.97526109,
      0.9675448,
      -0.7012083
    ]
  },
  {
    "timeStamp": 57169,
    "rotation": [
      [
        0.9746763,
        -0.00268709753,
        0.223604292
      ],
      [
        -0.0656089038,
        0.952486336,
        0.297431082
      ],
      [
        -0.213779271,
        -0.304569453,
        0.9281895
      ]
    ],
    "translation": [
      2.03250718,
      0.9742526,
      -0.707017541
    ]
  },
  {
    "timeStamp": 57224,
    "rotation": [
      [
        0.9627319,
        -0.0376641452,
        0.2678223
      ],
      [
        -0.0406112336,
        0.958896637,
        0.280834526
      ],
      [
        -0.2673913,
        -0.281244963,
        0.92163074
      ]
    ],
    "translation": [
      2.08526921,
      0.97376287,
      -0.717626
    ]
  },
  {
    "timeStamp": 57278,
    "rotation": [
      [
        0.939593136,
        -0.08811615,
        0.3307572
      ],
      [
        -0.0231831484,
        0.947696269,
        0.3183304
      ],
      [
        -0.341507435,
        -0.306769043,
        0.8884061
      ]
    ],
    "translation": [
      2.12815738,
      0.977859557,
      -0.7221692
    ]
  },
  {
    "timeStamp": 57322,
    "rotation": [
      [
        0.9337882,
        -0.106597349,
        0.341579676
      ],
      [
        -0.0115652988,
        0.9451066,
        0.3265575
      ],
      [
        -0.357639343,
        -0.308886,
        0.8812966
      ]
    ],
    "translation": [
      2.157247,
      0.970992863,
      -0.7290637
    ]
  },
  {
    "timeStamp": 57374,
    "rotation": [
      [
        0.9266603,
        -0.10598176,
        0.360650152
      ],
      [
        -0.03684558,
        0.929202437,
        0.3677299
      ],
      [
        -0.374089658,
        -0.354049057,
        0.85715
      ]
    ],
    "translation": [
      2.173451,
      0.963562846,
      -0.7291523
    ]
  },
  {
    "timeStamp": 57419,
    "rotation": [
      [
        0.9284395,
        -0.0632325,
        0.3660625
      ],
      [
        -0.07999314,
        0.9282591,
        0.363230169
      ],
      [
        -0.362768769,
        -0.366519719,
        0.8567743
      ]
    ],
    "translation": [
      2.17508125,
      0.9512773,
      -0.728844762
    ]
  },
  {
    "timeStamp": 57474,
    "rotation": [
      [
        0.943106353,
        -0.0483876541,
        0.3289514
      ],
      [
        -0.0867438242,
        0.91928333,
        0.3839188
      ],
      [
        -0.320976466,
        -0.390610754,
        0.8627846
      ]
    ],
    "translation": [
      2.167043,
      0.936758,
      -0.726217031
    ]
  },
  {
    "timeStamp": 57518,
    "rotation": [
      [
        0.9495136,
        -0.0005925952,
        0.313725144
      ],
      [
        -0.123748474,
        0.918209136,
        0.376268834
      ],
      [
        -0.288288265,
        -0.3960954,
        0.8717788
      ]
    ],
    "translation": [
      2.15854168,
      0.9245546,
      -0.724910855
    ]
  },
  {
    "timeStamp": 57574,
    "rotation": [
      [
        0.9604622,
        0.019458456,
        0.27772966
      ],
      [
        -0.126664758,
        0.9188762,
        0.3736612
      ],
      [
        -0.247928292,
        -0.394066,
        0.8850105
      ]
    ],
    "translation": [
      2.149977,
      0.9089446,
      -0.724267066
    ]
  },
  {
    "timeStamp": 57618,
    "rotation": [
      [
        0.967230439,
        0.0428322926,
        0.2502612
      ],
      [
        -0.137815446,
        0.916396141,
        0.375799149
      ],
      [
        -0.213242039,
        -0.397974223,
        0.8922692
      ]
    ],
    "translation": [
      2.143288,
      0.899927258,
      -0.724669635
    ]
  },
  {
    "timeStamp": 57674,
    "rotation": [
      [
        0.9741989,
        0.0467103347,
        0.220804781
      ],
      [
        -0.133324608,
        0.9085011,
        0.396043479
      ],
      [
        -0.182102039,
        -0.415263832,
        0.89128834
      ]
    ],
    "translation": [
      2.14064,
      0.8934994,
      -0.7247155
    ]
  },
  {
    "timeStamp": 57718,
    "rotation": [
      [
        0.977866769,
        0.0551126041,
        0.201839536
      ],
      [
        -0.135913268,
        0.900753856,
        0.4125167
      ],
      [
        -0.159072876,
        -0.430819064,
        0.8883078
      ]
    ],
    "translation": [
      2.140026,
      0.8887062,
      -0.7248423
    ]
  },
  {
    "timeStamp": 57775,
    "rotation": [
      [
        0.982486665,
        0.05146266,
        0.1790852
      ],
      [
        -0.127070308,
        0.8879952,
        0.441947669
      ],
      [
        -0.13628298,
        -0.4569641,
        0.8789828
      ]
    ],
    "translation": [
      2.13935781,
      0.883569241,
      -0.723891735
    ]
  },
  {
    "timeStamp": 57821,
    "rotation": [
      [
        0.9876646,
        0.0445155837,
        0.150123283
      ],
      [
        -0.1112384,
        0.8742233,
        0.472609341
      ],
      [
        -0.1102028,
        -0.483478963,
        0.8683912
      ]
    ],
    "translation": [
      2.13675976,
      0.8809279,
      -0.7228917
    ]
  },
  {
    "timeStamp": 57878,
    "rotation": [
      [
        0.9928051,
        0.0291628633,
        0.116135634
      ],
      [
        -0.08317193,
        0.865688,
        0.493626028
      ],
      [
        -0.08614168,
        -0.4997337,
        0.861885
      ]
    ],
    "translation": [
      2.13468432,
      0.8740705,
      -0.7210878
    ]
  },
  {
    "timeStamp": 57923,
    "rotation": [
      [
        0.992742,
        0.0461323,
        0.111063562
      ],
      [
        -0.09442571,
        0.8709171,
        0.482273
      ],
      [
        -0.07447879,
        -0.489259928,
        0.868952036
      ]
    ],
    "translation": [
      2.13255334,
      0.8650029,
      -0.7200413
    ]
  },
  {
    "timeStamp": 57968,
    "rotation": [
      [
        0.992428541,
        0.07037886,
        0.100659728
      ],
      [
        -0.10985142,
        0.875192165,
        0.471138328
      ],
      [
        -0.0549384281,
        -0.478628755,
        0.876296937
      ]
    ],
    "translation": [
      2.12814736,
      0.8586968,
      -0.719655335
    ]
  },
  {
    "timeStamp": 58023,
    "rotation": [
      [
        0.9918064,
        0.0937493443,
        0.08678229
      ],
      [
        -0.123546742,
        0.876711667,
        0.4648794
      ],
      [
        -0.03250091,
        -0.471792,
        0.8811106
      ]
    ],
    "translation": [
      2.123693,
      0.8560207,
      -0.7197023
    ]
  },
  {
    "timeStamp": 58067,
    "rotation": [
      [
        0.99101603,
        0.111886539,
        0.07327102
      ],
      [
        -0.13303566,
        0.8809538,
        0.4541167
      ],
      [
        -0.0137388352,
        -0.4597846,
        0.8879242
      ]
    ],
    "translation": [
      2.119363,
      0.8542046,
      -0.720857
    ]
  },
  {
    "timeStamp": 58123,
    "rotation": [
      [
        0.989757955,
        0.131201491,
        0.0562602431
      ],
      [
        -0.142555624,
        0.8875503,
        0.438100785
      ],
      [
        0.007545678,
        -0.44163397,
        0.8971635
      ]
    ],
    "translation": [
      2.1161294,
      0.851259,
      -0.72336185
    ]
  },
  {
    "timeStamp": 58168,
    "rotation": [
      [
        0.991135061,
        0.126397565,
        0.0409266353
      ],
      [
        -0.13154462,
        0.890401,
        0.435754657
      ],
      [
        0.0186372083,
        -0.4372754,
        0.8991345
      ]
    ],
    "translation": [
      2.11528659,
      0.8487075,
      -0.725441635
    ]
  },
  {
    "timeStamp": 58223,
    "rotation": [
      [
        0.9909102,
        0.130077839,
        0.034304183
      ],
      [
        -0.132343739,
        0.8968778,
        0.422013342
      ],
      [
        0.0241279211,
        -0.422717243,
        0.905940354
      ]
    ],
    "translation": [
      2.11549616,
      0.8445585,
      -0.727978349
    ]
  },
  {
    "timeStamp": 58268,
    "rotation": [
      [
        0.9911216,
        0.1293857,
        0.0306161586
      ],
      [
        -0.1305248,
        0.902974665,
        0.409389824
      ],
      [
        0.0253235716,
        -0.409751266,
        0.9118457
      ]
    ],
    "translation": [
      2.1157794,
      0.840477,
      -0.7304155
    ]
  },
  {
    "timeStamp": 58323,
    "rotation": [
      [
        0.9911422,
        0.130846158,
        0.022722749
      ],
      [
        -0.1290899,
        0.909028649,
        0.396235675
      ],
      [
        0.0311902836,
        -0.395659178,
        0.9178676
      ]
    ],
    "translation": [
      2.11461234,
      0.8363866,
      -0.7326834
    ]
  },
  {
    "timeStamp": 58368,
    "rotation": [
      [
        0.991841137,
        0.127159789,
        0.009034774
      ],
      [
        -0.120609894,
        0.9130745,
        0.389548719
      ],
      [
        0.04128551,
        -0.3874601,
        0.920961559
      ]
    ],
    "translation": [
      2.11232662,
      0.834080935,
      -0.7348126
    ]
  },
  {
    "timeStamp": 58423,
    "rotation": [
      [
        0.99284333,
        0.11941608,
        0.0013917886
      ],
      [
        -0.110689856,
        0.9157922,
        0.386098951
      ],
      [
        0.0448318347,
        -0.383489817,
        0.9224563
      ]
    ],
    "translation": [
      2.110765,
      0.8337046,
      -0.7364081
    ]
  },
  {
    "timeStamp": 58468,
    "rotation": [
      [
        0.9922563,
        0.123798244,
        0.0100777838
      ],
      [
        -0.118347548,
        0.917695761,
        0.379247218
      ],
      [
        0.0377018,
        -0.3775031,
        0.9252405
      ]
    ],
    "translation": [
      2.11056638,
      0.8333335,
      -0.7369777
    ]
  }
]