[
  {
    "id": "003 cracker box(Clone)-5324",
    "pickRotation": [
      [
        -0.9988773,
        0.0165151116,
        0.04440016
      ],
      [
        -0.0408190079,
        -0.7756985,
        -0.629782259
      ],
      [
        0.024040211,
        -0.630887568,
        0.7755017
      ]
    ],
    "pickTranslation": [
      0.0112271877,
      0.0618679747,
      0.179604262
    ],
    "placeRotation": [
      [
        0.999943435,
        -0.00157617871,
        -0.010513735
      ],
      [
        0.00196697726,
        0.99930346,
        0.0372641273
      ],
      [
        0.0104476782,
        -0.0372826979,
        0.9992501
      ]
    ],
    "placeTranslation": [
      0.935212731,
      0.598925233,
      0.5736939
    ]
  },
  {
    "id": "004 sugar box(Clone)-5396",
    "pickRotation": [
      [
        -0.961729944,
        0.01830391,
        0.273386985
      ],
      [
        -0.1562986,
        -0.856156468,
        -0.492510766
      ],
      [
        0.225047156,
        -0.51639235,
        0.8262522
      ]
    ],
    "pickTranslation": [
      0.007857918,
      0.02481726,
      0.136573225
    ],
    "placeRotation": [
      [
        0.99973315,
        -0.0229078345,
        -0.00299330358
      ],
      [
        0.022882605,
        0.9997045,
        -0.008206883
      ],
      [
        0.003180421,
        0.008136199,
        0.999961853
      ]
    ],
    "placeTranslation": [
      1.00162613,
      0.3886101,
      0.1064854
    ]
  },
  {
    "id": "010 potted meat can(Clone)-5832",
    "pickRotation": [
      [
        -0.09100461,
        0.0296158623,
        -0.995409966
      ],
      [
        0.9898738,
        -0.106655993,
        -0.09367174
      ],
      [
        -0.108940609,
        -0.9938548,
        -0.01960978
      ]
    ],
    "pickTranslation": [
      0.03325884,
      -0.0302272588,
      0.0780229047
    ],
    "placeRotation": [
      [
        0.108088933,
        -0.990646243,
        -0.08328631
      ],
      [
        -0.0547335856,
        -0.08958011,
        0.99447453
      ],
      [
        -0.992633343,
        -0.102933116,
        -0.06390425
      ]
    ],
    "placeTranslation": [
      -0.8994025,
      0.0330155641,
      0.457263738
    ]
  },
  {
    "id": "002 masterchef can(Clone)-5820",
    "pickRotation": [
      [
        -0.602259338,
        -0.162518069,
        -0.7815828
      ],
      [
        0.797911,
        -0.09196743,
        -0.5957181
      ],
      [
        0.0249347948,
        -0.9824102,
        0.1850632
      ]
    ],
    "pickTranslation": [
      0.0374625847,
      0.0006178461,
      0.153214782
    ],
    "placeRotation": [
      [
        0.577620149,
        -0.8144222,
        -0.0554202832
      ],
      [
        -0.06517298,
        -0.113685034,
        0.991376936
      ],
      [
        -0.813699841,
        -0.569027364,
        -0.118745089
      ]
    ],
    "placeTranslation": [
      -0.8502666,
      0.5972861,
      0.611106455
    ]
  },
  {
    "id": "007 tuna fish can(Clone)-5472",
    "pickRotation": [
      [
        -0.926633656,
        -0.00708556175,
        -0.375898838
      ],
      [
        0.374720365,
        -0.09871378,
        -0.9218678
      ],
      [
        -0.03057445,
        -0.995090663,
        0.0941266045
      ]
    ],
    "pickTranslation": [
      0.03219529,
      -0.006955592,
      0.0300537981
    ],
    "placeRotation": [
      [
        0.7750354,
        -0.6313841,
        -0.0259671174
      ],
      [
        0.007413802,
        -0.0320045166,
        0.9994602
      ],
      [
        -0.6318744,
        -0.774809539,
        -0.0201236755
      ]
    ],
    "placeTranslation": [
      -0.5847496,
      0.0469527021,
      -0.2574943
    ]
  },
  {
    "id": "005 tomato soup can(Clone)-5348",
    "pickRotation": [
      [
        -0.3330602,
        -0.209164381,
        -0.9194135
      ],
      [
        0.941686749,
        -0.0242246687,
        -0.335617721
      ],
      [
        0.0479267873,
        -0.977580369,
        0.205035612
      ]
    ],
    "pickTranslation": [
      0.0350289941,
      0.09485963,
      0.110762075
    ],
    "placeRotation": [
      [
        0.0715516061,
        -0.9952877,
        -0.06544184
      ],
      [
        -0.0272647683,
        -0.06753712,
        0.997344136
      ],
      [
        -0.9970642,
        -0.06957731,
        -0.03196868
      ]
    ],
    "placeTranslation": [
      -0.6958768,
      0.207209408,
      0.7835563
    ]
  },
  {
    "id": "021 bleach cleanser(Clone)-5360",
    "pickRotation": [
      [
        0.213613719,
        0.2982372,
        0.9302815
      ],
      [
        -0.9750933,
        0.00691316323,
        0.221687242
      ],
      [
        0.0596842,
        -0.9544667,
        0.29228586
      ]
    ],
    "pickTranslation": [
      -0.0189728756,
      0.007224679,
      0.224537164
    ],
    "placeRotation": [
      [
        -0.0246784035,
        0.9996936,
        -0.00191202934
      ],
      [
        0.00477670273,
        0.0020305072,
        0.9999865
      ],
      [
        0.999684,
        0.0246689375,
        -0.004825349
      ]
    ],
    "placeTranslation": [
      -0.5786728,
      0.0286537856,
      -0.744773865
    ]
  },
  {
    "id": "006 mustard bottle(Clone)-5436",
    "pickRotation": [
      [
        -0.4490025,
        -0.236190975,
        -0.8617485
      ],
      [
        0.891729057,
        -0.05723842,
        -0.4489354
      ],
      [
        0.0567093678,
        -0.970019341,
        0.236318573
      ]
    ],
    "pickTranslation": [
      0.02258985,
      -0.02261187,
      0.173843935
    ],
    "placeRotation": [
      [
        0.9655455,
        0.2539688,
        0.05676073
      ],
      [
        -0.01884078,
        -0.149319768,
        0.988609433
      ],
      [
        0.259551466,
        -0.955616832,
        -0.139390051
      ]
    ],
    "placeTranslation": [
      -0.109972253,
      0.0301643033,
      -0.616640449
    ]
  },
  {
    "id": "100 half egg carton(Clone)-5372",
    "pickRotation": [
      [
        0.13680765,
        -0.052090697,
        0.9892271
      ],
      [
        0.0908625,
        -0.9937468,
        -0.06489475
      ],
      [
        0.986421645,
        0.09876174,
        -0.131219074
      ]
    ],
    "pickTranslation": [
      -0.06420096,
      0.03454643,
      -0.00141040236
    ],
    "placeRotation": [
      [
        0.0282351021,
        0.0422783457,
        -0.9987068
      ],
      [
        0.0152093377,
        0.998971343,
        0.0427195355
      ],
      [
        0.9994856,
        -0.01639586,
        0.0275630318
      ]
    ],
    "placeTranslation": [
      0.104455806,
      0.203937352,
      -0.478165239
    ]
  },
  {
    "id": "101 bread(Clone)-5424",
    "pickRotation": [
      [
        -0.9097853,
        -0.0396250226,
        -0.413183451
      ],
      [
        -0.002025761,
        -0.994997144,
        0.09988249
      ],
      [
        -0.415074229,
        0.09170863,
        0.9051535
      ]
    ],
    "pickTranslation": [
      0.005470808,
      0.0542657077,
      -0.0356682129
    ],
    "placeRotation": [
      [
        0.9917933,
        0.126973823,
        0.0149615509
      ],
      [
        -0.123209819,
        0.9179654,
        0.3770396
      ],
      [
        0.0341399722,
        -0.375788748,
        0.9260763
      ]
    ],
    "placeTranslation": [
      0.394755274,
      0.6730787,
      -0.6284985
    ]
  },
  {
    "id": "102 toothbrush(Clone)-5448",
    "pickRotation": [
      [
        -0.486125678,
        -0.0276022367,
        -0.873452842
      ],
      [
        -0.202403978,
        -0.968766332,
        0.143263474
      ],
      [
        -0.8501261,
        0.246434391,
        0.4653554
      ]
    ],
    "pickTranslation": [
      -0.0239349846,
      0.01750803,
      0.0106366705
    ],
    "placeRotation": [
      [
        0.09633822,
        0.401970267,
        0.9105706
      ],
      [
        -0.09184694,
        0.914512753,
        -0.393993139
      ],
      [
        -0.9911019,
        -0.04567653,
        0.125022277
      ]
    ],
    "placeTranslation": [
      0.564020038,
      0.7158523,
      -0.3332254
    ]
  },
  {
    "id": "013 apple(Clone)-5384",
    "pickRotation": [
      [
        -0.9380904,
        -0.237228334,
        -0.252406865
      ],
      [
        0.231843486,
        0.111388028,
        -0.966354668
      ],
      [
        0.2573618,
        -0.9650469,
        -0.04949219
      ]
    ],
    "pickTranslation": [
      0.007516846,
      0.010877748,
      0.0622446053
    ],
    "placeRotation": [
      [
        0.8050682,
        -0.527431,
        -0.2714438
      ],
      [
        0.06397458,
        -0.377734751,
        0.9237011
      ],
      [
        -0.5897224,
        -0.761007845,
        -0.270360053
      ]
    ],
    "placeTranslation": [
      -0.107975826,
      0.84994787,
      0.178349629
    ]
  },
  {
    "id": "016 pear(Clone)-5460",
    "pickRotation": [
      [
        -0.7548808,
        -0.185409531,
        -0.629109144
      ],
      [
        0.590918839,
        0.22389172,
        -0.775040269
      ],
      [
        0.2845522,
        -0.9568155,
        -0.0594495721
      ]
    ],
    "pickTranslation": [
      0.0451391526,
      0.0215789527,
      0.04863865
    ],
    "placeRotation": [
      [
        0.5347574,
        -0.8423893,
        -0.06644394
      ],
      [
        -0.109249219,
        -0.14689514,
        0.9831004
      ],
      [
        -0.8379136,
        -0.5184612,
        -0.170583636
      ]
    ],
    "placeTranslation": [
      -0.60089004,
      0.961110532,
      0.144088343
    ]
  },
  {
    "id": "017 orange(Clone)-5336",
    "pickRotation": [
      [
        -0.3700794,
        -0.142432719,
        0.918016434
      ],
      [
        0.6793681,
        -0.715496361,
        0.162862048
      ],
      [
        0.6336405,
        0.6839429,
        0.361554682
      ]
    ],
    "pickTranslation": [
      0.008390357,
      0.013999057,
      0.006215683
    ],
    "placeRotation": [
      [
        0.507279456,
        -0.7021133,
        -0.49970448
      ],
      [
        0.205960661,
        0.661821365,
        -0.7208139
      ],
      [
        0.836808145,
        0.2627346,
        0.4803361
      ]
    ],
    "placeTranslation": [
      0.597955048,
      1.18506324,
      0.0427084267
    ]
  },
  {
    "id": "015 peach(Clone)-5412",
    "pickRotation": [
      [
        -0.6224884,
        -0.06684153,
        0.7797695
      ],
      [
        -0.781131864,
        -0.008535915,
        -0.6243077
      ],
      [
        0.04838573,
        -0.9977271,
        -0.0468985438
      ]
    ],
    "pickTranslation": [
      0.00613184366,
      0.0116039133,
      0.05578717
    ],
    "placeRotation": [
      [
        0.7896766,
        0.5758251,
        -0.211746126
      ],
      [
        0.261147559,
        -0.0031692,
        0.9652937
      ],
      [
        0.5551693,
        -0.8175668,
        -0.152877957
      ]
    ],
    "placeTranslation": [
      0.4855992,
      0.888924062,
      -0.0595272
    ]
  },
  {
    "id": "057 racquetball(Clone)-5844",
    "pickRotation": [
      [
        -0.937208235,
        -0.122405455,
        -0.326584756
      ],
      [
        0.125257388,
        -0.992047131,
        0.01236962
      ],
      [
        -0.325501621,
        -0.029314246,
        0.9450869
      ]
    ],
    "pickTranslation": [
      0.011088796,
      -0.09260482,
      0.0266625248
    ],
    "placeRotation": [
      [
        0.7160708,
        -0.229503542,
        0.6592198
      ],
      [
        0.133904576,
        0.9720281,
        0.192953423
      ],
      [
        -0.68506366,
        -0.04989576,
        0.7267724
      ]
    ],
    "placeTranslation": [
      0.441701174,
      1.80122709,
      -0.603232443
    ]
  },
  {
    "id": "018 plum(Clone)-5856",
    "pickRotation": [
      [
        0.244647324,
        -0.5353184,
        -0.8084441
      ],
      [
        0.5289436,
        -0.625106752,
        0.573986232
      ],
      [
        -0.8126293,
        -0.568045557,
        0.130222529
      ]
    ],
    "pickTranslation": [
      0.026970936,
      0.0362589769,
      0.038788788
    ],
    "placeRotation": [
      [
        -0.5109197,
        -0.340408951,
        0.789355934
      ],
      [
        0.274388373,
        0.8056381,
        0.5250317
      ],
      [
        -0.814660668,
        0.4848391,
        -0.3182121
      ]
    ],
    "placeTranslation": [
      -0.437740564,
      1.06774676,
      -0.277276725
    ]
  },
  {
    "id": "058 golf ball(Clone)-5808",
    "pickRotation": [
      [
        -0.729526043,
        -0.176273212,
        -0.6608476
      ],
      [
        0.6571823,
        -0.4483389,
        -0.6058908
      ],
      [
        -0.189481348,
        -0.8763104,
        0.442918569
      ]
    ],
    "pickTranslation": [
      0.0111663677,
      -0.0204780921,
      0.03176317
    ],
    "placeRotation": [
      [
        0.734796464,
        -0.6594451,
        0.158764914
      ],
      [
        0.123406857,
        0.3601348,
        0.9247019
      ],
      [
        -0.6669669,
        -0.659875035,
        0.346005827
      ]
    ],
    "placeTranslation": [
      -0.606735647,
      1.03317416,
      -0.239520878
    ]
  },
  {
    "id": "103 toothpaste(Clone)-5868",
    "pickRotation": [
      [
        -0.531830549,
        0.0402712375,
        -0.8458927
      ],
      [
        -0.83014226,
        -0.222232252,
        0.5113479
      ],
      [
        -0.16739203,
        0.974161744,
        0.151620761
      ]
    ],
    "pickTranslation": [
      0.0539067872,
      0.0243085437,
      -0.0417604372
    ],
    "placeRotation": [
      [
        0.02830806,
        0.9963753,
        0.08021772
      ],
      [
        -0.0389388427,
        0.08128814,
        -0.9959297
      ],
      [
        -0.9988405,
        0.0250692517,
        0.0410988145
      ]
    ],
    "placeTranslation": [
      0.3782529,
      1.0435034,
      -0.0365365371
    ]
  }
]