[
  {
    "timeStamp": 59199,
    "rotation": [
      [
        0.9992013,
        0.00100028457,
        0.03994712
      ],
      [
        -0.039956484,
        0.0124468748,
        0.9991239
      ],
      [
        0.000502178736,
        -0.9999221,
        0.0124769006
      ]
    ],
    "translation": [
      1.77003968,
      0.7013698,
      -0.620014131
    ]
  },
  {
    "timeStamp": 59244,
    "rotation": [
      [
        0.9986729,
        -0.009246581,
        0.0506647527
      ],
      [
        -0.0506065749,
        0.0064211,
        0.998698
      ],
      [
        -0.009559873,
        -0.99993664,
        0.005944641
      ]
    ],
    "translation": [
      1.77035689,
      0.7020425,
      -0.61991775
    ]
  },
  {
    "timeStamp": 59299,
    "rotation": [
      [
        0.997900367,
        -0.01871904,
        0.06200318
      ],
      [
        -0.0617164336,
        0.0155265,
        0.997972965
      ],
      [
        -0.0196437817,
        -0.9997042,
        0.0143386275
      ]
    ],
    "translation": [
      1.77103829,
      0.7040561,
      -0.6208663
    ]
  },
  {
    "timeStamp": 59343,
    "rotation": [
      [
        0.9974353,
        -0.01202454,
        0.0705569759
      ],
      [
        -0.07039531,
        0.013376072,
        0.9974295
      ],
      [
        -0.0129374051,
        -0.999838233,
        0.0124952951
      ]
    ],
    "translation": [
      1.77121329,
      0.7067619,
      -0.6231965
    ]
  },
  {
    "timeStamp": 59399,
    "rotation": [
      [
        0.9976121,
        -0.0163154155,
        0.06711013
      ],
      [
        -0.06728956,
        -0.01070861,
        0.997676
      ],
      [
        -0.0155588407,
        -0.9998095,
        -0.0117808962
      ]
    ],
    "translation": [
      1.77408862,
      0.716644049,
      -0.624210238
    ]
  },
  {
    "timeStamp": 59444,
    "rotation": [
      [
        0.9927859,
        -0.03991118,
        0.113063723
      ],
      [
        -0.113707773,
        -0.0142466044,
        0.9934121
      ],
      [
        -0.03803747,
        -0.9991017,
        -0.0186820365
      ]
    ],
    "translation": [
      1.7747196,
      0.733474433,
      -0.626235962
    ]
  },
  {
    "timeStamp": 59499,
    "rotation": [
      [
        0.9856681,
        -0.0840924,
        0.146242276
      ],
      [
        -0.150749356,
        -0.04997679,
        0.9873079
      ],
      [
        -0.075716354,
        -0.995203853,
        -0.0619374
      ]
    ],
    "translation": [
      1.78489709,
      0.7619084,
      -0.6274375
    ]
  },
  {
    "timeStamp": 59544,
    "rotation": [
      [
        0.970932543,
        -0.136551678,
        0.196580008
      ],
      [
        -0.206469029,
        -0.062350627,
        0.9764645
      ],
      [
        -0.121080972,
        -0.9886688,
        -0.08873194
      ]
    ],
    "translation": [
      1.79730248,
      0.790158153,
      -0.629838645
    ]
  },
  {
    "timeStamp": 59599,
    "rotation": [
      [
        0.9421878,
        -0.222973749,
        0.2501297
      ],
      [
        -0.274273068,
        -0.08434166,
        0.9579461
      ],
      [
        -0.192500487,
        -0.971169,
        -0.140621379
      ]
    ],
    "translation": [
      1.82422626,
      0.829924464,
      -0.632038951
    ]
  },
  {
    "timeStamp": 59644,
    "rotation": [
      [
        0.9212386,
        -0.28953886,
        0.259782076
      ],
      [
        -0.30281204,
        -0.114569068,
        0.9461389
      ],
      [
        -0.244181022,
        -0.950284839,
        -0.1932213
      ]
    ],
    "translation": [
      1.85444808,
      0.861430645,
      -0.6333401
    ]
  },
  {
    "timeStamp": 59699,
    "rotation": [
      [
        0.874205232,
        -0.3969638,
        0.27961576
      ],
      [
        -0.3574185,
        -0.136303827,
        0.9239444
      ],
      [
        -0.3286598,
        -0.9076569,
        -0.2610397
      ]
    ],
    "translation": [
      1.90070581,
      0.9010571,
      -0.635430753
    ]
  },
  {
    "timeStamp": 59744,
    "rotation": [
      [
        0.843591154,
        -0.477171779,
        0.246294692
      ],
      [
        -0.3651804,
        -0.173514143,
        0.9146235
      ],
      [
        -0.3936969,
        -0.8615103,
        -0.3206288
      ]
    ],
    "translation": [
      1.94354415,
      0.92672956,
      -0.6358534
    ]
  },
  {
    "timeStamp": 59799,
    "rotation": [
      [
        0.7895506,
        -0.583937466,
        0.188750833
      ],
      [
        -0.356996268,
        -0.1868647,
        0.915224135
      ],
      [
        -0.499162763,
        -0.7899991,
        -0.356002629
      ]
    ],
    "translation": [
      2.00027323,
      0.9476044,
      -0.638848364
    ]
  },
  {
    "timeStamp": 59844,
    "rotation": [
      [
        0.752239466,
        -0.6424831,
        0.146120355
      ],
      [
        -0.3405941,
        -0.189325735,
        0.920951366
      ],
      [
        -0.564031363,
        -0.7425437,
        -0.3612443
      ]
    ],
    "translation": [
      2.04288721,
      0.9605711,
      -0.642752647
    ]
  },
  {
    "timeStamp": 59899,
    "rotation": [
      [
        0.7385911,
        -0.670589745,
        0.06922936
      ],
      [
        -0.296927869,
        -0.231395513,
        0.9264394
      ],
      [
        -0.6052414,
        -0.704816,
        -0.3700234
      ]
    ],
    "translation": [
      2.090174,
      0.977643549,
      -0.6476711
    ]
  },
  {
    "timeStamp": 59944,
    "rotation": [
      [
        0.718953848,
        -0.6895839,
        0.0870598257
      ],
      [
        -0.3005944,
        -0.195543885,
        0.9334911
      ],
      [
        -0.626696467,
        -0.6973067,
        -0.347872078
      ]
    ],
    "translation": [
      2.118744,
      0.9867599,
      -0.6516991
    ]
  },
  {
    "timeStamp": 59999,
    "rotation": [
      [
        0.759715855,
        -0.6501596,
        0.0111515606
      ],
      [
        -0.212577417,
        -0.232117876,
        0.949174464
      ],
      [
        -0.6145264,
        -0.7234734,
        -0.314552873
      ]
    ],
    "translation": [
      2.15355,
      0.990309,
      -0.654413939
    ]
  },
  {
    "timeStamp": 60043,
    "rotation": [
      [
        0.807650566,
        -0.58965975,
        -0.00139560259
      ],
      [
        -0.143051431,
        -0.198231,
        0.9696601
      ],
      [
        -0.572046161,
        -0.7829469,
        -0.244453058
      ]
    ],
    "translation": [
      2.17183542,
      0.9843328,
      -0.6595396
    ]
  },
  {
    "timeStamp": 60108,
    "rotation": [
      [
        0.8222768,
        -0.563521,
        0.07940353
      ],
      [
        -0.123359792,
        -0.04028921,
        0.9915438
      ],
      [
        -0.5555567,
        -0.825118661,
        -0.102644719
      ]
    ],
    "translation": [
      2.18565774,
      0.965193868,
      -0.667664051
    ]
  },
  {
    "timeStamp": 60144,
    "rotation": [
      [
        0.8549068,
        -0.516533136,
        0.0482478365
      ],
      [
        -0.0121385278,
        0.0730602145,
        0.997253656
      ],
      [
        -0.518639565,
        -0.8531446,
        0.05618972
      ]
    ],
    "translation": [
      2.19832134,
      0.9405947,
      -0.678238869
    ]
  },
  {
    "timeStamp": 60194,
    "rotation": [
      [
        0.8783486,
        -0.4763919,
        0.0394279137
      ],
      [
        0.0419742949,
        0.1590267,
        0.9863816
      ],
      [
        -0.4761743,
        -0.8647319,
        0.159677088
      ]
    ],
    "translation": [
      2.20462584,
      0.919858932,
      -0.6852815
    ]
  },
  {
    "timeStamp": 60249,
    "rotation": [
      [
        0.902174056,
        -0.425165564,
        0.0729125962
      ],
      [
        0.0405812636,
        0.2519259,
        0.9668953
      ],
      [
        -0.429459155,
        -0.869348943,
        0.244534746
      ]
    ],
    "translation": [
      2.1983912,
      0.9046954,
      -0.688091457
    ]
  },
  {
    "timeStamp": 60294,
    "rotation": [
      [
        0.9142202,
        -0.402133942,
        0.0498968922
      ],
      [
        0.0751103759,
        0.289170682,
        0.954326332
      ],
      [
        -0.3981957,
        -0.868716657,
        0.294570118
      ]
    ],
    "translation": [
      2.19879651,
      0.891974449,
      -0.6891748
    ]
  },
  {
    "timeStamp": 60349,
    "rotation": [
      [
        0.9193722,
        -0.38870275,
        0.0605392754
      ],
      [
        0.0835203156,
        0.343249828,
        0.935523331
      ],
      [
        -0.3844206,
        -0.855037868,
        0.3480389
      ]
    ],
    "translation": [
      2.19656134,
      0.879525065,
      -0.688345134
    ]
  },
  {
    "timeStamp": 60394,
    "rotation": [
      [
        0.937634468,
        -0.346282542,
        0.0304939076
      ],
      [
        0.105633155,
        0.367396683,
        0.924046159
      ],
      [
        -0.331184417,
        -0.8631964,
        0.381062746
      ]
    ],
    "translation": [
      2.19683385,
      0.8704428,
      -0.690012455
    ]
  },
  {
    "timeStamp": 60449,
    "rotation": [
      [
        0.9342601,
        -0.356351137,
        0.0131126009
      ],
      [
        0.1363158,
        0.390880436,
        0.910291433
      ],
      [
        -0.329508841,
        -0.8486615,
        0.4137603
      ]
    ],
    "translation": [
      2.200681,
      0.8588276,
      -0.6891344
    ]
  },
  {
    "timeStamp": 60494,
    "rotation": [
      [
        0.935474455,
        -0.35327673,
        0.00910946
      ],
      [
        0.138061777,
        0.3890723,
        0.9108028
      ],
      [
        -0.325309664,
        -0.850775063,
        0.412741244
      ]
    ],
    "translation": [
      2.201646,
      0.8515894,
      -0.6860835
    ]
  },
  {
    "timeStamp": 60552,
    "rotation": [
      [
        0.9416925,
        -0.33626768,
        -0.0118056191
      ],
      [
        0.157116443,
        0.408425033,
        0.8991682
      ],
      [
        -0.2975395,
        -0.8485948,
        0.437443972
      ]
    ],
    "translation": [
      2.20190454,
      0.8422784,
      -0.6892001
    ]
  },
  {
    "timeStamp": 60594,
    "rotation": [
      [
        0.9448947,
        -0.326213479,
        -0.027546173
      ],
      [
        0.168535784,
        0.412580729,
        0.8951943
      ],
      [
        -0.2806594,
        -0.850506842,
        0.444823951
      ]
    ],
    "translation": [
      2.2023313,
      0.8354734,
      -0.689585447
    ]
  },
  {
    "timeStamp": 60651,
    "rotation": [
      [
        0.94474715,
        -0.326285124,
        -0.0314775854
      ],
      [
        0.171703935,
        0.410779119,
        0.89542073
      ],
      [
        -0.279232144,
        -0.851351,
        0.444106847
      ]
    ],
    "translation": [
      2.20167232,
      0.828198552,
      -0.6884275
    ]
  },
  {
    "timeStamp": 60697,
    "rotation": [
      [
        0.948542237,
        -0.3126167,
        -0.0503824279
      ],
      [
        0.183525473,
        0.4130948,
        0.892003953
      ],
      [
        -0.258042634,
        -0.8553499,
        0.449211
      ]
    ],
    "translation": [
      2.2017827,
      0.824070632,
      -0.688928
    ]
  },
  {
    "timeStamp": 60753,
    "rotation": [
      [
        0.9496325,
        -0.3105111,
        -0.0422007479
      ],
      [
        0.174831867,
        0.413227618,
        0.8936872
      ],
      [
        -0.2600613,
        -0.856052458,
        0.446701646
      ]
    ],
    "translation": [
      2.19940615,
      0.820410669,
      -0.6877748
    ]
  },
  {
    "timeStamp": 60797,
    "rotation": [
      [
        0.953319669,
        -0.296448976,
        -0.0574424
      ],
      [
        0.182995483,
        0.4158625,
        0.890826046
      ],
      [
        -0.240196332,
        -0.859753668,
        0.450698763
      ]
    ],
    "translation": [
      2.19908834,
      0.8178232,
      -0.688510656
    ]
  },
  {
    "timeStamp": 60853,
    "rotation": [
      [
        0.9487507,
        -0.300946146,
        -0.09645535
      ],
      [
        0.216601685,
        0.396990031,
        0.891898334
      ],
      [
        -0.230121568,
        -0.8670815,
        0.441829979
      ]
    ],
    "translation": [
      2.204205,
      0.8123311,
      -0.686696768
    ]
  },
  {
    "timeStamp": 60897,
    "rotation": [
      [
        0.945359,
        -0.30805108,
        -0.10677503
      ],
      [
        0.224526539,
        0.377669632,
        0.8983059
      ],
      [
        -0.236398414,
        -0.87319535,
        0.426199019
      ]
    ],
    "translation": [
      2.20720863,
      0.8091059,
      -0.683449149
    ]
  }
]