[
  {
    "timeStamp": 64069,
    "rotation": [
      [
        -0.59161526,
        0.371932328,
        0.7153025
      ],
      [
        0.4842756,
        0.873276055,
        -0.0535364
      ],
      [
        -0.644568443,
        0.3147306,
        -0.6967612
      ]
    ],
    "translation": [
      1.43199635,
      0.705199,
      -0.59519124
    ]
  },
  {
    "timeStamp": 64113,
    "rotation": [
      [
        -0.575961649,
        0.412411779,
        0.705822051
      ],
      [
        0.523648858,
        0.849147439,
        -0.06885126
      ],
      [
        -0.627742052,
        0.329947233,
        -0.7050353
      ]
    ],
    "translation": [
      1.43391752,
      0.713200152,
      -0.597565532
    ]
  },
  {
    "timeStamp": 64169,
    "rotation": [
      [
        -0.5554968,
        0.453949064,
        0.6966732
      ],
      [
        0.5652409,
        0.820635557,
        -0.08402394
      ],
      [
        -0.60985744,
        0.3471132,
        -0.712451
      ]
    ],
    "translation": [
      1.44388032,
      0.733584642,
      -0.6066841
    ]
  },
  {
    "timeStamp": 64213,
    "rotation": [
      [
        -0.5356955,
        0.497364044,
        0.682392359
      ],
      [
        0.6072507,
        0.788448632,
        -0.09795618
      ],
      [
        -0.5867512,
        0.361908525,
        -0.724393
      ]
    ],
    "translation": [
      1.45868218,
      0.756052732,
      -0.6192503
    ]
  },
  {
    "timeStamp": 64269,
    "rotation": [
      [
        -0.5050911,
        0.5399856,
        0.6732745
      ],
      [
        0.664093733,
        0.7414053,
        -0.09642485
      ],
      [
        -0.5512373,
        0.398414046,
        -0.733078241
      ]
    ],
    "translation": [
      1.48529351,
      0.784919262,
      -0.642781
    ]
  },
  {
    "timeStamp": 64313,
    "rotation": [
      [
        -0.481496781,
        0.5670195,
        0.6683185
      ],
      [
        0.7057042,
        0.7030169,
        -0.0880269259
      ],
      [
        -0.5197522,
        0.429250538,
        -0.7386485
      ]
    ],
    "translation": [
      1.51324391,
      0.8080534,
      -0.665834963
    ]
  },
  {
    "timeStamp": 64369,
    "rotation": [
      [
        -0.450321883,
        0.599215031,
        0.6619301
      ],
      [
        0.751804054,
        0.654400647,
        -0.0809343457
      ],
      [
        -0.481664568,
        0.46119523,
        -0.7451833
      ]
    ],
    "translation": [
      1.55491233,
      0.8361276,
      -0.6963963
    ]
  },
  {
    "timeStamp": 64413,
    "rotation": [
      [
        -0.4335377,
        0.6308273,
        0.64350754
      ],
      [
        0.7773555,
        0.6230131,
        -0.08702423
      ],
      [
        -0.455810845,
        0.462505817,
        -0.7604767
      ]
    ],
    "translation": [
      1.594255,
      0.8586526,
      -0.7164535
    ]
  },
  {
    "timeStamp": 64470,
    "rotation": [
      [
        -0.450838178,
        0.6728597,
        0.586519241
      ],
      [
        0.774409235,
        0.6216113,
        -0.117854543
      ],
      [
        -0.443886578,
        0.401072621,
        -0.801314831
      ]
    ],
    "translation": [
      1.65161943,
      0.884695768,
      -0.73021996
    ]
  },
  {
    "timeStamp": 64514,
    "rotation": [
      [
        -0.490821838,
        0.7110223,
        0.5035287
      ],
      [
        0.773645937,
        0.6214756,
        -0.123450153
      ],
      [
        -0.400706619,
        0.328960925,
        -0.8551134
      ]
    ],
    "translation": [
      1.70434391,
      0.901865065,
      -0.73411
    ]
  },
  {
    "timeStamp": 64569,
    "rotation": [
      [
        -0.544375241,
        0.746317446,
        0.3829698
      ],
      [
        0.7652826,
        0.628816,
        -0.137596846
      ],
      [
        -0.343508482,
        0.218175814,
        -0.913455665
      ]
    ],
    "translation": [
      1.77536809,
      0.921203554,
      -0.7336652
    ]
  },
  {
    "timeStamp": 64614,
    "rotation": [
      [
        -0.591959059,
        0.754058659,
        0.28457
      ],
      [
        0.7497061,
        0.644776464,
        -0.149010673
      ],
      [
        -0.29584682,
        0.125135645,
        -0.947003543
      ]
    ],
    "translation": [
      1.83446634,
      0.9333614,
      -0.7327247
    ]
  },
  {
    "timeStamp": 64669,
    "rotation": [
      [
        -0.640704334,
        0.7526584,
        0.151667967
      ],
      [
        0.7342136,
        0.6583906,
        -0.165686816
      ],
      [
        -0.224562347,
        0.00520043354,
        -0.9744458
      ]
    ],
    "translation": [
      1.90820253,
      0.9470277,
      -0.73058033
    ]
  },
  {
    "timeStamp": 64713,
    "rotation": [
      [
        -0.6839688,
        0.726769,
        0.063195236
      ],
      [
        0.7092083,
        0.682728648,
        -0.17579861
      ],
      [
        -0.170910165,
        -0.0754221752,
        -0.982395649
      ]
    ],
    "translation": [
      1.96390247,
      0.95229733,
      -0.7299993
    ]
  },
  {
    "timeStamp": 64769,
    "rotation": [
      [
        -0.7374765,
        0.67537117,
        0.00144673453
      ],
      [
        0.6654737,
        0.727031,
        -0.169028491
      ],
      [
        -0.1152088,
        -0.123691782,
        -0.985610068
      ]
    ],
    "translation": [
      2.02337718,
      0.9494857,
      -0.733461559
    ]
  },
  {
    "timeStamp": 64809,
    "rotation": [
      [
        -0.7451573,
        0.666562855,
        -0.0208464619
      ],
      [
        0.6618587,
        0.735343337,
        -0.14564772
      ],
      [
        -0.08175405,
        -0.122327872,
        -0.989116848
      ]
    ],
    "translation": [
      2.04935,
      0.944367647,
      -0.737126648
    ]
  },
  {
    "timeStamp": 64864,
    "rotation": [
      [
        -0.726772964,
        0.6824925,
        -0.07749165
      ],
      [
        0.68687737,
        0.7220187,
        -0.0829967558
      ],
      [
        -0.0006942479,
        -0.113547057,
        -0.99353236
      ]
    ],
    "translation": [
      2.09098649,
      0.928017259,
      -0.74542594
    ]
  },
  {
    "timeStamp": 64919,
    "rotation": [
      [
        -0.7315,
        0.6759645,
        -0.0893289
      ],
      [
        0.68081075,
        0.7312995,
        -0.0412024744
      ],
      [
        0.0374747738,
        -0.09095569,
        -0.995149553
      ]
    ],
    "translation": [
      2.11188841,
      0.9103876,
      -0.7513868
    ]
  },
  {
    "timeStamp": 64964,
    "rotation": [
      [
        -0.7260784,
        0.6850635,
        -0.0591451749
      ],
      [
        0.686417639,
        0.7271984,
        -0.00365103967
      ],
      [
        0.0405090824,
        -0.0432492346,
        -0.9982427
      ]
    ],
    "translation": [
      2.11628151,
      0.897022665,
      -0.7567917
    ]
  },
  {
    "timeStamp": 65019,
    "rotation": [
      [
        -0.735616565,
        0.6753642,
        -0.05245514
      ],
      [
        0.675928354,
        0.7369148,
        0.008804509
      ],
      [
        0.04460122,
        -0.0289791711,
        -0.9985845
      ]
    ],
    "translation": [
      2.122049,
      0.8838896,
      -0.7598349
    ]
  },
  {
    "timeStamp": 65064,
    "rotation": [
      [
        -0.7309481,
        0.6812446,
        -0.0402571075
      ],
      [
        0.679941,
        0.7320473,
        0.0422717147
      ],
      [
        0.0582674854,
        0.00352596934,
        -0.9982948
      ]
    ],
    "translation": [
      2.12470937,
      0.871960938,
      -0.763836443
    ]
  },
  {
    "timeStamp": 65120,
    "rotation": [
      [
        -0.739129841,
        0.67176044,
        -0.0492453836
      ],
      [
        0.6694519,
        0.740717947,
        0.0563130975
      ],
      [
        0.07430585,
        0.008655274,
        -0.9971979
      ]
    ],
    "translation": [
      2.12972164,
      0.8622459,
      -0.76657027
    ]
  },
  {
    "timeStamp": 65164,
    "rotation": [
      [
        -0.762507856,
        0.6443316,
        -0.05846895
      ],
      [
        0.6411298,
        0.764646947,
        0.0653276443
      ],
      [
        0.08680076,
        0.0123266606,
        -0.9961495
      ]
    ],
    "translation": [
      2.13535738,
      0.854121864,
      -0.7685445
    ]
  },
  {
    "timeStamp": 65219,
    "rotation": [
      [
        -0.748720348,
        0.6578639,
        -0.08144237
      ],
      [
        0.6537954,
        0.7531354,
        0.07306622
      ],
      [
        0.109404765,
        0.0014595167,
        -0.9939962
      ]
    ],
    "translation": [
      2.13861322,
      0.847509265,
      -0.768795669
    ]
  },
  {
    "timeStamp": 65264,
    "rotation": [
      [
        -0.7592517,
        0.647272646,
        -0.06763904
      ],
      [
        0.641900361,
        0.7619432,
        0.08606057
      ],
      [
        0.107241757,
        0.0219241083,
        -0.993991256
      ]
    ],
    "translation": [
      2.13898754,
      0.841584742,
      -0.7697727
    ]
  },
  {
    "timeStamp": 65310,
    "rotation": [
      [
        -0.7638009,
        0.643758535,
        -0.04672306
      ],
      [
        0.6357917,
        0.762872756,
        0.117448248
      ],
      [
        0.111252062,
        0.06000095,
        -0.9919793
      ]
    ],
    "translation": [
      2.13683748,
      0.833842933,
      -0.7739819
    ]
  },
  {
    "timeStamp": 65367,
    "rotation": [
      [
        -0.76241225,
        0.645748854,
        -0.0416652672
      ],
      [
        0.6346956,
        0.758798,
        0.146243453
      ],
      [
        0.126052067,
        0.08505304,
        -0.988370836
      ]
    ],
    "translation": [
      2.13500381,
      0.827192,
      -0.777528
    ]
  }
]