[
  {
    "timeStamp": 59949,
    "rotation": [
      [
        -0.348884434,
        -0.1358452,
        0.9272679
      ],
      [
        0.378993154,
        0.884469867,
        0.2721714
      ],
      [
        -0.857113659,
        0.446384549,
        -0.25709337
      ]
    ],
    "translation": [
      1.77709377,
      0.698429346,
      -0.797838
    ]
  },
  {
    "timeStamp": 59989,
    "rotation": [
      [
        -0.348643035,
        -0.137664676,
        0.927090347
      ],
      [
        0.3885183,
        0.8789392,
        0.276621461
      ],
      [
        -0.852937043,
        0.4566337,
        -0.2529508
      ]
    ],
    "translation": [
      1.77710581,
      0.700496852,
      -0.7978199
    ]
  },
  {
    "timeStamp": 60044,
    "rotation": [
      [
        -0.35339725,
        -0.0981162861,
        0.9303137
      ],
      [
        0.37259236,
        0.897436142,
        0.236185059
      ],
      [
        -0.858070731,
        0.4300949,
        -0.280594051
      ]
    ],
    "translation": [
      1.77975118,
      0.724061131,
      -0.7888396
    ]
  },
  {
    "timeStamp": 60100,
    "rotation": [
      [
        -0.362036437,
        0.0253291838,
        0.931819737
      ],
      [
        0.396348447,
        0.908951938,
        0.129284188
      ],
      [
        -0.843704641,
        0.416130871,
        -0.339112878
      ]
    ],
    "translation": [
      1.78515494,
      0.773961544,
      -0.775951564
    ]
  },
  {
    "timeStamp": 60144,
    "rotation": [
      [
        -0.391918033,
        0.1305229,
        0.910694242
      ],
      [
        0.39329654,
        0.918642759,
        0.03759339
      ],
      [
        -0.8316959,
        0.372906446,
        -0.41136685
      ]
    ],
    "translation": [
      1.806121,
      0.82513237,
      -0.76235
    ]
  },
  {
    "timeStamp": 60199,
    "rotation": [
      [
        -0.453742981,
        0.246555254,
        0.8563456
      ],
      [
        0.3918087,
        0.9182925,
        -0.05678712
      ],
      [
        -0.8003769,
        0.309756875,
        -0.513271332
      ]
    ],
    "translation": [
      1.85111463,
      0.886311,
      -0.7439279
    ]
  },
  {
    "timeStamp": 60244,
    "rotation": [
      [
        -0.525897145,
        0.308037847,
        0.792808235
      ],
      [
        0.3739603,
        0.9209274,
        -0.109756492
      ],
      [
        -0.763928,
        0.238758162,
        -0.599507
      ]
    ],
    "translation": [
      1.90164614,
      0.9249339,
      -0.731449068
    ]
  },
  {
    "timeStamp": 60299,
    "rotation": [
      [
        -0.6200244,
        0.32197684,
        0.715472341
      ],
      [
        0.3480518,
        0.9301499,
        -0.116966292
      ],
      [
        -0.703157,
        0.176499486,
        -0.6887802
      ]
    ],
    "translation": [
      1.9730438,
      0.953197241,
      -0.7193992
    ]
  },
  {
    "timeStamp": 60343,
    "rotation": [
      [
        -0.677717149,
        0.3342549,
        0.654960454
      ],
      [
        0.379353255,
        0.9219598,
        -0.0779823959
      ],
      [
        -0.6299132,
        0.195611373,
        -0.7516286
      ]
    ],
    "translation": [
      2.02767563,
      0.9548855,
      -0.7175912
    ]
  },
  {
    "timeStamp": 60399,
    "rotation": [
      [
        -0.677592933,
        0.4448864,
        0.5856142
      ],
      [
        0.5162062,
        0.8548747,
        -0.0521579534
      ],
      [
        -0.523831069,
        0.2669558,
        -0.8089102
      ]
    ],
    "translation": [
      2.07664847,
      0.9429201,
      -0.7246568
    ]
  },
  {
    "timeStamp": 60441,
    "rotation": [
      [
        -0.650613546,
        0.4584928,
        0.6053812
      ],
      [
        0.569373369,
        0.822010159,
        -0.0106440336
      ],
      [
        -0.502509654,
        0.337762743,
        -0.7958645
      ]
    ],
    "translation": [
      2.089254,
      0.9254244,
      -0.7323087
    ]
  },
  {
    "timeStamp": 60499,
    "rotation": [
      [
        -0.6702172,
        0.3212023,
        0.6690575
      ],
      [
        0.5478141,
        0.822305858,
        0.153989568
      ],
      [
        -0.5007081,
        0.469725579,
        -0.72708267
      ]
    ],
    "translation": [
      2.1090734,
      0.8831614,
      -0.7565376
    ]
  },
  {
    "timeStamp": 60544,
    "rotation": [
      [
        -0.625542164,
        0.378230333,
        0.6823773
      ],
      [
        0.6187719,
        0.77324003,
        0.138640434
      ],
      [
        -0.475203425,
        0.5089614,
        -0.717732549
      ]
    ],
    "translation": [
      2.10654259,
      0.8682329,
      -0.7645805
    ]
  },
  {
    "timeStamp": 60599,
    "rotation": [
      [
        -0.6177267,
        0.32130298,
        0.7177591
      ],
      [
        0.6264352,
        0.752807438,
        0.202138126
      ],
      [
        -0.475386828,
        0.574495733,
        -0.6663047
      ]
    ],
    "translation": [
      2.10164762,
      0.8376302,
      -0.778711438
    ]
  },
  {
    "timeStamp": 60643,
    "rotation": [
      [
        -0.61725533,
        0.292013168,
        0.7305643
      ],
      [
        0.637272537,
        0.7301186,
        0.246597946
      ],
      [
        -0.461388737,
        0.6177825,
        -0.636761546
      ]
    ],
    "translation": [
      2.09876823,
      0.812888265,
      -0.786423564
    ]
  },
  {
    "timeStamp": 60699,
    "rotation": [
      [
        -0.5761742,
        0.347640753,
        0.739708841
      ],
      [
        0.7042315,
        0.6705003,
        0.233425349
      ],
      [
        -0.41482684,
        0.655419946,
        -0.6311445
      ]
    ],
    "translation": [
      2.08629084,
      0.7954734,
      -0.7934735
    ]
  },
  {
    "timeStamp": 60743,
    "rotation": [
      [
        -0.581339538,
        0.327643,
        0.7447781
      ],
      [
        0.7075989,
        0.655456662,
        0.2639705
      ],
      [
        -0.401681662,
        0.6804607,
        -0.6128827
      ]
    ],
    "translation": [
      2.083737,
      0.780973,
      -0.7995043
    ]
  },
  {
    "timeStamp": 60799,
    "rotation": [
      [
        -0.5688553,
        0.3548582,
        0.7419429
      ],
      [
        0.730290949,
        0.63285315,
        0.257239133
      ],
      [
        -0.3782575,
        0.688166,
        -0.6191516
      ]
    ],
    "translation": [
      2.07999039,
      0.7754263,
      -0.801038563
    ]
  },
  {
    "timeStamp": 60843,
    "rotation": [
      [
        -0.571459532,
        0.344621032,
        0.744762
      ],
      [
        0.7293629,
        0.6292464,
        0.268474847
      ],
      [
        -0.376116723,
        0.6966243,
        -0.610942662
      ]
    ],
    "translation": [
      2.079601,
      0.7746575,
      -0.803226054
    ]
  }
]