[
  {
    "timeStamp": 48054,
    "rotation": [
      [
        0.9993304,
        0.015054265,
        0.0333487876
      ],
      [
        0.03193945,
        0.08574513,
        -0.995805
      ],
      [
        -0.0178506076,
        0.996203363,
        0.08520689
      ]
    ],
    "translation": [
      1.15298665,
      0.6993856,
      -0.6196261
    ]
  },
  {
    "timeStamp": 48110,
    "rotation": [
      [
        0.9979201,
        0.0639051646,
        0.008464753
      ],
      [
        0.00645968923,
        0.03151728,
        -0.999482334
      ],
      [
        -0.0641388744,
        0.9974582,
        0.0310389176
      ]
    ],
    "translation": [
      1.15472484,
      0.703797042,
      -0.616625965
    ]
  },
  {
    "timeStamp": 48154,
    "rotation": [
      [
        0.994645357,
        0.100538194,
        -0.02393234
      ],
      [
        -0.0257312488,
        0.0166341178,
        -0.9995305
      ],
      [
        -0.1000929,
        0.9947942,
        0.01913202
      ]
    ],
    "translation": [
      1.16108942,
      0.7151903,
      -0.613403261
    ]
  },
  {
    "timeStamp": 48207,
    "rotation": [
      [
        0.9936891,
        0.09844479,
        -0.0537638329
      ],
      [
        -0.0549847633,
        0.009729417,
        -0.9984398
      ],
      [
        -0.0977681,
        0.995094955,
        0.0150809791
      ]
    ],
    "translation": [
      1.17720914,
      0.7343411,
      -0.619564354
    ]
  },
  {
    "timeStamp": 48252,
    "rotation": [
      [
        0.990878344,
        0.1091621,
        -0.0790171847
      ],
      [
        -0.07793384,
        -0.0141620282,
        -0.996857941
      ],
      [
        -0.109938152,
        0.993923,
        -0.00552542554
      ]
    ],
    "translation": [
      1.19903123,
      0.754873455,
      -0.62967
    ]
  },
  {
    "timeStamp": 48308,
    "rotation": [
      [
        0.9860299,
        0.11290215,
        -0.122466706
      ],
      [
        -0.111636333,
        -0.09773426,
        -0.9889314
      ],
      [
        -0.123621672,
        0.9887877,
        -0.0837649256
      ]
    ],
    "translation": [
      1.238095,
      0.7842881,
      -0.653306067
    ]
  },
  {
    "timeStamp": 48352,
    "rotation": [
      [
        0.988155544,
        0.08032379,
        -0.130754784
      ],
      [
        -0.118642949,
        -0.140517861,
        -0.982943833
      ],
      [
        -0.09732716,
        0.986814559,
        -0.129323646
      ]
    ],
    "translation": [
      1.27838445,
      0.8054525,
      -0.681880534
    ]
  },
  {
    "timeStamp": 48408,
    "rotation": [
      [
        0.993441761,
        0.0435908064,
        -0.105704211
      ],
      [
        -0.09529377,
        -0.195240021,
        -0.976115
      ],
      [
        -0.0631873161,
        0.979786336,
        -0.189805642
      ]
    ],
    "translation": [
      1.33890557,
      0.8229227,
      -0.7232743
    ]
  },
  {
    "timeStamp": 48452,
    "rotation": [
      [
        0.9954371,
        0.04132905,
        -0.08600558
      ],
      [
        -0.07516468,
        -0.215624124,
        -0.9735792
      ],
      [
        -0.05878198,
        0.975601435,
        -0.211533755
      ]
    ],
    "translation": [
      1.39187419,
      0.83281374,
      -0.751636863
    ]
  },
  {
    "timeStamp": 48508,
    "rotation": [
      [
        0.9980297,
        0.0549616627,
        -0.0302627217
      ],
      [
        -0.0158441868,
        -0.245924726,
        -0.9691594
      ],
      [
        -0.0607089661,
        0.9677294,
        -0.244569376
      ]
    ],
    "translation": [
      1.4610647,
      0.836813867,
      -0.7855625
    ]
  },
  {
    "timeStamp": 48552,
    "rotation": [
      [
        0.995728254,
        0.09176435,
        -0.0102274669
      ],
      [
        0.0153470337,
        -0.273713231,
        -0.9616889
      ],
      [
        -0.09104816,
        0.957423866,
        -0.2739523
      ]
    ],
    "translation": [
      1.51378739,
      0.841003537,
      -0.8065513
    ]
  },
  {
    "timeStamp": 48608,
    "rotation": [
      [
        0.9866782,
        0.1626833,
        -0.0006726988
      ],
      [
        0.0463637,
        -0.285155684,
        -0.9573592
      ],
      [
        -0.155938163,
        0.944574237,
        -0.288899481
      ]
    ],
    "translation": [
      1.57627773,
      0.8479237,
      -0.8215851
    ]
  },
  {
    "timeStamp": 48653,
    "rotation": [
      [
        0.9740192,
        0.2263756,
        0.006380776
      ],
      [
        0.07088296,
        -0.277984,
        -0.957966864
      ],
      [
        -0.215086564,
        0.9335304,
        -0.286807925
      ]
    ],
    "translation": [
      1.62335992,
      0.8530556,
      -0.8278546
    ]
  },
  {
    "timeStamp": 48710,
    "rotation": [
      [
        0.947361946,
        0.320115268,
        -0.005609876
      ],
      [
        0.08263782,
        -0.2614147,
        -0.961682558
      ],
      [
        -0.309315771,
        0.910597861,
        -0.274108
      ]
    ],
    "translation": [
      1.679063,
      0.861377358,
      -0.8257394
    ]
  },
  {
    "timeStamp": 48754,
    "rotation": [
      [
        0.9171863,
        0.398316264,
        -0.0106492219
      ],
      [
        0.09370939,
        -0.241603032,
        -0.9658398
      ],
      [
        -0.38728258,
        0.8848572,
        -0.258920968
      ]
    ],
    "translation": [
      1.7218765,
      0.868426263,
      -0.8222475
    ]
  },
  {
    "timeStamp": 48810,
    "rotation": [
      [
        0.864344239,
        0.5017023,
        -0.0346953645
      ],
      [
        0.09059903,
        -0.223204881,
        -0.9705521
      ],
      [
        -0.4946724,
        0.8357477,
        -0.238379613
      ]
    ],
    "translation": [
      1.77555847,
      0.8794553,
      -0.8118562
    ]
  },
  {
    "timeStamp": 48854,
    "rotation": [
      [
        0.8178671,
        0.5731616,
        -0.0507862233
      ],
      [
        0.08084073,
        -0.201842174,
        -0.976076066
      ],
      [
        -0.5697001,
        0.7941949,
        -0.211414874
      ]
    ],
    "translation": [
      1.81502247,
      0.8900034,
      -0.804716766
    ]
  },
  {
    "timeStamp": 48910,
    "rotation": [
      [
        0.760271251,
        0.6446262,
        -0.0802791938
      ],
      [
        0.0450241938,
        -0.17557469,
        -0.983436
      ],
      [
        -0.648043633,
        0.744063556,
        -0.16250816
      ]
    ],
    "translation": [
      1.86011219,
      0.9069944,
      -0.7944472
    ]
  },
  {
    "timeStamp": 48954,
    "rotation": [
      [
        0.725512743,
        0.682137251,
        -0.09121454
      ],
      [
        0.0179314259,
        -0.151230678,
        -0.988335848
      ],
      [
        -0.6879751,
        0.715414643,
        -0.121951476
      ]
    ],
    "translation": [
      1.89137125,
      0.920146346,
      -0.789367259
    ]
  },
  {
    "timeStamp": 49010,
    "rotation": [
      [
        0.6765871,
        0.725877,
        -0.123824589
      ],
      [
        -0.031971924,
        -0.139040262,
        -0.9897705
      ],
      [
        -0.7356682,
        0.6736249,
        -0.07086516
      ]
    ],
    "translation": [
      1.92907858,
      0.9397061,
      -0.778893352
    ]
  },
  {
    "timeStamp": 49054,
    "rotation": [
      [
        0.6200959,
        0.768113732,
        -0.159631968
      ],
      [
        -0.07079028,
        -0.147862956,
        -0.9864711
      ],
      [
        -0.7813257,
        0.6230071,
        -0.037314225
      ]
    ],
    "translation": [
      1.96167994,
      0.9549888,
      -0.76870805
    ]
  },
  {
    "timeStamp": 49110,
    "rotation": [
      [
        0.514164746,
        0.813210249,
        -0.272623628
      ],
      [
        -0.145436928,
        -0.23059018,
        -0.9621207
      ],
      [
        -0.845270753,
        0.5343381,
        -0.0002905403
      ]
    ],
    "translation": [
      2.0037806,
      0.9780969,
      -0.7520609
    ]
  },
  {
    "timeStamp": 49154,
    "rotation": [
      [
        0.4131662,
        0.829498,
        -0.375801444
      ],
      [
        -0.20431985,
        -0.3177114,
        -0.9259119
      ],
      [
        -0.8874385,
        0.459339172,
        0.038215287
      ]
    ],
    "translation": [
      2.037864,
      0.9939643,
      -0.740231633
    ]
  },
  {
    "timeStamp": 49210,
    "rotation": [
      [
        0.2901568,
        0.797244966,
        -0.5293482
      ],
      [
        -0.314860642,
        -0.4428171,
        -0.839509249
      ],
      [
        -0.903699,
        0.41026023,
        0.12253467
      ]
    ],
    "translation": [
      2.074382,
      1.01706982,
      -0.7263389
    ]
  },
  {
    "timeStamp": 49254,
    "rotation": [
      [
        0.216093719,
        0.7426145,
        -0.6338984
      ],
      [
        -0.416512668,
        -0.5170861,
        -0.7477561
      ],
      [
        -0.8830745,
        0.4256121,
        0.1975693
      ]
    ],
    "translation": [
      2.0950985,
      1.02981877,
      -0.7209159
    ]
  },
  {
    "timeStamp": 49309,
    "rotation": [
      [
        0.1777932,
        0.7331364,
        -0.6564301
      ],
      [
        -0.439790666,
        -0.537539065,
        -0.7194692
      ],
      [
        -0.880326,
        0.4166086,
        0.226855755
      ]
    ],
    "translation": [
      2.11114645,
      1.02546287,
      -0.7127693
    ]
  },
  {
    "timeStamp": 49354,
    "rotation": [
      [
        0.181153491,
        0.725226164,
        -0.6642518
      ],
      [
        -0.414233,
        -0.556322455,
        -0.720358431
      ],
      [
        -0.891961,
        0.4056505,
        0.199632853
      ]
    ],
    "translation": [
      2.11365771,
      1.01364541,
      -0.7084312
    ]
  },
  {
    "timeStamp": 49407,
    "rotation": [
      [
        0.196761474,
        0.72766,
        -0.6571117
      ],
      [
        -0.413349062,
        -0.5461755,
        -0.7285842
      ],
      [
        -0.889059842,
        0.414973825,
        0.193311274
      ]
    ],
    "translation": [
      2.11558366,
      1.00786746,
      -0.7069285
    ]
  },
  {
    "timeStamp": 49460,
    "rotation": [
      [
        0.236349538,
        0.731137455,
        -0.6399819
      ],
      [
        -0.423490137,
        -0.5152841,
        -0.74507606
      ],
      [
        -0.874525547,
        0.447124451,
        0.187842339
      ]
    ],
    "translation": [
      2.119055,
      1.00738347,
      -0.709332168
    ]
  },
  {
    "timeStamp": 49504,
    "rotation": [
      [
        0.2730171,
        0.732474566,
        -0.623652637
      ],
      [
        -0.442836642,
        -0.47982198,
        -0.7574078
      ],
      [
        -0.854024231,
        0.482961565,
        0.19336696
      ]
    ],
    "translation": [
      2.12403917,
      1.0145005,
      -0.7138226
    ]
  },
  {
    "timeStamp": 49560,
    "rotation": [
      [
        0.3756929,
        0.6746913,
        -0.63533175
      ],
      [
        -0.4785733,
        -0.445826977,
        -0.7564429
      ],
      [
        -0.7936135,
        0.588243067,
        0.155395225
      ]
    ],
    "translation": [
      2.12657452,
      1.02848327,
      -0.7299093
    ]
  },
  {
    "timeStamp": 49604,
    "rotation": [
      [
        0.545300663,
        0.645377755,
        -0.534915566
      ],
      [
        -0.418597817,
        -0.343218476,
        -0.8408192
      ],
      [
        -0.726238966,
        0.682413757,
        0.08299647
      ]
    ],
    "translation": [
      2.12824225,
      1.02444458,
      -0.7472664
    ]
  },
  {
    "timeStamp": 49660,
    "rotation": [
      [
        0.7268803,
        0.6252532,
        -0.2840835
      ],
      [
        -0.246117041,
        -0.149017543,
        -0.9577161
      ],
      [
        -0.641148448,
        0.7660628,
        0.04556754
      ]
    ],
    "translation": [
      2.14726186,
      0.9986515,
      -0.765548766
    ]
  },
  {
    "timeStamp": 49703,
    "rotation": [
      [
        0.7989065,
        0.5856935,
        -0.136789635
      ],
      [
        -0.099188365,
        -0.09601893,
        -0.990425169
      ],
      [
        -0.593219936,
        0.804825068,
        -0.018616179
      ]
    ],
    "translation": [
      2.16149545,
      0.9800734,
      -0.7762397
    ]
  },
  {
    "timeStamp": 49759,
    "rotation": [
      [
        0.8769767,
        0.46241346,
        0.130711868
      ],
      [
        0.132404983,
        0.02895602,
        -0.990772665
      ],
      [
        -0.461931527,
        0.8861914,
        -0.0358320922
      ]
    ],
    "translation": [
      2.18924117,
      0.9558338,
      -0.7875253
    ]
  },
  {
    "timeStamp": 49804,
    "rotation": [
      [
        0.895670354,
        0.3790996,
        0.2325039
      ],
      [
        0.236278445,
        0.03726422,
        -0.9709706
      ],
      [
        -0.376758635,
        0.92460525,
        -0.0561966076
      ]
    ],
    "translation": [
      2.199916,
      0.946116567,
      -0.793019056
    ]
  },
  {
    "timeStamp": 49859,
    "rotation": [
      [
        0.900278747,
        0.302817047,
        0.312729925
      ],
      [
        0.325436026,
        0.008948676,
        -0.9455217
      ],
      [
        -0.289118618,
        0.9530067,
        -0.09049127
      ]
    ],
    "translation": [
      2.20575976,
      0.936592638,
      -0.7997738
    ]
  },
  {
    "timeStamp": 49904,
    "rotation": [
      [
        0.880792558,
        0.227858961,
        0.415071964
      ],
      [
        0.4286905,
        -0.01150018,
        -0.903378248
      ],
      [
        -0.201069415,
        0.9736262,
        -0.107810244
      ]
    ],
    "translation": [
      2.21170139,
      0.9240822,
      -0.798851132
    ]
  },
  {
    "timeStamp": 49959,
    "rotation": [
      [
        0.87246114,
        0.169292271,
        0.458423018
      ],
      [
        0.472862422,
        -0.05569454,
        -0.8793743
      ],
      [
        -0.123339608,
        0.983991,
        -0.128643274
      ]
    ],
    "translation": [
      2.2118597,
      0.910816431,
      -0.7987528
    ]
  },
  {
    "timeStamp": 50004,
    "rotation": [
      [
        0.8657882,
        0.145863682,
        0.4786799
      ],
      [
        0.4939413,
        -0.09578836,
        -0.864202857
      ],
      [
        -0.0802038461,
        0.984656453,
        -0.15498054
      ]
    ],
    "translation": [
      2.21016717,
      0.9001337,
      -0.7955826
    ]
  },
  {
    "timeStamp": 50059,
    "rotation": [
      [
        0.856102347,
        0.106351018,
        0.505745232
      ],
      [
        0.5147765,
        -0.08883271,
        -0.8527098
      ],
      [
        -0.0457598381,
        0.9903526,
        -0.1307969
      ]
    ],
    "translation": [
      2.20653987,
      0.8849755,
      -0.7890753
    ]
  },
  {
    "timeStamp": 50104,
    "rotation": [
      [
        0.8577664,
        0.08013272,
        0.507755339
      ],
      [
        0.513709664,
        -0.09824373,
        -0.8523207
      ],
      [
        -0.0184149984,
        0.991930842,
        -0.125435129
      ]
    ],
    "translation": [
      2.20068979,
      0.8772093,
      -0.786150336
    ]
  },
  {
    "timeStamp": 50160,
    "rotation": [
      [
        0.8577709,
        0.0637845546,
        0.5100594
      ],
      [
        0.513962269,
        -0.122784033,
        -0.8489799
      ],
      [
        0.008475343,
        0.990381539,
        -0.138103426
      ]
    ],
    "translation": [
      2.19316578,
      0.8686713,
      -0.7875767
    ]
  },
  {
    "timeStamp": 50204,
    "rotation": [
      [
        0.8531348,
        0.04745504,
        0.519527733
      ],
      [
        0.520915,
        -0.1317723,
        -0.843376338
      ],
      [
        0.0284369141,
        0.9901435,
        -0.137139574
      ]
    ],
    "translation": [
      2.19041228,
      0.8619808,
      -0.786952734
    ]
  },
  {
    "timeStamp": 50259,
    "rotation": [
      [
        0.8558724,
        0.04753141,
        0.5149982
      ],
      [
        0.5151856,
        -0.165870845,
        -0.8408749
      ],
      [
        0.04545523,
        0.9850013,
        -0.166451782
      ]
    ],
    "translation": [
      2.184775,
      0.8520356,
      -0.7911731
    ]
  },
  {
    "timeStamp": 50304,
    "rotation": [
      [
        0.8497731,
        0.0434552655,
        0.5253544
      ],
      [
        0.5245919,
        -0.167744547,
        -0.834664643
      ],
      [
        0.05185477,
        0.9848723,
        -0.165341109
      ]
    ],
    "translation": [
      2.181965,
      0.843832254,
      -0.7910283
    ]
  },
  {
    "timeStamp": 50349,
    "rotation": [
      [
        0.8324716,
        0.0280591976,
        0.5533567
      ],
      [
        0.550246239,
        -0.1589625,
        -0.819731653
      ],
      [
        0.064961955,
        0.986885846,
        -0.147771239
      ]
    ],
    "translation": [
      2.182582,
      0.834615231,
      -0.7908237
    ]
  },
  {
    "timeStamp": 50406,
    "rotation": [
      [
        0.825864255,
        0.0249125883,
        0.563318431
      ],
      [
        0.559677362,
        -0.157803461,
        -0.8135474
      ],
      [
        0.06862602,
        0.9871563,
        -0.144267246
      ]
    ],
    "translation": [
      2.17977667,
      0.8265332,
      -0.7900786
    ]
  },
  {
    "timeStamp": 50452,
    "rotation": [
      [
        0.830548346,
        0.03706732,
        0.5557116
      ],
      [
        0.554201663,
        -0.153943717,
        -0.818023145
      ],
      [
        0.055226393,
        0.9873841,
        -0.148400471
      ]
    ],
    "translation": [
      2.1744647,
      0.822727144,
      -0.78639704
    ]
  },
  {
    "timeStamp": 50509,
    "rotation": [
      [
        0.8262469,
        0.0302737728,
        0.56249404
      ],
      [
        0.5605771,
        -0.142398223,
        -0.815767169
      ],
      [
        0.0554017946,
        0.9893463,
        -0.13462688
      ]
    ],
    "translation": [
      2.17107081,
      0.817798,
      -0.782574236
    ]
  },
  {
    "timeStamp": 50554,
    "rotation": [
      [
        0.824369431,
        0.0213618949,
        0.565648854
      ],
      [
        0.5634338,
        -0.126968816,
        -0.8163463
      ],
      [
        0.05438106,
        0.9916766,
        -0.116705231
      ]
    ],
    "translation": [
      2.16805434,
      0.814204454,
      -0.7791449
    ]
  },
  {
    "timeStamp": 50612,
    "rotation": [
      [
        0.822277,
        0.0167515539,
        0.5688409
      ],
      [
        0.5657543,
        -0.1320893,
        -0.8139254
      ],
      [
        0.0615032762,
        0.991096258,
        -0.118091263
      ]
    ],
    "translation": [
      2.16538882,
      0.8122692,
      -0.7768605
    ]
  },
  {
    "timeStamp": 50653,
    "rotation": [
      [
        0.8119293,
        0.00195339462,
        0.5837526
      ],
      [
        0.5797512,
        -0.119630836,
        -0.805963457
      ],
      [
        0.06826044,
        0.9928165,
        -0.0982642546
      ]
    ],
    "translation": [
      2.165237,
      0.8085274,
      -0.775575161
    ]
  },
  {
    "timeStamp": 50706,
    "rotation": [
      [
        0.806975961,
        -0.00263559329,
        0.5905783
      ],
      [
        0.586192667,
        -0.118147485,
        -0.801510632
      ],
      [
        0.0718878061,
        0.9929925,
        -0.09379722
      ]
    ],
    "translation": [
      2.16512442,
      0.806644261,
      -0.7750325
    ]
  },
  {
    "timeStamp": 50750,
    "rotation": [
      [
        0.804393947,
        0.00849963352,
        0.5940355
      ],
      [
        0.5900754,
        -0.127567157,
        -0.797206163
      ],
      [
        0.06900346,
        0.9917936,
        -0.107629664
      ]
    ],
    "translation": [
      2.16434455,
      0.805523753,
      -0.7758393
    ]
  }
]