[
  {
    "timeStamp": 39708,
    "rotation": [
      [
        0.998842955,
        0.00116530235,
        -0.04807644
      ],
      [
        0.0480744466,
        0.00168153353,
        0.998842359
      ],
      [
        0.00124479411,
        -0.999997854,
        0.00162356673
      ]
    ],
    "translation": [
      1.61595678,
      0.7019626,
      -0.490116149
    ]
  },
  {
    "timeStamp": 39754,
    "rotation": [
      [
        0.999473155,
        0.00678153941,
        -0.0317381769
      ],
      [
        0.031795647,
        -0.008541726,
        0.9994579
      ],
      [
        0.00650676666,
        -0.999940455,
        -0.008752849
      ]
    ],
    "translation": [
      1.61406124,
      0.7039046,
      -0.489366919
    ]
  },
  {
    "timeStamp": 39808,
    "rotation": [
      [
        0.998215437,
        0.0127185006,
        -0.0583451837
      ],
      [
        0.0586379,
        -0.0240048282,
        0.997990668
      ],
      [
        0.0112923821,
        -0.9996309,
        -0.0247077756
      ]
    ],
    "translation": [
      1.61556339,
      0.704936266,
      -0.487798333
    ]
  },
  {
    "timeStamp": 39852,
    "rotation": [
      [
        0.9992874,
        -0.00751769,
        -0.0369879231
      ],
      [
        0.0367826633,
        -0.0258187428,
        0.9989897
      ],
      [
        -0.008465079,
        -0.9996383,
        -0.0255238246
      ]
    ],
    "translation": [
      1.616468,
      0.7064216,
      -0.48752895
    ]
  },
  {
    "timeStamp": 39908,
    "rotation": [
      [
        0.9991029,
        -0.0033202183,
        -0.04221909
      ],
      [
        0.0421654657,
        -0.0148351612,
        0.9990005
      ],
      [
        -0.003943231,
        -0.9998845,
        -0.0146818534
      ]
    ],
    "translation": [
      1.61652553,
      0.7049644,
      -0.489140958
    ]
  },
  {
    "timeStamp": 39952,
    "rotation": [
      [
        0.9988118,
        -0.002274484,
        -0.0486805849
      ],
      [
        0.04865265,
        -0.011045849,
        0.9987547
      ],
      [
        -0.00280936947,
        -0.9999364,
        -0.010922065
      ]
    ],
    "translation": [
      1.61701369,
      0.7034444,
      -0.490274519
    ]
  },
  {
    "timeStamp": 40008,
    "rotation": [
      [
        0.999560237,
        -0.006149989,
        -0.029009318
      ],
      [
        0.0288809426,
        -0.02002523,
        0.999382257
      ],
      [
        -0.00672710128,
        -0.9997806,
        -0.0198388044
      ]
    ],
    "translation": [
      1.616206,
      0.705160737,
      -0.490448654
    ]
  },
  {
    "timeStamp": 40052,
    "rotation": [
      [
        0.99974227,
        -0.0136708533,
        -0.01812366
      ],
      [
        0.0177289713,
        -0.0284597129,
        0.9994377
      ],
      [
        -0.0141789755,
        -0.9995014,
        -0.0282100085
      ]
    ],
    "translation": [
      1.61643839,
      0.7090932,
      -0.489863962
    ]
  },
  {
    "timeStamp": 40108,
    "rotation": [
      [
        0.9998751,
        -0.0155894682,
        -0.00259001926
      ],
      [
        0.00212973449,
        -0.0294698849,
        0.9995634
      ],
      [
        -0.01565899,
        -0.9994441,
        -0.0294330027
      ]
    ],
    "translation": [
      1.61662555,
      0.713786244,
      -0.4904677
    ]
  },
  {
    "timeStamp": 40152,
    "rotation": [
      [
        0.9999144,
        -0.0120789073,
        0.005032481
      ],
      [
        -0.00544979936,
        -0.03476882,
        0.9993805
      ],
      [
        -0.0118964538,
        -0.9993224,
        -0.03483167
      ]
    ],
    "translation": [
      1.61708748,
      0.7194102,
      -0.49076286
    ]
  },
  {
    "timeStamp": 40208,
    "rotation": [
      [
        0.9995126,
        -0.0136758415,
        0.0280614682
      ],
      [
        -0.0286421012,
        -0.0442926064,
        0.998607934
      ],
      [
        -0.0124138929,
        -0.998925,
        -0.0446627252
      ]
    ],
    "translation": [
      1.618623,
      0.7291122,
      -0.4917313
    ]
  },
  {
    "timeStamp": 40252,
    "rotation": [
      [
        0.999149859,
        -0.0125985015,
        0.03925172
      ],
      [
        -0.03981535,
        -0.0481368229,
        0.9980469
      ],
      [
        -0.0106844325,
        -0.998761237,
        -0.04859752
      ]
    ],
    "translation": [
      1.62127006,
      0.7373167,
      -0.4942037
    ]
  },
  {
    "timeStamp": 40308,
    "rotation": [
      [
        0.998742759,
        -0.01644038,
        0.04735588
      ],
      [
        -0.0482580028,
        -0.05967787,
        0.9970505
      ],
      [
        -0.0135658057,
        -0.9980823,
        -0.0603962168
      ]
    ],
    "translation": [
      1.62786067,
      0.74881655,
      -0.499985963
    ]
  },
  {
    "timeStamp": 40352,
    "rotation": [
      [
        0.9981975,
        -0.0176843833,
        0.05735024
      ],
      [
        -0.0584297068,
        -0.06818643,
        0.9959601
      ],
      [
        -0.0137024187,
        -0.997515857,
        -0.06909682
      ]
    ],
    "translation": [
      1.63392067,
      0.7594182,
      -0.507900536
    ]
  },
  {
    "timeStamp": 40408,
    "rotation": [
      [
        0.99703604,
        -0.0232754964,
        0.0733314157
      ],
      [
        -0.07495691,
        -0.07903932,
        0.99404943
      ],
      [
        -0.01734094,
        -0.9965998,
        -0.0805497
      ]
    ],
    "translation": [
      1.64315748,
      0.773495853,
      -0.523896635
    ]
  },
  {
    "timeStamp": 40452,
    "rotation": [
      [
        0.9967511,
        -0.0193748269,
        0.07817777
      ],
      [
        -0.07966004,
        -0.0938280746,
        0.992396355
      ],
      [
        -0.0118922153,
        -0.9953999,
        -0.09506664
      ]
    ],
    "translation": [
      1.6517601,
      0.785061657,
      -0.540066957
    ]
  },
  {
    "timeStamp": 40508,
    "rotation": [
      [
        0.9953551,
        -0.0291906018,
        0.09173961
      ],
      [
        -0.094475776,
        -0.112966955,
        0.98909694
      ],
      [
        -0.0185087714,
        -0.9931699,
        -0.115200035
      ]
    ],
    "translation": [
      1.665531,
      0.7992175,
      -0.5625453
    ]
  },
  {
    "timeStamp": 40552,
    "rotation": [
      [
        0.9923555,
        -0.0467567854,
        0.114211544
      ],
      [
        -0.118880548,
        -0.113696076,
        0.986377537
      ],
      [
        -0.033134453,
        -0.9924148,
        -0.118385404
      ]
    ],
    "translation": [
      1.67767608,
      0.809000731,
      -0.583774149
    ]
  },
  {
    "timeStamp": 40608,
    "rotation": [
      [
        0.9900156,
        -0.07142235,
        0.12152309
      ],
      [
        -0.130057961,
        -0.130429372,
        0.9828902
      ],
      [
        -0.05435016,
        -0.9888817,
        -0.138416171
      ]
    ],
    "translation": [
      1.69755924,
      0.822845042,
      -0.611340463
    ]
  },
  {
    "timeStamp": 40652,
    "rotation": [
      [
        0.9871809,
        -0.09658752,
        0.127061561
      ],
      [
        -0.1398094,
        -0.139301956,
        0.9803307
      ],
      [
        -0.07698779,
        -0.9855282,
        -0.15102008
      ]
    ],
    "translation": [
      1.71645069,
      0.8340804,
      -0.6340582
    ]
  },
  {
    "timeStamp": 40707,
    "rotation": [
      [
        0.982443869,
        -0.140768886,
        0.122426406
      ],
      [
        -0.142998338,
        -0.1467592,
        0.9787815
      ],
      [
        -0.1198148,
        -0.979104638,
        -0.164312392
      ]
    ],
    "translation": [
      1.74590158,
      0.8482383,
      -0.6607548
    ]
  },
  {
    "timeStamp": 40752,
    "rotation": [
      [
        0.9783118,
        -0.171609119,
        0.116001524
      ],
      [
        -0.144230843,
        -0.1624079,
        0.9761256
      ],
      [
        -0.1486725,
        -0.9716862,
        -0.183636889
      ]
    ],
    "translation": [
      1.77218127,
      0.8621293,
      -0.680463731
    ]
  },
  {
    "timeStamp": 40808,
    "rotation": [
      [
        0.973769,
        -0.206980765,
        0.09451353
      ],
      [
        -0.131943211,
        -0.175236374,
        0.975645
      ],
      [
        -0.185377523,
        -0.962523341,
        -0.197949469
      ]
    ],
    "translation": [
      1.80925691,
      0.878123164,
      -0.701788366
    ]
  },
  {
    "timeStamp": 40852,
    "rotation": [
      [
        0.9654571,
        -0.245861679,
        0.0862831
      ],
      [
        -0.136426285,
        -0.194853947,
        0.971298
      ],
      [
        -0.221992329,
        -0.9495178,
        -0.2216651
      ]
    ],
    "translation": [
      1.841349,
      0.8925785,
      -0.7159058
    ]
  },
  {
    "timeStamp": 40907,
    "rotation": [
      [
        0.9567705,
        -0.2836104,
        0.06446256
      ],
      [
        -0.131476879,
        -0.224053085,
        0.965667665
      ],
      [
        -0.259430349,
        -0.9323976,
        -0.251655579
      ]
    ],
    "translation": [
      1.8832612,
      0.9112856,
      -0.7299885
    ]
  },
  {
    "timeStamp": 40952,
    "rotation": [
      [
        0.9432371,
        -0.3251042,
        0.0679042041
      ],
      [
        -0.149226591,
        -0.232201785,
        0.9611523
      ],
      [
        -0.296707183,
        -0.916727662,
        -0.267535537
      ]
    ],
    "translation": [
      1.91730809,
      0.924510241,
      -0.739978731
    ]
  },
  {
    "timeStamp": 41007,
    "rotation": [
      [
        0.931090534,
        -0.3600398,
        0.05866682
      ],
      [
        -0.15606986,
        -0.247807458,
        0.956155658
      ],
      [
        -0.329716027,
        -0.8994236,
        -0.286922544
      ]
    ],
    "translation": [
      1.95779932,
      0.9389677,
      -0.7475226
    ]
  },
  {
    "timeStamp": 41052,
    "rotation": [
      [
        0.925560832,
        -0.3776348,
        0.0270008016
      ],
      [
        -0.138323963,
        -0.2709123,
        0.9526138
      ],
      [
        -0.352425247,
        -0.8854369,
        -0.302981764
      ]
    ],
    "translation": [
      1.99341834,
      0.9499357,
      -0.7498111
    ]
  },
  {
    "timeStamp": 41107,
    "rotation": [
      [
        0.9167689,
        -0.399411082,
        -0.00234171376
      ],
      [
        -0.123872995,
        -0.289889872,
        0.949009657
      ],
      [
        -0.379723817,
        -0.8697325,
        -0.315238267
      ]
    ],
    "translation": [
      2.0384028,
      0.960412264,
      -0.748340666
    ]
  },
  {
    "timeStamp": 41157,
    "rotation": [
      [
        0.910557032,
        -0.413142532,
        -0.014108954
      ],
      [
        -0.120248474,
        -0.2973708,
        0.9471594
      ],
      [
        -0.395507425,
        -0.8607461,
        -0.320452839
      ]
    ],
    "translation": [
      2.072051,
      0.9665313,
      -0.7434015
    ]
  },
  {
    "timeStamp": 41202,
    "rotation": [
      [
        0.906108856,
        -0.422097325,
        -0.0282944441
      ],
      [
        -0.113013573,
        -0.305971146,
        0.9453093
      ],
      [
        -0.4076698,
        -0.8533554,
        -0.324945867
      ]
    ],
    "translation": [
      2.11339426,
      0.972363234,
      -0.733532548
    ]
  },
  {
    "timeStamp": 41261,
    "rotation": [
      [
        0.9077303,
        -0.4177383,
        -0.0389926322
      ],
      [
        -0.10199324,
        -0.309863567,
        0.9452946
      ],
      [
        -0.406968147,
        -0.8540955,
        -0.323879033
      ]
    ],
    "translation": [
      2.14963412,
      0.9746832,
      -0.7185953
    ]
  },
  {
    "timeStamp": 41302,
    "rotation": [
      [
        0.9092399,
        -0.413049459,
        -0.0517010428
      ],
      [
        -0.08873055,
        -0.313654,
        0.9453825
      ],
      [
        -0.406705976,
        -0.854992,
        -0.321836829
      ]
    ],
    "translation": [
      2.169156,
      0.9742003,
      -0.7087016
    ]
  },
  {
    "timeStamp": 41358,
    "rotation": [
      [
        0.912756,
        -0.407830417,
        -0.0234686546
      ],
      [
        -0.103018336,
        -0.2853953,
        0.952857137
      ],
      [
        -0.395302,
        -0.8673084,
        -0.3025103
      ]
    ],
    "translation": [
      2.19643569,
      0.9696233,
      -0.6896037
    ]
  },
  {
    "timeStamp": 41402,
    "rotation": [
      [
        0.9234493,
        -0.3812938,
        -0.04308706
      ],
      [
        -0.07679625,
        -0.293662339,
        0.9528194
      ],
      [
        -0.3759572,
        -0.8765715,
        -0.300464183
      ]
    ],
    "translation": [
      2.210445,
      0.9671286,
      -0.675003767
    ]
  },
  {
    "timeStamp": 41458,
    "rotation": [
      [
        0.929200232,
        -0.3691453,
        -0.0178508069
      ],
      [
        -0.0883752555,
        -0.268835664,
        0.959123135
      ],
      [
        -0.358854741,
        -0.889639854,
        -0.2824255
      ]
    ],
    "translation": [
      2.219663,
      0.959696531,
      -0.661199331
    ]
  },
  {
    "timeStamp": 41503,
    "rotation": [
      [
        0.936181068,
        -0.3513182,
        -0.0118510406
      ],
      [
        -0.08549543,
        -0.260267943,
        0.9617438
      ],
      [
        -0.340962559,
        -0.8993531,
        -0.273694038
      ]
    ],
    "translation": [
      2.22446728,
      0.954241633,
      -0.651248455
    ]
  },
  {
    "timeStamp": 41557,
    "rotation": [
      [
        0.944853067,
        -0.3273584,
        -0.009437355
      ],
      [
        -0.07694928,
        -0.249924034,
        0.965203
      ],
      [
        -0.318325937,
        -0.9112488,
        -0.2613315
      ]
    ],
    "translation": [
      2.228319,
      0.9458044,
      -0.6401659
    ]
  },
  {
    "timeStamp": 41609,
    "rotation": [
      [
        0.9456686,
        -0.32488215,
        0.0127465734
      ],
      [
        -0.08927105,
        -0.221753687,
        0.9710077
      ],
      [
        -0.312636465,
        -0.919389367,
        -0.238708079
      ]
    ],
    "translation": [
      2.22955966,
      0.934987843,
      -0.632986248
    ]
  },
  {
    "timeStamp": 41657,
    "rotation": [
      [
        0.9469952,
        -0.3204065,
        0.0232337452
      ],
      [
        -0.0900448859,
        -0.195320845,
        0.976597
      ],
      [
        -0.30837,
        -0.926924765,
        -0.213818863
      ]
    ],
    "translation": [
      2.23152113,
      0.9214981,
      -0.624588668
    ]
  },
  {
    "timeStamp": 41702,
    "rotation": [
      [
        0.946492434,
        -0.32032764,
        0.0392712541
      ],
      [
        -0.09766495,
        -0.168323562,
        0.980881631
      ],
      [
        -0.307593226,
        -0.9322325,
        -0.190601766
      ]
    ],
    "translation": [
      2.23114181,
      0.9103286,
      -0.6193737
    ]
  },
  {
    "timeStamp": 41758,
    "rotation": [
      [
        0.949143052,
        -0.312467039,
        0.0386257358
      ],
      [
        -0.0924010351,
        -0.159171656,
        0.9829173
      ],
      [
        -0.300981134,
        -0.936498165,
        -0.179948941
      ]
    ],
    "translation": [
      2.22998857,
      0.900942445,
      -0.613461435
    ]
  },
  {
    "timeStamp": 41802,
    "rotation": [
      [
        0.9507307,
        -0.308044851,
        0.03492238
      ],
      [
        -0.0863914341,
        -0.155065715,
        0.9841195
      ],
      [
        -0.297737658,
        -0.9386496,
        -0.174038172
      ]
    ],
    "translation": [
      2.229084,
      0.895895243,
      -0.610113859
    ]
  },
  {
    "timeStamp": 41857,
    "rotation": [
      [
        0.9496433,
        -0.309282154,
        0.0502209
      ],
      [
        -0.09831711,
        -0.1419402,
        0.9849806
      ],
      [
        -0.297508538,
        -0.94031775,
        -0.165200278
      ]
    ],
    "translation": [
      2.22662044,
      0.889430642,
      -0.607530653
    ]
  },
  {
    "timeStamp": 41902,
    "rotation": [
      [
        0.9513272,
        -0.303671956,
        0.0525346734
      ],
      [
        -0.0980361849,
        -0.136586979,
        0.985765159
      ],
      [
        -0.2921737,
        -0.942935467,
        -0.159709737
      ]
    ],
    "translation": [
      2.22478151,
      0.884687245,
      -0.6059556
    ]
  },
  {
    "timeStamp": 41957,
    "rotation": [
      [
        0.9539901,
        -0.29712972,
        0.0402089879
      ],
      [
        -0.08156315,
        -0.128118828,
        0.9883992
      ],
      [
        -0.288531244,
        -0.946202636,
        -0.146458924
      ]
    ],
    "translation": [
      2.22437239,
      0.87837553,
      -0.6054392
    ]
  },
  {
    "timeStamp": 42002,
    "rotation": [
      [
        0.9540156,
        -0.296869874,
        0.04150179
      ],
      [
        -0.07812957,
        -0.112596944,
        0.990564346
      ],
      [
        -0.28939572,
        -0.9482564,
        -0.130613565
      ]
    ],
    "translation": [
      2.223459,
      0.8729057,
      -0.6064945
    ]
  },
  {
    "timeStamp": 42059,
    "rotation": [
      [
        0.9563677,
        -0.290527672,
        0.0308964942
      ],
      [
        -0.06434602,
        -0.10629414,
        0.992250562
      ],
      [
        -0.284992129,
        -0.9509444,
        -0.120350569
      ]
    ],
    "translation": [
      2.222764,
      0.8681418,
      -0.6072602
    ]
  },
  {
    "timeStamp": 42104,
    "rotation": [
      [
        0.957828462,
        -0.286772966,
        0.0180502534
      ],
      [
        -0.049459435,
        -0.102663048,
        0.9934858
      ],
      [
        -0.283051759,
        -0.952481747,
        -0.112517223
      ]
    ],
    "translation": [
      2.22329926,
      0.8654096,
      -0.6078317
    ]
  },
  {
    "timeStamp": 42161,
    "rotation": [
      [
        0.957181454,
        -0.28871572,
        0.0211417116
      ],
      [
        -0.0490751565,
        -0.08985732,
        0.994744837
      ],
      [
        -0.285298735,
        -0.953188837,
        -0.100178517
      ]
    ],
    "translation": [
      2.22275782,
      0.8623431,
      -0.608453631
    ]
  },
  {
    "timeStamp": 42206,
    "rotation": [
      [
        0.9566099,
        -0.291189969,
        0.0102933571
      ],
      [
        -0.03779312,
        -0.08897326,
        0.995316744
      ],
      [
        -0.288910419,
        -0.9525189,
        -0.0961176753
      ]
    ],
    "translation": [
      2.22381973,
      0.8605729,
      -0.607719243
    ]
  },
  {
    "timeStamp": 42251,
    "rotation": [
      [
        0.9548708,
        -0.29679808,
        0.0115140919
      ],
      [
        -0.0384141728,
        -0.08496229,
        0.9956434
      ],
      [
        -0.294526756,
        -0.951153159,
        -0.0925292745
      ]
    ],
    "translation": [
      2.22463346,
      0.8596873,
      -0.6067187
    ]
  },
  {
    "timeStamp": 42307,
    "rotation": [
      [
        0.9536711,
        -0.3007542,
        0.00764046051
      ],
      [
        -0.03443627,
        -0.08389543,
        0.995879352
      ],
      [
        -0.298873872,
        -0.950004458,
        -0.09036549
      ]
    ],
    "translation": [
      2.22537351,
      0.8583269,
      -0.6049848
    ]
  },
  {
    "timeStamp": 42351,
    "rotation": [
      [
        0.9530826,
        -0.302673578,
        0.004708396
      ],
      [
        -0.03139191,
        -0.08335516,
        0.9960253
      ],
      [
        -0.301078081,
        -0.949442267,
        -0.08894586
      ]
    ],
    "translation": [
      2.22559285,
      0.857021451,
      -0.6030864
    ]
  },
  {
    "timeStamp": 42407,
    "rotation": [
      [
        0.9513195,
        -0.3081095,
        0.0077288053
      ],
      [
        -0.0338452645,
        -0.0795099363,
        0.996259332
      ],
      [
        -0.306342423,
        -0.9480225,
        -0.0860674
      ]
    ],
    "translation": [
      2.22575355,
      0.85500145,
      -0.600421965
    ]
  },
  {
    "timeStamp": 42451,
    "rotation": [
      [
        0.9495812,
        -0.3134089,
        0.008391718
      ],
      [
        -0.03439354,
        -0.0775280446,
        0.9963968
      ],
      [
        -0.311629027,
        -0.946448267,
        -0.08439842
      ]
    ],
    "translation": [
      2.22542262,
      0.85350734,
      -0.598454058
    ]
  },
  {
    "timeStamp": 42507,
    "rotation": [
      [
        0.9493893,
        -0.313961625,
        0.009387251
      ],
      [
        -0.03572029,
        -0.07822607,
        0.9962955
      ],
      [
        -0.31206423,
        -0.9462076,
        -0.0854817852
      ]
    ],
    "translation": [
      2.22379684,
      0.8522405,
      -0.595341563
    ]
  },
  {
    "timeStamp": 42551,
    "rotation": [
      [
        0.949401,
        -0.313973,
        0.007655949
      ],
      [
        -0.03444641,
        -0.0798684061,
        0.996210039
      ],
      [
        -0.3121716,
        -0.946066558,
        -0.0866423845
      ]
    ],
    "translation": [
      2.22231483,
      0.85224247,
      -0.593176246
    ]
  },
  {
    "timeStamp": 42607,
    "rotation": [
      [
        0.9491381,
        -0.314677984,
        0.0107079018
      ],
      [
        -0.03847778,
        -0.08216969,
        0.9958753
      ],
      [
        -0.312500149,
        -0.9456352,
        -0.09009849
      ]
    ],
    "translation": [
      2.22052884,
      0.852197051,
      -0.5910278
    ]
  },
  {
    "timeStamp": 42651,
    "rotation": [
      [
        0.9499734,
        -0.3122824,
        0.0054978393
      ],
      [
        -0.0331962854,
        -0.08345,
        0.995958865
      ],
      [
        -0.310561627,
        -0.946316957,
        -0.08964189
      ]
    ],
    "translation": [
      2.21972656,
      0.85175097,
      -0.589814246
    ]
  },
  {
    "timeStamp": 42706,
    "rotation": [
      [
        0.9516848,
        -0.307066739,
        0.00247130473
      ],
      [
        -0.0292424243,
        -0.08261322,
        0.9961526
      ],
      [
        -0.305681169,
        -0.9480955,
        -0.08760112
      ]
    ],
    "translation": [
      2.21854043,
      0.8505095,
      -0.5889564
    ]
  },
  {
    "timeStamp": 42751,
    "rotation": [
      [
        0.951769769,
        -0.3067959,
        0.00326580438
      ],
      [
        -0.0295292344,
        -0.08100301,
        0.9962763
      ],
      [
        -0.305388927,
        -0.9483221,
        -0.08615566
      ]
    ],
    "translation": [
      2.21797872,
      0.8497299,
      -0.588676751
    ]
  },
  {
    "timeStamp": 42807,
    "rotation": [
      [
        0.951261938,
        -0.3083689,
        -0.00304207578
      ],
      [
        -0.0229183137,
        -0.08052924,
        0.99648875
      ],
      [
        -0.307531118,
        -0.9478521,
        -0.0836717039
      ]
    ],
    "translation": [
      2.21923256,
      0.848554,
      -0.5885215
    ]
  },
  {
    "timeStamp": 42851,
    "rotation": [
      [
        0.949182153,
        -0.314725667,
        0.0009826273
      ],
      [
        -0.0258307252,
        -0.07479058,
        0.9968647
      ],
      [
        -0.31366542,
        -0.946231544,
        -0.07911948
      ]
    ],
    "translation": [
      2.22025943,
      0.847067,
      -0.58909905
    ]
  },
  {
    "timeStamp": 42906,
    "rotation": [
      [
        0.9475528,
        -0.319547117,
        -0.00577244628
      ],
      [
        -0.0185465235,
        -0.07300913,
        0.9971588
      ],
      [
        -0.319060653,
        -0.9447536,
        -0.0751064941
      ]
    ],
    "translation": [
      2.2227447,
      0.8450786,
      -0.589327157
    ]
  },
  {
    "timeStamp": 42951,
    "rotation": [
      [
        0.9457234,
        -0.324802577,
        -0.0105146179
      ],
      [
        -0.01429279,
        -0.07389664,
        0.9971635
      ],
      [
        -0.324658245,
        -0.9428905,
        -0.07452811
      ]
    ],
    "translation": [
      2.22500443,
      0.843594968,
      -0.5888296
    ]
  },
  {
    "timeStamp": 43006,
    "rotation": [
      [
        0.94308424,
        -0.332496256,
        -0.00619215053
      ],
      [
        -0.01824859,
        -0.07033384,
        0.9973566
      ],
      [
        -0.332052857,
        -0.940478265,
        -0.07239832
      ]
    ],
    "translation": [
      2.22780037,
      0.840765834,
      -0.5871896
    ]
  },
  {
    "timeStamp": 43051,
    "rotation": [
      [
        0.9397354,
        -0.341799,
        -0.008415134
      ],
      [
        -0.01792423,
        -0.0738294944,
        0.9971098
      ],
      [
        -0.3414324,
        -0.936868548,
        -0.07550667
      ]
    ],
    "translation": [
      2.23128247,
      0.838280737,
      -0.584649265
    ]
  },
  {
    "timeStamp": 43106,
    "rotation": [
      [
        0.9353741,
        -0.353572845,
        0.00784682948
      ],
      [
        -0.032874614,
        -0.06483527,
        0.9973543
      ],
      [
        -0.352128655,
        -0.9331573,
        -0.07226881
      ]
    ],
    "translation": [
      2.234056,
      0.833156347,
      -0.5819929
    ]
  },
  {
    "timeStamp": 43151,
    "rotation": [
      [
        0.93397367,
        -0.357315481,
        0.00433893967
      ],
      [
        -0.02905303,
        -0.06382737,
        0.997538
      ],
      [
        -0.356158823,
        -0.931800246,
        -0.06999418
      ]
    ],
    "translation": [
      2.23615146,
      0.828326046,
      -0.5799316
    ]
  },
  {
    "timeStamp": 43206,
    "rotation": [
      [
        0.930337369,
        -0.3661662,
        0.0198667385
      ],
      [
        -0.0418916754,
        -0.0523022264,
        0.997752249
      ],
      [
        -0.3643041,
        -0.92907846,
        -0.06399803
      ]
    ],
    "translation": [
      2.23746014,
      0.821345448,
      -0.577435136
    ]
  },
  {
    "timeStamp": 43251,
    "rotation": [
      [
        0.930012941,
        -0.366282046,
        0.0302212946
      ],
      [
        -0.0500770956,
        -0.04482717,
        0.997738838
      ],
      [
        -0.3640991,
        -0.929423451,
        -0.06003219
      ]
    ],
    "translation": [
      2.23677921,
      0.8155033,
      -0.575026155
    ]
  },
  {
    "timeStamp": 43306,
    "rotation": [
      [
        0.933572948,
        -0.3570948,
        0.0304108914
      ],
      [
        -0.0473068543,
        -0.0386741348,
        0.998131454
      ],
      [
        -0.355251431,
        -0.9332672,
        -0.05299816
      ]
    ],
    "translation": [
      2.23582339,
      0.8072222,
      -0.5708004
    ]
  },
  {
    "timeStamp": 43351,
    "rotation": [
      [
        0.9336877,
        -0.353654146,
        0.0561786555
      ],
      [
        -0.068669416,
        -0.0228598,
        0.9973775
      ],
      [
        -0.351442456,
        -0.93509686,
        -0.04562914
      ]
    ],
    "translation": [
      2.23208427,
      0.7997409,
      -0.5670453
    ]
  },
  {
    "timeStamp": 43406,
    "rotation": [
      [
        0.935350537,
        -0.349261761,
        0.0559957437
      ],
      [
        -0.06344308,
        -0.00991044752,
        0.997936249
      ],
      [
        -0.347986,
        -0.936972737,
        -0.0314279869
      ]
    ],
    "translation": [
      2.23054838,
      0.7890277,
      -0.5625192
    ]
  },
  {
    "timeStamp": 43451,
    "rotation": [
      [
        0.931704044,
        -0.353992224,
        0.08134514
      ],
      [
        -0.08127428,
        0.015094,
        0.9965775
      ],
      [
        -0.3540085,
        -0.935126543,
        -0.0147073232
      ]
    ],
    "translation": [
      2.227236,
      0.779263556,
      -0.5598553
    ]
  },
  {
    "timeStamp": 43506,
    "rotation": [
      [
        0.9322403,
        -0.3540313,
        0.0747656152
      ],
      [
        -0.0692601353,
        0.02821543,
        0.997199535
      ],
      [
        -0.3551494,
        -0.9348079,
        0.00178330485
      ]
    ],
    "translation": [
      2.22611237,
      0.7676462,
      -0.5558735
    ]
  },
  {
    "timeStamp": 43551,
    "rotation": [
      [
        0.928423762,
        -0.360795259,
        0.08863499
      ],
      [
        -0.07541791,
        0.05057993,
        0.9958684
      ],
      [
        -0.3637877,
        -0.9312725,
        0.0197491888
      ]
    ],
    "translation": [
      2.223356,
      0.758312,
      -0.5538132
    ]
  },
  {
    "timeStamp": 43606,
    "rotation": [
      [
        0.9279536,
        -0.361796528,
        0.08947385
      ],
      [
        -0.07159833,
        0.06254531,
        0.995470643
      ],
      [
        -0.365753949,
        -0.9301567,
        0.0321351141
      ]
    ],
    "translation": [
      2.22074819,
      0.7484605,
      -0.550309241
    ]
  },
  {
    "timeStamp": 43661,
    "rotation": [
      [
        0.9276913,
        -0.3621359,
        0.0908094943
      ],
      [
        -0.0707271,
        0.06836159,
        0.995150447
      ],
      [
        -0.366587549,
        -0.9296151,
        0.03780563
      ]
    ],
    "translation": [
      2.21683478,
      0.740246,
      -0.5472194
    ]
  },
  {
    "timeStamp": 43705,
    "rotation": [
      [
        0.9292819,
        -0.3588191,
        0.08765847
      ],
      [
        -0.0669313,
        0.06981098,
        0.995312333
      ],
      [
        -0.363256574,
        -0.930792868,
        0.0408578552
      ]
    ],
    "translation": [
      2.21322727,
      0.7352552,
      -0.544971049
    ]
  },
  {
    "timeStamp": 43761,
    "rotation": [
      [
        0.927020848,
        -0.363792419,
        0.09103524
      ],
      [
        -0.0691187456,
        0.07284531,
        0.9949453
      ],
      [
        -0.36858505,
        -0.9286273,
        0.0423842445
      ]
    ],
    "translation": [
      2.208544,
      0.7299886,
      -0.54285115
    ]
  },
  {
    "timeStamp": 43805,
    "rotation": [
      [
        0.92619133,
        -0.36640954,
        0.08895817
      ],
      [
        -0.06968208,
        0.06553135,
        0.9954145
      ],
      [
        -0.370558918,
        -0.9281431,
        0.035162393
      ]
    ],
    "translation": [
      2.2048924,
      0.7278399,
      -0.5406513
    ]
  },
  {
    "timeStamp": 43861,
    "rotation": [
      [
        0.9252211,
        -0.369563,
        0.08595985
      ],
      [
        -0.0690288842,
        0.05882251,
        0.995879
      ],
      [
        -0.3730964,
        -0.927341938,
        0.0289133023
      ]
    ],
    "translation": [
      2.20111251,
      0.7259321,
      -0.538323462
    ]
  },
  {
    "timeStamp": 43905,
    "rotation": [
      [
        0.91448313,
        -0.398877621,
        0.0679499
      ],
      [
        -0.0519487225,
        0.0508026965,
        0.9973567
      ],
      [
        -0.4012753,
        -0.9155958,
        0.0257370267
      ]
    ],
    "translation": [
      2.20098972,
      0.725129068,
      -0.5369465
    ]
  },
  {
    "timeStamp": 43962,
    "rotation": [
      [
        0.910549462,
        -0.411706626,
        0.03738078
      ],
      [
        -0.02474525,
        0.035980355,
        0.9990461
      ],
      [
        -0.41265887,
        -0.9106059,
        0.0225741081
      ]
    ],
    "translation": [
      2.20102715,
      0.7239075,
      -0.536481857
    ]
  },
  {
    "timeStamp": 44006,
    "rotation": [
      [
        0.9114431,
        -0.411397427,
        -0.004854078
      ],
      [
        0.0160171129,
        0.0236914326,
        0.999591
      ],
      [
        -0.411114156,
        -0.9111481,
        0.0281827915
      ]
    ],
    "translation": [
      2.20100117,
      0.722372532,
      -0.536538
    ]
  },
  {
    "timeStamp": 44062,
    "rotation": [
      [
        0.906068265,
        -0.4221678,
        -0.0285446048
      ],
      [
        0.0389813036,
        0.016108565,
        0.9991101
      ],
      [
        -0.4213323,
        -0.906374633,
        0.0310521089
      ]
    ],
    "translation": [
      2.20073056,
      0.722332537,
      -0.536554337
    ]
  },
  {
    "timeStamp": 44106,
    "rotation": [
      [
        0.925911248,
        -0.374999464,
        -0.0454288758
      ],
      [
        0.04826959,
        -0.00181998557,
        0.9988327
      ],
      [
        -0.374644428,
        -0.927023232,
        0.0164159257
      ]
    ],
    "translation": [
      2.19782925,
      0.721796,
      -0.5354396
    ]
  },
  {
    "timeStamp": 44151,
    "rotation": [
      [
        0.94225955,
        -0.334015965,
        -0.0240878016
      ],
      [
        0.0236407854,
        -0.005403817,
        0.9997059
      ],
      [
        -0.3340479,
        -0.9425519,
        0.00280460157
      ]
    ],
    "translation": [
      2.18724537,
      0.7216343,
      -0.532209754
    ]
  },
  {
    "timeStamp": 44206,
    "rotation": [
      [
        0.9343668,
        -0.3562888,
        -0.004112169
      ],
      [
        0.002084516,
        -0.0060747955,
        0.9999794
      ],
      [
        -0.3563064,
        -0.9343561,
        -0.00493339775
      ]
    ],
    "translation": [
      2.18386388,
      0.7219144,
      -0.531192541
    ]
  },
  {
    "timeStamp": 44262,
    "rotation": [
      [
        0.9337298,
        -0.3575825,
        -0.0168352071
      ],
      [
        0.0157914832,
        -0.005838774,
        0.99985826
      ],
      [
        -0.3576301,
        -0.933863342,
        0.000194920314
      ]
    ],
    "translation": [
      2.18387127,
      0.7222731,
      -0.531175435
    ]
  },
  {
    "timeStamp": 44306,
    "rotation": [
      [
        0.933587968,
        -0.357968628,
        -0.01649129
      ],
      [
        0.01482648,
        -0.007395069,
        0.999862731
      ],
      [
        -0.358041435,
        -0.9337044,
        -0.001596533
      ]
    ],
    "translation": [
      2.18387175,
      0.722256541,
      -0.5311714
    ]
  },
  {
    "timeStamp": 44362,
    "rotation": [
      [
        0.9333237,
        -0.3590343,
        -0.00113911729
      ],
      [
        2.51033289E-05,
        -0.00310745346,
        0.9999952
      ],
      [
        -0.359036118,
        -0.9333192,
        -0.0028912467
      ]
    ],
    "translation": [
      2.18384814,
      0.7220445,
      -0.53117305
    ]
  },
  {
    "timeStamp": 44406,
    "rotation": [
      [
        0.932874,
        -0.360195041,
        0.00235917955
      ],
      [
        -0.00447109947,
        -0.00503018126,
        0.99997735
      ],
      [
        -0.360175,
        -0.9328635,
        -0.00630299328
      ]
    ],
    "translation": [
      2.18381929,
      0.721987545,
      -0.5311679
    ]
  },
  {
    "timeStamp": 44462,
    "rotation": [
      [
        0.933059335,
        -0.3597188,
        -0.00162975071
      ],
      [
        -0.0012306514,
        -0.00772262,
        0.9999694
      ],
      [
        -0.3597204,
        -0.933028758,
        -0.00764835067
      ]
    ],
    "translation": [
      2.183809,
      0.7219784,
      -0.53117466
    ]
  },
  {
    "timeStamp": 44506,
    "rotation": [
      [
        0.933029652,
        -0.359791756,
        -0.0023713836
      ],
      [
        -0.0008121204,
        -0.008696768,
        0.999961853
      ],
      [
        -0.35979867,
        -0.9329921,
        -0.008406537
      ]
    ],
    "translation": [
      2.18380356,
      0.721968532,
      -0.531174958
    ]
  },
  {
    "timeStamp": 44562,
    "rotation": [
      [
        0.933364749,
        -0.358892381,
        -0.005151474
      ],
      [
        0.00313952914,
        -0.00618855236,
        0.9999759
      ],
      [
        -0.358915627,
        -0.933358431,
        -0.004649423
      ]
    ],
    "translation": [
      2.1838336,
      0.722048,
      -0.5311759
    ]
  },
  {
    "timeStamp": 44606,
    "rotation": [
      [
        0.93348676,
        -0.358187824,
        -0.01743529
      ],
      [
        0.014744442,
        -0.0102424994,
        0.9998388
      ],
      [
        -0.3583087,
        -0.9335934,
        -0.004279957
      ]
    ],
    "translation": [
      2.18386745,
      0.7222379,
      -0.531168938
    ]
  },
  {
    "timeStamp": 44662,
    "rotation": [
      [
        0.933923244,
        -0.356771231,
        -0.0223969966
      ],
      [
        0.0222180467,
        -0.004600369,
        0.999742568
      ],
      [
        -0.3567824,
        -0.934180439,
        0.00363036827
      ]
    ],
    "translation": [
      2.18387961,
      0.7220652,
      -0.5311728
    ]
  },
  {
    "timeStamp": 44706,
    "rotation": [
      [
        0.9318493,
        -0.3627341,
        -0.008993102
      ],
      [
        -0.006245339,
        -0.0408154242,
        0.9991472
      ],
      [
        -0.362791836,
        -0.930998445,
        -0.0402992219
      ]
    ],
    "translation": [
      2.18397641,
      0.7221111,
      -0.5291104
    ]
  },
  {
    "timeStamp": 44762,
    "rotation": [
      [
        0.9403664,
        -0.3400955,
        0.00679888064
      ],
      [
        0.026676381,
        0.09365646,
        0.9952471
      ],
      [
        -0.3391158,
        -0.935715556,
        0.0971438959
      ]
    ],
    "translation": [
      2.183535,
      0.719677567,
      -0.5293522
    ]
  },
  {
    "timeStamp": 44806,
    "rotation": [
      [
        0.938601136,
        -0.341014326,
        0.0523165166
      ],
      [
        -0.0501410253,
        0.015196532,
        0.99862653
      ],
      [
        -0.341341,
        -0.9399352,
        -0.0028353252
      ]
    ],
    "translation": [
      2.183459,
      0.722624362,
      -0.529650748
    ]
  },
  {
    "timeStamp": 44862,
    "rotation": [
      [
        0.9408555,
        -0.334014624,
        0.0567906834
      ],
      [
        -0.0563205667,
        0.0110998806,
        0.998351038
      ],
      [
        -0.3340942,
        -0.942502558,
        -0.008368509
      ]
    ],
    "translation": [
      2.18364429,
      0.7227908,
      -0.52993983
    ]
  },
  {
    "timeStamp": 44906,
    "rotation": [
      [
        0.9358391,
        -0.348532617,
        0.05225151
      ],
      [
        -0.0493764952,
        0.0171336662,
        0.998633265
      ],
      [
        -0.348951519,
        -0.937140048,
        -0.00117496436
      ]
    ],
    "translation": [
      2.183318,
      0.722942054,
      -0.5297387
    ]
  },
  {
    "timeStamp": 44962,
    "rotation": [
      [
        0.9379239,
        -0.346748918,
        0.00799777452
      ],
      [
        -0.014991072,
        -0.01749056,
        0.99973464
      ],
      [
        -0.346517026,
        -0.9377949,
        -0.0216029529
      ]
    ],
    "translation": [
      2.18346643,
      0.7221581,
      -0.5295171
    ]
  },
  {
    "timeStamp": 45006,
    "rotation": [
      [
        0.939149857,
        -0.343507677,
        -2.03053642E-05
      ],
      [
        -0.007852997,
        -0.0215291865,
        0.9997374
