[
  {
    "timeStamp": 18640,
    "rotation": [
      [
        0.9963493,
        -0.08537045,
        -6.22348452E-05
      ],
      [
        0.00106150692,
        0.0116597842,
        0.999931455
      ],
      [
        -0.08536387,
        -0.996281,
        0.0117078386
      ]
    ],
    "translation": [
      1.6134696,
      0.705000043,
      -0.74693954
    ]
  },
  {
    "timeStamp": 18684,
    "rotation": [
      [
        0.996288061,
        -0.086081855,
        8.911415E-05
      ],
      [
        0.0,
        0.00103522523,
        0.999999464
      ],
      [
        -0.0860819,
        -0.9962875,
        0.00103138259
      ]
    ],
    "translation": [
      1.613101,
      0.705846548,
      -0.743002653
    ]
  },
  {
    "timeStamp": 18740,
    "rotation": [
      [
        0.9974469,
        -0.07088835,
        -0.008634799
      ],
      [
        0.0102963159,
        0.0231066458,
        0.99968
      ],
      [
        -0.07066614,
        -0.9972166,
        0.02377754
      ]
    ],
    "translation": [
      1.612233,
      0.7052939,
      -0.7426337
    ]
  },
  {
    "timeStamp": 18784,
    "rotation": [
      [
        0.9973086,
        -0.0701842,
        -0.0212069713
      ],
      [
        0.0233331248,
        0.02961396,
        0.999289036
      ],
      [
        -0.06950627,
        -0.9970944,
        0.0311718732
      ]
    ],
    "translation": [
      1.61217427,
      0.705568969,
      -0.742609441
    ]
  },
  {
    "timeStamp": 18840,
    "rotation": [
      [
        0.997152269,
        -0.0676455349,
        -0.03333708
      ],
      [
        0.0353780128,
        0.0292004645,
        0.9989473
      ],
      [
        -0.06660088,
        -0.997281969,
        0.031510476
      ]
    ],
    "translation": [
      1.61217213,
      0.7055532,
      -0.742613733
    ]
  },
  {
    "timeStamp": 18884,
    "rotation": [
      [
        0.9971925,
        -0.06832932,
        -0.030630989
      ],
      [
        0.033474762,
        0.0408692136,
        0.9986036
      ],
      [
        -0.06698202,
        -0.9968254,
        0.04304178
      ]
    ],
    "translation": [
      1.61213148,
      0.7060575,
      -0.7425342
    ]
  },
  {
    "timeStamp": 18940,
    "rotation": [
      [
        0.9972421,
        -0.06890015,
        -0.02758698
      ],
      [
        0.0311221424,
        0.0507733934,
        0.998225152
      ],
      [
        -0.06737717,
        -0.9963307,
        0.0527776852
      ]
    ],
    "translation": [
      1.6121242,
      0.7064884,
      -0.742476046
    ]
  },
  {
    "timeStamp": 18984,
    "rotation": [
      [
        0.9967525,
        -0.0765207,
        -0.02508051
      ],
      [
        0.0302465968,
        0.0671180338,
        0.9972865
      ],
      [
        -0.07462972,
        -0.9948064,
        0.06921456
      ]
    ],
    "translation": [
      1.61168516,
      0.7072187,
      -0.7423006
    ]
  },
  {
    "timeStamp": 19040,
    "rotation": [
      [
        0.9973055,
        -0.07208225,
        -0.0136317946
      ],
      [
        0.0179345943,
        0.0593867563,
        0.998073936
      ],
      [
        -0.07113387,
        -0.995629132,
        0.06051951
      ]
    ],
    "translation": [
      1.61196458,
      0.7068576,
      -0.7423557
    ]
  },
  {
    "timeStamp": 19084,
    "rotation": [
      [
        0.997762263,
        -0.06686085,
        0.000348674715
      ],
      [
        0.00360023975,
        0.0589320958,
        0.9982555
      ],
      [
        -0.06676475,
        -0.9960204,
        0.0590409338
      ]
    ],
    "translation": [
      1.61230171,
      0.70690465,
      -0.7423811
    ]
  },
  {
    "timeStamp": 19140,
    "rotation": [
      [
        0.9973478,
        -0.0579713844,
        0.04400862
      ],
      [
        -0.0395928919,
        0.07523383,
        0.996379554
      ],
      [
        -0.061072465,
        -0.995479345,
        0.0727390349
      ]
    ],
    "translation": [
      1.612901,
      0.708725035,
      -0.742291
    ]
  },
  {
    "timeStamp": 19184,
    "rotation": [
      [
        0.9955881,
        -0.0446701162,
        0.08251644
      ],
      [
        -0.07853191,
        0.08460639,
        0.9933149
      ],
      [
        -0.0513528921,
        -0.9954127,
        0.08072508
      ]
    ],
    "translation": [
      1.61350667,
      0.710649669,
      -0.742688537
    ]
  },
  {
    "timeStamp": 19240,
    "rotation": [
      [
        0.9942225,
        -0.0431595147,
        0.09827942
      ],
      [
        -0.0943266749,
        0.08565248,
        0.99184984
      ],
      [
        -0.0512256473,
        -0.9953898,
        0.0810865238
      ]
    ],
    "translation": [
      1.613606,
      0.711309254,
      -0.7426884
    ]
  },
  {
    "timeStamp": 19288,
    "rotation": [
      [
        0.992352962,
        -0.06809935,
        0.102947146
      ],
      [
        -0.09680772,
        0.0880280659,
        0.9914027
      ],
      [
        -0.07657614,
        -0.9937875,
        0.08076237
      ]
    ],
    "translation": [
      1.61728883,
      0.712561369,
      -0.7422509
    ]
  },
  {
    "timeStamp": 19338,
    "rotation": [
      [
        0.9896501,
        -0.0666769147,
        0.127070218
      ],
      [
        -0.118378334,
        0.121186972,
        0.9855457
      ],
      [
        -0.0811123848,
        -0.9903877,
        0.1120396
      ]
    ],
    "translation": [
      1.61836588,
      0.7175197,
      -0.743765
    ]
  },
  {
    "timeStamp": 19383,
    "rotation": [
      [
        0.990519166,
        -0.0605067238,
        0.123331621
      ],
      [
        -0.116928145,
        0.0999022946,
        0.9881029
      ],
      [
        -0.07210797,
        -0.9931558,
        0.0918802
      ]
    ],
    "translation": [
      1.619328,
      0.7239651,
      -0.744107
    ]
  },
  {
    "timeStamp": 19438,
    "rotation": [
      [
        0.987163365,
        -0.0596993379,
        0.148136541
      ],
      [
        -0.14166078,
        0.101071917,
        0.9847419
      ],
      [
        -0.0737609,
        -0.993086338,
        0.09131744
      ]
    ],
    "translation": [
      1.618967,
      0.739226758,
      -0.7463513
    ]
  },
  {
    "timeStamp": 19483,
    "rotation": [
      [
        0.9859392,
        -0.0587747879,
        0.156426758
      ],
      [
        -0.150222421,
        0.09826738,
        0.9837564
      ],
      [
        -0.07319175,
        -0.993422866,
        0.08805637
      ]
    ],
    "translation": [
      1.61967874,
      0.751000345,
      -0.747411668
    ]
  },
  {
    "timeStamp": 19538,
    "rotation": [
      [
        0.983255,
        -0.06246325,
        0.171195164
      ],
      [
        -0.165790737,
        0.08336316,
        0.982631147
      ],
      [
        -0.07564972,
        -0.994559646,
        0.07161142
      ]
    ],
    "translation": [
      1.62260485,
      0.768279552,
      -0.749469638
    ]
  },
  {
    "timeStamp": 19583,
    "rotation": [
      [
        0.979994237,
        -0.0710132048,
        0.185925871
      ],
      [
        -0.179958478,
        0.0828374252,
        0.98018
      ],
      [
        -0.0850073546,
        -0.9940297,
        0.06840076
      ]
    ],
    "translation": [
      1.62674546,
      0.782428,
      -0.751772761
    ]
  },
  {
    "timeStamp": 19638,
    "rotation": [
      [
        0.97369206,
        -0.09110386,
        0.208863288
      ],
      [
        -0.202179924,
        0.07737836,
        0.976286769
      ],
      [
        -0.105105,
        -0.992830634,
        0.0569233261
      ]
    ],
    "translation": [
      1.63597536,
      0.8026257,
      -0.755845666
    ]
  },
  {
    "timeStamp": 19683,
    "rotation": [
      [
        0.9657232,
        -0.114527538,
        0.232942387
      ],
      [
        -0.224180579,
        0.08438518,
        0.970887363
      ],
      [
        -0.130850211,
        -0.9898296,
        0.0558178723
      ]
    ],
    "translation": [
      1.64608955,
      0.8200979,
      -0.7605021
    ]
  },
  {
    "timeStamp": 19739,
    "rotation": [
      [
        0.9581684,
        -0.1459563,
        0.246191084
      ],
      [
        -0.2366151,
        0.07996554,
        0.9683072
      ],
      [
        -0.161017329,
        -0.9860539,
        0.0420849919
      ]
    ],
    "translation": [
      1.663931,
      0.841839731,
      -0.7682563
    ]
  },
  {
    "timeStamp": 19784,
    "rotation": [
      [
        0.951560736,
        -0.1743588,
        0.25324136
      ],
      [
        -0.242814571,
        0.07909949,
        0.9668425
      ],
      [
        -0.188608751,
        -0.9815,
        0.03293112
      ]
    ],
    "translation": [
      1.67938972,
      0.857212365,
      -0.775121033
    ]
  },
  {
    "timeStamp": 19840,
    "rotation": [
      [
        0.939585745,
        -0.214774758,
        0.266552716
      ],
      [
        -0.25202927,
        0.09290524,
        0.9632496
      ],
      [
        -0.231645867,
        -0.9722347,
        0.0331629142
      ]
    ],
    "translation": [
      1.704646,
      0.876031,
      -0.78381294
    ]
  },
  {
    "timeStamp": 19884,
    "rotation": [
      [
        0.9280585,
        -0.2576242,
        0.268955767
      ],
      [
        -0.252485663,
        0.09566379,
        0.962860048
      ],
      [
        -0.273785353,
        -0.961497843,
        0.0237351824
      ]
    ],
    "translation": [
      1.72814107,
      0.8899695,
      -0.7897035
    ]
  },
  {
    "timeStamp": 19939,
    "rotation": [
      [
        0.9148557,
        -0.303136,
        0.266734928
      ],
      [
        -0.250036746,
        0.0933926255,
        0.963721633
      ],
      [
        -0.3170498,
        -0.948359847,
        0.009645634
      ]
    ],
    "translation": [
      1.7598747,
      0.9081648,
      -0.7959091
    ]
  },
  {
    "timeStamp": 19984,
    "rotation": [
      [
        0.903180242,
        -0.340134621,
        0.2618663
      ],
      [
        -0.246715173,
        0.08789822,
        0.965093553
      ],
      [
        -0.351279318,
        -0.936259747,
        -0.0045284424
      ]
    ],
    "translation": [
      1.78711343,
      0.922500551,
      -0.798835158
    ]
  },
  {
    "timeStamp": 20039,
    "rotation": [
      [
        0.8914442,
        -0.37776655,
        0.250239283
      ],
      [
        -0.241286859,
        0.07170584,
        0.9678011
      ],
      [
        -0.3835465,
        -0.923120141,
        -0.027228348
      ]
    ],
    "translation": [
      1.8235774,
      0.940035,
      -0.8001511
    ]
  },
  {
    "timeStamp": 20084,
    "rotation": [
      [
        0.878568351,
        -0.413280576,
        0.239409283
      ],
      [
        -0.234843478,
        0.0626776144,
        0.97001034
      ],
      [
        -0.415892035,
        -0.9084441,
        -0.04198968
      ]
    ],
    "translation": [
      1.85586238,
      0.9529695,
      -0.798298955
    ]
  },
  {
    "timeStamp": 20139,
    "rotation": [
      [
        0.861863852,
        -0.451530427,
        0.23089163
      ],
      [
        -0.229722023,
        0.0582997054,
        0.971508563
      ],
      [
        -0.452126622,
        -0.8903491,
        -0.0534800775
      ]
    ],
    "translation": [
      1.89635909,
      0.9669149,
      -0.7944776
    ]
  },
  {
    "timeStamp": 20184,
    "rotation": [
      [
        0.8477332,
        -0.4818457,
        0.221750021
      ],
      [
        -0.225855485,
        0.0503607877,
        0.9728582
      ],
      [
        -0.47993505,
        -0.874807656,
        -0.06613498
      ]
    ],
    "translation": [
      1.93057179,
      0.9775746,
      -0.7901473
    ]
  },
  {
    "timeStamp": 20239,
    "rotation": [
      [
        0.8388795,
        -0.512600064,
        0.18309097
      ],
      [
        -0.199332237,
        0.02369972,
        0.9796453
      ],
      [
        -0.5065054,
        -0.8583004,
        -0.0822965056
      ]
    ],
    "translation": [
      1.97351193,
      0.986457,
      -0.7828326
    ]
  },
  {
    "timeStamp": 20284,
    "rotation": [
      [
        0.835194468,
        -0.5237835,
        0.16763331
      ],
      [
        -0.1874767,
        0.0153904986,
        0.982148468
      ],
      [
        -0.517013133,
        -0.851712346,
        -0.0853431448
      ]
    ],
    "translation": [
      2.00571871,
      0.9921205,
      -0.7763863
    ]
  },
  {
    "timeStamp": 20331,
    "rotation": [
      [
        0.8290477,
        -0.5402907,
        0.144103944
      ],
      [
        -0.171899348,
        -0.00102526578,
        0.985114
      ],
      [
        -0.5321002,
        -0.8414778,
        -0.0937256142
      ]
    ],
    "translation": [
      2.040334,
      0.9963808,
      -0.7667133
    ]
  },
  {
    "timeStamp": 20390,
    "rotation": [
      [
        0.8324446,
        -0.5436447,
        0.107175268
      ],
      [
        -0.14380835,
        -0.0251737013,
        0.98928535
      ],
      [
        -0.5351218,
        -0.8389379,
        -0.09913636
      ]
    ],
    "translation": [
      2.08836222,
      0.9998268,
      -0.7501434
    ]
  },
  {
    "timeStamp": 20434,
    "rotation": [
      [
        0.842955947,
        -0.5319469,
        0.08036059
      ],
      [
        -0.123759232,
        -0.0463728532,
        0.9912281
      ],
      [
        -0.523554146,
        -0.845506966,
        -0.104923606
      ]
    ],
    "translation": [
      2.11670351,
      1.00103974,
      -0.736333549
    ]
  },
  {
    "timeStamp": 20489,
    "rotation": [
      [
        0.848861456,
        -0.523023069,
        0.0766885653
      ],
      [
        -0.1177583,
        -0.0456692465,
        0.9919916
      ],
      [
        -0.515332162,
        -0.8510941,
        -0.100357167
      ]
    ],
    "translation": [
      2.14981,
      1.00188017,
      -0.7176789
    ]
  },
  {
    "timeStamp": 20534,
    "rotation": [
      [
        0.8512064,
        -0.5191567,
        0.07696791
      ],
      [
        -0.115170345,
        -0.0416933224,
        0.9924704
      ],
      [
        -0.5120386,
        -0.853661537,
        -0.09528107
      ]
    ],
    "translation": [
      2.173908,
      1.00111067,
      -0.7041439
    ]
  },
  {
    "timeStamp": 20589,
    "rotation": [
      [
        0.879409,
        -0.475630641,
        0.0203767
      ],
      [
        -0.061957024,
        -0.07190635,
        0.9954852
      ],
      [
        -0.472018033,
        -0.8767012,
        -0.09270375
      ]
    ],
    "translation": [
      2.19100332,
      0.992052555,
      -0.6923317
    ]
  },
  {
    "timeStamp": 20634,
    "rotation": [
      [
        0.8952991,
        -0.443969756,
        0.03647397
      ],
      [
        -0.0592107773,
        -0.03745077,
        0.997542739
      ],
      [
        -0.441512823,
        -0.8952588,
        -0.05981744
      ]
    ],
    "translation": [
      2.198827,
      0.9841075,
      -0.684987664
    ]
  },
  {
    "timeStamp": 20689,
    "rotation": [
      [
        0.910845041,
        -0.4127307,
        -0.00383063313
      ],
      [
        -0.0139363455,
        -0.0400286242,
        0.999101341
      ],
      [
        -0.4125131,
        -0.909973145,
        -0.0422118343
      ]
    ],
    "translation": [
      2.20862317,
      0.970049,
      -0.673990965
    ]
  },
  {
    "timeStamp": 20734,
    "rotation": [
      [
        0.926466644,
        -0.375995755,
        -0.01693222
      ],
      [
        0.009052558,
        -0.02271372,
        0.999701
      ],
      [
        -0.37626794,
        -0.926342964,
        -0.0176397823
      ]
    ],
    "translation": [
      2.210595,
      0.958630443,
      -0.6682817
    ]
  },
  {
    "timeStamp": 20790,
    "rotation": [
      [
        0.9398044,
        -0.340828717,
        -0.0245668031
      ],
      [
        0.0265373755,
        0.00112022669,
        0.9996472
      ],
      [
        -0.340680957,
        -0.94012475,
        0.0100974934
      ]
    ],
    "translation": [
      2.212427,
      0.94414115,
      -0.661471665
    ]
  },
  {
    "timeStamp": 20836,
    "rotation": [
      [
        0.945291042,
        -0.324653953,
        -0.0320096575
      ],
      [
        0.04322621,
        0.0273942,
        0.998689651
      ],
      [
        -0.323351651,
        -0.94543606,
        0.0399290547
      ]
    ],
    "translation": [
      2.21249485,
      0.930400968,
      -0.6573342
    ]
  },
  {
    "timeStamp": 20882,
    "rotation": [
      [
        0.953234553,
        -0.2982864,
        -0.04867283
      ],
      [
        0.06611994,
        0.0486757755,
        0.9966237
      ],
      [
        -0.2949101,
        -0.953234434,
        0.06612211
      ]
    ],
    "translation": [
      2.20954418,
      0.915498435,
      -0.65778625
    ]
  },
  {
    "timeStamp": 20939,
    "rotation": [
      [
        0.9568727,
        -0.281505167,
        -0.07176017
      ],
      [
        0.09420232,
        0.06699887,
        0.9932961
      ],
      [
        -0.274810135,
        -0.9572179,
        0.09062783
      ]
    ],
    "translation": [
      2.20450854,
      0.8992906,
      -0.6605181
    ]
  },
  {
    "timeStamp": 20983,
    "rotation": [
      [
        0.9578673,
        -0.280846119,
        -0.06013007
      ],
      [
        0.08968917,
        0.09360163,
        0.9915617
      ],
      [
        -0.27284798,
        -0.955177546,
        0.114846796
      ]
    ],
    "translation": [
      2.19985843,
      0.8910681,
      -0.662267268
    ]
  },
  {
    "timeStamp": 21039,
    "rotation": [
      [
        0.9512116,
        -0.307904869,
        -0.0197770651
      ],
      [
        0.06110593,
        0.125169814,
        0.9902518
      ],
      [
        -0.302427858,
        -0.9431475,
        0.137877777
      ]
    ],
    "translation": [
      2.19376755,
      0.887228847,
      -0.6613163
    ]
  },
  {
    "timeStamp": 21083,
    "rotation": [
      [
        0.9364869,
        -0.3485522,
        0.0387776643
      ],
      [
        0.02365657,
        0.173102677,
        0.9846196
      ],
      [
        -0.349903852,
        -0.921166,
        0.170353934
      ]
    ],
    "translation": [
      2.189855,
      0.887017846,
      -0.6589297
    ]
  },
  {
    "timeStamp": 21139,
    "rotation": [
      [
        0.927495658,
        -0.361308515,
        0.09595821
      ],
      [
        -0.0172279533,
        0.215102941,
        0.9764394
      ],
      [
        -0.373436779,
        -0.9072965,
        0.19328244
      ]
    ],
    "translation": [
      2.18056345,
      0.888604343,
      -0.6611629
    ]
  },
  {
    "timeStamp": 21183,
    "rotation": [
      [
        0.948786736,
        -0.3159031,
        0.00299559534
      ],
      [
        0.03781911,
        0.122990124,
        0.991687
      ],
      [
        -0.313645422,
        -0.9407862,
        0.12863858
      ]
    ],
    "translation": [
      2.16966033,
      0.8855282,
      -0.6648851
    ]
  },
  {
    "timeStamp": 21239,
    "rotation": [
      [
        0.9629636,
        -0.261929959,
        -0.0639827549
      ],
      [
        0.09197295,
        0.0960255861,
        0.991120636
      ],
      [
        -0.253460228,
        -0.960297763,
        0.116559617
      ]
    ],
    "translation": [
      2.15614462,
      0.8789842,
      -0.667017341
    ]
  },
  {
    "timeStamp": 21283,
    "rotation": [
      [
        0.9641057,
        -0.23392646,
        -0.125612989
      ],
      [
        0.145937055,
        0.0716327056,
        0.9866971
      ],
      [
        -0.221816555,
        -0.9696119,
        0.103200033
      ]
    ],
    "translation": [
      2.15035582,
      0.870376468,
      -0.664046
    ]
  },
  {
    "timeStamp": 21339,
    "rotation": [
      [
        0.95753175,
        -0.230663687,
        -0.172995016
      ],
      [
        0.198663875,
        0.09296955,
        0.975648165
      ],
      [
        -0.208963335,
        -0.968582,
        0.134845838
      ]
    ],
    "translation": [
      2.14443135,
      0.8569813,
      -0.658786237
    ]
  },
  {
    "timeStamp": 21387,
    "rotation": [
      [
        0.9498819,
        -0.237210035,
        -0.20360671
      ],
      [
        0.23890166,
        0.130762413,
        0.962199152
      ],
      [
        -0.2016192,
        -0.9626176,
        0.180878729
      ]
    ],
    "translation": [
      2.14086652,
      0.842183948,
      -0.655539751
    ]
  },
  {
    "timeStamp": 21438,
    "rotation": [
      [
        0.94283855,
        -0.236784086,
        -0.234496847
      ],
      [
        0.272470623,
        0.142588571,
        0.951539934
      ],
      [
        -0.191872939,
        -0.961042047,
        0.1989547
      ]
    ],
    "translation": [
      2.1359756,
      0.8267979,
      -0.653605938
    ]
  },
  {
    "timeStamp": 21482,
    "rotation": [
      [
        0.9377541,
        -0.259665,
        -0.2306326
      ],
      [
        0.283661455,
        0.189501464,
        0.9400135
      ],
      [
        -0.20038344,
        -0.9469231,
        0.2513627
      ]
    ],
    "translation": [
      2.1333456,
      0.8168842,
      -0.6521904
    ]
  },
  {
    "timeStamp": 21538,
    "rotation": [
      [
        0.9299718,
        -0.28024736,
        -0.237936825
      ],
      [
        0.30490014,
        0.226351112,
        0.9250952
      ],
      [
        -0.205398247,
        -0.932859361,
        0.2959476
      ]
    ],
    "translation": [
      2.13054276,
      0.804777265,
      -0.649765968
    ]
  },
  {
    "timeStamp": 21582,
    "rotation": [
      [
        0.9262907,
        -0.286755562,
        -0.244452178
      ],
      [
        0.3205522,
        0.258660048,
        0.9112306
      ],
      [
        -0.198070422,
        -0.922424138,
        0.3315145
      ]
    ],
    "translation": [
      2.12697768,
      0.794948637,
      -0.649355054
    ]
  },
  {
    "timeStamp": 21638,
    "rotation": [
      [
        0.919252157,
        -0.3106649,
        -0.241790667
      ],
      [
        0.3354901,
        0.296876341,
        0.894041836
      ],
      [
        -0.205965489,
        -0.9029683,
        0.377129257
      ]
    ],
    "translation": [
      2.12509942,
      0.7818537,
      -0.647828
    ]
  },
  {
    "timeStamp": 21682,
    "rotation": [
      [
        0.9245062,
        -0.299438238,
        -0.235849485
      ],
      [
        0.3222143,
        0.283386916,
        0.9032551
      ],
      [
        -0.203632459,
        -0.911059,
        0.358476251
      ]
    ],
    "translation": [
      2.121973,
      0.7763734,
      -0.644762
    ]
  },
  {
    "timeStamp": 21738,
    "rotation": [
      [
        0.9176336,
        -0.30245465,
        -0.2578172
      ],
      [
        0.337508023,
        0.25052464,
        0.907372952
      ],
      [
        -0.2098496,
        -0.91965127,
        0.331970721
      ]
    ],
    "translation": [
      2.11994863,
      0.767448962,
      -0.6401928
    ]
  },
  {
    "timeStamp": 21782,
    "rotation": [
      [
        0.924739242,
        -0.291996241,
        -0.244122088
      ],
      [
        0.309040964,
        0.201683834,
        0.9294177
      ],
      [
        -0.222151,
        -0.934912741,
        0.27674377
      ]
    ],
    "translation": [
      2.11774516,
      0.761649251,
      -0.6334282
    ]
  },
  {
    "timeStamp": 21838,
    "rotation": [
      [
        0.936640263,
        -0.292679071,
        -0.192467943
      ],
      [
        0.243883625,
        0.150454432,
        0.958062768
      ],
      [
        -0.25144726,
        -0.944299936,
        0.212301314
      ]
    ],
    "translation": [
      2.11165953,
      0.754773,
      -0.6261345
    ]
  },
  {
    "timeStamp": 21883,
    "rotation": [
      [
        0.954847157,
        -0.27724728,
        -0.106774688
      ],
      [
        0.155408055,
        0.159794733,
        0.974840462
      ],
      [
        -0.2532098,
        -0.9474173,
        0.195666015
      ]
    ],
    "translation": [
      2.1019752,
      0.7507346,
      -0.625112057
    ]
  },
  {
    "timeStamp": 21938,
    "rotation": [
      [
        0.9545064,
        -0.296079278,
        -0.03541979
      ],
      [
        0.08489972,
        0.155973464,
        0.9841058
      ],
      [
        -0.2858488,
        -0.94234246,
        0.174014717
      ]
    ],
    "translation": [
      2.09384155,
      0.7474673,
      -0.6237091
    ]
  },
  {
    "timeStamp": 21983,
    "rotation": [
      [
        0.9513742,
        -0.3080376,
        -0.0001794357
      ],
      [
        0.0503998548,
        0.155085236,
        0.986614645
      ],
      [
        -0.3038866,
        -0.9386487,
        0.163069129
      ]
    ],
    "translation": [
      2.0899148,
      0.746079564,
      -0.6230929
    ]
  },
  {
    "timeStamp": 22039,
    "rotation": [
      [
        0.96073544,
        -0.277184546,
        0.0124972081
      ],
      [
        0.0299029462,
        0.148212984,
        0.9885033
      ],
      [
        -0.2758501,
        -0.949316442,
        0.1506821
      ]
    ],
    "translation": [
      2.09061646,
      0.7448746,
      -0.6220971
    ]
  },
  {
    "timeStamp": 22083,
    "rotation": [
      [
        0.9636466,
        -0.265961766,
        0.025487259
      ],
      [
        0.014432257,
        0.1470701,
        0.989020765
      ],
      [
        -0.266790152,
        -0.952698648,
        0.145562023
      ]
    ],
    "translation": [
      2.09044361,
      0.744208,
      -0.621807
    ]
  },
  {
    "timeStamp": 22139,
    "rotation": [
      [
        0.964756668,
        -0.2600782,
        0.0400489047
      ],
      [
        -0.00761463447,
        0.124538213,
        0.9921856
      ],
      [
        -0.263033479,
        -0.957522631,
        0.118168674
      ]
    ],
    "translation": [
      2.08949614,
      0.741980255,
      -0.6207018
    ]
  },
  {
    "timeStamp": 22183,
    "rotation": [
      [
        0.9660771,
        -0.245038,
        0.0815563053
      ],
      [
        -0.04533972,
        0.149966508,
        0.987650931
      ],
      [
        -0.254242718,
        -0.9578447,
        0.133769259
      ]
    ],
    "translation": [
      2.084723,
      0.732645154,
      -0.619955361
    ]
  },
  {
    "timeStamp": 22238,
    "rotation": [
      [
        0.9609286,
        -0.264275283,
        0.0823092163
      ],
      [
        -0.04884097,
        0.130811274,
        0.9902035
      ],
      [
        -0.272453278,
        -0.955534935,
        0.112792835
      ]
    ],
    "translation": [
      2.08385634,
      0.73193717,
      -0.619667232
    ]
  },
  {
    "timeStamp": 22283,
    "rotation": [
      [
        0.95896703,
        -0.282608449,
        0.02268682
      ],
      [
        0.0109497551,
        0.116876975,
        0.99308604
      ],
      [
        -0.2833061,
        -0.952088356,
        0.11517565
      ]
    ],
    "translation": [
      2.088513,
      0.7307769,
      -0.623273134
    ]
  },
  {
    "timeStamp": 22338,
    "rotation": [
      [
        0.944234669,
        -0.327468336,
        0.0344296619
      ],
      [
        0.00279707,
        0.1125358,
        0.993643761
      ],
      [
        -0.329261422,
        -0.9381366,
        0.107176155
      ]
    ],
    "translation": [
      2.08640051,
      0.7308078,
      -0.62351495
    ]
  },
  {
    "timeStamp": 22383,
    "rotation": [
      [
        0.9308834,
        -0.3643204,
        0.026957605
      ],
      [
        -0.002699072,
        0.06693157,
        0.9977539
      ],
      [
        -0.3653064,
        -0.9288653,
        0.0613221563
      ]
    ],
    "translation": [
      2.086403,
      0.728932738,
      -0.6228008
    ]
  },
  {
    "timeStamp": 22438,
    "rotation": [
      [
        0.929529369,
        -0.368528426,
        0.0127256336
      ],
      [
        0.00269278046,
        0.0412932932,
        0.9991434
      ],
      [
        -0.368738264,
        -0.9286989,
        0.0393756926
      ]
    ],
    "translation": [
      2.0869267,
      0.7271665,
      -0.6226117
    ]
  }
]