[
  {
    "timeStamp": 58155,
    "rotation": [
      [
        -0.8916467,
        0.452600181,
        -0.0109221321
      ],
      [
        0.452457935,
        0.8900084,
        -0.0562753044
      ],
      [
        -0.0157494247,
        -0.0551194921,
        -0.998355567
      ]
    ],
    "translation": [
      1.15400469,
      0.730333149,
      -0.621566355
    ]
  },
  {
    "timeStamp": 58211,
    "rotation": [
      [
        -0.8814652,
        0.471928775,
        -0.0173889231
      ],
      [
        0.4713515,
        0.876924336,
        -0.09397559
      ],
      [
        -0.0291010123,
        -0.091032505,
        -0.9954226
      ]
    ],
    "translation": [
      1.15388465,
      0.734206,
      -0.620587
    ]
  },
  {
    "timeStamp": 58257,
    "rotation": [
      [
        -0.872053444,
        0.488587171,
        -0.0283764247
      ],
      [
        0.488767445,
        0.8664711,
        -0.101656862
      ],
      [
        -0.0250808876,
        -0.102519691,
        -0.9944147
      ]
    ],
    "translation": [
      1.15406477,
      0.7379695,
      -0.622519433
    ]
  },
  {
    "timeStamp": 58310,
    "rotation": [
      [
        -0.863161445,
        0.5018429,
        -0.05573154
      ],
      [
        0.5049224,
        0.8584,
        -0.09056938
      ],
      [
        0.00238835416,
        -0.1063161,
        -0.9943295
      ]
    ],
    "translation": [
      1.15423465,
      0.742317855,
      -0.622490346
    ]
  },
  {
    "timeStamp": 58355,
    "rotation": [
      [
        -0.846850038,
        0.5255094,
        -0.0817604
      ],
      [
        0.5308627,
        0.844534338,
        -0.0703313649
      ],
      [
        0.03208967,
        -0.102963664,
        -0.9941673
      ]
    ],
    "translation": [
      1.15391862,
      0.74736464,
      -0.622984946
    ]
  },
  {
    "timeStamp": 58410,
    "rotation": [
      [
        -0.8217065,
        0.5548703,
        -0.130066842
      ],
      [
        0.563737,
        0.8248561,
        -0.0425795428
      ],
      [
        0.08366031,
        -0.108311385,
        -0.990590453
      ]
    ],
    "translation": [
      1.15577531,
      0.757162,
      -0.6215606
    ]
  },
  {
    "timeStamp": 58455,
    "rotation": [
      [
        -0.7952025,
        0.5847,
        -0.160558268
      ],
      [
        0.593002439,
        0.80518657,
        -0.004761331
      ],
      [
        0.1264954,
        -0.09899767,
        -0.9870149
      ]
    ],
    "translation": [
      1.15866923,
      0.766804039,
      -0.6235619
    ]
  },
  {
    "timeStamp": 58510,
    "rotation": [
      [
        -0.7523376,
        0.624731,
        -0.20904398
      ],
      [
        0.6323882,
        0.7737889,
        0.0365498327
      ],
      [
        0.184589729,
        -0.104699135,
        -0.977223
      ]
    ],
    "translation": [
      1.1683991,
      0.7839453,
      -0.6261022
    ]
  },
  {
    "timeStamp": 58555,
    "rotation": [
      [
        -0.713498056,
        0.6566957,
        -0.244277164
      ],
      [
        0.6626708,
        0.745711744,
        0.06914845
      ],
      [
        0.227569833,
        -0.112538047,
        -0.967236936
      ]
    ],
    "translation": [
      1.18140984,
      0.799693346,
      -0.6297544
    ]
  },
  {
    "timeStamp": 58610,
    "rotation": [
      [
        -0.6546115,
        0.697311759,
        -0.291958958
      ],
      [
        0.6950822,
        0.7070392,
        0.130216569
      ],
      [
        0.297227949,
        -0.117694207,
        -0.947525
      ]
    ],
    "translation": [
      1.20650053,
      0.8178354,
      -0.637116
    ]
  },
  {
    "timeStamp": 58655,
    "rotation": [
      [
        -0.5993694,
        0.732426345,
        -0.32296735
      ],
      [
        0.720481336,
        0.6694256,
        0.181041434
      ],
      [
        0.348802119,
        -0.124181241,
        -0.9289327
      ]
    ],
    "translation": [
      1.23148513,
      0.8324737,
      -0.6455349
    ]
  },
  {
    "timeStamp": 58710,
    "rotation": [
      [
        -0.557363033,
        0.743462443,
        -0.369608045
      ],
      [
        0.736798465,
        0.6481063,
        0.192578182
      ],
      [
        0.382719934,
        -0.164990664,
        -0.909012437
      ]
    ],
    "translation": [
      1.27260387,
      0.8505583,
      -0.6573625
    ]
  },
  {
    "timeStamp": 58755,
    "rotation": [
      [
        -0.5223314,
        0.749187768,
        -0.407293022
      ],
      [
        0.7512943,
        0.630250633,
        0.19580853
      ],
      [
        0.403394043,
        -0.203719974,
        -0.8920602
      ]
    ],
    "translation": [
      1.31131434,
      0.8646722,
      -0.669249058
    ]
  },
  {
    "timeStamp": 58810,
    "rotation": [
      [
        -0.495259553,
        0.7356794,
        -0.462053984
      ],
      [
        0.757846355,
        0.6258847,
        0.1842205
      ],
      [
        0.424719751,
        -0.258928984,
        -0.867507339
      ]
    ],
    "translation": [
      1.36550045,
      0.878525853,
      -0.687794
    ]
  },
  {
    "timeStamp": 58855,
    "rotation": [
      [
        -0.454620272,
        0.7271821,
        -0.514321446
      ],
      [
        0.758477032,
        0.618796051,
        0.204460382
      ],
      [
        0.46694,
        -0.297149152,
        -0.8328682
      ]
    ],
    "translation": [
      1.41396761,
      0.8858744,
      -0.7040499
    ]
  },
  {
    "timeStamp": 58911,
    "rotation": [
      [
        -0.4195356,
        0.6992223,
        -0.5788592
      ],
      [
        0.7583239,
        0.6204756,
        0.199887156
      ],
      [
        0.498933554,
        -0.355103,
        -0.7905486
      ]
    ],
    "translation": [
      1.47887516,
      0.893451035,
      -0.7264507
    ]
  },
  {
    "timeStamp": 58955,
    "rotation": [
      [
        -0.3997521,
        0.662950754,
        -0.6330043
      ],
      [
        0.750524163,
        0.6331875,
        0.189174846
      ],
      [
        0.526224,
        -0.399461985,
        -0.7506786
      ]
    ],
    "translation": [
      1.53304172,
      0.8965059,
      -0.7439073
    ]
  },
  {
    "timeStamp": 59011,
    "rotation": [
      [
        -0.3501381,
        0.6256258,
        -0.697133958
      ],
      [
        0.7424267,
        0.6391551,
        0.20070751
      ],
      [
        0.571144462,
        -0.4472955,
        -0.6882737
      ]
    ],
    "translation": [
      1.6024642,
      0.8991952,
      -0.765723348
    ]
  },
  {
    "timeStamp": 59055,
    "rotation": [
      [
        -0.328541368,
        0.5785491,
        -0.746553063
      ],
      [
        0.734956145,
        0.6530525,
        0.182652071
      ],
      [
        0.5932116,
        -0.488675,
        -0.639763
      ]
    ],
    "translation": [
      1.65933084,
      0.9016434,
      -0.7817919
    ]
  },
  {
    "timeStamp": 59110,
    "rotation": [
      [
        -0.292171031,
        0.5321058,
        -0.7946694
      ],
      [
        0.727926731,
        0.662659943,
        0.176080868
      ],
      [
        0.6202892,
        -0.5270154,
        -0.5809441
      ]
    ],
    "translation": [
      1.72698748,
      0.905806661,
      -0.8005133
    ]
  },
  {
    "timeStamp": 59155,
    "rotation": [
      [
        -0.284334362,
        0.4886464,
        -0.824850738
      ],
      [
        0.725973666,
        0.6716837,
        0.147658914
      ],
      [
        0.6261918,
        -0.5568354,
        -0.5457272
      ]
    ],
    "translation": [
      1.77838326,
      0.9118379,
      -0.8118757
    ]
  },
  {
    "timeStamp": 59210,
    "rotation": [
      [
        -0.260245144,
        0.432300061,
        -0.863359153
      ],
      [
        0.7223762,
        0.6804767,
        0.1229792
      ],
      [
        0.64065975,
        -0.591665447,
        -0.4893741
      ]
    ],
    "translation": [
      1.84289861,
      0.919973969,
      -0.8230722
    ]
  },
  {
    "timeStamp": 59255,
    "rotation": [
      [
        -0.2578025,
        0.3836437,
        -0.8867668
      ],
      [
        0.716819763,
        0.691334367,
        0.09069819
      ],
      [
        0.6478482,
        -0.6122698,
        -0.4532311
      ]
    ],
    "translation": [
      1.89030313,
      0.927292049,
      -0.829596639
    ]
  },
  {
    "timeStamp": 59310,
    "rotation": [
      [
        -0.254588,
        0.328375071,
        -0.9095905
      ],
      [
        0.7115065,
        0.7006179,
        0.0537873134
      ],
      [
        0.654937744,
        -0.6334859,
        -0.412009925
      ]
    ],
    "translation": [
      1.94303441,
      0.9380438,
      -0.8339909
    ]
  },
  {
    "timeStamp": 59355,
    "rotation": [
      [
        -0.255147129,
        0.2877653,
        -0.9230878
      ],
      [
        0.711611748,
        0.7022215,
        0.0222181324
      ],
      [
        0.6546057,
        -0.6512112,
        -0.383946985
      ]
    ],
    "translation": [
      1.981073,
      0.948046446,
      -0.834054768
    ]
  },
  {
    "timeStamp": 59410,
    "rotation": [
      [
        -0.263830245,
        0.227726653,
        -0.9373016
      ],
      [
        0.7048027,
        0.7089214,
        -0.0261473656
      ],
      [
        0.6585187,
        -0.6675111,
        -0.347537249
      ]
    ],
    "translation": [
      2.02496266,
      0.9589204,
      -0.8295372
    ]
  },
  {
    "timeStamp": 59454,
    "rotation": [
      [
        -0.26491937,
        0.186643228,
        -0.946034968
      ],
      [
        0.7092202,
        0.7024274,
        -0.0600219369
      ],
      [
        0.6533181,
        -0.686848,
        -0.318457752
      ]
    ],
    "translation": [
      2.05694914,
      0.9686388,
      -0.8230883
    ]
  },
  {
    "timeStamp": 59504,
    "rotation": [
      [
        -0.2510259,
        0.1358792,
        -0.958395958
      ],
      [
        0.7042635,
        0.7048889,
        -0.08452523
      ],
      [
        0.664077461,
        -0.696181357,
        -0.272640139
      ]
    ],
    "translation": [
      2.08981657,
      0.9755608,
      -0.8145477
    ]
  },
  {
    "timeStamp": 59560,
    "rotation": [
      [
        -0.212729633,
        0.0708847046,
        -0.974536538
      ],
      [
        0.6911173,
        0.715959668,
        -0.09878597
      ],
      [
        0.690726459,
        -0.6945337,
        -0.20129548
      ]
    ],
    "translation": [
      2.13482833,
      0.981738031,
      -0.8007426
    ]
  },
  {
    "timeStamp": 59605,
    "rotation": [
      [
        -0.21277611,
        0.00641049072,
        -0.97708
      ],
      [
        0.680175543,
        0.7188857,
        -0.1434035
      ],
      [
        0.701489568,
        -0.695098758,
        -0.15732196
      ]
    ],
    "translation": [
      2.159764,
      0.9848967,
      -0.788799047
    ]
  },
  {
    "timeStamp": 59660,
    "rotation": [
      [
        -0.17948091,
        0.00192757428,
        -0.9837596
      ],
      [
        0.657164,
        0.7443844,
        -0.118437
      ],
      [
        0.732067,
        -0.6677485,
        -0.134869531
      ]
    ],
    "translation": [
      2.182388,
      0.9762279,
      -0.7708276
    ]
  },
  {
    "timeStamp": 59705,
    "rotation": [
      [
        -0.236130267,
        -0.0388025753,
        -0.9709464
      ],
      [
        0.6302236,
        0.754437566,
        -0.183417946
      ],
      [
        0.7396355,
        -0.6552238,
        -0.153691262
      ]
    ],
    "translation": [
      2.19526386,
      0.9722878,
      -0.750823855
    ]
  },
  {
    "timeStamp": 59760,
    "rotation": [
      [
        -0.305318415,
        -0.06251827,
        -0.950195849
      ],
      [
        0.5907472,
        0.7701821,
        -0.240494043
      ],
      [
        0.746859,
        -0.63475275,
        -0.198218271
      ]
    ],
    "translation": [
      2.20832753,
      0.9640379,
      -0.726258039
    ]
  },
  {
    "timeStamp": 59805,
    "rotation": [
      [
        -0.347688466,
        -0.07331747,
        -0.9347392
      ],
      [
        0.555906057,
        0.786693037,
        -0.268481821
      ],
      [
        0.755037248,
        -0.6129752,
        -0.2327665
      ]
    ],
    "translation": [
      2.21994019,
      0.956486642,
      -0.7082852
    ]
  },
  {
    "timeStamp": 59861,
    "rotation": [
      [
        -0.397108227,
        -0.08608318,
        -0.913725734
      ],
      [
        0.508403957,
        0.808243334,
        -0.2970996
      ],
      [
        0.764088035,
        -0.582522452,
        -0.277195066
      ]
    ],
    "translation": [
      2.23370814,
      0.943637848,
      -0.687387
    ]
  },
  {
    "timeStamp": 59905,
    "rotation": [
      [
        -0.3971571,
        -0.0466627777,
        -0.9165635
      ],
      [
        0.496476,
        0.8290297,
        -0.257334918
      ],
      [
        0.771866441,
        -0.5572542,
        -0.3060881
      ]
    ],
    "translation": [
      2.24009752,
      0.927884638,
      -0.6726691
    ]
  },
  {
    "timeStamp": 59954,
    "rotation": [
      [
        -0.42953822,
        -0.0277685821,
        -0.9026216
      ],
      [
        0.4690817,
        0.847240448,
        -0.24929072
      ],
      [
        0.7716601,
        -0.5304832,
        -0.350896448
      ]
    ],
    "translation": [
      2.24168468,
      0.9102731,
      -0.65933764
    ]
  },
  {
    "timeStamp": 60007,
    "rotation": [
      [
        -0.42836985,
        0.016771866,
        -0.9034478
      ],
      [
        0.456439674,
        0.8669093,
        -0.200327352
      ],
      [
        0.7798475,
        -0.498183668,
        -0.379013151
      ]
    ],
    "translation": [
      2.24116874,
      0.8878114,
      -0.646102667
    ]
  },
  {
    "timeStamp": 60053,
    "rotation": [
      [
        -0.440653384,
        0.04309529,
        -0.896642268
      ],
      [
        0.431655556,
        0.885959744,
        -0.169554576
      ],
      [
        0.787081957,
        -0.461755425,
        -0.409003466
      ]
    ],
    "translation": [
      2.23925781,
      0.8690301,
      -0.6379255
    ]
  },
  {
    "timeStamp": 60109,
    "rotation": [
      [
        -0.4704401,
        0.0569607057,
        -0.8805917
      ],
      [
        0.4025528,
        0.9018817,
        -0.156718671
      ],
      [
        0.785262644,
        -0.4282114,
        -0.447211
      ]
    ],
    "translation": [
      2.23792624,
      0.850387633,
      -0.6262815
    ]
  },
  {
    "timeStamp": 60154,
    "rotation": [
      [
        -0.490953177,
        0.06855261,
        -0.8684846
      ],
      [
        0.37687847,
        0.915501058,
        -0.1407851
      ],
      [
        0.785447359,
        -0.396432042,
        -0.475304157
      ]
    ],
    "translation": [
      2.23805952,
      0.835248947,
      -0.618444145
    ]
  },
  {
    "timeStamp": 60209,
    "rotation": [
      [
        -0.5242986,
        0.0696677342,
        -0.8486797
      ],
      [
        0.3451779,
        0.9284805,
        -0.137025967
      ],
      [
        0.7784363,
        -0.364788,
        -0.5108488
      ]
    ],
    "translation": [
      2.23944664,
      0.8184864,
      -0.6087527
    ]
  },
  {
    "timeStamp": 60254,
    "rotation": [
      [
        -0.5378836,
        0.0764120445,
        -0.8395489
      ],
      [
        0.324513555,
        0.9379091,
        -0.122545533
      ],
      [
        0.7780566,
        -0.33836025,
        -0.5292827
      ]
    ],
    "translation": [
      2.24047542,
      0.8061116,
      -0.6028819
    ]
  },
  {
    "timeStamp": 60309,
    "rotation": [
      [
        -0.5286491,
        0.0789804459,
        -0.845158041
      ],
      [
        0.302268863,
        0.947911263,
        -0.100487366
      ],
      [
        0.793198347,
        -0.308587521,
        -0.5249858
      ]
    ],
    "translation": [
      2.24331069,
      0.79253757,
      -0.5987045
    ]
  },
  {
    "timeStamp": 60354,
    "rotation": [
      [
        -0.526158,
        0.08952488,
        -0.845661342
      ],
      [
        0.297977746,
        0.950803936,
        -0.08474169
      ],
      [
        0.7964716,
        -0.296575785,
        -0.5269495
      ]
    ],
    "translation": [
      2.240393,
      0.7837956,
      -0.597251952
    ]
  },
  {
    "timeStamp": 60410,
    "rotation": [
      [
        -0.4959214,
        0.11377731,
        -0.8608813
      ],
      [
        0.340522081,
        0.937455356,
        -0.07226437
      ],
      [
        0.7988158,
        -0.3289866,
        -0.503647864
      ]
    ],
    "translation": [
      2.23543644,
      0.777893543,
      -0.5961125
    ]
  },
  {
    "timeStamp": 60454,
    "rotation": [
      [
        -0.442573,
        0.0907946751,
        -0.8921241
      ],
      [
        0.400710583,
        0.9100323,
        -0.106170878
      ],
      [
        0.802222,
        -0.404471934,
        -0.439138085
      ]
    ],
    "translation": [
      2.23350954,
      0.7756585,
      -0.5934891
    ]
  },
  {
    "timeStamp": 60510,
    "rotation": [
      [
        -0.356017083,
        0.037819013,
        -0.9337139
      ],
      [
        0.4262936,
        0.8957298,
        -0.126261577
      ],
      [
        0.8315802,
        -0.442987531,
        -0.335017085
      ]
    ],
    "translation": [
      2.23542476,
      0.7721939,
      -0.5952797
    ]
  },
  {
    "timeStamp": 60554,
    "rotation": [
      [
        -0.334756643,
        -0.000373228453,
        -0.9423045
      ],
      [
        0.4364763,
        0.886191845,
        -0.155410573
      ],
      [
        0.8351206,
        -0.463318318,
        -0.2964957
      ]
    ],
    "translation": [
      2.23370814,
      0.770869136,
      -0.596311748
    ]
  },
  {
    "timeStamp": 60610,
    "rotation": [
      [
        -0.282928765,
        -0.0250674654,
        -0.9588133
      ],
      [
        0.450157464,
        0.8792486,
        -0.155820772
      ],
      [
        0.8469413,
        -0.47570312,
        -0.237480417
      ]
    ],
    "translation": [
      2.23328066,
      0.768302262,
      -0.597762346
    ]
  },
  {
    "timeStamp": 60654,
    "rotation": [
      [
        -0.252865821,
        -0.036776647,
        -0.9668021
      ],
      [
        0.46332705,
        0.872637153,
        -0.154377252
      ],
      [
        0.849344969,
        -0.486982316,
        -0.203620508
      ]
    ],
    "translation": [
      2.230921,
      0.766166568,
      -0.5984696
    ]
  },
  {
    "timeStamp": 60710,
    "rotation": [
      [
        -0.170659274,
        -0.0270904433,
        -0.984957635
      ],
      [
        0.4486453,
        0.8878524,
        -0.102154441
      ],
      [
        0.8772644,
        -0.459330171,
        -0.139366254
      ]
    ],
    "translation": [
      2.22382,
      0.7624008,
      -0.601745069
    ]
  },
  {
    "timeStamp": 60754,
    "rotation": [
      [
        -0.126118615,
        0.0347736441,
        -0.9914055
      ],
      [
        0.465573341,
        0.88455987,
        -0.0282004625
      ],
      [
        0.8759769,
        -0.4651286,
        -0.127749145
      ]
    ],
    "translation": [
      2.2164588,
      0.7583662,
      -0.602679
    ]
  },
  {
    "timeStamp": 60810,
    "rotation": [
      [
        -0.0844667852,
        0.06825942,
        -0.9940855
      ],
      [
        0.4643548,
        0.88539207,
        0.0213400051
      ],
      [
        0.8816121,
        -0.459805876,
        -0.106482811
      ]
    ],
    "translation": [
      2.213704,
      0.757293,
      -0.6033109
    ]
  },
  {
    "timeStamp": 60854,
    "rotation": [
      [
        -0.141792431,
        0.18143566,
        -0.973126948
      ],
      [
        0.3937664,
        0.912273765,
        0.112714879
      ],
      [
        0.908208668,
        -0.36720258,
        -0.200796783
      ]
    ],
    "translation": [
      2.20885563,
      0.755205631,
      -0.608327746
    ]
  },
  {
    "timeStamp": 60910,
    "rotation": [
      [
        -0.16211246,
        0.306603372,
        -0.9379307
      ],
      [
        0.300318927,
        0.920743644,
        0.249077752
      ],
      [
        0.9399618,
        -0.241299734,
        -0.2413428
      ]
    ],
    "translation": [
      2.200971,
      0.7556884,
      -0.627814233
    ]
  },
  {
    "timeStamp": 60954,
    "rotation": [
      [
        -0.109331042,
        0.337448,
        -0.9349736
      ],
      [
        0.2579143,
        0.9180279,
        0.301172823
      ],
      [
        0.959961951,
        -0.2082155,
        -0.187401608
      ]
    ],
    "translation": [
      2.2033124,
      0.756705165,
      -0.6418377
    ]
  },
  {
    "timeStamp": 61009,
    "rotation": [
      [
        -0.04938979,
        0.332933933,
        -0.9416558
      ],
      [
        0.2259792,
        0.9220826,
        0.314160973
      ],
      [
        0.9728793,
        -0.197278276,
        -0.120777607
      ]
    ],
    "translation": [
      2.2121985,
      0.7578111,
      -0.658293247
    ]
  },
  {
    "timeStamp": 61054,
    "rotation": [
      [
        -0.04138414,
        0.3210793,
        -0.9461477
      ],
      [
        0.198927909,
        0.930648148,
        0.307118446
      ],
      [
        0.9791399,
        -0.175505355,
        -0.102385715
      ]
    ],
    "translation": [
      2.21447229,
      0.7588915,
      -0.668816447
    ]
  },
  {
    "timeStamp": 61110,
    "rotation": [
      [
        -0.0130310822,
        0.3014127,
        -0.9534047
      ],
      [
        0.190239161,
        0.9368172,
        0.293568522
      ],
      [
        0.981651247,
        -0.177549392,
        -0.06954825
      ]
    ],
    "translation": [
      2.22290373,
      0.7622588,
      -0.6780137
    ]
  },
  {
    "timeStamp": 61154,
    "rotation": [
      [
        0.0156722236,
        0.287259161,
        -0.9577247
      ],
      [
        0.190652013,
        0.939410448,
        0.284885824
      ],
      [
        0.9815326,
        -0.187056914,
        -0.040043883
      ]
    ],
    "translation": [
      2.23030543,
      0.7640383,
      -0.6838825
    ]
  },
  {
    "timeStamp": 61210,
    "rotation": [
      [
        0.04311723,
        0.279401749,
        -0.9592057
      ],
      [
        0.186984375,
        0.940876544,
        0.2824679
      ],
      [
        0.981416166,
        -0.191535711,
        -0.0116757723
      ]
    ],
    "translation": [
      2.236496,
      0.7638001,
      -0.6910198
    ]
  },
  {
    "timeStamp": 61254,
    "rotation": [
      [
        0.0122293606,
        0.26766476,
        -0.9634345
      ],
      [
        0.1938501,
        0.944592535,
        0.264890671
      ],
      [
        0.9809549,
        -0.190001324,
        -0.04033508
      ]
    ],
    "translation": [
      2.236392,
      0.765043855,
      -0.692277431
    ]
  },
  {
    "timeStamp": 61309,
    "rotation": [
      [
        -0.00158713257,
        0.261314541,
        -0.9652524
      ],
      [
        0.1982793,
        0.9461712,
        0.255822837
      ],
      [
        0.980144262,
        -0.190983549,
        -0.0533149652
      ]
    ],
    "translation": [
      2.23412585,
      0.764973462,
      -0.693576336
    ]
  },
  {
    "timeStamp": 61354,
    "rotation": [
      [
        -0.0167504977,
        0.2582861,
        -0.96592325
      ],
      [
        0.213188142,
        0.944766462,
        0.248931825
      ],
      [
        0.9768675,
        -0.201753646,
        -0.07088884
      ]
    ],
    "translation": [
      2.23019981,
      0.7648978,
      -0.691034734
    ]
  },
  {
    "timeStamp": 61409,
    "rotation": [
      [
        -0.0536679253,
        0.243859708,
        -0.9683244
      ],
      [
        0.240686864,
        0.94429034,
        0.224467337
      ],
      [
        0.9691179,
        -0.221016258,
        -0.109371938
      ]
    ],
    "translation": [
      2.2252605,
      0.766144156,
      -0.681839168
    ]
  },
  {
    "timeStamp": 61454,
    "rotation": [
      [
        -0.0588182,
        0.244284034,
        -0.9679182
      ],
      [
        0.250468671,
        0.9421929,
        0.22257106
      ],
      [
        0.96633625,
        -0.229341954,
        -0.116603591
      ]
    ],
    "translation": [
      2.22197843,
      0.764948845,
      -0.674519658
    ]
  },
  {
    "timeStamp": 61509,
    "rotation": [
      [
        -0.09078865,
        0.235022932,
        -0.9677405
      ],
      [
        0.261218578,
        0.9433486,
        0.204592943
      ],
      [
        0.9610006,
        -0.234217063,
        -0.1470377
      ]
    ],
    "translation": [
      2.21571422,
      0.7633107,
      -0.6642051
    ]
  },
  {
    "timeStamp": 61554,
    "rotation": [
      [
        -0.1049335,
        0.230193064,
        -0.967470944
      ],
      [
        0.262953162,
        0.9446403,
        0.196240574
      ],
      [
        0.9590852,
        -0.23380734,
        -0.159654409
      ]
    ],
    "translation": [
      2.21174836,
      0.7615123,
      -0.657372355
    ]
  },
  {
    "timeStamp": 61610,
    "rotation": [
      [
        -0.119291469,
        0.227944046,
        -0.966339
      ],
      [
        0.266082555,
        0.945025742,
        0.190069541
      ],
      [
        0.9565404,
        -0.234452263,
        -0.173385441
      ]
    ],
    "translation": [
      2.20726323,
      0.758261144,
      -0.649166644
    ]
  },
  {
    "timeStamp": 61653,
    "rotation": [
      [
        -0.148765013,
        0.21488148,
        -0.965243459
      ],
      [
        0.272611439,
        0.94719243,
        0.168847635
      ],
      [
        0.9505535,
        -0.238017783,
        -0.199488252
      ]
    ],
    "translation": [
      2.203761,
      0.7574595,
      -0.6426366
    ]
  },
  {
    "timeStamp": 61709,
    "rotation": [
      [
        -0.1841573,
        0.19652155,
        -0.963050067
      ],
      [
        0.28132993,
        0.949354053,
        0.13992998
      ],
      [
        0.941774666,
        -0.245165676,
        -0.230117872
      ]
    ],
    "translation": [
      2.20026231,
      0.757265,
      -0.6339984
    ]
  },
  {
    "timeStamp": 61754,
    "rotation": [
      [
        -0.1851213,
        0.199387953,
        -0.9622757
      ],
      [
        0.2895312,
        0.9468032,
        0.140482366
      ],
      [
        0.9390962,
        -0.252602577,
        -0.233002484
      ]
    ],
    "translation": [
      2.20036149,
      0.756837249,
      -0.629468143
    ]
  },
  {
    "timeStamp": 61809,
    "rotation": [
      [
        -0.185528025,
        0.187696487,
        -0.9645462
      ],
      [
        0.2990494,
        0.9458117,
        0.126529425
      ],
      [
        0.936028242,
        -0.26497224,
        -0.231605083
      ]
    ],
    "translation": [
      2.19953,
      0.75636667,
      -0.6244463
    ]
  },
  {
    "timeStamp": 61853,
    "rotation": [
      [
        -0.196506366,
        0.172277287,
        -0.965249062
      ],
      [
        0.3084057,
        0.945337534,
        0.105937943
      ],
      [
        0.9307369,
        -0.276870847,
        -0.238896146
      ]
    ],
    "translation": [
      2.19828439,
      0.756094038,
      -0.619627953
    ]
  },
  {
    "timeStamp": 61909,
    "rotation": [
      [
        -0.224413335,
        0.158581123,
        -0.9615044
      ],
      [
        0.3147698,
        0.945576966,
        0.0824875161
      ],
      [
        0.922257364,
        -0.284141243,
        -0.2621166
      ]
    ],
    "translation": [
      2.197834,
      0.7559102,
      -0.6122334
    ]
  },
  {
    "timeStamp": 61954,
    "rotation": [
      [
        -0.2845324,
        0.129644915,
        -0.949859738
      ],
      [
        0.380134732,
        0.9248485,
        0.0123610366
      ],
      [
        0.880079,
        -0.3575576,
        -0.3124319
      ]
    ],
    "translation": [
      2.19801188,
      0.7542401,
      -0.6036297
    ]
  },
  {
    "timeStamp": 62009,
    "rotation": [
      [
        -0.376707315,
        0.118765369,
        -0.918687344
      ],
      [
        0.3751791,
        0.9263253,
        -0.0340892226
      ],
      [
        0.8469547,
        -0.357513964,
        -0.393511772
      ]
    ],
    "translation": [
      2.197367,
      0.7561347,
      -0.594587147
    ]
  },
  {
    "timeStamp": 62053,
    "rotation": [
      [
        -0.41339308,
        0.128353834,
        -0.9014607
      ],
      [
        0.3548966,
        0.9344337,
        -0.0297002941
      ],
      [
        0.8385431,
        -0.3322032,
        -0.431840748
      ]
    ],
    "translation": [
      2.19723487,
      0.7547091,
      -0.591954648
    ]
  },
  {
    "timeStamp": 62109,
    "rotation": [
      [
        -0.430784076,
        0.147026122,
        -0.890397847
      ],
      [
        0.3510343,
        0.9362386,
        -0.0152386576
      ],
      [
        0.831384361,
        -0.3191248,
        -0.4549279
      ]
    ],
    "translation": [
      2.19836736,
      0.7544743,
      -0.590971351
    ]
  },
  {
    "timeStamp": 62153,
    "rotation": [
      [
        -0.4443925,
        0.166687608,
        -0.8801878
      ],
      [
        0.360210449,
        0.93285656,
        -0.00520253228
      ],
      [
        0.8202218,
        -0.319364816,
        -0.4745971
      ]
    ],
    "translation": [
      2.199476,
      0.753735,
      -0.590495
    ]
  },
  {
    "timeStamp": 62209,
    "rotation": [
      [
        -0.514405549,
        0.205309734,
        -0.832607269
      ],
      [
        0.3770214,
        0.9261934,
        -0.004546404
      ],
      [
        0.7702219,
        -0.31624943,
        -0.553845167
      ]
    ],
    "translation": [
      2.20217657,
      0.75255096,
      -0.5881331
    ]
  },
  {
    "timeStamp": 62253,
    "rotation": [
      [
        -0.551877,
        0.2308982,
        -0.8013225
      ],
      [
        0.374206662,
        0.9272969,
        0.009478252
      ],
      [
        0.7452524,
        -0.2946294,
        -0.598157465
      ]
    ],
    "translation": [
      2.20365024,
      0.752212167,
      -0.5861838
    ]
  },
  {
    "timeStamp": 62309,
    "rotation": [
      [
        -0.562727,
        0.259725362,
        -0.7847809
      ],
      [
        0.382318765,
        0.923493743,
        0.03149114
      ],
      [
        0.7329193,
        -0.282315552,
        -0.6189727
      ]
    ],
    "translation": [
      2.20489836,
      0.750976443,
      -0.5851551
    ]
  },
  {
    "timeStamp": 62353,
    "rotation": [
      [
        -0.5752225,
        0.29504627,
        -0.762932956
      ],
      [
        0.410889059,
        0.910699,
        0.0423965342
      ],
      [
        0.7073112,
        -0.289093375,
        -0.6450859
      ]
    ],
    "translation": [
      2.20486736,
      0.749839664,
      -0.5825175
    ]
  },
  {
    "timeStamp": 62409,
    "rotation": [
      [
        -0.5770369,
        0.316042,
        -0.7530908
      ],
      [
        0.4307032,
        0.9012064,
        0.04818463
      ],
      [
        0.6939186,
        -0.296554327,
        -0.6561497
      ]
    ],
    "translation": [
      2.204637,
      0.74943167,
      -0.5812783
    ]
  },
  {
    "timeStamp": 62453,
    "rotation": [
      [
        -0.585672736,
        0.300860643,
        -0.7526422
      ],
      [
        0.4340548,
        0.9006117,
        0.0222476888
      ],
      [
        0.684531868,
        -0.3136581,
        -0.6580537
      ]
    ],
    "translation": [
      2.20425558,
      0.749007463,
      -0.5819713
    ]
  },
  {
    "timeStamp": 62514,
    "rotation": [
      [
        -0.5747192,
        0.323667735,
        -0.751623
      ],
      [
        0.4573738,
        0.88866365,
        0.0329557024
      ],
      [
        0.6786067,
        -0.32483238,
        -0.6587692
      ]
    ],
    "translation": [
      2.205044,
      0.7494239,
      -0.5824465
    ]
  },
  {
    "timeStamp": 62551,
    "rotation": [
      [
        -0.5718766,
        0.3225803,
        -0.754254
      ],
      [
        0.465486467,
        0.88468945,
        0.02543253
      ],
      [
        0.6754846,
        -0.336550772,
        -0.656089962
      ]
    ],
    "translation": [
      2.20544052,
      0.749434769,
      -0.5827175
    ]
  },
  {
    "timeStamp": 62604,
    "rotation": [
      [
        -0.5622987,
        0.3397176,
        -0.7539311
      ],
      [
        0.482876778,
        0.875022531,
        0.0341404527
      ],
      [
        0.6713048,
        -0.344858676,
        -0.6560658
      ]
    ],
    "translation": [
      2.20584559,
      0.7495662,
      -0.5836939
    ]
  },
  {
    "timeStamp": 62659,
    "rotation": [
      [
        -0.5675228,
        0.330214918,
        -0.754238665
      ],
      [
        0.486027032,
        0.873781443,
        0.0168437771
      ],
      [
        0.6646018,
        -0.357021153,
        -0.656384349
      ]
    ],
    "translation": [
      2.20555139,
      0.749504268,
      -0.583524466
    ]
  },
  {
    "timeStamp": 62703,
    "rotation": [
      [
        -0.5518391,
        0.335550129,
        -0.7634656
      ],
      [
        0.488042057,
        0.8722829,
        0.0306156147
      ],
      [
        0.6762311,
        -0.35570842,
        -0.645122468
      ]
    ],
    "translation": [
      2.2079277,
      0.74966,
      -0.583848953
    ]
  },
  {
    "timeStamp": 62759,
    "rotation": [
      [
        -0.570373535,
        0.325829685,
        -0.753995359
      ],
      [
        0.486687452,
        0.8735264,
        0.009319949
      ],
      [
        0.661671638,
        -0.361644268,
        -0.656813562
      ]
    ],
    "translation": [
      2.209787,
      0.749686241,
      -0.584480047
    ]
  },
  {
    "timeStamp": 62803,
    "rotation": [
      [
        -0.569914162,
        0.31741178,
        -0.757923245
      ],
      [
        0.4766287,
        0.879050732,
        0.009741931
      ],
      [
        0.66934514,
        -0.355695873,
        -0.652271032
      ]
    ],
    "translation": [
      2.21268749,
      0.74987787,
      -0.5849942
    ]
  },
  {
    "timeStamp": 62859,
    "rotation": [
      [
        -0.572030544,
        0.310660273,
        -0.7591253
      ],
      [
        0.4706046,
        0.8823206,
        0.006457109
      ],
      [
        0.6717979,
        -0.3535542,
        -0.650912464
      ]
    ],
    "translation": [
      2.2138648,
      0.7500203,
      -0.5856372
    ]
  },
  {
    "timeStamp": 62903,
    "rotation": [
      [
        -0.5812261,
        0.292142332,
        -0.759492636
      ],
      [
        0.461138248,
        0.8872523,
        -0.011615172
      ],
      [
        0.6704683,
        -0.356982172,
        -0.6504122
      ]
    ],
    "translation": [
      2.21331716,
      0.749808669,
      -0.585827649
    ]
  },
  {
    "timeStamp": 62959,
    "rotation": [
      [
        -0.5863563,
        0.280736029,
        -0.759851
      ],
      [
        0.452573538,
        0.891505837,
        -0.0198611766
      ],
      [
        0.67183584,
        -0.355534166,
        -0.6497938
      ]
    ],
    "translation": [
      2.21291423,
      0.7498367,
      -0.585699737
    ]
  },
  {
    "timeStamp": 63004,
    "rotation": [
      [
        -0.594854653,
        0.26200667,
        -0.759934545
      ],
      [
        0.446096778,
        0.894047558,
        -0.0409460366
      ],
      [
        0.6686895,
        -0.3633613,
        -0.6487087
      ]
    ],
    "translation": [
      2.21203732,
      0.7500776,
      -0.5859237
    ]
  },
  {
    "timeStamp": 63061,
    "rotation": [
      [
        -0.602768064,
        0.2366035,
        -0.7620298
      ],
      [
        0.440995246,
        0.89469403,
        -0.0710341
      ],
      [
        0.6649766,
        -0.3788686,
        -0.643633962
      ]
    ],
    "translation": [
      2.20806313,
      0.7513891,
      -0.5859032
    ]
  },
  {
    "timeStamp": 63107,
    "rotation": [
      [
        -0.5085945,
        0.219897628,
        -0.8324522
      ],
      [
        0.4447577,
        0.8949542,
        -0.0353209823
      ],
      [
        0.7372396,
        -0.388203561,
        -0.552969933
      ]
    ],
    "translation": [
      2.20557046,
      0.750578761,
      -0.590122759
    ]
  },
  {
    "timeStamp": 63152,
    "rotation": [
      [
        -0.38947615,
        0.222437412,
        -0.8937729
      ],
      [
        0.442657322,
        0.8961841,
        0.0301423352
      ],
      [
        0.8076898,
        -0.383895367,
        -0.4475059
      ]
    ],
    "translation": [
      2.20440865,
      0.7505496,
      -0.5973389
    ]
  },
  {
    "timeStamp": 63209,
    "rotation": [
      [
        -0.2617417,
        0.238242686,
        -0.935270965
      ],
      [
        0.431788355,
        0.895571,
        0.107291073
      ],
      [
        0.8631628,
        -0.375756562,
        -0.3372787
      ]
    ],
    "translation": [
      2.200377,
      0.7512319,
      -0.6060374
    ]
  },
  {
    "timeStamp": 63253,
    "rotation": [
      [
        -0.142917767,
        0.276992053,
        -0.950184166
      ],
      [
        0.4012744,
        0.893810868,
        0.20020251
      ],
      [
        0.904739439,
        -0.35267207,
        -0.238891274
      ]
    ],
    "translation": [
      2.1969018,
      0.7519958,
      -0.615386546
    ]
  },
  {
    "timeStamp": 63308,
    "rotation": [
      [
        -0.0412991121,
        0.348133564,
        -0.936534762
      ],
      [
        0.32469523,
        0.8911355,
        0.316939175
      ],
      [
        0.9449166,
        -0.290999085,
        -0.149840415
      ]
    ],
    "translation": [
      2.18944788,
      0.7537141,
      -0.63010937
    ]
  },
  {
    "timeStamp": 63353,
    "rotation": [
      [
        -0.034031637,
        0.393178344,
        -0.918832242
      ],
      [
        0.297159255,
        0.8817666,
        0.3663114
      ],
      [
        0.954221249,
        -0.2605733,
        -0.146844551
      ]
    ],
    "translation": [
      2.18120718,
      0.7569871,
      -0.6385378
    ]
  },
  {
    "timeStamp": 63408,
    "rotation": [
      [
        -0.008033048,
        0.392460585,
        -0.9197337
      ],
      [
        0.295353085,
        0.8796596,
        0.372780859
      ],
      [
        0.9553544,
        -0.268651634,
        -0.122980796
      ]
    ],
    "translation": [
      2.18107343,
      0.759502053,
      -0.6441415
    ]
  },
  {
    "timeStamp": 63453,
    "rotation": [
      [
        0.0141810672,
        0.377622962,
        -0.925850868
      ],
      [
        0.304778844,
        0.880248964,
        0.363691717
      ],
      [
        0.9523176,
        -0.287337273,
        -0.102608621
      ]
    ],
    "translation": [
      2.18591571,
      0.763335,
      -0.6465497
    ]
  },
  {
    "timeStamp": 63508,
    "rotation": [
      [
        -0.00769960834,
        0.346732318,
        -0.937932551
      ],
      [
        0.31430003,
        0.8912642,
        0.326899976
      ],
      [
        0.9492925,
        -0.29227522,
        -0.115840368
      ]
    ],
    "translation": [
