[
  {
    "timeStamp": 160052,
    "rotation": [
      [
        -0.2568281,
        0.189037159,
        0.947789133
      ],
      [
        0.563802063,
        0.825823665,
        -0.0119342506
      ],
      [
        -0.7849628,
        0.5313004,
        -0.318674266
      ]
    ],
    "translation": [
      1.1143533,
      0.7079984,
      -0.723767638
    ]
  },
  {
    "timeStamp": 160108,
    "rotation": [
      [
        -0.2844314,
        0.168883279,
        0.943703949
      ],
      [
        0.5407501,
        0.841091,
        0.0124616418
      ],
      [
        -0.791636348,
        0.513852537,
        -0.330556333
      ]
    ],
    "translation": [
      1.11411047,
      0.7074349,
      -0.723482549
    ]
  },
  {
    "timeStamp": 160152,
    "rotation": [
      [
        -0.2926112,
        0.161829457,
        0.9424383
      ],
      [
        0.5227939,
        0.852309644,
        0.0159655623
      ],
      [
        -0.8006655,
        0.497372657,
        -0.333998829
      ]
    ],
    "translation": [
      1.113975,
      0.7072701,
      -0.723441541
    ]
  },
  {
    "timeStamp": 160208,
    "rotation": [
      [
        -0.319425434,
        0.157584175,
        0.9344167
      ],
      [
        0.5148547,
        0.8566977,
        0.031523075
      ],
      [
        -0.7955451,
        0.491158128,
        -0.354783982
      ]
    ],
    "translation": [
      1.1138531,
      0.7069432,
      -0.722785652
    ]
  },
  {
    "timeStamp": 160252,
    "rotation": [
      [
        -0.331215322,
        0.156205833,
        0.930535436
      ],
      [
        0.510389447,
        0.8591275,
        0.0374494866
      ],
      [
        -0.7935988,
        0.487339318,
        -0.364282042
      ]
    ],
    "translation": [
      1.11378968,
      0.706797242,
      -0.722475946
    ]
  },
  {
    "timeStamp": 160308,
    "rotation": [
      [
        -0.3351176,
        0.169634908,
        0.9267795
      ],
      [
        0.485216439,
        0.874258,
        0.0154296635
      ],
      [
        -0.807626963,
        0.454859376,
        -0.375288874
      ]
    ],
    "translation": [
      1.11384785,
      0.7070535,
      -0.722283363
    ]
  },
  {
    "timeStamp": 160352,
    "rotation": [
      [
        -0.3483834,
        0.176730812,
        0.9205407
      ],
      [
        0.4717573,
        0.8816797,
        0.00926893
      ],
      [
        -0.809984,
        0.437500954,
        -0.3905366
      ]
    ],
    "translation": [
      1.113767,
      0.7070723,
      -0.721798
    ]
  },
  {
    "timeStamp": 160408,
    "rotation": [
      [
        -0.3613828,
        0.185559556,
        0.913767
      ],
      [
        0.49648577,
        0.867811561,
        0.02012624
      ],
      [
        -0.7892429,
        0.460945576,
        -0.405739844
      ]
    ],
    "translation": [
      1.11383665,
      0.7070146,
      -0.7211358
    ]
  },
  {
    "timeStamp": 160452,
    "rotation": [
      [
        -0.3577791,
        0.177643985,
        0.916753352
      ],
      [
        0.511735737,
        0.858495,
        0.0333588831
      ],
      [
        -0.7811022,
        0.481070548,
        -0.398058355
      ]
    ],
    "translation": [
      1.113764,
      0.7068734,
      -0.721244156
    ]
  },
  {
    "timeStamp": 160507,
    "rotation": [
      [
        -0.357262135,
        0.190368474,
        0.914397955
      ],
      [
        0.52862066,
        0.8483306,
        0.0299221352
      ],
      [
        -0.770015538,
        0.494059682,
        -0.4037091
      ]
    ],
    "translation": [
      1.11379433,
      0.7070355,
      -0.720916569
    ]
  },
  {
    "timeStamp": 160552,
    "rotation": [
      [
        -0.355562568,
        0.208027169,
        0.911208
      ],
      [
        0.547355533,
        0.8365953,
        0.0225904472
      ],
      [
        -0.7576128,
        0.506787,
        -0.411326766
      ]
    ],
    "translation": [
      1.113926,
      0.707279444,
      -0.7205878
    ]
  },
  {
    "timeStamp": 160607,
    "rotation": [
      [
        -0.3470147,
        0.239319175,
        0.906811535
      ],
      [
        0.5824366,
        0.8128331,
        0.008367266
      ],
      [
        -0.7350839,
        0.5310638,
        -0.421453267
      ]
    ],
    "translation": [
      1.11415958,
      0.7077348,
      -0.720008433
    ]
  },
  {
    "timeStamp": 160652,
    "rotation": [
      [
        -0.3095372,
        0.271732718,
        0.9112344
      ],
      [
        0.5635433,
        0.8242949,
        -0.05437711
      ],
      [
        -0.765901864,
        0.496688277,
        -0.408283085
      ]
    ],
    "translation": [
      1.113832,
      0.71231544,
      -0.715643346
    ]
  },
  {
    "timeStamp": 160707,
    "rotation": [
      [
        -0.3069679,
        0.306488365,
        0.9010192
      ],
      [
        0.5838093,
        0.8083204,
        -0.07605839
      ],
      [
        -0.751623154,
        0.5026759,
        -0.427059174
      ]
    ],
    "translation": [
      1.11728215,
      0.722413957,
      -0.713157356
    ]
  },
  {
    "timeStamp": 160752,
    "rotation": [
      [
        -0.3050942,
        0.3320947,
        0.8925417
      ],
      [
        0.601746857,
        0.7936446,
        -0.08960444
      ],
      [
        -0.738118,
        0.5097463,
        -0.441973329
      ]
    ],
    "translation": [
      1.12164259,
      0.7308825,
      -0.7114204
    ]
  },
  {
    "timeStamp": 160807,
    "rotation": [
      [
        -0.298691779,
        0.360525131,
        0.883631647
      ],
      [
        0.6119803,
        0.782826364,
        -0.112530038
      ],
      [
        -0.732300043,
        0.507153332,
        -0.4544581
      ]
    ],
    "translation": [
      1.12904751,
      0.744091034,
      -0.707893848
    ]
  },
  {
    "timeStamp": 160852,
    "rotation": [
      [
        -0.298075318,
        0.398729473,
        0.867275
      ],
      [
        0.640355,
        0.7573225,
        -0.128094047
      ],
      [
        -0.707881749,
        0.517182231,
        -0.4810676
      ]
    ],
    "translation": [
      1.13822556,
      0.7555239,
      -0.7045425
    ]
  },
  {
    "timeStamp": 160907,
    "rotation": [
      [
        -0.2964937,
        0.4380074,
        0.8486702
      ],
      [
        0.6554572,
        0.7396265,
        -0.152736574
      ],
      [
        -0.694598734,
        0.5109815,
        -0.506389737
      ]
    ],
    "translation": [
      1.15321767,
      0.771455646,
      -0.6988988
    ]
  },
  {
    "timeStamp": 160952,
    "rotation": [
      [
        -0.294183075,
        0.471870422,
        0.8311405
      ],
      [
        0.6645267,
        0.7260064,
        -0.176971778
      ],
      [
        -0.6869211,
        0.500252962,
        -0.52714926
      ]
    ],
    "translation": [
      1.16940629,
      0.785939932,
      -0.6937541
    ]
  },
  {
    "timeStamp": 161007,
    "rotation": [
      [
        -0.3001551,
        0.5115159,
        0.805144966
      ],
      [
        0.678483844,
        0.7077844,
        -0.196725592
      ],
      [
        -0.6704973,
        0.487229615,
        -0.5595004
      ]
    ],
    "translation": [
      1.19614255,
      0.8023364,
      -0.686824441
    ]
  },
  {
    "timeStamp": 161052,
    "rotation": [
      [
        -0.309691072,
        0.539765537,
        0.7827801
      ],
      [
        0.6742738,
        0.7051208,
        -0.219452858
      ],
      [
        -0.6704076,
        0.459845483,
        -0.5823194
      ]
    ],
    "translation": [
      1.22214568,
      0.816225231,
      -0.680484951
    ]
  },
  {
    "timeStamp": 161107,
    "rotation": [
      [
        -0.325628281,
        0.5815952,
        0.745461762
      ],
      [
        0.685482,
        0.6882529,
        -0.237533659
      ],
      [
        -0.6512147,
        0.433653,
        -0.622787654
      ]
    ],
    "translation": [
      1.26059151,
      0.832388,
      -0.672959447
    ]
  },
  {
    "timeStamp": 161152,
    "rotation": [
      [
        -0.346510351,
        0.610125363,
        0.712515
      ],
      [
        0.6864892,
        0.682578564,
        -0.2506373
      ],
      [
        -0.6392676,
        0.402285457,
        -0.655365
      ]
    ],
    "translation": [
      1.29678822,
      0.8450135,
      -0.666891
    ]
  },
  {
    "timeStamp": 161208,
    "rotation": [
      [
        -0.373573035,
        0.647586346,
        0.66413486
      ],
      [
        0.689899862,
        0.67257005,
        -0.267745674
      ],
      [
        -0.6200656,
        0.358163953,
        -0.6980238
      ]
    ],
    "translation": [
      1.34613,
      0.8606479,
      -0.660631359
    ]
  },
  {
    "timeStamp": 161252,
    "rotation": [
      [
        -0.4034897,
        0.671583951,
        0.6214266
      ],
      [
        0.683538854,
        0.672730744,
        -0.283210129
      ],
      [
        -0.608252168,
        0.310496837,
        -0.730493665
      ]
    ],
    "translation": [
      1.390536,
      0.8740379,
      -0.656859159
    ]
  },
  {
    "timeStamp": 161308,
    "rotation": [
      [
        -0.436638117,
        0.695916533,
        0.5701292
      ],
      [
        0.6798333,
        0.670299649,
        -0.2975317
      ],
      [
        -0.5892146,
        0.2576791,
        -0.765785635
      ]
    ],
    "translation": [
      1.4470067,
      0.889667,
      -0.6548357
    ]
  },
  {
    "timeStamp": 161352,
    "rotation": [
      [
        -0.475416481,
        0.703545153,
        0.5282077
      ],
      [
        0.662676334,
        0.6812831,
        -0.3109878
      ],
      [
        -0.578653,
        0.202182025,
        -0.7901159
      ]
    ],
    "translation": [
      1.494786,
      0.9030841,
      -0.654496253
    ]
  },
  {
    "timeStamp": 161407,
    "rotation": [
      [
        -0.517621934,
        0.708695948,
        0.4793929
      ],
      [
        0.6391099,
        0.69277513,
        -0.3340676
      ],
      [
        -0.568863869,
        0.133464023,
        -0.8115302
      ]
    ],
    "translation": [
      1.55527043,
      0.9207495,
      -0.65571177
    ]
  },
  {
    "timeStamp": 161452,
    "rotation": [
      [
        -0.5527879,
        0.7186826,
        0.4218066
      ],
      [
        0.6370997,
        0.6907574,
        -0.341991484
      ],
      [
        -0.53714937,
        0.07968411,
        -0.8397148
      ]
    ],
    "translation": [
      1.60658038,
      0.9334901,
      -0.6576984
    ]
  },
  {
    "timeStamp": 161508,
    "rotation": [
      [
        -0.59675467,
        0.720159054,
        0.353913426
      ],
      [
        0.627287149,
        0.6937248,
        -0.353916168
      ],
      [
        -0.500394464,
        0.0108042154,
        -0.8657301
      ]
    ],
    "translation": [
      1.67033362,
      0.9489786,
      -0.6622675
    ]
  },
  {
    "timeStamp": 161552,
    "rotation": [
      [
        -0.635209441,
        0.708609,
        0.3072171
      ],
      [
        0.6070018,
        0.703985035,
        -0.36871928
      ],
      [
        -0.477554023,
        -0.0477326438,
        -0.877304852
      ]
    ],
    "translation": [
      1.71954,
      0.9614478,
      -0.6671156
    ]
  },
  {
    "timeStamp": 161608,
    "rotation": [
      [
        -0.6758737,
        0.700464,
        0.229226872
      ],
      [
        0.603742361,
        0.7045815,
        -0.372907579
      ],
      [
        -0.422717363,
        -0.113644436,
        -0.8991079
      ]
    ],
    "translation": [
      1.78123975,
      0.9728527,
      -0.6757645
    ]
  },
  {
    "timeStamp": 161651,
    "rotation": [
      [
        -0.7029339,
        0.689791262,
        0.1734129
      ],
      [
        0.600171745,
        0.706086159,
        -0.37581408
      ],
      [
        -0.381677717,
        -0.160094932,
        -0.9103251
      ]
    ],
    "translation": [
      1.82703745,
      0.9802698,
      -0.683916748
    ]
  },
  {
    "timeStamp": 161706,
    "rotation": [
      [
        -0.7416738,
        0.6643352,
        0.09262138
      ],
      [
        0.588533938,
        0.71076405,
        -0.385282069
      ],
      [
        -0.321788371,
        -0.2312428,
        -0.9181389
      ]
    ],
    "translation": [
      1.883444,
      0.9887517,
      -0.695309162
    ]
  },
  {
    "timeStamp": 161761,
    "rotation": [
      [
        -0.76351,
        0.64534694,
        0.0240796581
      ],
      [
        0.585594356,
        0.707573831,
        -0.3954978
      ],
      [
        -0.272271425,
        -0.2878656,
        -0.9181512
      ]
    ],
    "translation": [
      1.93331051,
      0.9959639,
      -0.706841767
    ]
  },
  {
    "timeStamp": 161805,
    "rotation": [
      [
        -0.778195262,
        0.6272806,
        -0.0305149518
      ],
      [
        0.583925366,
        0.7048133,
        -0.402826816
      ],
      [
        -0.2311781,
        -0.331296384,
        -0.9147674
      ]
    ],
    "translation": [
      1.96951616,
      0.999546766,
      -0.7151363
    ]
  },
  {
    "timeStamp": 161862,
    "rotation": [
      [
        -0.7884492,
        0.609888256,
        -0.07990043
      ],
      [
        0.5841537,
        0.7017544,
        -0.407805383
      ],
      [
        -0.192645237,
        -0.368208,
        -0.9095662
      ]
    ],
    "translation": [
      2.00892,
      1.00104713,
      -0.723747969
    ]
  },
  {
    "timeStamp": 161905,
    "rotation": [
      [
        -0.7894617,
        0.6016576,
        -0.121484354
      ],
      [
        0.592346549,
        0.694927335,
        -0.407678336
      ],
      [
        -0.16086,
        -0.393807262,
        -0.9050083
      ]
    ],
    "translation": [
      2.03827286,
      0.9997882,
      -0.729539752
    ]
  },
  {
    "timeStamp": 161961,
    "rotation": [
      [
        -0.791234851,
        0.5888944,
        -0.164774716
      ],
      [
        0.5983346,
        0.6899124,
        -0.4074514
      ],
      [
        -0.126265734,
        -0.420980155,
        -0.8982386
      ]
    ],
    "translation": [
      2.07212758,
      0.9964346,
      -0.735173762
    ]
  },
  {
    "timeStamp": 162006,
    "rotation": [
      [
        -0.79829824,
        0.5711396,
        -0.191100866
      ],
      [
        0.594054043,
        0.6945188,
        -0.4058859
      ],
      [
        -0.09909435,
        -0.43754226,
        -0.8937209
      ]
    ],
    "translation": [
      2.09711027,
      0.9928516,
      -0.7389733
    ]
  },
  {
    "timeStamp": 162055,
    "rotation": [
      [
        -0.791066051,
        0.5698908,
        -0.222348526
      ],
      [
        0.6070284,
        0.68631506,
        -0.4006096
      ],
      [
        -0.0757025853,
        -0.451880544,
        -0.8888605
      ]
    ],
    "translation": [
      2.11890483,
      0.9880654,
      -0.7420443
    ]
  },
  {
    "timeStamp": 162102,
    "rotation": [
      [
        -0.779980361,
        0.570220768,
        -0.2578351
      ],
      [
        0.6239223,
        0.6766399,
        -0.3909981
      ],
      [
        -0.048493728,
        -0.4658399,
        -0.8835392
      ]
    ],
    "translation": [
      2.14289665,
      0.981807768,
      -0.744228363
    ]
  },
  {
    "timeStamp": 162158,
    "rotation": [
      [
        -0.7804898,
        0.558832943,
        -0.280252248
      ],
      [
        0.6245904,
        0.6777549,
        -0.387988627
      ],
      [
        -0.0268785115,
        -0.477864027,
        -0.8780225
      ]
    ],
    "translation": [
      2.16432881,
      0.9768211,
      -0.7454206
    ]
  },
  {
    "timeStamp": 162202,
    "rotation": [
      [
        -0.775509,
        0.557112336,
        -0.297004342
      ],
      [
        0.6311832,
        0.6738025,
        -0.384184748
      ],
      [
        -0.01391179,
        -0.485402882,
        -0.87417984
      ]
    ],
    "translation": [
      2.179062,
      0.9733607,
      -0.745927036
    ]
  },
  {
    "timeStamp": 162257,
    "rotation": [
      [
        -0.7786675,
        0.544327438,
        -0.312065065
      ],
      [
        0.6274185,
        0.679306269,
        -0.38064304
      ],
      [
        0.00479329424,
        -0.492189765,
        -0.870474756
      ]
    ],
    "translation": [
      2.19628143,
      0.9694711,
      -0.7459221
    ]
  },
  {
    "timeStamp": 162302,
    "rotation": [
      [
        -0.7808809,
        0.535802364,
        -0.321155459
      ],
      [
        0.624423265,
        0.6842399,
        -0.3767112
      ],
      [
        0.0179046523,
        -0.494703531,
        -0.868877351
      ]
    ],
    "translation": [
      2.20845366,
      0.9666749,
      -0.7463829
    ]
  },
  {
    "timeStamp": 162357,
    "rotation": [
      [
        -0.7752456,
        0.5400568,
        -0.327616781
      ],
      [
        0.6309408,
        0.6868054,
        -0.360848874
      ],
      [
        0.0301301032,
        -0.486453325,
        -0.8731868
      ]
    ],
    "translation": [
      2.21862912,
      0.9616493,
      -0.747256458
    ]
  },
  {
    "timeStamp": 162402,
    "rotation": [
      [
        -0.782040954,
        0.5346864,
        -0.320191234
      ],
      [
        0.621939838,
        0.7025549,
        -0.345842957
      ],
      [
        0.0400344133,
        -0.469603062,
        -0.8819695
      ]
    ],
    "translation": [
      2.2247107,
      0.9558342,
      -0.747834563
    ]
  },
  {
    "timeStamp": 162458,
    "rotation": [
      [
        -0.7802621,
        0.555115044,
        -0.288163781
      ],
      [
        0.6245403,
        0.716380835,
        -0.3110432
      ],
      [
        0.033770252,
        -0.422665119,
        -0.9056565
      ]
    ],
    "translation": [
      2.22689176,
      0.9446208,
      -0.7472088
    ]
  },
  {
    "timeStamp": 162504,
    "rotation": [
      [
        -0.7806996,
        0.5750797,
        -0.2445231
      ],
      [
        0.624006569,
        0.7384086,
        -0.255672663
      ],
      [
        0.0335258,
        -0.352187544,
        -0.935328841
      ]
    ],
    "translation": [
      2.224012,
      0.929663658,
      -0.7461575
    ]
  },
  {
    "timeStamp": 162561,
    "rotation": [
      [
        -0.798979461,
        0.5769498,
        -0.169589758
      ],
      [
        0.600700736,
        0.778896,
        -0.18022114
      ],
      [
        0.028114235,
        -0.245865673,
        -0.9688961
      ]
    ],
    "translation": [
      2.221532,
      0.9111176,
      -0.747163236
    ]
  },
  {
    "timeStamp": 162606,
    "rotation": [
      [
        -0.7921484,
        0.60126555,
        -0.104788944
      ],
      [
        0.6100825,
        0.7849458,
        -0.107979178
      ],
      [
        0.0173294824,
        -0.149465427,
        -0.988615036
      ]
    ],
    "translation": [
      2.21687913,
      0.8953885,
      -0.7483856
    ]
  },
  {
    "timeStamp": 162652,
    "rotation": [
      [
        -0.8019937,
        0.5953773,
        -0.04828954
      ],
      [
        0.5971964,
        0.800912,
        -0.0435482
      ],
      [
        0.0127480617,
        -0.06376372,
        -0.9978836
      ]
    ],
    "translation": [
      2.214793,
      0.8819552,
      -0.7510046
    ]
  },
  {
    "timeStamp": 162707,
    "rotation": [
      [
        -0.810046434,
        0.5851886,
        0.0371368639
      ],
      [
        0.5862305,
        0.809594,
        0.0298549309
      ],
      [
        -0.0125950184,
        0.0459546447,
        -0.9988641
      ]
    ],
    "translation": [
      2.20790744,
      0.8686673,
      -0.7534914
    ]
  },
  {
    "timeStamp": 162751,
    "rotation": [
      [
        -0.8066421,
        0.5862441,
        0.0751414746
      ],
      [
        0.5906041,
        0.8043889,
        0.0643840656
      ],
      [
        -0.02269818,
        0.09631376,
        -0.9950922
      ]
    ],
    "translation": [
      2.20255852,
      0.862975836,
      -0.7534675
    ]
  },
  {
    "timeStamp": 162807,
    "rotation": [
      [
        -0.8023333,
        0.5861377,
        0.112711467
      ],
      [
        0.5955005,
        0.798895955,
        0.08452457
      ],
      [
        -0.04050169,
        0.134936616,
        -0.9900261
      ]
    ],
    "translation": [
      2.19462037,
      0.8588299,
      -0.7506485
    ]
  },
  {
    "timeStamp": 162852,
    "rotation": [
      [
        -0.8037002,
        0.577273965,
        0.144294187
      ],
      [
        0.591175,
        0.802228749,
        0.08331388
      ],
      [
        -0.06766201,
        0.1522625,
        -0.98602134
      ]
    ],
    "translation": [
      2.18722773,
      0.8583894,
      -0.7447564
    ]
  },
  {
    "timeStamp": 162907,
    "rotation": [
      [
        -0.7932764,
        0.587164164,
        0.161092475
      ],
      [
        0.6024502,
        0.7952465,
        0.06809332
      ],
      [
        -0.08812628,
        0.151067033,
        -0.9845875
      ]
    ],
    "translation": [
      2.17820477,
      0.858801246,
      -0.7352467
    ]
  },
  {
    "timeStamp": 162951,
    "rotation": [
      [
        -0.787478566,
        0.5893719,
        0.180328608
      ],
      [
        0.6070672,
        0.7922544,
        0.0616648346
      ],
      [
        -0.1065226,
        0.158031315,
        -0.9816716
      ]
    ],
    "translation": [
      2.17052913,
      0.8574461,
      -0.7279748
    ]
  },
  {
    "timeStamp": 163007,
    "rotation": [
      [
        -0.777994335,
        0.5829187,
        0.234372735
      ],
      [
        0.61193043,
        0.7875865,
        0.07244655
      ],
      [
        -0.142358363,
        0.199782819,
        -0.9694436
      ]
    ],
    "translation": [
      2.15799212,
      0.8526013,
      -0.720604241
    ]
  },
  {
    "timeStamp": 163051,
    "rotation": [
      [
        -0.778632,
        0.5534937,
        0.295595884
      ],
      [
        0.5992373,
        0.7956506,
        0.08862708
      ],
      [
        -0.186136514,
        0.246139959,
        -0.9511931
      ]
    ],
    "translation": [
      2.148799,
      0.8475713,
      -0.7163162
    ]
  },
  {
    "timeStamp": 163107,
    "rotation": [
      [
        -0.767709553,
        0.5199989,
        0.374463856
      ],
      [
        0.5947335,
        0.7957612,
        0.114263587
      ],
      [
        -0.238566875,
        0.310427427,
        -0.920174241
      ]
    ],
    "translation": [
      2.13722134,
      0.840560853,
      -0.712703347
    ]
  },
  {
    "timeStamp": 163151,
    "rotation": [
      [
        -0.759638846,
        0.499564946,
        0.416393727
      ],
      [
        0.59902513,
        0.7867629,
        0.1489062
      ],
      [
        -0.2532148,
        0.362545252,
        -0.896907568
      ]
    ],
    "translation": [
      2.13252139,
      0.8337139,
      -0.7110606
    ]
  },
  {
    "timeStamp": 163207,
    "rotation": [
      [
        -0.745305,
        0.498675674,
        0.442541569
      ],
      [
        0.6197735,
        0.7628679,
        0.1841558
      ],
      [
        -0.245766759,
        0.411527783,
        -0.8776352
      ]
    ],
    "translation": [
      2.129999,
      0.8259912,
      -0.7091032
    ]
  },
  {
    "timeStamp": 163252,
    "rotation": [
      [
        -0.7433903,
        0.482962549,
        0.462728858
      ],
      [
        0.6170527,
        0.762167752,
        0.19582209
      ],
      [
        -0.258102268,
        0.4311003,
        -0.8646015
      ]
    ],
    "translation": [
      2.12886119,
      0.821826,
      -0.7051324
    ]
  },
  {
    "timeStamp": 163307,
    "rotation": [
      [
        -0.75057,
        0.4672798,
        0.46721977
      ],
      [
        0.6115804,
        0.758989632,
        0.223392412
      ],
      [
        -0.2502282,
        0.453414083,
        -0.855454
      ]
    ],
    "translation": [
      2.13029766,
      0.813730836,
      -0.70174855
    ]
  },
  {
    "timeStamp": 163351,
    "rotation": [
      [
        -0.7524866,
        0.473769575,
        0.45750013
      ],
      [
        0.6178611,
        0.748352766,
        0.241279528
      ],
      [
        -0.228060588,
        0.464231133,
        -0.8558492
      ]
    ],
    "translation": [
      2.132302,
      0.8074245,
      -0.700419962
    ]
  },
  {
    "timeStamp": 163407,
    "rotation": [
      [
        -0.7445128,
        0.483658582,
        0.4601902
      ],
      [
        0.6343933,
        0.727255166,
        0.262001932
      ],
      [
        -0.20795624,
        0.487005383,
        -0.848280549
      ]
    ],
    "translation": [
      2.13121247,
      0.8005047,
      -0.701229751
    ]
  },
  {
    "timeStamp": 163451,
    "rotation": [
      [
        -0.750930846,
        0.4798866,
        0.45366478
      ],
      [
        0.6305854,
        0.7250898,
        0.276779562
      ],
      [
        -0.196124882,
        0.493916661,
        -0.847101748
      ]
    ],
    "translation": [
      2.13226748,
      0.7964057,
      -0.701737046
    ]
  },
  {
    "timeStamp": 163507,
    "rotation": [
      [
        -0.737608135,
        0.510810256,
        0.441596121
      ],
      [
        0.6570201,
        0.6938068,
        0.294884235
      ],
      [
        -0.155752525,
        0.507646561,
        -0.8473701
      ]
    ],
    "translation": [
      2.13132,
      0.791536152,
      -0.7052475
    ]
  },
  {
    "timeStamp": 163552,
    "rotation": [
      [
        -0.737454236,
        0.5073358,
        0.4458382
      ],
      [
        0.6556837,
        0.6961046,
        0.292433321
      ],
      [
        -0.161988154,
        0.507985055,
        -0.845997036
      ]
    ],
    "translation": [
      2.12989664,
      0.7901859,
      -0.706000268
    ]
  },
  {
    "timeStamp": 163607,
    "rotation": [
      [
        -0.7414588,
        0.501751065,
        0.445516378
      ],
      [
        0.6506789,
        0.699808,
        0.294763923
      ],
      [
        -0.163877815,
        0.508443356,
        -0.845357537
      ]
    ],
    "translation": [
      2.130202,
      0.7891867,
      -0.706431031
    ]
  },
  {
    "timeStamp": 163651,
    "rotation": [
      [
        -0.7362149,
        0.502549469,
        0.4532457
      ],
      [
        0.653922141,
        0.7007452,
        0.2852053
      ],
      [
        -0.174279958,
        0.506359756,
        -0.844527245
      ]
    ],
    "translation": [
      2.12943244,
      0.7918202,
      -0.706553459
    ]
  },
  {
    "timeStamp": 163707,
    "rotation": [
      [
        -0.7445678,
        0.496228546,
        0.446515352
      ],
      [
        0.6417546,
        0.7162331,
        0.2741553
      ],
      [
        -0.1837654,
        0.490680516,
        -0.8517411
      ]
    ],
    "translation": [
      2.1328845,
      0.7970068,
      -0.707093358
    ]
  },
  {
    "timeStamp": 163751,
    "rotation": [
      [
        -0.7497449,
        0.4918069,
        0.4427286
      ],
      [
        0.6317458,
        0.7310824,
        0.257712781
      ],
      [
        -0.196926147,
        0.472910762,
        -0.858822167
      ]
    ],
    "translation": [
      2.1362257,
      0.8041124,
      -0.707980752
    ]
  },
  {
    "timeStamp": 163806,
    "rotation": [
      [
        -0.756288,
        0.485730678,
        0.43828553
      ],
      [
        0.616994739,
        0.7523366,
        0.230883211
      ],
      [
        -0.217591211,
        0.4450341,
        -0.8686764
      ]
    ],
    "translation": [
      2.14117,
      0.8167339,
      -0.709146261
    ]
  },
  {
    "timeStamp": 163853,
    "rotation": [
      [
        -0.755817354,
        0.49941498,
        0.4234675
      ],
      [
        0.61592716,
        0.7617372,
        0.20097284
      ],
      [
        -0.2222021,
        0.4127239,
        -0.8833375
      ]
    ],
    "translation": [
      2.14628983,
      0.829266131,
      -0.708200336
    ]
  },
  {
    "timeStamp": 163905,
    "rotation": [
      [
        -0.749728739,
        0.531079352,
        0.394793034
      ],
      [
        0.625113249,
        0.764124155,
        0.159209609
      ],
      [
        -0.217117965,
        0.3661544,
        -0.90487057
      ]
    ],
    "translation": [
      2.15380836,
      0.8450996,
      -0.70494014
    ]
  },
  {
    "timeStamp": 163960,
    "rotation": [
      [
        -0.747314036,
        0.566258132,
        0.347668648
      ],
      [
        0.6336577,
        0.764809549,
        0.116379879
      ],
      [
        -0.199999243,
        0.3072752,
        -0.930366755
      ]
    ],
    "translation": [
      2.163357,
      0.8581804,
      -0.69729346
    ]
  },
  {
    "timeStamp": 164005,
    "rotation": [
      [
        -0.7445497,
        0.588885367,
        0.314419657
      ],
      [
        0.639196038,
        0.7647301,
        0.08133982
      ],
      [
        -0.192546353,
        0.261537343,
        -0.945792854
      ]
    ],
    "translation": [
      2.16947556,
      0.8673972,
      -0.688515842
    ]
  },
  {
    "timeStamp": 164060,
    "rotation": [
      [
        -0.737531543,
        0.6107765,
        0.28809607
      ],
      [
        0.6453747,
        0.7630919,
        0.03438302
      ],
      [
        -0.198843434,
        0.211288482,
        -0.956984043
      ]
    ],
    "translation": [
      2.17256665,
      0.8784747,
      -0.674382269
    ]
  },
  {
    "timeStamp": 164105,
    "rotation": [
      [
        -0.7390067,
        0.6189622,
        0.265997767
      ],
      [
        0.640604436,
        0.767839432,
        -0.0069649294
      ],
      [
        -0.208554626,
        0.165252239,
        -0.9639485
      ]
    ],
    "translation": [
      2.17498159,
      0.8868614,
      -0.660395265
    ]
  },
  {
    "timeStamp": 164160,
    "rotation": [
      [
        -0.7548304,
        0.6108958,
        0.238824874
      ],
      [
        0.6183385,
        0.784213662,
        -0.0516367219
      ],
      [
        -0.218834385,
        0.108697653,
        -0.9696888
      ]
    ],
    "translation": [
      2.180633,
      0.8949035,
      -0.642451346
    ]
  },
  {
    "timeStamp": 164205,
    "rotation": [
      [
        -0.777886868,
        0.588339,
        0.220792413
      ],
      [
        0.5846997,
        0.806380749,
        -0.08874853
      ],
      [
        -0.230256975,
        0.0600609444,
        -0.9712746
      ]
    ],
    "translation": [
      2.18613648,
      0.9010267,
      -0.6293072
    ]
  },
  {
    "timeStamp": 164261,
    "rotation": [
      [
        -0.820213,
        0.521077752,
        0.236069188
      ],
      [
        0.5084117,
        0.8531642,
        -0.116741091
      ],
      [
        -0.262236953,
        0.0242677629,
        -0.9646984
      ]
    ],
    "translation": [
      2.1912148,
      0.907593131,
      -0.616549134
    ]
  },
  {
    "timeStamp": 164306,
    "rotation": [
      [
        -0.801545858,
        0.555507,
        0.221215159
      ],
      [
        0.5409861,
        0.8313264,
        -0.127398476
      ],
      [
        -0.254672736,
        0.0175585989,
        -0.9668679
      ]
    ],
    "translation": [
      2.18863177,
      0.908201158,
      -0.6113267
    ]
  },
  {
    "timeStamp": 164351,
    "rotation": [
      [
        -0.8052584,
        0.547358751,
        0.227941528
      ],
      [
        0.533420146,
        0.836627543,
        -0.124568775
      ],
      [
        -0.25888598,
        0.0212785415,
        -0.9656735
      ]
    ],
    "translation": [
      2.18599844,
      0.9051279,
      -0.609420955
    ]
  },
  {
    "timeStamp": 164406,
    "rotation": [
      [
        -0.7943136,
        0.560336947,
        0.2347091
      ],
      [
        0.5511859,
        0.827176154,
        -0.109424233
      ],
      [
        -0.2554602,
        0.04245119,
        -0.9658871
      ]
    ],
    "translation": [
      2.18086433,
      0.8974836,
      -0.610429466
    ]
  },
  {
    "timeStamp": 164451,
    "rotation": [
      [
        -0.79084307,
        0.566089332,
        0.232615754
      ],
      [
        0.5601485,
        0.8226285,
        -0.09755008
      ],
      [
        -0.24657841,
        0.0531525537,
        -0.9676641
      ]
    ],
    "translation": [
      2.17836237,
      0.8907315,
      -0.611259162
    ]
  },
  {
    "timeStamp": 164506,
    "rotation": [
      [
        -0.790744841,
        0.574296653,
        0.211910233
      ],
      [
        0.5701073,
        0.816979468,
        -0.08673092
      ],
      [
        -0.222935587,
        0.052229546,
        -0.973433
      ]
    ],
    "translation": [
      2.17891836,
      0.8824452,
      -0.6095321
    ]
  },
  {
    "timeStamp": 164551,
    "rotation": [
      [
        -0.789706469,
        0.5820463,
        0.193870783
      ],
      [
        0.5778014,
        0.811862946,
        -0.08380972
      ],
      [
        -0.206177637,
        0.0458337367,
        -0.9774406
      ]
    ],
    "translation": [
      2.17912865,
      0.8762979,
      -0.606665
    ]
  },
  {
    "timeStamp": 164606,
    "rotation": [
      [
        -0.7986301,
        0.573753059,
        0.181651443
      ],
      [
        0.567820251,
        0.8183838,
        -0.08847642
      ],
      [
        -0.199424222,
        0.0324854329,
        -0.9793746
      ]
    ],
    "translation": [
      2.17965317,
      0.8709665,
      -0.602345347
    ]
  },
  {
    "timeStamp": 164651,
    "rotation": [
      [
        -0.8023267,
        0.573662043,
        0.164874926
      ],
      [
        0.567584753,
        0.818739355,
        -0.08667977
      ],
      [
        -0.184714481,
        0.0240350049,
        -0.9824983
      ]
    ],
    "translation": [
      2.181051,
      0.8672741,
      -0.6011394
    ]
  },
  {
    "timeStamp": 164706,
    "rotation": [
      [
        -0.7957964,
        0.584683359,
        0.157649726
      ],
      [
        0.577268958,
        0.8111029,
        -0.094194904
      ],
      [
        -0.182944342,
        0.01604633,
        -0.9829923
      ]
    ],
    "translation": [
      2.18016124,
      0.8672269,
      -0.6031011
    ]
  },
  {
    "timeStamp": 164762,
    "rotation": [
      [
        -0.792918742,
        0.5874036,
        0.161978185
      ],
      [
        0.578531265,
        0.80919826,
        -0.102468453
      ],
      [
        -0.1912628,
        0.01246029,
        -0.9814598
      ]
    ],
    "translation": [
      2.17931128,
      0.8719418,
      -0.6099867
    ]
  },
  {
    "timeStamp": 164806,
    "rotation": [
      [
        -0.7853329,
        0.5969152,
        0.16414763
      ],
      [
        0.5876771,
        0.802188754,
        -0.105493158
      ],
      [
        -0.194647834,
        0.0136185559,
        -0.980778635
      ]
    ],
    "translation": [
      2.1795857,
      0.8764062,
      -0.619687
    ]
  },
  {
    "timeStamp": 164862,
    "rotation": [
      [
        -0.7879299,
        0.590336144,
        0.175128
      ],
      [
        0.5824798,
        0.8067995,
        -0.0989542454
      ],
      [
        -0.199709445,
        0.0240395181,
        -0.9795602
      ]
    ],
    "translation": [
      2.18314219,
      0.8818122,
      -0.636534452
    ]
  },
  {
    "timeStamp": 164906,
    "rotation": [
      [
        -0.7843242,
        0.5936463,
        0.180054635
      ],
      [
        0.58924,
        0.80368185,
        -0.08301668
      ],
      [
        -0.193989187,
        0.0409834,
        -0.980147243
      ]
    ],
    "translation": [
      2.186998,
      0.884367347,
      -0.652807951
    ]
  },
  {
    "timeStamp": 164961,
    "rotation": [
      [
        -0.787734449,
        0.585924268,
        0.19017674
      ],
      [
        0.5874846,
        0.80741924,
        -0.05418482
      ],
      [
        -0.185300574,
        0.06904266,
        -0.980253458
      ]
    ],
    "translation": [
      2.193631,
      0.8855827,
      -0.6735121
    ]
  },
  {
    "timeStamp": 165006,
    "rotation": [
      [
        -0.7876558,
        0.5870897,
        0.186879516
      ],
      [
        0.5932152,
        0.8045792,
        -0.0273480844
      ],
      [
        -0.16641514,
        0.0893188938,
        -0.982002139
      ]
    ],
    "translation": [
      2.200119,
      0.8851114,
      -0.68850255
    ]
  },
  {
    "timeStamp": 165062,
    "rotation": [
      [
        -0.7907518,
        0.5818178,
        0.190261811
      ],
      [
        0.5933705,
        0.8049157,
        0.004701422
      ],
      [
        -0.150409356,
        0.1166134,
        -0.9817221
      ]
    ],
    "translation": [
      2.20536613,
      0.882698357,
      -0.7035616
    ]
  },
  {
    "timeStamp": 165106,
    "rotation": [
      [
        -0.7892932,
        0.5810073,
        0.1986119
      ],
      [
        0.596466064,
        0.802297354,
        0.0233922768
      ],
      [
        -0.14575471,
        0.136928618,
        -0.979799032
      ]
    ],
    "translation": [
      2.205288,
      0.8792805,
      -0.711711943
    ]
  },
  {
    "timeStamp": 165162,
    "rotation": [
      [
        -0.773997664,
        0.606386542,
        0.182271674
      ],
      [
        0.621413469,
        0.7827081,
        0.03483193
      ],
      [
        -0.121543907,
        0.1402259,
        -0.982631
      ]
    ],
    "translation": [
      2.20401025,
      0.87416923,
      -0.717260361
    ]
  },
  {
    "timeStamp": 165206,
    "rotation": [
      [
        -0.770195,
        0.610032,
        0.186173677
      ],
      [
        0.6257307,
        0.779239655,
        0.0353084765
      ],
      [
        -0.123534612,
        0.143688992,
        -0.9818822
      ]
    ],
    "translation": [
      2.20074368,
      0.871260345,
      -0.718705058
    ]
  },
  {
    "timeStamp": 165262,
    "rotation": [
      [
        -0.7629082,
        0.61837256,
        0.1886437
      ],
      [
        0.6333411,
        0.773434937,
        0.0260288566
      ],
      [
        -0.129808083,
        0.139333412,
        -0.9817006
      ]
    ],
    "translation": [
      2.19459534,
      0.8694687,
      -0.7180872
    ]
  },
  {
    "timeStamp": 165306,
    "rotation": [
      [
        -0.7555172,
        0.626126051,
        0.192769036
      ],
      [
        0.6409844,
        0.7672937,
        0.0199832171
      ],
      [
        -0.135398448,
        0.138659611,
        -0.981040657
      ]
    ],
    "translation": [
      2.18888116,
      0.8684958,
      -0.7171892
    ]
  },
  {
    "timeStamp": 165361,
    "rotation": [
      [
        -0.752566457,
        0.6308358,
        0.188917786
      ],
      [
        0.64313966,
        0.7657322,
        0.005049986
      ],
      [
        -0.141474739,
        0.125300974,
        -0.9819799
      ]
    ],
    "translation": [
      2.18397427,
      0.8710567,
      -0.7155162
    ]
  },
  {
    "timeStamp": 165406,
    "rotation": [
      [
        -0.740703,
        0.6441452,
        0.190882012
      ],
      [
        0.652064145,
        0.75769645,
        -0.0266168434
      ],
      [
        -0.161775738,
        0.104752138,
        -0.981252
      ]
    ],
    "translation": [
      2.17830777,
      0.880137742,
      -0.714217
