[
  {
    "timeStamp": 156299,
    "rotation": [
      [
        -0.408784717,
        -0.4261221,
        -0.8070409
      ],
      [
        -0.8548904,
        0.488339961,
        0.175175354
      ],
      [
        0.319464236,
        0.7615406,
        -0.563913643
      ]
    ],
    "translation": [
      1.55065548,
      0.722266,
      -0.742600441
    ]
  },
  {
    "timeStamp": 156343,
    "rotation": [
      [
        -0.4574444,
        -0.414207369,
        -0.78687793
      ],
      [
        -0.850819349,
        0.4611633,
        0.251862824
      ],
      [
        0.2585558,
        0.7847042,
        -0.5633722
      ]
    ],
    "translation": [
      1.55128491,
      0.7215983,
      -0.740850568
    ]
  },
  {
    "timeStamp": 156399,
    "rotation": [
      [
        -0.463929862,
        -0.405207336,
        -0.7877665
      ],
      [
        -0.8301572,
        0.5092468,
        0.22695072
      ],
      [
        0.309205532,
        0.7592593,
        -0.5726406
      ]
    ],
    "translation": [
      1.55096889,
      0.72120434,
      -0.7424311
    ]
  },
  {
    "timeStamp": 156445,
    "rotation": [
      [
        -0.487720281,
        -0.363409936,
        -0.793764532
      ],
      [
        -0.8011414,
        0.5475576,
        0.24156411
      ],
      [
        0.346845,
        0.753733337,
        -0.5581977
      ]
    ],
    "translation": [
      1.55120921,
      0.7192097,
      -0.7442631
    ]
  },
  {
    "timeStamp": 156498,
    "rotation": [
      [
        -0.4771204,
        -0.291214526,
        -0.8291865
      ],
      [
        -0.779798,
        0.5754096,
        0.246615052
      ],
      [
        0.405303955,
        0.764263,
        -0.5016281
      ]
    ],
    "translation": [
      1.5529654,
      0.7182693,
      -0.7473745
    ]
  },
  {
    "timeStamp": 156543,
    "rotation": [
      [
        -0.510041356,
        -0.191897228,
        -0.8384708
      ],
      [
        -0.7294858,
        0.612998962,
        0.303451359
      ],
      [
        0.4557503,
        0.766425252,
        -0.452641129
      ]
    ],
    "translation": [
      1.55600619,
      0.7164708,
      -0.7495791
    ]
  },
  {
    "timeStamp": 156598,
    "rotation": [
      [
        -0.402929664,
        -0.213717028,
        -0.88992846
      ],
      [
        -0.8178052,
        0.5206235,
        0.2452465
      ],
      [
        0.410904378,
        0.8266052,
        -0.384553552
      ]
    ],
    "translation": [
      1.57125008,
      0.729205,
      -0.7532274
    ]
  },
  {
    "timeStamp": 156643,
    "rotation": [
      [
        -0.398831964,
        -0.155092642,
        -0.9038138
      ],
      [
        -0.8088979,
        0.523793936,
        0.2670658
      ],
      [
        0.4319922,
        0.837607443,
        -0.334359884
      ]
    ],
    "translation": [
      1.584751,
      0.747428,
      -0.754431844
    ]
  },
  {
    "timeStamp": 156698,
    "rotation": [
      [
        -0.4058915,
        -0.09330009,
        -0.9091464
      ],
      [
        -0.7822089,
        0.549933732,
        0.2927835
      ],
      [
        0.472653568,
        0.829980731,
        -0.29619357
      ]
    ],
    "translation": [
      1.605004,
      0.7706502,
      -0.754554749
    ]
  },
  {
    "timeStamp": 156743,
    "rotation": [
      [
        -0.4005854,
        -0.03835576,
        -0.9154563
      ],
      [
        -0.7697975,
        0.555963635,
        0.3135543
      ],
      [
        0.496933758,
        0.8303212,
        -0.252237082
      ]
    ],
    "translation": [
      1.626016,
      0.787181,
      -0.755632162
    ]
  },
  {
    "timeStamp": 156799,
    "rotation": [
      [
        -0.3921055,
        0.04607836,
        -0.918765545
      ],
      [
        -0.748469234,
        0.564681768,
        0.3477476
      ],
      [
        0.5348338,
        0.824021459,
        -0.1869266
      ]
    ],
    "translation": [
      1.6570015,
      0.8074794,
      -0.757253349
    ]
  },
  {
    "timeStamp": 156843,
    "rotation": [
      [
        -0.3740613,
        0.104512826,
        -0.921496153
      ],
      [
        -0.7265587,
        0.584492445,
        0.3612217
      ],
      [
        0.576359868,
        0.804640055,
        -0.1427013
      ]
    ],
    "translation": [
      1.68591762,
      0.826105654,
      -0.758518934
    ]
  },
  {
    "timeStamp": 156899,
    "rotation": [
      [
        -0.341521025,
        0.180592909,
        -0.9223609
      ],
      [
        -0.699416161,
        0.6067217,
        0.377764255
      ],
      [
        0.6278379,
        0.774128556,
        -0.08089863
      ]
    ],
    "translation": [
      1.72741866,
      0.8505243,
      -0.7622605
    ]
  },
  {
    "timeStamp": 156943,
    "rotation": [
      [
        -0.301782727,
        0.23132281,
        -0.924887538
      ],
      [
        -0.6760349,
        0.63212,
        0.378683269
      ],
      [
        0.672238,
        0.7395364,
        -0.03438059
      ]
    ],
    "translation": [
      1.7640357,
      0.8698752,
      -0.7667022
    ]
  },
  {
    "timeStamp": 156998,
    "rotation": [
      [
        -0.239940375,
        0.30883044,
        -0.9203545
      ],
      [
        -0.6516217,
        0.651505351,
        0.388497084
      ],
      [
        0.719595551,
        0.6929391,
        0.0449181944
      ]
    ],
    "translation": [
      1.816032,
      0.893151,
      -0.7753098
    ]
  },
  {
    "timeStamp": 157043,
    "rotation": [
      [
        -0.179980859,
        0.357140839,
        -0.9165464
      ],
      [
        -0.633851349,
        0.670421243,
        0.385704339
      ],
      [
        0.752222955,
        0.6503736,
        0.105711214
      ]
    ],
    "translation": [
      1.8604213,
      0.911662042,
      -0.783743143
    ]
  },
  {
    "timeStamp": 157098,
    "rotation": [
      [
        -0.09184857,
        0.398860872,
        -0.9124
      ],
      [
        -0.613151133,
        0.6993131,
        0.3674328
      ],
      [
        0.7846078,
        0.5931873,
        0.180331081
      ]
    ],
    "translation": [
      1.918756,
      0.932903647,
      -0.7950183
    ]
  },
  {
    "timeStamp": 157143,
    "rotation": [
      [
        -0.0227559227,
        0.4262624,
        -0.9043133
      ],
      [
        -0.6065673,
        0.7131492,
        0.351417661
      ],
      [
        0.794706464,
        0.55652374,
        0.242328465
      ]
    ],
    "translation": [
      1.96601677,
      0.946396947,
      -0.8050002
    ]
  },
  {
    "timeStamp": 157199,
    "rotation": [
      [
        0.06174925,
        0.446249634,
        -0.892775655
      ],
      [
        -0.605850339,
        0.7275995,
        0.321783185
      ],
      [
        0.7931787,
        0.521018565,
        0.3152892
      ]
    ],
    "translation": [
      2.02440429,
      0.9596968,
      -0.8173872
    ]
  },
  {
    "timeStamp": 157243,
    "rotation": [
      [
        0.114668235,
        0.4538723,
        -0.8836578
      ],
      [
        -0.613845348,
        0.7317534,
        0.2961939
      ],
      [
        0.781053841,
        0.5084652,
        0.362516284
      ]
    ],
    "translation": [
      2.06695938,
      0.966499567,
      -0.8253029
    ]
  },
  {
    "timeStamp": 157298,
    "rotation": [
      [
        0.157965839,
        0.448147923,
        -0.8798922
      ],
      [
        -0.631906,
        0.7306063,
        0.2586682
      ],
      [
        0.758776367,
        0.5151484,
        0.3985982
      ]
    ],
    "translation": [
      2.11583233,
      0.971599638,
      -0.8304548
    ]
  },
  {
    "timeStamp": 157343,
    "rotation": [
      [
        0.176023245,
        0.433841079,
        -0.8836276
      ],
      [
        -0.6546459,
        0.721966565,
        0.224060267
      ],
      [
        0.7351561,
        0.5390234,
        0.411095172
      ]
    ],
    "translation": [
      2.15041471,
      0.9724931,
      -0.830447137
    ]
  },
  {
    "timeStamp": 157396,
    "rotation": [
      [
        0.149333984,
        0.4142633,
        -0.897822559
      ],
      [
        -0.7249983,
        0.6633091,
        0.18546842
      ],
      [
        0.6723666,
        0.623223066,
        0.399394751
      ]
    ],
    "translation": [
      2.18471384,
      0.9650503,
      -0.826323867
    ]
  },
  {
    "timeStamp": 157449,
    "rotation": [
      [
        0.162851,
        0.3545127,
        -0.920760751
      ],
      [
        -0.7688532,
        0.630451,
        0.106753446
      ],
      [
        0.61834,
        0.6905449,
        0.3752378
      ]
    ],
    "translation": [
      2.213622,
      0.9556866,
      -0.818877161
    ]
  },
  {
    "timeStamp": 157493,
    "rotation": [
      [
        0.117863588,
        0.3444453,
        -0.931378365
      ],
      [
        -0.833502531,
        0.544153452,
        0.09576292
      ],
      [
        0.539797843,
        0.765019238,
        0.3512319
      ]
    ],
    "translation": [
      2.23005962,
      0.9397705,
      -0.8130011
    ]
  },
  {
    "timeStamp": 157549,
    "rotation": [
      [
        0.157413885,
        0.2579006,
        -0.953261852
      ],
      [
        -0.8656242,
        0.5006382,
        -0.007496774
      ],
      [
        0.475305855,
        0.8263466,
        0.302052379
      ]
    ],
    "translation": [
      2.248735,
      0.923766732,
      -0.8032889
    ]
  },
  {
    "timeStamp": 157593,
    "rotation": [
      [
        0.103501149,
        0.292447448,
        -0.950664
      ],
      [
        -0.903059363,
        0.428214252,
        0.0334108323
      ],
      [
        0.416858822,
        0.855048,
        0.308418065
      ]
    ],
    "translation": [
      2.25406337,
      0.907131553,
      -0.7985792
    ]
  },
  {
    "timeStamp": 157649,
    "rotation": [
      [
        0.0903293937,
        0.2516797,
        -0.963586
      ],
      [
        -0.939418,
        0.3427706,
        0.00146466843
      ],
      [
        0.330657572,
        0.9050777,
        0.267394662
      ]
    ],
    "translation": [
      2.256558,
      0.8884383,
      -0.7949051
    ]
  },
  {
    "timeStamp": 157693,
    "rotation": [
      [
        0.107276395,
        0.205309168,
        -0.9728001
      ],
      [
        -0.956691146,
        0.2876379,
        -0.0447940864
      ],
      [
        0.270617485,
        0.9354745,
        0.227274209
      ]
    ],
    "translation": [
      2.25844145,
      0.874997735,
      -0.794887662
    ]
  },
  {
    "timeStamp": 157748,
    "rotation": [
      [
        0.107553609,
        0.1949886,
        -0.9748906
      ],
      [
        -0.977687657,
        0.1987131,
        -0.06811744
      ],
      [
        0.1804414,
        0.9604647,
        0.212010264
      ]
    ],
    "translation": [
      2.26146555,
      0.8576086,
      -0.801264763
    ]
  },
  {
    "timeStamp": 157793,
    "rotation": [
      [
        0.11749541,
        0.187190279,
        -0.9752716
      ],
      [
        -0.9829393,
        0.161864266,
        -0.0873515
      ],
      [
        0.141510263,
        0.968896151,
        0.203015
      ]
    ],
    "translation": [
      2.26536155,
      0.846734762,
      -0.805160761
    ]
  },
  {
    "timeStamp": 157849,
    "rotation": [
      [
        0.118880793,
        0.201968282,
        -0.972150266
      ],
      [
        -0.9895194,
        0.104926243,
        -0.09920594
      ],
      [
        0.0819676146,
        0.97375524,
        0.21232526
      ]
    ],
    "translation": [
      2.26887035,
      0.8344096,
      -0.809629142
    ]
  },
  {
    "timeStamp": 157895,
    "rotation": [
      [
        0.120597713,
        0.204384625,
        -0.971433461
      ],
      [
        -0.991431355,
        0.07428345,
        -0.107451469
      ],
      [
        0.0502000041,
        0.976068,
        0.211591735
      ]
    ],
    "translation": [
      2.269513,
      0.826273739,
      -0.810419559
    ]
  },
  {
    "timeStamp": 157941,
    "rotation": [
      [
        0.116014108,
        0.215113059,
        -0.9696737
      ],
      [
        -0.993111,
        0.0413071476,
        -0.109654605
      ],
      [
        0.0164663177,
        0.97571516,
        0.218423367
      ]
    ],
    "translation": [
      2.26879215,
      0.81915766,
      -0.810899734
    ]
  },
  {
    "timeStamp": 157998,
    "rotation": [
      [
        0.09824687,
        0.23231703,
        -0.967665434
      ],
      [
        -0.9941134,
        -0.0217163935,
        -0.1061458
      ],
      [
        -0.0456736833,
        0.9723977,
        0.228815913
      ]
    ],
    "translation": [
      2.26585555,
      0.8098943,
      -0.8144179
    ]
  },
  {
    "timeStamp": 158042,
    "rotation": [
      [
        0.08092364,
        0.242573559,
        -0.966752052
      ],
      [
        -0.992468536,
        -0.06988294,
        -0.100611031
      ],
      [
        -0.09196505,
        0.967612743,
        0.235091448
      ]
    ],
    "translation": [
      2.26316762,
      0.804779649,
      -0.8187903
    ]
  },
  {
    "timeStamp": 158098,
    "rotation": [
      [
        0.08498516,
        0.282967746,
        -0.9553569
      ],
      [
        -0.985651553,
        -0.116464667,
        -0.122175813
      ],
      [
        -0.145837143,
        0.952032149,
        0.269009858
      ]
    ],
    "translation": [
      2.26453686,
      0.80297035,
      -0.8238938
    ]
  },
  {
    "timeStamp": 158142,
    "rotation": [
      [
        0.09419335,
        0.3131072,
        -0.94503516
      ],
      [
        -0.9792394,
        -0.142007157,
        -0.144652069
      ],
      [
        -0.179493368,
        0.9390409,
        0.293230742
      ]
    ],
    "translation": [
      2.26800656,
      0.8036894,
      -0.827999055
    ]
  }
]