[
  {
    "timeStamp": 11133,
    "rotation": [
      [
        -0.9999984,
        0.0007966199,
        -0.00160143059
      ],
      [
        -0.00160618464,
        -0.00600344129,
        0.9999807
      ],
      [
        0.000786989869,
        0.999981642,
        0.006004711
      ]
    ],
    "translation": [
      1.7700423,
      0.7019548,
      -0.6200292
    ]
  },
  {
    "timeStamp": 11188,
    "rotation": [
      [
        -0.999569237,
        -0.00613026647,
        -0.0287013333
      ],
      [
        -0.0289200675,
        0.0392087922,
        0.998812437
      ],
      [
        -0.00499763433,
        0.999212265,
        -0.039369192
      ]
    ],
    "translation": [
      1.77661741,
      0.7048769,
      -0.6106037
    ]
  },
  {
    "timeStamp": 11232,
    "rotation": [
      [
        -0.9998234,
        -0.00706584845,
        -0.0174140017
      ],
      [
        -0.0176668819,
        0.0374623,
        0.9991419
      ],
      [
        -0.00640742527,
        0.999273062,
        -0.0375805162
      ]
    ],
    "translation": [
      1.77809179,
      0.7031282,
      -0.608564556
    ]
  },
  {
    "timeStamp": 11287,
    "rotation": [
      [
        -0.9999959,
        -0.00181802083,
        -0.00220051361
      ],
      [
        -0.002242235,
        0.0232746936,
        0.9997266
      ],
      [
        -0.00176630763,
        0.9997274,
        -0.023278676
      ]
    ],
    "translation": [
      1.7781713,
      0.7019858,
      -0.6087948
    ]
  },
  {
    "timeStamp": 11332,
    "rotation": [
      [
        -0.999824643,
        0.017180359,
        0.00744887
      ],
      [
        0.007898529,
        0.02625522,
        0.9996241
      ],
      [
        0.0169783328,
        0.9995076,
        -0.026386315
      ]
    ],
    "translation": [
      1.77853048,
      0.702249,
      -0.6098143
    ]
  },
  {
    "timeStamp": 11387,
    "rotation": [
      [
        -0.998788655,
        0.0402415,
        0.0283146724
      ],
      [
        0.0292179026,
        0.0220371056,
        0.9993301
      ],
      [
        0.0395905562,
        0.9989469,
        -0.0231861845
      ]
    ],
    "translation": [
      1.77930975,
      0.702389061,
      -0.6108297
    ]
  },
  {
    "timeStamp": 11432,
    "rotation": [
      [
        -0.9982817,
        0.0430193841,
        0.0397859551
      ],
      [
        0.04069252,
        0.0204067472,
        0.9989633
      ],
      [
        0.0421628766,
        0.998865843,
        -0.022122249
      ]
    ],
    "translation": [
      1.77939093,
      0.7024375,
      -0.6109164
    ]
  },
  {
    "timeStamp": 11487,
    "rotation": [
      [
        -0.998197258,
        0.0429727174,
        0.0418991558
      ],
      [
        0.0429606847,
        0.02408344,
        0.998786449
      ],
      [
        0.041911494,
        0.9987859,
        -0.0258861631
      ]
    ],
    "translation": [
      1.77932394,
      0.702501059,
      -0.6109013
    ]
  },
  {
    "timeStamp": 11532,
    "rotation": [
      [
        -0.9979972,
        0.04450361,
        0.0449547134
      ],
      [
        0.0460185446,
        0.0231751949,
        0.9986717
      ],
      [
        0.0434026532,
        0.9987404,
        -0.0251767728
      ]
    ],
    "translation": [
      1.77931643,
      0.7025103,
      -0.6109694
    ]
  },
  {
    "timeStamp": 11588,
    "rotation": [
      [
        -0.997606754,
        0.04469493,
        0.05275606
      ],
      [
        0.0541570559,
        0.0307365246,
        0.9980593
      ],
      [
        0.0429866649,
        0.998527765,
        -0.03308351
      ]
    ],
    "translation": [
      1.77940118,
      0.702712834,
      -0.610955238
    ]
  },
  {
    "timeStamp": 11632,
    "rotation": [
      [
        -0.997282863,
        0.03943608,
        0.06222333
      ],
      [
        0.06384432,
        0.0412716,
        0.9971061
      ],
      [
        0.0367538854,
        0.9983694,
        -0.04367723
      ]
    ],
    "translation": [
      1.779194,
      0.7030171,
      -0.610733747
    ]
  },
  {
    "timeStamp": 11687,
    "rotation": [
      [
        -0.9939163,
        0.0604770146,
        0.09204875
      ],
      [
        0.09964639,
        0.137766391,
        0.9854395
      ],
      [
        0.0469151922,
        0.9886167,
        -0.142954588
      ]
    ],
    "translation": [
      1.77521,
      0.7086069,
      -0.591877759
    ]
  },
  {
    "timeStamp": 11732,
    "rotation": [
      [
        -0.992698,
        0.0454213135,
        0.111747541
      ],
      [
        0.117047183,
        0.138727024,
        0.983389437
      ],
      [
        0.0291644447,
        0.989288449,
        -0.14303048
      ]
    ],
    "translation": [
      1.76810157,
      0.7178912,
      -0.5905769
    ]
  },
  {
    "timeStamp": 11787,
    "rotation": [
      [
        -0.9940818,
        0.0358908735,
        0.102534354
      ],
      [
        0.106528305,
        0.137104839,
        0.984811664
      ],
      [
        0.0212878063,
        0.989906132,
        -0.140116811
      ]
    ],
    "translation": [
      1.76627648,
      0.7220859,
      -0.592424
    ]
  },
  {
    "timeStamp": 11832,
    "rotation": [
      [
        -0.994050562,
        0.03715638,
        0.1023863
      ],
      [
        0.106450468,
        0.132385254,
        0.9854656
      ],
      [
        0.0230618883,
        0.990501642,
        -0.135552943
      ]
    ],
    "translation": [
      1.76644039,
      0.7232268,
      -0.593524337
    ]
  },
  {
    "timeStamp": 11887,
    "rotation": [
      [
        -0.9929856,
        0.0412966125,
        0.110788777
      ],
      [
        0.115340404,
        0.132258713,
        0.9844817
      ],
      [
        0.0260029659,
        0.990354538,
        -0.136094153
      ]
    ],
    "translation": [
      1.76671326,
      0.7268045,
      -0.5956012
    ]
  },
  {
    "timeStamp": 11932,
    "rotation": [
      [
        -0.9925415,
        0.0384585336,
        0.115682073
      ],
      [
        0.12014395,
        0.14777264,
        0.981696844
      ],
      [
        0.0206599832,
        0.9882733,
        -0.151291028
      ]
    ],
    "translation": [
      1.76699734,
      0.7352838,
      -0.5957473
    ]
  },
  {
    "timeStamp": 11987,
    "rotation": [
      [
        -0.991149664,
        0.0457601249,
        0.124612644
      ],
      [
        0.130354166,
        0.1579957,
        0.9787978
      ],
      [
        0.0251016337,
        0.986378849,
        -0.1625624
      ]
    ],
    "translation": [
      1.76829684,
      0.7479056,
      -0.5957427
    ]
  },
  {
    "timeStamp": 12032,
    "rotation": [
      [
        -0.9904934,
        0.0521298163,
        0.127299562
      ],
      [
        0.134052351,
        0.158146754,
        0.978273749
      ],
      [
        0.0308652,
        0.9860385,
        -0.163631439
      ]
    ],
    "translation": [
      1.77204752,
      0.756407261,
      -0.5972314
    ]
  },
  {
    "timeStamp": 12087,
    "rotation": [
      [
        -0.988155663,
        0.06736743,
        0.137877047
      ],
      [
        0.1466129,
        0.149163634,
        0.977882862
      ],
      [
        0.0453112274,
        0.986515,
        -0.157273814
      ]
    ],
    "translation": [
      1.7793653,
      0.767812252,
      -0.6014724
    ]
  },
  {
    "timeStamp": 12132,
    "rotation": [
      [
        -0.9875546,
        0.0747479,
        0.13837862
      ],
      [
        0.148337156,
        0.1502705,
        0.977453232
      ],
      [
        0.05226833,
        0.985815167,
        -0.159488216
      ]
    ],
    "translation": [
      1.78719878,
      0.7781397,
      -0.6052615
    ]
  },
  {
    "timeStamp": 12188,
    "rotation": [
      [
        -0.987612545,
        0.08935629,
        0.128984168
      ],
      [
        0.141191348,
        0.147435874,
        0.9789421
      ],
      [
        0.06845772,
        0.985026956,
        -0.158225849
      ]
    ],
    "translation": [
      1.80309439,
      0.7911056,
      -0.611349344
    ]
  },
  {
    "timeStamp": 12232,
    "rotation": [
      [
        -0.9844209,
        0.0985783,
        0.145594776
      ],
      [
        0.157733366,
        0.129243016,
        0.978987455
      ],
      [
        0.07768981,
        0.9867009,
        -0.1427786
      ]
    ],
    "translation": [
      1.81385159,
      0.80313015,
      -0.6200323
    ]
  },
  {
    "timeStamp": 12288,
    "rotation": [
      [
        -0.9847935,
        0.108096071,
        0.13600412
      ],
      [
        0.149938524,
        0.133415774,
        0.979652345
      ],
      [
        0.08775149,
        0.9851475,
        -0.147594735
      ]
    ],
    "translation": [
      1.83585227,
      0.823981345,
      -0.6300702
    ]
  },
  {
    "timeStamp": 12332,
    "rotation": [
      [
        -0.9813238,
        0.114373587,
        0.154668152
      ],
      [
        0.168328747,
        0.121395268,
        0.978227258
      ],
      [
        0.09310736,
        0.9859928,
        -0.138380423
      ]
    ],
    "translation": [
      1.85051775,
      0.8423243,
      -0.6405507
    ]
  },
  {
    "timeStamp": 12387,
    "rotation": [
      [
        -0.9795703,
        0.124503337,
        0.157926872
      ],
      [
        0.174336851,
        0.134292111,
        0.9754857
      ],
      [
        0.100242905,
        0.9830893,
        -0.153254092
      ]
    ],
    "translation": [
      1.87657046,
      0.8693494,
      -0.6493077
    ]
  },
  {
    "timeStamp": 12432,
    "rotation": [
      [
        -0.9772719,
        0.126880884,
        0.169825643
      ],
      [
        0.1866517,
        0.135214284,
        0.9730767
      ],
      [
        0.100501992,
        0.982658744,
        -0.155823663
      ]
    ],
    "translation": [
      1.89864492,
      0.8901892,
      -0.6557124
    ]
  },
  {
    "timeStamp": 12486,
    "rotation": [
      [
        -0.9738499,
        0.141771331,
        0.177531227
      ],
      [
        0.197226658,
        0.139662847,
        0.97035867
      ],
      [
        0.112774521,
        0.9799976,
        -0.163971737
      ]
    ],
    "translation": [
      1.93193591,
      0.91477704,
      -0.6620314
    ]
  },
  {
    "timeStamp": 12542,
    "rotation": [
      [
        -0.9738639,
        0.141205043,
        0.177904949
      ],
      [
        0.19869259,
        0.150133729,
        0.968494236
      ],
      [
        0.110046729,
        0.97853,
        -0.174266219
      ]
    ],
    "translation": [
      1.96676242,
      0.9385731,
      -0.664539337
    ]
  },
  {
    "timeStamp": 12586,
    "rotation": [
      [
        -0.97608614,
        0.143411815,
        0.1633677
      ],
      [
        0.185667843,
        0.1591174,
        0.969643831
      ],
      [
        0.113063768,
        0.976788,
        -0.181939259
      ]
    ],
    "translation": [
      1.998128,
      0.9546653,
      -0.66499716
    ]
  },
  {
    "timeStamp": 12631,
    "rotation": [
      [
        -0.974957,
        0.1534371,
        0.160984218
      ],
      [
        0.1866105,
        0.170658424,
        0.9674979
      ],
      [
        0.120976724,
        0.9733102,
        -0.1950176
      ]
    ],
    "translation": [
      2.029233,
      0.9687109,
      -0.663130045
    ]
  },
  {
    "timeStamp": 12689,
    "rotation": [
      [
        -0.9803232,
        0.16556628,
        0.107490696
      ],
      [
        0.139601111,
        0.196493775,
        0.9705162
      ],
      [
        0.1395635,
        0.966425359,
        -0.215740651
      ]
    ],
    "translation": [
      2.07069683,
      0.980346,
      -0.658507943
    ]
  },
  {
    "timeStamp": 12738,
    "rotation": [
      [
        -0.982208,
        0.169415951,
        0.08102924
      ],
      [
        0.115180992,
        0.202665448,
        0.972450554
      ],
      [
        0.148326814,
        0.9644817,
        -0.218573123
      ]
    ],
    "translation": [
      2.10802341,
      0.9851111,
      -0.6509361
    ]
  },
  {
    "timeStamp": 12782,
    "rotation": [
      [
        -0.983602941,
        0.17284508,
        0.0514758565
      ],
      [
        0.08789111,
        0.2101746,
        0.9737052
      ],
      [
        0.157481238,
        0.9622635,
        -0.221919924
      ]
    ],
    "translation": [
      2.13231373,
      0.981798768,
      -0.6424376
    ]
  },
  {
    "timeStamp": 12838,
    "rotation": [
      [
        -0.9849635,
        0.168910384,
        0.03627913
      ],
      [
        0.0712865,
        0.206076711,
        0.975935757
      ],
      [
        0.15736939,
        0.963847339,
        -0.215019062
      ]
    ],
    "translation": [
      2.15670443,
      0.971568465,
      -0.629419
    ]
  },
  {
    "timeStamp": 12882,
    "rotation": [
      [
        -0.983183563,
        0.175060555,
        0.051999975
      ],
      [
        0.08477703,
        0.1853226,
        0.979014
      ],
      [
        0.161749959,
        0.9669588,
        -0.197047234
      ]
    ],
    "translation": [
      2.1663096,
      0.9561447,
      -0.620186031
    ]
  },
  {
    "timeStamp": 12937,
    "rotation": [
      [
        -0.9842478,
        0.1731231,
        0.0358420648
      ],
      [
        0.0688211,
        0.188441783,
        0.979670048
      ],
      [
        0.162849382,
        0.9667048,
        -0.197387934
      ]
    ],
    "translation": [
      2.17848372,
      0.935754,
      -0.6046347
    ]
  },
  {
    "timeStamp": 12982,
    "rotation": [
      [
        -0.982804358,
        0.171824768,
        0.06761536
      ],
      [
        0.0965532,
        0.166081846,
        0.981373668
      ],
      [
        0.157394618,
        0.9710268,
        -0.179816186
      ]
    ],
    "translation": [
      2.17581558,
      0.916635633,
      -0.5954114
    ]
  },
  {
    "timeStamp": 13037,
    "rotation": [
      [
        -0.9847628,
        0.170545787,
        0.03400499
      ],
      [
        0.06330319,
        0.169423372,
        0.9835082
      ],
      [
        0.161971942,
        0.970674932,
        -0.177637935
      ]
    ],
    "translation": [
      2.18013668,
      0.8917991,
      -0.581648
    ]
  },
  {
    "timeStamp": 13082,
    "rotation": [
      [
        -0.9835965,
        0.170984268,
        0.0574656054
      ],
      [
        0.08239336,
        0.142468169,
        0.9863641
      ],
      [
        0.160465747,
        0.9749191,
        -0.154219165
      ]
    ],
    "translation": [
      2.17470336,
      0.868726969,
      -0.575199246
    ]
  },
  {
    "timeStamp": 13139,
    "rotation": [
      [
        -0.983100057,
        0.174632609,
        0.0549341924
      ],
      [
        0.0767732859,
        0.120869279,
        0.989695132
      ],
      [
        0.166193172,
        0.9771868,
        -0.132233709
      ]
    ],
    "translation": [
      2.17080641,
      0.8413367,
      -0.5672542
    ]
  },
  {
    "timeStamp": 13184,
    "rotation": [
      [
        -0.9831859,
        0.172497228,
        0.0599191152
      ],
      [
        0.0766873658,
        0.09224197,
        0.992779136
      ],
      [
        0.165724576,
        0.9806815,
        -0.103919365
      ]
    ],
    "translation": [
      2.16639614,
      0.8188908,
      -0.563976467
    ]
  },
  {
    "timeStamp": 13241,
    "rotation": [
      [
        -0.982556045,
        0.174105614,
        0.06535195
      ],
      [
        0.0785248354,
        0.06987208,
        0.9944605
      ],
      [
        0.168574885,
        0.9822449,
        -0.08232485
      ]
    ],
    "translation": [
      2.159289,
      0.796023965,
      -0.5603459
    ]
  },
  {
    "timeStamp": 13287,
    "rotation": [
      [
        -0.984170258,
        0.164238274,
        0.06659352
      ],
      [
        0.0769379959,
        0.0574424453,
        0.9953798
      ],
      [
        0.159654185,
        0.984746754,
        -0.06916931
      ]
    ],
    "translation": [
      2.15366244,
      0.7809528,
      -0.5565284
    ]
  },
  {
    "timeStamp": 13332,
    "rotation": [
      [
        -0.984790266,
        0.156404465,
        0.07566866
      ],
      [
        0.08242536,
        0.03716634,
        0.995903969
      ],
      [
        0.1529515,
        0.986993551,
        -0.0494927429
      ]
    ],
    "translation": [
      2.14611578,
      0.766142249,
      -0.5555698
    ]
  },
  {
    "timeStamp": 13387,
    "rotation": [
      [
        -0.987151265,
        0.148199156,
        0.05974411
      ],
      [
        0.0655145645,
        0.03436177,
        0.9972598
      ],
      [
        0.145740151,
        0.9883604,
        -0.0436294675
      ]
    ],
    "translation": [
      2.141494,
      0.752637148,
      -0.551315069
    ]
  },
  {
    "timeStamp": 13432,
    "rotation": [
      [
        -0.98879385,
        0.139716417,
        0.05259204
      ],
      [
        0.05704707,
        0.0280723143,
        0.9979767
      ],
      [
        0.137957335,
        0.989793539,
        -0.0357281454
      ]
    ],
    "translation": [
      2.13894248,
      0.7447126,
      -0.5479952
    ]
  },
  {
    "timeStamp": 13487,
    "rotation": [
      [
        -0.994807541,
        0.09801792,
        0.0273921452
      ],
      [
        0.0300689973,
        0.02593738,
        0.999211252
      ],
      [
        0.09723014,
        0.9948465,
        -0.0287500042
      ]
    ],
    "translation": [
      2.13937545,
      0.7403136,
      -0.5452242
    ]
  },
  {
    "timeStamp": 13531,
    "rotation": [
      [
        -0.996865869,
        0.07588279,
        0.0223644376
      ],
      [
        0.0237568766,
        0.0174969658,
        0.999564648
      ],
      [
        0.07545845,
        0.9969632,
        -0.0192448664
      ]
    ],
    "translation": [
      2.13946772,
      0.7364024,
      -0.544326067
    ]
  },
  {
    "timeStamp": 13587,
    "rotation": [
      [
        -0.9988106,
        0.04687839,
        0.0134114176
      ],
      [
        0.0134727834,
        0.0009933187,
        0.999908745
      ],
      [
        0.04686079,
        0.9989001,
        -0.0016237197
      ]
    ],
    "translation": [
      2.139759,
      0.733289838,
      -0.5431005
    ]
  },
  {
    "timeStamp": 13632,
    "rotation": [
      [
        -0.999449432,
        0.0331779979,
        -5.95171878E-05
      ],
      [
        0.0,
        0.00179387233,
        0.9999984
      ],
      [
        0.03317805,
        0.9994478,
        -0.00179288466
      ]
    ],
    "translation": [
      2.14020872,
      0.729112864,
      -0.5426196
    ]
  },
  {
    "timeStamp": 13687,
    "rotation": [
      [
        -0.9995346,
        0.0304416716,
        0.00194956455
      ],
      [
        0.00163392187,
        -0.0103902044,
        0.9999447
      ],
      [
        0.030460244,
        0.9994825,
        0.0103356307
      ]
    ],
    "translation": [
      2.139867,
      0.7254687,
      -0.5426239
    ]
  },
  {
    "timeStamp": 13732,
    "rotation": [
      [
        -0.999567,
        0.0294245835,
        0.00026660366
      ],
      [
        -4.76978821E-05,
        -0.0106803784,
        0.999942958
      ],
      [
        0.0294257533,
        0.999509931,
        0.010677156
      ]
    ],
    "translation": [
      2.14015627,
      0.7227018,
      -0.5425676
    ]
  },
  {
    "timeStamp": 13787,
    "rotation": [
      [
        -0.9995264,
        0.0306921974,
        -0.002213463
      ],
      [
        -0.00230289,
        -0.00287862378,
        0.9999932
      ],
      [
        0.0306856167,
        0.9995247,
        0.00294794142
      ]
    ],
    "translation": [
      2.14050937,
      0.7225381,
      -0.542634964
    ]
  },
  {
    "timeStamp": 13831,
    "rotation": [
      [
        -0.9995163,
        0.0310926735,
        -0.0006054191
      ],
      [
        -0.0007542284,
        -0.00477448525,
        0.9999883
      ],
      [
        0.03108942,
        0.9995051,
        0.004795627
      ]
    ],
    "translation": [
      2.140498,
      0.722518444,
      -0.542500734
    ]
  },
  {
    "timeStamp": 13887,
    "rotation": [
      [
        -0.999595046,
        0.0283038113,
        -0.00296109356
      ],
      [
        -0.00298273028,
        -0.0007222593,
        0.9999953
      ],
      [
        0.02830154,
        0.999599159,
        0.0008063894
      ]
    ],
    "translation": [
      2.14061332,
      0.722488642,
      -0.5424188
    ]
  },
  {
    "timeStamp": 13931,
    "rotation": [
      [
        -0.999584556,
        0.0285430513,
        -0.00401320541
      ],
      [
        -0.00398217235,
        0.00114399614,
        0.9999914
      ],
      [
        0.0285473969,
        0.999591947,
        -0.00102985743
      ]
    ],
    "translation": [
      2.14059877,
      0.7224791,
      -0.542462468
    ]
  },
  {
    "timeStamp": 13987,
    "rotation": [
      [
        -0.9994985,
        0.0315124132,
        -0.00310321571
      ],
      [
        -0.00310684764,
        -6.62890743E-05,
        0.9999952
      ],
      [
        0.0315120555,
        0.9995033,
        0.000164160112
      ]
    ],
    "translation": [
      2.14048,
      0.7224853,
      -0.542592466
    ]
  }
]