[
  {
    "timeStamp": 0,
    "rotation": [
      [
        0.9988262,
        -0.0277782828,
        0.0396813825
      ],
      [
        0.0383138843,
        0.95430845,
        -0.2963571
      ],
      [
        -0.0296359863,
        0.297529578,
        0.954252541
      ]
    ],
    "translation": [
      2.10956049,
      1.437633,
      -1.38103735
    ]
  },
  {
    "timeStamp": 14,
    "rotation": [
      [
        0.9988308,
        -0.0278349183,
        0.0395245142
      ],
      [
        0.0383189134,
        0.9543318,
        -0.296281
      ],
      [
        -0.0294725411,
        0.297449142,
        0.954282641
      ]
    ],
    "translation": [
      2.1094718,
      1.43759513,
      -1.38113689
    ]
  },
  {
    "timeStamp": 16,
    "rotation": [
      [
        0.998877048,
        -0.02745674,
        0.03861137
      ],
      [
        0.037676733,
        0.954449534,
        -0.295984119
      ],
      [
        -0.0287258476,
        0.2971065,
        0.954412162
      ]
    ],
    "translation": [
      2.10965037,
      1.43764925,
      -1.38115692
    ]
  },
  {
    "timeStamp": 57,
    "rotation": [
      [
        0.999524534,
        -0.0234865658,
        0.0199788027
      ],
      [
        0.0281949881,
        0.958458543,
        -0.283834964
      ],
      [
        -0.0124825453,
        0.2842633,
        0.958665
      ]
    ],
    "translation": [
      2.11167526,
      1.43945611,
      -1.3835628
    ]
  },
  {
    "timeStamp": 110,
    "rotation": [
      [
        0.9997212,
        -0.0216331165,
        0.00945446
      ],
      [
        0.023383325,
        0.962528467,
        -0.270170569
      ],
      [
        -0.00325555564,
        0.270316333,
        0.962766051
      ]
    ],
    "translation": [
      2.11229944,
      1.44115114,
      -1.3847096
    ]
  },
  {
    "timeStamp": 166,
    "rotation": [
      [
        0.9997548,
        -0.0220714733,
        0.00178324361
      ],
      [
        0.0217476971,
        0.9635441,
        -0.266664326
      ],
      [
        0.004167441,
        0.2666377,
        0.9637878
      ]
    ],
    "translation": [
      2.11285138,
      1.44168329,
      -1.38567412
    ]
  },
  {
    "timeStamp": 210,
    "rotation": [
      [
        0.999725,
        -0.0226693433,
        -0.006008425
      ],
      [
        0.0202190876,
        0.96294713,
        -0.268931121
      ],
      [
        0.0118822875,
        0.268735677,
        0.963140666
      ]
    ],
    "translation": [
      2.11356926,
      1.44131815,
      -1.38660157
    ]
  },
  {
    "timeStamp": 349,
    "rotation": [
      [
        0.999698937,
        -0.0236556046,
        -0.006510495
      ],
      [
        0.0210061856,
        0.9623337,
        -0.271058321
      ],
      [
        0.0126773175,
        0.270839959,
        0.962540865
      ]
    ],
    "translation": [
      2.11363029,
      1.44088411,
      -1.38676929
    ]
  },
  {
    "timeStamp": 350,
    "rotation": [
      [
        0.999698937,
        -0.0236556046,
        -0.006510495
      ],
      [
        0.0210061856,
        0.9623337,
        -0.271058321
      ],
      [
        0.0126773175,
        0.270839959,
        0.962540865
      ]
    ],
    "translation": [
      2.11363029,
      1.44088411,
      -1.38676929
    ]
  },
  {
    "timeStamp": 381,
    "rotation": [
      [
        0.999197066,
        -0.0338329263,
        -0.0214609616
      ],
      [
        0.0262051038,
        0.9570578,
        -0.288710326
      ],
      [
        0.0303072967,
        0.287916124,
        0.9571759
      ]
    ],
    "translation": [
      2.1153574,
      1.43813658,
      -1.38679135
    ]
  },
  {
    "timeStamp": 432,
    "rotation": [
      [
        0.9985036,
        -0.0372086279,
        -0.0400744341
      ],
      [
        0.0238950532,
        0.956031442,
        -0.2922891
      ],
      [
        0.0491880924,
        0.290894151,
        0.95549
      ]
    ],
    "translation": [
      2.11408186,
      1.43746793,
      -1.3860662
    ]
  },
  {
    "timeStamp": 488,
    "rotation": [
      [
        0.9946821,
        -0.0421918519,
        -0.09395422
      ],
      [
        0.01229543,
        0.9543608,
        -0.298402846
      ],
      [
        0.102256395,
        0.295660764,
        0.949804366
      ]
    ],
    "translation": [
      2.109321,
      1.43647408,
      -1.38555491
    ]
  },
  {
    "timeStamp": 532,
    "rotation": [
      [
        0.9867763,
        -0.0478940234,
        -0.1548504
      ],
      [
        -0.001571738,
        0.9524761,
        -0.304609269
      ],
      [
        0.162080258,
        0.300824583,
        0.939805567
      ]
    ],
    "translation": [
      2.10383344,
      1.43535089,
      -1.38596976
    ]
  },
  {
    "timeStamp": 588,
    "rotation": [
      [
        0.9756058,
        -0.05576124,
        -0.212329924
      ],
      [
        -0.0128298011,
        0.9510679,
        -0.308715552
      ],
      [
        0.219154537,
        0.303908825,
        0.9271519
      ]
    ],
    "translation": [
      2.09751225,
      1.4347291,
      -1.38708615
    ]
  },
  {
    "timeStamp": 632,
    "rotation": [
      [
        0.9656353,
        -0.0679012,
        -0.25087437
      ],
      [
        -0.0134536047,
        0.950915754,
        -0.309157133
      ],
      [
        0.259552538,
        0.3019082,
        0.9173243
      ]
    ],
    "translation": [
      2.09335375,
      1.43466473,
      -1.38796365
    ]
  },
  {
    "timeStamp": 688,
    "rotation": [
      [
        0.9556154,
        -0.0791168958,
        -0.2837951
      ],
      [
        -0.012857236,
        0.951151252,
        -0.308457464
      ],
      [
        0.29433623,
        0.298415542,
        0.9079176
      ]
    ],
    "translation": [
      2.08920979,
      1.43458462,
      -1.38898456
    ]
  },
  {
    "timeStamp": 732,
    "rotation": [
      [
        0.948557734,
        -0.0856341645,
        -0.304803342
      ],
      [
        -0.0130506987,
        0.9513325,
        -0.30789
      ],
      [
        0.3163352,
        0.296029329,
        0.9012762
      ]
    ],
    "translation": [
      2.08613086,
      1.43448293,
      -1.38974226
    ]
  },
  {
    "timeStamp": 789,
    "rotation": [
      [
        0.940246,
        -0.09558067,
        -0.326805532
      ],
      [
        -0.0125610176,
        0.9494026,
        -0.3138104
      ],
      [
        0.340264231,
        0.299164,
        0.8914713
      ]
    ],
    "translation": [
      2.082759,
      1.43364811,
      -1.39068389
    ]
  },
  {
    "timeStamp": 835,
    "rotation": [
      [
        0.9338708,
        -0.103895113,
        -0.342185885
      ],
      [
        -0.0129578663,
        0.9464079,
        -0.322713852
      ],
      [
        0.3573758,
        0.305807024,
        0.8824764
      ]
    ],
    "translation": [
      2.080166,
      1.4325788,
      -1.39161181
    ]
  },
  {
    "timeStamp": 891,
    "rotation": [
      [
        0.925812,
        -0.112259425,
        -0.360929281
      ],
      [
        -0.0131743895,
        0.944715261,
        -0.327627063
      ],
      [
        0.377754629,
        0.308076084,
        0.8731498
      ]
    ],
    "translation": [
      2.07710886,
      1.431752,
      -1.39220822
    ]
  },
  {
    "timeStamp": 936,
    "rotation": [
      [
        0.9150959,
        -0.121749558,
        -0.384417027
      ],
      [
        -0.0122613078,
        0.944487453,
        -0.328318477
      ],
      [
        0.403049678,
        0.30515635,
        0.8628039
      ]
    ],
    "translation": [
      2.07320356,
      1.43159151,
      -1.39300954
    ]
  },
  {
    "timeStamp": 982,
    "rotation": [
      [
        0.907833457,
        -0.128592864,
        -0.399126828
      ],
      [
        -0.009668182,
        0.9451466,
        -0.326503277
      ],
      [
        0.419219345,
        0.300269425,
        0.8567925
      ]
    ],
    "translation": [
      2.070732,
      1.43197155,
      -1.39370906
    ]
  },
  {
    "timeStamp": 1037,
    "rotation": [
      [
        0.9006934,
        -0.133980617,
        -0.413280249
      ],
      [
        -0.00827439,
        0.945798159,
        -0.3246497
      ],
      [
        0.434376448,
        0.295829475,
        0.8507655
      ]
    ],
    "translation": [
      2.06809545,
      1.43229973,
      -1.3939594
    ]
  },
  {
    "timeStamp": 1082,
    "rotation": [
      [
        0.89804095,
        -0.135013163,
        -0.4186811
      ],
      [
        -0.009456308,
        0.945594132,
        -0.3252113
      ],
      [
        0.439810157,
        0.296012223,
        0.8479055
      ]
    ],
    "translation": [
      2.0668,
      1.43224716,
      -1.39409888
    ]
  },
  {
    "timeStamp": 1137,
    "rotation": [
      [
        0.902402639,
        -0.133144915,
        -0.409807175
      ],
      [
        -0.008986132,
        0.9450411,
        -0.326828122
      ],
      [
        0.43080014,
        0.298613161,
        0.8516111
      ]
    ],
    "translation": [
      2.06720781,
      1.43215537,
      -1.39330649
    ]
  },
  {
    "timeStamp": 1181,
    "rotation": [
      [
        0.9098273,
        -0.128032207,
        -0.3947431
      ],
      [
        -0.009145146,
        0.9448007,
        -0.327517867
      ],
      [
        0.414886415,
        0.301594675,
        0.858434558
      ]
    ],
    "translation": [
      2.068365,
      1.43208241,
      -1.39234722
    ]
  },
  {
    "timeStamp": 1237,
    "rotation": [
      [
        0.90883106,
        -0.121598117,
        -0.399048835
      ],
      [
        -0.0140640764,
        0.9470998,
        -0.320630968
      ],
      [
        0.416927218,
        0.297011644,
        0.8590435
      ]
    ],
    "translation": [
      2.06800079,
      1.43294394,
      -1.39169264
    ]
  },
  {
    "timeStamp": 1282,
    "rotation": [
      [
        0.896091044,
        -0.120089658,
        -0.4273165
      ],
      [
        -0.02236245,
        0.9492689,
        -0.313669533
      ],
      [
        0.4433067,
        0.2906323,
        0.8479458
      ]
    ],
    "translation": [
      2.06535673,
      1.43407845,
      -1.39237189
    ]
  },
  {
    "timeStamp": 1337,
    "rotation": [
      [
        0.876059353,
        -0.12564835,
        -0.465545356
      ],
      [
        -0.02844301,
        0.950308561,
        -0.310007334
      ],
      [
        0.481363654,
        0.284826338,
        0.8289529
      ]
    ],
    "translation": [
      2.06122041,
      1.4345839,
      -1.39387727
    ]
  },
  {
    "timeStamp": 1382,
    "rotation": [
      [
        0.8605869,
        -0.132705763,
        -0.491710663
      ],
      [
        -0.0302588735,
        0.9504289,
        -0.3094661
      ],
      [
        0.508404,
        0.281201065,
        0.8139111
      ]
    ],
    "translation": [
      2.058066,
      1.4345901,
      -1.39520621
    ]
  },
  {
    "timeStamp": 1437,
    "rotation": [
      [
        0.844543636,
        -0.138281852,
        -0.5173241
      ],
      [
        -0.0334248953,
        0.9505849,
        -0.3086603
      ],
      [
        0.5344426,
        0.2779686,
        0.7981884
      ]
    ],
    "translation": [
      2.05455756,
      1.43455029,
      -1.39713788
    ]
  },
  {
    "timeStamp": 1481,
    "rotation": [
      [
        0.8328186,
        -0.140508175,
        -0.5354163
      ],
      [
        -0.0372571126,
        0.950826347,
        -0.307475328
      ],
      [
        0.552290738,
        0.276019245,
        0.786631
      ]
    ],
    "translation": [
      2.05170465,
      1.43444371,
      -1.3988229
    ]
  },
  {
    "timeStamp": 1537,
    "rotation": [
      [
        0.818557262,
        -0.146761611,
        -0.5553603
      ],
      [
        -0.03942498,
        0.9501773,
        -0.309206754
      ],
      [
        0.5730704,
        0.2749985,
        0.771988451
      ]
    ],
    "translation": [
      2.048571,
      1.43413854,
      -1.40140688
    ]
  },
  {
    "timeStamp": 1581,
    "rotation": [
      [
        0.807769954,
        -0.153074622,
        -0.569276631
      ],
      [
        -0.03850073,
        0.9499365,
        -0.310061753
      ],
      [
        0.588239253,
        0.27237612,
        0.7614367
      ]
    ],
    "translation": [
      2.04611182,
      1.43399441,
      -1.40367365
    ]
  },
  {
    "timeStamp": 1637,
    "rotation": [
      [
        0.7927154,
        -0.163291752,
        -0.5873144
      ],
      [
        -0.0334913656,
        0.950333357,
        -0.309426636
      ],
      [
        0.6086713,
        0.2649572,
        0.747875
      ]
    ],
    "translation": [
      2.042836,
      1.43397844,
      -1.406552
    ]
  },
  {
    "timeStamp": 1681,
    "rotation": [
      [
        0.7815824,
        -0.173926651,
        -0.599064648
      ],
      [
        -0.0287282933,
        0.9492894,
        -0.313088477
      ],
      [
        0.623140156,
        0.261914551,
        0.736951232
      ]
    ],
    "translation": [
      2.040075,
      1.43355608,
      -1.4090035
    ]
  },
  {
    "timeStamp": 1737,
    "rotation": [
      [
        0.769224644,
        -0.192051828,
        -0.6094337
      ],
      [
        -0.0211903881,
        0.9455708,
        -0.324725658
      ],
      [
        0.638626933,
        0.262701124,
        0.723286748
      ]
    ],
    "translation": [
      2.03647971,
      1.43202817,
      -1.41195738
    ]
  },
  {
    "timeStamp": 1782,
    "rotation": [
      [
        0.756317139,
        -0.205954552,
        -0.6209405
      ],
      [
        -0.0179829746,
        0.9422489,
        -0.334430248
      ],
      [
        0.653957963,
        0.264101684,
        0.7089353
      ]
    ],
    "translation": [
      2.032794,
      1.43093693,
      -1.41451728
    ]
  },
  {
    "timeStamp": 1837,
    "rotation": [
      [
        0.741524458,
        -0.216993049,
        -0.634866536
      ],
      [
        -0.0154224578,
        0.940491557,
        -0.339467019
      ],
      [
        0.670748532,
        0.2615143,
        0.6940509
      ]
    ],
    "translation": [
      2.02749085,
      1.43021762,
      -1.41744065
    ]
  },
  {
    "timeStamp": 1881,
    "rotation": [
      [
        0.7359563,
        -0.22141476,
        -0.639799833
      ],
      [
        -0.0120227262,
        0.940587759,
        -0.3393377
      ],
      [
        0.6769223,
        0.257429868,
        0.6895695
      ]
    ],
    "translation": [
      2.02327681,
      1.430289,
      -1.418708
    ]
  },
  {
    "timeStamp": 1936,
    "rotation": [
      [
        0.737283051,
        -0.22154215,
        -0.63822633
      ],
      [
        -0.00781938247,
        0.9418415,
        -0.335966527
      ],
      [
        0.6755388,
        0.252692968,
        0.692671359
      ]
    ],
    "translation": [
      2.01837873,
      1.43092108,
      -1.41931581
    ]
  },
  {
    "timeStamp": 1982,
    "rotation": [
      [
        0.7446757,
        -0.215974063,
        -0.6315167
      ],
      [
        -0.00715107471,
        0.9435604,
        -0.3311232
      ],
      [
        0.667388141,
        0.251095444,
        0.7011021
      ]
    ],
    "translation": [
      2.01461434,
      1.43165946,
      -1.419203
    ]
  },
  {
    "timeStamp": 2037,
    "rotation": [
      [
        0.7611866,
        -0.2039125,
        -0.615641654
      ],
      [
        -0.008125484,
        0.9462104,
        -0.323449761
      ],
      [
        0.648482,
        0.251208,
        0.7185858
      ]
    ],
    "translation": [
      2.00997,
      1.43264008,
      -1.41782081
    ]
  },
  {
    "timeStamp": 2081,
    "rotation": [
      [
        0.779145658,
        -0.195554644,
        -0.5955589
      ],
      [
        -0.008375811,
        0.946760058,
        -0.321831018
      ],
      [
        0.6267869,
        0.255741537,
        0.7360261
      ]
    ],
    "translation": [
      2.0068295,
      1.43314517,
      -1.41617322
    ]
  },
  {
    "timeStamp": 2136,
    "rotation": [
      [
        0.7994652,
        -0.183135211,
        -0.5721162
      ],
      [
        -0.0101676285,
        0.9481343,
        -0.317707241
      ],
      [
        0.600626349,
        0.259812951,
        0.7561383
      ]
    ],
    "translation": [
      2.00220251,
      1.43375111,
      -1.41401052
    ]
  },
  {
    "timeStamp": 2181,
    "rotation": [
      [
        0.8093154,
        -0.175490826,
        -0.560545862
      ],
      [
        -0.00996292,
        0.950086,
        -0.31182912
      ],
      [
        0.58728987,
        0.25795278,
        0.7671708
      ]
    ],
    "translation": [
      1.99733186,
      1.43471813,
      -1.41266167
    ]
  },
  {
    "timeStamp": 2237,
    "rotation": [
      [
        0.8140621,
        -0.1695601,
        -0.5554748
      ],
      [
        -0.0105071012,
        0.95197624,
        -0.3059916
      ],
      [
        0.5806828,
        0.254932582,
        0.7731862
      ]
    ],
    "translation": [
      1.98960841,
      1.43584752,
      -1.41210806
    ]
  },
  {
    "timeStamp": 2282,
    "rotation": [
      [
        0.8146637,
        -0.171282858,
        -0.5540624
      ],
      [
        -0.007551462,
        0.9521753,
        -0.305458754
      ],
      [
        0.57988447,
        0.253030151,
        0.7744093
      ]
    ],
    "translation": [
      1.982557,
      1.43624187,
      -1.41206133
    ]
  },
  {
    "timeStamp": 2336,
    "rotation": [
      [
        0.814302,
        -0.178392336,
        -0.5523481
      ],
      [
        -0.00306385569,
        0.950265765,
        -0.31142506
      ],
      [
        0.580433369,
        0.255286366,
        0.7732568
      ]
    ],
    "translation": [
      1.97300482,
      1.435828,
      -1.41232228
    ]
  },
  {
    "timeStamp": 2381,
    "rotation": [
      [
        0.811676562,
        -0.183425933,
        -0.5545594
      ],
      [
        8.09207559E-05,
        0.949449062,
        -0.3139211
      ],
      [
        0.584107161,
        0.254757524,
        0.7706604
      ]
    ],
    "translation": [
      1.96433389,
      1.43580723,
      -1.41261041
    ]
  },
  {
    "timeStamp": 2436,
    "rotation": [
      [
        0.8044033,
        -0.189959124,
        -0.56289506
      ],
      [
        0.00228806585,
        0.9484851,
        -0.316813678
      ],
      [
        0.5940792,
        0.25355804,
        0.7633992
      ]
    ],
    "translation": [
      1.9521873,
      1.43603349,
      -1.41384864
    ]
  },
  {
    "timeStamp": 2481,
    "rotation": [
      [
        0.7984245,
        -0.1964998,
        -0.5691275
      ],
      [
        0.006073088,
        0.94782573,
        -0.318731129
      ],
      [
        0.6020643,
        0.2510264,
        0.7579606
      ]
    ],
    "translation": [
      1.94187009,
      1.436106,
      -1.41501653
    ]
  },
  {
    "timeStamp": 2536,
    "rotation": [
      [
        0.7900733,
        -0.203500539,
        -0.5782489
      ],
      [
        0.0116873905,
        0.94811964,
        -0.317698777
      ],
      [
        0.612901032,
        0.244247079,
        0.7514624
      ]
    ],
    "translation": [
      1.92860377,
      1.43665338,
      -1.41671038
    ]
  },
  {
    "timeStamp": 2581,
    "rotation": [
      [
        0.785077453,
        -0.207194492,
        -0.5837155
      ],
      [
        0.0155612743,
        0.9486926,
        -0.315816671
      ],
      [
        0.619202,
        0.2388572,
        0.7480214
      ]
    ],
    "translation": [
      1.91822052,
      1.43723631,
      -1.41776371
    ]
  },
  {
    "timeStamp": 2636,
    "rotation": [
      [
        0.7847203,
        -0.209452078,
        -0.583389938
      ],
      [
        0.0194258224,
        0.949027,
        -0.3145955
      ],
      [
        0.6195455,
        0.235536635,
        0.748789549
      ]
    ],
    "translation": [
      1.90652084,
      1.4375217,
      -1.4186492
    ]
  },
  {
    "timeStamp": 2681,
    "rotation": [
      [
        0.7909682,
        -0.2099286,
        -0.5747167
      ],
      [
        0.02245964,
        0.9486273,
        -0.315597475
      ],
      [
        0.61144495,
        0.236719638,
        0.755048931
      ]
    ],
    "translation": [
      1.89890659,
      1.43747962,
      -1.41833878
    ]
  },
  {
    "timeStamp": 2736,
    "rotation": [
      [
        0.8072386,
        -0.207458928,
        -0.5525637
      ],
      [
        0.02426411,
        0.9470642,
        -0.320125967
      ],
      [
        0.5897263,
        0.245010555,
        0.7695406
      ]
    ],
    "translation": [
      1.89199913,
      1.4370954,
      -1.41695714
    ]
  },
  {
    "timeStamp": 2791,
    "rotation": [
      [
        0.8260069,
        -0.202098668,
        -0.5261832
      ],
      [
        0.024894461,
        0.945681,
        -0.324141622
      ],
      [
        0.56311,
        0.2546442,
        0.7861701
      ]
    ],
    "translation": [
      1.88835716,
      1.43646371,
      -1.41472411
    ]
  },
  {
    "timeStamp": 2835,
    "rotation": [
      [
        0.8506801,
        -0.193164319,
        -0.488907844
      ],
      [
        0.0251179244,
        0.943915367,
        -0.329230666
      ],
      [
        0.525083244,
        0.267789632,
        0.8078219
      ]
    ],
    "translation": [
      1.88518381,
      1.43597794,
      -1.41117764
    ]
  },
  {
    "timeStamp": 2891,
    "rotation": [
      [
        0.867330253,
        -0.185777649,
        -0.4617628
      ],
      [
        0.0235957522,
        0.942035556,
        -0.334682316
      ],
      [
        0.4971735,
        0.279384464,
        0.8214395
      ]
    ],
    "translation": [
      1.88355267,
      1.43552065,
      -1.40823674
    ]
  },
  {
    "timeStamp": 2935,
    "rotation": [
      [
        0.884746134,
        -0.178045854,
        -0.430725
      ],
      [
        0.0230508726,
        0.9397421,
        -0.3411063
      ],
      [
        0.465502948,
        0.2918639,
        0.835537255
      ]
    ],
    "translation": [
      1.88169241,
      1.43504024,
      -1.40400517
    ]
  },
  {
    "timeStamp": 2991,
    "rotation": [
      [
        0.895104051,
        -0.173645765,
        -0.410652965
      ],
      [
        0.0235225838,
        0.938150644,
        -0.345427245
      ],
      [
        0.445236355,
        0.299533725,
        0.843827069
      ]
    ],
    "translation": [
      1.88051224,
      1.43475509,
      -1.40050769
    ]
  },
  {
    "timeStamp": 3035,
    "rotation": [
      [
        0.90661,
        -0.170559242,
        -0.385963529
      ],
      [
        0.0259505846,
        0.935476363,
        -0.352435082
      ],
      [
        0.421170831,
        0.3095052,
        0.852538347
      ]
    ],
    "translation": [
      1.87945139,
      1.43389678,
      -1.396099
    ]
  },
  {
    "timeStamp": 3091,
    "rotation": [
      [
        0.913839459,
        -0.168098167,
        -0.369649082
      ],
      [
        0.0270381384,
        0.93346405,
        -0.35765022
      ],
      [
        0.405174524,
        0.316840261,
        0.8575814
      ]
    ],
    "translation": [
      1.87931156,
      1.43270874,
      -1.39289129
    ]
  },
  {
    "timeStamp": 3135,
    "rotation": [
      [
        0.9198798,
        -0.168139488,
        -0.354330868
      ],
      [
        0.0285689011,
        0.9297693,
        -0.3670326
      ],
      [
        0.39115864,
        0.327503026,
        0.860079467
      ]
    ],
    "translation": [
      1.88009465,
      1.431134,
      -1.388849
    ]
  },
  {
    "timeStamp": 3192,
    "rotation": [
      [
        0.924891949,
        -0.163968608,
        -0.3430585
      ],
      [
        0.0260412022,
        0.9274371,
        -0.3730713
      ],
      [
        0.379337162,
        0.336117,
        0.8620491
      ]
    ],
    "translation": [
      1.8819586,
      1.43024254,
      -1.3857578
    ]
  },
  {
    "timeStamp": 3236,
    "rotation": [
      [
        0.934004366,
        -0.158889785,
        -0.319984078
      ],
      [
        0.0275976416,
        0.925069749,
        -0.378793269
      ],
      [
        0.35619396,
        0.344963759,
        0.86840415
      ]
    ],
    "translation": [
      1.8865037,
      1.42947459,
      -1.38173723
    ]
  },
  {
    "timeStamp": 3292,
    "rotation": [
      [
        0.9439262,
        -0.152840823,
        -0.2926482
      ],
      [
        0.0311672948,
        0.923685253,
        -0.38188237
      ],
      [
        0.328682035,
        0.3513477,
        0.8766544
      ]
    ],
    "translation": [
      1.89255166,
      1.4290576,
      -1.37860072
    ]
  },
  {
    "timeStamp": 3336,
    "rotation": [
      [
        0.957264,
        -0.144435629,
        -0.250567466
      ],
      [
        0.038013678,
        0.921687841,
        -0.386065423
      ],
      [
        0.286706567,
        0.360041529,
        0.8877891
      ]
    ],
    "translation": [
      1.90248013,
      1.42867756,
      -1.374983
    ]
  },
  {
    "timeStamp": 3392,
    "rotation": [
      [
        0.9663603,
        -0.138279319,
        -0.21685642
      ],
      [
        0.0440676361,
        0.919722,
        -0.3900891
      ],
      [
        0.253388852,
        0.367410243,
        0.8948765
      ]
    ],
    "translation": [
      1.91181386,
      1.42840254,
      -1.37222588
    ]
  },
  {
    "timeStamp": 3436,
    "rotation": [
      [
        0.9754252,
        -0.12865749,
        -0.178865641
      ],
      [
        0.0489434339,
        0.918046534,
        -0.393440038
      ],
      [
        0.214825988,
        0.375017017,
        0.9017827
      ]
    ],
    "translation": [
      1.92414045,
      1.42818379,
      -1.36947823
    ]
  },
  {
    "timeStamp": 3481,
    "rotation": [
      [
        0.9797877,
        -0.120690189,
        -0.159530133
      ],
      [
        0.04946113,
        0.9188913,
        -0.391397923
      ],
      [
        0.193828747,
        0.375596344,
        0.906287849
      ]
    ],
    "translation": [
      1.934417,
      1.4285233,
      -1.36731923
    ]
  },
  {
    "timeStamp": 3536,
    "rotation": [
      [
        0.9804713,
        -0.114949912,
        -0.159569621
      ],
      [
        0.0455907881,
        0.9221418,
        -0.3841562
      ],
      [
        0.191304535,
        0.369379222,
        0.9093743
      ]
    ],
    "translation": [
      1.94609427,
      1.42988825,
      -1.36480212
    ]
  },
  {
    "timeStamp": 3591,
    "rotation": [
      [
        0.9776071,
        -0.108723119,
        -0.180177048
      ],
      [
        0.0331703722,
        0.9251068,
        -0.378255218
      ],
      [
        0.207808122,
        0.363808423,
        0.90799737
      ]
    ],
    "translation": [
      1.95388412,
      1.43087721,
      -1.3634522
    ]
  },
  {
    "timeStamp": 3636,
    "rotation": [
      [
        0.9710209,
        -0.109215409,
        -0.212580308
      ],
      [
        0.0223630611,
        0.927096069,
        -0.3741559
      ],
      [
        0.237945974,
        0.358559251,
        0.9026721
      ]
    ],
    "translation": [
      1.96321833,
      1.43141949,
      -1.36315286
    ]
  },
  {
    "timeStamp": 3681,
    "rotation": [
      [
        0.9632667,
        -0.116310425,
        -0.242052123
      ],
      [
        0.0180214681,
        0.9273063,
        -0.373869479
      ],
      [
        0.267941356,
        0.355773866,
        0.8953393
      ]
    ],
    "translation": [
      1.97057807,
      1.43154562,
      -1.36342359
    ]
  },
  {
    "timeStamp": 3736,
    "rotation": [
      [
        0.9538429,
        -0.123713255,
        -0.273640037
      ],
      [
        0.0135740545,
        0.9280333,
        -0.37225
      ],
      [
        0.2999993,
        0.3513536,
        0.8868772
      ]
    ],
    "translation": [
      1.98027766,
      1.43158174,
      -1.36415982
    ]
  },
  {
    "timeStamp": 3781,
    "rotation": [
      [
        0.948005557,
        -0.128773749,
        -0.2910373
      ],
      [
        0.0119588478,
        0.928250253,
        -0.3717641
      ],
      [
        0.318028867,
        0.348953962,
        0.8815264
      ]
    ],
    "translation": [
      1.98911381,
      1.43125629,
      -1.364437
    ]
  },
  {
    "timeStamp": 3836,
    "rotation": [
      [
        0.9435951,
        -0.134722576,
        -0.302453458
      ],
      [
        0.0136812693,
        0.928560734,
        -0.3709282
      ],
      [
        0.3308188,
        0.345868081,
        0.8780286
      ]
    ],
    "translation": [
      2.00071979,
      1.43034077,
      -1.36480522
    ]
  },
  {
    "timeStamp": 3892,
    "rotation": [
      [
        0.9408023,
        -0.1382402,
        -0.30948475
      ],
      [
        0.0156403482,
        0.9297852,
        -0.367770046
      ],
      [
        0.338594973,
        0.34115845,
        0.8769061
      ]
    ],
    "translation": [
      2.01006818,
      1.43001664,
      -1.36462927
    ]
  },
  {
    "timeStamp": 3936,
    "rotation": [
      [
        0.9369703,
        -0.139235109,
        -0.320468962
      ],
      [
        0.0145560112,
        0.931931853,
        -0.362341136
      ],
      [
        0.349105835,
        0.334838122,
        0.875219166
      ]
    ],
    "translation": [
      2.01995039,
      1.42957211,
      -1.364225
    ]
  },
  {
    "timeStamp": 3991,
    "rotation": [
      [
        0.934785247,
        -0.135202616,
        -0.328476429
      ],
      [
        0.009128383,
        0.9335681,
        -0.358283758
      ],
      [
        0.355096,
        0.3319199,
        0.8739199
      ]
    ],
    "translation": [
      2.02594161,
      1.4293263,
      -1.36412406
    ]
  },
  {
    "timeStamp": 4036,
    "rotation": [
      [
        0.932143331,
        -0.131366149,
        -0.337419242
      ],
      [
        0.00148417789,
        0.9332453,
        -0.3592367
      ],
      [
        0.362086475,
        0.3343593,
        0.8701134
      ]
    ],
    "translation": [
      2.0315907,
      1.42883992,
      -1.36467
    ]
  },
  {
    "timeStamp": 4081,
    "rotation": [
      [
        0.9320279,
        -0.12738806,
        -0.339258552
      ],
      [
        -0.00448557129,
        0.9320513,
        -0.362298518
      ],
      [
        0.3623589,
        0.3391941,
        0.868126333
      ]
    ],
    "translation": [
      2.03430223,
      1.4288404,
      -1.36568046
    ]
  },
  {
    "timeStamp": 4136,
    "rotation": [
      [
        0.931714356,
        -0.124356113,
        -0.341238767
      ],
      [
        -0.005182742,
        0.934907,
        -0.354854882
      ],
      [
        0.3631549,
        0.332391948,
        0.870421767
      ]
    ],
    "translation": [
      2.035369,
      1.42993653,
      -1.366223
    ]
  },
  {
    "timeStamp": 4191,
    "rotation": [
      [
        0.9326917,
        -0.120262556,
        -0.340034068
      ],
      [
        -0.006510246,
        0.937005043,
        -0.349255234
      ],
      [
        0.360615939,
        0.327961147,
        0.873153865
      ]
    ],
    "translation": [
      2.03405714,
      1.43027616,
      -1.36651611
    ]
  },
  {
    "timeStamp": 4236,
    "rotation": [
      [
        0.935527444,
        -0.111448064,
        -0.335213065
      ],
      [
        -0.0110029941,
        0.9392754,
        -0.3429879
      ],
      [
        0.353082716,
        0.324562937,
        0.8774916
      ]
    ],
    "translation": [
      2.03048182,
      1.43039989,
      -1.36626911
    ]
  },
  {
    "timeStamp": 4291,
    "rotation": [
      [
        0.93823874,
        -0.10755264,
        -0.328847051
      ],
      [
        -0.0120993592,
        0.9396762,
        -0.341851175
      ],
      [
        0.345776737,
        0.324716866,
        0.8803394
      ]
    ],
    "translation": [
      2.02576375,
      1.430554,
      -1.36616528
    ]
  },
  {
    "timeStamp": 4336,
    "rotation": [
      [
        0.94187963,
        -0.104989633,
        -0.319123715
      ],
      [
        -0.0106881345,
        0.940067232,
        -0.340821564
      ],
      [
        0.3357805,
        0.32442373,
        0.884308
      ]
    ],
    "translation": [
      2.01847744,
      1.43072343,
      -1.36620855
    ]
  },
  {
    "timeStamp": 4391,
    "rotation": [
      [
        0.9446959,
        -0.106926851,
        -0.310026348
      ],
      [
        -0.00610749,
        0.9394527,
        -0.342623949
      ],
      [
        0.3278908,
        0.3255689,
        0.8868441
      ]
    ],
    "translation": [
      2.011612,
      1.43060422,
      -1.366359
    ]
  },
  {
    "timeStamp": 4436,
    "rotation": [
      [
        0.9472327,
        -0.1112077,
        -0.300637752
      ],
      [
        -0.0008599246,
        0.9370055,
        -0.349313349
      ],
      [
        0.320545584,
        0.331139565,
        0.887466669
      ]
    ],
    "translation": [
      2.00220466,
      1.42980325,
      -1.36698532
    ]
  },
  {
    "timeStamp": 4491,
    "rotation": [
      [
        0.949462,
        -0.111933805,
        -0.293245077
      ],
      [
        0.000457737624,
        0.934745669,
        -0.355317265
      ],
      [
        0.313881546,
        0.337226,
        0.887556732
      ]
    ],
    "translation": [
      1.99428546,
      1.42921531,
      -1.3670516
    ]
  },
  {
    "timeStamp": 4535,
    "rotation": [
      [
        0.951458037,
        -0.114310294,
        -0.285763383
      ],
      [
        0.00368480757,
        0.9326353,
        -0.360801578
      ],
      [
        0.307756364,
        0.342234582,
        0.8877846
      ]
    ],
    "translation": [
      1.98419559,
      1.42832518,
      -1.36684573
    ]
  },
  {
    "timeStamp": 4591,
    "rotation": [
      [
        0.952721357,
        -0.114218645,
        -0.281560063
      ],
      [
        0.004410621,
        0.9317571,
        -0.363055527
      ],
      [
        0.303813279,
        0.3446489,
        0.8882087
      ]
    ],
    "translation": [
      1.9763025,
      1.428082,
      -1.36617446
    ]
  },
  {
    "timeStamp": 4635,
    "rotation": [
      [
        0.9541283,
        -0.1152574,
        -0.276323885
      ],
      [
        0.006760399,
        0.93099004,
        -0.36498186
      ],
      [
        0.299321651,
        0.346371472,
        0.8890632
      ]
    ],
    "translation": [
      1.96705675,
      1.427548,
      -1.36551666
    ]
  },
  {
    "timeStamp": 4691,
    "rotation": [
      [
        0.9550816,
        -0.116809808,
        -0.2723504
      ],
      [
        0.009423967,
        0.9305444,
        -0.366058022
      ],
      [
        0.296193272,
        0.34704864,
        0.889846563
      ]
    ],
    "translation": [
      1.96067786,
      1.42728543,
      -1.36507547
    ]
  },
  {
    "timeStamp": 4735,
    "rotation": [
      [
        0.956580639,
        -0.11733634,
        -0.2668063
      ],
      [
        0.0128360419,
        0.931459963,
        -0.363617331
      ],
      [
        0.291184932,
        0.344404548,
        0.8925227
      ]
    ],
    "translation": [
      1.9534868,
      1.42728865,
      -1.36483288
    ]
  },
  {
    "timeStamp": 4791,
    "rotation": [
      [
        0.9579582,
        -0.116013311,
        -0.262406051
      ],
      [
        0.0138948448,
        0.9322874,
        -0.3614515
      ],
      [
        0.286571056,
        0.342609346,
        0.894704342
      ]
    ],
    "translation": [
      1.94868731,
      1.42773843,
      -1.36473751
    ]
  },
  {
    "timeStamp": 4835,
    "rotation": [
      [
        0.958453655,
        -0.116167106,
        -0.260522157
      ],
      [
        0.0157316979,
        0.9334541,
        -0.3583517
      ],
      [
        0.284814179,
        0.339365035,
        0.8965
      ]
    ],
    "translation": [
      1.94297242,
      1.42814541,
      -1.364706
    ]
  },
  {
    "timeStamp": 4891,
    "rotation": [
      [
        0.958585143,
        -0.115408026,
        -0.260375828
      ],
      [
        0.0161332153,
        0.9347564,
        -0.354922831
      ],
      [
        0.2843489,
        0.336023062,
        0.897905469
      ]
    ],
    "translation": [
      1.93875623,
      1.42880464,
      -1.36446059
    ]
  },
  {
    "timeStamp": 4935,
    "rotation": [
      [
        0.9586043,
        -0.116129011,
        -0.259984255
      ],
      [
        0.01835507,
        0.936356366,
        -0.3505708
      ],
      [
        0.284149349,
        0.331286639,
        0.8997268
      ]
    ],
    "translation": [
      1.934028,
      1.42934191,
      -1.36434209
    ]
  },
  {
    "timeStamp": 4991,
    "rotation": [
      [
        0.958256066,
        -0.119415037,
        -0.259779543
      ],
      [
        0.0228406675,
        0.937670648,
        -0.3467739
      ],
      [
        0.284997642,
        0.326364666,
        0.9012561
      ]
    ],
    "translation": [
      1.93057871,
      1.42996192,
      -1.36391723
    ]
  },
  {
    "timeStamp": 5035,
    "rotation": [
      [
        0.9584613,
        -0.121617012,
        -0.257994682
      ],
      [
        0.026849892,
        0.938993,
        -0.342886657
      ],
      [
        0.283956051,
        0.321716458,
        0.9032538
      ]
    ],
    "translation": [
      1.92675447,
      1.43042088,
      -1.36378193
    ]
  },
  {
    "timeStamp": 5091,
    "rotation": [
      [
        0.95834285,
        -0.1255599,
        -0.256541878
      ],
      [
        0.0313621722,
        0.939019859,
        -0.3424296
      ],
      [
        0.283893347,
        0.320119262,
        0.90384084
      ]
    ],
    "translation": [
      1.924181,
      1.43061709,
      -1.36357522
    ]
  },
  {
    "timeStamp": 5135,
    "rotation": [
      [
        0.9586476,
        -0.127693,
        -0.2543407
      ],
      [
        0.03432451,
        0.9390445,
        -0.3420778
      ],
      [
        0.282518178,
        0.319201946,
        0.9045958
      ]
    ],
    "translation": [
      1.92110312,
      1.43060887,
      -1.36342144
    ]
  },
  {
    "timeStamp": 5189,
    "rotation": [
      [
        0.959515333,
        -0.1275677,
        -0.251111
      ],
      [
        0.0346600823,
        0.938254,
        -0.344206423
      ],
      [
        0.279515535,
        0.3215678,
        0.9046906
      ]
    ],
    "translation": [
      1.918082,
      1.43038213,
      -1.36312807
    ]
  },
  {
    "timeStamp": 5234,
    "rotation": [
      [
        0.9599141,
        -0.127569243,
        -0.249581739
      ],
      [
        0.0358990058,
        0.939047933,
        -0.341906726
      ],
      [
        0.27798602,
        0.319241345,
        0.905984938
      ]
    ],
    "translation": [
      1.915588,
      1.43059063,
      -1.36285985
    ]
  },
  {
    "timeStamp": 5289,
    "rotation": [
      [
        0.9606828,
        -0.126234189,
        -0.24729228
      ],
      [
        0.0362584442,
        0.940079749,
        -0.339021266
      ],
      [
        0.275270522,
        0.316725463,
        0.907695532
      ]
    ],
    "translation": [
      1.91269243,
      1.43093157,
      -1.36242115
    ]
  },
  {
    "timeStamp": 5334,
