[
  {
    "timeStamp": 25818,
    "rotation": [
      [
        0.01242117,
        0.9999177,
        -0.00320664
      ],
      [
        0.007506037,
        0.00311355642,
        0.999967
      ],
      [
        0.9998947,
        -0.0124448314,
        -0.00746674556
      ]
    ],
    "translation": [
      1.61601627,
      0.704916358,
      -0.7514508
    ]
  },
  {
    "timeStamp": 25863,
    "rotation": [
      [
        0.03168496,
        0.999271452,
        0.0212759264
      ],
      [
        0.004111653,
        -0.0214167479,
        0.9997622
      ],
      [
        0.9994894,
        -0.0315899439,
        -0.0047872467
      ]
    ],
    "translation": [
      1.61440861,
      0.708436131,
      -0.7494373
    ]
  },
  {
    "timeStamp": 25910,
    "rotation": [
      [
        0.0348585173,
        0.9992136,
        0.0188993961
      ],
      [
        -0.005652885,
        -0.01871345,
        0.9998089
      ],
      [
        0.9993763,
        -0.03495869,
        0.004996116
      ]
    ],
    "translation": [
      1.61788929,
      0.711534739,
      -0.7508758
    ]
  },
  {
    "timeStamp": 25959,
    "rotation": [
      [
        0.0392456762,
        0.9985795,
        0.0360360555
      ],
      [
        -0.01012397,
        -0.035664618,
        0.9993125
      ],
      [
        0.999178231,
        -0.03958353,
        0.00870990753
      ]
    ],
    "translation": [
      1.62360048,
      0.7240905,
      -0.753365
    ]
  },
  {
    "timeStamp": 26015,
    "rotation": [
      [
        0.0376714952,
        0.9965724,
        0.07365028
      ],
      [
        -0.0283286627,
        -0.0726079345,
        0.996958137
      ],
      [
        0.998888552,
        -0.0396433324,
        0.0254963115
      ]
    ],
    "translation": [
      1.63187265,
      0.750400364,
      -0.7587531
    ]
  },
  {
    "timeStamp": 26059,
    "rotation": [
      [
        0.04314783,
        0.9913308,
        0.124102615
      ],
      [
        -0.0584068373,
        -0.121502906,
        0.9908712
      ],
      [
        0.997359931,
        -0.05000237,
        0.0526579134
      ]
    ],
    "translation": [
      1.64072752,
      0.7822151,
      -0.7639582
    ]
  },
  {
    "timeStamp": 26114,
    "rotation": [
      [
        0.07085012,
        0.9772255,
        0.200026721
      ],
      [
        -0.11803066,
        -0.190908581,
        0.9744859
      ],
      [
        0.990479231,
        -0.0926517,
        0.101816669
      ]
    ],
    "translation": [
      1.6559912,
      0.829161048,
      -0.766802132
    ]
  },
  {
    "timeStamp": 26159,
    "rotation": [
      [
        0.130371347,
        0.950480938,
        0.282115728
      ],
      [
        -0.205500275,
        -0.2524601,
        0.945533454
      ],
      [
        0.9699345,
        -0.181245342,
        0.162410527
      ]
    ],
    "translation": [
      1.67162919,
      0.8717513,
      -0.763028741
    ]
  },
  {
    "timeStamp": 26214,
    "rotation": [
      [
        0.224139273,
        0.878624,
        0.421641439
      ],
      [
        -0.364278972,
        -0.325754464,
        0.8724591
      ],
      [
        0.9039151,
        -0.349147439,
        0.2470499
      ]
    ],
    "translation": [
      1.69898093,
      0.9256804,
      -0.745896041
    ]
  },
  {
    "timeStamp": 26259,
    "rotation": [
      [
        0.271511942,
        0.7802558,
        0.5634555
      ],
      [
        -0.5339184,
        -0.364987642,
        0.7627025
      ],
      [
        0.8007574,
        -0.5079221,
        0.317494422
      ]
    ],
    "translation": [
      1.72796822,
      0.968749046,
      -0.7273612
    ]
  },
  {
    "timeStamp": 26315,
    "rotation": [
      [
        0.299064159,
        0.602008939,
        0.7403687
      ],
      [
        -0.7195884,
        -0.367284775,
        0.5893169
      ],
      [
        0.6267002,
        -0.7090043,
        0.323356926
      ]
    ],
    "translation": [
      1.7787807,
      1.01374364,
      -0.695059538
    ]
  },
  {
    "timeStamp": 26360,
    "rotation": [
      [
        0.2709061,
        0.4350564,
        0.858682632
      ],
      [
        -0.8273512,
        -0.350732267,
        0.4387218
      ],
      [
        0.492036432,
        -0.829284549,
        0.264928937
      ]
    ],
    "translation": [
      1.828309,
      1.04067373,
      -0.67028445
    ]
  },
  {
    "timeStamp": 26417,
    "rotation": [
      [
        0.198505178,
        0.2653704,
        0.943490446
      ],
      [
        -0.910308838,
        -0.30683893,
        0.277826846
      ],
      [
        0.363226622,
        -0.914017737,
        0.18065989
      ]
    ],
    "translation": [
      1.89449334,
      1.05877841,
      -0.64856863
    ]
  },
  {
    "timeStamp": 26461,
    "rotation": [
      [
        0.152851686,
        0.153540313,
        0.9762488
      ],
      [
        -0.951723,
        -0.2432188,
        0.187264115
      ],
      [
        0.266194642,
        -0.957742155,
        0.108951449
      ]
    ],
    "translation": [
      1.940029,
      1.05799508,
      -0.6402732
    ]
  },
  {
    "timeStamp": 26514,
    "rotation": [
      [
        0.104741067,
        0.0616395138,
        0.992587447
      ],
      [
        -0.9778902,
        -0.175265029,
        0.114074096
      ],
      [
        0.180997342,
        -0.9825898,
        0.04191923
      ]
    ],
    "translation": [
      1.98480773,
      1.0497539,
      -0.63277024
    ]
  },
  {
    "timeStamp": 26558,
    "rotation": [
      [
        0.105372079,
        0.009543101,
        0.994387031
      ],
      [
        -0.98715204,
        -0.119777925,
        0.105754912
      ],
      [
        0.120114848,
        -0.9927549,
        -0.00320075778
      ]
    ],
    "translation": [
      2.02242923,
      1.02996576,
      -0.6332303
    ]
  },
  {
    "timeStamp": 26611,
    "rotation": [
      [
        0.08869717,
        -0.0003545918,
        0.9960586
      ],
      [
        -0.99403286,
        -0.06377661,
        0.0884940848
      ],
      [
        0.06349387,
        -0.997964144,
        -0.00600928161
      ]
    ],
    "translation": [
      2.04435968,
      1.00856447,
      -0.6349335
    ]
  },
  {
    "timeStamp": 26666,
    "rotation": [
      [
        0.10215804,
        -0.0102269733,
        0.994715631
      ],
      [
        -0.994665146,
        -0.0154451672,
        0.101994053
      ],
      [
        0.0143204583,
        -0.999828458,
        -0.0117502613
      ]
    ],
    "translation": [
      2.05753374,
      0.9865288,
      -0.6342821
    ]
  },
  {
    "timeStamp": 26711,
    "rotation": [
      [
        0.108955413,
        -0.009644783,
        0.993999839
      ],
      [
        -0.9936161,
        0.0283718146,
        0.109188639
      ],
      [
        -0.0292546786,
        -0.999550939,
        -0.006491949
      ]
    ],
    "translation": [
      2.06587,
      0.967466235,
      -0.633775949
    ]
  },
  {
    "timeStamp": 26766,
    "rotation": [
      [
        0.08289781,
        -0.03444596,
        0.99596256
      ],
      [
        -0.9947178,
        0.05784846,
        0.08479492
      ],
      [
        -0.0605357438,
        -0.997731,
        -0.0294684973
      ]
    ],
    "translation": [
      2.076311,
      0.95424664,
      -0.6298056
    ]
  },
  {
    "timeStamp": 26811,
    "rotation": [
      [
        0.0851230845,
        -0.04180651,
        0.995492935
      ],
      [
        -0.994403958,
        0.05917675,
        0.08751514
      ],
      [
        -0.06256874,
        -0.9973717,
        -0.0365352519
      ]
    ],
    "translation": [
      2.082256,
      0.947028637,
      -0.626880646
    ]
  },
  {
    "timeStamp": 26866,
    "rotation": [
      [
        0.07365232,
        -0.0392838866,
        0.996509969
      ],
      [
        -0.9944525,
        0.07235096,
        0.0763524249
      ],
      [
        -0.07509787,
        -0.9966053,
        -0.03373714
      ]
    ],
    "translation": [
      2.08623815,
      0.9395386,
      -0.6222776
    ]
  },
  {
    "timeStamp": 26911,
    "rotation": [
      [
        0.06629802,
        -0.02107763,
        0.99757725
      ],
      [
        -0.995064139,
        0.0725872144,
        0.06766468
      ],
      [
        -0.07383756,
        -0.997139335,
        -0.0161612034
      ]
    ],
    "translation": [
      2.08689928,
      0.934189737,
      -0.619844139
    ]
  },
  {
    "timeStamp": 26967,
    "rotation": [
      [
        0.0587591231,
        -0.0102998121,
        0.998219132
      ],
      [
        -0.9957201,
        0.07085201,
        0.0593430847
      ],
      [
        -0.07133705,
        -0.997433662,
        -0.006092527
      ]
    ],
    "translation": [
      2.08635426,
      0.929698765,
      -0.615793467
    ]
  },
  {
    "timeStamp": 27012,
    "rotation": [
      [
        0.0595820248,
        -0.0112892436,
        0.9981596
      ],
      [
        -0.9965088,
        0.0579106621,
        0.0601384565
      ],
      [
        -0.058483,
        -0.998257935,
        -0.00779939536
      ]
    ],
    "translation": [
      2.08657074,
      0.9282471,
      -0.610932469
    ]
  },
  {
    "timeStamp": 27058,
    "rotation": [
      [
        0.0753857046,
        -0.0048095705,
        0.9971428
      ],
      [
        -0.9963219,
        0.0404908247,
        0.07551894
      ],
      [
        -0.04073835,
        -0.9991683,
        -0.00173945085
      ]
    ],
    "translation": [
      2.08726549,
      0.923424542,
      -0.607830048
    ]
  },
  {
    "timeStamp": 27115,
    "rotation": [
      [
        0.0884486958,
        -0.0217663012,
        0.9958429
      ],
      [
        -0.9956185,
        0.0285206959,
        0.0890521556
      ],
      [
        -0.0303404666,
        -0.999356151,
        -0.0191483162
      ]
    ],
    "translation": [
      2.08656025,
      0.9194647,
      -0.6021938
    ]
  },
  {
    "timeStamp": 27160,
    "rotation": [
      [
        0.122242644,
        -0.018134689,
        0.992334545
      ],
      [
        -0.992497861,
        -5.441305E-05,
        0.12226177
      ],
      [
        -0.00216318318,
        -0.999835551,
        -0.018005291
      ]
    ],
    "translation": [
      2.08568525,
      0.910069,
      -0.6024927
    ]
  },
  {
    "timeStamp": 27216,
    "rotation": [
      [
        0.158498257,
        0.014816382,
        0.987248063
      ],
      [
        -0.987358034,
        0.00396754034,
        0.158456355
      ],
      [
        -0.0015691967,
        -0.9998824,
        0.0152579211
      ]
    ],
    "translation": [
      2.08103871,
      0.9014642,
      -0.608844757
    ]
  },
  {
    "timeStamp": 27260,
    "rotation": [
      [
        0.007724307,
        0.0481484272,
        0.998810351
      ],
      [
        -0.9945728,
        0.10400822,
        0.00267773937
      ],
      [
        -0.103755556,
        -0.9934103,
        0.04869051
      ]
    ],
    "translation": [
      2.07606363,
      0.9162272,
      -0.614486039
    ]
  },
  {
    "timeStamp": 27316,
    "rotation": [
      [
        0.0329273641,
        0.04045173,
        0.998638868
      ],
      [
        -0.994187951,
        0.103796884,
        0.0285761226
      ],
      [
        -0.102499641,
        -0.9937756,
        0.04363438
      ]
    ],
    "translation": [
      2.074541,
      0.919866562,
      -0.6161646
    ]
  },
  {
    "timeStamp": 27360,
    "rotation": [
      [
        0.0397521444,
        0.03691765,
        0.9985273
      ],
      [
        -0.994655252,
        0.09676437,
        0.0360204168
      ],
      [
        -0.0952920839,
        -0.99462235,
        0.040566925
      ]
    ],
    "translation": [
      2.074139,
      0.9236603,
      -0.6188164
    ]
  },
  {
    "timeStamp": 27416,
    "rotation": [
      [
        0.0347725339,
        0.04234456,
        0.9984977
      ],
      [
        -0.9961473,
        0.0819530338,
        0.031215189
      ],
      [
        -0.08050813,
        -0.995736241,
        0.0450311266
      ]
    ],
    "translation": [
      2.074469,
      0.9263414,
      -0.622442663
    ]
  },
  {
    "timeStamp": 27460,
    "rotation": [
      [
        0.00312476815,
        0.0412791558,
        0.999142766
      ],
      [
        -0.997451,
        0.07135475,
        0.000171486536
      ],
      [
        -0.0712865,
        -0.996596456,
        0.0413969
      ]
    ],
    "translation": [
      2.07548857,
      0.925514,
      -0.623008668
    ]
  },
  {
    "timeStamp": 27516,
    "rotation": [
      [
        -0.03556197,
        0.05037627,
        0.998097
      ],
      [
        -0.9966904,
        0.07126594,
        -0.0391088128
      ],
      [
        -0.07310048,
        -0.9961844,
        0.0476751849
      ]
    ],
    "translation": [
      2.07742548,
      0.922175646,
      -0.6234648
    ]
  },
  {
    "timeStamp": 27560,
    "rotation": [
      [
        -0.049725838,
        0.0539494753,
        0.997304738
      ],
      [
        -0.995503366,
        0.07792946,
        -0.0538516343
      ],
      [
        -0.08062469,
        -0.9954981,
        0.0498317741
      ]
    ],
    "translation": [
      2.078564,
      0.9158748,
      -0.623115957
    ]
  },
  {
    "timeStamp": 27615,
    "rotation": [
      [
        -0.0728112,
        0.0607101656,
        0.9954963
      ],
      [
        -0.994575739,
        0.06992124,
        -0.07700801
      ],
      [
        -0.0742815,
        -0.9957034,
        0.0552898049
      ]
    ],
    "translation": [
      2.079826,
      0.9133358,
      -0.622374833
    ]
  },
  {
    "timeStamp": 27660,
    "rotation": [
      [
        -0.08691018,
        0.0725000352,
        0.9935745
      ],
      [
        -0.994414032,
        0.053648755,
        -0.0908983052
      ],
      [
        -0.05989417,
        -0.9959245,
        0.0674324259
      ]
    ],
    "translation": [
      2.080609,
      0.9116431,
      -0.622164
    ]
  },
  {
    "timeStamp": 27715,
    "rotation": [
      [
        -0.115955487,
        0.07872292,
        0.990129769
      ],
      [
        -0.992306232,
        0.034364827,
        -0.118942648
      ],
      [
        -0.04338915,
        -0.996304,
        0.07413246
      ]
    ],
    "translation": [
      2.082993,
      0.9100362,
      -0.6227
    ]
  },
  {
    "timeStamp": 27761,
    "rotation": [
      [
        -0.127330065,
        0.07248957,
        0.9892079
      ],
      [
        -0.991036952,
        0.03133383,
        -0.129861653
      ],
      [
        -0.0404092856,
        -0.996876836,
        0.0678501
      ]
    ],
    "translation": [
      2.082681,
      0.9042922,
      -0.6201046
    ]
  },
  {
    "timeStamp": 27815,
    "rotation": [
      [
        -0.08142844,
        0.04224086,
        0.9957837
      ],
      [
        -0.9943482,
        0.0648481548,
        -0.08406189
      ],
      [
        -0.06812558,
        -0.997000754,
        0.03672164
      ]
    ],
    "translation": [
      2.07937169,
      0.888077438,
      -0.610648751
    ]
  },
  {
    "timeStamp": 27860,
    "rotation": [
      [
        0.0135208415,
        0.0294530019,
        0.9994747
      ],
      [
        -0.987607241,
        0.156702176,
        0.008742523
      ],
      [
        -0.15636237,
        -0.987206638,
        0.0312067419
      ]
    ],
    "translation": [
      2.08081365,
      0.858707547,
      -0.6116622
    ]
  },
  {
    "timeStamp": 27915,
    "rotation": [
      [
        0.02517849,
        0.0311735552,
        0.9991968
      ],
      [
        -0.9910604,
        0.131773129,
        0.0208623223
      ],
      [
        -0.13101694,
        -0.9907896,
        0.0342127234
      ]
    ],
    "translation": [
      2.08145142,
      0.8664275,
      -0.614419341
    ]
  },
  {
    "timeStamp": 27960,
    "rotation": [
      [
        0.03970693,
        0.0215238929,
        0.9989795
      ],
      [
        -0.9938683,
        0.104102708,
        0.03726079
      ],
      [
        -0.103194483,
        -0.9943336,
        0.025525514
      ]
    ],
    "translation": [
      2.08272529,
      0.8740891,
      -0.616261065
    ]
  },
  {
    "timeStamp": 28015,
    "rotation": [
      [
        0.04433765,
        0.0179733224,
        0.998854935
      ],
      [
        -0.993690431,
        0.103899658,
        0.0422388427
      ],
      [
        -0.103021517,
        -0.994425356,
        0.0224665869
      ]
    ],
    "translation": [
      2.08291936,
      0.8741455,
      -0.6178646
    ]
  },
  {
    "timeStamp": 28060,
    "rotation": [
      [
        0.04814822,
        0.00469164737,
        0.9988292
      ],
      [
        -0.992053866,
        0.116594329,
        0.0472739562
      ],
      [
        -0.116236031,
        -0.9931686,
        0.010268176
      ]
    ],
    "translation": [
      2.08367944,
      0.865683556,
      -0.6167967
    ]
  },
  {
    "timeStamp": 28115,
    "rotation": [
      [
        0.0338007174,
        0.00141839334,
        0.999427557
      ],
      [
        -0.9895681,
        0.140172169,
        0.0332683362
      ],
      [
        -0.140044749,
        -0.990126133,
        0.00614151638
      ]
    ],
    "translation": [
      2.08396244,
      0.8548192,
      -0.6157762
    ]
  },
  {
    "timeStamp": 28160,
    "rotation": [
      [
        0.0166963078,
        -0.00620045,
        0.9998414
      ],
      [
        -0.988545358,
        0.149913311,
        0.0174373537
      ],
      [
        -0.149997652,
        -0.9886797,
        -0.003626427
      ]
    ],
    "translation": [
      2.08354163,
      0.8499521,
      -0.6129049
    ]
  },
  {
    "timeStamp": 28215,
    "rotation": [
      [
        0.007023752,
        -0.00513746124,
        0.999962151
      ],
      [
        -0.9898405,
        0.141974315,
        0.007682073
      ],
      [
        -0.142008409,
        -0.989857,
        -0.004088075
      ]
    ],
    "translation": [
      2.08193874,
      0.84689045,
      -0.6093986
    ]
  },
  {
    "timeStamp": 28260,
    "rotation": [
      [
        0.011006387,
        -0.0007724574,
        0.999939144
      ],
      [
        -0.9897185,
        0.142604679,
        0.0110040512
      ],
      [
        -0.142604515,
        -0.9897794,
        0.000805047
      ]
    ],
    "translation": [
      2.07901144,
      0.8428492,
      -0.6070095
    ]
  },
  {
    "timeStamp": 28315,
    "rotation": [
      [
        0.0120768119,
        0.0067075,
        0.9999046
      ],
      [
        -0.990053058,
        0.140262544,
        0.0110169249
      ],
      [
        -0.140175253,
        -0.9900916,
        0.008334706
      ]
    ],
    "translation": [
      2.07597947,
      0.836263537,
      -0.604915261
    ]
  },
  {
    "timeStamp": 28359,
    "rotation": [
      [
        0.01643804,
        0.008951062,
        0.9998248
      ],
      [
        -0.9887284,
        0.148974672,
        0.0149218906
      ],
      [
        -0.148815,
        -0.988800466,
        0.0112990215
      ]
    ],
    "translation": [
      2.07504439,
      0.828767359,
      -0.6038862
    ]
  },
  {
    "timeStamp": 28413,
    "rotation": [
      [
        0.0255248062,
        0.006507845,
        0.999653
      ],
      [
        -0.986754954,
        0.1604099,
        0.0241511855
      ],
      [
        -0.160197064,
        -0.9870291,
        0.0105160791
      ]
    ],
    "translation": [
      2.07478881,
      0.8184085,
      -0.603374839
    ]
  },
  {
    "timeStamp": 28457,
    "rotation": [
      [
        0.0314073823,
        0.00506887073,
        0.9994938
      ],
      [
        -0.985508859,
        0.166927963,
        0.0301213637
      ],
      [
        -0.1666908,
        -0.9859561,
        0.0102381874
      ]
    ],
    "translation": [
      2.07537031,
      0.8113482,
      -0.6032818
    ]
  },
  {
    "timeStamp": 28512,
    "rotation": [
      [
        0.03332187,
        -0.0007675777,
        0.999444366
      ],
      [
        -0.98500365,
        0.169353962,
        0.0329704769
      ],
      [
        -0.169285163,
        -0.985554934,
        0.004887124
      ]
    ],
    "translation": [
      2.07772875,
      0.8059094,
      -0.6029421
    ]
  },
  {
    "timeStamp": 28557,
    "rotation": [
      [
        0.0341241769,
        -0.00678681349,
        0.9993946
      ],
      [
        -0.9853304,
        0.167076558,
        0.0347785577
      ],
      [
        -0.167211443,
        -0.9859206,
        -0.0009859037
      ]
    ],
    "translation": [
      2.08015776,
      0.8036443,
      -0.6015873
    ]
  },
  {
    "timeStamp": 28613,
    "rotation": [
      [
        0.0271067247,
        -0.0177978165,
        0.999474168
      ],
      [
        -0.98628366,
        0.162376344,
        0.02964045
      ],
      [
        -0.162818491,
        -0.9865684,
        -0.0131522045
      ]
    ],
    "translation": [
      2.0831728,
      0.8031646,
      -0.5988194
    ]
  },
  {
    "timeStamp": 28657,
    "rotation": [
      [
        0.0179469269,
        -0.0242644567,
        0.999544442
      ],
      [
        -0.986895,
        0.159911036,
        0.02160173
      ],
      [
        -0.160362348,
        -0.986833155,
        -0.02107656
      ]
    ],
    "translation": [
      2.08346152,
      0.80481106,
      -0.597222865
    ]
  },
  {
    "timeStamp": 28713,
    "rotation": [
      [
        0.02141428,
        -0.0423170477,
        0.9988747
      ],
      [
        -0.9851052,
        0.169606954,
        0.0283044353
      ],
      [
        -0.170613855,
        -0.984602869,
        -0.03805473
      ]
    ],
    "translation": [
      2.08442545,
      0.8034898,
      -0.59387064
    ]
  },
  {
    "timeStamp": 28758,
    "rotation": [
      [
        0.0289475769,
        -0.0429722443,
        0.998656869
      ],
      [
        -0.9864113,
        0.160414845,
        0.0354952775
      ],
      [
        -0.161724687,
        -0.986113846,
        -0.0377446823
      ]
    ],
    "translation": [
      2.08414555,
      0.8013627,
      -0.593731463
    ]
  },
  {
    "timeStamp": 28814,
    "rotation": [
      [
        0.0134565691,
        -0.01705028,
        0.9997641
      ],
      [
        -0.987904847,
        0.154241085,
        0.01592742
      ],
      [
        -0.154476255,
        -0.987886131,
        -0.014768498
      ]
    ],
    "translation": [
      2.084961,
      0.8028153,
      -0.592948556
    ]
  },
  {
    "timeStamp": 28859,
    "rotation": [
      [
        0.0139795113,
        -0.006098786,
        0.9998837
      ],
      [
        -0.988185942,
        0.152548715,
        0.0147464331
      ],
      [
        -0.152620912,
        -0.988277137,
        -0.00389417773
      ]
    ],
    "translation": [
      2.08520842,
      0.802459538,
      -0.593419
    ]
  },
  {
    "timeStamp": 28915,
    "rotation": [
      [
        0.0130206533,
        -0.006015607,
        0.9998971
      ],
      [
        -0.989054263,
        0.146908954,
        0.0137632955
      ],
      [
        -0.146976635,
        -0.989131749,
        -0.0040369113
      ]
    ],
    "translation": [
      2.08493924,
      0.802067041,
      -0.5933405
    ]
  },
  {
    "timeStamp": 28960,
    "rotation": [
      [
        0.0136024943,
        -0.00597504154,
        0.9998896
      ],
      [
        -0.9892346,
        0.145634785,
        0.0143278148
      ],
      [
        -0.145704314,
        -0.989320338,
        -0.003929722
      ]
    ],
    "translation": [
      2.08495116,
      0.801772356,
      -0.593341649
    ]
  },
  {
    "timeStamp": 29015,
    "rotation": [
      [
        0.0136774667,
        -0.00596722076,
        0.999888659
      ],
      [
        -0.989552736,
        0.143451259,
        0.0143921813
      ],
      [
        -0.143521175,
        -0.989639461,
        -0.00394283
      ]
    ],
    "translation": [
      2.084987,
      0.8015056,
      -0.5933447
    ]
  },
  {
    "timeStamp": 29060,
    "rotation": [
      [
        0.01614681,
        -0.00613257848,
        0.999850869
      ],
      [
        -0.9899346,
        0.140519261,
        0.0168485455
      ],
      [
        -0.14060162,
        -0.990058959,
        -0.00380191347
      ]
    ],
    "translation": [
      2.0849793,
      0.8007288,
      -0.5934113
    ]
  }
]