[
  {
    "timeStamp": 47141,
    "rotation": [
      [
        0.9991761,
        0.0199793149,
        -0.03532711
      ],
      [
        0.03580722,
        -0.02420599,
        0.9990655
      ],
      [
        0.0191055145,
        -0.9995073,
        -0.0249014478
      ]
    ],
    "translation": [
      1.77297688,
      0.7036695,
      -0.7539614
    ]
  },
  {
    "timeStamp": 47187,
    "rotation": [
      [
        0.999078453,
        0.0231761876,
        -0.0361270532
      ],
      [
        0.0361770168,
        -0.00173998077,
        0.9993439
      ],
      [
        0.02309812,
        -0.9997299,
        -0.00257682265
      ]
    ],
    "translation": [
      1.77309394,
      0.70418644,
      -0.754044056
    ]
  },
  {
    "timeStamp": 47240,
    "rotation": [
      [
        0.9959755,
        0.0157806929,
        -0.08822586
      ],
      [
        0.0876410455,
        0.03454691,
        0.9955529
      ],
      [
        0.01875844,
        -0.9992785,
        0.0330248438
      ]
    ],
    "translation": [
      1.7767328,
      0.709394157,
      -0.7573367
    ]
  },
  {
    "timeStamp": 47295,
    "rotation": [
      [
        0.999787152,
        -0.0202607438,
        0.00389992865
      ],
      [
        -0.003498581,
        0.019806942,
        0.9997977
      ],
      [
        -0.02033389,
        -0.9995985,
        0.019731842
      ]
    ],
    "translation": [
      1.77570844,
      0.743572235,
      -0.7526038
    ]
  },
  {
    "timeStamp": 47340,
    "rotation": [
      [
        0.993322849,
        -0.0546497442,
        0.101602763
      ],
      [
        -0.102080911,
        -0.00602308055,
        0.9947579
      ],
      [
        -0.0537513047,
        -0.9984874,
        -0.0115615595
      ]
    ],
    "translation": [
      1.77769256,
      0.786318243,
      -0.7467577
    ]
  },
  {
    "timeStamp": 47395,
    "rotation": [
      [
        0.9703144,
        -0.11964649,
        0.210178077
      ],
      [
        -0.2197469,
        -0.07322686,
        0.9728048
      ],
      [
        -0.101002,
        -0.9901124,
        -0.09734502
      ]
    ],
    "translation": [
      1.793865,
      0.8496897,
      -0.736248732
    ]
  },
  {
    "timeStamp": 47440,
    "rotation": [
      [
        0.9453148,
        -0.190655127,
        0.264632732
      ],
      [
        -0.2922973,
        -0.135217682,
        0.9467198
      ],
      [
        -0.144713953,
        -0.972299755,
        -0.183551267
      ]
    ],
    "translation": [
      1.81825876,
      0.898177445,
      -0.727198958
    ]
  },
  {
    "timeStamp": 47495,
    "rotation": [
      [
        0.9136948,
        -0.283123851,
        0.291552126
      ],
      [
        -0.350494862,
        -0.185847908,
        0.91794
      ],
      [
        -0.205706343,
        -0.940904558,
        -0.269041717
      ]
    ],
    "translation": [
      1.85765266,
      0.9484151,
      -0.718919
    ]
  },
  {
    "timeStamp": 47540,
    "rotation": [
      [
        0.8953275,
        -0.356245726,
        0.2673531
      ],
      [
        -0.364033043,
        -0.239403278,
        0.9000922
      ],
      [
        -0.256648749,
        -0.903202653,
        -0.344029546
      ]
    ],
    "translation": [
      1.89503634,
      0.979485631,
      -0.7140842
    ]
  },
  {
    "timeStamp": 47595,
    "rotation": [
      [
        0.876608968,
        -0.433502525,
        0.208883435
      ],
      [
        -0.351923168,
        -0.28149578,
        0.8926983
      ],
      [
        -0.328187168,
        -0.85605824,
        -0.399321318
      ]
    ],
    "translation": [
      1.9444145,
      1.00335264,
      -0.7117394
    ]
  },
  {
    "timeStamp": 47640,
    "rotation": [
      [
        0.8599363,
        -0.4929592,
        0.132290348
      ],
      [
        -0.3169862,
        -0.312670946,
        0.89540863
      ],
      [
        -0.400036573,
        -0.8119286,
        -0.425138354
      ]
    ],
    "translation": [
      1.98574936,
      1.01047266,
      -0.7107993
    ]
  },
  {
    "timeStamp": 47693,
    "rotation": [
      [
        0.8419829,
        -0.5372384,
        0.0493935347
      ],
      [
        -0.262324184,
        -0.327677339,
        0.907641768
      ],
      [
        -0.4714349,
        -0.777175963,
        -0.416829348
      ]
    ],
    "translation": [
      2.0284884,
      1.00523341,
      -0.712625861
    ]
  },
  {
    "timeStamp": 47746,
    "rotation": [
      [
        0.8118199,
        -0.5813871,
        -0.0541987456
      ],
      [
        -0.146590739,
        -0.292776465,
        0.944877267
      ],
      [
        -0.565207541,
        -0.7591251,
        -0.322907716
      ]
    ],
    "translation": [
      2.08144569,
      0.9748088,
      -0.7196988
    ]
  },
  {
    "timeStamp": 47790,
    "rotation": [
      [
        0.7964543,
        -0.5984096,
        -0.08698553
      ],
      [
        -0.06734169,
        -0.230728492,
        0.970685065
      ],
      [
        -0.600937247,
        -0.7672486,
        -0.224062622
      ]
    ],
    "translation": [
      2.10571265,
      0.941779554,
      -0.7289917
    ]
  },
  {
    "timeStamp": 47845,
    "rotation": [
      [
        0.78823185,
        -0.6099523,
        -0.08154004
      ],
      [
        -0.0276891813,
        -0.167523757,
        0.9854791
      ],
      [
        -0.614755154,
        -0.7745282,
        -0.148936644
      ]
    ],
    "translation": [
      2.12303257,
      0.902972937,
      -0.737577736
    ]
  },
  {
    "timeStamp": 47890,
    "rotation": [
      [
        0.785050333,
        -0.601558149,
        -0.147729
      ],
      [
        0.06478802,
        -0.15744181,
        0.985400736
      ],
      [
        -0.616034567,
        -0.7831602,
        -0.08462598
      ]
    ],
    "translation": [
      2.13766241,
      0.8674214,
      -0.743670166
    ]
  },
  {
    "timeStamp": 47945,
    "rotation": [
      [
        0.7745176,
        -0.610480845,
        -0.16563721
      ],
      [
        0.106544822,
        -0.132209167,
        0.985479057
      ],
      [
        -0.623514831,
        -0.780918658,
        -0.03735476
      ]
    ],
    "translation": [
      2.15145516,
      0.834617555,
      -0.745608151
    ]
  },
  {
    "timeStamp": 47990,
    "rotation": [
      [
        0.765830457,
        -0.619191349,
        -0.17350997
      ],
      [
        0.140059218,
        -0.102732159,
        0.9847992
      ],
      [
        -0.627604246,
        -0.7784909,
        0.008048037
      ]
    ],
    "translation": [
      2.161464,
      0.809671,
      -0.745750546
    ]
  },
  {
    "timeStamp": 48045,
    "rotation": [
      [
        0.7624066,
        -0.621325,
        -0.180807889
      ],
      [
        0.161079392,
        -0.0883944,
        0.982975
      ],
      [
        -0.626729369,
        -0.778551042,
        0.0326901749
      ]
    ],
    "translation": [
      2.17053151,
      0.7872007,
      -0.7419066
    ]
  },
  {
    "timeStamp": 48090,
    "rotation": [
      [
        0.753364,
        -0.6357377,
        -0.16816698
      ],
      [
        0.159981877,
        -0.07085963,
        0.984573364
      ],
      [
        -0.637846649,
        -0.7686458,
        0.0483234152
      ]
    ],
    "translation": [
      2.17690873,
      0.775426269,
      -0.7368172
    ]
  },
  {
    "timeStamp": 48146,
    "rotation": [
      [
        0.7468014,
        -0.6436221,
        -0.167446315
      ],
      [
        0.163953081,
        -0.0658333749,
        0.984268963
      ],
      [
        -0.6445208,
        -0.7625067,
        0.0563593768
      ]
    ],
    "translation": [
      2.18515348,
      0.764039636,
      -0.72974664
    ]
  },
  {
    "timeStamp": 48192,
    "rotation": [
      [
        0.7264438,
        -0.6764294,
        -0.121336855
      ],
      [
        0.138603032,
        -0.02872118,
        0.989931464
      ],
      [
        -0.6731037,
        -0.735947251,
        0.07289084
      ]
    ],
    "translation": [
      2.18920732,
      0.7584493,
      -0.724275231
    ]
  },
  {
    "timeStamp": 48238,
    "rotation": [
      [
        0.736233652,
        -0.6613972,
        -0.143226251
      ],
      [
        0.167513967,
        -0.0269433539,
        0.985501468
      ],
      [
        -0.6556669,
        -0.7495517,
        0.0909566656
      ]
    ],
    "translation": [
      2.19364524,
      0.750523,
      -0.723044336
    ]
  },
  {
    "timeStamp": 48294,
    "rotation": [
      [
        0.7200291,
        -0.6853906,
        -0.10861744
      ],
      [
        0.149609089,
        0.0004784669,
        0.9887451
      ],
      [
        -0.677624643,
        -0.7281754,
        0.102885172
      ]
    ],
    "translation": [
      2.197979,
      0.746642,
      -0.719088435
    ]
  },
  {
    "timeStamp": 48340,
    "rotation": [
      [
        0.721008658,
        -0.683592856,
        -0.113345422
      ],
      [
        0.156349868,
        0.00113842543,
        0.987701058
      ],
      [
        -0.675056338,
        -0.72986263,
        0.107700467
      ]
    ],
    "translation": [
      2.201945,
      0.7421647,
      -0.7178055
    ]
  },
  {
    "timeStamp": 48395,
    "rotation": [
      [
        0.7116834,
        -0.6951418,
        -0.101413168
      ],
      [
        0.160594925,
        0.020452464,
        0.9868085
      ],
      [
        -0.6838977,
        -0.7185816,
        0.126191929
      ]
    ],
    "translation": [
      2.20569062,
      0.7346188,
      -0.7162239
    ]
  }
]