[
  {
    "timeStamp": 83623,
    "rotation": [
      [
        0.9954555,
        -0.00221888931,
        0.09520237
      ],
      [
        -0.09519022,
        -0.0514280051,
        0.9941298
      ],
      [
        0.00269019115,
        -0.9986743,
        -0.0514055081
      ]
    ],
    "translation": [
      1.15398371,
      0.7034082,
      -0.749918342
    ]
  },
  {
    "timeStamp": 83668,
    "rotation": [
      [
        0.9936664,
        -0.004481637,
        0.112281322
      ],
      [
        -0.112281151,
        -0.07948784,
        0.9904921
      ],
      [
        0.00448598154,
        -0.9968258,
        -0.07948759
      ]
    ],
    "translation": [
      1.15448213,
      0.705866933,
      -0.7478508
    ]
  },
  {
    "timeStamp": 83723,
    "rotation": [
      [
        0.9883969,
        -0.000149399348,
        0.151893139
      ],
      [
        -0.151622519,
        -0.06064551,
        0.986576259
      ],
      [
        0.009064249,
        -0.998159349,
        -0.0599644855
      ]
    ],
    "translation": [
      1.15864611,
      0.7139124,
      -0.749143064
    ]
  },
  {
    "timeStamp": 83770,
    "rotation": [
      [
        0.9813031,
        0.00140475575,
        0.192463532
      ],
      [
        -0.192045286,
        -0.05914282,
        0.979602337
      ],
      [
        0.0127589367,
        -0.9982485,
        -0.0577672571
      ]
    ],
    "translation": [
      1.16659951,
      0.728599,
      -0.746349633
    ]
  },
  {
    "timeStamp": 83823,
    "rotation": [
      [
        0.9608643,
        0.0284364745,
        0.275556
      ],
      [
        -0.271741778,
        -0.09648626,
        0.9575212
      ],
      [
        0.0538158827,
        -0.994928,
        -0.08498283
      ]
    ],
    "translation": [
      1.18182671,
      0.7564942,
      -0.7419566
    ]
  },
  {
    "timeStamp": 83867,
    "rotation": [
      [
        0.943931937,
        0.05411283,
        0.325675219
      ],
      [
        -0.3169521,
        -0.12749517,
        0.939833164
      ],
      [
        0.09237903,
        -0.9903619,
        -0.103195585
      ]
    ],
    "translation": [
      1.20334971,
      0.7778441,
      -0.73827374
    ]
  },
  {
    "timeStamp": 83923,
    "rotation": [
      [
        0.920709968,
        0.07237918,
        0.383476734
      ],
      [
        -0.372104436,
        -0.133311838,
        0.9185675
      ],
      [
        0.117607169,
        -0.988427639,
        -0.09580893
      ]
    ],
    "translation": [
      1.24126148,
      0.800215244,
      -0.7356712
    ]
  },
  {
    "timeStamp": 83967,
    "rotation": [
      [
        0.91080755,
        0.106284216,
        0.398915261
      ],
      [
        -0.386525363,
        -0.119869173,
        0.9144559
      ],
      [
        0.14500986,
        -0.98708415,
        -0.0680962
      ]
    ],
    "translation": [
      1.27859712,
      0.8116591,
      -0.7359854
    ]
  },
  {
    "timeStamp": 84023,
    "rotation": [
      [
        0.9032765,
        0.150686413,
        0.401727736
      ],
      [
        -0.3872114,
        -0.1170281,
        0.9145336
      ],
      [
        0.184821233,
        -0.9816303,
        -0.0473612361
      ]
    ],
    "translation": [
      1.33067966,
      0.821557939,
      -0.7345319
    ]
  },
  {
    "timeStamp": 84067,
    "rotation": [
      [
        0.901253045,
        0.177640527,
        0.395204723
      ],
      [
        -0.376122534,
        -0.132084265,
        0.917107165
      ],
      [
        0.215115741,
        -0.975191057,
        -0.05222674
      ]
    ],
    "translation": [
      1.37449908,
      0.8272097,
      -0.7307102
    ]
  },
  {
    "timeStamp": 84123,
    "rotation": [
      [
        0.910617948,
        0.1737514,
        0.37494716
      ],
      [
        -0.353082836,
        -0.144317925,
        0.9243943
      ],
      [
        0.2147264,
        -0.974157453,
        -0.07006985
      ]
    ],
    "translation": [
      1.43175614,
      0.8323617,
      -0.7217897
    ]
  },
  {
    "timeStamp": 84168,
    "rotation": [
      [
        0.9203676,
        0.162017062,
        0.355912983
      ],
      [
        -0.336381,
        -0.136142343,
        0.9318332
      ],
      [
        0.1994277,
        -0.9773514,
        -0.0708015338
      ]
    ],
    "translation": [
      1.4755981,
      0.835472047,
      -0.7154744
    ]
  },
  {
    "timeStamp": 84224,
    "rotation": [
      [
        0.925765,
        0.1403576,
        0.351082534
      ],
      [
        -0.336058855,
        -0.12007878,
        0.934155
      ],
      [
        0.17327331,
        -0.9827924,
        -0.06399632
      ]
    ],
    "translation": [
      1.52691579,
      0.844535351,
      -0.70956403
    ]
  },
  {
    "timeStamp": 84268,
    "rotation": [
      [
        0.91742444,
        0.144191816,
        0.3708654
      ],
      [
        -0.350380659,
        -0.148996636,
        0.9246802
      ],
      [
        0.188588992,
        -0.9782682,
        -0.08617114
      ]
    ],
    "translation": [
      1.56387413,
      0.8579062,
      -0.70691
    ]
  },
  {
    "timeStamp": 84323,
    "rotation": [
      [
        0.9121369,
        0.128138676,
        0.389341474
      ],
      [
        -0.365843,
        -0.1738358,
        0.9142976
      ],
      [
        0.18483834,
        -0.976402342,
        -0.111683421
      ]
    ],
    "translation": [
      1.60795236,
      0.8741912,
      -0.7072019
    ]
  },
  {
    "timeStamp": 84367,
    "rotation": [
      [
        0.930866659,
        0.0902442038,
        0.354038477
      ],
      [
        -0.332208723,
        -0.194255054,
        0.922985554
      ],
      [
        0.15206787,
        -0.976791143,
        -0.150845647
      ]
    ],
    "translation": [
      1.64626,
      0.8813498,
      -0.705965
    ]
  },
  {
    "timeStamp": 84422,
    "rotation": [
      [
        0.927938759,
        0.0187552515,
        0.372260481
      ],
      [
        -0.360319227,
        -0.210465536,
        0.9087763
      ],
      [
        0.095392324,
        -0.977421343,
        -0.188541248
      ]
    ],
    "translation": [
      1.68969858,
      0.8956305,
      -0.7078581
    ]
  },
  {
    "timeStamp": 84477,
    "rotation": [
      [
        0.9409537,
        -0.0469755344,
        0.33526057
      ],
      [
        -0.335382283,
        -0.264204443,
        0.904275835
      ],
      [
        0.046098467,
        -0.9633221,
        -0.2643589
      ]
    ],
    "translation": [
      1.73404849,
      0.908958,
      -0.7099764
    ]
  },
  {
    "timeStamp": 84522,
    "rotation": [
      [
        0.9396959,
        -0.108617641,
        0.324304968
      ],
      [
        -0.341977775,
        -0.28518936,
        0.8953872
      ],
      [
        -0.00476649031,
        -0.9522968,
        -0.3051361
      ]
    ],
    "translation": [
      1.76676321,
      0.920631766,
      -0.7153884
    ]
  },
  {
    "timeStamp": 84578,
    "rotation": [
      [
        0.921828866,
        -0.209291428,
        0.326234162
      ],
      [
        -0.38004753,
        -0.322750151,
        0.8668311
      ],
      [
        -0.0761281848,
        -0.9230544,
        -0.377061069
      ]
    ],
    "translation": [
      1.80746675,
      0.9430899,
      -0.7198506
    ]
  },
  {
    "timeStamp": 84622,
    "rotation": [
      [
        0.904076934,
        -0.309195578,
        0.295030534
      ],
      [
        -0.4011917,
        -0.3761229,
        0.8352106
      ],
      [
        -0.1472757,
        -0.873458445,
        -0.464090735
      ]
    ],
    "translation": [
      1.84294474,
      0.9664132,
      -0.7223413
    ]
  },
  {
    "timeStamp": 84677,
    "rotation": [
      [
        0.887676537,
        -0.408973247,
        0.211592332
      ],
      [
        -0.426879555,
        -0.558615565,
        0.7111417
      ],
      [
        -0.172639161,
        -0.721588254,
        -0.670452237
      ]
    ],
    "translation": [
      1.89618349,
      1.02093315,
      -0.7200563
    ]
  },
  {
    "timeStamp": 84722,
    "rotation": [
      [
        0.843552,
        -0.4912772,
        0.216948792
      ],
      [
        -0.486120969,
        -0.5267826,
        0.697270751
      ],
      [
        -0.228268355,
        -0.6936475,
        -0.6831886
      ]
    ],
    "translation": [
      1.93338275,
      1.04326963,
      -0.7281316
    ]
  },
  {
    "timeStamp": 84767,
    "rotation": [
      [
        0.8092928,
        -0.5845405,
        0.057944525
      ],
      [
        -0.488235116,
        -0.614532948,
        0.6196578
      ],
      [
        -0.326606274,
        -0.529775143,
        -0.7827302
      ]
    ],
    "translation": [
      1.98791635,
      1.06950057,
      -0.7309605
    ]
  },
  {
    "timeStamp": 84823,
    "rotation": [
      [
        0.8020209,
        -0.593143463,
        -0.07030927
      ],
      [
        -0.4350456,
        -0.660753667,
        0.6116698
      ],
      [
        -0.409265,
        -0.4599842,
        -0.7879827
      ]
    ],
    "translation": [
      2.04005671,
      1.07710612,
      -0.742138863
    ]
  },
  {
    "timeStamp": 84867,
    "rotation": [
      [
        0.754863739,
        -0.635493755,
        -0.1622604
      ],
      [
        -0.420113623,
        -0.6584655,
        0.6244419
      ],
      [
        -0.5036718,
        -0.403200746,
        -0.764031351
      ]
    ],
    "translation": [
      2.082359,
      1.07361889,
      -0.751015365
    ]
  },
  {
    "timeStamp": 84922,
    "rotation": [
      [
        0.722049654,
        -0.652603269,
        -0.229680762
      ],
      [
        -0.343622029,
        -0.626427531,
        0.699651659
      ],
      [
        -0.600473344,
        -0.426259845,
        -0.6765607
      ]
    ],
    "translation": [
      2.12260985,
      1.05237341,
      -0.7607809
    ]
  },
  {
    "timeStamp": 84967,
    "rotation": [
      [
        0.6882434,
        -0.685090959,
        -0.238686651
      ],
      [
        -0.312689036,
        -0.5770022,
        0.754515767
      ],
      [
        -0.654634655,
        -0.4446558,
        -0.611338437
      ]
    ],
    "translation": [
      2.14704776,
      1.030075,
      -0.769102037
    ]
  },
  {
    "timeStamp": 85021,
    "rotation": [
      [
        0.6376054,
        -0.743043542,
        -0.203336164
      ],
      [
        -0.290580124,
        -0.476426244,
        0.829807937
      ],
      [
        -0.7134581,
        -0.470004618,
        -0.5196857
      ]
    ],
    "translation": [
      2.162848,
      1.00127709,
      -0.776155
    ]
  },
  {
    "timeStamp": 85073,
    "rotation": [
      [
        0.565872133,
        -0.805206358,
        -0.177289352
      ],
      [
        -0.333715141,
        -0.420307726,
        0.8437865
      ],
      [
        -0.7539383,
        -0.4183111,
        -0.506549954
      ]
    ],
    "translation": [
      2.17733431,
      0.976546049,
      -0.778278649
    ]
  },
  {
    "timeStamp": 85117,
    "rotation": [
      [
        0.583737731,
        -0.7932887,
        -0.173041269
      ],
      [
        -0.295390934,
        -0.406005263,
        0.8648144
      ],
      [
        -0.7563032,
        -0.45370996,
        -0.471330881
      ]
    ],
    "translation": [
      2.17758322,
      0.9567759,
      -0.779899836
    ]
  },
  {
    "timeStamp": 85173,
    "rotation": [
      [
        0.5812403,
        -0.7972705,
        -0.162848145
      ],
      [
        -0.275591969,
        -0.381168425,
        0.882473648
      ],
      [
        -0.765642762,
        -0.468049616,
        -0.441271782
      ]
    ],
    "translation": [
      2.177817,
      0.9344283,
      -0.777888656
    ]
  },
  {
    "timeStamp": 85218,
    "rotation": [
      [
        0.6174815,
        -0.762846,
        -0.191787809
      ],
      [
        -0.209956467,
        -0.394821674,
        0.894446254
      ],
      [
        -0.758046746,
        -0.512037,
        -0.403959572
      ]
    ],
    "translation": [
      2.17902923,
      0.9188632,
      -0.7756425
    ]
  },
  {
    "timeStamp": 85273,
    "rotation": [
      [
        0.586593866,
        -0.788938344,
        -0.182986423
      ],
      [
        -0.213646725,
        -0.368680775,
        0.904671
      ],
      [
        -0.7811932,
        -0.49158,
        -0.384819925
      ]
    ],
    "translation": [
      2.18401384,
      0.9065614,
      -0.7733793
    ]
  },
  {
    "timeStamp": 85317,
    "rotation": [
      [
        0.575459361,
        -0.8006166,
        -0.166911766
      ],
      [
        -0.18780826,
        -0.3280048,
        0.925819039
      ],
      [
        -0.795973957,
        -0.501423836,
        -0.339115858
      ]
    ],
    "translation": [
      2.18619752,
      0.8953447,
      -0.7724756
    ]
  },
  {
    "timeStamp": 85373,
    "rotation": [
      [
        0.572618961,
        -0.8082557,
        -0.137223765
      ],
      [
        -0.188200071,
        -0.2925095,
        0.9375601
      ],
      [
        -0.7979275,
        -0.511039138,
        -0.319610238
      ]
    ],
    "translation": [
      2.182752,
      0.8892513,
      -0.770805359
    ]
  },
  {
    "timeStamp": 85417,
    "rotation": [
      [
        0.5729247,
        -0.8120971,
        -0.110705324
      ],
      [
        -0.1810807,
        -0.257152766,
        0.9492535
      ],
      [
        -0.7993542,
        -0.5238041,
        -0.294384271
      ]
    ],
    "translation": [
      2.17745018,
      0.8851299,
      -0.7706827
    ]
  },
  {
    "timeStamp": 85474,
    "rotation": [
      [
        0.580206037,
        -0.809149444,
        -0.09294151
      ],
      [
        -0.178388968,
        -0.2375915,
        0.9548443
      ],
      [
        -0.7946938,
        -0.5374267,
        -0.282195359
      ]
    ],
    "translation": [
      2.17178154,
      0.88354516,
      -0.7703228
    ]
  },
  {
    "timeStamp": 85520,
    "rotation": [
      [
        0.5675973,
        -0.8190803,
        -0.0833108351
      ],
      [
        -0.169397488,
        -0.215210736,
        0.9617634
      ],
      [
        -0.8056908,
        -0.5317817,
        -0.26090318
      ]
    ],
    "translation": [
      2.17115,
      0.8817084,
      -0.7713844
    ]
  }
]