[
  {
    "timeStamp": 68575,
    "rotation": [
      [
        0.203939453,
        -0.5370879,
        -0.81850183
      ],
      [
        0.919564366,
        -0.181748018,
        0.348380566
      ],
      [
        -0.335872084,
        -0.82371366,
        0.456821352
      ]
    ],
    "translation": [
      1.16124451,
      0.6938916,
      -0.6269105
    ]
  },
  {
    "timeStamp": 68619,
    "rotation": [
      [
        0.190028608,
        -0.5504028,
        -0.8129858
      ],
      [
        0.916538239,
        -0.1973692,
        0.347854882
      ],
      [
        -0.351918668,
        -0.8112349,
        0.466959476
      ]
    ],
    "translation": [
      1.16326833,
      0.697647154,
      -0.622985
    ]
  },
  {
    "timeStamp": 68676,
    "rotation": [
      [
        0.213824362,
        -0.5637115,
        -0.797814846
      ],
      [
        0.90450114,
        -0.194246,
        0.379665881
      ],
      [
        -0.368994355,
        -0.802806258,
        0.468343168
      ]
    ],
    "translation": [
      1.163675,
      0.7108108,
      -0.617420554
    ]
  },
  {
    "timeStamp": 68719,
    "rotation": [
      [
        0.248355359,
        -0.5537835,
        -0.794760048
      ],
      [
        0.8824478,
        -0.20903793,
        0.4214132
      ],
      [
        -0.399506658,
        -0.805994451,
        0.4367693
      ]
    ],
    "translation": [
      1.16353524,
      0.7299165,
      -0.6126509
    ]
  },
  {
    "timeStamp": 68774,
    "rotation": [
      [
        0.366415858,
        -0.5073614,
        -0.779951155
      ],
      [
        0.804178357,
        -0.2489509,
        0.5397412
      ],
      [
        -0.4680134,
        -0.8249896,
        0.316789478
      ]
    ],
    "translation": [
      1.15875971,
      0.7708709,
      -0.608338833
    ]
  },
  {
    "timeStamp": 68819,
    "rotation": [
      [
        0.4755958,
        -0.439899683,
        -0.7617723
      ],
      [
        0.73157686,
        -0.283076763,
        0.620211959
      ],
      [
        -0.488471031,
        -0.8522651,
        0.187190324
      ]
    ],
    "translation": [
      1.15909016,
      0.805936754,
      -0.615250766
    ]
  },
  {
    "timeStamp": 68874,
    "rotation": [
      [
        0.5828792,
        -0.3651931,
        -0.72586906
      ],
      [
        0.6743034,
        -0.281060457,
        0.6828762
      ],
      [
        -0.453394771,
        -0.887490332,
        0.0824266449
      ]
    ],
    "translation": [
      1.17457747,
      0.8420215,
      -0.6345545
    ]
  },
  {
    "timeStamp": 68919,
    "rotation": [
      [
        0.6312637,
        -0.299650222,
        -0.7153432
      ],
      [
        0.661162853,
        -0.274234861,
        0.6983258
      ],
      [
        -0.405425549,
        -0.913786054,
        0.0250030831
      ]
    ],
    "translation": [
      1.19958317,
      0.860478342,
      -0.6541875
    ]
  },
  {
    "timeStamp": 68975,
    "rotation": [
      [
        0.66830194,
        -0.170046568,
        -0.7241938
      ],
      [
        0.661329,
        -0.3099431,
        0.68306607
      ],
      [
        -0.340611935,
        -0.935424745,
        -0.09467888
      ]
    ],
    "translation": [
      1.24103439,
      0.8734604,
      -0.6811336
    ]
  },
  {
    "timeStamp": 69019,
    "rotation": [
      [
        0.664104342,
        -0.09788792,
        -0.741204
      ],
      [
        0.6885706,
        -0.306146324,
        0.657377362
      ],
      [
        -0.291266173,
        -0.946938455,
        -0.135910362
      ]
    ],
    "translation": [
      1.28467762,
      0.874138653,
      -0.7004866
    ]
  },
  {
    "timeStamp": 69074,
    "rotation": [
      [
        0.6307385,
        -0.0378470644,
        -0.775072038
      ],
      [
        0.733495653,
        -0.296933562,
        0.6114038
      ],
      [
        -0.253284723,
        -0.9541479,
        -0.159526765
      ]
    ],
    "translation": [
      1.34959936,
      0.8666574,
      -0.7211856
    ]
  },
  {
    "timeStamp": 69119,
    "rotation": [
      [
        0.59079814,
        -0.009831298,
        -0.8067595
      ],
      [
        0.7667871,
        -0.3042185,
        0.565233231
      ],
      [
        -0.250988126,
        -0.9525515,
        -0.172193214
      ]
    ],
    "translation": [
      1.40587318,
      0.8585773,
      -0.7327047
    ]
  },
  {
    "timeStamp": 69175,
    "rotation": [
      [
        0.5257689,
        -0.0452970564,
        -0.849420547
      ],
      [
        0.81242156,
        -0.269171119,
        0.51722157
      ],
      [
        -0.2520681,
        -0.9620266,
        -0.1047215
      ]
    ],
    "translation": [
      1.47757626,
      0.8486139,
      -0.7431701
    ]
  },
  {
    "timeStamp": 69219,
    "rotation": [
      [
        0.481049836,
        -0.08100083,
        -0.8729433
      ],
      [
        0.834489,
        -0.262916625,
        0.4842551
      ],
      [
        -0.268736362,
        -0.9614124,
        -0.0588816963
      ]
    ],
    "translation": [
      1.53096032,
      0.8447128,
      -0.7483698
    ]
  },
  {
    "timeStamp": 69274,
    "rotation": [
      [
        0.4300353,
        -0.178393438,
        -0.8850116
      ],
      [
        0.8569082,
        -0.22795026,
        0.462327927
      ],
      [
        -0.284214884,
        -0.957191,
        0.05484014
      ]
    ],
    "translation": [
      1.59312439,
      0.8436631,
      -0.753252
    ]
  },
  {
    "timeStamp": 69319,
    "rotation": [
      [
        0.392008334,
        -0.263750672,
        -0.881342769
      ],
      [
        0.865360558,
        -0.219418,
        0.450562745
      ],
      [
        -0.3122187,
        -0.939303637,
        0.142225757
      ]
    ],
    "translation": [
      1.63721943,
      0.845308065,
      -0.7530656
    ]
  },
  {
    "timeStamp": 69374,
    "rotation": [
      [
        0.351492316,
        -0.362530857,
        -0.863148034
      ],
      [
        0.8689869,
        -0.2166742,
        0.44487536
      ],
      [
        -0.348302931,
        -0.9064346,
        0.238875255
      ]
    ],
    "translation": [
      1.6864121,
      0.850326061,
      -0.75153923
    ]
  },
  {
    "timeStamp": 69419,
    "rotation": [
      [
        0.329809517,
        -0.440028816,
        -0.8352247
      ],
      [
        0.8625629,
        -0.219113588,
        0.45604226
      ],
      [
        -0.38368082,
        -0.870840847,
        0.307286769
      ]
    ],
    "translation": [
      1.720118,
      0.857556343,
      -0.747682333
    ]
  },
  {
    "timeStamp": 69474,
    "rotation": [
      [
        0.312550634,
        -0.5203068,
        -0.7947282
      ],
      [
        0.843669057,
        -0.2324048,
        0.483953029
      ],
      [
        -0.4365027,
        -0.821747363,
        0.3663285
      ]
    ],
    "translation": [
      1.75591063,
      0.8699363,
      -0.7403908
    ]
  },
  {
    "timeStamp": 69519,
    "rotation": [
      [
        0.2999768,
        -0.5685107,
        -0.7660349
      ],
      [
        0.8264073,
        -0.246249214,
        0.5063716
      ],
      [
        -0.476513177,
        -0.784956634,
        0.395952374
      ]
    ],
    "translation": [
      1.78239655,
      0.8812851,
      -0.735628068
    ]
  },
  {
    "timeStamp": 69574,
    "rotation": [
      [
        0.287091374,
        -0.6192545,
        -0.730823159
      ],
      [
        0.7948698,
        -0.271757722,
        0.5425217
      ],
      [
        -0.5345658,
        -0.7366625,
        0.4142074
      ]
    ],
    "translation": [
      1.81357634,
      0.897419155,
      -0.7311438
    ]
  },
  {
    "timeStamp": 69619,
    "rotation": [
      [
        0.279671639,
        -0.657235146,
        -0.6998755
      ],
      [
        0.77326113,
        -0.2778866,
        0.569952846
      ],
      [
        -0.569079041,
        -0.7005862,
        0.430497378
      ]
    ],
    "translation": [
      1.83756328,
      0.9089401,
      -0.7319963
    ]
  },
  {
    "timeStamp": 69674,
    "rotation": [
      [
        0.2851209,
        -0.688605964,
        -0.666729152
      ],
      [
        0.7479647,
        -0.2751379,
        0.6040264
      ],
      [
        -0.599378645,
        -0.6709105,
        0.4366054
      ]
    ],
    "translation": [
      1.86441374,
      0.9212289,
      -0.737764
    ]
  },
  {
    "timeStamp": 69718,
    "rotation": [
      [
        0.275706857,
        -0.7159917,
        -0.6413592
      ],
      [
        0.732305169,
        -0.275755018,
        0.6226462
      ],
      [
        -0.6226675,
        -0.641338468,
        0.448296845
      ]
    ],
    "translation": [
      1.88824141,
      0.9286736,
      -0.744137943
    ]
  },
  {
    "timeStamp": 69774,
    "rotation": [
      [
        0.272955179,
        -0.753708243,
        -0.597845554
      ],
      [
        0.7149971,
        -0.25683865,
        0.6502408
      ],
      [
        -0.643641651,
        -0.6049444,
        0.46879375
      ]
    ],
    "translation": [
      1.918289,
      0.9368174,
      -0.7525228
    ]
  },
  {
    "timeStamp": 69819,
    "rotation": [
      [
        0.24169898,
        -0.7908671,
        -0.5622374
      ],
      [
        0.6873663,
        -0.269433618,
        0.674487233
      ],
      [
        -0.6849154,
        -0.5494859,
        0.478493571
      ]
    ],
    "translation": [
      1.94651008,
      0.945261955,
      -0.7556401
    ]
  },
  {
    "timeStamp": 69874,
    "rotation": [
      [
        0.178492084,
        -0.8223288,
        -0.540292442
      ],
      [
        0.6643572,
        -0.304320157,
        0.6826557
      ],
      [
        -0.7257893,
        -0.4807958,
        0.4920013
      ]
    ],
    "translation": [
      1.98721826,
      0.952286959,
      -0.7593983
    ]
  },
  {
    "timeStamp": 69919,
    "rotation": [
      [
        0.139671892,
        -0.8507704,
        -0.5066374
      ],
      [
        0.6479285,
        -0.3083866,
        0.696481466
      ],
      [
        -0.748786,
        -0.425543666,
        0.5081654
      ]
    ],
    "translation": [
      2.02021766,
      0.955857933,
      -0.7625112
    ]
  },
  {
    "timeStamp": 69974,
    "rotation": [
      [
        0.0504384376,
        -0.88541925,
        -0.462048322
      ],
      [
        0.6383368,
        -0.327225566,
        0.6967421
      ],
      [
        -0.768102944,
        -0.330085039,
        0.5486909
      ]
    ],
    "translation": [
      2.067903,
      0.957682967,
      -0.766973555
    ]
  },
  {
    "timeStamp": 70018,
    "rotation": [
      [
        -0.008407886,
        -0.8989744,
        -0.4379204
      ],
      [
        0.634946346,
        -0.3431216,
        0.692178249
      ],
      [
        -0.772510469,
        -0.2722362,
        0.573685467
      ]
    ],
    "translation": [
      2.105307,
      0.9559006,
      -0.7716715
    ]
  },
  {
    "timeStamp": 70083,
    "rotation": [
      [
        -0.09391563,
        -0.9113069,
        -0.400873452
      ],
      [
        0.6361068,
        -0.3646729,
        0.6799866
      ],
      [
        -0.7658642,
        -0.191136986,
        0.613937
      ]
    ],
    "translation": [
      2.152422,
      0.9509469,
      -0.77838254
    ]
  },
  {
    "timeStamp": 70118,
    "rotation": [
      [
        -0.135100409,
        -0.9175411,
        -0.373987049
      ],
      [
        0.6520755,
        -0.3665229,
        0.6636704
      ],
      [
        -0.746019661,
        -0.154205665,
        0.6478235
      ]
    ],
    "translation": [
      2.182855,
      0.9416839,
      -0.785656869
    ]
  },
  {
    "timeStamp": 70168,
    "rotation": [
      [
        -0.228704363,
        -0.875795662,
        -0.4250602
      ],
      [
        0.682922244,
        -0.455506116,
        0.571079135
      ],
      [
        -0.6937662,
        -0.159674779,
        0.7022766
      ]
    ],
    "translation": [
      2.220217,
      0.9252604,
      -0.7962043
    ]
  },
  {
    "timeStamp": 70224,
    "rotation": [
      [
        -0.27230534,
        -0.8475957,
        -0.4554463
      ],
      [
        0.696750939,
        -0.5001411,
        0.5141955
      ],
      [
        -0.6636173,
        -0.177314475,
        0.7267542
      ]
    ],
    "translation": [
      2.2444272,
      0.909854531,
      -0.8017711
    ]
  },
  {
    "timeStamp": 70269,
    "rotation": [
      [
        -0.288351,
        -0.8192696,
        -0.495631933
      ],
      [
        0.713145554,
        -0.5291611,
        0.4597955
      ],
      [
        -0.6389656,
        -0.220875233,
        0.736842632
      ]
    ],
    "translation": [
      2.25484681,
      0.896521866,
      -0.8048137
    ]
  },
  {
    "timeStamp": 70324,
    "rotation": [
      [
        -0.309910923,
        -0.785481334,
        -0.535699844
      ],
      [
        0.6946426,
        -0.5717747,
        0.436515
      ],
      [
        -0.649174,
        -0.23683916,
        0.722828031
      ]
    ],
    "translation": [
      2.26253819,
      0.887917638,
      -0.802735746
    ]
  },
  {
    "timeStamp": 70368,
    "rotation": [
      [
        -0.295840979,
        -0.7478314,
        -0.5943284
      ],
      [
        0.6867046,
        -0.59899354,
        0.411878079
      ],
      [
        -0.6640142,
        -0.286277622,
        0.690746069
      ]
    ],
    "translation": [
      2.26047778,
      0.881789565,
      -0.798821568
    ]
  },
  {
    "timeStamp": 70424,
    "rotation": [
      [
        -0.298087269,
        -0.6932981,
        -0.6561111
      ],
      [
        0.664720237,
        -0.644070566,
        0.378576458
      ],
      [
        -0.685048163,
        -0.323281527,
        0.652838469
      ]
    ],
    "translation": [
      2.25828934,
      0.877565145,
      -0.7931696
    ]
  },
  {
    "timeStamp": 70468,
    "rotation": [
      [
        -0.275016546,
        -0.6749376,
        -0.684708
      ],
      [
        0.6660155,
        -0.6473569,
        0.370610863
      ],
      [
        -0.693389654,
        -0.354102045,
        0.627552748
      ]
    ],
    "translation": [
      2.25332856,
      0.8713317,
      -0.7895703
    ]
  },
  {
    "timeStamp": 70524,
    "rotation": [
      [
        -0.250114828,
        -0.6844186,
        -0.684845746
      ],
      [
        0.685903847,
        -0.624475837,
        0.3735851
      ],
      [
        -0.6833582,
        -0.376299173,
        0.625636041
      ]
    ],
    "translation": [
      2.24830055,
      0.86075,
      -0.7878155
    ]
  },
  {
    "timeStamp": 70571,
    "rotation": [
      [
        -0.240912527,
        -0.6641062,
        -0.7077599
      ],
      [
        0.689244568,
        -0.630480051,
        0.356982768
      ],
      [
        -0.683303,
        -0.401818067,
        0.6096222
      ]
    ],
    "translation": [
      2.24583459,
      0.8538468,
      -0.785170853
    ]
  },
  {
    "timeStamp": 70627,
    "rotation": [
      [
        -0.230545267,
        -0.642630339,
        -0.730667651
      ],
      [
        0.7163046,
        -0.620313942,
        0.319559664
      ],
      [
        -0.658602059,
        -0.4497076,
        0.6033295
      ]
    ],
    "translation": [
      2.24346,
      0.842247844,
      -0.7859589
    ]
  },
  {
    "timeStamp": 70672,
    "rotation": [
      [
        -0.224429727,
        -0.6306039,
        -0.7429468
      ],
      [
        0.738485,
        -0.607496738,
        0.2925537
      ],
      [
        -0.63582325,
        -0.4829973,
        0.6020319
      ]
    ],
    "translation": [
      2.24226022,
      0.833228052,
      -0.786680043
    ]
  },
  {
    "timeStamp": 70717,
    "rotation": [
      [
        -0.214670181,
        -0.6153141,
        -0.758488834
      ],
      [
        0.757514834,
        -0.595102131,
        0.268374264
      ],
      [
        -0.6165128,
        -0.5169546,
        0.5938602
      ]
    ],
    "translation": [
      2.24089956,
      0.8260711,
      -0.7887268
    ]
  },
  {
    "timeStamp": 70773,
    "rotation": [
      [
        -0.21364294,
        -0.60625577,
        -0.7660357
      ],
      [
        0.7695691,
        -0.587462842,
        0.250301361
      ],
      [
        -0.601764143,
        -0.5360422,
        0.592063
      ]
    ],
    "translation": [
      2.24034286,
      0.8190791,
      -0.78983146
    ]
  },
  {
    "timeStamp": 70818,
    "rotation": [
      [
        -0.221240729,
        -0.6046049,
        -0.76518327
      ],
      [
        0.772638261,
        -0.587424636,
        0.240753815
      ],
      [
        -0.5950484,
        -0.5379453,
        0.5971032
      ]
    ],
    "translation": [
      2.240106,
      0.8143066,
      -0.790172935
    ]
  },
  {
    "timeStamp": 70873,
    "rotation": [
      [
        -0.236960679,
        -0.6057425,
        -0.7595562
      ],
      [
        0.7704871,
        -0.593400538,
        0.232863352
      ],
      [
        -0.5917763,
        -0.5300488,
        0.6073294
      ]
    ],
    "translation": [
      2.24112868,
      0.813253641,
      -0.7906901
    ]
  }
]