[
  {
    "timeStamp": 41586,
    "rotation": [
      [
        0.988216937,
        -0.0681717843,
        0.137039512
      ],
      [
        0.0684164539,
        0.997652531,
        0.00292950845
      ],
      [
        -0.136917517,
        0.006480767,
        0.990561247
      ]
    ],
    "translation": [
      1.76628256,
      0.698658347,
      -0.6074413
    ]
  },
  {
    "timeStamp": 41633,
    "rotation": [
      [
        0.9899078,
        -0.0265661757,
        0.139200076
      ],
      [
        0.02666964,
        0.9996436,
        0.00112229958
      ],
      [
        -0.139180288,
        0.00260144286,
        0.9902636
      ]
    ],
    "translation": [
      1.76641393,
      0.699672759,
      -0.6072759
    ]
  },
  {
    "timeStamp": 41686,
    "rotation": [
      [
        0.9861416,
        -0.0006758019,
        0.165904209
      ],
      [
        -0.00391270965,
        0.9996188,
        0.0273292046
      ],
      [
        -0.165859431,
        -0.0275996011,
        0.985763133
      ]
    ],
    "translation": [
      1.77125692,
      0.711830556,
      -0.5984706
    ]
  },
  {
    "timeStamp": 41731,
    "rotation": [
      [
        0.984550357,
        0.0563015565,
        0.165803328
      ],
      [
        -0.06646913,
        0.996191859,
        0.0564225949
      ],
      [
        -0.161995262,
        -0.06657169,
        0.9845434
      ]
    ],
    "translation": [
      1.7697587,
      0.732495,
      -0.5927739
    ]
  },
  {
    "timeStamp": 41786,
    "rotation": [
      [
        0.9770086,
        0.147857964,
        0.153597727
      ],
      [
        -0.166087791,
        0.9795569,
        0.113503717
      ],
      [
        -0.133675292,
        -0.136404812,
        0.981592834
      ]
    ],
    "translation": [
      1.77106166,
      0.769652247,
      -0.5853179
    ]
  },
  {
    "timeStamp": 41830,
    "rotation": [
      [
        0.9646319,
        0.206972182,
        0.163241565
      ],
      [
        -0.233106792,
        0.958916068,
        0.161682457
      ],
      [
        -0.123071194,
        -0.19401677,
        0.9732476
      ]
    ],
    "translation": [
      1.78028059,
      0.801458061,
      -0.579670966
    ]
  },
  {
    "timeStamp": 41886,
    "rotation": [
      [
        0.942823,
        0.280359834,
        0.180230841
      ],
      [
        -0.315510541,
        0.925043046,
        0.2115381
      ],
      [
        -0.107414514,
        -0.256307721,
        0.960608363
      ]
    ],
    "translation": [
      1.80032074,
      0.843093,
      -0.5734597
    ]
  },
  {
    "timeStamp": 41930,
    "rotation": [
      [
        0.925522864,
        0.311015129,
        0.216048449
      ],
      [
        -0.362415016,
        0.892913938,
        0.267132878
      ],
      [
        -0.109830312,
        -0.3255368,
        0.9391289
      ]
    ],
    "translation": [
      1.82738972,
      0.8776473,
      -0.56697917
    ]
  },
  {
    "timeStamp": 41985,
    "rotation": [
      [
        0.9013076,
        0.356258363,
        0.246423542
      ],
      [
        -0.423499376,
        0.8442854,
        0.328375429
      ],
      [
        -0.09106531,
        -0.400327474,
        0.911836
      ]
    ],
    "translation": [
      1.86682415,
      0.919419169,
      -0.5614036
    ]
  },
  {
    "timeStamp": 42030,
    "rotation": [
      [
        0.894925952,
        0.3470695,
        0.280446738
      ],
      [
        -0.4356109,
        0.8157419,
        0.380536944
      ],
      [
        -0.09669938,
        -0.46271804,
        0.8812158
      ]
    ],
    "translation": [
      1.90866232,
      0.9468646,
      -0.5586245
    ]
  },
  {
    "timeStamp": 42086,
    "rotation": [
      [
        0.893126547,
        0.303118169,
        0.3323317
      ],
      [
        -0.427810371,
        0.8006473,
        0.419454634
      ],
      [
        -0.138936162,
        -0.516801,
        0.8447564
      ]
    ],
    "translation": [
      1.96808052,
      0.9714717,
      -0.557521
    ]
  },
  {
    "timeStamp": 42131,
    "rotation": [
      [
        0.896625042,
        0.259531736,
        0.358757347
      ],
      [
        -0.4110875,
        0.788968742,
        0.456656635
      ],
      [
        -0.164531469,
        -0.5569304,
        0.814099431
      ]
    ],
    "translation": [
      2.01496887,
      0.98556006,
      -0.5585463
    ]
  },
  {
    "timeStamp": 42187,
    "rotation": [
      [
        0.9129203,
        0.188629851,
        0.361932844
      ],
      [
        -0.359354615,
        0.791918039,
        0.4936903
      ],
      [
        -0.193496421,
        -0.580762148,
        0.790743
      ]
    ],
    "translation": [
      2.07158351,
      0.996705234,
      -0.5623347
    ]
  },
  {
    "timeStamp": 42231,
    "rotation": [
      [
        0.921926737,
        0.162630066,
        0.35157153
      ],
      [
        -0.3371703,
        0.7837223,
        0.521627843
      ],
      [
        -0.190702066,
        -0.5994421,
        0.777368546
      ]
    ],
    "translation": [
      2.1116178,
      1.00448179,
      -0.5671612
    ]
  },
  {
    "timeStamp": 42278,
    "rotation": [
      [
        0.9415683,
        0.119475737,
        0.3149201
      ],
      [
        -0.284209132,
        0.783585131,
        0.5524668
      ],
      [
        -0.180760324,
        -0.6096884,
        0.771755
      ]
    ],
    "translation": [
      2.14954424,
      1.00834191,
      -0.5714435
    ]
  },
  {
    "timeStamp": 42337,
    "rotation": [
      [
        0.9680011,
        0.0908058658,
        0.233940691
      ],
      [
        -0.213607281,
        0.7874206,
        0.5782221
      ],
      [
        -0.131703764,
        -0.6096911,
        0.781620741
      ]
    ],
    "translation": [
      2.19276,
      1.00149786,
      -0.574686646
    ]
  },
  {
    "timeStamp": 42381,
    "rotation": [
      [
        0.9843881,
        0.0709115639,
        0.161095232
      ],
      [
        -0.151798218,
        0.805307746,
        0.57309407
      ],
      [
        -0.08909224,
        -0.588601,
        0.8034996
      ]
    ],
    "translation": [
      2.21465778,
      0.985855341,
      -0.575648069
    ]
  },
  {
    "timeStamp": 42437,
    "rotation": [
      [
        0.99676913,
        0.07459846,
        0.0297719724
      ],
      [
        -0.07852951,
        0.827299654,
        0.5562449
      ],
      [
        0.0168646723,
        -0.556785762,
        0.8304849
      ]
    ],
    "translation": [
      2.226768,
      0.962151051,
      -0.5781972
    ]
  },
  {
    "timeStamp": 42481,
    "rotation": [
      [
        0.9959502,
        0.08563129,
        -0.0273930319
      ],
      [
        -0.0585650764,
        0.849092662,
        0.524987459
      ],
      [
        0.06821457,
        -0.5212571,
        0.850669
      ]
    ],
    "translation": [
      2.23192883,
      0.944814444,
      -0.5781695
    ]
  },
  {
    "timeStamp": 42537,
    "rotation": [
      [
        0.982238352,
        0.175995618,
        -0.06506416
      ],
      [
        -0.119279519,
        0.853335142,
        0.5075348
      ],
      [
        0.144845441,
        -0.4907593,
        0.859171152
      ]
    ],
    "translation": [
      2.22641444,
      0.9273551,
      -0.5799043
    ]
  },
  {
    "timeStamp": 42581,
    "rotation": [
      [
        0.981668353,
        0.162480637,
        -0.0996358544
      ],
      [
        -0.09810332,
        0.8789331,
        0.4667465
      ],
      [
        0.163410515,
        -0.448415667,
        0.8787607
      ]
    ],
    "translation": [
      2.22625422,
      0.9095894,
      -0.580574036
    ]
  },
  {
    "timeStamp": 42637,
    "rotation": [
      [
        0.9768922,
        0.178625211,
        -0.117365606
      ],
      [
        -0.103520267,
        0.875848651,
        0.471351981
      ],
      [
        0.186989859,
        -0.448310345,
        0.874101043
      ]
    ],
    "translation": [
      2.22233915,
      0.900388539,
      -0.5775115
    ]
  },
  {
    "timeStamp": 42681,
    "rotation": [
      [
        0.9765458,
        0.186519235,
        -0.1075585
      ],
      [
        -0.116803281,
        0.878582954,
        0.4630863
      ],
      [
        0.180873558,
        -0.439661831,
        0.87976265
      ]
    ],
    "translation": [
      2.22329,
      0.892484,
      -0.5755733
    ]
  },
  {
    "timeStamp": 42727,
    "rotation": [
      [
        0.9801987,
        0.168702364,
        -0.103682436
      ],
      [
        -0.09888913,
        0.870680153,
        0.481805921
      ],
      [
        0.171556041,
        -0.46201247,
        0.8701224
      ]
    ],
    "translation": [
      2.22558832,
      0.8877839,
      -0.573006451
    ]
  },
  {
    "timeStamp": 42784,
    "rotation": [
      [
        0.9842559,
        0.168799937,
        -0.0524112172
      ],
      [
        -0.12127921,
        0.8606951,
        0.494464725
      ],
      [
        0.1285757,
        -0.480323434,
        0.8676161
      ]
    ],
    "translation": [
      2.22905159,
      0.8815601,
      -0.571035
    ]
  },
  {
    "timeStamp": 42829,
    "rotation": [
      [
        0.986379147,
        0.158663779,
        -0.0433820076
      ],
      [
        -0.114732876,
        0.8526437,
        0.509740233
      ],
      [
        0.11786671,
        -0.4978198,
        0.8592339
      ]
    ],
    "translation": [
      2.229745,
      0.8770241,
      -0.5709381
    ]
  },
  {
    "timeStamp": 42886,
    "rotation": [
      [
        0.9885126,
        0.149761781,
        -0.0203560311
      ],
      [
        -0.115226731,
        0.83392185,
        0.5397196
      ],
      [
        0.09780471,
        -0.531174064,
        0.841598749
      ]
    ],
    "translation": [
      2.22998357,
      0.8730591,
      -0.571404457
    ]
  },
  {
    "timeStamp": 42931,
    "rotation": [
      [
        0.9898915,
        0.138113722,
        -0.03223999
      ],
      [
        -0.0975150838,
        0.8278583,
        0.552396059
      ],
      [
        0.102983616,
        -0.54366827,
        0.8329581
      ]
    ],
    "translation": [
      2.22934151,
      0.8665709,
      -0.5734361
    ]
  },
  {
    "timeStamp": 42986,
    "rotation": [
      [
        0.990088761,
        0.1333946,
        -0.04393387
      ],
      [
        -0.08638657,
        0.8250832,
        0.5583682
      ],
      [
        0.1107324,
        -0.549038768,
        0.8284291
      ]
    ],
    "translation": [
      2.2282145,
      0.858788848,
      -0.5767461
    ]
  },
  {
    "timeStamp": 43031,
    "rotation": [
      [
        0.989041746,
        0.140794516,
        -0.04442187
      ],
      [
        -0.0931348354,
        0.8284773,
        0.5522239
      ],
      [
        0.11455261,
        -0.5420353,
        0.832511544
      ]
    ],
    "translation": [
      2.22728467,
      0.8552025,
      -0.579459369
    ]
  },
  {
    "timeStamp": 43087,
    "rotation": [
      [
        0.9882305,
        0.1483525,
        -0.0373094119
      ],
      [
        -0.103271425,
        0.8269361,
        0.5527311
      ],
      [
        0.112851545,
        -0.542372763,
        0.832524061
      ]
    ],
    "translation": [
      2.228172,
      0.8563822,
      -0.5808158
    ]
  },
  {
    "timeStamp": 43131,
    "rotation": [
      [
        0.986856,
        0.155669272,
        -0.04338608
      ],
      [
        -0.106916919,
        0.8302552,
        0.547032952
      ],
      [
        0.12117774,
        -0.535204053,
        0.835986
      ]
    ],
    "translation": [
      2.228046,
      0.858365357,
      -0.581270039
    ]
  },
  {
    "timeStamp": 43186,
    "rotation": [
      [
        0.985186,
        0.16639027,
        -0.0415073372
      ],
      [
        -0.115761079,
        0.823834,
        0.5548846
      ],
      [
        0.126522556,
        -0.541859567,
        0.830891252
      ]
    ],
    "translation": [
      2.22871852,
      0.864502668,
      -0.579815865
    ]
  },
  {
    "timeStamp": 43231,
    "rotation": [
      [
        0.9842249,
        0.168732688,
        -0.0532023832
      ],
      [
        -0.111663684,
        0.825690746,
        0.5529611
      ],
      [
        0.137231335,
        -0.538297355,
        0.8315067
      ]
    ],
    "translation": [
      2.22860861,
      0.8654441,
      -0.5789875
    ]
  },
  {
    "timeStamp": 43286,
    "rotation": [
      [
        0.9842682,
        0.169198155,
        -0.0508731
      ],
      [
        -0.113778114,
        0.827286661,
        0.5501375
      ],
      [
        0.1351689,
        -0.5356946,
        0.833523
      ]
    ],
    "translation": [
      2.23058438,
      0.864263654,
      -0.577002764
    ]
  },
  {
    "timeStamp": 43331,
    "rotation": [
      [
        0.982727647,
        0.173894912,
        -0.06330029
      ],
      [
        -0.111474119,
        0.8292967,
        0.5475769
      ],
      [
        0.147715569,
        -0.5310626,
        0.83435756
      ]
    ],
    "translation": [
      2.23048925,
      0.864334762,
      -0.5762711
    ]
  },
  {
    "timeStamp": 43386,
    "rotation": [
      [
        0.981783748,
        0.177623913,
        -0.06745602
      ],
      [
        -0.1104822,
        0.822535336,
        0.5578792
      ],
      [
        0.154577643,
        -0.54026407,
        0.827176154
      ]
    ],
    "translation": [
      2.23172,
      0.86962235,
      -0.57444
    ]
  },
  {
    "timeStamp": 43430,
    "rotation": [
      [
        0.980949461,
        0.179511249,
        -0.07425531
      ],
      [
        -0.108231887,
        0.822445,
        0.558453262
      ],
      [
        0.161319554,
        -0.539777637,
        0.82620585
      ]
    ],
    "translation": [
      2.23242259,
      0.87187916,
      -0.5736316
    ]
  },
  {
    "timeStamp": 43490,
    "rotation": [
      [
        0.9809203,
        0.1775235,
        -0.0792513043
      ],
      [
        -0.104147881,
        0.824065447,
        0.556838751
      ],
      [
        0.164160222,
        -0.5379606,
        0.826831162
      ]
    ],
    "translation": [
      2.23377538,
      0.8715458,
      -0.572436154
    ]
  },
  {
    "timeStamp": 43530,
    "rotation": [
      [
        0.9807099,
        0.179739341,
        -0.07682293
      ],
      [
        -0.1086995,
        0.828129053,
        0.549896955
      ],
      [
        0.162457421,
        -0.5309388,
        0.831692
      ]
    ],
    "translation": [
      2.23423624,
      0.8687222,
      -0.571857
    ]
  },
  {
    "timeStamp": 43585,
    "rotation": [
      [
        0.980874538,
        0.174787208,
        -0.0856421441
      ],
      [
        -0.101276286,
        0.834059536,
        0.542298555
      ],
      [
        0.1662175,
        -0.5232533,
        0.8358096
      ]
    ],
    "translation": [
      2.23300886,
      0.863990664,
      -0.5724503
    ]
  },
  {
    "timeStamp": 43630,
    "rotation": [
      [
        0.9807751,
        0.17427057,
        -0.08780625
      ],
      [
        -0.09984582,
        0.8347535,
        0.541495442
      ],
      [
        0.1676633,
        -0.5223182,
        0.8361057
      ]
    ],
    "translation": [
      2.23175883,
      0.8616313,
      -0.5729456
    ]
  },
  {
    "timeStamp": 43685,
    "rotation": [
      [
        0.981842041,
        0.172686949,
        -0.0785205141
      ],
      [
        -0.103062138,
        0.8330867,
        0.543456256
      ],
      [
        0.15926221,
        -0.5254957,
        0.8357571
      ]
    ],
    "translation": [
      2.232147,
      0.859823644,
      -0.573300958
    ]
  },
  {
    "timeStamp": 43729,
    "rotation": [
      [
        0.982575,
        0.169864,
        -0.0754495561
      ],
      [
        -0.1029058,
        0.835209,
        0.54021883
      ],
      [
        0.154779881,
        -0.5230413,
        0.8381354
      ]
    ],
    "translation": [
      2.23226953,
      0.857266068,
      -0.574103
    ]
  },
  {
    "timeStamp": 43785,
    "rotation": [
      [
        0.9847187,
        0.162566334,
        -0.06246035
      ],
      [
        -0.102359146,
        0.8304329,
        0.5476348
      ],
      [
        0.140896112,
        -0.5328728,
        0.8343829
      ]
    ],
    "translation": [
      2.23324323,
      0.855077,
      -0.5740564
    ]
  },
  {
    "timeStamp": 43829,
    "rotation": [
      [
        0.9857419,
        0.157644644,
        -0.05883019
      ],
      [
        -0.09958091,
        0.8283849,
        0.551236868
      ],
      [
        0.135633573,
        -0.5375189,
        0.8322721
      ]
    ],
    "translation": [
      2.23255038,
      0.8528233,
      -0.5746683
    ]
  },
  {
    "timeStamp": 43885,
    "rotation": [
      [
        0.9870573,
        0.1516448,
        -0.0521703437
      ],
      [
        -0.0965432,
        0.8216578,
        0.5617454
      ],
      [
        0.128051937,
        -0.549438238,
        0.825663567
      ]
    ],
    "translation": [
      2.23114967,
      0.8510704,
      -0.575435638
    ]
  },
  {
    "timeStamp": 43930,
    "rotation": [
      [
        0.9882817,
        0.143378943,
        -0.05236158
      ],
      [
        -0.0885817856,
        0.8180907,
        0.5682261
      ],
      [
        0.124308184,
        -0.5569292,
        0.821204841
      ]
    ],
    "translation": [
      2.23015857,
      0.848901868,
      -0.575958967
    ]
  },
  {
    "timeStamp": 43986,
    "rotation": [
      [
        0.9902074,
        0.133468851,
        -0.04093271
      ],
      [
        -0.08589631,
        0.813616,
        0.575022459
      ],
      [
        0.110051095,
        -0.56587553,
        0.817113
      ]
    ],
    "translation": [
      2.23159647,
      0.8450311,
      -0.5759033
    ]
  },
  {
    "timeStamp": 44031,
    "rotation": [
      [
        0.99134165,
        0.126215637,
        -0.0362127759
      ],
      [
        -0.08302459,
        0.8161664,
        0.5718211
      ],
      [
        0.10172841,
        -0.5638635,
        0.8195787
      ]
    ],
    "translation": [
      2.232156,
      0.8404884,
      -0.575882137
    ]
  },
  {
    "timeStamp": 44086,
    "rotation": [
      [
        0.9931268,
        0.11271324,
        -0.0315402672
      ],
      [
        -0.07500772,
        0.8197734,
        0.567754745
      ],
      [
        0.0898493454,
        -0.5614867,
        0.822593331
      ]
    ],
    "translation": [
      2.23353338,
      0.8357018,
      -0.57536757
    ]
  },
  {
    "timeStamp": 44130,
    "rotation": [
      [
        0.9941796,
        0.104150005,
        -0.0275622476
      ],
      [
        -0.07103155,
        0.8260164,
        0.5591524
      ],
      [
        0.0810026,
        -0.5539401,
        0.8286066
      ]
    ],
    "translation": [
      2.235152,
      0.8326247,
      -0.575446844
    ]
  }
]