[
  {
    "timeStamp": 92186,
    "rotation": [
      [
        0.999993563,
        0.00350909145,
        -0.000782049261
      ],
      [
        -0.00347171165,
        0.999045551,
        0.04354322
      ],
      [
        0.000934099953,
        -0.0435402244,
        0.9990513
      ]
    ],
    "translation": [
      1.1539948,
      0.6945472,
      -0.489652485
    ]
  },
  {
    "timeStamp": 92230,
    "rotation": [
      [
        0.999976039,
        -0.002913708,
        -0.006280053
      ],
      [
        0.00303114764,
        0.99981916,
        0.0187727548
      ],
      [
        0.006224219,
        -0.01879134,
        0.999804
      ]
    ],
    "translation": [
      1.15706861,
      0.6960618,
      -0.513345
    ]
  },
  {
    "timeStamp": 92286,
    "rotation": [
      [
        0.9958206,
        -0.0172929354,
        -0.0896792337
      ],
      [
        -0.007290132,
        0.963727653,
        -0.266788
      ],
      [
        0.0910399,
        0.266326755,
        0.959573746
      ]
    ],
    "translation": [
      1.17336607,
      0.729834139,
      -0.5703503
    ]
  },
  {
    "timeStamp": 92330,
    "rotation": [
      [
        0.9828308,
        -0.0169599913,
        -0.1837281
      ],
      [
        -0.0402284451,
        0.95211345,
        -0.303086936
      ],
      [
        0.180070341,
        0.305274278,
        0.9350841
      ]
    ],
    "translation": [
      1.1962955,
      0.749448061,
      -0.6174506
    ]
  },
  {
    "timeStamp": 92386,
    "rotation": [
      [
        0.960067,
        -0.0239319,
        -0.2787447
      ],
      [
        -0.06584435,
        0.9490195,
        -0.30826354
      ],
      [
        0.2719115,
        0.314307421,
        0.909546554
      ]
    ],
    "translation": [
      1.23878562,
      0.7709929,
      -0.673680961
    ]
  },
  {
    "timeStamp": 92431,
    "rotation": [
      [
        0.9512038,
        -0.04014596,
        -0.305940479
      ],
      [
        -0.0754519,
        0.931138754,
        -0.356773973
      ],
      [
        0.299196064,
        0.362448573,
        0.8826737
      ]
    ],
    "translation": [
      1.278964,
      0.7859797,
      -0.714324236
    ]
  },
  {
    "timeStamp": 92486,
    "rotation": [
      [
        0.9500773,
        -0.0684188157,
        -0.304420829
      ],
      [
        -0.0704168156,
        0.9034726,
        -0.422822416
      ],
      [
        0.303964853,
        0.423150331,
        0.8535509
      ]
    ],
    "translation": [
      1.33416665,
      0.7989813,
      -0.7568332
    ]
  },
  {
    "timeStamp": 92530,
    "rotation": [
      [
        0.9576379,
        -0.08946425,
        -0.2737255
      ],
      [
        -0.0517701134,
        0.8815494,
        -0.46924448
      ],
      [
        0.283283174,
        0.463537127,
        0.8395736
      ]
    ],
    "translation": [
      1.37811089,
      0.8063898,
      -0.78342855
    ]
  },
  {
    "timeStamp": 92586,
    "rotation": [
      [
        0.9718782,
        -0.1035572,
        -0.211491719
      ],
      [
        -0.0189566482,
        0.860793531,
        -0.5086011
      ],
      [
        0.23472,
        0.4983075,
        0.834623337
      ]
    ],
    "translation": [
      1.43097818,
      0.8135478,
      -0.806120753
    ]
  },
  {
    "timeStamp": 92630,
    "rotation": [
      [
        0.986117542,
        -0.090742,
        -0.1390616
      ],
      [
        0.003370214,
        0.8482389,
        -0.5296031
      ],
      [
        0.1660147,
        0.5217823,
        0.836769044
      ]
    ],
    "translation": [
      1.46839476,
      0.819695532,
      -0.8147532
    ]
  },
  {
    "timeStamp": 92677,
    "rotation": [
      [
        0.9971267,
        -0.0583883226,
        -0.0482614972
      ],
      [
        0.02288351,
        0.8395064,
        -0.5428677
      ],
      [
        0.07221297,
        0.5402035,
        0.8384303
      ]
    ],
    "translation": [
      1.50375187,
      0.8260385,
      -0.8157593
    ]
  },
  {
    "timeStamp": 92728,
    "rotation": [
      [
        0.998234153,
        -0.0189020038,
        0.0563142672
      ],
      [
        0.0459059,
        0.847134769,
        -0.529391468
      ],
      [
        -0.0376992151,
        0.5310418,
        0.846506536
      ]
    ],
    "translation": [
      1.54269052,
      0.8309127,
      -0.8091417
    ]
  },
  {
    "timeStamp": 92784,
    "rotation": [
      [
        0.98662585,
        0.0270063765,
        0.160748437
      ],
      [
        0.0552460961,
        0.872405,
        -0.485651523
      ],
      [
        -0.153353423,
        0.48803708,
        0.8592453
      ]
    ],
    "translation": [
      1.57802093,
      0.8364749,
      -0.7942831
    ]
  },
  {
    "timeStamp": 92828,
    "rotation": [
      [
        0.9641551,
        0.07768396,
        0.2537127
      ],
      [
        0.04620677,
        0.892415762,
        -0.44884184
      ],
      [
        -0.261285067,
        0.4444764,
        0.8568377
      ]
    ],
    "translation": [
      1.60422814,
      0.8449751,
      -0.7769307
    ]
  },
  {
    "timeStamp": 92883,
    "rotation": [
      [
        0.909267843,
        0.1595518,
        0.384415418
      ],
      [
        0.009635352,
        0.9152892,
        -0.402682
      ],
      [
        -0.4160999,
        0.369849771,
        0.8307057
      ]
    ],
    "translation": [
      1.63820052,
      0.862361133,
      -0.750051558
    ]
  },
  {
    "timeStamp": 92928,
    "rotation": [
      [
        0.8400882,
        0.2268452,
        0.492740333
      ],
      [
        -0.0370041728,
        0.93021065,
        -0.3651559
      ],
      [
        -0.5411862,
        0.288529724,
        0.789853156
      ]
    ],
    "translation": [
      1.66963625,
      0.881197,
      -0.7277054
    ]
  },
  {
    "timeStamp": 92984,
    "rotation": [
      [
        0.7421337,
        0.285925448,
        0.6062048
      ],
      [
        -0.102520227,
        0.9422253,
        -0.3189062
      ],
      [
        -0.6623649,
        0.174522758,
        0.7285702
      ]
    ],
    "translation": [
      1.71231163,
      0.9066126,
      -0.706327
    ]
  },
  {
    "timeStamp": 93028,
    "rotation": [
      [
        0.654307961,
        0.3160104,
        0.687036037
      ],
      [
        -0.160055116,
        0.9457913,
        -0.2825973
      ],
      [
        -0.7390964,
        0.07494204,
        0.669417858
      ]
    ],
    "translation": [
      1.7506566,
      0.9297159,
      -0.6924164
    ]
  },
  {
    "timeStamp": 93084,
    "rotation": [
      [
        0.546962,
        0.310960859,
        0.7772618
      ],
      [
        -0.225661159,
        0.948851764,
        -0.220810652
      ],
      [
        -0.8061696,
        -0.05462275,
        0.5891577
      ]
    ],
    "translation": [
      1.8047365,
      0.9590275,
      -0.6793842
    ]
  },
  {
    "timeStamp": 93129,
    "rotation": [
      [
        0.4576091,
        0.28611666,
        0.841861665
      ],
      [
        -0.2768758,
        0.9455915,
        -0.170869619
      ],
      [
        -0.844945967,
        -0.154899657,
        0.511930048
      ]
    ],
    "translation": [
      1.85298479,
      0.982421041,
      -0.672037661
    ]
  },
  {
    "timeStamp": 93185,
    "rotation": [
      [
        0.3632424,
        0.2236676,
        0.904448867
      ],
      [
        -0.3313562,
        0.938301563,
        -0.0989608839
      ],
      [
        -0.8707801,
        -0.263747931,
        0.41494453
      ]
    ],
    "translation": [
      1.921176,
      1.00851381,
      -0.666870832
    ]
  },
  {
    "timeStamp": 93230,
    "rotation": [
      [
        0.25289762,
        0.153939977,
        0.9551677
      ],
      [
        -0.363370717,
        0.930096269,
        -0.05369048
      ],
      [
        -0.896663,
        -0.3335018,
        0.2911564
      ]
    ],
    "translation": [
      1.98536706,
      1.02612507,
      -0.6653318
    ]
  },
  {
    "timeStamp": 93285,
    "rotation": [
      [
        0.1120478,
        0.0945472345,
        0.989194751
      ],
      [
        -0.385635972,
        0.921582,
        -0.04440315
      ],
      [
        -0.915822148,
        -0.376493782,
        0.139722049
      ]
    ],
    "translation": [
      2.06330633,
      1.04124379,
      -0.6716886
    ]
  },
  {
    "timeStamp": 93330,
    "rotation": [
      [
        0.0521586463,
        0.00973596,
        0.9985913
      ],
      [
        -0.390194744,
        0.9206617,
        0.0114045693
      ],
      [
        -0.919253767,
        -0.390239924,
        0.0518193878
      ]
    ],
    "translation": [
      2.11804962,
      1.046715,
      -0.682020068
    ]
  },
  {
    "timeStamp": 93385,
    "rotation": [
      [
        -0.008475463,
        -0.0620256,
        0.9980386
      ],
      [
        -0.3584072,
        0.9319512,
        0.0548748
      ],
      [
        -0.9335269,
        -0.357239127,
        -0.03012914
      ]
    ],
    "translation": [
      2.17075,
      1.03906989,
      -0.698827744
    ]
  },
  {
    "timeStamp": 93430,
    "rotation": [
      [
        -0.039212916,
        -0.08232465,
        0.9958338
      ],
      [
        -0.30487898,
        0.950064063,
        0.0665357
      ],
      [
        -0.9515835,
        -0.300999761,
        -0.06235384
      ]
    ],
    "translation": [
      2.20007777,
      1.02254641,
      -0.7128273
    ]
  },
  {
    "timeStamp": 93486,
    "rotation": [
      [
        -0.026155835,
        -0.135505036,
        0.990431368
      ],
      [
        -0.246370435,
        0.9610831,
        0.1249835
      ],
      [
        -0.9688228,
        -0.240743965,
        -0.058522366
      ]
    ],
    "translation": [
      2.22165942,
      0.9972604,
      -0.7308681
    ]
  },
  {
    "timeStamp": 93530,
    "rotation": [
      [
        -0.009879512,
        -0.142728984,
        0.9897125
      ],
      [
        -0.177393585,
        0.974311769,
        0.138737231
      ],
      [
        -0.9840904,
        -0.174198,
        -0.0349449329
      ]
    ],
    "translation": [
      2.22924328,
      0.9709277,
      -0.7456114
    ]
  },
  {
    "timeStamp": 93581,
    "rotation": [
      [
        -0.00677657966,
        -0.122114509,
        0.9924929
      ],
      [
        -0.133790359,
        0.983702958,
        0.120119512
      ],
      [
        -0.990986466,
        -0.13197197,
        -0.0230038837
      ]
    ],
    "translation": [
      2.23288846,
      0.948044062,
      -0.757814646
    ]
  },
  {
    "timeStamp": 93636,
    "rotation": [
      [
        0.0164652467,
        -0.125234351,
        0.991990566
      ],
      [
        -0.0683296,
        0.9896647,
        0.126074865
      ],
      [
        -0.997526944,
        -0.06985818,
        0.00773785962
      ]
    ],
    "translation": [
      2.23584557,
      0.918429136,
      -0.7733228
    ]
  },
  {
    "timeStamp": 93680,
    "rotation": [
      [
        0.0179817323,
        -0.106407866,
        0.994159937
      ],
      [
        -0.05323767,
        0.992808342,
        0.107226126
      ],
      [
        -0.99841994,
        -0.0548548661,
        0.0121875061
      ]
    ],
    "translation": [
      2.23686886,
      0.906428158,
      -0.7789872
    ]
  },
  {
    "timeStamp": 93736,
    "rotation": [
      [
        0.008171049,
        -0.104398884,
        0.994501948
      ],
      [
        -0.0439318232,
        0.9935374,
        0.104658581
      ],
      [
        -0.999001145,
        -0.0445454568,
        0.00353180966
      ]
    ],
    "translation": [
      2.24261117,
      0.8961222,
      -0.7814483
    ]
  },
  {
    "timeStamp": 93780,
    "rotation": [
      [
        0.011303396,
        -0.1060008,
        0.9943018
      ],
      [
        -0.0192098487,
        0.9941588,
        0.106203936
      ],
      [
        -0.9997516,
        -0.020300854,
        0.009201111
      ]
    ],
    "translation": [
      2.24613786,
      0.8867533,
      -0.7826778
    ]
  },
  {
    "timeStamp": 93836,
    "rotation": [
      [
        0.00438183034,
        -0.09778274,
        0.995198131
      ],
      [
        0.0495176055,
        0.994008,
        0.0974477753
      ],
      [
        -0.9987637,
        0.04885283,
        0.00919754151
      ]
    ],
    "translation": [
      2.247829,
      0.8753114,
      -0.783640265
    ]
  }
]