[
  {
    "timeStamp": 9458,
    "rotation": [
      [
        -0.03752589,
        0.999295652,
        0.000184463381
      ],
      [
        0.003906068,
        -3.791001E-05,
        0.9999924
      ],
      [
        0.999288,
        0.0375263244,
        -0.003901894
      ]
    ],
    "translation": [
      1.29740739,
      0.7048375,
      -0.7758966
    ]
  },
  {
    "timeStamp": 9503,
    "rotation": [
      [
        -0.02461824,
        0.999689341,
        0.00389840151
      ],
      [
        0.00197040546,
        -0.00385105354,
        0.999990642
      ],
      [
        0.999695,
        0.02462569,
        -0.00187498715
      ]
    ],
    "translation": [
      1.29672873,
      0.7050917,
      -0.7751281
    ]
  },
  {
    "timeStamp": 9560,
    "rotation": [
      [
        -0.0245506335,
        0.9996651,
        0.008187941
      ],
      [
        0.00522151636,
        -0.008062072,
        0.999953866
      ],
      [
        0.99968493,
        0.0245922562,
        -0.00502183847
      ]
    ],
    "translation": [
      1.29676747,
      0.7053509,
      -0.7751914
    ]
  },
  {
    "timeStamp": 9602,
    "rotation": [
      [
        -0.02096604,
        0.999691665,
        0.0133069986
      ],
      [
        0.0160998646,
        -0.0129706031,
        0.999786258
      ],
      [
        0.999650538,
        0.021175798,
        -0.0158229582
      ]
    ],
    "translation": [
      1.29645526,
      0.7061101,
      -0.774557948
    ]
  },
  {
    "timeStamp": 9658,
    "rotation": [
      [
        -0.0138379764,
        0.9991925,
        0.03772253
      ],
      [
        0.0289576128,
        -0.03730985,
        0.9988841
      ],
      [
        0.9994849,
        0.0149149,
        -0.0284179337
      ]
    ],
    "translation": [
      1.29267943,
      0.7158772,
      -0.770460844
    ]
  },
  {
    "timeStamp": 9703,
    "rotation": [
      [
        0.0137999458,
        0.9969638,
        0.07663433
      ],
      [
        0.0329666771,
        -0.07705361,
        0.9964818
      ],
      [
        0.9993612,
        -0.0112250112,
        -0.033929918
      ]
    ],
    "translation": [
      1.28709733,
      0.7301069,
      -0.76682
    ]
  },
  {
    "timeStamp": 9758,
    "rotation": [
      [
        0.05905574,
        0.987825453,
        0.143920988
      ],
      [
        0.0008582914,
        -0.144222811,
        0.989544868
      ],
      [
        0.9982543,
        -0.0583147779,
        -0.009365026
      ]
    ],
    "translation": [
      1.281076,
      0.757351637,
      -0.7692079
    ]
  },
  {
    "timeStamp": 9802,
    "rotation": [
      [
        0.09938202,
        0.975643337,
        0.1955588
      ],
      [
        -0.02236275,
        -0.194292173,
        0.980688751
      ],
      [
        0.994798,
        -0.10183607,
        0.002508919
      ]
    ],
    "translation": [
      1.28086853,
      0.7817397,
      -0.7719868
    ]
  },
  {
    "timeStamp": 9858,
    "rotation": [
      [
        0.131035611,
        0.9535151,
        0.271364272
      ],
      [
        -0.08652116,
        -0.261680782,
        0.961268544
      ],
      [
        0.987594962,
        -0.149439186,
        0.0482097343
      ]
    ],
    "translation": [
      1.28384113,
      0.8154087,
      -0.7838752
    ]
  },
  {
    "timeStamp": 9902,
    "rotation": [
      [
        0.165829286,
        0.924924731,
        0.342074275
      ],
      [
        -0.152101681,
        -0.3187372,
        0.9355596
      ],
      [
        0.974353969,
        -0.207173228,
        0.08782664
      ]
    ],
    "translation": [
      1.28643107,
      0.8449791,
      -0.7950956
    ]
  },
  {
    "timeStamp": 9958,
    "rotation": [
      [
        0.1868043,
        0.8886875,
        0.41873467
      ],
      [
        -0.222605512,
        -0.376859844,
        0.8991237
      ],
      [
        0.9568443,
        -0.2611728,
        0.1274277
      ]
    ],
    "translation": [
      1.29409492,
      0.881099,
      -0.8078803
    ]
  },
  {
    "timeStamp": 10002,
    "rotation": [
      [
        0.198932484,
        0.8639048,
        0.462703377
      ],
      [
        -0.248869136,
        -0.412129939,
        0.876477659
      ],
      [
        0.9478872,
        -0.289512455,
        0.1330132
      ]
    ],
    "translation": [
      1.30730307,
      0.905249238,
      -0.8140171
    ]
  },
  {
    "timeStamp": 10058,
    "rotation": [
      [
        0.237647146,
        0.8281674,
        0.507604837
      ],
      [
        -0.2661136,
        -0.447073162,
        0.853996
      ],
      [
        0.9341881,
        -0.338030279,
        0.114140943
      ]
    ],
    "translation": [
      1.32799423,
      0.9304107,
      -0.8135076
    ]
  },
  {
    "timeStamp": 10102,
    "rotation": [
      [
        0.27242884,
        0.7995271,
        0.535293341
      ],
      [
        -0.2769446,
        -0.4676343,
        0.8394164
      ],
      [
        0.921457648,
        -0.376927823,
        0.09402767
      ]
    ],
    "translation": [
      1.3488692,
      0.9468544,
      -0.8114724
    ]
  },
  {
    "timeStamp": 10158,
    "rotation": [
      [
        0.330187649,
        0.75397563,
        0.5678881
      ],
      [
        -0.2923437,
        -0.490362376,
        0.8210237
      ],
      [
        0.8975028,
        -0.4371104,
        0.058508426
      ]
    ],
    "translation": [
      1.37765,
      0.9646156,
      -0.8059406
    ]
  },
  {
    "timeStamp": 10202,
    "rotation": [
      [
        0.379608572,
        0.7314858,
        0.566414952
      ],
      [
        -0.287700385,
        -0.488547862,
        0.823741138
      ],
      [
        0.8792758,
        -0.475657016,
        0.0249917917
      ]
    ],
    "translation": [
      1.40683663,
      0.9697646,
      -0.8008153
    ]
  },
  {
    "timeStamp": 10251,
    "rotation": [
      [
        0.444721043,
        0.7101192,
        0.5458516
      ],
      [
        -0.254960269,
        -0.4838532,
        0.8371866
      ],
      [
        0.858614266,
        -0.5114849,
        -0.0341275074
      ]
    ],
    "translation": [
      1.44107723,
      0.9672247,
      -0.7881936
    ]
  },
  {
    "timeStamp": 10301,
    "rotation": [
      [
        0.5162248,
        0.6745481,
        0.527728
      ],
      [
        -0.249223918,
        -0.471199572,
        0.8460842
      ],
      [
        0.819389641,
        -0.5682921,
        -0.075131394
      ]
    ],
    "translation": [
      1.48242724,
      0.9644102,
      -0.7818528
    ]
  },
  {
    "timeStamp": 10356,
    "rotation": [
      [
        0.5958773,
        0.6236017,
        0.5060152
      ],
      [
        -0.242616266,
        -0.460865945,
        0.85366267
      ],
      [
        0.7655506,
        -0.6314457,
        -0.123323634
      ]
    ],
    "translation": [
      1.52342558,
      0.959596753,
      -0.7729042
    ]
  },
  {
    "timeStamp": 10401,
    "rotation": [
      [
        0.6332374,
        0.5959691,
        0.4937927
      ],
      [
        -0.24087055,
        -0.4545714,
        0.8575233
      ],
      [
        0.735521436,
        -0.661955953,
        -0.144300237
      ]
    ],
    "translation": [
      1.55519,
      0.9562492,
      -0.769185364
    ]
  },
  {
    "timeStamp": 10456,
    "rotation": [
      [
        0.689424455,
        0.545450866,
        0.476631135
      ],
      [
        -0.237226188,
        -0.4516978,
        0.860053957
      ],
      [
        0.684410453,
        -0.7060116,
        -0.182016253
      ]
    ],
    "translation": [
      1.59184837,
      0.9539499,
      -0.763424158
    ]
  },
  {
    "timeStamp": 10501,
    "rotation": [
      [
        0.7243549,
        0.506148338,
        0.468106538
      ],
      [
        -0.241834342,
        -0.4492969,
        0.860028148
      ],
      [
        0.645620644,
        -0.7361699,
        -0.203046367
      ]
    ],
    "translation": [
      1.62132847,
      0.9532244,
      -0.757944465
    ]
  },
  {
    "timeStamp": 10556,
    "rotation": [
      [
        0.7544179,
        0.453592658,
        0.4744548
      ],
      [
        -0.2543129,
        -0.464380175,
        0.8483372
      ],
      [
        0.6051269,
        -0.7606607,
        -0.234982222
      ]
    ],
    "translation": [
      1.6518085,
      0.9605952,
      -0.7534268
    ]
  },
  {
    "timeStamp": 10601,
    "rotation": [
      [
        0.7895103,
        0.4055702,
        0.4606368
      ],
      [
        -0.2524624,
        -0.46949026,
        0.8460742
      ],
      [
        0.559407,
        -0.7842778,
        -0.268276185
      ]
    ],
    "translation": [
      1.68428481,
      0.9659128,
      -0.743974
    ]
  },
  {
    "timeStamp": 10657,
    "rotation": [
      [
        0.8140645,
        0.347851932,
        0.465078443
      ],
      [
        -0.2654701,
        -0.48936525,
        0.830690861
      ],
      [
        0.51655066,
        -0.7997004,
        -0.3060306
      ]
    ],
    "translation": [
      1.72105253,
      0.9789412,
      -0.73636955
    ]
  },
  {
    "timeStamp": 10701,
    "rotation": [
      [
        0.843003,
        0.2921255,
        0.45167318
      ],
      [
        -0.2681834,
        -0.499629557,
        0.8236795
      ],
      [
        0.466287076,
        -0.815495551,
        -0.342845976
      ]
    ],
    "translation": [
      1.75569224,
      0.9879971,
      -0.7266086
    ]
  },
  {
    "timeStamp": 10758,
    "rotation": [
      [
        0.874621749,
        0.241518334,
        0.420363873
      ],
      [
        -0.256710261,
        -0.5048275,
        0.824165642
      ],
      [
        0.411262363,
        -0.8287449,
        -0.379532874
      ]
    ],
    "translation": [
      1.8035562,
      0.9937595,
      -0.717527866
    ]
  },
  {
    "timeStamp": 10802,
    "rotation": [
      [
        0.896020353,
        0.183957428,
        0.404112816
      ],
      [
        -0.265533447,
        -0.5074454,
        0.8197506
      ],
      [
        0.355864435,
        -0.8418187,
        -0.4058346
      ]
    ],
    "translation": [
      1.838872,
      0.9992146,
      -0.7106207
    ]
  },
  {
    "timeStamp": 10858,
    "rotation": [
      [
        0.9224751,
        0.140738323,
        0.3594891
      ],
      [
        -0.243962437,
        -0.509172559,
        0.825363934
      ],
      [
        0.299202353,
        -0.849079549,
        -0.435364127
      ]
    ],
    "translation": [
      1.88747263,
      1.0013411,
      -0.70314157
    ]
  },
  {
    "timeStamp": 10902,
    "rotation": [
      [
        0.9417418,
        0.101645812,
        0.32060948
      ],
      [
        -0.22872524,
        -0.5053368,
        0.832057357
      ],
      [
        0.246590942,
        -0.8569147,
        -0.452647865
      ]
    ],
    "translation": [
      1.92616534,
      1.0000273,
      -0.698822856
    ]
  },
  {
    "timeStamp": 10958,
    "rotation": [
      [
        0.9606488,
        0.0468420461,
        0.273787826
      ],
      [
        -0.215994686,
        -0.4937619,
        0.842345238
      ],
      [
        0.174643144,
        -0.868334651,
        -0.464214146
      ]
    ],
    "translation": [
      1.97828138,
      0.995207369,
      -0.6948395
    ]
  },
  {
    "timeStamp": 11002,
    "rotation": [
      [
        0.9728664,
        0.0157808531,
        0.230828628
      ],
      [
        -0.19602868,
        -0.473718226,
        0.858582437
      ],
      [
        0.122896887,
        -0.880535066,
        -0.457771063
      ]
    ],
    "translation": [
      2.0174346,
      0.986615539,
      -0.6960128
    ]
  },
  {
    "timeStamp": 11057,
    "rotation": [
      [
        0.9870779,
        -0.019877594,
        0.1590033
      ],
      [
        -0.151274189,
        -0.442871243,
        0.883731365
      ],
      [
        0.05285155,
        -0.8963648,
        -0.440155417
      ]
    ],
    "translation": [
      2.07270026,
      0.969026864,
      -0.7001675
    ]
  },
  {
    "timeStamp": 11102,
    "rotation": [
      [
        0.9885301,
        -0.07251422,
        0.132476047
      ],
      [
        -0.1505467,
        -0.403467268,
        0.9025242
      ],
      [
        -0.0119960951,
        -0.91211617,
        -0.409756333
      ]
    ],
    "translation": [
      2.10783339,
      0.954426646,
      -0.7077844
    ]
  },
  {
    "timeStamp": 11150,
    "rotation": [
      [
        0.9916497,
        -0.08816091,
        0.09412032
      ],
      [
        -0.119996138,
        -0.363424,
        0.9238636
      ],
      [
        -0.04724307,
        -0.9274431,
        -0.370968252
      ]
    ],
    "translation": [
      2.142232,
      0.938473165,
      -0.7185567
    ]
  },
  {
    "timeStamp": 11208,
    "rotation": [
      [
        0.988512337,
        -0.118433051,
        0.09389926
      ],
      [
        -0.127258033,
        -0.31701985,
        0.9398424
      ],
      [
        -0.08154046,
        -0.9409952,
        -0.3284496
      ]
    ],
    "translation": [
      2.16738677,
      0.920739532,
      -0.732545435
    ]
  },
  {
    "timeStamp": 11252,
    "rotation": [
      [
        0.987224042,
        -0.125689179,
        0.09793334
      ],
      [
        -0.134896174,
        -0.332164526,
        0.933525443
      ],
      [
        -0.08480407,
        -0.9348096,
        -0.344875783
      ]
    ],
    "translation": [
      2.17867637,
      0.9170635,
      -0.7333375
    ]
  },
  {
    "timeStamp": 11308,
    "rotation": [
      [
        0.994504154,
        -0.0939921439,
        0.0461187772
      ],
      [
        -0.07822322,
        -0.374275953,
        0.924012244
      ],
      [
        -0.06958874,
        -0.9225416,
        -0.379571348
      ]
    ],
    "translation": [
      2.19630265,
      0.9118364,
      -0.728291631
    ]
  },
  {
    "timeStamp": 11352,
    "rotation": [
      [
        0.995996833,
        -0.08522036,
        0.02697721
      ],
      [
        -0.0604733825,
        -0.420147121,
        0.9054388
      ],
      [
        -0.06582742,
        -0.903445542,
        -0.423618764
      ]
    ],
    "translation": [
      2.206783,
      0.9111176,
      -0.7189815
    ]
  },
  {
    "timeStamp": 11408,
    "rotation": [
      [
        0.9971901,
        -0.07364816,
        0.0137074115
      ],
      [
        -0.0473278239,
        -0.477523565,
        0.8773433
      ],
      [
        -0.0580691062,
        -0.8755268,
        -0.4796674
      ]
    ],
    "translation": [
      2.2129364,
      0.9123229,
      -0.7072129
    ]
  },
  {
    "timeStamp": 11452,
    "rotation": [
      [
        0.9973822,
        -0.07182137,
        0.008387026
      ],
      [
        -0.0436808355,
        -0.506001,
        0.8614261
      ],
      [
        -0.0576249622,
        -0.8595374,
        -0.507813632
      ]
    ],
    "translation": [
      2.21474385,
      0.914156556,
      -0.702102244
    ]
  },
  {
    "timeStamp": 11508,
    "rotation": [
      [
        0.9975717,
        -0.06934358,
        0.006491608
      ],
      [
        -0.03830314,
        -0.4683931,
        0.882689536
      ],
      [
        -0.0581682324,
        -0.880794764,
        -0.469911754
      ]
    ],
    "translation": [
      2.211629,
      0.9138283,
      -0.7086655
    ]
  },
  {
    "timeStamp": 11552,
    "rotation": [
      [
        0.9977397,
        -0.0648693144,
        0.0175377838
      ],
      [
        -0.0423269644,
        -0.403972417,
        0.9137914
      ],
      [
        -0.05219224,
        -0.912468255,
        -0.405805022
      ]
    ],
    "translation": [
      2.20768285,
      0.9133217,
      -0.7236183
    ]
  },
  {
    "timeStamp": 11608,
    "rotation": [
      [
        0.9904223,
        -0.00380843529,
        0.138018578
      ],
      [
        -0.13341333,
        -0.283847749,
        0.9495427
      ],
      [
        0.0355599858,
        -0.958861768,
        -0.281637251
      ]
    ],
    "translation": [
      2.17290139,
      0.921501756,
      -0.7653045
    ]
  },
  {
    "timeStamp": 11654,
    "rotation": [
      [
        0.986448,
        0.01289267,
        0.163567111
      ],
      [
        -0.1578935,
        -0.196455657,
        0.9677163
      ],
      [
        0.0446101427,
        -0.980428,
        -0.191757619
      ]
    ],
    "translation": [
      2.15945482,
      0.9256673,
      -0.795414567
    ]
  },
  {
    "timeStamp": 11700,
    "rotation": [
      [
        0.97681874,
        0.00754227256,
        0.213935226
      ],
      [
        -0.208445,
        -0.194043621,
        0.9585916
      ],
      [
        0.0487426929,
        -0.9809639,
        -0.187973291
      ]
    ],
    "translation": [
      2.14611483,
      0.935858369,
      -0.803372264
    ]
  },
  {
    "timeStamp": 11756,
    "rotation": [
      [
        0.9813233,
        0.00343066175,
        0.19233489
      ],
      [
        -0.188440517,
        -0.183799371,
        0.964732051
      ],
      [
        0.0386607163,
        -0.9829578,
        -0.179720134
      ]
    ],
    "translation": [
      2.1502955,
      0.937962949,
      -0.8119189
    ]
  },
  {
    "timeStamp": 11802,
    "rotation": [
      [
        0.9814099,
        0.0123617342,
        0.191524953
      ],
      [
        -0.186954439,
        -0.164032623,
        0.968576968
      ],
      [
        0.04338963,
        -0.9863775,
        -0.158672169
      ]
    ],
    "translation": [
      2.152418,
      0.9350548,
      -0.820878
    ]
  },
  {
    "timeStamp": 11857,
    "rotation": [
      [
        0.98587954,
        -0.007969799,
        0.167266026
      ],
      [
        -0.166529283,
        -0.151590183,
        0.974314332
      ],
      [
        0.0175907947,
        -0.988411248,
        -0.150776878
      ]
    ],
    "translation": [
      2.16115618,
      0.9301763,
      -0.8246559
    ]
  },
  {
    "timeStamp": 11901,
    "rotation": [
      [
        0.9864722,
        -0.0070348843,
        0.16377753
      ],
      [
        -0.16306363,
        -0.1446061,
        0.975960732
      ],
      [
        0.01681745,
        -0.9894643,
        -0.14379704
      ]
    ],
    "translation": [
      2.164817,
      0.927682042,
      -0.826960742
    ]
  },
  {
    "timeStamp": 11957,
    "rotation": [
      [
        0.986917436,
        -0.02944264,
        0.15851523
      ],
      [
        -0.161189064,
        -0.15903233,
        0.9740261
      ],
      [
        -0.003468858,
        -0.9868342,
        -0.161697611
      ]
    ],
    "translation": [
      2.165252,
      0.9288332,
      -0.8215726
    ]
  },
  {
    "timeStamp": 12002,
    "rotation": [
      [
        0.9856202,
        -0.0191231743,
        0.167889923
      ],
      [
        -0.1687414,
        -0.1636733,
        0.971976042
      ],
      [
        0.008891813,
        -0.9863292,
        -0.164546579
      ]
    ],
    "translation": [
      2.16147232,
      0.930007,
      -0.8197205
    ]
  },
  {
    "timeStamp": 12057,
    "rotation": [
      [
        0.9847252,
        -0.0269640144,
        0.172015443
      ],
      [
        -0.174069464,
        -0.175287083,
        0.969006836
      ],
      [
        0.00402377546,
        -0.984148,
        -0.17730321
      ]
    ],
    "translation": [
      2.1568296,
      0.9315516,
      -0.8127668
    ]
  },
  {
    "timeStamp": 12102,
    "rotation": [
      [
        0.986652553,
        -0.0100673633,
        0.1625281
      ],
      [
        -0.16180931,
        -0.1727103,
        0.971590936
      ],
      [
        0.0182888955,
        -0.9849212,
        -0.17203404
      ]
    ],
    "translation": [
      2.156635,
      0.9298839,
      -0.810752451
    ]
  },
  {
    "timeStamp": 12157,
    "rotation": [
      [
        0.986205459,
        -0.0160196163,
        0.164748609
      ],
      [
        -0.164906353,
        -0.181103334,
        0.9695398
      ],
      [
        0.0143048745,
        -0.9833336,
        -0.181246832
      ]
    ],
    "translation": [
      2.15543675,
      0.930018067,
      -0.8045699
    ]
  },
  {
    "timeStamp": 12201,
    "rotation": [
      [
        0.988050759,
        -0.008615487,
        0.153887749
      ],
      [
        -0.153023019,
        -0.174213946,
        0.9727453
      ],
      [
        0.0184287354,
        -0.9846701,
        -0.173450589
      ]
    ],
    "translation": [
      2.15836763,
      0.92784524,
      -0.8032611
    ]
  },
  {
    "timeStamp": 12257,
    "rotation": [
      [
        0.988365531,
        -0.0125901969,
        0.151575357
      ],
      [
        -0.151290834,
        -0.183872208,
        0.9712374
      ],
      [
        0.0156424083,
        -0.9828695,
        -0.183637723
      ]
    ],
    "translation": [
      2.1607542,
      0.928923,
      -0.798624754
    ]
  },
  {
    "timeStamp": 12301,
    "rotation": [
      [
        0.9878954,
        -0.00674891146,
        0.154974028
      ],
      [
        -0.153613791,
        -0.181489661,
        0.9713209
      ],
      [
        0.0215708055,
        -0.983369648,
        -0.180329546
      ]
    ],
    "translation": [
      2.15898871,
      0.929266453,
      -0.7974334
    ]
  },
  {
    "timeStamp": 12357,
    "rotation": [
      [
        0.9905972,
        -0.00241248822,
        0.13678959
      ],
      [
        -0.134941325,
        -0.181956649,
        0.9740034
      ],
      [
        0.0225400254,
        -0.9833036,
        -0.180571288
      ]
    ],
    "translation": [
      2.16366386,
      0.9280741,
      -0.7959267
    ]
  },
  {
    "timeStamp": 12401,
    "rotation": [
      [
        0.9882465,
        -0.001158096,
        0.152864367
      ],
      [
        -0.150532022,
        -0.181545213,
        0.9717929
      ],
      [
        0.0266263876,
        -0.983381867,
        -0.179585755
      ]
    ],
    "translation": [
      2.16015,
      0.9288719,
      -0.79458797
    ]
  },
  {
    "timeStamp": 12457,
    "rotation": [
      [
        0.99095726,
        0.00440260535,
        0.1341059
      ],
      [
        -0.131042033,
        -0.183069557,
        0.9743272
      ],
      [
        0.028840296,
        -0.9830901,
        -0.180837169
      ]
    ],
    "translation": [
      2.16369,
      0.9280031,
      -0.7935772
    ]
  },
  {
    "timeStamp": 12501,
    "rotation": [
      [
        0.9885393,
        0.00185893988,
        0.150951922
      ],
      [
        -0.148014471,
        -0.184738323,
        0.9715778
      ],
      [
        0.0296927113,
        -0.98278594,
        -0.182345942
      ]
    ],
    "translation": [
      2.16106129,
      0.9294093,
      -0.792153537
    ]
  },
  {
    "timeStamp": 12555,
    "rotation": [
      [
        0.990815938,
        0.005711301,
        0.135096952
      ],
      [
        -0.131685451,
        -0.186112881,
        0.9736637
      ],
      [
        0.03070415,
        -0.9825118,
        -0.1836515
      ]
    ],
    "translation": [
      2.16362047,
      0.9286497,
      -0.791010141
    ]
  },
  {
    "timeStamp": 12600,
    "rotation": [
      [
        0.9890337,
        0.0112807723,
        0.147258773
      ],
      [
        -0.142704874,
        -0.183880255,
        0.972534537
      ],
      [
        0.0380488932,
        -0.98288393,
        -0.180253938
      ]
    ],
    "translation": [
      2.16136217,
      0.928443253,
      -0.79113
    ]
  },
  {
    "timeStamp": 12655,
    "rotation": [
      [
        0.990510345,
        0.01147357,
        0.136958256
      ],
      [
        -0.132520467,
        -0.1844471,
        0.973867357
      ],
      [
        0.03643527,
        -0.98277545,
        -0.18117629
      ]
    ],
    "translation": [
      2.1626265,
      0.927526057,
      -0.7901357
    ]
  },
  {
    "timeStamp": 12700,
    "rotation": [
      [
        0.990281761,
        0.0155874807,
        0.138199285
      ],
      [
        -0.132985458,
        -0.184706971,
        0.9737547
      ],
      [
        0.0407047421,
        -0.98267,
        -0.180839032
      ]
    ],
    "translation": [
      2.16281939,
      0.927246749,
      -0.78983134
    ]
  },
  {
    "timeStamp": 12755,
    "rotation": [
      [
        0.990328133,
        0.016990846,
        0.137700722
      ],
      [
        -0.1321592,
        -0.186623856,
        0.9735017
      ],
      [
        0.04223883,
        -0.9822845,
        -0.182573363
      ]
    ],
    "translation": [
      2.162191,
      0.927192569,
      -0.7891212
    ]
  },
  {
    "timeStamp": 12799,
    "rotation": [
      [
        0.989792466,
        0.01780698,
        0.141399041
      ],
      [
        -0.135723948,
        -0.1848619,
        0.973347366
      ],
      [
        0.0434716679,
        -0.982603133,
        -0.1805581
      ]
    ],
    "translation": [
      2.16248584,
      0.9266015,
      -0.788931
    ]
  },
  {
    "timeStamp": 12855,
    "rotation": [
      [
        0.9907288,
        0.0171579085,
        0.134766683
      ],
      [
        -0.129405871,
        -0.1828129,
        0.974594057
      ],
      [
        0.0413590819,
        -0.982998,
        -0.178897679
      ]
    ],
    "translation": [
      2.1648972,
      0.9246312,
      -0.7894132
    ]
  },
  {
    "timeStamp": 12899,
    "rotation": [
      [
        0.9901545,
        0.0124635845,
        0.139422864
      ],
      [
        -0.134819359,
        -0.183015808,
        0.9738218
      ],
      [
        0.0376539081,
        -0.983031,
        -0.179533586
      ]
    ],
    "translation": [
      2.165721,
      0.923938334,
      -0.788560867
    ]
  },
  {
    "timeStamp": 12956,
    "rotation": [
      [
        0.991331756,
        0.013481901,
        0.130689114
      ],
      [
        -0.126238257,
        -0.177883968,
        0.9759207
      ],
      [
        0.0364047773,
        -0.983959138,
        -0.174640089
      ]
    ],
    "translation": [
      2.1687088,
      0.920761347,
      -0.788698435
    ]
  },
  {
    "timeStamp": 13001,
    "rotation": [
      [
        0.990502536,
        0.007508214,
        0.137289628
      ],
      [
        -0.1337869,
        -0.177693844,
        0.974949241
      ],
      [
        0.03171562,
        -0.9840572,
        -0.175001681
      ]
    ],
    "translation": [
      2.170224,
      0.9189268,
      -0.7868688
    ]
  },
  {
    "timeStamp": 13056,
    "rotation": [
      [
        0.9917093,
        0.0141436514,
        0.127720371
      ],
      [
        -0.123547681,
        -0.168355271,
        0.9779532
      ],
      [
        0.0353342369,
        -0.98562485,
        -0.16521208
      ]
    ],
    "translation": [
      2.17305279,
      0.914784133,
      -0.7875373
    ]
  },
  {
    "timeStamp": 13101,
    "rotation": [
      [
        0.9913428,
        0.014028715,
        0.130547389
      ],
      [
        -0.126400515,
        -0.167080864,
        0.977807164
      ],
      [
        0.03552937,
        -0.98584336,
        -0.16386117
      ]
    ],
    "translation": [
      2.173901,
      0.9134952,
      -0.7866695
    ]
  },
  {
    "timeStamp": 13156,
    "rotation": [
      [
        0.9903056,
        0.0145966588,
        0.1381369
      ],
      [
        -0.1338059,
        -0.166754261,
        0.976877153
      ],
      [
        0.03729407,
        -0.985890448,
        -0.163184553
      ]
    ],
    "translation": [
      2.17131352,
      0.9129781,
      -0.785371363
    ]
  },
  {
    "timeStamp": 13201,
    "rotation": [
      [
        0.9897077,
        0.02687649,
        0.140557349
      ],
      [
        -0.134482771,
        -0.161081582,
        0.9777357
      ],
      [
        0.0489193127,
        -0.9865751,
        -0.155809268
      ]
    ],
    "translation": [
      2.16919541,
      0.911243439,
      -0.786435843
    ]
  },
  {
    "timeStamp": 13257,
    "rotation": [
      [
        0.989493549,
        0.0299049783,
        0.141450524
      ],
      [
        -0.13495864,
        -0.159841314,
        0.9778737
      ],
      [
        0.05185292,
        -0.9866896,
        -0.154126018
      ]
    ],
    "translation": [
      2.166794,
      0.908957,
      -0.7860935
    ]
  },
  {
    "timeStamp": 13301,
    "rotation": [
      [
        0.988037,
        0.0405926928,
        0.148778692
      ],
      [
        -0.140815064,
        -0.155895069,
        0.9776849
      ],
      [
        0.0628807545,
        -0.9869392,
        -0.148314029
      ]
    ],
    "translation": [
      2.16288328,
      0.9073148,
      -0.7867452
    ]
  },
  {
    "timeStamp": 13356,
    "rotation": [
      [
        0.9889829,
        0.0491398238,
        0.139635518
      ],
      [
        -0.131363958,
        -0.143489063,
        0.9808947
      ],
      [
        0.06823717,
        -0.9884312,
        -0.13545303
      ]
    ],
    "translation": [
      2.16224384,
      0.905652642,
      -0.787187636
    ]
  },
  {
    "timeStamp": 13401,
    "rotation": [
      [
        0.9890639,
        0.0572018921,
        0.135943085
      ],
      [
        -0.127352,
        -0.13367866,
        0.982807934
      ],
      [
        0.0743911862,
        -0.989372551,
        -0.124931961
      ]
    ],
    "translation": [
      2.161838,
      0.9044498,
      -0.7874462
    ]
  },
  {
    "timeStamp": 13456,
    "rotation": [
      [
        0.989818335,
        0.0623425767,
        0.127957478
      ],
      [
        -0.119869106,
        -0.119662732,
        0.9855517
      ],
      [
        0.0767536,
        -0.990855336,
        -0.110971414
      ]
    ],
    "translation": [
      2.161484,
      0.9027189,
      -0.7875347
    ]
  },
  {
    "timeStamp": 13501,
    "rotation": [
      [
        0.9910025,
        0.05624725,
        0.121451013
      ],
      [
        -0.114861056,
        -0.108427875,
        0.987446368
      ],
      [
        0.06870982,
        -0.9925118,
        -0.100991674
      ]
    ],
    "translation": [
      2.16203213,
      0.901814759,
      -0.787648737
    ]
  },
  {
    "timeStamp": 13556,
    "rotation": [
      [
        0.9913603,
        0.0505766124,
        0.12102364
      ],
      [
        -0.1153369,
        -0.103286959,
        0.9879419
      ],
      [
        0.0624669,
        -0.9933649,
        -0.09656124
      ]
    ],
    "translation": [
      2.16240263,
      0.9015872,
      -0.787382066
    ]
  },
  {
    "timeStamp": 13601,
    "rotation": [
      [
        0.990950048,
        0.05599697,
        0.121993653
      ],
      [
        -0.115346827,
        -0.109589688,
        0.9872615
      ],
      [
        0.06865289,
        -0.9923984,
        -0.102138832
      ]
    ],
    "translation": [
      2.16204214,
      0.9023194,
      -0.787638843
    ]
  },
  {
    "timeStamp": 13656,
    "rotation": [
      [
        0.9902928,
        0.05504102,
        0.127635121
      ],
      [
        -0.12020877,
        -0.121890917,
        0.985237241
      ],
      [
        0.06978604,
        -0.9910162,
        -0.114091277
      ]
    ],
    "translation": [
      2.16211915,
      0.90389055,
      -0.7877614
    ]
  },
  {
    "timeStamp": 13701,
    "rotation": [
      [
        0.9891236,
        0.0559798069,
        0.136017665
      ],
      [
        -0.127119184,
        -0.139864951,
        0.9819768
      ],
      [
        0.07399501,
        -0.9885869,
        -0.131227612
      ]
    ],
    "translation": [
      2.16033149,
      0.9056785,
      -0.785649
    ]
  },
  {
    "timeStamp": 13756,
    "rotation": [
      [
        0.9858007,
        0.0464901067,
        0.161355689
      ],
      [
        -0.150364742,
        -0.183352619,
        0.9714794
      ],
      [
        0.07474918,
        -0.9819473,
        -0.173758656
      ]
    ],
    "translation": [
      2.153295,
      0.910331845,
      -0.77178067
    ]
  },
  {
    "timeStamp": 13801,
    "rotation": [
      [
        0.986432433,
        0.0510334037,
        0.156034142
      ],
      [
        -0.14449802,
        -0.181212112,
        0.9727705
      ],
      [
        0.07791907,
        -0.982118964,
        -0.171379268
      ]
    ],
    "translation": [
      2.15486479,
      0.9106455,
      -0.771844268
    ]
  },
  {
    "timeStamp": 13856,
    "rotation": [
      [
        0.9869251,
        0.0484990925,
        0.153709769
      ],
      [
        -0.14247416,
        -0.1834147,
        0.97265625
      ],
      [
        0.0753655657,
        -0.9818385,
        -0.1741067
      ]
    ],
    "translation": [
      2.15577221,
      0.913332641,
      -0.770388961
    ]
  },
  {
    "timeStamp": 13901,
    "rotation": [
      [
        0.985873461,
        0.0564267077,
        0.157700881
      ],
      [
        -0.145183936,
        -0.181590334,
        0.972597837
      ],
      [
        0.08351746,
        -0.981754,
        -0.170832828
      ]
    ],
    "translation": [
      2.153982,
      0.914560556,
      -0.771081865
    ]
  },
  {
    "timeStamp": 13956,
    "rotation": [
      [
        0.986066937,
        0.0549046062,
        0.157027245
      ],
      [
        -0.145075,
        -0.178052872,
        0.9732679
      ],
      [
        0.08139604,
        -0.982488036,
        -0.167606756
      ]
    ],
    "translation": [
      2.15339351,
      0.913587,
      -0.771961451
    ]
  },
  {
    "timeStamp": 14001,
    "rotation": [
      [
        0.9856854,
        0.0607346036,
        0.157275543
      ],
      [
        -0.145405278,
        -0.165912867,
        0.9753616
      ],
      [
        0.08533224,
        -0.984268367,
        -0.154706746
      ]
    ],
    "translation": [
      2.15247631,
      0.9099448,
      -0.775531352
    ]
  },
  {
    "timeStamp": 14056,
    "rotation": [
      [
        0.9865996,
        0.05385101,
        0.15401721
      ],
      [
        -0.143831953,
        -0.158603653,
        0.97680974
      ],
      [
        0.07702988,
        -0.9858727,
        -0.1487328
      ]
    ],
    "translation": [
      2.15378165,
      0.904276848,
      -0.7774244
    ]
  },
  {
    "timeStamp": 14101,
    "rotation": [
      [
        0.987457454,
        0.0491693355,
        0.150033653
      ],
      [
        -0.141744643,
        -0.142478466,
        0.979596
      ],
      [
        0.06954264,
        -0.9885758,
        -0.133721933
      ]
    ],
    "translation": [
      2.15401864,
      0.903871059,
      -0.77814585
    ]
  },
  {
    "timeStamp": 14156,
    "rotation": [
      [
        0.9886989,
        0.0352704,
        0.145707056
      ],
      [
        -0.139973208,
        -0.13086459,
        0.9814693
      ],
      [
        0.05368472,
        -0.990772665,
        -0.124448754
      ]
    ],
    "translation": [
      2.15501881,
      0.904397964,
      -0.7778666
    ]
  },
  {
    "timeStamp": 14200,
    "rotation": [
      [
        0.9891429,
        0.0338751376,
        0.142999515
      ],
      [
        -0.137627274,
        -0.127657011,
        0.9822232
      ],
      [
        0.051527828,
        -0.9912398,
        -0.121608883
      ]
    ],
    "translation": [
      2.15513873,
      0.9039381,
      -0.77779144
    ]
  },
  {
    "timeStamp": 14256,
    "rotation": [
      [
        0.989449,
        0.0234924778,
        0.142964378
      ],
      [
        -0.139063433,
        -0.122835867,
        0.9826356
      ],
      [
        0.0406456776,
        -0.992148936,
        -0.118272878
      ]
    ],
    "translation": [
      2.15577245,
      0.9037333,
      -0.7772681
    ]
  },
  {
    "timeStamp": 14300,
    "rotation": [
      [
        0.989577234,
        0.020959774,
        0.142469287
      ],
      [
        -0.139016882,
        -0.119036518,
        0.983109653
      ],
      [
        0.0375648178,
        -0.9926686,
        -0.114882074
      ]
    ],
    "translation": [
      2.15600348,
      0.9036267,
      -0.777053237
    ]
  },
  {
    "timeStamp": 14356,
    "rotation": [
      [
        0.9905124,
        0.0286181569,
        0.134411
      ],
      [
        -0.130439267,
        -0.112061046,
        0.985103
      ],
      [
        0.04325406,
        -0.9932892,
        -0.107264914
      ]
    ],
    "translation": [
      2.1554575,
      0.9027026,
      -0.7772541
    ]
  },
  {
    "timeStamp": 14400,
    "rotation": [
      [
        0.9912422,
        0.027994765,
        0.129055038
      ],
      [
        -0.125414178,
        -0.1064754,
        0.9863743
      ],
      [
        0.0413544923,
        -0.993921161,
        -0.102031961
      ]
    ],
    "translation": [
      2.15544057,
      0.902069569,
      -0.7770927
    ]
  },
  {
    "timeStamp": 14456,
    "rotation": [
      [
        0.991623,
        0.0292115156,
        0.125820175
      ],
      [
        -0.122103229,
        -0.1057121,
        0.9868717
      ],
      [
        0.0421287157,
        -0.9939677,
        -0.101259716
      ]
    ],
    "translation": [
      2.15527821,
      0.902128458,
      -0.7769716
    ]
  },
  {
    "timeStamp": 14500,
    "rotation": [
      [
        0.9906374,
        0.0390404128,
        0.130818069
      ],
      [
        -0.12598142,
        -0.107740663,
        0.9861646
      ],
      [
        0.0525946729,
        -0.9934122,
        -0.10181357
      ]
    ],
    "translation": [
      2.15460014,
      0.902830958,
      -0.7774164
    ]
  },
  {
    "timeStamp": 14556,
    "rotation": [
      [
        0.9885471,
        0.05728991,
        0.1396155
      ],
      [
        -0.132374391,
        -0.115076728,
        0.984497
      ],
      [
        0.07246824,
        -0.9917032,
        -0.106175043
      ]
    ],
    "translation": [
      2.15327525,
      0.903081954,
      -0.7778708
    ]
  },
  {
    "timeStamp": 14600,
    "rotation": [
      [
        0.9873178,
        0.05296388,
        0.149660766
      ],
      [
        -0.14189817,
        -0.128339842,
        0.981526256
      ],
      [
        0.0711928755,
        -0.99031496,
        -0.119196728
      ]
    ],
    "translation": [
      2.152126,
      0.903519452,
      -0.775907457
    ]
  },
  {
    "timeStamp": 14656,
    "rotation": [
      [
        0.9827443,
        0.03724163,
        0.18118161
      ],
      [
        -0.171312839,
        -0.186132252,
        0.9674744
      ],
      [
        0.06975406,
        -0.9818187,
        -0.176540419
      ]
    ],
    "translation": [
      2.14282513,
      0.9077062,
      -0.7585416
    ]
  },
  {
    "timeStamp": 14700,
    "rotation": [
      [
        0.9836342,
        0.04001222,
        0.175678089
      ],
      [
        -0.165500462,
        -0.184804589,
        0.9687398
      ],
      [
        0.07122757,
        -0.981960356,
        -0.175158083
      ]
    ],
    "translation": [
      2.14378929,
      0.9086582,
      -0.758699238
    ]
  },
  {
    "timeStamp": 14756,
    "rotation": [
      [
        0.984646738,
        0.0431544073,
        0.1691407
      ],
      [
        -0.158998817,
        -0.17818065,
        0.971066952
      ],
      [
        0.07204342,
        -0.983051062,
        -0.168583483
      ]
    ],
    "translation": [
      2.14568877,
      0.9086938,
      -0.760591447
    ]
  },
  {
    "timeStamp": 14800,
    "rotation": [
      [
        0.983026,
        0.03760056,
        0.179572046
      ],
      [
        -0.170407146,
