[
  {
    "timeStamp": 32914,
    "rotation": [
      [
        0.9743171,
        -0.225180343,
        0.00021498726
      ],
      [
        -0.00104182039,
        -0.00355305267,
        0.999993145
      ],
      [
        -0.225178033,
        -0.974310637,
        -0.00369639718
      ]
    ],
    "translation": [
      1.3250699,
      0.701565564,
      -0.6020954
    ]
  },
  {
    "timeStamp": 32958,
    "rotation": [
      [
        0.973546267,
        -0.228464529,
        -0.0034081724
      ],
      [
        0.004667275,
        0.004971079,
        0.999976754
      ],
      [
        -0.228442281,
        -0.973539531,
        0.005905882
      ]
    ],
    "translation": [
      1.32535076,
      0.7010994,
      -0.601812243
    ]
  },
  {
    "timeStamp": 33014,
    "rotation": [
      [
        0.9724016,
        -0.233256236,
        0.00515952474
      ],
      [
        -0.00107547175,
        0.0176326651,
        0.999843955
      ],
      [
        -0.233310819,
        -0.9722554,
        0.0168951713
      ]
    ],
    "translation": [
      1.32560635,
      0.69999665,
      -0.6017609
    ]
  },
  {
    "timeStamp": 33058,
    "rotation": [
      [
        0.9720905,
        -0.234368533,
        0.0105592487
      ],
      [
        -0.0116587682,
        -0.00330634788,
        0.999926567
      ],
      [
        -0.234316409,
        -0.9721422,
        -0.00594651746
      ]
    ],
    "translation": [
      1.32482338,
      0.702206731,
      -0.600073
    ]
  },
  {
    "timeStamp": 33114,
    "rotation": [
      [
        0.9667512,
        -0.253521174,
        0.0334524661
      ],
      [
        -0.0332203656,
        0.005197681,
        0.999434531
      ],
      [
        -0.2535517,
        -0.9673159,
        -0.00339720072
      ]
    ],
    "translation": [
      1.32401848,
      0.709511,
      -0.5980635
    ]
  },
  {
    "timeStamp": 33158,
    "rotation": [
      [
        0.9672705,
        -0.2473611,
        0.0565704443
      ],
      [
        -0.0599718578,
        -0.00623173872,
        0.9981806
      ],
      [
        -0.246558517,
        -0.9689033,
        -0.02086248
      ]
    ],
    "translation": [
      1.32151282,
      0.7232171,
      -0.5960645
    ]
  },
  {
    "timeStamp": 33214,
    "rotation": [
      [
        0.953681052,
        -0.2792131,
        0.111948624
      ],
      [
        -0.11142844,
        0.01778729,
        0.993613243
      ],
      [
        -0.279421121,
        -0.9600644,
        -0.0141488779
      ]
    ],
    "translation": [
      1.32302,
      0.7464415,
      -0.5953385
    ]
  },
  {
    "timeStamp": 33268,
    "rotation": [
      [
        0.9317136,
        -0.321075141,
        0.1697661
      ],
      [
        -0.158203751,
        0.0619702,
        0.9854599
      ],
      [
        -0.326927125,
        -0.9450241,
        0.00694318349
      ]
    ],
    "translation": [
      1.33118165,
      0.773033261,
      -0.597619
    ]
  },
  {
    "timeStamp": 33312,
    "rotation": [
      [
        0.9147108,
        -0.334589928,
        0.226613477
      ],
      [
        -0.209368572,
        0.0872569457,
        0.973935843
      ],
      [
        -0.345642716,
        -0.938315451,
        0.009762258
      ]
    ],
    "translation": [
      1.33766508,
      0.798526168,
      -0.600115061
    ]
  },
  {
    "timeStamp": 33368,
    "rotation": [
      [
        0.884304762,
        -0.371023268,
        0.283455163
      ],
      [
        -0.253707737,
        0.127813235,
        0.958799362
      ],
      [
        -0.391966164,
        -0.919785559,
        0.0188943781
      ]
    ],
    "translation": [
      1.35628581,
      0.8294655,
      -0.603265166
    ]
  },
  {
    "timeStamp": 33412,
    "rotation": [
      [
        0.854529858,
        -0.400737047,
        0.330436826
      ],
      [
        -0.2908015,
        0.158001885,
        0.943647146
      ],
      [
        -0.430363983,
        -0.9024662,
        0.0184824038
      ]
    ],
    "translation": [
      1.37660861,
      0.854817,
      -0.6040314
    ]
  },
  {
    "timeStamp": 33468,
    "rotation": [
      [
        0.8085195,
        -0.439195573,
        0.3916676
      ],
      [
        -0.3352013,
        0.203318328,
        0.9199466
      ],
      [
        -0.483669668,
        -0.8750822,
        0.0171679184
      ]
    ],
    "translation": [
      1.40710771,
      0.885896444,
      -0.604821265
    ]
  },
  {
    "timeStamp": 33512,
    "rotation": [
      [
        0.7714116,
        -0.482887954,
        0.4144193
      ],
      [
        -0.3587231,
        0.207908526,
        0.9099955
      ],
      [
        -0.525587142,
        -0.85064286,
        -0.0128400149
      ]
    ],
    "translation": [
      1.44116175,
      0.9094726,
      -0.6009346
    ]
  },
  {
    "timeStamp": 33568,
    "rotation": [
      [
        0.717744231,
        -0.5402078,
        0.4393389
      ],
      [
        -0.388365269,
        0.213121712,
        0.8965219
      ],
      [
        -0.5779408,
        -0.8140974,
        -0.0568310656
      ]
    ],
    "translation": [
      1.49024284,
      0.9358762,
      -0.5938927
    ]
  },
  {
    "timeStamp": 33613,
    "rotation": [
      [
        0.658829868,
        -0.597905934,
        0.456565142
      ],
      [
        -0.407928884,
        0.225993335,
        0.8846022
      ],
      [
        -0.632089555,
        -0.769048452,
        -0.0950119346
      ]
    ],
    "translation": [
      1.53548121,
      0.9544807,
      -0.5876744
    ]
  },
  {
    "timeStamp": 33668,
    "rotation": [
      [
        0.5982906,
        -0.66506207,
        0.4469237
      ],
      [
        -0.419271052,
        0.2154758,
        0.8819195
      ],
      [
        -0.6828324,
        -0.7150263,
        -0.149924114
      ]
    ],
    "translation": [
      1.59711671,
      0.973646939,
      -0.57924515
    ]
  },
  {
    "timeStamp": 33714,
    "rotation": [
      [
        0.542286336,
        -0.725874662,
        0.423121065
      ],
      [
        -0.432820618,
        0.19029133,
        0.8811671
      ],
      [
        -0.7201332,
        -0.660980463,
        -0.210981131
      ]
    ],
    "translation": [
      1.651163,
      0.9889044,
      -0.573075056
    ]
  },
  {
    "timeStamp": 33759,
    "rotation": [
      [
        0.475421548,
        -0.779266834,
        0.408310682
      ],
      [
        -0.4438881,
        0.188231558,
        0.876089156
      ],
      [
        -0.759564161,
        -0.597755969,
        -0.2564179
      ]
    ],
    "translation": [
      1.70567191,
      1.00311863,
      -0.5684446
    ]
  },
  {
    "timeStamp": 33814,
    "rotation": [
      [
        0.4158105,
        -0.8411863,
        0.345698178
      ],
      [
        -0.45405668,
        0.137335882,
        0.8803246
      ],
      [
        -0.7879937,
        -0.5230148,
        -0.324840575
      ]
    ],
    "translation": [
      1.77503276,
      1.01966488,
      -0.565484762
    ]
  },
  {
    "timeStamp": 33869,
    "rotation": [
      [
        0.330403477,
        -0.8937784,
        0.303304732
      ],
      [
        -0.473375529,
        0.121090248,
        0.872498
      ],
      [
        -0.8165471,
        -0.431853443,
        -0.383084178
      ]
    ],
    "translation": [
      1.84320354,
      1.03514123,
      -0.564994931
    ]
  },
  {
    "timeStamp": 33914,
    "rotation": [
      [
        0.2747595,
        -0.920382261,
        0.2782153
      ],
      [
        -0.4742253,
        0.121993773,
        0.871910453
      ],
      [
        -0.836431444,
        -0.371502429,
        -0.402949631
      ]
    ],
    "translation": [
      1.89056885,
      1.04237854,
      -0.569502056
    ]
  },
  {
    "timeStamp": 33969,
    "rotation": [
      [
        0.1968065,
        -0.955810249,
        0.218389541
      ],
      [
        -0.490511358,
        0.09687774,
        0.8660331
      ],
      [
        -0.8489204,
        -0.2775635,
        -0.449769646
      ]
    ],
    "translation": [
      1.9526937,
      1.05174577,
      -0.572787941
    ]
  },
  {
    "timeStamp": 34014,
    "rotation": [
      [
        0.166548967,
        -0.9679607,
        0.1879188
      ],
      [
        -0.4831069,
        0.0860337,
        0.871324241
      ],
      [
        -0.859575,
        -0.235903025,
        -0.453299671
      ]
    ],
    "translation": [
      1.99167264,
      1.05287945,
      -0.578146338
    ]
  },
  {
    "timeStamp": 34069,
    "rotation": [
      [
        0.11907471,
        -0.98164475,
        0.148979276
      ],
      [
        -0.490259379,
        0.07234922,
        0.86856854
      ],
      [
        -0.8634043,
        -0.176463053,
        -0.472645551
      ]
    ],
    "translation": [
      2.036426,
      1.05590093,
      -0.582355
    ]
  },
  {
    "timeStamp": 34114,
    "rotation": [
      [
        0.100258417,
        -0.9832406,
        0.152270079
      ],
      [
        -0.483888447,
        0.0855376646,
        0.8709393
      ],
      [
        -0.8693677,
        -0.161000729,
        -0.467202932
      ]
    ],
    "translation": [
      2.062061,
      1.05354631,
      -0.5848768
    ]
  },
  {
    "timeStamp": 34169,
    "rotation": [
      [
        0.09307664,
        -0.991429865,
        0.09167099
      ],
      [
        -0.4783906,
        0.0362155065,
        0.877400041
      ],
      [
        -0.873200536,
        -0.125519991,
        -0.4709199
      ]
    ],
    "translation": [
      2.09893417,
      1.05297,
      -0.5863292
    ]
  },
  {
    "timeStamp": 34214,
    "rotation": [
      [
        0.07960884,
        -0.990276933,
        0.114079349
      ],
      [
        -0.464015275,
        0.0644737259,
        0.883477747
      ],
      [
        -0.882242739,
        -0.123267211,
        -0.454370946
      ]
    ],
    "translation": [
      2.116382,
      1.04362619,
      -0.58593297
    ]
  },
  {
    "timeStamp": 34269,
    "rotation": [
      [
        0.0702922046,
        -0.9921879,
        0.103063546
      ],
      [
        -0.441194683,
        0.06174102,
        0.895285
      ],
      [
        -0.8946542,
        -0.108402655,
        -0.433408141
      ]
    ],
    "translation": [
      2.13973451,
      1.03049743,
      -0.584856451
    ]
  },
  {
    "timeStamp": 34313,
    "rotation": [
      [
        0.0929911,
        -0.9902808,
        0.103424959
      ],
      [
        -0.407290161,
        0.0569532365,
        0.9115213
      ],
      [
        -0.9085524,
        -0.126887321,
        -0.398035467
      ]
    ],
    "translation": [
      2.15408039,
      1.01534867,
      -0.5809844
    ]
  },
  {
    "timeStamp": 34359,
    "rotation": [
      [
        0.09109032,
        -0.988592565,
        0.119947076
      ],
      [
        -0.370893717,
        0.07810337,
        0.9253852
      ],
      [
        -0.9241972,
        -0.128781244,
        -0.35954833
      ]
    ],
    "translation": [
      2.1664772,
      0.997207,
      -0.5778488
    ]
  },
  {
    "timeStamp": 34413,
    "rotation": [
      [
        0.131782085,
        -0.9854807,
        0.107057258
      ],
      [
        -0.325784683,
        0.0589429773,
        0.9436048
      ],
      [
        -0.9362146,
        -0.159227833,
        -0.313286871
      ]
    ],
    "translation": [
      2.18272638,
      0.9783022,
      -0.5695448
    ]
  },
  {
    "timeStamp": 34463,
    "rotation": [
      [
        0.15146938,
        -0.979164,
        0.13525857
      ],
      [
        -0.288705081,
        0.0870463848,
        0.9534528
      ],
      [
        -0.9453605,
        -0.183468759,
        -0.269504756
      ]
    ],
    "translation": [
      2.18715286,
      0.9599353,
      -0.5641721
    ]
  },
  {
    "timeStamp": 34508,
    "rotation": [
      [
        0.205863744,
        -0.968006253,
        0.143471479
      ],
      [
        -0.241186917,
        0.09189889,
        0.96611774
      ],
      [
        -0.948392868,
        -0.233492047,
        -0.214551792
      ]
    ],
    "translation": [
      2.19399667,
      0.9397298,
      -0.556554437
    ]
  },
  {
    "timeStamp": 34564,
    "rotation": [
      [
        0.2432673,
        -0.9547676,
        0.170996651
      ],
      [
        -0.193894386,
        0.124867007,
        0.973043263
      ],
      [
        -0.950382,
        -0.269864917,
        -0.154748023
      ]
    ],
    "translation": [
      2.19227171,
      0.917034,
      -0.553775966
    ]
  },
  {
    "timeStamp": 34620,
    "rotation": [
      [
        0.2843862,
        -0.9469545,
        0.149672121
      ],
      [
        -0.14438276,
        0.112033963,
        0.9831592
      ],
      [
        -0.947775364,
        -0.301206976,
        -0.104862981
      ]
    ],
    "translation": [
      2.199027,
      0.8965003,
      -0.5516155
    ]
  },
  {
    "timeStamp": 34664,
    "rotation": [
      [
        0.300371319,
        -0.949317455,
        0.09259279
      ],
      [
        -0.120362461,
        0.05857478,
        0.9910004
      ],
      [
        -0.9461976,
        -0.308812827,
        -0.096668
      ]
    ],
    "translation": [
      2.209362,
      0.887176156,
      -0.5483906
    ]
  },
  {
    "timeStamp": 34709,
    "rotation": [
      [
        0.296896577,
        -0.9499983,
        0.0967246
      ],
      [
        -0.10829895,
        0.06713967,
        0.9918486
      ],
      [
        -0.9487485,
        -0.3049516,
        -0.08295028
      ]
    ],
    "translation": [
      2.213556,
      0.877405763,
      -0.5477883
    ]
  },
  {
    "timeStamp": 34764,
    "rotation": [
      [
        0.286522061,
        -0.9511695,
        0.1148116
      ],
      [
        -0.10356541,
        0.08838454,
        0.990687847
      ],
      [
        -0.9524596,
        -0.295744419,
        -0.07318414
      ]
    ],
    "translation": [
      2.2093308,
      0.8587135,
      -0.551238954
    ]
  },
  {
    "timeStamp": 34819,
    "rotation": [
      [
        0.299163043,
        -0.9459168,
        0.125470817
      ],
      [
        -0.08526226,
        0.104467481,
        0.9908667
      ],
      [
        -0.950385153,
        -0.307128638,
        -0.04939819
      ]
    ],
    "translation": [
      2.20284939,
      0.8454478,
      -0.555783153
    ]
  },
  {
    "timeStamp": 34864,
    "rotation": [
      [
        0.296801984,
        -0.9463138,
        0.128057748
      ],
      [
        -0.08707008,
        0.10672427,
        0.9904689
      ],
      [
        -0.9509613,
        -0.30512318,
        -0.05071964
      ]
    ],
    "translation": [
      2.19741726,
      0.8376125,
      -0.5571529
    ]
  },
  {
    "timeStamp": 34919,
    "rotation": [
      [
        0.295134068,
        -0.947136641,
        0.125809252
      ],
      [
        -0.06858089,
        0.110335216,
        0.9915255
      ],
      [
        -0.9529913,
        -0.301261067,
        -0.03239179
      ]
    ],
    "translation": [
      2.19268918,
      0.826364934,
      -0.5613579
    ]
  },
  {
    "timeStamp": 34965,
    "rotation": [
      [
        0.2716882,
        -0.954951465,
        0.119387053
      ],
      [
        -0.0692561939,
        0.104331158,
        0.9921283
      ],
      [
        -0.9598902,
        -0.277817845,
        -0.03779076
      ]
    ],
    "translation": [
      2.19196153,
      0.8199542,
      -0.562965631
    ]
  },
  {
    "timeStamp": 35011,
    "rotation": [
      [
        0.255331367,
        -0.9581804,
        0.129213735
      ],
      [
        -0.0599670261,
        0.117691912,
        0.9912379
      ],
      [
        -0.964992166,
        -0.2608427,
        -0.0274087936
      ]
    ],
    "translation": [
      2.18986964,
      0.81167376,
      -0.565486968
    ]
  },
  {
    "timeStamp": 35068,
    "rotation": [
      [
        0.236186847,
        -0.967070043,
        0.094823055
      ],
      [
        -0.0625688061,
        0.08224581,
        0.9946461
      ],
      [
        -0.9696912,
        -0.240855262,
        -0.0410830341
      ]
    ],
    "translation": [
      2.19338965,
      0.804994464,
      -0.565861344
    ]
  },
  {
    "timeStamp": 35113,
    "rotation": [
      [
        0.2122502,
        -0.9724573,
        0.09631561
      ],
      [
        -0.0455324873,
        0.08861279,
        0.9950249
      ],
      [
        -0.976154,
        -0.215579718,
        -0.0254703145
      ]
    ],
    "translation": [
      2.194962,
      0.7971101,
      -0.569689631
    ]
  },
  {
    "timeStamp": 35169,
    "rotation": [
      [
        0.195752412,
        -0.9780818,
        0.07097123
      ],
      [
        -0.04601165,
        0.06313117,
        0.996944
      ],
      [
        -0.9795733,
        -0.1984197,
        -0.03264508
      ]
    ],
    "translation": [
      2.198098,
      0.7929626,
      -0.571350157
    ]
  },
  {
    "timeStamp": 35213,
    "rotation": [
      [
        0.1897062,
        -0.9794445,
        0.06855724
      ],
      [
        -0.0381386876,
        0.06242153,
        0.9973209
      ],
      [
        -0.981099963,
        -0.191812664,
        -0.0255129766
      ]
    ],
    "translation": [
      2.19828081,
      0.7882009,
      -0.574211061
    ]
  },
  {
    "timeStamp": 35269,
    "rotation": [
      [
        0.176160231,
        -0.9827431,
        0.0564225726
      ],
      [
        -0.0287199,
        0.0521633253,
        0.9982255
      ],
      [
        -0.9839424,
        -0.177468076,
        -0.019035181
      ]
    ],
    "translation": [
      2.201051,
      0.7827234,
      -0.5788629
    ]
  },
  {
    "timeStamp": 35313,
    "rotation": [
      [
        0.172129869,
        -0.983736038,
        0.0513293855
      ],
      [
        -0.02803035,
        0.04719471,
        0.99849236
      ],
      [
        -0.9846754,
        -0.173309118,
        -0.0194508489
      ]
    ],
    "translation": [
      2.20217085,
      0.7795236,
      -0.581297934
    ]
  },
  {
    "timeStamp": 35368,
    "rotation": [
      [
        0.168125868,
        -0.9844615,
        0.0506885126
      ],
      [
        -0.01762073,
        0.04841094,
        0.998672068
      ],
      [
        -0.985608041,
        -0.168795764,
        -0.009207797
      ]
    ],
    "translation": [
      2.20276237,
      0.77404654,
      -0.585884
    ]
  },
  {
    "timeStamp": 35413,
    "rotation": [
      [
        0.162271366,
        -0.9851735,
        0.0556878
      ],
      [
        -0.013297583,
        0.05424735,
        0.998438954
      ],
      [
        -0.986656547,
        -0.162758589,
        -0.004297634
      ]
    ],
    "translation": [
      2.20198441,
      0.7700966,
      -0.588615358
    ]
  },
  {
    "timeStamp": 35469,
    "rotation": [
      [
        0.162511334,
        -0.985342562,
        0.0518651158
      ],
      [
        -0.0113556962,
        0.0506926738,
        0.9986497
      ],
      [
        -0.986641347,
        -0.162880868,
        -0.002951117
      ]
    ],
    "translation": [
      2.20195031,
      0.7667383,
      -0.5904509
    ]
  },
  {
    "timeStamp": 35513,
    "rotation": [
      [
        0.157584131,
        -0.985698164,
        0.0597196519
      ],
      [
        -0.007186324,
        0.059328977,
        0.998212636
      ],
      [
        -0.9874794,
        -0.157731637,
        0.00226575951
      ]
    ],
    "translation": [
      2.20084834,
      0.762827,
      -0.592215836
    ]
  },
  {
    "timeStamp": 35569,
    "rotation": [
      [
        0.16067639,
        -0.9861397,
        0.0413714759
      ],
      [
        -0.00582127366,
        0.0409685336,
        0.9991435
      ],
      [
        -0.986990035,
        -0.16077961,
        0.0008420872
      ]
    ],
    "translation": [
      2.203205,
      0.7602502,
      -0.5930147
    ]
  },
  {
    "timeStamp": 35613,
    "rotation": [
      [
        0.146128088,
        -0.9872368,
        0.0633249655
      ],
      [
        0.0003831459,
        0.06406856,
        0.9979454
      ],
      [
        -0.989265561,
        -0.1458036,
        0.009740473
      ]
    ],
    "translation": [
      2.20095515,
      0.7563609,
      -0.5960174
    ]
  },
  {
    "timeStamp": 35669,
    "rotation": [
      [
        0.15667136,
        -0.9867833,
        0.041384764
      ],
      [
        -0.000896365033,
        0.04176014,
        0.999127269
      ],
      [
        -0.987650335,
        -0.156571731,
        0.0056581
      ]
    ],
    "translation": [
      2.20262742,
      0.7556142,
      -0.5957807
    ]
  },
  {
    "timeStamp": 35713,
    "rotation": [
      [
        0.148962915,
        -0.9870021,
        0.0603075363
      ],
      [
        0.00350352027,
        0.06151441,
        0.998100042
      ],
      [
        -0.9888366,
        -0.1484686,
        0.0126213478
      ]
    ],
    "translation": [
      2.20003676,
      0.752225637,
      -0.5975197
    ]
  },
  {
    "timeStamp": 35773,
    "rotation": [
      [
        0.15171662,
        -0.987259269,
        0.0479702875
      ],
      [
        0.005386654,
        0.0493572168,
        0.998766661
      ],
      [
        -0.98840934,
        -0.1512711,
        0.0128063345
      ]
    ],
    "translation": [
      2.20129013,
      0.751064658,
      -0.5979686
    ]
  },
  {
    "timeStamp": 35811,
    "rotation": [
      [
        0.144750491,
        -0.9874935,
        0.0624815859
      ],
      [
        0.009727999,
        0.06456386,
        0.997866154
      ],
      [
        -0.9894204,
        -0.143833786,
        0.0189519841
      ]
    ],
    "translation": [
      2.19985342,
      0.7488542,
      -0.599459052
    ]
  },
  {
    "timeStamp": 35866,
    "rotation": [
      [
        0.146795914,
        -0.987968743,
        0.0486696735
      ],
      [
        0.00649386458,
        0.05016418,
        0.9987199
      ],
      [
        -0.989145458,
        -0.146291941,
        0.0137796327
      ]
    ],
    "translation": [
      2.2022543,
      0.7495216,
      -0.5987198
    ]
  },
  {
    "timeStamp": 35911,
    "rotation": [
      [
        0.140490964,
        -0.9876008,
        0.07004855
      ],
      [
        0.0108965011,
        0.07228828,
        0.9973242
      ],
      [
        -0.990021944,
        -0.13935174,
        0.0209172443
      ]
    ],
    "translation": [
      2.19936085,
      0.74735415,
      -0.6005482
    ]
  },
  {
    "timeStamp": 35966,
    "rotation": [
      [
        0.146213353,
        -0.987701,
        0.0553931147
      ],
      [
        0.004072613,
        0.05659541,
        0.9983889
      ],
      [
        -0.9892447,
        -0.145752192,
        0.0122975279
      ]
    ],
    "translation": [
      2.20088172,
      0.748841763,
      -0.5989963
    ]
  },
  {
    "timeStamp": 36011,
    "rotation": [
      [
        0.141000763,
        -0.987446964,
        0.07118532
      ],
      [
        0.0119966436,
        0.07360258,
        0.9972155
      ],
      [
        -0.989936769,
        -0.139754176,
        0.0222240686
      ]
    ],
    "translation": [
      2.19851422,
      0.746474,
      -0.6007737
    ]
  },
  {
    "timeStamp": 36066,
    "rotation": [
      [
        0.146450117,
        -0.987366438,
        0.06049699
      ],
      [
        0.008402526,
        0.0623958036,
        0.9980161
      ],
      [
        -0.989182353,
        -0.145651251,
        0.017434245
      ]
    ],
    "translation": [
      2.199286,
      0.747517049,
      -0.599724352
    ]
  },
  {
    "timeStamp": 36110,
    "rotation": [
      [
        0.141017124,
        -0.9872313,
        0.07408541
      ],
      [
        0.0106639769,
        0.07634359,
        0.997024536
      ],
      [
        -0.989949763,
        -0.139807478,
        0.0212935638
      ]
    ],
    "translation": [
      2.19706726,
      0.746531,
      -0.600808
    ]
  },
  {
    "timeStamp": 36166,
    "rotation": [
      [
        0.1485416,
        -0.9871179,
        0.0594448447
      ],
      [
        0.010601799,
        0.0616978519,
        0.9980386
      ],
      [
        -0.988849342,
        -0.147620037,
        0.0196299236
      ]
    ],
    "translation": [
      2.19796133,
      0.747243047,
      -0.6001585
    ]
  },
  {
    "timeStamp": 36212,
    "rotation": [
      [
        0.146035954,
        -0.987202048,
        0.06407511
      ],
      [
        0.010917617,
        0.0663738,
        0.9977351
      ],
      [
        -0.989219069,
        -0.145005643,
        0.0204708558
      ]
    ],
    "translation": [
      2.1971848,
      0.7467599,
      -0.6009269
    ]
  },
  {
    "timeStamp": 36268,
    "rotation": [
      [
        0.144598648,
        -0.98713243,
        0.06826991
      ],
      [
        0.0139508033,
        0.071022,
        0.997377157
      ],
      [
        -0.989392042,
        -0.143266946,
        0.0240409747
      ]
    ],
    "translation": [
      2.19728661,
      0.7459637,
      -0.601734
    ]
  },
  {
    "timeStamp": 36313,
    "rotation": [
      [
        0.148126721,
        -0.9871095,
        0.06060822
      ],
      [
        0.0112336744,
        0.06295974,
        0.9979528
      ],
      [
        -0.9889046,
        -0.147142619,
        0.0204148851
      ]
    ],
    "translation": [
      2.19780231,
      0.7467494,
      -0.6015264
    ]
  },
  {
    "timeStamp": 36368,
    "rotation": [
      [
        0.135010809,
        -0.9876618,
        0.0793492943
      ],
      [
        0.0193407554,
        0.0826941356,
        0.9963873
      ],
      [
        -0.990655363,
        -0.1329884,
        0.0302667283
      ]
    ],
    "translation": [
      2.19740081,
      0.744004846,
      -0.6043765
    ]
  },
  {
    "timeStamp": 36413,
    "rotation": [
      [
        0.135444716,
        -0.988481343,
        0.06752325
      ],
      [
        0.0168875847,
        0.0704446062,
        0.997372746
      ],
      [
        -0.990641,
        -0.133948579,
        0.0262344126
      ]
    ],
    "translation": [
      2.19865966,
      0.7448028,
      -0.6051035
    ]
  },
  {
    "timeStamp": 36468,
    "rotation": [
      [
        0.138458446,
        -0.9869575,
        0.08212276
      ],
      [
        0.0246735979,
        0.08633331,
        0.9959607
      ],
      [
        -0.990060866,
        -0.1358729,
        0.0363053679
      ]
    ],
    "translation": [
      2.19648767,
      0.7423553,
      -0.6078151
    ]
  },
  {
    "timeStamp": 36513,
    "rotation": [
      [
        0.135884151,
        -0.9882745,
        0.0696347058
      ],
      [
        0.0246952,
        0.07364351,
        0.9969788
      ],
      [
        -0.9904169,
        -0.13375397,
        0.0344126225
      ]
    ],
    "translation": [
      2.19817185,
      0.7430519,
      -0.6090265
    ]
  },
  {
    "timeStamp": 36568,
    "rotation": [
      [
        0.136951655,
        -0.98640734,
        0.09080044
      ],
      [
        0.037154384,
        0.09671476,
        0.9946184
      ],
      [
        -0.9898807,
        -0.132841,
        0.0498946048
      ]
    ],
    "translation": [
      2.19504666,
      0.7397469,
      -0.612735331
    ]
  },
  {
    "timeStamp": 36613,
    "rotation": [
      [
        0.148774683,
        -0.985311866,
        0.08382535
      ],
      [
        0.05034619,
        0.09220606,
        0.994466364
      ],
      [
        -0.987588644,
        -0.143731147,
        0.06332462
      ]
    ],
    "translation": [
      2.193212,
      0.738098,
      -0.6150521
    ]
  }
]