[
  {
    "timeStamp": 72807,
    "rotation": [
      [
        -0.461518079,
        0.88294363,
        0.08609097
      ],
      [
        -0.08844915,
        0.05076342,
        -0.9947863
      ],
      [
        -0.8827105,
        -0.466726542,
        0.05466738
      ]
    ],
    "translation": [
      1.49166715,
      0.772986531,
      -0.3938771
    ]
  },
  {
    "timeStamp": 72853,
    "rotation": [
      [
        -0.452078551,
        0.88603,
        0.102839
      ],
      [
        -0.09397793,
        0.06733857,
        -0.993294358
      ],
      [
        -0.8870136,
        -0.458711654,
        0.05282494
      ]
    ],
    "translation": [
      1.49045467,
      0.773453832,
      -0.393504143
    ]
  },
  {
    "timeStamp": 72907,
    "rotation": [
      [
        -0.432537436,
        0.8982249,
        0.07812436
      ],
      [
        -0.0747485,
        0.0506263077,
        -0.9959165
      ],
      [
        -0.8985121,
        -0.436610848,
        0.0452431925
      ]
    ],
    "translation": [
      1.4887259,
      0.7755612,
      -0.396653682
    ]
  },
  {
    "timeStamp": 72951,
    "rotation": [
      [
        -0.449572533,
        0.8914242,
        0.0569866821
      ],
      [
        -0.0683596358,
        0.02927482,
        -0.9972311
      ],
      [
        -0.8906242,
        -0.452223331,
        0.0477762744
      ]
    ],
    "translation": [
      1.49296319,
      0.7842863,
      -0.39640975
    ]
  },
  {
    "timeStamp": 73006,
    "rotation": [
      [
        -0.466945052,
        0.884115636,
        0.0173756
      ],
      [
        -0.07779991,
        -0.0215010047,
        -0.9967371
      ],
      [
        -0.8808573,
        -0.466773272,
        0.0788238943
      ]
    ],
    "translation": [
      1.50066173,
      0.804930449,
      -0.397117972
    ]
  },
  {
    "timeStamp": 73051,
    "rotation": [
      [
        -0.4714076,
        0.881451368,
        -0.0286068544
      ],
      [
        -0.08266411,
        -0.07645732,
        -0.993640244
      ],
      [
        -0.878032744,
        -0.4660448,
        0.108906962
      ]
    ],
    "translation": [
      1.51048577,
      0.8281163,
      -0.401212364
    ]
  },
  {
    "timeStamp": 73107,
    "rotation": [
      [
        -0.5167292,
        0.852480769,
        -0.07916728
      ],
      [
        -0.08548245,
        -0.143378913,
        -0.9859692
      ],
      [
        -0.8518707,
        -0.5027116,
        0.146960214
      ]
    ],
    "translation": [
      1.5361532,
      0.8606192,
      -0.4104942
    ]
  },
  {
    "timeStamp": 73151,
    "rotation": [
      [
        -0.5135131,
        0.853262067,
        -0.09081908
      ],
      [
        -0.114079058,
        -0.172786519,
        -0.9783306
      ],
      [
        -0.8504647,
        -0.492025018,
        0.186067477
      ]
    ],
    "translation": [
      1.55899942,
      0.887273133,
      -0.420806736
    ]
  },
  {
    "timeStamp": 73206,
    "rotation": [
      [
        -0.556190252,
        0.8238057,
        -0.109528944
      ],
      [
        -0.133901268,
        -0.218905881,
        -0.9665147
      ],
      [
        -0.8201968,
        -0.5229,
        0.232061952
      ]
    ],
    "translation": [
      1.60142624,
      0.9210044,
      -0.436736256
    ]
  },
  {
    "timeStamp": 73252,
    "rotation": [
      [
        -0.598142445,
        0.7894672,
        -0.13772136
      ],
      [
        -0.113131642,
        -0.25331524,
        -0.9607459
      ],
      [
        -0.7933643,
        -0.55908227,
        0.240832314
      ]
    ],
    "translation": [
      1.63993609,
      0.9432343,
      -0.448971182
    ]
  },
  {
    "timeStamp": 73305,
    "rotation": [
      [
        -0.6355169,
        0.7646372,
        -0.10699714
      ],
      [
        -0.146897733,
        -0.255797446,
        -0.9555044
      ],
      [
        -0.7579838,
        -0.591521561,
        0.274887055
      ]
    ],
    "translation": [
      1.69412851,
      0.9681664,
      -0.4669252
    ]
  },
  {
    "timeStamp": 73349,
    "rotation": [
      [
        -0.693937957,
        0.712112,
        -0.106520265
      ],
      [
        -0.135741562,
        -0.274667323,
        -0.9519097
      ],
      [
        -0.707124,
        -0.646107,
        0.287265271
      ]
    ],
    "translation": [
      1.74218559,
      0.985782,
      -0.47879526
    ]
  },
  {
    "timeStamp": 73404,
    "rotation": [
      [
        -0.7340604,
        0.675832,
        -0.06638095
      ],
      [
        -0.161095828,
        -0.268264,
        -0.9497803
      ],
      [
        -0.6596995,
        -0.6865024,
        0.3057957
      ]
    ],
    "translation": [
      1.80099964,
      1.00446022,
      -0.496052653
    ]
  },
  {
    "timeStamp": 73449,
    "rotation": [
      [
        -0.780060649,
        0.6254229,
        -0.0187498778
      ],
      [
        -0.1939689,
        -0.2702009,
        -0.943062842
      ],
      [
        -0.5948793,
        -0.732009351,
        0.3320857
      ]
    ],
    "translation": [
      1.85188091,
      1.01844358,
      -0.506436
    ]
  },
  {
    "timeStamp": 73505,
    "rotation": [
      [
        -0.8228304,
        0.567146838,
        0.035980586
      ],
      [
        -0.214809239,
        -0.251784444,
        -0.943642735
      ],
      [
        -0.526124656,
        -0.7841869,
        0.329004258
      ]
    ],
    "translation": [
      1.91153657,
      1.0307523,
      -0.5237658
    ]
  },
  {
    "timeStamp": 73549,
    "rotation": [
      [
        -0.8647222,
        0.4972483,
        0.07070803
      ],
      [
        -0.228141084,
        -0.263457179,
        -0.9373057
      ],
      [
        -0.4474451,
        -0.8266405,
        0.341260046
      ]
    ],
    "translation": [
      1.95999336,
      1.040907,
      -0.5368011
    ]
  },
  {
    "timeStamp": 73604,
    "rotation": [
      [
        -0.899868548,
        0.4232289,
        0.105422392
      ],
      [
        -0.225873753,
        -0.2454261,
        -0.9427338
      ],
      [
        -0.3731188,
        -0.872148633,
        0.316447526
      ]
    ],
    "translation": [
      2.014412,
      1.04359436,
      -0.5549788
    ]
  },
  {
    "timeStamp": 73650,
    "rotation": [
      [
        -0.9284073,
        0.345667481,
        0.136285916
      ],
      [
        -0.226575837,
        -0.235971451,
        -0.9449766
      ],
      [
        -0.294488072,
        -0.9082023,
        0.297397524
      ]
    ],
    "translation": [
      2.05708051,
      1.04109848,
      -0.567759931
    ]
  },
  {
    "timeStamp": 73706,
    "rotation": [
      [
        -0.943557262,
        0.28961736,
        0.160690412
      ],
      [
        -0.224726766,
        -0.203413382,
        -0.952953756
      ],
      [
        -0.24330537,
        -0.9352779,
        0.257016957
      ]
    ],
    "translation": [
      2.099126,
      1.03256369,
      -0.581247151
    ]
  },
  {
    "timeStamp": 73751,
    "rotation": [
      [
        -0.956917644,
        0.237153187,
        0.1675319
      ],
      [
        -0.213988408,
        -0.186008051,
        -0.958963
      ],
      [
        -0.196258858,
        -0.9534985,
        0.228742436
      ]
    ],
    "translation": [
      2.12743759,
      1.02283025,
      -0.5888531
    ]
  },
  {
    "timeStamp": 73803,
    "rotation": [
      [
        -0.964687169,
        0.203422517,
        0.167326167
      ],
      [
        -0.198040158,
        -0.141323447,
        -0.969952464
      ],
      [
        -0.17366305,
        -0.968838,
        0.17661874
      ]
    ],
    "translation": [
      2.15014863,
      1.00752389,
      -0.5953639
    ]
  },
  {
    "timeStamp": 73857,
    "rotation": [
      [
        -0.9729827,
        0.154209867,
        0.171825245
      ],
      [
        -0.189041182,
        -0.104867615,
        -0.9763535
      ],
      [
        -0.132544443,
        -0.982457161,
        0.1311864
      ]
    ],
    "translation": [
      2.17955112,
      0.98833096,
      -0.6028907
    ]
  },
  {
    "timeStamp": 73901,
    "rotation": [
      [
        -0.973681152,
        0.132902488,
        0.185153931
      ],
      [
        -0.194140434,
        -0.05807495,
        -0.9792532
      ],
      [
        -0.119392373,
        -0.989426255,
        0.082348235
      ]
    ],
    "translation": [
      2.19456553,
      0.9736319,
      -0.6070338
    ]
  },
  {
    "timeStamp": 73957,
    "rotation": [
      [
        -0.9760581,
        0.115145221,
        0.18453221
      ],
      [
        -0.1884786,
        -0.024287628,
        -0.981776953
      ],
      [
        -0.108565077,
        -0.9930517,
        0.0454085469
      ]
    ],
    "translation": [
      2.20964336,
      0.9572954,
      -0.6108122
    ]
  },
  {
    "timeStamp": 74001,
    "rotation": [
      [
        -0.9737135,
        0.103936106,
        0.202680245
      ],
      [
        -0.201448828,
        0.0223223325,
        -0.979244649
      ],
      [
        -0.106303178,
        -0.994333446,
        -0.000797748857
      ]
    ],
    "translation": [
      2.22004843,
      0.9436333,
      -0.6140748
    ]
  },
  {
    "timeStamp": 74057,
    "rotation": [
      [
        -0.9760483,
        0.104325309,
        0.190908119
      ],
      [
        -0.18587634,
        0.0560850352,
        -0.980971158
      ],
      [
        -0.11304722,
        -0.9929606,
        -0.0353500955
      ]
    ],
    "translation": [
      2.22770166,
      0.930300355,
      -0.617581248
    ]
  },
  {
    "timeStamp": 74101,
    "rotation": [
      [
        -0.970678151,
        0.09847215,
        0.219287887
      ],
      [
        -0.21100691,
        0.08795592,
        -0.9735193
      ],
      [
        -0.115152188,
        -0.991245151,
        -0.06459858
      ]
    ],
    "translation": [
      2.235382,
      0.9228478,
      -0.621311247
    ]
  },
  {
    "timeStamp": 74157,
    "rotation": [
      [
        -0.9742535,
        0.11050728,
        0.196515515
      ],
      [
        -0.18475607,
        0.108216755,
        -0.97680825
      ],
      [
        -0.129210681,
        -0.987966239,
        -0.08501366
      ]
    ],
    "translation": [
      2.23706532,
      0.9135105,
      -0.6243578
    ]
  },
  {
    "timeStamp": 74201,
    "rotation": [
      [
        -0.967024267,
        0.114759833,
        0.227363512
      ],
      [
        -0.213679969,
        0.1201768,
        -0.969483554
      ],
      [
        -0.138581619,
        -0.9860972,
        -0.091692
      ]
    ],
    "translation": [
      2.23993373,
      0.9093327,
      -0.6254153
    ]
  },
  {
    "timeStamp": 74257,
    "rotation": [
      [
        -0.9706875,
        0.134224087,
        0.19937326
      ],
      [
        -0.180232,
        0.1422772,
        -0.973279834
      ],
      [
        -0.159003869,
        -0.980684042,
        -0.113915212
      ]
    ],
    "translation": [
      2.23836017,
      0.900759935,
      -0.625953734
    ]
  },
  {
    "timeStamp": 74303,
    "rotation": [
      [
        -0.9633583,
        0.143315628,
        0.226718768
      ],
      [
        -0.201493144,
        0.1712253,
        -0.9644078
      ],
      [
        -0.1770347,
        -0.974752545,
        -0.1360742
      ]
    ],
    "translation": [
      2.23981953,
      0.896836,
      -0.627217054
    ]
  }
]