[
  {
    "timeStamp": 43843,
    "rotation": [
      [
        0.9999872,
        0.004901621,
        -0.00125623483
      ],
      [
        -0.004889553,
        0.9999435,
        0.009435816
      ],
      [
        0.00130241457,
        -0.009429553,
        0.9999547
      ]
    ],
    "translation": [
      1.616185,
      0.8503319,
      -0.753797352
    ]
  },
  {
    "timeStamp": 43898,
    "rotation": [
      [
        0.9999238,
        0.0122732315,
        -0.00127569947
      ],
      [
        -0.0122528737,
        0.9998139,
        0.0148999579
      ],
      [
        0.00145833264,
        -0.0148831923,
        0.9998882
      ]
    ],
    "translation": [
      1.61728847,
      0.851517856,
      -0.7546299
    ]
  },
  {
    "timeStamp": 43943,
    "rotation": [
      [
        0.9997731,
        0.0211653057,
        0.00241939747
      ],
      [
        -0.02116265,
        0.999775469,
        -0.00111789047
      ],
      [
        -0.00244251452,
        0.001066436,
        0.9999965
      ]
    ],
    "translation": [
      1.61851692,
      0.8520373,
      -0.7522092
    ]
  },
  {
    "timeStamp": 43998,
    "rotation": [
      [
        0.9996961,
        0.0246112831,
        0.00141157885
      ],
      [
        -0.0246062838,
        0.999691248,
        -0.00345551688
      ],
      [
        -0.00149618764,
        0.003419733,
        0.999993
      ]
    ],
    "translation": [
      1.61905658,
      0.8521223,
      -0.7518682
    ]
  },
  {
    "timeStamp": 44043,
    "rotation": [
      [
        0.997046053,
        0.07549087,
        0.0141558815
      ],
      [
        -0.07587516,
        0.996697664,
        0.0289245471
      ],
      [
        -0.0119255958,
        -0.0299131852,
        0.9994814
      ]
    ],
    "translation": [
      1.62334073,
      0.8541692,
      -0.75300163
    ]
  },
  {
    "timeStamp": 44098,
    "rotation": [
      [
        0.990885437,
        0.1301194,
        0.03485685
      ],
      [
        -0.13153249,
        0.99042666,
        0.04188296
      ],
      [
        -0.0290733688,
        -0.04608602,
        0.9985143
      ]
    ],
    "translation": [
      1.623611,
      0.8759812,
      -0.747012436
    ]
  },
  {
    "timeStamp": 44142,
    "rotation": [
      [
        0.9826566,
        0.173841745,
        0.06453816
      ],
      [
        -0.178187519,
        0.9815671,
        0.06910326
      ],
      [
        -0.0513355061,
        -0.0794046745,
        0.995519757
      ]
    ],
    "translation": [
      1.62823844,
      0.8993481,
      -0.742802858
    ]
  },
  {
    "timeStamp": 44198,
    "rotation": [
      [
        0.95841974,
        0.254753143,
        0.128578678
      ],
      [
        -0.266142279,
        0.960552335,
        0.08066874
      ],
      [
        -0.102955945,
        -0.111534737,
        0.9884129
      ]
    ],
    "translation": [
      1.63939369,
      0.9346771,
      -0.735243738
    ]
  },
  {
    "timeStamp": 44242,
    "rotation": [
      [
        0.938631058,
        0.2973549,
        0.174790561
      ],
      [
        -0.32052514,
        0.9391488,
        0.1235442
      ],
      [
        -0.127417862,
        -0.171987191,
        0.976824
      ]
    ],
    "translation": [
      1.6523186,
      0.9648539,
      -0.730923235
    ]
  },
  {
    "timeStamp": 44302,
    "rotation": [
      [
        0.8993662,
        0.3574317,
        0.251759857
      ],
      [
        -0.399860978,
        0.905337155,
        0.143093586
      ],
      [
        -0.1767814,
        -0.229362488,
        0.9571526
      ]
    ],
    "translation": [
      1.67485976,
      1.00336,
      -0.7227058
    ]
  },
  {
    "timeStamp": 44340,
    "rotation": [
      [
        0.8659447,
        0.385270923,
        0.318913966
      ],
      [
        -0.449056834,
        0.87967,
        0.156616151
      ],
      [
        -0.2201994,
        -0.278831422,
        0.934754133
      ]
    ],
    "translation": [
      1.69955289,
      1.03256989,
      -0.716951966
    ]
  },
  {
    "timeStamp": 44396,
    "rotation": [
      [
        0.8352879,
        0.381149262,
        0.396256745
      ],
      [
        -0.4860508,
        0.8487809,
        0.208148226
      ],
      [
        -0.256999582,
        -0.366464585,
        0.8942343
      ]
    ],
    "translation": [
      1.73452127,
      1.06555235,
      -0.7101056
    ]
  },
  {
    "timeStamp": 44440,
    "rotation": [
      [
        0.797611952,
        0.3728586,
        0.474121869
      ],
      [
        -0.5164805,
        0.8282006,
        0.217558637
      ],
      [
        -0.311549366,
        -0.418402046,
        0.8531569
      ]
    ],
    "translation": [
      1.76829231,
      1.09074569,
      -0.703027248
    ]
  },
  {
    "timeStamp": 44496,
    "rotation": [
      [
        0.7712694,
        0.328338623,
        0.5452864
      ],
      [
        -0.527868748,
        0.808641434,
        0.259718239
      ],
      [
        -0.355665684,
        -0.4881524,
        0.7970001
      ]
    ],
    "translation": [
      1.81475317,
      1.11474669,
      -0.6959944
    ]
  },
  {
    "timeStamp": 44540,
    "rotation": [
      [
        0.746946454,
        0.278358132,
        0.603811
      ],
      [
        -0.5270926,
        0.8014535,
        0.282569915
      ],
      [
        -0.4052708,
        -0.5293289,
        0.745363355
      ]
    ],
    "translation": [
      1.85553873,
      1.13076186,
      -0.689949155
    ]
  },
  {
    "timeStamp": 44596,
    "rotation": [
      [
        0.706510246,
        0.21791327,
        0.67331785
      ],
      [
        -0.5257331,
        0.7985162,
        0.2932175
      ],
      [
        -0.473759264,
        -0.561146736,
        0.6787241
      ]
    ],
    "translation": [
      1.9097544,
      1.14334762,
      -0.6818668
    ]
  },
  {
    "timeStamp": 44640,
    "rotation": [
      [
        0.6805568,
        0.1560493,
        0.715884864
      ],
      [
        -0.517438948,
        0.7941175,
        0.3188014
      ],
      [
        -0.5187479,
        -0.5873892,
        0.621188045
      ]
    ],
    "translation": [
      1.95203686,
      1.14890218,
      -0.6778834
    ]
  },
  {
    "timeStamp": 44696,
    "rotation": [
      [
        0.647105,
        0.09950804,
        0.7558792
      ],
      [
        -0.495471776,
        0.8084213,
        0.3177463
      ],
      [
        -0.579450548,
        -0.580132,
        0.572436869
      ]
    ],
    "translation": [
      2.00195336,
      1.14911377,
      -0.671689868
    ]
  },
  {
    "timeStamp": 44741,
    "rotation": [
      [
        0.6331847,
        0.04188276,
        0.7728668
      ],
      [
        -0.458795875,
        0.8245096,
        0.331195235
      ],
      [
        -0.6233647,
        -0.5642958,
        0.5412825
      ]
    ],
    "translation": [
      2.03656054,
      1.14368069,
      -0.668328166
    ]
  },
  {
    "timeStamp": 44797,
    "rotation": [
      [
        0.5814857,
        0.0403298959,
        0.812556446
      ],
      [
        -0.4693878,
        0.832401,
        0.294590771
      ],
      [
        -0.664491951,
        -0.5527044,
        0.5029596
      ]
    ],
    "translation": [
      2.07771039,
      1.13591313,
      -0.663328767
    ]
  },
  {
    "timeStamp": 44842,
    "rotation": [
      [
        0.6082417,
        -0.0318109132,
        0.793114245
      ],
      [
        -0.387774348,
        0.8599356,
        0.331876338
      ],
      [
        -0.6925844,
        -0.5094104,
        0.51071316
      ]
    ],
    "translation": [
      2.09919167,
      1.12174761,
      -0.659796357
    ]
  },
  {
    "timeStamp": 44890,
    "rotation": [
      [
        0.574363768,
        -0.01269518,
        0.8185017
      ],
      [
        -0.400242865,
        0.8678597,
        0.294321477
      ],
      [
        -0.714081168,
        -0.49664706,
        0.49338606
      ]
    ],
    "translation": [
      2.12187338,
      1.11116779,
      -0.658299267
    ]
  },
  {
    "timeStamp": 44948,
    "rotation": [
      [
        0.5854329,
        -0.06581118,
        0.8080453
      ],
      [
        -0.313039869,
        0.9010522,
        0.300185055
      ],
      [
        -0.747846544,
        -0.428688616,
        0.506904
      ]
    ],
    "translation": [
      2.14362454,
      1.08900082,
      -0.655549943
    ]
  },
  {
    "timeStamp": 44992,
    "rotation": [
      [
        0.557157338,
        -0.0458672047,
        0.829139233
      ],
      [
        -0.311765969,
        0.9138789,
        0.260052532
      ],
      [
        -0.7696608,
        -0.403387576,
        0.4948745
      ]
    ],
    "translation": [
      2.15855956,
      1.07939136,
      -0.6546622
    ]
  },
  {
    "timeStamp": 45048,
    "rotation": [
      [
        0.549259961,
        -0.05723278,
        0.833689332
      ],
      [
        -0.27691558,
        0.9288172,
        0.24620375
      ],
      [
        -0.788435936,
        -0.36609143,
        0.494313449
      ]
    ],
    "translation": [
      2.17002487,
      1.06522429,
      -0.6530214
    ]
  },
  {
    "timeStamp": 45092,
    "rotation": [
      [
        0.542379737,
        -0.0550497025,
        0.8383279
      ],
      [
        -0.2668032,
        0.9349098,
        0.234007671
      ],
      [
        -0.7966431,
        -0.3505896,
        0.492388725
      ]
    ],
    "translation": [
      2.1795702,
      1.0574553,
      -0.6518975
    ]
  },
  {
    "timeStamp": 45148,
    "rotation": [
      [
        0.531994045,
        -0.0486589,
        0.845348835
      ],
      [
        -0.259605825,
        0.9408954,
        0.2175335
      ],
      [
        -0.805969656,
        -0.335184,
        0.4879186
      ]
    ],
    "translation": [
      2.18624759,
      1.04898548,
      -0.649683058
    ]
  },
  {
    "timeStamp": 45192,
    "rotation": [
      [
        0.5337748,
        -0.04198169,
        0.844584
      ],
      [
        -0.242182225,
        0.949341238,
        0.200247362
      ],
      [
        -0.8102051,
        -0.311430216,
        0.4965672
      ]
    ],
    "translation": [
      2.192244,
      1.04284108,
      -0.647499442
    ]
  },
  {
    "timeStamp": 45248,
    "rotation": [
      [
        0.521282434,
        -0.0252447464,
        0.8530107
      ],
      [
        -0.247625738,
        0.952082038,
        0.179503039
      ],
      [
        -0.8166677,
        -0.3047992,
        0.4900524
      ]
    ],
    "translation": [
      2.19797778,
      1.03726959,
      -0.645741463
    ]
  },
  {
    "timeStamp": 45292,
    "rotation": [
      [
        0.52423346,
        -0.026945699,
        0.8511482
      ],
      [
        -0.235965177,
        0.955765665,
        0.175591752
      ],
      [
        -0.8182296,
        -0.2928924,
        0.494686067
      ]
    ],
    "translation": [
      2.201429,
      1.033059,
      -0.6448809
    ]
  },
  {
    "timeStamp": 45348,
    "rotation": [
      [
        0.5302727,
        -0.0224884767,
        0.8475289
      ],
      [
        -0.2264253,
        0.959583,
        0.167129084
      ],
      [
        -0.817032754,
        -0.280525982,
        0.5037487
      ]
    ],
    "translation": [
      2.203312,
      1.02761841,
      -0.644794464
    ]
  },
  {
    "timeStamp": 45394,
    "rotation": [
      [
        0.533672869,
        -0.0209205374,
        0.8454322
      ],
      [
        -0.219788268,
        0.9619112,
        0.162542582
      ],
      [
        -0.816631138,
        -0.272560626,
        0.5087478
      ]
    ],
    "translation": [
      2.20535254,
      1.02479649,
      -0.644560158
    ]
  },
  {
    "timeStamp": 45440,
    "rotation": [
      [
        0.537491739,
        -0.0269155167,
        0.84283936
      ],
      [
        -0.202061549,
        0.966262043,
        0.159714714
      ],
      [
        -0.8187025,
        -0.256150752,
        0.513919234
      ]
    ],
    "translation": [
      2.2073884,
      1.02181375,
      -0.644328952
    ]
  },
  {
    "timeStamp": 45496,
    "rotation": [
      [
        0.54380995,
        -0.03422546,
        0.838510156
      ],
      [
        -0.187846839,
        0.968851149,
        0.161372349
      ],
      [
        -0.8179146,
        -0.245267376,
        0.5204418
      ]
    ],
    "translation": [
      2.209319,
      1.01851094,
      -0.6439496
    ]
  }
]