[
  {
    "timeStamp": 47550,
    "rotation": [
      [
        0.998393238,
        -0.003354024,
        0.05656588
      ],
      [
        -0.0565495454,
        -0.122729085,
        0.9908278
      ],
      [
        0.00361901661,
        -0.992434561,
        -0.122721553
      ]
    ],
    "translation": [
      1.46177423,
      0.712111354,
      -0.7498811
    ]
  },
  {
    "timeStamp": 47595,
    "rotation": [
      [
        0.998801231,
        0.03675067,
        0.0323331058
      ],
      [
        -0.0296226442,
        -0.0720455,
        0.996961355
      ],
      [
        0.038968455,
        -0.996724069,
        -0.07087048
      ]
    ],
    "translation": [
      1.457288,
      0.7098825,
      -0.7501921
    ]
  },
  {
    "timeStamp": 47650,
    "rotation": [
      [
        0.999213636,
        0.0319107473,
        0.0235350635
      ],
      [
        -0.02125923,
        -0.0698729455,
        0.997329354
      ],
      [
        0.03346998,
        -0.9970454,
        -0.0691396
      ]
    ],
    "translation": [
      1.45781553,
      0.709486,
      -0.75007534
    ]
  },
  {
    "timeStamp": 47694,
    "rotation": [
      [
        0.996987045,
        -0.05109793,
        0.0583595522
      ],
      [
        -0.0620897263,
        -0.0747439861,
        0.9952679
      ],
      [
        -0.0464941263,
        -0.995892763,
        -0.07769144
      ]
    ],
    "translation": [
      1.462846,
      0.711877465,
      -0.74812907
    ]
  },
  {
    "timeStamp": 47750,
    "rotation": [
      [
        0.9723388,
        -0.201154321,
        0.1187192
      ],
      [
        -0.131584555,
        -0.05179394,
        0.989950955
      ],
      [
        -0.19298397,
        -0.9781893,
        -0.07683006
      ]
    ],
    "translation": [
      1.46593523,
      0.725662649,
      -0.7459338
    ]
  },
  {
    "timeStamp": 47795,
    "rotation": [
      [
        0.9425022,
        -0.30132854,
        0.144536316
      ],
      [
        -0.162363842,
        -0.0348415822,
        0.986115634
      ],
      [
        -0.292108923,
        -0.952883661,
        -0.081763126
      ]
    ],
    "translation": [
      1.477027,
      0.7426405,
      -0.741265059
    ]
  },
  {
    "timeStamp": 47850,
    "rotation": [
      [
        0.877230644,
        -0.446089536,
        0.177399471
      ],
      [
        -0.182617515,
        0.0316710919,
        0.9826738
      ],
      [
        -0.443978935,
        -0.894427836,
        -0.0536809042
      ]
    ],
    "translation": [
      1.49841547,
      0.7670288,
      -0.7409645
    ]
  },
  {
    "timeStamp": 47895,
    "rotation": [
      [
        0.812045336,
        -0.54703486,
        0.20331043
      ],
      [
        -0.204446226,
        0.0596428066,
        0.977059066
      ],
      [
        -0.546611369,
        -0.8349824,
        -0.06340654
      ]
    ],
    "translation": [
      1.52451169,
      0.788673162,
      -0.7378527
    ]
  },
  {
    "timeStamp": 47950,
    "rotation": [
      [
        0.7109862,
        -0.6621221,
        0.236839488
      ],
      [
        -0.189517677,
        0.143917978,
        0.9712727
      ],
      [
        -0.677186549,
        -0.735446751,
        -0.0231601447
      ]
    ],
    "translation": [
      1.56289649,
      0.812110245,
      -0.7440603
    ]
  },
  {
    "timeStamp": 47994,
    "rotation": [
      [
        0.632584,
        -0.730162859,
        0.258262515
      ],
      [
        -0.187749341,
        0.178942725,
        0.9657793
      ],
      [
        -0.7513904,
        -0.659425139,
        -0.0238912981
      ]
    ],
    "translation": [
      1.60004854,
      0.831524,
      -0.7469907
    ]
  },
  {
    "timeStamp": 48049,
    "rotation": [
      [
        0.4989787,
        -0.8173046,
        0.2881552
      ],
      [
        -0.152698,
        0.244386792,
        0.957579434
      ],
      [
        -0.8530554,
        -0.5218125,
        -0.00285695726
      ]
    ],
    "translation": [
      1.65289032,
      0.851739764,
      -0.7520677
    ]
  },
  {
    "timeStamp": 48094,
    "rotation": [
      [
        0.384086818,
        -0.869867265,
        0.309529245
      ],
      [
        -0.135145232,
        0.278666347,
        0.950831652
      ],
      [
        -0.913352668,
        -0.407033324,
        -0.01052634
      ]
    ],
    "translation": [
      1.69826519,
      0.867559731,
      -0.7553371
    ]
  },
  {
    "timeStamp": 48149,
    "rotation": [
      [
        0.23991853,
        -0.9188402,
        0.313323855
      ],
      [
        -0.1171536,
        0.292988151,
        0.9489115
      ],
      [
        -0.9636982,
        -0.264368445,
        -0.0373521522
      ]
    ],
    "translation": [
      1.76022923,
      0.884549856,
      -0.757953167
    ]
  },
  {
    "timeStamp": 48194,
    "rotation": [
      [
        0.130462185,
        -0.9399815,
        0.3153003
      ],
      [
        -0.11109899,
        0.302155137,
        0.9467625
      ],
      [
        -0.985208869,
        -0.158546269,
        -0.06501118
      ]
    ],
    "translation": [
      1.80870819,
      0.8973269,
      -0.7610909
    ]
  },
  {
    "timeStamp": 48250,
    "rotation": [
      [
        0.0184879825,
        -0.9664467,
        0.256200939
      ],
      [
        -0.156285122,
        0.2503015,
        0.9554706
      ],
      [
        -0.987538934,
        -0.05770512,
        -0.146413669
      ]
    ],
    "translation": [
      1.87442076,
      0.9146434,
      -0.758171439
    ]
  },
  {
    "timeStamp": 48294,
    "rotation": [
      [
        -0.06344941,
        -0.9701695,
        0.233977348
      ],
      [
        -0.15935722,
        0.241290674,
        0.9572795
      ],
      [
        -0.9851799,
        0.0234528221,
        -0.169913247
      ]
    ],
    "translation": [
      1.91957521,
      0.924707055,
      -0.7636949
    ]
  },
  {
    "timeStamp": 48349,
    "rotation": [
      [
        -0.131452888,
        -0.977696955,
        0.163794845
      ],
      [
        -0.205373168,
        0.188502878,
        0.96035856
      ],
      [
        -0.969815433,
        0.09260286,
        -0.22557196
      ]
    ],
    "translation": [
      1.97570133,
      0.9395057,
      -0.7658674
    ]
  },
  {
    "timeStamp": 48394,
    "rotation": [
      [
        -0.189059615,
        -0.9701346,
        0.15197134
      ],
      [
        -0.212950781,
        0.191585213,
        0.958095551
      ],
      [
        -0.9585971,
        0.148774773,
        -0.242811978
      ]
    ],
    "translation": [
      2.01197624,
      0.9485848,
      -0.7703122
    ]
  },
  {
    "timeStamp": 48450,
    "rotation": [
      [
        -0.233662948,
        -0.961966455,
        0.14149937
      ],
      [
        -0.236056179,
        0.197298065,
        0.9514993
      ],
      [
        -0.943227947,
        0.1889283,
        -0.273179382
      ]
    ],
    "translation": [
      2.050745,
      0.9602851,
      -0.7722231
    ]
  },
  {
    "timeStamp": 48495,
    "rotation": [
      [
        -0.264125437,
        -0.9564438,
        0.124310471
      ],
      [
        -0.2514841,
        0.1927236,
        0.948479533
      ],
      [
        -0.931124866,
        0.219255492,
        -0.2914336
      ]
    ],
    "translation": [
      2.08025813,
      0.967607141,
      -0.773256063
    ]
  },
  {
    "timeStamp": 48550,
    "rotation": [
      [
        -0.294742316,
        -0.9499466,
        0.10357818
      ],
      [
        -0.2656728,
        0.18558237,
        0.946032345
      ],
      [
        -0.91790247,
        0.2513179,
        -0.307073951
      ]
    ],
    "translation": [
      2.11524177,
      0.9741778,
      -0.770751357
    ]
  },
  {
    "timeStamp": 48591,
    "rotation": [
      [
        -0.303774983,
        -0.9492076,
        0.0820103139
      ],
      [
        -0.281412959,
        0.17163077,
        0.944113135
      ],
      [
        -0.9102348,
        0.263719171,
        -0.319256425
      ]
    ],
    "translation": [
      2.134844,
      0.977611065,
      -0.7671952
    ]
  },
  {
    "timeStamp": 48645,
    "rotation": [
      [
        -0.339479268,
        -0.9387435,
        0.05928347
      ],
      [
        -0.282973349,
        0.162032276,
        0.945342064
      ],
      [
        -0.897039533,
        0.3041484,
        -0.320646
      ]
    ],
    "translation": [
      2.17173767,
      0.980704963,
      -0.76069
    ]
  },
  {
    "timeStamp": 48700,
    "rotation": [
      [
        -0.363160253,
        -0.930134,
        0.0544548854
      ],
      [
        -0.2885772,
        0.167858019,
        0.942627668
      ],
      [
        -0.885910749,
        0.326610476,
        -0.32937482
      ]
    ],
    "translation": [
      2.19575262,
      0.9836795,
      -0.750809669
    ]
  },
  {
    "timeStamp": 48745,
    "rotation": [
      [
        -0.396356016,
        -0.9160067,
        0.0619161353
      ],
      [
        -0.283551276,
        0.186277255,
        0.940690935
      ],
      [
        -0.873212755,
        0.3552921,
        -0.333567
      ]
    ],
    "translation": [
      2.21148,
      0.98343575,
      -0.7417776
    ]
  },
  {
    "timeStamp": 48800,
    "rotation": [
      [
        -0.458755523,
        -0.8853939,
        0.0749732256
      ],
      [
        -0.2592793,
        0.214089692,
        0.941774845
      ],
      [
        -0.849892735,
        0.4126054,
        -0.327779144
      ]
    ],
    "translation": [
      2.22766948,
      0.977966666,
      -0.729097366
    ]
  },
  {
    "timeStamp": 48845,
    "rotation": [
      [
        -0.508272052,
        -0.856408238,
        0.09068882
      ],
      [
        -0.243240014,
        0.243778244,
        0.9388325
      ],
      [
        -0.8261319,
        0.455123156,
        -0.3322184
      ]
    ],
    "translation": [
      2.23762369,
      0.971901655,
      -0.715259552
    ]
  },
  {
    "timeStamp": 48900,
    "rotation": [
      [
        -0.5590905,
        -0.8211088,
        0.114883073
      ],
      [
        -0.219454408,
        0.280177474,
        0.9345268
      ],
      [
        -0.7995359,
        0.497273475,
        -0.3368405
      ]
    ],
    "translation": [
      2.24532151,
      0.961638868,
      -0.6967688
    ]
  },
  {
    "timeStamp": 48945,
    "rotation": [
      [
        -0.5914493,
        -0.7945493,
        0.137401581
      ],
      [
        -0.192201078,
        0.304406524,
        0.932949841
      ],
      [
        -0.783100545,
        0.52538383,
        -0.332754254
      ]
    ],
    "translation": [
      2.24892187,
      0.9486822,
      -0.6848882
    ]
  },
  {
    "timeStamp": 49000,
    "rotation": [
      [
        -0.6322643,
        -0.757589,
        0.162175164
      ],
      [
        -0.16134119,
        0.333486974,
        0.9288463
      ],
      [
        -0.757767,
        0.561110854,
        -0.333082229
      ]
    ],
    "translation": [
      2.2511127,
      0.9371205,
      -0.6671244
    ]
  },
  {
    "timeStamp": 49045,
    "rotation": [
      [
        -0.64465344,
        -0.7408521,
        0.1885738
      ],
      [
        -0.131132215,
        0.35017693,
        0.9274591
      ],
      [
        -0.7531442,
        0.5731616,
        -0.322892368
      ]
    ],
    "translation": [
      2.24945521,
      0.9270032,
      -0.655381739
    ]
  },
  {
    "timeStamp": 49091,
    "rotation": [
      [
        -0.657819033,
        -0.7211303,
        0.217359558
      ],
      [
        -0.1010809,
        0.370507061,
        0.923313141
      ],
      [
        -0.7463623,
        0.585402,
        -0.3166191
      ]
    ],
    "translation": [
      2.24480963,
      0.9184998,
      -0.645804763
    ]
  },
  {
    "timeStamp": 49147,
    "rotation": [
      [
        -0.661516666,
        -0.720111966,
        0.209367052
      ],
      [
        -0.102219172,
        0.363159,
        0.926103
      ],
      [
        -0.742931366,
        0.5912312,
        -0.313844979
      ]
    ],
    "translation": [
      2.24541879,
      0.912120163,
      -0.6355181
    ]
  },
  {
    "timeStamp": 49193,
    "rotation": [
      [
        -0.6606788,
        -0.722741961,
        0.202848554
      ],
      [
        -0.103331722,
        0.35521242,
        0.9290569
      ],
      [
        -0.743522763,
        0.592847466,
        -0.309363484
      ]
    ],
    "translation": [
      2.24624848,
      0.906739831,
      -0.628927
    ]
  },
  {
    "timeStamp": 49250,
    "rotation": [
      [
        -0.659846365,
        -0.726225257,
        0.192872033
      ],
      [
        -0.09716932,
        0.3369989,
        0.936477363
      ],
      [
        -0.7450912,
        0.599189937,
        -0.2929343
      ]
    ],
    "translation": [
      2.24772859,
      0.898970842,
      -0.6242059
    ]
  },
  {
    "timeStamp": 49294,
    "rotation": [
      [
        -0.6518348,
        -0.7369172,
        0.179065391
      ],
      [
        -0.09900025,
        0.316788584,
        0.9433154
      ],
      [
        -0.7518712,
        0.5971583,
        -0.2794488
      ]
    ],
    "translation": [
      2.24895763,
      0.8930002,
      -0.6208239
    ]
  },
  {
    "timeStamp": 49349,
    "rotation": [
      [
        -0.6589057,
        -0.73280853,
        0.169808641
      ],
      [
        -0.086300984,
        0.297894418,
        0.9506898
      ],
      [
        -0.7472586,
        0.611760259,
        -0.2595264
      ]
    ],
    "translation": [
      2.25144577,
      0.883487046,
      -0.6194087
    ]
  },
  {
    "timeStamp": 49394,
    "rotation": [
      [
        -0.644682944,
        -0.7472148,
        0.1614124
      ],
      [
        -0.08381688,
        0.2789669,
        0.9566359
      ],
      [
        -0.7598412,
        0.603197753,
        -0.242474422
      ]
    ],
    "translation": [
      2.25064754,
      0.8765351,
      -0.6174815
    ]
  },
  {
    "timeStamp": 49450,
    "rotation": [
      [
        -0.641282856,
        -0.7587666,
        0.1141471
      ],
      [
        -0.101672605,
        0.23148039,
        0.967512
      ],
      [
        -0.7605386,
        0.6088432,
        -0.225590184
      ]
    ],
    "translation": [
      2.25747657,
      0.869712,
      -0.615714848
    ]
  },
  {
    "timeStamp": 49494,
    "rotation": [
      [
        -0.63187027,
        -0.7682664,
        0.102502435
      ],
      [
        -0.101949133,
        0.213482365,
        0.97161293
      ],
      [
        -0.768340051,
        0.6034833,
        -0.213217244
      ]
    ],
    "translation": [
      2.257966,
      0.8648291,
      -0.613707066
    ]
  },
  {
    "timeStamp": 49550,
    "rotation": [
      [
        -0.617614031,
        -0.7818215,
        0.08548742
      ],
      [
        -0.107325986,
        0.191461608,
        0.9756145
      ],
      [
        -0.7791239,
        0.5933781,
        -0.202159137
      ]
    ],
    "translation": [
      2.25896978,
      0.8603987,
      -0.610666156
    ]
  },
  {
    "timeStamp": 49594,
    "rotation": [
      [
        -0.604454756,
        -0.794126153,
        0.06323
      ],
      [
        -0.118063182,
        0.167792946,
        0.978727043
      ],
      [
        -0.787842333,
        0.5841311,
        -0.195180312
      ]
    ],
    "translation": [
      2.26050115,
      0.8573533,
      -0.6079447
    ]
  },
  {
    "timeStamp": 49650,
    "rotation": [
      [
        -0.60780865,
        -0.7916301,
        0.0623735674
      ],
      [
        -0.105687529,
        0.158494636,
        0.9816871
      ],
      [
        -0.787018955,
        0.5900858,
        -0.179999843
      ]
    ],
    "translation": [
      2.25988579,
      0.8517513,
      -0.606579363
    ]
  },
  {
    "timeStamp": 49694,
    "rotation": [
      [
        -0.596008658,
        -0.8012353,
        0.052873604
      ],
      [
        -0.106901042,
        0.144435614,
        0.9837228
      ],
      [
        -0.7958303,
        0.580655038,
        -0.17173776
      ]
    ],
    "translation": [
      2.25912523,
      0.8474596,
      -0.6042014
    ]
  },
  {
    "timeStamp": 49749,
    "rotation": [
      [
        -0.58788234,
        -0.8079669,
        0.03979734
      ],
      [
        -0.103489608,
        0.123909771,
        0.9868821
      ],
      [
        -0.8022993,
        0.57605195,
        -0.156460539
      ]
    ],
    "translation": [
      2.258511,
      0.8414353,
      -0.602830946
    ]
  },
  {
    "timeStamp": 49794,
    "rotation": [
      [
        -0.5841172,
        -0.8113277,
        0.0235485882
      ],
      [
        -0.107175112,
        0.105854511,
        0.988589048
      ],
      [
        -0.8045624,
        0.574928,
        -0.148785561
      ]
    ],
    "translation": [
      2.259555,
      0.8370683,
      -0.6009395
    ]
  },
  {
    "timeStamp": 49849,
    "rotation": [
      [
        -0.593383849,
        -0.804170847,
        0.0347114876
      ],
      [
        -0.08685038,
        0.106838621,
        0.9904759
      ],
      [
        -0.8002204,
        0.5847177,
        -0.133238852
      ]
    ],
    "translation": [
      2.25809717,
      0.8288382,
      -0.5994892
    ]
  },
  {
    "timeStamp": 49894,
    "rotation": [
      [
        -0.601174,
        -0.7984064,
        0.033719372
      ],
      [
        -0.07534658,
        0.09864025,
        0.9922666
      ],
      [
        -0.7955581,
        0.5939842,
        -0.119457155
      ]
    ],
    "translation": [
      2.25777936,
      0.8223915,
      -0.5992026
    ]
  },
  {
    "timeStamp": 49949,
    "rotation": [
      [
        -0.6155302,
        -0.7872457,
        0.03696962
      ],
      [
        -0.0590494648,
        0.092845045,
        0.993928
      ],
      [
        -0.78589803,
        0.609609663,
        -0.103635371
      ]
    ],
    "translation": [
      2.256048,
      0.81580925,
      -0.5993945
    ]
  },
  {
    "timeStamp": 49994,
    "rotation": [
      [
        -0.61454916,
        -0.7886851,
        0.01746938
      ],
      [
        -0.06375691,
        0.07172762,
        0.995384455
      ],
      [
        -0.7862979,
        0.610598862,
        -0.09436427
      ]
    ],
    "translation": [
      2.25589728,
      0.813377559,
      -0.598457932
    ]
  },
  {
    "timeStamp": 50049,
    "rotation": [
      [
        -0.609912753,
        -0.7920742,
        -0.0249966979
      ],
      [
        -0.06455342,
        0.018219946,
        0.9977479
      ],
      [
        -0.789835,
        0.6101528,
        -0.0622436777
      ]
    ],
    "translation": [
      2.25941873,
      0.814742863,
      -0.6002806
    ]
  },
  {
    "timeStamp": 50094,
    "rotation": [
      [
        -0.602162838,
        -0.795735836,
        -0.06484187
      ],
      [
        -0.07991194,
        -0.0207361635,
        0.9965862
      ],
      [
        -0.7943639,
        0.605288863,
        -0.0511022434
      ]
    ],
    "translation": [
      2.26314831,
      0.8166488,
      -0.599016845
    ]
  },
  {
    "timeStamp": 50149,
    "rotation": [
      [
        -0.64483875,
        -0.7641192,
        0.017460024
      ],
      [
        -0.05141957,
        0.066162385,
        0.9964831
      ],
      [
        -0.7625871,
        0.6416731,
        -0.08195475
      ]
    ],
    "translation": [
      2.25056124,
      0.804475665,
      -0.595972657
    ]
  },
  {
    "timeStamp": 50194,
    "rotation": [
      [
        -0.646599,
        -0.7628058,
        0.006086341
      ],
      [
        -0.05843836,
        0.0574878156,
        0.996634364
      ],
      [
        -0.7605884,
        0.6440671,
        -0.08174869
      ]
    ],
    "translation": [
      2.24966884,
      0.80551666,
      -0.594902337
    ]
  },
  {
    "timeStamp": 50249,
    "rotation": [
      [
        -0.649231255,
        -0.76056087,
        0.006779887
      ],
      [
        -0.0623496,
        0.0621027127,
        0.9961204
      ],
      [
        -0.7580312,
        0.646289766,
        -0.08773968
      ]
    ],
    "translation": [
      2.24888921,
      0.8062835,
      -0.593011141
    ]
  },
  {
    "timeStamp": 50293,
    "rotation": [
      [
        -0.65056473,
        -0.7593193,
        0.0141317174
      ],
      [
        -0.06267223,
        0.07222166,
        0.9954176
      ],
      [
        -0.756860435,
        0.6466979,
        -0.09457309
      ]
    ],
    "translation": [
      2.247264,
      0.8064084,
      -0.5908967
    ]
  },
  {
    "timeStamp": 50349,
    "rotation": [
      [
        -0.6543531,
        -0.756162643,
        0.006328567
      ],
      [
        -0.06738151,
        0.0666409358,
        0.995499253
      ],
      [
        -0.7531811,
        0.650981545,
        -0.09455808
      ]
    ],
    "translation": [
      2.2482245,
      0.8074519,
      -0.589446843
    ]
  },
  {
    "timeStamp": 50394,
    "rotation": [
      [
        -0.652184844,
        -0.758052647,
        0.00333633949
      ],
      [
        -0.07140337,
        0.0658117458,
        0.995274
      ],
      [
        -0.754689634,
        0.6488644,
        -0.09704894
      ]
    ],
    "translation": [
      2.24825263,
      0.808295965,
      -0.5874522
    ]
  },
  {
    "timeStamp": 50449,
    "rotation": [
      [
        -0.6462022,
        -0.7631587,
        -0.00338649144
      ],
      [
        -0.07596667,
        0.0599078871,
        0.995309055
      ],
      [
        -0.7593759,
        0.6434282,
        -0.09668724
      ]
    ],
    "translation": [
      2.24801159,
      0.808924437,
      -0.585688949
    ]
  },
  {
    "timeStamp": 50494,
    "rotation": [
      [
        -0.643726051,
        -0.7652205,
        -0.007370171
      ],
      [
        -0.0793095455,
        0.05713221,
        0.9952115
      ],
      [
        -0.7611352,
        0.6412281,
        -0.09746678
      ]
    ],
    "translation": [
      2.2489574,
      0.8093957,
      -0.584320843
    ]
  },
  {
    "timeStamp": 50542,
    "rotation": [
      [
        -0.644523442,
        -0.7645513,
        -0.007133947
      ],
      [
        -0.07777685,
        0.0562787727,
        0.995381057
      ],
      [
        -0.7606184,
        0.6421013,
        -0.0957373753
      ]
    ],
    "translation": [
      2.248906,
      0.8094982,
      -0.5838449
    ]
  },
  {
    "timeStamp": 50592,
    "rotation": [
      [
        -0.643768132,
        -0.765090048,
        -0.014136144
      ],
      [
        -0.08136316,
        0.0500693,
        0.9954261
      ],
      [
        -0.760882854,
        0.6419738,
        -0.09448317
      ]
    ],
    "translation": [
      2.250064,
      0.809379041,
      -0.583386838
    ]
  },
  {
    "timeStamp": 50648,
    "rotation": [
      [
        -0.6440007,
        -0.764940858,
        -0.0113353413
      ],
      [
        -0.0784049854,
        0.05125542,
        0.9956031
      ],
      [
        -0.760996461,
        0.642057836,
        -0.09298371
      ]
    ],
    "translation": [
      2.24976182,
      0.8085133,
      -0.582912266
    ]
  },
  {
    "timeStamp": 50692,
    "rotation": [
      [
        -0.6411186,
        -0.7672651,
        -0.0164700691
      ],
      [
        -0.08247712,
        0.04754857,
        0.995458
      ],
      [
        -0.762997031,
        0.639565051,
        -0.0937660858
      ]
    ],
    "translation": [
      2.24974632,
      0.80848527,
      -0.5824721
    ]
  },
  {
    "timeStamp": 50748,
    "rotation": [
      [
        -0.635868549,
        -0.771578133,
        -0.0183975156
      ],
      [
        -0.08320814,
        0.0448357575,
        0.995523036
      ],
      [
        -0.767298937,
        0.634552658,
        -0.0927112252
      ]
    ],
    "translation": [
      2.249344,
      0.808569551,
      -0.581801832
    ]
  },
  {
    "timeStamp": 50792,
    "rotation": [
      [
        -0.6347413,
        -0.7725451,
        -0.0166597441
      ],
      [
        -0.0841882,
        0.0477074645,
        0.995307148
      ],
      [
        -0.7681248,
        0.6331651,
        -0.09532109
      ]
    ],
    "translation": [
      2.2480464,
      0.809280634,
      -0.580957055
    ]
  },
  {
    "timeStamp": 50848,
    "rotation": [
      [
        -0.630956948,
        -0.775654435,
        -0.015918985
      ],
      [
        -0.08511949,
        0.0488162935,
        0.99517417
      ],
      [
        -0.771134138,
        0.6292671,
        -0.0968242958
      ]
    ],
    "translation": [
      2.24741,
      0.8102776,
      -0.5802494
    ]
  }
]