[
  {
    "timeStamp": 63399,
    "rotation": [
      [
        0.997296333,
        0.009447832,
        0.07287497
      ],
      [
        -0.07235288,
        -0.04714909,
        0.99626404
      ],
      [
        0.0128485169,
        -0.9988432,
        -0.0463380329
      ]
    ],
    "translation": [
      1.592701,
      0.698400438,
      -0.49104175
    ]
  },
  {
    "timeStamp": 63443,
    "rotation": [
      [
        0.9934189,
        0.008084118,
        0.114252515
      ],
      [
        -0.113643661,
        -0.05485355,
        0.9920061
      ],
      [
        0.0142866736,
        -0.9984617,
        -0.05357384
      ]
    ],
    "translation": [
      1.59283268,
      0.7031355,
      -0.491054982
    ]
  },
  {
    "timeStamp": 63499,
    "rotation": [
      [
        0.9852877,
        0.00178976124,
        0.17089428
      ],
      [
        -0.170310482,
        -0.07295727,
        0.9826859
      ],
      [
        0.0142267365,
        -0.9973334,
        -0.07157909
      ]
    ],
    "translation": [
      1.59305787,
      0.703995347,
      -0.49109444
    ]
  },
  {
    "timeStamp": 63542,
    "rotation": [
      [
        0.9636418,
        -0.009053686,
        0.267044
      ],
      [
        -0.266773671,
        -0.088866204,
        0.9596534
      ],
      [
        0.0150427883,
        -0.996002436,
        -0.08805047
      ]
    ],
    "translation": [
      1.59330928,
      0.706932068,
      -0.491084963
    ]
  },
  {
    "timeStamp": 63598,
    "rotation": [
      [
        0.996536851,
        0.06907847,
        0.04628616
      ],
      [
        -0.0351044945,
        -0.155102238,
        0.9872745
      ],
      [
        0.07537849,
        -0.9854803,
        -0.152140141
      ]
    ],
    "translation": [
      1.6102699,
      0.720447838,
      -0.4953917
    ]
  },
  {
    "timeStamp": 63643,
    "rotation": [
      [
        0.990371466,
        0.119243473,
        0.07032295
      ],
      [
        -0.0420621857,
        -0.224770755,
        0.9735034
      ],
      [
        0.131890476,
        -0.967088,
        -0.217590913
      ]
    ],
    "translation": [
      1.61557925,
      0.747838438,
      -0.5029945
    ]
  },
  {
    "timeStamp": 63698,
    "rotation": [
      [
        0.9751705,
        0.16217719,
        0.1508016
      ],
      [
        -0.09332371,
        -0.3165926,
        0.943959653
      ],
      [
        0.200831383,
        -0.9345949,
        -0.2935968
      ]
    ],
    "translation": [
      1.6204052,
      0.791322351,
      -0.5225799
    ]
  },
  {
    "timeStamp": 63742,
    "rotation": [
      [
        0.9603519,
        0.181424528,
        0.21168226
      ],
      [
        -0.13714236,
        -0.3536402,
        0.92527324
      ],
      [
        0.242726624,
        -0.9176185,
        -0.314738065
      ]
    ],
    "translation": [
      1.63102686,
      0.8229858,
      -0.547021568
    ]
  },
  {
    "timeStamp": 63798,
    "rotation": [
      [
        0.9266451,
        0.205876276,
        0.3145533
      ],
      [
        -0.2087207,
        -0.414167672,
        0.8859463
      ],
      [
        0.312673122,
        -0.8866116,
        -0.3408158
      ]
    ],
    "translation": [
      1.64878714,
      0.8652663,
      -0.582784235
    ]
  },
  {
    "timeStamp": 63843,
    "rotation": [
      [
        0.9067773,
        0.231141925,
        0.352602124
      ],
      [
        -0.225929677,
        -0.439708,
        0.869259834
      ],
      [
        0.355964363,
        -0.8678884,
        -0.34649542
      ]
    ],
    "translation": [
      1.67350507,
      0.8965811,
      -0.6153785
    ]
  },
  {
    "timeStamp": 63898,
    "rotation": [
      [
        0.893921256,
        0.230954319,
        0.3841417
      ],
      [
        -0.24209334,
        -0.472487032,
        0.8474354
      ],
      [
        0.377220869,
        -0.8505387,
        -0.366453677
      ]
    ],
    "translation": [
      1.71560514,
      0.93197304,
      -0.6531816
    ]
  },
  {
    "timeStamp": 63943,
    "rotation": [
      [
        0.8982075,
        0.215472192,
        0.383138329
      ],
      [
        -0.2455043,
        -0.4771007,
        0.8438617
      ],
      [
        0.364624262,
        -0.852025,
        -0.3756361
      ]
    ],
    "translation": [
      1.75549209,
      0.95418483,
      -0.6787141
    ]
  },
  {
    "timeStamp": 63999,
    "rotation": [
      [
        0.923504949,
        0.17479001,
        0.341448426
      ],
      [
        -0.220436171,
        -0.486651331,
        0.8453274
      ],
      [
        0.313921124,
        -0.85593164,
        -0.410894871
      ]
    ],
    "translation": [
      1.81266,
      0.978413343,
      -0.7007196
    ]
  },
  {
    "timeStamp": 64043,
    "rotation": [
      [
        0.9497378,
        0.112430066,
        0.292160362
      ],
      [
        -0.203112915,
        -0.488855,
        0.8483902
      ],
      [
        0.2382086,
        -0.8650898,
        -0.441448063
      ]
    ],
    "translation": [
      1.86278617,
      0.9955339,
      -0.7123249
    ]
  },
  {
    "timeStamp": 64098,
    "rotation": [
      [
        0.9724086,
        0.0529500842,
        0.227195516
      ],
      [
        -0.1720109,
        -0.4951433,
        0.8516134
      ],
      [
        0.157587335,
        -0.8671963,
        -0.472373575
      ]
    ],
    "translation": [
      1.92398679,
      1.01402569,
      -0.723304451
    ]
  },
  {
    "timeStamp": 64143,
    "rotation": [
      [
        0.9867576,
        -0.01748786,
        0.161256254
      ],
      [
        -0.147517174,
        -0.5101082,
        0.847365558
      ],
      [
        0.06743951,
        -0.8599325,
        -0.505932868
      ]
    ],
    "translation": [
      1.97451258,
      1.02944112,
      -0.729285657
    ]
  },
  {
    "timeStamp": 64198,
    "rotation": [
      [
        0.9959132,
        -0.0652065352,
        0.0624898933
      ],
      [
        -0.0877785459,
        -0.5359985,
        0.839643061
      ],
      [
        -0.0212557185,
        -0.8416969,
        -0.539531767
      ]
    ],
    "translation": [
      2.03582072,
      1.04690492,
      -0.735497
    ]
  },
  {
    "timeStamp": 64243,
    "rotation": [
      [
        0.9952161,
        -0.09766238,
        -0.00265803933
      ],
      [
        -0.0520549864,
        -0.553090155,
        0.831493556
      ],
      [
        -0.08267578,
        -0.8273774,
        -0.555528
      ]
    ],
    "translation": [
      2.08127165,
      1.058948,
      -0.7397196
    ]
  },
  {
    "timeStamp": 64299,
    "rotation": [
      [
        0.9871649,
        -0.119677447,
        -0.10574846
      ],
      [
        0.0198444724,
        -0.5651006,
        0.8247833
      ],
      [
        -0.158466473,
        -0.8162957,
        -0.555472553
      ]
    ],
    "translation": [
      2.13481379,
      1.06857133,
      -0.743536949
    ]
  },
  {
    "timeStamp": 64343,
    "rotation": [
      [
        0.978195,
        -0.08938221,
        -0.187471226
      ],
      [
        0.105423674,
        -0.564026356,
        0.818999469
      ],
      [
        -0.17894268,
        -0.8209051,
        -0.542304754
      ]
    ],
    "translation": [
      2.16839743,
      1.07240486,
      -0.7453557
    ]
  },
  {
    "timeStamp": 64391,
    "rotation": [
      [
        0.9707366,
        -0.04920979,
        -0.235050648
      ],
      [
        0.169326156,
        -0.5538085,
        0.8152452
      ],
      [
        -0.1702911,
        -0.83118856,
        -0.529269755
      ]
    ],
    "translation": [
      2.1916256,
      1.07343841,
      -0.746124566
    ]
  },
  {
    "timeStamp": 64442,
    "rotation": [
      [
        0.97258395,
        -0.0362208,
        -0.229714
      ],
      [
        0.174338669,
        -0.540165067,
        0.8233029
      ],
      [
        -0.15390417,
        -0.840779245,
        -0.5190412
      ]
    ],
    "translation": [
      2.20954251,
      1.07278335,
      -0.7440434
    ]
  },
  {
    "timeStamp": 64498,
    "rotation": [
      [
        0.9682622,
        0.0110246381,
        -0.2496934
      ],
      [
        0.218581781,
        -0.521817446,
        0.8245778
      ],
      [
        -0.121203691,
        -0.8529859,
        -0.5076659
      ]
    ],
    "translation": [
      2.22057939,
      1.066813,
      -0.740561366
    ]
  },
  {
    "timeStamp": 64542,
    "rotation": [
      [
        0.9578984,
        0.04374944,
        -0.283754677
      ],
      [
        0.2647213,
        -0.5171849,
        0.813905656
      ],
      [
        -0.111145727,
        -0.8547548,
        -0.506992
      ]
    ],
    "translation": [
      2.2279923,
      1.06140685,
      -0.735652566
    ]
  },
  {
    "timeStamp": 64607,
    "rotation": [
      [
        0.9412282,
        0.10587886,
        -0.320747852
      ],
      [
        0.329212576,
        -0.499978125,
        0.801025
      ],
      [
        -0.07555528,
        -0.859541535,
        -0.5054501
      ]
    ],
    "translation": [
      2.23108268,
      1.04956019,
      -0.7300489
    ]
  },
  {
    "timeStamp": 64640,
    "rotation": [
      [
        0.9297758,
        0.168648779,
        -0.327222466
      ],
      [
        0.366873,
        -0.4977901,
        0.785881162
      ],
      [
        -0.0303502046,
        -0.8507424,
        -0.5247059
      ]
    ],
    "translation": [
      2.22748327,
      1.040907,
      -0.7241439
    ]
  },
  {
    "timeStamp": 64693,
    "rotation": [
      [
        0.900675058,
        0.23932068,
        -0.362643152
      ],
      [
        0.434285283,
        -0.470032841,
        0.7684175
      ],
      [
        0.0134439962,
        -0.849585056,
        -0.527280331
      ]
    ],
    "translation": [
      2.2251327,
      1.0268538,
      -0.717818856
    ]
  },
  {
    "timeStamp": 64748,
    "rotation": [
      [
        0.9119431,
        0.236534163,
        -0.335278064
      ],
      [
        0.408907384,
        -0.456233472,
        0.7903454
      ],
      [
        0.03397862,
        -0.857847631,
        -0.512779534
      ]
    ],
    "translation": [
      2.22386885,
      1.01136613,
      -0.713556468
    ]
  },
  {
    "timeStamp": 64793,
    "rotation": [
      [
        0.9143553,
        0.233993322,
        -0.330456465
      ],
      [
        0.403223485,
        -0.4517182,
        0.7958401
      ],
      [
        0.036948055,
        -0.8609284,
        -0.5073825
      ]
    ],
    "translation": [
      2.22444963,
      1.00187135,
      -0.7116765
    ]
  },
  {
    "timeStamp": 64848,
    "rotation": [
      [
        0.8787569,
        0.2886486,
        -0.380089968
      ],
      [
        0.471510559,
        -0.401706457,
        0.785053968
      ],
      [
        0.07392014,
        -0.869088,
        -0.489103168
      ]
    ],
    "translation": [
      2.22703743,
      0.9879544,
      -0.712926865
    ]
  },
  {
    "timeStamp": 64893,
    "rotation": [
      [
        0.886534452,
        0.288997144,
        -0.361299485
      ],
      [
        0.4543201,
        -0.396151185,
        0.797908247
      ],
      [
        0.08746401,
        -0.871518731,
        -0.482498854
      ]
    ],
    "translation": [
      2.22772264,
      0.979774356,
      -0.714769244
    ]
  },
  {
    "timeStamp": 64948,
    "rotation": [
      [
        0.839805245,
        0.362744182,
        -0.403910756
      ],
      [
        0.529260755,
        -0.3814005,
        0.757902861
      ],
      [
        0.120873086,
        -0.8502649,
        -0.512288332
      ]
    ],
    "translation": [
      2.2306478,
      0.9719911,
      -0.7177712
    ]
  },
  {
    "timeStamp": 64993,
    "rotation": [
      [
        0.826487064,
        0.394940346,
        -0.401175
      ],
      [
        0.54303664,
        -0.371416926,
        0.753100753
      ],
      [
        0.1484267,
        -0.8402807,
        -0.5214383
      ]
    ],
    "translation": [
      2.231853,
      0.964989662,
      -0.72175777
    ]
  },
  {
    "timeStamp": 65049,
    "rotation": [
      [
        0.861185253,
        0.415892035,
        -0.292222142
      ],
      [
        0.4651063,
        -0.41286993,
        0.783080161
      ],
      [
        0.205027059,
        -0.810291469,
        -0.5489915
      ]
    ],
    "translation": [
      2.223929,
      0.9601448,
      -0.7286347
    ]
  },
  {
    "timeStamp": 65095,
    "rotation": [
      [
        0.79985,
        0.48379603,
        -0.355220139
      ],
      [
        0.5508278,
        -0.356624961,
        0.754590869
      ],
      [
        0.2383877,
        -0.7992246,
        -0.5517348
      ]
    ],
    "translation": [
      2.22768712,
      0.94889,
      -0.735209346
    ]
  },
  {
    "timeStamp": 65140,
    "rotation": [
      [
        0.778539,
        0.507658958,
        -0.368997782
      ],
      [
        0.575045943,
        -0.3415097,
        0.7434334
      ],
      [
        0.2513943,
        -0.7909826,
        -0.5578059
      ]
    ],
    "translation": [
      2.23096824,
      0.9431636,
      -0.738801837
    ]
  },
  {
    "timeStamp": 65197,
    "rotation": [
      [
        0.768942952,
        0.506098449,
        -0.3906291
      ],
      [
        0.601647258,
        -0.366208255,
        0.709867656
      ],
      [
        0.216211319,
        -0.780868649,
        -0.586086035
      ]
    ],
    "translation": [
      2.23530555,
      0.9427922,
      -0.73993665
    ]
  },
  {
    "timeStamp": 65242,
    "rotation": [
      [
        0.695689857,
        0.5549304,
        -0.4561446
      ],
      [
        0.6900125,
        -0.339665771,
        0.6391478
      ],
      [
        0.199745849,
        -0.7593941,
        -0.619210958
      ]
    ],
    "translation": [
      2.23876929,
      0.9430509,
      -0.7411521
    ]
  },
  {
    "timeStamp": 65298,
    "rotation": [
      [
        0.6705635,
        0.5637985,
        -0.482157558
      ],
      [
        0.7211078,
        -0.342746556,
        0.602103233
      ],
      [
        0.174207032,
        -0.751436055,
        -0.636392832
      ]
    ],
    "translation": [
      2.23744154,
      0.943947732,
      -0.7425801
    ]
  },
  {
    "timeStamp": 65342,
    "rotation": [
      [
        0.628438652,
        0.5639119,
        -0.5357874
      ],
      [
        0.7675953,
        -0.338052452,
        0.544534564
      ],
      [
        0.12594527,
        -0.7534745,
        -0.6453014
      ]
    ],
    "translation": [
      2.24070334,
      0.9467246,
      -0.7417594
    ]
  },
  {
    "timeStamp": 65398,
    "rotation": [
      [
        0.6135938,
        0.533221543,
        -0.582389355
      ],
      [
        0.7852037,
        -0.334120631,
        0.5213622
      ],
      [
        0.0834132358,
        -0.7771989,
        -0.6237019
      ]
    ],
    "translation": [
      2.24488139,
      0.944050848,
      -0.74241817
    ]
  },
  {
    "timeStamp": 65442,
    "rotation": [
      [
        0.6274537,
        0.505833864,
        -0.5919746
      ],
      [
        0.777733266,
        -0.370170027,
        0.5080405
      ],
      [
        0.0378528349,
        -0.7791702,
        -0.6256684
      ]
    ],
    "translation": [
      2.24529862,
      0.944647431,
      -0.741632462
    ]
  },
  {
    "timeStamp": 65498,
    "rotation": [
      [
        0.6115873,
        0.502905965,
        -0.6107754
      ],
      [
        0.7904665,
        -0.421111584,
        0.4447784
      ],
      [
        -0.0335228778,
        -0.754818261,
        -0.6550768
      ]
    ],
    "translation": [
      2.24452567,
      0.9479465,
      -0.7426044
    ]
  },
  {
    "timeStamp": 65542,
    "rotation": [
      [
        0.631224155,
        0.508288264,
        -0.585832
      ],
      [
        0.7741409,
        -0.459210038,
        0.435697138
      ],
      [
        -0.0475601964,
        -0.72853905,
        -0.6833512
      ]
    ],
    "translation": [
      2.23851776,
      0.94895196,
      -0.7435758
    ]
  },
  {
    "timeStamp": 65598,
    "rotation": [
      [
        0.608180463,
        0.532862842,
        -0.588365257
      ],
      [
        0.7933996,
        -0.43155998,
        0.429270476
      ],
      [
        -0.0251726117,
        -0.7278826,
        -0.6852395
      ]
    ],
    "translation": [
      2.23354673,
      0.9414806,
      -0.743831456
    ]
  },
  {
    "timeStamp": 65642,
    "rotation": [
      [
        0.590369761,
        0.580271065,
        -0.561025
      ],
      [
        0.8065029,
        -0.3966437,
        0.438436836
      ],
      [
        0.03188516,
        -0.7113081,
        -0.7021567
      ]
    ],
    "translation": [
      2.225819,
      0.934099436,
      -0.7441243
    ]
  },
  {
    "timeStamp": 65697,
    "rotation": [
      [
        0.556098044,
        0.6043742,
        -0.5705146
      ],
      [
        0.831023,
        -0.394028872,
        0.392609328
      ],
      [
        0.0124837,
        -0.692440033,
        -0.7213675
      ]
    ],
    "translation": [
      2.22323537,
      0.934684455,
      -0.746256769
    ]
  },
  {
    "timeStamp": 65742,
    "rotation": [
      [
        0.589139,
        0.6100219,
        -0.5298948
      ],
      [
        0.8075898,
        -0.422840744,
        0.41110146
      ],
      [
        0.0267197657,
        -0.670133531,
        -0.7417595
      ]
    ],
    "translation": [
      2.2181685,
      0.936924934,
      -0.748977959
    ]
  },
  {
    "timeStamp": 65798,
    "rotation": [
      [
        0.6627471,
        0.624592543,
        -0.4130987
      ],
      [
        0.7396368,
        -0.459748656,
        0.491496354
      ],
      [
        0.117063381,
        -0.6312807,
        -0.7666687
      ]
    ],
    "translation": [
      2.20252275,
      0.930974364,
      -0.75526917
    ]
  },
  {
    "timeStamp": 65842,
    "rotation": [
      [
        0.6625803,
        0.630251348,
        -0.404685766
      ],
      [
        0.735669851,
        -0.446174681,
        0.5096254
      ],
      [
        0.140631527,
        -0.6353829,
        -0.7592834
      ]
    ],
    "translation": [
      2.200021,
      0.9232097,
      -0.75802654
    ]
  },
  {
    "timeStamp": 65898,
    "rotation": [
      [
        0.711578667,
        0.577733338,
        -0.39985
      ],
      [
        0.690006,
        -0.46732232,
        0.5527219
      ],
      [
        0.132467046,
        -0.669204056,
        -0.7311761
      ]
    ],
    "translation": [
      2.20673776,
      0.917067945,
      -0.757234454
    ]
  },
  {
    "timeStamp": 65942,
    "rotation": [
      [
        0.71603924,
        0.5293032,
        -0.455110818
      ],
      [
        0.694762647,
        -0.477077633,
        0.5382395
      ],
      [
        0.06776868,
        -0.7015946,
        -0.7093464
      ]
    ],
    "translation": [
      2.217953,
      0.9176166,
      -0.75497067
    ]
  },
  {
    "timeStamp": 65997,
    "rotation": [
      [
        0.7340295,
        0.4574341,
        -0.501951039
      ],
      [
        0.6790143,
        -0.4814534,
        0.5542041
      ],
      [
        0.0118458392,
        -0.747634053,
        -0.664005339
      ]
    ],
    "translation": [
      2.22747564,
      0.91511184,
      -0.753727734
    ]
  },
  {
    "timeStamp": 66042,
    "rotation": [
      [
        0.7315591,
        0.40013063,
        -0.5520116
      ],
      [
        0.6800015,
        -0.486640453,
        0.5484333
      ],
      [
        -0.049186185,
        -0.776580036,
        -0.6280957
      ]
    ],
    "translation": [
      2.23308849,
      0.9131799,
      -0.7539808
    ]
  },
  {
    "timeStamp": 66097,
    "rotation": [
      [
        0.7429859,
        0.320808053,
        -0.587413132
      ],
      [
        0.6615494,
        -0.4852329,
        0.571753
      ],
      [
        -0.101609178,
        -0.8134072,
        -0.5727516
      ]
    ],
    "translation": [
      2.23420286,
      0.907572567,
      -0.7550149
    ]
  },
  {
    "timeStamp": 66142,
    "rotation": [
      [
        0.7585982,
        0.257224381,
        -0.598635435
      ],
      [
        0.6357429,
        -0.493418276,
        0.593607068
      ],
      [
        -0.142687455,
        -0.8308875,
        -0.5378348
      ]
    ],
    "translation": [
      2.23266077,
      0.9026935,
      -0.7560653
    ]
  },
  {
    "timeStamp": 66197,
    "rotation": [
      [
        0.7870446,
        0.20609957,
        -0.5814497
      ],
      [
        0.596182,
        -0.496310622,
        0.6310648
      ],
      [
        -0.1585175,
        -0.843326,
        -0.513491452
      ]
    ],
    "translation": [
      2.22375727,
      0.8956968,
      -0.7563542
    ]
  },
  {
    "timeStamp": 66242,
    "rotation": [
      [
        0.7914655,
        0.181330413,
        -0.583696544
      ],
      [
        0.5862338,
        -0.49543497,
        0.640994668
      ],
      [
        -0.172951847,
        -0.8495078,
        -0.4984217
      ]
    ],
    "translation": [
      2.21791434,
      0.8922641,
      -0.754373431
    ]
  },
  {
    "timeStamp": 66297,
    "rotation": [
      [
        0.787822366,
        0.152308628,
        -0.596772969
      ],
      [
        0.5872051,
        -0.478065878,
        0.6531793
      ],
      [
        -0.185811952,
        -0.8650174,
        -0.4660674
      ]
    ],
    "translation": [
      2.21384,
      0.8878944,
      -0.749719143
    ]
  },
  {
    "timeStamp": 66342,
    "rotation": [
      [
        0.769862533,
        0.153871521,
        -0.6193829
      ],
      [
        0.6123769,
        -0.451422125,
        0.6490089
      ],
      [
        -0.179739147,
        -0.878943443,
        -0.441760361
      ]
    ],
    "translation": [
      2.21229,
      0.8856945,
      -0.7438533
    ]
  },
  {
    "timeStamp": 66397,
    "rotation": [
      [
        0.7716311,
        0.1573343,
        -0.616304636
      ],
      [
        0.620762944,
        -0.3975602,
        0.6757213
      ],
      [
        -0.138704047,
        -0.903986633,
        -0.404437125
      ]
    ],
    "translation": [
      2.21103883,
      0.8763901,
      -0.7371903
    ]
  },
  {
    "timeStamp": 66442,
    "rotation": [
      [
        0.786641657,
        0.1567421,
        -0.5971824
      ],
      [
        0.6100621,
        -0.346107125,
        0.712765038
      ],
      [
        -0.0949688256,
        -0.9250091,
        -0.367884725
      ]
    ],
    "translation": [
      2.21023035,
      0.8657028,
      -0.732019365
    ]
  },
  {
    "timeStamp": 66497,
    "rotation": [
      [
        0.7912235,
        0.1868522,
        -0.582281351
      ],
      [
        0.608909845,
        -0.3287227,
        0.721921146
      ],
      [
        -0.05651655,
        -0.9257579,
        -0.37386927
      ]
    ],
    "translation": [
      2.20782471,
      0.862491,
      -0.723934233
    ]
  },
  {
    "timeStamp": 66545,
    "rotation": [
      [
        0.8083219,
        0.171638727,
        -0.5631659
      ],
      [
        0.5878189,
        -0.288795143,
        0.7556893
      ],
      [
        -0.0329340026,
        -0.941879749,
        -0.33433193
      ]
    ],
    "translation": [
      2.2085762,
      0.8548067,
      -0.7202969
    ]
  },
  {
    "timeStamp": 66597,
    "rotation": [
      [
        0.825151742,
        0.176822767,
        -0.5365243
      ],
      [
        0.564861,
        -0.2455958,
        0.7877911
      ],
      [
        0.00753127038,
        -0.9531088,
        -0.302534074
      ]
    ],
    "translation": [
      2.20700526,
      0.847572863,
      -0.7151216
    ]
  },
  {
    "timeStamp": 66641,
    "rotation": [
      [
        0.8349817,
        0.158171475,
        -0.5270555
      ],
      [
        0.550264359,
        -0.233291343,
        0.8017383
      ],
      [
        0.0038546673,
        -0.9594566,
        -0.2818301
      ]
    ],
    "translation": [
      2.20824361,
      0.844502866,
      -0.710841
    ]
  },
  {
    "timeStamp": 66697,
    "rotation": [
      [
        0.858198941,
        0.15646854,
        -0.488888741
      ],
      [
        0.512174547,
        -0.197499156,
        0.8358656
      ],
      [
        0.0342315771,
        -0.96773535,
        -0.249632791
      ]
    ],
    "translation": [
      2.20678687,
      0.8349711,
      -0.7078637
    ]
  },
  {
    "timeStamp": 66741,
    "rotation": [
      [
        0.9094558,
        0.229816362,
        -0.346517742
      ],
      [
        0.393266052,
        -0.204794317,
        0.8963264
      ],
      [
        0.135025591,
        -0.951442957,
        -0.276630372
      ]
    ],
    "translation": [
      2.19872427,
      0.826968253,
      -0.7062172
    ]
  },
  {
    "timeStamp": 66797,
    "rotation": [
      [
        0.921999156,
        0.330365032,
        -0.201932043
      ],
      [
        0.2734272,
        -0.186278015,
        0.943683267
      ],
      [
        0.274144471,
        -0.925288856,
        -0.262078941
      ]
    ],
    "translation": [
      2.18820786,
      0.8165519,
      -0.705852
    ]
  },
  {
    "timeStamp": 66842,
    "rotation": [
      [
        0.931507,
        0.362229139,
        0.032936316
      ],
      [
        0.07248189,
        -0.2736027,
        0.9591079
      ],
      [
        0.3564283,
        -0.8910284,
        -0.281117857
      ]
    ],
    "translation": [
      2.176629,
      0.813035131,
      -0.7070468
    ]
  },
  {
    "timeStamp": 66897,
    "rotation": [
      [
        0.919098258,
        0.379037052,
        0.107653946
      ],
      [
        0.0100484788,
        -0.295671731,
        0.955236733
      ],
      [
        0.393900365,
        -0.8768746,
        -0.2755601
      ]
    ],
    "translation": [
      2.174262,
      0.808237731,
      -0.70853126
    ]
  },
  {
    "timeStamp": 66941,
    "rotation": [
      [
        0.9033968,
        0.407160342,
        0.134516552
      ],
      [
        -0.00367460726,
        -0.3063382,
        0.9519156
      ],
      [
        0.428789884,
        -0.8604518,
        -0.2752488
      ]
    ],
    "translation": [
      2.17438912,
      0.8087052,
      -0.7091144
    ]
  },
  {
    "timeStamp": 66997,
    "rotation": [
      [
        0.897862852,
        0.418070674,
        0.138054773
      ],
      [
        -0.004354296,
        -0.305117458,
        0.9523048
      ],
      [
        0.440253615,
        -0.855640233,
        -0.272133231
      ]
    ],
    "translation": [
      2.17395926,
      0.8096212,
      -0.7093015
    ]
  }
]