[
  {
    "timeStamp": 69007,
    "rotation": [
      [
        0.8927894,
        -0.414667636,
        0.176004872
      ],
      [
        -0.2038455,
        -0.0234677717,
        0.978721738
      ],
      [
        -0.4017138,
        -0.9096703,
        -0.105479911
      ]
    ],
    "translation": [
      1.30775619,
      0.707726538,
      -0.7553772
    ]
  },
  {
    "timeStamp": 69051,
    "rotation": [
      [
        0.9010322,
        -0.416481823,
        0.121177241
      ],
      [
        -0.140418932,
        -0.01575226,
        0.989966869
      ],
      [
        -0.4103944,
        -0.9090076,
        -0.07267523
      ]
    ],
    "translation": [
      1.30746126,
      0.7065954,
      -0.7550294
    ]
  },
  {
    "timeStamp": 69107,
    "rotation": [
      [
        0.897836864,
        -0.426282972,
        0.110325821
      ],
      [
        -0.128184855,
        -0.01333224,
        0.991660655
      ],
      [
        -0.421257168,
        -0.904491663,
        -0.0666132
      ]
    ],
    "translation": [
      1.30776536,
      0.705987036,
      -0.7546293
    ]
  },
  {
    "timeStamp": 69151,
    "rotation": [
      [
        0.8997444,
        -0.42432797,
        0.102008827
      ],
      [
        -0.119484581,
        -0.0147024123,
        0.99272716
      ],
      [
        -0.419742137,
        -0.9053892,
        -0.06392906
      ]
    ],
    "translation": [
      1.307657,
      0.705625951,
      -0.754709
    ]
  },
  {
    "timeStamp": 69207,
    "rotation": [
      [
        0.8299858,
        -0.5358074,
        0.1550292
      ],
      [
        -0.17444852,
        0.0146421026,
        0.98455745
      ],
      [
        -0.529803038,
        -0.8442133,
        -0.08131806
      ]
    ],
    "translation": [
      1.30876422,
      0.713023961,
      -0.7504532
    ]
  },
  {
    "timeStamp": 69251,
    "rotation": [
      [
        0.7429881,
        -0.638739169,
        0.199952379
      ],
      [
        -0.186853573,
        0.08891662,
        0.9783555
      ],
      [
        -0.6426931,
        -0.7642684,
        -0.0532867
      ]
    ],
    "translation": [
      1.31104577,
      0.7325467,
      -0.746573448
    ]
  },
  {
    "timeStamp": 69307,
    "rotation": [
      [
        0.6188279,
        -0.7385877,
        0.267470241
      ],
      [
        -0.180373043,
        0.197795287,
        0.9635054
      ],
      [
        -0.7645375,
        -0.6444884,
        -0.0108200675
      ]
    ],
    "translation": [
      1.3228792,
      0.764146,
      -0.742521346
    ]
  },
  {
    "timeStamp": 69351,
    "rotation": [
      [
        0.489358366,
        -0.8097148,
        0.323867649
      ],
      [
        -0.148071662,
        0.288833916,
        0.945859253
      ],
      [
        -0.8594202,
        -0.5108198,
        0.0214474779
      ]
    ],
    "translation": [
      1.34142971,
      0.790924966,
      -0.736806333
    ]
  },
  {
    "timeStamp": 69407,
    "rotation": [
      [
        0.2857248,
        -0.870752037,
        0.4001901
      ],
      [
        -0.0298018511,
        0.409323424,
        0.9119025
      ],
      [
        -0.9578482,
        -0.272479534,
        0.09100382
      ]
    ],
    "translation": [
      1.376502,
      0.823809,
      -0.732451439
    ]
  },
  {
    "timeStamp": 69451,
    "rotation": [
      [
        0.1253637,
        -0.878991246,
        0.4600634
      ],
      [
        0.0859336555,
        0.4715995,
        0.8776157
      ],
      [
        -0.988382161,
        -0.0704862,
        0.134656385
      ]
    ],
    "translation": [
      1.41315436,
      0.84569,
      -0.7298215
    ]
  },
  {
    "timeStamp": 69507,
    "rotation": [
      [
        -0.03694381,
        -0.840402067,
        0.5407028
      ],
      [
        0.22599341,
        0.5200285,
        0.823709548
      ],
      [
        -0.9734281,
        0.152626216,
        0.1707135
      ]
    ],
    "translation": [
      1.46469092,
      0.870538831,
      -0.7343366
    ]
  },
  {
    "timeStamp": 69551,
    "rotation": [
      [
        -0.139977157,
        -0.7775177,
        0.613084555
      ],
      [
        0.333301723,
        0.5460467,
        0.7685981
      ],
      [
        -0.9323714,
        0.311928272,
        0.182713926
      ]
    ],
    "translation": [
      1.50761437,
      0.8895627,
      -0.741214931
    ]
  },
  {
    "timeStamp": 69607,
    "rotation": [
      [
        -0.238451317,
        -0.6767186,
        0.6965579
      ],
      [
        0.434166372,
        0.567297161,
        0.699766755
      ],
      [
        -0.8687005,
        0.469282329,
        0.158535674
      ]
    ],
    "translation": [
      1.56256616,
      0.9109683,
      -0.7510332
    ]
  },
  {
    "timeStamp": 69651,
    "rotation": [
      [
        -0.311510146,
        -0.6005458,
        0.7364144
      ],
      [
        0.472401023,
        0.5745517,
        0.668376863
      ],
      [
        -0.8244991,
        0.5560891,
        0.104719788
      ]
    ],
    "translation": [
      1.60683155,
      0.924397349,
      -0.7587225
    ]
  },
  {
    "timeStamp": 69707,
    "rotation": [
      [
        -0.40458712,
        -0.5272512,
        0.747205138
      ],
      [
        0.47127828,
        0.580002844,
        0.6644498
      ],
      [
        -0.783713043,
        0.620969355,
        0.0138203632
      ]
    ],
    "translation": [
      1.66306221,
      0.9366602,
      -0.767553031
    ]
  },
  {
    "timeStamp": 69751,
    "rotation": [
      [
        -0.4926061,
        -0.473629355,
        0.7300784
      ],
      [
        0.441128373,
        0.5872628,
        0.678622246
      ],
      [
        -0.7501633,
        0.656351745,
        -0.0803579
      ]
    ],
    "translation": [
      1.70956671,
      0.944457054,
      -0.772741139
    ]
  },
  {
    "timeStamp": 69807,
    "rotation": [
      [
        -0.6027281,
        -0.414397657,
        0.681904256
      ],
      [
        0.397017479,
        0.585547745,
        0.7067609
      ],
      [
        -0.6921675,
        0.696712554,
        -0.188403
      ]
    ],
    "translation": [
      1.76893389,
      0.9524728,
      -0.77749294
    ]
  },
  {
    "timeStamp": 69851,
    "rotation": [
      [
        -0.6898387,
        -0.359904557,
        0.628165
      ],
      [
        0.360117823,
        0.582126856,
        0.7290017
      ],
      [
        -0.6280427,
        0.729106963,
        -0.2719656
      ]
    ],
    "translation": [
      1.81746519,
      0.9593159,
      -0.7800791
    ]
  },
  {
    "timeStamp": 69907,
    "rotation": [
      [
        -0.784561336,
        -0.296151221,
        0.544755042
      ],
      [
        0.3038592,
        0.582201362,
        0.754129469
      ],
      [
        -0.5404934,
        0.757189631,
        -0.3667844
      ]
    ],
    "translation": [
      1.87809467,
      0.967522264,
      -0.782403231
    ]
  },
  {
    "timeStamp": 69951,
    "rotation": [
      [
        -0.860009253,
        -0.231237367,
        0.4548773
      ],
      [
        0.258434,
        0.5712719,
        0.7790124
      ],
      [
        -0.439995378,
        0.7875136,
        -0.431539536
      ]
    ],
    "translation": [
      1.928291,
      0.9709915,
      -0.7845135
    ]
  },
  {
    "timeStamp": 70007,
    "rotation": [
      [
        -0.931629658,
        -0.147258729,
        0.3322365
      ],
      [
        0.1933452,
        0.5732465,
        0.796245039
      ],
      [
        -0.307707429,
        0.806041837,
        -0.5055816
      ]
    ],
    "translation": [
      1.99025679,
      0.9749458,
      -0.7872325
    ]
  },
  {
    "timeStamp": 70051,
    "rotation": [
      [
        -0.9686795,
        -0.0620146729,
        0.240445718
      ],
      [
        0.161469921,
        0.5783221,
        0.7996693
      ],
      [
        -0.188646287,
        0.813448,
        -0.5501953
      ]
    ],
    "translation": [
      2.03711724,
      0.97727406,
      -0.790914237
    ]
  },
  {
    "timeStamp": 70107,
    "rotation": [
      [
        -0.994259655,
        0.0283801947,
        0.103161082
      ],
      [
        0.101131968,
        0.564036131,
        0.8195337
      ],
      [
        -0.0349280573,
        0.8252622,
        -0.563668549
      ]
    ],
    "translation": [
      2.092713,
      0.9749875,
      -0.7956701
    ]
  },
  {
    "timeStamp": 70151,
    "rotation": [
      [
        -0.9972819,
        0.0678989738,
        0.0286077783
      ],
      [
        0.06156977,
        0.5547206,
        0.8297555
      ],
      [
        0.0404702164,
        0.829261541,
        -0.5573934
      ]
    ],
    "translation": [
      2.12701273,
      0.971342862,
      -0.798020244
    ]
  },
  {
    "timeStamp": 70206,
    "rotation": [
      [
        -0.9964103,
        0.0636983439,
        -0.0557581224
      ],
      [
        -0.0128737381,
        0.536975265,
        0.8434997
      ],
      [
        0.08367027,
        0.8411896,
        -0.534227669
      ]
    ],
    "translation": [
      2.15632081,
      0.9664171,
      -0.7989181
    ]
  },
  {
    "timeStamp": 70257,
    "rotation": [
      [
        -0.9890751,
        0.11721658,
        -0.0893904641
      ],
      [
        -0.01896163,
        0.5001959,
        0.8657046
      ],
      [
        0.146187678,
        0.857941866,
        -0.492508769
      ]
    ],
    "translation": [
      2.1893363,
      0.9515127,
      -0.7987113
    ]
  },
  {
    "timeStamp": 70301,
    "rotation": [
      [
        -0.984842956,
        0.132523492,
        -0.111901306
      ],
      [
        -0.0361331366,
        0.47424522,
        0.879651
      ],
      [
        0.169643074,
        0.870361447,
        -0.462268561
      ]
    ],
    "translation": [
      2.20673847,
      0.939342,
      -0.795374
    ]
  },
  {
    "timeStamp": 70357,
    "rotation": [
      [
        -0.978137255,
        0.144575775,
        -0.1494834
      ],
      [
        -0.07032345,
        0.446511328,
        0.8920102
      ],
      [
        0.195709109,
        0.883020639,
        -0.4265823
      ]
    ],
    "translation": [
      2.22616267,
      0.924515665,
      -0.79098177
    ]
  },
  {
    "timeStamp": 70401,
    "rotation": [
      [
        -0.9756629,
        0.124685004,
        -0.1803762
      ],
      [
        -0.111021236,
        0.4284792,
        0.896705
      ],
      [
        0.189093128,
        0.894907355,
        -0.404208571
      ]
    ],
    "translation": [
      2.23752141,
      0.9131936,
      -0.7857252
    ]
  },
  {
    "timeStamp": 70457,
    "rotation": [
      [
        -0.9711694,
        0.133659452,
        -0.19739601
      ],
      [
        -0.131050751,
        0.392358929,
        0.9104286
      ],
      [
        0.199137449,
        0.91004926,
        -0.363530844
      ]
    ],
    "translation": [
      2.24776483,
      0.898725569,
      -0.78242147
    ]
  },
  {
    "timeStamp": 70502,
    "rotation": [
      [
        -0.9712927,
        0.116227105,
        -0.207561582
      ],
      [
        -0.150703862,
        0.374465346,
        0.914912045
      ],
      [
        0.1840622,
        0.9199277,
        -0.3461996
      ]
    ],
    "translation": [
      2.25203943,
      0.8901781,
      -0.7783784
    ]
  },
  {
    "timeStamp": 70557,
    "rotation": [
      [
        -0.978429139,
        0.107130073,
        -0.17663379
      ],
      [
        -0.13301076,
        0.32752347,
        0.935433865
      ],
      [
        0.1580648,
        0.9387499,
        -0.3062091
      ]
    ],
    "translation": [
      2.252296,
      0.8745234,
      -0.7755961
    ]
  },
  {
    "timeStamp": 70601,
    "rotation": [
      [
        -0.973585367,
        0.09936167,
        -0.205569372
      ],
      [
        -0.165529519,
        0.3129682,
        0.9352277
      ],
      [
        0.157262489,
        0.9445518,
        -0.288253963
      ]
    ],
    "translation": [
      2.25537467,
      0.8687685,
      -0.7753881
    ]
  },
  {
    "timeStamp": 70658,
    "rotation": [
      [
        -0.9728613,
        0.07819749,
        -0.2177752
      ],
      [
        -0.187698439,
        0.2836908,
        0.9403663
      ],
      [
        0.13531509,
        0.9557221,
        -0.261314273
      ]
    ],
    "translation": [
      2.25923014,
      0.861299932,
      -0.7756051
    ]
  },
  {
    "timeStamp": 70703,
    "rotation": [
      [
        -0.9716724,
        0.08595882,
        -0.220145166
      ],
      [
        -0.191860244,
        0.256995261,
        0.9471764
      ],
      [
        0.137994409,
        0.962582231,
        -0.23322311
      ]
    ],
    "translation": [
      2.26214147,
      0.8548502,
      -0.777780056
    ]
  },
  {
    "timeStamp": 70760,
    "rotation": [
      [
        -0.9711751,
        0.04728753,
        -0.233629465
      ],
      [
        -0.218095228,
        0.219256133,
        0.9509791
      ],
      [
        0.09619412,
        0.9745207,
        -0.202622935
      ]
    ],
    "translation": [
      2.26431179,
      0.8472046,
      -0.7786307
    ]
  },
  {
    "timeStamp": 70806,
    "rotation": [
      [
        -0.972881138,
        0.0335117131,
        -0.228865281
      ],
      [
        -0.218012944,
        0.197740972,
        0.9557033
      ],
      [
        0.0772833154,
        0.9796814,
        -0.185072467
      ]
    ],
    "translation": [
      2.26501131,
      0.840294361,
      -0.7792794
    ]
  },
  {
    "timeStamp": 70851,
    "rotation": [
      [
        -0.97145766,
        -0.0016512177,
        -0.237207621
      ],
      [
        -0.234244421,
        0.164392814,
        0.958177745
      ],
      [
        0.0374130532,
        0.986393631,
        -0.160087436
      ]
    ],
    "translation": [
      2.26672673,
      0.8343519,
      -0.7810266
    ]
  },
  {
    "timeStamp": 70906,
    "rotation": [
      [
        -0.9761067,
        -0.0024629042,
        -0.217277646
      ],
      [
        -0.215751573,
        0.1298244,
        0.967779338
      ],
      [
        0.0258244071,
        0.9915339,
        -0.127253845
      ]
    ],
    "translation": [
      2.26843643,
      0.828016043,
      -0.78486
    ]
  },
  {
    "timeStamp": 70951,
    "rotation": [
      [
        -0.9768672,
        0.0182718821,
        -0.213064834
      ],
      [
        -0.209544688,
        0.1170599,
        0.9707667
      ],
      [
        0.0426790677,
        0.992956758,
        -0.110523209
      ]
    ],
    "translation": [
      2.27149367,
      0.827075362,
      -0.78893137
    ]
  },
  {
    "timeStamp": 71006,
    "rotation": [
      [
        -0.974598467,
        0.0288138073,
        -0.222097874
      ],
      [
        -0.2181931,
        0.10141924,
        0.9706214
      ],
      [
        0.05049229,
        0.99442637,
        -0.09255607
      ]
    ],
    "translation": [
      2.27408981,
      0.827199936,
      -0.7928863
    ]
  },
  {
    "timeStamp": 71051,
    "rotation": [
      [
        -0.9667608,
        0.06015585,
        -0.2485052
      ],
      [
        -0.241453439,
        0.104915649,
        0.9647243
      ],
      [
        0.08410589,
        0.992660046,
        -0.0869035
      ]
    ],
    "translation": [
      2.2792747,
      0.8286309,
      -0.796091
    ]
  },
  {
    "timeStamp": 71106,
    "rotation": [
      [
        -0.961616158,
        0.0723223,
        -0.264695644
      ],
      [
        -0.256732672,
        0.103390165,
        0.9609364
      ],
      [
        0.09686406,
        0.99200803,
        -0.0808541551
      ]
    ],
    "translation": [
      2.28123045,
      0.8277916,
      -0.7962603
    ]
  },
  {
    "timeStamp": 71150,
    "rotation": [
      [
        -0.959563136,
        0.08973026,
        -0.266809165
      ],
      [
        -0.257531643,
        0.102836818,
        0.960782
      ],
      [
        0.113649033,
        0.9906428,
        -0.07557003
      ]
    ],
    "translation": [
      2.28207469,
      0.825127065,
      -0.7963167
    ]
  },
  {
    "timeStamp": 71206,
    "rotation": [
      [
        -0.952481568,
        0.09560592,
        -0.289203137
      ],
      [
        -0.278850228,
        0.108348638,
        0.9542029
      ],
      [
        0.1225622,
        0.989505,
        -0.07654035
      ]
    ],
    "translation": [
      2.28328371,
      0.824981749,
      -0.794585
    ]
  },
  {
    "timeStamp": 71251,
    "rotation": [
      [
        -0.951305151,
        0.0996920839,
        -0.291684836
      ],
      [
        -0.2814381,
        0.105097674,
        0.953806639
      ],
      [
        0.125742361,
        0.989452362,
        -0.0719228
      ]
    ],
    "translation": [
      2.28357434,
      0.8224571,
      -0.7935245
    ]
  }
]