[
  {
    "timeStamp": 0,
    "rotation": [
      [
        0.991008639,
        -0.0416109674,
        0.1271633
      ],
      [
        0.112058833,
        0.777434766,
        -0.618900657
      ],
      [
        -0.07310812,
        0.627585649,
        0.775107443
      ]
    ],
    "translation": [
      1.69205523,
      1.44365013,
      -0.918200254
    ]
  },
  {
    "timeStamp": 14,
    "rotation": [
      [
        0.990960956,
        -0.0426136032,
        0.127202272
      ],
      [
        0.112745911,
        0.77839,
        -0.6175738
      ],
      [
        -0.07269593,
        0.626333058,
        0.776158631
      ]
    ],
    "translation": [
      1.6922164,
      1.44382823,
      -0.9181696
    ]
  },
  {
    "timeStamp": 16,
    "rotation": [
      [
        0.9897222,
        -0.03350979,
        0.1390217
      ],
      [
        0.113410145,
        0.776110351,
        -0.6203151
      ],
      [
        -0.08710955,
        0.6297061,
        0.771934032
      ]
    ],
    "translation": [
      1.69509554,
      1.44322062,
      -0.917232156
    ]
  },
  {
    "timeStamp": 68,
    "rotation": [
      [
        0.9424996,
        0.108178638,
        0.316215158
      ],
      [
        0.132520244,
        0.7476345,
        -0.6507542
      ],
      [
        -0.306811064,
        0.6552405,
        0.6903093
      ]
    ],
    "translation": [
      1.74409544,
      1.43539,
      -0.9071286
    ]
  },
  {
    "timeStamp": 112,
    "rotation": [
      [
        0.926742136,
        0.137875751,
        0.349484473
      ],
      [
        0.136185154,
        0.743679762,
        -0.6545181
      ],
      [
        -0.3501467,
        0.654164135,
        0.670422733
      ]
    ],
    "translation": [
      1.7549659,
      1.43428278,
      -0.906788945
    ]
  },
  {
    "timeStamp": 167,
    "rotation": [
      [
        0.911616445,
        0.166746467,
        0.3757007
      ],
      [
        0.136217192,
        0.739816844,
        -0.6588747
      ],
      [
        -0.38781476,
        0.6518179,
        0.6517155
      ]
    ],
    "translation": [
      1.76705146,
      1.433194,
      -0.9072716
    ]
  },
  {
    "timeStamp": 212,
    "rotation": [
      [
        0.9031044,
        0.185628265,
        0.387226671
      ],
      [
        0.1336596,
        0.7354375,
        -0.6642791
      ],
      [
        -0.40809,
        0.6516699,
        0.6393659
      ]
    ],
    "translation": [
      1.77544141,
      1.43217516,
      -0.908093333
    ]
  },
  {
    "timeStamp": 343,
    "rotation": [
      [
        0.904400051,
        0.188820451,
        0.382632047
      ],
      [
        0.128680557,
        0.7343019,
        -0.6665148
      ],
      [
        -0.406819075,
        0.6520333,
        0.6398052
      ]
    ],
    "translation": [
      1.7764405,
      1.43179655,
      -0.908151269
    ]
  },
  {
    "timeStamp": 345,
    "rotation": [
      [
        0.904400051,
        0.188820451,
        0.382632047
      ],
      [
        0.128680557,
        0.7343019,
        -0.6665148
      ],
      [
        -0.406819075,
        0.6520333,
        0.6398052
      ]
    ],
    "translation": [
      1.7764405,
      1.43179655,
      -0.908151269
    ]
  },
  {
    "timeStamp": 382,
    "rotation": [
      [
        0.941762269,
        0.202442,
        0.268516332
      ],
      [
        0.04439998,
        0.7166458,
        -0.6960226
      ],
      [
        -0.3333353,
        0.667409956,
        0.6659215
      ]
    ],
    "translation": [
      1.78344333,
      1.42615151,
      -0.9032413
    ]
  },
  {
    "timeStamp": 434,
    "rotation": [
      [
        0.9611169,
        0.19159089,
        0.198864952
      ],
      [
        0.00527448859,
        0.707286656,
        -0.7069072
      ],
      [
        -0.276091516,
        0.6804694,
        0.6787746
      ]
    ],
    "translation": [
      1.78010547,
      1.42332864,
      -0.899427533
    ]
  },
  {
    "timeStamp": 489,
    "rotation": [
      [
        0.9750474,
        0.1776588,
        0.13311629
      ],
      [
        -0.0282981787,
        0.6942064,
        -0.719219446
      ],
      [
        -0.220185846,
        0.69750607,
        0.681911647
      ]
    ],
    "translation": [
      1.77535677,
      1.41951752,
      -0.8965033
    ]
  },
  {
    "timeStamp": 534,
    "rotation": [
      [
        0.98215723,
        0.167039424,
        0.08640022
      ],
      [
        -0.0505386926,
        0.676960468,
        -0.7342822
      ],
      [
        -0.181143612,
        0.716814,
        0.6733236
      ]
    ],
    "translation": [
      1.770211,
      1.41603541,
      -0.8950734
    ]
  },
  {
    "timeStamp": 589,
    "rotation": [
      [
        0.98851186,
        0.147115916,
        0.03465811
      ],
      [
        -0.07186625,
        0.659224331,
        -0.7485042
      ],
      [
        -0.132964343,
        0.737414539,
        0.6622237
      ]
    ],
    "translation": [
      1.763366,
      1.41199708,
      -0.892563939
    ]
  },
  {
    "timeStamp": 634,
    "rotation": [
      [
        0.992344558,
        0.122832395,
        -0.0128234522
      ],
      [
        -0.08958012,
        0.6444243,
        -0.7594029
      ],
      [
        -0.08501553,
        0.754738033,
        0.650494337
      ]
    ],
    "translation": [
      1.75612187,
      1.40836573,
      -0.8904673
    ]
  },
  {
    "timeStamp": 689,
    "rotation": [
      [
        0.9930128,
        0.0874560252,
        -0.07922718
      ],
      [
        -0.116516814,
        0.6203079,
        -0.7756558
      ],
      [
        -0.0186905283,
        0.7794674,
        0.6261638
      ]
    ],
    "translation": [
      1.745878,
      1.40368056,
      -0.8895495
    ]
  },
  {
    "timeStamp": 733,
    "rotation": [
      [
        0.9908828,
        0.05829523,
        -0.121461466
      ],
      [
        -0.131795347,
        0.6064524,
        -0.7841208
      ],
      [
        0.0279500987,
        0.7929799,
        0.608606339
      ]
    ],
    "translation": [
      1.73804879,
      1.40054965,
      -0.888849139
    ]
  },
  {
    "timeStamp": 789,
    "rotation": [
      [
        0.9867142,
        0.0218835138,
        -0.160985142
      ],
      [
        -0.1422522,
        0.5950364,
        -0.7910095
      ],
      [
        0.07848196,
        0.803400755,
        0.5902438
      ]
    ],
    "translation": [
      1.72996378,
      1.39752126,
      -0.8885639
    ]
  },
  {
    "timeStamp": 835,
    "rotation": [
      [
        0.983857,
        -0.003316318,
        -0.178925931
      ],
      [
        -0.142715067,
        0.588696539,
        -0.7956562
      ],
      [
        0.10797172,
        0.808347344,
        0.5787199
      ]
    ],
    "translation": [
      1.72440171,
      1.39543879,
      -0.8882804
    ]
  },
  {
    "timeStamp": 881,
    "rotation": [
      [
        0.980438054,
        -0.029596841,
        -0.1945899
      ],
      [
        -0.141149372,
        0.5833009,
        -0.7998981
      ],
      [
        0.137178913,
        0.8117168,
        0.5677128
      ]
    ],
    "translation": [
      1.71880031,
      1.39376676,
      -0.8879806
    ]
  },
  {
    "timeStamp": 937,
    "rotation": [
      [
        0.9741581,
        -0.06582398,
        -0.216062874
      ],
      [
        -0.139079392,
        0.578922,
        -0.803434
      ],
      [
        0.177968785,
        0.81272167,
        0.5548068
      ]
    ],
    "translation": [
      1.711653,
      1.39176512,
      -0.8881122
    ]
  },
  {
    "timeStamp": 983,
    "rotation": [
      [
        0.967859268,
        -0.09221085,
        -0.233977675
      ],
      [
        -0.139751121,
        0.5762939,
        -0.8052049
      ],
      [
        0.209088534,
        0.8120237,
        0.544884861
      ]
    ],
    "translation": [
      1.7053448,
      1.39095354,
      -0.8883084
    ]
  },
  {
    "timeStamp": 1039,
    "rotation": [
      [
        0.955423832,
        -0.125779957,
        -0.267104238
      ],
      [
        -0.148857042,
        0.576071739,
        -0.8037306
      ],
      [
        0.2549644,
        0.807663739,
        0.531669438
      ]
    ],
    "translation": [
      1.69621086,
      1.390671,
      -0.8890941
    ]
  },
  {
    "timeStamp": 1083,
    "rotation": [
      [
        0.9427516,
        -0.155598581,
        -0.294972152
      ],
      [
        -0.155381978,
        0.5776787,
        -0.801338732
      ],
      [
        0.2950863,
        0.8012967,
        0.5204303
      ]
    ],
    "translation": [
      1.68859935,
      1.3905803,
      -0.890340447
    ]
  },
  {
    "timeStamp": 1139,
    "rotation": [
      [
        0.92505157,
        -0.192916468,
        -0.327204555
      ],
      [
        -0.161735028,
        0.579384744,
        -0.7988461
      ],
      [
        0.3436879,
        0.791894257,
        0.5047594
      ]
    ],
    "translation": [
      1.67909527,
      1.39075112,
      -0.892167449
    ]
  },
  {
    "timeStamp": 1183,
    "rotation": [
      [
        0.9106734,
        -0.22190924,
        -0.3484685
      ],
      [
        -0.164426237,
        0.5791146,
        -0.7984925
      ],
      [
        0.378996074,
        0.7844632,
        0.490896583
      ]
    ],
    "translation": [
      1.671854,
      1.39074421,
      -0.8941065
    ]
  },
  {
    "timeStamp": 1238,
    "rotation": [
      [
        0.892199636,
        -0.257454336,
        -0.37107566
      ],
      [
        -0.165695891,
        0.577735543,
        -0.7992287
      ],
      [
        0.420148462,
        0.7745573,
        0.4727963
      ]
    ],
    "translation": [
      1.66334486,
      1.39032125,
      -0.8968252
    ]
  },
  {
    "timeStamp": 1283,
    "rotation": [
      [
        0.8778361,
        -0.2833931,
        -0.386124462
      ],
      [
        -0.165283352,
        0.577409744,
        -0.7995495
      ],
      [
        0.449538827,
        0.765693367,
        0.460030943
      ]
    ],
    "translation": [
      1.656782,
      1.39010048,
      -0.898996949
    ]
  },
  {
    "timeStamp": 1338,
    "rotation": [
      [
        0.854252,
        -0.316526681,
        -0.412388563
      ],
      [
        -0.1690787,
        0.5809748,
        -0.796166241
      ],
      [
        0.4915952,
        0.7498527,
        0.442781
      ]
    ],
    "translation": [
      1.64815593,
      1.39035916,
      -0.9018606
    ]
  },
  {
    "timeStamp": 1382,
    "rotation": [
      [
        0.8332924,
        -0.340416878,
        -0.4355917
      ],
      [
        -0.173931018,
        0.586479664,
        -0.7910687
      ],
      [
        0.5247588,
        0.7349544,
        0.429499954
      ]
    ],
    "translation": [
      1.64108777,
      1.39126682,
      -0.904340744
    ]
  },
  {
    "timeStamp": 1438,
    "rotation": [
      [
        0.80945456,
        -0.367183626,
        -0.458213329
      ],
      [
        -0.175787061,
        0.5930326,
        -0.7857552
      ],
      [
        0.5602519,
        0.7165811,
        0.4154868
      ]
    ],
    "translation": [
      1.6331141,
      1.39258528,
      -0.907717943
    ]
  },
  {
    "timeStamp": 1483,
    "rotation": [
      [
        0.7931067,
        -0.3863631,
        -0.470856
      ],
      [
        -0.172520474,
        0.5988985,
        -0.7820213
      ],
      [
        0.5841391,
        0.7014586,
        0.408334851
      ]
    ],
    "translation": [
      1.6277746,
      1.39362037,
      -0.910297751
    ]
  },
  {
    "timeStamp": 1538,
    "rotation": [
      [
        0.778516531,
        -0.404623836,
        -0.47978285
      ],
      [
        -0.164614514,
        0.6060407,
        -0.7782138
      ],
      [
        0.6056518,
        0.6848315,
        0.405205756
      ]
    ],
    "translation": [
      1.622443,
      1.39486241,
      -0.912896633
    ]
  },
  {
    "timeStamp": 1583,
    "rotation": [
      [
        0.7739806,
        -0.414490521,
        -0.478697836
      ],
      [
        -0.15275979,
        0.611433,
        -0.776411057
      ],
      [
        0.614506662,
        0.6740529,
        0.409919828
      ]
    ],
    "translation": [
      1.61964667,
      1.39557791,
      -0.91443944
    ]
  },
  {
    "timeStamp": 1638,
    "rotation": [
      [
        0.7740731,
        -0.42433995,
        -0.469836563
      ],
      [
        -0.133154422,
        0.616403341,
        -0.776090741
      ],
      [
        0.6189351,
        0.6633118,
        0.4206385
      ]
    ],
    "translation": [
      1.6174767,
      1.39673555,
      -0.9153801
    ]
  },
  {
    "timeStamp": 1682,
    "rotation": [
      [
        0.775693834,
        -0.4300972,
        -0.461860955
      ],
      [
        -0.118479222,
        0.6195716,
        -0.775947
      ],
      [
        0.619888544,
        0.656618237,
        0.429640323
      ]
    ],
    "translation": [
      1.6164453,
      1.39743686,
      -0.9159138
    ]
  },
  {
    "timeStamp": 1738,
    "rotation": [
      [
        0.7805837,
        -0.434124,
        -0.449695
      ],
      [
        -0.102417529,
        0.620895743,
        -0.7771738
      ],
      [
        0.6166035,
        0.652705848,
        0.440199137
      ]
    ],
    "translation": [
      1.61623013,
      1.39796555,
      -0.9161147
    ]
  },
  {
    "timeStamp": 1782,
    "rotation": [
      [
        0.788606048,
        -0.43345198,
        -0.436142057
      ],
      [
        -0.0910055861,
        0.6192057,
        -0.7799373
      ],
      [
        0.608127058,
        0.6547547,
        0.448862821
      ]
    ],
    "translation": [
      1.61670387,
      1.3978858,
      -0.9160439
    ]
  },
  {
    "timeStamp": 1838,
    "rotation": [
      [
        0.80219835,
        -0.432119071,
        -0.412008256
      ],
      [
        -0.0717483759,
        0.6152945,
        -0.785025358
      ],
      [
        0.5927309,
        0.659307,
        0.462584436
      ]
    ],
    "translation": [
      1.61865008,
      1.39731717,
      -0.914793253
    ]
  },
  {
    "timeStamp": 1882,
    "rotation": [
      [
        0.8126856,
        -0.4296892,
        -0.3935852
      ],
      [
        -0.0578123741,
        0.6126583,
        -0.788230658
      ],
      [
        0.5798274,
        0.6633378,
        0.47305724
      ]
    ],
    "translation": [
      1.619904,
      1.39660859,
      -0.9133862
    ]
  },
  {
    "timeStamp": 1938,
    "rotation": [
      [
        0.8272036,
        -0.430973858,
        -0.360549271
      ],
      [
        -0.0321350545,
        0.6043236,
        -0.7960906
      ],
      [
        0.5609827,
        0.6701153,
        0.486049265
      ]
    ],
    "translation": [
      1.62197149,
      1.39491415,
      -0.9110807
    ]
  },
  {
    "timeStamp": 1982,
    "rotation": [
      [
        0.8362519,
        -0.435648054,
        -0.333006769
      ],
      [
        -0.008667765,
        0.596715868,
        -0.8024058
      ],
      [
        0.548276961,
        0.67389977,
        0.495228678
      ]
    ],
    "translation": [
      1.62271917,
      1.393182,
      -0.9087757
    ]
  },
  {
    "timeStamp": 2038,
    "rotation": [
      [
        0.8480106,
        -0.4402205,
        -0.2950998
      ],
      [
        0.0245924722,
        0.5888997,
        -0.8078319
      ],
      [
        0.529408336,
        0.6777927,
        0.5102193
      ]
    ],
    "translation": [
      1.62295425,
      1.39119291,
      -0.9044677
    ]
  },
  {
    "timeStamp": 2082,
    "rotation": [
      [
        0.856069565,
        -0.4421295,
        -0.267705858
      ],
      [
        0.0471608639,
        0.5826033,
        -0.811387241
      ],
      [
        0.5147045,
        0.6819787,
        0.519600153
      ]
    ],
    "translation": [
      1.62170279,
      1.3896172,
      -0.900675535
    ]
  },
  {
    "timeStamp": 2138,
    "rotation": [
      [
        0.8644176,
        -0.442408174,
        -0.238866463
      ],
      [
        0.06910811,
        0.5751384,
        -0.815131843
      ],
      [
        0.498002261,
        0.6881067,
        0.527733743
      ]
    ],
    "translation": [
      1.61810422,
      1.38744068,
      -0.8955004
    ]
  },
  {
    "timeStamp": 2182,
    "rotation": [
      [
        0.8670116,
        -0.445256978,
        -0.223689586
      ],
      [
        0.080980584,
        0.5688571,
        -0.818439841
      ],
      [
        0.491663456,
        0.6914823,
        0.5292629
      ]
    ],
    "translation": [
      1.61358273,
      1.38554931,
      -0.890950441
    ]
  },
  {
    "timeStamp": 2238,
    "rotation": [
      [
        0.8691667,
        -0.449509352,
        -0.206132814
      ],
      [
        0.0950337,
        0.5608936,
        -0.822415352
      ],
      [
        0.485301971,
        0.695226431,
        0.530228555
      ]
    ],
    "translation": [
      1.60660887,
      1.3829422,
      -0.884637237
    ]
  },
  {
    "timeStamp": 2282,
    "rotation": [
      [
        0.868169844,
        -0.4539544,
        -0.200515583
      ],
      [
        0.10139329,
        0.5577785,
        -0.8237734
      ],
      [
        0.4857988,
        0.6948443,
        0.530274451
      ]
    ],
    "translation": [
      1.59995568,
      1.38117886,
      -0.8794167
    ]
  },
  {
    "timeStamp": 2338,
    "rotation": [
      [
        0.8672474,
        -0.453650057,
        -0.205142975
      ],
      [
        0.09548127,
        0.555930555,
        -0.8257267
      ],
      [
        0.488636225,
        0.696522,
        0.5254444
      ]
    ],
    "translation": [
      1.59104228,
      1.379338,
      -0.8735781
    ]
  },
  {
    "timeStamp": 2382,
    "rotation": [
      [
        0.8690167,
        -0.449919879,
        -0.20586884
      ],
      [
        0.09089258,
        0.5541638,
        -0.827430367
      ],
      [
        0.486362427,
        0.7003389,
        0.522471964
      ]
    ],
    "translation": [
      1.58468819,
      1.3779217,
      -0.8697443
    ]
  },
  {
    "timeStamp": 2438,
    "rotation": [
      [
        0.875092268,
        -0.4428293,
        -0.19523263
      ],
      [
        0.0916800946,
        0.5477937,
        -0.8315749
      ],
      [
        0.475192934,
        0.709805846,
        0.5199686
      ]
    ],
    "translation": [
      1.580025,
      1.37586474,
      -0.866177559
    ]
  },
  {
    "timeStamp": 2482,
    "rotation": [
      [
        0.8856964,
        -0.432731271,
        -0.168183
      ],
      [
        0.10653694,
        0.5420297,
        -0.8335789
      ],
      [
        0.4518758,
        0.7203801,
        0.5261756
      ]
    ],
    "translation": [
      1.58035576,
      1.37478018,
      -0.863930464
    ]
  },
  {
    "timeStamp": 2538,
    "rotation": [
      [
        0.9035132,
        -0.417681843,
        -0.0959467143
      ],
      [
        0.15962851,
        0.535766065,
        -0.8291402
      ],
      [
        0.3977218,
        0.7338233,
        0.550745666
      ]
    ],
    "translation": [
      1.58583355,
      1.37487352,
      -0.8614038
    ]
  },
  {
    "timeStamp": 2582,
    "rotation": [
      [
        0.91388005,
        -0.403397471,
        -0.04575737
      ],
      [
        0.195281237,
        0.535594,
        -0.8215865
      ],
      [
        0.355933279,
        0.741896,
        0.5682446
      ]
    ],
    "translation": [
      1.59112942,
      1.37611687,
      -0.8603028
    ]
  },
  {
    "timeStamp": 2638,
    "rotation": [
      [
        0.922985554,
        -0.384833485,
        -0.0009594696
      ],
      [
        0.224865615,
        0.5413382,
        -0.810178041
      ],
      [
        0.312303036,
        0.7475669,
        0.586183131
      ]
    ],
    "translation": [
      1.59771836,
      1.378341,
      -0.859866261
    ]
  },
  {
    "timeStamp": 2683,
    "rotation": [
      [
        0.929236233,
        -0.368716627,
        0.0238369051
      ],
      [
        0.237628579,
        0.5469752,
        -0.802714646
      ],
      [
        0.282936037,
        0.7515758,
        0.595886767
      ]
    ],
    "translation": [
      1.60285044,
      1.38008547,
      -0.8598982
    ]
  },
  {
    "timeStamp": 2738,
    "rotation": [
      [
        0.936221,
        -0.3486049,
        0.0443279929
      ],
      [
        0.2438231,
        0.5535582,
        -0.7963188
      ],
      [
        0.253062516,
        0.7563386,
        0.6032507
      ]
    ],
    "translation": [
      1.60882425,
      1.38198936,
      -0.859496355
    ]
  },
  {
    "timeStamp": 2782,
    "rotation": [
      [
        0.9410646,
        -0.333371222,
        0.057105232
      ],
      [
        0.245318189,
        0.5565298,
        -0.7937843
      ],
      [
        0.232844085,
        0.7610113,
        0.605512559
      ]
    ],
    "translation": [
      1.61375427,
      1.38298249,
      -0.85851717
    ]
  },
  {
    "timeStamp": 2838,
    "rotation": [
      [
        0.947720766,
        -0.3113874,
        0.0697367638
      ],
      [
        0.241813719,
        0.558223963,
        -0.793670058
      ],
      [
        0.208210126,
        0.7690409,
        0.604338169
      ]
    ],
    "translation": [
      1.62047017,
      1.38386559,
      -0.8561995
    ]
  },
  {
    "timeStamp": 2882,
    "rotation": [
      [
        0.9536026,
        -0.289626122,
        0.08221136
      ],
      [
        0.238598451,
        0.5604822,
        -0.793051362
      ],
      [
        0.1836104,
        0.7758714,
        0.603581667
      ]
    ],
    "translation": [
      1.62639093,
      1.3845346,
      -0.8533715
    ]
  },
  {
    "timeStamp": 2938,
    "rotation": [
      [
        0.9597568,
        -0.263802946,
        0.09630674
      ],
      [
        0.234371036,
        0.563472569,
        -0.792192459
      ],
      [
        0.154716492,
        0.7828836,
        0.602624357
      ]
    ],
    "translation": [
      1.634187,
      1.38496041,
      -0.8485364
    ]
  },
  {
    "timeStamp": 2982,
    "rotation": [
      [
        0.963885069,
        -0.245041251,
        0.104309268
      ],
      [
        0.229217067,
        0.5639097,
        -0.793388546
      ],
      [
        0.135591909,
        0.78864485,
        0.5997118
      ]
    ],
    "translation": [
      1.64031887,
      1.38454449,
      -0.84387815
    ]
  },
  {
    "timeStamp": 3038,
    "rotation": [
      [
        0.96835345,
        -0.225605831,
        0.106741
      ],
      [
        0.218342349,
        0.5585789,
        -0.800197661
      ],
      [
        0.120905995,
        0.7981802,
        0.5901611
      ]
    ],
    "translation": [
      1.64748871,
      1.38245749,
      -0.837836742
    ]
  },
  {
    "timeStamp": 3084,
    "rotation": [
      [
        0.971866846,
        -0.213568792,
        0.0993138
      ],
      [
        0.2033763,
        0.548259139,
        -0.8112028
      ],
      [
        0.118797913,
        0.8085792,
        0.5762697
      ]
    ],
    "translation": [
      1.65263438,
      1.37981617,
      -0.833561063
    ]
  },
  {
    "timeStamp": 3137,
    "rotation": [
      [
        0.976440549,
        -0.200225532,
        0.08045859
      ],
      [
        0.178275779,
        0.5384494,
        -0.8235836
      ],
      [
        0.121579587,
        0.818524241,
        0.5614592
      ]
    ],
    "translation": [
      1.65827572,
      1.37619913,
      -0.8282217
    ]
  },
  {
    "timeStamp": 3181,
    "rotation": [
      [
        0.979330659,
        -0.192488909,
        0.0621239766
      ],
      [
        0.157316,
        0.5318233,
        -0.8321152
      ],
      [
        0.127133965,
        0.824689031,
        0.5511125
      ]
    ],
    "translation": [
      1.66227031,
      1.37396789,
      -0.8247019
    ]
  },
  {
    "timeStamp": 3237,
    "rotation": [
      [
        0.981286168,
        -0.188896969,
        0.03735463
      ],
      [
        0.133495152,
        0.5275799,
        -0.8389508
      ],
      [
        0.1387677,
        0.8282375,
        0.5429237
      ]
    ],
    "translation": [
      1.6658138,
      1.3727119,
      -0.821153045
    ]
  },
  {
    "timeStamp": 3281,
    "rotation": [
      [
        0.9811224,
        -0.192975283,
        0.0126247648
      ],
      [
        0.115214594,
        0.53084445,
        -0.839601
      ],
      [
        0.155320451,
        0.825205863,
        0.5430569
      ]
    ],
    "translation": [
      1.6661,
      1.37310028,
      -0.818154335
    ]
  },
  {
    "timeStamp": 3337,
    "rotation": [
      [
        0.977321,
        -0.207960084,
        -0.03995299
      ],
      [
        0.081228815,
        0.5423878,
        -0.8361922
      ],
      [
        0.195564613,
        0.8139829,
        0.5469793
      ]
    ],
    "translation": [
      1.6613878,
      1.37410426,
      -0.813930035
    ]
  },
  {
    "timeStamp": 3381,
    "rotation": [
      [
        0.9696408,
        -0.2219652,
        -0.102607019
      ],
      [
        0.0384252667,
        0.552694,
        -0.832497954
      ],
      [
        0.241495848,
        0.8032813,
        0.5444438
      ]
    ],
    "translation": [
      1.6529299,
      1.37423944,
      -0.8105818
    ]
  },
  {
    "timeStamp": 3437,
    "rotation": [
      [
        0.9554694,
        -0.2411203,
        -0.1701149
      ],
      [
        -0.00577337062,
        0.561099946,
        -0.8277279
      ],
      [
        0.295033485,
        0.791850865,
        0.534721732
      ]
    ],
    "translation": [
      1.63942039,
      1.37334061,
      -0.8066776
    ]
  },
  {
    "timeStamp": 3481,
    "rotation": [
      [
        0.943125069,
        -0.257981032,
        -0.209668413
      ],
      [
        -0.02939218,
        0.563519835,
        -0.825579464
      ],
      [
        0.331136167,
        0.7847873,
        0.5238871
      ]
    ],
    "translation": [
      1.62651443,
      1.37180281,
      -0.8037032
    ]
  },
  {
    "timeStamp": 3537,
    "rotation": [
      [
        0.9271764,
        -0.2842204,
        -0.244054645
      ],
      [
        -0.04395567,
        0.564428866,
        -0.8243106
      ],
      [
        0.372037381,
        0.775009,
        0.510832
      ]
    ],
    "translation": [
      1.60768282,
      1.36855721,
      -0.799544
    ]
  },
  {
    "timeStamp": 3582,
    "rotation": [
      [
        0.913277149,
        -0.313088953,
        -0.260576546
      ],
      [
        -0.0428033657,
        0.5624005,
        -0.8257563
      ],
      [
        0.4050836,
        0.7652979,
        0.500226259
      ]
    ],
    "translation": [
      1.59051669,
      1.36514926,
      -0.795958161
    ]
  },
  {
    "timeStamp": 3637,
    "rotation": [
      [
        0.8954254,
        -0.352559775,
        -0.271873236
      ],
      [
        -0.0309552867,
        0.559880853,
        -0.8279947
      ],
      [
        0.444134235,
        0.7498234,
        0.4904179
      ]
    ],
    "translation": [
      1.566623,
      1.35928631,
      -0.790446758
    ]
  },
  {
    "timeStamp": 3682,
    "rotation": [
      [
        0.8796076,
        -0.385794371,
        -0.278304219
      ],
      [
        -0.01960681,
        0.5551417,
        -0.83152467
      ],
      [
        0.4752958,
        0.7368721,
        0.480742633
      ]
    ],
    "translation": [
      1.546328,
      1.353324,
      -0.785742044
    ]
  },
  {
    "timeStamp": 3737,
    "rotation": [
      [
        0.8611498,
        -0.4223102,
        -0.282975435
      ],
      [
        -0.008156454,
        0.5451032,
        -0.838329256
      ],
      [
        0.5082858,
        0.7242351,
        0.465970963
      ]
    ],
    "translation": [
      1.521323,
      1.34461164,
      -0.7798015
    ]
  },
  {
    "timeStamp": 3782,
    "rotation": [
      [
        0.850204945,
        -0.4434171,
        -0.2837831
      ],
      [
        -0.0004351075,
        0.5384565,
        -0.8426532
      ],
      [
        0.5264517,
        0.7165514,
        0.457605451
      ]
    ],
    "translation": [
      1.502336,
      1.33675134,
      -0.774868
    ]
  },
  {
    "timeStamp": 3837,
    "rotation": [
      [
        0.8391801,
        -0.466088772,
        -0.280246347
      ],
      [
        0.008759305,
        0.526813745,
        -0.8499356
      ],
      [
        0.543783069,
        0.71079427,
        0.446174264
      ]
    ],
    "translation": [
      1.4812398,
      1.3267827,
      -0.769246459
    ]
  },
  {
    "timeStamp": 3881,
    "rotation": [
      [
        0.833483458,
        -0.479427934,
        -0.2746892
      ],
      [
        0.01643344,
        0.518423855,
        -0.854965866
      ],
      [
        0.5523,
        0.708085835,
        0.4399764
      ]
    ],
    "translation": [
      1.46685517,
      1.31920683,
      -0.765134454
    ]
  },
  {
    "timeStamp": 3937,
    "rotation": [
      [
        0.8302628,
        -0.4908369,
        -0.26408866
      ],
      [
        0.0257554762,
        0.507089853,
        -0.8615083
      ],
      [
        0.556776762,
        0.7084766,
        0.433659554
      ]
    ],
    "translation": [
      1.45198464,
      1.31048965,
      -0.7608479
    ]
  },
  {
    "timeStamp": 3981,
    "rotation": [
      [
        0.828475535,
        -0.499007255,
        -0.254204661
      ],
      [
        0.0338761434,
        0.497739732,
        -0.866664648
      ],
      [
        0.558999658,
        0.709399,
        0.429269642
      ]
    ],
    "translation": [
      1.4424181,
      1.3044709,
      -0.7584106
    ]
  },
  {
    "timeStamp": 4037,
    "rotation": [
      [
        0.8289023,
        -0.5044062,
        -0.24185808
      ],
      [
        0.042123165,
        0.4874123,
        -0.8721553
      ],
      [
        0.5578051,
        0.712743759,
        0.4252644
      ]
    ],
    "translation": [
      1.43316686,
      1.29837847,
      -0.7561096
    ]
  },
  {
    "timeStamp": 4081,
    "rotation": [
      [
        0.8310215,
        -0.505276263,
        -0.23259227
      ],
      [
        0.0490579344,
        0.483098418,
        -0.8741906
      ],
      [
        0.554072738,
        0.7150607,
        0.426253
      ]
    ],
    "translation": [
      1.42773724,
      1.29504287,
      -0.754379153
    ]
  },
  {
    "timeStamp": 4137,
    "rotation": [
      [
        0.8329318,
        -0.505837262,
        -0.224395111
      ],
      [
        0.0580290034,
        0.4831076,
        -0.8736359
      ],
      [
        0.550324559,
        0.7146577,
        0.431748927
      ]
    ],
    "translation": [
      1.42308021,
      1.29235184,
      -0.7520598
    ]
  },
  {
    "timeStamp": 4181,
    "rotation": [
      [
        0.8339974,
        -0.505860269,
        -0.220348716
      ],
      [
        0.06325987,
        0.484378576,
        -0.872568369
      ],
      [
        0.5481299,
        0.7137806,
        0.435971171
      ]
    ],
    "translation": [
      1.42118335,
      1.29087007,
      -0.750266433
    ]
  },
  {
    "timeStamp": 4237,
    "rotation": [
      [
        0.83748883,
        -0.5029143,
        -0.213751391
      ],
      [
        0.06744496,
        0.4832991,
        -0.872853458
      ],
      [
        0.5422764,
        0.716588557,
        0.438676625
      ]
    ],
    "translation": [
      1.42173362,
      1.2895906,
      -0.748961568
    ]
  },
  {
    "timeStamp": 4281,
    "rotation": [
      [
        0.8426548,
        -0.497071415,
        -0.2070093
      ],
      [
        0.07051483,
        0.483011425,
        -0.8727701
      ],
      [
        0.533816934,
        0.7208467,
        0.442062825
      ]
    ],
    "translation": [
      1.42406178,
      1.28950644,
      -0.7482288
    ]
  },
  {
    "timeStamp": 4337,
    "rotation": [
      [
        0.850986838,
        -0.4864275,
        -0.198014349
      ],
      [
        0.07402587,
        0.484367281,
        -0.8717273
      ],
      [
        0.519943833,
        0.7271703,
        0.4481984
      ]
    ],
    "translation": [
      1.428926,
      1.2912339,
      -0.7481191
    ]
  },
  {
    "timeStamp": 4381,
    "rotation": [
      [
        0.858269751,
        -0.476563483,
        -0.190421358
      ],
      [
        0.07837164,
        0.488407433,
        -0.8690892
      ],
      [
        0.507179439,
        0.7309893,
        0.4565344
      ]
    ],
    "translation": [
      1.43439174,
      1.29415226,
      -0.748864055
    ]
  },
  {
    "timeStamp": 4437,
    "rotation": [
      [
        0.8685491,
        -0.46053955,
        -0.1831004
      ],
      [
        0.08359744,
        0.500296056,
        -0.8618093
      ],
      [
        0.4885017,
        0.733217,
        0.4730316
      ]
    ],
    "translation": [
      1.442887,
      1.30011463,
      -0.7505983
    ]
  },
  {
    "timeStamp": 4481,
    "rotation": [
      [
        0.8791045,
        -0.442945927,
        -0.175995186
      ],
      [
        0.08753229,
        0.513006449,
        -0.853910148
      ],
      [
        0.468522668,
        0.735271,
        0.489758283
      ]
    ],
    "translation": [
      1.451189,
      1.30664492,
      -0.7529093
    ]
  },
  {
    "timeStamp": 4537,
    "rotation": [
      [
        0.893119633,
        -0.417327166,
        -0.1678551
      ],
      [
        0.09134309,
        0.5336485,
        -0.840759039
      ],
      [
        0.440447181,
        0.735566,
        0.5147319
      ]
    ],
    "translation": [
      1.46379948,
      1.31648254,
      -0.75671494
    ]
  },
  {
    "timeStamp": 4582,
    "rotation": [
      [
        0.90521,
        -0.393443018,
        -0.160615772
      ],
      [
        0.0926467,
        0.551567256,
        -0.828969359
      ],
      [
        0.4147426,
        0.7355109,
        0.535735369
      ]
    ],
    "translation": [
      1.47601581,
      1.32545233,
      -0.76058495
    ]
  },
  {
    "timeStamp": 4637,
    "rotation": [
      [
        0.923110068,
        -0.3561269,
        -0.1450566
      ],
      [
        0.09464832,
        0.576045036,
        -0.8119198
      ],
      [
        0.372705638,
        0.735762,
        0.5654598
      ]
    ],
    "translation": [
      1.49446559,
      1.33781564,
      -0.766403437
    ]
  },
  {
    "timeStamp": 4681,
    "rotation": [
      [
        0.9389999,
        -0.320578068,
        -0.12453489
      ],
      [
        0.09738614,
        0.59513557,
        -0.7977027
      ],
      [
        0.329841137,
        0.7369148,
        0.590052068
      ]
    ],
    "translation": [
      1.51210725,
      1.34764552,
      -0.7719486
    ]
  },
  {
    "timeStamp": 4737,
    "rotation": [
      [
        0.959162533,
        -0.2690757,
        -0.08720903
      ],
      [
        0.103172362,
        0.6198888,
        -0.77787745
      ],
      [
        0.2633678,
        0.737113357,
        0.6223353
      ]
    ],
    "translation": [
      1.53734028,
      1.3597976,
      -0.7791728
    ]
  },
  {
    "timeStamp": 4781,
    "rotation": [
      [
        0.9742983,
        -0.220846817,
        -0.0443788
      ],
      [
        0.1103422,
        0.6396528,
        -0.760702848
      ],
      [
        0.196385831,
        0.736254632,
        0.6475814
      ]
    ],
    "translation": [
      1.56018484,
      1.36923718,
      -0.7852639
    ]
  },
  {
    "timeStamp": 4837,
    "rotation": [
      [
        0.9881836,
        -0.147153586,
        0.0428834
      ],
      [
        0.130670413,
        0.662567437,
        -0.737515867
      ],
      [
        0.08011496,
        0.7344047,
        0.6739669
      ]
    ],
    "translation": [
      1.5933578,
      1.37962317,
      -0.793035269
    ]
  },
  {
    "timeStamp": 4881,
    "rotation": [
      [
        0.986913264,
        -0.085364446,
        0.13680312
      ],
      [
        0.158203855,
        0.676755667,
        -0.719008565
      ],
      [
        -0.0312045086,
        0.7312419,
        0.6814042
      ]
    ],
    "translation": [
      1.622592,
      1.38655186,
      -0.7997967
    ]
  },
  {
    "timeStamp": 4937,
    "rotation": [
      [
        0.9660913,
        -0.0126968427,
        0.257888526
      ],
      [
        0.1958117,
        0.6870639,
        -0.6997149
      ],
      [
        -0.168301731,
        0.726486,
        0.6662526
      ]
    ],
    "translation": [
      1.65990579,
      1.393377,
      -0.809968352
    ]
  },
  {
    "timeStamp": 4981,
    "rotation": [
      [
        0.937954664,
        0.0415402129,
        0.3442607
      ],
      [
        0.221962988,
        0.6908261,
        -0.6881073
      ],
      [
        -0.266408384,
        0.7218266,
        0.6387432
      ]
    ],
    "translation": [
      1.68838322,
      1.39688492,
      -0.81894815
    ]
  },
  {
    "timeStamp": 5037,
    "rotation": [
      [
        0.9021494,
        0.09673047,
        0.420439839
      ],
      [
        0.2437571,
        0.6897948,
        -0.681737244
      ],
      [
        -0.355961949,
        0.717514038,
        0.598719239
      ]
    ],
    "translation": [
      1.72024989,
      1.39988494,
      -0.829622149
    ]
  },
  {
    "timeStamp": 5081,
    "rotation": [
      [
        0.88203454,
        0.131155074,
        0.4525631
      ],
      [
        0.247900575,
        0.687629044,
        -0.6824306
      ],
      [
        -0.4006998,
        0.714118063,
        0.573999166
      ]
    ],
    "translation": [
      1.74281108,
      1.401084,
      -0.837018132
    ]
  },
  {
    "timeStamp": 5137,
    "rotation": [
      [
        0.8659635,
        0.174331129,
        0.4687386
      ],
      [
        0.235068113,
        0.6853977,
        -0.6891828
      ],
      [
        -0.44141838,
        0.7069927,
        0.5525497
      ]
    ],
    "translation": [
      1.7681973,
      1.4015305,
      -0.844343543
    ]
  },
  {
    "timeStamp": 5181,
    "rotation": [
      [
        0.857076347,
        0.208478183,
        0.4711231
      ],
      [
        0.216374412,
        0.68424,
        -0.6964178
      ],
      [
        -0.467549175,
        0.6988222,
        0.5413366
      ]
    ],
    "translation": [
      1.78716171,
      1.40125036,
      -0.8491583
    ]
  },
  {
    "timeStamp": 5237,
    "rotation": [
      [
        0.8485191,
        0.24548994,
        0.468775034
      ],
      [
        0.191568822,
        0.683280468,
        -0.7045773
      ],
      [
        -0.49327147,
        0.687649965,
        0.5327483
      ]
    ],
    "translation": [
      1.809274,
      1.40073836,
      -0.85337317
    ]
  },
  {
    "timeStamp": 5281,
    "rotation": [
      [
        0.843632162,
        0.2667855,
        0.4659509
      ],
      [
        0.176854521,
        0.681317568,
        -0.710301936
      ],
      [
        -0.5069588,
        0.6816391,
        0.5275992
      ]
    ],
    "translation": [
      1.82583416,
      1.39989471,
      -0.856152654
    ]
  },
  {
    "timeStamp": 5336,
    "rotation": [
      [
        0.83935,
        0.286937773,
        0.4616907
      ],
      [
        0.162386239,
        0.678198636,
        -0.7167129
      ],
      [
        -0.51877,
        0.6765452,
        0.522651255
      ]
    ],
    "translation": [
      1.84509349,
      1.39806569,
