[
  {
    "timeStamp": 93931,
    "rotation": [
      [
        0.999919355,
        -0.0124726659,
        0.002375693
      ],
      [
        -0.002510293,
        -0.0107870437,
        0.999938667
      ],
      [
        -0.012446274,
        -0.999864,
        -0.010817484
      ]
    ],
    "translation": [
      1.61076665,
      0.704683065,
      -0.7508383
    ]
  },
  {
    "timeStamp": 93986,
    "rotation": [
      [
        0.999842346,
        -0.012062856,
        0.0130287977
      ],
      [
        -0.0130787445,
        -0.004070995,
        0.9999062
      ],
      [
        -0.0120086838,
        -0.999918938,
        -0.00422812
      ]
    ],
    "translation": [
      1.610799,
      0.7050484,
      -0.75086844
    ]
  },
  {
    "timeStamp": 94031,
    "rotation": [
      [
        0.9998504,
        -0.0119868685,
        0.0124714933
      ],
      [
        -0.0125591364,
        -0.00726433564,
        0.999894738
      ],
      [
        -0.0118950056,
        -0.9999018,
        -0.00741379336
      ]
    ],
    "translation": [
      1.610821,
      0.704880953,
      -0.7509403
    ]
  },
  {
    "timeStamp": 94084,
    "rotation": [
      [
        0.99991256,
        -0.0110042738,
        0.00733416528
      ],
      [
        -0.007295535,
        0.00354650686,
        0.9999671
      ],
      [
        -0.0110299224,
        -0.9999332,
        0.00346591463
      ]
    ],
    "translation": [
      1.61059523,
      0.704783142,
      -0.7551129
    ]
  },
  {
    "timeStamp": 94140,
    "rotation": [
      [
        0.9997138,
        0.0116266357,
        -0.0209108219
      ],
      [
        0.02046387,
        0.0373163968,
        0.99909395
      ],
      [
        0.0123964157,
        -0.999235868,
        0.03706779
      ]
    ],
    "translation": [
      1.60964286,
      0.706565,
      -0.764352858
    ]
  },
  {
    "timeStamp": 94184,
    "rotation": [
      [
        0.999473751,
        0.01302505,
        -0.02970774
      ],
      [
        0.0291082188,
        0.0440253727,
        0.998606265
      ],
      [
        0.014314794,
        -0.9989455,
        0.0436230674
      ]
    ],
    "translation": [
      1.60961139,
      0.714360952,
      -0.765894234
    ]
  },
  {
    "timeStamp": 94240,
    "rotation": [
      [
        0.9999618,
        -0.00340897148,
        -0.00804658048
      ],
      [
        0.008126308,
        0.02405775,
        0.999677539
      ],
      [
        -0.0032142878,
        -0.9997047,
        0.0240845326
      ]
    ],
    "translation": [
      1.60908091,
      0.72988987,
      -0.7641886
    ]
  },
  {
    "timeStamp": 94284,
    "rotation": [
      [
        0.9996027,
        -0.0189157147,
        0.0208972245
      ],
      [
        -0.0208457578,
        0.00291392347,
        0.99977845
      ],
      [
        -0.01897242,
        -0.999816835,
        0.00251845317
      ]
    ],
    "translation": [
      1.60829723,
      0.748528,
      -0.7618152
    ]
  },
  {
    "timeStamp": 94339,
    "rotation": [
      [
        0.999230742,
        -0.0237106979,
        0.0312375762
      ],
      [
        -0.0318549126,
        -0.0261210278,
        0.9991511
      ],
      [
        -0.0228746049,
        -0.9993776,
        -0.0268562362
      ]
    ],
    "translation": [
      1.609673,
      0.7730085,
      -0.760593057
    ]
  },
  {
    "timeStamp": 94384,
    "rotation": [
      [
        0.997765839,
        -0.0372724943,
        0.0554441772
      ],
      [
        -0.0568653047,
        -0.0382149331,
        0.9976502
      ],
      [
        -0.0350661054,
        -0.998574138,
        -0.04024907
      ]
    ],
    "translation": [
      1.61309648,
      0.7945112,
      -0.76044023
    ]
  },
  {
    "timeStamp": 94441,
    "rotation": [
      [
        0.996934354,
        -0.0551665872,
        0.0554843731
      ],
      [
        -0.0585697852,
        -0.0559807643,
        0.996712446
      ],
      [
        -0.05187915,
        -0.996906638,
        -0.05904024
      ]
    ],
    "translation": [
      1.62239146,
      0.8213648,
      -0.7596945
    ]
  },
  {
    "timeStamp": 94485,
    "rotation": [
      [
        0.9945702,
        -0.078315556,
        0.06853347
      ],
      [
        -0.07290488,
        -0.0543906838,
        0.9958547
      ],
      [
        -0.07426333,
        -0.9954438,
        -0.05980494
      ]
    ],
    "translation": [
      1.63314509,
      0.843436658,
      -0.7598929
    ]
  },
  {
    "timeStamp": 94530,
    "rotation": [
      [
        0.9930108,
        -0.103637293,
        0.0564702041
      ],
      [
        -0.06306954,
        -0.06154362,
        0.9961097
      ],
      [
        -0.09975872,
        -0.9927093,
        -0.0676498339
      ]
    ],
    "translation": [
      1.6477524,
      0.864565,
      -0.7589728
    ]
  },
  {
    "timeStamp": 94586,
    "rotation": [
      [
        0.9879741,
        -0.141522616,
        0.062277548
      ],
      [
        -0.07079732,
        -0.0559807643,
        0.995918632
      ],
      [
        -0.137458682,
        -0.988350868,
        -0.06532697
      ]
    ],
    "translation": [
      1.66915345,
      0.8904539,
      -0.7583606
    ]
  },
  {
    "timeStamp": 94630,
    "rotation": [
      [
        0.9833884,
        -0.175796643,
        0.0451971143
      ],
      [
        -0.0568209253,
        -0.06165693,
        0.9964787
      ],
      [
        -0.172390863,
        -0.982493758,
        -0.07062164
      ]
    ],
    "translation": [
      1.69016409,
      0.9092008,
      -0.7574397
    ]
  },
  {
    "timeStamp": 94686,
    "rotation": [
      [
        0.974499047,
        -0.220021084,
        0.04407141
      ],
      [
        -0.05797846,
        -0.0571528859,
        0.9966805
      ],
      [
        -0.2167719,
        -0.9738194,
        -0.06845192
      ]
    ],
    "translation": [
      1.71757865,
      0.9312488,
      -0.7571225
    ]
  },
  {
    "timeStamp": 94730,
    "rotation": [
      [
        0.965797663,
        -0.2568027,
        0.03587802
      ],
      [
        -0.0524155,
        -0.05784292,
        0.9969488
      ],
      [
        -0.2539439,
        -0.964731336,
        -0.069325
      ]
    ],
    "translation": [
      1.7415688,
      0.9472688,
      -0.75761
    ]
  },
  {
    "timeStamp": 94786,
    "rotation": [
      [
        0.947088242,
        -0.315935016,
        0.0566469431
      ],
      [
        -0.0685943738,
        -0.0268151052,
        0.9972842
      ],
      [
        -0.313557982,
        -0.9484018,
        -0.04706764
      ]
    ],
    "translation": [
      1.7723254,
      0.9654914,
      -0.759641
    ]
  },
  {
    "timeStamp": 94830,
    "rotation": [
      [
        0.9326453,
        -0.355175048,
        0.06342996
      ],
      [
        -0.0741653442,
        -0.0166778,
        0.9971065
      ],
      [
        -0.353089482,
        -0.934651,
        -0.0418961532
      ]
    ],
    "translation": [
      1.7970922,
      0.979555249,
      -0.7615546
    ]
  },
  {
    "timeStamp": 94886,
    "rotation": [
      [
        0.91174984,
        -0.405428737,
        0.06587686
      ],
      [
        -0.07141525,
        0.001469376,
        0.9974456
      ],
      [
        -0.404489875,
        -0.9141255,
        -0.0276140925
      ]
    ],
    "translation": [
      1.82861221,
      0.9937305,
      -0.765011
    ]
  },
  {
    "timeStamp": 94930,
    "rotation": [
      [
        0.8925476,
        -0.4444901,
        0.07607514
      ],
      [
        -0.07292734,
        0.0242054965,
        0.9970435
      ],
      [
        -0.445017368,
        -0.8954567,
        -0.0108109219
      ]
    ],
    "translation": [
      1.85433531,
      1.00270367,
      -0.76859
    ]
  },
  {
    "timeStamp": 94986,
    "rotation": [
      [
        0.8719628,
        -0.4871633,
        0.0485049747
      ],
      [
        -0.04842561,
        0.0127652893,
        0.9987452
      ],
      [
        -0.4871712,
        -0.8732175,
        -0.0124603231
      ]
    ],
    "translation": [
      1.88849151,
      1.010925,
      -0.771733463
    ]
  },
  {
    "timeStamp": 95030,
    "rotation": [
      [
        0.846771,
        -0.5287389,
        0.0584299155
      ],
      [
        -0.0529060848,
        0.0255884081,
        0.9982716
      ],
      [
        -0.5293202,
        -0.848398745,
        -0.006305982
      ]
    ],
    "translation": [
      1.91521859,
      1.01469994,
      -0.774613857
    ]
  },
  {
    "timeStamp": 95086,
    "rotation": [
      [
        0.8235286,
        -0.566581845,
        0.0280283839
      ],
      [
        -0.0307245832,
        0.00478704926,
        0.9995164
      ],
      [
        -0.566442,
        -0.823991537,
        -0.0134657193
      ]
    ],
    "translation": [
      1.949489,
      1.01579118,
      -0.777492046
    ]
  },
  {
    "timeStamp": 95130,
    "rotation": [
      [
        0.7990921,
        -0.6002862,
        0.033289738
      ],
      [
        -0.02495474,
        0.022206109,
        0.9994419
      ],
      [
        -0.6006904,
        -0.7994769,
        0.00276474
      ]
    ],
    "translation": [
      1.97563612,
      1.0118885,
      -0.7813406
    ]
  },
  {
    "timeStamp": 95185,
    "rotation": [
      [
        0.760753155,
        -0.648566067,
        0.024832936
      ],
      [
        -0.0159411225,
        0.0195782036,
        0.999681234
      ],
      [
        -0.648845553,
        -0.7609065,
        0.004555309
      ]
    ],
    "translation": [
      2.009708,
      1.00681114,
      -0.784485459
    ]
  },
  {
    "timeStamp": 95230,
    "rotation": [
      [
        0.73615545,
        -0.676573336,
        0.0179922078
      ],
      [
        -0.000359866564,
        0.0261924546,
        0.999656856
      ],
      [
        -0.6768124,
        -0.735909343,
        0.0190382414
      ]
    ],
    "translation": [
      2.03530121,
      1.000267,
      -0.78808105
    ]
  },
  {
    "timeStamp": 95286,
    "rotation": [
      [
        0.6936994,
        -0.7200206,
        0.01874625
      ],
      [
        0.00329933222,
        0.02920319,
        0.999568045
      ],
      [
        -0.720257044,
        -0.6933379,
        0.0226338226
      ]
    ],
    "translation": [
      2.06553864,
      0.9934237,
      -0.790568233
    ]
  },
  {
    "timeStamp": 95336,
    "rotation": [
      [
        0.6689458,
        -0.743182,
        0.0138608022
      ],
      [
        0.013408727,
        0.0307094771,
        0.9994384
      ],
      [
        -0.7431903,
        -0.668384254,
        0.0305081
      ]
    ],
    "translation": [
      2.0906918,
      0.98589766,
      -0.7923871
    ]
  },
  {
    "timeStamp": 95380,
    "rotation": [
      [
        0.646678746,
        -0.76242286,
        0.0227593854
      ],
      [
        0.00374562386,
        0.03301191,
        0.999447942
      ],
      [
        -0.7627533,
        -0.6462365,
        0.0242038518
      ]
    ],
    "translation": [
      2.10762072,
      0.9808899,
      -0.791371465
    ]
  },
  {
    "timeStamp": 95436,
    "rotation": [
      [
        0.6355199,
        -0.7718857,
        0.0175163
      ],
      [
        0.00765903,
        0.0289886072,
        0.9995504
      ],
      [
        -0.7720464,
        -0.635100067,
        0.0243347343
      ]
    ],
    "translation": [
      2.1247313,
      0.9731173,
      -0.788863957
    ]
  },
  {
    "timeStamp": 95480,
    "rotation": [
      [
        0.6290663,
        -0.7770556,
        0.02145286
      ],
      [
        0.017208565,
        0.0415112078,
        0.9989898
      ],
      [
        -0.7771612,
        -0.628061652,
        0.039485313
      ]
    ],
    "translation": [
      2.13635015,
      0.9641405,
      -0.787119865
    ]
  },
  {
    "timeStamp": 95536,
    "rotation": [
      [
        0.6197113,
        -0.78432703,
        0.02809108
      ],
      [
        0.00358012225,
        0.038617298,
        0.99924767
      ],
      [
        -0.784821749,
        -0.6191445,
        0.0267395619
      ]
    ],
    "translation": [
      2.14887285,
      0.9559849,
      -0.781260669
    ]
  },
  {
    "timeStamp": 95580,
    "rotation": [
      [
        0.628900051,
        -0.7773896,
        0.0122581162
      ],
      [
        0.03146447,
        0.04120153,
        0.9986553
      ],
      [
        -0.77684927,
        -0.6276687,
        0.0503717922
      ]
    ],
    "translation": [
      2.1569953,
      0.9468003,
      -0.7778451
    ]
  },
  {
    "timeStamp": 95639,
    "rotation": [
      [
        0.6443069,
        -0.7646928,
        0.0106569044
      ],
      [
        0.03244695,
        0.0412557945,
        0.998621643
      ],
      [
        -0.764078438,
        -0.643073,
        0.051393345
      ]
    ],
    "translation": [
      2.16232133,
      0.939451039,
      -0.7690487
    ]
  },
  {
    "timeStamp": 95680,
    "rotation": [
      [
        0.6619709,
        -0.749512553,
        0.0050509437
      ],
      [
        0.0346048139,
        0.0372932851,
        0.998705
      ],
      [
        -0.7487303,
        -0.6609389,
        0.0506238081
      ]
    ],
    "translation": [
      2.16447353,
      0.9354938,
      -0.7609479
    ]
  },
  {
    "timeStamp": 95738,
    "rotation": [
      [
        0.7121712,
        -0.7016057,
        -0.02369898
      ],
      [
        0.0619850419,
        0.02921968,
        0.997649252
      ],
      [
        -0.6992639,
        -0.711966038,
        0.06429847
      ]
    ],
    "translation": [
      2.16236448,
      0.9300541,
      -0.751859367
    ]
  },
  {
    "timeStamp": 95783,
    "rotation": [
      [
        0.7455312,
        -0.6663295,
        -0.0137189087
      ],
      [
        0.045877818,
        0.0307736453,
        0.9984729
      ],
      [
        -0.664889753,
        -0.7450221,
        0.0535124578
      ]
    ],
    "translation": [
      2.1573236,
      0.927443862,
      -0.7443158
    ]
  },
  {
    "timeStamp": 95840,
    "rotation": [
      [
        0.7911631,
        -0.609983146,
        -0.04451434
      ],
      [
        0.0799885,
        0.0310398061,
        0.9963124
      ],
      [
        -0.6063521,
        -0.7918062,
        0.0733491853
      ]
    ],
    "translation": [
      2.152437,
      0.919325054,
      -0.73968184
    ]
  },
  {
    "timeStamp": 95884,
    "rotation": [
      [
        0.812350333,
        -0.5825088,
        -0.02775622
      ],
      [
        0.0660888553,
        0.04466805,
        0.9968134
      ],
      [
        -0.579412758,
        -0.8115961,
        0.0747834444
      ]
    ],
    "translation": [
      2.14753842,
      0.914340854,
      -0.7355211
    ]
  },
  {
    "timeStamp": 95940,
    "rotation": [
      [
        0.856618,
        -0.5095407,
        -0.0810798854
      ],
      [
        0.117373973,
        0.0394250862,
        0.9923049
      ],
      [
        -0.502423167,
        -0.8595429,
        0.0935790539
      ]
    ],
    "translation": [
      2.14040184,
      0.9048208,
      -0.732472658
    ]
  },
  {
    "timeStamp": 95984,
    "rotation": [
      [
        0.8785267,
        -0.473968238,
        -0.0595394336
      ],
      [
        0.102380209,
        0.0650761947,
        0.9926144
      ],
      [
        -0.4665931,
        -0.878133953,
        0.105696134
      ]
    ],
    "translation": [
      2.13152575,
      0.899210155,
      -0.727779567
    ]
  },
  {
    "timeStamp": 96040,
    "rotation": [
      [
        0.8988863,
        -0.4332954,
        -0.065257
      ],
      [
        0.107919507,
        0.07457797,
        0.9913584
      ],
      [
        -0.424684316,
        -0.898161,
        0.113798149
      ]
    ],
    "translation": [
      2.1231904,
      0.892114639,
      -0.7200997
    ]
  },
  {
    "timeStamp": 96085,
    "rotation": [
      [
        0.9183094,
        -0.387341648,
        -0.0816964
      ],
      [
        0.12240231,
        0.0815698951,
        0.989122868
      ],
      [
        -0.376464516,
        -0.918320656,
        0.12231791
      ]
    ],
    "translation": [
      2.116721,
      0.8854374,
      -0.714208245
    ]
  },
  {
    "timeStamp": 96130,
    "rotation": [
      [
        0.9305721,
        -0.3618951,
        -0.0553841
      ],
      [
        0.09896475,
        0.103006884,
        0.9897452
      ],
      [
        -0.352479,
        -0.926510334,
        0.131670192
      ]
    ],
    "translation": [
      2.10950637,
      0.8795016,
      -0.707062542
    ]
  },
  {
    "timeStamp": 96185,
    "rotation": [
      [
        0.94157654,
        -0.328822345,
        -0.07286623
      ],
      [
        0.118000552,
        0.119440541,
        0.985804141
      ],
      [
        -0.315451235,
        -0.9368083,
        0.151263624
      ]
    ],
    "translation": [
      2.10626268,
      0.869093537,
      -0.700122237
    ]
  },
  {
    "timeStamp": 96229,
    "rotation": [
      [
        0.9422813,
        -0.331608027,
        -0.0462814756
      ],
      [
        0.0990988761,
        0.144180328,
        0.984576762
      ],
      [
        -0.319820672,
        -0.9323347,
        0.168720409
      ]
    ],
    "translation": [
      2.10439,
      0.861571,
      -0.694381535
    ]
  },
  {
    "timeStamp": 96285,
    "rotation": [
      [
        0.945032358,
        -0.322333485,
        -0.0549092963
      ],
      [
        0.1138476,
        0.166948542,
        0.979370654
      ],
      [
        -0.306516916,
        -0.9317882,
        0.194468662
      ]
    ],
    "translation": [
      2.10438251,
      0.85041,
      -0.6902275
    ]
  },
  {
    "timeStamp": 96340,
    "rotation": [
      [
        0.942089736,
        -0.333927572,
        -0.03097227
      ],
      [
        0.09961125,
        0.190443233,
        0.976631463
      ],
      [
        -0.320225716,
        -0.923159659,
        0.212677568
      ]
    ],
    "translation": [
      2.10196877,
      0.842434,
      -0.6866187
    ]
  },
  {
    "timeStamp": 96385,
    "rotation": [
      [
        0.941512,
        -0.336051047,
        -0.02499772
      ],
      [
        0.0974363759,
        0.20047158,
        0.9748422
      ],
      [
        -0.3225854,
        -0.920261264,
        0.22149
      ]
    ],
    "translation": [
      2.0991137,
      0.8369892,
      -0.684423566
    ]
  },
  {
    "timeStamp": 96430,
    "rotation": [
      [
        0.9318055,
        -0.362958044,
        2.98171581E-05
      ],
      [
        0.08404909,
        0.215855271,
        0.972801268
      ],
      [
        -0.3530925,
        -0.906459033,
        0.231641427
      ]
    ],
    "translation": [
      2.09714031,
      0.8325121,
      -0.6817845
    ]
  },
  {
    "timeStamp": 96485,
    "rotation": [
      [
        0.926626861,
        -0.3756307,
        0.0162537526
      ],
      [
        0.07147862,
        0.218439639,
        0.9732291
      ],
      [
        -0.369125217,
        -0.9006584,
        0.2292616
      ]
    ],
    "translation": [
      2.09371924,
      0.828329146,
      -0.678733051
    ]
  },
  {
    "timeStamp": 96540,
    "rotation": [
      [
        0.9234777,
        -0.382065117,
        0.0348606929
      ],
      [
        0.0583557934,
        0.229693457,
        0.97151196
      ],
      [
        -0.3791881,
        -0.8951353,
        0.234412491
      ]
    ],
    "translation": [
      2.08880687,
      0.82472837,
      -0.676578164
    ]
  },
  {
    "timeStamp": 96585,
    "rotation": [
      [
        0.9206524,
        -0.387822449,
        0.04464159
      ],
      [
        0.0502964333,
        0.23123762,
        0.97159636
      ],
      [
        -0.3871297,
        -0.8922572,
        0.232395545
      ]
    ],
    "translation": [
      2.08563113,
      0.822443,
      -0.674398243
    ]
  },
  {
    "timeStamp": 96641,
    "rotation": [
      [
        0.915422142,
        -0.397581816,
        0.0626982152
      ],
      [
        0.0331486724,
        0.2297166,
        0.9726929
      ],
      [
        -0.401127815,
        -0.888346255,
        0.223466963
      ]
    ],
    "translation": [
      2.08208966,
      0.8210434,
      -0.6707509
    ]
  },
  {
    "timeStamp": 96685,
    "rotation": [
      [
        0.9104415,
        -0.408030272,
        0.06787916
      ],
      [
        0.03221052,
        0.233540714,
        0.9718134
      ],
      [
        -0.4123818,
        -0.882592857,
        0.22576803
      ]
    ],
    "translation": [
      2.081113,
      0.8187439,
      -0.66881305
    ]
  },
  {
    "timeStamp": 96741,
    "rotation": [
      [
        0.9087166,
        -0.413148344,
        0.0595194958
      ],
      [
        0.04016771,
        0.228481665,
        0.9727192
      ],
      [
        -0.415476441,
        -0.8815353,
        0.224220321
      ]
    ],
    "translation": [
      2.08053732,
      0.8154625,
      -0.6661993
    ]
  },
  {
    "timeStamp": 96785,
    "rotation": [
      [
        0.902599335,
        -0.42538178,
        0.0660667047
      ],
      [
        0.0374879427,
        0.230559066,
        0.972335935
      ],
      [
        -0.42884627,
        -0.875153065,
        0.224049151
      ]
    ],
    "translation": [
      2.080367,
      0.8131702,
      -0.664019763
    ]
  },
  {
    "timeStamp": 96841,
    "rotation": [
      [
        0.899537,
        -0.4327697,
        0.0595274828
      ],
      [
        0.04563468,
        0.22861442,
        0.972446859
      ],
      [
        -0.434454381,
        -0.8720354,
        0.225396439
      ]
    ],
    "translation": [
      2.080808,
      0.810563147,
      -0.6620837
    ]
  },
  {
    "timeStamp": 96885,
    "rotation": [
      [
        0.8946427,
        -0.441284031,
        0.0698769242
      ],
      [
        0.0394058377,
        0.2337266,
        0.9715035
      ],
      [
        -0.4450411,
        -0.866394937,
        0.226490974
      ]
    ],
    "translation": [
      2.08078718,
      0.8097218,
      -0.6605251
    ]
  },
  {
    "timeStamp": 96941,
    "rotation": [
      [
        0.885158956,
        -0.45848152,
        0.0792988539
      ],
      [
        0.03468508,
        0.2349742,
        0.971382558
      ],
      [
        -0.463994145,
        -0.8570775,
        0.223891988
      ]
    ],
    "translation": [
      2.081872,
      0.808241367,
      -0.658859253
    ]
  }
]