[
  {
    "timeStamp": 106992,
    "rotation": [
      [
        0.999792457,
        0.00725560728,
        0.0190351177
      ],
      [
        -0.0189534277,
        -0.011166146,
        0.999758
      ],
      [
        0.00746640749,
        -0.9999113,
        -0.0110263107
      ]
    ],
    "translation": [
      1.30357814,
      0.7048681,
      -0.498213649
    ]
  },
  {
    "timeStamp": 107047,
    "rotation": [
      [
        0.999827,
        -0.00677728467,
        0.0173184853
      ],
      [
        -0.0173442215,
        -0.003757079,
        0.9998425
      ],
      [
        -0.006711153,
        -0.999969959,
        -0.003873976
      ]
    ],
    "translation": [
      1.30608368,
      0.709135532,
      -0.497605383
    ]
  },
  {
    "timeStamp": 107091,
    "rotation": [
      [
        0.9986407,
        -0.0286339968,
        0.04355354
      ],
      [
        -0.0428895764,
        0.0234071352,
        0.9988056
      ],
      [
        -0.0296192579,
        -0.9993159,
        0.0221472178
      ]
    ],
    "translation": [
      1.30877352,
      0.715799749,
      -0.4995688
    ]
  },
  {
    "timeStamp": 107146,
    "rotation": [
      [
        0.993707955,
        -0.06748861,
        0.08938476
      ],
      [
        -0.08445412,
        0.07268491,
        0.9937728
      ],
      [
        -0.0735652745,
        -0.9950689,
        0.06652788
      ]
    ],
    "translation": [
      1.316234,
      0.729096,
      -0.504044652
    ]
  },
  {
    "timeStamp": 107191,
    "rotation": [
      [
        0.985455453,
        -0.103073373,
        0.135105312
      ],
      [
        -0.123283647,
        0.113546215,
        0.985854149
      ],
      [
        -0.11695601,
        -0.988171637,
        0.09918748
      ]
    ],
    "translation": [
      1.32252407,
      0.744342,
      -0.5078361
    ]
  },
  {
    "timeStamp": 107245,
    "rotation": [
      [
        0.9658048,
        -0.15539597,
        0.207540751
      ],
      [
        -0.180694357,
        0.170622364,
        0.9686266
      ],
      [
        -0.185931787,
        -0.9730057,
        0.136708722
      ]
    ],
    "translation": [
      1.333221,
      0.7708667,
      -0.5145289
    ]
  },
  {
    "timeStamp": 107300,
    "rotation": [
      [
        0.91974777,
        -0.241451472,
        0.3094594
      ],
      [
        -0.246263832,
        0.2589535,
        0.933968544
      ],
      [
        -0.305643648,
        -0.9352241,
        0.178711176
      ]
    ],
    "translation": [
      1.34567416,
      0.8091185,
      -0.5194903
    ]
  },
  {
    "timeStamp": 107344,
    "rotation": [
      [
        0.872141957,
        -0.274710953,
        0.404848427
      ],
      [
        -0.314223081,
        0.319751024,
        0.8938809
      ],
      [
        -0.3750096,
        -0.9068038,
        0.192547783
      ]
    ],
    "translation": [
      1.35600734,
      0.8503673,
      -0.5275236
    ]
  },
  {
    "timeStamp": 107400,
    "rotation": [
      [
        0.805123,
        -0.2971742,
        0.513287842
      ],
      [
        -0.375624746,
        0.414261371,
        0.8290317
      ],
      [
        -0.459002167,
        -0.8602761,
        0.221905366
      ]
    ],
    "translation": [
      1.36807179,
      0.9091122,
      -0.5417093
    ]
  },
  {
    "timeStamp": 107445,
    "rotation": [
      [
        0.734291255,
        -0.29720667,
        0.6103151
      ],
      [
        -0.420713037,
        0.5063346,
        0.7527455
      ],
      [
        -0.532744646,
        -0.809502,
        0.246758357
      ]
    ],
    "translation": [
      1.37825871,
      0.9631401,
      -0.5538771
    ]
  },
  {
    "timeStamp": 107500,
    "rotation": [
      [
        0.645911157,
        -0.223967463,
        0.72982
      ],
      [
        -0.5030387,
        0.594236434,
        0.6275628
      ],
      [
        -0.5742393,
        -0.772477567,
        0.271159619
      ]
    ],
    "translation": [
      1.38893211,
      1.04332507,
      -0.577188
    ]
  },
  {
    "timeStamp": 107544,
    "rotation": [
      [
        0.579020441,
        -0.163875908,
        0.7986739
      ],
      [
        -0.5479702,
        0.6471309,
        0.5300475
      ],
      [
        -0.603708565,
        -0.7445578,
        0.2849029
      ]
    ],
    "translation": [
      1.39953876,
      1.10387719,
      -0.595289469
    ]
  },
  {
    "timeStamp": 107601,
    "rotation": [
      [
        0.484602243,
        -0.09476192,
        0.8695865
      ],
      [
        -0.6022667,
        0.6848096,
        0.410256684
      ],
      [
        -0.634377956,
        -0.7225344,
        0.27478832
      ]
    ],
    "translation": [
      1.41635382,
      1.17505777,
      -0.6146709
    ]
  },
  {
    "timeStamp": 107645,
    "rotation": [
      [
        0.418384731,
        -0.03795012,
        0.9074767
      ],
      [
        -0.652117252,
        0.682907343,
        0.329212129
      ],
      [
        -0.632216156,
        -0.729518533,
        0.260970116
      ]
    ],
    "translation": [
      1.43221831,
      1.2257508,
      -0.6299623
    ]
  },
  {
    "timeStamp": 107691,
    "rotation": [
      [
        0.369261771,
        -0.0114269154,
        0.9292551
      ],
      [
        -0.686836839,
        0.6702216,
        0.2811727
      ],
      [
        -0.626019835,
        -0.742073,
        0.2396388
      ]
    ],
    "translation": [
      1.44691479,
      1.26720524,
      -0.6423229
    ]
  },
  {
    "timeStamp": 107746,
    "rotation": [
      [
        0.2790664,
        0.026821414,
        0.959897161
      ],
      [
        -0.732868731,
        0.6518722,
        0.19484891
      ],
      [
        -0.620504141,
        -0.757854342,
        0.201572224
      ]
    ],
    "translation": [
      1.47090888,
      1.31286108,
      -0.6534858
    ]
  },
  {
    "timeStamp": 107791,
    "rotation": [
      [
        0.266378582,
        0.0215497911,
        0.9636276
      ],
      [
        -0.762153149,
        0.6167301,
        0.196892321
      ],
      [
        -0.5900551,
        -0.7868797,
        0.180707917
      ]
    ],
    "translation": [
      1.48353028,
      1.3398124,
      -0.6635354
    ]
  },
  {
    "timeStamp": 107846,
    "rotation": [
      [
        0.225202024,
        0.01773976,
        0.974150538
      ],
      [
        -0.7967136,
        0.578875065,
        0.173640922
      ],
      [
        -0.5608311,
        -0.8152233,
        0.144497335
      ]
    ],
    "translation": [
      1.50151372,
      1.36879063,
      -0.673278034
    ]
  },
  {
    "timeStamp": 107891,
    "rotation": [
      [
        0.184343666,
        0.00977229,
        0.9828133
      ],
      [
        -0.8068908,
        0.5724614,
        0.145654261
      ],
      [
        -0.5611993,
        -0.819873452,
        0.113414809
      ]
    ],
    "translation": [
      1.51653731,
      1.38709152,
      -0.677400768
    ]
  },
  {
    "timeStamp": 107946,
    "rotation": [
      [
        0.145530581,
        0.0014628279,
        0.989352643
      ],
      [
        -0.820511162,
        0.5589213,
        0.119868144
      ],
      [
        -0.552794933,
        -0.8292194,
        0.08254041
      ]
    ],
    "translation": [
      1.533296,
      1.40615118,
      -0.684213758
    ]
  },
  {
    "timeStamp": 107991,
    "rotation": [
      [
        0.124918826,
        -0.008125731,
        0.992133737
      ],
      [
        -0.8322898,
        0.5434699,
        0.109244093
      ],
      [
        -0.540082455,
        -0.8393894,
        0.0611266531
      ]
    ],
    "translation": [
      1.54463208,
      1.41903543,
      -0.6912646
    ]
  },
  {
    "timeStamp": 108046,
    "rotation": [
      [
        0.10520149,
        -0.0246276837,
        0.99414593
      ],
      [
        -0.8378208,
        0.5363426,
        0.101945668
      ],
      [
        -0.5357135,
        -0.843641,
        0.0357904546
      ]
    ],
    "translation": [
      1.55667984,
      1.43046331,
      -0.698026061
    ]
  },
  {
    "timeStamp": 108090,
    "rotation": [
      [
        0.08072872,
        -0.0272583272,
        0.9963633
      ],
      [
        -0.84336,
        0.530922532,
        0.08285675
      ],
      [
        -0.531250238,
        -0.8469819,
        0.0198721141
      ]
    ],
    "translation": [
      1.56747973,
      1.44022334,
      -0.7032164
    ]
  },
  {
    "timeStamp": 108146,
    "rotation": [
      [
        0.0629524,
        -0.03066847,
        0.997545242
      ],
      [
        -0.8608248,
        0.5040888,
        0.06982202
      ],
      [
        -0.504992664,
        -0.863107145,
        0.005333419
      ]
    ],
    "translation": [
      1.57876456,
      1.45185769,
      -0.712418735
    ]
  },
  {
    "timeStamp": 108190,
    "rotation": [
      [
        0.04573052,
        -0.0325887837,
        0.9984221
      ],
      [
        -0.8673096,
        0.49462378,
        0.0558698624
      ],
      [
        -0.49566406,
        -0.868496,
        -0.00564515963
      ]
    ],
    "translation": [
      1.58829451,
      1.45971906,
      -0.7164458
    ]
  },
  {
    "timeStamp": 108246,
    "rotation": [
      [
        0.0204913747,
        -0.0410610475,
        0.9989465
      ],
      [
        -0.8633926,
        0.5030701,
        0.03838913
      ],
      [
        -0.5041164,
        -0.8632696,
        -0.0251432061
      ]
    ],
    "translation": [
      1.60006714,
      1.46608722,
      -0.718214
    ]
  },
  {
    "timeStamp": 108290,
    "rotation": [
      [
        0.00553638954,
        -0.0414105356,
        0.999126852
      ],
      [
        -0.8644609,
        0.502047956,
        0.0255984161
      ],
      [
        -0.502669632,
        -0.8638478,
        -0.03301825
      ]
    ],
    "translation": [
      1.61014545,
      1.47196937,
      -0.7205888
    ]
  },
  {
    "timeStamp": 108346,
    "rotation": [
      [
        -0.0268038735,
        -0.0387807,
        0.998888135
      ],
      [
        -0.859035134,
        0.511906743,
        -0.00317689776
      ],
      [
        -0.511214435,
        -0.8581652,
        -0.04703507
      ]
    ],
    "translation": [
      1.62366641,
      1.47777212,
      -0.7240787
    ]
  },
  {
    "timeStamp": 108390,
    "rotation": [
      [
        -0.0385824852,
        -0.0418288074,
        0.9983795
      ],
      [
        -0.8458657,
        0.5332955,
        -0.01034525
      ],
      [
        -0.531998634,
        -0.84489423,
        -0.05595742
      ]
    ],
    "translation": [
      1.63432193,
      1.47964466,
      -0.7237144
    ]
  },
  {
    "timeStamp": 108446,
    "rotation": [
      [
        -0.0590907857,
        -0.0526452661,
        0.9968635
      ],
      [
        -0.845614254,
        0.533342659,
        -0.02195892
      ],
      [
        -0.530513763,
        -0.844259441,
        -0.07603323
      ]
    ],
    "translation": [
      1.648533,
      1.48208857,
      -0.7273853
    ]
  },
  {
    "timeStamp": 108491,
    "rotation": [
      [
        -0.08635551,
        -0.0497263633,
        0.9950226
      ],
      [
        -0.8339701,
        0.549980342,
        -0.0448928475
      ],
      [
        -0.5450105,
        -0.833695948,
        -0.0889641345
      ]
    ],
    "translation": [
      1.66318345,
      1.4845351,
      -0.728552759
    ]
  },
  {
    "timeStamp": 108546,
    "rotation": [
      [
        -0.118189126,
        -0.04550549,
        0.9919479
      ],
      [
        -0.807855964,
        0.5852792,
        -0.06940523
      ],
      [
        -0.577408135,
        -0.809553862,
        -0.105935514
      ]
    ],
    "translation": [
      1.68162441,
      1.48476017,
      -0.7287075
    ]
  },
  {
    "timeStamp": 108590,
    "rotation": [
      [
        -0.141121969,
        -0.0373708,
        0.9892866
      ],
      [
        -0.7699948,
        0.632233739,
        -0.08595698
      ],
      [
        -0.622248054,
        -0.773875952,
        -0.117997386
      ]
    ],
    "translation": [
      1.69737458,
      1.48363984,
      -0.7258238
    ]
  },
  {
    "timeStamp": 108646,
    "rotation": [
      [
        -0.171430364,
        -0.036294885,
        0.984527469
      ],
      [
        -0.6995351,
        0.7081612,
        -0.09569964
      ],
      [
        -0.6937307,
        -0.705117345,
        -0.146789864
      ]
    ],
    "translation": [
      1.717188,
      1.47675884,
      -0.7204656
    ]
  },
  {
    "timeStamp": 108690,
    "rotation": [
      [
        -0.1970349,
        -0.03986052,
        0.979585767
      ],
      [
        -0.627977669,
        0.7724258,
        -0.09488115
      ],
      [
        -0.7528753,
        -0.6338529,
        -0.17722635
      ]
    ],
    "translation": [
      1.73421562,
      1.469054,
      -0.7149538
    ]
  },
  {
    "timeStamp": 108746,
    "rotation": [
      [
        -0.2443298,
        -0.0441784561,
        0.9686853
      ],
      [
        -0.540020049,
        0.835917234,
        -0.09808496
      ],
      [
        -0.8054075,
        -0.547074556,
        -0.228096738
      ]
    ],
    "translation": [
      1.75588131,
      1.45778668,
      -0.711836159
    ]
  },
  {
    "timeStamp": 108791,
    "rotation": [
      [
        -0.283482552,
        -0.07167458,
        0.956295133
      ],
      [
        -0.49399057,
        0.8656336,
        -0.08155828
      ],
      [
        -0.821955562,
        -0.495521128,
        -0.280798584
      ]
    ],
    "translation": [
      1.77332926,
      1.45208716,
      -0.7121122
    ]
  },
  {
    "timeStamp": 108846,
    "rotation": [
      [
        -0.331542641,
        -0.0526510663,
        0.9419699
      ],
      [
        -0.44986406,
        0.8864463,
        -0.108789861
      ],
      [
        -0.8292779,
        -0.4598269,
        -0.317580581
      ]
    ],
    "translation": [
      1.79280961,
      1.45036054,
      -0.716659248
    ]
  },
  {
    "timeStamp": 108890,
    "rotation": [
      [
        -0.349677771,
        -0.07569881,
        0.9338068
      ],
      [
        -0.451911032,
        0.8867361,
        -0.0973417461
      ],
      [
        -0.820671558,
        -0.456035852,
        -0.344281048
      ]
    ],
    "translation": [
      1.80519557,
      1.45365715,
      -0.7209544
    ]
  },
  {
    "timeStamp": 108946,
    "rotation": [
      [
        -0.379601419,
        -0.0726081058,
        0.922296464
      ],
      [
        -0.4380093,
        0.8922105,
        -0.110037543
      ],
      [
        -0.814893,
        -0.445744842,
        -0.370487422
      ]
    ],
    "translation": [
      1.81934929,
      1.45733893,
      -0.725789368
    ]
  },
  {
    "timeStamp": 108990,
    "rotation": [
      [
        -0.389029622,
        -0.07258447,
        0.918361366
      ],
      [
        -0.4441441,
        0.888157845,
        -0.117947839
      ],
      [
        -0.8070886,
        -0.453769952,
        -0.377757668
      ]
    ],
    "translation": [
      1.828976,
      1.46346533,
      -0.728337348
    ]
  },
  {
    "timeStamp": 109046,
    "rotation": [
      [
        -0.396349549,
        -0.08398727,
        0.9142501
      ],
      [
        -0.4561442,
        0.8822202,
        -0.116704717
      ],
      [
        -0.7967681,
        -0.4632857,
        -0.3879779
      ]
    ],
    "translation": [
      1.83816838,
      1.47015429,
      -0.7320233
    ]
  },
  {
    "timeStamp": 109090,
    "rotation": [
      [
        -0.398392,
        -0.08686193,
        0.91309303
      ],
      [
        -0.4597311,
        0.88033855,
        -0.116839439
      ],
      [
        -0.793682039,
        -0.466325134,
        -0.390652925
      ]
    ],
    "translation": [
      1.844763,
      1.47451758,
      -0.73328054
    ]
  },
  {
    "timeStamp": 109146,
    "rotation": [
      [
        -0.406910151,
        -0.08430764,
        0.9095693
      ],
      [
        -0.467900157,
        0.874423,
        -0.128272548
      ],
      [
        -0.784534,
        -0.477783,
        -0.395259172
      ]
    ],
    "translation": [
      1.85262489,
      1.479177,
      -0.7358344
    ]
  },
  {
    "timeStamp": 109190,
    "rotation": [
      [
        -0.413050145,
        -0.09391768,
        0.9058527
      ],
      [
        -0.470922351,
        0.8733909,
        -0.1241788
      ],
      [
        -0.779500961,
        -0.477878332,
        -0.4049822
      ]
    ],
    "translation": [
      1.859736,
      1.48005176,
      -0.736448765
    ]
  },
  {
    "timeStamp": 109246,
    "rotation": [
      [
        -0.425425828,
        -0.09470298,
        0.900024533
      ],
      [
        -0.4638962,
        0.8767357,
        -0.127023146
      ],
      [
        -0.7770542,
        -0.4715569,
        -0.416918337
      ]
    ],
    "translation": [
      1.87054276,
      1.47480237,
      -0.73666966
    ]
  },
  {
    "timeStamp": 109290,
    "rotation": [
      [
        -0.4289467,
        -0.144055158,
        0.8917695
      ],
      [
        -0.471723318,
        0.8776274,
        -0.0851312056
      ],
      [
        -0.770377755,
        -0.4571852,
        -0.444409549
      ]
    ],
    "translation": [
      1.880628,
      1.46331728,
      -0.735101
    ]
  },
  {
    "timeStamp": 109345,
    "rotation": [
      [
        -0.3823265,
        -0.362325639,
        0.8500274
      ],
      [
        -0.563468635,
        0.8205051,
        0.09630401
      ],
      [
        -0.7323452,
        -0.442144215,
        -0.51786
      ]
    ],
    "translation": [
      1.89280593,
      1.43633878,
      -0.732547462
    ]
  },
  {
    "timeStamp": 109390,
    "rotation": [
      [
        -0.312104732,
        -0.562378347,
        0.765716136
      ],
      [
        -0.5917067,
        0.7456347,
        0.306450844
      ],
      [
        -0.743285835,
        -0.357434571,
        -0.565479159
      ]
    ],
    "translation": [
      1.90520132,
      1.39205551,
      -0.725266
    ]
  },
  {
    "timeStamp": 109446,
    "rotation": [
      [
        -0.189160734,
        -0.7665373,
        0.613709
      ],
      [
        -0.5572904,
        0.5983916,
        0.5756344
      ],
      [
        -0.808483541,
        -0.23312667,
        -0.540376
      ]
    ],
    "translation": [
      1.916935,
      1.31548285,
      -0.7181584
    ]
  },
  {
    "timeStamp": 109490,
    "rotation": [
      [
        -0.133585587,
        -0.866881251,
        0.4802831
      ],
      [
        -0.4723219,
        0.481736869,
        0.7381339
      ],
      [
        -0.8712445,
        -0.128244177,
        -0.473800063
      ]
    ],
    "translation": [
      1.93308,
      1.2439096,
      -0.719296753
    ]
  },
  {
    "timeStamp": 109546,
    "rotation": [
      [
        -0.136296377,
        -0.868052,
        0.477398157
      ],
      [
        -0.34035182,
        0.493592978,
        0.8003291
      ],
      [
        -0.930367649,
        -0.0534013622,
        -0.362718
      ]
    ],
    "translation": [
      1.94872212,
      1.16153789,
      -0.7301802
    ]
  },
  {
    "timeStamp": 109590,
    "rotation": [
      [
        -0.147191942,
        -0.9120707,
        0.3827031
      ],
      [
        -0.257902235,
        0.408923328,
        0.875367463
      ],
      [
        -0.9548932,
        0.0301470738,
        -0.295415282
      ]
    ],
    "translation": [
      1.97028029,
      1.10611987,
      -0.743716359
    ]
  },
  {
    "timeStamp": 109645,
    "rotation": [
      [
        -0.14081943,
        -0.9307326,
        0.337500572
      ],
      [
        -0.213645086,
        0.361433417,
        0.9075911
      ],
      [
        -0.96670866,
        0.0557011068,
        -0.2497433
      ]
    ],
    "translation": [
      1.991345,
      1.062136,
      -0.756046534
    ]
  },
  {
    "timeStamp": 109690,
    "rotation": [
      [
        -0.104109704,
        -0.968560338,
        0.225947127
      ],
      [
        -0.193768054,
        0.242581338,
        0.9505831
      ],
      [
        -0.9755077,
        0.0551835857,
        -0.212931111
      ]
    ],
    "translation": [
      2.00994658,
      1.03396356,
      -0.764267445
    ]
  },
  {
    "timeStamp": 109747,
    "rotation": [
      [
        -0.155895188,
        -0.95685786,
        0.245193258
      ],
      [
        -0.16014117,
        0.269427478,
        0.9496124
      ],
      [
        -0.9747058,
        0.108774483,
        -0.19523479
      ]
    ],
    "translation": [
      2.0333066,
      1.01212466,
      -0.768662632
    ]
  },
  {
    "timeStamp": 109796,
    "rotation": [
      [
        -0.1886296,
        -0.970170557,
        0.152276233
      ],
      [
        -0.10686668,
        0.174417436,
        0.9788555
      ],
      [
        -0.976216435,
        0.168367863,
        -0.136579186
      ]
    ],
    "translation": [
      2.07431,
      0.982744038,
      -0.771907866
    ]
  },
  {
    "timeStamp": 109840,
    "rotation": [
      [
        -0.215602323,
        -0.9621426,
        0.166725114
      ],
      [
        -0.0821814,
        0.188013777,
        0.978722155
      ],
      [
        -0.973016858,
        0.19731307,
        -0.119606435
      ]
    ],
    "translation": [
      2.0993042,
      0.9669472,
      -0.769301534
    ]
  },
  {
    "timeStamp": 109896,
    "rotation": [
      [
        -0.263154149,
        -0.9474448,
        0.181929737
      ],
      [
        -0.0365694,
        0.198236808,
        0.979471743
      ],
      [
        -0.9640605,
        0.251099,
        -0.08681432
      ]
    ],
    "translation": [
      2.13113737,
      0.9477993,
      -0.7640261
    ]
  },
  {
    "timeStamp": 109940,
    "rotation": [
      [
        -0.253658235,
        -0.9535369,
        0.162556916
      ],
      [
        -0.0245911125,
        0.1743559,
        0.9843756
      ],
      [
        -0.966981232,
        0.245697513,
        -0.0676753446
      ]
    ],
    "translation": [
      2.1518414,
      0.935586631,
      -0.754628241
    ]
  },
  {
    "timeStamp": 109996,
    "rotation": [
      [
        -0.221249208,
        -0.967627943,
        0.121428326
      ],
      [
        0.00998112652,
        0.122260787,
        0.9924478
      ],
      [
        -0.9751662,
        0.220790282,
        -0.017392084
      ]
    ],
    "translation": [
      2.17093635,
      0.9173317,
      -0.7420647
    ]
  },
  {
    "timeStamp": 110040,
    "rotation": [
      [
        -0.232108027,
        -0.9647788,
        0.123805389
      ],
      [
        0.02488629,
        0.121349588,
        0.9922978
      ],
      [
        -0.9723716,
        0.233401343,
        -0.00415645028
      ]
    ],
    "translation": [
      2.18489528,
      0.9039714,
      -0.7321403
    ]
  },
  {
    "timeStamp": 110096,
    "rotation": [
      [
        -0.245811149,
        -0.9622982,
        0.116442733
      ],
      [
        0.0474053323,
        0.108050242,
        0.9930145
      ],
      [
        -0.9681578,
        0.24961406,
        0.0190581158
      ]
    ],
    "translation": [
      2.19946337,
      0.8873155,
      -0.7216229
    ]
  },
  {
    "timeStamp": 110140,
    "rotation": [
      [
        -0.244327828,
        -0.961860538,
        0.12299715
      ],
      [
        0.068965584,
        0.109283663,
        0.991615236
      ],
      [
        -0.9672372,
        0.2507618,
        0.0396342278
      ]
    ],
    "translation": [
      2.2048974,
      0.8740564,
      -0.715835869
    ]
  },
  {
    "timeStamp": 110196,
    "rotation": [
      [
        -0.262616038,
        -0.956986,
        0.123331457
      ],
      [
        0.09104032,
        0.10267248,
        0.990540266
      ],
      [
        -0.9605959,
        0.2713599,
        0.0601608679
      ]
    ],
    "translation": [
      2.212841,
      0.85962075,
      -0.7109039
    ]
  },
  {
    "timeStamp": 110241,
    "rotation": [
      [
        -0.2727505,
        -0.9537006,
        0.126737654
      ],
      [
        0.09131212,
        0.105476312,
        0.9902206
      ],
      [
        -0.9577418,
        0.281655848,
        0.0583157
      ]
    ],
    "translation": [
      2.216596,
      0.852756858,
      -0.706625342
    ]
  },
  {
    "timeStamp": 110298,
    "rotation": [
      [
        -0.280204564,
        -0.9486956,
        0.1464995
      ],
      [
        0.09020893,
        0.125914425,
        0.987931132
      ],
      [
        -0.9556923,
        0.290038377,
        0.0502990149
      ]
    ],
    "translation": [
      2.217545,
      0.8479474,
      -0.7009564
    ]
  },
  {
    "timeStamp": 110344,
    "rotation": [
      [
        -0.2639341,
        -0.9532831,
        0.146936163
      ],
      [
        0.08644665,
        0.128345966,
        0.9879546
      ],
      [
        -0.9606591,
        0.27345705,
        0.04853325
      ]
    ],
    "translation": [
      2.214882,
      0.84560734,
      -0.695872664
    ]
  },
  {
    "timeStamp": 110390,
    "rotation": [
      [
        -0.247287437,
        -0.955724657,
        0.15949674
      ],
      [
        0.09721945,
        0.139305174,
        0.9854656
      ],
      [
        -0.9640525,
        0.25919944,
        0.0584666058
      ]
    ],
    "translation": [
      2.21088,
      0.841614,
      -0.6929713
    ]
  },
  {
    "timeStamp": 110445,
    "rotation": [
      [
        -0.229718581,
        -0.961696,
        0.1495666
      ],
      [
        0.0998127,
        0.129587054,
        0.9865316
      ],
      [
        -0.9681254,
        0.241553277,
        0.0662209243
      ]
    ],
    "translation": [
      2.20896363,
      0.837543,
      -0.691113353
    ]
  },
  {
    "timeStamp": 110490,
    "rotation": [
      [
        -0.243595317,
        -0.95715934,
        0.156548366
      ],
      [
        0.1026054,
        0.135072172,
        0.9855088
      ],
      [
        -0.964434266,
        0.256128043,
        0.06530677
      ]
    ],
    "translation": [
      2.21146417,
      0.834242,
      -0.6914996
    ]
  },
  {
    "timeStamp": 110545,
    "rotation": [
      [
        -0.243961,
        -0.959345341,
        0.141913667
      ],
      [
        0.109310128,
        0.118200362,
        0.986954868
      ],
      [
        -0.963604867,
        0.256291151,
        0.07602988
      ]
    ],
    "translation": [
      2.21472454,
      0.829799354,
      -0.693127155
    ]
  },
  {
    "timeStamp": 110590,
    "rotation": [
      [
        -0.2386899,
        -0.96173,
        0.13454549
      ],
      [
        0.108764082,
        0.111202657,
        0.9878281
      ],
      [
        -0.9649858,
        0.250418335,
        0.07805873
      ]
    ],
    "translation": [
      2.2164197,
      0.8271162,
      -0.6935381
    ]
  },
  {
    "timeStamp": 110645,
    "rotation": [
      [
        -0.237634569,
        -0.9617713,
        0.136109233
      ],
      [
        0.09435873,
        0.116604008,
        0.988685966
      ],
      [
        -0.9667607,
        0.247789055,
        0.06304237
      ]
    ],
    "translation": [
      2.21761,
      0.825424135,
      -0.692676246
    ]
  },
  {
    "timeStamp": 110690,
    "rotation": [
      [
        -0.212399974,
        -0.9692206,
        0.1244903
      ],
      [
        0.09739676,
        0.105765142,
        0.989609838
      ],
      [
        -0.9723169,
        0.222318038,
        0.07193443
      ]
    ],
    "translation": [
      2.216351,
      0.8233078,
      -0.6920122
    ]
  },
  {
    "timeStamp": 110745,
    "rotation": [
      [
        -0.19849053,
        -0.9714297,
        0.130099311
      ],
      [
        0.08378752,
        0.11543604,
        0.9897748
      ],
      [
        -0.9765148,
        0.207361609,
        0.0584807321
      ]
    ],
    "translation": [
      2.21466,
      0.823341668,
      -0.689261138
    ]
  },
  {
    "timeStamp": 110789,
    "rotation": [
      [
        -0.189411283,
        -0.974927366,
        0.116790593
      ],
      [
        0.0840906352,
        0.102400534,
        0.991182566
      ],
      [
        -0.978290439,
        0.197562173,
        0.06258645
      ]
    ],
    "translation": [
      2.21572852,
      0.8222698,
      -0.687700868
    ]
  },
  {
    "timeStamp": 110845,
    "rotation": [
      [
        -0.202780515,
        -0.9702063,
        0.1325883
      ],
      [
        0.0802303255,
        0.118484817,
        0.989709258
      ],
      [
        -0.9759319,
        0.211331382,
        0.0538135543
      ]
    ],
    "translation": [
      2.21837425,
      0.8204237,
      -0.6857545
    ]
  },
  {
    "timeStamp": 110890,
    "rotation": [
      [
        -0.196336031,
        -0.9728593,
        0.12246228
      ],
      [
        0.07991538,
        0.10860119,
        0.990868
      ],
      [
        -0.977274656,
        0.2043297,
        0.0564240962
      ]
    ],
    "translation": [
      2.2199173,
      0.8187718,
      -0.68420583
    ]
  },
  {
    "timeStamp": 110945,
    "rotation": [
      [
        -0.192912564,
        -0.975136,
        0.109062061
      ],
      [
        0.06561226,
        0.09808133,
        0.993013144
      ],
      [
        -0.979019761,
        0.198720515,
        0.04505975
      ]
    ],
    "translation": [
      2.22155237,
      0.8174424,
      -0.681702435
    ]
  },
  {
    "timeStamp": 111001,
    "rotation": [
      [
        -0.183099791,
        -0.9795034,
        0.08394943
      ],
      [
        0.03922957,
        0.0780452862,
        0.9961777
      ],
      [
        -0.9823113,
        0.185693234,
        0.0241354238
      ]
    ],
    "translation": [
      2.22308183,
      0.816153169,
      -0.678722143
    ]
  },
  {
    "timeStamp": 111045,
    "rotation": [
      [
        -0.178737447,
        -0.9814435,
        0.069436416
      ],
      [
        0.0267466158,
        0.06570003,
        0.997480869
      ],
      [
        -0.983533144,
        0.180144385,
        0.0145072378
      ]
    ],
    "translation": [
      2.223634,
      0.815547,
      -0.677878141
    ]
  },
  {
    "timeStamp": 111102,
    "rotation": [
      [
        -0.1760144,
        -0.9816481,
        0.07338911
      ],
      [
        0.0377960168,
        0.06775875,
        0.996985555
      ],
      [
        -0.9836618,
        0.178257644,
        0.0251758732
      ]
    ],
    "translation": [
      2.224147,
      0.8154264,
      -0.677365661
    ]
  },
  {
    "timeStamp": 111145,
    "rotation": [
      [
        -0.168073967,
        -0.982608855,
        0.07893638
      ],
      [
        0.0423224159,
        0.07280889,
        0.9964475
      ],
      [
        -0.9848654,
        0.170817688,
        0.0293491017
      ]
    ],
    "translation": [
      2.22298527,
      0.8161782,
      -0.6774666
    ]
  },
  {
    "timeStamp": 111202,
    "rotation": [
      [
        -0.156200036,
        -0.9812807,
        0.112648919
      ],
      [
        0.0657264739,
        0.1034698,
        0.9924586
      ],
      [
        -0.9855362,
        0.162426069,
        0.0483341366
      ]
    ],
    "translation": [
      2.21685815,
      0.819724739,
      -0.680308342
    ]
  },
  {
    "timeStamp": 111245,
    "rotation": [
      [
        -0.138885215,
        -0.9858595,
        0.09376489
      ],
      [
        0.0489337146,
        0.0877350047,
        0.994941235
      ],
      [
        -0.9890987,
        0.142770886,
        0.036056675
      ]
    ],
    "translation": [
      2.21071768,
      0.8253057,
      -0.683074534
    ]
  },
  {
    "timeStamp": 111301,
    "rotation": [
      [
        -0.125676,
        -0.9859637,
        0.109914124
      ],
      [
        0.0248809569,
        0.107625186,
        0.993880153
      ],
      [
        -0.9917593,
        0.127641663,
        0.011005816
      ]
    ],
    "translation": [
      2.200259,
      0.8332555,
      -0.6868467
    ]
  },
  {
    "timeStamp": 111345,
    "rotation": [
      [
        -0.106207758,
        -0.9889145,
        0.103769056
      ],
      [
        0.0153828328,
        0.102712736,
        0.99459213
      ],
      [
        -0.994224966,
        0.107229657,
        0.00430341763
      ]
    ],
    "translation": [
      2.190722,
      0.8368432,
      -0.691627443
    ]
  },
  {
    "timeStamp": 111401,
    "rotation": [
      [
        -0.0968388,
        -0.9886015,
        0.115279004
      ],
      [
        0.008879744,
        0.1149606,
        0.993330359
      ],
      [
        -0.9952605,
        0.09721657,
        -0.00235411827
      ]
    ],
    "translation": [
      2.1794982,
      0.838097453,
      -0.697530746
    ]
  },
  {
    "timeStamp": 111445,
    "rotation": [
      [
        -0.09705354,
        -0.9884528,
        0.1163685
      ],
      [
        0.01620922,
        0.115335181,
        0.993194342
      ],
      [
        -0.995147169,
        0.09827928,
        0.00482836226
      ]
    ],
    "translation": [
      2.173868,
      0.834425449,
      -0.703002036
    ]
  },
  {
    "timeStamp": 111501,
    "rotation": [
      [
        -0.124590047,
        -0.98566395,
        0.11377129
      ],
      [
        0.01616807,
        0.112632684,
        0.9935051
      ],
      [
        -0.9920766,
        0.12562032,
        0.00190337072
      ]
    ],
    "translation": [
      2.17498565,
      0.8309375,
      -0.7070493
    ]
  },
  {
    "timeStamp": 111545,
    "rotation": [
      [
        -0.162898272,
        -0.978891134,
        0.123435296
      ],
      [
        0.0212558582,
        0.121595472,
        0.9923521
      ],
      [
        -0.986413836,
        0.164276168,
        0.0009994785
      ]
    ],
    "translation": [
      2.18029261,
      0.8277333,
      -0.7091761
    ]
  },
  {
    "timeStamp": 111601,
    "rotation": [
      [
        -0.189869761,
        -0.974536538,
        0.11928086
      ],
      [
        0.03083592,
        0.115511827,
        0.992827356
      ],
      [
        -0.9813249,
        0.192186028,
        0.008118528
      ]
    ],
    "translation": [
      2.18795919,
      0.8243534,
      -0.709336758
    ]
  },
  {
    "timeStamp": 111645,
    "rotation": [
      [
        -0.207277671,
        -0.9707016,
        0.121549793
      ],
      [
        0.0337736681,
        0.11707364,
        0.992548764
      ],
      [
        -0.977699,
        0.20983839,
        0.008517402
      ]
    ],
    "translation": [
      2.19381952,
      0.822282434,
      -0.7072455
    ]
  },
  {
    "timeStamp": 111701,
    "rotation": [
      [
        -0.201872632,
        -0.973319352,
        0.109072626
      ],
      [
        0.0326967575,
        0.10460595,
        0.9939761
      ],
      [
        -0.978865862,
        0.2042229,
        0.0107073085
      ]
    ],
    "translation": [
      2.19947648,
      0.821288943,
      -0.702542663
    ]
  },
  {
    "timeStamp": 111745,
    "rotation": [
      [
        -0.19379203,
        -0.975527,
        0.103883788
      ],
      [
        0.0365586355,
        0.09863658,
        0.994451761
      ],
      [
        -0.9803612,
        0.196514666,
        0.0165489521
      ]
    ],
    "translation": [
      2.20323229,
      0.819576859,
      -0.698627234
    ]
  },
  {
    "timeStamp": 111801,
    "rotation": [
      [
        -0.1756523,
        -0.980799556,
        0.08472594
      ],
      [
        0.0334318243,
        0.08007141,
        0.996228337
      ],
      [
        -0.9838844,
        0.177822337,
        0.01872519
      ]
    ],
    "translation": [
      2.20789886,
      0.819415569,
      -0.6932369
    ]
  },
  {
    "timeStamp": 111845,
    "rotation": [
      [
        -0.177615583,
        -0.980868638,
        0.0796827748
      ],
      [
        0.0296544,
        0.07559882,
        0.996697247
      ],
      [
        -0.983653069,
        0.179391921,
        0.0156595446
      ]
    ],
    "translation": [
      2.212953,
      0.8199407,
      -0.689422369
    ]
  },
  {
    "timeStamp": 111901,
    "rotation": [
      [
        -0.178847268,
        -0.9810893,
        0.07401026
      ],
      [
        0.030622283,
        0.0696359649,
        0.9971024
      ],
      [
        -0.9834002,
        0.180595383,
        0.0175889917
      ]
    ],
    "translation": [
      2.21878934,
      0.8194626,
      -0.686392844
    ]
  },
  {
    "timeStamp": 111945,
    "rotation": [
      [
        -0.1744708,
        -0.9820962,
        0.07104268
      ],
      [
        0.0346216261,
        0.0659861043,
        0.997219741
      ],
      [
        -0.9840535,
        0.17644532,
        0.0224891156
      ]
    ],
    "translation": [
      2.221446,
      0.8182707,
      -0.6846135
    ]
  },
  {
    "timeStamp": 112002,
    "rotation": [
      [
        -0.168074965,
        -0.9834745,
        0.06729638
      ],
      [
        0.0408066921,
        0.06126769,
        0.997286856
      ],
      [
        -0.984929264,
        0.17036511,
        0.0298347753
      ]
    ],
    "translation": [
      2.22320914,
      0.8162869,
      -0.683793366
    ]
  },
  {
    "timeStamp": 112044,
    "rotation": [
      [
        -0.157687485,
        -0.9858528,
        0.0568235852
      ],
      [
        0.04450275,
        0.0503903851,
        0.9977376
      ],
      [
        -0.9864857,
        0.159859553,
        0.03592723
      ]
    ],
    "translation": [
      2.222699,
      0.815579653,
      -0.684243143
    ]
  },
  {
    "timeStamp": 112100,
    "rotation": [
      [
        -0.157381326,
        -0.9854679,
        0.0639069453
      ],
      [
        0.04843811,
        0.05693225,
        0.997202337
      ],
      [
        -0.9863493,
        0.160036534,
        0.03877413
      ]
    ],
    "translation": [
      2.21831965,
      0.817219257,
      -0.687996864
    ]
  },
  {
    "timeStamp": 112144,
    "rotation": [
      [
        -0.143867329,
        -0.98717314,
        0.06922057
      ],
      [
        0.04120683,
        0.06391161,
        0.997104466
      ],
      [
        -0.9887387,
        0.1463031,
        0.0314834826
      ]
    ],
    "translation": [
      2.20955563,
      0.8210501,
      -0.691763937
    ]
  },
  {
    "timeStamp": 112200,
    "rotation": [
      [
        -0.112551816,
        -0.990147948,
        0.08330166
      ],
      [
        0.0349741839,
        0.0798347741,
        0.996194363
      ],
      [
        -0.993030131,
        0.11503689,
        0.0256440658
      ]
    ],
    "translation": [
      2.191671,
      0.8250317,
      -0.6971428
    ]
  },
  {
    "timeStamp": 112244,
    "rotation": [
      [
        -0.09195435,
        -0.9912942,
        0.09423465
      ],
      [
        0.0281496122,
        0.0920099542,
        0.995360136
      ],
      [
        -0.9953652,
        0.09418035,
        0.0194438323
      ]
    ],
    "translation": [
      2.1764276,
      0.8268705,
      -0.7025133
    ]
  },
  {
    "timeStamp": 112301,
    "rotation": [
      [
        -0.0605380833,
        -0.9921132,
        0.109757274
      ],
      [
        0.03775593,
        0.107604273,
        0.9934766
      ],
      [
        -0.9974516,
        0.0642871559,
        0.0309439972
      ]
    ],
    "translation": [
      2.15945959,
      0.8214387,
      -0.708696067
    ]
  },
  {
    "timeStamp": 112344,
    "rotation": [
      [
