[
  {
    "timeStamp": 15244,
    "rotation": [
      [
        -0.0353663228,
        0.99876827,
        -0.0348025672
      ],
      [
        0.0420078523,
        0.0362792648,
        0.9984584
      ],
      [
        0.998491168,
        0.0338498168,
        -0.0432391763
      ]
    ],
    "translation": [
      1.76512933,
      0.700205,
      -0.638339937
    ]
  },
  {
    "timeStamp": 15291,
    "rotation": [
      [
        -0.0211358946,
        0.9994769,
        -0.0244759936
      ],
      [
        0.0591408163,
        0.02568849,
        0.9979191
      ],
      [
        0.998025835,
        0.0196443927,
        -0.05965283
      ]
    ],
    "translation": [
      1.76534259,
      0.701580048,
      -0.6394757
    ]
  },
  {
    "timeStamp": 15344,
    "rotation": [
      [
        0.00365234213,
        0.9999672,
        -0.007229179
      ],
      [
        0.0615438633,
        0.006990748,
        0.9980799
      ],
      [
        0.9980977,
        -0.004090241,
        -0.0615163147
      ]
    ],
    "translation": [
      1.76693213,
      0.701765656,
      -0.639711738
    ]
  },
  {
    "timeStamp": 15400,
    "rotation": [
      [
        -0.00366866682,
        0.999936759,
        -0.0106289675
      ],
      [
        0.06467,
        0.0108440295,
        0.9978478
      ],
      [
        0.9979,
        0.00297339982,
        -0.06470569
      ]
    ],
    "translation": [
      1.76744151,
      0.7012674,
      -0.643384159
    ]
  },
  {
    "timeStamp": 15444,
    "rotation": [
      [
        -0.0173861329,
        0.999828637,
        -0.0063577625
      ],
      [
        0.0659528449,
        0.00749169,
        0.9977946
      ],
      [
        0.9976713,
        0.01692848,
        -0.06607179
      ]
    ],
    "translation": [
      1.7665503,
      0.702687442,
      -0.6465866
    ]
  },
  {
    "timeStamp": 15500,
    "rotation": [
      [
        -0.0368068554,
        0.999290943,
        -0.007928158
      ],
      [
        0.0803795,
        0.0108682588,
        0.996705055
      ],
      [
        0.9960845,
        0.03604831,
        -0.08072253
      ]
    ],
    "translation": [
      1.76574814,
      0.709861457,
      -0.6513961
    ]
  },
  {
    "timeStamp": 15544,
    "rotation": [
      [
        -0.04723632,
        0.9988833,
        0.0008779431
      ],
      [
        0.09430041,
        0.003584382,
        0.995537341
      ],
      [
        0.9944225,
        0.04710831,
        -0.09436443
      ]
    ],
    "translation": [
      1.765897,
      0.7200743,
      -0.6575868
    ]
  },
  {
    "timeStamp": 15600,
    "rotation": [
      [
        -0.0755762,
        0.997085631,
        0.0104165636
      ],
      [
        0.124054037,
        -0.0009633703,
        0.992275
      ],
      [
        0.9893932,
        0.07628459,
        -0.123619691
      ]
    ],
    "translation": [
      1.76621175,
      0.7382136,
      -0.666568041
    ]
  },
  {
    "timeStamp": 15644,
    "rotation": [
      [
        -0.0718880743,
        0.996963143,
        0.0299437437
      ],
      [
        0.1546881,
        -0.0185141228,
        0.987789869
      ],
      [
        0.98534447,
        0.07564226,
        -0.152887374
      ]
    ],
    "translation": [
      1.77021432,
      0.75824213,
      -0.674693167
    ]
  },
  {
    "timeStamp": 15699,
    "rotation": [
      [
        -0.06396771,
        0.9970672,
        0.0420137756
      ],
      [
        0.1868795,
        -0.0293870736,
        0.9819432
      ],
      [
        0.980298,
        0.07066418,
        -0.18445158
      ]
    ],
    "translation": [
      1.78169751,
      0.787643,
      -0.6855942
    ]
  },
  {
    "timeStamp": 15744,
    "rotation": [
      [
        -0.0436722264,
        0.99717015,
        0.06119125
      ],
      [
        0.210204586,
        -0.05070695,
        0.976341546
      ],
      [
        0.9766815,
        0.0555017,
        -0.207395256
      ]
    ],
    "translation": [
      1.7960397,
      0.8143939,
      -0.694380164
    ]
  },
  {
    "timeStamp": 15800,
    "rotation": [
      [
        -0.0300045758,
        0.9974315,
        0.06503999
      ],
      [
        0.236527622,
        -0.0561361834,
        0.970001757
      ],
      [
        0.9711614,
        0.0444882475,
        -0.234235749
      ]
    ],
    "translation": [
      1.82132423,
      0.8474781,
      -0.704076469
    ]
  },
  {
    "timeStamp": 15844,
    "rotation": [
      [
        -0.0008210249,
        0.997336447,
        0.0729343
      ],
      [
        0.250525028,
        -0.0704033151,
        0.9655468
      ],
      [
        0.968109846,
        0.0190646034,
        -0.2497999
      ]
    ],
    "translation": [
      1.847637,
      0.8715104,
      -0.7109264
    ]
  },
  {
    "timeStamp": 15904,
    "rotation": [
      [
        0.0175059028,
        0.999046743,
        0.0399898551
      ],
      [
        0.268100083,
        -0.04322161,
        0.962421
      ],
      [
        0.963232,
        -0.006126756,
        -0.268601149
      ]
    ],
    "translation": [
      1.89019012,
      0.8964482,
      -0.717008
    ]
  },
  {
    "timeStamp": 15943,
    "rotation": [
      [
        0.0577771,
        0.997598469,
        0.038197197
      ],
      [
        0.280856252,
        -0.052958142,
        0.958287656
      ],
      [
        0.9580092,
        -0.0446391627,
        -0.28324154
      ]
    ],
    "translation": [
      1.92558551,
      0.9144421,
      -0.71936214
    ]
  },
  {
    "timeStamp": 15998,
    "rotation": [
      [
        0.08311528,
        0.996223748,
        -0.0251009166
      ],
      [
        0.299179345,
        -0.000918638252,
        0.954196453
      ],
      [
        0.9505701,
        -0.08681798,
        -0.298125923
      ]
    ],
    "translation": [
      1.97731507,
      0.9312093,
      -0.7180319
    ]
  },
  {
    "timeStamp": 16043,
    "rotation": [
      [
        0.110131554,
        0.993246,
        -0.0365161076
      ],
      [
        0.305739045,
        0.00110345881,
        0.9521147
      ],
      [
        0.9457244,
        -0.116022274,
        -0.303552568
      ]
    ],
    "translation": [
      2.01389766,
      0.940394938,
      -0.7139073
    ]
  },
  {
    "timeStamp": 16089,
    "rotation": [
      [
        0.109801389,
        0.990179837,
        -0.08653092
      ],
      [
        0.305867,
        0.049172163,
        0.9508036
      ],
      [
        0.945721447,
        -0.130866513,
        -0.297464132
      ]
    ],
    "translation": [
      2.049914,
      0.943898559,
      -0.7071239
    ]
  },
  {
    "timeStamp": 16150,
    "rotation": [
      [
        0.125006914,
        0.987013638,
        -0.10088291
      ],
      [
        0.288462967,
        0.061131414,
        0.955537558
      ],
      [
        0.9492957,
        -0.1485498,
        -0.277075052
      ]
    ],
    "translation": [
      2.09365964,
      0.937390149,
      -0.69339186
    ]
  },
  {
    "timeStamp": 16194,
    "rotation": [
      [
        0.1574151,
        0.98026526,
        -0.1195845
      ],
      [
        0.291610479,
        0.06955294,
        0.9540051
      ],
      [
        0.9434955,
        -0.1850469,
        -0.274906933
      ]
    ],
    "translation": [
      2.120741,
      0.929227,
      -0.6800038
    ]
  },
  {
    "timeStamp": 16250,
    "rotation": [
      [
        0.158324048,
        0.982389033,
        -0.0992239
      ],
      [
        0.2480591,
        0.05769436,
        0.96702534
      ],
      [
        0.9557197,
        -0.177716777,
        -0.234556124
      ]
    ],
    "translation": [
      2.14169383,
      0.9089422,
      -0.6653114
    ]
  },
  {
    "timeStamp": 16294,
    "rotation": [
      [
        0.179143414,
        0.9772265,
        -0.113736935
      ],
      [
        0.24032861,
        0.06863696,
        0.9682619
      ],
      [
        0.954017758,
        -0.200792,
        -0.222559616
      ]
    ],
    "translation": [
      2.15856886,
      0.894109368,
      -0.65044713
    ]
  },
  {
    "timeStamp": 16350,
    "rotation": [
      [
        0.184847355,
        0.980099,
        -0.07236925
      ],
      [
        0.189467564,
        0.03671684,
        0.9812002
      ],
      [
        0.964330554,
        -0.195083916,
        -0.178909972
      ]
    ],
    "translation": [
      2.16730952,
      0.8705683,
      -0.6358384
    ]
  },
  {
    "timeStamp": 16394,
    "rotation": [
      [
        0.198549762,
        0.9771985,
        -0.07524036
      ],
      [
        0.183251217,
        0.03840091,
        0.982315838
      ],
      [
        0.9628069,
        -0.208826452,
        -0.17144832
      ]
    ],
    "translation": [
      2.175054,
      0.854127049,
      -0.6215148
    ]
  },
  {
    "timeStamp": 16450,
    "rotation": [
      [
        0.208368063,
        0.97721386,
        -0.0404455252
      ],
      [
        0.153287411,
        0.008213091,
        0.9881475
      ],
      [
        0.9659636,
        -0.212098181,
        -0.14808324
      ]
    ],
    "translation": [
      2.17922831,
      0.832691,
      -0.6077732
    ]
  },
  {
    "timeStamp": 16495,
    "rotation": [
      [
        0.198585287,
        0.978538632,
        -0.0550084747
      ],
      [
        0.144868955,
        0.02620259,
        0.989103854
      ],
      [
        0.969317734,
        -0.2043905,
        -0.136556432
      ]
    ],
    "translation": [
      2.18331623,
      0.817870855,
      -0.597711861
    ]
  },
  {
    "timeStamp": 16541,
    "rotation": [
      [
        0.207677618,
        0.9778174,
        -0.0272607915
      ],
      [
        0.1238938,
        0.00135072926,
        0.99229455
      ],
      [
        0.9703197,
        -0.20945482,
        -0.120864995
      ]
    ],
    "translation": [
      2.18364859,
      0.803159654,
      -0.5909367
    ]
  },
  {
    "timeStamp": 16597,
    "rotation": [
      [
        0.219511643,
        0.975059748,
        -0.0327569619
      ],
      [
        0.1059474,
        0.009552652,
        0.9943259
      ],
      [
        0.96984005,
        -0.22173661,
        -0.101208135
      ]
    ],
    "translation": [
      2.18854856,
      0.786567,
      -0.5849608
    ]
  },
  {
    "timeStamp": 16642,
    "rotation": [
      [
        0.226253271,
        0.9737157,
        -0.0262147151
      ],
      [
        0.09703085,
        0.00424891151,
        0.9952723
      ],
      [
        0.9692236,
        -0.227727264,
        -0.09351913
      ]
    ],
    "translation": [
      2.19053984,
      0.774905,
      -0.5805231
    ]
  },
  {
    "timeStamp": 16699,
    "rotation": [
      [
        0.232656986,
        0.9722441,
        -0.0247419626
      ],
      [
        0.0956555456,
        0.00244126422,
        0.9954115
      ],
      [
        0.967843354,
        -0.233956143,
        -0.09243256
      ]
    ],
    "translation": [
      2.1933248,
      0.762932062,
      -0.575614452
    ]
  },
  {
    "timeStamp": 16744,
    "rotation": [
      [
        0.235778764,
        0.9714873,
        -0.0249161031
      ],
      [
        0.10072384,
        0.00107138,
        0.9949138
      ],
      [
        0.9665728,
        -0.2370892,
        -0.09759932
      ]
    ],
    "translation": [
      2.19477129,
      0.7556979,
      -0.57121855
    ]
  },
  {
    "timeStamp": 16799,
    "rotation": [
      [
        0.23953779,
        0.970532,
        -0.0262544844
      ],
      [
        0.09924961,
        0.002422119,
        0.9950596
      ],
      [
        0.965800762,
        -0.240960136,
        -0.09574473
      ]
    ],
    "translation": [
      2.19683313,
      0.7478124,
      -0.5667681
    ]
  },
  {
    "timeStamp": 16843,
    "rotation": [
      [
        0.24168694,
        0.9701048,
        -0.0219991729
      ],
      [
        0.09841849,
        -0.00195250812,
        0.9951432
      ],
      [
        0.9653503,
        -0.24267824,
        -0.09594815
      ]
    ],
    "translation": [
      2.19616175,
      0.7431575,
      -0.5627382
    ]
  },
  {
    "timeStamp": 16899,
    "rotation": [
      [
        0.2339815,
        0.9720614,
        -0.0186877232
      ],
      [
        0.101958551,
        -0.00541771948,
        0.9947739
      ],
      [
        0.9668801,
        -0.234664053,
        -0.100377619
      ]
    ],
    "translation": [
      2.194352,
      0.7394913,
      -0.557937145
    ]
  },
  {
    "timeStamp": 16943,
    "rotation": [
      [
        0.2179597,
        0.9755559,
        -0.0280050319
      ],
      [
        0.106712736,
        0.00470063463,
        0.9942788
      ],
      [
        0.9701062,
        -0.2197012,
        -0.103079692
      ]
    ],
    "translation": [
      2.19242644,
      0.7375034,
      -0.5538274
    ]
  },
  {
    "timeStamp": 16999,
    "rotation": [
      [
        0.228128612,
        0.973452032,
        -0.018668659
      ],
      [
        0.10763482,
        -0.006158221,
        0.994171441
      ],
      [
        0.9676633,
        -0.228808329,
        -0.106182195
      ]
    ],
    "translation": [
      2.19179034,
      0.7354953,
      -0.549616
    ]
  },
  {
    "timeStamp": 17043,
    "rotation": [
      [
        0.227263063,
        0.973293841,
        -0.032413505
      ],
      [
        0.104479209,
        0.008723576,
        0.994488835
      ],
      [
        0.9682126,
        -0.2293971,
        -0.0997064263
      ]
    ],
    "translation": [
      2.19337535,
      0.7327382,
      -0.547481239
    ]
  },
  {
    "timeStamp": 17099,
    "rotation": [
      [
        0.216262534,
        0.975825965,
        -0.0315309875
      ],
      [
        0.09373305,
        0.0113946218,
        0.995532155
      ],
      [
        0.9718254,
        -0.2182518,
        -0.0890029147
      ]
    ],
    "translation": [
      2.192106,
      0.728540242,
      -0.546050668
    ]
  },
  {
    "timeStamp": 17143,
    "rotation": [
      [
        0.208759159,
        0.977074862,
        -0.0417647436
      ],
      [
        0.0875178054,
        0.0238696188,
        0.995876968
      ],
      [
        0.97404325,
        -0.211553574,
        -0.0805284455
      ]
    ],
    "translation": [
      2.191824,
      0.7251136,
      -0.5453563
    ]
  },
  {
    "timeStamp": 17199,
    "rotation": [
      [
        0.212348968,
        0.9766793,
        -0.0317082554
      ],
      [
        0.07851668,
        0.015290291,
        0.996795535
      ],
      [
        0.9740344,
        -0.214158133,
        -0.0734387338
      ]
    ],
    "translation": [
      2.190479,
      0.7223458,
      -0.544751942
    ]
  },
  {
    "timeStamp": 17243,
    "rotation": [
      [
        0.212841272,
        0.976521254,
        -0.0332400054
      ],
      [
        0.07736052,
        0.0170708243,
        0.996857047
      ],
      [
        0.9740195,
        -0.214743778,
        -0.07191081
      ]
    ],
    "translation": [
      2.19049835,
      0.7206833,
      -0.5452578
    ]
  }
]