[
  {
    "timeStamp": 78382,
    "rotation": [
      [
        0.999361,
        -0.0196381621,
        0.029867772
      ],
      [
        -0.0292156935,
        0.03269287,
        0.999038339
      ],
      [
        -0.02059575,
        -0.9992725,
        0.0320982337
      ]
    ],
    "translation": [
      1.157704,
      0.7041479,
      -0.748658538
    ]
  },
  {
    "timeStamp": 78438,
    "rotation": [
      [
        0.9997868,
        -0.0205619317,
        0.00189477752
      ],
      [
        -0.00165988691,
        0.011434624,
        0.999933243
      ],
      [
        -0.020582227,
        -0.9997232,
        0.0113980556
      ]
    ],
    "translation": [
      1.157647,
      0.702174,
      -0.7486734
    ]
  },
  {
    "timeStamp": 78482,
    "rotation": [
      [
        0.9998332,
        -0.0182609614,
        2.18473579E-05
      ],
      [
        0.0,
        0.00119639607,
        0.9999993
      ],
      [
        -0.0182609744,
        -0.9998325,
        0.00119619654
      ]
    ],
    "translation": [
      1.15760779,
      0.7021177,
      -0.7487493
    ]
  },
  {
    "timeStamp": 78537,
    "rotation": [
      [
        0.9998808,
        -0.0149682295,
        -0.003776296
      ],
      [
        0.00356818922,
        -0.0139056295,
        0.999896944
      ],
      [
        -0.0150192,
        -0.9997912,
        -0.0138505632
      ]
    ],
    "translation": [
      1.15750456,
      0.702272832,
      -0.7488441
    ]
  },
  {
    "timeStamp": 78582,
    "rotation": [
      [
        0.999881566,
        -0.0151235182,
        -0.00285565
      ],
      [
        0.00256589917,
        -0.0191438161,
        0.999813437
      ],
      [
        -0.0151753677,
        -0.9997024,
        -0.0191027429
      ]
    ],
    "translation": [
      1.15755415,
      0.701999664,
      -0.749029338
    ]
  },
  {
    "timeStamp": 78637,
    "rotation": [
      [
        0.9999907,
        -0.003230139,
        0.00285221776
      ],
      [
        -0.00290661631,
        -0.0169633813,
        0.9998519
      ],
      [
        -0.00318127568,
        -0.999850869,
        -0.0169726126
      ]
    ],
    "translation": [
      1.15726042,
      0.7019095,
      -0.749971569
    ]
  },
  {
    "timeStamp": 78681,
    "rotation": [
      [
        0.996567249,
        -0.00574696949,
        0.08258801
      ],
      [
        -0.0822003856,
        0.04993015,
        0.9953643
      ],
      [
        -0.009843946,
        -0.9987362,
        0.04928635
      ]
    ],
    "translation": [
      1.15095556,
      0.711561739,
      -0.761355758
    ]
  },
  {
    "timeStamp": 78737,
    "rotation": [
      [
        0.9938769,
        -0.0126703233,
        0.109764442
      ],
      [
        -0.109130472,
        0.0429805145,
        0.9930978
      ],
      [
        -0.0173006058,
        -0.998995543,
        0.04133462
      ]
    ],
    "translation": [
      1.15275407,
      0.7271091,
      -0.7628073
    ]
  },
  {
    "timeStamp": 78781,
    "rotation": [
      [
        0.9898673,
        -0.0231414065,
        0.140097275
      ],
      [
        -0.138605431,
        0.0568388067,
        0.9887153
      ],
      [
        -0.03084321,
        -0.9981151,
        0.0530553535
      ]
    ],
    "translation": [
      1.15507078,
      0.741623044,
      -0.7648762
    ]
  },
  {
    "timeStamp": 78837,
    "rotation": [
      [
        0.9855533,
        -0.03427224,
        0.165861428
      ],
      [
        -0.1639667,
        0.0522106178,
        0.9850832
      ],
      [
        -0.0424207374,
        -0.9980478,
        0.0458368436
      ]
    ],
    "translation": [
      1.16085732,
      0.761678159,
      -0.765230954
    ]
  },
  {
    "timeStamp": 78881,
    "rotation": [
      [
        0.981958032,
        -0.0513824858,
        0.181984127
      ],
      [
        -0.17871058,
        0.0624234,
        0.981919467
      ],
      [
        -0.0618135333,
        -0.9967262,
        0.05211457
      ]
    ],
    "translation": [
      1.16743028,
      0.777470052,
      -0.764948249
    ]
  },
  {
    "timeStamp": 78937,
    "rotation": [
      [
        0.977069438,
        -0.0899428353,
        0.192991152
      ],
      [
        -0.18702589,
        0.0706802,
        0.979809
      ],
      [
        -0.101767443,
        -0.99343574,
        0.0522378236
      ]
    ],
    "translation": [
      1.18019271,
      0.7966691,
      -0.7609369
    ]
  },
  {
    "timeStamp": 78981,
    "rotation": [
      [
        0.973036468,
        -0.10916397,
        0.2031827
      ],
      [
        -0.194209769,
        0.08745744,
        0.9770536
      ],
      [
        -0.124428913,
        -0.990168869,
        0.06389857
      ]
    ],
    "translation": [
      1.19079435,
      0.8132874,
      -0.760237455
    ]
  },
  {
    "timeStamp": 79037,
    "rotation": [
      [
        0.9720167,
        -0.1420803,
        0.187074408
      ],
      [
        -0.175777256,
        0.08839573,
        0.980453253
      ],
      [
        -0.155839667,
        -0.9859003,
        0.060947638
      ]
    ],
    "translation": [
      1.21022546,
      0.8317779,
      -0.756281
    ]
  },
  {
    "timeStamp": 79081,
    "rotation": [
      [
        0.9663918,
        -0.181354269,
        0.182201743
      ],
      [
        -0.163734615,
        0.112183928,
        0.980105
      ],
      [
        -0.198186308,
        -0.97699815,
        0.07871966
      ]
    ],
    "translation": [
      1.22765815,
      0.8483955,
      -0.752657235
    ]
  },
  {
    "timeStamp": 79137,
    "rotation": [
      [
        0.961174369,
        -0.21296142,
        0.175474152
      ],
      [
        -0.154796541,
        0.110296153,
        0.9817702
      ],
      [
        -0.228433326,
        -0.9708152,
        0.0730481446
      ]
    ],
    "translation": [
      1.25129,
      0.8725485,
      -0.747956157
    ]
  },
  {
    "timeStamp": 79181,
    "rotation": [
      [
        0.953595936,
        -0.243726254,
        0.176783592
      ],
      [
        -0.154548392,
        0.107672304,
        0.982100546
      ],
      [
        -0.258398384,
        -0.96384865,
        0.0650083646
      ]
    ],
    "translation": [
      1.27224636,
      0.892620564,
      -0.7427305
    ]
  },
  {
    "timeStamp": 79237,
    "rotation": [
      [
        0.9396597,
        -0.295143574,
        0.173002467
      ],
      [
        -0.148815572,
        0.102711856,
        0.9835162
      ],
      [
        -0.30804792,
        -0.949916065,
        0.0525922328
      ]
    ],
    "translation": [
      1.30330861,
      0.916156054,
      -0.734865069
    ]
  },
  {
    "timeStamp": 79282,
    "rotation": [
      [
        0.9329296,
        -0.324271,
        0.156495079
      ],
      [
        -0.136755735,
        0.08294573,
        0.987126052
      ],
      [
        -0.333076954,
        -0.9423207,
        0.0330366045
      ]
    ],
    "translation": [
      1.33078325,
      0.9322924,
      -0.7295418
    ]
  },
  {
    "timeStamp": 79337,
    "rotation": [
      [
        0.907395,
        -0.394795924,
        0.1441201
      ],
      [
        -0.122338228,
        0.0799491853,
        0.9892631
      ],
      [
        -0.402079344,
        -0.9152838,
        0.0242468547
      ]
    ],
    "translation": [
      1.37095141,
      0.9495664,
      -0.7218768
    ]
  },
  {
    "timeStamp": 79382,
    "rotation": [
      [
        0.892081559,
        -0.434703857,
        0.123381883
      ],
      [
        -0.109237358,
        0.0574865676,
        0.992352
      ],
      [
        -0.438472062,
        -0.898736835,
        0.00379680772
      ]
    ],
    "translation": [
      1.40468943,
      0.962398648,
      -0.716653168
    ]
  },
  {
    "timeStamp": 79437,
    "rotation": [
      [
        0.8621686,
        -0.495128542,
        0.107298575
      ],
      [
        -0.09945193,
        0.0422636643,
        0.9941444
      ],
      [
        -0.496764123,
        -0.8677912,
        -0.0128030814
      ]
    ],
    "translation": [
      1.44996452,
      0.975129843,
      -0.712804437
    ]
  },
  {
    "timeStamp": 79481,
    "rotation": [
      [
        0.829475045,
        -0.5493425,
        0.100964524
      ],
      [
        -0.09346935,
        0.04169318,
        0.9947488
      ],
      [
        -0.550667346,
        -0.83455646,
        -0.0167632364
      ]
    ],
    "translation": [
      1.48806071,
      0.9839041,
      -0.710747361
    ]
  },
  {
    "timeStamp": 79537,
    "rotation": [
      [
        0.7942365,
        -0.6026052,
        0.0778159648
      ],
      [
        -0.08370349,
        0.0183360372,
        0.996322
      ],
      [
        -0.6018157,
        -0.797828734,
        -0.03587701
      ]
    ],
    "translation": [
      1.53665209,
      0.9928025,
      -0.710948765
    ]
  },
  {
    "timeStamp": 79581,
    "rotation": [
      [
        0.7567874,
        -0.649212062,
        0.07613447
      ],
      [
        -0.0806265846,
        0.0228730086,
        0.9964819
      ],
      [
        -0.6486695,
        -0.760263443,
        -0.03503375
      ]
    ],
    "translation": [
      1.57563734,
      0.9978413,
      -0.7132835
    ]
  },
  {
    "timeStamp": 79637,
    "rotation": [
      [
        0.7136561,
        -0.69635886,
        0.0760208443
      ],
      [
        -0.08521135,
        0.0214189,
        0.9961327
      ],
      [
        -0.6952941,
        -0.717374,
        -0.0440519527
      ]
    ],
    "translation": [
      1.62325454,
      1.00405049,
      -0.7175543
    ]
  },
  {
    "timeStamp": 79682,
    "rotation": [
      [
        0.685532451,
        -0.7251266,
        0.06508948
      ],
      [
        -0.08089502,
        0.0129832355,
        0.99663806
      ],
      [
        -0.723533869,
        -0.6884932,
        -0.0497587
      ]
    ],
    "translation": [
      1.66090488,
      1.00726867,
      -0.722241044
    ]
  },
  {
    "timeStamp": 79737,
    "rotation": [
      [
        0.6468852,
        -0.76013875,
        0.0610611178
      ],
      [
        -0.07964129,
        0.012292169,
        0.9967478
      ],
      [
        -0.7584172,
        -0.649644434,
        -0.0525868125
      ]
    ],
    "translation": [
      1.70709193,
      1.00983417,
      -0.7293809
    ]
  },
  {
    "timeStamp": 79781,
    "rotation": [
      [
        0.617031336,
        -0.785169363,
        0.05273861
      ],
      [
        -0.07631635,
        0.006997127,
        0.9970591
      ],
      [
        -0.7832293,
        -0.619241536,
        -0.0556038171
      ]
    ],
    "translation": [
      1.74439967,
      1.011801,
      -0.734848142
    ]
  },
  {
    "timeStamp": 79837,
    "rotation": [
      [
        0.579802752,
        -0.813202441,
        0.050304573
      ],
      [
        -0.07628074,
        0.007290778,
        0.9970597
      ],
      [
        -0.811178148,
        -0.5819352,
        -0.0578044765
      ]
    ],
    "translation": [
      1.78906786,
      1.01291418,
      -0.7420406
    ]
  },
  {
    "timeStamp": 79882,
    "rotation": [
      [
        0.5520053,
        -0.8324253,
        0.0485617556
      ],
      [
        -0.07376361,
        0.009261453,
        0.997232735
      ],
      [
        -0.830571532,
        -0.554059863,
        -0.0562903248
      ]
    ],
    "translation": [
      1.82329643,
      1.012263,
      -0.748000443
    ]
  },
  {
    "timeStamp": 79937,
    "rotation": [
      [
        0.5257562,
        -0.849590361,
        0.0421506539
      ],
      [
        -0.0665474162,
        0.008319352,
        0.997748554
      ],
      [
        -0.8480282,
        -0.5273775,
        -0.0521640927
      ]
    ],
    "translation": [
      1.86496222,
      1.00957978,
      -0.7549009
    ]
  },
  {
    "timeStamp": 79981,
    "rotation": [
      [
        0.50728333,
        -0.8607651,
        0.04179843
      ],
      [
        -0.05980407,
        0.0132235251,
        0.9981226
      ],
      [
        -0.859701753,
        -0.508830667,
        -0.04476918
      ]
    ],
    "translation": [
      1.89693689,
      1.00672829,
      -0.75978893
    ]
  },
  {
    "timeStamp": 80037,
    "rotation": [
      [
        0.479301125,
        -0.8771218,
        0.0304589178
      ],
      [
        -0.05002804,
        0.00734385941,
        0.9987208
      ],
      [
        -0.8762235,
        -0.4802118,
        -0.0403607674
      ]
    ],
    "translation": [
      1.9397037,
      1.0033952,
      -0.763632536
    ]
  },
  {
    "timeStamp": 80081,
    "rotation": [
      [
        0.45642522,
        -0.889495969,
        0.0217458438
      ],
      [
        -0.0399440154,
        0.00393128861,
        0.9991942
      ],
      [
        -0.8888647,
        -0.456926018,
        -0.0337357037
      ]
    ],
    "translation": [
      1.97415423,
      1.00017238,
      -0.765786469
    ]
  },
  {
    "timeStamp": 80137,
    "rotation": [
      [
        0.423004776,
        -0.906076849,
        0.009570555
      ],
      [
        -0.0284912884,
        -0.00274294429,
        0.9995903
      ],
      [
        -0.9056794,
        -0.423104137,
        -0.0269755777
      ]
    ],
    "translation": [
      2.01724768,
      0.9960797,
      -0.765346467
    ]
  },
  {
    "timeStamp": 80181,
    "rotation": [
      [
        0.3948782,
        -0.9187335,
        -7.473993E-05
      ],
      [
        -0.0196411442,
        -0.008523236,
        0.999770761
      ],
      [
        -0.9185235,
        -0.3947862,
        -0.021410618
      ]
    ],
    "translation": [
      2.05084562,
      0.991622269,
      -0.7617262
    ]
  },
  {
    "timeStamp": 80237,
    "rotation": [
      [
        0.376562,
        -0.9257662,
        -0.0340278633
      ],
      [
        0.008954206,
        -0.0330926366,
        0.9994122
      ],
      [
        -0.92634815,
        -0.376645356,
        -0.00417192839
      ]
    ],
    "translation": [
      2.08969355,
      0.981623352,
      -0.7549681
    ]
  },
  {
    "timeStamp": 80281,
    "rotation": [
      [
        0.355011553,
        -0.933765,
        -0.045273006
      ],
      [
        0.0112650674,
        -0.0441510975,
        0.9989613
      ],
      [
        -0.934794,
        -0.355152845,
        -0.005155225
      ]
    ],
    "translation": [
      2.115856,
      0.974543154,
      -0.744101763
    ]
  },
  {
    "timeStamp": 80331,
    "rotation": [
      [
        0.3537745,
        -0.9341975,
        -0.0460281521
      ],
      [
        0.0156252328,
        -0.0433008522,
        0.9989399
      ],
      [
        -0.9352002,
        -0.354118645,
        -0.0007216847
      ]
    ],
    "translation": [
      2.12970281,
      0.967910051,
      -0.7347529
    ]
  },
  {
    "timeStamp": 80390,
    "rotation": [
      [
        0.366607457,
        -0.9277268,
        -0.070156984
      ],
      [
        0.0294233486,
        -0.0638084,
        0.9975283
      ],
      [
        -0.929910362,
        -0.367765576,
        0.0039041948
      ]
    ],
    "translation": [
      2.15103817,
      0.950098336,
      -0.7070961
    ]
  },
  {
    "timeStamp": 80435,
    "rotation": [
      [
        0.3713577,
        -0.9273393,
        -0.04620959
      ],
      [
        0.0240043253,
        -0.0401630662,
        0.998904765
      ],
      [
        -0.928179562,
        -0.3720602,
        0.00734529
      ]
    ],
    "translation": [
      2.153734,
      0.938762546,
      -0.688525259
    ]
  },
  {
    "timeStamp": 80490,
    "rotation": [
      [
        0.399955779,
        -0.9138627,
        -0.06993101
      ],
      [
        0.0257745236,
        -0.06505454,
        0.997548759
      ],
      [
        -0.916172,
        -0.400777847,
        -0.002464566
      ]
    ],
    "translation": [
      2.15554619,
      0.927240252,
      -0.6625875
    ]
  },
  {
    "timeStamp": 80535,
    "rotation": [
      [
        0.410080016,
        -0.9109955,
        -0.04383716
      ],
      [
        0.0119863143,
        -0.0426771864,
        0.999017
      ],
      [
        -0.9119708,
        -0.410202354,
        -0.006581583
      ]
    ],
    "translation": [
      2.151498,
      0.9170612,
      -0.6419558
    ]
  },
  {
    "timeStamp": 80590,
    "rotation": [
      [
        0.434278846,
        -0.8984071,
        -0.0653191656
      ],
      [
        0.0189661831,
        -0.06337824,
        0.99780935
      ],
      [
        -0.9005788,
        -0.434566319,
        -0.0104844756
      ]
    ],
    "translation": [
      2.1486237,
      0.9054217,
      -0.617844939
    ]
  },
  {
    "timeStamp": 80635,
    "rotation": [
      [
        0.4447102,
        -0.8940545,
        -0.0538470522
      ],
      [
        0.009722075,
        -0.0552970879,
        0.9984226
      ],
      [
        -0.8956218,
        -0.444532216,
        -0.0158991143
      ]
    ],
    "translation": [
      2.14345717,
      0.8960354,
      -0.5990537
    ]
  },
  {
    "timeStamp": 80690,
    "rotation": [
      [
        0.45480597,
        -0.8884001,
        -0.06242487
      ],
      [
        0.0320953429,
        -0.0536981523,
        0.9980413
      ],
      [
        -0.890012,
        -0.45591867,
        0.00409126561
      ]
    ],
    "translation": [
      2.140312,
      0.87995106,
      -0.5817282
    ]
  },
  {
    "timeStamp": 80736,
    "rotation": [
      [
        0.45720607,
        -0.887761056,
        -0.0533199348
      ],
      [
        0.0238834973,
        -0.047675442,
        0.9985773
      ],
      [
        -0.8890401,
        -0.4578291,
        -0.0005946622
      ]
    ],
    "translation": [
      2.13652062,
      0.8704481,
      -0.568300843
    ]
  },
  {
    "timeStamp": 80780,
    "rotation": [
      [
        0.478592157,
        -0.8746608,
        -0.07692976
      ],
      [
        0.0535201766,
        -0.0583926,
        0.996858
      ],
      [
        -0.8764047,
        -0.481205732,
        0.0188657586
      ]
    ],
    "translation": [
      2.13259387,
      0.858129561,
      -0.56073153
    ]
  },
  {
    "timeStamp": 80836,
    "rotation": [
      [
        0.473476768,
        -0.8780035,
        -0.0702113
      ],
      [
        0.04515437,
        -0.0554122552,
        0.997442
      ],
      [
        -0.879648149,
        -0.475435972,
        0.01340928
      ]
    ],
    "translation": [
      2.129398,
      0.8481115,
      -0.5495185
    ]
  },
  {
    "timeStamp": 80881,
    "rotation": [
      [
        0.477859437,
        -0.874569058,
        -0.08233698
      ],
      [
        0.0618748665,
        -0.0599874444,
        0.9962796
      ],
      [
        -0.8762545,
        -0.481176168,
        0.02544828
      ]
    ],
    "translation": [
      2.12884283,
      0.838297963,
      -0.544134259
    ]
  },
  {
    "timeStamp": 80936,
    "rotation": [
      [
        0.470554322,
        -0.87906146,
        -0.07635168
      ],
      [
        0.0692241,
        -0.04948579,
        0.996373
      ],
      [
        -0.8796514,
        -0.474133,
        0.037566483
      ]
    ],
    "translation": [
      2.12798953,
      0.826278,
      -0.5399234
    ]
  },
  {
    "timeStamp": 80981,
    "rotation": [
      [
        0.473936647,
        -0.877556443,
        -0.07265448
      ],
      [
        0.04283516,
        -0.05943558,
        0.997312665
      ],
      [
        -0.8795164,
        -0.475775182,
        0.009421575
      ]
    ],
    "translation": [
      2.1282742,
      0.8190957,
      -0.5368532
    ]
  },
  {
    "timeStamp": 81036,
    "rotation": [
      [
        0.465117276,
        -0.885243058,
        -0.00327586266
      ],
      [
        -0.0281505268,
        -0.0184890479,
        0.9994327
      ],
      [
        -0.8848014,
        -0.464761168,
        -0.03351963
      ]
    ],
    "translation": [
      2.12327266,
      0.813948035,
      -0.5348541
    ]
  },
  {
    "timeStamp": 81081,
    "rotation": [
      [
        0.4588045,
        -0.8872283,
        0.0482120141
      ],
      [
        -0.0423919261,
        0.03234097,
        0.9985775
      ],
      [
        -0.887525439,
        -0.460195631,
        -0.0227731355
      ]
    ],
    "translation": [
      2.118394,
      0.8112725,
      -0.5353274
    ]
  },
  {
    "timeStamp": 81136,
    "rotation": [
      [
        0.4998525,
        -0.8597021,
        0.105165154
      ],
      [
        -0.07704309,
        0.07680661,
        0.9940649
      ],
      [
        -0.8626771,
        -0.504988134,
        -0.0278421249
      ]
    ],
    "translation": [
      2.116532,
      0.808324635,
      -0.533466
    ]
  },
  {
    "timeStamp": 81181,
    "rotation": [
      [
        0.516246438,
        -0.843658,
        0.1474141
      ],
      [
        -0.0968342647,
        0.113521725,
        0.9888053
      ],
      [
        -0.850948155,
        -0.524741948,
        -0.0230898131
      ]
    ],
    "translation": [
      2.11593151,
      0.8061411,
      -0.533825934
    ]
  },
  {
    "timeStamp": 81237,
    "rotation": [
      [
        0.520092547,
        -0.840620339,
        0.151198983
      ],
      [
        -0.075266324,
        0.1312285,
        0.9884908
      ],
      [
        -0.8507871,
        -0.5254869,
        0.00498056272
      ]
    ],
    "translation": [
      2.11546731,
      0.8023324,
      -0.535080731
    ]
  },
  {
    "timeStamp": 81281,
    "rotation": [
      [
        0.501305,
        -0.852781951,
        0.146479547
      ],
      [
        -0.06367561,
        0.132469773,
        0.9891396
      ],
      [
        -0.8629245,
        -0.5051878,
        0.0121063488
      ]
    ],
    "translation": [
      2.11529922,
      0.8019741,
      -0.5360929
    ]
  },
  {
    "timeStamp": 81336,
    "rotation": [
      [
        0.490959525,
        -0.8623631,
        0.123646826
      ],
      [
        -0.07388024,
        0.10020449,
        0.9922201
      ],
      [
        -0.868043959,
        -0.496274978,
        -0.0145152453
      ]
    ],
    "translation": [
      2.11585951,
      0.8022413,
      -0.535817266
    ]
  },
  {
    "timeStamp": 81381,
    "rotation": [
      [
        0.472748876,
        -0.8771906,
        0.08393477
      ],
      [
        -0.0531644523,
        0.06668509,
        0.996356666
      ],
      [
        -0.879591942,
        -0.475488842,
        -0.0151100624
      ]
    ],
    "translation": [
      2.11719656,
      0.8025431,
      -0.537449539
    ]
  },
  {
    "timeStamp": 81436,
    "rotation": [
      [
        0.461236984,
        -0.8856874,
        0.05308679
      ],
      [
        0.00180690223,
        0.0607686155,
        0.9981502
      ],
      [
        -0.887275159,
        -0.460287869,
        0.0296290852
      ]
    ],
    "translation": [
      2.11735344,
      0.7988717,
      -0.541627944
    ]
  },
  {
    "timeStamp": 81481,
    "rotation": [
      [
        0.4503434,
        -0.892195046,
        0.0343324766
      ],
      [
        0.0356941372,
        0.0564120039,
        0.9977693
      ],
      [
        -0.89214164,
        -0.448113352,
        0.05725091
      ]
    ],
    "translation": [
      2.11834621,
      0.796642661,
      -0.5448709
    ]
  },
  {
    "timeStamp": 81536,
    "rotation": [
      [
        0.43895945,
        -0.8983533,
        0.0166115481
      ],
      [
        0.06110454,
        0.0482922532,
        0.9969624
      ],
      [
        -0.8964267,
        -0.436611027,
        0.0760918
      ]
    ],
    "translation": [
      2.11941028,
      0.795541167,
      -0.5473142
    ]
  },
  {
    "timeStamp": 81581,
    "rotation": [
      [
        0.449320942,
        -0.8933234,
        0.009161984
      ],
      [
        0.0672426,
        0.0440443419,
        0.996764
      ],
      [
        -0.8908362,
        -0.447250843,
        0.0798594356
      ]
    ],
    "translation": [
      2.11945629,
      0.7957392,
      -0.546936035
    ]
  },
  {
    "timeStamp": 81636,
    "rotation": [
      [
        0.467469335,
        -0.88397795,
        0.00744958641
      ],
      [
        0.06671896,
        0.043683134,
        0.9968151
      ],
      [
        -0.881487966,
        -0.465483457,
        0.07939861
      ]
    ],
    "translation": [
      2.11903477,
      0.7957648,
      -0.5458486
    ]
  },
  {
    "timeStamp": 81681,
    "rotation": [
      [
        0.4977166,
        -0.8672375,
        0.0133149056
      ],
      [
        0.06661285,
        0.0535268858,
        0.9963421
      ],
      [
        -0.8647779,
        -0.495009065,
        0.0844103843
      ]
    ],
    "translation": [
      2.1178782,
      0.7951927,
      -0.544406354
    ]
  },
  {
    "timeStamp": 81736,
    "rotation": [
      [
        0.52722317,
        -0.849424839,
        0.0226549562
      ],
      [
        0.0621121079,
        0.06511463,
        0.995942831
      ],
      [
        -0.8474537,
        -0.523677,
        0.08708951
      ]
    ],
    "translation": [
      2.11668563,
      0.7944242,
      -0.54291147
    ]
  },
  {
    "timeStamp": 81780,
    "rotation": [
      [
        0.5397238,
        -0.8415678,
        0.021489663
      ],
      [
        0.0614244975,
        0.0648267,
        0.9960043
      ],
      [
        -0.839598238,
        -0.536247253,
        0.0866813958
      ]
    ],
    "translation": [
      2.11607146,
      0.794184148,
      -0.5422049
    ]
  },
  {
    "timeStamp": 81836,
    "rotation": [
      [
        0.536183357,
        -0.8437211,
        0.0253406037
      ],
      [
        0.06364281,
        0.07034379,
        0.9954905
      ],
      [
        -0.8416989,
        -0.5321527,
        0.09141395
      ]
    ],
    "translation": [
      2.11632156,
      0.7927864,
      -0.542996466
    ]
  }
]