[
  {
    "id": "021 bleach cleanser(Clone)-73142",
    "pickRotation": [
      [
        0.9315824,
        0.3396646,
        0.1295463
      ],
      [
        -0.329847068,
        0.9395824,
        -0.09157454
      ],
      [
        -0.152824044,
        0.0425787643,
        0.987335742
      ]
    ],
    "pickTranslation": [
      0.00950956,
      0.0132328626,
      0.0314080678
    ],
    "placeRotation": [
      [
        -0.998136163,
        0.0540111251,
        0.0284074172
      ],
      [
        -0.0594196841,
        -0.9662484,
        -0.250665963
      ],
      [
        0.0139098689,
        -0.251886725,
        0.9676568
      ]
    ],
    "placeTranslation": [
      0.4051799,
      0.5425897,
      -0.3708245
    ]
  },
  {
    "id": "015 peach(Clone)-72326",
    "pickRotation": [
      [
        0.0284121577,
        -0.244671479,
        0.969189644
      ],
      [
        -0.997753561,
        -0.06578789,
        0.0126413954
      ],
      [
        0.0606679581,
        -0.967371643,
        -0.245990992
      ]
    ],
    "pickTranslation": [
      0.00882826652,
      0.004117187,
      0.04349022
    ],
    "placeRotation": [
      [
        0.212415963,
        0.976613164,
        -0.0332599841
      ],
      [
        0.08821022,
        0.0147340326,
        0.9959929
      ],
      [
        0.973189831,
        -0.214498669,
        -0.08301752
      ]
    ],
    "placeTranslation": [
      -0.7161181,
      -0.014221482,
      0.07438438
    ]
  },
  {
    "id": "014 lemon(Clone)-72770",
    "pickRotation": [
      [
        0.106033675,
        -0.0199882332,
        -0.9941616
      ],
      [
        -0.3985702,
        -0.916821659,
        -0.02407679
      ],
      [
        -0.910987735,
        0.398796171,
        -0.105180696
      ]
    ],
    "pickTranslation": [
      0.0178674441,
      0.04308209,
      0.0235554352
    ],
    "placeRotation": [
      [
        -0.248805478,
        0.06927325,
        0.966073036
      ],
      [
        0.0568566,
        0.9967635,
        -0.05683092
      ],
      [
        -0.9668832,
        0.0407877825,
        -0.251938879
      ]
    ],
    "placeTranslation": [
      -0.8247563,
      0.250132769,
      0.418213248
    ]
  },
  {
    "id": "010 potted meat can(Clone)-72338",
    "pickRotation": [
      [
        -0.028707508,
        0.2562677,
        -0.96617943
      ],
      [
        0.999034941,
        -0.0247879289,
        -0.03625843
      ],
      [
        -0.03324145,
        -0.9662879,
        -0.255308777
      ]
    ],
    "pickTranslation": [
      0.0373718366,
      -0.027821729,
      0.0540411659
    ],
    "placeRotation": [
      [
        -0.01609078,
        -0.999821663,
        -0.009891733
      ],
      [
        0.00203035562,
        -0.009925665,
        0.9999487
      ],
      [
        -0.9998685,
        0.0160698723,
        0.00218970515
      ]
    ],
    "placeTranslation": [
      -0.490216136,
      0.0111815361,
      -0.06287983
    ]
  },
  {
    "id": "005 tomato soup can(Clone)-72386",
    "pickRotation": [
      [
        -0.982662559,
        0.07619981,
        -0.16902034
      ],
      [
        0.171576589,
        0.0283036884,
        -0.9847641
      ],
      [
        -0.07025493,
        -0.99669075,
        -0.0408870764
      ]
    ],
    "pickTranslation": [
      0.0107704233,
      0.08429632,
      0.0775467455
    ],
    "placeRotation": [
      [
        0.9137714,
        -0.406111151,
        -0.009784876
      ],
      [
        0.0230188537,
        0.0277151819,
        0.9993508
      ],
      [
        -0.4055763,
        -0.9134034,
        0.034673553
      ]
    ],
    "placeTranslation": [
      -0.828334033,
      -0.0290082432,
      0.768034
    ]
  },
  {
    "id": "002 masterchef can(Clone)-72398",
    "pickRotation": [
      [
        -0.9639979,
        0.03130773,
        -0.264060616
      ],
      [
        0.265773237,
        0.08158418,
        -0.96057725
      ],
      [
        -0.008530337,
        -0.996174634,
        -0.08696772
      ]
    ],
    "pickTranslation": [
      0.006783211,
      -0.0104827154,
      0.106267214
    ],
    "placeRotation": [
      [
        0.972443163,
        -0.221454844,
        -0.07288341
      ],
      [
        0.06457798,
        -0.04452569,
        0.9969188
      ],
      [
        -0.224017724,
        -0.9741536,
        -0.0289975964
      ]
    ],
    "placeTranslation": [
      0.104970023,
      -0.00208705524,
      0.510065258
    ]
  },
  {
    "id": "010 potted meat can(Clone)-72410",
    "pickRotation": [
      [
        -0.0133561352,
        0.0790516138,
        -0.996781051
      ],
      [
        0.999894261,
        -0.00468331575,
        -0.013769269
      ],
      [
        -0.00575672276,
        -0.9968595,
        -0.0789807
      ]
    ],
    "pickTranslation": [
      0.0344245732,
      -0.0232438855,
      0.0502919443
    ],
    "placeRotation": [
      [
        -0.0310731232,
        -0.992908835,
        -0.114745535
      ],
      [
        -0.0261034612,
        -0.113955669,
        0.993142843
      ],
      [
        -0.9991762,
        0.0338553078,
        -0.0223774
      ]
    ],
    "placeTranslation": [
      0.449870527,
      0.0120974658,
      0.395321131
    ]
  },
  {
    "id": "016 pear(Clone)-72350",
    "pickRotation": [
      [
        -0.203449085,
        -0.946285,
        -0.251303047
      ],
      [
        0.6960353,
        0.04072687,
        -0.7168516
      ],
      [
        0.6885807,
        -0.320758581,
        0.6503619
      ]
    ],
    "pickTranslation": [
      0.0343724452,
      0.005649168,
      0.02924133
    ],
    "placeRotation": [
      [
        0.09768947,
        -0.237051114,
        -0.9665731
      ],
      [
        0.9952169,
        0.0234357473,
        0.094836846
      ],
      [
        0.000171183041,
        -0.9712145,
        0.238206714
      ]
    ],
    "placeTranslation": [
      0.582827568,
      0.2290234,
      0.338705122
    ]
  },
  {
    "id": "018 plum(Clone)-72362",
    "pickRotation": [
      [
        -0.61623615,
        0.5890161,
        0.522793531
      ],
      [
        0.377202153,
        -0.361984,
        0.852458835
      ],
      [
        0.6913549,
        0.7225148,
        0.0008894977
      ]
    ],
    "pickTranslation": [
      0.008858479,
      0.0203145854,
      0.0202873554
    ],
    "placeRotation": [
      [
        0.645398,
        -0.3404226,
        -0.6837937
      ],
      [
        -0.6039907,
        0.320578933,
        -0.7296742
      ],
      [
        0.467607439,
        0.883935332,
        0.00128891808
      ]
    ],
    "placeTranslation": [
      0.371637374,
      0.48622328,
      0.243005112
    ]
  },
  {
    "id": "058 golf ball(Clone)-72100",
    "pickRotation": [
      [
        -0.927024245,
        -0.03568078,
        -0.373300016
      ],
      [
        0.340211719,
        -0.498752862,
        -0.7971835
      ],
      [
        -0.15774034,
        -0.8660095,
        0.474495023
      ]
    ],
    "pickTranslation": [
      0.008980644,
      -0.03550094,
      0.02020305
    ],
    "placeRotation": [
      [
        0.918819547,
        -0.347162753,
        0.1877461
      ],
      [
        0.0499560162,
        0.5741663,
        0.817213237
      ],
      [
        -0.391503483,
        -0.74149245,
        0.5448981
      ]
    ],
    "placeTranslation": [
      0.8805511,
      0.325580359,
      -0.7411366
    ]
  },
  {
    "id": "058 golf ball(Clone)-72374",
    "pickRotation": [
      [
        -0.9273531,
        0.00172003091,
        -0.374183416
      ],
      [
        0.307939827,
        -0.5645907,
        -0.765774369
      ],
      [
        -0.212577641,
        -0.825369239,
        0.523045242
      ]
    ],
    "pickTranslation": [
      0.009362958,
      -0.0247680359,
      0.0256092716
    ],
    "placeRotation": [
      [
        0.882732332,
        -0.39898777,
        0.24817811
      ],
      [
        0.09093556,
        0.6632547,
        0.7428486
      ],
      [
        -0.460992783,
        -0.6331683,
        0.6217585
      ]
    ],
    "placeTranslation": [
      0.8616177,
      0.321738869,
      -0.656529367
    ]
  },
  {
    "id": "025 mug(Clone)-72112",
    "pickRotation": [
      [
        -0.635269344,
        0.0541673824,
        -0.7703887
      ],
      [
        0.7714812,
        -0.0011482517,
        -0.636251032
      ],
      [
        -0.0353486538,
        -0.998531163,
        -0.0410596728
      ]
    ],
    "pickTranslation": [
      0.0444265231,
      -0.0199383646,
      0.0581150278
    ],
    "placeRotation": [
      [
        0.523627639,
        -0.851598,
        0.0243906621
      ],
      [
        0.06930288,
        0.07111222,
        0.9950579
      ],
      [
        -0.8491238,
        -0.5193495,
        0.09625452
      ]
    ],
    "placeTranslation": [
      -0.7212159,
      0.419596851,
      -0.5735956
    ]
  },
  {
    "id": "012 strawberry(Clone)-72794",
    "pickRotation": [
      [
        0.613395035,
        -0.488048822,
        0.6209307
      ],
      [
        -0.286722332,
        -0.8701819,
        -0.400716543
      ],
      [
        0.7358919,
        0.06776284,
        -0.673699737
      ]
    ],
    "pickTranslation": [
      0.009175781,
      0.0265262574,
      0.0151148681
    ],
    "placeRotation": [
      [
        -0.5910692,
        0.3219198,
        -0.7395977
      ],
      [
        0.477436543,
        0.878665745,
        0.0008948484
      ],
      [
        0.6501472,
        -0.352582067,
        -0.673048556
      ]
    ],
    "placeTranslation": [
      -0.6923522,
      0.89286536,
      -0.491801262
    ]
  },
  {
    "id": "011 banana(Clone)-72042",
    "pickRotation": [
      [
        -0.995033741,
        0.09447531,
        0.031342648
      ],
      [
        0.001008935,
        0.324435681,
        -0.945907235
      ],
      [
        -0.09953354,
        -0.941177964,
        -0.3229198
      ]
    ],
    "pickTranslation": [
      0.0228334684,
      -0.003707219,
      0.0157226045
    ],
    "placeRotation": [
      [
        -0.724084139,
        0.44430387,
        -0.5275379
      ],
      [
        0.159313753,
        0.8519256,
        0.49884057
      ],
      [
        0.671059847,
        0.2771585,
        -0.687649548
      ]
    ],
    "placeTranslation": [
      -0.652215958,
      1.09180427,
      -0.0812694952
    ]
  },
  {
    "id": "007 tuna fish can(Clone)-71706",
    "pickRotation": [
      [
        -0.914613068,
        0.0434600227,
        -0.401987672
      ],
      [
        0.4042584,
        0.07956369,
        -0.9111777
      ],
      [
        -0.00761618558,
        -0.9958819,
        -0.09033908
      ]
    ],
    "pickTranslation": [
      0.0309801679,
      -0.0155975893,
      0.0066483547
    ],
    "placeRotation": [
      [
        0.879583836,
        -0.466497272,
        0.0933410749
      ],
      [
        0.0268782862,
        0.2446152,
        0.969247639
      ],
      [
        -0.47498402,
        -0.8500257,
        0.227698237
      ]
    ],
    "placeTranslation": [
      -0.0625568554,
      0.515935957,
      -0.873703837
    ]
  },
  {
    "id": "025 mug(Clone)-71492",
    "pickRotation": [
      [
        -0.765176,
        0.074373275,
        -0.639511049
      ],
      [
        0.6411587,
        -0.00221610838,
        -0.767405152
      ],
      [
        -0.05849166,
        -0.997228,
        -0.0459893569
      ]
    ],
    "pickTranslation": [
      -0.0201081932,
      0.04502511,
      0.0468262322
    ],
    "placeRotation": [
      [
        0.6823824,
        -0.730742455,
        -0.0192258451
      ],
      [
        0.0342753939,
        0.00571294827,
        0.9993961
      ],
      [
        -0.73019135,
        -0.6826293,
        0.0289449021
      ]
    ],
    "placeTranslation": [
      -0.4413297,
      0.600892961,
      0.442394
    ]
  },
  {
    "id": "007 tuna fish can(Clone)-72422",
    "pickRotation": [
      [
        -0.365001917,
        0.08583017,
        -0.927041948
      ],
      [
        0.929368556,
        -0.0254540555,
        -0.368274629
      ],
      [
        -0.05520605,
        -0.995984554,
        -0.0704770759
      ]
    ],
    "pickTranslation": [
      0.03799242,
      -0.0179047119,
      0.009973919
    ],
    "placeRotation": [
      [
        -0.0532211,
        -0.9892421,
        0.136263236
      ],
      [
        0.07210125,
        0.132293656,
        0.988584757
      ],
      [
        -0.9959764,
        0.06243831,
        0.06428478
      ]
    ],
    "placeTranslation": [
      0.158412486,
      0.385328919,
      -0.241865188
    ]
  },
  {
    "id": "007 tuna fish can(Clone)-72806",
    "pickRotation": [
      [
        -0.9131195,
        0.0818814039,
        -0.399384975
      ],
      [
        0.4052277,
        0.074732624,
        -0.9111562
      ],
      [
        -0.0447596647,
        -0.9938363,
        -0.101420417
      ]
    ],
    "pickTranslation": [
      0.0353918821,
      -0.007187932,
      0.00768612744
    ],
    "placeRotation": [
      [
        0.8435327,
        -0.52952987,
        0.0897254646
      ],
      [
        -0.02058257,
        0.135067,
        0.99062264
      ],
      [
        -0.536683261,
        -0.837469339,
        0.103034332
      ]
    ],
    "placeTranslation": [
      -0.06672194,
      0.6300942,
      -0.898451269
    ]
  },
  {
    "id": "100 half egg carton(Clone)-72758",
    "pickRotation": [
      [
        -0.09100893,
        0.06281849,
        0.9938668
      ],
      [
        -0.9958318,
        0.000301066553,
        -0.0912079
      ],
      [
        -0.00602876255,
        -0.99802494,
        0.06252925
      ]
    ],
    "pickTranslation": [
      -0.0922469,
      -0.0009935751,
      0.0178461317
    ],
    "placeRotation": [
      [
        -0.0004951591,
        0.2704685,
        -0.9627287
      ],
      [
        -0.1970004,
        0.9438362,
        0.2652622
      ],
      [
        0.9804033,
        0.1897893,
        0.0528150536
      ]
    ],
    "placeTranslation": [
      0.03888854,
      0.751592934,
      0.468908757
    ]
  },
  {
    "id": "100 half egg carton(Clone)-72782",
    "pickRotation": [
      [
        0.008298684,
        0.00395663874,
        0.99995774
      ],
      [
        0.1500446,
        -0.988675654,
        0.002666772
      ],
      [
        0.9886444,
        0.150016144,
        -0.00879837852
      ]
    ],
    "pickTranslation": [
      -0.06775044,
      0.0290007982,
      -0.00410763826
    ],
    "placeRotation": [
      [
        0.03485455,
        -0.144913584,
        -0.988830268
      ],
      [
        -0.112161249,
        0.982613266,
        -0.147955969
      ],
      [
        0.9930786,
        0.116065376,
        0.0179948565
      ]
    ],
    "placeTranslation": [
      0.162756622,
      0.677014947,
      -0.440551579
    ]
  },
  {
    "id": "100 half egg carton(Clone)-73154",
    "pickRotation": [
      [
        0.0595298372,
        -0.880513549,
        0.47026816
      ],
      [
        -0.0656430349,
        -0.473536968,
        -0.8783244
      ],
      [
        0.996065855,
        0.0214166772,
        -0.08598916
      ]
    ],
    "pickTranslation": [
      -0.0934063047,
      0.0257893428,
      -1.95577686E-05
    ],
    "placeRotation": [
      [
        0.00309937424,
        0.01971371,
        -0.999800861
      ],
      [
        0.160658434,
        0.9868083,
        0.0199555662
      ],
      [
        0.987005234,
        -0.160688281,
        -0.0001086853
      ]
    ],
    "placeTranslation": [
      -0.7144659,
      1.04399884,
      -0.5625698
    ]
  }
]