[
  {
    "timeStamp": 5956,
    "rotation": [
      [
        -0.0265114084,
        0.999648452,
        4.78354923E-05
      ],
      [
        0.0050971075,
        8.732734E-05,
        0.999987
      ],
      [
        0.999635458,
        0.0265113078,
        -0.00509763137
      ]
    ],
    "translation": [
      1.13676322,
      0.7049189,
      -0.6139203
    ]
  },
  {
    "timeStamp": 6001,
    "rotation": [
      [
        -0.0264331363,
        0.9996505,
        -0.0005098222
      ],
      [
        0.007562704,
        0.000709961634,
        0.999971151
      ],
      [
        0.999622047,
        0.0264285188,
        -0.007578827
      ]
    ],
    "translation": [
      1.13676548,
      0.704851449,
      -0.6139973
    ]
  },
  {
    "timeStamp": 6056,
    "rotation": [
      [
        -0.0266965348,
        0.9996246,
        0.0061606844
      ],
      [
        0.0120985564,
        -0.005839331,
        0.999909759
      ],
      [
        0.99957037,
        0.026768662,
        -0.011938124
      ]
    ],
    "translation": [
      1.13680232,
      0.705237031,
      -0.613968432
    ]
  },
  {
    "timeStamp": 6101,
    "rotation": [
      [
        -0.0142965782,
        0.998743653,
        0.048028104
      ],
      [
        -0.009621498,
        -0.0481681973,
        0.9987929
      ],
      [
        0.9998515,
        0.0138172144,
        0.0102980509
      ]
    ],
    "translation": [
      1.13348746,
      0.709949,
      -0.6184099
    ]
  },
  {
    "timeStamp": 6156,
    "rotation": [
      [
        0.0189291164,
        0.9960817,
        0.08638883
      ],
      [
        0.0105849961,
        -0.08659911,
        0.996187031
      ],
      [
        0.9997648,
        -0.01794252,
        -0.0121827656
      ]
    ],
    "translation": [
      1.133522,
      0.7277941,
      -0.614047468
    ]
  },
  {
    "timeStamp": 6200,
    "rotation": [
      [
        0.0639252141,
        0.9916139,
        0.112318605
      ],
      [
        0.0469520278,
        -0.11541263,
        0.992207348
      ],
      [
        0.9968496,
        -0.05815348,
        -0.05393606
      ]
    ],
    "translation": [
      1.14256763,
      0.7500101,
      -0.602542639
    ]
  },
  {
    "timeStamp": 6256,
    "rotation": [
      [
        0.165746257,
        0.973527551,
        0.157392234
      ],
      [
        0.127374172,
        -0.179396376,
        0.9754962
      ],
      [
        0.977908,
        -0.141637146,
        -0.153736532
      ]
    ],
    "translation": [
      1.15986764,
      0.7910557,
      -0.5735962
    ]
  },
  {
    "timeStamp": 6300,
    "rotation": [
      [
        0.3112001,
        0.932570755,
        0.182937652
      ],
      [
        0.195802629,
        -0.2512846,
        0.947901547
      ],
      [
        0.9299547,
        -0.259167373,
        -0.260799617
      ]
    ],
    "translation": [
      1.18758464,
      0.8351303,
      -0.5381912
    ]
  },
  {
    "timeStamp": 6356,
    "rotation": [
      [
        0.5552732,
        0.818993747,
        0.144640833
      ],
      [
        0.270848781,
        -0.342514843,
        0.899624646
      ],
      [
        0.786328554,
        -0.46036163,
        -0.412012756
      ]
    ],
    "translation": [
      1.25448215,
      0.8963818,
      -0.484052479
    ]
  },
  {
    "timeStamp": 6401,
    "rotation": [
      [
        0.751565039,
        0.657710433,
        0.0506661348
      ],
      [
        0.300814867,
        -0.4100687,
        0.8610192
      ],
      [
        0.5870779,
        -0.6318708,
        -0.506042361
      ]
    ],
    "translation": [
      1.34315407,
      0.9461082,
      -0.445219785
    ]
  },
  {
    "timeStamp": 6456,
    "rotation": [
      [
        0.920015633,
        0.38676548,
        -0.06311627
      ],
      [
        0.269729733,
        -0.5081363,
        0.8179507
      ],
      [
        0.284283459,
        -0.769551754,
        -0.5718155
      ]
    ],
    "translation": [
      1.46892858,
      1.00541186,
      -0.424385339
    ]
  },
  {
    "timeStamp": 6501,
    "rotation": [
      [
        0.9727104,
        0.0909987,
        -0.213433221
      ],
      [
        0.225286186,
        -0.590468645,
        0.7749793
      ],
      [
        -0.05550352,
        -0.801914,
        -0.5948557
      ]
    ],
    "translation": [
      1.57670212,
      1.05172467,
      -0.429114044
    ]
  },
  {
    "timeStamp": 6556,
    "rotation": [
      [
        0.8979765,
        -0.18495433,
        -0.399286956
      ],
      [
        0.19648689,
        -0.643373847,
        0.739907444
      ],
      [
        -0.393739849,
        -0.742874146,
        -0.5413935
      ]
    ],
    "translation": [
      1.70646524,
      1.097512,
      -0.462162018
    ]
  },
  {
    "timeStamp": 6601,
    "rotation": [
      [
        0.727133334,
        -0.457222551,
        -0.512078762
      ],
      [
        0.100705914,
        -0.6668183,
        0.7383845
      ],
      [
        -0.6790695,
        -0.5884733,
        -0.438820869
      ]
    ],
    "translation": [
      1.7990067,
      1.11945248,
      -0.5013264
    ]
  },
  {
    "timeStamp": 6656,
    "rotation": [
      [
        0.490014017,
        -0.6477125,
        -0.583399355
      ],
      [
        0.0437762253,
        -0.6501262,
        0.7585642
      ],
      [
        -0.870614648,
        -0.3972461,
        -0.290216535
      ]
    ],
    "translation": [
      1.89326322,
      1.134298,
      -0.561466455
    ]
  },
  {
    "timeStamp": 6700,
    "rotation": [
      [
        0.329125375,
        -0.741733551,
        -0.5843867
      ],
      [
        -0.00716596236,
        -0.620810151,
        0.7839282
      ],
      [
        -0.944259,
        -0.253822982,
        -0.209639624
      ]
    ],
    "translation": [
      1.95136523,
      1.13677835,
      -0.6015352
    ]
  },
  {
    "timeStamp": 6756,
    "rotation": [
      [
        0.155662984,
        -0.809832454,
        -0.5656327
      ],
      [
        -0.059545178,
        -0.579264164,
        0.8129621
      ],
      [
        -0.9860138,
        -0.0928674042,
        -0.138391614
      ]
    ],
    "translation": [
      2.01302075,
      1.132234,
      -0.641379952
    ]
  },
  {
    "timeStamp": 6800,
    "rotation": [
      [
        0.0616188124,
        -0.844155669,
        -0.532545149
      ],
      [
        -0.103834555,
        -0.536085546,
        0.837753356
      ],
      [
        -0.992684,
        0.00367522147,
        -0.120685488
      ]
    ],
    "translation": [
      2.0557363,
      1.11820328,
      -0.6591765
    ]
  },
  {
    "timeStamp": 6854,
    "rotation": [
      [
        -0.0133216185,
        -0.879353046,
        -0.475983918
      ],
      [
        -0.147473574,
        -0.4690925,
        0.870749
      ],
      [
        -0.98897624,
        0.08179482,
        -0.123432271
      ]
    ],
    "translation": [
      2.10138941,
      1.08803463,
      -0.6632701
    ]
  },
  {
    "timeStamp": 6899,
    "rotation": [
      [
        -0.06250478,
        -0.9013361,
        -0.428586662
      ],
      [
        -0.1538326,
        -0.415594071,
        0.896446943
      ],
      [
        -0.986118,
        0.121962808,
        -0.112678245
      ]
    ],
    "translation": [
      2.1315887,
      1.0561223,
      -0.6673233
    ]
  },
  {
    "timeStamp": 6955,
    "rotation": [
      [
        -0.113441065,
        -0.932399333,
        -0.3431657
      ],
      [
        -0.147662044,
        -0.325737238,
        0.9338582
      ],
      [
        -0.9825106,
        0.156610429,
        -0.100728013
      ]
    ],
    "translation": [
      2.15538883,
      1.007443,
      -0.669831038
    ]
  },
  {
    "timeStamp": 6999,
    "rotation": [
      [
        -0.133879751,
        -0.9490312,
        -0.285335153
      ],
      [
        -0.1294226,
        -0.26871714,
        0.954484642
      ],
      [
        -0.98251003,
        0.164714962,
        -0.08685029
      ]
    ],
    "translation": [
      2.16702914,
      0.969411135,
      -0.6740689
    ]
  },
  {
    "timeStamp": 7055,
    "rotation": [
      [
        -0.138201579,
        -0.968805969,
        -0.205706939
      ],
      [
        -0.0868491,
        -0.195045188,
        0.976941466
      ],
      [
        -0.986588836,
        0.152880311,
        -0.0571843758
      ]
    ],
    "translation": [
      2.17085958,
      0.926805437,
      -0.676034
    ]
  },
  {
    "timeStamp": 7106,
    "rotation": [
      [
        -0.125907674,
        -0.9753436,
        -0.181251541
      ],
      [
        -0.07995656,
        -0.172134042,
        0.9818232
      ],
      [
        -0.988814533,
        0.138111338,
        -0.05631212
      ]
    ],
    "translation": [
      2.1746912,
      0.900086462,
      -0.676939666
    ]
  },
  {
    "timeStamp": 7151,
    "rotation": [
      [
        -0.110959724,
        -0.986845434,
        -0.117575534
      ],
      [
        -0.0579756,
        -0.111677147,
        0.992051959
      ],
      [
        -0.9921324,
        0.116894305,
        -0.0448212922
      ]
    ],
    "translation": [
      2.170448,
      0.866956234,
      -0.6729235
    ]
  },
  {
    "timeStamp": 7206,
    "rotation": [
      [
        -0.105732009,
        -0.990558565,
        -0.08726051
      ],
      [
        -0.09024439,
        -0.07783178,
        0.992873669
      ],
      [
        -0.9902912,
        0.112853326,
        -0.08116304
      ]
    ],
    "translation": [
      2.16798353,
      0.8424996,
      -0.661484
    ]
  },
  {
    "timeStamp": 7251,
    "rotation": [
      [
        -0.09937417,
        -0.993755162,
        -0.05074887
      ],
      [
        -0.0845895,
        -0.0423798636,
        0.9955142
      ],
      [
        -0.9914481,
        0.103221223,
        -0.07984979
      ]
    ],
    "translation": [
      2.16360474,
      0.825373,
      -0.654837132
    ]
  },
  {
    "timeStamp": 7306,
    "rotation": [
      [
        -0.0759244338,
        -0.996691346,
        -0.0290125255
      ],
      [
        -0.0879582763,
        -0.0222884025,
        0.995874763
      ],
      [
        -0.9932264,
        0.0781631246,
        -0.08597502
      ]
    ],
    "translation": [
      2.16075563,
      0.808190465,
      -0.645233631
    ]
  },
  {
    "timeStamp": 7351,
    "rotation": [
      [
        -0.0760138258,
        -0.997103751,
        -0.00246482436
      ],
      [
        -0.092871286,
        0.004618733,
        0.9956674
      ],
      [
        -0.992772341,
        0.0759134,
        -0.09295339
      ]
    ],
    "translation": [
      2.15438271,
      0.7949067,
      -0.63724196
    ]
  },
  {
    "timeStamp": 7406,
    "rotation": [
      [
        -0.07107758,
        -0.997357965,
        0.0150017105
      ],
      [
        -0.07869706,
        0.0206000134,
        0.9966857
      ],
      [
        -0.99436146,
        0.0696614,
        -0.07995334
      ]
    ],
    "translation": [
      2.14833331,
      0.7832232,
      -0.634845138
    ]
  },
  {
    "timeStamp": 7451,
    "rotation": [
      [
        -0.0700437948,
        -0.9971532,
        0.0279168729
      ],
      [
        -0.0774981454,
        0.03334052,
        0.996434867
      ],
      [
        -0.994528949,
        0.0676305741,
        -0.07961282
      ]
    ],
    "translation": [
      2.14505029,
      0.7739804,
      -0.6308402
    ]
  },
  {
    "timeStamp": 7506,
    "rotation": [
      [
        -0.05454684,
        -0.997953236,
        0.0333747678
      ],
      [
        -0.07041199,
        0.03718565,
        0.9968246
      ],
      [
        -0.996025443,
        0.05202363,
        -0.07229623
      ]
    ],
    "translation": [
      2.143122,
      0.764471769,
      -0.6251469
    ]
  },
  {
    "timeStamp": 7552,
    "rotation": [
      [
        -0.0546440221,
        -0.997771561,
        0.0382874049
      ],
      [
        -0.08350342,
        0.0427768044,
        0.995588958
      ],
      [
        -0.9950081,
        0.0512058735,
        -0.08565483
      ]
    ],
    "translation": [
      2.140929,
      0.7570255,
      -0.616364956
    ]
  },
  {
    "timeStamp": 7598,
    "rotation": [
      [
        -0.0338883176,
        -0.998823047,
        0.034701895
      ],
      [
        -0.0708580539,
        0.03703565,
        0.996798635
      ],
      [
        -0.996910632,
        0.0313209258,
        -0.0720297247
      ]
    ],
    "translation": [
      2.14173722,
      0.7531589,
      -0.6131162
    ]
  },
  {
    "timeStamp": 7654,
    "rotation": [
      [
        -0.02514751,
        -0.9991589,
        0.0323883779
      ],
      [
        -0.06703416,
        0.034011092,
        0.9971708
      ],
      [
        -0.9974337,
        0.0229052156,
        -0.06783308
      ]
    ],
    "translation": [
      2.14247537,
      0.749795854,
      -0.6093778
    ]
  },
  {
    "timeStamp": 7700,
    "rotation": [
      [
        -0.0380914733,
        -0.998286068,
        0.044428248
      ],
      [
        -0.061454922,
        0.0467166454,
        0.997015953
      ],
      [
        -0.9973827,
        0.0352474526,
        -0.0631291
      ]
    ],
    "translation": [
      2.13855481,
      0.745877266,
      -0.608987153
    ]
  },
  {
    "timeStamp": 7756,
    "rotation": [
      [
        -0.0343511328,
        -0.998135746,
        0.0504486747
      ],
      [
        -0.06184665,
        0.052504763,
        0.9967037
      ],
      [
        -0.99749434,
        0.0311178155,
        -0.06353495
      ]
    ],
    "translation": [
      2.137092,
      0.7414085,
      -0.6094411
    ]
  },
  {
    "timeStamp": 7800,
    "rotation": [
      [
        -0.01934562,
        -0.9982326,
        0.0561902262
      ],
      [
        -0.07118021,
        0.05743324,
        0.9958086
      ],
      [
        -0.9972758,
        0.0152648883,
        -0.07216549
      ]
    ],
    "translation": [
      2.13540149,
      0.7370374,
      -0.6084198
    ]
  },
  {
    "timeStamp": 7856,
    "rotation": [
      [
        -0.0113083627,
        -0.9996759,
        0.02280585
      ],
      [
        -0.0611551255,
        0.02345604,
        0.9978526
      ],
      [
        -0.99806416,
        0.009889383,
        -0.06140056
      ]
    ],
    "translation": [
      2.13569641,
      0.730311155,
      -0.607573569
    ]
  },
  {
    "timeStamp": 7900,
    "rotation": [
      [
        -0.00240856572,
        -0.999935448,
        0.0111032743
      ],
      [
        -0.0502065048,
        0.0112102227,
        0.998675942
      ],
      [
        -0.998735964,
        0.00184792012,
        -0.0502302647
      ]
    ],
    "translation": [
      2.136071,
      0.7279115,
      -0.607385337
    ]
  },
  {
    "timeStamp": 7955,
    "rotation": [
      [
        -0.00175629731,
        -0.9999466,
        0.0101827774
      ],
      [
        -0.0427337326,
        0.0102485409,
        0.9990339
      ],
      [
        -0.999084949,
        0.001319451,
        -0.0427494533
      ]
    ],
    "translation": [
      2.13612652,
      0.727475166,
      -0.607368
    ]
  }
]