[
  {
    "timeStamp": 45472,
    "rotation": [
      [
        0.896510243,
        -0.2558752,
        -0.36165905
      ],
      [
        0.227821976,
        0.9664048,
        -0.118991338
      ],
      [
        0.379955947,
        0.02428308,
        0.924685836
      ]
    ],
    "translation": [
      1.47663844,
      0.7096209,
      -0.498335481
    ]
  },
  {
    "timeStamp": 45527,
    "rotation": [
      [
        0.9205209,
        -0.248619124,
        -0.301379859
      ],
      [
        0.246812165,
        0.9680313,
        -0.0447121263
      ],
      [
        0.302861452,
        -0.0332257748,
        0.9524552
      ]
    ],
    "translation": [
      1.47302091,
      0.707103968,
      -0.499345064
    ]
  },
  {
    "timeStamp": 45572,
    "rotation": [
      [
        0.9225566,
        -0.242961854,
        -0.299764782
      ],
      [
        0.252695,
        0.9675242,
        -0.006491881
      ],
      [
        0.291606963,
        -0.0697599351,
        0.953991
      ]
    ],
    "translation": [
      1.47095942,
      0.706279635,
      -0.499821
    ]
  },
  {
    "timeStamp": 45627,
    "rotation": [
      [
        0.8827601,
        -0.311250031,
        -0.351934642
      ],
      [
        0.317951649,
        0.9472531,
        -0.04022774
      ],
      [
        0.345892072,
        -0.07638676,
        0.9351597
      ]
    ],
    "translation": [
      1.47479045,
      0.712137043,
      -0.5017795
    ]
  },
  {
    "timeStamp": 45671,
    "rotation": [
      [
        0.8828229,
        -0.314995944,
        -0.348427027
      ],
      [
        0.331678659,
        0.943310738,
        -0.0124144554
      ],
      [
        0.332585454,
        -0.104606047,
        0.9372537
      ]
    ],
    "translation": [
      1.479524,
      0.724133134,
      -0.504217148
    ]
  },
  {
    "timeStamp": 45727,
    "rotation": [
      [
        0.8966304,
        -0.3155976,
        -0.3105673
      ],
      [
        0.3404174,
        0.939865649,
        0.0277210157
      ],
      [
        0.283142865,
        -0.130578026,
        0.950147033
      ]
    ],
    "translation": [
      1.49055421,
      0.7438869,
      -0.508127749
    ]
  },
  {
    "timeStamp": 45771,
    "rotation": [
      [
        0.907658339,
        -0.327586263,
        -0.2623806
      ],
      [
        0.357836753,
        0.9306957,
        0.07588363
      ],
      [
        0.219338059,
        -0.162765831,
        0.9619762
      ]
    ],
    "translation": [
      1.50588322,
      0.764487565,
      -0.5115609
    ]
  },
  {
    "timeStamp": 45827,
    "rotation": [
      [
        0.910849631,
        -0.361401558,
        -0.199353412
      ],
      [
        0.389839232,
        0.91195333,
        0.1279313
      ],
      [
        0.135566443,
        -0.194241956,
        0.9715409
      ]
    ],
    "translation": [
      1.53107476,
      0.791383743,
      -0.5187361
    ]
  },
  {
    "timeStamp": 45872,
    "rotation": [
      [
        0.9143829,
        -0.3798931,
        -0.139947012
      ],
      [
        0.400140077,
        0.900609255,
        0.169678509
      ],
      [
        0.06157788,
        -0.211149529,
        0.975512147
      ]
    ],
    "translation": [
      1.553993,
      0.8135112,
      -0.5262247
    ]
  },
  {
    "timeStamp": 45927,
    "rotation": [
      [
        0.900854,
        -0.422441483,
        -0.100026377
      ],
      [
        0.434117615,
        0.8776648,
        0.2030921
      ],
      [
        0.001995101,
        -0.226379544,
        0.9740371
      ]
    ],
    "translation": [
      1.58635569,
      0.8403323,
      -0.536585
    ]
  },
  {
    "timeStamp": 45972,
    "rotation": [
      [
        0.8849803,
        -0.461066484,
        -0.065019
      ],
      [
        0.463089973,
        0.856972,
        0.226156071
      ],
      [
        -0.0485535264,
        -0.230253324,
        0.971918643
      ]
    ],
    "translation": [
      1.617746,
      0.8605261,
      -0.5447666
    ]
  },
  {
    "timeStamp": 46027,
    "rotation": [
      [
        0.853492856,
        -0.5211013,
        0.00185447175
      ],
      [
        0.5028183,
        0.8244718,
        0.259653777
      ],
      [
        -0.136834875,
        -0.220680177,
        0.9657
      ]
    ],
    "translation": [
      1.6659168,
      0.8855992,
      -0.554278433
    ]
  },
  {
    "timeStamp": 46071,
    "rotation": [
      [
        0.824916661,
        -0.558859,
        0.08478817
      ],
      [
        0.5145533,
        0.80452013,
        0.296617866
      ],
      [
        -0.233981356,
        -0.201056987,
        0.951224864
      ]
    ],
    "translation": [
      1.71123588,
      0.905189157,
      -0.562678337
    ]
  },
  {
    "timeStamp": 46127,
    "rotation": [
      [
        0.766918242,
        -0.6102806,
        0.198479518
      ],
      [
        0.5312658,
        0.7772548,
        0.337093085
      ],
      [
        -0.3599905,
        -0.153077468,
        0.920312
      ]
    ],
    "translation": [
      1.77384758,
      0.928638,
      -0.575789332
    ]
  },
  {
    "timeStamp": 46171,
    "rotation": [
      [
        0.7020608,
        -0.6424725,
        0.3071475
      ],
      [
        0.5342867,
        0.760379,
        0.369271636
      ],
      [
        -0.4707954,
        -0.09514634,
        0.877096832
      ]
    ],
    "translation": [
      1.82741678,
      0.9461001,
      -0.5899772
    ]
  },
  {
    "timeStamp": 46227,
    "rotation": [
      [
        0.602686644,
        -0.660300255,
        0.448076278
      ],
      [
        0.5134145,
        0.7507219,
        0.415718973
      ],
      [
        -0.61088,
        -0.0204994269,
        0.7914578
      ]
    ],
    "translation": [
      1.89245975,
      0.9658053,
      -0.6110941
    ]
  },
  {
    "timeStamp": 46271,
    "rotation": [
      [
        0.5126321,
        -0.6615815,
        0.5472826
      ],
      [
        0.492654055,
        0.7486834,
        0.4435822
      ],
      [
        -0.7032072,
        0.0422265269,
        0.70972997
      ]
    ],
    "translation": [
      1.94043636,
      0.977366269,
      -0.630117536
    ]
  },
  {
    "timeStamp": 46327,
    "rotation": [
      [
        0.414016575,
        -0.6457569,
        0.641551554
      ],
      [
        0.469441175,
        0.755308449,
        0.457311928
      ],
      [
        -0.779881656,
        0.111836,
        0.615855038
      ]
    ],
    "translation": [
      1.9924159,
      0.9864721,
      -0.652811348
    ]
  },
  {
    "timeStamp": 46371,
    "rotation": [
      [
        0.338004082,
        -0.6140102,
        0.7132634
      ],
      [
        0.4263448,
        0.775540233,
        0.465583026
      ],
      [
        -0.8390372,
        0.146727175,
        0.5239158
      ]
    ],
    "translation": [
      2.02748823,
      0.9905702,
      -0.669506669
    ]
  },
  {
    "timeStamp": 46427,
    "rotation": [
      [
        0.26279068,
        -0.573760033,
        0.775719345
      ],
      [
        0.3789609,
        0.800746143,
        0.463890374
      ],
      [
        -0.887316,
        0.17206122,
        0.427861243
      ]
    ],
    "translation": [
      2.06499028,
      0.9931408,
      -0.6879964
    ]
  },
  {
    "timeStamp": 46471,
    "rotation": [
      [
        0.205595613,
        -0.548351347,
        0.8105808
      ],
      [
        0.384048462,
        0.807039857,
        0.448545963
      ],
      [
        -0.900131762,
        0.2190832,
        0.376517355
      ]
    ],
    "translation": [
      2.09147477,
      0.9909561,
      -0.703572
    ]
  },
  {
    "timeStamp": 46527,
    "rotation": [
      [
        0.14611204,
        -0.485852867,
        0.861741364
      ],
      [
        0.3447232,
        0.8414976,
        0.41599
      ],
      [
        -0.92726326,
        0.236281112,
        0.290437669
      ]
    ],
    "translation": [
      2.11877942,
      0.981591046,
      -0.720881
    ]
  },
  {
    "timeStamp": 46571,
    "rotation": [
      [
        0.12102747,
        -0.431464881,
        0.8939745
      ],
      [
        0.362851,
        0.857499659,
        0.36473754
      ],
      [
        -0.923954248,
        0.280236274,
        0.2603385
      ]
    ],
    "translation": [
      2.136692,
      0.967967868,
      -0.73358494
    ]
  },
  {
    "timeStamp": 46623,
    "rotation": [
      [
        0.102315925,
        -0.3776723,
        0.920268953
      ],
      [
        0.354338855,
        0.878279269,
        0.321044445
      ],
      [
        -0.9295028,
        0.293239117,
        0.22368592
      ]
    ],
    "translation": [
      2.15165925,
      0.95276916,
      -0.7434286
    ]
  },
  {
    "timeStamp": 46677,
    "rotation": [
      [
        0.0833887756,
        -0.2963011,
        0.9514473
      ],
      [
        0.334223479,
        0.907786965,
        0.253411621
      ],
      [
        -0.9387976,
        0.296864361,
        0.174730033
      ]
    ],
    "translation": [
      2.17156887,
      0.9303409,
      -0.7532071
    ]
  },
  {
    "timeStamp": 46721,
    "rotation": [
      [
        0.07613106,
        -0.260618538,
        0.9624354
      ],
      [
        0.305244058,
        0.924986362,
        0.2263321
      ],
      [
        -0.949226,
        0.276546836,
        0.149972454
      ]
    ],
    "translation": [
      2.18269134,
      0.9184073,
      -0.7560129
    ]
  },
  {
    "timeStamp": 46777,
    "rotation": [
      [
        0.0418383,
        -0.2334533,
        0.971467555
      ],
      [
        0.283612221,
        0.935098,
        0.212499
      ],
      [
        -0.958025932,
        0.266629457,
        0.10533312
      ]
    ],
    "translation": [
      2.19656,
      0.9079202,
      -0.7599547
    ]
  },
  {
    "timeStamp": 46821,
    "rotation": [
      [
        0.01931792,
        -0.195355564,
        0.980542243
      ],
      [
        0.255762845,
        0.949059069,
        0.184044257
      ],
      [
        -0.966546535,
        0.2472309,
        0.06829854
      ]
    ],
    "translation": [
      2.20581031,
      0.898175538,
      -0.761294842
    ]
  },
  {
    "timeStamp": 46877,
    "rotation": [
      [
        0.0179981831,
        -0.146784142,
        0.98900485
      ],
      [
        0.249474779,
        0.9585379,
        0.137722358
      ],
      [
        -0.968214035,
        0.24425301,
        0.0538708828
      ]
    ],
    "translation": [
      2.21362,
      0.883897662,
      -0.7620583
    ]
  },
  {
    "timeStamp": 46921,
    "rotation": [
      [
        0.002640725,
        -0.123719208,
        0.9923138
      ],
      [
        0.245414719,
        0.9620504,
        0.119292945
      ],
      [
        -0.9694146,
        0.243213385,
        0.0329030268
      ]
    ],
    "translation": [
      2.21884465,
      0.8756576,
      -0.7623317
    ]
  },
  {
    "timeStamp": 46977,
    "rotation": [
      [
        0.00174030336,
        -0.103355713,
        0.9946429
      ],
      [
        0.24057807,
        0.965474665,
        0.0999038443
      ],
      [
        -0.9706282,
        0.239115417,
        0.0265453383
      ]
    ],
    "translation": [
      2.22429466,
      0.8683138,
      -0.7629776
    ]
  },
  {
    "timeStamp": 47026,
    "rotation": [
      [
        -0.0194479674,
        -0.103493713,
        0.99443996
      ],
      [
        0.240545034,
        0.964928269,
        0.105126627
      ],
      [
        -0.9704431,
        0.24125208,
        0.00612900546
      ]
    ],
    "translation": [
      2.22928834,
      0.865237832,
      -0.7660716
    ]
  },
  {
    "timeStamp": 47078,
    "rotation": [
      [
        -0.0217961073,
        -0.104218237,
        0.9943156
      ],
      [
        0.242306426,
        0.964349,
        0.106388852
      ],
      [
        -0.9699549,
        0.243247926,
        0.004233696
      ]
    ],
    "translation": [
      2.23415518,
      0.8610869,
      -0.768160641
    ]
  },
  {
    "timeStamp": 47123,
    "rotation": [
      [
        -0.0233895071,
        -0.08825413,
        0.9958234
      ],
      [
        0.235017434,
        0.967695534,
        0.09128132
      ],
      [
        -0.9717097,
        0.236170858,
        -0.00189266168
      ]
    ],
    "translation": [
      2.23612714,
      0.8548769,
      -0.768891931
    ]
  },
  {
    "timeStamp": 47169,
    "rotation": [
      [
        -0.01838911,
        -0.07661562,
        0.996891141
      ],
      [
        0.243178368,
        0.96677655,
        0.0787869543
      ],
      [
        -0.969807267,
        0.243871167,
        0.0008530995
      ]
    ],
    "translation": [
      2.23675513,
      0.848923147,
      -0.7707442
    ]
  },
  {
    "timeStamp": 47224,
    "rotation": [
      [
        -0.0205590911,
        -0.0691493154,
        0.997394443
      ],
      [
        0.236022636,
        0.9690727,
        0.0720508546
      ],
      [
        -0.9715301,
        0.236888975,
        -0.00360245141
      ]
    ],
    "translation": [
      2.23758554,
      0.844069,
      -0.771778
    ]
  },
  {
    "timeStamp": 47269,
    "rotation": [
      [
        -0.0147399521,
        -0.0635844842,
        0.9978676
      ],
      [
        0.2508062,
        0.965835869,
        0.0652481839
      ],
      [
        -0.9679251,
        0.251233131,
        0.001711008
      ]
    ],
    "translation": [
      2.23796272,
      0.840452254,
      -0.7740317
    ]
  },
  {
    "timeStamp": 47324,
    "rotation": [
      [
        -0.00737908,
        -0.0541538075,
        0.998505354
      ],
      [
        0.25034517,
        0.9666341,
        0.0542753562
      ],
      [
        -0.968128562,
        0.2503715,
        0.006424273
      ]
    ],
    "translation": [
      2.236978,
      0.837058246,
      -0.7746856
    ]
  },
  {
    "timeStamp": 47369,
    "rotation": [
      [
        -0.000158401424,
        -0.05304796,
        0.9985919
      ],
      [
        0.2618593,
        0.963744938,
        0.05123833
      ],
      [
        -0.965106,
        0.261498719,
        0.0137384422
      ]
    ],
    "translation": [
      2.23647451,
      0.8354853,
      -0.7760777
    ]
  }
]