[
  {
    "timeStamp": 28565,
    "rotation": [
      [
        0.9121911,
        -0.307605475,
        -0.270714551
      ],
      [
        0.275888115,
        -0.02743569,
        0.960798144
      ],
      [
        -0.302974,
        -0.95111835,
        0.0598380975
      ]
    ],
    "translation": [
      1.76031256,
      0.6939467,
      -0.49622488
    ]
  },
  {
    "timeStamp": 28610,
    "rotation": [
      [
        0.9002069,
        -0.308698982,
        -0.3071357
      ],
      [
        0.315569073,
        -0.0235650279,
        0.948609948
      ],
      [
        -0.300072581,
        -0.950867832,
        0.07620245
      ]
    ],
    "translation": [
      1.76059365,
      0.69364965,
      -0.496427029
    ]
  },
  {
    "timeStamp": 28667,
    "rotation": [
      [
        0.9030722,
        -0.3105535,
        -0.296676964
      ],
      [
        0.2945411,
        -0.0549200065,
        0.9540594
      ],
      [
        -0.31258,
        -0.948968,
        0.0418740362
      ]
    ],
    "translation": [
      1.76051545,
      0.6958791,
      -0.496452063
    ]
  },
  {
    "timeStamp": 28712,
    "rotation": [
      [
        0.894922137,
        -0.288998842,
        -0.339991122
      ],
      [
        0.3274515,
        -0.092275545,
        0.940351367
      ],
      [
        -0.303133339,
        -0.9528719,
        0.0120536759
      ]
    ],
    "translation": [
      1.76567471,
      0.7023893,
      -0.498984933
    ]
  },
  {
    "timeStamp": 28768,
    "rotation": [
      [
        0.8938241,
        -0.298067659,
        -0.3350138
      ],
      [
        0.3087197,
        -0.132811084,
        0.9418351
      ],
      [
        -0.325224131,
        -0.9452602,
        -0.0266903955
      ]
    ],
    "translation": [
      1.76781547,
      0.724504232,
      -0.497403979
    ]
  },
  {
    "timeStamp": 28813,
    "rotation": [
      [
        0.884693742,
        -0.2899398,
        -0.365037
      ],
      [
        0.322771817,
        -0.184011742,
        0.928416967
      ],
      [
        -0.3363561,
        -0.9391883,
        -0.06920963
      ]
    ],
    "translation": [
      1.77631521,
      0.754387,
      -0.4977446
    ]
  },
  {
    "timeStamp": 28868,
    "rotation": [
      [
        0.8488725,
        -0.332607657,
        -0.41083777
      ],
      [
        0.329641134,
        -0.274486363,
        0.9033238
      ],
      [
        -0.4132218,
        -0.9022358,
        -0.12336275
      ]
    ],
    "translation": [
      1.80227852,
      0.8063046,
      -0.501220942
    ]
  },
  {
    "timeStamp": 28912,
    "rotation": [
      [
        0.7899687,
        -0.3624046,
        -0.494582951
      ],
      [
        0.3704857,
        -0.360599428,
        0.855983853
      ],
      [
        -0.488558859,
        -0.8594364,
        -0.150596529
      ]
    ],
    "translation": [
      1.83588183,
      0.858078,
      -0.511348963
    ]
  },
  {
    "timeStamp": 28968,
    "rotation": [
      [
        0.6769795,
        -0.4563312,
        -0.577460468
      ],
      [
        0.38599956,
        -0.447898179,
        0.806468546
      ],
      [
        -0.6266603,
        -0.7688622,
        -0.127074227
      ]
    ],
    "translation": [
      1.895878,
      0.91803056,
      -0.533903956
    ]
  },
  {
    "timeStamp": 29012,
    "rotation": [
      [
        0.5569072,
        -0.542128861,
        -0.6292461
      ],
      [
        0.4054105,
        -0.4837949,
        0.775619
      ],
      [
        -0.7249115,
        -0.68705076,
        -0.0496441238
      ]
    ],
    "translation": [
      1.95087647,
      0.9520363,
      -0.5611707
    ]
  },
  {
    "timeStamp": 29068,
    "rotation": [
      [
        0.392493039,
        -0.6520786,
        -0.648646832
      ],
      [
        0.376065344,
        -0.5298178,
        0.760176241
      ],
      [
        -0.839359343,
        -0.5422975,
        0.0372743569
      ]
    ],
    "translation": [
      2.02163458,
      0.981055439,
      -0.6003466
    ]
  },
  {
    "timeStamp": 29111,
    "rotation": [
      [
        0.243606746,
        -0.7264697,
        -0.642571032
      ],
      [
        0.353541642,
        -0.55042994,
        0.7563301
      ],
      [
        -0.90314126,
        -0.411422729,
        0.122748844
      ]
    ],
    "translation": [
      2.075729,
      0.992313564,
      -0.635013461
    ]
  },
  {
    "timeStamp": 29175,
    "rotation": [
      [
        0.110251538,
        -0.779175162,
        -0.617033839
      ],
      [
        0.330267817,
        -0.5568203,
        0.7621512
      ],
      [
        -0.93742615,
        -0.287814736,
        0.195946187
      ]
    ],
    "translation": [
      2.13215756,
      0.991127133,
      -0.668072939
    ]
  },
  {
    "timeStamp": 29212,
    "rotation": [
      [
        0.04874208,
        -0.82758224,
        -0.559224367
      ],
      [
        0.3063851,
        -0.520509243,
        0.7969933
      ],
      [
        -0.9506589,
        -0.2101851,
        0.228188187
      ]
    ],
    "translation": [
      2.16863418,
      0.9741036,
      -0.685016334
    ]
  },
  {
    "timeStamp": 29263,
    "rotation": [
      [
        -0.006278822,
        -0.858852148,
        -0.512185
      ],
      [
        0.2568329,
        -0.49639827,
        0.8292319
      ],
      [
        -0.9664354,
        -0.126339361,
        0.2236983
      ]
    ],
    "translation": [
      2.20552278,
      0.9506496,
      -0.6968922
    ]
  },
  {
    "timeStamp": 29308,
    "rotation": [
      [
        -0.02673171,
        -0.8803258,
        -0.4736157
      ],
      [
        0.25868398,
        -0.463738471,
        0.847366035
      ],
      [
        -0.965592,
        -0.09986527,
        0.2401227
      ]
    ],
    "translation": [
      2.22638655,
      0.9248031,
      -0.7024101
    ]
  },
  {
    "timeStamp": 29363,
    "rotation": [
      [
        -0.0687428042,
        -0.9177814,
        -0.391090363
      ],
      [
        0.178618848,
        -0.397005975,
        0.9002675
      ],
      [
        -0.981514037,
        -0.007969209,
        0.191224366
      ]
    ],
    "translation": [
      2.24199557,
      0.8902778,
      -0.704014838
    ]
  },
  {
    "timeStamp": 29418,
    "rotation": [
      [
        -0.05718813,
        -0.936530948,
        -0.345889062
      ],
      [
        0.2226113,
        -0.3496955,
        0.910031438
      ],
      [
        -0.973228455,
        -0.02495584,
        0.2284808
      ]
    ],
    "translation": [
      2.24704075,
      0.8604361,
      -0.704239547
    ]
  },
  {
    "timeStamp": 29463,
    "rotation": [
      [
        -0.07718896,
        -0.9502364,
        -0.3018158
      ],
      [
        0.171477214,
        -0.3108609,
        0.934858859
      ],
      [
        -0.9821596,
        0.0204062611,
        0.186938912
      ]
    ],
    "translation": [
      2.24711251,
      0.842960238,
      -0.7012449
    ]
  },
  {
    "timeStamp": 29518,
    "rotation": [
      [
        -0.07709658,
        -0.950804353,
        -0.300045222
      ],
      [
        0.207851276,
        -0.309656173,
        0.927852869
      ],
      [
        -0.9751174,
        0.009169521,
        0.221499339
      ]
    ],
    "translation": [
      2.247878,
      0.8312529,
      -0.701966465
    ]
  },
  {
    "timeStamp": 29563,
    "rotation": [
      [
        -0.09106928,
        -0.9621287,
        -0.256933451
      ],
      [
        0.190029025,
        -0.2700543,
        0.9439066
      ],
      [
        -0.9775456,
        0.0371360928,
        0.207426026
      ]
    ],
    "translation": [
      2.24583387,
      0.82145834,
      -0.700347543
    ]
  },
  {
    "timeStamp": 29618,
    "rotation": [
      [
        -0.101919562,
        -0.967398763,
        -0.231844783
      ],
      [
        0.204751477,
        -0.24846819,
        0.946752548
      ],
      [
        -0.973493338,
        0.04902204,
        0.223400086
      ]
    ],
    "translation": [
      2.24405026,
      0.8129549,
      -0.701839149
    ]
  },
  {
    "timeStamp": 29664,
    "rotation": [
      [
        -0.07997263,
        -0.9730874,
        -0.216114119
      ],
      [
        0.208172619,
        -0.228332147,
        0.9510671
      ],
      [
        -0.974817157,
        0.0310703032,
        0.220830485
      ]
    ],
    "translation": [
      2.241699,
      0.80589515,
      -0.6992428
    ]
  },
  {
    "timeStamp": 29710,
    "rotation": [
      [
        -0.08100196,
        -0.9767757,
        -0.1983633
      ],
      [
        0.204239309,
        -0.211060479,
        0.9558974
      ],
      [
        -0.975564,
        0.036916,
        0.216592312
      ]
    ],
    "translation": [
      2.23981357,
      0.8024819,
      -0.698371649
    ]
  },
  {
    "timeStamp": 29766,
    "rotation": [
      [
        -0.07185316,
        -0.9801735,
        -0.184653744
      ],
      [
        0.21144177,
        -0.195893392,
        0.957558453
      ],
      [
        -0.97474587,
        0.0297601,
        0.221325174
      ]
    ],
    "translation": [
      2.2381556,
      0.7984603,
      -0.6968895
    ]
  },
  {
    "timeStamp": 29812,
    "rotation": [
      [
        -0.07002593,
        -0.981848,
        -0.176269531
      ],
      [
        0.2169356,
        -0.187463164,
        0.958017
      ],
      [
        -0.9736711,
        0.02884691,
        0.226125062
      ]
    ],
    "translation": [
      2.23626947,
      0.794871449,
      -0.69754976
    ]
  }
]