[
  {
    "timeStamp": 31308,
    "rotation": [
      [
        0.999995649,
        0.00294428784,
        1.97993381E-06
      ],
      [
        -0.00294428784,
        0.999994755,
        0.00132447842
      ],
      [
        1.919722E-06,
        -0.00132447854,
        0.9999991
      ]
    ],
    "translation": [
      1.77045763,
      0.851835132,
      -0.750205755
    ]
  },
  {
    "timeStamp": 31353,
    "rotation": [
      [
        0.996067762,
        0.083420895,
        0.02983048
      ],
      [
        -0.08364622,
        0.996475041,
        0.006385108
      ],
      [
        -0.0291926768,
        -0.008855207,
        0.999534547
      ]
    ],
    "translation": [
      1.78176475,
      0.852000535,
      -0.751033545
    ]
  },
  {
    "timeStamp": 31408,
    "rotation": [
      [
        0.998494565,
        0.0517697223,
        0.0181265287
      ],
      [
        -0.05210825,
        0.9984658,
        0.0187298469
      ],
      [
        -0.0171290785,
        -0.019646192,
        0.999660254
      ]
    ],
    "translation": [
      1.78234649,
      0.8516345,
      -0.747890532
    ]
  },
  {
    "timeStamp": 31453,
    "rotation": [
      [
        0.9988075,
        0.0428208038,
        0.0234517884
      ],
      [
        -0.0438658781,
        0.9979766,
        0.04602648
      ],
      [
        -0.0214334447,
        -0.0470003225,
        0.9986649
      ]
    ],
    "translation": [
      1.78554678,
      0.858951569,
      -0.7471899
    ]
  },
  {
    "timeStamp": 31498,
    "rotation": [
      [
        0.9987283,
        0.0437550247,
        0.0250475872
      ],
      [
        -0.04563878,
        0.99572,
        0.080366455
      ],
      [
        -0.0214239489,
        -0.08140739,
        0.9964506
      ]
    ],
    "translation": [
      1.7913878,
      0.8746476,
      -0.744174659
    ]
  },
  {
    "timeStamp": 31553,
    "rotation": [
      [
        0.9996489,
        0.0183376968,
        0.0191255379
      ],
      [
        -0.0210020058,
        0.988465965,
        0.14997977
      ],
      [
        -0.01615466,
        -0.150328785,
        0.9885041
      ]
    ],
    "translation": [
      1.8027333,
      0.9092844,
      -0.7396736
    ]
  },
  {
    "timeStamp": 31609,
    "rotation": [
      [
        0.9973759,
        -0.04733328,
        0.05478056
      ],
      [
        0.03303876,
        0.9708627,
        0.237347886
      ],
      [
        -0.06441886,
        -0.234915182,
        0.9698789
      ]
    ],
    "translation": [
      1.82527745,
      0.956837952,
      -0.736762345
    ]
  },
  {
    "timeStamp": 31654,
    "rotation": [
      [
        0.9884158,
        -0.125782,
        0.0849299654
      ],
      [
        0.09502146,
        0.9492153,
        0.299935341
      ],
      [
        -0.118343294,
        -0.288390666,
        0.950171351
      ]
    ],
    "translation": [
      1.8498956,
      0.997648835,
      -0.7361243
    ]
  },
  {
    "timeStamp": 31699,
    "rotation": [
      [
        0.9673728,
        -0.214657426,
        0.134580687
      ],
      [
        0.152750462,
        0.91793716,
        0.366140127
      ],
      [
        -0.202131331,
        -0.333636731,
        0.9207765
      ]
    ],
    "translation": [
      1.88016284,
      1.03527188,
      -0.7374776
    ]
  },
  {
    "timeStamp": 31755,
    "rotation": [
      [
        0.9288524,
        -0.291647881,
        0.228417784
      ],
      [
        0.173620731,
        0.887409031,
        0.427037448
      ],
      [
        -0.32724458,
        -0.3569967,
        0.874908149
      ]
    ],
    "translation": [
      1.92725253,
      1.068736,
      -0.741080463
    ]
  },
  {
    "timeStamp": 31800,
    "rotation": [
      [
        0.8919927,
        -0.3297529,
        0.309212148
      ],
      [
        0.178055331,
        0.8850161,
        0.430166036
      ],
      [
        -0.4155062,
        -0.3286481,
        0.8481421
      ]
    ],
    "translation": [
      1.967832,
      1.08140278,
      -0.743134
    ]
  },
  {
    "timeStamp": 31856,
    "rotation": [
      [
        0.8432695,
        -0.363780916,
        0.395676583
      ],
      [
        0.191315442,
        0.891091466,
        0.411526948
      ],
      [
        -0.502289653,
        -0.271329075,
        0.8210271
      ]
    ],
    "translation": [
      2.01660156,
      1.08489084,
      -0.7446438
    ]
  },
  {
    "timeStamp": 31900,
    "rotation": [
      [
        0.8071177,
        -0.3295725,
        0.489839852
      ],
      [
        0.138170317,
        0.912090838,
        0.386004359
      ],
      [
        -0.5739948,
        -0.243869618,
        0.781701744
      ]
    ],
    "translation": [
      2.05684543,
      1.07416034,
      -0.749123633
    ]
  },
  {
    "timeStamp": 31956,
    "rotation": [
      [
        0.774938464,
        -0.2640983,
        0.5742147
      ],
      [
        0.1225087,
        0.9540492,
        0.273462325
      ],
      [
        -0.62005,
        -0.141570181,
        0.7716838
      ]
    ],
    "translation": [
      2.10127926,
      1.05266,
      -0.746375442
    ]
  },
  {
    "timeStamp": 32001,
    "rotation": [
      [
        0.7350993,
        -0.1799215,
        0.6536492
      ],
      [
        0.04707186,
        0.9753604,
        0.215537339
      ],
      [
        -0.676323354,
        -0.127672866,
        0.725456
      ]
    ],
    "translation": [
      2.13211751,
      1.03299022,
      -0.7523638
    ]
  },
  {
    "timeStamp": 32050,
    "rotation": [
      [
        0.6994639,
        -0.1281575,
        0.703083158
      ],
      [
        0.0114370808,
        0.985671341,
        0.168289259
      ],
      [
        -0.7145764,
        -0.109671049,
        0.69090724
      ]
    ],
    "translation": [
      2.16088462,
      1.01343858,
      -0.757997632
    ]
  },
  {
    "timeStamp": 32106,
    "rotation": [
      [
        0.648244143,
        -0.08769825,
        0.756365359
      ],
      [
        -0.04021489,
        0.9880156,
        0.1490236
      ],
      [
        -0.760369837,
        -0.127020821,
        0.6369485
      ]
    ],
    "translation": [
      2.18190813,
      0.9983494,
      -0.764901757
    ]
  },
  {
    "timeStamp": 32150,
    "rotation": [
      [
        0.634139836,
        -0.06722118,
        0.7702908
      ],
      [
        -0.04905586,
        0.9907092,
        0.1268416
      ],
      [
        -0.7716606,
        -0.118222594,
        0.6249506
      ]
    ],
    "translation": [
      2.19534922,
      0.9903097,
      -0.7652055
    ]
  },
  {
    "timeStamp": 32206,
    "rotation": [
      [
        0.6134679,
        -0.0532205775,
        0.787924349
      ],
      [
        -0.0752847642,
        0.9892413,
        0.125434354
      ],
      [
        -0.786123,
        -0.136268646,
        0.602861047
      ]
    ],
    "translation": [
      2.20780325,
      0.9818015,
      -0.765957952
    ]
  },
  {
    "timeStamp": 32250,
    "rotation": [
      [
        0.6083401,
        -0.0435910076,
        0.7924785
      ],
      [
        -0.07964027,
        0.9900984,
        0.115596518
      ],
      [
        -0.7896707,
        -0.1334352,
        0.598844945
      ]
    ],
    "translation": [
      2.21581483,
      0.976808846,
      -0.763814747
    ]
  },
  {
    "timeStamp": 32306,
    "rotation": [
      [
        0.5899026,
        -0.0304320343,
        0.8069008
      ],
      [
        -0.09828855,
        0.9891527,
        0.109161623
      ],
      [
        -0.8014701,
        -0.143703833,
        0.580512643
      ]
    ],
    "translation": [
      2.22436976,
      0.9705365,
      -0.76314044
    ]
  },
  {
    "timeStamp": 32350,
    "rotation": [
      [
        0.582740366,
        -0.008776827,
        0.812611
      ],
      [
        -0.104662344,
        0.9908035,
        0.085757
      ],
      [
        -0.8058905,
        -0.135023832,
        0.576462567
      ]
    ],
    "translation": [
      2.23062086,
      0.9652221,
      -0.760408938
    ]
  },
  {
    "timeStamp": 32406,
    "rotation": [
      [
        0.582262635,
        0.0288507361,
        0.8124887
      ],
      [
        -0.111042917,
        0.9928267,
        0.0443235263
      ],
      [
        -0.805381656,
        -0.116029039,
        0.5812896
      ]
    ],
    "translation": [
      2.23531485,
      0.9566625,
      -0.7572306
    ]
  }
]