[
  {
    "id": "003 cracker box(Clone)-82250",
    "pickRotation": [
      [
        -0.9866718,
        0.0107044438,
        0.162370428
      ],
      [
        -0.161186278,
        0.07251202,
        -0.984256566
      ],
      [
        -0.022309728,
        -0.9973101,
        -0.06982015
      ]
    ],
    "pickTranslation": [
      0.0152732525,
      -0.0182455741,
      0.182496741
    ],
    "placeRotation": [
      [
        -0.0249522738,
        -0.999476731,
        0.0205848236
      ],
      [
        -0.004465458,
        0.0207024626,
        0.9997757
      ],
      [
        -0.999678731,
        0.0248547569,
        -0.00497969473
      ]
    ],
    "placeTranslation": [
      -0.764701068,
      0.0157174636,
      -0.3352982
    ]
  },
  {
    "id": "003 cracker box(Clone)-82262",
    "pickRotation": [
      [
        -0.933518,
        0.0295299,
        0.357312351
      ],
      [
        -0.3558197,
        0.04601412,
        -0.933421135
      ],
      [
        -0.044005245,
        -0.9985042,
        -0.03244769
      ]
    ],
    "pickTranslation": [
      0.0134713538,
      -0.0081115365,
      0.185371667
    ],
    "placeRotation": [
      [
        -0.0027819355,
        -0.9999586,
        0.008667868
      ],
      [
        -0.0424976237,
        0.008778292,
        0.999058
      ],
      [
        -0.9990927,
        0.00241095317,
        -0.0425202847
      ]
    ],
    "placeTranslation": [
      -0.356288522,
      0.0273607727,
      -0.4025887
    ]
  },
  {
    "id": "025 mug(Clone)-82310",
    "pickRotation": [
      [
        -0.6603122,
        -0.3108935,
        0.683617651
      ],
      [
        -0.363319546,
        -0.6644252,
        -0.653098762
      ],
      [
        0.657256961,
        -0.679620743,
        0.325774372
      ]
    ],
    "pickTranslation": [
      0.04638348,
      0.0429164059,
      0.0575594567
    ],
    "placeRotation": [
      [
        0.319565833,
        -0.935260952,
        0.15219976
      ],
      [
        0.05084845,
        0.177316666,
        0.9828394
      ],
      [
        -0.9461988,
        -0.306342781,
        0.104220912
      ]
    ],
    "placeTranslation": [
      0.159765318,
      0.0148831448,
      -0.331301421
    ]
  },
  {
    "id": "002 masterchef can(Clone)-82186",
    "pickRotation": [
      [
        -0.498202145,
        0.02990205,
        -0.866545141
      ],
      [
        0.867017865,
        0.0271395072,
        -0.4975374
      ],
      [
        0.008640221,
        -0.99918437,
        -0.03944657
      ]
    ],
    "pickTranslation": [
      -0.00303588761,
      -0.01835186,
      0.0906257853
    ],
    "placeRotation": [
      [
        -0.8277694,
        -0.5601915,
        0.03135588
      ],
      [
        0.061302945,
        -0.0347502,
        0.997514069
      ],
      [
        -0.557709336,
        0.8276338,
        0.0631065443
      ]
    ],
    "placeTranslation": [
      0.441880554,
      0.213932052,
      -0.5680594
    ]
  },
  {
    "id": "008 pudding box(Clone)-82234",
    "pickRotation": [
      [
        0.507909834,
        -0.5541799,
        0.6594788
      ],
      [
        -0.176109627,
        -0.8162138,
        -0.550254941
      ],
      [
        0.843215942,
        0.163339332,
        -0.5121594
      ]
    ],
    "pickTranslation": [
      0.0118642505,
      0.0296120979,
      0.00117680989
    ],
    "placeRotation": [
      [
        0.914164245,
        -0.404058427,
        -0.032257013
      ],
      [
        0.404425949,
        0.914554,
        0.005533492
      ],
      [
        0.0272649284,
        -0.018104095,
        0.9994643
      ]
    ],
    "placeTranslation": [
      0.110425182,
      0.2588188,
      0.282440335
    ]
  },
  {
    "id": "101 bread(Clone)-82222",
    "pickRotation": [
      [
        -0.7157402,
        0.675889,
        0.17575568
      ],
      [
        -0.68860203,
        -0.7249555,
        -0.0163335018
      ],
      [
        0.116375417,
        -0.132716268,
        0.984298348
      ]
    ],
    "pickTranslation": [
      -0.0126245162,
      0.0349209867,
      -0.00108708057
    ],
    "placeRotation": [
      [
        0.167347729,
        0.336385429,
        0.926736
      ],
      [
        -0.419412076,
        0.8749831,
        -0.241863832
      ],
      [
        -0.8922378,
        -0.3482089,
        0.287510544
      ]
    ],
    "placeTranslation": [
      0.669831753,
      0.230418429,
      0.189220831
    ]
  },
  {
    "id": "016 pear(Clone)-82286",
    "pickRotation": [
      [
        -0.866035044,
        0.168262735,
        0.470819354
      ],
      [
        -0.428930432,
        0.233828053,
        -0.8725498
      ],
      [
        -0.2569084,
        -0.9576075,
        -0.130330279
      ]
    ],
    "pickTranslation": [
      0.034452118,
      0.00379818259,
      0.02926578
    ],
    "placeRotation": [
      [
        0.2864037,
        -0.9458288,
        0.152908191
      ],
      [
        -0.353807479,
        0.043906875,
        0.934287131
      ],
      [
        -0.8903894,
        -0.321683347,
        -0.322066218
      ]
    ],
    "placeTranslation": [
      0.08422156,
      0.3424595,
      0.4073152
    ]
  },
  {
    "id": "016 pear(Clone)-82274",
    "pickRotation": [
      [
        -0.9603279,
        -0.269672662,
        -0.071041964
      ],
      [
        0.0231694,
        0.176711813,
        -0.9839899
      ],
      [
        0.27790913,
        -0.946598947,
        -0.163453147
      ]
    ],
    "pickTranslation": [
      0.03419353,
      0.00118850567,
      0.03323652
    ],
    "placeRotation": [
      [
        -0.07082438,
        -0.981828451,
        -0.176059
      ],
      [
        0.2148214,
        -0.187373891,
        0.9585107
      ],
      [
        -0.974081933,
        0.0300646666,
        0.2241884
      ]
    ],
    "placeTranslation": [
      0.16339983,
      0.4370283,
      0.4744719
    ]
  },
  {
    "id": "057 racquetball(Clone)-82150",
    "pickRotation": [
      [
        -0.8737203,
        0.06808777,
        0.4816398
      ],
      [
        -0.134277657,
        -0.985441744,
        -0.104278289
      ],
      [
        0.467527926,
        -0.155783519,
        0.8701431
      ]
    ],
    "pickTranslation": [
      0.0190394614,
      -0.119962469,
      0.02040016
    ],
    "placeRotation": [
      [
        0.577341139,
        0.03837789,
        0.815600634
      ],
      [
        -0.117111467,
        0.9924588,
        0.0362000652
      ],
      [
        -0.8080607,
        -0.11641597,
        0.5774818
      ]
    ],
    "placeTranslation": [
      0.508158565,
      1.41215014,
      0.473120868
    ]
  },
  {
    "id": "057 racquetball(Clone)-82162",
    "pickRotation": [
      [
        -0.9514681,
        -0.0989796147,
        0.291395783
      ],
      [
        -0.294694,
        0.0201936215,
        -0.9553783
      ],
      [
        0.08867864,
        -0.994884551,
        -0.048382286
      ]
    ],
    "pickTranslation": [
      0.01503564,
      -0.148399934,
      0.0166117419
    ],
    "placeRotation": [
      [
        0.5730823,
        -0.818141341,
        -0.0471312255
      ],
      [
        0.149783239,
        0.04802789,
        0.9875517
      ],
      [
        -0.805693269,
        -0.5730079,
        0.150067791
      ]
    ],
    "placeTranslation": [
      0.7653403,
      0.5779339,
      -0.524014652
    ]
  },
  {
    "id": "057 racquetball(Clone)-82174",
    "pickRotation": [
      [
        -0.8232844,
        0.41647476,
        -0.385683328
      ],
      [
        -0.270000279,
        -0.8849998,
        -0.3793088
      ],
      [
        -0.4993022,
        -0.2081444,
        0.8410548
      ]
    ],
    "pickTranslation": [
      0.0108780209,
      -0.134902284,
      0.0373910256
    ],
    "placeRotation": [
      [
        -0.4014827,
        -0.297310561,
        0.8662667
      ],
      [
        -0.239820451,
        0.946968853,
        0.213860288
      ],
      [
        -0.883910537,
        -0.121887274,
        -0.451492727
      ]
    ],
    "placeTranslation": [
      0.7145245,
      1.38806188,
      0.179648533
    ]
  },
  {
    "id": "016 pear(Clone)-82198",
    "pickRotation": [
      [
        -0.957238436,
        0.01755287,
        -0.288767219
      ],
      [
        0.287603348,
        -0.05021164,
        -0.956432462
      ],
      [
        -0.031287618,
        -0.99858433,
        0.0430162475
      ]
    ],
    "pickTranslation": [
      0.03566921,
      0.012601763,
      0.02980826
    ],
    "placeRotation": [
      [
        0.07176022,
        -0.994785547,
        0.0724714547
      ],
      [
        0.136985049,
        0.0817997,
        0.9871899
      ],
      [
        -0.987970352,
        -0.06091345,
        0.142140716
      ]
    ],
    "placeTranslation": [
      -0.050932698,
      0.477477133,
      0.6457547
    ]
  },
  {
    "id": "012 strawberry(Clone)-82210",
    "pickRotation": [
      [
        -0.9890922,
        -0.0728955,
        -0.127995923
      ],
      [
        0.06261779,
        -0.9946163,
        0.08256735
      ],
      [
        -0.133325621,
        0.0736518949,
        0.988331735
      ]
    ],
    "pickTranslation": [
      0.013012222,
      0.0228444561,
      0.023537524
    ],
    "placeRotation": [
      [
        -0.3183776,
        0.237950534,
        0.917613864
      ],
      [
        0.3357988,
        0.933526635,
        -0.125567362
      ],
      [
        -0.886495769,
        0.268155783,
        -0.377117485
      ]
    ],
    "placeTranslation": [
      0.7245293,
      0.672448039,
      0.15102993
    ]
  },
  {
    "id": "012 strawberry(Clone)-82298",
    "pickRotation": [
      [
        -0.94807893,
        -0.150312826,
        -0.280272126
      ],
      [
        0.160601884,
        -0.986920357,
        -0.0139737725
      ],
      [
        -0.274505824,
        -0.0582604669,
        0.9598189
      ]
    ],
    "pickTranslation": [
      -0.00288481731,
      0.008005834,
      0.0383489951
    ],
    "placeRotation": [
      [
        0.000222151255,
        -0.0553820953,
        0.9984652
      ],
      [
        0.262848824,
        0.9633594,
        0.0533763953
      ],
      [
        -0.964837,
        0.262433559,
        0.01477113
      ]
    ],
    "placeTranslation": [
      0.6231915,
      0.6928619,
      0.477866352
    ]
  }
]