[
  {
    "timeStamp": 124780,
    "rotation": [
      [
        -0.2890784,
        -0.656499,
        -0.6967371
      ],
      [
        -0.171251461,
        0.751534164,
        -0.6370787
      ],
      [
        0.941863358,
        -0.06484844,
        -0.329678744
      ]
    ],
    "translation": [
      1.48478019,
      0.9226233,
      -0.413443178
    ]
  },
  {
    "timeStamp": 124824,
    "rotation": [
      [
        -0.282727152,
        -0.6635052,
        -0.6926949
      ],
      [
        -0.181943342,
        0.7461445,
        -0.6404413
      ],
      [
        0.9417865,
        -0.0550389253,
        -0.331675678
      ]
    ],
    "translation": [
      1.48418093,
      0.9232076,
      -0.412852883
    ]
  },
  {
    "timeStamp": 124880,
    "rotation": [
      [
        -0.3313071,
        -0.6697306,
        -0.6646025
      ],
      [
        -0.11143291,
        0.727228343,
        -0.6772899
      ],
      [
        0.93691957,
        -0.150332361,
        -0.315565944
      ]
    ],
    "translation": [
      1.4828558,
      0.9235511,
      -0.4183237
    ]
  },
  {
    "timeStamp": 124924,
    "rotation": [
      [
        -0.335036933,
        -0.6281037,
        -0.702307642
      ],
      [
        -0.0533625558,
        0.7568403,
        -0.651417851
      ],
      [
        0.940692663,
        -0.180772111,
        -0.2870867
      ]
    ],
    "translation": [
      1.48697662,
      0.9229291,
      -0.421414137
    ]
  },
  {
    "timeStamp": 124980,
    "rotation": [
      [
        -0.315490454,
        -0.5878322,
        -0.7449289
      ],
      [
        -0.0318188332,
        0.7911327,
        -0.61081636
      ],
      [
        0.948395133,
        -0.169003963,
        -0.268298954
      ]
    ],
    "translation": [
      1.49271941,
      0.922025263,
      -0.423905343
    ]
  },
  {
    "timeStamp": 125024,
    "rotation": [
      [
        -0.29744485,
        -0.6149924,
        -0.730281353
      ],
      [
        -0.132832482,
        0.784119248,
        -0.606228054
      ],
      [
        0.945453346,
        -0.0833143145,
        -0.3149232
      ]
    ],
    "translation": [
      1.50166166,
      0.932777047,
      -0.430298835
    ]
  },
  {
    "timeStamp": 125080,
    "rotation": [
      [
        -0.296065241,
        -0.5309566,
        -0.793996453
      ],
      [
        -0.08602128,
        0.8427076,
        -0.531454861
      ],
      [
        0.9512864,
        -0.08904471,
        -0.295169979
      ]
    ],
    "translation": [
      1.51567459,
      0.953171134,
      -0.4446727
    ]
  },
  {
    "timeStamp": 125125,
    "rotation": [
      [
        -0.316534579,
        -0.486681759,
        -0.8142154
      ],
      [
        -0.0129840309,
        0.8604935,
        -0.50929594
      ],
      [
        0.9484921,
        -0.150637984,
        -0.278695077
      ]
    ],
    "translation": [
      1.53545308,
      0.975682855,
      -0.466585338
    ]
  },
  {
    "timeStamp": 125180,
    "rotation": [
      [
        -0.3198004,
        -0.389052838,
        -0.863924563
      ],
      [
        0.0236520283,
        0.90824604,
        -0.417767555
      ],
      [
        0.9471897,
        -0.1540358,
        -0.281255573
      ]
    ],
    "translation": [
      1.57207382,
      1.00360417,
      -0.5065668
    ]
  },
  {
    "timeStamp": 125225,
    "rotation": [
      [
        -0.339381337,
        -0.359613478,
        -0.86919415
      ],
      [
        0.06538564,
        0.912782848,
        -0.403177679
      ],
      [
        0.938373566,
        -0.193663791,
        -0.2862679
      ]
    ],
    "translation": [
      1.60906768,
      1.02397573,
      -0.5453103
    ]
  },
  {
    "timeStamp": 125280,
    "rotation": [
      [
        -0.353594571,
        -0.319423854,
        -0.8791697
      ],
      [
        0.0794237852,
        0.9262408,
        -0.368469536
      ],
      [
        0.9320208,
        -0.200115815,
        -0.302143872
      ]
    ],
    "translation": [
      1.65973568,
      1.044731,
      -0.594616652
    ]
  },
  {
    "timeStamp": 125324,
    "rotation": [
      [
        -0.357555,
        -0.320780545,
        -0.8770714
      ],
      [
        0.08278865,
        0.9245721,
        -0.371903837
      ],
      [
        0.9302153,
        -0.20558764,
        -0.304028362
      ]
    ],
    "translation": [
      1.70348871,
      1.05634177,
      -0.631782234
    ]
  },
  {
    "timeStamp": 125380,
    "rotation": [
      [
        -0.351680458,
        -0.3371571,
        -0.873295963
      ],
      [
        0.06614191,
        0.921608,
        -0.382444769
      ],
      [
        0.933780551,
        -0.192259818,
        -0.301811278
      ]
    ],
    "translation": [
      1.761292,
      1.06857789,
      -0.6711347
    ]
  },
  {
    "timeStamp": 125424,
    "rotation": [
      [
        -0.307591945,
        -0.348098546,
        -0.885558963
      ],
      [
        0.0394071043,
        0.925221,
        -0.377376765
      ],
      [
        0.950702,
        -0.150975361,
        -0.270872951
      ]
    ],
    "translation": [
      1.81013489,
      1.07930672,
      -0.696585357
    ]
  },
  {
    "timeStamp": 125480,
    "rotation": [
      [
        -0.2680584,
        -0.352978915,
        -0.8964098
      ],
      [
        0.0185081344,
        0.928403735,
        -0.371111751
      ],
      [
        0.9632249,
        -0.116070494,
        -0.242333442
      ]
    ],
    "translation": [
      1.86874151,
      1.09644639,
      -0.7236529
    ]
  },
  {
    "timeStamp": 125524,
    "rotation": [
      [
        -0.220524564,
        -0.3618288,
        -0.905786335
      ],
      [
        0.02098478,
        0.926673353,
        -0.3752814
      ],
      [
        0.9751557,
        -0.1017665,
        -0.19676134
      ]
    ],
    "translation": [
      1.91594136,
      1.11295319,
      -0.738108456
    ]
  },
  {
    "timeStamp": 125580,
    "rotation": [
      [
        -0.149221152,
        -0.379132032,
        -0.9132316
      ],
      [
        0.04159955,
        0.9203473,
        -0.388883471
      ],
      [
        0.9879284,
        -0.09601966,
        -0.121563554
      ]
    ],
    "translation": [
      1.97490788,
      1.13328052,
      -0.7463493
    ]
  },
  {
    "timeStamp": 125624,
    "rotation": [
      [
        -0.09961165,
        -0.435946852,
        -0.894442737
      ],
      [
        0.08937148,
        0.891360462,
        -0.444397628
      ],
      [
        0.991004646,
        -0.124204852,
        -0.04982867
      ]
    ],
    "translation": [
      2.02169156,
      1.146776,
      -0.7466265
    ]
  },
  {
    "timeStamp": 125680,
    "rotation": [
      [
        -0.006158374,
        -0.4784771,
        -0.8780784
      ],
      [
        0.142062157,
        0.868770242,
        -0.4744013
      ],
      [
        0.989838541,
        -0.127663255,
        0.06262328
      ]
    ],
    "translation": [
      2.083551,
      1.160752,
      -0.740297735
    ]
  },
  {
    "timeStamp": 125724,
    "rotation": [
      [
        0.0424411967,
        -0.489073753,
        -0.871209264
      ],
      [
        0.156241268,
        0.8645154,
        -0.477704674
      ],
      [
        0.986806631,
        -0.115844481,
        0.113104574
      ]
    ],
    "translation": [
      2.12830973,
      1.16523063,
      -0.735870242
    ]
  },
  {
    "timeStamp": 125777,
    "rotation": [
      [
        0.108903639,
        -0.546148658,
        -0.8305791
      ],
      [
        0.207242489,
        0.8296626,
        -0.5183729
      ],
      [
        0.9722091,
        -0.115678586,
        0.203538492
      ]
    ],
    "translation": [
      2.17966342,
      1.1682601,
      -0.73152
    ]
  },
  {
    "timeStamp": 125830,
    "rotation": [
      [
        0.116926089,
        -0.562752843,
        -0.8183138
      ],
      [
        0.228132039,
        0.817151845,
        -0.5293568
      ],
      [
        0.966583669,
        -0.124787994,
        0.223928332
      ]
    ],
    "translation": [
      2.21846485,
      1.16567492,
      -0.7270852
    ]
  },
  {
    "timeStamp": 125874,
    "rotation": [
      [
        0.139839724,
        -0.588172138,
        -0.796554
      ],
      [
        0.242555737,
        0.8002968,
        -0.5483537
      ],
      [
        0.960006058,
        -0.116527133,
        0.254577816
      ]
    ],
    "translation": [
      2.24315882,
      1.16094124,
      -0.7225388
    ]
  },
  {
    "timeStamp": 125930,
    "rotation": [
      [
        0.101828426,
        -0.6307192,
        -0.7693012
      ],
      [
        0.263299316,
        0.7628301,
        -0.5905622
      ],
      [
        0.959325,
        -0.142420456,
        0.243745714
      ]
    ],
    "translation": [
      2.25854015,
      1.15413761,
      -0.715635836
    ]
  },
  {
    "timeStamp": 125974,
    "rotation": [
      [
        0.103568666,
        -0.6255824,
        -0.773252964
      ],
      [
        0.246479273,
        0.7693269,
        -0.58939296
      ],
      [
        0.9635982,
        -0.129548192,
        0.233871266
      ]
    ],
    "translation": [
      2.2667737,
      1.14681506,
      -0.708698034
    ]
  },
  {
    "timeStamp": 126030,
    "rotation": [
      [
        0.050852254,
        -0.6554624,
        -0.7535139
      ],
      [
        0.2674409,
        0.735872,
        -0.6220674
      ],
      [
        0.9622315,
        -0.1698869,
        0.212718189
      ]
    ],
    "translation": [
      2.266814,
      1.139454,
      -0.700931847
    ]
  },
  {
    "timeStamp": 126074,
    "rotation": [
      [
        0.04280826,
        -0.6426828,
        -0.7649355
      ],
      [
        0.246338725,
        0.7487891,
        -0.615331
      ],
      [
        0.968237936,
        -0.16209197,
        0.190372
      ]
    ],
    "translation": [
      2.26608825,
      1.12723565,
      -0.6930971
    ]
  },
  {
    "timeStamp": 126130,
    "rotation": [
      [
        -0.0133257248,
        -0.6739392,
        -0.7386666
      ],
      [
        0.234139,
        0.716091,
        -0.6575658
      ],
      [
        0.9721118,
        -0.181713179,
        0.148253024
      ]
    ],
    "translation": [
      2.260985,
      1.11127973,
      -0.6853458
    ]
  },
  {
    "timeStamp": 126175,
    "rotation": [
      [
        -0.0265463348,
        -0.668251455,
        -0.7434616
      ],
      [
        0.212364733,
        0.7229777,
        -0.657422543
      ],
      [
        0.9768298,
        -0.17533721,
        0.122720644
      ]
    ],
    "translation": [
      2.25692749,
      1.09771216,
      -0.6783706
    ]
  },
  {
    "timeStamp": 126221,
    "rotation": [
      [
        -0.04572732,
        -0.6831367,
        -0.7288576
      ],
      [
        0.202121466,
        0.7082027,
        -0.6764583
      ],
      [
        0.978292346,
        -0.178250372,
        0.105692379
      ]
    ],
    "translation": [
      2.25469685,
      1.0865711,
      -0.673327565
    ]
  },
  {
    "timeStamp": 126281,
    "rotation": [
      [
        -0.0522538051,
        -0.683921337,
        -0.727682054
      ],
      [
        0.193332225,
        0.7079637,
        -0.6792717
      ],
      [
        0.979740858,
        -0.176178917,
        0.09523024
      ]
    ],
    "translation": [
      2.251845,
      1.07999384,
      -0.669582069
    ]
  },
  {
    "timeStamp": 126323,
    "rotation": [
      [
        -0.0520515852,
        -0.672742665,
        -0.7380433
      ],
      [
        0.189881757,
        0.7188956,
        -0.6686808
      ],
      [
        0.9804262,
        -0.174946859,
        0.0903219
      ]
    ],
    "translation": [
      2.24993849,
      1.0793016,
      -0.668729544
    ]
  },
  {
    "timeStamp": 126379,
    "rotation": [
      [
        -0.06575365,
        -0.665514,
        -0.7434834
      ],
      [
        0.188144967,
        0.7234621,
        -0.6642319
      ],
      [
        0.979937732,
        -0.183558345,
        0.0776428357
      ]
    ],
    "translation": [
      2.24655533,
      1.079661,
      -0.670121
    ]
  },
  {
    "timeStamp": 126424,
    "rotation": [
      [
        -0.0818583444,
        -0.6582864,
        -0.7483036
      ],
      [
        0.18761006,
        0.7272229,
        -0.6602646
      ],
      [
        0.9788267,
        -0.194437444,
        0.06397189
      ]
    ],
    "translation": [
      2.24342132,
      1.07934868,
      -0.6728293
    ]
  },
  {
    "timeStamp": 126479,
    "rotation": [
      [
        -0.09267529,
        -0.6496646,
        -0.754551053
      ],
      [
        0.1809156,
        0.734211266,
        -0.6543725
      ],
      [
        0.9791225,
        -0.197154209,
        0.049491208
      ]
    ],
    "translation": [
      2.240832,
      1.07799077,
      -0.6773659
    ]
  },
  {
    "timeStamp": 126523,
    "rotation": [
      [
        -0.100867279,
        -0.640818954,
        -0.7610367
      ],
      [
        0.173205763,
        0.741946,
        -0.6477005
      ],
      [
        0.9797069,
        -0.197147742,
        0.03615547
      ]
    ],
    "translation": [
      2.23901772,
      1.07713592,
      -0.681995332
    ]
  },
  {
    "timeStamp": 126581,
    "rotation": [
      [
        -0.103570536,
        -0.624321342,
        -0.77427125
      ],
      [
        0.164294869,
        0.7570253,
        -0.6323922
      ],
      [
        0.9809589,
        -0.192705989,
        0.0241672788
      ]
    ],
    "translation": [
      2.23591757,
      1.07600176,
      -0.6876118
    ]
  },
  {
    "timeStamp": 126623,
    "rotation": [
      [
        -0.113671429,
        -0.6196068,
        -0.776637733
      ],
      [
        0.158261552,
        0.7604305,
        -0.629840255
      ],
      [
        0.980832338,
        -0.19450675,
        0.0116207125
      ]
    ],
    "translation": [
      2.23290634,
      1.07364523,
      -0.6896947
    ]
  },
  {
    "timeStamp": 126679,
    "rotation": [
      [
        -0.0936078951,
        -0.6003108,
        -0.79426986
      ],
      [
        0.148072556,
        0.780506,
        -0.607359
      ],
      [
        0.9845365,
        -0.174463153,
        0.0158280246
      ]
    ],
    "translation": [
      2.23181868,
      1.07106817,
      -0.6885836
    ]
  },
  {
    "timeStamp": 126724,
    "rotation": [
      [
        -0.06547775,
        -0.5592467,
        -0.8264114
      ],
      [
        0.119215995,
        0.817872465,
        -0.562913954
      ],
      [
        0.990707,
        -0.1353798,
        0.0131187029
      ]
    ],
    "translation": [
      2.230497,
      1.06858647,
      -0.687172651
    ]
  },
  {
    "timeStamp": 126779,
    "rotation": [
      [
        -0.0346493125,
        -0.5090758,
        -0.860024
      ],
      [
        0.09916833,
        0.8545424,
        -0.5098264
      ],
      [
        0.994467258,
        -0.102952272,
        0.02087489
      ]
    ],
    "translation": [
      2.22688985,
      1.06808293,
      -0.685638845
    ]
  },
  {
    "timeStamp": 126824,
    "rotation": [
      [
        -0.02469647,
        -0.492633164,
        -0.8698866
      ],
      [
        0.09680475,
        0.864884257,
        -0.492548585
      ],
      [
        0.994996965,
        -0.0963733643,
        0.0263296459
      ]
    ],
    "translation": [
      2.22322583,
      1.06859148,
      -0.683683336
    ]
  },
  {
    "timeStamp": 126879,
    "rotation": [
      [
        -0.008410778,
        -0.4771521,
        -0.878780544
      ],
      [
        0.08947963,
        0.874927,
        -0.475916177
      ],
      [
        0.995953143,
        -0.0826357752,
        0.03533658
      ]
    ],
    "translation": [
      2.219986,
      1.068029,
      -0.681140959
    ]
  },
  {
    "timeStamp": 126924,
    "rotation": [
      [
        -0.009122473,
        -0.466153741,
        -0.8846567
      ],
      [
        0.09286681,
        0.8804751,
        -0.464907944
      ],
      [
        0.995636761,
        -0.08639635,
        0.0352581
      ]
    ],
    "translation": [
      2.216831,
      1.070462,
      -0.6807907
    ]
  },
  {
    "timeStamp": 126980,
    "rotation": [
      [
        -0.019316487,
        -0.466331244,
        -0.884399235
      ],
      [
        0.108308271,
        0.878382742,
        -0.465524465
      ],
      [
        0.9939296,
        -0.104780056,
        0.0335402638
      ]
    ],
    "translation": [
      2.21489644,
      1.07783186,
      -0.6827581
    ]
  },
  {
    "timeStamp": 127023,
    "rotation": [
      [
        -0.0316847041,
        -0.471940428,
        -0.881060839
      ],
      [
        0.120123506,
        0.873316,
        -0.472111762
      ],
      [
        0.9922532,
        -0.120794848,
        0.02902038
      ]
    ],
    "translation": [
      2.214367,
      1.08311212,
      -0.687120855
    ]
  },
  {
    "timeStamp": 127080,
    "rotation": [
      [
        -0.05624259,
        -0.488776237,
        -0.8705944
      ],
      [
        0.137680814,
        0.8598471,
        -0.491636962
      ],
      [
        0.9888785,
        -0.147515073,
        0.0189350788
      ]
    ],
    "translation": [
      2.21444821,
      1.087573,
      -0.695778131
    ]
  },
  {
    "timeStamp": 127124,
    "rotation": [
      [
        -0.076870136,
        -0.482447952,
        -0.8725451
      ],
      [
        0.126957372,
        0.8632745,
        -0.488506854
      ],
      [
        0.98892504,
        -0.148327619,
        -0.005109705
      ]
    ],
    "translation": [
      2.214531,
      1.08806646,
      -0.705276847
    ]
  },
  {
    "timeStamp": 127179,
    "rotation": [
      [
        -0.09487304,
        -0.496921241,
        -0.862593949
      ],
      [
        0.128729284,
        0.8531032,
        -0.5056122
      ],
      [
        0.9871312,
        -0.159010082,
        -0.0169681758
      ]
    ],
    "translation": [
      2.21401334,
      1.08741474,
      -0.716431737
    ]
  },
  {
    "timeStamp": 127224,
    "rotation": [
      [
        -0.124132283,
        -0.5316508,
        -0.8378177
      ],
      [
        0.141804919,
        0.826176643,
        -0.5452738
      ],
      [
        0.9820807,
        -0.186492756,
        -0.0271644983
      ]
    ],
    "translation": [
      2.21235132,
      1.08651459,
      -0.7249874
    ]
  },
  {
    "timeStamp": 127279,
    "rotation": [
      [
        -0.150979117,
        -0.5592205,
        -0.815155
      ],
      [
        0.149198115,
        0.8022707,
        -0.5780152
      ],
      [
        0.977213,
        -0.20888783,
        -0.03769148
      ]
    ],
    "translation": [
      2.20965815,
      1.08478141,
      -0.73481375
    ]
  },
  {
    "timeStamp": 127324,
    "rotation": [
      [
        -0.180039361,
        -0.5683895,
        -0.80281955
      ],
      [
        0.146630079,
        0.791529655,
        -0.5932794
      ],
      [
        0.972669244,
        -0.224531129,
        -0.05916349
      ]
    ],
    "translation": [
      2.20498419,
      1.08296216,
      -0.7435855
    ]
  },
  {
    "timeStamp": 127379,
    "rotation": [
      [
        -0.207407445,
        -0.572206855,
        -0.7934491
      ],
      [
        0.139160708,
        0.78557986,
        -0.602908432
      ],
      [
        0.968305945,
        -0.235464633,
        -0.0833063945
      ]
    ],
    "translation": [
      2.19942784,
      1.07839823,
      -0.7531404
    ]
  },
  {
    "timeStamp": 127423,
    "rotation": [
      [
        -0.217613757,
        -0.571615338,
        -0.7911385
      ],
      [
        0.125520334,
        0.7874432,
        -0.6034715
      ],
      [
        0.9679302,
        -0.230627671,
        -0.0996091142
      ]
    ],
    "translation": [
      2.19710636,
      1.07323289,
      -0.758661151
    ]
  },
  {
    "timeStamp": 127479,
    "rotation": [
      [
        -0.208986357,
        -0.578820765,
        -0.7882203
      ],
      [
        0.114046529,
        0.7860926,
        -0.6074963
      ],
      [
        0.971245646,
        -0.216852233,
        -0.0982701257
      ]
    ],
    "translation": [
      2.19861555,
      1.068446,
      -0.761481047
    ]
  },
  {
    "timeStamp": 127524,
    "rotation": [
      [
        -0.203510523,
        -0.603610456,
        -0.7708683
      ],
      [
        0.125809938,
        0.7646955,
        -0.631991
      ],
      [
        0.9709559,
        -0.225599721,
        -0.07968339
      ]
    ],
    "translation": [
      2.20247436,
      1.06727242,
      -0.7612379
    ]
  },
  {
    "timeStamp": 127579,
    "rotation": [
      [
        -0.197810709,
        -0.6217306,
        -0.7578403
      ],
      [
        0.12578243,
        0.7506263,
        -0.6486439
      ],
      [
        0.9721367,
        -0.22363171,
        -0.07027913
      ]
    ],
    "translation": [
      2.20706916,
      1.06526053,
      -0.7607059
    ]
  },
  {
    "timeStamp": 127623,
    "rotation": [
      [
        -0.200182691,
        -0.6292508,
        -0.750979543
      ],
      [
        0.12472903,
        0.7438905,
        -0.6565589
      ],
      [
        0.9717868,
        -0.225100666,
        -0.07042816
      ]
    ],
    "translation": [
      2.21069,
      1.0639739,
      -0.7604071
    ]
  },
  {
    "timeStamp": 127679,
    "rotation": [
      [
        -0.1886782,
        -0.6324239,
        -0.7512925
      ],
      [
        0.117689431,
        0.7449581,
        -0.656648
      ],
      [
        0.9749614,
        -0.212314367,
        -0.06612775
      ]
    ],
    "translation": [
      2.21789742,
      1.063668,
      -0.758341849
    ]
  },
  {
    "timeStamp": 127723,
    "rotation": [
      [
        -0.195677087,
        -0.6414471,
        -0.7417925
      ],
      [
        0.117925145,
        0.735535562,
        -0.667144
      ],
      [
        0.9735524,
        -0.218020782,
        -0.06828471
      ]
    ],
    "translation": [
      2.22211576,
      1.06430721,
      -0.757272542
    ]
  },
  {
    "timeStamp": 127779,
    "rotation": [
      [
        -0.220740527,
        -0.645568967,
        -0.7311049
      ],
      [
        0.109505966,
        0.7284516,
        -0.676288962
      ],
      [
        0.9691657,
        -0.229344711,
        -0.09010513
      ]
    ],
    "translation": [
      2.22231722,
      1.06452882,
      -0.7582362
    ]
  },
  {
    "timeStamp": 127823,
    "rotation": [
      [
        -0.242085412,
        -0.6455688,
        -0.7243173
      ],
      [
        0.114394486,
        0.7223251,
        -0.6820267
      ],
      [
        0.9634877,
        -0.247966617,
        -0.10101486
      ]
    ],
    "translation": [
      2.2184515,
      1.06386328,
      -0.7599031
    ]
  },
  {
    "timeStamp": 127879,
    "rotation": [
      [
        -0.298428923,
        -0.6446298,
        -0.7038413
      ],
      [
        0.107963771,
        0.7099118,
        -0.695966244
      ],
      [
        0.948305845,
        -0.2836858,
        -0.142261565
      ]
    ],
    "translation": [
      2.2100997,
      1.06072915,
      -0.7648167
    ]
  },
  {
    "timeStamp": 127924,
    "rotation": [
      [
        -0.32138887,
        -0.6456864,
        -0.692674637
      ],
      [
        0.111120954,
        0.7007124,
        -0.704737067
      ],
      [
        0.940404832,
        -0.3034653,
        -0.153451875
      ]
    ],
    "translation": [
      2.20538,
      1.0598588,
      -0.7677592
    ]
  },
  {
    "timeStamp": 127979,
    "rotation": [
      [
        -0.320820779,
        -0.641137,
        -0.6971495
      ],
      [
        0.103161186,
        0.7080247,
        -0.6986121
      ],
      [
        0.9415051,
        -0.296048015,
        -0.161008567
      ]
    ],
    "translation": [
      2.20127678,
      1.05816126,
      -0.7699941
    ]
  },
  {
    "timeStamp": 128023,
    "rotation": [
      [
        -0.33122623,
        -0.6359821,
        -0.6970049
      ],
      [
        0.0980647,
        0.71149987,
        -0.6958097
      ],
      [
        0.9384415,
        -0.298822016,
        -0.173300028
      ]
    ],
    "translation": [
      2.195624,
      1.05601859,
      -0.7731796
    ]
  },
  {
    "timeStamp": 128080,
    "rotation": [
      [
        -0.347793519,
        -0.6208614,
        -0.702545941
      ],
      [
        0.08373243,
        0.7257628,
        -0.682830334
      ],
      [
        0.9338247,
        -0.296309829,
        -0.20042935
      ]
    ],
    "translation": [
      2.18524313,
      1.05106354,
      -0.7780276
    ]
  },
  {
    "timeStamp": 128123,
    "rotation": [
      [
        -0.364146024,
        -0.6166982,
        -0.697911859
      ],
      [
        0.07448417,
        0.727677464,
        -0.6818633
      ],
      [
        0.9283587,
        -0.3002812,
        -0.219046608
      ]
    ],
    "translation": [
      2.17684317,
      1.04576147,
      -0.781509459
    ]
  },
  {
    "timeStamp": 128179,
    "rotation": [
      [
        -0.373924851,
        -0.607375,
        -0.7009107
      ],
      [
        0.05641934,
        0.7394363,
        -0.670858264
      ],
      [
        0.9257414,
        -0.2903955,
        -0.242225915
      ]
    ],
    "translation": [
      2.1684792,
      1.03893554,
      -0.7836642
    ]
  },
  {
    "timeStamp": 128223,
    "rotation": [
      [
        -0.3739949,
        -0.610399842,
        -0.6982406
      ],
      [
        0.046247486,
        0.739665031,
        -0.6713843
      ],
      [
        0.926277,
        -0.283386141,
        -0.248401463
      ]
    ],
    "translation": [
      2.16391087,
      1.03343809,
      -0.7831702
    ]
  },
  {
    "timeStamp": 128278,
    "rotation": [
      [
        -0.381968975,
        -0.614085257,
        -0.6906512
      ],
      [
        0.0336661376,
        0.7375746,
        -0.67442596
      ],
      [
        0.923561752,
        -0.280861348,
        -0.261056751
      ]
    ],
    "translation": [
      2.158902,
      1.0280652,
      -0.7828504
    ]
  },
  {
    "timeStamp": 128323,
    "rotation": [
      [
        -0.376210243,
        -0.614409745,
        -0.6935175
      ],
      [
        0.0348098576,
        0.7386059,
        -0.673238158
      ],
      [
        0.9258802,
        -0.277420342,
        -0.256483585
      ]
    ],
    "translation": [
      2.15675163,
      1.02593744,
      -0.7814813
    ]
  },
  {
    "timeStamp": 128378,
    "rotation": [
      [
        -0.3813376,
        -0.6216031,
        -0.684245
      ],
      [
        0.02843714,
        0.731937647,
        -0.6807779
      ],
      [
        0.923998356,
        -0.279064178,
        -0.261438757
      ]
    ],
    "translation": [
      2.15468884,
      1.02310562,
      -0.7800057
    ]
  },
  {
    "timeStamp": 128423,
    "rotation": [
      [
        -0.38302356,
        -0.6235964,
        -0.681484
      ],
      [
        0.0292587336,
        0.7291853,
        -0.6836905
      ],
      [
        0.923275054,
        -0.2818089,
        -0.2610495
      ]
    ],
    "translation": [
      2.1536448,
      1.02211475,
      -0.779334843
    ]
  },
  {
    "timeStamp": 128479,
    "rotation": [
      [
        -0.394475937,
        -0.6238461,
        -0.674688637
      ],
      [
        0.0203549527,
        0.728117645,
        -0.6851499
      ],
      [
        0.9186808,
        -0.2840084,
        -0.274526536
      ]
    ],
    "translation": [
      2.15389824,
      1.02193332,
      -0.7798343
    ]
  }
]