[
  {
    "timeStamp": 110808,
    "rotation": [
      [
        0.99945724,
        0.001977669,
        0.0328823254
      ],
      [
        -0.0286403075,
        0.5453452,
        0.8377221
      ],
      [
        -0.01627548,
        -0.8382092,
        0.5451059
      ]
    ],
    "translation": [
      1.76632035,
      0.873107553,
      -0.48998943
    ]
  },
  {
    "timeStamp": 110852,
    "rotation": [
      [
        0.9998967,
        -0.004439888,
        0.0136710443
      ],
      [
        -0.009184449,
        0.5342733,
        0.845261931
      ],
      [
        -0.011056941,
        -0.8453002,
        0.5341773
      ]
    ],
    "translation": [
      1.76728308,
      0.871550441,
      -0.488353342
    ]
  },
  {
    "timeStamp": 110908,
    "rotation": [
      [
        0.999888241,
        -0.009221162,
        0.0117683541
      ],
      [
        -0.00491688354,
        0.5405413,
        0.8413031
      ],
      [
        -0.0141190737,
        -0.84126693,
        0.540435553
      ]
    ],
    "translation": [
      1.7679944,
      0.8708599,
      -0.4870857
    ]
  },
  {
    "timeStamp": 110952,
    "rotation": [
      [
        0.9996715,
        -0.00331888045,
        0.02541383
      ],
      [
        -0.01983685,
        0.5276841,
        0.8492091
      ],
      [
        -0.0162288956,
        -0.849434257,
        0.5274449
      ]
    ],
    "translation": [
      1.76821446,
      0.870351851,
      -0.4873838
    ]
  },
  {
    "timeStamp": 111007,
    "rotation": [
      [
        0.999638557,
        -0.0144751491,
        0.02265564
      ],
      [
        -0.0117054032,
        0.524290264,
        0.851459146
      ],
      [
        -0.024203131,
        -0.8514166,
        0.5239313
      ]
    ],
    "translation": [
      1.76992118,
      0.872639954,
      -0.4871704
    ]
  },
  {
    "timeStamp": 111052,
    "rotation": [
      [
        0.9995311,
        -0.0138560263,
        0.02730435
      ],
      [
        -0.016560195,
        0.5054306,
        0.86270833
      ],
      [
        -0.0257541649,
        -0.862756,
        0.5049641
      ]
    ],
    "translation": [
      1.77101076,
      0.878297031,
      -0.486618549
    ]
  },
  {
    "timeStamp": 111108,
    "rotation": [
      [
        0.9995836,
        0.00495968154,
        0.028424982
      ],
      [
        -0.027418457,
        0.470164716,
        0.8821527
      ],
      [
        -0.008989229,
        -0.8825647,
        0.470104933
      ]
    ],
    "translation": [
      1.77192,
      0.888602,
      -0.4882554
    ]
  },
  {
    "timeStamp": 111153,
    "rotation": [
      [
        0.9992442,
        0.0323284343,
        0.0215823986
      ],
      [
        -0.0333522968,
        0.427913845,
        0.903203964
      ],
      [
        0.0199637655,
        -0.903241158,
        0.428668678
      ]
    ],
    "translation": [
      1.773232,
      0.898985744,
      -0.4927911
    ]
  },
  {
    "timeStamp": 111209,
    "rotation": [
      [
        0.9964611,
        0.07453769,
        0.0388504751
      ],
      [
        -0.06501042,
        0.3904451,
        0.918328
      ],
      [
        0.05328107,
        -0.9176038,
        0.3939091
      ]
    ],
    "translation": [
      1.77763867,
      0.914289,
      -0.5052638
    ]
  },
  {
    "timeStamp": 111253,
    "rotation": [
      [
        0.993399858,
        0.08177037,
        0.08043833
      ],
      [
        -0.104690082,
        0.359814733,
        0.9271318
      ],
      [
        0.046869006,
        -0.929433644,
        0.366000444
      ]
    ],
    "translation": [
      1.78647912,
      0.9304189,
      -0.52182287
    ]
  },
  {
    "timeStamp": 111308,
    "rotation": [
      [
        0.9831474,
        0.134319976,
        0.124013357
      ],
      [
        -0.162905708,
        0.3358405,
        0.9277246
      ],
      [
        0.08296325,
        -0.9322925,
        0.352062225
      ]
    ],
    "translation": [
      1.79810154,
      0.952047169,
      -0.5563196
    ]
  },
  {
    "timeStamp": 111353,
    "rotation": [
      [
        0.9757256,
        0.191584378,
        0.10608951
      ],
      [
        -0.162525237,
        0.308788747,
        0.937141955
      ],
      [
        0.1467825,
        -0.9316356,
        0.332430363
      ]
    ],
    "translation": [
      1.80928147,
      0.966713667,
      -0.591339052
    ]
  },
  {
    "timeStamp": 111408,
    "rotation": [
      [
        0.962078452,
        0.2473335,
        0.115026824
      ],
      [
        -0.191774383,
        0.313430518,
        0.930045068
      ],
      [
        0.193978369,
        -0.916835546,
        0.34897697
      ]
    ],
    "translation": [
      1.82939661,
      0.982842565,
      -0.6397984
    ]
  },
  {
    "timeStamp": 111453,
    "rotation": [
      [
        0.955462456,
        0.275017619,
        0.10703662
      ],
      [
        -0.192742035,
        0.3068771,
        0.9320284
      ],
      [
        0.223477155,
        -0.9111486,
        0.346217
      ]
    ],
    "translation": [
      1.85140216,
      0.994568765,
      -0.6760975
    ]
  },
  {
    "timeStamp": 111509,
    "rotation": [
      [
        0.95398,
        0.283310682,
        0.09827102
      ],
      [
        -0.187904343,
        0.309376746,
        0.9321899
      ],
      [
        0.23369658,
        -0.907756031,
        0.348374516
      ]
    ],
    "translation": [
      1.88574815,
      1.01062953,
      -0.7150975
    ]
  },
  {
    "timeStamp": 111553,
    "rotation": [
      [
        0.9589942,
        0.254831851,
        0.124059804
      ],
      [
        -0.202590466,
        0.310215235,
        0.928829134
      ],
      [
        0.19821,
        -0.9158751,
        0.3491211
      ]
    ],
    "translation": [
      1.91836023,
      1.02675486,
      -0.7382013
    ]
  },
  {
    "timeStamp": 111608,
    "rotation": [
      [
        0.965990841,
        0.196768954,
        0.167760879
      ],
      [
        -0.223260581,
        0.307392269,
        0.92502147
      ],
      [
        0.130447119,
        -0.9310166,
        0.34086886
      ]
    ],
    "translation": [
      1.96371019,
      1.04836965,
      -0.7579176
    ]
  },
  {
    "timeStamp": 111653,
    "rotation": [
      [
        0.9733764,
        0.135901526,
        0.184578389
      ],
      [
        -0.21762608,
        0.2951604,
        0.930332839
      ],
      [
        0.0719534,
        -0.94573313,
        0.3168779
      ]
    ],
    "translation": [
      2.001943,
      1.06468725,
      -0.7679056
    ]
  },
  {
    "timeStamp": 111708,
    "rotation": [
      [
        0.9845993,
        0.07686611,
        0.1570219
      ],
      [
        -0.172130287,
        0.2690953,
        0.9476069
      ],
      [
        0.0305850022,
        -0.9600413,
        0.27818203
      ]
    ],
    "translation": [
      2.049352,
      1.079129,
      -0.775762558
    ]
  },
  {
    "timeStamp": 111757,
    "rotation": [
      [
        0.9922318,
        0.0164399147,
        0.123311765
      ],
      [
        -0.123593964,
        0.243121669,
        0.9620896
      ],
      [
        -0.0141630853,
        -0.969856441,
        0.243264928
      ]
    ],
    "translation": [
      2.08881855,
      1.08493769,
      -0.7769841
    ]
  },
  {
    "timeStamp": 111803,
    "rotation": [
      [
        0.992194235,
        -0.0220917482,
        0.122729592
      ],
      [
        -0.112330481,
        0.269048929,
        0.956553459
      ],
      [
        -0.054152213,
        -0.9628731,
        0.2644672
      ]
    ],
    "translation": [
      2.13277078,
      1.08485281,
      -0.777996361
    ]
  },
  {
    "timeStamp": 111858,
    "rotation": [
      [
        0.99627763,
        -0.0671459138,
        0.0540571474
      ],
      [
        -0.03617941,
        0.243485376,
        0.9692296
      ],
      [
        -0.07824192,
        -0.9675775,
        0.240149751
      ]
    ],
    "translation": [
      2.172718,
      1.076453,
      -0.7732897
    ]
  },
  {
    "timeStamp": 111903,
    "rotation": [
      [
        0.997419655,
        -0.05779465,
        0.04258975
      ],
      [
        -0.0223204773,
        0.3141963,
        0.9490956
      ],
      [
        -0.06823419,
        -0.9475972,
        0.312095523
      ]
    ],
    "translation": [
      2.19314766,
      1.06345451,
      -0.772607744
    ]
  },
  {
    "timeStamp": 111958,
    "rotation": [
      [
        0.999755859,
        -0.02194892,
        0.002549933
      ],
      [
        0.0045069824,
        0.315529257,
        0.94890517
      ],
      [
        -0.0216320232,
        -0.948662,
        0.315551132
      ]
    ],
    "translation": [
      2.209721,
      1.05099463,
      -0.770064652
    ]
  },
  {
    "timeStamp": 112003,
    "rotation": [
      [
        0.9996899,
        -0.00659851357,
        -0.024009943
      ],
      [
        0.024787778,
        0.3552277,
        0.9344511
      ],
      [
        0.00236300728,
        -0.934756458,
        0.3552811
      ]
    ],
    "translation": [
      2.21845651,
      1.03979945,
      -0.768211067
    ]
  },
  {
    "timeStamp": 112058,
    "rotation": [
      [
        0.9972565,
        0.03772693,
        -0.06368732
      ],
      [
        0.0461599343,
        0.355647832,
        0.9334794
      ],
      [
        0.0578675754,
        -0.9338582,
        0.352930635
      ]
    ],
    "translation": [
      2.2228837,
      1.030299,
      -0.7644058
    ]
  },
  {
    "timeStamp": 112103,
    "rotation": [
      [
        0.998374045,
        0.0353195742,
        -0.0447418578
      ],
      [
        0.0273012538,
        0.39274776,
        0.9192409
      ],
      [
        0.0500394665,
        -0.9189678,
        0.391144872
      ]
    ],
    "translation": [
      2.22539616,
      1.02158093,
      -0.760610759
    ]
  },
  {
    "timeStamp": 112159,
    "rotation": [
      [
        0.9966335,
        0.0570162125,
        -0.05891332
      ],
      [
        0.0298120715,
        0.417361826,
        0.9082513
      ],
      [
        0.07637321,
        -0.906950057,
        0.41425702
      ]
    ],
    "translation": [
      2.22711444,
      1.00969219,
      -0.7588742
    ]
  },
  {
    "timeStamp": 112204,
    "rotation": [
      [
        0.996208668,
        0.0627366,
        -0.06026902
      ],
      [
        0.0285619181,
        0.4185151,
        0.9077606
      ],
      [
        0.08217331,
        -0.90604043,
        0.4151365
      ]
    ],
    "translation": [
      2.226331,
      1.00384128,
      -0.7573179
    ]
  },
  {
    "timeStamp": 112250,
    "rotation": [
      [
        0.993275,
        0.07988369,
        -0.08380539
      ],
      [
        0.0406091735,
        0.4374774,
        0.898312
      ],
      [
        0.108423434,
        -0.8956741,
        0.4312914
      ]
    ],
    "translation": [
      2.22493744,
      0.9967592,
      -0.759121
    ]
  },
  {
    "timeStamp": 112306,
    "rotation": [
      [
        0.991309,
        0.08816971,
        -0.09763557
      ],
      [
        0.0481765,
        0.447305858,
        0.893082559
      ],
      [
        0.1224158,
        -0.8900245,
        0.439170569
      ]
    ],
    "translation": [
      2.2236948,
      0.989780545,
      -0.759774566
    ]
  },
  {
    "timeStamp": 112352,
    "rotation": [
      [
        0.9895046,
        0.0975608155,
        -0.106595807
      ],
      [
        0.0502463132,
        0.4593446,
        0.8868359
      ],
      [
        0.135484636,
        -0.8828842,
        0.4496215
      ]
    ],
    "translation": [
      2.222983,
      0.9845261,
      -0.759803236
    ]
  },
  {
    "timeStamp": 112408,
    "rotation": [
      [
        0.984713137,
        0.104352362,
        -0.139465213
      ],
      [
        0.07649367,
        0.460265726,
        0.884479642
      ],
      [
        0.156488582,
        -0.881626964,
        0.4452474
      ]
    ],
    "translation": [
      2.2223804,
      0.979075551,
      -0.7591224
    ]
  },
  {
    "timeStamp": 112452,
    "rotation": [
      [
        0.985367954,
        0.111059412,
        -0.12928991
      ],
      [
        0.0611205027,
        0.477863461,
        0.8763052
      ],
      [
        0.159104854,
        -0.871385336,
        0.4640833
      ]
    ],
    "translation": [
      2.220752,
      0.9755998,
      -0.7592422
    ]
  },
  {
    "timeStamp": 112508,
    "rotation": [
      [
        0.983703136,
        0.109099194,
        -0.142917916
      ],
      [
        0.0734863654,
        0.4814933,
        0.873363554
      ],
      [
        0.1640973,
        -0.869632959,
        0.46562916
      ]
    ],
    "translation": [
      2.22009182,
      0.9720254,
      -0.7587369
    ]
  },
  {
    "timeStamp": 112553,
    "rotation": [
      [
        0.9842609,
        0.112881556,
        -0.1359712
      ],
      [
        0.06418912,
        0.488503218,
        0.8701979
      ],
      [
        0.164651647,
        -0.865229666,
        0.4735689
      ]
    ],
    "translation": [
      2.21848774,
      0.970256746,
      -0.7589579
    ]
  },
  {
    "timeStamp": 112608,
    "rotation": [
      [
        0.9816118,
        0.122273959,
        -0.14658539
      ],
      [
        0.0670002,
        0.498362154,
        0.8643761
      ],
      [
        0.1787433,
        -0.85830307,
        0.481005818
      ]
    ],
    "translation": [
      2.216614,
      0.9676084,
      -0.7608264
    ]
  },
  {
    "timeStamp": 112652,
    "rotation": [
      [
        0.9830443,
        0.114992209,
        -0.142830729
      ],
      [
        0.0666733459,
        0.5014603,
        0.8626078
      ],
      [
        0.170817122,
        -0.857504666,
        0.485290855
      ]
    ],
    "translation": [
      2.21667218,
      0.9666801,
      -0.760955453
    ]
  },
  {
    "timeStamp": 112708,
    "rotation": [
      [
        0.9829823,
        0.115488805,
        -0.142857224
      ],
      [
        0.0652180761,
        0.507606566,
        0.8591171
      ],
      [
        0.171733677,
        -0.8538137,
        0.4914363
      ]
    ],
    "translation": [
      2.21683884,
      0.9652809,
      -0.761873662
    ]
  }
]