[
  {
    "timeStamp": 143583,
    "rotation": [
      [
        0.9775226,
        0.158105046,
        0.139471427
      ],
      [
        0.104898266,
        0.2091061,
        -0.972250462
      ],
      [
        -0.182882056,
        0.965027153,
        0.187821
      ]
    ],
    "translation": [
      1.14691389,
      0.8475068,
      -0.6139564
    ]
  },
  {
    "timeStamp": 143638,
    "rotation": [
      [
        0.9822766,
        0.151732236,
        0.110045381
      ],
      [
        0.07395578,
        0.225730985,
        -0.971378446
      ],
      [
        -0.17223008,
        0.962300837,
        0.2105088
      ]
    ],
    "translation": [
      1.14825809,
      0.84754765,
      -0.6163896
    ]
  },
  {
    "timeStamp": 143682,
    "rotation": [
      [
        0.9857455,
        0.1141574,
        0.123587593
      ],
      [
        0.094637,
        0.2311148,
        -0.96831286
      ],
      [
        -0.139103,
        0.966206,
        0.217016861
      ]
    ],
    "translation": [
      1.14987874,
      0.8469912,
      -0.62248385
    ]
  },
  {
    "timeStamp": 143738,
    "rotation": [
      [
        0.9836211,
        0.138521671,
        0.115331016
      ],
      [
        0.08170098,
        0.227707386,
        -0.970295966
      ],
      [
        -0.160668761,
        0.963826239,
        0.212660432
      ]
    ],
    "translation": [
      1.1508882,
      0.8473087,
      -0.6227558
    ]
  },
  {
    "timeStamp": 143782,
    "rotation": [
      [
        0.9839219,
        0.148437575,
        0.09931791
      ],
      [
        0.06582726,
        0.215538353,
        -0.9742741
      ],
      [
        -0.166025683,
        0.965147436,
        0.202301651
      ]
    ],
    "translation": [
      1.15304363,
      0.850057542,
      -0.623389065
    ]
  },
  {
    "timeStamp": 143838,
    "rotation": [
      [
        0.982064,
        0.1705511,
        0.08039041
      ],
      [
        0.0418811738,
        0.218395188,
        -0.9749613
      ],
      [
        -0.183837608,
        0.960841238,
        0.207335174
      ]
    ],
    "translation": [
      1.15775144,
      0.8582766,
      -0.622116864
    ]
  },
  {
    "timeStamp": 143882,
    "rotation": [
      [
        0.982505858,
        0.174337745,
        0.06548777
      ],
      [
        0.0272213221,
        0.213429838,
        -0.97657907
      ],
      [
        -0.184231654,
        0.9612773,
        0.204950362
      ]
    ],
    "translation": [
      1.16332948,
      0.8648941,
      -0.623946548
    ]
  },
  {
    "timeStamp": 143938,
    "rotation": [
      [
        0.98565805,
        0.164471552,
        0.03777868
      ],
      [
        0.0008280785,
        0.21915096,
        -0.9756906
      ],
      [
        -0.168752581,
        0.9617286,
        0.215871722
      ]
    ],
    "translation": [
      1.17408967,
      0.8766837,
      -0.6292983
    ]
  },
  {
    "timeStamp": 143982,
    "rotation": [
      [
        0.9814181,
        0.191881552,
        0.000275299069
      ],
      [
        -0.03794407,
        0.195478842,
        -0.9799736
      ],
      [
        -0.188092664,
        0.961753368,
        0.199127227
      ]
    ],
    "translation": [
      1.18580472,
      0.890931547,
      -0.631388366
    ]
  },
  {
    "timeStamp": 144038,
    "rotation": [
      [
        0.9785138,
        0.20443134,
        -0.02680635
      ],
      [
        -0.06874703,
        0.200923085,
        -0.977191746
      ],
      [
        -0.1943826,
        0.958038449,
        0.210660055
      ]
    ],
    "translation": [
      1.20771062,
      0.904613435,
      -0.638365567
    ]
  },
  {
    "timeStamp": 144082,
    "rotation": [
      [
        0.9801359,
        0.195510313,
        -0.0333062224
      ],
      [
        -0.07932116,
        0.232520133,
        -0.9693516
      ],
      [
        -0.181773856,
        0.952738166,
        0.243409455
      ]
    ],
    "translation": [
      1.23120511,
      0.9132172,
      -0.64965117
    ]
  },
  {
    "timeStamp": 144137,
    "rotation": [
      [
        0.974889755,
        0.217825517,
        -0.046281606
      ],
      [
        -0.09006309,
        0.195595667,
        -0.9765403
      ],
      [
        -0.203662932,
        0.9561874,
        0.210302249
      ]
    ],
    "translation": [
      1.26803529,
      0.9256008,
      -0.665576
    ]
  },
  {
    "timeStamp": 144182,
    "rotation": [
      [
        0.975033939,
        0.218643874,
        -0.03877753
      ],
      [
        -0.08266858,
        0.195338219,
        -0.977245569
      ],
      [
        -0.206094027,
        0.9560533,
        0.208536372
      ]
    ],
    "translation": [
      1.30375993,
      0.9315738,
      -0.681285
    ]
  },
  {
    "timeStamp": 144238,
    "rotation": [
      [
        0.9719333,
        0.234,
        -0.0242820662
      ],
      [
        -0.0692354739,
        0.185865864,
        -0.9801328
      ],
      [
        -0.224837869,
        0.954304934,
        0.19685033
      ]
    ],
    "translation": [
      1.35289645,
      0.939610243,
      -0.701757
    ]
  },
  {
    "timeStamp": 144282,
    "rotation": [
      [
        0.9590613,
        0.28260234,
        -0.01836595
      ],
      [
        -0.052476123,
        0.1136093,
        -0.9921387
      ],
      [
        -0.278294176,
        0.9524856,
        0.123788163
      ]
    ],
    "translation": [
      1.39507341,
      0.9467038,
      -0.716147959
    ]
  },
  {
    "timeStamp": 144338,
    "rotation": [
      [
        0.9501642,
        0.311440766,
        0.0138824116
      ],
      [
        -0.0211663265,
        0.108875424,
        -0.99383
      ],
      [
        -0.311030626,
        0.9440078,
        0.110041581
      ]
    ],
    "translation": [
      1.45071983,
      0.953810334,
      -0.7351803
    ]
  },
  {
    "timeStamp": 144382,
    "rotation": [
      [
        0.9377704,
        0.345582277,
        0.03405167
      ],
      [
        0.000917172059,
        0.09559407,
        -0.99542
      ],
      [
        -0.347254664,
        0.933506668,
        0.0893283337
      ]
    ],
    "translation": [
      1.4949106,
      0.962479,
      -0.748824239
    ]
  },
  {
    "timeStamp": 144438,
    "rotation": [
      [
        0.922404945,
        0.3842524,
        0.038976986
      ],
      [
        0.0200010259,
        0.05325878,
        -0.9983804
      ],
      [
        -0.385705918,
        0.921690643,
        0.0414407179
      ]
    ],
    "translation": [
      1.55073953,
      0.9766499,
      -0.7633365
    ]
  },
  {
    "timeStamp": 144482,
    "rotation": [
      [
        0.90057683,
        0.431507021,
        0.0525653921
      ],
      [
        0.0300906375,
        0.05875181,
        -0.997819
      ],
      [
        -0.433654219,
        0.9001944,
        0.0399261974
      ]
    ],
    "translation": [
      1.59698856,
      0.9893346,
      -0.766873956
    ]
  },
  {
    "timeStamp": 144538,
    "rotation": [
      [
        0.8731906,
        0.483130038,
        0.06421503
      ],
      [
        0.0335076526,
        0.07193498,
        -0.9968463
      ],
      [
        -0.4862257,
        0.8725885,
        0.046624396
      ]
    ],
    "translation": [
      1.6570369,
      1.00909376,
      -0.7655569
    ]
  },
  {
    "timeStamp": 144582,
    "rotation": [
      [
        0.840794563,
        0.538897634,
        0.05151528
      ],
      [
        0.0136984736,
        0.07395055,
        -0.9971678
      ],
      [
        -0.541180968,
        0.839118958,
        0.0547951423
      ]
    ],
    "translation": [
      1.70516956,
      1.02906573,
      -0.759093344
    ]
  },
  {
    "timeStamp": 144638,
    "rotation": [
      [
        0.8021177,
        0.5947125,
        0.0540762059
      ],
      [
        -0.0127837276,
        0.107634634,
        -0.9941083
      ],
      [
        -0.5970291,
        0.7967006,
        0.09393829
      ]
    ],
    "translation": [
      1.767729,
      1.05473316,
      -0.7475811
    ]
  },
  {
    "timeStamp": 144682,
    "rotation": [
      [
        0.7569736,
        0.652376533,
        0.03736016
      ],
      [
        -0.0427086875,
        0.10644614,
        -0.9934008
      ],
      [
        -0.65204823,
        0.7503826,
        0.108439066
      ]
    ],
    "translation": [
      1.81921315,
      1.07646954,
      -0.7356716
    ]
  },
  {
    "timeStamp": 144738,
    "rotation": [
      [
        0.707824051,
        0.7052218,
        0.0405884571
      ],
      [
        -0.0823577642,
        0.139455974,
        -0.986797452
      ],
      [
        -0.7015714,
        0.6951362,
        0.156790763
      ]
    ],
    "translation": [
      1.883996,
      1.10177994,
      -0.7214923
    ]
  },
  {
    "timeStamp": 144782,
    "rotation": [
      [
        0.6603985,
        0.7484304,
        0.0610400066
      ],
      [
        -0.106172524,
        0.1735361,
        -0.979087651
      ],
      [
        -0.7433716,
        0.6401072,
        0.19406572
      ]
    ],
    "translation": [
      1.9363358,
      1.117542,
      -0.7089701
    ]
  },
  {
    "timeStamp": 144838,
    "rotation": [
      [
        0.610039353,
        0.7859161,
        0.100934915
      ],
      [
        -0.138237461,
        0.230990618,
        -0.963085532
      ],
      [
        -0.780219436,
        0.5735671,
        0.249556422
      ]
    ],
    "translation": [
      2.00005746,
      1.13293123,
      -0.695098639
    ]
  },
  {
    "timeStamp": 144885,
    "rotation": [
      [
        0.5640263,
        0.8142655,
        0.137280717
      ],
      [
        -0.145686269,
        0.26176554,
        -0.9540725
      ],
      [
        -0.8128037,
        0.5181221,
        0.266269952
      ]
    ],
    "translation": [
      2.048911,
      1.13743889,
      -0.685577154
    ]
  },
  {
    "timeStamp": 144933,
    "rotation": [
      [
        0.5068397,
        0.8432728,
        0.178898215
      ],
      [
        -0.139861137,
        0.285220772,
        -0.9482025
      ],
      [
        -0.850618839,
        0.455565721,
        0.262502283
      ]
    ],
    "translation": [
      2.10489154,
      1.13636625,
      -0.6780162
    ]
  },
  {
    "timeStamp": 144988,
    "rotation": [
      [
        0.4823466,
        0.84525,
        0.229987323
      ],
      [
        -0.130471647,
        0.328942031,
        -0.9352937
      ],
      [
        -0.8662095,
        0.421128869,
        0.268945217
      ]
    ],
    "translation": [
      2.14681149,
      1.13247323,
      -0.6801475
    ]
  },
  {
    "timeStamp": 145032,
    "rotation": [
      [
        0.462156564,
        0.857523143,
        0.225976467
      ],
      [
        -0.125069052,
        0.315304,
        -0.9407131
      ],
      [
        -0.8779345,
        0.406494081,
        0.252969444
      ]
    ],
    "translation": [
      2.17116022,
      1.13157952,
      -0.685631633
    ]
  },
  {
    "timeStamp": 145088,
    "rotation": [
      [
        0.436228216,
        0.8678475,
        0.237793088
      ],
      [
        -0.111451641,
        0.314337343,
        -0.9427463
      ],
      [
        -0.892907262,
        0.3847501,
        0.23384586
      ]
    ],
    "translation": [
      2.19592834,
      1.127985,
      -0.6939058
    ]
  },
  {
    "timeStamp": 145132,
    "rotation": [
      [
        0.398710757,
        0.894683957,
        0.201420814
      ],
      [
        -0.106861033,
        0.263462156,
        -0.9587327
      ],
      [
        -0.910829544,
        0.360733032,
        0.200652048
      ]
    ],
    "translation": [
      2.210336,
      1.12501073,
      -0.7006113
    ]
  },
  {
    "timeStamp": 145188,
    "rotation": [
      [
        0.357146472,
        0.916686535,
        0.179254383
      ],
      [
        -0.09946973,
        0.228146613,
        -0.9685323
      ],
      [
        -0.928736866,
        0.3280775,
        0.172664315
      ]
    ],
    "translation": [
      2.22010541,
      1.114838,
      -0.7086658
    ]
  },
  {
    "timeStamp": 145232,
    "rotation": [
      [
        0.327842623,
        0.9357762,
        0.129777774
      ],
      [
        -0.07510638,
        0.162751555,
        -0.983804345
      ],
      [
        -0.9417422,
        0.312785864,
        0.123639658
      ]
    ],
    "translation": [
      2.22146821,
      1.10438,
      -0.7161602
    ]
  },
  {
    "timeStamp": 145288,
    "rotation": [
      [
        0.305592149,
        0.9438692,
        0.1253966
      ],
      [
        -0.07994122,
        0.156664953,
        -0.98441124
      ],
      [
        -0.9488007,
        0.290803969,
        0.123329639
      ]
    ],
    "translation": [
      2.21773672,
      1.09575117,
      -0.723193645
    ]
  },
  {
    "timeStamp": 145333,
    "rotation": [
      [
        0.3267706,
        0.9322652,
        0.155250251
      ],
      [
        -0.0790268,
        0.190645114,
        -0.9784729
      ],
      [
        -0.9417939,
        0.307467252,
        0.135971159
      ]
    ],
    "translation": [
      2.21273685,
      1.08923185,
      -0.730094
    ]
  },
  {
    "timeStamp": 145390,
    "rotation": [
      [
        0.328072518,
        0.9318264,
        0.155138463
      ],
      [
        -0.07663913,
        0.18994166,
        -0.9787996
      ],
      [
        -0.9415386,
        0.309227556,
        0.133729011
      ]
    ],
    "translation": [
      2.20715642,
      1.08244884,
      -0.7392774
    ]
  },
  {
    "timeStamp": 145436,
    "rotation": [
      [
        0.3417187,
        0.9290188,
        0.141959026
      ],
      [
        -0.08217848,
        0.180011243,
        -0.9802258
      ],
      [
        -0.9362024,
        0.3232955,
        0.13785857
      ]
    ],
    "translation": [
      2.20419383,
      1.0784502,
      -0.7463462
    ]
  },
  {
    "timeStamp": 145481,
    "rotation": [
      [
        0.4319247,
        0.881692052,
        0.189895228
      ],
      [
        -0.09801227,
        0.255186915,
        -0.961911261
      ],
      [
        -0.896568239,
        0.3968612,
        0.196638182
      ]
    ],
    "translation": [
      2.19753456,
      1.07557,
      -0.755344152
    ]
  },
  {
    "timeStamp": 145538,
    "rotation": [
      [
        0.549839437,
        0.8106867,
        0.201155737
      ],
      [
        -0.124460846,
        0.317656934,
        -0.9400019
      ],
      [
        -0.825945556,
        0.491814137,
        0.275559068
      ]
    ],
    "translation": [
      2.18798923,
      1.07507694,
      -0.767451346
    ]
  },
  {
    "timeStamp": 145582,
    "rotation": [
      [
        0.6121607,
        0.7511462,
        0.2470601
      ],
      [
        -0.09433851,
        0.379590183,
        -0.9203323
      ],
      [
        -0.7850857,
        0.540083945,
        0.3032322
      ]
    ],
    "translation": [
      2.186446,
      1.06914675,
      -0.773357034
    ]
  },
  {
    "timeStamp": 145637,
    "rotation": [
      [
        0.622635067,
        0.7348822,
        0.268837839
      ],
      [
        -0.0987462848,
        0.414599568,
        -0.904630542
      ],
      [
        -0.776256859,
        0.536708,
        0.330711126
      ]
    ],
    "translation": [
      2.194247,
      1.06836271,
      -0.7702414
    ]
  },
  {
    "timeStamp": 145682,
    "rotation": [
      [
        0.634453058,
        0.729507446,
        0.255515546
      ],
      [
        -0.0995372,
        0.404922634,
        -0.90891695
      ],
      [
        -0.7665257,
        0.551231861,
        0.329517543
      ]
    ],
    "translation": [
      2.19744873,
      1.06900692,
      -0.768984556
    ]
  },
  {
    "timeStamp": 145737,
    "rotation": [
      [
        0.6926062,
        0.6697218,
        0.2678981
      ],
      [
        -0.1045198,
        0.460663378,
        -0.8813994
      ],
      [
        -0.7137032,
        0.5824621,
        0.389057517
      ]
    ],
    "translation": [
      2.197364,
      1.06837749,
      -0.7705225
    ]
  },
  {
    "timeStamp": 145782,
    "rotation": [
      [
        0.770147,
        0.602610469,
        0.209127128
      ],
      [
        -0.109997749,
        0.448411,
        -0.8870333
      ],
      [
        -0.6283105,
        0.660142541,
        0.4116282
      ]
    ],
    "translation": [
      2.1900928,
      1.06811285,
      -0.7794183
    ]
  },
  {
    "timeStamp": 145837,
    "rotation": [
      [
        0.847820759,
        0.4923213,
        0.197027057
      ],
      [
        -0.101236269,
        0.5149876,
        -0.851198554
      ],
      [
        -0.5205297,
        0.701717556,
        0.4864579
      ]
    ],
    "translation": [
      2.18568659,
      1.06240344,
      -0.7875898
    ]
  },
  {
    "timeStamp": 145885,
    "rotation": [
      [
        0.8773018,
        0.442069322,
        0.186859071
      ],
      [
        -0.0824613944,
        0.522390246,
        -0.848709941
      ],
      [
        -0.472801983,
        0.7291661,
        0.494747519
      ]
    ],
    "translation": [
      2.18420482,
      1.0566386,
      -0.788998246
    ]
  },
  {
    "timeStamp": 145935,
    "rotation": [
      [
        0.9009965,
        0.370368719,
        0.225903362
      ],
      [
        -0.0345319174,
        0.580298245,
        -0.813671649
      ],
      [
        -0.432449847,
        0.725314438,
        0.5356362
      ]
    ],
    "translation": [
      2.18681931,
      1.04617083,
      -0.7847349
    ]
  },
  {
    "timeStamp": 145980,
    "rotation": [
      [
        0.916125357,
        0.326918274,
        0.232031986
      ],
      [
        -0.0113256946,
        0.599664152,
        -0.8001716
      ],
      [
        -0.400732,
        0.7304296,
        0.553070068
      ]
    ],
    "translation": [
      2.18802643,
      1.04342818,
      -0.783517659
    ]
  },
  {
    "timeStamp": 146035,
    "rotation": [
      [
        0.914685965,
        0.342380971,
        0.214766815
      ],
      [
        -0.0252243727,
        0.5787075,
        -0.815144956
      ],
      [
        -0.4033773,
        0.7401843,
        0.537972033
      ]
    ],
    "translation": [
      2.189805,
      1.045851,
      -0.7803188
    ]
  },
  {
    "timeStamp": 146080,
    "rotation": [
      [
        0.9136423,
        0.349733979,
        0.2072289
      ],
      [
        -0.0289239213,
        0.564397931,
        -0.824996
      ],
      [
        -0.4054887,
        0.7477574,
        0.5257735
      ]
    ],
    "translation": [
      2.19346762,
      1.0475527,
      -0.7797808
    ]
  },
  {
    "timeStamp": 146135,
    "rotation": [
      [
        0.8998389,
        0.383426815,
        0.208023369
      ],
      [
        -0.0386388563,
        0.5450581,
        -0.8375075
      ],
      [
        -0.434507638,
        0.7455841,
        0.50527966
      ]
    ],
    "translation": [
      2.19836545,
      1.04953516,
      -0.77786535
    ]
  },
  {
    "timeStamp": 146190,
    "rotation": [
      [
        0.8716764,
        0.440542132,
        0.214715809
      ],
      [
        -0.0467911139,
        0.510932446,
        -0.858346462
      ],
      [
        -0.487843037,
        0.7381536,
        0.465981215
      ]
    ],
    "translation": [
      2.20444679,
      1.05495119,
      -0.7754334
    ]
  },
  {
    "timeStamp": 146235,
    "rotation": [
      [
        0.8345246,
        0.5157849,
        0.193738356
      ],
      [
        -0.0728753,
        0.451872736,
        -0.8891008
      ],
      [
        -0.5461299,
        0.7278577,
        0.4146869
      ]
    ],
    "translation": [
      2.20649958,
      1.06409013,
      -0.7759428
    ]
  },
  {
    "timeStamp": 146280,
    "rotation": [
      [
        0.754501164,
        0.634418,
        0.168052763
      ],
      [
        -0.101650007,
        0.365935355,
        -0.9250722
      ],
      [
        -0.6483789,
        0.6808855,
        0.340587258
      ]
    ],
    "translation": [
      2.21159768,
      1.07477582,
      -0.770716667
    ]
  },
  {
    "timeStamp": 146336,
    "rotation": [
      [
        0.665061,
        0.7321407,
        0.147186309
      ],
      [
        -0.11563506,
        0.295675218,
        -0.948264062
      ],
      [
        -0.7377821,
        0.6136336,
        0.281303167
      ]
    ],
    "translation": [
      2.21459079,
      1.08374727,
      -0.769730449
    ]
  },
  {
    "timeStamp": 146381,
    "rotation": [
      [
        0.501427352,
        0.856081545,
        0.1252797
      ],
      [
        -0.111030191,
        0.207270831,
        -0.9719625
      ],
      [
        -0.858046,
        0.473458737,
        0.198982164
      ]
    ],
    "translation": [
      2.22530031,
      1.08786821,
      -0.7603437
    ]
  },
  {
    "timeStamp": 146431,
    "rotation": [
      [
        0.381677181,
        0.9226144,
        0.0557248071
      ],
      [
        -0.08660477,
        0.09572109,
        -0.991633534
      ],
      [
        -0.9202294,
        0.373657852,
        0.116437353
      ]
    ],
    "translation": [
      2.22936916,
      1.0878675,
      -0.7589451
    ]
  },
  {
    "timeStamp": 146487,
    "rotation": [
      [
        0.226106346,
        0.9740267,
        0.0121605583
      ],
      [
        -0.08787202,
        0.03282801,
        -0.9955907
      ],
      [
        -0.9701311,
        0.224040791,
        0.09301231
      ]
    ],
    "translation": [
      2.23372817,
      1.0883553,
      -0.7563281
    ]
  },
  {
    "timeStamp": 146532,
    "rotation": [
      [
        0.142554834,
        0.9874578,
        -0.0678615943
      ],
      [
        -0.0432975926,
        -0.0622748956,
        -0.9971194
      ],
      [
        -0.988839447,
        0.145082444,
        0.0338769555
      ]
    ],
    "translation": [
      2.229631,
      1.08394361,
      -0.756586
    ]
  },
  {
    "timeStamp": 146581,
    "rotation": [
      [
        0.10475409,
        0.99176,
        -0.07374696
      ],
      [
        -0.0552457049,
        -0.06823723,
        -0.996138334
      ],
      [
        -0.9929625,
        0.108423769,
        0.0476423539
      ]
    ],
    "translation": [
      2.226742,
      1.08148956,
      -0.753961444
    ]
  },
  {
    "timeStamp": 146632,
    "rotation": [
      [
        0.0282136612,
        0.9881253,
        -0.15103738
      ],
      [
        -0.0034356066,
        -0.151000768,
        -0.988527656
      ],
      [
        -0.999596,
        0.02840889,
        -0.0008654748
      ]
    ],
    "translation": [
      2.22405267,
      1.075802,
      -0.7511182
    ]
  },
  {
    "timeStamp": 146687,
    "rotation": [
      [
        0.01492505,
        0.981794536,
        -0.189358458
      ],
      [
        0.0003697861,
        -0.189384967,
        -0.981902838
      ],
      [
        -0.999888539,
        0.0145849269,
        -0.003189634
      ]
    ],
    "translation": [
      2.21700954,
      1.07335353,
      -0.748943746
    ]
  },
  {
    "timeStamp": 146731,
    "rotation": [
      [
        -0.0194609612,
        0.974366665,
        -0.224122435
      ],
      [
        0.03313252,
        -0.223413274,
        -0.974160552
      ],
      [
        -0.9992615,
        -0.0263838358,
        -0.0279353857
      ]
    ],
    "translation": [
      2.21511126,
      1.07011318,
      -0.747637331
    ]
  },
  {
    "timeStamp": 146787,
    "rotation": [
      [
        -0.04251146,
        0.9620297,
        -0.2696139
      ],
      [
        0.07145328,
        -0.2662393,
        -0.961254954
      ],
      [
        -0.996537566,
        -0.0601291433,
        -0.0574219562
      ]
    ],
    "translation": [
      2.21170115,
      1.06341684,
      -0.7470773
    ]
  },
  {
    "timeStamp": 146832,
    "rotation": [
      [
        -0.05663538,
        0.958560646,
        -0.2792023
      ],
      [
        0.0930052549,
        -0.2733698,
        -0.9574022
      ],
      [
        -0.994053543,
        -0.08019011,
        -0.0736687854
      ]
    ],
    "translation": [
      2.209533,
      1.0591892,
      -0.7459886
    ]
  },
  {
    "timeStamp": 146887,
    "rotation": [
      [
        -0.08037553,
        0.9455129,
        -0.3155079
      ],
      [
        0.114510104,
        -0.305677354,
        -0.9452242
      ],
      [
        -0.990165234,
        -0.112101719,
        -0.0837018
      ]
    ],
    "translation": [
      2.20661879,
      1.056896,
      -0.7437858
    ]
  },
  {
    "timeStamp": 146932,
    "rotation": [
      [
        -0.0858078,
        0.937097847,
        -0.3383559
      ],
      [
        0.141731784,
        -0.324673384,
        -0.9351467
      ],
      [
        -0.986179054,
        -0.128198653,
        -0.104957037
      ]
    ],
    "translation": [
      2.20372152,
      1.0534327,
      -0.742558241
    ]
  },
  {
    "timeStamp": 146988,
    "rotation": [
      [
        -0.106009461,
        0.922994137,
        -0.369923979
      ],
      [
        0.173319891,
        -0.349174052,
        -0.9208896
      ],
      [
        -0.9791436,
        -0.1617382,
        -0.122957483
      ]
    ],
    "translation": [
      2.20042062,
      1.04948592,
      -0.7409295
    ]
  },
  {
    "timeStamp": 147033,
    "rotation": [
      [
        -0.112442464,
        0.921269834,
        -0.372315347
      ],
      [
        0.189818949,
        -0.347876161,
        -0.9181236
      ],
      [
        -0.9753592,
        -0.173908576,
        -0.1357584
      ]
    ],
    "translation": [
      2.198051,
      1.04440022,
      -0.740681052
    ]
  },
  {
    "timeStamp": 147090,
    "rotation": [
      [
        -0.113530643,
        0.945419848,
        -0.3054376
      ],
      [
        0.168720543,
        -0.284614056,
        -0.943678
      ],
      [
        -0.979103744,
        -0.158669978,
        -0.127199337
      ]
    ],
    "translation": [
      2.19660735,
      1.03704345,
      -0.740325153
    ]
  },
  {
    "timeStamp": 147136,
    "rotation": [
      [
        -0.117887914,
        0.9557519,
        -0.269519478
      ],
      [
        0.153538659,
        -0.250604928,
        -0.9558363
      ],
      [
        -0.9810853,
        -0.15406321,
        -0.117201574
      ]
    ],
    "translation": [
      2.196564,
      1.03373671,
      -0.740627
    ]
  },
  {
    "timeStamp": 147182,
    "rotation": [
      [
        -0.115425,
        0.962420166,
        -0.245814
      ],
      [
        0.145146459,
        -0.228470147,
        -0.9626702
      ],
      [
        -0.9826544,
        -0.146795228,
        -0.113320708
      ]
    ],
    "translation": [
      2.19529748,
      1.03143287,
      -0.741399169
    ]
  },
  {
    "timeStamp": 147237,
    "rotation": [
      [
        -0.118172236,
        0.9667258,
        -0.226884216
      ],
      [
        0.146364465,
        -0.209032014,
        -0.9668935
      ],
      [
        -0.982147038,
        -0.147467777,
        -0.116792522
      ]
    ],
    "translation": [
      2.195192,
      1.03043211,
      -0.7428519
    ]
  }
]