[
  {
    "timeStamp": 101845,
    "rotation": [
      [
        0.949245155,
        -0.0293502919,
        0.3131649
      ],
      [
        -0.314513773,
        -0.100735322,
        0.9438927
      ],
      [
        0.003843243,
        -0.994480252,
        -0.104853578
      ]
    ],
    "translation": [
      1.30897939,
      0.707902133,
      -0.750140548
    ]
  },
  {
    "timeStamp": 101900,
    "rotation": [
      [
        0.954584,
        -0.06088476,
        0.2916546
      ],
      [
        -0.295086265,
        -0.0579956956,
        0.9537089
      ],
      [
        -0.04115163,
        -0.9964585,
        -0.07332802
      ]
    ],
    "translation": [
      1.31773341,
      0.714327335,
      -0.757387459
    ]
  },
  {
    "timeStamp": 101947,
    "rotation": [
      [
        0.9421928,
        -0.08051047,
        0.325254858
      ],
      [
        -0.328318775,
        -0.0279339831,
        0.944153845
      ],
      [
        -0.0669286,
        -0.9963622,
        -0.0527522974
      ]
    ],
    "translation": [
      1.32343507,
      0.7291087,
      -0.764159739
    ]
  },
  {
    "timeStamp": 102000,
    "rotation": [
      [
        0.9111316,
        -0.142382771,
        0.386738032
      ],
      [
        -0.3843412,
        0.04509941,
        0.922088861
      ],
      [
        -0.148731232,
        -0.988783658,
        -0.0136320684
      ]
    ],
    "translation": [
      1.336368,
      0.759826958,
      -0.7710964
    ]
  },
  {
    "timeStamp": 102044,
    "rotation": [
      [
        0.8767782,
        -0.1983959,
        0.438062876
      ],
      [
        -0.424121231,
        0.1103606,
        0.8988558
      ],
      [
        -0.226674169,
        -0.9738889,
        0.0126178563
      ]
    ],
    "translation": [
      1.35533118,
      0.787115455,
      -0.776118457
    ]
  },
  {
    "timeStamp": 102100,
    "rotation": [
      [
        0.8489476,
        -0.242839843,
        0.469379067
      ],
      [
        -0.437109679,
        0.176530674,
        0.881913841
      ],
      [
        -0.297023624,
        -0.9538688,
        0.0437176451
      ]
    ],
    "translation": [
      1.39215755,
      0.8144208,
      -0.7852925
    ]
  },
  {
    "timeStamp": 102145,
    "rotation": [
      [
        0.839624941,
        -0.2730765,
        0.4695308
      ],
      [
        -0.417873055,
        0.227497384,
        0.8795607
      ],
      [
        -0.347004384,
        -0.9347054,
        0.0769011751
      ]
    ],
    "translation": [
      1.43029225,
      0.8293838,
      -0.7949693
    ]
  },
  {
    "timeStamp": 102200,
    "rotation": [
      [
        0.83000195,
        -0.31234923,
        0.462098122
      ],
      [
        -0.38967514,
        0.268026143,
        0.881087542
      ],
      [
        -0.399061382,
        -0.911372542,
        0.100747511
      ]
    ],
    "translation": [
      1.48370349,
      0.8421533,
      -0.806071937
    ]
  },
  {
    "timeStamp": 102245,
    "rotation": [
      [
        0.8137652,
        -0.364538878,
        0.4526561
      ],
      [
        -0.363328129,
        0.28881222,
        0.8857653
      ],
      [
        -0.4536285,
        -0.8852677,
        0.102578111
      ]
    ],
    "translation": [
      1.52672255,
      0.8491967,
      -0.810473442
    ]
  },
  {
    "timeStamp": 102300,
    "rotation": [
      [
        0.766771138,
        -0.4603108,
        0.447410345
      ],
      [
        -0.336880624,
        0.3047366,
        0.8908687
      ],
      [
        -0.5464188,
        -0.83381623,
        0.07859344
      ]
    ],
    "translation": [
      1.57889724,
      0.857443,
      -0.8058242
    ]
  },
  {
    "timeStamp": 102345,
    "rotation": [
      [
        0.701076746,
        -0.55270654,
        0.450562775
      ],
      [
        -0.321846426,
        0.318571776,
        0.8915867
      ],
      [
        -0.636322439,
        -0.7700828,
        0.04545663
      ]
    ],
    "translation": [
      1.62004983,
      0.8658525,
      -0.7947259
    ]
  },
  {
    "timeStamp": 102400,
    "rotation": [
      [
        0.585565269,
        -0.669424653,
        0.457147628
      ],
      [
        -0.317000836,
        0.329933077,
        0.889187634
      ],
      [
        -0.746072233,
        -0.665593565,
        -0.01901081
      ]
    ],
    "translation": [
      1.6726588,
      0.879013062,
      -0.771131158
    ]
  },
  {
    "timeStamp": 102445,
    "rotation": [
      [
        0.477782279,
        -0.7589789,
        0.442351878
      ],
      [
        -0.327544838,
        0.313322127,
        0.8913718
      ],
      [
        -0.815130949,
        -0.5707717,
        -0.09889985
      ]
    ],
    "translation": [
      1.71829867,
      0.890552342,
      -0.7464828
    ]
  },
  {
    "timeStamp": 102500,
    "rotation": [
      [
        0.329080135,
        -0.844231,
        0.4230607
      ],
      [
        -0.365683228,
        0.2991252,
        0.881362557
      ],
      [
        -0.8706217,
        -0.444745064,
        -0.210284933
      ]
    ],
    "translation": [
      1.77854085,
      0.911382735,
      -0.7127803
    ]
  },
  {
    "timeStamp": 102545,
    "rotation": [
      [
        0.226363778,
        -0.8928229,
        0.389392644
      ],
      [
        -0.414299637,
        0.273551553,
        0.8680584
      ],
      [
        -0.881541431,
        -0.3578222,
        -0.30797407
      ]
    ],
    "translation": [
      1.82921755,
      0.9304615,
      -0.68642
    ]
  },
  {
    "timeStamp": 102600,
    "rotation": [
      [
        0.123160787,
        -0.9414756,
        0.313775748
      ],
      [
        -0.478711963,
        0.2206005,
        0.849806
      ],
      [
        -0.86929065,
        -0.254871,
        -0.4235263
      ]
    ],
    "translation": [
      1.89614773,
      0.9521896,
      -0.65501827
    ]
  },
  {
    "timeStamp": 102645,
    "rotation": [
      [
        0.055209,
        -0.9678187,
        0.245517686
      ],
      [
        -0.515940666,
        0.182868659,
        0.8368777
      ],
      [
        -0.8548434,
        -0.172875732,
        -0.489241034
      ]
    ],
    "translation": [
      1.94987738,
      0.965992,
      -0.6340588
    ]
  },
  {
    "timeStamp": 102700,
    "rotation": [
      [
        -0.005001829,
        -0.9880183,
        0.154255837
      ],
      [
        -0.5478986,
        0.131750569,
        0.826104641
      ],
      [
        -0.836529732,
        -0.08038453,
        -0.541992843
      ]
    ],
    "translation": [
      2.014523,
      0.974444747,
      -0.6131573
    ]
  },
  {
    "timeStamp": 102748,
    "rotation": [
      [
        -0.03681354,
        -0.994913,
        0.093770504
      ],
      [
        -0.5655656,
        0.09810328,
        0.8188476
      ],
      [
        -0.8238813,
        -0.0228886828,
        -0.566300035
      ]
    ],
    "translation": [
      2.06063151,
      0.974040449,
      -0.5996758
    ]
  },
  {
    "timeStamp": 102795,
    "rotation": [
      [
        -0.07782602,
        -0.9962997,
        0.0364701264
      ],
      [
        -0.558678865,
        0.0738806352,
        0.826086938
      ],
      [
        -0.8257246,
        0.0439159758,
        -0.56236136
      ]
    ],
    "translation": [
      2.111217,
      0.966555059,
      -0.585870743
    ]
  },
  {
    "timeStamp": 102850,
    "rotation": [
      [
        -0.106457673,
        -0.9942561,
        0.0110270735
      ],
      [
        -0.5562067,
        0.06873988,
        0.828196168
      ],
      [
        -0.824197054,
        0.0820345059,
        -0.5603298
      ]
    ],
    "translation": [
      2.14770341,
      0.958471954,
      -0.5727441
    ]
  },
  {
    "timeStamp": 102895,
    "rotation": [
      [
        -0.100142211,
        -0.994967,
        0.003483905
      ],
      [
        -0.542113364,
        0.0574985035,
        0.8383359
      ],
      [
        -0.83431685,
        0.08206414,
        -0.545142949
      ]
    ],
    "translation": [
      2.16703415,
      0.9475882,
      -0.5639771
    ]
  },
  {
    "timeStamp": 102950,
    "rotation": [
      [
        -0.0516418,
        -0.9986648,
        -0.001337646
      ],
      [
        -0.536674,
        0.0266222265,
        0.8433696
      ],
      [
        -0.8422079,
        0.0442710035,
        -0.537332237
      ]
    ],
    "translation": [
      2.18092012,
      0.9340516,
      -0.5546139
    ]
  },
  {
    "timeStamp": 102995,
    "rotation": [
      [
        -0.0411029,
        -0.9976375,
        0.0550450422
      ],
      [
        -0.519750655,
        0.06839986,
        0.851575434
      ],
      [
        -0.8533287,
        0.00639252365,
        -0.5213342
      ]
    ],
    "translation": [
      2.1830976,
      0.9250236,
      -0.5503838
    ]
  },
  {
    "timeStamp": 103050,
    "rotation": [
      [
        0.0123108076,
        -0.998367548,
        0.05577268
      ],
      [
        -0.5062764,
        0.0418757,
        0.861353934
      ],
      [
        -0.862283349,
        -0.0388403535,
        -0.5049345
      ]
    ],
    "translation": [
      2.18578815,
      0.91151166,
      -0.5476337
    ]
  },
  {
    "timeStamp": 103095,
    "rotation": [
      [
        0.0464695655,
        -0.9968407,
        0.06441395
      ],
      [
        -0.49958,
        0.0326479673,
        0.8656523
      ],
      [
        -0.8650205,
        -0.07240641,
        -0.496484548
      ]
    ],
    "translation": [
      2.18703341,
      0.90428865,
      -0.545715
    ]
  },
  {
    "timeStamp": 103151,
    "rotation": [
      [
        0.0464676023,
        -0.995028853,
        0.08808173
      ],
      [
        -0.492021322,
        0.0539402366,
        0.8689105
      ],
      [
        -0.869342148,
        -0.083714284,
        -0.487068921
      ]
    ],
    "translation": [
      2.18816876,
      0.895693243,
      -0.54376924
    ]
  },
  {
    "timeStamp": 103196,
    "rotation": [
      [
        0.07222405,
        -0.9931868,
        0.091453366
      ],
      [
        -0.488553047,
        0.0447107,
        0.8713879
      ],
      [
        -0.869539857,
        -0.107614987,
        -0.481995255
      ]
    ],
    "translation": [
      2.18881941,
      0.889949441,
      -0.54229
    ]
  },
  {
    "timeStamp": 103254,
    "rotation": [
      [
        0.0583507046,
        -0.992408633,
        0.108260579
      ],
      [
        -0.4767813,
        0.06757427,
        0.876420736
      ],
      [
        -0.8770831,
        -0.102756388,
        -0.46921888
      ]
    ],
    "translation": [
      2.18967867,
      0.8823532,
      -0.539891064
    ]
  },
  {
    "timeStamp": 103299,
    "rotation": [
      [
        0.05523809,
        -0.9910986,
        0.121129051
      ],
      [
        -0.464897335,
        0.08183268,
        0.881574631
      ],
      [
        -0.8836397,
        -0.105009086,
        -0.456238836
      ]
    ],
    "translation": [
      2.18953466,
      0.8763389,
      -0.5383033
    ]
  },
  {
    "timeStamp": 103344,
    "rotation": [
      [
        0.06112703,
        -0.9896877,
        0.129544586
      ],
      [
        -0.457234561,
        0.08760368,
        0.885021
      ],
      [
        -0.8872429,
        -0.113330975,
        -0.447164476
      ]
    ],
    "translation": [
      2.18810153,
      0.870955169,
      -0.537546
    ]
  },
  {
    "timeStamp": 103399,
    "rotation": [
      [
        0.046559643,
        -0.988043547,
        0.146976858
      ],
      [
        -0.440987,
        0.111691512,
        0.8905366
      ],
      [
        -0.896305,
        -0.106277958,
        -0.430514038
      ]
    ],
    "translation": [
      2.18722463,
      0.8653077,
      -0.5365944
    ]
  },
  {
    "timeStamp": 103444,
    "rotation": [
      [
        0.03198655,
        -0.9862859,
        0.161916286
      ],
      [
        -0.427738339,
        0.132906616,
        0.894078135
      ],
      [
        -0.903336465,
        -0.09785628,
        -0.4176211
      ]
    ],
    "translation": [
      2.18690157,
      0.861397147,
      -0.53676
    ]
  }
]