[
  {
    "timeStamp": 67427,
    "rotation": [
      [
        0.124964461,
        0.9918115,
        -0.0263407771
      ],
      [
        -0.108272463,
        0.04002263,
        0.9933153
      ],
      [
        0.986235738,
        -0.121277124,
        0.112387277
      ]
    ],
    "translation": [
      1.45454657,
      0.6970983,
      -0.6301368
    ]
  },
  {
    "timeStamp": 67483,
    "rotation": [
      [
        0.0258049183,
        0.9993271,
        0.0260655079
      ],
      [
        -0.07778259,
        -0.0239879824,
        0.9966817
      ],
      [
        0.9966363,
        -0.0277467482,
        0.0771112442
      ]
    ],
    "translation": [
      1.45677555,
      0.702839,
      -0.6298023
    ]
  },
  {
    "timeStamp": 67527,
    "rotation": [
      [
        0.08785342,
        0.9955489,
        0.03411948
      ],
      [
        0.0225638468,
        -0.0362319648,
        0.999088645
      ],
      [
        0.995877862,
        -0.0870034844,
        -0.0256465152
      ]
    ],
    "translation": [
      1.46030116,
      0.7038698,
      -0.625411451
    ]
  },
  {
    "timeStamp": 67574,
    "rotation": [
      [
        0.07297739,
        0.993563354,
        0.08663766
      ],
      [
        0.01721811,
        -0.0881114751,
        0.9959618
      ],
      [
        0.997184932,
        -0.0711909458,
        -0.0235374272
      ]
    ],
    "translation": [
      1.46554112,
      0.7238117,
      -0.632353842
    ]
  },
  {
    "timeStamp": 67627,
    "rotation": [
      [
        0.0539097153,
        0.985285938,
        0.162189066
      ],
      [
        0.0187384021,
        -0.163394868,
        0.9863828
      ],
      [
        0.998369932,
        -0.05013645,
        -0.0272712559
      ]
    ],
    "translation": [
      1.48190725,
      0.7523906,
      -0.645978034
    ]
  },
  {
    "timeStamp": 67683,
    "rotation": [
      [
        0.06916491,
        0.974549651,
        0.213235065
      ],
      [
        0.0170988124,
        -0.214873627,
        0.976492167
      ],
      [
        0.9974587,
        -0.06389292,
        -0.0315253548
      ]
    ],
    "translation": [
      1.51236367,
      0.777738,
      -0.656983435
    ]
  },
  {
    "timeStamp": 67727,
    "rotation": [
      [
        0.0951343849,
        0.9650865,
        0.2440439
      ],
      [
        0.00405820366,
        -0.2455298,
        0.969380558
      ],
      [
        0.995456159,
        -0.09123104,
        -0.0272748433
      ]
    ],
    "translation": [
      1.54482436,
      0.7949916,
      -0.6641533
    ]
  },
  {
    "timeStamp": 67783,
    "rotation": [
      [
        0.138796762,
        0.948911667,
        0.283376336
      ],
      [
        -0.0124159753,
        -0.2844561,
        0.9586087
      ],
      [
        0.9902431,
        -0.136570185,
        -0.027699925
      ]
    ],
    "translation": [
      1.59156775,
      0.816074848,
      -0.6692074
    ]
  },
  {
    "timeStamp": 67827,
    "rotation": [
      [
        0.196699291,
        0.9334067,
        0.300102234
      ],
      [
        -0.007348589,
        -0.3046698,
        0.9524297
      ],
      [
        0.9804363,
        -0.189547569,
        -0.0530691072
      ]
    ],
    "translation": [
      1.6364336,
      0.833249569,
      -0.667741954
    ]
  },
  {
    "timeStamp": 67872,
    "rotation": [
      [
        0.269420624,
        0.908269048,
        0.3200935
      ],
      [
        0.00159135787,
        -0.332803637,
        0.9429948
      ],
      [
        0.9630213,
        -0.253552854,
        -0.091109544
      ]
    ],
    "translation": [
      1.68378222,
      0.8524801,
      -0.6627406
    ]
  },
  {
    "timeStamp": 67927,
    "rotation": [
      [
        0.3555159,
        0.8762062,
        0.3253785
      ],
      [
        0.03271166,
        -0.359572023,
        0.9325438
      ],
      [
        0.934097648,
        -0.3208905,
        -0.15649572
      ]
    ],
    "translation": [
      1.74666059,
      0.8749441,
      -0.6560149
    ]
  },
  {
    "timeStamp": 67983,
    "rotation": [
      [
        0.449526459,
        0.835601866,
        0.31574595
      ],
      [
        0.05165561,
        -0.3771987,
        0.924690664
      ],
      [
        0.8917722,
        -0.399362862,
        -0.2127243
      ]
    ],
    "translation": [
      1.81161618,
      0.893789768,
      -0.647584558
    ]
  },
  {
    "timeStamp": 68027,
    "rotation": [
      [
        0.481442362,
        0.834097445,
        0.269248426
      ],
      [
        0.108270653,
        -0.36143744,
        0.9260888
      ],
      [
        0.869764745,
        -0.416706681,
        -0.264319569
      ]
    ],
    "translation": [
      1.86086977,
      0.9040637,
      -0.6450136
    ]
  },
  {
    "timeStamp": 68082,
    "rotation": [
      [
        0.5424271,
        0.813906133,
        0.208157748
      ],
      [
        0.163843855,
        -0.345508456,
        0.9240017
      ],
      [
        0.8239709,
        -0.4670982,
        -0.320766658
      ]
    ],
    "translation": [
      1.92177212,
      0.9150692,
      -0.6390739
    ]
  },
  {
    "timeStamp": 68127,
    "rotation": [
      [
        0.5987952,
        0.7795914,
        0.183525622
      ],
      [
        0.185266927,
        -0.3577627,
        0.9152497
      ],
      [
        0.7791794,
        -0.5140459,
        -0.358659059
      ]
    ],
    "translation": [
      1.96640134,
      0.925571,
      -0.6338432
    ]
  },
  {
    "timeStamp": 68183,
    "rotation": [
      [
        0.653066158,
        0.746672034,
        0.12643373
      ],
      [
        0.224725634,
        -0.350507468,
        0.909199059
      ],
      [
        0.7231895,
        -0.5653542,
        -0.396700919
      ]
    ],
    "translation": [
      2.01935625,
      0.932085931,
      -0.623696268
    ]
  },
  {
    "timeStamp": 68228,
    "rotation": [
      [
        0.691596448,
        0.7172103,
        0.08546215
      ],
      [
        0.231615916,
        -0.332290858,
        0.9142958
      ],
      [
        0.6841407,
        -0.6125293,
        -0.3959285
      ]
    ],
    "translation": [
      2.05517364,
      0.926609039,
      -0.6171212
    ]
  },
  {
    "timeStamp": 68277,
    "rotation": [
      [
        0.717352033,
        0.6941211,
        0.0600157641
      ],
      [
        0.2106722,
        -0.298216432,
        0.930958748
      ],
      [
        0.6640958,
        -0.655181468,
        -0.3601582
      ]
    ],
    "translation": [
      2.09050727,
      0.9100507,
      -0.6120234
    ]
  },
  {
    "timeStamp": 68333,
    "rotation": [
      [
        0.7014031,
        0.7114234,
        0.04370746
      ],
      [
        0.180640131,
        -0.236745179,
        0.954631269
      ],
      [
        0.68949455,
        -0.661686,
        -0.294565439
      ]
    ],
    "translation": [
      2.10715222,
      0.8820085,
      -0.6137945
    ]
  },
  {
    "timeStamp": 68377,
    "rotation": [
      [
        0.688749969,
        0.7221433,
        0.06428468
      ],
      [
        0.149622574,
        -0.228341654,
        0.962015152
      ],
      [
        0.709391654,
        -0.6529695,
        -0.265319228
      ]
    ],
    "translation": [
      2.110816,
      0.863977,
      -0.6137082
    ]
  },
  {
    "timeStamp": 68433,
    "rotation": [
      [
        0.6443693,
        0.762609541,
        0.0566988662
      ],
      [
        0.143514916,
        -0.1934232,
        0.97056216
      ],
      [
        0.7511269,
        -0.6172634,
        -0.234081835
      ]
    ],
    "translation": [
      2.110952,
      0.842007,
      -0.616737664
    ]
  },
  {
    "timeStamp": 68477,
    "rotation": [
      [
        0.6513663,
        0.754186749,
        0.0832122043
      ],
      [
        0.107991673,
        -0.200698838,
        0.9736826
      ],
      [
        0.751039147,
        -0.625237763,
        -0.212174356
      ]
    ],
    "translation": [
      2.10945034,
      0.829603732,
      -0.6158975
    ]
  },
  {
    "timeStamp": 68533,
    "rotation": [
      [
        0.6375695,
        0.764785051,
        0.09278471
      ],
      [
        0.0865842849,
        -0.1908098,
        0.977800965
      ],
      [
        0.7655118,
        -0.6153824,
        -0.187872872
      ]
    ],
    "translation": [
      2.10849524,
      0.815659463,
      -0.616008
    ]
  },
  {
    "timeStamp": 68577,
    "rotation": [
      [
        0.6495619,
        0.751148343,
        0.11766725
      ],
      [
        0.0607981235,
        -0.205583289,
        0.976749241
      ],
      [
        0.757874,
        -0.62730515,
        -0.179207474
      ]
    ],
    "translation": [
      2.10674071,
      0.809244156,
      -0.6136478
    ]
  },
  {
    "timeStamp": 68633,
    "rotation": [
      [
        0.64136827,
        0.7600148,
        0.104996666
      ],
      [
        0.0554410852,
        -0.182403192,
        0.9816595
      ],
      [
        0.765227437,
        -0.6237841,
        -0.159123659
      ]
    ],
    "translation": [
      2.10597324,
      0.797940254,
      -0.6141879
    ]
  },
  {
    "timeStamp": 68679,
    "rotation": [
      [
        0.6514021,
        0.748390853,
        0.124845356
      ],
      [
        0.03200417,
        -0.19150047,
        0.9809706
      ],
      [
        0.758057356,
        -0.6350108,
        -0.148695454
      ]
    ],
    "translation": [
      2.10338783,
      0.793252051,
      -0.6135901
    ]
  },
  {
    "timeStamp": 68724,
    "rotation": [
      [
        0.642717957,
        0.755762458,
        0.125446156
      ],
      [
        0.02195226,
        -0.181846753,
        0.9830818
      ],
      [
        0.7657883,
        -0.6290905,
        -0.13346687
      ]
    ],
    "translation": [
      2.099901,
      0.7886501,
      -0.6149979
    ]
  },
  {
    "timeStamp": 68781,
    "rotation": [
      [
        0.641173959,
        0.7560941,
        0.131216049
      ],
      [
        0.00670338748,
        -0.1765006,
        0.9842777
      ],
      [
        0.7673663,
        -0.6302137,
        -0.11823599
      ]
    ],
    "translation": [
      2.09549785,
      0.782196939,
      -0.617174745
    ]
  },
  {
    "timeStamp": 68827,
    "rotation": [
      [
        0.6453811,
        0.754438341,
        0.119607911
      ],
      [
        0.014488345,
        -0.168645352,
        0.9855703
      ],
      [
        0.7637233,
        -0.6343355,
        -0.119771086
      ]
    ],
    "translation": [
      2.09452748,
      0.7807116,
      -0.61696
    ]
  },
  {
    "timeStamp": 68882,
    "rotation": [
      [
        0.653751552,
        0.747200131,
        0.119585954
      ],
      [
        0.005843374,
        -0.1630144,
        0.986606359
      ],
      [
        0.7566867,
        -0.644296646,
        -0.110937081
      ]
    ],
    "translation": [
      2.09251356,
      0.7830894,
      -0.6171777
    ]
  }
]