[
  {
    "timeStamp": 69915,
    "rotation": [
      [
        0.591209531,
        0.5363326,
        -0.6023443
      ],
      [
        0.175103158,
        0.6436736,
        0.7449988
      ],
      [
        0.787280262,
        -0.545922756,
        0.2866324
      ]
    ],
    "translation": [
      1.74724424,
      0.694177151,
      -0.5030973
    ]
  },
  {
    "timeStamp": 69970,
    "rotation": [
      [
        0.607537031,
        0.508080959,
        -0.6105346
      ],
      [
        0.165868759,
        0.670552433,
        0.7230816
      ],
      [
        0.7767795,
        -0.540567458,
        0.32311067
      ]
    ],
    "translation": [
      1.7568934,
      0.700094044,
      -0.5102028
    ]
  },
  {
    "timeStamp": 70015,
    "rotation": [
      [
        0.611427665,
        0.5324814,
        -0.585337341
      ],
      [
        0.168264925,
        0.635307968,
        0.753704667
      ],
      [
        0.773203135,
        -0.5593276,
        0.2988469
      ]
    ],
    "translation": [
      1.75792313,
      0.7170745,
      -0.5133619
    ]
  },
  {
    "timeStamp": 70073,
    "rotation": [
      [
        0.635874,
        0.5688775,
        -0.5215771
      ],
      [
        0.156002223,
        0.5671131,
        0.808731139
      ],
      [
        0.7558622,
        -0.595618248,
        0.2718663
      ]
    ],
    "translation": [
      1.7620306,
      0.749351561,
      -0.516941965
    ]
  },
  {
    "timeStamp": 70115,
    "rotation": [
      [
        0.6602226,
        0.5848299,
        -0.471253723
      ],
      [
        0.156579286,
        0.506481767,
        0.8479146
      ],
      [
        0.7345672,
        -0.63360095,
        0.242818475
      ]
    ],
    "translation": [
      1.77409565,
      0.7795535,
      -0.5212206
    ]
  },
  {
    "timeStamp": 70170,
    "rotation": [
      [
        0.6886252,
        0.5930309,
        -0.417264342
      ],
      [
        0.161434844,
        0.435617924,
        0.885537
      ],
      [
        0.706918657,
        -0.677164137,
        0.204241648
      ]
    ],
    "translation": [
      1.79652679,
      0.8196218,
      -0.529632
    ]
  },
  {
    "timeStamp": 70215,
    "rotation": [
      [
        0.710242033,
        0.587853,
        -0.387279123
      ],
      [
        0.173488766,
        0.387008518,
        0.9056081
      ],
      [
        0.6822448,
        -0.710389555,
        0.172883824
      ]
    ],
    "translation": [
      1.821698,
      0.8514287,
      -0.537993133
    ]
  },
  {
    "timeStamp": 70270,
    "rotation": [
      [
        0.751062751,
        0.5550827,
        -0.3574744
      ],
      [
        0.197402149,
        0.327874541,
        0.9238672
      ],
      [
        0.6300295,
        -0.764448464,
        0.136679828
      ]
    ],
    "translation": [
      1.864147,
      0.8889205,
      -0.5480193
    ]
  },
  {
    "timeStamp": 70315,
    "rotation": [
      [
        0.791494548,
        0.509140551,
        -0.338100821
      ],
      [
        0.208613262,
        0.294915617,
        0.932472646
      ],
      [
        0.574470937,
        -0.8085793,
        0.127210632
      ]
    ],
    "translation": [
      1.90525341,
      0.9122709,
      -0.555782139
    ]
  },
  {
    "timeStamp": 70370,
    "rotation": [
      [
        0.8374653,
        0.4319715,
        -0.334742546
      ],
      [
        0.230733857,
        0.2757673,
        0.9331207
      ],
      [
        0.4953926,
        -0.858692646,
        0.1312751
      ]
    ],
    "translation": [
      1.96307337,
      0.9296355,
      -0.5647437
    ]
  },
  {
    "timeStamp": 70415,
    "rotation": [
      [
        0.8784902,
        0.3584265,
        -0.3158883
      ],
      [
        0.223821327,
        0.275382221,
        0.9349164
      ],
      [
        0.422088832,
        -0.8920174,
        0.16169709
      ]
    ],
    "translation": [
      2.00956631,
      0.933683157,
      -0.572700143
    ]
  },
  {
    "timeStamp": 70470,
    "rotation": [
      [
        0.9097917,
        0.2860498,
        -0.3007565
      ],
      [
        0.20900245,
        0.3103138,
        0.9273744
      ],
      [
        0.3586042,
        -0.9065764,
        0.2225358
      ]
    ],
    "translation": [
      2.05959964,
      0.9229577,
      -0.583655
    ]
  },
  {
    "timeStamp": 70515,
    "rotation": [
      [
        0.9166349,
        0.255849451,
        -0.307117939
      ],
      [
        0.202309638,
        0.365705281,
        0.908477
      ],
      [
        0.344748,
        -0.894874632,
        0.283457428
      ]
    ],
    "translation": [
      2.08912015,
      0.9022987,
      -0.593542933
    ]
  },
  {
    "timeStamp": 70568,
    "rotation": [
      [
        0.9149611,
        0.2517546,
        -0.315381974
      ],
      [
        0.185560986,
        0.431531966,
        0.8828065
      ],
      [
        0.358347982,
        -0.8662562,
        0.34811914
      ]
    ],
    "translation": [
      2.11092234,
      0.8722967,
      -0.6067644
    ]
  },
  {
    "timeStamp": 70621,
    "rotation": [
      [
        0.905233443,
        0.278804749,
        -0.32065618
      ],
      [
        0.162091613,
        0.470994353,
        0.8671163
      ],
      [
        0.392783374,
        -0.836918354,
        0.381167918
      ]
    ],
    "translation": [
      2.11885738,
      0.845965,
      -0.617786944
    ]
  },
  {
    "timeStamp": 70665,
    "rotation": [
      [
        0.8919158,
        0.294425815,
        -0.34321937
      ],
      [
        0.168293655,
        0.4883509,
        0.8562655
      ],
      [
        0.4197182,
        -0.821478367,
        0.386017919
      ]
    ],
    "translation": [
      2.120409,
      0.829782,
      -0.623810768
    ]
  },
  {
    "timeStamp": 70720,
    "rotation": [
      [
        0.8795381,
        0.322000057,
        -0.350326449
      ],
      [
        0.153851181,
        0.504251242,
        0.849741459
      ],
      [
        0.450269341,
        -0.8012781,
        0.3939681
      ]
    ],
    "translation": [
      2.1185317,
      0.8156381,
      -0.6293241
    ]
  },
  {
    "timeStamp": 70765,
    "rotation": [
      [
        0.8866647,
        0.319835842,
        -0.333962262
      ],
      [
        0.133816466,
        0.5138398,
        0.8473853
      ],
      [
        0.442627281,
        -0.796036243,
        0.412804276
      ]
    ],
    "translation": [
      2.119412,
      0.8056038,
      -0.6311834
    ]
  },
  {
    "timeStamp": 70821,
    "rotation": [
      [
        0.8666296,
        0.341574579,
        -0.363703132
      ],
      [
        0.148340523,
        0.5195889,
        0.841440737
      ],
      [
        0.476390868,
        -0.7831693,
        0.399621725
      ]
    ],
    "translation": [
      2.118106,
      0.797938645,
      -0.6310356
    ]
  },
  {
    "timeStamp": 70865,
    "rotation": [
      [
        0.8703574,
        0.3506566,
        -0.3457138
      ],
      [
        0.132006541,
        0.5102217,
        0.8498518
      ],
      [
        0.474396825,
        -0.7853112,
        0.39778626
      ]
    ],
    "translation": [
      2.11561656,
      0.7952704,
      -0.629258156
    ]
  }
]