[
  {
    "timeStamp": 104788,
    "rotation": [
      [
        0.9999993,
        0.000788118166,
        -0.000870828633
      ],
      [
        -0.0008212749,
        0.9992484,
        -0.0387545228
      ],
      [
        0.000839631,
        0.038755212,
        0.9992484
      ]
    ],
    "translation": [
      1.77001321,
      0.697186232,
      -0.7504809
    ]
  },
  {
    "timeStamp": 104833,
    "rotation": [
      [
        0.9999973,
        0.00220883382,
        -0.000674121955
      ],
      [
        -0.00223143585,
        0.9993634,
        -0.03560505
      ],
      [
        0.0005950472,
        0.03560646,
        0.9993657
      ]
    ],
    "translation": [
      1.76994216,
      0.697077,
      -0.750483453
    ]
  },
  {
    "timeStamp": 104888,
    "rotation": [
      [
        0.9987737,
        -0.00232730387,
        0.04945414
      ],
      [
        0.00510037364,
        0.9984165,
        -0.0560216047
      ],
      [
        -0.0492454544,
        0.05620514,
        0.997204
      ]
    ],
    "translation": [
      1.77051628,
      0.698376536,
      -0.7496639
    ]
  },
  {
    "timeStamp": 104933,
    "rotation": [
      [
        0.99788934,
        0.0103674205,
        0.0641048551
      ],
      [
        -0.002312954,
        0.9922215,
        -0.124463364
      ],
      [
        -0.0648965761,
        0.12405239,
        0.9901513
      ]
    ],
    "translation": [
      1.77494669,
      0.7085066,
      -0.7486788
    ]
  },
  {
    "timeStamp": 104988,
    "rotation": [
      [
        0.994445443,
        0.06323525,
        0.0841393
      ],
      [
        -0.05308895,
        0.991617858,
        -0.1177944
      ],
      [
        -0.09088279,
        0.112673238,
        0.989467
      ]
    ],
    "translation": [
      1.77789855,
      0.7316203,
      -0.7493931
    ]
  },
  {
    "timeStamp": 105033,
    "rotation": [
      [
        0.9853418,
        0.125186622,
        0.115887627
      ],
      [
        -0.113914572,
        0.9885183,
        -0.09927277
      ],
      [
        -0.126984656,
        0.08461632,
        0.988288939
      ]
    ],
    "translation": [
      1.78195834,
      0.7555937,
      -0.74819845
    ]
  },
  {
    "timeStamp": 105088,
    "rotation": [
      [
        0.964361548,
        0.200052828,
        0.173163846
      ],
      [
        -0.188181311,
        0.9786527,
        -0.0826237053
      ],
      [
        -0.185996369,
        0.0470929258,
        0.9814213
      ]
    ],
    "translation": [
      1.79363167,
      0.785636365,
      -0.7474524
    ]
  },
  {
    "timeStamp": 105132,
    "rotation": [
      [
        0.939218044,
        0.257099122,
        0.227529347
      ],
      [
        -0.24605079,
        0.966259956,
        -0.07616264
      ],
      [
        -0.23943384,
        0.0155495452,
        0.9707882
      ]
    ],
    "translation": [
      1.8063097,
      0.809515953,
      -0.7455121
    ]
  },
  {
    "timeStamp": 105188,
    "rotation": [
      [
        0.883863032,
        0.352979183,
        0.306907
      ],
      [
        -0.345872432,
        0.9349327,
        -0.07920294
      ],
      [
        -0.314894378,
        -0.03614611,
        0.9484382
      ]
    ],
    "translation": [
      1.82590163,
      0.8398907,
      -0.7426675
    ]
  },
  {
    "timeStamp": 105232,
    "rotation": [
      [
        0.8301448,
        0.431821585,
        0.352689266
      ],
      [
        -0.430359542,
        0.8984483,
        -0.08706994
      ],
      [
        -0.354471773,
        -0.0795025453,
        0.9316808
      ]
    ],
    "translation": [
      1.84401131,
      0.8667088,
      -0.738510132
    ]
  },
  {
    "timeStamp": 105288,
    "rotation": [
      [
        0.7669322,
        0.472063035,
        0.434708625
      ],
      [
        -0.500479758,
        0.8639831,
        -0.05525648
      ],
      [
        -0.401665449,
        -0.175184891,
        0.8988744
      ]
    ],
    "translation": [
      1.87193513,
      0.896075,
      -0.7291759
    ]
  },
  {
    "timeStamp": 105332,
    "rotation": [
      [
        0.7063476,
        0.5192229,
        0.481124341
      ],
      [
        -0.571861863,
        0.819144845,
        -0.0444490165
      ],
      [
        -0.417189479,
        -0.243740216,
        0.875524759
      ]
    ],
    "translation": [
      1.89529788,
      0.9214344,
      -0.719996035
    ]
  },
  {
    "timeStamp": 105388,
    "rotation": [
      [
        0.6416602,
        0.5469648,
        0.537681639
      ],
      [
        -0.642389536,
        0.76627,
        -0.0128829628
      ],
      [
        -0.419055849,
        -0.33713457,
        0.843049467
      ]
    ],
    "translation": [
      1.926756,
      0.94766295,
      -0.7078229
    ]
  },
  {
    "timeStamp": 105433,
    "rotation": [
      [
        0.5892591,
        0.5699608,
        0.5726416
      ],
      [
        -0.6968722,
        0.717187941,
        0.00326424651
      ],
      [
        -0.408831149,
        -0.4009815,
        0.8197993
      ]
    ],
    "translation": [
      1.95290458,
      0.9650745,
      -0.697036743
    ]
  },
  {
    "timeStamp": 105488,
    "rotation": [
      [
        0.5107274,
        0.599856257,
        0.6158977
      ],
      [
        -0.766401,
        0.642285,
        0.009974617
      ],
      [
        -0.389598519,
        -0.477118939,
        0.78776294
      ]
    ],
    "translation": [
      1.98637986,
      0.98072803,
      -0.6839026
    ]
  },
  {
    "timeStamp": 105539,
    "rotation": [
      [
        0.4668732,
        0.6188228,
        0.6317339
      ],
      [
        -0.8048592,
        0.593309045,
        0.0136355152
      ],
      [
        -0.3663755,
        -0.51482296,
        0.775065362
      ]
    ],
    "translation": [
      2.01046419,
      0.984922945,
      -0.674007535
    ]
  },
  {
    "timeStamp": 105582,
    "rotation": [
      [
        0.450506479,
        0.6110288,
        0.650913
      ],
      [
        -0.822732449,
        0.567226231,
        0.03695535
      ],
      [
        -0.34663415,
        -0.5521759,
        0.7582523
      ]
    ],
    "translation": [
      2.03614926,
      0.9803776,
      -0.6623791
    ]
  },
  {
    "timeStamp": 105638,
    "rotation": [
      [
        0.449315637,
        0.607855,
        0.6546967
      ],
      [
        -0.821024954,
        0.569856048,
        0.03438159
      ],
      [
        -0.352183878,
        -0.5529705,
        0.75510937
      ]
    ],
    "translation": [
      2.054365,
      0.970044136,
      -0.650665641
    ]
  },
  {
    "timeStamp": 105682,
    "rotation": [
      [
        0.435571,
        0.6132092,
        0.6589783
      ],
      [
        -0.829932034,
        0.5570459,
        0.0302114449
      ],
      [
        -0.3485552,
        -0.5600664,
        0.751554966
      ]
    ],
    "translation": [
      2.065708,
      0.9650407,
      -0.643186331
    ]
  },
  {
    "timeStamp": 105738,
    "rotation": [
      [
        0.405930966,
        0.6349352,
        0.657325864
      ],
      [
        -0.844169259,
        0.5360653,
        0.00351077
      ],
      [
        -0.350140452,
        -0.5563194,
        0.7535983
      ]
    ],
    "translation": [
      2.07611227,
      0.959770262,
      -0.6361639
    ]
  },
  {
    "timeStamp": 105782,
    "rotation": [
      [
        0.406633258,
        0.643606,
        0.6483985
      ],
      [
        -0.847731769,
        0.5303999,
        0.005162518
      ],
      [
        -0.3405879,
        -0.5517673,
        0.7612835
      ]
    ],
    "translation": [
      2.07993126,
      0.9553668,
      -0.633306563
    ]
  },
  {
    "timeStamp": 105838,
    "rotation": [
      [
        0.389316082,
        0.6672054,
        0.6350354
      ],
      [
        -0.8609945,
        0.508572757,
        -0.0064933
      ],
      [
        -0.327294081,
        -0.5442341,
        0.772455752
      ]
    ],
    "translation": [
      2.08336139,
      0.9508898,
      -0.6317966
    ]
  },
  {
    "timeStamp": 105882,
    "rotation": [
      [
        0.364473075,
        0.681726933,
        0.63435626
      ],
      [
        -0.869478941,
        0.493040234,
        -0.0302939117
      ],
      [
        -0.333415329,
        -0.5405181,
        0.77244705
      ]
    ],
    "translation": [
      2.087398,
      0.946369052,
      -0.6298542
    ]
  },
  {
    "timeStamp": 105938,
    "rotation": [
      [
        0.332470119,
        0.7093007,
        0.6215755
      ],
      [
        -0.8858222,
        0.461065084,
        -0.05232565
      ],
      [
        -0.323701382,
        -0.533208668,
        0.781604648
      ]
    ],
    "translation": [
      2.09289861,
      0.942025542,
      -0.6279535
    ]
  },
  {
    "timeStamp": 105983,
    "rotation": [
      [
        0.303522855,
        0.727639854,
        0.61515373
      ],
      [
        -0.8962234,
        0.437222451,
        -0.07496692
      ],
      [
        -0.323507965,
        -0.528561056,
        0.7848349
      ]
    ],
    "translation": [
      2.09711885,
      0.9375573,
      -0.6256028
    ]
  },
  {
    "timeStamp": 106040,
    "rotation": [
      [
        0.2807688,
        0.7397182,
        0.611543834
      ],
      [
        -0.903897643,
        0.418031931,
        -0.0906551
      ],
      [
        -0.3227041,
        -0.5273199,
        0.785999835
      ]
    ],
    "translation": [
      2.10091,
      0.9293492,
      -0.622754
    ]
  },
  {
    "timeStamp": 106086,
    "rotation": [
      [
        0.268571049,
        0.755948067,
        0.597002566
      ],
      [
        -0.9075369,
        0.406316578,
        -0.106224194
      ],
      [
        -0.322872,
        -0.5132731,
        0.7951757
      ]
    ],
    "translation": [
      2.10101628,
      0.92259866,
      -0.621725142
    ]
  },
  {
    "timeStamp": 106143,
    "rotation": [
      [
        0.264759451,
        0.7639939,
        0.5884009
      ],
      [
        -0.9097657,
        0.4002069,
        -0.1102761
      ],
      [
        -0.319732368,
        -0.5061103,
        0.801014066
      ]
    ],
    "translation": [
      2.09978247,
      0.9143127,
      -0.620898962
    ]
  },
  {
    "timeStamp": 106187,
    "rotation": [
      [
        0.267784745,
        0.7659107,
        0.584527254
      ],
      [
        -0.9092384,
        0.401575923,
        -0.109646104
      ],
      [
        -0.318711221,
        -0.5021131,
        0.803931355
      ]
    ],
    "translation": [
      2.09847641,
      0.9081152,
      -0.6206629
    ]
  },
  {
    "timeStamp": 106243,
    "rotation": [
      [
        0.2670383,
        0.7700699,
        0.5793815
      ],
      [
        -0.9096095,
        0.399977177,
        -0.112378165
      ],
      [
        -0.318278432,
        -0.497001648,
        0.8072721
      ]
    ],
    "translation": [
      2.096688,
      0.902027249,
      -0.62130934
    ]
  },
  {
    "timeStamp": 106287,
    "rotation": [
      [
        0.272800028,
        0.768594265,
        0.5786562
      ],
      [
        -0.9085969,
        0.4035568,
        -0.107673928
      ],
      [
        -0.3162782,
        -0.496391743,
        0.808432639
      ]
    ],
    "translation": [
      2.09586573,
      0.8981004,
      -0.6219396
    ]
  },
  {
    "timeStamp": 106343,
    "rotation": [
      [
        0.287806123,
        0.7593383,
        0.583586335
      ],
      [
        -0.904470742,
        0.415822774,
        -0.0949952453
      ],
      [
        -0.314802,
        -0.5004965,
        0.806475639
      ]
    ],
    "translation": [
      2.09557867,
      0.8924476,
      -0.6235714
    ]
  },
  {
    "timeStamp": 106387,
    "rotation": [
      [
        0.303990275,
        0.7469534,
        0.591312468
      ],
      [
        -0.898055136,
        0.4318263,
        -0.08380359
      ],
      [
        -0.317941636,
        -0.505555749,
        0.8020764
      ]
    ],
    "translation": [
      2.09614134,
      0.887335956,
      -0.6247837
    ]
  },
  {
    "timeStamp": 106443,
    "rotation": [
      [
        0.323225766,
        0.7306513,
        0.601393163
      ],
      [
        -0.889524639,
        0.4514345,
        -0.0703764856
      ],
      [
        -0.3229103,
        -0.512206554,
        0.7958476
      ]
    ],
    "translation": [
      2.097035,
      0.8805027,
      -0.626600444
    ]
  },
  {
    "timeStamp": 106487,
    "rotation": [
      [
        0.3302326,
        0.721645951,
        0.608418941
      ],
      [
        -0.884656549,
        0.461391062,
        -0.06708956
      ],
      [
        -0.329133958,
        -0.516086638,
        0.7907752
      ]
    ],
    "translation": [
      2.09868217,
      0.876341462,
      -0.6281448
    ]
  },
  {
    "timeStamp": 106543,
    "rotation": [
      [
        0.347120047,
        0.712737441,
        0.6095187
      ],
      [
        -0.8781285,
        0.4751873,
        -0.05556482
      ],
      [
        -0.329238683,
        -0.515948057,
        0.7908221
      ]
    ],
    "translation": [
      2.098698,
      0.8729397,
      -0.630823731
    ]
  }
]