[
  {
    "timeStamp": 20231,
    "rotation": [
      [
        3.19408514E-06,
        0.999999642,
        0.00076342
      ],
      [
        -0.0196615737,
        -0.000763209653,
        0.9998064
      ],
      [
        0.999806643,
        -1.82032854E-05,
        0.0196615662
      ]
    ],
    "translation": [
      1.61600053,
      0.701767743,
      -0.620012939
    ]
  },
  {
    "timeStamp": 20277,
    "rotation": [
      [
        8.85069239E-05,
        0.9999542,
        0.009560776
      ],
      [
        -0.02825832,
        -0.009554457,
        0.999555
      ],
      [
        0.9996006,
        -0.00035863847,
        0.0282561816
      ]
    ],
    "translation": [
      1.61603987,
      0.7017524,
      -0.620059669
    ]
  },
  {
    "timeStamp": 20331,
    "rotation": [
      [
        -3.709648E-05,
        0.999846041,
        0.017548278
      ],
      [
        -0.04030568,
        -0.0175355133,
        0.9990335
      ],
      [
        0.9991874,
        -0.000670235546,
        0.0403001271
      ]
    ],
    "translation": [
      1.61605537,
      0.701900661,
      -0.6200974
    ]
  },
  {
    "timeStamp": 20376,
    "rotation": [
      [
        0.08848027,
        0.9954787,
        0.0345468819
      ],
      [
        -0.05829424,
        -0.02944838,
        0.997865
      ],
      [
        0.9943707,
        -0.09030524,
        0.05542507
      ]
    ],
    "translation": [
      1.61443555,
      0.7066078,
      -0.6232321
    ]
  },
  {
    "timeStamp": 20431,
    "rotation": [
      [
        0.164274067,
        0.982667267,
        0.08590148
      ],
      [
        -0.06719786,
        -0.0757338554,
        0.9948612
      ],
      [
        0.9841232,
        -0.169202313,
        0.0535920225
      ]
    ],
    "translation": [
      1.60724819,
      0.725402832,
      -0.620593
    ]
  },
  {
    "timeStamp": 20476,
    "rotation": [
      [
        0.23174116,
        0.9648774,
        0.123724535
      ],
      [
        -0.0677976,
        -0.110857606,
        0.9915211
      ],
      [
        0.9704121,
        -0.238164455,
        0.0397260971
      ]
    ],
    "translation": [
      1.60268831,
      0.7459859,
      -0.616708934
    ]
  },
  {
    "timeStamp": 20531,
    "rotation": [
      [
        0.318561256,
        0.932161,
        0.1720308
      ],
      [
        -0.06617142,
        -0.159174144,
        0.9850304
      ],
      [
        0.9455898,
        -0.32517606,
        0.0109757055
      ]
    ],
    "translation": [
      1.60303092,
      0.77670294,
      -0.610770464
    ]
  },
  {
    "timeStamp": 20576,
    "rotation": [
      [
        0.371916175,
        0.90754056,
        0.195060357
      ],
      [
        -0.0535845421,
        -0.188793987,
        0.9805537
      ],
      [
        0.9267184,
        -0.375136,
        -0.0215853937
      ]
    ],
    "translation": [
      1.60868,
      0.8034135,
      -0.606139
    ]
  },
  {
    "timeStamp": 20631,
    "rotation": [
      [
        0.4423985,
        0.8739412,
        0.201272085
      ],
      [
        -0.0312342234,
        -0.2092781,
        0.9773572
      ],
      [
        0.8962745,
        -0.438667953,
        -0.06528745
      ]
    ],
    "translation": [
      1.62717807,
      0.8361888,
      -0.603154063
    ]
  },
  {
    "timeStamp": 20676,
    "rotation": [
      [
        0.469060659,
        0.860328436,
        0.199542135
      ],
      [
        -0.013164171,
        -0.2191036,
        0.9756128
      ],
      [
        0.8830678,
        -0.4602484,
        -0.0914473757
      ]
    ],
    "translation": [
      1.645585,
      0.861676,
      -0.605169
    ]
  },
  {
    "timeStamp": 20731,
    "rotation": [
      [
        0.513094,
        0.8386342,
        0.1828312
      ],
      [
        0.0154735725,
        -0.222010344,
        0.9749215
      ],
      [
        0.8581929,
        -0.497397363,
        -0.126888856
      ]
    ],
    "translation": [
      1.67542994,
      0.8914263,
      -0.609169066
    ]
  },
  {
    "timeStamp": 20776,
    "rotation": [
      [
        0.5409411,
        0.8241411,
        0.167851374
      ],
      [
        0.0415643863,
        -0.225522265,
        0.973350942
      ],
      [
        0.840032756,
        -0.5195489,
        -0.15624918
      ]
    ],
    "translation": [
      1.7014178,
      0.914662838,
      -0.612596452
    ]
  },
  {
    "timeStamp": 20831,
    "rotation": [
      [
        0.5820599,
        0.8038329,
        0.12271481
      ],
      [
        0.08467824,
        -0.210012659,
        0.9740248
      ],
      [
        0.8087248,
        -0.556549549,
        -0.190307111
      ]
    ],
    "translation": [
      1.74015379,
      0.9399788,
      -0.618290544
    ]
  },
  {
    "timeStamp": 20876,
    "rotation": [
      [
        0.606520355,
        0.7898717,
        0.09075112
      ],
      [
        0.115153059,
        -0.200209856,
        0.9729624
      ],
      [
        0.7866847,
        -0.5796712,
        -0.2123875
      ]
    ],
    "translation": [
      1.77221751,
      0.95852077,
      -0.623729765
    ]
  },
  {
    "timeStamp": 20930,
    "rotation": [
      [
        0.6206852,
        0.78243804,
        0.0504036546
      ],
      [
        0.155032828,
        -0.185491,
        0.97033906
      ],
      [
        0.768579662,
        -0.594460845,
        -0.2364351
      ]
    ],
    "translation": [
      1.81022012,
      0.977441549,
      -0.6335082
    ]
  },
  {
    "timeStamp": 20986,
    "rotation": [
      [
        0.6385463,
        0.7695827,
        -0.00108374178
      ],
      [
        0.191145971,
        -0.15723525,
        0.9688861
      ],
      [
        0.745467544,
        -0.618885756,
        -0.247504622
      ]
    ],
    "translation": [
      1.85421515,
      0.990106,
      -0.643211544
    ]
  },
  {
    "timeStamp": 21030,
    "rotation": [
      [
        0.64591074,
        0.761678159,
        -0.05143518
      ],
      [
        0.231176615,
        -0.1309383,
        0.9640604
      ],
      [
        0.7275689,
        -0.634587646,
        -0.260656655
      ]
    ],
    "translation": [
      1.89012444,
      0.996886849,
      -0.649385035
    ]
  },
  {
    "timeStamp": 21086,
    "rotation": [
      [
        0.662227452,
        0.7438462,
        -0.0902647749
      ],
      [
        0.253198445,
        -0.108766012,
        0.961280644
      ],
      [
        0.7052272,
        -0.659441352,
        -0.260368526
      ]
    ],
    "translation": [
      1.93305123,
      1.00286388,
      -0.659178257
    ]
  },
  {
    "timeStamp": 21130,
    "rotation": [
      [
        0.657218635,
        0.7449882,
        -0.114264295
      ],
      [
        0.274294525,
        -0.09520898,
        0.956921
      ],
      [
        0.7020158,
        -0.6602484,
        -0.266919285
      ]
    ],
    "translation": [
      1.96318293,
      1.00541115,
      -0.6663683
    ]
  },
  {
    "timeStamp": 21186,
    "rotation": [
      [
        0.6528238,
        0.749690533,
        -0.108559452
      ],
      [
        0.2721911,
        -0.09841397,
        0.9571973
      ],
      [
        0.706918,
        -0.6544301,
        -0.268306077
      ]
    ],
    "translation": [
      1.99316776,
      1.00651479,
      -0.6754665
    ]
  },
  {
    "timeStamp": 21230,
    "rotation": [
      [
        0.625368,
        0.767437339,
        -0.141261518
      ],
      [
        0.2960771,
        -0.06586915,
        0.952890158
      ],
      [
        0.7219787,
        -0.6377313,
        -0.2684131
      ]
    ],
    "translation": [
      2.023396,
      1.00305867,
      -0.681885
    ]
  },
  {
    "timeStamp": 21286,
    "rotation": [
      [
        0.573629141,
        0.799043655,
        -0.180219
      ],
      [
        0.326708555,
        -0.0214304011,
        0.944882154
      ],
      [
        0.751139939,
        -0.600891,
        -0.2733475
      ]
    ],
    "translation": [
      2.06222677,
      0.996334553,
      -0.6874393
    ]
  },
  {
    "timeStamp": 21330,
    "rotation": [
      [
        0.5514981,
        0.8158552,
        -0.17386812
      ],
      [
        0.3153044,
        -0.0109105958,
        0.9489279
      ],
      [
        0.772290766,
        -0.5781533,
        -0.2632599
      ]
    ],
    "translation": [
      2.08388162,
      0.9889785,
      -0.692530751
    ]
  },
  {
    "timeStamp": 21380,
    "rotation": [
      [
        0.4934764,
        0.8484607,
        -0.191299245
      ],
      [
        0.3324157,
        0.01926273,
        0.942936242
      ],
      [
        0.8037293,
        -0.528907657,
        -0.27253598
      ]
    ],
    "translation": [
      2.10946178,
      0.9813584,
      -0.692650437
    ]
  },
  {
    "timeStamp": 21425,
    "rotation": [
      [
        0.421673983,
        0.8831166,
        -0.205660313
      ],
      [
        0.3377864,
        0.0574951842,
        0.9394651
      ],
      [
        0.8414817,
        -0.465617239,
        -0.274060547
      ]
    ],
    "translation": [
      2.138979,
      0.967404842,
      -0.6927521
    ]
  },
  {
    "timeStamp": 21481,
    "rotation": [
      [
        0.377394319,
        0.91226685,
        -0.1591935
      ],
      [
        0.298730046,
        0.0427863337,
        0.953378
      ],
      [
        0.8765465,
        -0.407355338,
        -0.2563742
      ]
    ],
    "translation": [
      2.14958453,
      0.946002066,
      -0.694168746
    ]
  },
  {
    "timeStamp": 21526,
    "rotation": [
      [
        0.320953161,
        0.9350893,
        -0.150323123
      ],
      [
        0.2868886,
        0.05527432,
        0.95636797
      ],
      [
        0.902598441,
        -0.3500753,
        -0.250526
      ]
    ],
    "translation": [
      2.15918541,
      0.92523706,
      -0.693146944
    ]
  },
  {
    "timeStamp": 21581,
    "rotation": [
      [
        0.290608555,
        0.948404431,
        -0.126789987
      ],
      [
        0.262229443,
        0.0484944358,
        0.9637863
      ],
      [
        0.9202078,
        -0.3133326,
        -0.234606683
      ]
    ],
    "translation": [
      2.16581035,
      0.896697044,
      -0.6890979
    ]
  },
  {
    "timeStamp": 21626,
    "rotation": [
      [
        0.2623544,
        0.960361958,
        -0.09420809
      ],
      [
        0.2486535,
        0.0270505585,
        0.9682147
      ],
      [
        0.932384968,
        -0.277440548,
        -0.23170051
      ]
    ],
    "translation": [
      2.16259241,
      0.8753797,
      -0.683760643
    ]
  },
  {
    "timeStamp": 21681,
    "rotation": [
      [
        0.17771405,
        0.9770623,
        -0.1173326
      ],
      [
        0.3025767,
        0.05920253,
        0.9512846
      ],
      [
        0.936410666,
        -0.20455876,
        -0.285115153
      ]
    ],
    "translation": [
      2.17171836,
      0.8510044,
      -0.6667866
    ]
  },
  {
    "timeStamp": 21725,
    "rotation": [
      [
        0.166852236,
        0.980852365,
        -0.100443758
      ],
      [
        0.2882702,
        0.04889201,
        0.9563001
      ],
      [
        0.942900062,
        -0.188515753,
        -0.2745928
      ]
    ],
    "translation": [
      2.17104363,
      0.833518744,
      -0.661475956
    ]
  },
  {
    "timeStamp": 21781,
    "rotation": [
      [
        0.15309526,
        0.985747755,
        -0.069737114
      ],
      [
        0.288224638,
        0.0229598768,
        0.95728755
      ],
      [
        0.9452452,
        -0.166656137,
        -0.2806017
      ]
    ],
    "translation": [
      2.16529775,
      0.8170223,
      -0.6541225
    ]
  },
  {
    "timeStamp": 21826,
    "rotation": [
      [
        0.138038859,
        0.9886502,
        -0.0592960939
      ],
      [
        0.279813141,
        0.0185018163,
        0.9598762
      ],
      [
        0.9500789,
        -0.149092048,
        -0.274083346
      ]
    ],
    "translation": [
      2.161933,
      0.804773867,
      -0.6505593
    ]
  },
  {
    "timeStamp": 21883,
    "rotation": [
      [
        0.118815787,
        0.9922848,
        -0.03540895
      ],
      [
        0.247261643,
        0.0049687596,
        0.968936
      ],
      [
        0.9616364,
        -0.123880163,
        -0.2447636
      ]
    ],
    "translation": [
      2.15427446,
      0.7898714,
      -0.6543808
    ]
  },
  {
    "timeStamp": 21928,
    "rotation": [
      [
        0.07309789,
        0.996531665,
        -0.039764706
      ],
      [
        0.261104584,
        0.0193585139,
        0.9651164
      ],
      [
        0.962538838,
        -0.0809307247,
        -0.258783937
      ]
    ],
    "translation": [
      2.1526494,
      0.7840146,
      -0.6486546
    ]
  },
  {
    "timeStamp": 21985,
    "rotation": [
      [
        0.0277121458,
        0.998189,
        -0.0533935949
      ],
      [
        0.271515965,
        0.0438895449,
        0.9614327
      ],
      [
        0.962034941,
        -0.04114057,
        -0.269807965
      ]
    ],
    "translation": [
      2.154349,
      0.772338152,
      -0.6438533
    ]
  },
  {
    "timeStamp": 22030,
    "rotation": [
      [
        0.0280489847,
        0.998805761,
        -0.04000489
      ],
      [
        0.263504267,
        0.03121709,
        0.964153
      ],
      [
        0.9642504,
        -0.03758497,
        -0.262313962
      ]
    ],
    "translation": [
      2.1505146,
      0.764840543,
      -0.641712248
    ]
  },
  {
    "timeStamp": 22086,
    "rotation": [
      [
        0.0058362484,
        0.999161959,
        -0.0405135266
      ],
      [
        0.257757872,
        0.0376420468,
        0.965476036
      ],
      [
        0.966191947,
        -0.0160774346,
        -0.2573222
      ]
    ],
    "translation": [
      2.14936447,
      0.7551474,
      -0.639946342
    ]
  },
  {
    "timeStamp": 22130,
    "rotation": [
      [
        -0.00180271908,
        0.9989599,
        -0.0455615781
      ],
      [
        0.250565737,
        0.0445594452,
        0.96707356
      ],
      [
        0.9680979,
        -0.00967280753,
        -0.250385463
      ]
    ],
    "translation": [
      2.150045,
      0.747163534,
      -0.638796
    ]
  },
  {
    "timeStamp": 22186,
    "rotation": [
      [
        -0.00673099468,
        0.9992225,
        -0.0388475247
      ],
      [
        0.240942121,
        0.03932445,
        0.9697425
      ],
      [
        0.9705162,
        -0.002832676,
        -0.241019472
      ]
    ],
    "translation": [
      2.14760756,
      0.7388605,
      -0.6376733
    ]
  },
  {
    "timeStamp": 22230,
    "rotation": [
      [
        -0.0038571714,
        0.999194443,
        -0.03994588
      ],
      [
        0.230964422,
        0.039756272,
        0.9721496
      ],
      [
        0.9729546,
        -0.005476332,
        -0.2309317
      ]
    ],
    "translation": [
      2.146786,
      0.732879758,
      -0.636726439
    ]
  },
  {
    "timeStamp": 22286,
    "rotation": [
      [
        -0.00148111477,
        0.9994641,
        -0.03270089
      ],
      [
        0.219744146,
        0.0322269239,
        0.9750251
      ],
      [
        0.975556433,
        -0.00574169867,
        -0.2196741
      ]
    ],
    "translation": [
      2.14343977,
      0.726951659,
      -0.636288
    ]
  },
  {
    "timeStamp": 22330,
    "rotation": [
      [
        -0.008863977,
        0.999493837,
        -0.03055084
      ],
      [
        0.212946966,
        0.0317379832,
        0.976548135
      ],
      [
        0.9770235,
        0.0021503875,
        -0.2131205
      ]
    ],
    "translation": [
      2.14330554,
      0.7257608,
      -0.636061668
    ]
  },
  {
    "timeStamp": 22386,
    "rotation": [
      [
        -0.006342831,
        0.9995003,
        -0.0309689
      ],
      [
        0.2021655,
        0.0316117331,
        0.978841066
      ],
      [
        0.9793309,
        -5.22162954E-05,
        -0.202264965
      ]
    ],
    "translation": [
      2.143297,
      0.7246777,
      -0.636060238
    ]
  }
]