[
  {
    "timeStamp": 56359,
    "rotation": [
      [
        0.9996675,
        0.025784567,
        -5.45616749E-05
      ],
      [
        -0.0257845651,
        0.9996585,
        -0.004239064
      ],
      [
        -5.47593881E-05,
        0.004239062,
        0.999991
      ]
    ],
    "translation": [
      1.77400327,
      0.8521544,
      -0.7493418
    ]
  },
  {
    "timeStamp": 56415,
    "rotation": [
      [
        0.999058962,
        0.040221408,
        0.0162311234
      ],
      [
        -0.040049687,
        0.999139667,
        -0.0107696857
      ],
      [
        -0.01665033,
        0.0101095,
        0.9998103
      ]
    ],
    "translation": [
      1.77572989,
      0.8524001,
      -0.7482878
    ]
  },
  {
    "timeStamp": 56459,
    "rotation": [
      [
        0.999529,
        0.0273960438,
        0.0138297342
      ],
      [
        -0.02693964,
        0.999119163,
        -0.0321741737
      ],
      [
        -0.0146989981,
        0.031786453,
        0.9993866
      ]
    ],
    "translation": [
      1.77385807,
      0.852870166,
      -0.7450284
    ]
  },
  {
    "timeStamp": 56505,
    "rotation": [
      [
        0.999526739,
        0.0241142455,
        0.0190984663
      ],
      [
        -0.0236592572,
        0.999439061,
        -0.02370131
      ],
      [
        -0.019659292,
        0.0232382379,
        0.999536633
      ]
    ],
    "translation": [
      1.77320957,
      0.8526455,
      -0.746274233
    ]
  },
  {
    "timeStamp": 56559,
    "rotation": [
      [
        0.998765469,
        0.0441164933,
        0.0228323825
      ],
      [
        -0.0444226228,
        0.9989272,
        0.0130786188
      ],
      [
        -0.0222309064,
        -0.014076747,
        0.999653757
      ]
    ],
    "translation": [
      1.77478588,
      0.8524324,
      -0.749269068
    ]
  },
  {
    "timeStamp": 56614,
    "rotation": [
      [
        0.998503149,
        0.04671079,
        0.0284526367
      ],
      [
        -0.0472837277,
        0.998685062,
        0.0198077764
      ],
      [
        -0.0274899881,
        -0.0211234745,
        0.9993988
      ]
    ],
    "translation": [
      1.776194,
      0.8613403,
      -0.7492283
    ]
  },
  {
    "timeStamp": 56659,
    "rotation": [
      [
        0.998320937,
        0.04620139,
        0.0349387638
      ],
      [
        -0.04742395,
        0.9982611,
        0.0350120664
      ],
      [
        -0.0332604,
        -0.0366102122,
        0.998775959
      ]
    ],
    "translation": [
      1.77883148,
      0.8736714,
      -0.7501788
    ]
  },
  {
    "timeStamp": 56715,
    "rotation": [
      [
        0.997690439,
        0.0521879531,
        0.04347615
      ],
      [
        -0.0543145649,
        0.997308,
        0.0492605232
      ],
      [
        -0.0407883078,
        -0.05150814,
        0.9978393
      ]
    ],
    "translation": [
      1.78456807,
      0.8933501,
      -0.7522998
    ]
  },
  {
    "timeStamp": 56759,
    "rotation": [
      [
        0.9978923,
        0.04884759,
        0.04271764
      ],
      [
        -0.0518123433,
        0.996108532,
        0.07129701
      ],
      [
        -0.0390687175,
        -0.07336004,
        0.99653995
      ]
    ],
    "translation": [
      1.78947425,
      0.9128457,
      -0.7556317
    ]
  },
  {
    "timeStamp": 56815,
    "rotation": [
      [
        0.998082936,
        0.0478018038,
        0.0393121168
      ],
      [
        -0.0513089225,
        0.9942809,
        0.0936643
      ],
      [
        -0.0346099623,
        -0.0955018,
        0.994827449
      ]
    ],
    "translation": [
      1.79762244,
      0.9388317,
      -0.760603666
    ]
  },
  {
    "timeStamp": 56859,
    "rotation": [
      [
        0.997548759,
        0.048474066,
        0.05046554
      ],
      [
        -0.0538189337,
        0.9924079,
        0.110589631
      ],
      [
        -0.0447216742,
        -0.113034554,
        0.9925841
      ]
    ],
    "translation": [
      1.80808234,
      0.96029675,
      -0.7654556
    ]
  },
  {
    "timeStamp": 56914,
    "rotation": [
      [
        0.9963184,
        0.0493129455,
        0.0701271743
      ],
      [
        -0.05845004,
        0.989138961,
        0.13486205
      ],
      [
        -0.0627150759,
        -0.138464481,
        0.988379657
      ]
    ],
    "translation": [
      1.82552755,
      0.987775743,
      -0.771473646
    ]
  },
  {
    "timeStamp": 56959,
    "rotation": [
      [
        0.9952565,
        0.05053955,
        0.08312859
      ],
      [
        -0.0624401979,
        0.987098038,
        0.147440553
      ],
      [
        -0.07460449,
        -0.151931733,
        0.9855714
      ]
    ],
    "translation": [
      1.84211886,
      1.00876427,
      -0.7759599
    ]
  },
  {
    "timeStamp": 57014,
    "rotation": [
      [
        0.9972277,
        0.0137699787,
        0.07312529
      ],
      [
        -0.02705416,
        0.9825688,
        0.183920056
      ],
      [
        -0.0693180561,
        -0.18538852,
        0.9802174
      ]
    ],
    "translation": [
      1.86102593,
      1.03506708,
      -0.7833897
    ]
  },
  {
    "timeStamp": 57059,
    "rotation": [
      [
        0.9957688,
        0.0178968888,
        0.09013473
      ],
      [
        -0.03616761,
        0.9780155,
        0.205371886
      ],
      [
        -0.08447765,
        -0.207762867,
        0.974524558
      ]
    ],
    "translation": [
      1.88295555,
      1.055289,
      -0.7894889
    ]
  },
  {
    "timeStamp": 57114,
    "rotation": [
      [
        0.9959054,
        -0.004490294,
        0.0902903
      ],
      [
        -0.0156534724,
        0.97511363,
        0.221152484
      ],
      [
        -0.08903634,
        -0.221660316,
        0.97105056
      ]
    ],
    "translation": [
      1.90948761,
      1.07546806,
      -0.796406
    ]
  },
  {
    "timeStamp": 57159,
    "rotation": [
      [
        0.9964253,
        -0.0139075788,
        0.08332652
      ],
      [
        -0.005349239,
        0.973989546,
        0.226529956
      ],
      [
        -0.08430964,
        -0.2261659,
        0.970433354
      ]
    ],
    "translation": [
      1.93288457,
      1.08852208,
      -0.800852954
    ]
  },
  {
    "timeStamp": 57214,
    "rotation": [
      [
        0.9962504,
        -0.0486425571,
        0.0715482458
      ],
      [
        0.0309824459,
        0.9727198,
        0.229905084
      ],
      [
        -0.08077956,
        -0.22682628,
        0.9705795
      ]
    ],
    "translation": [
      1.96271372,
      1.098967,
      -0.804509342
    ]
  },
  {
    "timeStamp": 57259,
    "rotation": [
      [
        0.995051861,
        -0.06418689,
        0.0758410543
      ],
      [
        0.0461208262,
        0.974492252,
        0.219630644
      ],
      [
        -0.08800393,
        -0.215046018,
        0.972630739
      ]
    ],
    "translation": [
      1.99010313,
      1.101863,
      -0.804899156
    ]
  },
  {
    "timeStamp": 57314,
    "rotation": [
      [
        0.994209468,
        -0.0942195356,
        0.0516743436
      ],
      [
        0.08192141,
        0.9757534,
        0.202963233
      ],
      [
        -0.069544524,
        -0.197554737,
        0.977821946
      ]
    ],
    "translation": [
      2.02029157,
      1.09994137,
      -0.8031236
    ]
  },
  {
    "timeStamp": 57359,
    "rotation": [
      [
        0.9946737,
        -0.09676234,
        0.0355142131
      ],
      [
        0.0890684649,
        0.9802959,
        0.176314145
      ],
      [
        -0.0518750064,
        -0.172211856,
        0.983693063
      ]
    ],
    "translation": [
      2.04399967,
      1.0953027,
      -0.798691869
    ]
  },
  {
    "timeStamp": 57414,
    "rotation": [
      [
        0.995584369,
        -0.09330973,
        0.0102489684
      ],
      [
        0.091139704,
        0.986984253,
        0.132497847
      ],
      [
        -0.0224789083,
        -0.1309787,
        0.9911303
      ]
    ],
    "translation": [
      2.071896,
      1.08558249,
      -0.7896144
    ]
  },
  {
    "timeStamp": 57455,
    "rotation": [
      [
        0.996589541,
        -0.07995826,
        -0.0203975122
      ],
      [
        0.08166576,
        0.991132855,
        0.104816027
      ],
      [
        0.0118357362,
        -0.106124334,
        0.9942824
      ]
    ],
    "translation": [
      2.0860076,
      1.07719362,
      -0.783823252
    ]
  },
  {
    "timeStamp": 57509,
    "rotation": [
      [
        0.9902903,
        -0.10444396,
        -0.0917417556
      ],
      [
        0.1087431,
        0.993132,
        0.04317116
      ],
      [
        0.08660271,
        -0.0527282655,
        0.9948465
      ]
    ],
    "translation": [
      2.10562348,
      1.05824912,
      -0.770992
    ]
  },
  {
    "timeStamp": 57564,
    "rotation": [
      [
        0.9863365,
        -0.07258245,
        -0.147891954
      ],
      [
        0.07429829,
        0.9972174,
        0.006103303
      ],
      [
        0.147037432,
        -0.0170080289,
        0.9889847
      ]
    ],
    "translation": [
      2.121203,
      1.04201293,
      -0.7612354
    ]
  },
  {
    "timeStamp": 57609,
    "rotation": [
      [
        0.978944659,
        -0.0535905063,
        -0.196965441
      ],
      [
        0.0557841063,
        0.998427153,
        0.005601679
      ],
      [
        0.196355447,
        -0.0164712742,
        0.9803944
      ]
    ],
    "translation": [
      2.12906218,
      1.03096461,
      -0.7565316
    ]
  },
  {
    "timeStamp": 57664,
    "rotation": [
      [
        0.9640179,
        -0.06948717,
        -0.256594867
      ],
      [
        0.06384714,
        0.997500956,
        -0.0302567631
      ],
      [
        0.258056074,
        0.012785214,
        0.9660453
      ]
    ],
    "translation": [
      2.13195872,
      1.01597071,
      -0.750117958
    ]
  },
  {
    "timeStamp": 57709,
    "rotation": [
      [
        0.9474771,
        -0.0366100743,
        -0.317721516
      ],
      [
        0.030318493,
        0.999234438,
        -0.0247259643
      ],
      [
        0.318383485,
        0.0137944473,
        0.9478617
      ]
    ],
    "translation": [
      2.13255668,
      1.00712276,
      -0.7484544
    ]
  },
  {
    "timeStamp": 57764,
    "rotation": [
      [
        0.921667457,
        -0.0506559275,
        -0.384659767
      ],
      [
        0.0364046656,
        0.9983571,
        -0.0442461446
      ],
      [
        0.386269152,
        0.02677682,
        0.921997368
      ]
    ],
    "translation": [
      2.128123,
      0.9943602,
      -0.746304154
    ]
  },
  {
    "timeStamp": 57809,
    "rotation": [
      [
        0.9039371,
        -0.0344199836,
        -0.426278055
      ],
      [
        0.012726061,
        0.9984794,
        -0.0536365621
      ],
      [
        0.427476019,
        0.0430592373,
        0.903000653
      ]
    ],
    "translation": [
      2.12816429,
      0.9858715,
      -0.7447429
    ]
  },
  {
    "timeStamp": 57864,
    "rotation": [
      [
        0.878153,
        0.02735549,
        -0.477597028
      ],
      [
        -0.05902498,
        0.996930957,
        -0.0514271
      ],
      [
        0.4747244,
        0.07335102,
        0.877072632
      ]
    ],
    "translation": [
      2.13223982,
      0.978163242,
      -0.742423654
    ]
  },
  {
    "timeStamp": 57910,
    "rotation": [
      [
        0.8418783,
        0.119914584,
        -0.5261762
      ],
      [
        -0.1608993,
        0.986431241,
        -0.0326319262
      ],
      [
        0.5151236,
        0.112133496,
        0.8497492
      ]
    ],
    "translation": [
      2.14043546,
      0.9699484,
      -0.739427149
    ]
  },
  {
    "timeStamp": 57955,
    "rotation": [
      [
        0.7837641,
        0.204804227,
        -0.5863182
      ],
      [
        -0.2579969,
        0.9661174,
        -0.007408552
      ],
      [
        0.56493485,
        0.157074809,
        0.810047
      ]
    ],
    "translation": [
      2.14715433,
      0.960719347,
      -0.736099064
    ]
  },
  {
    "timeStamp": 58012,
    "rotation": [
      [
        0.7128536,
        0.233512864,
        -0.661295235
      ],
      [
        -0.3094311,
        0.9509192,
        0.00222712965
      ],
      [
        0.6293585,
        0.203037709,
        0.7501223
      ]
    ],
    "translation": [
      2.14878225,
      0.9540478,
      -0.7302677
    ]
  },
  {
    "timeStamp": 58057,
    "rotation": [
      [
        0.660710931,
        0.210314721,
        -0.7205753
      ],
      [
        -0.290098578,
        0.9569044,
        0.0132946074
      ],
      [
        0.6923177,
        0.200254,
        0.6932492
      ]
    ],
    "translation": [
      2.14569569,
      0.9485661,
      -0.7297511
    ]
  },
  {
    "timeStamp": 58114,
    "rotation": [
      [
        0.642329633,
        0.1567437,
        -0.7502293
      ],
      [
        -0.227281734,
        0.973788738,
        0.008857913
      ],
      [
        0.731953263,
        0.164823711,
        0.6611184
      ]
    ],
    "translation": [
      2.140747,
      0.943099439,
      -0.7301776
    ]
  },
  {
    "timeStamp": 58158,
    "rotation": [
      [
        0.642374635,
        0.0742916837,
        -0.7627815
      ],
      [
        -0.152968541,
        0.987692356,
        -0.0326250568
      ],
      [
        0.7509697,
        0.13763909,
        0.645832837
      ]
    ],
    "translation": [
      2.13358474,
      0.9396367,
      -0.7316256
    ]
  },
  {
    "timeStamp": 58214,
    "rotation": [
      [
        0.6460779,
        -0.058737,
        -0.7610081
      ],
      [
        -0.04109237,
        0.992912,
        -0.111522511
      ],
      [
        0.7621646,
        0.103323855,
        0.6390848
      ]
    ],
    "translation": [
      2.12148976,
      0.937363267,
      -0.735332966
    ]
  },
  {
    "timeStamp": 58258,
    "rotation": [
      [
        0.661586046,
        -0.09224074,
        -0.744174361
      ],
      [
        -0.008501888,
        0.991419,
        -0.130445182
      ],
      [
        0.749821,
        0.09262761,
        0.655124843
      ]
    ],
    "translation": [
      2.11868334,
      0.9363868,
      -0.73562336
    ]
  },
  {
    "timeStamp": 58314,
    "rotation": [
      [
        0.6588547,
        -0.12558955,
        -0.741712749
      ],
      [
        0.0135245975,
        0.987783968,
        -0.155241489
      ],
      [
        0.7521487,
        0.09225022,
        0.6525046
      ]
    ],
    "translation": [
      2.11565638,
      0.933649242,
      -0.7374856
    ]
  },
  {
    "timeStamp": 58358,
    "rotation": [
      [
        0.659080267,
        -0.11973507,
        -0.742480159
      ],
      [
        0.0108774938,
        0.9886596,
        -0.1497792
      ],
      [
        0.751994,
        0.0906401947,
        0.652908444
      ]
    ],
    "translation": [
      2.11595058,
      0.9324378,
      -0.7376108
    ]
  },
  {
    "timeStamp": 58414,
    "rotation": [
      [
        0.6439916,
        -0.10833168,
        -0.7573236
      ],
      [
        -0.009369046,
        0.988732338,
        -0.149400622
      ],
      [
        0.7649752,
        0.103308141,
        0.6357203
      ]
    ],
    "translation": [
      2.11662555,
      0.9301502,
      -0.73769784
    ]
  },
  {
    "timeStamp": 58458,
    "rotation": [
      [
        0.626661539,
        -0.095147036,
        -0.7734613
      ],
      [
        -0.02399515,
        0.989692,
        -0.141187549
      ],
      [
        0.778922,
        0.107036121,
        0.617918849
      ]
    ],
    "translation": [
      2.11743379,
      0.9284611,
      -0.7376973
    ]
  },
  {
    "timeStamp": 58514,
    "rotation": [
      [
        0.624137759,
        -0.119221449,
        -0.7721647
      ],
      [
        -0.00644085044,
        0.987470746,
        -0.1576706
      ],
      [
        0.7812878,
        0.103381574,
        0.6155499
      ]
    ],
    "translation": [
      2.1151495,
      0.925479233,
      -0.7387755
    ]
  },
  {
    "timeStamp": 58558,
    "rotation": [
      [
        0.6425945,
        -0.140669718,
        -0.7531827
      ],
      [
        0.009176484,
        0.98434484,
        -0.176014066
      ],
      [
        0.7661514,
        0.1061941,
        0.6338255
      ]
    ],
    "translation": [
      2.11390471,
      0.9233608,
      -0.738157332
    ]
  },
  {
    "timeStamp": 58614,
    "rotation": [
      [
        0.650707543,
        -0.138746038,
        -0.7465449
      ],
      [
        0.0157059878,
        0.985413551,
        -0.169450268
      ],
      [
        0.759166,
        0.09853734,
        0.6433952
      ]
    ],
    "translation": [
      2.11575842,
      0.9109508,
      -0.743164241
    ]
  },
  {
    "timeStamp": 58658,
    "rotation": [
      [
        0.6558352,
        -0.129652187,
        -0.7436871
      ],
      [
        0.00775840133,
        0.986246765,
        -0.165097415
      ],
      [
        0.7548642,
        0.102506869,
        0.647821248
      ]
    ],
    "translation": [
      2.11694741,
      0.90982765,
      -0.742327452
    ]
  },
  {
    "timeStamp": 58714,
    "rotation": [
      [
        0.6630541,
        -0.12474715,
        -0.7381039
      ],
      [
        -0.000133353038,
        0.985996962,
        -0.16676341
      ],
      [
        0.748571455,
        0.110671595,
        0.6537527
      ]
    ],
    "translation": [
      2.11885357,
      0.9070182,
      -0.740418553
    ]
  },
  {
    "timeStamp": 58758,
    "rotation": [
      [
        0.6618585,
        -0.113072678,
        -0.741051853
      ],
      [
        -0.0153359538,
        0.9863092,
        -0.16419208
      ],
      [
        0.7494719,
        0.120036662,
        0.651063
      ]
    ],
    "translation": [
      2.120114,
      0.9062632,
      -0.7397748
    ]
  },
  {
    "timeStamp": 58814,
    "rotation": [
      [
        0.6617776,
        -0.107953489,
        -0.7418871
      ],
      [
        -0.0168018341,
        0.9871942,
        -0.158636168
      ],
      [
        0.749511957,
        0.117446929,
        0.651489139
      ]
    ],
    "translation": [
      2.12089038,
      0.905765057,
      -0.7398393
    ]
  },
  {
    "timeStamp": 58858,
    "rotation": [
      [
        0.6535193,
        -0.111088842,
        -0.748713434
      ],
      [
        -0.0108735031,
        0.9876912,
        -0.1560377
      ],
      [
        0.7568317,
        0.110114783,
        0.6442674
      ]
    ],
    "translation": [
      2.12116766,
      0.9051092,
      -0.740871549
    ]
  },
  {
    "timeStamp": 58914,
    "rotation": [
      [
        0.6533776,
        -0.104477674,
        -0.749788046
      ],
      [
        -0.0169855654,
        0.988158345,
        -0.1524944
      ],
      [
        0.7568416,
        0.112372,
        0.643865943
      ]
    ],
    "translation": [
      2.12218237,
      0.90482837,
      -0.7407545
    ]
  },
  {
    "timeStamp": 58958,
    "rotation": [
      [
        0.648653448,
        -0.106445663,
        -0.753603339
      ],
      [
        -0.0156488679,
        0.988096535,
        -0.153037131
      ],
      [
        0.7609229,
        0.1110611,
        0.6392665
      ]
    ],
    "translation": [
      2.12252927,
      0.9043884,
      -0.7413902
    ]
  },
  {
    "timeStamp": 59014,
    "rotation": [
      [
        0.64829284,
        -0.105985522,
        -0.7539785
      ],
      [
        -0.0196546614,
        0.987604856,
        -0.155725643
      ],
      [
        0.7611374,
        0.115775011,
        0.638174
      ]
    ],
    "translation": [
      2.1234355,
      0.9044794,
      -0.7410732
    ]
  },
  {
    "timeStamp": 59058,
    "rotation": [
      [
        0.652738631,
        -0.103563286,
        -0.7504712
      ],
      [
        -0.024057705,
        0.987279,
        -0.157166928
      ],
      [
        0.757201135,
        0.120643541,
        0.641943634
      ]
    ],
    "translation": [
      2.12432456,
      0.9047675,
      -0.7396169
    ]
  }
]