[
  {
    "timeStamp": 0,
    "rotation": [
      [
        0.643686652,
        0.29458186,
        0.7063207
      ],
      [
        0.02288647,
        0.915123641,
        -0.402523279
      ],
      [
        -0.7649468,
        0.275264055,
        0.5823109
      ]
    ],
    "translation": [
      1.70813847,
      1.60484576,
      -1.10532451
    ]
  },
  {
    "timeStamp": 14,
    "rotation": [
      [
        0.642616868,
        0.292563826,
        0.7081313
      ],
      [
        0.0232297033,
        0.9163625,
        -0.399674922
      ],
      [
        -0.765835464,
        0.273287535,
        0.582073867
      ]
    ],
    "translation": [
      1.70839381,
      1.605226,
      -1.1053642
    ]
  },
  {
    "timeStamp": 16,
    "rotation": [
      [
        0.6461141,
        0.295511484,
        0.7037113
      ],
      [
        0.0239178259,
        0.913712,
        -0.405657917
      ],
      [
        -0.762865961,
        0.278932542,
        0.5832943
      ]
    ],
    "translation": [
      1.70824194,
      1.60442162,
      -1.10490358
    ]
  },
  {
    "timeStamp": 59,
    "rotation": [
      [
        0.7414489,
        0.357356638,
        0.567934632
      ],
      [
        0.0229695737,
        0.8323756,
        -0.553735733
      ],
      [
        -0.6706161,
        0.423611969,
        0.6089556
      ]
    ],
    "translation": [
      1.70073771,
      1.58187628,
      -1.09124982
    ]
  },
  {
    "timeStamp": 115,
    "rotation": [
      [
        0.765711367,
        0.360660046,
        0.532550752
      ],
      [
        0.0197155457,
        0.8144405,
        -0.579912
      ],
      [
        -0.642882049,
        0.454544753,
        0.616515756
      ]
    ],
    "translation": [
      1.6987375,
      1.57738042,
      -1.0864929
    ]
  },
  {
    "timeStamp": 159,
    "rotation": [
      [
        0.795979857,
        0.35878244,
        0.487535924
      ],
      [
        0.013616113,
        0.794598162,
        -0.606983
      ],
      [
        -0.60517,
        0.4897846,
        0.6275989
      ]
    ],
    "translation": [
      1.69569683,
      1.57272029,
      -1.08087027
    ]
  },
  {
    "timeStamp": 215,
    "rotation": [
      [
        0.8297451,
        0.349400342,
        0.435249865
      ],
      [
        -0.000805312069,
        0.780567169,
        -0.6250714
      ],
      [
        -0.5581419,
        0.5182994,
        0.647953153
      ]
    ],
    "translation": [
      1.69199419,
      1.56952882,
      -1.07515371
    ]
  },
  {
    "timeStamp": 336,
    "rotation": [
      [
        0.8409364,
        0.345875859,
        0.4161681
      ],
      [
        -0.00721450942,
        0.7761643,
        -0.6304894
      ],
      [
        -0.5410859,
        0.52719903,
        0.6552002
      ]
    ],
    "translation": [
      1.69063663,
      1.56852341,
      -1.07346988
    ]
  },
  {
    "timeStamp": 338,
    "rotation": [
      [
        0.8409364,
        0.345875859,
        0.4161681
      ],
      [
        -0.00721450942,
        0.7761643,
        -0.6304894
      ],
      [
        -0.5410859,
        0.52719903,
        0.6552002
      ]
    ],
    "translation": [
      1.69063663,
      1.56852341,
      -1.07346988
    ]
  },
  {
    "timeStamp": 380,
    "rotation": [
      [
        0.949368358,
        0.273153931,
        0.155198678
      ],
      [
        -0.0996001139,
        0.7302099,
        -0.675924
      ],
      [
        -0.2979589,
        0.626243055,
        0.7204444
      ]
    ],
    "translation": [
      1.67301464,
      1.55788076,
      -1.05216742
    ]
  },
  {
    "timeStamp": 435,
    "rotation": [
      [
        0.963754058,
        0.247140214,
        0.100497648
      ],
      [
        -0.114058085,
        0.72220093,
        -0.682214439
      ],
      [
        -0.241182119,
        0.646024346,
        0.7242124
      ]
    ],
    "translation": [
      1.67084885,
      1.55552459,
      -1.04833245
    ]
  },
  {
    "timeStamp": 479,
    "rotation": [
      [
        0.9767656,
        0.2114844,
        0.0346885137
      ],
      [
        -0.129063025,
        0.70969373,
        -0.6925876
      ],
      [
        -0.1710897,
        0.6720187,
        0.7204992
      ]
    ],
    "translation": [
      1.66888428,
      1.55230379,
      -1.0438143
    ]
  },
  {
    "timeStamp": 535,
    "rotation": [
      [
        0.9828508,
        0.1840524,
        -0.01136303
      ],
      [
        -0.138550967,
        0.6963973,
        -0.7041551
      ],
      [
        -0.121688247,
        0.693653762,
        0.7099553
      ]
    ],
    "translation": [
      1.66916132,
      1.54899979,
      -1.04039216
    ]
  },
  {
    "timeStamp": 580,
    "rotation": [
      [
        0.986865163,
        0.151171863,
        -0.05695868
      ],
      [
        -0.1458336,
        0.681985438,
        -0.716678739
      ],
      [
        -0.06949667,
        0.715571761,
        0.695073545
      ]
    ],
    "translation": [
      1.67090392,
      1.54462564,
      -1.03613484
    ]
  },
  {
    "timeStamp": 635,
    "rotation": [
      [
        0.9874951,
        0.129721954,
        -0.08958562
      ],
      [
        -0.153854981,
        0.669076562,
        -0.727093637
      ],
      [
        -0.03438036,
        0.731784642,
        0.680668235
      ]
    ],
    "translation": [
      1.67316616,
      1.5407002,
      -1.03227
    ]
  },
  {
    "timeStamp": 679,
    "rotation": [
      [
        0.986479759,
        0.1053694,
        -0.1255188
      ],
      [
        -0.163817361,
        0.6557024,
        -0.737033367
      ],
      [
        0.004642219,
        0.747630656,
        0.6640985
      ]
    ],
    "translation": [
      1.67555058,
      1.53598642,
      -1.02729225
    ]
  },
  {
    "timeStamp": 735,
    "rotation": [
      [
        0.9846713,
        0.089816004,
        -0.149517775
      ],
      [
        -0.171842456,
        0.6463899,
        -0.7434045
      ],
      [
        0.029877156,
        0.7577026,
        0.6519158
      ]
    ],
    "translation": [
      1.67628646,
      1.53164482,
      -1.02346277
    ]
  },
  {
    "timeStamp": 779,
    "rotation": [
      [
        0.9818029,
        0.06939953,
        -0.1767677
      ],
      [
        -0.180190042,
        0.6343255,
        -0.751773059
      ],
      [
        0.0599555634,
        0.7699447,
        0.635287642
      ]
    ],
    "translation": [
      1.6746726,
      1.526631,
      -1.02083921
    ]
  },
  {
    "timeStamp": 836,
    "rotation": [
      [
        0.9769087,
        0.0554915145,
        -0.206325248
      ],
      [
        -0.19601807,
        0.6169943,
        -0.7621646
      ],
      [
        0.0850078538,
        0.785008669,
        0.613624454
      ]
    ],
    "translation": [
      1.6690079,
      1.5240854,
      -1.02211487
    ]
  },
  {
    "timeStamp": 882,
    "rotation": [
      [
        0.972290158,
        0.03387301,
        -0.2313105
      ],
      [
        -0.203916132,
        0.6067555,
        -0.768287659
      ],
      [
        0.114324719,
        0.794166446,
        0.5968496
      ]
    ],
    "translation": [
      1.65951848,
      1.52414322,
      -1.02537227
    ]
  },
  {
    "timeStamp": 928,
    "rotation": [
      [
        0.969101,
        0.0106980018,
        -0.246432066
      ],
      [
        -0.201033711,
        0.6131572,
        -0.7639527
      ],
      [
        0.142928824,
        0.789888442,
        0.596362
      ]
    ],
    "translation": [
      1.64958954,
      1.52674842,
      -1.02926564
    ]
  },
  {
    "timeStamp": 985,
    "rotation": [
      [
        0.963455737,
        -0.0148074254,
        -0.267458051
      ],
      [
        -0.200772882,
        0.6210478,
        -0.7576212
      ],
      [
        0.177322641,
        0.7836328,
        0.595379055
      ]
    ],
    "translation": [
      1.63383126,
      1.530396,
      -1.03591979
    ]
  },
  {
    "timeStamp": 1029,
    "rotation": [
      [
        0.9584412,
        -0.0329838768,
        -0.283376962
      ],
      [
        -0.201245546,
        0.6258832,
        -0.753505468
      ],
      [
        0.20221439,
        0.779219031,
        0.59323436
      ]
    ],
    "translation": [
      1.61943483,
      1.53313231,
      -1.04239869
    ]
  },
  {
    "timeStamp": 1084,
    "rotation": [
      [
        0.951646745,
        -0.0544923767,
        -0.3023228
      ],
      [
        -0.19958283,
        0.638464,
        -0.7433239
      ],
      [
        0.23352769,
        0.7677202,
        0.596716464
      ]
    ],
    "translation": [
      1.599709,
      1.53629041,
      -1.050153
    ]
  },
  {
    "timeStamp": 1129,
    "rotation": [
      [
        0.948484838,
        -0.065336,
        -0.310012549
      ],
      [
        -0.19685483,
        0.645164669,
        -0.738248467
      ],
      [
        0.248243317,
        0.7612449,
        0.599067152
      ]
    ],
    "translation": [
      1.583382,
      1.53806317,
      -1.05635285
    ]
  },
  {
    "timeStamp": 1184,
    "rotation": [
      [
        0.94771874,
        -0.0757120848,
        -0.309994876
      ],
      [
        -0.188510031,
        0.6509872,
        -0.7353092
      ],
      [
        0.2574745,
        0.755303442,
        0.6026803
      ]
    ],
    "translation": [
      1.56245756,
      1.53972876,
      -1.06279433
    ]
  },
  {
    "timeStamp": 1229,
    "rotation": [
      [
        0.95037967,
        -0.08122358,
        -0.300302029
      ],
      [
        -0.176679641,
        0.653601348,
        -0.7359277
      ],
      [
        0.2560525,
        0.752468,
        0.606818855
      ]
    ],
    "translation": [
      1.54586077,
      1.54029608,
      -1.06691146
    ]
  },
  {
    "timeStamp": 1284,
    "rotation": [
      [
        0.9584703,
        -0.08515918,
        -0.272181153
      ],
      [
        -0.152895316,
        0.6521977,
        -0.7424696
      ],
      [
        0.240744054,
        0.7532503,
        0.6120917
      ]
    ],
    "translation": [
      1.5260644,
      1.54002345,
      -1.06980467
    ]
  },
  {
    "timeStamp": 1329,
    "rotation": [
      [
        0.9661808,
        -0.08720698,
        -0.242671758
      ],
      [
        -0.129346445,
        0.6502251,
        -0.74865
      ],
      [
        0.223078772,
        0.754720032,
        0.616955042
      ]
    ],
    "translation": [
      1.51090717,
      1.53920293,
      -1.07079124
    ]
  },
  {
    "timeStamp": 1384,
    "rotation": [
      [
        0.9749433,
        -0.08929442,
        -0.203744963
      ],
      [
        -0.0993227661,
        0.6448046,
        -0.75786674
      ],
      [
        0.199048951,
        0.7591136,
        0.619779
      ]
    ],
    "translation": [
      1.49318945,
      1.53761148,
      -1.07092559
    ]
  },
  {
    "timeStamp": 1429,
    "rotation": [
      [
        0.9823104,
        -0.08456788,
        -0.167076677
      ],
      [
        -0.07512671,
        0.6392921,
        -0.765285254
      ],
      [
        0.171529382,
        0.7642996,
        0.621629953
      ]
    ],
    "translation": [
      1.48032427,
      1.53645432,
      -1.07079685
    ]
  },
  {
    "timeStamp": 1484,
    "rotation": [
      [
        0.9899244,
        -0.07369007,
        -0.120911263
      ],
      [
        -0.0471767262,
        0.6334774,
        -0.772321641
      ],
      [
        0.133507,
        0.7702442,
        0.623618245
      ]
    ],
    "translation": [
      1.46569824,
      1.53564382,
      -1.07023025
    ]
  },
  {
    "timeStamp": 1529,
    "rotation": [
      [
        0.9939279,
        -0.06819748,
        -0.08635058
      ],
      [
        -0.02406371,
        0.6310495,
        -0.7753692
      ],
      [
        0.107369721,
        0.772739,
        0.6255767
      ]
    ],
    "translation": [
      1.4551928,
      1.53506589,
      -1.069202
    ]
  },
  {
    "timeStamp": 1585,
    "rotation": [
      [
        0.9969826,
        -0.06078018,
        -0.048286058
      ],
      [
        0.000477380934,
        0.6268247,
        -0.7791602
      ],
      [
        0.07762439,
        0.7767861,
        0.62496233
      ]
    ],
    "translation": [
      1.44351935,
      1.53427124,
      -1.06757832
    ]
  },
  {
    "timeStamp": 1629,
    "rotation": [
      [
        0.998372734,
        -0.0542827062,
        -0.01747089
      ],
      [
        0.0200855583,
        0.6214797,
        -0.7831727
      ],
      [
        0.05337054,
        0.781547368,
        0.621558666
      ]
    ],
    "translation": [
      1.43590546,
      1.533445,
      -1.06633973
    ]
  },
  {
    "timeStamp": 1685,
    "rotation": [
      [
        0.9987051,
        -0.04206433,
        0.0286141932
      ],
      [
        0.04849602,
        0.6172047,
        -0.7853066
      ],
      [
        0.01537258,
        0.7856773,
        0.618445456
      ]
    ],
    "translation": [
      1.42861414,
      1.5330615,
      -1.06456161
    ]
  },
  {
    "timeStamp": 1729,
    "rotation": [
      [
        0.997517943,
        -0.0332171842,
        0.06208577
      ],
      [
        0.06933495,
        0.617087066,
        -0.783834338
      ],
      [
        -0.0122755514,
        0.78619355,
        0.6178585
      ]
    ],
    "translation": [
      1.42396593,
      1.53300977,
      -1.062874
    ]
  },
  {
    "timeStamp": 1784,
    "rotation": [
      [
        0.9954572,
        -0.0209854152,
        0.0928688645
      ],
      [
        0.0861661,
        0.6135013,
        -0.7849787
      ],
      [
        -0.0405020677,
        0.7894148,
        0.6125225
      ]
    ],
    "translation": [
      1.41869068,
      1.5323211,
      -1.061516
    ]
  },
  {
    "timeStamp": 1829,
    "rotation": [
      [
        0.99385947,
        -0.0104719438,
        0.110152528
      ],
      [
        0.09358121,
        0.61074,
        -0.7862819
      ],
      [
        -0.0590406545,
        0.791761935,
        0.607969761
      ]
    ],
    "translation": [
      1.41481543,
      1.5315907,
      -1.0603919
    ]
  },
  {
    "timeStamp": 1884,
    "rotation": [
      [
        0.992333949,
        0.00337237515,
        0.12353918
      ],
      [
        0.0960571542,
        0.60790503,
        -0.788177967
      ],
      [
        -0.07775812,
        0.7940026,
        0.60292083
      ]
    ],
    "translation": [
      1.4102118,
      1.530534,
      -1.05856764
    ]
  },
  {
    "timeStamp": 1937,
    "rotation": [
      [
        0.991610467,
        0.008512538,
        0.12898156
      ],
      [
        0.0975056142,
        0.6058175,
        -0.7896061
      ],
      [
        -0.08486085,
        0.7955581,
        0.599904954
      ]
    ],
    "translation": [
      1.40779412,
      1.52987242,
      -1.057328
    ]
  },
  {
    "timeStamp": 1979,
    "rotation": [
      [
        0.9903215,
        0.0173779726,
        0.13770026
      ],
      [
        0.0996755,
        0.6013501,
        -0.792743862
      ],
      [
        -0.09658235,
        0.798796654,
        0.5937978
      ]
    ],
    "translation": [
      1.4029547,
      1.52848637,
      -1.05449033
    ]
  },
  {
    "timeStamp": 2035,
    "rotation": [
      [
        0.9896295,
        0.0210040081,
        0.142099544
      ],
      [
        0.101759225,
        0.5956973,
        -0.796736956
      ],
      [
        -0.101382986,
        0.802934349,
        0.587382257
      ]
    ],
    "translation": [
      1.39988,
      1.52723837,
      -1.051737
    ]
  },
  {
    "timeStamp": 2079,
    "rotation": [
      [
        0.9883703,
        0.0214177035,
        0.15055044
      ],
      [
        0.108660728,
        0.5931273,
        -0.7977423
      ],
      [
        -0.1063814,
        0.8048237,
        0.5839022
      ]
    ],
    "translation": [
      1.39882851,
      1.52649832,
      -1.04844534
    ]
  },
  {
    "timeStamp": 2135,
    "rotation": [
      [
        0.9870463,
        0.02283114,
        0.158803046
      ],
      [
        0.115588948,
        0.5852305,
        -0.8025861
      ],
      [
        -0.111260355,
        0.8105455,
        0.575010538
      ]
    ],
    "translation": [
      1.39938307,
      1.52507472,
      -1.04356027
    ]
  },
  {
    "timeStamp": 2179,
    "rotation": [
      [
        0.9866897,
        0.0215038713,
        0.161186039
      ],
      [
        0.119448908,
        0.5767472,
        -0.808142662
      ],
      [
        -0.1103418,
        0.816639543,
        0.566502
      ]
    ],
    "translation": [
      1.40158689,
      1.52351451,
      -1.03887928
    ]
  },
  {
    "timeStamp": 2235,
    "rotation": [
      [
        0.9886454,
        0.017647285,
        0.149227515
      ],
      [
        0.113298789,
        0.564808547,
        -0.8174073
      ],
      [
        -0.09870999,
        0.825033247,
        0.556395948
      ]
    ],
    "translation": [
      1.405371,
      1.52086592,
      -1.0326854
    ]
  },
  {
    "timeStamp": 2279,
    "rotation": [
      [
        0.994203746,
        0.005461937,
        0.107373789
      ],
      [
        0.08605352,
        0.558259964,
        -0.825191259
      ],
      [
        -0.06444963,
        0.829648137,
        0.5545541
      ]
    ],
    "translation": [
      1.40779841,
      1.51859,
      -1.02742529
    ]
  },
  {
    "timeStamp": 2334,
    "rotation": [
      [
        0.9995654,
        -0.0114179533,
        0.0271768924
      ],
      [
        0.0289519466,
        0.553656757,
        -0.832241535
      ],
      [
        -0.00554417353,
        0.832666636,
        0.55374676
      ]
    ],
    "translation": [
      1.41118276,
      1.515998,
      -1.0216397
    ]
  },
  {
    "timeStamp": 2380,
    "rotation": [
      [
        0.998915553,
        -0.0281639621,
        -0.0370738469
      ],
      [
        -0.0153137678,
        0.5532308,
        -0.832887232
      ],
      [
        0.0439678021,
        0.8325518,
        0.5521996
      ]
    ],
    "translation": [
      1.41581011,
      1.51485968,
      -1.01760328
    ]
  },
  {
    "timeStamp": 2425,
    "rotation": [
      [
        0.9940851,
        -0.0505740754,
        -0.09611055
      ],
      [
        -0.0521603562,
        0.5538829,
        -0.830959141
      ],
      [
        0.09525897,
        0.83105725,
        0.547968745
      ]
    ],
    "translation": [
      1.42201185,
      1.51495683,
      -1.01297259
    ]
  },
  {
    "timeStamp": 2482,
    "rotation": [
      [
        0.984598041,
        -0.07996252,
        -0.1554757
      ],
      [
        -0.0854360759,
        0.555809259,
        -0.826907933
      ],
      [
        0.1525365,
        0.827455163,
        0.540417
      ]
    ],
    "translation": [
      1.43095291,
      1.51538754,
      -1.00678456
    ]
  },
  {
    "timeStamp": 2528,
    "rotation": [
      [
        0.9767265,
        -0.102139242,
        -0.1886078
      ],
      [
        -0.100274526,
        0.5598814,
        -0.8224827
      ],
      [
        0.189605772,
        0.822253168,
        0.536609
      ]
    ],
    "translation": [
      1.4375248,
      1.5149796,
      -1.00078928
    ]
  },
  {
    "timeStamp": 2584,
    "rotation": [
      [
        0.967946053,
        -0.126216263,
        -0.217140168
      ],
      [
        -0.111146972,
        0.560027,
        -0.82098484
      ],
      [
        0.225225985,
        0.818803549,
        0.5280474
      ]
    ],
    "translation": [
      1.4432416,
      1.51346958,
      -0.9918046
    ]
  },
  {
    "timeStamp": 2628,
    "rotation": [
      [
        0.964471757,
        -0.1333247,
        -0.228076264
      ],
      [
        -0.119502954,
        0.549773157,
        -0.826721549
      ],
      [
        0.235612616,
        0.824605346,
        0.514308
      ]
    ],
    "translation": [
      1.4445653,
      1.512295,
      -0.9849535
    ]
  },
  {
    "timeStamp": 2684,
    "rotation": [
      [
        0.9606196,
        -0.1467861,
        -0.23593165
      ],
      [
        -0.12273512,
        0.5376162,
        -0.8342092
      ],
      [
        0.249290958,
        0.8303148,
        0.498428881
      ]
    ],
    "translation": [
      1.4426353,
      1.51117778,
      -0.9753392
    ]
  },
  {
    "timeStamp": 2728,
    "rotation": [
      [
        0.95775497,
        -0.160709023,
        -0.2384912
      ],
      [
        -0.1194446,
        0.532083154,
        -0.838224649
      ],
      [
        0.2616074,
        0.8313003,
        0.490409434
      ]
    ],
    "translation": [
      1.43823671,
      1.51005971,
      -0.9662546
    ]
  },
  {
    "timeStamp": 2784,
    "rotation": [
      [
        0.9560144,
        -0.17265442,
        -0.237122029
      ],
      [
        -0.114048138,
        0.5259977,
        -0.8428045
      ],
      [
        0.270239562,
        0.832776546,
        0.48317048
      ]
    ],
    "translation": [
      1.43037367,
      1.50695252,
      -0.953749657
    ]
  },
  {
    "timeStamp": 2828,
    "rotation": [
      [
        0.9558909,
        -0.17810221,
        -0.233564049
      ],
      [
        -0.109545164,
        0.521643,
        -0.84610194
      ],
      [
        0.272529662,
        0.834367,
        0.479123563
      ]
    ],
    "translation": [
      1.42225552,
      1.50335109,
      -0.9431666
    ]
  },
  {
    "timeStamp": 2884,
    "rotation": [
      [
        0.9576608,
        -0.18272227,
        -0.222482443
      ],
      [
        -0.10030134,
        0.5126113,
        -0.8527422
      ],
      [
        0.269862026,
        0.838953,
        0.472580463
      ]
    ],
    "translation": [
      1.41048265,
      1.49749458,
      -0.93025434
    ]
  },
  {
    "timeStamp": 2928,
    "rotation": [
      [
        0.960150242,
        -0.183499858,
        -0.210806131
      ],
      [
        -0.0922628,
        0.503876746,
        -0.858833969
      ],
      [
        0.263816237,
        0.8440592,
        0.4668672
      ]
    ],
    "translation": [
      1.39971876,
      1.49285841,
      -0.920459032
    ]
  },
  {
    "timeStamp": 2984,
    "rotation": [
      [
        0.9629467,
        -0.186701849,
        -0.194617718
      ],
      [
        -0.0794576854,
        0.4931949,
        -0.866282463
      ],
      [
        0.257720977,
        0.8496477,
        0.4600855
      ]
    ],
    "translation": [
      1.38609767,
      1.486741,
      -0.907996655
    ]
  },
  {
    "timeStamp": 3028,
    "rotation": [
      [
        0.963066,
        -0.195250973,
        -0.185421258
      ],
      [
        -0.07027073,
        0.482507646,
        -0.8730684
      ],
      [
        0.259934634,
        0.853852153,
        0.450966269
      ]
    ],
    "translation": [
      1.375647,
      1.481792,
      -0.898789048
    ]
  },
  {
    "timeStamp": 3084,
    "rotation": [
      [
        0.9624413,
        -0.204933614,
        -0.17806986
      ],
      [
        -0.06270533,
        0.470367163,
        -0.8802402
      ],
      [
        0.26414898,
        0.858345449,
        0.43985036
      ]
    ],
    "translation": [
      1.3641485,
      1.47525549,
      -0.8873657
    ]
  },
  {
    "timeStamp": 3128,
    "rotation": [
      [
        0.96092397,
        -0.21326898,
        -0.17646943
      ],
      [
        -0.0610263422,
        0.458604068,
        -0.8865428
      ],
      [
        0.27000165,
        0.8626695,
        0.427668631
      ]
    ],
    "translation": [
      1.35647631,
      1.47023129,
      -0.8789182
    ]
  },
  {
    "timeStamp": 3184,
    "rotation": [
      [
        0.960912943,
        -0.215880468,
        -0.17332603
      ],
      [
        -0.06146526,
        0.444083571,
        -0.8938746
      ],
      [
        0.2699413,
        0.8695892,
        0.4134565
      ]
    ],
    "translation": [
      1.34942293,
      1.464611,
      -0.868839741
    ]
  },
  {
    "timeStamp": 3228,
    "rotation": [
      [
        0.961817145,
        -0.2150193,
        -0.169335142
      ],
      [
        -0.06206198,
        0.4312447,
        -0.900097966
      ],
      [
        0.2665633,
        0.876238942,
        0.401434034
      ]
    ],
    "translation": [
      1.34530759,
      1.46062231,
      -0.8620976
    ]
  },
  {
    "timeStamp": 3284,
    "rotation": [
      [
        0.9646437,
        -0.207773522,
        -0.162149742
      ],
      [
        -0.0624899641,
        0.417382836,
        -0.9065796
      ],
      [
        0.256041735,
        0.8846591,
        0.38964197
      ]
    ],
    "translation": [
      1.34169173,
      1.45577919,
      -0.8549453
    ]
  },
  {
    "timeStamp": 3328,
    "rotation": [
      [
        0.966251254,
        -0.204346627,
        -0.156847045
      ],
      [
        -0.0618967228,
        0.406862736,
        -0.9113899
      ],
      [
        0.250054657,
        0.89034,
        0.38048324
      ]
    ],
    "translation": [
      1.33956313,
      1.45266354,
      -0.850335
    ]
  },
  {
    "timeStamp": 3384,
    "rotation": [
      [
        0.9681239,
        -0.200330973,
        -0.150345221
      ],
      [
        -0.05999385,
        0.397307575,
        -0.91572237
      ],
      [
        0.243180841,
        0.8955525,
        0.3726243
      ]
    ],
    "translation": [
      1.33764672,
      1.44975281,
      -0.845303535
    ]
  },
  {
    "timeStamp": 3428,
    "rotation": [
      [
        0.969001234,
        -0.198501989,
        -0.147083148
      ],
      [
        -0.05867615,
        0.3933993,
        -0.917493343
      ],
      [
        0.239986688,
        0.8976825,
        0.369557083
      ]
    ],
    "translation": [
      1.33649445,
      1.44822836,
      -0.841937542
    ]
  },
  {
    "timeStamp": 3484,
    "rotation": [
      [
        0.9705126,
        -0.193510681,
        -0.143731534
      ],
      [
        -0.0582818054,
        0.390205741,
        -0.918881238
      ],
      [
        0.2338982,
        0.9001628,
        0.367421448
      ]
    ],
    "translation": [
      1.33546448,
      1.44701672,
      -0.838274
    ]
  },
  {
    "timeStamp": 3528,
    "rotation": [
      [
        0.9713424,
        -0.1900421,
        -0.14275156
      ],
      [
        -0.0589940138,
        0.389033735,
        -0.9193326
      ],
      [
        0.230247065,
        0.901408255,
        0.366673619
      ]
    ],
    "translation": [
      1.33477879,
      1.44620967,
      -0.8358104
    ]
  },
  {
    "timeStamp": 3584,
    "rotation": [
      [
        0.9723981,
        -0.185539886,
        -0.1414812
      ],
      [
        -0.0598689951,
        0.387657881,
        -0.9198571
      ],
      [
        0.225516483,
        0.9029376,
        0.365849674
      ]
    ],
    "translation": [
      1.33413982,
      1.444989,
      -0.83278
    ]
  },
  {
    "timeStamp": 3629,
    "rotation": [
      [
        0.972909451,
        -0.182290554,
        -0.1421878
      ],
      [
        -0.06259146,
        0.384369642,
        -0.921054959
      ],
      [
        0.222552314,
        0.9050028,
        0.362547
      ]
    ],
    "translation": [
      1.33343387,
      1.4438926,
      -0.8309045
    ]
  },
  {
    "timeStamp": 3683,
    "rotation": [
      [
        0.973879337,
        -0.178362176,
        -0.140520662
      ],
      [
        -0.06351915,
        0.380149335,
        -0.9227415
      ],
      [
        0.218001008,
        0.90756464,
        0.358890146
      ]
    ],
    "translation": [
      1.33282685,
      1.44284725,
      -0.829093456
    ]
  },
  {
    "timeStamp": 3728,
    "rotation": [
      [
        0.9749816,
        -0.174862966,
        -0.1372365
      ],
      [
        -0.0620605946,
        0.37870276,
        -0.9234353
      ],
      [
        0.213446483,
        0.908849359,
        0.358376116
      ]
    ],
    "translation": [
      1.33241808,
      1.442924,
      -0.828120351
    ]
  },
  {
    "timeStamp": 3783,
    "rotation": [
      [
        0.9772202,
        -0.168110564,
        -0.129535735
      ],
      [
        -0.05737477,
        0.378365427,
        -0.923876464
      ],
      [
        0.204325244,
        0.9102628,
        0.360101044
      ]
    ],
    "translation": [
      1.33259988,
      1.44433868,
      -0.8281437
    ]
  },
  {
    "timeStamp": 3828,
    "rotation": [
      [
        0.979796648,
        -0.159308821,
        -0.120909914
      ],
      [
        -0.0517499037,
        0.3820225,
        -0.922702968
      ],
      [
        0.193185031,
        0.9103184,
        0.366060168
      ]
    ],
    "translation": [
      1.33283615,
      1.44670367,
      -0.829295158
    ]
  },
  {
    "timeStamp": 3883,
    "rotation": [
      [
        0.9836315,
        -0.145558044,
        -0.106216475
      ],
      [
        -0.0423001349,
        0.386464834,
        -0.9213336
      ],
      [
        0.175156459,
        0.91074574,
        0.373981863
      ]
    ],
    "translation": [
      1.33411574,
      1.45084071,
      -0.832594752
    ]
  },
  {
    "timeStamp": 3928,
    "rotation": [
      [
        0.987171769,
        -0.131130964,
        -0.09108521
      ],
      [
        -0.0325444043,
        0.3932498,
        -0.9188555
      ],
      [
        0.156309649,
        0.9100325,
        0.383937567
      ]
    ],
    "translation": [
      1.33578563,
      1.45516109,
      -0.8362323
    ]
  },
  {
    "timeStamp": 3983,
    "rotation": [
      [
        0.991261363,
        -0.110798672,
        -0.07158529
      ],
      [
        -0.02084374,
        0.404295057,
        -0.9143911
      ],
      [
        0.1302549,
        0.9078927,
        0.3984526
      ]
    ],
    "translation": [
      1.33862376,
      1.46120083,
      -0.8419765
    ]
  },
  {
    "timeStamp": 4031,
    "rotation": [
      [
        0.9943348,
        -0.08982335,
        -0.05683282
      ],
      [
        -0.0144433212,
        0.415544271,
        -0.9094583
      ],
      [
        0.105307139,
        0.9051269,
        0.4118928
      ]
    ],
    "translation": [
      1.34178221,
      1.46664071,
      -0.8474742
    ]
  },
  {
    "timeStamp": 4082,
    "rotation": [
      [
        0.9973946,
        -0.0617525056,
        -0.0372908078
      ],
      [
        -0.006950142,
        0.432269752,
        -0.901717544
      ],
      [
        0.07180301,
        0.8996274,
        0.430714339
      ]
    ],
    "translation": [
      1.34634173,
      1.47350132,
      -0.8546469
    ]
  },
  {
    "timeStamp": 4127,
    "rotation": [
      [
        0.9991873,
        -0.03599663,
        -0.0181372538
      ],
      [
        -0.000165490652,
        0.446301669,
        -0.89488256
      ],
      [
        0.0403074436,
        0.8941583,
        0.445933
      ]
    ],
    "translation": [
      1.35085464,
      1.47906351,
      -0.86044085
    ]
  },
  {
    "timeStamp": 4182,
    "rotation": [
      [
        0.9998752,
        -0.00165279186,
        0.0157102719
      ],
      [
        0.0146854352,
        0.463709742,
        -0.88586545
      ],
      [
        -0.0058208555,
        0.8859856,
        0.463676155
      ]
    ],
    "translation": [
      1.35814667,
      1.4855082,
      -0.8676115
    ]
  },
  {
    "timeStamp": 4227,
    "rotation": [
      [
        0.9981304,
        0.0301414449,
        0.05317209
      ],
      [
        0.0322711058,
        0.478918523,
        -0.877266
      ],
      [
        -0.0519071631,
        0.877341747,
        0.4770504
      ]
    ],
    "translation": [
      1.36549,
      1.49041235,
      -0.8734777
    ]
  },
  {
    "timeStamp": 4282,
    "rotation": [
      [
        0.9916198,
        0.06770485,
        0.110027939
      ],
      [
        0.06185605,
        0.49888432,
        -0.8644584
      ],
      [
        -0.113419227,
        0.86401993,
        0.490515649
      ]
    ],
    "translation": [
      1.37716758,
      1.49695587,
      -0.8820697
    ]
  },
  {
    "timeStamp": 4327,
    "rotation": [
      [
        0.98165524,
        0.1006971,
        0.161904335
      ],
      [
        0.08741343,
        0.5169646,
        -0.8515318
      ],
      [
        -0.169445619,
        0.8500633,
        0.498678774
      ]
    ],
    "translation": [
      1.38835561,
      1.50314736,
      -0.8900118
    ]
  },
  {
    "timeStamp": 4382,
    "rotation": [
      [
        0.9659083,
        0.135936454,
        0.220323637
      ],
      [
        0.113586873,
        0.5422295,
        -0.8325174
      ],
      [
        -0.232635453,
        0.829161346,
        0.508303344
      ]
    ],
    "translation": [
      1.40386271,
      1.51166427,
      -0.9009185
    ]
  },
  {
    "timeStamp": 4427,
    "rotation": [
      [
        0.9537355,
        0.161000311,
        0.25390476
      ],
      [
        0.122794904,
        0.5622707,
        -0.817785442
      ],
      [
        -0.274426937,
        0.811129153,
        0.5164875
      ]
    ],
    "translation": [
      1.41677475,
      1.51785135,
      -0.9101832
    ]
  },
  {
    "timeStamp": 4483,
    "rotation": [
      [
        0.9387186,
        0.19126901,
        0.286746323
      ],
      [
        0.126447544,
        0.582815,
        -0.8027065
      ],
      [
        -0.320652932,
        0.7897739,
        0.5229139
      ]
    ],
    "translation": [
      1.43386054,
      1.52409053,
      -0.9225571
    ]
  },
  {
    "timeStamp": 4527,
    "rotation": [
      [
        0.9261918,
        0.211897761,
        0.3118783
      ],
      [
        0.12916705,
        0.5987892,
        -0.790422261
      ],
      [
        -0.354238063,
        0.772367,
        0.527223468
      ]
    ],
    "translation": [
      1.44894087,
      1.5284692,
      -0.932811856
    ]
  },
  {
    "timeStamp": 4583,
    "rotation": [
      [
        0.907848656,
        0.233192235,
        0.348471224
      ],
      [
        0.138765574,
        0.6171552,
        -0.7745086
      ],
      [
        -0.3956702,
        0.7514924,
        0.527924538
      ]
    ],
    "translation": [
      1.47017312,
      1.533344,
      -0.9461663
    ]
  },
  {
    "timeStamp": 4627,
    "rotation": [
      [
        0.8903818,
        0.24921234,
        0.380937546
      ],
      [
        0.147364408,
        0.63396883,
        -0.7591886
      ],
      [
        -0.430701673,
        0.732104361,
        0.5277493
      ]
    ],
    "translation": [
      1.48945868,
      1.53709722,
      -0.9568274
    ]
  },
  {
    "timeStamp": 4683,
    "rotation": [
      [
        0.871326268,
        0.2668392,
        0.411809921
      ],
      [
        0.153223082,
        0.6493108,
        -0.7449283
      ],
      [
        -0.4661687,
        0.712174356,
        0.524875641
      ]
    ],
    "translation": [
      1.51470947,
      1.540726,
      -0.9702027
    ]
  },
  {
    "timeStamp": 4727,
    "rotation": [
      [
        0.861303449,
        0.27762723,
        0.425534368
      ],
      [
        0.152441338,
        0.6577311,
        -0.7376662
      ],
      [
        -0.484683424,
        0.7002235,
        0.5241842
      ]
    ],
    "translation": [
      1.5360117,
      1.54299474,
      -0.9805443
    ]
  },
  {
    "timeStamp": 4783,
    "rotation": [
      [
        0.854445457,
        0.289514124,
        0.4313984
      ],
      [
        0.143048212,
        0.667152464,
        -0.7310573
      ],
      [
        -0.499459922,
        0.686359346,
        0.5286309
      ]
    ],
    "translation": [
      1.56345487,
      1.54493845,
      -0.9929352
    ]
  },
  {
    "timeStamp": 4827,
    "rotation": [
      [
        0.8519634,
        0.298373371,
        0.4302693
      ],
      [
        0.132392213,
        0.6722918,
        -0.728351533
      ],
      [
        -0.506587267,
        0.677493155,
        0.5332657
      ]
    ],
    "translation": [
      1.58590341,
      1.546516,
      -1.00179875
    ]
  },
  {
    "timeStamp": 4883,
    "rotation": [
      [
        0.848970354,
        0.303092182,
        0.4328793
      ],
      [
        0.121404611,
        0.6853834,
        -0.7179906
      ],
      [
        -0.514305651,
        0.6621063,
        0.5450734
      ]
    ],
    "translation": [
      1.61426973,
      1.54852009,
      -1.01053333
    ]
  },
  {
    "timeStamp": 4927,
    "rotation": [
      [
        0.847049654,
        0.303688377,
        0.436211169
      ],
      [
        0.116697736,
        0.6944105,
        -0.7100533
      ],
      [
        -0.5185445,
        0.6523553,
        0.5527605
      ]
    ],
    "translation": [
      1.63609481,
      1.54962742,
      -1.01514959
    ]
  },
  {
    "timeStamp": 4983,
    "rotation": [
      [
        0.8458395,
        0.304624319,
        0.437903643
      ],
      [
        0.108751543,
        0.7051945,
        -0.70062387
      ],
      [
        -0.5222343,
        0.640238047,
        0.563353
      ]
    ],
    "translation": [
      1.66165233,
      1.5503279,
      -1.01654708
    ]
  },
  {
    "timeStamp": 5027,
    "rotation": [
      [
        0.846946836,
        0.309237331,
        0.4324967
      ],
      [
        0.09809236,
        0.7086084,
        -0.6987503
      ],
      [
        -0.522550464,
        0.634229,
        0.569819868
      ]
    ],
    "translation": [
      1.6797471,
      1.5504,
      -1.01442623
    ]
  },
  {
    "timeStamp": 5083,
    "rotation": [
      [
        0.8489078,
        0.315583825,
        0.423984
      ],
      [
        0.0856531039,
        0.7094334,
        -0.6995483
      ],
      [
        -0.5215545,
        0.6301676,
        0.575212836
      ]
    ],
    "translation": [
      1.69941711,
      1.54963243,
      -1.00903368
    ]
  },
  {
    "timeStamp": 5127,
    "rotation": [
      [
        0.8538151,
        0.314356655,
        0.414945483
      ],
      [
        0.07898009,
        0.7096383,
        -0.700125456
      ],
      [
        -0.514550269,
        0.6305501,
        0.5810719
      ]
    ],
    "translation": [
      1.71349788,
      1.548441,
      -1.0021075
    ]
  },
  {
    "timeStamp": 5183,
    "rotation": [
      [
        0.857382536,
        0.315192878,
        0.406876743
      ],
      [
        0.0699447244,
        0.711853147,
        -0.6988368
      ],
      [
        -0.509904861,
        0.62762934,
        0.5882844
      ]
    ],
    "translation": [
      1.72925806,
      1.54586816,
      -0.9904896
    ]
  },
  {
    "timeStamp": 5227,
    "rotation": [
      [
        0.8580121,
        0.318519682,
        0.402939677
      ],
      [
        0.06404334,
        0.712028444,
        -0.6992239
      ],
      [
        -0.509621,
        0.625748158,
        0.59053
      ]
    ],
    "translation": [
      1.74013031,
      1.54319942,
      -0.979702234
    ]
  },
  {
    "timeStamp": 5283,
    "rotation": [
      [
        0.8568819,
        0.322328448,
        0.402315468
      ],
      [
        0.0614704937,
        0.710963845,
        -0.700536847
      ],
      [
        -0.5118347,
        0.6250079,
        0.5893983
      ]
    ],
    "translation": [
      1.75166667,
      1.53953,
      -0.964369655
    ]
  },
  {
    "timeStamp": 5327,
    "rotation": [
      [
        0.8562493,
        0.322300524,
        0.4036825
      ],
      [
        0.06406271,
        0.709189832,
        -0.702101
      ],
      [
