[
  {
    "timeStamp": 46898,
    "rotation": [
      [
        0.998778164,
        0.00011267863,
        -0.0494183972
      ],
      [
        0.0494171567,
        -0.009723291,
        0.9987309
      ],
      [
        -0.000367973058,
        -0.999952734,
        -0.009716979
      ]
    ],
    "translation": [
      1.61268282,
      0.6981845,
      -0.3606973
    ]
  },
  {
    "timeStamp": 46954,
    "rotation": [
      [
        0.997393131,
        0.0131119266,
        -0.07095865
      ],
      [
        0.07132556,
        -0.0300324727,
        0.9970009
      ],
      [
        0.0109415473,
        -0.999462962,
        -0.0308893975
      ]
    ],
    "translation": [
      1.6130023,
      0.7035525,
      -0.3619525
    ]
  },
  {
    "timeStamp": 46998,
    "rotation": [
      [
        0.9990806,
        0.0062375064,
        -0.042415496
      ],
      [
        0.0427313969,
        -0.0649128258,
        0.9969756
      ],
      [
        0.00346533023,
        -0.997871459,
        -0.0651196837
      ]
    ],
    "translation": [
      1.61269236,
      0.7165695,
      -0.366015255
    ]
  },
  {
    "timeStamp": 47054,
    "rotation": [
      [
        0.9993425,
        -0.0155164991,
        0.03276962
      ],
      [
        -0.03445325,
        -0.124828354,
        0.99157995
      ],
      [
        -0.0112952571,
        -0.992057,
        -0.125280872
      ]
    ],
    "translation": [
      1.614965,
      0.7466743,
      -0.374235868
    ]
  },
  {
    "timeStamp": 47098,
    "rotation": [
      [
        0.9945722,
        -0.0447603464,
        0.0939282849
      ],
      [
        -0.100388832,
        -0.175502285,
        0.9793472
      ],
      [
        -0.0273512788,
        -0.9834609,
        -0.179043144
      ]
    ],
    "translation": [
      1.6246047,
      0.775975168,
      -0.3848846
    ]
  },
  {
    "timeStamp": 47154,
    "rotation": [
      [
        0.9816332,
        -0.09785104,
        0.163773015
      ],
      [
        -0.182566121,
        -0.2326536,
        0.9552706
      ],
      [
        -0.0553718247,
        -0.9676247,
        -0.246244758
      ]
    ],
    "translation": [
      1.6501894,
      0.8152303,
      -0.4027207
    ]
  },
  {
    "timeStamp": 47198,
    "rotation": [
      [
        0.963961661,
        -0.16411598,
        0.209389254
      ],
      [
        -0.247860774,
        -0.2680583,
        0.9309725
      ],
      [
        -0.09665897,
        -0.949321151,
        -0.299075842
      ]
    ],
    "translation": [
      1.68312562,
      0.846795738,
      -0.418575346
    ]
  },
  {
    "timeStamp": 47253,
    "rotation": [
      [
        0.933407962,
        -0.250564545,
        0.2568404
      ],
      [
        -0.326680362,
        -0.297340721,
        0.8971446
      ],
      [
        -0.148423538,
        -0.92130667,
        -0.3593947
      ]
    ],
    "translation": [
      1.735261,
      0.88432467,
      -0.4401784
    ]
  },
  {
    "timeStamp": 47298,
    "rotation": [
      [
        0.904549,
        -0.324849278,
        0.276159555
      ],
      [
        -0.379322052,
        -0.3173644,
        0.8691344
      ],
      [
        -0.194694489,
        -0.89092803,
        -0.410294116
      ]
    ],
    "translation": [
      1.78412342,
      0.9132663,
      -0.45783338
    ]
  },
  {
    "timeStamp": 47353,
    "rotation": [
      [
        0.8675103,
        -0.42837745,
        0.252821326
      ],
      [
        -0.413809657,
        -0.339482635,
        0.844697058
      ],
      [
        -0.2760207,
        -0.8374033,
        -0.471771419
      ]
    ],
    "translation": [
      1.85687685,
      0.943687558,
      -0.481270671
    ]
  },
  {
    "timeStamp": 47398,
    "rotation": [
      [
        0.8372651,
        -0.5037093,
        0.212753445
      ],
      [
        -0.424562037,
        -0.353673518,
        0.8334639
      ],
      [
        -0.344578266,
        -0.7881573,
        -0.50997436
      ]
    ],
    "translation": [
      1.9164561,
      0.962899864,
      -0.502922237
    ]
  },
  {
    "timeStamp": 47453,
    "rotation": [
      [
        0.8201507,
        -0.550605357,
        0.155520588
      ],
      [
        -0.406112164,
        -0.368757427,
        0.836116552
      ],
      [
        -0.4030209,
        -0.748900354,
        -0.5260442
      ]
    ],
    "translation": [
      1.98255217,
      0.97551316,
      -0.531146348
    ]
  },
  {
    "timeStamp": 47498,
    "rotation": [
      [
        0.8263827,
        -0.553421,
        0.104003765
      ],
      [
        -0.347195834,
        -0.355345577,
        0.867862046
      ],
      [
        -0.443335831,
        -0.753295839,
        -0.4857969
      ]
    ],
    "translation": [
      2.02777052,
      0.9700871,
      -0.555160165
    ]
  },
  {
    "timeStamp": 47552,
    "rotation": [
      [
        0.832158864,
        -0.544118,
        0.106991716
      ],
      [
        -0.322270334,
        -0.31751135,
        0.891811848
      ],
      [
        -0.4512798,
        -0.776609361,
        -0.439573
      ]
    ],
    "translation": [
      2.05878234,
      0.9581747,
      -0.57867074
    ]
  },
  {
    "timeStamp": 47603,
    "rotation": [
      [
        0.8790286,
        -0.463849217,
        0.1102387
      ],
      [
        -0.254181862,
        -0.26032117,
        0.9314636
      ],
      [
        -0.4033612,
        -0.846803844,
        -0.3467318
      ]
    ],
    "translation": [
      2.090473,
      0.934165657,
      -0.6078971
    ]
  },
  {
    "timeStamp": 47648,
    "rotation": [
      [
        0.9430985,
        -0.3129479,
        0.112377845
      ],
      [
        -0.188951418,
        -0.2262876,
        0.9555581
      ],
      [
        -0.2736102,
        -0.922419369,
        -0.27254346
      ]
    ],
    "translation": [
      2.09563565,
      0.9169209,
      -0.6288215
    ]
  },
  {
    "timeStamp": 47703,
    "rotation": [
      [
        0.99587,
        -0.0230966676,
        0.08780399
      ],
      [
        -0.09078529,
        -0.242519423,
        0.9658894
      ],
      [
        -0.00101463823,
        -0.9698716,
        -0.243614629
      ]
    ],
    "translation": [
      2.09842062,
      0.907698452,
      -0.6454933
    ]
  },
  {
    "timeStamp": 47748,
    "rotation": [
      [
        0.991018236,
        0.08756782,
        0.101068206
      ],
      [
        -0.0784239545,
        -0.231599972,
        0.969644845
      ],
      [
        0.108317085,
        -0.9688619,
        -0.222652376
      ]
    ],
    "translation": [
      2.10399246,
      0.90196383,
      -0.6512856
    ]
  },
  {
    "timeStamp": 47803,
    "rotation": [
      [
        0.973112166,
        0.220050246,
        0.06804821
      ],
      [
        -0.0242860653,
        -0.195764408,
        0.9803502
      ],
      [
        0.229047716,
        -0.955643356,
        -0.185156569
      ]
    ],
    "translation": [
      2.12233782,
      0.8917695,
      -0.652337849
    ]
  },
  {
    "timeStamp": 47848,
    "rotation": [
      [
        0.941054344,
        0.3325843,
        0.0616806149
      ],
      [
        0.001972776,
        -0.187742472,
        0.9822163
      ],
      [
        0.3382498,
        -0.9241972,
        -0.177331969
      ]
    ],
    "translation": [
      2.129729,
      0.8860284,
      -0.651577055
    ]
  },
  {
    "timeStamp": 47903,
    "rotation": [
      [
        0.893532932,
        0.440080822,
        0.08903813
      ],
      [
        -0.00760246767,
        -0.183446854,
        0.9830002
      ],
      [
        0.448933333,
        -0.87902,
        -0.160570115
      ]
    ],
    "translation": [
      2.1277442,
      0.8823713,
      -0.651025832
    ]
  },
  {
    "timeStamp": 47947,
    "rotation": [
      [
        0.841434538,
        0.535228968,
        0.07428264
      ],
      [
        0.0132411746,
        -0.157850847,
        0.9873742
      ],
      [
        0.540196836,
        -0.82982713,
        -0.139908209
      ]
    ],
    "translation": [
      2.126837,
      0.8758365,
      -0.6549856
    ]
  },
  {
    "timeStamp": 47997,
    "rotation": [
      [
        0.796431065,
        0.601159453,
        0.06561163
      ],
      [
        0.02881514,
        -0.146099925,
        0.9888501
      ],
      [
        0.6040424,
        -0.7856604,
        -0.133681
      ]
    ],
    "translation": [
      2.12652469,
      0.868898034,
      -0.6543271
    ]
  },
  {
    "timeStamp": 48048,
    "rotation": [
      [
        0.733611047,
        0.676286,
        0.06672483
      ],
      [
        0.03444865,
        -0.135069072,
        0.9902372
      ],
      [
        0.678696,
        -0.7241503,
        -0.122385293
      ]
    ],
    "translation": [
      2.122123,
      0.860235155,
      -0.6552112
    ]
  },
  {
    "timeStamp": 48106,
    "rotation": [
      [
        0.671180665,
        0.7392393,
        0.0551527478
      ],
      [
        0.05627177,
        -0.124994241,
        0.9905604
      ],
      [
        0.739154935,
        -0.6617415,
        -0.125492021
      ]
    ],
    "translation": [
      2.11845016,
      0.850496054,
      -0.654160738
    ]
  },
  {
    "timeStamp": 48151,
    "rotation": [
      [
        0.6341333,
        0.771329045,
        0.054097306
      ],
      [
        0.06680755,
        -0.124357387,
        0.9899858
      ],
      [
        0.7703322,
        -0.6241689,
        -0.130389765
      ]
    ],
    "translation": [
      2.11574173,
      0.843627334,
      -0.6506822
    ]
  },
  {
    "timeStamp": 48207,
    "rotation": [
      [
        0.5917661,
        0.804333866,
        0.0534786843
      ],
      [
        0.06418145,
        -0.113142967,
        0.9915036
      ],
      [
        0.803550661,
        -0.5833059,
        -0.11857748
      ]
    ],
    "translation": [
      2.113453,
      0.8340992,
      -0.649035
    ]
  },
  {
    "timeStamp": 48251,
    "rotation": [
      [
        0.5650784,
        0.823845148,
        0.0443360656
      ],
      [
        0.0838018358,
        -0.110774323,
        0.990306139
      ],
      [
        0.8207702,
        -0.555885136,
        -0.1316359
      ]
    ],
    "translation": [
      2.113289,
      0.8263544,
      -0.6439024
    ]
  },
  {
    "timeStamp": 48307,
    "rotation": [
      [
        0.5471675,
        0.8352183,
        0.0549366549
      ],
      [
        0.06771148,
        -0.109586261,
        0.9916683
      ],
      [
        0.834279835,
        -0.538888752,
        -0.116515912
      ]
    ],
    "translation": [
      2.11066651,
      0.8188956,
      -0.640569746
    ]
  },
  {
    "timeStamp": 48351,
    "rotation": [
      [
        0.528485,
        0.8469221,
        0.058537025
      ],
      [
        0.0592053,
        -0.105553828,
        0.992649555
      ],
      [
        0.8468756,
        -0.521134734,
        -0.105925895
      ]
    ],
    "translation": [
      2.10831523,
      0.8139034,
      -0.6393293
    ]
  },
  {
    "timeStamp": 48397,
    "rotation": [
      [
        0.5128189,
        0.856081367,
        0.06435398
      ],
      [
        0.0521500148,
        -0.105886713,
        0.993009746
      ],
      [
        0.856911361,
        -0.5058781,
        -0.0989453644
      ]
    ],
    "translation": [
      2.105332,
      0.809657454,
      -0.6383674
    ]
  },
  {
    "timeStamp": 48453,
    "rotation": [
      [
        0.4984559,
        0.864791,
        0.0606485642
      ],
      [
        0.04128828,
        -0.09356131,
        0.994757056
      ],
      [
        0.8659313,
        -0.493338466,
        -0.08234192
      ]
    ],
    "translation": [
      2.10273719,
      0.8063513,
      -0.637835562
    ]
  },
  {
    "timeStamp": 48499,
    "rotation": [
      [
        0.477353632,
        0.8783532,
        -0.0250837468
      ],
      [
        0.0613164566,
        -0.00481967628,
        0.9981067
      ],
      [
        0.876569331,
        -0.477987945,
        -0.0561581962
      ]
    ],
    "translation": [
      2.11056256,
      0.8050974,
      -0.641006649
    ]
  },
  {
    "timeStamp": 48553,
    "rotation": [
      [
        0.456919134,
        0.8883188,
        0.04598542
      ],
      [
        0.0486969873,
        -0.07660107,
        0.9958719
      ],
      [
        0.8881743,
        -0.452793568,
        -0.07825895
      ]
    ],
    "translation": [
      2.10373139,
      0.791236162,
      -0.637934744
    ]
  },
  {
    "timeStamp": 48597,
    "rotation": [
      [
        0.444805771,
        0.8949236,
        0.03549019
      ],
      [
        0.04527551,
        -0.0620434619,
        0.997046
      ],
      [
        0.894482,
        -0.441884965,
        -0.06811541
      ]
    ],
    "translation": [
      2.1049943,
      0.783810735,
      -0.637931168
    ]
  },
  {
    "timeStamp": 48653,
    "rotation": [
      [
        0.428057969,
        0.903455,
        0.0231388547
      ],
      [
        0.045627784,
        -0.0471747927,
        0.997844
      ],
      [
        0.9025987,
        -0.426079273,
        -0.0614161976
      ]
    ],
    "translation": [
      2.105986,
      0.775266469,
      -0.6389172
    ]
  },
  {
    "timeStamp": 48697,
    "rotation": [
      [
        0.4249398,
        0.9050246,
        0.0188833624
      ],
      [
        0.04664896,
        -0.0427265055,
        0.997997165
      ],
      [
        0.9040188,
        -0.423207849,
        -0.0603746548
      ]
    ],
    "translation": [
      2.106213,
      0.769413233,
      -0.638596058
    ]
  },
  {
    "timeStamp": 48753,
    "rotation": [
      [
        0.420142353,
        0.9074069,
        0.009644814
      ],
      [
        0.0531706661,
        -0.0352261178,
        0.9979639
      ],
      [
        0.9058991,
        -0.418774068,
        -0.06304742
      ]
    ],
    "translation": [
      2.106436,
      0.762534738,
      -0.6382092
    ]
  },
  {
    "timeStamp": 48798,
    "rotation": [
      [
        0.4276325,
        0.9039495,
        0.00238432223
      ],
      [
        0.0543480329,
        -0.0283432025,
        0.9981197
      ],
      [
        0.9023174,
        -0.426698864,
        -0.0612483546
      ]
    ],
    "translation": [
      2.10581756,
      0.758966863,
      -0.637439966
    ]
  }
]