[
  {
    "timeStamp": 24742,
    "rotation": [
      [
        0.999409735,
        0.0003729936,
        0.03435141
      ],
      [
        -0.0343455225,
        0.03230659,
        0.9988877
      ],
      [
        -0.0007371965,
        -0.9994779,
        0.03230033
      ]
    ],
    "translation": [
      1.61605668,
      0.7042522,
      -0.62000525
    ]
  },
  {
    "timeStamp": 24786,
    "rotation": [
      [
        0.997423351,
        -0.00248074,
        0.07169766
      ],
      [
        -0.07161395,
        0.0249197688,
        0.9971211
      ],
      [
        -0.004260277,
        -0.99968636,
        0.0246779043
      ]
    ],
    "translation": [
      1.61183143,
      0.719194055,
      -0.618472
    ]
  },
  {
    "timeStamp": 24841,
    "rotation": [
      [
        0.992110848,
        -0.005336415,
        0.1252502
      ],
      [
        -0.12529029,
        -0.00798936747,
        0.99208796
      ],
      [
        -0.00429352373,
        -0.999953866,
        -0.00859493949
      ]
    ],
    "translation": [
      1.60888267,
      0.748178244,
      -0.6138981
    ]
  },
  {
    "timeStamp": 24897,
    "rotation": [
      [
        0.9818362,
        -0.03344849,
        0.186758831
      ],
      [
        -0.188276917,
        -0.0501539223,
        0.980834544
      ],
      [
        -0.02344075,
        -0.9981812,
        -0.0555405132
      ]
    ],
    "translation": [
      1.61112344,
      0.785054862,
      -0.6056149
    ]
  },
  {
    "timeStamp": 24941,
    "rotation": [
      [
        0.9698368,
        -0.0732311457,
        0.232495055
      ],
      [
        -0.238325074,
        -0.084667325,
        0.9674878
      ],
      [
        -0.05116553,
        -0.993714631,
        -0.0995663
      ]
    ],
    "translation": [
      1.62163115,
      0.8156684,
      -0.5970583
    ]
  },
  {
    "timeStamp": 24997,
    "rotation": [
      [
        0.9501175,
        -0.152087286,
        0.272297949
      ],
      [
        -0.293433934,
        -0.139998361,
        0.94567275
      ],
      [
        -0.105703518,
        -0.9784017,
        -0.177642465
      ]
    ],
    "translation": [
      1.64513874,
      0.856425166,
      -0.5780627
    ]
  },
  {
    "timeStamp": 25041,
    "rotation": [
      [
        0.9241993,
        -0.24490808,
        0.293045521
      ],
      [
        -0.339069545,
        -0.173075542,
        0.9247036
      ],
      [
        -0.175748378,
        -0.9539732,
        -0.242997169
      ]
    ],
    "translation": [
      1.676289,
      0.886943936,
      -0.5621184
    ]
  },
  {
    "timeStamp": 25097,
    "rotation": [
      [
        0.881678045,
        -0.380669534,
        0.27880916
      ],
      [
        -0.383097023,
        -0.232551485,
        0.8939555
      ],
      [
        -0.275464177,
        -0.8949919,
        -0.3508689
      ]
    ],
    "translation": [
      1.72917545,
      0.9256742,
      -0.5346399
    ]
  },
  {
    "timeStamp": 25141,
    "rotation": [
      [
        0.8305116,
        -0.498537779,
        0.248416036
      ],
      [
        -0.419262648,
        -0.265907139,
        0.8680508
      ],
      [
        -0.36670053,
        -0.825077832,
        -0.429857254
      ]
    ],
    "translation": [
      1.78153563,
      0.953097165,
      -0.51938045
    ]
  },
  {
    "timeStamp": 25197,
    "rotation": [
      [
        0.7575465,
        -0.63204056,
        0.163242251
      ],
      [
        -0.445345223,
        -0.3175606,
        0.837151647
      ],
      [
        -0.477274448,
        -0.70688045,
        -0.522043169
      ]
    ],
    "translation": [
      1.85848832,
      0.9834784,
      -0.500386536
    ]
  },
  {
    "timeStamp": 25241,
    "rotation": [
      [
        0.682968736,
        -0.72506547,
        0.08850817
      ],
      [
        -0.469406456,
        -0.342823744,
        0.8137134
      ],
      [
        -0.559652746,
        -0.5972871,
        -0.574488342
      ]
    ],
    "translation": [
      1.92230868,
      1.00310493,
      -0.496847928
    ]
  },
  {
    "timeStamp": 25297,
    "rotation": [
      [
        0.61687535,
        -0.7865516,
        -0.0283076912
      ],
      [
        -0.4536515,
        -0.38471964,
        0.8038601
      ],
      [
        -0.643168,
        -0.483039677,
        -0.5941444
      ]
    ],
    "translation": [
      2.002638,
      1.015751,
      -0.5001848
    ]
  },
  {
    "timeStamp": 25341,
    "rotation": [
      [
        0.5812398,
        -0.807893157,
        -0.0973080844
      ],
      [
        -0.399885863,
        -0.387731284,
        0.8305153
      ],
      [
        -0.708697,
        -0.443816453,
        -0.548429966
      ]
    ],
    "translation": [
      2.0526998,
      1.00853956,
      -0.511170268
    ]
  },
  {
    "timeStamp": 25397,
    "rotation": [
      [
        0.549010754,
        -0.8269977,
        -0.121086717
      ],
      [
        -0.314777046,
        -0.3387879,
        0.8866443
      ],
      [
        -0.774275541,
        -0.448661923,
        -0.44631812
      ]
    ],
    "translation": [
      2.09776926,
      0.9781234,
      -0.5303939
    ]
  },
  {
    "timeStamp": 25439,
    "rotation": [
      [
        0.5538838,
        -0.827444851,
        -0.09245401
      ],
      [
        -0.235387772,
        -0.2621366,
        0.935883
      ],
      [
        -0.798627138,
        -0.49660784,
        -0.339963615
      ]
    ],
    "translation": [
      2.10974836,
      0.9464315,
      -0.546253741
    ]
  },
  {
    "timeStamp": 25492,
    "rotation": [
      [
        0.5234989,
        -0.8486956,
        -0.07526363
      ],
      [
        -0.177193537,
        -0.194848508,
        0.964695036
      ],
      [
        -0.833397448,
        -0.491680562,
        -0.252386361
      ]
    ],
    "translation": [
      2.135211,
      0.905121744,
      -0.566584349
    ]
  },
  {
    "timeStamp": 25547,
    "rotation": [
      [
        0.5509281,
        -0.831700265,
        -0.0689413846
      ],
      [
        -0.104438409,
        -0.150668517,
        0.9830522
      ],
      [
        -0.8279921,
        -0.534391,
        -0.169868961
      ]
    ],
    "translation": [
      2.140735,
      0.8684582,
      -0.584591269
    ]
  },
  {
    "timeStamp": 25591,
    "rotation": [
      [
        0.5370695,
        -0.842546344,
        -0.04089006
      ],
      [
        -0.104968376,
        -0.11485111,
        0.9878213
      ],
      [
        -0.8369815,
        -0.526236534,
        -0.150123745
      ]
    ],
    "translation": [
      2.14315581,
      0.8479351,
      -0.586533964
    ]
  },
  {
    "timeStamp": 25647,
    "rotation": [
      [
        0.570025146,
        -0.821348369,
        -0.0214093421
      ],
      [
        -0.08261374,
        -0.08322114,
        0.9931008
      ],
      [
        -0.8174634,
        -0.5643237,
        -0.115292788
      ]
    ],
    "translation": [
      2.139,
      0.8225367,
      -0.5882618
    ]
  },
  {
    "timeStamp": 25691,
    "rotation": [
      [
        0.579176962,
        -0.8151832,
        -0.00552416872
      ],
      [
        -0.0865969062,
        -0.068261236,
        0.9939021
      ],
      [
        -0.8105894,
        -0.5751668,
        -0.110127673
      ]
    ],
    "translation": [
      2.13636518,
      0.809285641,
      -0.5820584
    ]
  },
  {
    "timeStamp": 25738,
    "rotation": [
      [
        0.6085927,
        -0.7934794,
        0.00230758358
      ],
      [
        -0.07963405,
        -0.0581847131,
        0.9951246
      ],
      [
        -0.7894766,
        -0.605809331,
        -0.09859877
      ]
    ],
    "translation": [
      2.13226151,
      0.79730016,
      -0.5762094
    ]
  },
  {
    "timeStamp": 25791,
    "rotation": [
      [
        0.624477744,
        -0.7809389,
        0.0127249183
      ],
      [
        -0.08423742,
        -0.0511453748,
        0.995132267
      ],
      [
        -0.776486754,
        -0.622509837,
        -0.09772343
      ]
    ],
    "translation": [
      2.12932062,
      0.790203452,
      -0.5657119
    ]
  },
  {
    "timeStamp": 25847,
    "rotation": [
      [
        0.6428997,
        -0.765827954,
        0.0136939306
      ],
      [
        -0.08098832,
        -0.0501884669,
        0.9954507
      ],
      [
        -0.7616567,
        -0.641084,
        -0.09428927
      ]
    ],
    "translation": [
      2.1268127,
      0.7838789,
      -0.55693686
    ]
  },
  {
    "timeStamp": 25891,
    "rotation": [
      [
        0.6622866,
        -0.74925065,
        0.0001325842
      ],
      [
        -0.0523615628,
        -0.0461075343,
        0.9975632
      ],
      [
        -0.747418761,
        -0.660679638,
        -0.06976833
      ]
    ],
    "translation": [
      2.12526655,
      0.7741551,
      -0.5537462
    ]
  },
  {
    "timeStamp": 25937,
    "rotation": [
      [
        0.670450032,
        -0.7419303,
        -0.006015949
      ],
      [
        -0.04449705,
        -0.0483010449,
        0.9978412
      ],
      [
        -0.7406192,
        -0.6687349,
        -0.06539714
      ]
    ],
    "translation": [
      2.12426949,
      0.76875484,
      -0.549293041
    ]
  },
  {
    "timeStamp": 25994,
    "rotation": [
      [
        0.690803349,
        -0.722841144,
        -0.0170700122
      ],
      [
        -0.0273039658,
        -0.049670998,
        0.998392344
      ],
      [
        -0.722526968,
        -0.6892267,
        -0.0540493242
      ]
    ],
    "translation": [
      2.12154579,
      0.761165142,
      -0.5451148
    ]
  },
  {
    "timeStamp": 26040,
    "rotation": [
      [
        0.7025708,
        -0.71109134,
        -0.0272665545
      ],
      [
        -0.014782669,
        -0.05289233,
        0.9984908
      ],
      [
        -0.711460352,
        -0.7011074,
        -0.0476724319
      ]
    ],
    "translation": [
      2.119897,
      0.755507,
      -0.541762
    ]
  },
  {
    "timeStamp": 26095,
    "rotation": [
      [
        0.709363043,
        -0.7030556,
        -0.0501690544
      ],
      [
        0.005288497,
        -0.06586669,
        0.9978144
      ],
      [
        -0.7048235,
        -0.708077967,
        -0.0430052839
      ]
    ],
    "translation": [
      2.12320042,
      0.747901559,
      -0.53725785
    ]
  },
  {
    "timeStamp": 26140,
    "rotation": [
      [
        0.71137017,
        -0.69946295,
        -0.06858732
      ],
      [
        0.0197489634,
        -0.07765667,
        0.996784568
      ],
      [
        -0.70254004,
        -0.7104373,
        -0.04142897
      ]
    ],
    "translation": [
      2.12633777,
      0.7434665,
      -0.533879638
    ]
  },
  {
    "timeStamp": 26196,
    "rotation": [
      [
        0.7137522,
        -0.6950812,
        -0.0861391
      ],
      [
        0.0318067223,
        -0.09069191,
        0.9953709
      ],
      [
        -0.699675739,
        -0.713188052,
        -0.0426233
      ]
    ],
    "translation": [
      2.12984824,
      0.740255237,
      -0.5290788
    ]
  }
]