[
  {
    "timeStamp": 66567,
    "rotation": [
      [
        0.9971897,
        -0.06733756,
        0.0328391455
      ],
      [
        0.043643523,
        0.16585505,
        -0.9851839
      ],
      [
        0.06089333,
        0.983848453,
        0.168327779
      ]
    ],
    "translation": [
      1.15561926,
      0.6948619,
      -0.7585723
    ]
  },
  {
    "timeStamp": 66611,
    "rotation": [
      [
        0.9962953,
        -0.06683864,
        0.0541142747
      ],
      [
        0.0644595,
        0.163855746,
        -0.9843761
      ],
      [
        0.0569274165,
        0.9842174,
        0.167557076
      ]
    ],
    "translation": [
      1.155997,
      0.6969805,
      -0.7583534
    ]
  },
  {
    "timeStamp": 66667,
    "rotation": [
      [
        0.998663068,
        -0.017453393,
        -0.0486566238
      ],
      [
        -0.0445748232,
        0.1858788,
        -0.981561065
      ],
      [
        0.0261758137,
        0.982417643,
        0.1848523
      ]
    ],
    "translation": [
      1.15394044,
      0.719586849,
      -0.754935563
    ]
  },
  {
    "timeStamp": 66713,
    "rotation": [
      [
        0.991005659,
        0.025058968,
        -0.131452888
      ],
      [
        -0.133799538,
        0.168340415,
        -0.976605952
      ],
      [
        -0.002343903,
        0.9854104,
        0.170179173
      ]
    ],
    "translation": [
      1.16052115,
      0.7519675,
      -0.750973642
    ]
  },
  {
    "timeStamp": 66766,
    "rotation": [
      [
        0.9679657,
        0.124521114,
        -0.218029469
      ],
      [
        -0.236372024,
        0.159064427,
        -0.9585545
      ],
      [
        -0.08467953,
        0.979384,
        0.183402225
      ]
    ],
    "translation": [
      1.179391,
      0.7987976,
      -0.731680453
    ]
  },
  {
    "timeStamp": 66811,
    "rotation": [
      [
        0.9395028,
        0.19953236,
        -0.278426647
      ],
      [
        -0.3125813,
        0.166956887,
        -0.935103357
      ],
      [
        -0.14009811,
        0.9655632,
        0.219226539
      ]
    ],
    "translation": [
      1.20396721,
      0.8341866,
      -0.7116356
    ]
  },
  {
    "timeStamp": 66867,
    "rotation": [
      [
        0.8917778,
        0.329426825,
        -0.310177982
      ],
      [
        -0.389243424,
        0.209016666,
        -0.897107363
      ],
      [
        -0.230698884,
        0.920755148,
        0.314623624
      ]
    ],
    "translation": [
      1.24886608,
      0.8757622,
      -0.6730849
    ]
  },
  {
    "timeStamp": 66910,
    "rotation": [
      [
        0.8451541,
        0.439247668,
        -0.3045917
      ],
      [
        -0.432008,
        0.225739762,
        -0.8731613
      ],
      [
        -0.314775616,
        0.8695419,
        0.380543381
      ]
    ],
    "translation": [
      1.294219,
      0.900778532,
      -0.642616
    ]
  },
  {
    "timeStamp": 66966,
    "rotation": [
      [
        0.7720997,
        0.592107534,
        -0.230804577
      ],
      [
        -0.4621861,
        0.2739184,
        -0.8434173
      ],
      [
        -0.436172128,
        0.7578769,
        0.485156178
      ]
    ],
    "translation": [
      1.3664825,
      0.9253932,
      -0.5950014
    ]
  },
  {
    "timeStamp": 67011,
    "rotation": [
      [
        0.6896495,
        0.7100183,
        -0.1423292
      ],
      [
        -0.474981129,
        0.295171857,
        -0.8290154
      ],
      [
        -0.5466045,
        0.6393337,
        0.5408104
      ]
    ],
    "translation": [
      1.43736947,
      0.941194534,
      -0.5586439
    ]
  },
  {
    "timeStamp": 67066,
    "rotation": [
      [
        0.576452136,
        0.81692934,
        0.0181491021
      ],
      [
        -0.47550112,
        0.353426576,
        -0.80559814
      ],
      [
        -0.6645311,
        0.45575884,
        0.5921843
      ]
    ],
    "translation": [
      1.53901446,
      0.95706284,
      -0.521753252
    ]
  },
  {
    "timeStamp": 67111,
    "rotation": [
      [
        0.5297313,
        0.8327692,
        0.160873279
      ],
      [
        -0.4671354,
        0.444770932,
        -0.764174938
      ],
      [
        -0.7079331,
        0.329657763,
        0.6246251
      ]
    ],
    "translation": [
      1.6218195,
      0.970035,
      -0.509157538
    ]
  },
  {
    "timeStamp": 67167,
    "rotation": [
      [
        0.5139195,
        0.7843769,
        0.34733212
      ],
      [
        -0.45547086,
        0.5926059,
        -0.6643527
      ],
      [
        -0.726934,
        0.183224112,
        0.661812544
      ]
    ],
    "translation": [
      1.72751236,
      0.990306,
      -0.5109288
    ]
  },
  {
    "timeStamp": 67212,
    "rotation": [
      [
        0.5288931,
        0.68267107,
        0.5042145
      ],
      [
        -0.419795,
        0.7267762,
        -0.5436622
      ],
      [
        -0.737593532,
        0.07587245,
        0.670968831
      ]
    ],
    "translation": [
      1.80723441,
      1.00633585,
      -0.528076351
    ]
  },
  {
    "timeStamp": 67267,
    "rotation": [
      [
        0.5843903,
        0.5218567,
        0.6214125
      ],
      [
        -0.309442818,
        0.8512321,
        -0.423850238
      ],
      [
        -0.7501554,
        0.0554023236,
        0.6589366
      ]
    ],
    "translation": [
      1.898444,
      1.01501131,
      -0.562930048
    ]
  },
  {
    "timeStamp": 67311,
    "rotation": [
      [
        0.6202528,
        0.400775969,
        0.6742886
      ],
      [
        -0.184504643,
        0.9100446,
        -0.371183038
      ],
      [
        -0.7623939,
        0.105817944,
        0.63840276
      ]
    ],
    "translation": [
      1.96134293,
      1.01274168,
      -0.5968365
    ]
  },
  {
    "timeStamp": 67367,
    "rotation": [
      [
        0.6316075,
        0.299569339,
        0.7150736
      ],
      [
        -0.0473266058,
        0.9355102,
        -0.350115478
      ],
      [
        -0.7738425,
        0.187293544,
        0.6050528
      ]
    ],
    "translation": [
      2.02851,
      1.00942075,
      -0.6394508
    ]
  },
  {
    "timeStamp": 67411,
    "rotation": [
      [
        0.6556921,
        0.249051839,
        0.7127699
      ],
      [
        0.04445117,
        0.9296598,
        -0.365727752
      ],
      [
        -0.753718734,
        0.271488279,
        0.598499954
      ]
    ],
    "translation": [
      2.06847715,
      1.00587869,
      -0.670609951
    ]
  },
  {
    "timeStamp": 67467,
    "rotation": [
      [
        0.7048464,
        0.185864359,
        0.6845773
      ],
      [
        0.142204538,
        0.90844965,
        -0.3930612
      ],
      [
        -0.694960058,
        0.374397755,
        0.6138867
      ]
    ],
    "translation": [
      2.09920716,
      0.994737,
      -0.704456449
    ]
  },
  {
    "timeStamp": 67511,
    "rotation": [
      [
        0.753466249,
        0.09429353,
        0.6506899
      ],
      [
        0.2536055,
        0.87139827,
        -0.419939548
      ],
      [
        -0.6066077,
        0.481428832,
        0.6326558
      ]
    ],
    "translation": [
      2.11810684,
      0.9798609,
      -0.72932744
    ]
  },
  {
    "timeStamp": 67567,
    "rotation": [
      [
        0.7894392,
        -0.0142304646,
        0.613663733
      ],
      [
        0.378327876,
        0.798547745,
        -0.468176842
      ],
      [
        -0.4833774,
        0.601763248,
        0.6357887
      ]
    ],
    "translation": [
      2.1369803,
      0.9532168,
      -0.760730445
    ]
  },
  {
    "timeStamp": 67611,
    "rotation": [
      [
        0.805151,
        -0.0510477349,
        0.590868831
      ],
      [
        0.4215196,
        0.7500982,
        -0.509582043
      ],
      [
        -0.417196631,
        0.659353256,
        0.625459969
      ]
    ],
    "translation": [
      2.15094042,
      0.9378233,
      -0.7768979
    ]
  },
  {
    "timeStamp": 67661,
    "rotation": [
      [
        0.8115886,
        -0.0891016647,
        0.5773949
      ],
      [
        0.467968076,
        0.690805256,
        -0.551175058
      ],
      [
        -0.3497568,
        0.7175298,
        0.6023464
      ]
    ],
    "translation": [
      2.16744351,
      0.9224076,
      -0.789916158
    ]
  },
  {
    "timeStamp": 67717,
    "rotation": [
      [
        0.8237081,
        -0.117440835,
        0.5547185
      ],
      [
        0.489557862,
        0.640887856,
        -0.591266334
      ],
      [
        -0.286073536,
        0.7585977,
        0.5853986
      ]
    ],
    "translation": [
      2.17903924,
      0.9075582,
      -0.7990527
    ]
  },
  {
    "timeStamp": 67761,
    "rotation": [
      [
        0.8345482,
        -0.112413824,
        0.5393445
      ],
      [
        0.4887,
        0.603031456,
        -0.630496144
      ],
      [
        -0.2543652,
        0.7897571,
        0.5581954
      ]
    ],
    "translation": [
      2.18541336,
      0.8978334,
      -0.800775647
    ]
  },
  {
    "timeStamp": 67816,
    "rotation": [
      [
        0.8520584,
        -0.117423415,
        0.5101062
      ],
      [
        0.478007317,
        0.571691334,
        -0.666841865
      ],
      [
        -0.213320434,
        0.8120227,
        0.543243647
      ]
    ],
    "translation": [
      2.189978,
      0.88557,
      -0.800852
    ]
  },
  {
    "timeStamp": 67861,
    "rotation": [
      [
        0.868715048,
        -0.1354688,
        0.476426631
      ],
      [
        0.46671918,
        0.5459584,
        -0.695774853
      ],
      [
        -0.165853322,
        0.826787531,
        0.5375082
      ]
    ],
    "translation": [
      2.19138622,
      0.8758814,
      -0.800835252
    ]
  },
  {
    "timeStamp": 67916,
    "rotation": [
      [
        0.8864675,
        -0.122998245,
        0.446146637
      ],
      [
        0.440387517,
        0.520509064,
        -0.731525242
      ],
      [
        -0.142247036,
        0.8449508,
        0.51558125
      ]
    ],
    "translation": [
      2.19036722,
      0.864896238,
      -0.7987594
    ]
  },
  {
    "timeStamp": 67964,
    "rotation": [
      [
        0.898053348,
        -0.12471433,
        0.4218371
      ],
      [
        0.423572123,
        0.5039124,
        -0.7527675
      ],
      [
        -0.118688062,
        0.854703844,
        0.5053657
      ]
    ],
    "translation": [
      2.18956733,
      0.8554615,
      -0.7970986
    ]
  },
  {
    "timeStamp": 68016,
    "rotation": [
      [
        0.907518864,
        -0.124967426,
        0.4009897
      ],
      [
        0.410371363,
        0.46719116,
        -0.783152461
      ],
      [
        -0.08947029,
        0.8752803,
        0.475267828
      ]
    ],
    "translation": [
      2.18904686,
      0.842597663,
      -0.8010585
    ]
  },
  {
    "timeStamp": 68061,
    "rotation": [
      [
        0.90817076,
        -0.123064868,
        0.400101125
      ],
      [
        0.411782146,
        0.4344494,
        -0.8010551
      ],
      [
        -0.0752419457,
        0.8922493,
        0.445230126
      ]
    ],
    "translation": [
      2.19209337,
      0.8317921,
      -0.803801954
    ]
  },
  {
    "timeStamp": 68106,
    "rotation": [
      [
        0.908987761,
        -0.109066479,
        0.402300477
      ],
      [
        0.409962356,
        0.408320725,
        -0.815601051
      ],
      [
        -0.07531287,
        0.9062994,
        0.415871739
      ]
    ],
    "translation": [
      2.195026,
      0.8237491,
      -0.8066359
    ]
  }
]