[
  {
    "id": "008 pudding box(Clone)-16952",
    "pickRotation": [
      [
        0.120972514,
        -0.5564103,
        0.8220542
      ],
      [
        -0.0199661814,
        -0.82933253,
        -0.5583985
      ],
      [
        0.992455,
        0.0511375852,
        -0.111435831
      ]
    ],
    "pickTranslation": [
      0.0148366494,
      0.05975062,
      0.0137572307
    ],
    "placeRotation": [
      [
        0.879946053,
        -0.4704811,
        -0.06589827
      ],
      [
        0.158385187,
        0.159754068,
        0.974367857
      ],
      [
        -0.447894126,
        -0.8678285,
        0.2150922
      ]
    ],
    "placeTranslation": [
      -0.7724733,
      0.06879693,
      0.6134279
    ]
  },
  {
    "id": "010 potted meat can(Clone)-16980",
    "pickRotation": [
      [
        -0.0114191314,
        0.0210146625,
        -0.999713957
      ],
      [
        0.9967892,
        -0.07899982,
        -0.0130463541
      ],
      [
        -0.07925139,
        -0.99665314,
        -0.0200450812
      ]
    ],
    "pickTranslation": [
      0.0328454748,
      -0.02656893,
      0.08003134
    ],
    "placeRotation": [
      [
        -0.995839953,
        0.09111701,
        0.000761936361
      ],
      [
        0.08782072,
        0.9575171,
        0.274678916
      ],
      [
        0.0242983531,
        0.273603141,
        -0.9615357
      ]
    ],
    "placeTranslation": [
      -0.9475636,
      0.571657538,
      0.8213937
    ]
  },
  {
    "id": "007 tuna fish can(Clone)-17278",
    "pickRotation": [
      [
        -0.9187266,
        -0.329917371,
        -0.217016116
      ],
      [
        0.2358934,
        -0.01777762,
        -0.9716163
      ],
      [
        0.3166951,
        -0.9438424,
        0.0941581056
      ]
    ],
    "pickTranslation": [
      0.03330531,
      -0.0182161722,
      0.0235550813
    ],
    "placeRotation": [
      [
        0.592659533,
        -0.7953594,
        0.127114713
      ],
      [
        -0.1416559,
        0.0524323061,
        0.9885264
      ],
      [
        -0.792898655,
        -0.6038661,
        -0.08159285
      ]
    ],
    "placeTranslation": [
      -0.7673895,
      0.721042633,
      0.19844988
    ]
  },
  {
    "id": "007 tuna fish can(Clone)-16116",
    "pickRotation": [
      [
        -0.119990967,
        0.0254911929,
        -0.9924477
      ],
      [
        0.9917653,
        -0.0419959277,
        -0.120987147
      ],
      [
        -0.0447628647,
        -0.9987925,
        -0.020242149
      ]
    ],
    "pickTranslation": [
      0.0255875662,
      -0.0156987682,
      0.0358469747
    ],
    "placeRotation": [
      [
        0.1266675,
        -0.983543,
        -0.128835708
      ],
      [
        -0.0120868469,
        -0.1314026,
        0.9912554
      ],
      [
        -0.9918716,
        -0.124002628,
        -0.02853237
      ]
    ],
    "placeTranslation": [
      -0.855752,
      0.7957696,
      0.335059553
    ]
  },
  {
    "id": "025 mug(Clone)-16500",
    "pickRotation": [
      [
        -0.7999031,
        0.101405881,
        -0.5914997
      ],
      [
        0.598244965,
        0.0566960722,
        -0.799305
      ],
      [
        -0.0475185178,
        -0.9932283,
        -0.106016919
      ]
    ],
    "pickTranslation": [
      0.05781447,
      -0.005896923,
      0.07786348
    ],
    "placeRotation": [
      [
        0.7137522,
        -0.6950812,
        -0.0861391
      ],
      [
        0.0318067223,
        -0.09069191,
        0.9953709
      ],
      [
        -0.699675739,
        -0.713188052,
        -0.0426233
      ]
    ],
    "placeTranslation": [
      -0.8097294,
      0.105472006,
      -0.4574711
    ]
  },
  {
    "id": "017 orange(Clone)-16104",
    "pickRotation": [
      [
        -0.995338738,
        0.0936199352,
        0.0231550485
      ],
      [
        -0.0201196466,
        -0.4363879,
        0.8995336
      ],
      [
        0.09431887,
        0.894874752,
        0.4362374
      ]
    ],
    "pickTranslation": [
      -0.010133842,
      -0.0243874788,
      -0.004945036
    ],
    "placeRotation": [
      [
        0.9994386,
        0.0320397653,
        -0.009793143
      ],
      [
        -0.0235195588,
        0.4628057,
        -0.8861477
      ],
      [
        -0.02385964,
        0.88588053,
        0.463299423
      ]
    ],
    "placeTranslation": [
      -0.668377161,
      0.887088537,
      -0.479836434
    ]
  },
  {
    "id": "014 lemon(Clone)-17218",
    "pickRotation": [
      [
        -0.235338837,
        -0.6132264,
        0.7540351
      ],
      [
        0.145677313,
        -0.78931725,
        -0.5964532
      ],
      [
        0.960933745,
        -0.03052279,
        0.2750902
      ]
    ],
    "pickTranslation": [
      0.0266479179,
      0.0473431423,
      0.0304782689
    ],
    "placeRotation": [
      [
        0.372479945,
        -0.187666148,
        -0.908867538
      ],
      [
        0.675967336,
        0.7258798,
        0.127148569
      ],
      [
        0.635867059,
        -0.661725044,
        0.397231817
      ]
    ],
    "placeTranslation": [
      -0.696536541,
      0.5487196,
      -0.3726902
    ]
  },
  {
    "id": "013 apple(Clone)-16968",
    "pickRotation": [
      [
        -0.6924161,
        -0.296144038,
        -0.65792
      ],
      [
        0.589041233,
        0.2945505,
        -0.7525094
      ],
      [
        0.416641861,
        -0.9085916,
        -0.0295104459
      ]
    ],
    "pickTranslation": [
      0.0007347176,
      -0.00556617929,
      0.0586740226
    ],
    "placeRotation": [
      [
        0.6554735,
        -0.4101697,
        -0.63412565
      ],
      [
        0.445600748,
        -0.467876822,
        0.763237357
      ],
      [
        -0.6097495,
        -0.7828487,
        -0.123908937
      ]
    ],
    "placeTranslation": [
      -0.7909775,
      0.8449514,
      0.0166201536
    ]
  },
  {
    "id": "025 mug(Clone)-16714",
    "pickRotation": [
      [
        -0.5867319,
        -0.05243939,
        -0.808081567
      ],
      [
        0.805595338,
        0.0635343939,
        -0.5890497
      ],
      [
        0.0822303742,
        -0.996601,
        0.004967275
      ]
    ],
    "pickTranslation": [
      0.04394445,
      -0.006984718,
      0.09031708
    ],
    "placeRotation": [
      [
        -0.736375749,
        -0.6765106,
        -0.009174434
      ],
      [
        0.01905574,
        -0.03429297,
        0.999230146
      ],
      [
        -0.6763044,
        0.735634,
        0.0381439179
      ]
    ],
    "placeTranslation": [
      -0.132324427,
      0.009652073,
      0.7236193
    ]
  },
  {
    "id": "015 peach(Clone)-17242",
    "pickRotation": [
      [
        0.4767688,
        0.0610437877,
        0.876906633
      ],
      [
        -0.878063,
        -0.01367603,
        0.478349566
      ],
      [
        0.04119287,
        -0.998041332,
        0.04707999
      ]
    ],
    "pickTranslation": [
      0.0224650856,
      0.009674308,
      0.0609504357
    ],
    "placeRotation": [
      [
        0.257083654,
        0.928482234,
        -0.2680087
      ],
      [
        -0.15164566,
        0.312653363,
        0.9376841
      ],
      [
        0.9544169,
        -0.200420931,
        0.221178383
      ]
    ],
    "placeTranslation": [
      -0.00400125934,
      0.446086317,
      0.302323163
    ]
  },
  {
    "id": "015 peach(Clone)-17254",
    "pickRotation": [
      [
        -0.437576771,
        0.0408746377,
        0.8982516
      ],
      [
        -0.8869,
        0.144920856,
        -0.438641518
      ],
      [
        -0.148104683,
        -0.988598645,
        -0.0271622855
      ]
    ],
    "pickTranslation": [
      -0.009571365,
      0.01305447,
      0.05428007
    ],
    "placeRotation": [
      [
        0.729519069,
        0.66829747,
        -0.145535
      ],
      [
        0.136728212,
        0.06599178,
        0.988408
      ],
      [
        0.6701547,
        -0.7409613,
        -0.043232847
      ]
    ],
    "placeTranslation": [
      -0.164085612,
      0.5919377,
      0.3926942
    ]
  },
  {
    "id": "010 potted meat can(Clone)-16080",
    "pickRotation": [
      [
        -0.207832739,
        0.158409581,
        -0.9652523
      ],
      [
        0.9767278,
        -0.0198535509,
        -0.2135618
      ],
      [
        -0.05299392,
        -0.987173855,
        -0.150596827
      ]
    ],
    "pickTranslation": [
      0.043967288,
      -0.0197005775,
      0.089487426
    ],
    "placeRotation": [
      [
        -0.0537257865,
        -0.998538733,
        0.005829714
      ],
      [
        -0.0207753,
        0.00695464667,
        0.99976
      ],
      [
        -0.9983396,
        0.0535917729,
        -0.0211185832
      ]
    ],
    "placeTranslation": [
      -0.330430835,
      0.105434112,
      -0.415741473
    ]
  },
  {
    "id": "002 masterchef can(Clone)-17230",
    "pickRotation": [
      [
        -0.951725543,
        -0.08333513,
        -0.295421273
      ],
      [
        0.300271422,
        -0.0530875474,
        -0.952375352
      ],
      [
        0.06368314,
        -0.9951065,
        0.07554793
      ]
    ],
    "pickTranslation": [
      0.019642815,
      -0.00385902612,
      0.1540098
    ],
    "placeRotation": [
      [
        0.427053481,
        0.9042185,
        0.00375538762
      ],
      [
        0.0531945042,
        -0.0292687621,
        0.9981551
      ],
      [
        0.902660251,
        -0.426065862,
        -0.0605987832
      ]
    ],
    "placeTranslation": [
      -0.183435,
      0.216785133,
      -0.667751968
    ]
  },
  {
    "id": "101 bread(Clone)-16488",
    "pickRotation": [
      [
        -0.950799465,
        0.117029242,
        -0.286852956
      ],
      [
        -0.0714459643,
        -0.9837788,
        -0.164544567
      ],
      [
        -0.301456332,
        -0.13595441,
        0.943737566
      ]
    ],
    "pickTranslation": [
      -0.004929435,
      0.0470837429,
      -0.0261248555
    ],
    "placeRotation": [
      [
        0.0312356073,
        -0.04050767,
        -0.9986909
      ],
      [
        0.210299835,
        0.977078,
        -0.0330535844
      ],
      [
        0.9771378,
        -0.208992064,
        0.0390383825
      ]
    ],
    "placeTranslation": [
      -0.315718025,
      0.7407438,
      -0.228798285
    ]
  },
  {
    "id": "025 mug(Clone)-16992",
    "pickRotation": [
      [
        -0.834354341,
        -0.0379298665,
        -0.54992193
      ],
      [
        0.5505627,
        -0.008326955,
        -0.834752262
      ],
      [
        0.0270828661,
        -0.9992457,
        0.0278304033
      ]
    ],
    "pickTranslation": [
      0.0532301478,
      -0.005609498,
      0.0868582353
    ],
    "placeRotation": [
      [
        -0.707014561,
        -0.7062684,
        -0.0362667367
      ],
      [
        -0.0329426676,
        -0.0183358118,
        0.999289036
      ],
      [
        -0.70643127,
        0.70770663,
        -0.0103026787
      ]
    ],
    "placeTranslation": [
      0.37001273,
      0.0893248245,
      0.6741914
    ]
  },
  {
    "id": "101 bread(Clone)-16940",
    "pickRotation": [
      [
        -0.959562361,
        -0.245367184,
        -0.137967661
      ],
      [
        0.249951124,
        -0.9681149,
        -0.0166709926
      ],
      [
        -0.129478037,
        -0.05048203,
        0.990296364
      ]
    ],
    "pickTranslation": [
      0.0139131136,
      0.0491029955,
      0.0146470405
    ],
    "placeRotation": [
      [
        0.357180625,
        -0.8612473,
        0.36149022
      ],
      [
        0.03697886,
        0.3997554,
        0.9158757
      ],
      [
        -0.9333031,
        -0.313765526,
        0.174632818
      ]
    ],
    "placeTranslation": [
      0.3465896,
      0.853475332,
      0.8637489
    ]
  },
  {
    "id": "016 pear(Clone)-17206",
    "pickRotation": [
      [
        -0.23117812,
        0.220836744,
        0.9475166
      ],
      [
        0.596479237,
        0.8015658,
        -0.0412892438
      ],
      [
        -0.7686151,
        0.555628836,
        -0.317029
      ]
    ],
    "pickTranslation": [
      0.02796546,
      -0.0231144167,
      0.00841424149
    ],
    "placeRotation": [
      [
        0.608581543,
        -0.4563962,
        0.6491001
      ],
      [
        0.000288143463,
        -0.81790334,
        -0.5753555
      ],
      [
        0.793491244,
        0.3503378,
        -0.497629374
      ]
    ],
    "placeTranslation": [
      0.4745955,
      0.509755433,
      -0.5130203
    ]
  },
  {
    "id": "057 racquetball(Clone)-16928",
    "pickRotation": [
      [
        -0.5163937,
        0.00316580455,
        -0.8563454
      ],
      [
        0.118782379,
        -0.9900618,
        -0.0752883255
      ],
      [
        -0.848073244,
        -0.140597165,
        0.510885656
      ]
    ],
    "pickTranslation": [
      0.008791581,
      -0.09783309,
      0.031894438
    ],
    "placeRotation": [
      [
        -0.137749821,
        -0.3605269,
        0.922521234
      ],
      [
        -0.07382868,
        0.9325465,
        0.353420854
      ],
      [
        -0.987711668,
        -0.0194248613,
        -0.155075356
      ]
    ],
    "placeTranslation": [
      0.3373707,
      1.32409155,
      -1.083347
    ]
  },
  {
    "id": "103 toothpaste(Clone)-16452",
    "pickRotation": [
      [
        -0.2235302,
        -0.08100888,
        -0.971324742
      ],
      [
        -0.9463934,
        -0.22036919,
        0.236171633
      ],
      [
        -0.233182043,
        0.9720468,
        -0.0274070986
      ]
    ],
    "pickTranslation": [
      0.0491675958,
      0.031632755,
      -0.03870507
    ],
    "placeRotation": [
      [
        0.90787065,
        -0.11107786,
        0.404268
      ],
      [
        0.412787318,
        0.405487746,
        -0.815589547
      ],
      [
        -0.07333179,
        0.9073265,
        0.4139819
      ]
    ],
    "placeTranslation": [
      0.798905432,
      0.600781143,
      0.130626321
    ]
  },
  {
    "id": "012 strawberry(Clone)-16092",
    "pickRotation": [
      [
        -0.764128447,
        -0.592589736,
        -0.2548433
      ],
      [
        0.520575464,
        -0.7997979,
        0.298872083
      ],
      [
        -0.380931675,
        0.09571151,
        0.919636
      ]
    ],
    "pickTranslation": [
      0.01862594,
      -0.009509305,
      0.0007253577
    ],
    "placeRotation": [
      [
        0.6596354,
        -0.7445437,
        0.102643751
      ],
      [
        0.7419719,
        0.6233226,
        -0.2468736
      ],
      [
        0.119828,
        0.239005357,
        0.963596165
      ]
    ],
    "placeTranslation": [
      0.7955073,
      0.724969,
      -0.576069355
    ]
  },
  {
    "id": "101 bread(Clone)-17266",
    "pickRotation": [
      [
        -0.8740878,
        -0.326160371,
        -0.359986126
      ],
      [
        0.34444046,
        -0.938701451,
        0.0141561711
      ],
      [
        -0.342536658,
        -0.111620046,
        0.9328503
      ]
    ],
    "pickTranslation": [
      0.0151702743,
      0.0563378446,
      -0.0156154213
    ],
    "placeRotation": [
      [
        -0.19767119,
        -0.010385734,
        0.980213344
      ],
      [
        -0.368422031,
        0.9274205,
        -0.06447013
      ],
      [
        -0.9084004,
        -0.3738761,
        -0.187150642
      ]
    ],
    "placeTranslation": [
      0.688026667,
      0.9328322,
      0.0180153735
    ]
  }
]