[
  {
    "timeStamp": 44171,
    "rotation": [
      [
        0.999996245,
        -0.00237706653,
        -0.00132040482
      ],
      [
        0.00135607435,
        0.0150671452,
        0.999885559
      ],
      [
        -0.002356899,
        -0.999883652,
        0.0150703127
      ]
    ],
    "translation": [
      1.61587536,
      0.853775561,
      -0.3598178
    ]
  },
  {
    "timeStamp": 44222,
    "rotation": [
      [
        0.999937534,
        -0.00328852027,
        -0.0106803058
      ],
      [
        0.0107543524,
        0.0233890526,
        0.9996686
      ],
      [
        -0.003037632,
        -0.999721,
        0.0234229583
      ]
    ],
    "translation": [
      1.61579585,
      0.8543001,
      -0.35973683
    ]
  },
  {
    "timeStamp": 44268,
    "rotation": [
      [
        0.9999745,
        -0.002767648,
        -0.00658529345
      ],
      [
        0.00662372168,
        0.01411297,
        0.999878466
      ],
      [
        -0.0026743724,
        -0.9998966,
        0.0141309416
      ]
    ],
    "translation": [
      1.61584866,
      0.8539588,
      -0.359805465
    ]
  },
  {
    "timeStamp": 44322,
    "rotation": [
      [
        0.999966145,
        -0.00369195454,
        -0.0073547
      ],
      [
        0.00736560067,
        0.00294772116,
        0.9999685
      ],
      [
        -0.0036701588,
        -0.999988854,
        0.00297481474
      ]
    ],
    "translation": [
      1.61581683,
      0.853317738,
      -0.359801054
    ]
  },
  {
    "timeStamp": 44366,
    "rotation": [
      [
        0.999968469,
        -0.00362759433,
        -0.007058329
      ],
      [
        0.00702338526,
        -0.00955688953,
        0.999929667
      ],
      [
        -0.00369479484,
        -0.9999477,
        -0.00953111053
      ]
    ],
    "translation": [
      1.61577535,
      0.853072,
      -0.359877139
    ]
  },
  {
    "timeStamp": 44422,
    "rotation": [
      [
        0.9999829,
        -0.00241023442,
        -0.00533546368
      ],
      [
        0.005297922,
        -0.0153226713,
        0.9998686
      ],
      [
        -0.00249166717,
        -0.9998797,
        -0.01530964
      ]
    ],
    "translation": [
      1.61586511,
      0.852880955,
      -0.359943777
    ]
  },
  {
    "timeStamp": 44467,
    "rotation": [
      [
        0.999986649,
        -0.00306758936,
        0.004157273
      ],
      [
        -0.004281264,
        -0.041585695,
        0.9991258
      ],
      [
        -0.00289202644,
        -0.999130249,
        -0.04159827
      ]
    ],
    "translation": [
      1.61579108,
      0.8533562,
      -0.360314578
    ]
  },
  {
    "timeStamp": 44522,
    "rotation": [
      [
        0.999833047,
        0.001421502,
        -0.0182159469
      ],
      [
        0.0182488766,
        -0.0282858275,
        0.9994333
      ],
      [
        0.0009054382,
        -0.999598861,
        -0.0283070467
      ]
    ],
    "translation": [
      1.61837888,
      0.856727839,
      -0.369401753
    ]
  },
  {
    "timeStamp": 44567,
    "rotation": [
      [
        0.9999021,
        0.008827195,
        -0.0108542936
      ],
      [
        0.0112745566,
        -0.0490429848,
        0.998733044
      ],
      [
        0.008283689,
        -0.99875766,
        -0.0491377078
      ]
    ],
    "translation": [
      1.61783016,
      0.8652501,
      -0.370862722
    ]
  },
  {
    "timeStamp": 44624,
    "rotation": [
      [
        0.9999675,
        0.005780269,
        -0.00562089728
      ],
      [
        0.00605841447,
        -0.07869069,
        0.996880651
      ],
      [
        0.005319923,
        -0.9968823,
        -0.078723155
      ]
    ],
    "translation": [
      1.61965728,
      0.877552748,
      -0.3708279
    ]
  },
  {
    "timeStamp": 44669,
    "rotation": [
      [
        0.9999594,
        0.00618207827,
        0.006564126
      ],
      [
        -0.0060031605,
        -0.08675733,
        0.9962114
      ],
      [
        0.00672813971,
        -0.996210337,
        -0.0867167
      ]
    ],
    "translation": [
      1.62123072,
      0.8865422,
      -0.371079862
    ]
  },
  {
    "timeStamp": 44725,
    "rotation": [
      [
        0.9999233,
        0.003946371,
        0.0117382361
      ],
      [
        -0.0112538943,
        -0.106001921,
        0.9943022
      ],
      [
        0.00516816648,
        -0.994358,
        -0.105949387
      ]
    ],
    "translation": [
      1.62376988,
      0.898174763,
      -0.3703599
    ]
  },
  {
    "timeStamp": 44770,
    "rotation": [
      [
        0.999797165,
        0.00396940671,
        0.0197446346
      ],
      [
        -0.0191721339,
        -0.112634242,
        0.993451536
      ],
      [
        0.00616733544,
        -0.993628561,
        -0.1125353
      ]
    ],
    "translation": [
      1.62537789,
      0.9068114,
      -0.371957451
    ]
  },
  {
    "timeStamp": 44826,
    "rotation": [
      [
        0.999386668,
        0.009655039,
        0.0336609632
      ],
      [
        -0.0319665968,
        -0.140927017,
        0.989503741
      ],
      [
        0.01429745,
        -0.9899729,
        -0.140531942
      ]
    ],
    "translation": [
      1.62704968,
      0.9243128,
      -0.377618372
    ]
  },
  {
    "timeStamp": 44870,
    "rotation": [
      [
        0.997891247,
        -0.005009924,
        0.0647138953
      ],
      [
        -0.06460814,
        -0.172316983,
        0.982920468
      ],
      [
        0.00622694474,
        -0.985028744,
        -0.1722773
      ]
    ],
    "translation": [
      1.63176286,
      0.945039153,
      -0.385869324
    ]
  },
  {
    "timeStamp": 44925,
    "rotation": [
      [
        0.995289147,
        -0.0267241355,
        0.09319494
      ],
      [
        -0.0967205837,
        -0.20747751,
        0.973446548
      ],
      [
        -0.006678652,
        -0.977874637,
        -0.209084883
      ]
    ],
    "translation": [
      1.64350939,
      0.9772031,
      -0.4028396
    ]
  },
  {
    "timeStamp": 44970,
    "rotation": [
      [
        0.9914315,
        -0.0551277176,
        0.118425258
      ],
      [
        -0.128340587,
        -0.242173329,
        0.961707234
      ],
      [
        -0.0243373,
        -0.96866554,
        -0.247173384
      ]
    ],
    "translation": [
      1.65837312,
      1.00693679,
      -0.424113423
    ]
  },
  {
    "timeStamp": 45025,
    "rotation": [
      [
        0.9883976,
        -0.07667969,
        0.131112531
      ],
      [
        -0.147407874,
        -0.276130885,
        0.949748755
      ],
      [
        -0.0366222449,
        -0.9580564,
        -0.2842303
      ]
    ],
    "translation": [
      1.68087816,
      1.04725063,
      -0.4614221
    ]
  },
  {
    "timeStamp": 45070,
    "rotation": [
      [
        0.981672347,
        -0.0999507159,
        0.162262619
      ],
      [
        -0.185102284,
        -0.297465175,
        0.936617136
      ],
      [
        -0.0453480929,
        -0.9494863,
        -0.31051448
      ]
    ],
    "translation": [
      1.70136762,
      1.0814,
      -0.498827726
    ]
  },
  {
    "timeStamp": 45125,
    "rotation": [
      [
        0.976234138,
        -0.122214369,
        0.178970844
      ],
      [
        -0.20844084,
        -0.303443044,
        0.929771364
      ],
      [
        -0.05932399,
        -0.94497937,
        -0.321705937
      ]
    ],
    "translation": [
      1.72966337,
      1.11657858,
      -0.549643934
    ]
  },
  {
    "timeStamp": 45170,
    "rotation": [
      [
        0.9745598,
        -0.142964125,
        0.172610641
      ],
      [
        -0.209999368,
        -0.3133462,
        0.926128745
      ],
      [
        -0.07831631,
        -0.9388159,
        -0.335396975
      ]
    ],
    "translation": [
      1.75573468,
      1.13857687,
      -0.591025949
    ]
  },
  {
    "timeStamp": 45226,
    "rotation": [
      [
        0.9721438,
        -0.178173423,
        0.152284518
      ],
      [
        -0.2019513,
        -0.306971937,
        0.930045068
      ],
      [
        -0.118962221,
        -0.934891641,
        -0.334403247
      ]
    ],
    "translation": [
      1.7955482,
      1.15749168,
      -0.6370386
    ]
  },
  {
    "timeStamp": 45270,
    "rotation": [
      [
        0.961585343,
        -0.226468936,
        0.155130178
      ],
      [
        -0.218980908,
        -0.292066634,
        0.9309911
      ],
      [
        -0.165532216,
        -0.929197967,
        -0.330439359
      ]
    ],
    "translation": [
      1.8307153,
      1.1706351,
      -0.669393957
    ]
  },
  {
    "timeStamp": 45325,
    "rotation": [
      [
        0.94904846,
        -0.290095866,
        0.123091154
      ],
      [
        -0.2095532,
        -0.289227933,
        0.9340421
      ],
      [
        -0.235360339,
        -0.9122454,
        -0.335281819
      ]
    ],
    "translation": [
      1.88225412,
      1.18262231,
      -0.7031044
    ]
  },
  {
    "timeStamp": 45370,
    "rotation": [
      [
        0.9333537,
        -0.3452923,
        0.0981021151
      ],
      [
        -0.203778267,
        -0.284698516,
        0.9367076
      ],
      [
        -0.295508385,
        -0.8942706,
        -0.336087465
      ]
    ],
    "translation": [
      1.9241637,
      1.19262755,
      -0.7277808
    ]
  },
  {
    "timeStamp": 45425,
    "rotation": [
      [
        0.911544561,
        -0.405770242,
        0.0666106641
      ],
      [
        -0.200955212,
        -0.298262149,
        0.933089852
      ],
      [
        -0.358752638,
        -0.863938749,
        -0.3534209
      ]
    ],
    "translation": [
      1.9773134,
      1.20622313,
      -0.753460646
    ]
  },
  {
    "timeStamp": 45470,
    "rotation": [
      [
        0.8962793,
        -0.442642868,
        0.0273997616
      ],
      [
        -0.180627882,
        -0.3079202,
        0.9341085
      ],
      [
        -0.405039519,
        -0.842171252,
        -0.3559361
      ]
    ],
    "translation": [
      2.017728,
      1.21430647,
      -0.7713294
    ]
  },
  {
    "timeStamp": 45525,
    "rotation": [
      [
        0.8739145,
        -0.48607865,
        -0.0009884712
      ],
      [
        -0.182232186,
        -0.329516768,
        0.9263963
      ],
      [
        -0.450627178,
        -0.809411049,
        -0.376548648
      ]
    ],
    "translation": [
      2.067041,
      1.22659147,
      -0.786662459
    ]
  },
  {
    "timeStamp": 45570,
    "rotation": [
      [
        0.862601,
        -0.505469263,
        -0.0205032472
      ],
      [
        -0.170726612,
        -0.329024076,
        0.928760231
      ],
      [
        -0.4762058,
        -0.7976491,
        -0.370113552
      ]
    ],
    "translation": [
      2.10282421,
      1.22792983,
      -0.7944166
    ]
  },
  {
    "timeStamp": 45625,
    "rotation": [
      [
        0.8439349,
        -0.53523916,
        -0.03595645
      ],
      [
        -0.1639416,
        -0.321153045,
        0.932729244
      ],
      [
        -0.510780752,
        -0.781268,
        -0.358780235
      ]
    ],
    "translation": [
      2.14824247,
      1.22395051,
      -0.799580634
    ]
  },
  {
    "timeStamp": 45669,
    "rotation": [
      [
        0.8415006,
        -0.539819837,
        -0.021711845
      ],
      [
        -0.174980178,
        -0.310349882,
        0.9343794
      ],
      [
        -0.5111348,
        -0.7824817,
        -0.355617344
      ]
    ],
    "translation": [
      2.17680049,
      1.21908832,
      -0.8000273
    ]
  },
  {
    "timeStamp": 45725,
    "rotation": [
      [
        0.843723357,
        -0.5350468,
        -0.04307863
      ],
      [
        -0.143206239,
        -0.301714838,
        0.942581654
      ],
      [
        -0.5173228,
        -0.789109,
        -0.3311859
      ]
    ],
    "translation": [
      2.20859146,
      1.2081629,
      -0.7983544
    ]
  },
  {
    "timeStamp": 45769,
    "rotation": [
      [
        0.8541209,
        -0.520056248,
        -0.00435500639
      ],
      [
        -0.169131845,
        -0.285675,
        0.943283737
      ],
      [
        -0.4918047,
        -0.8049418,
        -0.331959039
      ]
    ],
    "translation": [
      2.222323,
      1.20400035,
      -0.7946086
    ]
  },
  {
    "timeStamp": 45825,
    "rotation": [
      [
        0.8722541,
        -0.4886835,
        -0.0190067589
      ],
      [
        -0.143188611,
        -0.292353451,
        0.945529759
      ],
      [
        -0.467621475,
        -0.8220206,
        -0.3249804
      ]
    ],
    "translation": [
      2.23478532,
      1.19906545,
      -0.7893442
    ]
  },
  {
    "timeStamp": 45870,
    "rotation": [
      [
        0.8901985,
        -0.455445528,
        0.0107693542
      ],
      [
        -0.158697084,
        -0.2878521,
        0.9444344
      ],
      [
        -0.427038461,
        -0.842443168,
        -0.3285234
      ]
    ],
    "translation": [
      2.23858762,
      1.19645846,
      -0.784404755
    ]
  },
  {
    "timeStamp": 45925,
    "rotation": [
      [
        0.9146022,
        -0.402753145,
        0.03595435
      ],
      [
        -0.162339,
        -0.28429985,
        0.944891334
      ],
      [
        -0.370336115,
        -0.8700365,
        -0.3254038
      ]
    ],
    "translation": [
      2.24196577,
      1.18945324,
      -0.7757539
    ]
  },
  {
    "timeStamp": 45969,
    "rotation": [
      [
        0.941040158,
        -0.3362956,
        0.03672354
      ],
      [
        -0.142304942,
        -0.295029461,
        0.944831669
      ],
      [
        -0.30690822,
        -0.894350469,
        -0.3254911
      ]
    ],
    "translation": [
      2.244345,
      1.18338585,
      -0.7660922
    ]
  },
  {
    "timeStamp": 46024,
    "rotation": [
      [
        0.954519153,
        -0.294855058,
        0.044200927
      ],
      [
        -0.133529261,
        -0.290215284,
        0.9475996
      ],
      [
        -0.266576737,
        -0.9104041,
        -0.316387832
      ]
    ],
    "translation": [
      2.25147319,
      1.17563379,
      -0.75154
    ]
  },
  {
    "timeStamp": 46069,
    "rotation": [
      [
        0.966995537,
        -0.245017558,
        0.06990072
      ],
      [
        -0.145855069,
        -0.3073669,
        0.9403467
      ],
      [
        -0.2089163,
        -0.919506431,
        -0.332959443
      ]
    ],
    "translation": [
      2.24791741,
      1.17653465,
      -0.739221931
    ]
  },
  {
    "timeStamp": 46125,
    "rotation": [
      [
        0.972573936,
        -0.223202869,
        0.06542407
      ],
      [
        -0.128298014,
        -0.280190319,
        0.9513322
      ],
      [
        -0.194008887,
        -0.9336347,
        -0.3011423
      ]
    ],
    "translation": [
      2.244365,
      1.1677146,
      -0.7217112
    ]
  },
  {
    "timeStamp": 46169,
    "rotation": [
      [
        0.970695257,
        -0.219722211,
        0.09732883
      ],
      [
        -0.1553529,
        -0.264744729,
        0.9517225
      ],
      [
        -0.183347285,
        -0.938952863,
        -0.291120946
      ]
    ],
    "translation": [
      2.233378,
      1.16484368,
      -0.7074373
    ]
  },
  {
    "timeStamp": 46225,
    "rotation": [
      [
        0.9680579,
        -0.202663854,
        0.147618726
      ],
      [
        -0.189594328,
        -0.2064339,
        0.9599162
      ],
      [
        -0.1640668,
        -0.9572421,
        -0.23826389
      ]
    ],
    "translation": [
      2.2099278,
      1.153107,
      -0.693358958
    ]
  },
  {
    "timeStamp": 46269,
    "rotation": [
      [
        0.9656555,
        -0.208890036,
        0.154513314
      ],
      [
        -0.192696229,
        -0.176856861,
        0.965189
      ],
      [
        -0.1742916,
        -0.9618142,
        -0.211035118
      ]
    ],
    "translation": [
      2.19384384,
      1.14192545,
      -0.6788383
    ]
  },
  {
    "timeStamp": 46317,
    "rotation": [
      [
        0.969367266,
        -0.190243438,
        0.155353144
      ],
      [
        -0.18401216,
        -0.143566787,
        0.9723827
      ],
      [
        -0.1626859,
        -0.9711828,
        -0.174176052
      ]
    ],
    "translation": [
      2.17554522,
      1.13177049,
      -0.667057753
    ]
  },
  {
    "timeStamp": 46375,
    "rotation": [
      [
        0.9691896,
        -0.188276291,
        0.158819363
      ],
      [
        -0.174142942,
        -0.06774851,
        0.982387066
      ],
      [
        -0.1742004,
        -0.979776561,
        -0.09844814
      ]
    ],
    "translation": [
      2.1554873,
      1.10972881,
      -0.6479806
    ]
  },
  {
    "timeStamp": 46420,
    "rotation": [
      [
        0.9737238,
        -0.1711583,
        0.150222316
      ],
      [
        -0.150788486,
        0.009763535,
        0.9885178
      ],
      [
        -0.170659721,
        -0.9851952,
        -0.016301712
      ]
    ],
    "translation": [
      2.14570832,
      1.09075689,
      -0.634532452
    ]
  },
  {
    "timeStamp": 46475,
    "rotation": [
      [
        0.983835,
        -0.163471848,
        0.07311413
      ],
      [
        -0.06714297,
        0.04176611,
        0.9968688
      ],
      [
        -0.166013688,
        -0.9856635,
        0.0301149748
      ]
    ],
    "translation": [
      2.14201951,
      1.06951177,
      -0.6174933
    ]
  },
  {
    "timeStamp": 46520,
    "rotation": [
      [
        0.984779,
        -0.164583847,
        0.0558785759
      ],
      [
        -0.0436380319,
        0.07707408,
        0.9960699
      ],
      [
        -0.168243825,
        -0.9833472,
        0.06871883
      ]
    ],
    "translation": [
      2.13648534,
      1.05851126,
      -0.6029456
    ]
  },
  {
    "timeStamp": 46570,
    "rotation": [
      [
        0.99005425,
        -0.14031969,
        0.0101453681
      ],
      [
        0.004176597,
        0.101397373,
        0.9948372
      ],
      [
        -0.140623972,
        -0.9849005,
        0.100974955
      ]
    ],
    "translation": [
      2.130012,
      1.04338121,
      -0.5958017
    ]
  },
  {
    "timeStamp": 46619,
    "rotation": [
      [
        0.9918516,
        -0.124476343,
        -0.0271280147
      ],
      [
        0.0441195257,
        0.135850444,
        0.9897465
      ],
      [
        -0.119514681,
        -0.982878566,
        0.140235335
      ]
    ],
    "translation": [
      2.12248254,
      1.02827477,
      -0.587322354
    ]
  },
  {
    "timeStamp": 46675,
    "rotation": [
      [
        0.994236,
        -0.09105066,
        -0.05660852
      ],
      [
        0.07127023,
        0.1668331,
        0.983405948
      ],
      [
        -0.08009558,
        -0.9817721,
        0.172360674
      ]
    ],
    "translation": [
      2.11139917,
      1.01128292,
      -0.5848158
    ]
  },
  {
    "timeStamp": 46719,
    "rotation": [
      [
        0.9931995,
        -0.0748246759,
        -0.08919607
      ],
      [
        0.103040308,
        0.208291739,
        0.9726239
      ],
      [
        -0.0541974567,
        -0.9752004,
        0.21458523
      ]
    ],
    "translation": [
      2.10496473,
      0.995188832,
      -0.5832104
    ]
  },
  {
    "timeStamp": 46775,
    "rotation": [
      [
        0.989324331,
        -0.08355165,
        -0.119400524
      ],
      [
        0.136314541,
        0.240829259,
        0.9609473
      ],
      [
        -0.05153361,
        -0.966964543,
        0.249647543
      ]
    ],
    "translation": [
      2.10395527,
      0.976040542,
      -0.579759
    ]
  },
  {
    "timeStamp": 46819,
    "rotation": [
      [
        0.987415552,
        -0.0789408162,
        -0.137036
      ],
      [
        0.153551459,
        0.271182,
        0.950201154
      ],
      [
        -0.0378479436,
        -0.9592855,
        0.2798908
      ]
    ],
    "translation": [
      2.101681,
      0.9624357,
      -0.5786039
    ]
  },
  {
    "timeStamp": 46875,
    "rotation": [
      [
        0.9847985,
        -0.06742583,
        -0.160080254
      ],
      [
        0.173311561,
        0.319762647,
        0.9315122
      ],
      [
        -0.0116202924,
        -0.9450956,
        0.326587439
      ]
    ],
    "translation": [
      2.10080528,
      0.9438309,
      -0.58144623
    ]
  },
  {
    "timeStamp": 46919,
    "rotation": [
      [
        0.9839277,
        -0.06255142,
        -0.16725266
      ],
      [
        0.178556249,
        0.334418654,
        0.925354958
      ],
      [
        -0.0019498386,
        -0.9403464,
        0.340212733
      ]
    ],
    "translation": [
      2.100618,
      0.9330862,
      -0.5798743
    ]
  },
  {
    "timeStamp": 46976,
    "rotation": [
      [
        0.9856928,
        -0.0603590831,
        -0.157373533
      ],
      [
        0.168540165,
        0.363841236,
        0.9160861
      ],
      [
        0.00196488621,
        -0.929503262,
        0.368808657
      ]
    ],
    "translation": [
      2.09956813,
      0.9214466,
      -0.5796421
    ]
  },
  {
    "timeStamp": 47021,
    "rotation": [
      [
        0.9788894,
        -0.0566394553,
        -0.196386114
      ],
      [
        0.203183666,
        0.373927265,
        0.904928
      ],
      [
        0.0221795142,
        -0.9257269,
        0.377541661
      ]
    ],
    "translation": [
      2.10146856,
      0.9110622,
      -0.5798795
    ]
  },
  {
    "timeStamp": 47067,
    "rotation": [
      [
        0.979109943,
        -0.0747147948,
        -0.189107016
      ],
      [
        0.203251839,
        0.333575845,
        0.920551956
      ],
      [
        -0.00569733372,
        -0.9397579,
        0.341793329
      ]
    ],
    "translation": [
      2.09981012,
      0.9034034,
      -0.5756635
    ]
  },
  {
    "timeStamp": 47124,
    "rotation": [
      [
        0.9805319,
        -0.09460541,
        -0.172066778
      ],
      [
        0.17916289,
        0.07242269,
        0.98115015
      ],
      [
        -0.08036057,
        -0.992876947,
        0.08796254
      ]
    ],
    "translation": [
      2.09749365,
      0.884625554,
      -0.5545399
    ]
  },
  {
    "timeStamp": 47169,
    "rotation": [
      [
        0.9905245,
        -0.04594487,
        -0.129423231
      ],
      [
        0.125824571,
        -0.0740845054,
        0.98928237
      ],
      [
        -0.05504073,
        -0.996193051,
        -0.06760152
      ]
    ],
    "translation": [
      2.095386,
      0.8772445,
      -0.5430206
    ]
  },
  {
    "timeStamp": 47224,
    "rotation": [
      [
        0.9925173,
        -0.01634521,
        -0.121004894
      ],
      [
        0.118014388,
        -0.1259137,
        0.9849966
      ],
      [
        -0.0313361548,
        -0.9919065,
        -0.123042561
      ]
    ],
    "translation": [
      2.09538746,
      0.8758876,
      -0.5396686
    ]
  },
  {
    "timeStamp": 47269,
    "rotation": [
      [
        0.9856703,
        -0.021762915,
        -0.167273343
      ],
      [
        0.167136014,
        -0.007996448,
        0.9859014
      ],
      [
        -0.0227936823,
        -0.9997312,
        -0.00424449425
      ]
    ],
    "translation": [
      2.0981617,
      0.8806583,
      -0.549287
    ]
  },
  {
    "timeStamp": 47327,
    "rotation": [
      [
        0.9866017,
        -0.023431357,
        -0.161456019
      ],
      [
        0.161017686,
        -0.0195348766,
        0.9867582
      ],
      [
        -0.0262751076,
        -0.9995346,
        -0.01550028
      ]
    ],
    "translation": [
      2.09781671,
      0.880238652,
      -0.5485231
    ]
  },
  {
    "timeStamp": 47368,
    "rotation": [
      [
        0.9872296,
        -0.02477083,
        -0.157366231
      ],
      [
        0.15669702,
        -0.0269793887,
        0.987278163
      ],
      [
        -0.0287013426,
        -0.999329031,
        -0.0227533374
      ]
    ],
    "translation": [
      2.09755659,
      0.8799566,
      -0.5480078
    ]
  },
  {
    "timeStamp": 47423,
    "rotation": [
      [
        0.98826313,
        -0.03299141,
        -0.149156079
      ],
      [
        0.147547111,
        -0.0467740372,
        0.9879484
      ],
      [
        -0.03957043,
        -0.9983605,
        -0.04135727
      ]
    ],
    "translation": [
      2.09698033,
      0.8793058,
      -0.546517432
    ]
  },
  {
    "timeStamp": 47468,
    "rotation": [
      [
        0.9883346,
        -0.0334630124,
        -0.148575947
      ],
      [
        0.146891266,
        -0.0481768772,
        0.9879787
      ],
      [
        -0.04021868,
        -0.9982781,
        -0.0426994525
      ]
    ],
    "translation": [
      2.09696841,
      0.8792274,
      -0.546384931
    ]
  },
  {
    "timeStamp": 47523,
    "rotation": [
      [
        0.988647163,
        -0.0489545427,
        -0.142056927
      ],
      [
        0.138914272,
        -0.06253938,
        0.9883277
      ],
      [
        -0.0572673,
        -0.996841133,
        -0.0550288931
      ]
    ],
    "translation": [
      2.09578276,
      0.878572941,
      -0.5449332
    ]
  },
  {
    "timeStamp": 47568,
    "rotation": [
      [
        0.9892909,
        -0.0499824919,
        -0.137132362
      ],
      [
        0.133145615,
        -0.07588117,
        0.9881874
      ],
      [
        -0.05979784,
        -0.9958634,
        -0.0684136
      ]
    ],
    "translation": [
      2.09556818,
      0.877797961,
      -0.5440315
    ]
  },
  {
    "timeStamp": 47623,
    "rotation": [
      [
        0.9890335,
        -0.0500487573,
        -0.138952538
      ],
      [
        0.134970054,
        -0.07570131,
        0.987953663
      ],
      [
        -0.05996472,
        -0.9958737,
        -0.0681160539
      ]
    ],
    "translation": [
      2.09572244,
      0.877824366,
      -0.544065833
    ]
  },
  {
    "timeStamp": 47667,
    "rotation": [
      [
        0.9889393,
        -0.0526280627,
        -0.138670161
      ],
      [
        0.1337386,
        -0.08786042,
        0.987114251
      ],
      [
        -0.0641335249,
        -0.9947416,
        -0.07985022
      ]
    ],
    "translation": [
      2.0956614,
      0.877304435,
      -0.5433184
    ]
  },
  {
    "timeStamp": 47723,
    "rotation": [
      [
        0.989547253,
        -0.0367743559,
        -0.139441416
      ],
      [
        0.135758713,
        -0.0885810256,
        0.986774
      ],
      [
        -0.04863984,
        -0.995389938,
        -0.08266267
      ]
    ],
    "translation": [
      2.09641814,
      0.8770957,
      -0.5439841
    ]
  },
  {
    "timeStamp": 47768,
    "rotation": [
      [
        0.9898863,
        -0.0309932064,
        -0.1384358
      ],
      [
        0.134958729,
        -0.0949820057,
        0.986288249
      ],
      [
        -0.04371717,
        -0.994996369,
        -0.08983859
      ]
    ],
    "translation": [
      2.09667349,
      0.8767487,
      -0.543972254
    ]
  },
  {
    "timeStamp": 47824,
    "rotation": [
      [
        0.994655669,
        -0.0116377817,
        -0.102589414
      ],
      [
        0.102704331,
        0.009747045,
        0.9946642
      ],
      [
        -0.0105757453,
        -0.9998847,
        0.0108902054
      ]
    ],
    "translation": [
      2.097836,
      0.8745278,
      -0.5461308
    ]
  }
]