[
  {
    "timeStamp": 113727,
    "rotation": [
      [
        0.9990229,
        -0.04419453,
        -0.00010802516
      ],
      [
        0.0441803522,
        0.9986343,
        0.0278849844
      ],
      [
        -0.00112448609,
        -0.0278625116,
        0.999611139
      ]
    ],
    "translation": [
      1.60805416,
      0.999294937,
      -0.494767129
    ]
  },
  {
    "timeStamp": 113789,
    "rotation": [
      [
        0.998940051,
        -0.0178745221,
        0.04241725
      ],
      [
        0.01785245,
        0.9998402,
        0.0008991399
      ],
      [
        -0.0424265452,
        -0.000140935,
        0.999099553
      ]
    ],
    "translation": [
      1.61094153,
      1.00063717,
      -0.490224242
    ]
  },
  {
    "timeStamp": 113826,
    "rotation": [
      [
        0.998696566,
        3.34708238E-05,
        0.0510410741
      ],
      [
        0.0004017557,
        0.9999637,
        -0.008516702
      ],
      [
        -0.0510395057,
        0.008526107,
        0.998660266
      ]
    ],
    "translation": [
      1.61334729,
      1.001071,
      -0.488846153
    ]
  },
  {
    "timeStamp": 113878,
    "rotation": [
      [
        0.9995218,
        -0.008744739,
        0.029657932
      ],
      [
        0.00772779854,
        0.999384,
        0.03423195
      ],
      [
        -0.0299390145,
        -0.03398639,
        0.9989737
      ]
    ],
    "translation": [
      1.61325979,
      0.9998666,
      -0.494979858
    ]
  },
  {
    "timeStamp": 113933,
    "rotation": [
      [
        0.9987837,
        0.00317977625,
        0.04920452
      ],
      [
        -0.005582155,
        0.9987947,
        0.04876426
      ],
      [
        -0.04899016,
        -0.0489796139,
        0.9975976
      ]
    ],
    "translation": [
      1.617337,
      1.00671756,
      -0.493817478
    ]
  },
  {
    "timeStamp": 113978,
    "rotation": [
      [
        0.997932732,
        0.02593828,
        0.05880035
      ],
      [
        -0.0293499213,
        0.9978897,
        0.0579197966
      ],
      [
        -0.0571739227,
        -0.0595258474,
        0.9965881
      ]
    ],
    "translation": [
      1.62059128,
      1.01732337,
      -0.493430525
    ]
  },
  {
    "timeStamp": 114033,
    "rotation": [
      [
        0.9974948,
        0.04601381,
        0.053728912
      ],
      [
        -0.0513007,
        0.993504763,
        0.101569973
      ],
      [
        -0.048706308,
        -0.104071856,
        0.9933765
      ]
    ],
    "translation": [
      1.62447083,
      1.03497672,
      -0.497278
    ]
  },
  {
    "timeStamp": 114078,
    "rotation": [
      [
        0.9961437,
        0.0760645345,
        0.0437255576
      ],
      [
        -0.08070899,
        0.9898823,
        0.11670097
      ],
      [
        -0.0344063528,
        -0.119779982,
        0.99220407
      ]
    ],
    "translation": [
      1.631139,
      1.05164278,
      -0.5019109
    ]
  },
  {
    "timeStamp": 114133,
    "rotation": [
      [
        0.9894954,
        0.129643232,
        0.06396475
      ],
      [
        -0.13827236,
        0.977859735,
        0.15707013
      ],
      [
        -0.0421854742,
        -0.164264724,
        0.9855138
      ]
    ],
    "translation": [
      1.6467067,
      1.08144069,
      -0.5126151
    ]
  },
  {
    "timeStamp": 114178,
    "rotation": [
      [
        0.977427542,
        0.185364485,
        0.101368122
      ],
      [
        -0.199475959,
        0.967768848,
        0.15372996
      ],
      [
        -0.06960483,
        -0.1704804,
        0.9828996
      ]
    ],
    "translation": [
      1.66661239,
      1.1066823,
      -0.522964835
    ]
  },
  {
    "timeStamp": 114235,
    "rotation": [
      [
        0.96034,
        0.252300918,
        0.118706539
      ],
      [
        -0.2691577,
        0.949983537,
        0.158383846
      ],
      [
        -0.07280886,
        -0.184053123,
        0.980215967
      ]
    ],
    "translation": [
      1.6960758,
      1.13802,
      -0.547564268
    ]
  },
  {
    "timeStamp": 114280,
    "rotation": [
      [
        0.948163152,
        0.294348,
        0.11977426
      ],
      [
        -0.311634719,
        0.9350307,
        0.169119284
      ],
      [
        -0.06221269,
        -0.197678491,
        0.978290737
      ]
    ],
    "translation": [
      1.72307909,
      1.16280985,
      -0.574828565
    ]
  },
  {
    "timeStamp": 114326,
    "rotation": [
      [
        0.927745938,
        0.3478374,
        0.135264769
      ],
      [
        -0.366588056,
        0.9173035,
        0.155458912
      ],
      [
        -0.0700044259,
        -0.193812817,
        0.9785377
      ]
    ],
    "translation": [
      1.75600088,
      1.18371129,
      -0.603088737
    ]
  },
  {
    "timeStamp": 114382,
    "rotation": [
      [
        0.9228086,
        0.3658718,
        0.120673954
      ],
      [
        -0.381934315,
        0.9098689,
        0.162064075
      ],
      [
        -0.05050281,
        -0.195643649,
        0.9793738
      ]
    ],
    "translation": [
      1.7940079,
      1.200996,
      -0.6418596
    ]
  },
  {
    "timeStamp": 114427,
    "rotation": [
      [
        0.9104391,
        0.39070043,
        0.135844931
      ],
      [
        -0.408452,
        0.901015759,
        0.146074116
      ],
      [
        -0.0653272048,
        -0.188477725,
        0.9799023
      ]
    ],
    "translation": [
      1.82880509,
      1.21199048,
      -0.669060767
    ]
  },
  {
    "timeStamp": 114482,
    "rotation": [
      [
        0.922626257,
        0.3634054,
        0.129218265
      ],
      [
        -0.381697118,
        0.9084092,
        0.170587271
      ],
      [
        -0.0553907342,
        -0.206710532,
        0.976833
      ]
    ],
    "translation": [
      1.86578429,
      1.22313619,
      -0.702370763
    ]
  },
  {
    "timeStamp": 114527,
    "rotation": [
      [
        0.915408254,
        0.372882932,
        0.151611313
      ],
      [
        -0.395144165,
        0.9042465,
        0.161862209
      ],
      [
        -0.07673834,
        -0.20807834,
        0.975097239
      ]
    ],
    "translation": [
      1.90176,
      1.2334218,
      -0.720836639
    ]
  },
  {
    "timeStamp": 114582,
    "rotation": [
      [
        0.914476156,
        0.3516942,
        0.200111389
      ],
      [
        -0.386788845,
        0.9050247,
        0.176987648
      ],
      [
        -0.11886023,
        -0.239251837,
        0.9636549
      ]
    ],
    "translation": [
      1.94626057,
      1.246828,
      -0.7387753
    ]
  },
  {
    "timeStamp": 114627,
    "rotation": [
      [
        0.9069582,
        0.333568335,
        0.25721392
      ],
      [
        -0.386524349,
        0.9017583,
        0.19347088
      ],
      [
        -0.167409018,
        -0.274889439,
        0.9467893
      ]
    ],
    "translation": [
      1.983986,
      1.25939155,
      -0.7491389
    ]
  },
  {
    "timeStamp": 114683,
    "rotation": [
      [
        0.8890017,
        0.299542248,
        0.346338451
      ],
      [
        -0.388008446,
        0.8944223,
        0.222392082
      ],
      [
        -0.243157,
        -0.3320892,
        0.911367834
      ]
    ],
    "translation": [
      2.03151083,
      1.2737844,
      -0.7579369
    ]
  },
  {
    "timeStamp": 114727,
    "rotation": [
      [
        0.881770849,
        0.230628908,
        0.411449283
      ],
      [
        -0.359798074,
        0.8929406,
        0.270559579
      ],
      [
        -0.3050009,
        -0.3866102,
        0.870348752
      ]
    ],
    "translation": [
      2.064126,
      1.2827903,
      -0.763727367
    ]
  },
  {
    "timeStamp": 114782,
    "rotation": [
      [
        0.8437188,
        0.212559536,
        0.49290663
      ],
      [
        -0.379285961,
        0.885853231,
        0.267219275
      ],
      [
        -0.379842937,
        -0.4124105,
        0.828031957
      ]
    ],
    "translation": [
      2.10925364,
      1.28960812,
      -0.7641808
    ]
  },
  {
    "timeStamp": 114827,
    "rotation": [
      [
        0.828142345,
        0.136144564,
        0.5437324
      ],
      [
        -0.3453743,
        0.8879684,
        0.3036917
      ],
      [
        -0.441471249,
        -0.439291149,
        0.7823851
      ]
    ],
    "translation": [
      2.13590217,
      1.28953362,
      -0.7621446
    ]
  },
  {
    "timeStamp": 114882,
    "rotation": [
      [
        0.78929466,
        0.164297014,
        0.5916253
      ],
      [
        -0.353616059,
        0.9093354,
        0.219237059
      ],
      [
        -0.501965761,
        -0.382250816,
        0.77583164
      ]
    ],
    "translation": [
      2.17289853,
      1.2824831,
      -0.7477721
    ]
  },
  {
    "timeStamp": 114927,
    "rotation": [
      [
        0.7833306,
        0.1687271,
        0.5982678
      ],
      [
        -0.346104681,
        0.917854249,
        0.1943068
      ],
      [
        -0.5163378,
        -0.359269738,
        0.7773806
      ]
    ],
    "translation": [
      2.18887329,
      1.27339351,
      -0.7386937
    ]
  },
  {
    "timeStamp": 114982,
    "rotation": [
      [
        0.7996764,
        0.105401888,
        0.5911075
      ],
      [
        -0.2586459,
        0.9489197,
        0.180703312
      ],
      [
        -0.5418671,
        -0.297391683,
        0.7860905
      ]
    ],
    "translation": [
      2.19614363,
      1.257391,
      -0.722129464
    ]
  },
  {
    "timeStamp": 115033,
    "rotation": [
      [
        0.8182074,
        0.143776059,
        0.5566553
      ],
      [
        -0.25223577,
        0.959837139,
        0.122840077
      ],
      [
        -0.516636968,
        -0.240917042,
        0.821611345
      ]
    ],
    "translation": [
      2.20148754,
      1.24205875,
      -0.708133936
    ]
  },
  {
    "timeStamp": 115077,
    "rotation": [
      [
        0.8489313,
        0.05798057,
        0.5253131
      ],
      [
        -0.16485779,
        0.9734206,
        0.158978462
      ],
      [
        -0.502132952,
        -0.221563756,
        0.8359258
      ]
    ],
    "translation": [
      2.194171,
      1.23513722,
      -0.700018167
    ]
  },
  {
    "timeStamp": 115132,
    "rotation": [
      [
        0.8615448,
        0.141003519,
        0.487707466
      ],
      [
        -0.204821944,
        0.9755426,
        0.07977803
      ],
      [
        -0.464530438,
        -0.168625548,
        0.8693543
      ]
    ],
    "translation": [
      2.199911,
      1.22976947,
      -0.686813533
    ]
  },
  {
    "timeStamp": 115177,
    "rotation": [
      [
        0.8786278,
        0.08865888,
        0.4692044
      ],
      [
        -0.155776456,
        0.9820736,
        0.106137082
      ],
      [
        -0.451383263,
        -0.166345984,
        0.8766882
      ]
    ],
    "translation": [
      2.19557953,
      1.22616839,
      -0.678110063
    ]
  },
  {
    "timeStamp": 115233,
    "rotation": [
      [
        0.8956859,
        0.0774292946,
        0.437894255
      ],
      [
        -0.125139311,
        0.988817334,
        0.08112025
      ],
      [
        -0.4267163,
        -0.127456054,
        0.8953592
      ]
    ],
    "translation": [
      2.19613767,
      1.21645164,
      -0.663996458
    ]
  },
  {
    "timeStamp": 115277,
    "rotation": [
      [
        0.8962553,
        0.08293344,
        0.435716033
      ],
      [
        -0.121759012,
        0.9906276,
        0.06190042
      ],
      [
        -0.426498681,
        -0.108530931,
        0.8979532
      ]
    ],
    "translation": [
      2.19751859,
      1.208782,
      -0.654663563
    ]
  },
  {
    "timeStamp": 115333,
    "rotation": [
      [
        0.917663157,
        0.09682971,
        0.385380834
      ],
      [
        -0.105870344,
        0.9943774,
        0.002252402
      ],
      [
        -0.3829959,
        -0.0428673476,
        0.9227548
      ]
    ],
    "translation": [
      2.19334221,
      1.19710088,
      -0.64709866
    ]
  },
  {
    "timeStamp": 115377,
    "rotation": [
      [
        0.925382435,
        0.116787925,
        0.360593855
      ],
      [
        -0.11534413,
        0.99299556,
        -0.02560349
      ],
      [
        -0.361058265,
        -0.0178993661,
        0.932371438
      ]
    ],
    "translation": [
      2.1885674,
      1.19143462,
      -0.6451567
    ]
  },
  {
    "timeStamp": 115434,
    "rotation": [
      [
        0.934971869,
        0.125477389,
        0.331787676
      ],
      [
        -0.11285194,
        0.991967857,
        -0.0571333542
      ],
      [
        -0.336291671,
        0.0159751941,
        0.9416224
      ]
    ],
    "translation": [
      2.18201041,
      1.18338454,
      -0.642195463
    ]
  },
  {
    "timeStamp": 115479,
    "rotation": [
      [
        0.936987162,
        0.1255687,
        0.326017648
      ],
      [
        -0.110740334,
        0.9918039,
        -0.06373044
      ],
      [
        -0.331348151,
        0.0236112978,
        0.943213046
      ]
    ],
    "translation": [
      2.17741537,
      1.17860818,
      -0.640615642
    ]
  },
  {
    "timeStamp": 115525,
    "rotation": [
      [
        0.936674237,
        0.13938725,
        0.3212669
      ],
      [
        -0.12140163,
        0.989731133,
        -0.07545788
      ],
      [
        -0.328485727,
        0.0316771269,
        0.9439776
      ]
    ],
    "translation": [
      2.17436934,
      1.17593265,
      -0.6389654
    ]
  },
  {
    "timeStamp": 115582,
    "rotation": [
      [
        0.939911842,
        0.1454141,
        0.308901876
      ],
      [
        -0.123630472,
        0.988322735,
        -0.08907137
      ],
      [
        -0.318246961,
        0.04552955,
        0.9469139
      ]
    ],
    "translation": [
      2.16874146,
      1.17266273,
      -0.6372982
    ]
  },
  {
    "timeStamp": 115626,
    "rotation": [
      [
        0.938418031,
        0.149191052,
        0.311630756
      ],
      [
        -0.125290781,
        0.9875154,
        -0.09547621
      ],
      [
        -0.321984351,
        0.0505521372,
        0.945394456
      ]
    ],
    "translation": [
      2.165328,
      1.1701144,
      -0.635573
    ]
  },
  {
    "timeStamp": 115682,
    "rotation": [
      [
        0.945104659,
        0.143224746,
        0.293707073
      ],
      [
        -0.117105745,
        0.9875787,
        -0.104759216
      ],
      [
        -0.305062979,
        0.06461364,
        0.950137734
      ]
    ],
    "translation": [
      2.15917349,
      1.16560328,
      -0.6347794
    ]
  },
  {
    "timeStamp": 115727,
    "rotation": [
      [
        0.946261,
        0.1385737,
        0.292211235
      ],
      [
        -0.109960884,
        0.98757714,
        -0.112249404
      ],
      [
        -0.304135948,
        0.07408543,
        0.94974345
      ]
    ],
    "translation": [
      2.15597343,
      1.16186869,
      -0.633765161
    ]
  },
  {
    "timeStamp": 115782,
    "rotation": [
      [
        0.9510735,
        0.1277816,
        0.281302422
      ],
      [
        -0.0965037942,
        0.9877753,
        -0.122420952
      ],
      [
        -0.293506742,
        0.08928457,
        0.951778352
      ]
    ],
    "translation": [
      2.1520257,
      1.157395,
      -0.633139133
    ]
  },
  {
    "timeStamp": 115826,
    "rotation": [
      [
        0.9512092,
        0.120628782,
        0.283989
      ],
      [
        -0.08693488,
        0.9878994,
        -0.128441036
      ],
      [
        -0.296046257,
        0.09748574,
        0.9501859
      ]
    ],
    "translation": [
      2.15028858,
      1.15461564,
      -0.6325092
    ]
  },
  {
    "timeStamp": 115881,
    "rotation": [
      [
        0.9495024,
        0.1289766,
        0.286024868
      ],
      [
        -0.08955777,
        0.9850882,
        -0.146903351
      ],
      [
        -0.300706834,
        0.113869332,
        0.946894467
      ]
    ],
    "translation": [
      2.15020561,
      1.15290463,
      -0.631056
    ]
  },
  {
    "timeStamp": 115926,
    "rotation": [
      [
        0.9503808,
        0.120098568,
        0.2869715
      ],
      [
        -0.0768323839,
        0.984513938,
        -0.157572091
      ],
      [
        -0.301451653,
        0.127704784,
        0.9448907
      ]
    ],
    "translation": [
      2.14931178,
      1.15076065,
      -0.6300974
    ]
  },
  {
    "timeStamp": 115982,
    "rotation": [
      [
        0.9514191,
        0.119311973,
        0.2838422
      ],
      [
        -0.07716926,
        0.98484695,
        -0.155310676
      ],
      [
        -0.298071563,
        0.125861645,
        0.946209431
      ]
    ],
    "translation": [
      2.1493516,
      1.150624,
      -0.6303341
    ]
  }
]