[
  {
    "timeStamp": 13904,
    "rotation": [
      [
        0.000291816832,
        0.9999999,
        -0.000397347729
      ],
      [
        0.03908832,
        0.000385637453,
        0.9992357
      ],
      [
        0.999235749,
        -0.00030712533,
        -0.0390882
      ]
    ],
    "translation": [
      1.3079915,
      0.705564439,
      -0.490139484
    ]
  },
  {
    "timeStamp": 13950,
    "rotation": [
      [
        0.000512959436,
        0.999999762,
        0.00035335467
      ],
      [
        0.0255778637,
        -0.0003663595,
        0.9996728
      ],
      [
        0.999672651,
        -0.000503753661,
        -0.0255780462
      ]
    ],
    "translation": [
      1.30799472,
      0.7053315,
      -0.490044475
    ]
  },
  {
    "timeStamp": 14003,
    "rotation": [
      [
        0.0387419537,
        0.9991913,
        0.0107624661
      ],
      [
        0.0310993679,
        -0.01197102,
        0.9994446
      ],
      [
        0.99876523,
        -0.0383857265,
        -0.031538
      ]
    ],
    "translation": [
      1.30667043,
      0.7062089,
      -0.488697261
    ]
  },
  {
    "timeStamp": 14048,
    "rotation": [
      [
        0.0472063161,
        0.9984248,
        0.03032245
      ],
      [
        0.0536838174,
        -0.0328482948,
        0.99801755
      ],
      [
        0.99744153,
        -0.0454849042,
        -0.0551499
      ]
    ],
    "translation": [
      1.3021214,
      0.7115666,
      -0.486152083
    ]
  },
  {
    "timeStamp": 14103,
    "rotation": [
      [
        0.0873244554,
        0.9939771,
        0.066210784
      ],
      [
        0.06614812,
        -0.07210368,
        0.99520123
      ],
      [
        0.9939813,
        -0.0825256854,
        -0.07204613
      ]
    ],
    "translation": [
      1.29838169,
      0.7247253,
      -0.479961872
    ]
  },
  {
    "timeStamp": 14148,
    "rotation": [
      [
        0.138798952,
        0.9815519,
        0.1314945
      ],
      [
        0.0631944463,
        -0.141287759,
        0.9879495
      ],
      [
        0.988302231,
        -0.12881662,
        -0.08163922
      ]
    ],
    "translation": [
      1.28946757,
      0.7451861,
      -0.475014776
    ]
  },
  {
    "timeStamp": 14204,
    "rotation": [
      [
        0.174679026,
        0.964224637,
        0.199394077
      ],
      [
        0.0776992,
        -0.215374783,
        0.9734354
      ],
      [
        0.9815549,
        -0.154545978,
        -0.112540945
      ]
    ],
    "translation": [
      1.2860955,
      0.7756986,
      -0.467705667
    ]
  },
  {
    "timeStamp": 14248,
    "rotation": [
      [
        0.223175779,
        0.9335702,
        0.28042686
      ],
      [
        0.06583988,
        -0.3014626,
        0.9512021
      ],
      [
        0.9725521,
        -0.193822,
        -0.1287453
      ]
    ],
    "translation": [
      1.28225,
      0.8089043,
      -0.4652169
    ]
  },
  {
    "timeStamp": 14303,
    "rotation": [
      [
        0.2782895,
        0.8982545,
        0.34013772
      ],
      [
        0.08628127,
        -0.376073718,
        0.922563851
      ],
      [
        0.9566141,
        -0.2273923,
        -0.182159916
      ]
    ],
    "translation": [
      1.29491043,
      0.848605752,
      -0.455634356
    ]
  },
  {
    "timeStamp": 14348,
    "rotation": [
      [
        0.3429771,
        0.8445752,
        0.4111683
      ],
      [
        0.06924331,
        -0.4592595,
        0.885599256
      ],
      [
        0.936788142,
        -0.2752696,
        -0.215996683
      ]
    ],
    "translation": [
      1.30888522,
      0.887013,
      -0.44888106
    ]
  },
  {
    "timeStamp": 14403,
    "rotation": [
      [
        0.4179776,
        0.7913536,
        0.446155071
      ],
      [
        0.0937730148,
        -0.526072562,
        0.845254
      ],
      [
        0.9036047,
        -0.311459959,
        -0.294094145
      ]
    ],
    "translation": [
      1.34439969,
      0.9306175,
      -0.436244041
    ]
  },
  {
    "timeStamp": 14448,
    "rotation": [
      [
        0.483782768,
        0.7179847,
        0.500452042
      ],
      [
        0.0564622469,
        -0.5962358,
        0.8008214
      ],
      [
        0.873364866,
        -0.35916698,
        -0.328987628
      ]
    ],
    "translation": [
      1.37643409,
      0.966969,
      -0.4331769
    ]
  },
  {
    "timeStamp": 14503,
    "rotation": [
      [
        0.5536988,
        0.669687331,
        0.4949107
      ],
      [
        0.0953498557,
        -0.6414116,
        0.7612487
      ],
      [
        0.82724005,
        -0.374312848,
        -0.4190034
      ]
    ],
    "translation": [
      1.43330085,
      1.00445628,
      -0.425172269
    ]
  },
  {
    "timeStamp": 14548,
    "rotation": [
      [
        0.625790954,
        0.593283,
        0.5063606
      ],
      [
        0.0502028167,
        -0.67847836,
        0.732903
      ],
      [
        0.778373539,
        -0.433223337,
        -0.454370081
      ]
    ],
    "translation": [
      1.48409736,
      1.03016794,
      -0.4242832
    ]
  },
  {
    "timeStamp": 14603,
    "rotation": [
      [
        0.701447248,
        0.5531669,
        0.449419767
      ],
      [
        0.09978021,
        -0.700576365,
        0.7065669
      ],
      [
        0.705702245,
        -0.450776219,
        -0.5466125
      ]
    ],
    "translation": [
      1.56094444,
      1.05295551,
      -0.4215591
    ]
  },
  {
    "timeStamp": 14648,
    "rotation": [
      [
        0.7478641,
        0.4921631,
        0.445505023
      ],
      [
        0.0509250537,
        -0.7116461,
        0.700690031
      ],
      [
        0.661895633,
        -0.5013336,
        -0.557278037
      ]
    ],
    "translation": [
      1.61513162,
      1.06349552,
      -0.42937994
    ]
  },
  {
    "timeStamp": 14704,
    "rotation": [
      [
        0.809908032,
        0.461378932,
        0.362185568
      ],
      [
        0.09430414,
        -0.7118691,
        0.695951939
      ],
      [
        0.578926265,
        -0.5295015,
        -0.6200585
      ]
    ],
    "translation": [
      1.69816053,
      1.06962717,
      -0.4367795
    ]
  },
  {
    "timeStamp": 14748,
    "rotation": [
      [
        0.834631443,
        0.427830935,
        0.346916378
      ],
      [
        0.06623993,
        -0.7032223,
        0.7078776
      ],
      [
        0.5468113,
        -0.5678372,
        -0.6152709
      ]
    ],
    "translation": [
      1.75454354,
      1.06695521,
      -0.452149451
    ]
  },
  {
    "timeStamp": 14803,
    "rotation": [
      [
        0.8818896,
        0.391093463,
        0.263280421
      ],
      [
        0.08981606,
        -0.68758285,
        0.720529556
      ],
      [
        0.4628215,
        -0.6117807,
        -0.6414987
      ]
    ],
    "translation": [
      1.83300138,
      1.05870628,
      -0.464879721
    ]
  },
  {
    "timeStamp": 14848,
    "rotation": [
      [
        0.9086941,
        0.3476964,
        0.23104614
      ],
      [
        0.06658601,
        -0.6670841,
        0.742000759
      ],
      [
        0.412118167,
        -0.6588673,
        -0.6293271
      ]
    ],
    "translation": [
      1.89012825,
      1.04705584,
      -0.480531
    ]
  },
  {
    "timeStamp": 14903,
    "rotation": [
      [
        0.9342147,
        0.3140942,
        0.169078991
      ],
      [
        0.0821318552,
        -0.650661,
        0.7549137
      ],
      [
        0.34712708,
        -0.6913647,
        -0.6336542
      ]
    ],
    "translation": [
      1.95611572,
      1.03392053,
      -0.497256547
    ]
  },
  {
    "timeStamp": 14948,
    "rotation": [
      [
        0.9455947,
        0.280299783,
        0.165174872
      ],
      [
        0.0514785163,
        -0.630194962,
        0.774728537
      ],
      [
        0.3212486,
        -0.7240763,
        -0.6103384
      ]
    ],
    "translation": [
      1.996861,
      1.01960647,
      -0.5144783
    ]
  },
  {
    "timeStamp": 15003,
    "rotation": [
      [
        0.9626584,
        0.250161,
        0.103480771
      ],
      [
        0.0698028952,
        -0.5986846,
        0.7979375
      ],
      [
        0.261565179,
        -0.760917962,
        -0.5937907
      ]
    ],
    "translation": [
      2.0504775,
      1.00070691,
      -0.531787932
    ]
  },
  {
    "timeStamp": 15051,
    "rotation": [
      [
        0.968106449,
        0.241778091,
        0.06567449
      ],
      [
        0.08765768,
        -0.57243824,
        0.8152488
      ],
      [
        0.234703884,
        -0.7834908,
        -0.5753749
      ]
    ],
    "translation": [
      2.08876085,
      0.985380948,
      -0.545931756
    ]
  },
  {
    "timeStamp": 15098,
    "rotation": [
      [
        0.9824012,
        0.180673853,
        0.047380697
      ],
      [
        0.0566536561,
        -0.529945,
        0.8461375
      ],
      [
        0.177984089,
        -0.8285622,
        -0.5308544
      ]
    ],
    "translation": [
      2.13000917,
      0.96304965,
      -0.563648939
    ]
  },
  {
    "timeStamp": 15153,
    "rotation": [
      [
        0.985950351,
        0.166354775,
        -0.0151011534
      ],
      [
        0.09396327,
        -0.477604032,
        0.8735361
      ],
      [
        0.138104543,
        -0.862682164,
        -0.4865251
      ]
    ],
    "translation": [
      2.16827488,
      0.93694067,
      -0.579966962
    ]
  },
  {
    "timeStamp": 15198,
    "rotation": [
      [
        0.991437435,
        0.1256356,
        -0.03560253
      ],
      [
        0.0864715353,
        -0.4273551,
        0.89993906
      ],
      [
        0.09784945,
        -0.8953119,
        -0.434559733
      ]
    ],
    "translation": [
      2.19595981,
      0.915865362,
      -0.5940273
    ]
  },
  {
    "timeStamp": 15253,
    "rotation": [
      [
        0.991195858,
        0.117266059,
        -0.0614775233
      ],
      [
        0.101741031,
        -0.377426445,
        0.92043364
      ],
      [
        0.08473239,
        -0.918584764,
        -0.3860343
      ]
    ],
    "translation": [
      2.21365118,
      0.891602755,
      -0.605724752
    ]
  },
  {
    "timeStamp": 15298,
    "rotation": [
      [
        0.9939456,
        0.08122687,
        -0.07398909
      ],
      [
        0.09755697,
        -0.342644632,
        0.934386
      ],
      [
        0.05054527,
        -0.935947,
        -0.348494381
      ]
    ],
    "translation": [
      2.23036027,
      0.875899434,
      -0.6121019
    ]
  },
  {
    "timeStamp": 15353,
    "rotation": [
      [
        0.9940517,
        0.0734672844,
        -0.08039742
      ],
      [
        0.09854994,
        -0.292554051,
        0.9511572
      ],
      [
        0.04635835,
        -0.9534226,
        -0.298054039
      ]
    ],
    "translation": [
      2.2320106,
      0.853124142,
      -0.620204449
    ]
  },
  {
    "timeStamp": 15399,
    "rotation": [
      [
        0.9899942,
        0.08462781,
        -0.1129141
      ],
      [
        0.131727383,
        -0.267379761,
        0.9545449
      ],
      [
        0.0505901,
        -0.959867835,
        -0.275852233
      ]
    ],
    "translation": [
      2.241938,
      0.8441196,
      -0.621112
    ]
  },
  {
    "timeStamp": 15454,
    "rotation": [
      [
        0.992719531,
        0.0779944956,
        -0.09178654
      ],
      [
        0.107482322,
        -0.229674682,
        0.967314363
      ],
      [
        0.0543641448,
        -0.9701373,
        -0.236385569
      ]
    ],
    "translation": [
      2.23686886,
      0.8272701,
      -0.624325037
    ]
  },
  {
    "timeStamp": 15500,
    "rotation": [
      [
        0.9912111,
        0.06053026,
        -0.117628992
      ],
      [
        0.12821494,
        -0.220587075,
        0.966903448
      ],
      [
        0.0325794853,
        -0.9734872,
        -0.226409256
      ]
    ],
    "translation": [
      2.24361038,
      0.8234589,
      -0.622577965
    ]
  },
  {
    "timeStamp": 15557,
    "rotation": [
      [
        0.9936321,
        0.04896329,
        -0.101479158
      ],
      [
        0.109497033,
        -0.207252935,
        0.972140253
      ],
      [
        0.0265673511,
        -0.9770614,
        -0.211294487
      ]
    ],
    "translation": [
      2.24418974,
      0.8159025,
      -0.6224631
    ]
  },
  {
    "timeStamp": 15602,
    "rotation": [
      [
        0.9925654,
        0.04090462,
        -0.114633054
      ],
      [
        0.120427735,
        -0.193572983,
        0.9736666
      ],
      [
        0.017637603,
        -0.9802328,
        -0.1970599
      ]
    ],
    "translation": [
      2.24488735,
      0.813272238,
      -0.6216914
    ]
  },
  {
    "timeStamp": 15647,
    "rotation": [
      [
        0.9925569,
        0.04401573,
        -0.113548815
      ],
      [
        0.119689681,
        -0.180508912,
        0.976263762
      ],
      [
        0.0224743988,
        -0.982588,
        -0.1844336
      ]
    ],
    "translation": [
      2.24453783,
      0.8076538,
      -0.620568931
    ]
  },
  {
    "timeStamp": 15702,
    "rotation": [
      [
        0.990254641,
        0.0482161678,
        -0.13065578
      ],
      [
        0.1367585,
        -0.159344539,
        0.977704644
      ],
      [
        0.0263218582,
        -0.9860449,
        -0.164385632
      ]
    ],
    "translation": [
      2.24451685,
      0.8028766,
      -0.619809449
    ]
  },
  {
    "timeStamp": 15747,
    "rotation": [
      [
        0.9889856,
        0.0512092933,
        -0.138870761
      ],
      [
        0.145010531,
        -0.1472494,
        0.978411734
      ],
      [
        0.0296551175,
        -0.9877729,
        -0.153053418
      ]
    ],
    "translation": [
      2.24408412,
      0.7998787,
      -0.619509935
    ]
  },
  {
    "timeStamp": 15803,
    "rotation": [
      [
        0.984849453,
        0.0861529,
        -0.150496483
      ],
      [
        0.162741452,
        -0.159456387,
        0.973698556
      ],
      [
        0.0598893277,
        -0.9834385,
        -0.171061188
      ]
    ],
    "translation": [
      2.24178,
      0.804377,
      -0.6149773
    ]
  },
  {
    "timeStamp": 15847,
    "rotation": [
      [
        0.9817005,
        0.113170877,
        -0.1531554
      ],
      [
        0.171686,
        -0.178021073,
        0.968933642
      ],
      [
        0.0823901743,
        -0.9774973,
        -0.194193214
      ]
    ],
    "translation": [
      2.23768759,
      0.8146633,
      -0.6104833
    ]
  },
  {
    "timeStamp": 15903,
    "rotation": [
      [
        0.985233665,
        0.09425442,
        -0.142936215
      ],
      [
        0.158636138,
        -0.188444957,
        0.9691868
      ],
      [
        0.0644145,
        -0.9775503,
        -0.200614467
      ]
    ],
    "translation": [
      2.23288941,
      0.819798,
      -0.609159231
    ]
  },
  {
    "timeStamp": 15947,
    "rotation": [
      [
        0.9845307,
        0.104749605,
        -0.140452355
      ],
      [
        0.15769428,
        -0.180362716,
        0.9708768
      ],
      [
        0.07636659,
        -0.978006542,
        -0.194091037
      ]
    ],
    "translation": [
      2.22996163,
      0.816062868,
      -0.609075
    ]
  },
  {
    "timeStamp": 16000,
    "rotation": [
      [
        0.983975,
        0.09442266,
        -0.151253447
      ],
      [
        0.165353164,
        -0.165797338,
        0.9721983
      ],
      [
        0.06672012,
        -0.981629,
        -0.178753525
      ]
    ],
    "translation": [
      2.232568,
      0.807675838,
      -0.609722
    ]
  },
  {
    "timeStamp": 16053,
    "rotation": [
      [
        0.9843011,
        0.08970987,
        -0.151998252
      ],
      [
        0.164428011,
        -0.153094739,
        0.974436
      ],
      [
        0.06414642,
        -0.984131157,
        -0.165442139
      ]
    ],
    "translation": [
      2.233128,
      0.800479352,
      -0.6106632
    ]
  },
  {
    "timeStamp": 16098,
    "rotation": [
      [
        0.983662963,
        0.08704987,
        -0.157573581
      ],
      [
        0.169173762,
        -0.14776589,
        0.974446237
      ],
      [
        0.06154142,
        -0.985184,
        -0.1600784
      ]
    ],
    "translation": [
      2.23404,
      0.7954087,
      -0.610614657
    ]
  },
  {
    "timeStamp": 16153,
    "rotation": [
      [
        0.9837524,
        0.0800072551,
        -0.160716787
      ],
      [
        0.170645192,
        -0.1385762,
        0.975539267
      ],
      [
        0.0557787,
        -0.987114668,
        -0.149977535
      ]
    ],
    "translation": [
      2.23551536,
      0.7877229,
      -0.6102571
    ]
  },
  {
    "timeStamp": 16198,
    "rotation": [
      [
        0.984770238,
        0.07965589,
        -0.1545396
      ],
      [
        0.163787365,
        -0.126875833,
        0.9783027
      ],
      [
        0.05832023,
        -0.988715053,
        -0.137990177
      ]
    ],
    "translation": [
      2.23400187,
      0.780516863,
      -0.6101801
    ]
  },
  {
    "timeStamp": 16253,
    "rotation": [
      [
        0.984934151,
        0.08237892,
        -0.1520474
      ],
      [
        0.161428556,
        -0.122695081,
        0.9792276
      ],
      [
        0.0620122254,
        -0.9890195,
        -0.134144887
      ]
    ],
    "translation": [
      2.232399,
      0.7738177,
      -0.6076546
    ]
  },
  {
    "timeStamp": 16297,
    "rotation": [
      [
        0.985949934,
        0.07869006,
        -0.1473449
      ],
      [
        0.155873045,
        -0.116296232,
        0.980907142
      ],
      [
        0.0600520037,
        -0.990092456,
        -0.126927927
      ]
    ],
    "translation": [
      2.231369,
      0.768238068,
      -0.6063883
    ]
  },
  {
    "timeStamp": 16353,
    "rotation": [
      [
        0.9866128,
        0.0801342651,
        -0.14203392
      ],
      [
        0.150550351,
        -0.112764336,
        0.9821501
      ],
      [
        0.0626875,
        -0.9903851,
        -0.123318993
      ]
    ],
    "translation": [
      2.22959375,
      0.762275457,
      -0.603499
    ]
  },
  {
    "timeStamp": 16397,
    "rotation": [
      [
        0.988068163,
        0.06967538,
        -0.137356177
      ],
      [
        0.144381911,
        -0.108535692,
        0.9835517
      ],
      [
        0.05362131,
        -0.9916478,
        -0.117300518
      ]
    ],
    "translation": [
      2.23020244,
      0.75763154,
      -0.601702034
    ]
  },
  {
    "timeStamp": 16453,
    "rotation": [
      [
        0.989016831,
        0.0679870844,
        -0.131238222
      ],
      [
        0.137561366,
        -0.0986380652,
        0.9855696
      ],
      [
        0.05406093,
        -0.9927982,
        -0.1069071
      ]
    ],
    "translation": [
      2.22941566,
      0.75089407,
      -0.6005174
    ]
  },
  {
    "timeStamp": 16497,
    "rotation": [
      [
        0.9904601,
        0.06056794,
        -0.123775415
      ],
      [
        0.129164472,
        -0.09508812,
        0.9870536
      ],
      [
        0.04801422,
        -0.993624568,
        -0.102004208
      ]
    ],
    "translation": [
      2.22905445,
      0.7454895,
      -0.599190354
    ]
  },
  {
    "timeStamp": 16554,
    "rotation": [
      [
        0.9918332,
        0.05179266,
        -0.116552643
      ],
      [
        0.120815732,
        -0.0886746645,
        0.9887064
      ],
      [
        0.04087247,
        -0.994713247,
        -0.09420784
      ]
    ],
    "translation": [
      2.22955942,
      0.7393446,
      -0.5978302
    ]
  },
  {
    "timeStamp": 16599,
    "rotation": [
      [
        0.9916067,
        0.0472086444,
        -0.120363809
      ],
      [
        0.124004,
        -0.08377249,
        0.9887392
      ],
      [
        0.0365938656,
        -0.995366037,
        -0.0889234245
      ]
    ],
    "translation": [
      2.23159814,
      0.7359868,
      -0.596450269
    ]
  },
  {
    "timeStamp": 16657,
    "rotation": [
      [
        0.9929236,
        0.0382799841,
        -0.112415776
      ],
      [
        0.115165919,
        -0.07943548,
        0.990165055
      ],
      [
        0.0289737117,
        -0.9961047,
        -0.08328192
      ]
    ],
    "translation": [
      2.23254418,
      0.732590139,
      -0.5943267
    ]
  },
  {
    "timeStamp": 16702,
    "rotation": [
      [
        0.993804455,
        0.0284016859,
        -0.107452288
      ],
      [
        0.109150469,
        -0.06718573,
        0.9917521
      ],
      [
        0.02094815,
        -0.997336149,
        -0.06986954
      ]
    ],
    "translation": [
      2.23310375,
      0.7316277,
      -0.594370842
    ]
  },
  {
    "timeStamp": 16747,
    "rotation": [
      [
        0.99464184,
        0.02172598,
        -0.101072557
      ],
      [
        0.102108516,
        -0.0535178743,
        0.9933326
      ],
      [
        0.0161719415,
        -0.998330534,
        -0.055449523
      ]
    ],
    "translation": [
      2.23345041,
      0.730523348,
      -0.5943369
    ]
  },
  {
    "timeStamp": 16803,
    "rotation": [
      [
        0.9956384,
        0.006669906,
        -0.09305813
      ],
      [
        0.09324793,
        -0.0388406143,
        0.994885
      ],
      [
        0.00302134966,
        -0.9992232,
        -0.03929316
      ]
    ],
    "translation": [
      2.23411369,
      0.7291324,
      -0.5945584
    ]
  },
  {
    "timeStamp": 16847,
    "rotation": [
      [
        0.9960892,
        0.00314383535,
        -0.0882966742
      ],
      [
        0.08835187,
        -0.0312903225,
        0.9955977
      ],
      [
        0.000367150176,
        -0.9995054,
        -0.0314457156
      ]
    ],
    "translation": [
      2.23416376,
      0.727990031,
      -0.5946705
    ]
  },
  {
    "timeStamp": 16903,
    "rotation": [
      [
        0.997002363,
        0.00358297,
        -0.07728788
      ],
      [
        0.0773469359,
        -0.0212991759,
        0.9967767
      ],
      [
        0.001925251,
        -0.9997667,
        -0.02151246
      ]
    ],
    "translation": [
      2.234186,
      0.72742933,
      -0.59475106
    ]
  },
  {
    "timeStamp": 16947,
    "rotation": [
      [
        0.9974995,
        -0.000423922756,
        -0.07067199
      ],
      [
        0.07065176,
        -0.0186864249,
        0.997326
      ],
      [
        -0.00174338708,
        -0.9998253,
        -0.01860975
      ]
    ],
    "translation": [
      2.23437357,
      0.7262573,
      -0.5947352
    ]
  }
]