[
  {
    "timeStamp": 6241,
    "rotation": [
      [
        -0.8909204,
        0.447606117,
        -0.07687407
      ],
      [
        0.453246653,
        0.887026548,
        -0.0880424
      ],
      [
        0.02878102,
        -0.113281682,
        -0.993146
      ]
    ],
    "translation": [
      1.77059686,
      0.7304106,
      -0.750418067
    ]
  },
  {
    "timeStamp": 6296,
    "rotation": [
      [
        -0.888235569,
        0.4527452,
        -0.07784224
      ],
      [
        0.4578077,
        0.8864233,
        -0.06830707
      ],
      [
        0.0380754843,
        -0.09630955,
        -0.9946229
      ]
    ],
    "translation": [
      1.7709024,
      0.731003165,
      -0.749938369
    ]
  },
  {
    "timeStamp": 6341,
    "rotation": [
      [
        -0.8881169,
        0.4529253,
        -0.07814817
      ],
      [
        0.457827926,
        0.8867676,
        -0.06353577
      ],
      [
        0.04052231,
        -0.09220561,
        -0.9949151
      ]
    ],
    "translation": [
      1.77124989,
      0.730877042,
      -0.7498013
    ]
  },
  {
    "timeStamp": 6396,
    "rotation": [
      [
        -0.8767487,
        0.458456218,
        -0.1453604
      ],
      [
        0.4696719,
        0.8812147,
        -0.0535625778
      ],
      [
        0.103537627,
        -0.115232624,
        -0.987927854
      ]
    ],
    "translation": [
      1.775257,
      0.739346564,
      -0.7475437
    ]
  },
  {
    "timeStamp": 6441,
    "rotation": [
      [
        -0.849051654,
        0.490332037,
        -0.196686864
      ],
      [
        0.508915842,
        0.859036148,
        -0.0553309843
      ],
      [
        0.141830578,
        -0.147075921,
        -0.97890383
      ]
    ],
    "translation": [
      1.77742469,
      0.75755,
      -0.7402632
    ]
  },
  {
    "timeStamp": 6490,
    "rotation": [
      [
        -0.8214437,
        0.508813441,
        -0.257564038
      ],
      [
        0.540980339,
        0.8381519,
        -0.06958245
      ],
      [
        0.180473313,
        -0.196495146,
        -0.963752568
      ]
    ],
    "translation": [
      1.78523922,
      0.7789541,
      -0.7289517
    ]
  },
  {
    "timeStamp": 6546,
    "rotation": [
      [
        -0.719384134,
        0.5574868,
        -0.414360881
      ],
      [
        0.621648133,
        0.7828655,
        -0.0259837955
      ],
      [
        0.309903234,
        -0.276279,
        -0.90974164
      ]
    ],
    "translation": [
      1.8054831,
      0.8234095,
      -0.705946267
    ]
  },
  {
    "timeStamp": 6591,
    "rotation": [
      [
        -0.661261559,
        0.555742562,
        -0.503868341
      ],
      [
        0.657604337,
        0.752645254,
        -0.0328885168
      ],
      [
        0.360956579,
        -0.353093952,
        -0.8631541
      ]
    ],
    "translation": [
      1.8294208,
      0.853120148,
      -0.6898146
    ]
  },
  {
    "timeStamp": 6646,
    "rotation": [
      [
        -0.5450501,
        0.5468139,
        -0.635543168
      ],
      [
        0.7035117,
        0.710637748,
        0.008083558
      ],
      [
        0.456061125,
        -0.4427061,
        -0.7720231
      ]
    ],
    "translation": [
      1.86948812,
      0.8916042,
      -0.6676107
    ]
  },
  {
    "timeStamp": 6691,
    "rotation": [
      [
        -0.471035779,
        0.513305664,
        -0.717385948
      ],
      [
        0.7354993,
        0.6775229,
        0.001853767
      ],
      [
        0.486996979,
        -0.5267637,
        -0.6966735
      ]
    ],
    "translation": [
      1.90686667,
      0.919788837,
      -0.65201664
    ]
  },
  {
    "timeStamp": 6746,
    "rotation": [
      [
        -0.369548619,
        0.4430691,
        -0.816776335
      ],
      [
        0.7589658,
        0.6510571,
        0.009780553
      ],
      [
        0.53610146,
        -0.616290867,
        -0.5768715
      ]
    ],
    "translation": [
      1.963463,
      0.9485843,
      -0.6327877
    ]
  },
  {
    "timeStamp": 6791,
    "rotation": [
      [
        -0.298377931,
        0.369692028,
        -0.8799423
      ],
      [
        0.7764979,
        0.630118251,
        0.00143176666
      ],
      [
        0.554997,
        -0.6828461,
        -0.475078464
      ]
    ],
    "translation": [
      2.00930858,
      0.9658865,
      -0.6220912
    ]
  },
  {
    "timeStamp": 6846,
    "rotation": [
      [
        -0.229987219,
        0.27613464,
        -0.9331964
      ],
      [
        0.7799258,
        0.6258325,
        -0.0070284605
      ],
      [
        0.5820838,
        -0.7294404,
        -0.359298021
      ]
    ],
    "translation": [
      2.06297326,
      0.9738375,
      -0.6107212
    ]
  },
  {
    "timeStamp": 6892,
    "rotation": [
      [
        -0.2045177,
        0.191636875,
        -0.9599207
      ],
      [
        0.7735098,
        0.6326134,
        -0.03850776
      ],
      [
        0.5998792,
        -0.7503836,
        -0.27761364
      ]
    ],
    "translation": [
      2.10078335,
      0.9713712,
      -0.604525
    ]
  },
  {
    "timeStamp": 6943,
    "rotation": [
      [
        -0.156746283,
        0.151333928,
        -0.975975752
      ],
      [
        0.752287567,
        0.6585694,
        -0.0187037289
      ],
      [
        0.639917254,
        -0.737146139,
        -0.217074916
      ]
    ],
    "translation": [
      2.12691426,
      0.9559035,
      -0.6006202
    ]
  },
  {
    "timeStamp": 6991,
    "rotation": [
      [
        -0.114711404,
        0.104732685,
        -0.9878625
      ],
      [
        0.719023049,
        0.6949168,
        -0.009818822
      ],
      [
        0.6854539,
        -0.711422265,
        -0.1550201
      ]
    ],
    "translation": [
      2.15533113,
      0.9293744,
      -0.5969035
    ]
  },
  {
    "timeStamp": 7046,
    "rotation": [
      [
        -0.101402305,
        0.0613423735,
        -0.992952466
      ],
      [
        0.678465068,
        0.734242857,
        -0.0239263475
      ],
      [
        0.727600634,
        -0.6761098,
        -0.116072588
      ]
    ],
    "translation": [
      2.17301655,
      0.9003438,
      -0.5953028
    ]
  },
  {
    "timeStamp": 7091,
    "rotation": [
      [
        -0.06514448,
        0.09034075,
        -0.993778
      ],
      [
        0.649088144,
        0.7602493,
        0.026562253
      ],
      [
        0.7579187,
        -0.64331913,
        -0.108165145
      ]
    ],
    "translation": [
      2.1753366,
      0.8761126,
      -0.5923913
    ]
  },
  {
    "timeStamp": 7146,
    "rotation": [
      [
        -0.101594307,
        0.033096686,
        -0.9942752
      ],
      [
        0.615896463,
        0.7869702,
        -0.0367357731
      ],
      [
        0.7812491,
        -0.6161027,
        -0.100335822
      ]
    ],
    "translation": [
      2.18519235,
      0.85272646,
      -0.5883997
    ]
  },
  {
    "timeStamp": 7191,
    "rotation": [
      [
        -0.04523618,
        0.0798686743,
        -0.995778441
      ],
      [
        0.589175463,
        0.807112455,
        0.03797125
      ],
      [
        0.8067379,
        -0.5849706,
        -0.08356735
      ]
    ],
    "translation": [
      2.183846,
      0.832386851,
      -0.586062431
    ]
  },
  {
    "timeStamp": 7246,
    "rotation": [
      [
        -0.07530015,
        0.0528965034,
        -0.9957569
      ],
      [
        0.5571036,
        0.8304407,
        0.00198585051
      ],
      [
        0.8270221,
        -0.554590166,
        -0.09200114
      ]
    ],
    "translation": [
      2.186697,
      0.8139164,
      -0.582553864
    ]
  },
  {
    "timeStamp": 7291,
    "rotation": [
      [
        -0.06539005,
        0.0756813362,
        -0.99498564
      ],
      [
        0.5473738,
        0.8364314,
        0.0276480876
      ],
      [
        0.834329665,
        -0.5428211,
        -0.0961202756
      ]
    ],
    "translation": [
      2.18328071,
      0.8046821,
      -0.578029454
    ]
  },
  {
    "timeStamp": 7336,
    "rotation": [
      [
        -0.09170468,
        0.0527896248,
        -0.994386
      ],
      [
        0.535051644,
        0.844807446,
        -0.00449490547
      ],
      [
        0.8398274,
        -0.532460034,
        -0.105717972
      ]
    ],
    "translation": [
      2.18479061,
      0.79852283,
      -0.5738392
    ]
  },
  {
    "timeStamp": 7393,
    "rotation": [
      [
        -0.08341069,
        0.06621174,
        -0.9943132
      ],
      [
        0.5274981,
        0.8494669,
        0.0123157408
      ],
      [
        0.8454516,
        -0.523471057,
        -0.10578119
      ]
    ],
    "translation": [
      2.18149781,
      0.7915652,
      -0.5697538
    ]
  },
  {
    "timeStamp": 7438,
    "rotation": [
      [
        -0.102971464,
        0.06858454,
        -0.992317
      ],
      [
        0.521880269,
        0.85300523,
        0.00480108
      ],
      [
        0.8467809,
        -0.5173763,
        -0.123628117
      ]
    ],
    "translation": [
      2.178591,
      0.786909342,
      -0.56703
    ]
  },
  {
    "timeStamp": 7495,
    "rotation": [
      [
        -0.111420736,
        0.0656902045,
        -0.9915998
      ],
      [
        0.5115051,
        0.85928,
        -0.0005506277
      ],
      [
        0.852025747,
        -0.5072698,
        -0.129342481
      ]
    ],
    "translation": [
      2.175237,
      0.7813707,
      -0.565338552
    ]
  },
  {
    "timeStamp": 7540,
    "rotation": [
      [
        -0.109908104,
        0.07435897,
        -0.99115634
      ],
      [
        0.50701195,
        0.8618977,
        0.008439743
      ],
      [
        0.854903,
        -0.501600564,
        -0.132430419
      ]
    ],
    "translation": [
      2.17227769,
      0.777083933,
      -0.564139664
    ]
  },
  {
    "timeStamp": 7595,
    "rotation": [
      [
        -0.11765907,
        0.0659898147,
        -0.990859032
      ],
      [
        0.499296516,
        0.866429746,
        -0.001585722
      ],
      [
        0.8584051,
        -0.494919032,
        -0.134891808
      ]
    ],
    "translation": [
      2.17036343,
      0.772281945,
      -0.562706053
    ]
  },
  {
    "timeStamp": 7640,
    "rotation": [
      [
        -0.112034559,
        0.0682018548,
        -0.9913611
      ],
      [
        0.496103138,
        0.868255854,
        0.00366764842
      ],
      [
        0.8610052,
        -0.491406441,
        -0.131109819
      ]
    ],
    "translation": [
      2.168503,
      0.7691852,
      -0.5617398
    ]
  },
  {
    "timeStamp": 7695,
    "rotation": [
      [
        -0.115470029,
        0.06289304,
        -0.991317868
      ],
      [
        0.4886292,
        0.8724902,
        -0.00156202912
      ],
      [
        0.864816844,
        -0.4845672,
        -0.131477833
      ]
    ],
    "translation": [
      2.167102,
      0.766101837,
      -0.5608561
    ]
  },
  {
    "timeStamp": 7740,
    "rotation": [
      [
        -0.118543752,
        0.0631190538,
        -0.99094063
      ],
      [
        0.486338377,
        0.873766959,
        -0.002523899
      ],
      [
        0.865691841,
        -0.482231647,
        -0.134276837
      ]
    ],
    "translation": [
      2.16429925,
      0.7643651,
      -0.559732854
    ]
  },
  {
    "timeStamp": 7795,
    "rotation": [
      [
        -0.121060885,
        0.06622672,
        -0.9904334
      ],
      [
        0.4803342,
        0.877085567,
        -6.379187E-05
      ],
      [
        0.8686906,
        -0.475746751,
        -0.137991711
      ]
    ],
    "translation": [
      2.16084766,
      0.7609526,
      -0.559466064
    ]
  },
  {
    "timeStamp": 7840,
    "rotation": [
      [
        -0.119074233,
        0.05900489,
        -0.9911306
      ],
      [
        0.47545284,
        0.879728436,
        -0.0047480166
      ],
      [
        0.87164557,
        -0.471801221,
        -0.132807031
      ]
    ],
    "translation": [
      2.16045737,
      0.757906735,
      -0.559408665
    ]
  },
  {
    "timeStamp": 7896,
    "rotation": [
      [
        -0.122117251,
        0.0568706356,
        -0.990885
      ],
      [
        0.473903775,
        0.8805415,
        -0.007866576
      ],
      [
        0.872068,
        -0.4705448,
        -0.134480521
      ]
    ],
    "translation": [
      2.15950727,
      0.7562541,
      -0.5582947
    ]
  },
  {
    "timeStamp": 7940,
    "rotation": [
      [
        -0.116842106,
        0.0530107543,
        -0.9917347
      ],
      [
        0.468617558,
        0.883365035,
        -0.007992476
      ],
      [
        0.875640035,
        -0.465678155,
        -0.12805599
      ]
    ],
    "translation": [
      2.159884,
      0.7541334,
      -0.557839751
    ]
  },
  {
    "timeStamp": 7995,
    "rotation": [
      [
        -0.1105876,
        0.0555345826,
        -0.9923136
      ],
      [
        0.4669248,
        0.8842934,
        -0.00254680216
      ],
      [
        0.8773549,
        -0.463617444,
        -0.12372236
      ]
    ],
    "translation": [
      2.15899372,
      0.7527938,
      -0.557231367
    ]
  }
]