[
  {
    "timeStamp": 2309,
    "rotation": [
      [
        -0.8902998,
        0.455370128,
        -0.00206330442
      ],
      [
        0.455251217,
        0.8899435,
        -0.0273312721
      ],
      [
        -0.01060962,
        -0.025272347,
        -0.9996243
      ]
    ],
    "translation": [
      1.46197224,
      0.7295685,
      -0.750747144
    ]
  },
  {
    "timeStamp": 2365,
    "rotation": [
      [
        -0.890995145,
        0.454009563,
        -0.0017283163
      ],
      [
        0.45368138,
        0.8901927,
        -0.0415955856
      ],
      [
        -0.01734626,
        -0.03784557,
        -0.99913305
      ]
    ],
    "translation": [
      1.46191454,
      0.730061,
      -0.75124234
    ]
  },
  {
    "timeStamp": 2409,
    "rotation": [
      [
        -0.890945554,
        0.454107225,
        -0.00160375272
      ],
      [
        0.453464746,
        0.8894857,
        -0.0564348325
      ],
      [
        -0.02420095,
        -0.05100761,
        -0.998405
      ]
    ],
    "translation": [
      1.46191621,
      0.7305793,
      -0.7516966
    ]
  },
  {
    "timeStamp": 2465,
    "rotation": [
      [
        -0.8898894,
        0.456169754,
        -0.00242853072
      ],
      [
        0.455438733,
        0.8881357,
        -0.0615674853
      ],
      [
        -0.02592836,
        -0.0558943,
        -0.9980999
      ]
    ],
    "translation": [
      1.46202719,
      0.7307801,
      -0.7518386
    ]
  },
  {
    "timeStamp": 2509,
    "rotation": [
      [
        -0.893699,
        0.4480358,
        -0.0237929914
      ],
      [
        0.44865635,
        0.892787,
        -0.0404831581
      ],
      [
        0.00310417,
        -0.0468546338,
        -0.9988969
      ]
    ],
    "translation": [
      1.464913,
      0.730959058,
      -0.753333569
    ]
  },
  {
    "timeStamp": 2565,
    "rotation": [
      [
        -0.872248,
        0.4866889,
        -0.0481397361
      ],
      [
        0.488836378,
        0.8706108,
        -0.055461973
      ],
      [
        0.01491824,
        -0.07190905,
        -0.9972997
      ]
    ],
    "translation": [
      1.46673286,
      0.751119256,
      -0.7537631
    ]
  },
  {
    "timeStamp": 2609,
    "rotation": [
      [
        -0.8547549,
        0.5119235,
        -0.08560599
      ],
      [
        0.5171524,
        0.8540192,
        -0.0566085353
      ],
      [
        0.04412992,
        -0.09265777,
        -0.9947196
      ]
    ],
    "translation": [
      1.47137332,
      0.770238042,
      -0.7525268
    ]
  },
  {
    "timeStamp": 2665,
    "rotation": [
      [
        -0.8192742,
        0.548374355,
        -0.167557254
      ],
      [
        0.5636162,
        0.82389915,
        -0.0593889952
      ],
      [
        0.105482876,
        -0.143093854,
        -0.9840719
      ]
    ],
    "translation": [
      1.48251307,
      0.7985495,
      -0.747237
    ]
  },
  {
    "timeStamp": 2709,
    "rotation": [
      [
        -0.7932793,
        0.5637181,
        -0.230065152
      ],
      [
        0.5887382,
        0.80653137,
        -0.0537998
      ],
      [
        0.155226856,
        -0.17812641,
        -0.971687
      ]
    ],
    "translation": [
      1.49576485,
      0.8194918,
      -0.7430789
    ]
  },
  {
    "timeStamp": 2764,
    "rotation": [
      [
        -0.745098948,
        0.5780803,
        -0.332641929
      ],
      [
        0.628122568,
        0.77590847,
        -0.0585496277
      ],
      [
        0.224253282,
        -0.252565145,
        -0.941233933
      ]
    ],
    "translation": [
      1.51502657,
      0.8477544,
      -0.736246467
    ]
  },
  {
    "timeStamp": 2809,
    "rotation": [
      [
        -0.6987731,
        0.585258842,
        -0.411325037
      ],
      [
        0.6562515,
        0.753316164,
        -0.04299754
      ],
      [
        0.2846931,
        -0.2999782,
        -0.910474
      ]
    ],
    "translation": [
      1.53280854,
      0.8700201,
      -0.7322643
    ]
  },
  {
    "timeStamp": 2864,
    "rotation": [
      [
        -0.647002339,
        0.5783994,
        -0.496832043
      ],
      [
        0.689448237,
        0.7220713,
        -0.05722055
      ],
      [
        0.325651824,
        -0.3795618,
        -0.8659583
      ]
    ],
    "translation": [
      1.55818331,
      0.8997202,
      -0.7252034
    ]
  },
  {
    "timeStamp": 2909,
    "rotation": [
      [
        -0.5961417,
        0.5611445,
        -0.574222863
      ],
      [
        0.707920969,
        0.704777837,
        -0.0462172925
      ],
      [
        0.378765,
        -0.434056461,
        -0.8173934
      ]
    ],
    "translation": [
      1.58433688,
      0.919621944,
      -0.7205426
    ]
  },
  {
    "timeStamp": 2964,
    "rotation": [
      [
        -0.538476467,
        0.520989954,
        -0.6622783
      ],
      [
        0.719842,
        0.6929763,
        -0.04014072
      ],
      [
        0.438030273,
        -0.49835062,
        -0.7481819
      ]
    ],
    "translation": [
      1.62201965,
      0.9408371,
      -0.713901758
    ]
  },
  {
    "timeStamp": 3009,
    "rotation": [
      [
        -0.486447334,
        0.491958678,
        -0.7220427
      ],
      [
        0.7328117,
        0.6797448,
        -0.0305632055
      ],
      [
        0.475768924,
        -0.5439887,
        -0.6911731
      ]
    ],
    "translation": [
      1.654991,
      0.9578909,
      -0.709680557
    ]
  },
  {
    "timeStamp": 3064,
    "rotation": [
      [
        -0.408381641,
        0.448673576,
        -0.7949317
      ],
      [
        0.750871241,
        0.6603196,
        -0.0130502582
      ],
      [
        0.519053757,
        -0.602220833,
        -0.6065585
      ]
    ],
    "translation": [
      1.70134974,
      0.979339838,
      -0.7021057
    ]
  },
  {
    "timeStamp": 3109,
    "rotation": [
      [
        -0.361752182,
        0.396369249,
        -0.8438168
      ],
      [
        0.759244561,
        0.650500059,
        -0.0199334025
      ],
      [
        0.5410019,
        -0.647874236,
        -0.536261
      ]
    ],
    "translation": [
      1.74355221,
      0.993521452,
      -0.694028
    ]
  },
  {
    "timeStamp": 3164,
    "rotation": [
      [
        -0.28817746,
        0.311418146,
        -0.90552336
      ],
      [
        0.771353066,
        0.6358426,
        -0.0268062055
      ],
      [
        0.5674224,
        -0.706203163,
        -0.423448861
      ]
    ],
    "translation": [
      1.80412889,
      1.01057684,
      -0.6825301
    ]
  },
  {
    "timeStamp": 3209,
    "rotation": [
      [
        -0.269265652,
        0.2228625,
        -0.936924934
      ],
      [
        0.769372344,
        0.634944737,
        -0.07008052
      ],
      [
        0.5792773,
        -0.739714444,
        -0.342433065
      ]
    ],
    "translation": [
      1.85508049,
      1.01833618,
      -0.6738899
    ]
  },
  {
    "timeStamp": 3264,
    "rotation": [
      [
        -0.197034046,
        0.12505886,
        -0.972387731
      ],
      [
        0.766673863,
        0.637836635,
        -0.07331821
      ],
      [
        0.611055434,
        -0.759950459,
        -0.22155492
      ]
    ],
    "translation": [
      1.918082,
      1.02100706,
      -0.6662769
    ]
  },
  {
    "timeStamp": 3309,
    "rotation": [
      [
        -0.132401183,
        0.05890341,
        -0.989444435
      ],
      [
        0.763383269,
        0.6427788,
        -0.06388533
      ],
      [
        0.6322309,
        -0.7637839,
        -0.130070552
      ]
    ],
    "translation": [
      1.96782887,
      1.018154,
      -0.662130833
    ]
  },
  {
    "timeStamp": 3364,
    "rotation": [
      [
        -0.0797903,
        0.00132125407,
        -0.9968108
      ],
      [
        0.7574855,
        0.650110066,
        -0.059771657
      ],
      [
        0.647957742,
        -0.7598389,
        -0.05287331
      ]
    ],
    "translation": [
      2.018763,
      1.01148641,
      -0.657068133
    ]
  },
  {
    "timeStamp": 3409,
    "rotation": [
      [
        -0.0391211957,
        -0.0123829264,
        -0.9991577
      ],
      [
        0.748407543,
        0.662177563,
        -0.03750989
      ],
      [
        0.662084341,
        -0.74924463,
        -0.0166377015
      ]
    ],
    "translation": [
      2.05309772,
      1.000285,
      -0.651411235
    ]
  },
  {
    "timeStamp": 3464,
    "rotation": [
      [
        -0.0009318247,
        -0.0113117574,
        -0.999935567
      ],
      [
        0.7207445,
        0.6931486,
        -0.008512884
      ],
      [
        0.693200231,
        -0.720706,
        0.0075069936
      ]
    ],
    "translation": [
      2.0870533,
      0.979364157,
      -0.642972946
    ]
  },
  {
    "timeStamp": 3518,
    "rotation": [
      [
        0.0260659233,
        0.011379,
        -0.999595463
      ],
      [
        0.6945171,
        0.7189956,
        0.0262953173
      ],
      [
        0.7190039,
        -0.6949215,
        0.0108383745
      ]
    ],
    "translation": [
      2.10614443,
      0.9575148,
      -0.6353197
    ]
  },
  {
    "timeStamp": 3559,
    "rotation": [
      [
        0.0408259369,
        0.0417342968,
        -0.998294234
      ],
      [
        0.6506771,
        0.7571162,
        0.05826159
      ],
      [
        0.7582563,
        -0.65194577,
        0.00375442929
      ]
    ],
    "translation": [
      2.12365127,
      0.930196,
      -0.6256244
    ]
  },
  {
    "timeStamp": 3614,
    "rotation": [
      [
        0.0486180447,
        0.08463515,
        -0.995225132
      ],
      [
        0.619713843,
        0.778871357,
        0.0965099856
      ],
      [
        0.783320546,
        -0.621446967,
        -0.0145823723
      ]
    ],
    "translation": [
      2.13152957,
      0.90404284,
      -0.6162532
    ]
  },
  {
    "timeStamp": 3659,
    "rotation": [
      [
        0.0507550873,
        0.100288749,
        -0.993662953
      ],
      [
        0.5820776,
        0.8055171,
        0.111031309
      ],
      [
        0.811547637,
        -0.58402437,
        -0.0174917448
      ]
    ],
    "translation": [
      2.13977146,
      0.883848369,
      -0.6122384
    ]
  },
  {
    "timeStamp": 3714,
    "rotation": [
      [
        0.0417876542,
        0.131377071,
        -0.990451336
      ],
      [
        0.558359563,
        0.818999231,
        0.132192522
      ],
      [
        0.828546,
        -0.558551967,
        -0.0391315855
      ]
    ],
    "translation": [
      2.14404845,
      0.8653828,
      -0.6046187
    ]
  },
  {
    "timeStamp": 3759,
    "rotation": [
      [
        0.0197953656,
        0.131709233,
        -0.9910907
      ],
      [
        0.531030834,
        0.8385181,
        0.12203981
      ],
      [
        0.847121239,
        -0.528715551,
        -0.0533428937
      ]
    ],
    "translation": [
      2.14992,
      0.850926757,
      -0.60017246
    ]
  },
  {
    "timeStamp": 3814,
    "rotation": [
      [
        0.000528721139,
        0.149821043,
        -0.988712966
      ],
      [
        0.5150877,
        0.847422242,
        0.1286865
      ],
      [
        0.8571373,
        -0.509341955,
        -0.07672293
      ]
    ],
    "translation": [
      2.15154529,
      0.836404,
      -0.5915859
    ]
  },
  {
    "timeStamp": 3860,
    "rotation": [
      [
        -0.0265492145,
        0.146138057,
        -0.988907933
      ],
      [
        0.498640627,
        0.8593323,
        0.113602728
      ],
      [
        0.8664022,
        -0.490093559,
        -0.09568497
      ]
    ],
    "translation": [
      2.15507913,
      0.826741,
      -0.585148633
    ]
  },
  {
    "timeStamp": 3914,
    "rotation": [
      [
        -0.0178190563,
        0.162757874,
        -0.9865051
      ],
      [
        0.483928442,
        0.8647972,
        0.133936867
      ],
      [
        0.87492615,
        -0.47501123,
        -0.09417303
      ]
    ],
    "translation": [
      2.15532422,
      0.8148775,
      -0.5783912
    ]
  },
  {
    "timeStamp": 3960,
    "rotation": [
      [
        -0.03092058,
        0.15632242,
        -0.987222
      ],
      [
        0.474209577,
        0.8717515,
        0.123185523
      ],
      [
        0.879868865,
        -0.464341164,
        -0.101084642
      ]
    ],
    "translation": [
      2.15729213,
      0.8062184,
      -0.5733178
    ]
  },
  {
    "timeStamp": 4017,
    "rotation": [
      [
        -0.03666597,
        0.1681836,
        -0.9850735
      ],
      [
        0.461516,
        0.8771686,
        0.132582441
      ],
      [
        0.8863738,
        -0.44976595,
        -0.10978166
      ]
    ],
    "translation": [
      2.15454221,
      0.7959331,
      -0.5682597
    ]
  },
  {
    "timeStamp": 4062,
    "rotation": [
      [
        -0.03771809,
        0.164736748,
        -0.9856161
      ],
      [
        0.450719535,
        0.883096755,
        0.1303532
      ],
      [
        0.891868353,
        -0.4393198,
        -0.1075588
      ]
    ],
    "translation": [
      2.1550312,
      0.7887189,
      -0.5647282
    ]
  },
  {
    "timeStamp": 4108,
    "rotation": [
      [
        -0.03408302,
        0.169703037,
        -0.98490566
      ],
      [
        0.447956681,
        0.883537352,
        0.136735186
      ],
      [
        0.8934053,
        -0.436534733,
        -0.10613323
      ]
    ],
    "translation": [
      2.15342522,
      0.784000337,
      -0.561396837
    ]
  },
  {
    "timeStamp": 4164,
    "rotation": [
      [
        -0.0291532539,
        0.180659041,
        -0.9831136
      ],
      [
        0.442846864,
        0.8840747,
        0.149327248
      ],
      [
        0.8961232,
        -0.4310154,
        -0.105777942
      ]
    ],
    "translation": [
      2.150408,
      0.7790552,
      -0.5590395
    ]
  },
  {
    "timeStamp": 4208,
    "rotation": [
      [
        -0.0312044248,
        0.185587585,
        -0.982132137
      ],
      [
        0.4427215,
        0.883528531,
        0.152888864
      ],
      [
        0.896116,
        -0.430040181,
        -0.109733619
      ]
    ],
    "translation": [
      2.14698768,
      0.776735544,
      -0.557816148
    ]
  },
  {
    "timeStamp": 4264,
    "rotation": [
      [
        -0.039616514,
        0.197614014,
        -0.9794791
      ],
      [
        0.441557735,
        0.882806063,
        0.160250366
      ],
      [
        0.8963578,
        -0.426148,
        -0.1222317
      ]
    ],
    "translation": [
      2.14205122,
      0.773205638,
      -0.556765854
    ]
  },
  {
    "timeStamp": 4308,
    "rotation": [
      [
        -0.0332849547,
        0.200088009,
        -0.9792124
      ],
      [
        0.4329475,
        0.8859437,
        0.16631335
      ],
      [
        0.9008044,
        -0.4184118,
        -0.116116211
      ]
    ],
    "translation": [
      2.14110565,
      0.768627644,
      -0.5577728
    ]
  },
  {
    "timeStamp": 4364,
    "rotation": [
      [
        -0.0358661823,
        0.19593896,
        -0.979959965
      ],
      [
        0.422486633,
        0.8916259,
        0.162814051
      ],
      [
        0.905659258,
        -0.408180445,
        -0.1147608
      ]
    ],
    "translation": [
      2.14096284,
      0.762988448,
      -0.559572458
    ]
  },
  {
    "timeStamp": 4408,
    "rotation": [
      [
        -0.0317292176,
        0.199846223,
        -0.9793134
      ],
      [
        0.414185643,
        0.8943486,
        0.169088259
      ],
      [
        0.909639239,
        -0.400252521,
        -0.111150414
      ]
    ],
    "translation": [
      2.14049,
      0.758465767,
      -0.5612493
    ]
  },
  {
    "timeStamp": 4464,
    "rotation": [
      [
        -0.03898662,
        0.193323269,
        -0.98036015
      ],
      [
        0.405286759,
        0.899842143,
        0.1613281
      ],
      [
        0.9133579,
        -0.3910374,
        -0.11343316
      ]
    ],
    "translation": [
      2.14011073,
      0.754401743,
      -0.5633034
    ]
  },
  {
    "timeStamp": 4508,
    "rotation": [
      [
        -0.0363654271,
        0.196396708,
        -0.979849935
      ],
      [
        0.404904544,
        0.899306834,
        0.165225685
      ],
      [
        0.913635552,
        -0.3907372,
        -0.112225592
      ]
    ],
    "translation": [
      2.13900733,
      0.7518019,
      -0.564178
    ]
  },
  {
    "timeStamp": 4564,
    "rotation": [
      [
        -0.04204406,
        0.202469692,
        -0.978385568
      ],
      [
        0.417070746,
        0.8934069,
        0.166961253
      ],
      [
        0.907901,
        -0.401036263,
        -0.12200664
      ]
    ],
    "translation": [
      2.13924646,
      0.750941157,
      -0.564478457
    ]
  },
  {
    "timeStamp": 4608,
    "rotation": [
      [
        -0.04221605,
        0.199701265,
        -0.9789469
      ],
      [
        0.4247976,
        0.8904334,
        0.1633259
      ],
      [
        0.904303432,
        -0.408959359,
        -0.1224232
      ]
    ],
    "translation": [
      2.139156,
      0.7504542,
      -0.5647068
    ]
  },
  {
    "timeStamp": 4664,
    "rotation": [
      [
        -0.04482421,
        0.180386409,
        -0.9825739
      ],
      [
        0.430686742,
        0.8909526,
        0.14391847
      ],
      [
        0.9013877,
        -0.4167305,
        -0.117626272
      ]
    ],
    "translation": [
      2.1387713,
      0.7501194,
      -0.564685047
    ]
  },
  {
    "timeStamp": 4708,
    "rotation": [
      [
        -0.0504290722,
        0.164061472,
        -0.9851603
      ],
      [
        0.4320417,
        0.8929256,
        0.126585722
      ],
      [
        0.9004426,
        -0.4192467,
        -0.115910806
      ]
    ],
    "translation": [
      2.13853955,
      0.750272155,
      -0.563205063
    ]
  },
  {
    "timeStamp": 4763,
    "rotation": [
      [
        -0.0556353554,
        0.1505773,
        -0.9870315
      ],
      [
        0.4227114,
        0.899148643,
        0.113343582
      ],
      [
        0.904555,
        -0.41092357,
        -0.1136752
      ]
    ],
    "translation": [
      2.13817978,
      0.7505157,
      -0.562900245
    ]
  },
  {
    "timeStamp": 4808,
    "rotation": [
      [
        -0.0532686822,
        0.13855812,
        -0.9889207
      ],
      [
        0.417361319,
        0.902769268,
        0.104006037
      ],
      [
        0.907178044,
        -0.407196969,
        -0.105918124
      ]
    ],
    "translation": [
      2.13796186,
      0.750938535,
      -0.562711
    ]
  },
  {
    "timeStamp": 4864,
    "rotation": [
      [
        -0.06346711,
        0.114313759,
        -0.991415262
      ],
      [
        0.414418966,
        0.9067358,
        0.0780201852
      ],
      [
        0.9078705,
        -0.4059096,
        -0.104921684
      ]
    ],
    "translation": [
      2.137115,
      0.751155257,
      -0.562526166
    ]
  }
]