[
  {
    "timeStamp": 54729,
    "rotation": [
      [
        0.994546235,
        0.0688891,
        0.07830716
      ],
      [
        0.06426995,
        0.186514378,
        -0.980347753
      ],
      [
        -0.08214069,
        0.980034,
        0.181069672
      ]
    ],
    "translation": [
      1.15106022,
      0.6964724,
      -0.621159852
    ]
  },
  {
    "timeStamp": 54785,
    "rotation": [
      [
        0.994131267,
        0.0687523261,
        0.08352382
      ],
      [
        0.0681037754,
        0.202138856,
        -0.976986051
      ],
      [
        -0.08405348,
        0.9769407,
        0.196270257
      ]
    ],
    "translation": [
      1.1510644,
      0.695825756,
      -0.6210456
    ]
  },
  {
    "timeStamp": 54829,
    "rotation": [
      [
        0.993780434,
        0.06843642,
        0.08784577
      ],
      [
        0.06841082,
        0.247246191,
        -0.9665347
      ],
      [
        -0.08786571,
        0.9665328,
        0.24102664
      ]
    ],
    "translation": [
      1.15107918,
      0.69471097,
      -0.620744348
    ]
  },
  {
    "timeStamp": 54885,
    "rotation": [
      [
        0.99331516,
        0.08078463,
        0.0824543461
      ],
      [
        0.06747545,
        0.173211426,
        -0.9825705
      ],
      [
        -0.09365863,
        0.9815659,
        0.166602567
      ]
    ],
    "translation": [
      1.1605835,
      0.6965664,
      -0.624474645
    ]
  },
  {
    "timeStamp": 54929,
    "rotation": [
      [
        0.984952748,
        0.164725423,
        0.0522851422
      ],
      [
        0.0366902351,
        0.09633277,
        -0.9946727
      ],
      [
        -0.168884665,
        0.981623948,
        0.08883941
      ]
    ],
    "translation": [
      1.16435564,
      0.710784853,
      -0.626312554
    ]
  },
  {
    "timeStamp": 54985,
    "rotation": [
      [
        0.9798164,
        0.199754,
        -0.00762756169
      ],
      [
        -0.0260593724,
        0.0898067653,
        -0.9956182
      ],
      [
        -0.198193714,
        0.9757218,
        0.0931996
      ]
    ],
    "translation": [
      1.173685,
      0.735372066,
      -0.624712467
    ]
  },
  {
    "timeStamp": 55029,
    "rotation": [
      [
        0.9666751,
        0.248118341,
        -0.0630595461
      ],
      [
        -0.0806450546,
        0.0613521449,
        -0.9948529
      ],
      [
        -0.242972419,
        0.966784954,
        0.07931711
      ]
    ],
    "translation": [
      1.18614411,
      0.758838534,
      -0.6224906
    ]
  },
  {
    "timeStamp": 55084,
    "rotation": [
      [
        0.950027645,
        0.289878935,
        -0.115834944
      ],
      [
        -0.1401828,
        0.06461619,
        -0.988014936
      ],
      [
        -0.2789199,
        0.9548796,
        0.1020232
      ]
    ],
    "translation": [
      1.21051884,
      0.7898725,
      -0.619989634
    ]
  },
  {
    "timeStamp": 55129,
    "rotation": [
      [
        0.9181862,
        0.3524143,
        -0.180937082
      ],
      [
        -0.200387552,
        0.0191819035,
        -0.9795289
      ],
      [
        -0.341729283,
        0.9356475,
        0.0882319957
      ]
    ],
    "translation": [
      1.23688948,
      0.81847477,
      -0.61711
    ]
  },
  {
    "timeStamp": 55184,
    "rotation": [
      [
        0.890098,
        0.409060925,
        -0.200984418
      ],
      [
        -0.228830263,
        0.0197280589,
        -0.9732664
      ],
      [
        -0.394160241,
        0.9122938,
        0.111165427
      ]
    ],
    "translation": [
      1.28084135,
      0.8476024,
      -0.615104735
    ]
  },
  {
    "timeStamp": 55229,
    "rotation": [
      [
        0.8590473,
        0.45548898,
        -0.2335968
      ],
      [
        -0.258835584,
        -0.00719639,
        -0.9658946
      ],
      [
        -0.4416354,
        0.8902123,
        0.111714721
      ]
    ],
    "translation": [
      1.32123137,
      0.8699683,
      -0.6169093
    ]
  },
  {
    "timeStamp": 55278,
    "rotation": [
      [
        0.8431167,
        0.4880015,
        -0.225851208
      ],
      [
        -0.265076667,
        0.011751621,
        -0.964155734
      ],
      [
        -0.4678553,
        0.872763634,
        0.139265791
      ]
    ],
    "translation": [
      1.36751878,
      0.8859418,
      -0.6192482
    ]
  },
  {
    "timeStamp": 55330,
    "rotation": [
      [
        0.8024307,
        0.553373039,
        -0.223345369
      ],
      [
        -0.272496253,
        0.006815415,
        -0.9621327
      ],
      [
        -0.5308961,
        0.8329056,
        0.156260982
      ]
    ],
    "translation": [
      1.42884088,
      0.901243448,
      -0.6205681
    ]
  },
  {
    "timeStamp": 55380,
    "rotation": [
      [
        0.7739762,
        0.6011313,
        -0.199002445
      ],
      [
        -0.2613615,
        0.017021494,
        -0.9650909
      ],
      [
        -0.57675904,
        0.798969,
        0.170286819
      ]
    ],
    "translation": [
      1.49399519,
      0.9092917,
      -0.625682056
    ]
  },
  {
    "timeStamp": 55435,
    "rotation": [
      [
        0.7372562,
        0.6577885,
        -0.154167324
      ],
      [
        -0.246197209,
        0.049073603,
        -0.9679766
      ],
      [
        -0.6291584,
        0.751602352,
        0.198125511
      ]
    ],
    "translation": [
      1.5647459,
      0.9152558,
      -0.631509066
    ]
  },
  {
    "timeStamp": 55480,
    "rotation": [
      [
        0.7101089,
        0.692162335,
        -0.129061177
      ],
      [
        -0.234940544,
        0.06013757,
        -0.9701476
      ],
      [
        -0.6637382,
        0.719232142,
        0.205321208
      ]
    ],
    "translation": [
      1.61805713,
      0.9204395,
      -0.637404859
    ]
  },
  {
    "timeStamp": 55535,
    "rotation": [
      [
        0.6591417,
        0.7464933,
        -0.09099434
      ],
      [
        -0.239701658,
        0.09386512,
        -0.966298342
      ],
      [
        -0.712794,
        0.65873903,
        0.240806088
      ]
    ],
    "translation": [
      1.68739271,
      0.9312459,
      -0.6451673
    ]
  },
  {
    "timeStamp": 55580,
    "rotation": [
      [
        0.635683239,
        0.7706535,
        -0.0447221547
      ],
      [
        -0.233901113,
        0.137078181,
        -0.9625486
      ],
      [
        -0.735661,
        0.6223366,
        0.26739502
      ]
    ],
    "translation": [
      1.738315,
      0.9379877,
      -0.652528465
    ]
  },
  {
    "timeStamp": 55635,
    "rotation": [
      [
        0.5709274,
        0.8209194,
        -0.011548942
      ],
      [
        -0.253330976,
        0.162769526,
        -0.9535877
      ],
      [
        -0.7809388,
        0.547355,
        0.300893873
      ]
    ],
    "translation": [
      1.80244744,
      0.951590359,
      -0.6616667
    ]
  },
  {
    "timeStamp": 55679,
    "rotation": [
      [
        0.5279349,
        0.848863363,
        0.0267526675
      ],
      [
        -0.245464712,
        0.182666615,
        -0.9520399
      ],
      [
        -0.813038647,
        0.496048242,
        0.3048021
      ]
    ],
    "translation": [
      1.85051978,
      0.9570482,
      -0.670499444
    ]
  },
  {
    "timeStamp": 55735,
    "rotation": [
      [
        0.4527685,
        0.8897052,
        0.05852639
      ],
      [
        -0.255882919,
        0.192535847,
        -0.9473404
      ],
      [
        -0.8541221,
        0.41395,
        0.3148345
      ]
    ],
    "translation": [
      1.90544033,
      0.9629581,
      -0.6802494
    ]
  },
  {
    "timeStamp": 55781,
    "rotation": [
      [
        0.408775479,
        0.9082953,
        0.0888944
      ],
      [
        -0.235104874,
        0.19892095,
        -0.951396942
      ],
      [
        -0.8818323,
        0.368008226,
        0.294858664
      ]
    ],
    "translation": [
      1.94444692,
      0.961468637,
      -0.6894213
    ]
  },
  {
    "timeStamp": 55826,
    "rotation": [
      [
        0.350261271,
        0.9290796,
        0.118861958
      ],
      [
        -0.23405239,
        0.20969148,
        -0.949341357
      ],
      [
        -0.906938,
        0.3046976,
        0.290900081
      ]
    ],
    "translation": [
      1.98046684,
      0.9611747,
      -0.6956707
    ]
  },
  {
    "timeStamp": 55883,
    "rotation": [
      [
        0.311619163,
        0.9407658,
        0.133616179
      ],
      [
        -0.2263151,
        0.2100536,
        -0.951135635
      ],
      [
        -0.9228624,
        0.26615274,
        0.2783662
      ]
    ],
    "translation": [
      2.011978,
      0.9574344,
      -0.7014156
    ]
  },
  {
    "timeStamp": 55929,
    "rotation": [
      [
        0.265809745,
        0.950255156,
        0.162358671
      ],
      [
        -0.221971452,
        0.224221781,
        -0.948922157
      ],
      [
        -0.9381226,
        0.216193751,
        0.270529836
      ]
    ],
    "translation": [
      2.03678465,
      0.95557034,
      -0.7034888
    ]
  },
  {
    "timeStamp": 55978,
    "rotation": [
      [
        0.2522408,
        0.956071,
        0.149341345
      ],
      [
        -0.225280911,
        0.208111435,
        -0.951807857
      ],
      [
        -0.9410755,
        0.206441045,
        0.2678787
      ]
    ],
    "translation": [
      2.05013013,
      0.9537323,
      -0.704817533
    ]
  },
  {
    "timeStamp": 56035,
    "rotation": [
      [
        0.2137822,
        0.961505532,
        0.172639355
      ],
      [
        -0.194778919,
        0.215131253,
        -0.9569638
      ],
      [
        -0.9572661,
        0.170955285,
        0.233272225
      ]
    ],
    "translation": [
      2.071619,
      0.944034159,
      -0.7078298
    ]
  },
  {
    "timeStamp": 56079,
    "rotation": [
      [
        0.197258964,
        0.9664601,
        0.164449811
      ],
      [
        -0.170892552,
        0.199075982,
        -0.9649686
      ],
      [
        -0.965341747,
        0.162245438,
        0.204430357
      ]
    ],
    "translation": [
      2.08049035,
      0.9349363,
      -0.71167165
    ]
  },
  {
    "timeStamp": 56135,
    "rotation": [
      [
        0.18208681,
        0.9633168,
        0.197142616
      ],
      [
        -0.126788557,
        0.221822932,
        -0.9668088
      ],
      [
        -0.975073934,
        0.1510477,
        0.162528574
      ]
    ],
    "translation": [
      2.09387732,
      0.9220964,
      -0.7187763
    ]
  },
  {
    "timeStamp": 56179,
    "rotation": [
      [
        0.16495198,
        0.9688915,
        0.184499443
      ],
      [
        -0.10714668,
        0.203558013,
        -0.973182261
      ],
      [
        -0.9804644,
        0.140759841,
        0.1373908
      ]
    ],
    "translation": [
      2.10100031,
      0.9140043,
      -0.7242932
    ]
  },
  {
    "timeStamp": 56235,
    "rotation": [
      [
        0.140326858,
        0.965884864,
        0.21765776
      ],
      [
        -0.06462377,
        0.228299215,
        -0.9714439
      ],
      [
        -0.987994,
        0.122253805,
        0.09445563
      ]
    ],
    "translation": [
      2.11455917,
      0.9041968,
      -0.731195152
    ]
  },
  {
    "timeStamp": 56279,
    "rotation": [
      [
        0.125504583,
        0.9685379,
        0.21490179
      ],
      [
        -0.04115372,
        0.221510634,
        -0.9742892
      ],
      [
        -0.9912391,
        0.113433756,
        0.06765954
      ]
    ],
    "translation": [
      2.12000751,
      0.8974701,
      -0.735209
    ]
  },
  {
    "timeStamp": 56335,
    "rotation": [
      [
        0.124990642,
        0.967872262,
        0.218175739
      ],
      [
        -0.007904915,
        0.220864713,
        -0.9752724
      ],
      [
        -0.9921264,
        0.120175265,
        0.0352569669
      ]
    ],
    "translation": [
      2.12277722,
      0.888767362,
      -0.738987267
    ]
  },
  {
    "timeStamp": 56379,
    "rotation": [
      [
        0.120533079,
        0.9680951,
        0.219689667
      ],
      [
        0.01286142,
        0.219761655,
        -0.9754688
      ],
      [
        -0.992625952,
        0.120401777,
        0.0140374694
      ]
    ],
    "translation": [
      2.122919,
      0.8819633,
      -0.740622342
    ]
  },
  {
    "timeStamp": 56436,
    "rotation": [
      [
        0.123479761,
        0.9712337,
        0.20361194
      ],
      [
        0.0266253669,
        0.201865748,
        -0.979051232
      ],
      [
        -0.991989851,
        0.126314253,
        -0.000933120551
      ]
    ],
    "translation": [
      2.120171,
      0.876109838,
      -0.74185276
    ]
  },
  {
    "timeStamp": 56481,
    "rotation": [
      [
        0.117797337,
        0.9703837,
        0.210900918
      ],
      [
        0.03982065,
        0.20759286,
        -0.9774045
      ],
      [
        -0.992238939,
        0.12353386,
        -0.0141874207
      ]
    ],
    "translation": [
      2.12108946,
      0.871849358,
      -0.7419072
    ]
  },
  {
    "timeStamp": 56527,
    "rotation": [
      [
        0.102989987,
        0.977464,
        0.184274569
      ],
      [
        0.04333431,
        0.180674613,
        -0.9825878
      ],
      [
        -0.993737936,
        0.109182119,
        -0.0237500519
      ]
    ],
    "translation": [
      2.12017035,
      0.8692813,
      -0.741524458
    ]
  },
  {
    "timeStamp": 56584,
    "rotation": [
      [
        0.111126155,
        0.973600745,
        0.199380413
      ],
      [
        0.0504895,
        0.194833055,
        -0.979536057
      ],
      [
        -0.9925229,
        0.118918695,
        -0.0275055654
      ]
    ],
    "translation": [
      2.11974645,
      0.865896642,
      -0.741142631
    ]
  },
  {
    "timeStamp": 56629,
    "rotation": [
      [
        0.09946611,
        0.975805163,
        0.194706842
      ],
      [
        0.0579976849,
        0.189659074,
        -0.98013556
      ],
      [
        -0.993349254,
        0.108782813,
        -0.0377297923
      ]
    ],
    "translation": [
      2.12077832,
      0.863708436,
      -0.7405581
    ]
  },
  {
    "timeStamp": 56684,
    "rotation": [
      [
        0.106241621,
        0.974911034,
        0.195604712
      ],
      [
        0.0606352724,
        0.1899999,
        -0.9799099
      ],
      [
        -0.9924898,
        0.115967758,
        -0.0389281
      ]
    ],
    "translation": [
      2.119286,
      0.86222744,
      -0.740493953
    ]
  }
]