[
  {
    "timeStamp": 51286,
    "rotation": [
      [
        0.986335,
        0.143805772,
        0.08039447
      ],
      [
        0.06123302,
        0.133036181,
        -0.9892178
      ],
      [
        -0.152950615,
        0.980622947,
        0.122412577
      ]
    ],
    "translation": [
      1.146671,
      0.698392332,
      -0.7558985
    ]
  },
  {
    "timeStamp": 51331,
    "rotation": [
      [
        0.983482242,
        0.16335243,
        0.07796548
      ],
      [
        0.0463740677,
        0.188961983,
        -0.9808888
      ],
      [
        -0.174963087,
        0.96830225,
        0.178265437
      ]
    ],
    "translation": [
      1.14994085,
      0.698088944,
      -0.750641465
    ]
  },
  {
    "timeStamp": 51386,
    "rotation": [
      [
        0.9838674,
        0.168950662,
        0.0588263273
      ],
      [
        0.0269133486,
        0.185300887,
        -0.9823132
      ],
      [
        -0.176863045,
        0.968049169,
        0.17776449
      ]
    ],
    "translation": [
      1.15502787,
      0.70574224,
      -0.750054538
    ]
  },
  {
    "timeStamp": 51433,
    "rotation": [
      [
        0.979161143,
        0.198490247,
        0.0429558828
      ],
      [
        0.010159757,
        0.1633755,
        -0.986511648
      ],
      [
        -0.202830881,
        0.966390252,
        0.15795432
      ]
    ],
    "translation": [
      1.1613239,
      0.7133118,
      -0.746708632
    ]
  },
  {
    "timeStamp": 51486,
    "rotation": [
      [
        0.969460964,
        0.245212659,
        0.00401595561
      ],
      [
        -0.03740981,
        0.164045572,
        -0.985743165
      ],
      [
        -0.242375508,
        0.9554893,
        0.168209136
      ]
    ],
    "translation": [
      1.1724509,
      0.73278296,
      -0.7366459
    ]
  },
  {
    "timeStamp": 51531,
    "rotation": [
      [
        0.955378234,
        0.292201966,
        -0.0432486832
      ],
      [
        -0.0861495,
        0.135585472,
        -0.9870131
      ],
      [
        -0.282543272,
        0.9466967,
        0.15470846
      ]
    ],
    "translation": [
      1.185762,
      0.754988551,
      -0.730743766
    ]
  },
  {
    "timeStamp": 51586,
    "rotation": [
      [
        0.933524966,
        0.34306708,
        -0.104096554
      ],
      [
        -0.154792756,
        0.123799928,
        -0.9801596
      ],
      [
        -0.323373348,
        0.9311168,
        0.168674618
      ]
    ],
    "translation": [
      1.21013,
      0.787669539,
      -0.722772
    ]
  },
  {
    "timeStamp": 51630,
    "rotation": [
      [
        0.903869,
        0.402499169,
        -0.144966587
      ],
      [
        -0.200446635,
        0.09908414,
        -0.9746812
      ],
      [
        -0.377944469,
        0.910042167,
        0.170238674
      ]
    ],
    "translation": [
      1.23893166,
      0.8151893,
      -0.71647507
    ]
  },
  {
    "timeStamp": 51676,
    "rotation": [
      [
        0.8782762,
        0.44536382,
        -0.174017116
      ],
      [
        -0.228016108,
        0.07021039,
        -0.9711226
      ],
      [
        -0.420285076,
        0.8925926,
        0.163214236
      ]
    ],
    "translation": [
      1.2733171,
      0.839048743,
      -0.71374774
    ]
  },
  {
    "timeStamp": 51731,
    "rotation": [
      [
        0.839845538,
        0.503928244,
        -0.201781437
      ],
      [
        -0.26517272,
        0.0565175936,
        -0.9625431
      ],
      [
        -0.473648429,
        0.8618945,
        0.18109408
      ]
    ],
    "translation": [
      1.32626832,
      0.8669625,
      -0.710856438
    ]
  },
  {
    "timeStamp": 51786,
    "rotation": [
      [
        0.807492256,
        0.5576882,
        -0.192198277
      ],
      [
        -0.2627028,
        0.04826161,
        -0.963669062
      ],
      [
        -0.528151035,
        0.8286463,
        0.185477108
      ]
    ],
    "translation": [
      1.38567472,
      0.884099066,
      -0.7093172
    ]
  },
  {
    "timeStamp": 51831,
    "rotation": [
      [
        0.775006354,
        0.6031498,
        -0.188614532
      ],
      [
        -0.275057822,
        0.053238105,
        -0.959952533
      ],
      [
        -0.5689537,
        0.7958492,
        0.207160935
      ]
    ],
    "translation": [
      1.43749177,
      0.8967719,
      -0.7079267
    ]
  },
  {
    "timeStamp": 51886,
    "rotation": [
      [
        0.7352288,
        0.6622206,
        -0.144577056
      ],
      [
        -0.254617453,
        0.0721507445,
        -0.9643465
      ],
      [
        -0.6281788,
        0.7458272,
        0.221660241
      ]
    ],
    "translation": [
      1.50662875,
      0.9045407,
      -0.704112351
    ]
  },
  {
    "timeStamp": 51931,
    "rotation": [
      [
        0.6891405,
        0.716039538,
        -0.11123313
      ],
      [
        -0.249136716,
        0.08998166,
        -0.9642791
      ],
      [
        -0.680453,
        0.692236066,
        0.240401745
      ]
    ],
    "translation": [
      1.56593788,
      0.9110366,
      -0.7007084
    ]
  },
  {
    "timeStamp": 51986,
    "rotation": [
      [
        0.6160429,
        0.78536123,
        -0.0608181953
      ],
      [
        -0.2271892,
        0.103218846,
        -0.9683651
      ],
      [
        -0.7542388,
        0.610371649,
        0.242012843
      ]
    ],
    "translation": [
      1.64374745,
      0.917152464,
      -0.6961439
    ]
  },
  {
    "timeStamp": 52031,
    "rotation": [
      [
        0.5654902,
        0.8247525,
        -0.00202269969
      ],
      [
        -0.219407707,
        0.148071527,
        -0.9643314
      ],
      [
        -0.795035243,
        0.545763731,
        0.264690071
      ]
    ],
    "translation": [
      1.70192993,
      0.921990156,
      -0.69410646
    ]
  },
  {
    "timeStamp": 52086,
    "rotation": [
      [
        0.4745942,
        0.879234433,
        0.04131907
      ],
      [
        -0.210472211,
        0.158939391,
        -0.964593053
      ],
      [
        -0.854670644,
        0.4490938,
        0.260486126
      ]
    ],
    "translation": [
      1.77608025,
      0.9301307,
      -0.6918901
    ]
  },
  {
    "timeStamp": 52130,
    "rotation": [
      [
        0.418577462,
        0.9022165,
        0.103914313
      ],
      [
        -0.212598816,
        0.208583519,
        -0.95461756
      ],
      [
        -0.882946551,
        0.377489358,
        0.279118538
      ]
    ],
    "translation": [
      1.82975841,
      0.934258759,
      -0.691520751
    ]
  },
  {
    "timeStamp": 52186,
    "rotation": [
      [
        0.308579326,
        0.94469,
        0.11108385
      ],
      [
        -0.215284377,
        0.183115333,
        -0.9592296
      ],
      [
        -0.926515758,
        0.2720838,
        0.2598826
      ]
    ],
    "translation": [
      1.89039981,
      0.9402178,
      -0.690219
    ]
  },
  {
    "timeStamp": 52231,
    "rotation": [
      [
        0.264219224,
        0.949988663,
        0.16646269
      ],
      [
        -0.21166496,
        0.225504935,
        -0.9509708
      ],
      [
        -0.9409496,
        0.216030478,
        0.260662049
      ]
    ],
    "translation": [
      1.932974,
      0.9401659,
      -0.6916424
    ]
  },
  {
    "timeStamp": 52286,
    "rotation": [
      [
        0.181080908,
        0.969339848,
        0.166102484
      ],
      [
        -0.215627387,
        0.2039171,
        -0.9549464
      ],
      [
        -0.959538758,
        0.137106314,
        0.245941713
      ]
    ],
    "translation": [
      1.97714388,
      0.942995548,
      -0.692352951
    ]
  },
  {
    "timeStamp": 52331,
    "rotation": [
      [
        0.159320563,
        0.9704181,
        0.181398958
      ],
      [
        -0.207108423,
        0.21251151,
        -0.9549581
      ],
      [
        -0.965258,
        0.1145752,
        0.234839246
      ]
    ],
    "translation": [
      2.00442767,
      0.942451835,
      -0.6946045
    ]
  },
  {
    "timeStamp": 52382,
    "rotation": [
      [
        0.1296243,
        0.974007249,
        0.185761914
      ],
      [
        -0.19322148,
        0.208563209,
        -0.9587319
      ],
      [
        -0.9725549,
        0.08838176,
        0.215233967
      ]
    ],
    "translation": [
      2.0278523,
      0.940114141,
      -0.6961427
    ]
  },
  {
    "timeStamp": 52436,
    "rotation": [
      [
        0.09700191,
        0.9789106,
        0.179790452
      ],
      [
        -0.1706123,
        0.194323018,
        -0.96598655
      ],
      [
        -0.9805519,
        0.06302809,
        0.185863912
      ]
    ],
    "translation": [
      2.05812478,
      0.936612964,
      -0.6985273
    ]
  },
  {
    "timeStamp": 52481,
    "rotation": [
      [
        0.08604655,
        0.975620747,
        0.201891392
      ],
      [
        -0.170554355,
        0.214076221,
        -0.961812139
      ],
      [
        -0.981584,
        0.0483271629,
        0.184816882
      ]
    ],
    "translation": [
      2.07485533,
      0.9343615,
      -0.6985952
    ]
  },
  {
    "timeStamp": 52526,
    "rotation": [
      [
        0.0863709748,
        0.974296868,
        0.208052143
      ],
      [
        -0.146654308,
        0.218991414,
        -0.9646426
      ],
      [
        -0.985409856,
        0.0528053939,
        0.161799327
      ]
    ],
    "translation": [
      2.08701468,
      0.9272527,
      -0.7011279
    ]
  },
  {
    "timeStamp": 52581,
    "rotation": [
      [
        0.0536609627,
        0.9761027,
        0.2105802
      ],
      [
        -0.113312185,
        0.215474159,
        -0.969913
      ],
      [
        -0.9921093,
        0.0281851646,
        0.122166887
      ]
    ],
    "translation": [
      2.10053158,
      0.9155184,
      -0.703460336
    ]
  },
  {
    "timeStamp": 52636,
    "rotation": [
      [
        0.0718333945,
        0.973500967,
        0.217107862
      ],
      [
        -0.08204571,
        0.222699717,
        -0.9714285
      ],
      [
        -0.994036436,
        0.0519682467,
        0.0958688557
      ]
    ],
    "translation": [
      2.10411143,
      0.9029412,
      -0.7075847
    ]
  },
  {
    "timeStamp": 52681,
    "rotation": [
      [
        0.06385599,
        0.977175057,
        0.202611387
      ],
      [
        -0.0600153543,
        0.20641847,
        -0.9766215
      ],
      [
        -0.9961529,
        0.05020334,
        0.07182656
      ]
    ],
    "translation": [
      2.10332823,
      0.894313157,
      -0.709590554
    ]
  },
  {
    "timeStamp": 52736,
    "rotation": [
      [
        0.08532041,
        0.9753622,
        0.203442991
      ],
      [
        -0.0288272984,
        0.206518635,
        -0.9780179
      ],
      [
        -0.995936453,
        0.07758019,
        0.04573731
      ]
    ],
    "translation": [
      2.09879923,
      0.881575465,
      -0.7133443
    ]
  },
  {
    "timeStamp": 52781,
    "rotation": [
      [
        0.08249548,
        0.97799623,
        0.191619053
      ],
      [
        -0.0116855716,
        0.193210468,
        -0.981087744
      ],
      [
        -0.996522963,
        0.0786961243,
        0.0273674354
      ]
    ],
    "translation": [
      2.09561825,
      0.873984337,
      -0.7140686
    ]
  },
  {
    "timeStamp": 52826,
    "rotation": [
      [
        0.09456215,
        0.9753816,
        0.1992204
      ],
      [
        0.0127595514,
        0.198913217,
        -0.979934037
      ],
      [
        -0.9954372,
        0.09520663,
        0.0063642296
      ]
    ],
    "translation": [
      2.09264469,
      0.865664,
      -0.7161574
    ]
  },
  {
    "timeStamp": 52883,
    "rotation": [
      [
        0.091811806,
        0.9785683,
        0.184322208
      ],
      [
        0.028468756,
        0.182448864,
        -0.9828031
      ],
      [
        -0.9953693,
        0.09548035,
        -0.0111076618
      ]
    ],
    "translation": [
      2.09106779,
      0.8588408,
      -0.7176151
    ]
  },
  {
    "timeStamp": 52929,
    "rotation": [
      [
        0.0920008,
        0.9784282,
        0.184970692
      ],
      [
        0.0410611741,
        0.18187277,
        -0.9824644
      ],
      [
        -0.994911969,
        0.09798262,
        -0.02344297
      ]
    ],
    "translation": [
      2.090726,
      0.8543734,
      -0.71949476
    ]
  },
  {
    "timeStamp": 52985,
    "rotation": [
      [
        0.09377191,
        0.9789824,
        0.181108609
      ],
      [
        0.05885843,
        0.176140785,
        -0.9826037
      ],
      [
        -0.9938524,
        0.1028004,
        -0.0411043055
      ]
    ],
    "translation": [
      2.089811,
      0.849101841,
      -0.7224357
    ]
  },
  {
    "timeStamp": 53030,
    "rotation": [
      [
        0.09074578,
        0.9809641,
        0.171681419
      ],
      [
        0.05819518,
        0.166874647,
        -0.9842592
      ],
      [
        -0.9941722,
        0.0993084,
        -0.0419442169
      ]
    ],
    "translation": [
      2.08796835,
      0.847076535,
      -0.7231079
    ]
  },
  {
    "timeStamp": 53086,
    "rotation": [
      [
        0.104607664,
        0.974286,
        0.1995593
      ],
      [
        0.0538557358,
        0.194816187,
        -0.9793601
      ],
      [
        -0.9930543,
        0.113195986,
        -0.032091625
      ]
    ],
    "translation": [
      2.08623624,
      0.843787968,
      -0.7239434
    ]
  }
]