[
  {
    "timeStamp": 37093,
    "rotation": [
      [
        4.88762055E-07,
        1.0,
        -1.19248806E-08
      ],
      [
        0.0,
        1.19248806E-08,
        1.0
      ],
      [
        1.0,
        -4.88762055E-07,
        5.828429E-15
      ]
    ],
    "translation": [
      1.154,
      0.7012046,
      -0.620000064
    ]
  },
  {
    "timeStamp": 37148,
    "rotation": [
      [
        -0.000359196943,
        0.9999937,
        0.00354249752
      ],
      [
        0.0061264066,
        -0.00354023068,
        0.999974966
      ],
      [
        0.9999812,
        0.000380891259,
        -0.006125096
      ]
    ],
    "translation": [
      1.15407014,
      0.7012366,
      -0.6199726
    ]
  },
  {
    "timeStamp": 37193,
    "rotation": [
      [
        -9.8538876E-05,
        0.9999838,
        0.005699573
      ],
      [
        0.0133119784,
        -0.00569775654,
        0.999895155
      ],
      [
        0.9999114,
        0.000174402929,
        -0.0133112008
      ]
    ],
    "translation": [
      1.15402043,
      0.701346636,
      -0.6200169
    ]
  },
  {
    "timeStamp": 37248,
    "rotation": [
      [
        -0.0008380833,
        0.9999823,
        0.005904905
      ],
      [
        0.02246876,
        -0.005884586,
        0.9997302
      ],
      [
        0.9997473,
        0.000970531837,
        -0.0224634279
      ]
    ],
    "translation": [
      1.15405357,
      0.7014663,
      -0.62004745
    ]
  },
  {
    "timeStamp": 37293,
    "rotation": [
      [
        -0.000350860151,
        0.999997556,
        0.00218466623
      ],
      [
        0.0237549618,
        -0.00217571529,
        0.999715447
      ],
      [
        0.9997177,
        0.000402656267,
        -0.0237541385
      ]
    ],
    "translation": [
      1.15401065,
      0.701498866,
      -0.620045543
    ]
  },
  {
    "timeStamp": 37348,
    "rotation": [
      [
        -0.0005679396,
        0.999998033,
        0.001898973
      ],
      [
        0.0333457328,
        -0.00187897892,
        0.9994421
      ],
      [
        0.99944365,
        0.0006309465,
        -0.0333445966
      ]
    ],
    "translation": [
      1.15401864,
      0.7015901,
      -0.6200931
    ]
  },
  {
    "timeStamp": 37393,
    "rotation": [
      [
        -0.000411458721,
        0.9999986,
        -0.00161373871
      ],
      [
        0.04056551,
        0.00162910158,
        0.999175549
      ],
      [
        0.9991768,
        0.000345657027,
        -0.040566124
      ]
    ],
    "translation": [
      1.15401375,
      0.7016674,
      -0.620085061
    ]
  },
  {
    "timeStamp": 37448,
    "rotation": [
      [
        -0.000167992272,
        0.999985754,
        -0.00534063438
      ],
      [
        0.05011355,
        0.00534234243,
        0.9987292
      ],
      [
        0.998743534,
        -9.98612959E-05,
        -0.0501137376
      ]
    ],
    "translation": [
      1.15397847,
      0.7018186,
      -0.6202932
    ]
  },
  {
    "timeStamp": 37492,
    "rotation": [
      [
        -0.00282637822,
        0.99981916,
        -0.0188044272
      ],
      [
        0.0612438954,
        0.0189422723,
        0.997943044
      ],
      [
        0.998118758,
        0.001668892,
        -0.06128636
      ]
    ],
    "translation": [
      1.15417171,
      0.701329947,
      -0.620083332
    ]
  },
  {
    "timeStamp": 37548,
    "rotation": [
      [
        -0.00268570241,
        0.9997715,
        -0.0212092772
      ],
      [
        0.06271622,
        0.0213360023,
        0.99780333
      ],
      [
        0.9980278,
        0.00134964776,
        -0.06275919
      ]
    ],
    "translation": [
      1.15409172,
      0.7013864,
      -0.620133638
    ]
  },
  {
    "timeStamp": 37592,
    "rotation": [
      [
        -0.00256233453,
        0.999762,
        -0.0216678623
      ],
      [
        0.06395923,
        0.0217874162,
        0.997714639
      ],
      [
        0.997949243,
        0.001170611,
        -0.06399983
      ]
    ],
    "translation": [
      1.15408182,
      0.701436043,
      -0.620146
    ]
  },
  {
    "timeStamp": 37648,
    "rotation": [
      [
        -2.99043513E-05,
        0.9999008,
        -0.0140829887
      ],
      [
        0.0665409043,
        0.0140537657,
        0.9976847
      ],
      [
        0.9977837,
        -0.000907260634,
        -0.06653473
      ]
    ],
    "translation": [
      1.15382493,
      0.702203453,
      -0.6202518
    ]
  },
  {
    "timeStamp": 37692,
    "rotation": [
      [
        -0.0300913844,
        0.999201238,
        0.0262934733
      ],
      [
        -0.0108997356,
        -0.0266318452,
        0.999585867
      ],
      [
        0.9994877,
        0.0297923181,
        0.0116924178
      ]
    ],
    "translation": [
      1.14660287,
      0.7026702,
      -0.635745764
    ]
  },
  {
    "timeStamp": 37748,
    "rotation": [
      [
        -0.0305234715,
        0.9986355,
        0.0423726551
      ],
      [
        -0.0189895071,
        -0.0429641344,
        0.9988961
      ],
      [
        0.999353647,
        0.0296851341,
        0.02027501
      ]
    ],
    "translation": [
      1.14087892,
      0.7100354,
      -0.6422824
    ]
  },
  {
    "timeStamp": 37792,
    "rotation": [
      [
        -0.0285401884,
        0.997855,
        0.0589139238
      ],
      [
        -0.022796493,
        -0.059572354,
        0.997963667
      ],
      [
        0.999332666,
        0.027139049,
        0.0244478
      ]
    ],
    "translation": [
      1.137711,
      0.717564046,
      -0.642967
    ]
  },
  {
    "timeStamp": 37848,
    "rotation": [
      [
        -0.0270340219,
        0.9953847,
        0.0920786
      ],
      [
        -0.03114464,
        -0.09290624,
        0.99518764
      ],
      [
        0.999149263,
        0.0240361691,
        0.0335125253
      ]
    ],
    "translation": [
      1.13068831,
      0.7299581,
      -0.6446852
    ]
  },
  {
    "timeStamp": 37892,
    "rotation": [
      [
        -0.0242237933,
        0.99371326,
        0.109302811
      ],
      [
        -0.03228889,
        -0.110055551,
        0.9934008
      ],
      [
        0.999184966,
        0.02053466,
        0.0347518623
      ]
    ],
    "translation": [
      1.12894928,
      0.740235746,
      -0.645185769
    ]
  },
  {
    "timeStamp": 37948,
    "rotation": [
      [
        -0.031844724,
        0.991610765,
        0.125275463
      ],
      [
        -0.0174222179,
        -0.12587069,
        0.991893649
      ],
      [
        0.999340951,
        0.029404,
        0.0212843772
      ]
    ],
    "translation": [
      1.12940288,
      0.7547678,
      -0.6447478
    ]
  },
  {
    "timeStamp": 37992,
    "rotation": [
      [
        -0.0288993213,
        0.9872222,
        0.156707257
      ],
      [
        -0.0166660119,
        -0.157226831,
        0.9874219
      ],
      [
        0.999443352,
        0.025924135,
        0.0209968053
      ]
    ],
    "translation": [
      1.12975752,
      0.770979,
      -0.64560324
    ]
  },
  {
    "timeStamp": 38048,
    "rotation": [
      [
        -0.0184816867,
        0.9804724,
        0.195786327
      ],
      [
        -0.009713921,
        -0.1959866,
        0.980558455
      ],
      [
        0.999781966,
        0.0162205212,
        0.0131463949
      ]
    ],
    "translation": [
      1.13452733,
      0.793501437,
      -0.64423
    ]
  },
  {
    "timeStamp": 38092,
    "rotation": [
      [
        -0.003958904,
        0.971981168,
        0.23502554
      ],
      [
        -0.009383748,
        -0.235053137,
        0.971937239
      ],
      [
        0.999948144,
        0.00164238689,
        0.010051379
      ]
    ],
    "translation": [
      1.14525092,
      0.811867237,
      -0.644086361
    ]
  },
  {
    "timeStamp": 38148,
    "rotation": [
      [
        0.0249939114,
        0.9620077,
        0.2718761
      ],
      [
        -0.00542677,
        -0.2718265,
        0.962331
      ],
      [
        0.9996729,
        -0.0255278237,
        -0.00157341291
      ]
    ],
    "translation": [
      1.16723251,
      0.8326511,
      -0.6426811
    ]
  },
  {
    "timeStamp": 38192,
    "rotation": [
      [
        0.04728325,
        0.9514117,
        0.3042696
      ],
      [
        -1.949001E-05,
        -0.304609448,
        0.952477336
      ],
      [
        0.9988815,
        -0.0450421534,
        -0.0143843815
      ]
    ],
    "translation": [
      1.190752,
      0.848086,
      -0.6420541
    ]
  },
  {
    "timeStamp": 38248,
    "rotation": [
      [
        0.08225788,
        0.9203774,
        0.382281482
      ],
      [
        -0.0100855026,
        -0.382793039,
        0.9237791
      ],
      [
        0.996560037,
        -0.07984361,
        -0.0222052764
      ]
    ],
    "translation": [
      1.2187115,
      0.8750479,
      -0.644406736
    ]
  },
  {
    "timeStamp": 38292,
    "rotation": [
      [
        0.1223039,
        0.901509464,
        0.4151173
      ],
      [
        0.00553348474,
        -0.418870151,
        0.908029258
      ],
      [
        0.992477238,
        -0.108758479,
        -0.0562179461
      ]
    ],
    "translation": [
      1.24890482,
      0.8906387,
      -0.644245
    ]
  },
  {
    "timeStamp": 38348,
    "rotation": [
      [
        0.160280585,
        0.8608833,
        0.48289755
      ],
      [
        0.0249886326,
        -0.492604554,
        0.8698944
      ],
      [
        0.986755133,
        -0.127360225,
        -0.10046725
      ]
    ],
    "translation": [
      1.28496623,
      0.9135918,
      -0.64381814
    ]
  },
  {
    "timeStamp": 38392,
    "rotation": [
      [
        0.199629992,
        0.8224596,
        0.5326425
      ],
      [
        0.08533103,
        -0.5561108,
        0.826716
      ],
      [
        0.9761488,
        -0.119586386,
        -0.181197733
      ]
    ],
    "translation": [
      1.3144567,
      0.933455348,
      -0.641738
    ]
  },
  {
    "timeStamp": 38447,
    "rotation": [
      [
        0.278683543,
        0.781313837,
        0.558466
      ],
      [
        0.0790684149,
        -0.598195255,
        0.797440052
      ],
      [
        0.9571226,
        -0.1780764,
        -0.2284844
      ]
    ],
    "translation": [
      1.35531664,
      0.9521116,
      -0.640986443
    ]
  },
  {
    "timeStamp": 38491,
    "rotation": [
      [
        0.345343441,
        0.730582952,
        0.589055538
      ],
      [
        0.11830233,
        -0.6565549,
        0.744943142
      ],
      [
        0.93099004,
        -0.18757458,
        -0.3131666
      ]
    ],
    "translation": [
      1.385864,
      0.9740183,
      -0.636100948
    ]
  },
  {
    "timeStamp": 38547,
    "rotation": [
      [
        0.411226422,
        0.679392159,
        0.607716262
      ],
      [
        0.115310639,
        -0.700113535,
        0.704659164
      ],
      [
        0.904210269,
        -0.219698325,
        -0.3662463
      ]
    ],
    "translation": [
      1.42230463,
      0.998651743,
      -0.640693545
    ]
  },
  {
    "timeStamp": 38591,
    "rotation": [
      [
        0.4825431,
        0.63998723,
        0.5979703
      ],
      [
        0.182429761,
        -0.7411793,
        0.646043837
      ],
      [
        0.856663048,
        -0.2026564,
        -0.47440365
      ]
    ],
    "translation": [
      1.45245123,
      1.02404547,
      -0.6347639
    ]
  },
  {
    "timeStamp": 38647,
    "rotation": [
      [
        0.5274431,
        0.613337755,
        0.587895036
      ],
      [
        0.193165928,
        -0.7604257,
        0.620032
      ],
      [
        0.82733953,
        -0.21347034,
        -0.5195573
      ]
    ],
    "translation": [
      1.48455775,
      1.041931,
      -0.6441014
    ]
  },
  {
    "timeStamp": 38691,
    "rotation": [
      [
        0.576483667,
        0.5936467,
        0.5614715
      ],
      [
        0.216959149,
        -0.7736866,
        0.595262766
      ],
      [
        0.787778735,
        -0.221342877,
        -0.5748148
      ]
    ],
    "translation": [
      1.5104059,
      1.05444276,
      -0.6441751
    ]
  },
  {
    "timeStamp": 38747,
    "rotation": [
      [
        0.6133676,
        0.5754243,
        0.540987
      ],
      [
        0.216922775,
        -0.78136605,
        0.585159361
      ],
      [
        0.759423852,
        -0.241565377,
        -0.6040873
      ]
    ],
    "translation": [
      1.53637826,
      1.06181371,
      -0.6515093
    ]
  },
  {
    "timeStamp": 38792,
    "rotation": [
      [
        0.6420265,
        0.568205237,
        0.514728
      ],
      [
        0.219491035,
        -0.77949053,
        0.586701155
      ],
      [
        0.734592259,
        -0.2636995,
        -0.6251695
      ]
    ],
    "translation": [
      1.55762362,
      1.06168985,
      -0.6541469
    ]
  },
  {
    "timeStamp": 38848,
    "rotation": [
      [
        0.6770773,
        0.5554827,
        0.482706279
      ],
      [
        0.211792335,
        -0.7752629,
        0.5950727
      ],
      [
        0.7047768,
        -0.300676733,
        -0.6425599
      ]
    ],
    "translation": [
      1.58216441,
      1.05581427,
      -0.659287333
    ]
  },
  {
    "timeStamp": 38892,
    "rotation": [
      [
        0.709407151,
        0.5289713,
        0.465758324
      ],
      [
        0.175853148,
        -0.7727837,
        0.6098204
      ],
      [
        0.682508,
        -0.3507059,
        -0.6412396
      ]
    ],
    "translation": [
      1.60223532,
      1.04789937,
      -0.6634856
    ]
  },
  {
    "timeStamp": 38947,
    "rotation": [
      [
        0.7538208,
        0.481064975,
        0.447583318
      ],
      [
        0.120265715,
        -0.770676136,
        0.6257751
      ],
      [
        0.645980239,
        -0.41789332,
        -0.6388073
      ]
    ],
    "translation": [
      1.62863815,
      1.0361979,
      -0.6698058
    ]
  },
  {
    "timeStamp": 38992,
    "rotation": [
      [
        0.7939755,
        0.441055983,
        0.418416679
      ],
      [
        0.0862017,
        -0.762962162,
        0.640669942
      ],
      [
        0.6018075,
        -0.472608,
        -0.643793
      ]
    ],
    "translation": [
      1.65361559,
      1.02355289,
      -0.675920963
    ]
  },
  {
    "timeStamp": 39047,
    "rotation": [
      [
        0.8430247,
        0.3630465,
        0.396870941
      ],
      [
        0.0159674883,
        -0.754416645,
        0.6562016
      ],
      [
        0.53763777,
        -0.5468571,
        -0.64178884
      ]
    ],
    "translation": [
      1.68644619,
      1.01039863,
      -0.686474442
    ]
  },
  {
    "timeStamp": 39092,
    "rotation": [
      [
        0.880229056,
        0.276394665,
        0.385749459
      ],
      [
        -0.0475281142,
        -0.757442,
        0.6511702
      ],
      [
        0.472162843,
        -0.5915129,
        -0.653586
      ]
    ],
    "translation": [
      1.71278214,
      1.00638878,
      -0.6952365
    ]
  },
  {
    "timeStamp": 39147,
    "rotation": [
      [
        0.911584735,
        0.164783031,
        0.376642853
      ],
      [
        -0.128417939,
        -0.756178856,
        0.6416404
      ],
      [
        0.390540779,
        -0.6332773,
        -0.66816
      ]
    ],
    "translation": [
      1.74577534,
      1.00249076,
      -0.7090995
    ]
  },
  {
    "timeStamp": 39192,
    "rotation": [
      [
        0.928611755,
        0.07292816,
        0.363815457
      ],
      [
        -0.187019,
        -0.7548536,
        0.6286652
      ],
      [
        0.3204748,
        -0.6518263,
        -0.687326968
      ]
    ],
    "translation": [
      1.7734009,
      1.00214863,
      -0.7192391
    ]
  },
  {
    "timeStamp": 39247,
    "rotation": [
      [
        0.936655,
        -0.0526347049,
        0.346276
      ],
      [
        -0.267646432,
        -0.7452721,
        0.610684
      ],
      [
        0.225926653,
        -0.664679766,
        -0.7121503
      ]
    ],
    "translation": [
      1.8121376,
      1.00361478,
      -0.7292179
    ]
  },
  {
    "timeStamp": 39292,
    "rotation": [
      [
        0.936034143,
        -0.145420909,
        0.3204571
      ],
      [
        -0.3177949,
        -0.7404319,
        0.592255831
      ],
      [
        0.1511503,
        -0.6562113,
        -0.739283562
      ]
    ],
    "translation": [
      1.84654963,
      1.00701618,
      -0.7354498
    ]
  },
  {
    "timeStamp": 39348,
    "rotation": [
      [
        0.9201222,
        -0.2558269,
        0.296525985
      ],
      [
        -0.385142922,
        -0.7283507,
        0.5667188
      ],
      [
        0.07099299,
        -0.635655463,
        -0.7687016
      ]
    ],
    "translation": [
      1.88894451,
      1.012334,
      -0.7429337
    ]
  },
  {
    "timeStamp": 39392,
    "rotation": [
      [
        0.9170084,
        -0.308152378,
        0.253254384
      ],
      [
        -0.398705482,
        -0.7262848,
        0.559950352
      ],
      [
        0.0113847675,
        -0.6144531,
        -0.7888713
      ]
    ],
    "translation": [
      1.92467046,
      1.01485133,
      -0.747826
    ]
  },
  {
    "timeStamp": 39447,
    "rotation": [
      [
        0.918365061,
        -0.344159216,
        0.195345968
      ],
      [
        -0.3917256,
        -0.720504,
        0.5722106
      ],
      [
        -0.0561839938,
        -0.602020264,
        -0.7965017
      ]
    ],
    "translation": [
      1.96795273,
      1.01221323,
      -0.7531531
    ]
  },
  {
    "timeStamp": 39492,
    "rotation": [
      [
        0.9231502,
        -0.351733744,
        0.1551681
      ],
      [
        -0.3714976,
        -0.7123349,
        0.5954566
      ],
      [
        -0.09891054,
        -0.607340455,
        -0.7882603
      ]
    ],
    "translation": [
      2.000618,
      1.006664,
      -0.7563003
    ]
  },
  {
    "timeStamp": 39547,
    "rotation": [
      [
        0.9427677,
        -0.32147187,
        0.08857159
      ],
      [
        -0.300442219,
        -0.703703463,
        0.6438446
      ],
      [
        -0.144649789,
        -0.633606553,
        -0.7600126
      ]
    ],
    "translation": [
      2.04015613,
      0.9934281,
      -0.7598804
    ]
  },
  {
    "timeStamp": 39592,
    "rotation": [
      [
        0.946511745,
        -0.3128517,
        0.07898892
      ],
      [
        -0.2829173,
        -0.6869422,
        0.669378936
      ],
      [
        -0.15515551,
        -0.655922353,
        -0.738710046
      ]
    ],
    "translation": [
      2.063683,
      0.985715151,
      -0.7617177
    ]
  },
  {
    "timeStamp": 39647,
    "rotation": [
      [
        0.9592865,
        -0.280349821,
        0.03425358
      ],
      [
        -0.221480146,
        -0.6714445,
        0.7071838
      ],
      [
        -0.175259486,
        -0.685978353,
        -0.7061996
      ]
    ],
    "translation": [
      2.09900141,
      0.9739045,
      -0.763961732
    ]
  },
  {
    "timeStamp": 39702,
    "rotation": [
      [
        0.959251642,
        -0.2767509,
        0.05696629
      ],
      [
        -0.230501145,
        -0.649864,
        0.724255443
      ],
      [
        -0.16341801,
        -0.707874,
        -0.687174559
      ]
    ],
    "translation": [
      2.11232519,
      0.9674847,
      -0.7638689
    ]
  },
  {
    "timeStamp": 39742,
    "rotation": [
      [
        0.969376445,
        -0.245393038,
        0.009570545
      ],
      [
        -0.167707235,
        -0.6330191,
        0.7557521
      ],
      [
        -0.17939797,
        -0.7342133,
        -0.6547879
      ]
    ],
    "translation": [
      2.14355564,
      0.955243468,
      -0.7636387
    ]
  },
  {
    "timeStamp": 39798,
    "rotation": [
      [
        0.967734,
        -0.2480272,
        0.0444225147
      ],
      [
        -0.190880746,
        -0.6065312,
        0.771806
      ],
      [
        -0.164485246,
        -0.7553823,
        -0.634304464
      ]
    ],
    "translation": [
      2.155439,
      0.9467927,
      -0.7609743
    ]
  },
  {
    "timeStamp": 39842,
    "rotation": [
      [
        0.9675203,
        -0.252226949,
        0.0169127733
      ],
      [
        -0.1674218,
        -0.5892132,
        0.790441453
      ],
      [
        -0.1894054,
        -0.767599761,
        -0.612304032
      ]
    ],
    "translation": [
      2.17527413,
      0.938337445,
      -0.759372652
    ]
  },
  {
    "timeStamp": 39898,
    "rotation": [
      [
        0.9638426,
        -0.263034731,
        0.0426651947
      ],
      [
        -0.191894338,
        -0.574044,
        0.7960214
      ],
      [
        -0.184889585,
        -0.7754265,
        -0.603762865
      ]
    ],
    "translation": [
      2.18327212,
      0.934641242,
      -0.7536714
    ]
  },
  {
    "timeStamp": 39942,
    "rotation": [
      [
        0.96994704,
        -0.238102719,
        0.0500974841
      ],
      [
        -0.17879425,
        -0.5578188,
        0.8104757
      ],
      [
        -0.165031165,
        -0.795075655,
        -0.5836261
      ]
    ],
    "translation": [
      2.18563747,
      0.9283564,
      -0.7497705
    ]
  },
  {
    "timeStamp": 39997,
    "rotation": [
      [
        0.9797286,
        -0.193116516,
        0.0532724448
      ],
      [
        -0.153302759,
        -0.5515616,
        0.819925666
      ],
      [
        -0.128958151,
        -0.811471462,
        -0.5699859
      ]
    ],
    "translation": [
      2.185383,
      0.9227327,
      -0.74304986
    ]
  },
  {
    "timeStamp": 40042,
    "rotation": [
      [
        0.9816484,
        -0.1678107,
        0.09058726
      ],
      [
        -0.168250516,
        -0.538525641,
        0.8256403
      ],
      [
        -0.08976771,
        -0.825729847,
        -0.556877
      ]
    ],
    "translation": [
      2.17884445,
      0.9180939,
      -0.7379789
    ]
  },
  {
    "timeStamp": 40098,
    "rotation": [
      [
        0.980637848,
        -0.141853079,
        0.135007486
      ],
      [
        -0.188703462,
        -0.500204563,
        0.845095456
      ],
      [
        -0.0523480251,
        -0.854209,
        -0.517287731
      ]
    ],
    "translation": [
      2.16958141,
      0.9088552,
      -0.7335801
    ]
  },
  {
    "timeStamp": 40142,
    "rotation": [
      [
        0.987917662,
        -0.114933357,
        0.103966564
      ],
      [
        -0.147883728,
        -0.498430282,
        0.85422343
      ],
      [
        -0.0463586859,
        -0.859277368,
        -0.509404838
      ]
    ],
    "translation": [
      2.17613435,
      0.9028505,
      -0.727401853
    ]
  },
  {
    "timeStamp": 40199,
    "rotation": [
      [
        0.990206242,
        -0.09263464,
        0.104452759
      ],
      [
        -0.136515036,
        -0.485727251,
        0.8633844
      ],
      [
        -0.02924375,
        -0.8691881,
        -0.4936162
      ]
    ],
    "translation": [
      2.17727232,
      0.898501754,
      -0.7189878
    ]
  },
  {
    "timeStamp": 40244,
    "rotation": [
      [
        0.9929547,
        -0.07150161,
        0.0944906548
      ],
      [
        -0.117051944,
        -0.467817932,
        0.8760395
      ],
      [
        -0.0184338149,
        -0.880927861,
        -0.47289142
      ]
    ],
    "translation": [
      2.17893267,
      0.8933721,
      -0.7125038
    ]
  },
  {
    "timeStamp": 40290,
    "rotation": [
      [
        0.9929215,
        -0.06955641,
        0.09627519
      ],
      [
        -0.117514774,
        -0.4576505,
        0.8813321
      ],
      [
        -0.0172419026,
        -0.8864073,
        -0.4625849
      ]
    ],
    "translation": [
      2.17835569,
      0.890192151,
      -0.7044867
    ]
  },
  {
    "timeStamp": 40347,
    "rotation": [
      [
        0.994988739,
        -0.0618470274,
        0.078564465
      ],
      [
        -0.09722239,
        -0.414934665,
        0.9046419
      ],
      [
        -0.0233502947,
        -0.907746732,
        -0.418868244
      ]
    ],
    "translation": [
      2.18134379,
      0.879541039,
      -0.6990129
    ]
  },
  {
    "timeStamp": 40391,
    "rotation": [
      [
        0.99668926,
        -0.049273178,
        0.0646734461
      ],
      [
        -0.0789235,
        -0.395219475,
        0.9151899
      ],
      [
        -0.0195341036,
        -0.9172642,
        -0.39779982
      ]
    ],
    "translation": [
      2.18276024,
      0.873762,
      -0.692671537
    ]
  },
  {
    "timeStamp": 40447,
    "rotation": [
      [
        0.9983114,
        -0.0399719439,
        0.0421491563
      ],
      [
        -0.05376862,
        -0.3612743,
        0.9309081
      ],
      [
        -0.0219828039,
        -0.9316025,
        -0.3628135
      ]
    ],
    "translation": [
      2.18562722,
      0.865151763,
      -0.6877418
    ]
  },
  {
    "timeStamp": 40491,
    "rotation": [
      [
        0.999084234,
        -0.0305797327,
        0.0299247559
      ],
      [
        -0.0384761244,
        -0.336233258,
        0.9409924
      ],
      [
        -0.0187135935,
        -0.9412821,
        -0.337101966
      ]
    ],
    "translation": [
      2.19077659,
      0.8581297,
      -0.6841895
    ]
  },
  {
    "timeStamp": 40547,
    "rotation": [
      [
        0.999449849,
        -0.0277370345,
        0.01818726
      ],
      [
        -0.0260336138,
        -0.3162563,
        0.9483165
      ],
      [
        -0.0205516517,
        -0.948268235,
        -0.3168044
      ]
    ],
    "translation": [
      2.19260621,
      0.8522159,
      -0.6796296
    ]
  },
  {
    "timeStamp": 40592,
    "rotation": [
      [
        0.9996369,
        -0.0265277326,
        -0.004720243
      ],
      [
        -0.0034790975,
        -0.30079636,
        0.953682065
      ],
      [
        -0.0267188549,
        -0.9533194,
        -0.300779432
      ]
    ],
    "translation": [
      2.200012,
      0.8476284,
      -0.6779442
    ]
  },
  {
    "timeStamp": 40647,
    "rotation": [
      [
        0.999446452,
        -0.0326135233,
        0.00657039229
      ],
      [
        -0.0159934554,
        -0.2978292,
        0.9544852
      ],
      [
        -0.02917227,
        -0.9540619,
        -0.298185974
      ]
    ],
    "translation": [
      2.20051527,
      0.8461796,
      -0.6736252
    ]
  },
  {
    "timeStamp": 40691,
    "rotation": [
      [
        0.9993124,
        -0.03685661,
        -0.00403450755
      ],
      [
        -0.00639953371,
        -0.278641164,
        0.960373938
      ],
      [
        -0.036520306,
        -0.959687769,
        -0.278685451
      ]
    ],
    "translation": [
      2.20571065,
      0.840998232,
      -0.672214448
    ]
  },
  {
    "timeStamp": 40747,
    "rotation": [
      [
        0.9995569,
        -0.0296520237,
        -0.002616208
      ],
      [
        -0.00506361574,
        -0.255981773,
        0.966668367
      ],
      [
        -0.0293333735,
        -0.966226757,
        -0.25601846
      ]
    ],
    "translation": [
      2.20856261,
      0.832660854,
      -0.6685381
    ]
  },
  {
    "timeStamp": 40791,
    "rotation": [
      [
        0.999574363,
        -0.017942613,
        -0.0230025779
      ],
      [
        0.0182834156,
        -0.2291231,
        0.9732257
      ],
      [
        -0.0227326378,
        -0.973232031,
        -0.228697523
      ]
    ],
    "translation": [
      2.21503568,
      0.8235594,
      -0.664452434
    ]
  },
  {
    "timeStamp": 40846,
    "rotation": [
      [
        0.9995619,
        -0.0103804432,
        -0.02771718
      ],
      [
        0.0250140838,
        -0.204292014,
        0.978590369
      ],
      [
        -0.0158205945,
        -0.978854954,
        -0.20394285
      ]
    ],
    "translation": [
      2.22065043,
      0.812369049,
      -0.655146
    ]
  },
  {
    "timeStamp": 40890,
    "rotation": [
      [
        0.9985703,
        0.007033385,
        -0.05299007
      ],
      [
        0.0533765256,
        -0.184824511,
        0.981321
      ],
      [
        -0.00289185275,
        -0.9827464,
        -0.184935674
      ]
    ],
    "translation": [
      2.2275455,
      0.8033752,
      -0.645138741
    ]
  },
  {
    "timeStamp": 40946,
    "rotation": [
      [
        0.997401953,
        0.0151448119,
        -0.07042695
      ],
      [
        0.07195111,
        -0.161731884,
        0.9842082
      ],
      [
        0.003515364,
        -0.986718535,
        -0.162401378
      ]
    ],
    "translation": [
      2.23615241,
      0.792499661,
      -0.632095039
    ]
  },
  {
    "timeStamp": 40990,
    "rotation": [
      [
        0.9969711,
        0.0218506362,
        -0.07464023
      ],
      [
        0.07709401,
        -0.151133969,
        0.9855024
      ],
      [
        0.0102531752,
        -0.9882717,
        -0.152360737
      ]
    ],
    "translation": [
      2.23943615,
      0.785282135,
      -0.6205138
    ]
  },
  {
    "timeStamp": 41046,
    "rotation": [
      [
        0.9958634,
        0.0250574443,
        -0.08733983
      ],
      [
        0.08981071,
        -0.12556915,
        0.98801136
      ],
      [
        0.0137898615,
        -0.9917684,
        -0.127300143
      ]
    ],
    "translation": [
      2.24804163,
      0.774330556,
      -0.610987544
    ]
  },
  {
    "timeStamp": 41090,
    "rotation": [
      [
        0.9957614,
        0.0284758713,
        -0.0874546841
      ],
      [
        0.09016091,
        -0.114352994,
        0.989340365
      ],
      [
        0.018171601,
        -0.9930319,
        -0.116435714
      ]
    ],
    "translation": [
      2.251033,
      0.7665879,
      -0.603771865
    ]
  },
  {
    "timeStamp": 41146,
    "rotation": [
      [
        0.994526267,
        0.0340229459,
        -0.09879257
      ],
      [
        0.1016715,
        -0.09709981,
        0.990067959
      ],
      [
        0.0240923036,
        -0.994693,
        -0.100027479
      ]
    ],
    "translation": [
      2.25519323,
      0.7578796,
      -0.59638983
    ]
  },
  {
    "timeStamp": 41190,
    "rotation": [
      [
        0.9943128,
        0.036316935,
        -0.100115307
      ],
      [
        0.103278264,
        -0.0993831456,
        0.989675
      ],
      [
        0.0259921812,
        -0.994386256,
        -0.102568686
      ]
    ],
    "translation": [
      2.25730276,
      0.753153861,
      -0.5907828
    ]
  },
  {
    "timeStamp": 41247,
    "rotation": [
      [
        0.9933643,
        0.0555139966,
        -0.100725479
      ],
      [
        0.105745561,
        -0.09647317,
        0.9897024
      ],
      [
        0.04522505,
        -0.9937863,
        -0.101703361
      ]
    ],
    "translation": [
      2.25608253,
      0.7506989,
      -0.58322084
    ]
  },
  {
    "timeStamp": 41291,
    "rotation": [
      [
        0.9921161,
        0.06568209,
        -0.106731012
      ],
      [
        0.112204842,
        -0.08622156,
        0.9899373
      ],
      [
        0.0558186136,
        -0.9941085,
        -0.0929116458
      ]
    ],
    "translation": [
      2.25824618,
      0.7482319,
      -0.5783065
    ]
  },
  {
    "timeStamp": 41346,
    "rotation": [
      [
        0.9923173,
        0.07469273,
        -0.09862748
      ],
      [
        0.10478092,
        -0.08351287,
        0.990982652
      ],
      [
        0.06578257,
        -0.9937035,
        -0.0906976461
      ]
    ],
    "translation": [
      2.25631,
      0.743416,
      -0.575297
    ]
  },
  {
    "timeStamp": 41391,
    "rotation": [
      [
        0.9929737,
        0.06962663,
        -0.0956840962
      ],
      [
        0.100918777,
        -0.07601012,
        0.9919868
      ],
      [
        0.0617957227,
        -0.994673133,
        -0.0825026855
      ]
    ],
    "translation": [
      2.25630426,
      0.7395485,
      -0.5745461
    ]
  },
  {
    "timeStamp": 41446,
    "rotation": [
      [
        0.9932853,
        0.0699460953,
        -0.09215159
      ],
      [
        0.09734158,
        -0.0748226,
        0.9924345
      ],
      [
        0.06252192,
        -0.9947407,
        -0.08112885
      ]
    ],
    "translation": [
      2.25682044,
      0.736034453,
      -0.572363853
    ]
  },
  {
    "timeStamp": 41491,
    "rotation": [
      [
        0.994341552,
        0.06556771,
        -0.08358117
      ],
      [
        0.08840358,
        -0.07446325,
        0.9932976
      ],
      [
        0.05890454,
        -0.9950659,
        -0.07983832
      ]
    ],
    "translation": [
      2.25611615,
      0.7339756,
      -0.5708457
    ]
  },
  {
    "timeStamp": 41547,
    "rotation": [
      [
        0.9933229,
        0.06832238,
        -0.0929602
      ],
      [
        0.09772563,
        -0.07007192,
        0.9927435
      ],
      [
        0.0613127127,
        -0.995199442,
        -0.0762809
      ]
    ],
    "translation": [
      2.25888157,
      0.7313981,
      -0.569494
    ]
  },
  {
    "timeStamp": 41591,
    "rotation": [
      [
        0.994339764,
        0.06393253,
        -0.08485919
      ],
      [
        0.08956699,
        -0.07477263,
        0.9931701
      ],
      [
        0.0571507327,
        -0.9951491,
        -0.08007565
      ]
    ],
    "translation": [
      2.25855255,
      0.7305094,
      -0.5669129
    ]
  },
  {
    "timeStamp": 41646,
    "rotation": [
      [
        0.9936827,
        0.0646444559,
        -0.0917375758
      ],
      [
        0.09638102,
        -0.07280192,
        0.992678463
      ],
      [
        0.05749247,
        -0.9952492,
        -0.0785725042
      ]
    ],
    "translation": [
      2.26060653,
      0.729461551,
      -0.565098047
    ]
  },
  {
    "timeStamp": 41691,
    "rotation": [
      [
        0.994106054,
        0.06056836,
        -0.08991507
      ],
      [
        0.0940591246,
        -0.06944815,
        0.9931414
      ],
      [
        0.0539085232,
        -0.995745242,
        -0.07473583
      ]
    ],
    "translation": [
      2.26105571,
      0.7288869,
      -0.5649411
    ]
  },
  {
    "timeStamp": 41746,
    "rotation": [
      [
        0.9946341,
        0.06322476,
        -0.08188819
      ],
      [
        0.08637379,
        -0.07181323,
        0.9936712
      ],
      [
        0.0569439568,
        -0.99541223,
        -0.07688885
      ]
    ],
    "translation": [
      2.25916648,
      0.728937149,
      -0.563123345
    ]
  },
  {
    "timeStamp": 41790,
    "rotation": [
      [
        0.9939316,
        0.06602027,
        -0.08798477
      ],
      [
        0.09242532,
        -0.06752403,
        0.993427455
      ],
      [
        0.059645284,
        -0.9955309,
        -0.0732162148
      ]
    ],
    "translation": [
      2.260804,
      0.7280884,
      -0.563319147
    ]
  },
  {
    "timeStamp": 41846,
    "rotation": [
      [
        0.9953247,
        0.0594065748,
        -0.07615601
      ],
      [
        0.08014744,
        -0.06797982,
        0.994462252
      ],
      [
        0.05390054,
        -0.9959165,
        -0.07242327
      ]
    ],
    "translation": [
      2.25986,
      0.727579832,
      -0.562632
    ]
  },
  {
    "timeStamp": 41890,
    "rotation": [
      [
        0.9951854,
        0.061971955,
        -0.075930886
      ],
      [
        0.07983934,
        -0.06323698,
        0.994799852
      ],
      [
        0.0568480454,
        -0.9960726,
        -0.06788032
      ]
    ],
    "translation": [
      2.25967765,
      0.7273193,
      -0.562989056
    ]
  },
  {
    "timeStamp": 41946,
    "rotation": [
      [
        0.9954475,
        0.0531853922,
        -0.079091765
      ],
      [
        0.08222996,
        -0.05966035,
        0.9948261
      ],
      [
        0.0481915958,
        -0.99680084,
        -0.06376218
      ]
    ],
    "translation": [
      2.26244068,
      0.7267003,
      -0.563451
    ]
  },
  {
    "timeStamp": 41991,
    "rotation": [
      [
        0.9957641,
        0.0531750843,
        -0.07500884
      ],
      [
        0.07841101,
        -0.06507688,
        0.9947948
      ],
      [
        0.04801693,
        -0.996462464,
        -0.06897073
      ]
    ],
    "translation": [
      2.26224232,
      0.7273612,
      -0.562213063
    ]
  },
  {
    "timeStamp": 42046,
    "rotation": [
      [
        0.9951012,
        0.0587418862,
        -0.07951722
      ],
      [
        0.0828125849,
        -0.0559718423,
        0.9949921
      ],
      [
        0.0539969876,
        -0.99670285,
        -0.060562212
      ]
    ],
    "translation": [
      2.26332283,
      0.7259412,
      -0.563989162
    ]
  },
  {
    "timeStamp": 42090,
    "rotation": [
      [
        0.99541235,
        0.0570786819,
        -0.07678695
      ],
      [
        0.08011791,
        -0.05855842,
        0.995063841
      ],
      [
        0.0523004159,
        -0.9966509,
        -0.0628628
      ]
    ],
    "translation": [
      2.262849,
      0.7256307,
      -0.563973367
    ]
  },
  {
    "timeStamp": 42146,
    "rotation": [
      [
        0.995580554,
        0.057448,
        -0.07429035
      ],
      [
        0.0775147155,
        -0.05609694,
        0.995411754
      ],
      [
        0.0530169345,
        -0.9967712,
        -0.0603020862
      ]
    ],
    "translation": [
      2.26251054,
      0.724663436,
      -0.564386845
    ]
  },
  {
    "timeStamp": 42190,
    "rotation": [
      [
        0.995715,
        0.058624465,
        -0.07151735
      ],
      [
        0.07478263,
        -0.0555362739,
        0.9956522
      ],
      [
        0.05439778,
        -0.996734142,
        -0.05968239
      ]
    ],
    "translation": [
      2.26173759,
      0.724206,
      -0.5648461
    ]
  },
  {
    "timeStamp": 42246,
    "rotation": [
      [
        0.996200144,
        0.05968881,
        -0.06342308
      ],
      [
        0.06693648,
        -0.0588280819,
        0.99602145
      ],
      [
        0.0557202622,
        -0.9964821,
        -0.0625999048
      ]
    ],
    "translation": [
      2.26057434,
      0.7242664,
      -0.5647339
    ]
  },
  {
    "timeStamp": 42290,
    "rotation": [
      [
        0.996194065,
        0.06005754,
        -0.06317019
      ],
      [
        0.0667002052,
        -0.05871125,
        0.9960442
      ],
      [
        0.05611117,
        -0.9964668,
        -0.06249365
      ]
    ],
    "translation": [
      2.25929236,
      0.7244835,
      -0.564553261
    ]
  }
]