[
  {
    "timeStamp": 185769,
    "rotation": [
      [
        -0.797439158,
        0.582236052,
        -0.158404663
      ],
      [
        0.58272934,
        0.811234355,
        0.04822273
      ],
      [
        0.1565803,
        -0.0538523421,
        -0.986196041
      ]
    ],
    "translation": [
      1.59683633,
      0.707010448,
      -0.558191
    ]
  },
  {
    "timeStamp": 185824,
    "rotation": [
      [
        -0.8048197,
        0.5703159,
        -0.164331973
      ],
      [
        0.574071467,
        0.818311453,
        0.02843027
      ],
      [
        0.150688976,
        -0.07145706,
        -0.985995233
      ]
    ],
    "translation": [
      1.59722245,
      0.7074387,
      -0.5574851
    ]
  },
  {
    "timeStamp": 185869,
    "rotation": [
      [
        -0.8034031,
        0.5747792,
        -0.155474231
      ],
      [
        0.578402638,
        0.815354049,
        0.02545827
      ],
      [
        0.141399428,
        -0.06947345,
        -0.9875118
      ]
    ],
    "translation": [
      1.59668112,
      0.7075516,
      -0.558552742
    ]
  },
  {
    "timeStamp": 185924,
    "rotation": [
      [
        -0.8031576,
        0.5741604,
        -0.158989534
      ],
      [
        0.5816109,
        0.813467,
        -0.00040704757
      ],
      [
        0.129099026,
        -0.0927969739,
        -0.9872802
      ]
    ],
    "translation": [
      1.59679949,
      0.7078635,
      -0.558698058
    ]
  },
  {
    "timeStamp": 185969,
    "rotation": [
      [
        -0.795334339,
        0.58212024,
        -0.169054165
      ],
      [
        0.5863182,
        0.809553862,
        0.0292138644
      ],
      [
        0.153864428,
        -0.07588474,
        -0.9851737
      ]
    ],
    "translation": [
      1.59930336,
      0.707667,
      -0.5620736
    ]
  },
  {
    "timeStamp": 186024,
    "rotation": [
      [
        -0.7944809,
        0.5799496,
        -0.18016234
      ],
      [
        0.581429958,
        0.812055767,
        0.0500463359
      ],
      [
        0.175326228,
        -0.06499092,
        -0.982362866
      ]
    ],
    "translation": [
      1.606413,
      0.7148232,
      -0.5659024
    ]
  },
  {
    "timeStamp": 186069,
    "rotation": [
      [
        -0.762477,
        0.608362854,
        -0.220280588
      ],
      [
        0.6133996,
        0.787990451,
        0.0530278422
      ],
      [
        0.205839172,
        -0.09468752,
        -0.9739941
      ]
    ],
    "translation": [
      1.61345136,
      0.730984569,
      -0.565344036
    ]
  },
  {
    "timeStamp": 186124,
    "rotation": [
      [
        -0.7080945,
        0.6491953,
        -0.277754724
      ],
      [
        0.6632289,
        0.746471643,
        0.0539220646
      ],
      [
        0.242341965,
        -0.146033049,
        -0.9591375
      ]
    ],
    "translation": [
      1.63208067,
      0.7615565,
      -0.5664017
    ]
  },
  {
    "timeStamp": 186169,
    "rotation": [
      [
        -0.6688535,
        0.668952048,
        -0.324250251
      ],
      [
        0.695373833,
        0.717220247,
        0.0452819578
      ],
      [
        0.262850285,
        -0.19518815,
        -0.944887
      ]
    ],
    "translation": [
      1.6550771,
      0.7915931,
      -0.5694915
    ]
  },
  {
    "timeStamp": 186224,
    "rotation": [
      [
        -0.612140238,
        0.688850164,
        -0.388290882
      ],
      [
        0.737687945,
        0.674319267,
        0.03331647
      ],
      [
        0.284782082,
        -0.266043156,
        -0.920934439
      ]
    ],
    "translation": [
      1.69602346,
      0.8341574,
      -0.576341152
    ]
  },
  {
    "timeStamp": 186269,
    "rotation": [
      [
        -0.5715633,
        0.687707663,
        -0.4476311
      ],
      [
        0.7633149,
        0.6457896,
        0.0174959954
      ],
      [
        0.301107645,
        -0.3316834,
        -0.8940472
      ]
    ],
    "translation": [
      1.73907828,
      0.8695568,
      -0.583829
    ]
  },
  {
    "timeStamp": 186324,
    "rotation": [
      [
        -0.519722342,
        0.6598419,
        -0.542676151
      ],
      [
        0.7852756,
        0.61914593,
        0.000761334
      ],
      [
        0.3364981,
        -0.425754666,
        -0.8399417
      ]
    ],
    "translation": [
      1.80567586,
      0.9114735,
      -0.5963681
    ]
  },
  {
    "timeStamp": 186369,
    "rotation": [
      [
        -0.482302785,
        0.6176922,
        -0.6211605
      ],
      [
        0.796100557,
        0.6049373,
        -0.0165761411
      ],
      [
        0.365524232,
        -0.502500951,
        -0.783508062
      ]
    ],
    "translation": [
      1.86506271,
      0.94107604,
      -0.610132158
    ]
  },
  {
    "timeStamp": 186424,
    "rotation": [
      [
        -0.456021637,
        0.5239993,
        -0.7193532
      ],
      [
        0.7921764,
        0.6073585,
        -0.0597678125
      ],
      [
        0.405587018,
        -0.5971101,
        -0.692068458
      ]
    ],
    "translation": [
      1.94281471,
      0.9696476,
      -0.633621752
    ]
  },
  {
    "timeStamp": 186469,
    "rotation": [
      [
        -0.435076535,
        0.4314538,
        -0.7902886
      ],
      [
        0.7763258,
        0.6243656,
        -0.08652055
      ],
      [
        0.456099451,
        -0.651164532,
        -0.6065956
      ]
    ],
    "translation": [
      2.00345588,
      0.9830776,
      -0.656674266
    ]
  },
  {
    "timeStamp": 186524,
    "rotation": [
      [
        -0.426425457,
        0.3158494,
        -0.8475851
      ],
      [
        0.7398942,
        0.6608193,
        -0.125993669
      ],
      [
        0.5203056,
        -0.6808502,
        -0.515485346
      ]
    ],
    "translation": [
      2.06886029,
      0.989414752,
      -0.689974368
    ]
  },
  {
    "timeStamp": 186569,
    "rotation": [
      [
        -0.398005843,
        0.245768964,
        -0.8838489
      ],
      [
        0.7211789,
        0.679295063,
        -0.135864586
      ],
      [
        0.567002952,
        -0.6914881,
        -0.447606832
      ]
    ],
    "translation": [
      2.11209917,
      0.9889989,
      -0.7166787
    ]
  },
  {
    "timeStamp": 186624,
    "rotation": [
      [
        -0.3406475,
        0.188094288,
        -0.9211839
      ],
      [
        0.7134211,
        0.689863741,
        -0.122956634
      ],
      [
        0.612363935,
        -0.6990769,
        -0.3691908
      ]
    ],
    "translation": [
      2.15220976,
      0.983815,
      -0.746134162
    ]
  },
  {
    "timeStamp": 186681,
    "rotation": [
      [
        -0.3119834,
        0.1465376,
        -0.9387188
      ],
      [
        0.693659365,
        0.7102947,
        -0.119658113
      ],
      [
        0.6492326,
        -0.688482463,
        -0.323247343
      ]
    ],
    "translation": [
      2.175495,
      0.975865245,
      -0.766441047
    ]
  },
  {
    "timeStamp": 186722,
    "rotation": [
      [
        -0.274548471,
        0.143627077,
        -0.950786233
      ],
      [
        0.69535625,
        0.7126036,
        -0.09314379
      ],
      [
        0.6641557,
        -0.6867076,
        -0.295516223
      ]
    ],
    "translation": [
      2.19144869,
      0.9674392,
      -0.784381747
    ]
  },
  {
    "timeStamp": 186777,
    "rotation": [
      [
        -0.255859733,
        0.161626264,
        -0.9531069
      ],
      [
        0.6990949,
        0.711887658,
        -0.06694999
      ],
      [
        0.667684138,
        -0.683442,
        -0.2951355
      ]
    ],
    "translation": [
      2.19824338,
      0.9576659,
      -0.795249641
    ]
  },
  {
    "timeStamp": 186822,
    "rotation": [
      [
        -0.266465843,
        0.165159553,
        -0.9495885
      ],
      [
        0.6934433,
        0.7171162,
        -0.06986222
      ],
      [
        0.6694269,
        -0.6771017,
        -0.305615723
      ]
    ],
    "translation": [
      2.202682,
      0.9494416,
      -0.8007021
    ]
  },
  {
    "timeStamp": 186878,
    "rotation": [
      [
        -0.2507232,
        0.179846853,
        -0.9512061
      ],
      [
        0.697296143,
        0.71513474,
        -0.0485842228
      ],
      [
        0.671502769,
        -0.6754535,
        -0.3047074
      ]
    ],
    "translation": [
      2.20697451,
      0.939344764,
      -0.8022738
    ]
  },
  {
    "timeStamp": 186922,
    "rotation": [
      [
        -0.240440309,
        0.1885031,
        -0.9521843
      ],
      [
        0.7071487,
        0.705999553,
        -0.0387991369
      ],
      [
        0.664927959,
        -0.682664752,
        -0.303050458
      ]
    ],
    "translation": [
      2.20922041,
      0.9327992,
      -0.799797058
    ]
  },
  {
    "timeStamp": 186978,
    "rotation": [
      [
        -0.255294949,
        0.188629,
        -0.948284566
      ],
      [
        0.7139782,
        0.6981328,
        -0.05334574
      ],
      [
        0.651966,
        -0.6906734,
        -0.312906772
      ]
    ],
    "translation": [
      2.20909715,
      0.9271056,
      -0.7924451
    ]
  },
  {
    "timeStamp": 187022,
    "rotation": [
      [
        -0.230133548,
        0.194679812,
        -0.953487456
      ],
      [
        0.7296222,
        0.6828662,
        -0.0366762
      ],
      [
        0.643964231,
        -0.70412606,
        -0.299193144
      ]
    ],
    "translation": [
      2.20797,
      0.9230131,
      -0.7854767
    ]
  },
  {
    "timeStamp": 187078,
    "rotation": [
      [
        -0.197220668,
        0.211260885,
        -0.9573259
      ],
      [
        0.737449646,
        0.675395966,
        -0.0028783977
      ],
      [
        0.645965934,
        -0.7065474,
        -0.2889963
      ]
    ],
    "translation": [
      2.204444,
      0.9144055,
      -0.777121961
    ]
  },
  {
    "timeStamp": 187123,
    "rotation": [
      [
        -0.170084387,
        0.2203325,
        -0.9604816
      ],
      [
        0.7440458,
        0.6677848,
        0.02143106
      ],
      [
        0.646117,
        -0.710997164,
        -0.277517259
      ]
    ],
    "translation": [
      2.201782,
      0.906482458,
      -0.770534635
    ]
  },
  {
    "timeStamp": 187168,
    "rotation": [
      [
        -0.145419911,
        0.229610011,
        -0.9623577
      ],
      [
        0.7464132,
        0.6639176,
        0.045615878
      ],
      [
        0.649400055,
        -0.711683,
        -0.267930776
      ]
    ],
    "translation": [
      2.19777417,
      0.8996619,
      -0.765224934
    ]
  },
  {
    "timeStamp": 187223,
    "rotation": [
      [
        -0.153421968,
        0.246849179,
        -0.9568318
      ],
      [
        0.752571,
        0.6567042,
        0.0487504452
      ],
      [
        0.6403895,
        -0.712604463,
        -0.286524355
      ]
    ],
    "translation": [
      2.18909812,
      0.8949955,
      -0.7581349
    ]
  },
  {
    "timeStamp": 187268,
    "rotation": [
      [
        -0.159955323,
        0.252212,
        -0.954360247
      ],
      [
        0.748310566,
        0.661506653,
        0.04939816
      ],
      [
        0.64377445,
        -0.70625633,
        -0.294544429
      ]
    ],
    "translation": [
      2.18398166,
      0.8898258,
      -0.753931
    ]
  },
  {
    "timeStamp": 187324,
    "rotation": [
      [
        -0.165146977,
        0.2560114,
        -0.952462435
      ],
      [
        0.7434961,
        0.666844,
        0.0503258854
      ],
      [
        0.648027837,
        -0.6998409,
        -0.3004707
      ]
    ],
    "translation": [
      2.17957067,
      0.8835056,
      -0.7506835
    ]
  },
  {
    "timeStamp": 187368,
    "rotation": [
      [
        -0.161242187,
        0.250195622,
        -0.9546743
      ],
      [
        0.7302335,
        0.6809697,
        0.0551299974
      ],
      [
        0.6638976,
        -0.6882459,
        -0.292502284
      ]
    ],
    "translation": [
      2.17827344,
      0.8766912,
      -0.7500875
    ]
  },
  {
    "timeStamp": 187424,
    "rotation": [
      [
        -0.162540227,
        0.25580582,
        -0.9529659
      ],
      [
        0.726595461,
        0.684458137,
        0.0598000363
      ],
      [
        0.6675625,
        -0.6827008,
        -0.297119349
      ]
    ],
    "translation": [
      2.17678142,
      0.8705443,
      -0.748149335
    ]
  },
  {
    "timeStamp": 187468,
    "rotation": [
      [
        -0.154373586,
        0.246143341,
        -0.9568606
      ],
      [
        0.724413455,
        0.686767757,
        0.05979242
      ],
      [
        0.671858549,
        -0.683932364,
        -0.284328371
      ]
    ],
    "translation": [
      2.17833185,
      0.8667994,
      -0.7476594
    ]
  },
  {
    "timeStamp": 187524,
    "rotation": [
      [
        -0.168510035,
        0.239899769,
        -0.9560609
      ],
      [
        0.7197463,
        0.6926482,
        0.04694435
      ],
      [
        0.6734758,
        -0.6802107,
        -0.28938514
      ]
    ],
    "translation": [
      2.179394,
      0.8642299,
      -0.7479202
    ]
  },
  {
    "timeStamp": 187568,
    "rotation": [
      [
        -0.154542953,
        0.245647371,
        -0.956960738
      ],
      [
        0.7186576,
        0.69261837,
        0.06173337
      ],
      [
        0.6779733,
        -0.6781867,
        -0.283575624
      ]
    ],
    "translation": [
      2.17893934,
      0.862126768,
      -0.7477554
    ]
  },
  {
    "timeStamp": 187623,
    "rotation": [
      [
        -0.1554628,
        0.235346988,
        -0.959397256
      ],
      [
        0.7220982,
        0.6898179,
        0.0522069149
      ],
      [
        0.6740961,
        -0.6846627,
        -0.277184635
      ]
    ],
    "translation": [
      2.180721,
      0.8620485,
      -0.7463068
    ]
  },
  {
    "timeStamp": 187668,
    "rotation": [
      [
        -0.150546789,
        0.24048239,
        -0.958907664
      ],
      [
        0.7220448,
        0.6892827,
        0.0595039725
      ],
      [
        0.6752681,
        -0.6834162,
        -0.277408332
      ]
    ],
    "translation": [
      2.18048477,
      0.861455739,
      -0.7455631
    ]
  },
  {
    "timeStamp": 187723,
    "rotation": [
      [
        -0.150174513,
        0.242597476,
        -0.958433151
      ],
      [
        0.719592035,
        0.6915963,
        0.0623049475
      ],
      [
        0.6779638,
        -0.6803242,
        -0.278431356
      ]
    ],
    "translation": [
      2.17997479,
      0.8602765,
      -0.7440641
    ]
  },
  {
    "timeStamp": 187779,
    "rotation": [
      [
        -0.155934438,
        0.2424874,
        -0.957540751
      ],
      [
        0.715776563,
        0.69577837,
        0.0596353449
      ],
      [
        0.680696964,
        -0.676086,
        -0.2820626
      ]
    ],
    "translation": [
      2.17894,
      0.859459,
      -0.7434184
    ]
  },
  {
    "timeStamp": 187823,
    "rotation": [
      [
        -0.155552715,
        0.242851615,
        -0.957510531
      ],
      [
        0.7128884,
        0.6985872,
        0.0613688044
      ],
      [
        0.683808,
        -0.6730521,
        -0.281793237
      ]
    ],
    "translation": [
      2.1783185,
      0.858181834,
      -0.742910743
    ]
  },
  {
    "timeStamp": 187868,
    "rotation": [
      [
        -0.156519,
        0.244756684,
        -0.9568678
      ],
      [
        0.7080973,
        0.7032044,
        0.0640457347
      ],
      [
        0.6885492,
        -0.667531133,
        -0.2833764
      ]
    ],
    "translation": [
      2.17793059,
      0.8567079,
      -0.743082941
    ]
  },
  {
    "timeStamp": 187923,
    "rotation": [
      [
        -0.143914819,
        0.240504876,
        -0.9599198
      ],
      [
        0.710916042,
        0.699905932,
        0.06877598
      ],
      [
        0.6883945,
        -0.672524452,
        -0.2717056
      ]
    ],
    "translation": [
      2.178841,
      0.8563405,
      -0.742649853
    ]
  },
  {
    "timeStamp": 187979,
    "rotation": [
      [
        -0.147436664,
        0.247145534,
        -0.9576959
      ],
      [
        0.70371604,
        0.706615567,
        0.0740144551
      ],
      [
        0.6950152,
        -0.663033545,
        -0.278101325
      ]
    ],
    "translation": [
      2.17741728,
      0.8545043,
      -0.743726969
    ]
  }
]