[
  {
    "timeStamp": 102840,
    "rotation": [
      [
        -0.9735205,
        0.03804846,
        -0.225411072
      ],
      [
        0.007028597,
        0.990567148,
        0.136848077
      ],
      [
        0.228491649,
        0.131640092,
        -0.964604855
      ]
    ],
    "translation": [
      1.76490045,
      0.7354399,
      -0.7270419
    ]
  },
  {
    "timeStamp": 102896,
    "rotation": [
      [
        -0.971563935,
        0.0400167927,
        -0.233371511
      ],
      [
        0.00932675,
        0.991318,
        0.131154969
      ],
      [
        0.236593783,
        0.125248834,
        -0.963502
      ]
    ],
    "translation": [
      1.76477659,
      0.7384944,
      -0.7267504
    ]
  },
  {
    "timeStamp": 102940,
    "rotation": [
      [
        -0.971603751,
        0.0393080674,
        -0.233325928
      ],
      [
        0.0102411052,
        0.99216634,
        0.124503292
      ],
      [
        0.236392111,
        0.118578352,
        -0.964395165
      ]
    ],
    "translation": [
      1.76476908,
      0.7383476,
      -0.726999044
    ]
  },
  {
    "timeStamp": 102998,
    "rotation": [
      [
        -0.9711621,
        0.0362654,
        -0.235646129
      ],
      [
        0.009320568,
        0.9933834,
        0.114466809
      ],
      [
        0.238238126,
        0.108969472,
        -0.965074241
      ]
    ],
    "translation": [
      1.7646029,
      0.737914741,
      -0.7272308
    ]
  },
  {
    "timeStamp": 103042,
    "rotation": [
      [
        -0.9708041,
        0.0346298255,
        -0.23736082
      ],
      [
        0.007289126,
        0.993326068,
        0.115109123
      ],
      [
        0.2397629,
        0.110018253,
        -0.9645775
      ]
    ],
    "translation": [
      1.76448643,
      0.737801552,
      -0.7271156
    ]
  },
  {
    "timeStamp": 103091,
    "rotation": [
      [
        -0.970425069,
        0.0351910368,
        -0.2388239
      ],
      [
        0.00661538029,
        0.992822647,
        0.1194132
      ],
      [
        0.241312057,
        0.114301652,
        -0.9636927
      ]
    ],
    "translation": [
      1.76447463,
      0.7378235,
      -0.7268583
    ]
  },
  {
    "timeStamp": 103146,
    "rotation": [
      [
        -0.9702443,
        0.0332429744,
        -0.239835322
      ],
      [
        0.00434972951,
        0.9927634,
        0.1200078
      ],
      [
        0.242089152,
        0.115393661,
        -0.9633676
      ]
    ],
    "translation": [
      1.76435971,
      0.7377343,
      -0.72679466
    ]
  },
  {
    "timeStamp": 103191,
    "rotation": [
      [
        -0.9638758,
        0.0409622565,
        -0.263183564
      ],
      [
        0.00456400542,
        0.990498543,
        0.137447476
      ],
      [
        0.2663131,
        0.131281123,
        -0.9549045
      ]
    ],
    "translation": [
      1.76404619,
      0.7381352,
      -0.7244362
    ]
  },
  {
    "timeStamp": 103246,
    "rotation": [
      [
        -0.9589563,
        0.03570533,
        -0.281296849
      ],
      [
        0.012131393,
        0.9962982,
        0.0851047
      ],
      [
        0.2832942,
        0.07819916,
        -0.9558396
      ]
    ],
    "translation": [
      1.76361525,
      0.73750037,
      -0.716637433
    ]
  },
  {
    "timeStamp": 103290,
    "rotation": [
      [
        -0.9548576,
        0.0337783881,
        -0.2951373
      ],
      [
        0.01453248,
        0.9976362,
        0.06716229
      ],
      [
        0.296708256,
        0.059841346,
        -0.9530914
      ]
    ],
    "translation": [
      1.76357937,
      0.7425177,
      -0.710098565
    ]
  },
  {
    "timeStamp": 103346,
    "rotation": [
      [
        -0.9491049,
        0.0449477471,
        -0.3117364
      ],
      [
        0.0292353611,
        0.998064,
        0.0548967
      ],
      [
        0.313600332,
        0.0429890044,
        -0.9485815
      ]
    ],
    "translation": [
      1.7638315,
      0.7505748,
      -0.7043627
    ]
  },
  {
    "timeStamp": 103390,
    "rotation": [
      [
        -0.9391841,
        0.0476235673,
        -0.3400959
      ],
      [
        0.0350846462,
        0.998462,
        0.0429272465
      ],
      [
        0.341617167,
        0.0283844434,
        -0.9394105
      ]
    ],
    "translation": [
      1.76450479,
      0.755486369,
      -0.6974671
    ]
  },
  {
    "timeStamp": 103446,
    "rotation": [
      [
        -0.9314208,
        0.0544398651,
        -0.359849483
      ],
      [
        0.04274616,
        0.9982696,
        0.0403807648
      ],
      [
        0.3614251,
        0.0222293,
        -0.9321361
      ]
    ],
    "translation": [
      1.76495755,
      0.761675537,
      -0.693847656
    ]
  },
  {
    "timeStamp": 103492,
    "rotation": [
      [
        -0.9309605,
        0.05070772,
        -0.361581653
      ],
      [
        0.0455642045,
        0.998702466,
        0.022742996
      ],
      [
        0.362265736,
        0.004697649,
        -0.932063
      ]
    ],
    "translation": [
      1.76487088,
      0.766082048,
      -0.69313246
    ]
  },
  {
    "timeStamp": 103549,
    "rotation": [
      [
        -0.924605668,
        0.04890839,
        -0.3777729
      ],
      [
        0.04993378,
        0.998727441,
        0.00708651962
      ],
      [
        0.377638727,
        -0.0123113915,
        -0.9258712
      ]
    ],
    "translation": [
      1.76628184,
      0.774360657,
      -0.6908252
    ]
  },
  {
    "timeStamp": 103594,
    "rotation": [
      [
        -0.9129116,
        0.06035311,
        -0.403670728
      ],
      [
        0.06835868,
        0.997646034,
        -0.005436101
      ],
      [
        0.402392417,
        -0.0325570777,
        -0.9148882
      ]
    ],
    "translation": [
      1.76812446,
      0.787050843,
      -0.6870169
    ]
  },
  {
    "timeStamp": 103640,
    "rotation": [
      [
        -0.8847623,
        0.08016152,
        -0.459096819
      ],
      [
        0.09223636,
        0.995729566,
        -0.003894739
      ],
      [
        0.456824064,
        -0.04579134,
        -0.8883777
      ]
    ],
    "translation": [
      1.77302241,
      0.804241538,
      -0.678851
    ]
  },
  {
    "timeStamp": 103695,
    "rotation": [
      [
        -0.8338841,
        0.128213242,
        -0.536841333
      ],
      [
        0.14388296,
        0.9895115,
        0.0128283
      ],
      [
        0.532855451,
        -0.06654501,
        -0.84358567
      ]
    ],
    "translation": [
      1.78333569,
      0.8335607,
      -0.665303
    ]
  },
  {
    "timeStamp": 103740,
    "rotation": [
      [
        -0.7880051,
        0.150695845,
        -0.5969412
      ],
      [
        0.1787771,
        0.983812,
        0.0123615135
      ],
      [
        0.589140654,
        -0.09697847,
        -0.8021898
      ]
    ],
    "translation": [
      1.79665887,
      0.8600153,
      -0.6539929
    ]
  },
  {
    "timeStamp": 103795,
    "rotation": [
      [
        -0.6959701,
        0.205062687,
        -0.68816787
      ],
      [
        0.244616568,
        0.9687408,
        0.041278854
      ],
      [
        0.675121069,
        -0.139608413,
        -0.7243764
      ]
    ],
    "translation": [
      1.82009947,
      0.900224149,
      -0.6378272
    ]
  },
  {
    "timeStamp": 103840,
    "rotation": [
      [
        -0.622098148,
        0.228430614,
        -0.748874664
      ],
      [
        0.2894069,
        0.9558386,
        0.05114785
      ],
      [
        0.7274871,
        -0.1849105,
        -0.660734832
      ]
    ],
    "translation": [
      1.84455669,
      0.9314686,
      -0.6263524
    ]
  },
  {
    "timeStamp": 103896,
    "rotation": [
      [
        -0.5202578,
        0.22994782,
        -0.822469354
      ],
      [
        0.328890055,
        0.9427342,
        0.0555304028
      ],
      [
        0.788139045,
        -0.241611853,
        -0.5660924
      ]
    ],
    "translation": [
      1.88465559,
      0.965842247,
      -0.612628
    ]
  },
  {
    "timeStamp": 103940,
    "rotation": [
      [
        -0.422461033,
        0.2340136,
        -0.8756508
      ],
      [
        0.361516118,
        0.929426968,
        0.07397023
      ],
      [
        0.8311635,
        -0.285312325,
        -0.477246374
      ]
    ],
    "translation": [
      1.92211366,
      0.990300655,
      -0.6037397
    ]
  },
  {
    "timeStamp": 103996,
    "rotation": [
      [
        -0.323911041,
        0.1886643,
        -0.927085459
      ],
      [
        0.367413,
        0.9280881,
        0.0604992434
      ],
      [
        0.871831059,
        -0.3210269,
        -0.3699357
      ]
    ],
    "translation": [
      1.968917,
      1.0073173,
      -0.598472953
    ]
  },
  {
    "timeStamp": 104040,
    "rotation": [
      [
        -0.2449041,
        0.146354154,
        -0.9584375
      ],
      [
        0.358828753,
        0.9320291,
        0.0506321
      ],
      [
        0.9007019,
        -0.331514925,
        -0.280773848
      ]
    ],
    "translation": [
      2.00660658,
      1.01254284,
      -0.598130465
    ]
  },
  {
    "timeStamp": 104091,
    "rotation": [
      [
        -0.171511739,
        0.118327804,
        -0.978050232
      ],
      [
        0.359001815,
        0.9320072,
        0.049802497
      ],
      [
        0.917442858,
        -0.34258008,
        -0.202330068
      ]
    ],
    "translation": [
      2.04053545,
      1.0155046,
      -0.60158366
    ]
  },
  {
    "timeStamp": 104146,
    "rotation": [
      [
        -0.0641546249,
        0.07689422,
        -0.9949731
      ],
      [
        0.3338383,
        0.941238,
        0.0512159467
      ],
      [
        0.940444648,
        -0.328874379,
        -0.08605501
      ]
    ],
    "translation": [
      2.089626,
      1.01006722,
      -0.6099874
    ]
  },
  {
    "timeStamp": 104190,
    "rotation": [
      [
        0.0348489061,
        0.09296,
        -0.9950598
      ],
      [
        0.309968174,
        0.9455585,
        0.09919119
      ],
      [
        0.950108051,
        -0.311893582,
        0.00413703965
      ]
    ],
    "translation": [
      2.1209054,
      1.00196886,
      -0.6151203
    ]
  },
  {
    "timeStamp": 104246,
    "rotation": [
      [
        0.09239369,
        0.0605372824,
        -0.99388057
      ],
      [
        0.2808032,
        0.9560527,
        0.08433737
      ],
      [
        0.9553078,
        -0.2868771,
        0.07133417
      ]
    ],
    "translation": [
      2.15054369,
      0.9901976,
      -0.6225458
    ]
  },
  {
    "timeStamp": 104290,
    "rotation": [
      [
        0.10221263,
        0.0415366627,
        -0.993895
      ],
      [
        0.247894436,
        0.9665439,
        0.0658872
      ],
      [
        0.9633799,
        -0.253115565,
        0.08849629
      ]
    ],
    "translation": [
      2.16402555,
      0.979028642,
      -0.6291893
    ]
  },
  {
    "timeStamp": 104345,
    "rotation": [
      [
        0.07233157,
        0.0269536469,
        -0.9970164
      ],
      [
        0.232759,
        0.971576631,
        0.0431521051
      ],
      [
        0.969840944,
        -0.2351858,
        0.0640019551
      ]
    ],
    "translation": [
      2.17196417,
      0.970089555,
      -0.6357945
    ]
  },
  {
    "timeStamp": 104390,
    "rotation": [
      [
        -0.017163245,
        -0.0150479227,
        -0.999739468
      ],
      [
        0.198606655,
        0.979911,
        -0.0181590915
      ],
      [
        0.979929,
        -0.198866576,
        -0.0138298357
      ]
    ],
    "translation": [
      2.17068315,
      0.9612943,
      -0.6407439
    ]
  },
  {
    "timeStamp": 104445,
    "rotation": [
      [
        -0.136517212,
        -0.07799331,
        -0.9875627
      ],
      [
        0.126501173,
        0.987362146,
        -0.09546455
      ],
      [
        0.9825276,
        -0.137960389,
        -0.124925673
      ]
    ],
    "translation": [
      2.17091584,
      0.9430509,
      -0.6499197
    ]
  },
  {
    "timeStamp": 104490,
    "rotation": [
      [
        -0.22466363,
        -0.07402409,
        -0.9716206
      ],
      [
        0.07886838,
        0.992457747,
        -0.0938479751
      ],
      [
        0.9712395,
        -0.09771438,
        -0.217130974
      ]
    ],
    "translation": [
      2.16878867,
      0.9295642,
      -0.6579676
    ]
  },
  {
    "timeStamp": 104545,
    "rotation": [
      [
        -0.307006836,
        -0.131428614,
        -0.942588568
      ],
      [
        -0.0399069041,
        0.991325259,
        -0.125226229
      ],
      [
        0.9508702,
        -0.0008295166,
        -0.309588552
      ]
    ],
    "translation": [
      2.17493439,
      0.902423739,
      -0.6708606
    ]
  },
  {
    "timeStamp": 104591,
    "rotation": [
      [
        -0.434285939,
        -0.135168359,
        -0.8905758
      ],
      [
        -0.0807378,
        0.9905389,
        -0.1109689
      ],
      [
        0.8971495,
        0.0237108953,
        -0.441090316
      ]
    ],
    "translation": [
      2.16499472,
      0.890063167,
      -0.682716846
    ]
  },
  {
    "timeStamp": 104648,
    "rotation": [
      [
        -0.5829689,
        -0.227019936,
        -0.7801341
      ],
      [
        -0.1943798,
        0.971258044,
        -0.137383521
      ],
      [
        0.7889003,
        0.07155199,
        -0.61034137
      ]
    ],
    "translation": [
      2.155567,
      0.8653858,
      -0.704580545
    ]
  },
  {
    "timeStamp": 104694,
    "rotation": [
      [
        -0.6771243,
        -0.268009454,
        -0.685327351
      ],
      [
        -0.269973755,
        0.9568533,
        -0.107452177
      ],
      [
        0.684555948,
        0.112261929,
        -0.720264137
      ]
    ],
    "translation": [
      2.1468575,
      0.8507966,
      -0.7199362
    ]
  },
  {
    "timeStamp": 104739,
    "rotation": [
      [
        -0.715078533,
        -0.235439688,
        -0.6582027
      ],
      [
        -0.333530337,
        0.942401052,
        0.0252532978
      ],
      [
        0.6143453,
        0.237588674,
        -0.7524171
      ]
    ],
    "translation": [
      2.140857,
      0.837539256,
      -0.7286571
    ]
  },
  {
    "timeStamp": 104795,
    "rotation": [
      [
        -0.7661082,
        -0.2639127,
        -0.586027563
      ],
      [
        -0.451646447,
        0.8697818,
        0.198733926
      ],
      [
        0.4572677,
        0.416928947,
        -0.78554213
      ]
    ],
    "translation": [
      2.13544178,
      0.821526468,
      -0.7507726
    ]
  },
  {
    "timeStamp": 104840,
    "rotation": [
      [
        -0.8000667,
        -0.272516727,
        -0.53444165
      ],
      [
        -0.491004169,
        0.8093198,
        0.322360545
      ],
      [
        0.344685584,
        0.520323038,
        -0.7813167
      ]
    ],
    "translation": [
      2.13038754,
      0.813037932,
      -0.7647706
    ]
  },
  {
    "timeStamp": 104895,
    "rotation": [
      [
        -0.818349838,
        -0.283253223,
        -0.5000711
      ],
      [
        -0.500669,
        0.778595448,
        0.378311634
      ],
      [
        0.2821951,
        0.5599614,
        -0.7789796
      ]
    ],
    "translation": [
      2.12673259,
      0.8094061,
      -0.772074461
    ]
  },
  {
    "timeStamp": 104940,
    "rotation": [
      [
        -0.7893755,
        -0.35642457,
        -0.4998477
      ],
      [
        -0.5703715,
        0.72695154,
        0.38238427
      ],
      [
        0.227073923,
        0.5869437,
        -0.777132154
      ]
    ],
    "translation": [
      2.12992573,
      0.8002646,
      -0.7787797
    ]
  },
  {
    "timeStamp": 104995,
    "rotation": [
      [
        -0.6995843,
        -0.465452224,
        -0.542158663
      ],
      [
        -0.689274669,
        0.6396011,
        0.340309918
      ],
      [
        0.188367277,
        0.6117717,
        -0.7682794
      ]
    ],
    "translation": [
      2.1424067,
      0.78678304,
      -0.782332659
    ]
  },
  {
    "timeStamp": 105039,
    "rotation": [
      [
        -0.7130944,
        -0.5253334,
        -0.4642426
      ],
      [
        -0.6941904,
        0.6216308,
        0.3628703
      ],
      [
        0.09795961,
        0.5810335,
        -0.807962835
      ]
    ],
    "translation": [
      2.14901471,
      0.785090446,
      -0.791798353
    ]
  },
  {
    "timeStamp": 105095,
    "rotation": [
      [
        -0.8222954,
        -0.454881817,
        -0.341925025
      ],
      [
        -0.539036155,
        0.8152191,
        0.211796761
      ],
      [
        0.1824013,
        0.358469456,
        -0.9155487
      ]
    ],
    "translation": [
      2.13577986,
      0.783986032,
      -0.770653248
    ]
  },
  {
    "timeStamp": 105139,
    "rotation": [
      [
        -0.9273057,
        -0.316282958,
        -0.200173065
      ],
      [
        -0.3241353,
        0.945985854,
        0.00686050439
      ],
      [
        0.187191024,
        0.07124494,
        -0.9797365
      ]
    ],
    "translation": [
      2.1146307,
      0.793211043,
      -0.748467743
    ]
  },
  {
    "timeStamp": 105195,
    "rotation": [
      [
        -0.951230943,
        -0.2680612,
        -0.152652964
      ],
      [
        -0.265880078,
        0.963373661,
        -0.0349139422
      ],
      [
        0.156420916,
        0.00737616466,
        -0.9876629
      ]
    ],
    "translation": [
      2.10333133,
      0.7964561,
      -0.739718
    ]
  },
  {
    "timeStamp": 105239,
    "rotation": [
      [
        -0.9569411,
        -0.258139759,
        -0.132768735
      ],
      [
        -0.2552127,
        0.966101766,
        -0.0389080271
      ],
      [
        0.138311833,
        -0.003348426,
        -0.9903831
      ]
    ],
    "translation": [
      2.09794235,
      0.79647547,
      -0.7378114
    ]
  },
  {
    "timeStamp": 105292,
    "rotation": [
      [
        -0.963121,
        -0.2572961,
        -0.07871849
      ],
      [
        -0.2541977,
        0.965994835,
        -0.0473025255
      ],
      [
        0.08821241,
        -0.025548,
        -0.995774
      ]
    ],
    "translation": [
      2.09287429,
      0.7943334,
      -0.74033463
    ]
  },
  {
    "timeStamp": 105348,
    "rotation": [
      [
        -0.9650216,
        -0.25899443,
        -0.0406849869
      ],
      [
        -0.25753,
        0.96552515,
        -0.0379411355
      ],
      [
        0.04910892,
        -0.0261364114,
        -0.9984514
      ]
    ],
    "translation": [
      2.08985639,
      0.7893846,
      -0.745124
    ]
  },
  {
    "timeStamp": 105392,
    "rotation": [
      [
        -0.9614424,
        -0.274735272,
        -0.0122100394
      ],
      [
        -0.274414152,
        0.961338043,
        -0.0229380727
      ],
      [
        0.0180398729,
        -0.0187030286,
        -0.99966234
      ]
    ],
    "translation": [
      2.09283423,
      0.782413,
      -0.7496069
    ]
  },
  {
    "timeStamp": 105447,
    "rotation": [
      [
        -0.9593463,
        -0.282231629,
        -0.0001762749
      ],
      [
        -0.282224327,
        0.9593257,
        -0.00661275769
      ],
      [
        0.00203543436,
        -0.00629417552,
        -0.9999781
      ]
    ],
    "translation": [
      2.09521317,
      0.7767638,
      -0.751787663
    ]
  },
  {
    "timeStamp": 105492,
    "rotation": [
      [
        -0.958078,
        -0.286440283,
        0.00620769057
      ],
      [
        -0.286402225,
        0.958088458,
        0.006352207
      ],
      [
        -0.00776704447,
        0.00430801371,
        -0.9999606
      ]
    ],
    "translation": [
      2.09584975,
      0.7728971,
      -0.754101634
    ]
  },
  {
    "timeStamp": 105547,
    "rotation": [
      [
        -0.95426625,
        -0.2982995,
        0.0198334772
      ],
      [
        -0.297558218,
        0.954117954,
        0.03343609
      ],
      [
        -0.0288974456,
        0.0260053165,
        -0.999244034
      ]
    ],
    "translation": [
      2.09663534,
      0.768191457,
      -0.76004684
    ]
  },
  {
    "timeStamp": 105592,
    "rotation": [
      [
        -0.952512562,
        -0.303030044,
        0.0298763458
      ],
      [
        -0.302203983,
        0.9527957,
        0.029208146
      ],
      [
        -0.0373169966,
        0.0187923759,
        -0.999126732
      ]
    ],
    "translation": [
      2.09613371,
      0.7647141,
      -0.7608902
    ]
  },
  {
    "timeStamp": 105649,
    "rotation": [
      [
        -0.9517796,
        -0.304562,
        0.0368458964
      ],
      [
        -0.3024473,
        0.951657057,
        0.0536135174
      ],
      [
        -0.0513933,
        0.03988431,
        -0.9978817
      ]
    ],
    "translation": [
      2.09501648,
      0.7620787,
      -0.7644549
    ]
  },
  {
    "timeStamp": 105694,
    "rotation": [
      [
        -0.954101741,
        -0.297604352,
        0.03349004
      ],
      [
        -0.2957861,
        0.953930259,
        0.0502763577
      ],
      [
        -0.0469096228,
        0.03806287,
        -0.9981737
      ]
    ],
    "translation": [
      2.09253216,
      0.7609629,
      -0.763217151
    ]
  },
  {
    "timeStamp": 105739,
    "rotation": [
      [
        -0.95759654,
        -0.2867682,
        0.02780105
      ],
      [
        -0.2845679,
        0.9564912,
        0.06438692
      ],
      [
        -0.0450555831,
        0.0537454039,
        -0.9975377
      ]
    ],
    "translation": [
      2.08964634,
      0.761193633,
      -0.76463604
    ]
  },
  {
    "timeStamp": 105794,
    "rotation": [
      [
        -0.955234766,
        -0.294764966,
        0.0252997614
      ],
      [
        -0.292091,
        0.95323354,
        0.07764367
      ],
      [
        -0.047003217,
        0.0667781,
        -0.996660054
      ]
    ],
    "translation": [
      2.09006143,
      0.757972956,
      -0.766641855
    ]
  },
  {
    "timeStamp": 105839,
    "rotation": [
      [
        -0.9567623,
        -0.2901401,
        0.0206040051
      ],
      [
        -0.28732565,
        0.953752935,
        0.0883131251
      ],
      [
        -0.04527431,
        0.07857461,
        -0.9958796
      ]
    ],
    "translation": [
      2.089814,
      0.756917,
      -0.7685562
    ]
  },
  {
    "timeStamp": 105894,
    "rotation": [
      [
        -0.9575891,
        -0.287735134,
        0.0152219636
      ],
      [
        -0.2848748,
        0.953351438,
        0.0998369455
      ],
      [
        -0.0432384759,
        0.091266416,
        -0.9948874
      ]
    ],
    "translation": [
      2.0898726,
      0.7554035,
      -0.7700145
    ]
  },
  {
    "timeStamp": 105939,
    "rotation": [
      [
        -0.9583001,
        -0.285729855,
        0.00439361157
      ],
      [
        -0.283450276,
        0.9523823,
        0.112355731
      ],
      [
        -0.03628779,
        0.106425144,
        -0.9936583
      ]
    ],
    "translation": [
      2.08946252,
      0.7541933,
      -0.771418631
    ]
  },
  {
    "timeStamp": 105994,
    "rotation": [
      [
        -0.959830344,
        -0.2805668,
        0.00282348925
      ],
      [
        -0.278446764,
        0.95372,
        0.113515086
      ],
      [
        -0.0345413834,
        0.108169034,
        -0.99353224
      ]
    ],
    "translation": [
      2.08894968,
      0.752933562,
      -0.7726193
    ]
  },
  {
    "timeStamp": 106039,
    "rotation": [
      [
        -0.963448644,
        -0.267695159,
        -0.0102944057
      ],
      [
        -0.267101377,
        0.956939936,
        0.11367853
      ],
      [
        -0.0205800645,
        0.112273075,
        -0.993464231
      ]
    ],
    "translation": [
      2.08715439,
      0.7530836,
      -0.771862
    ]
  },
  {
    "timeStamp": 106094,
    "rotation": [
      [
        -0.9653988,
        -0.26044935,
        -0.0130917476
      ],
      [
        -0.2603365,
        0.9596278,
        0.106486522
      ],
      [
        -0.0151711414,
        0.106210217,
        -0.994227946
      ]
    ],
    "translation": [
      2.08577156,
      0.752924,
      -0.7724182
    ]
  },
  {
    "timeStamp": 106139,
    "rotation": [
      [
        -0.966912746,
        -0.254970968,
        -0.00833830051
      ],
      [
        -0.254564881,
        0.962211251,
        0.0966761038
      ],
      [
        -0.0166263916,
        0.0955999941,
        -0.995281
      ]
    ],
    "translation": [
      2.085629,
      0.752820134,
      -0.7726485
    ]
  },
  {
    "timeStamp": 106194,
    "rotation": [
      [
        -0.969115436,
        -0.246143714,
        -0.0151181649
      ],
      [
        -0.2465027,
        0.9650936,
        0.08849171
      ],
      [
        -0.007191234,
        0.08948535,
        -0.9959622
      ]
    ],
    "translation": [
      2.08537126,
      0.7526755,
      -0.772615
    ]
  },
  {
    "timeStamp": 106240,
    "rotation": [
      [
        -0.972040653,
        -0.234101683,
        -0.0182561055
      ],
      [
        -0.234809026,
        0.9695027,
        0.07020779
      ],
      [
        0.00126358413,
        0.07253153,
        -0.9973653
      ]
    ],
    "translation": [
      2.085378,
      0.7524637,
      -0.772935033
    ]
  },
  {
    "timeStamp": 106294,
    "rotation": [
      [
        -0.9750678,
        -0.2207844,
        -0.02229433
      ],
      [
        -0.221662134,
        0.973783,
        0.0511126071
      ],
      [
        0.0104249753,
        0.054780066,
        -0.998443961
      ]
    ],
    "translation": [
      2.08546,
      0.7522447,
      -0.7733591
    ]
  },
  {
    "timeStamp": 106339,
    "rotation": [
      [
        -0.9782404,
        -0.204798073,
        -0.0332183428
      ],
      [
        -0.206103683,
        0.977615356,
        0.0423022062
      ],
      [
        0.0238113515,
        0.04822815,
        -0.998552442
      ]
    ],
    "translation": [
      2.085262,
      0.7523122,
      -0.7731617
    ]
  }
]