[
  {
    "timeStamp": 29633,
    "rotation": [
      [
        0.9999977,
        -0.00201999536,
        0.0007905828
      ],
      [
        -0.00079640327,
        -0.00288224849,
        0.9999955
      ],
      [
        -0.0020177078,
        -0.9999938,
        -0.0028838506
      ]
    ],
    "translation": [
      1.77021182,
      0.7016926,
      -0.749938548
    ]
  },
  {
    "timeStamp": 29689,
    "rotation": [
      [
        0.999918163,
        -0.00414336147,
        0.0121083027
      ],
      [
        -0.0121856174,
        -0.0191732757,
        0.9997419
      ],
      [
        -0.00391013362,
        -0.999807656,
        -0.0192221943
      ]
    ],
    "translation": [
      1.76996064,
      0.70405066,
      -0.748407662
    ]
  },
  {
    "timeStamp": 29733,
    "rotation": [
      [
        0.9993445,
        0.0009528385,
        0.03618961
      ],
      [
        -0.03616779,
        -0.0172653738,
        0.9991966
      ],
      [
        0.00157689012,
        -0.9998505,
        -0.0172195937
      ]
    ],
    "translation": [
      1.76807261,
      0.70800066,
      -0.74954164
    ]
  },
  {
    "timeStamp": 29788,
    "rotation": [
      [
        0.995916843,
        -0.00194610318,
        0.09025405
      ],
      [
        -0.0902697,
        -0.0323344171,
        0.9953923
      ],
      [
        0.0009811731,
        -0.9994752,
        -0.0323780663
      ]
    ],
    "translation": [
      1.76394534,
      0.718660235,
      -0.7483275
    ]
  },
  {
    "timeStamp": 29833,
    "rotation": [
      [
        0.989394367,
        -0.00431231037,
        0.14519009
      ],
      [
        -0.1452182,
        -0.0515999347,
        0.9880532
      ],
      [
        0.00323100551,
        -0.998658538,
        -0.05167891
      ]
    ],
    "translation": [
      1.7610482,
      0.732997954,
      -0.746005952
    ]
  },
  {
    "timeStamp": 29888,
    "rotation": [
      [
        0.98138,
        -0.00623493176,
        0.1919752
      ],
      [
        -0.191837028,
        -0.08170253,
        0.9780201
      ],
      [
        0.009586968,
        -0.9966373,
        -0.08137732
      ]
    ],
    "translation": [
      1.763334,
      0.753482044,
      -0.742655
    ]
  },
  {
    "timeStamp": 29933,
    "rotation": [
      [
        0.9582892,
        -0.00609488273,
        0.285735339
      ],
      [
        -0.285032868,
        -0.09360001,
        0.953936756
      ],
      [
        0.0209306888,
        -0.9955912,
        -0.09143312
      ]
    ],
    "translation": [
      1.76504958,
      0.777315438,
      -0.7422361
    ]
  },
  {
    "timeStamp": 29989,
    "rotation": [
      [
        0.9299375,
        -0.0210896712,
        0.367112279
      ],
      [
        -0.366654575,
        -0.129037157,
        0.9213652
      ],
      [
        0.0279398374,
        -0.991415441,
        -0.127729118
      ]
    ],
    "translation": [
      1.78168571,
      0.8141936,
      -0.74046284
    ]
  },
  {
    "timeStamp": 30033,
    "rotation": [
      [
        0.9033523,
        -0.0404391065,
        0.4269886
      ],
      [
        -0.42699787,
        -0.1784336,
        0.88647294
      ],
      [
        0.0403409265,
        -0.983120561,
        -0.178455815
      ]
    ],
    "translation": [
      1.80430973,
      0.85109365,
      -0.7380987
    ]
  },
  {
    "timeStamp": 30088,
    "rotation": [
      [
        0.8889304,
        -0.119894281,
        0.44207257
      ],
      [
        -0.4579278,
        -0.254206419,
        0.8518692
      ],
      [
        0.0102434633,
        -0.9596898,
        -0.280874729
      ]
    ],
    "translation": [
      1.85400379,
      0.8975079,
      -0.7315931
    ]
  },
  {
    "timeStamp": 30133,
    "rotation": [
      [
        0.8746675,
        -0.196414873,
        0.443145454
      ],
      [
        -0.484492183,
        -0.3260276,
        0.8117717
      ],
      [
        -0.0149663789,
        -0.924730837,
        -0.380327225
      ]
    ],
    "translation": [
      1.90080035,
      0.93798095,
      -0.7269541
    ]
  },
  {
    "timeStamp": 30188,
    "rotation": [
      [
        0.8696095,
        -0.3081131,
        0.385805279
      ],
      [
        -0.486462,
        -0.400998116,
        0.776244342
      ],
      [
        -0.08446387,
        -0.862709045,
        -0.498597056
      ]
    ],
    "translation": [
      1.96776664,
      0.977171361,
      -0.724220037
    ]
  },
  {
    "timeStamp": 30233,
    "rotation": [
      [
        0.854859769,
        -0.389946073,
        0.342281759
      ],
      [
        -0.4993389,
        -0.439052075,
        0.74692297
      ],
      [
        -0.140980139,
        -0.809429049,
        -0.5700432
      ]
    ],
    "translation": [
      2.01829457,
      0.9995406,
      -0.7240275
    ]
  },
  {
    "timeStamp": 30288,
    "rotation": [
      [
        0.86012423,
        -0.4272033,
        0.278717935
      ],
      [
        -0.463800818,
        -0.427571654,
        0.7759325
      ],
      [
        -0.212309018,
        -0.796667933,
        -0.565902
      ]
    ],
    "translation": [
      2.0659976,
      0.997378,
      -0.721762538
    ]
  },
  {
    "timeStamp": 30333,
    "rotation": [
      [
        0.8425347,
        -0.477081239,
        0.2500573
      ],
      [
        -0.4679203,
        -0.418312341,
        0.778502047
      ],
      [
        -0.2668067,
        -0.7729219,
        -0.575678647
      ]
    ],
    "translation": [
      2.09921765,
      0.9920065,
      -0.7142641
    ]
  },
  {
    "timeStamp": 30388,
    "rotation": [
      [
        0.858082056,
        -0.480101377,
        0.182202473
      ],
      [
        -0.387031734,
        -0.371459424,
        0.8439338
      ],
      [
        -0.337492943,
        -0.7946826,
        -0.5045572
      ]
    ],
    "translation": [
      2.12992525,
      0.9632969,
      -0.699909866
    ]
  },
  {
    "timeStamp": 30433,
    "rotation": [
      [
        0.8402611,
        -0.4685048,
        0.272882044
      ],
      [
        -0.438433647,
        -0.2910496,
        0.8503329
      ],
      [
        -0.3189628,
        -0.8341423,
        -0.4499659
      ]
    ],
    "translation": [
      2.131849,
      0.9447955,
      -0.6865401
    ]
  },
  {
    "timeStamp": 30483,
    "rotation": [
      [
        0.8717466,
        -0.453766525,
        0.184807435
      ],
      [
        -0.331026763,
        -0.267386019,
        0.9049453
      ],
      [
        -0.361219,
        -0.8500592,
        -0.3833017
      ]
    ],
    "translation": [
      2.15456724,
      0.9189332,
      -0.6732158
    ]
  },
  {
    "timeStamp": 30538,
    "rotation": [
      [
        0.8808848,
        -0.428556263,
        0.200951651
      ],
      [
        -0.312729537,
        -0.20825921,
        0.9267299
      ],
      [
        -0.35530588,
        -0.8791858,
        -0.317474574
      ]
    ],
    "translation": [
      2.16204023,
      0.8995033,
      -0.660717964
    ]
  },
  {
    "timeStamp": 30583,
    "rotation": [
      [
        0.896338046,
        -0.406674773,
        0.176617637
      ],
      [
        -0.265898854,
        -0.174295872,
        0.948113263
      ],
      [
        -0.354790032,
        -0.8967924,
        -0.264362365
      ]
    ],
    "translation": [
      2.16541839,
      0.8830542,
      -0.652918
    ]
  },
  {
    "timeStamp": 30639,
    "rotation": [
      [
        0.924996853,
        -0.364083022,
        0.108739495
      ],
      [
        -0.171201825,
        -0.143855214,
        0.9746772
      ],
      [
        -0.3392207,
        -0.920189738,
        -0.195397317
      ]
    ],
    "translation": [
      2.1709528,
      0.861077368,
      -0.6461476
    ]
  },
  {
    "timeStamp": 30683,
    "rotation": [
      [
        0.935766935,
        -0.3281053,
        0.129178792
      ],
      [
        -0.162931934,
        -0.07743499,
        0.983593941
      ],
      [
        -0.312719434,
        -0.941462,
        -0.125919938
      ]
    ],
    "translation": [
      2.1611712,
      0.8421053,
      -0.644277036
    ]
  },
  {
    "timeStamp": 30738,
    "rotation": [
      [
        0.958401263,
        -0.278366238,
        0.0630812943
      ],
      [
        -0.08173506,
        -0.0559110828,
        0.9950846
      ],
      [
        -0.273471,
        -0.9588463,
        -0.07633753
      ]
    ],
    "translation": [
      2.159723,
      0.8264185,
      -0.638682067
    ]
  },
  {
    "timeStamp": 30783,
    "rotation": [
      [
        0.97108835,
        -0.223800287,
        0.08307144
      ],
      [
        -0.0873772651,
        -0.009387813,
        0.996131063
      ],
      [
        -0.222154558,
        -0.9745898,
        -0.02867145
      ]
    ],
    "translation": [
      2.14603,
      0.816119,
      -0.6357146
    ]
  },
  {
    "timeStamp": 30840,
    "rotation": [
      [
        0.984285235,
        -0.168025047,
        0.05431611
      ],
      [
        -0.0515566,
        0.0207455456,
        0.9984546
      ],
      [
        -0.16889219,
        -0.9855645,
        0.011756734
      ]
    ],
    "translation": [
      2.13629436,
      0.8036056,
      -0.6314086
    ]
  },
  {
    "timeStamp": 30885,
    "rotation": [
      [
        0.9962024,
        -0.08308218,
        0.02603992
      ],
      [
        -0.0249588378,
        0.0140245678,
        0.9995901
      ],
      [
        -0.08341332,
        -0.996444,
        0.0118976738
      ]
    ],
    "translation": [
      2.122904,
      0.7978018,
      -0.6265112
    ]
  },
  {
    "timeStamp": 30930,
    "rotation": [
      [
        0.9972416,
        -0.0570457876,
        0.04748605
      ],
      [
        -0.04411892,
        0.05890125,
        0.9972884
      ],
      [
        -0.05968809,
        -0.9966325,
        0.0562219769
      ]
    ],
    "translation": [
      2.11280942,
      0.788391352,
      -0.6271217
    ]
  },
  {
    "timeStamp": 30987,
    "rotation": [
      [
        0.999934852,
        0.0102110123,
        -0.00510971434
      ],
      [
        0.00477703568,
        0.0323433727,
        0.9994654
      ],
      [
        0.010370817,
        -0.9994247,
        0.0322924852
      ]
    ],
    "translation": [
      2.10799146,
      0.7852268,
      -0.620109856
    ]
  },
  {
    "timeStamp": 31032,
    "rotation": [
      [
        0.9997501,
        0.0217123013,
        0.005325114
      ],
      [
        -0.00646367762,
        0.05271034,
        0.9985889
      ],
      [
        0.0214009732,
        -0.9983738,
        0.0528375059
      ]
    ],
    "translation": [
      2.10543442,
      0.7789639,
      -0.6188673
    ]
  },
  {
    "timeStamp": 31088,
    "rotation": [
      [
        0.999266148,
        0.03528169,
        -0.0149118658
      ],
      [
        0.01336667,
        0.0436336547,
        0.9989582
      ],
      [
        0.0358955972,
        -0.9984244,
        0.0431300364
      ]
    ],
    "translation": [
      2.10749984,
      0.774212241,
      -0.6157083
    ]
  },
  {
    "timeStamp": 31132,
    "rotation": [
      [
        0.998999059,
        0.04470492,
        0.00150178513
      ],
      [
        -0.004186081,
        0.06001186,
        0.9981889
      ],
      [
        0.0445338339,
        -0.9971961,
        0.0601389334
      ]
    ],
    "translation": [
      2.104974,
      0.7682711,
      -0.6174167
    ]
  },
  {
    "timeStamp": 31188,
    "rotation": [
      [
        0.998714268,
        0.0506369248,
        0.00240790565
      ],
      [
        -0.00634313049,
        0.07769818,
        0.996956766
      ],
      [
        0.0502957366,
        -0.9956902,
        0.0779194757
      ]
    ],
    "translation": [
      2.10320616,
      0.76112175,
      -0.6223692
    ]
  },
  {
    "timeStamp": 31232,
    "rotation": [
      [
        0.9974174,
        0.0710071847,
        -0.010793875
      ],
      [
        0.006371189,
        0.0622191653,
        0.998042166
      ],
      [
        0.07153975,
        -0.995533347,
        0.06160608
      ]
    ],
    "translation": [
      2.10099339,
      0.76145184,
      -0.622284234
    ]
  },
  {
    "timeStamp": 31288,
    "rotation": [
      [
        0.997447968,
        0.07023218,
        0.0128401825
      ],
      [
        -0.01782466,
        0.0708118,
        0.9973304
      ],
      [
        0.06913546,
        -0.995014131,
        0.0718829557
      ]
    ],
    "translation": [
      2.09562087,
      0.76071924,
      -0.625628769
    ]
  },
  {
    "timeStamp": 31332,
    "rotation": [
      [
        0.9965626,
        0.08038713,
        0.0200187583
      ],
      [
        -0.0241793487,
        0.0511215329,
        0.9983997
      ],
      [
        0.0792350844,
        -0.9954518,
        0.05288952
      ]
    ],
    "translation": [
      2.091473,
      0.763639569,
      -0.6242487
    ]
  },
  {
    "timeStamp": 31387,
    "rotation": [
      [
        0.9949865,
        0.0968638957,
        0.0248847287
      ],
      [
        -0.0294411033,
        0.0458973274,
        0.9985122
      ],
      [
        0.09557763,
        -0.9942388,
        0.048519
      ]
    ],
    "translation": [
      2.08676338,
      0.7639342,
      -0.6240188
    ]
  },
  {
    "timeStamp": 31432,
    "rotation": [
      [
        0.9946289,
        0.0998708,
        0.027187977
      ],
      [
        -0.0307135936,
        0.0339352936,
        0.998952
      ],
      [
        0.0988434851,
        -0.994421542,
        0.0368204154
      ]
    ],
    "translation": [
      2.08507085,
      0.764015734,
      -0.621850669
    ]
  },
  {
    "timeStamp": 31487,
    "rotation": [
      [
        0.993184,
        0.11525961,
        0.0173456687
      ],
      [
        -0.0201481339,
        0.0231939182,
        0.999527931
      ],
      [
        0.114802882,
        -0.9930646,
        0.0253580939
      ]
    ],
    "translation": [
      2.08381534,
      0.7623452,
      -0.61938864
    ]
  }
]