[
  {
    "timeStamp": 18560,
    "rotation": [
      [
        0.999169469,
        -0.0387886241,
        -0.01248593
      ],
      [
        0.01275045,
        0.00657965755,
        0.999897063
      ],
      [
        -0.03870248,
        -0.9992258,
        0.00706876535
      ]
    ],
    "translation": [
      1.14656627,
      0.704915166,
      -0.7500896
    ]
  },
  {
    "timeStamp": 18615,
    "rotation": [
      [
        0.9981383,
        -0.0599902533,
        -0.0110015115
      ],
      [
        0.0113950437,
        0.00622177357,
        0.9999157
      ],
      [
        -0.05991675,
        -0.998179555,
        0.006893782
      ]
    ],
    "translation": [
      1.14602244,
      0.704615831,
      -0.7500897
    ]
  },
  {
    "timeStamp": 18660,
    "rotation": [
      [
        0.998014033,
        -0.0599434525,
        -0.0193588827
      ],
      [
        0.0194869116,
        0.00155194919,
        0.9998089
      ],
      [
        -0.0599019527,
        -0.9982006,
        0.00271698
      ]
    ],
    "translation": [
      1.14600348,
      0.7043717,
      -0.750062048
    ]
  },
  {
    "timeStamp": 18715,
    "rotation": [
      [
        0.998084843,
        -0.0583541766,
        -0.020531496
      ],
      [
        0.0207100883,
        0.002457279,
        0.9997825
      ],
      [
        -0.0582910329,
        -0.998293,
        0.00366109284
      ]
    ],
    "translation": [
      1.14602351,
      0.704447031,
      -0.7500971
    ]
  },
  {
    "timeStamp": 18760,
    "rotation": [
      [
        0.9981852,
        -0.0529515147,
        -0.028679315
      ],
      [
        0.0288861282,
        0.003144361,
        0.999577761
      ],
      [
        -0.05283898,
        -0.998592138,
        0.004668219
      ]
    ],
    "translation": [
      1.14613283,
      0.70502615,
      -0.750061154
    ]
  },
  {
    "timeStamp": 18815,
    "rotation": [
      [
        0.999537766,
        -0.0304015055,
        -0.00012807129
      ],
      [
        -0.00076882256,
        -0.0294881035,
        0.9995648
      ],
      [
        -0.0303920526,
        -0.9991027,
        -0.029497847
      ]
    ],
    "translation": [
      1.14301348,
      0.7140046,
      -0.746790767
    ]
  },
  {
    "timeStamp": 18860,
    "rotation": [
      [
        0.998872459,
        -0.0283655226,
        0.03806937
      ],
      [
        -0.0388992466,
        -0.02930266,
        0.9988134
      ],
      [
        -0.0272163227,
        -0.999168038,
        -0.0303730164
      ]
    ],
    "translation": [
      1.13931251,
      0.7275632,
      -0.7483895
    ]
  },
  {
    "timeStamp": 18915,
    "rotation": [
      [
        0.9938802,
        -0.009847471,
        0.110023394
      ],
      [
        -0.110292122,
        -0.0330506526,
        0.993349552
      ],
      [
        -0.00614564447,
        -0.999405146,
        -0.0339344852
      ]
    ],
    "translation": [
      1.134952,
      0.7524257,
      -0.753902137
    ]
  },
  {
    "timeStamp": 18960,
    "rotation": [
      [
        0.9894555,
        -0.0133240828,
        0.144223079
      ],
      [
        -0.1447569,
        -0.05781144,
        0.987776935
      ],
      [
        -0.004823477,
        -0.9982386,
        -0.0591306
      ]
    ],
    "translation": [
      1.1349436,
      0.7732887,
      -0.754576147
    ]
  },
  {
    "timeStamp": 19015,
    "rotation": [
      [
        0.977366149,
        0.0009488116,
        0.211552426
      ],
      [
        -0.211065948,
        -0.06355064,
        0.9754037
      ],
      [
        0.0143697811,
        -0.997978151,
        -0.06191199
      ]
    ],
    "translation": [
      1.13892615,
      0.8023818,
      -0.7607232
    ]
  },
  {
    "timeStamp": 19060,
    "rotation": [
      [
        0.966498733,
        0.0026456418,
        0.25665766
      ],
      [
        -0.2555552,
        -0.08323049,
        0.963205159
      ],
      [
        0.02391005,
        -0.9965268,
        -0.07976605
      ]
    ],
    "translation": [
      1.146935,
      0.828154147,
      -0.764694035
    ]
  },
  {
    "timeStamp": 19115,
    "rotation": [
      [
        0.942436457,
        0.00102009031,
        0.3343837
      ],
      [
        -0.331869751,
        -0.119575091,
        0.9357159
      ],
      [
        0.04093847,
        -0.9928246,
        -0.112353384
      ]
    ],
    "translation": [
      1.16562462,
      0.862799466,
      -0.771428645
    ]
  },
  {
    "timeStamp": 19160,
    "rotation": [
      [
        0.9234451,
        -0.032090418,
        0.382386357
      ],
      [
        -0.381544858,
        -0.182992145,
        0.906056
      ],
      [
        0.04089796,
        -0.9825905,
        -0.181227133
      ]
    ],
    "translation": [
      1.18759131,
      0.891982,
      -0.7709154
    ]
  },
  {
    "timeStamp": 19215,
    "rotation": [
      [
        0.9025138,
        -0.07121889,
        0.424731374
      ],
      [
        -0.427529544,
        -0.266879559,
        0.863709331
      ],
      [
        0.0518396869,
        -0.9610948,
        -0.271310657
      ]
    ],
    "translation": [
      1.22220767,
      0.9209919,
      -0.773041368
    ]
  },
  {
    "timeStamp": 19260,
    "rotation": [
      [
        0.8893047,
        -0.123106733,
        0.4404338
      ],
      [
        -0.455442935,
        -0.325473666,
        0.8286366
      ],
      [
        0.04133887,
        -0.937502861,
        -0.345513374
      ]
    ],
    "translation": [
      1.25644076,
      0.9432942,
      -0.7699935
    ]
  },
  {
    "timeStamp": 19315,
    "rotation": [
      [
        0.874245167,
        -0.176289573,
        0.452346534
      ],
      [
        -0.485109657,
        -0.3538275,
        0.7996716
      ],
      [
        0.0190789141,
        -0.918546736,
        -0.394851744
      ]
    ],
    "translation": [
      1.30277717,
      0.963435352,
      -0.7716377
    ]
  },
  {
    "timeStamp": 19360,
    "rotation": [
      [
        0.860931933,
        -0.241497651,
        0.44774434
      ],
      [
        -0.508024156,
        -0.362117082,
        0.78152585
      ],
      [
        -0.0266007632,
        -0.900305569,
        -0.4344448
      ]
    ],
    "translation": [
      1.34548974,
      0.9788511,
      -0.7704751
    ]
  },
  {
    "timeStamp": 19415,
    "rotation": [
      [
        0.847958267,
        -0.2971044,
        0.4389713
      ],
      [
        -0.5229868,
        -0.3340752,
        0.7841419
      ],
      [
        -0.08632257,
        -0.8944958,
        -0.4386635
      ]
    ],
    "translation": [
      1.400011,
      0.9924735,
      -0.7758146
    ]
  },
  {
    "timeStamp": 19460,
    "rotation": [
      [
        0.8212925,
        -0.357950479,
        0.444241047
      ],
      [
        -0.553476751,
        -0.311077952,
        0.772589147
      ],
      [
        -0.138355047,
        -0.8803988,
        -0.453603238
      ]
    ],
    "translation": [
      1.44727731,
      1.00695527,
      -0.7811191
    ]
  },
  {
    "timeStamp": 19515,
    "rotation": [
      [
        0.801768,
        -0.415864438,
        0.429214239
      ],
      [
        -0.5616006,
        -0.278659016,
        0.779072464
      ],
      [
        -0.2043841,
        -0.865682364,
        -0.456969619
      ]
    ],
    "translation": [
      1.5079639,
      1.02147412,
      -0.7928703
    ]
  },
  {
    "timeStamp": 19560,
    "rotation": [
      [
        0.776828468,
        -0.466392279,
        0.4231026
      ],
      [
        -0.5777946,
        -0.260761678,
        0.773405969
      ],
      [
        -0.250381649,
        -0.845270157,
        -0.472046047
      ]
    ],
    "translation": [
      1.55776179,
      1.03500342,
      -0.804730535
    ]
  },
  {
    "timeStamp": 19615,
    "rotation": [
      [
        0.756623149,
        -0.5217767,
        0.3940439
      ],
      [
        -0.584545732,
        -0.269767046,
        0.7652007
      ],
      [
        -0.292963833,
        -0.8093052,
        -0.5091143
      ]
    ],
    "translation": [
      1.62044418,
      1.05211484,
      -0.823485732
    ]
  },
  {
    "timeStamp": 19660,
    "rotation": [
      [
        0.738395333,
        -0.5592669,
        0.376819372
      ],
      [
        -0.587176263,
        -0.2583833,
        0.767112851
      ],
      [
        -0.331657,
        -0.787691951,
        -0.519177258
      ]
    ],
    "translation": [
      1.66946471,
      1.06323314,
      -0.8386617
    ]
  },
  {
    "timeStamp": 19715,
    "rotation": [
      [
        0.716086149,
        -0.602908552,
        0.3517413
      ],
      [
        -0.5889091,
        -0.251327127,
        0.7681281
      ],
      [
        -0.374708861,
        -0.7571896,
        -0.5350302
      ]
    ],
    "translation": [
      1.72736239,
      1.075792,
      -0.856464863
    ]
  },
  {
    "timeStamp": 19760,
    "rotation": [
      [
        0.7111887,
        -0.624477,
        0.322860837
      ],
      [
        -0.578265548,
        -0.2584896,
        0.7738166
      ],
      [
        -0.3997745,
        -0.7370289,
        -0.5449484
      ]
    ],
    "translation": [
      1.77206922,
      1.08194864,
      -0.867202044
    ]
  },
  {
    "timeStamp": 19815,
    "rotation": [
      [
        0.676208556,
        -0.695684552,
        0.242414773
      ],
      [
        -0.5628154,
        -0.2755016,
        0.77931875
      ],
      [
        -0.475374371,
        -0.663416743,
        -0.57783854
      ]
    ],
    "translation": [
      1.8311466,
      1.08782029,
      -0.8708308
    ]
  },
  {
    "timeStamp": 19860,
    "rotation": [
      [
        0.6782713,
        -0.6995655,
        0.224847138
      ],
      [
        -0.545313954,
        -0.274111569,
        0.7921462
      ],
      [
        -0.492524922,
        -0.6599023,
        -0.5674048
      ]
    ],
    "translation": [
      1.86908734,
      1.08906925,
      -0.874135137
    ]
  },
  {
    "timeStamp": 19915,
    "rotation": [
      [
        0.651560366,
        -0.7265235,
        0.218249053
      ],
      [
        -0.5415145,
        -0.243962914,
        0.8045148
      ],
      [
        -0.5312543,
        -0.642375,
        -0.5523796
      ]
    ],
    "translation": [
      1.91207516,
      1.09026873,
      -0.868941247
    ]
  },
  {
    "timeStamp": 19960,
    "rotation": [
      [
        0.645818233,
        -0.738732457,
        0.192855328
      ],
      [
        -0.5121544,
        -0.231836125,
        0.8270126
      ],
      [
        -0.566230237,
        -0.6328715,
        -0.5280691
      ]
    ],
    "translation": [
      1.94554329,
      1.0848484,
      -0.860893667
    ]
  },
  {
    "timeStamp": 20015,
    "rotation": [
      [
        0.6352637,
        -0.748634756,
        0.189700216
      ],
      [
        -0.492751479,
        -0.203764558,
        0.845976353
      ],
      [
        -0.5946731,
        -0.6308931,
        -0.4983351
      ]
    ],
    "translation": [
      1.98025215,
      1.0788157,
      -0.846430361
    ]
  },
  {
    "timeStamp": 20060,
    "rotation": [
      [
        0.6075725,
        -0.776792169,
        0.16567941
      ],
      [
        -0.464416623,
        -0.178220153,
        0.8674992
      ],
      [
        -0.644339144,
        -0.6040129,
        -0.469036847
      ]
    ],
    "translation": [
      2.0119884,
      1.0685879,
      -0.8321856
    ]
  },
  {
    "timeStamp": 20115,
    "rotation": [
      [
        0.5833912,
        -0.7986972,
        0.147436649
      ],
      [
        -0.444982,
        -0.162457034,
        0.8806808
      ],
      [
        -0.679445148,
        -0.5793881,
        -0.450181872
      ]
    ],
    "translation": [
      2.04545522,
      1.059013,
      -0.8122129
    ]
  },
  {
    "timeStamp": 20160,
    "rotation": [
      [
        0.562006235,
        -0.8172612,
        0.127409011
      ],
      [
        -0.412390321,
        -0.143333644,
        0.8996609
      ],
      [
        -0.716995955,
        -0.558157265,
        -0.417585
      ]
    ],
    "translation": [
      2.07102132,
      1.04659784,
      -0.7967506
    ]
  },
  {
    "timeStamp": 20215,
    "rotation": [
      [
        0.5410885,
        -0.834784746,
        0.101772428
      ],
      [
        -0.36514768,
        -0.124198675,
        0.9226277
      ],
      [
        -0.7575555,
        -0.536385238,
        -0.372022182
      ]
    ],
    "translation": [
      2.09791684,
      1.02971828,
      -0.7747648
    ]
  },
  {
    "timeStamp": 20260,
    "rotation": [
      [
        0.516944766,
        -0.8537308,
        0.06254483
      ],
      [
        -0.325430244,
        -0.128421232,
        0.9368048
      ],
      [
        -0.791747,
        -0.504630268,
        -0.3442165
      ]
    ],
    "translation": [
      2.12180829,
      1.014992,
      -0.757919669
    ]
  },
  {
    "timeStamp": 20310,
    "rotation": [
      [
        0.514129043,
        -0.8546688,
        0.0721982941
      ],
      [
        -0.277884126,
        -0.08634254,
        0.9567264
      ],
      [
        -0.811450362,
        -0.5119436,
        -0.2818901
      ]
    ],
    "translation": [
      2.13434219,
      0.998380661,
      -0.742004335
    ]
  },
  {
    "timeStamp": 20365,
    "rotation": [
      [
        0.511434138,
        -0.859000444,
        0.0235246513
      ],
      [
        -0.201670364,
        -0.09336984,
        0.9749929
      ],
      [
        -0.8353228,
        -0.5033888,
        -0.220987454
      ]
    ],
    "translation": [
      2.15796256,
      0.9729154,
      -0.714119434
    ]
  },
  {
    "timeStamp": 20410,
    "rotation": [
      [
        0.5082458,
        -0.8611792,
        0.0075231716
      ],
      [
        -0.138057336,
        -0.07284908,
        0.9877415
      ],
      [
        -0.850074351,
        -0.5030541,
        -0.155917346
      ]
    ],
    "translation": [
      2.17056775,
      0.9482796,
      -0.699839056
    ]
  },
  {
    "timeStamp": 20465,
    "rotation": [
      [
        0.495981753,
        -0.8671921,
        0.0444978476
      ],
      [
        -0.103948459,
        -0.008419511,
        0.994547069
      ],
      [
        -0.8620887,
        -0.497902662,
        -0.0943192
      ]
    ],
    "translation": [
      2.180002,
      0.918421447,
      -0.678806365
    ]
  },
  {
    "timeStamp": 20510,
    "rotation": [
      [
        0.494619638,
        -0.8681085,
        0.0417012535
      ],
      [
        -0.0458857976,
        0.0218306389,
        0.9987081
      ],
      [
        -0.8678974,
        -0.495894134,
        -0.02903599
      ]
    ],
    "translation": [
      2.189306,
      0.895635843,
      -0.6643541
    ]
  },
  {
    "timeStamp": 20565,
    "rotation": [
      [
        0.4934993,
        -0.8696953,
        0.009404692
      ],
      [
        -0.00779107865,
        0.00639226427,
        0.9999492
      ],
      [
        -0.8697112,
        -0.493547529,
        -0.00362128648
      ]
    ],
    "translation": [
      2.203447,
      0.8762815,
      -0.643747449
    ]
  },
  {
    "timeStamp": 20610,
    "rotation": [
      [
        0.489624053,
        -0.8716802,
        0.0210226178
      ],
      [
        0.00526318233,
        0.0270645227,
        0.999619842
      ],
      [
        -0.8719177,
        -0.489327252,
        0.0178392529
      ]
    ],
    "translation": [
      2.21034384,
      0.862427235,
      -0.630401134
    ]
  },
  {
    "timeStamp": 20665,
    "rotation": [
      [
        0.480130732,
        -0.877188,
        0.00395967
      ],
      [
        0.0141026089,
        0.0122323558,
        0.9998257
      ],
      [
        -0.8770836,
        -0.479991227,
        0.01824377
      ]
    ],
    "translation": [
      2.221932,
      0.8518303,
      -0.6134398
    ]
  },
  {
    "timeStamp": 20710,
    "rotation": [
      [
        0.477054119,
        -0.8788343,
        -0.008338756
      ],
      [
        0.0273634475,
        0.005368853,
        0.999611139
      ],
      [
        -0.878447831,
        -0.4770968,
        0.0266091712
      ]
    ],
    "translation": [
      2.227981,
      0.844286,
      -0.602875769
    ]
  },
  {
    "timeStamp": 20767,
    "rotation": [
      [
        0.4724359,
        -0.8813387,
        0.00681119459
      ],
      [
        0.0362942219,
        0.0271755718,
        0.9989716
      ],
      [
        -0.88061744,
        -0.4717028,
        0.04482622
      ]
    ],
    "translation": [
      2.2322948,
      0.836458445,
      -0.592146635
    ]
  },
  {
    "timeStamp": 20813,
    "rotation": [
      [
        0.468662053,
        -0.883290768,
        -0.0123816943
      ],
      [
        0.0557576641,
        0.0155900829,
        0.9983226
      ],
      [
        -0.8816161,
        -0.4685663,
        0.0565567128
      ]
    ],
    "translation": [
      2.235177,
      0.830961168,
      -0.5853496
    ]
  },
  {
    "timeStamp": 20870,
    "rotation": [
      [
        0.465575457,
        -0.884998858,
        0.00408400875
      ],
      [
        0.0513757728,
        0.03163379,
        0.998178244
      ],
      [
        -0.8835158,
        -0.464517474,
        0.0601954125
      ]
    ],
    "translation": [
      2.23655868,
      0.828234136,
      -0.577652037
    ]
  },
  {
    "timeStamp": 20915,
    "rotation": [
      [
        0.4662329,
        -0.8846616,
        -0.0009228614
      ],
      [
        0.05068425,
        0.0256700348,
        0.9983848
      ],
      [
        -0.883209,
        -0.465526581,
        0.05680662
      ]
    ],
    "translation": [
      2.237125,
      0.8269491,
      -0.5716818
    ]
  },
  {
    "timeStamp": 20959,
    "rotation": [
      [
        0.461594433,
        -0.887031257,
        -0.0103012733
      ],
      [
        0.05113321,
        0.0150120649,
        0.998579
      ],
      [
        -0.8856162,
        -0.46146524,
        0.0522862449
      ]
    ],
    "translation": [
      2.23838735,
      0.825404167,
      -0.566607058
    ]
  },
  {
    "timeStamp": 21015,
    "rotation": [
      [
        0.451937348,
        -0.892026,
        -0.006496564
      ],
      [
        0.0466377325,
        0.0163545758,
        0.998778
      ],
      [
        -0.8908297,
        -0.451688051,
        0.0489933155
      ]
    ],
    "translation": [
      2.238027,
      0.822898,
      -0.562286437
    ]
  },
  {
    "timeStamp": 21059,
    "rotation": [
      [
        0.456087917,
        -0.8898523,
        -0.0121142389
      ],
      [
        0.04154796,
        0.007693528,
        0.9991069
      ],
      [
        -0.888964355,
        -0.456183881,
        0.0404804759
      ]
    ],
    "translation": [
      2.237271,
      0.8223916,
      -0.5583709
    ]
  },
  {
    "timeStamp": 21115,
    "rotation": [
      [
        0.458635122,
        -0.8886232,
        -0.001631294
      ],
      [
        0.04081784,
        0.01923297,
        0.9989815
      ],
      [
        -0.8876867,
        -0.458234578,
        0.0450925939
      ]
    ],
    "translation": [
      2.23429823,
      0.819198,
      -0.556921
    ]
  },
  {
    "timeStamp": 21160,
    "rotation": [
      [
        0.454423755,
        -0.8907695,
        -0.005358534
      ],
      [
        0.035146907,
        0.0119186249,
        0.9993111
      ],
      [
        -0.890091956,
        -0.454299033,
        0.0367239
      ]
    ],
    "translation": [
      2.23452258,
      0.8175119,
      -0.554708958
    ]
  },
  {
    "timeStamp": 21215,
    "rotation": [
      [
        0.454772472,
        -0.8903815,
        -0.020070402
      ],
      [
        0.050995674,
        0.0035347396,
        0.998692632
      ],
      [
        -0.8891465,
        -0.455201417,
        0.047013104
      ]
    ],
    "translation": [
      2.23492718,
      0.8126554,
      -0.5542233
    ]
  },
  {
    "timeStamp": 21260,
    "rotation": [
      [
        0.442796618,
        -0.8963266,
        -0.0230170228
      ],
      [
        0.04963029,
        -0.00112963037,
        0.998767
      ],
      [
        -0.895247459,
        -0.443393022,
        0.0439847521
      ]
    ],
    "translation": [
      2.23778868,
      0.8094828,
      -0.5530989
    ]
  },
  {
    "timeStamp": 21314,
    "rotation": [
      [
        0.4430215,
        -0.896301031,
        -0.0194019713
      ],
      [
        0.0596350767,
        0.007868764,
        0.9981892
      ],
      [
        -0.894525349,
        -0.443376333,
        0.0569370128
      ]
    ],
    "translation": [
      2.23836422,
      0.8056326,
      -0.5527704
    ]
  },
  {
    "timeStamp": 21370,
    "rotation": [
      [
        0.429817379,
        -0.9028085,
        -0.0139253521
      ],
      [
        0.05802508,
        0.0122277774,
        0.998240232
      ],
      [
        -0.901049435,
        -0.429869026,
        0.0576412454
      ]
    ],
    "translation": [
      2.23985171,
      0.8031845,
      -0.552232444
    ]
  },
  {
    "timeStamp": 21415,
    "rotation": [
      [
        0.436427385,
        -0.899738252,
        0.00147740892
      ],
      [
        0.0581444763,
        0.0298421122,
        0.997862041
      ],
      [
        -0.897858739,
        -0.4354084,
        0.06533873
      ]
    ],
    "translation": [
      2.23784924,
      0.8008262,
      -0.5528544
    ]
  }
]