[
  {
    "timeStamp": 43971,
    "rotation": [
      [
        0.919088,
        -0.3894624,
        0.05996881
      ],
      [
        -0.06677765,
        -0.00395430066,
        0.997760057
      ],
      [
        -0.3883529,
        -0.921033859,
        -0.0296417326
      ]
    ],
    "translation": [
      1.45834947,
      0.7035402,
      -0.4947679
    ]
  },
  {
    "timeStamp": 44026,
    "rotation": [
      [
        0.91818583,
        -0.3896579,
        0.0714246258
      ],
      [
        -0.0784873962,
        -0.00221195724,
        0.996912658
      ],
      [
        -0.3882969,
        -0.920956969,
        -0.0326142237
      ]
    ],
    "translation": [
      1.45837951,
      0.704028964,
      -0.4947704
    ]
  },
  {
    "timeStamp": 44071,
    "rotation": [
      [
        0.901534736,
        -0.4264784,
        0.0731521845
      ],
      [
        -0.07760468,
        0.006955753,
        0.9969599
      ],
      [
        -0.4256907,
        -0.904471,
        -0.0268258676
      ]
    ],
    "translation": [
      1.46190643,
      0.704593241,
      -0.493055046
    ]
  },
  {
    "timeStamp": 44126,
    "rotation": [
      [
        0.8848053,
        -0.4543974,
        0.103162311
      ],
      [
        -0.10285297,
        0.0254769772,
        0.9943702
      ],
      [
        -0.454467535,
        -0.8904347,
        -0.0241939574
      ]
    ],
    "translation": [
      1.46560156,
      0.7120721,
      -0.4919952
    ]
  },
  {
    "timeStamp": 44170,
    "rotation": [
      [
        0.8743152,
        -0.471289754,
        0.116012439
      ],
      [
        -0.120506205,
        0.020754585,
        0.9924956
      ],
      [
        -0.4701608,
        -0.8817342,
        -0.03864729
      ]
    ],
    "translation": [
      1.472189,
      0.719284,
      -0.489947736
    ]
  },
  {
    "timeStamp": 44226,
    "rotation": [
      [
        0.8614267,
        -0.4848671,
        0.15115504
      ],
      [
        -0.162194565,
        0.0193991289,
        0.9865681
      ],
      [
        -0.481286675,
        -0.874372661,
        -0.06193188
      ]
    ],
    "translation": [
      1.47965443,
      0.734935641,
      -0.488138974
    ]
  },
  {
    "timeStamp": 44270,
    "rotation": [
      [
        0.8405744,
        -0.5067683,
        0.191364989
      ],
      [
        -0.203347385,
        0.0322367,
        0.9785758
      ],
      [
        -0.502080142,
        -0.861479342,
        -0.075952664
      ]
    ],
    "translation": [
      1.48686111,
      0.75505203,
      -0.489818245
    ]
  },
  {
    "timeStamp": 44326,
    "rotation": [
      [
        0.807317436,
        -0.529034555,
        0.261459231
      ],
      [
        -0.269623458,
        0.0634321,
        0.9608744
      ],
      [
        -0.524920642,
        -0.8462262,
        -0.0914302841
      ]
    ],
    "translation": [
      1.49853563,
      0.7899702,
      -0.498020619
    ]
  },
  {
    "timeStamp": 44370,
    "rotation": [
      [
        0.770906,
        -0.541030169,
        0.336140335
      ],
      [
        -0.331091583,
        0.110456713,
        0.9371113
      ],
      [
        -0.544134438,
        -0.833718,
        -0.0939788
      ]
    ],
    "translation": [
      1.51110172,
      0.825764954,
      -0.512374341
    ]
  },
  {
    "timeStamp": 44426,
    "rotation": [
      [
        0.7179647,
        -0.548566,
        0.428488165
      ],
      [
        -0.401684076,
        0.1762255,
        0.8986626
      ],
      [
        -0.5684863,
        -0.8173249,
        -0.09382653
      ]
    ],
    "translation": [
      1.53377342,
      0.8753677,
      -0.5402013
    ]
  },
  {
    "timeStamp": 44470,
    "rotation": [
      [
        0.660159051,
        -0.554962635,
        0.5061684
      ],
      [
        -0.459583282,
        0.234580413,
        0.856595159
      ],
      [
        -0.594115436,
        -0.7981156,
        -0.100191161
      ]
    ],
    "translation": [
      1.55966079,
      0.9163834,
      -0.5684645
    ]
  },
  {
    "timeStamp": 44526,
    "rotation": [
      [
        0.6162793,
        -0.5516142,
        0.562069
      ],
      [
        -0.4793127,
        0.303574681,
        0.823469341
      ],
      [
        -0.6248673,
        -0.7768939,
        -0.07730889
      ]
    ],
    "translation": [
      1.60410047,
      0.958499551,
      -0.613655
    ]
  },
  {
    "timeStamp": 44570,
    "rotation": [
      [
        0.568293154,
        -0.5619279,
        0.601065636
      ],
      [
        -0.504371166,
        0.339265674,
        0.7940456
      ],
      [
        -0.650117338,
        -0.7544109,
        -0.09061787
      ]
    ],
    "translation": [
      1.6460768,
      0.988247037,
      -0.646766067
    ]
  },
  {
    "timeStamp": 44626,
    "rotation": [
      [
        0.499623358,
        -0.5925727,
        0.631849766
      ],
      [
        -0.5199971,
        0.378206134,
        0.7658741
      ],
      [
        -0.6928055,
        -0.711208642,
        -0.1191755
      ]
    ],
    "translation": [
      1.70426559,
      1.01716745,
      -0.6839124
    ]
  },
  {
    "timeStamp": 44670,
    "rotation": [
      [
        0.417154819,
        -0.625996351,
        0.6588706
      ],
      [
        -0.5302638,
        0.421129555,
        0.7358466
      ],
      [
        -0.738107145,
        -0.656337142,
        -0.156266987
      ]
    ],
    "translation": [
      1.75413346,
      1.03473258,
      -0.707131863
    ]
  },
  {
    "timeStamp": 44726,
    "rotation": [
      [
        0.293376923,
        -0.6773303,
        0.6746507
      ],
      [
        -0.5274327,
        0.47390452,
        0.7051448
      ],
      [
        -0.797336,
        -0.5627061,
        -0.218213528
      ]
    ],
    "translation": [
      1.82020152,
      1.04893744,
      -0.726953745
    ]
  },
  {
    "timeStamp": 44770,
    "rotation": [
      [
        0.161829874,
        -0.723848462,
        0.670712
      ],
      [
        -0.5061472,
        0.5225744,
        0.6860984
      ],
      [
        -0.8471282,
        -0.4505102,
        -0.2818057
      ]
    ],
    "translation": [
      1.87609088,
      1.052258,
      -0.7354091
    ]
  },
  {
    "timeStamp": 44826,
    "rotation": [
      [
        -0.00721300626,
        -0.7657738,
        0.6430695
      ],
      [
        -0.498295337,
        0.5603082,
        0.661631644
      ],
      [
        -0.866977334,
        -0.3156662,
        -0.385623
      ]
    ],
    "translation": [
      1.94610691,
      1.05312586,
      -0.740448236
    ]
  },
  {
    "timeStamp": 44870,
    "rotation": [
      [
        -0.127890319,
        -0.814727,
        0.565565169
      ],
      [
        -0.4962037,
        0.546308339,
        0.6747808
      ],
      [
        -0.8587351,
        -0.194337577,
        -0.474138081
      ]
    ],
    "translation": [
      2.00345016,
      1.04554927,
      -0.7400647
    ]
  },
  {
    "timeStamp": 44926,
    "rotation": [
      [
        -0.28542605,
        -0.8259756,
        0.486103266
      ],
      [
        -0.4489496,
        0.5633417,
        0.693606853
      ],
      [
        -0.846744537,
        -0.0202623736,
        -0.531613767
      ]
    ],
    "translation": [
      2.06883574,
      1.02997231,
      -0.739765644
    ]
  },
  {
    "timeStamp": 44970,
    "rotation": [
      [
        -0.400437683,
        -0.7903321,
        0.463707834
      ],
      [
        -0.371762753,
        0.602656364,
        0.706114531
      ],
      [
        -0.837521434,
        0.110365555,
        -0.535142362
      ]
    ],
    "translation": [
      2.10961628,
      1.01363528,
      -0.7394613
    ]
  },
  {
    "timeStamp": 45024,
    "rotation": [
      [
        -0.505298436,
        -0.741033852,
        0.442201585
      ],
      [
        -0.334935158,
        0.640675843,
        0.6909073
      ],
      [
        -0.79529357,
        0.2010055,
        -0.5719308
      ]
    ],
    "translation": [
      2.14378047,
      1.00074458,
      -0.7311925
    ]
  },
  {
    "timeStamp": 45076,
    "rotation": [
      [
        -0.5930529,
        -0.6957527,
        0.405236155
      ],
      [
        -0.266186684,
        0.644417644,
        0.7168476
      ],
      [
        -0.75989,
        0.3172601,
        -0.5673739
      ]
    ],
    "translation": [
      2.182481,
      0.9692368,
      -0.716417253
    ]
  },
  {
    "timeStamp": 45121,
    "rotation": [
      [
        -0.6507802,
        -0.640524745,
        0.407692552
      ],
      [
        -0.20922938,
        0.667454064,
        0.7146525
      ],
      [
        -0.72986865,
        0.3797804,
        -0.568382442
      ]
    ],
    "translation": [
      2.19865,
      0.948233247,
      -0.702494264
    ]
  },
  {
    "timeStamp": 45176,
    "rotation": [
      [
        -0.694320142,
        -0.620956063,
        0.3637762
      ],
      [
        -0.184638485,
        0.6422619,
        0.7439141
      ],
      [
        -0.6955776,
        0.449347466,
        -0.5605878
      ]
    ],
    "translation": [
      2.21849871,
      0.923359334,
      -0.683711052
    ]
  },
  {
    "timeStamp": 45220,
    "rotation": [
      [
        -0.7527641,
        -0.5520512,
        0.358588427
      ],
      [
        -0.138496444,
        0.6653482,
        0.733573854
      ],
      [
        -0.6435565,
        0.5025449,
        -0.577307343
      ]
    ],
    "translation": [
      2.23110032,
      0.907084763,
      -0.669245064
    ]
  },
  {
    "timeStamp": 45276,
    "rotation": [
      [
        -0.770944834,
        -0.5488763,
        0.323077321
      ],
      [
        -0.1364883,
        0.6378586,
        0.7579626
      ],
      [
        -0.6221054,
        0.540251,
        -0.566669
      ]
    ],
    "translation": [
      2.23832774,
      0.8907861,
      -0.6564873
    ]
  },
  {
    "timeStamp": 45321,
    "rotation": [
      [
        -0.7884523,
        -0.5398123,
        0.29486534
      ],
      [
        -0.149285734,
        0.632986665,
        0.7596326
      ],
      [
        -0.596704841,
        0.5549149,
        -0.5796661
      ]
    ],
    "translation": [
      2.24336481,
      0.884114265,
      -0.6471807
    ]
  },
  {
    "timeStamp": 45376,
    "rotation": [
      [
        -0.8109782,
        -0.5139499,
        0.279588878
      ],
      [
        -0.143876985,
        0.6383777,
        0.7561569
      ],
      [
        -0.567110062,
        0.5730004,
        -0.59165597
      ]
    ],
    "translation": [
      2.24757147,
      0.877997637,
      -0.6371474
    ]
  },
  {
    "timeStamp": 45421,
    "rotation": [
      [
        -0.8327398,
        -0.497168154,
        0.243656039
      ],
      [
        -0.16421473,
        0.6420611,
        0.7488598
      ],
      [
        -0.5287513,
        0.5835934,
        -0.616312146
      ]
    ],
    "translation": [
      2.254666,
      0.875376,
      -0.630320132
    ]
  },
  {
    "timeStamp": 45478,
    "rotation": [
      [
        -0.8535146,
        -0.465749145,
        0.233646244
      ],
      [
        -0.153065592,
        0.6527196,
        0.7419758
      ],
      [
        -0.498080075,
        0.597524,
        -0.628395855
      ]
    ],
    "translation": [
      2.25806355,
      0.8715231,
      -0.625679851
    ]
  },
  {
    "timeStamp": 45524,
    "rotation": [
      [
        -0.853242636,
        -0.482241184,
        0.198545933
      ],
      [
        -0.1885748,
        0.640241563,
        0.744667947
      ],
      [
        -0.486226916,
        0.597941637,
        -0.6372199
      ]
    ],
    "translation": [
      2.26148748,
      0.870501161,
      -0.6225851
    ]
  },
  {
    "timeStamp": 45580,
    "rotation": [
      [
        -0.8697944,
        -0.459827632,
        0.178930834
      ],
      [
        -0.192152143,
        0.649679542,
        0.735523
      ],
      [
        -0.4544615,
        0.6053719,
        -0.653444469
      ]
    ],
    "translation": [
      2.26677,
      0.867769361,
      -0.619485855
    ]
  },
  {
    "timeStamp": 45626,
    "rotation": [
      [
        -0.866402,
        -0.47397843,
        0.15713717
      ],
      [
        -0.209372059,
        0.630506635,
        0.747411966
      ],
      [
        -0.4533332,
        0.6146591,
        -0.64551
      ]
    ],
    "translation": [
      2.26964426,
      0.863630652,
      -0.618804157
    ]
  },
  {
    "timeStamp": 45670,
    "rotation": [
      [
        -0.8682584,
        -0.477332473,
        0.135207474
      ],
      [
        -0.224581689,
        0.6211785,
        0.7507998
      ],
      [
        -0.4423691,
        0.6215231,
        -0.646543562
      ]
    ],
    "translation": [
      2.27287865,
      0.860853136,
      -0.6183886
    ]
  },
  {
    "timeStamp": 45726,
    "rotation": [
      [
        -0.858094752,
        -0.50295645,
        0.103480428
      ],
      [
        -0.260172546,
        0.599594831,
        0.756833
      ],
      [
        -0.442700356,
        0.6225117,
        -0.6453647
      ]
    ],
    "translation": [
      2.2763474,
      0.8604557,
      -0.6180725
    ]
  },
  {
    "timeStamp": 45770,
    "rotation": [
      [
        -0.8748738,
        -0.469915628,
        0.117367335
      ],
      [
        -0.23105523,
        0.617881656,
        0.7515555
      ],
      [
        -0.4256868,
        0.6303979,
        -0.649144948
      ]
    ],
    "translation": [
      2.27760172,
      0.858543336,
      -0.6183338
    ]
  },
  {
    "timeStamp": 45825,
    "rotation": [
      [
        -0.8672099,
        -0.490632772,
        0.08500857
      ],
      [
        -0.2692244,
        0.60560894,
        0.748836458
      ],
      [
        -0.418885678,
        0.626512,
        -0.6572804
      ]
    ],
    "translation": [
      2.28162026,
      0.861201644,
      -0.616868138
    ]
  },
  {
    "timeStamp": 45870,
    "rotation": [
      [
        -0.868531764,
        -0.4913294,
        0.0651766956
      ],
      [
        -0.287658572,
        0.6067933,
        0.740982056
      ],
      [
        -0.403615057,
        0.624817848,
        -0.6683544
      ]
    ],
    "translation": [
      2.284855,
      0.8643036,
      -0.6156474
    ]
  },
  {
    "timeStamp": 45925,
    "rotation": [
      [
        -0.8664861,
        -0.496816725,
        0.04873426
      ],
      [
        -0.296977758,
        0.5914855,
        0.7496326
      ],
      [
        -0.4012556,
        0.635073245,
        -0.6600575
      ]
    ],
    "translation": [
      2.28654146,
      0.864609838,
      -0.615908146
    ]
  }
]