[
  {
    "timeStamp": 57365,
    "rotation": [
      [
        -0.8523817,
        0.4430791,
        -0.277716219
      ],
      [
        0.43425867,
        0.8956474,
        0.09609992
      ],
      [
        0.291315675,
        -0.0386868641,
        -0.9558444
      ]
    ],
    "translation": [
      1.62459576,
      0.7049117,
      -0.6267314
    ]
  },
  {
    "timeStamp": 57410,
    "rotation": [
      [
        -0.85550797,
        0.430565476,
        -0.287609875
      ],
      [
        0.443463027,
        0.896015763,
        0.0222777221
      ],
      [
        0.267295,
        -0.108485579,
        -0.9574885
      ]
    ],
    "translation": [
      1.62731683,
      0.707338631,
      -0.6204791
    ]
  },
  {
    "timeStamp": 57465,
    "rotation": [
      [
        -0.8405746,
        0.4581872,
        -0.28896156
      ],
      [
        0.48041603,
        0.877013743,
        -0.0068834573
      ],
      [
        0.250269324,
        -0.144607812,
        -0.957316
      ]
    ],
    "translation": [
      1.63007236,
      0.721259356,
      -0.623456359
    ]
  },
  {
    "timeStamp": 57509,
    "rotation": [
      [
        -0.7952376,
        0.5210726,
        -0.30996868
      ],
      [
        0.5453554,
        0.8381473,
        0.00983491
      ],
      [
        0.2649241,
        -0.161221981,
        -0.950695932
      ]
    ],
    "translation": [
      1.63617814,
      0.7402746,
      -0.6296696
    ]
  },
  {
    "timeStamp": 57565,
    "rotation": [
      [
        -0.736029267,
        0.6011347,
        -0.311284453
      ],
      [
        0.6292479,
        0.777098656,
        0.01283736
      ],
      [
        0.249615684,
        -0.1864264,
        -0.9502301
      ]
    ],
    "translation": [
      1.65041268,
      0.772774637,
      -0.6433581
    ]
  },
  {
    "timeStamp": 57620,
    "rotation": [
      [
        -0.6702944,
        0.6615214,
        -0.336295754
      ],
      [
        0.700739145,
        0.713387132,
        0.00659920368
      ],
      [
        0.244274572,
        -0.2312322,
        -0.9417333
      ]
    ],
    "translation": [
      1.67534971,
      0.8110227,
      -0.6604765
    ]
  },
  {
    "timeStamp": 57664,
    "rotation": [
      [
        -0.5986005,
        0.7150899,
        -0.361003965
      ],
      [
        0.7689938,
        0.6391932,
        -0.008973584
      ],
      [
        0.224334359,
        -0.282981426,
        -0.9325211
      ]
    ],
    "translation": [
      1.7039237,
      0.846865952,
      -0.6770416
    ]
  },
  {
    "timeStamp": 57709,
    "rotation": [
      [
        -0.5337836,
        0.7496036,
        -0.391368657
      ],
      [
        0.823262453,
        0.566386461,
        -0.03801699
      ],
      [
        0.193168223,
        -0.342491955,
        -0.9194484
      ]
    ],
    "translation": [
      1.73799884,
      0.8835443,
      -0.6950957
    ]
  },
  {
    "timeStamp": 57765,
    "rotation": [
      [
        -0.4589879,
        0.7632544,
        -0.454722822
      ],
      [
        0.874113739,
        0.4795049,
        -0.07746127
      ],
      [
        0.158919141,
        -0.433033228,
        -0.8872581
      ]
    ],
    "translation": [
      1.79003942,
      0.9252261,
      -0.7191962
    ]
  },
  {
    "timeStamp": 57820,
    "rotation": [
      [
        -0.395200372,
        0.75779444,
        -0.5191958
      ],
      [
        0.9079666,
        0.4079783,
        -0.09565765
      ],
      [
        0.139331758,
        -0.5092163,
        -0.849285245
      ]
    ],
    "translation": [
      1.845793,
      0.96042,
      -0.7424215
    ]
  },
  {
    "timeStamp": 57865,
    "rotation": [
      [
        -0.373066664,
        0.7233214,
        -0.581057131
      ],
      [
        0.9193372,
        0.3726071,
        -0.1264237
      ],
      [
        0.12506105,
        -0.581351936,
        -0.803983569
      ]
    ],
    "translation": [
      1.89321709,
      0.9831228,
      -0.7599043
    ]
  },
  {
    "timeStamp": 57920,
    "rotation": [
      [
        -0.366962433,
        0.693493962,
        -0.62000376
      ],
      [
        0.9198217,
        0.369960755,
        -0.130603135
      ],
      [
        0.13880457,
        -0.6182193,
        -0.7736525
      ]
    ],
    "translation": [
      1.94863033,
      0.9994332,
      -0.7782832
    ]
  },
  {
    "timeStamp": 57965,
    "rotation": [
      [
        -0.374651283,
        0.6599552,
        -0.6512262
      ],
      [
        0.9118828,
        0.389284641,
        -0.13010478
      ],
      [
        0.167649031,
        -0.6425859,
        -0.747647762
      ]
    ],
    "translation": [
      1.9929359,
      1.005745,
      -0.788757861
    ]
  },
  {
    "timeStamp": 58009,
    "rotation": [
      [
        -0.397960961,
        0.614691257,
        -0.6810152
      ],
      [
        0.896431744,
        0.418364823,
        -0.146222353
      ],
      [
        0.1950312,
        -0.6686744,
        -0.7175216
      ]
    ],
    "translation": [
      2.03712678,
      1.00938928,
      -0.794279754
    ]
  },
  {
    "timeStamp": 58064,
    "rotation": [
      [
        -0.431205273,
        0.546033,
        -0.7182687
      ],
      [
        0.867900968,
        0.468603015,
        -0.164800078
      ],
      [
        0.24659659,
        -0.6944487,
        -0.67596674
      ]
    ],
    "translation": [
      2.087545,
      1.00739455,
      -0.7928469
    ]
  },
  {
    "timeStamp": 58116,
    "rotation": [
      [
        -0.463230282,
        0.517075241,
        -0.7197575
      ],
      [
        0.838091969,
        0.519632339,
        -0.1660845
      ],
      [
        0.288131118,
        -0.6801584,
        -0.674066067
      ]
    ],
    "translation": [
      2.1187706,
      0.999025464,
      -0.7854535
    ]
  },
  {
    "timeStamp": 58159,
    "rotation": [
      [
        -0.4829133,
        0.499867022,
        -0.7189768
      ],
      [
        0.80725,
        0.57229346,
        -0.144317746
      ],
      [
        0.339326054,
        -0.650087,
        -0.6798858
      ]
    ],
    "translation": [
      2.151921,
      0.9840644,
      -0.7721356
    ]
  },
  {
    "timeStamp": 58215,
    "rotation": [
      [
        -0.5201406,
        0.480389565,
        -0.7061725
      ],
      [
        0.755487144,
        0.644436359,
        -0.11807172
      ],
      [
        0.398362845,
        -0.594918132,
        -0.69812566
      ]
    ],
    "translation": [
      2.17856526,
      0.962089,
      -0.757299
    ]
  },
  {
    "timeStamp": 58259,
    "rotation": [
      [
        -0.5343846,
        0.49093172,
        -0.6880546
      ],
      [
        0.7214039,
        0.689108133,
        -0.0686022937
      ],
      [
        0.440465,
        -0.5330253,
        -0.7224089
      ]
    ],
    "translation": [
      2.192956,
      0.943320155,
      -0.7494908
    ]
  },
  {
    "timeStamp": 58315,
    "rotation": [
      [
        -0.5823725,
        0.458230644,
        -0.671466231
      ],
      [
        0.66186583,
        0.7468536,
        -0.06436844
      ],
      [
        0.4719914,
        -0.48190698,
        -0.738234162
      ]
    ],
    "translation": [
      2.21227765,
      0.9234638,
      -0.7422484
    ]
  },
  {
    "timeStamp": 58360,
    "rotation": [
      [
        -0.6222834,
        0.4249554,
        -0.657401145
      ],
      [
        0.604965866,
        0.794034839,
        -0.059371382
      ],
      [
        0.496769249,
        -0.4346511,
        -0.7511982
      ]
    ],
    "translation": [
      2.22661972,
      0.906755,
      -0.741191
    ]
  },
  {
    "timeStamp": 58415,
    "rotation": [
      [
        -0.6834279,
        0.356513679,
        -0.6370435
      ],
      [
        0.5271623,
        0.8446787,
        -0.0928318352
      ],
      [
        0.505001247,
        -0.399269164,
        -0.7652176
      ]
    ],
    "translation": [
      2.24171162,
      0.8899571,
      -0.741035342
    ]
  },
  {
    "timeStamp": 58459,
    "rotation": [
      [
        -0.715321064,
        0.338001132,
        -0.611613452
      ],
      [
        0.485376835,
        0.869976,
        -0.0868970454
      ],
      [
        0.5027177,
        -0.3590223,
        -0.7863701
      ]
    ],
    "translation": [
      2.249259,
      0.8796427,
      -0.7438058
    ]
  },
  {
    "timeStamp": 58514,
    "rotation": [
      [
        -0.7396806,
        0.331622481,
        -0.5855759
      ],
      [
        0.452775121,
        0.8889912,
        -0.06847875
      ],
      [
        0.4978627,
        -0.31578657,
        -0.80772
      ]
    ],
    "translation": [
      2.255614,
      0.8720555,
      -0.748693764
    ]
  },
  {
    "timeStamp": 58560,
    "rotation": [
      [
        -0.7558476,
        0.3132672,
        -0.5749418
      ],
      [
        0.433686346,
        0.8973993,
        -0.08118217
      ],
      [
        0.4905207,
        -0.310705781,
        -0.81415683
      ]
    ],
    "translation": [
      2.26104474,
      0.870531,
      -0.751821041
    ]
  },
  {
    "timeStamp": 58616,
    "rotation": [
      [
        -0.7780047,
        0.289484024,
        -0.557590961
      ],
      [
        0.4019875,
        0.9114353,
        -0.08770261
      ],
      [
        0.482819617,
        -0.292377651,
        -0.8254699
      ]
    ],
    "translation": [
      2.26636147,
      0.867515266,
      -0.755522668
    ]
  },
  {
    "timeStamp": 58662,
    "rotation": [
      [
        -0.776149333,
        0.301271915,
        -0.553920031
      ],
      [
        0.4121959,
        0.907200933,
        -0.08414827
      ],
      [
        0.477165252,
        -0.2936352,
        -0.8283065
      ]
    ],
    "translation": [
      2.267835,
      0.867851555,
      -0.7565074
    ]
  },
  {
    "timeStamp": 58719,
    "rotation": [
      [
        -0.77735275,
        0.3078188,
        -0.5486076
      ],
      [
        0.413700849,
        0.9071328,
        -0.0772117153
      ],
      [
        0.473892719,
        -0.286980152,
        -0.8325071
      ]
    ],
    "translation": [
      2.26920819,
      0.8675357,
      -0.7571203
    ]
  },
  {
    "timeStamp": 58764,
    "rotation": [
      [
        -0.780814052,
        0.3062977,
        -0.5445284
      ],
      [
        0.411770582,
        0.9077852,
        -0.07981905
      ],
      [
        0.469866455,
        -0.286544621,
        -0.8349358
      ]
    ],
    "translation": [
      2.27002525,
      0.8665296,
      -0.756556034
    ]
  },
  {
    "timeStamp": 58819,
    "rotation": [
      [
        -0.7827453,
        0.31453374,
        -0.537008643
      ],
      [
        0.4121608,
        0.9085225,
        -0.0686319843
      ],
      [
        0.466297328,
        -0.2750553,
        -0.8407802
      ]
    ],
    "translation": [
      2.269033,
      0.8638382,
      -0.7559837
    ]
  },
  {
    "timeStamp": 58864,
    "rotation": [
      [
        -0.779931545,
        0.324626267,
        -0.535093069
      ],
      [
        0.419643551,
        0.9055495,
        -0.06228464
      ],
      [
        0.464334041,
        -0.2731261,
        -0.842493951
      ]
    ],
    "translation": [
      2.267149,
      0.8620441,
      -0.754363358
    ]
  },
  {
    "timeStamp": 58919,
    "rotation": [
      [
        -0.7850593,
        0.333650321,
        -0.521880567
      ],
      [
        0.4240263,
        0.9036513,
        -0.0601329952
      ],
      [
        0.451534629,
        -0.268499047,
        -0.8508964
      ]
    ],
    "translation": [
      2.26164722,
      0.860591352,
      -0.7516639
    ]
  },
  {
    "timeStamp": 58964,
    "rotation": [
      [
        -0.7968249,
        0.345817178,
        -0.495459944
      ],
      [
        0.428235263,
        0.901717,
        -0.0593373552
      ],
      [
        0.4262448,
        -0.2594549,
        -0.866601646
      ]
    ],
    "translation": [
      2.25226712,
      0.860936,
      -0.7473929
    ]
  },
  {
    "timeStamp": 59019,
    "rotation": [
      [
        -0.8099381,
        0.3704571,
        -0.454710782
      ],
      [
        0.4408337,
        0.8958814,
        -0.05533702
      ],
      [
        0.386866927,
        -0.245271385,
        -0.888918459
      ]
    ],
    "translation": [
      2.2374773,
      0.8634023,
      -0.7410304
    ]
  },
  {
    "timeStamp": 59064,
    "rotation": [
      [
        -0.8213383,
        0.382821828,
        -0.42290768
      ],
      [
        0.444390059,
        0.894228935,
        -0.0535913557
      ],
      [
        0.357660353,
        -0.231952608,
        -0.9045867
      ]
    ],
    "translation": [
      2.227521,
      0.865739644,
      -0.735741258
    ]
  },
  {
    "timeStamp": 59120,
    "rotation": [
      [
        -0.8317036,
        0.392732829,
        -0.392466635
      ],
      [
        0.446116775,
        0.893503964,
        -0.05128733
      ],
      [
        0.3305283,
        -0.2177418,
        -0.9183352
      ]
    ],
    "translation": [
      2.218244,
      0.867980063,
      -0.730051041
    ]
  },
  {
    "timeStamp": 59164,
    "rotation": [
      [
        -0.847067237,
        0.3808664,
        -0.370699257
      ],
      [
        0.431992173,
        0.8996912,
        -0.06275773
      ],
      [
        0.3096125,
        -0.213299185,
        -0.926630259
      ]
    ],
    "translation": [
      2.21356583,
      0.8682255,
      -0.726509631
    ]
  },
  {
    "timeStamp": 59219,
    "rotation": [
      [
        -0.8478091,
        0.394115239,
        -0.354814
      ],
      [
        0.439247251,
        0.89677465,
        -0.0534512028
      ],
      [
        0.29712227,
        -0.2011675,
        -0.9334077
      ]
    ],
    "translation": [
      2.20634031,
      0.8645233,
      -0.725596547
    ]
  },
  {
    "timeStamp": 59264,
    "rotation": [
      [
        -0.8538834,
        0.3950584,
        -0.338839233
      ],
      [
        0.433370441,
        0.9002117,
        -0.0425324142
      ],
      [
        0.28822425,
        -0.183160633,
        -0.9398824
      ]
    ],
    "translation": [
      2.202552,
      0.8631208,
      -0.7256155
    ]
  },
  {
    "timeStamp": 59319,
    "rotation": [
      [
        -0.857422,
        0.397223473,
        -0.327171266
      ],
      [
        0.430447578,
        0.9020147,
        -0.0329302475
      ],
      [
        0.2820326,
        -0.169065192,
        -0.9443911
      ]
    ],
    "translation": [
      2.19825745,
      0.860946238,
      -0.7265306
    ]
  },
  {
    "timeStamp": 59364,
    "rotation": [
      [
        -0.8620668,
        0.3936864,
        -0.319142431
      ],
      [
        0.425292134,
        0.9044511,
        -0.0330890641
      ],
      [
        0.275622,
        -0.164253756,
        -0.947128952
      ]
    ],
    "translation": [
      2.19462562,
      0.8588977,
      -0.726877332
    ]
  },
  {
    "timeStamp": 59420,
    "rotation": [
      [
        -0.870268166,
        0.387223274,
        -0.304452837
      ],
      [
        0.418052018,
        0.9075083,
        -0.04075846
      ],
      [
        0.260510832,
        -0.1627479,
        -0.95165503
      ]
    ],
    "translation": [
      2.18895364,
      0.857774556,
      -0.726102948
    ]
  },
  {
    "timeStamp": 59464,
    "rotation": [
      [
        -0.8706075,
        0.391193449,
        -0.298345953
      ],
      [
        0.4200837,
        0.906733334,
        -0.0369365625
      ],
      [
        0.256070882,
        -0.157487527,
        -0.9537428
      ]
    ],
    "translation": [
      2.18347216,
      0.857593954,
      -0.724512458
    ]
  },
  {
    "timeStamp": 59519,
    "rotation": [
      [
        -0.8777367,
        0.383768916,
        -0.2868791
      ],
      [
        0.411670029,
        0.910378337,
        -0.0417004339
      ],
      [
        0.245165214,
        -0.154701531,
        -0.9570587
      ]
    ],
    "translation": [
      2.17871118,
      0.856774449,
      -0.722024262
    ]
  },
  {
    "timeStamp": 59564,
    "rotation": [
      [
        -0.885794342,
        0.370672256,
        -0.2792319
      ],
      [
        0.3964535,
        0.9171775,
        -0.0401243679
      ],
      [
        0.241232216,
        -0.1462444,
        -0.959385
      ]
    ],
    "translation": [
      2.17599678,
      0.854923,
      -0.720716357
    ]
  },
  {
    "timeStamp": 59619,
    "rotation": [
      [
        -0.8871619,
        0.3674651,
        -0.279129237
      ],
      [
        0.394059658,
        0.918036759,
        -0.04388018
      ],
      [
        0.240126476,
        -0.1489224,
        -0.95925045
      ]
    ],
    "translation": [
      2.173006,
      0.853994966,
      -0.717662334
    ]
  },
  {
    "timeStamp": 59664,
    "rotation": [
      [
        -0.8838934,
        0.367559642,
        -0.289192826
      ],
      [
        0.396835834,
        0.916641057,
        -0.04785842
      ],
      [
        0.2474952,
        -0.157063827,
        -0.956073761
      ]
    ],
    "translation": [
      2.172249,
      0.853794456,
      -0.714092731
    ]
  },
  {
    "timeStamp": 59719,
    "rotation": [
      [
        -0.895828545,
        0.339893043,
        -0.286293328
      ],
      [
        0.370908529,
        0.9267035,
        -0.06039399
      ],
      [
        0.244781554,
        -0.1602913,
        -0.9562367
      ]
    ],
    "translation": [
      2.1738956,
      0.8518122,
      -0.7117977
    ]
  },
  {
    "timeStamp": 59763,
    "rotation": [
      [
        -0.8929767,
        0.3358209,
        -0.2996949
      ],
      [
        0.369128048,
        0.9273959,
        -0.0606744
      ],
      [
        0.257560074,
        -0.164806619,
        -0.9521038
      ]
    ],
    "translation": [
      2.17528987,
      0.8515786,
      -0.710176
    ]
  }
]