[
  {
    "timeStamp": 24080,
    "rotation": [
      [
        0.9993474,
        -0.0361213647,
        0.0002294089
      ],
      [
        -0.000146012651,
        0.0023114006,
        0.9999973
      ],
      [
        -0.0361217968,
        -0.9993447,
        0.002304618
      ]
    ],
    "translation": [
      1.77231741,
      0.702076435,
      -0.347140133
    ]
  },
  {
    "timeStamp": 24136,
    "rotation": [
      [
        0.999323845,
        -0.0367649719,
        -0.000328096561
      ],
      [
        0.000424614176,
        0.002617483,
        0.9999965
      ],
      [
        -0.03676398,
        -0.9993205,
        0.002631324
      ]
    ],
    "translation": [
      1.77234185,
      0.7020537,
      -0.347125739
    ]
  },
  {
    "timeStamp": 24182,
    "rotation": [
      [
        0.9993139,
        -0.0370197743,
        -0.00111759361
      ],
      [
        0.00122788525,
        0.002956661,
        0.9999949
      ],
      [
        -0.03701628,
        -0.999310136,
        0.00300008827
      ]
    ],
    "translation": [
      1.77234268,
      0.7020477,
      -0.347118258
    ]
  },
  {
    "timeStamp": 24235,
    "rotation": [
      [
        0.999312341,
        -0.0369990319,
        -0.00242158072
      ],
      [
        0.00250916369,
        0.00232091476,
        0.999994159
      ],
      [
        -0.0369931944,
        -0.999312639,
        0.00241215527
      ]
    ],
    "translation": [
      1.77233112,
      0.7020654,
      -0.347129
    ]
  },
  {
    "timeStamp": 24290,
    "rotation": [
      [
        0.9992956,
        -0.03721613,
        -0.00482782349
      ],
      [
        0.00509829447,
        0.0071761054,
        0.999961257
      ],
      [
        -0.0371800438,
        -0.999281466,
        0.00736078946
      ]
    ],
    "translation": [
      1.7723403,
      0.7019627,
      -0.347099245
    ]
  },
  {
    "timeStamp": 24335,
    "rotation": [
      [
        0.9992242,
        -0.0392499268,
        -0.00324410922
      ],
      [
        0.00379816047,
        0.0140496567,
        0.9998941
      ],
      [
        -0.03920019,
        -0.999130666,
        0.0141878333
      ]
    ],
    "translation": [
      1.77242649,
      0.7018182,
      -0.347027421
    ]
  },
  {
    "timeStamp": 24390,
    "rotation": [
      [
        0.992441237,
        -0.09823641,
        0.07355236
      ],
      [
        -0.07619556,
        -0.0234263483,
        0.996817648
      ],
      [
        -0.09620072,
        -0.994887352,
        -0.0307344534
      ]
    ],
    "translation": [
      1.76994336,
      0.7082231,
      -0.339700222
    ]
  },
  {
    "timeStamp": 24434,
    "rotation": [
      [
        0.989825964,
        -0.112432517,
        0.08719755
      ],
      [
        -0.0942402,
        -0.0589160249,
        0.993804634
      ],
      [
        -0.106598608,
        -0.9919112,
        -0.0689122751
      ]
    ],
    "translation": [
      1.77147722,
      0.7188202,
      -0.3344328
    ]
  },
  {
    "timeStamp": 24490,
    "rotation": [
      [
        0.9895863,
        -0.110989355,
        0.091653496
      ],
      [
        -0.10258086,
        -0.09710942,
        0.9899732
      ],
      [
        -0.100976065,
        -0.989065766,
        -0.107483536
      ]
    ],
    "translation": [
      1.77234733,
      0.732067168,
      -0.328746319
    ]
  },
  {
    "timeStamp": 24534,
    "rotation": [
      [
        0.9870781,
        -0.123875238,
        0.101645574
      ],
      [
        -0.118883379,
        -0.140806437,
        0.9828735
      ],
      [
        -0.107441351,
        -0.9822568,
        -0.153713644
      ]
    ],
    "translation": [
      1.77473915,
      0.7466472,
      -0.32454437
    ]
  },
  {
    "timeStamp": 24590,
    "rotation": [
      [
        0.982251048,
        -0.135347754,
        0.129861042
      ],
      [
        -0.1519298,
        -0.168079451,
        0.9739952
      ],
      [
        -0.11000111,
        -0.976437569,
        -0.185659572
      ]
    ],
    "translation": [
      1.7754488,
      0.7674024,
      -0.323728442
    ]
  },
  {
    "timeStamp": 24635,
    "rotation": [
      [
        0.978920341,
        -0.141245261,
        0.147528872
      ],
      [
        -0.174116984,
        -0.1995495,
        0.9642942
      ],
      [
        -0.106762685,
        -0.9696545,
        -0.219936252
      ]
    ],
    "translation": [
      1.7769562,
      0.7890571,
      -0.3273059
    ]
  },
  {
    "timeStamp": 24680,
    "rotation": [
      [
        0.9745329,
        -0.138135388,
        0.176647
      ],
      [
        -0.206091866,
        -0.241239265,
        0.94833
      ],
      [
        -0.08838374,
        -0.9605843,
        -0.2635642
      ]
    ],
    "translation": [
      1.77620971,
      0.8199285,
      -0.3353712
    ]
  },
  {
    "timeStamp": 24735,
    "rotation": [
      [
        0.9642858,
        -0.120714337,
        0.235756114
      ],
      [
        -0.260698885,
        -0.27534005,
        0.9253237
      ],
      [
        -0.04678676,
        -0.953737855,
        -0.296976566
      ]
    ],
    "translation": [
      1.77570927,
      0.861941159,
      -0.361719549
    ]
  },
  {
    "timeStamp": 24780,
    "rotation": [
      [
        0.947432756,
        -0.109421872,
        0.3006626
      ],
      [
        -0.3198645,
        -0.3015849,
        0.8981833
      ],
      [
        -0.00760557456,
        -0.9471396,
        -0.32073158
      ]
    ],
    "translation": [
      1.77539825,
      0.900652766,
      -0.392534852
    ]
  },
  {
    "timeStamp": 24835,
    "rotation": [
      [
        0.929821968,
        -0.09945115,
        0.3543171
      ],
      [
        -0.366026342,
        -0.349744678,
        0.8623824
      ],
      [
        0.0381555669,
        -0.931551456,
        -0.361602
      ]
    ],
    "translation": [
      1.78817928,
      0.948827267,
      -0.440796882
    ]
  },
  {
    "timeStamp": 24880,
    "rotation": [
      [
        0.9122912,
        -0.0929453149,
        0.398855716
      ],
      [
        -0.402507335,
        -0.3832232,
        0.831340969
      ],
      [
        0.07558153,
        -0.9189674,
        -0.387022346
      ]
    ],
    "translation": [
      1.80215466,
      0.9860151,
      -0.484339625
    ]
  },
  {
    "timeStamp": 24935,
    "rotation": [
      [
        0.909143031,
        -0.09485697,
        0.405538082
      ],
      [
        -0.404952735,
        -0.428872317,
        0.80751586
      ],
      [
        0.09732552,
        -0.89837116,
        -0.428318858
      ]
    ],
    "translation": [
      1.833369,
      1.02151644,
      -0.537919164
    ]
  },
  {
    "timeStamp": 24980,
    "rotation": [
      [
        0.9002336,
        -0.12434911,
        0.417272985
      ],
      [
        -0.426324576,
        -0.4464616,
        0.7867143
      ],
      [
        0.0884691253,
        -0.886120439,
        -0.454932839
      ]
    ],
    "translation": [
      1.86335886,
      1.04345357,
      -0.57674
    ]
  },
  {
    "timeStamp": 25035,
    "rotation": [
      [
        0.9115079,
        -0.166145578,
        0.376229942
      ],
      [
        -0.409308553,
        -0.4559713,
        0.790289
      ],
      [
        0.0402470343,
        -0.8743488,
        -0.483626276
      ]
    ],
    "translation": [
      1.90901113,
      1.055647,
      -0.6182557
    ]
  },
  {
    "timeStamp": 25080,
    "rotation": [
      [
        0.9210155,
        -0.191692725,
        0.339093447
      ],
      [
        -0.3895257,
        -0.452295035,
        0.8023085
      ],
      [
        -0.0004264242,
        -0.8710242,
        -0.491239935
      ]
    ],
    "translation": [
      1.94644868,
      1.0567435,
      -0.6482336
    ]
  },
  {
    "timeStamp": 25135,
    "rotation": [
      [
        0.9261493,
        -0.23087804,
        0.298232764
      ],
      [
        -0.372969866,
        -0.443150848,
        0.815175354
      ],
      [
        -0.0560440123,
        -0.866205931,
        -0.496534377
      ]
    ],
    "translation": [
      1.9908042,
      1.0539614,
      -0.6794642
    ]
  },
  {
    "timeStamp": 25180,
    "rotation": [
      [
        0.929161668,
        -0.264955848,
        0.257792532
      ],
      [
        -0.355146617,
        -0.446217835,
        0.8214381
      ],
      [
        -0.102613188,
        -0.8548029,
        -0.5087067
      ]
    ],
    "translation": [
      2.02755356,
      1.04888964,
      -0.698410034
    ]
  },
  {
    "timeStamp": 25235,
    "rotation": [
      [
        0.926618338,
        -0.299140632,
        0.227801174
      ],
      [
        -0.34234035,
        -0.420636773,
        0.840159357
      ],
      [
        -0.155504227,
        -0.8564926,
        -0.492177635
      ]
    ],
    "translation": [
      2.06691146,
      1.03611779,
      -0.7164717
    ]
  },
  {
    "timeStamp": 25285,
    "rotation": [
      [
        0.9297592,
        -0.311626583,
        0.1960528
      ],
      [
        -0.314967364,
        -0.3975167,
        0.86184454
      ],
      [
        -0.1906394,
        -0.8630581,
        -0.467747
      ]
    ],
    "translation": [
      2.096289,
      1.02044272,
      -0.7251332
    ]
  },
  {
    "timeStamp": 25330,
    "rotation": [
      [
        0.9326499,
        -0.306983978,
        0.189539
      ],
      [
        -0.295648426,
        -0.3492098,
        0.889182
      ],
      [
        -0.20677577,
        -0.8853324,
        -0.4164498
      ]
    ],
    "translation": [
      2.1245923,
      0.997855544,
      -0.7342176
    ]
  },
  {
    "timeStamp": 25385,
    "rotation": [
      [
        0.9441814,
        -0.2941134,
        0.148387358
      ],
      [
        -0.241394922,
        -0.311193943,
        0.919177234
      ],
      [
        -0.224165082,
        -0.90369,
        -0.364821
      ]
    ],
    "translation": [
      2.15093017,
      0.972445846,
      -0.7338531
    ]
  },
  {
    "timeStamp": 25430,
    "rotation": [
      [
        0.954634368,
        -0.273928881,
        0.116773866
      ],
      [
        -0.197581723,
        -0.2892887,
        0.9366288
      ],
      [
        -0.222788349,
        -0.91721046,
        -0.3302883
      ]
    ],
    "translation": [
      2.16833878,
      0.9513756,
      -0.7288567
    ]
  },
  {
    "timeStamp": 25486,
    "rotation": [
      [
        0.970891833,
        -0.225111216,
        0.0818171
      ],
      [
        -0.137384892,
        -0.2435829,
        0.9601004
      ],
      [
        -0.196200132,
        -0.943394065,
        -0.267419517
      ]
    ],
    "translation": [
      2.18125081,
      0.9222119,
      -0.7204785
    ]
  },
  {
    "timeStamp": 25530,
    "rotation": [
      [
        0.9849574,
        -0.161545038,
        0.0613354333
      ],
      [
        -0.0930740759,
        -0.196917862,
        0.9759921
      ],
      [
        -0.145588636,
        -0.9670194,
        -0.208991379
      ]
    ],
    "translation": [
      2.18530369,
      0.89685,
      -0.7165683
    ]
  },
  {
    "timeStamp": 25585,
    "rotation": [
      [
        0.996906459,
        -0.0776388,
        0.0122348759
      ],
      [
        -0.0228531864,
        -0.137390882,
        0.99025327
      ],
      [
        -0.075201124,
        -0.9874695,
        -0.138740152
      ]
    ],
    "translation": [
      2.18831468,
      0.869589448,
      -0.710080266
    ]
  },
  {
    "timeStamp": 25630,
    "rotation": [
      [
        0.9987125,
        -0.0224710628,
        -0.0454786234
      ],
      [
        0.0427316837,
        -0.110449083,
        0.9929627
      ],
      [
        -0.0273360144,
        -0.993627667,
        -0.109346658
      ]
    ],
    "translation": [
      2.19508982,
      0.852058768,
      -0.703158557
    ]
  },
  {
    "timeStamp": 25686,
    "rotation": [
      [
        0.995857239,
        0.057910677,
        -0.07010483
      ],
      [
        0.0753210261,
        -0.09343459,
        0.9927722
      ],
      [
        0.05094188,
        -0.993939757,
        -0.0974094
      ]
    ],
    "translation": [
      2.19476151,
      0.8384417,
      -0.692895949
    ]
  },
  {
    "timeStamp": 25732,
    "rotation": [
      [
        0.996850431,
        0.0403759,
        -0.06825685
      ],
      [
        0.0708758458,
        -0.06744759,
        0.9952022
      ],
      [
        0.0355784,
        -0.9969055,
        -0.0700968355
      ]
    ],
    "translation": [
      2.19932628,
      0.828158259,
      -0.685869455
    ]
  },
  {
    "timeStamp": 25788,
    "rotation": [
      [
        0.9922084,
        0.0861189961,
        -0.09003279
      ],
      [
        0.09508373,
        -0.0564599372,
        0.993866861
      ],
      [
        0.08050756,
        -0.994683743,
        -0.0642085448
      ]
    ],
    "translation": [
      2.20248461,
      0.818099737,
      -0.6773479
    ]
  },
  {
    "timeStamp": 25834,
    "rotation": [
      [
        0.986761153,
        0.129636958,
        -0.09745115
      ],
      [
        0.103633933,
        -0.0418184847,
        0.993735969
      ],
      [
        0.124749638,
        -0.9906793,
        -0.05469964
      ]
    ],
    "translation": [
      2.201569,
      0.809933543,
      -0.6736988
    ]
  },
  {
    "timeStamp": 25879,
    "rotation": [
      [
        0.968934238,
        0.204357132,
        -0.1393006
      ],
      [
        0.15368472,
        -0.05621332,
        0.9865197
      ],
      [
        0.1937718,
        -0.977281034,
        -0.08587358
      ]
    ],
    "translation": [
      2.20289683,
      0.8045213,
      -0.66652745
    ]
  },
  {
    "timeStamp": 25935,
    "rotation": [
      [
        0.938613,
        0.3095005,
        -0.15236485
      ],
      [
        0.177074477,
        -0.05320375,
        0.982758343
      ],
      [
        0.2960578,
        -0.9494097,
        -0.104742371
      ]
    ],
    "translation": [
      2.20062542,
      0.7964097,
      -0.66393733
    ]
  },
  {
    "timeStamp": 25990,
    "rotation": [
      [
        0.8990935,
        0.4210229,
        -0.119877547
      ],
      [
        0.128671944,
        0.007575495,
        0.9916583
      ],
      [
        0.418418944,
        -0.9070184,
        -0.0473627523
      ]
    ],
    "translation": [
      2.18902349,
      0.7877625,
      -0.6731365
    ]
  },
  {
    "timeStamp": 26035,
    "rotation": [
      [
        0.8776063,
        0.461118281,
        -0.131061524
      ],
      [
        0.144110262,
        0.00697902776,
        0.989537
      ],
      [
        0.457208276,
        -0.8873113,
        -0.0603270344
      ]
    ],
    "translation": [
      2.19099879,
      0.7841235,
      -0.666915
    ]
  },
  {
    "timeStamp": 26091,
    "rotation": [
      [
        0.83736074,
        0.5324005,
        -0.124002866
      ],
      [
        0.141888261,
        0.0073876963,
        0.9898551
      ],
      [
        0.5279154,
        -0.8464604,
        -0.06935521
      ]
    ],
    "translation": [
      2.18693423,
      0.7831069,
      -0.6640858
    ]
  },
  {
    "timeStamp": 26134,
    "rotation": [
      [
        0.8259987,
        0.5520596,
        -0.113825247
      ],
      [
        0.122897789,
        0.020694118,
        0.992203534
      ],
      [
        0.550111,
        -0.8335478,
        -0.0507535934
      ]
    ],
    "translation": [
      2.185454,
      0.7811604,
      -0.661911
    ]
  },
  {
    "timeStamp": 26190,
    "rotation": [
      [
        0.7903275,
        0.5987177,
        -0.130075365
      ],
      [
        0.15660654,
        0.007843208,
        0.98762995
      ],
      [
        0.5923317,
        -0.800921738,
        -0.0875644
      ]
    ],
    "translation": [
      2.18593073,
      0.7796779,
      -0.653563
    ]
  },
  {
    "timeStamp": 26234,
    "rotation": [
      [
        0.7869167,
        0.609014332,
        -0.09931574
      ],
      [
        0.112901241,
        0.0161307529,
        0.993475258
      ],
      [
        0.6066427,
        -0.792995155,
        -0.05606492
      ]
    ],
    "translation": [
      2.18200469,
      0.779137,
      -0.6527877
    ]
  },
  {
    "timeStamp": 26290,
    "rotation": [
      [
        0.7638322,
        0.637978435,
        -0.09769285
      ],
      [
        0.121829964,
        0.00612190226,
        0.992532134
      ],
      [
        0.6338121,
        -0.7700299,
        -0.07304878
      ]
    ],
    "translation": [
      2.18036556,
      0.7768321,
      -0.6469232
    ]
  },
  {
    "timeStamp": 26334,
    "rotation": [
      [
        0.751286566,
        0.651151359,
        -0.10756544
      ],
      [
        0.117794,
        0.0280685034,
        0.99264127
      ],
      [
        0.6493789,
        -0.7584287,
        -0.05561423
      ]
    ],
    "translation": [
      2.181952,
      0.771616,
      -0.6452253
    ]
  },
  {
    "timeStamp": 26391,
    "rotation": [
      [
        0.7347035,
        0.6721377,
        -0.0918789
      ],
      [
        0.112646714,
        0.0126830162,
        0.9935542
      ],
      [
        0.6689705,
        -0.7403175,
        -0.06639584
      ]
    ],
    "translation": [
      2.17801356,
      0.769581556,
      -0.640892565
    ]
  },
  {
    "timeStamp": 26434,
    "rotation": [
      [
        0.7192529,
        0.688478947,
        -0.0931237042
      ],
      [
        0.115864292,
        0.0132938158,
        0.9931761
      ],
      [
        0.6850188,
        -0.7251345,
        -0.07020851
      ]
    ],
    "translation": [
      2.1765337,
      0.766445339,
      -0.639615953
    ]
  },
  {
    "timeStamp": 26489,
    "rotation": [
      [
        0.699571133,
        0.709175646,
        -0.08757954
      ],
      [
        0.121661834,
        0.00256294757,
        0.9925683
      ],
      [
        0.704129755,
        -0.7050272,
        -0.08448664
      ]
    ],
    "translation": [
      2.17415619,
      0.7654371,
      -0.6369474
    ]
  },
  {
    "timeStamp": 26534,
    "rotation": [
      [
        0.690727,
        0.7189174,
        -0.0778065547
      ],
      [
        0.109598443,
        0.00227429834,
        0.9939733
      ],
      [
        0.7147617,
        -0.6950917,
        -0.07722131
      ]
    ],
    "translation": [
      2.17328119,
      0.7651618,
      -0.635529041
    ]
  },
  {
    "timeStamp": 26589,
    "rotation": [
      [
        0.688282,
        0.723277748,
        -0.0560106635
      ],
      [
        0.09129584,
        -0.009765554,
        0.995775938
      ],
      [
        0.7196756,
        -0.6904882,
        -0.0727537
      ]
    ],
    "translation": [
      2.17079735,
      0.766488433,
      -0.6302296
    ]
  },
  {
    "timeStamp": 26633,
    "rotation": [
      [
        0.679876268,
        0.7317176,
        -0.04855566
      ],
      [
        0.08671739,
        -0.0144720431,
        0.996127844
      ],
      [
        0.728181541,
        -0.6814543,
        -0.07329184
      ]
    ],
    "translation": [
      2.17073965,
      0.765300333,
      -0.6276898
    ]
  },
  {
    "timeStamp": 26689,
    "rotation": [
      [
        0.6726437,
        0.73848027,
        -0.0468764752
      ],
      [
        0.07450646,
        -0.00456424477,
        0.9972101
      ],
      [
        0.736206,
        -0.674259663,
        -0.05809166
      ]
    ],
    "translation": [
      2.171095,
      0.762506664,
      -0.62552166
    ]
  },
  {
    "timeStamp": 26733,
    "rotation": [
      [
        0.666567,
        0.743694365,
        -0.0510611348
      ],
      [
        0.0772924349,
        -0.000823211158,
        0.997008145
      ],
      [
        0.7414273,
        -0.6685194,
        -0.05803067
      ]
    ],
    "translation": [
      2.17246127,
      0.759003937,
      -0.623170137
    ]
  },
  {
    "timeStamp": 26789,
    "rotation": [
      [
        0.6616245,
        0.7492167,
        -0.0304543991
      ],
      [
        0.04217224,
        0.0033701167,
        0.9991047
      ],
      [
        0.748648465,
        -0.662316442,
        -0.0293663889
      ]
    ],
    "translation": [
      2.170771,
      0.7578579,
      -0.622866333
    ]
  },
  {
    "timeStamp": 26834,
    "rotation": [
      [
        0.655433,
        0.754750967,
        -0.02754158
      ],
      [
        0.0445228331,
        -0.0022093812,
        0.9990059
      ],
      [
        0.7539398,
        -0.6560077,
        -0.0350517519
      ]
    ],
    "translation": [
      2.16931129,
      0.7567171,
      -0.6194473
    ]
  },
  {
    "timeStamp": 26890,
    "rotation": [
      [
        0.631567359,
        0.7744027,
        -0.0377254821
      ],
      [
        0.06232734,
        -0.00221056561,
        0.9980533
      ],
      [
        0.7728117,
        -0.6326892,
        -0.0496625751
      ]
    ],
    "translation": [
      2.168676,
      0.753284454,
      -0.615788341
    ]
  },
  {
    "timeStamp": 26934,
    "rotation": [
      [
        0.615793169,
        0.7875381,
        -0.0241358224
      ],
      [
        0.0396808833,
        -0.0004043076,
        0.9992123
      ],
      [
        0.786908031,
        -0.6162659,
        -0.0314991772
      ]
    ],
    "translation": [
      2.165074,
      0.7524942,
      -0.615813553
    ]
  },
  {
    "timeStamp": 26990,
    "rotation": [
      [
        0.6239881,
        0.7810538,
        -0.0243699737
      ],
      [
        0.05046546,
        -0.009156795,
        0.9986838
      ],
      [
        0.7798026,
        -0.6243967,
        -0.04512997
      ]
    ],
    "translation": [
      2.16393,
      0.7490808,
      -0.61122
    ]
  },
  {
    "timeStamp": 27034,
    "rotation": [
      [
        0.6239166,
        0.781295538,
        -0.0174753647
      ],
      [
        0.04043609,
        -0.009943151,
        0.999132633
      ],
      [
        0.7804441,
        -0.6240821,
        -0.03779623
      ]
    ],
    "translation": [
      2.163212,
      0.74663043,
      -0.610207558
    ]
  },
  {
    "timeStamp": 27090,
    "rotation": [
      [
        0.6206065,
        0.7839825,
        -0.0147995949
      ],
      [
        0.0345659666,
        -0.008497187,
        0.9993663
      ],
      [
        0.783359945,
        -0.620724738,
        -0.0323725231
      ]
    ],
    "translation": [
      2.162473,
      0.7433187,
      -0.6091893
    ]
  },
  {
    "timeStamp": 27134,
    "rotation": [
      [
        0.622636139,
        0.782227,
        -0.02110061
      ],
      [
        0.03450907,
        -0.0005095081,
        0.999404252
      ],
      [
        0.7817502,
        -0.62299335,
        -0.0273111612
      ]
    ],
    "translation": [
      2.16351652,
      0.740029335,
      -0.6087784
    ]
  },
  {
    "timeStamp": 27190,
    "rotation": [
      [
        0.622894168,
        0.7819802,
        -0.02258044
      ],
      [
        0.0266668219,
        0.00762314256,
        0.9996153
      ],
      [
        0.78185153,
        -0.6232567,
        -0.0161045156
      ]
    ],
    "translation": [
      2.16509724,
      0.736594737,
      -0.6102168
    ]
  },
  {
    "timeStamp": 27234,
    "rotation": [
      [
        0.620193541,
        0.783832848,
        -0.0310805086
      ],
      [
        0.0316032246,
        0.014622434,
        0.9993935
      ],
      [
        0.7838119,
        -0.620799661,
        -0.0157029051
      ]
    ],
    "translation": [
      2.16700149,
      0.733249068,
      -0.6109399
    ]
  },
  {
    "timeStamp": 27290,
    "rotation": [
      [
        0.6275062,
        0.7783659,
        -0.01955814
      ],
      [
        0.0183141,
        0.0103570791,
        0.9997786
      ],
      [
        0.7783961,
        -0.6277255,
        -0.007755941
      ]
    ],
    "translation": [
      2.16719842,
      0.7307679,
      -0.6103458
    ]
  },
  {
    "timeStamp": 27334,
    "rotation": [
      [
        0.632351935,
        0.7746214,
        -0.009626749
      ],
      [
        0.00687071634,
        0.006818282,
        0.999953151
      ],
      [
        0.774650753,
        -0.6323884,
        -0.00101065054
      ]
    ],
    "translation": [
      2.16639686,
      0.729235947,
      -0.6101607
    ]
  },
  {
    "timeStamp": 27390,
    "rotation": [
      [
        0.6386042,
        0.769462645,
        -0.0105771748
      ],
      [
        0.0199111458,
        -0.00278155645,
        0.9997979
      ],
      [
        0.7692777,
        -0.638685763,
        -0.0170971956
      ]
    ],
    "translation": [
      2.16711688,
      0.7261585,
      -0.6063123
    ]
  },
  {
    "timeStamp": 27434,
    "rotation": [
      [
        0.6464986,
        0.7629077,
        0.00337160286
      ],
      [
        0.0117775332,
        -0.0143990936,
        0.999826968
      ],
      [
        0.762824237,
        -0.6463471,
        -0.0182941649
      ]
    ],
    "translation": [
      2.165843,
      0.7261064,
      -0.6048553
    ]
  },
  {
    "timeStamp": 27490,
    "rotation": [
      [
        0.6494125,
        0.7604358,
        -0.0008634802
      ],
      [
        0.016503809,
        -0.0129590025,
        0.9997798
      ],
      [
        0.760257244,
        -0.649283767,
        -0.0209658258
      ]
    ],
    "translation": [
      2.16664934,
      0.7246791,
      -0.6037457
    ]
  }
]