[
  {
    "timeStamp": 72479,
    "rotation": [
      [
        0.944170952,
        0.328834534,
        0.020223977
      ],
      [
        0.316644877,
        -0.922696948,
        0.2199237
      ],
      [
        0.0909791142,
        -0.201241761,
        -0.9753074
      ]
    ],
    "translation": [
      1.80778968,
      0.607289255,
      -0.699100733
    ]
  },
  {
    "timeStamp": 72524,
    "rotation": [
      [
        0.9461864,
        0.323368371,
        0.0128109548
      ],
      [
        0.3091817,
        -0.9149511,
        0.2593669
      ],
      [
        0.0955924541,
        -0.241448522,
        -0.965693951
      ]
    ],
    "translation": [
      1.80896091,
      0.6078238,
      -0.703603864
    ]
  },
  {
    "timeStamp": 72579,
    "rotation": [
      [
        0.9206163,
        0.390208751,
        -0.0142369037
      ],
      [
        0.378891677,
        -0.883915067,
        0.274108052
      ],
      [
        0.09437515,
        -0.257742584,
        -0.961593449
      ]
    ],
    "translation": [
      1.82510388,
      0.6140697,
      -0.707888365
    ]
  },
  {
    "timeStamp": 72624,
    "rotation": [
      [
        0.9491068,
        0.3149539,
        -0.000535750063
      ],
      [
        0.306974947,
        -0.9246792,
        0.225243717
      ],
      [
        0.0704459846,
        -0.213944808,
        -0.9743023
      ]
    ],
    "translation": [
      1.81605494,
      0.631785035,
      -0.7035527
    ]
  },
  {
    "timeStamp": 72679,
    "rotation": [
      [
        0.9716594,
        0.231317282,
        0.04868555
      ],
      [
        0.222970858,
        -0.9652645,
        0.1361929
      ],
      [
        0.07849821,
        -0.121477664,
        -0.9894854
      ]
    ],
    "translation": [
      1.80556679,
      0.6658006,
      -0.700790048
    ]
  },
  {
    "timeStamp": 72724,
    "rotation": [
      [
        0.9909924,
        0.125933364,
        0.0455509275
      ],
      [
        0.121856943,
        -0.989045739,
        0.08330343
      ],
      [
        0.05554263,
        -0.07700237,
        -0.9954826
      ]
    ],
    "translation": [
      1.80264533,
      0.699662268,
      -0.706562638
    ]
  },
  {
    "timeStamp": 72780,
    "rotation": [
      [
        0.996489048,
        0.046808172,
        0.06941611
      ],
      [
        0.0511124022,
        -0.9967923,
        -0.0615839958
      ],
      [
        0.0663108155,
        0.0649158,
        -0.9956851
      ]
    ],
    "translation": [
      1.81201375,
      0.7518895,
      -0.7085082
    ]
  },
  {
    "timeStamp": 72824,
    "rotation": [
      [
        0.999456048,
        0.00378495641,
        0.0327610373
      ],
      [
        0.008078215,
        -0.9912265,
        -0.131927192
      ],
      [
        0.03197427,
        0.132120088,
        -0.9907179
      ]
    ],
    "translation": [
      1.83416152,
      0.786822259,
      -0.7173009
    ]
  },
  {
    "timeStamp": 72880,
    "rotation": [
      [
        0.9996911,
        -0.005052779,
        -0.0243353061
      ],
      [
        -0.0104273986,
        -0.974045157,
        -0.226113558
      ],
      [
        -0.0225611851,
        0.226297468,
        -0.973796964
      ]
    ],
    "translation": [
      1.87792265,
      0.8256961,
      -0.7225344
    ]
  },
  {
    "timeStamp": 72925,
    "rotation": [
      [
        0.9934807,
        0.0334845223,
        -0.108972482
      ],
      [
        0.00167316746,
        -0.9600709,
        -0.279751867
      ],
      [
        -0.113988668,
        0.277745754,
        -0.953867853
      ]
    ],
    "translation": [
      1.9268837,
      0.847992063,
      -0.727865934
    ]
  },
  {
    "timeStamp": 72980,
    "rotation": [
      [
        0.971645534,
        0.112048693,
        -0.208206981
      ],
      [
        0.0396974348,
        -0.9453902,
        -0.323514163
      ],
      [
        -0.2330862,
        0.3060758,
        -0.9230322
      ]
    ],
    "translation": [
      1.99539292,
      0.8647744,
      -0.7345196
    ]
  },
  {
    "timeStamp": 73034,
    "rotation": [
      [
        0.9440836,
        0.181135684,
        -0.27549237
      ],
      [
        0.08673845,
        -0.942585468,
        -0.322504461
      ],
      [
        -0.318092138,
        0.2805754,
        -0.9055909
      ]
    ],
    "translation": [
      2.0497632,
      0.8663666,
      -0.7438892
    ]
  },
  {
    "timeStamp": 73074,
    "rotation": [
      [
        0.898174465,
        0.2202827,
        -0.380471051
      ],
      [
        0.10235592,
        -0.946410954,
        -0.306316316
      ],
      [
        -0.427558124,
        0.236182034,
        -0.87258935
      ]
    ],
    "translation": [
      2.11380315,
      0.86360985,
      -0.7539391
    ]
  },
  {
    "timeStamp": 73131,
    "rotation": [
      [
        0.839051,
        0.249934793,
        -0.483245283
      ],
      [
        0.110482842,
        -0.9480005,
        -0.298476964
      ],
      [
        -0.5327166,
        0.197047085,
        -0.823034346
      ]
    ],
    "translation": [
      2.17595434,
      0.8586181,
      -0.761670947
    ]
  },
  {
    "timeStamp": 73175,
    "rotation": [
      [
        0.7852005,
        0.2941202,
        -0.544934452
      ],
      [
        0.1565224,
        -0.9456946,
        -0.284890056
      ],
      [
        -0.599133551,
        0.138401359,
        -0.7885963
      ]
    ],
    "translation": [
      2.22131181,
      0.8499768,
      -0.769949734
    ]
  },
  {
    "timeStamp": 73230,
    "rotation": [
      [
        0.7355447,
        0.337981,
        -0.587148
      ],
      [
        0.223269254,
        -0.939185,
        -0.260925949
      ],
      [
        -0.639628649,
        0.06083058,
        -0.76627326
      ]
    ],
    "translation": [
      2.26500344,
      0.8362672,
      -0.7781277
    ]
  },
  {
    "timeStamp": 73275,
    "rotation": [
      [
        0.7322726,
        0.343716681,
        -0.5879078
      ],
      [
        0.253889084,
        -0.9388363,
        -0.232651561
      ],
      [
        -0.6319154,
        0.0211010035,
        -0.774750054
      ]
    ],
    "translation": [
      2.28396916,
      0.825719833,
      -0.7792872
    ]
  },
  {
    "timeStamp": 73319,
    "rotation": [
      [
        0.755343556,
        0.328332216,
        -0.5671455
      ],
      [
        0.2683771,
        -0.9445178,
        -0.189367115
      ],
      [
        -0.5978544,
        -0.009171642,
        -0.801552236
      ]
    ],
    "translation": [
      2.291209,
      0.8145213,
      -0.780019045
    ]
  },
  {
    "timeStamp": 73374,
    "rotation": [
      [
        0.7679557,
        0.337814242,
        -0.5441742
      ],
      [
        0.298375428,
        -0.9404701,
        -0.162751332
      ],
      [
        -0.566759348,
        -0.0373823941,
        -0.8230349
      ]
    ],
    "translation": [
      2.30050635,
      0.806021452,
      -0.78004247
    ]
  },
  {
    "timeStamp": 73430,
    "rotation": [
      [
        0.7809321,
        0.341995448,
        -0.5226702
      ],
      [
        0.313950837,
        -0.9383195,
        -0.144884288
      ],
      [
        -0.539981365,
        -0.05094794,
        -0.840133548
      ]
    ],
    "translation": [
      2.30546761,
      0.80006063,
      -0.7814154
    ]
  },
  {
    "timeStamp": 73476,
    "rotation": [
      [
        0.797102153,
        0.3331648,
        -0.5036164
      ],
      [
        0.315844238,
        -0.9408672,
        -0.122521289
      ],
      [
        -0.5146559,
        -0.0614023469,
        -0.8551954
      ]
    ],
    "translation": [
      2.30558681,
      0.795511842,
      -0.783092558
    ]
  },
  {
    "timeStamp": 73521,
    "rotation": [
      [
        0.7992587,
        0.3449408,
        -0.4921395
      ],
      [
        0.334413946,
        -0.935663164,
        -0.112702057
      ],
      [
        -0.499352336,
        -0.07450021,
        -0.863189936
      ]
    ],
    "translation": [
      2.30816221,
      0.792303741,
      -0.785796762
    ]
  },
  {
    "timeStamp": 73578,
    "rotation": [
      [
        0.8008899,
        0.351065874,
        -0.485106319
      ],
      [
        0.354266256,
        -0.9309174,
        -0.08881569
      ],
      [
        -0.482774049,
        -0.100725211,
        -0.8699331
      ]
    ],
    "translation": [
      2.3105197,
      0.7870857,
      -0.790705264
    ]
  },
  {
    "timeStamp": 73623,
    "rotation": [
      [
        0.8016483,
        0.354187936,
        -0.481571317
      ],
      [
        0.358488917,
        -0.9294842,
        -0.08686159
      ],
      [
        -0.478378236,
        -0.103005536,
        -0.8720918
      ]
    ],
    "translation": [
      2.31219459,
      0.7853354,
      -0.792093933
    ]
  },
  {
    "timeStamp": 73679,
    "rotation": [
      [
        0.8055537,
        0.353043139,
        -0.4758611
      ],
      [
        0.359790117,
        -0.929547966,
        -0.08057029
      ],
      [
        -0.470780522,
        -0.106306434,
        -0.875822246
      ]
    ],
    "translation": [
      2.31099916,
      0.783802152,
      -0.7939273
    ]
  }
]