[
  {
    "timeStamp": 45931,
    "rotation": [
      [
        0.991929233,
        -0.12675713,
        -0.00299574737
      ],
      [
        0.0007875185,
        -0.0174674727,
        0.9998471
      ],
      [
        -0.126790091,
        -0.99178,
        -0.0172266737
      ]
    ],
    "translation": [
      1.14915836,
      0.701282,
      -0.7686992
    ]
  },
  {
    "timeStamp": 45975,
    "rotation": [
      [
        0.9922181,
        -0.124385037,
        0.005627627
      ],
      [
        -0.00408328976,
        0.0126672341,
        0.9999114
      ],
      [
        -0.124445312,
        -0.992153168,
        0.0120607587
      ]
    ],
    "translation": [
      1.149965,
      0.7058542,
      -0.774046063
    ]
  },
  {
    "timeStamp": 46031,
    "rotation": [
      [
        0.989170551,
        -0.1272872,
        0.07307183
      ],
      [
        -0.06812209,
        0.0428207777,
        0.9967576
      ],
      [
        -0.130003467,
        -0.9909411,
        0.033685986
      ]
    ],
    "translation": [
      1.15258348,
      0.7279598,
      -0.783734858
    ]
  },
  {
    "timeStamp": 46077,
    "rotation": [
      [
        0.9817128,
        -0.134154856,
        0.135064885
      ],
      [
        -0.120397307,
        0.112036206,
        0.9863835
      ],
      [
        -0.147460282,
        -0.984606743,
        0.09383549
      ]
    ],
    "translation": [
      1.1640656,
      0.7528916,
      -0.795868456
    ]
  },
  {
    "timeStamp": 46131,
    "rotation": [
      [
        0.9748615,
        -0.1263403,
        0.18352972
      ],
      [
        -0.1578918,
        0.189469263,
        0.969108641
      ],
      [
        -0.157210723,
        -0.973724544,
        0.164758191
      ]
    ],
    "translation": [
      1.194131,
      0.7784159,
      -0.816713631
    ]
  },
  {
    "timeStamp": 46176,
    "rotation": [
      [
        0.9775183,
        -0.10019201,
        0.185524911
      ],
      [
        -0.1579545,
        0.234888852,
        0.9591025
      ],
      [
        -0.13967213,
        -0.9668448,
        0.213782385
      ]
    ],
    "translation": [
      1.23214829,
      0.7893213,
      -0.837658167
    ]
  },
  {
    "timeStamp": 46231,
    "rotation": [
      [
        0.9883635,
        -0.0618573055,
        0.138964832
      ],
      [
        -0.1174684,
        0.2700128,
        0.955664337
      ],
      [
        -0.0966370851,
        -0.960867763,
        0.2596045
      ]
    ],
    "translation": [
      1.29383206,
      0.788258,
      -0.8665023
    ]
  },
  {
    "timeStamp": 46275,
    "rotation": [
      [
        0.995785952,
        -0.046336215,
        0.07914099
      ],
      [
        -0.0629706457,
        0.2819021,
        0.957374454
      ],
      [
        -0.06667113,
        -0.9583236,
        0.277796358
      ]
    ],
    "translation": [
      1.35088992,
      0.779453635,
      -0.8858794
    ]
  },
  {
    "timeStamp": 46332,
    "rotation": [
      [
        0.9966251,
        -0.08145638,
        0.0101603512
      ],
      [
        0.0157613941,
        0.311359,
        0.950161636
      ],
      [
        -0.0805602446,
        -0.9467948,
        0.311592072
      ]
    ],
    "translation": [
      1.42724848,
      0.769269645,
      -0.8992416
    ]
  },
  {
    "timeStamp": 46376,
    "rotation": [
      [
        0.9894785,
        -0.142855614,
        -0.0229026433
      ],
      [
        0.07037562,
        0.336927265,
        0.938896835
      ],
      [
        -0.126410156,
        -0.93063,
        0.343435854
      ]
    ],
    "translation": [
      1.4865483,
      0.7670881,
      -0.902023256
    ]
  },
  {
    "timeStamp": 46431,
    "rotation": [
      [
        0.9683509,
        -0.248896092,
        -0.0186344311
      ],
      [
        0.108282521,
        0.351666451,
        0.9298417
      ],
      [
        -0.224880859,
        -0.902430832,
        0.3674876
      ]
    ],
    "translation": [
      1.55114031,
      0.7748464,
      -0.890529
    ]
  },
  {
    "timeStamp": 46476,
    "rotation": [
      [
        0.935133457,
        -0.353834957,
        0.0180615075
      ],
      [
        0.114535734,
        0.350155622,
        0.929662645
      ],
      [
        -0.335271478,
        -0.86728996,
        0.367968976
      ]
    ],
    "translation": [
      1.59715223,
      0.788385034,
      -0.868614
    ]
  },
  {
    "timeStamp": 46531,
    "rotation": [
      [
        0.8682617,
        -0.486155927,
        0.0988642052
      ],
      [
        0.07399182,
        0.323950857,
        0.943176031
      ],
      [
        -0.49055776,
        -0.8116085,
        0.317245662
      ]
    ],
    "translation": [
      1.64874983,
      0.8153148,
      -0.824110448
    ]
  },
  {
    "timeStamp": 46576,
    "rotation": [
      [
        0.78610754,
        -0.5953031,
        0.166279957
      ],
      [
        0.00666576764,
        0.277171969,
        0.9607972
      ],
      [
        -0.6180537,
        -0.754181564,
        0.221855134
      ]
    ],
    "translation": [
      1.69153714,
      0.8425024,
      -0.7756549
    ]
  },
  {
    "timeStamp": 46631,
    "rotation": [
      [
        0.633576751,
        -0.73540324,
        0.240338564
      ],
      [
        -0.0961773247,
        0.233369514,
        0.9676201
      ],
      [
        -0.7676786,
        -0.6361767,
        0.07712839
      ]
    ],
    "translation": [
      1.75379813,
      0.8821095,
      -0.709031165
    ]
  },
  {
    "timeStamp": 46675,
    "rotation": [
      [
        0.491895437,
        -0.8330905,
        0.252980322
      ],
      [
        -0.19160603,
        0.179858312,
        0.9648513
      ],
      [
        -0.8493091,
        -0.523078561,
        -0.07115368
      ]
    ],
    "translation": [
      1.81339049,
      0.915554464,
      -0.6568736
    ]
  },
  {
    "timeStamp": 46731,
    "rotation": [
      [
        0.3201919,
        -0.920126,
        0.22548911
      ],
      [
        -0.30683732,
        0.124463566,
        0.943588734
      ],
      [
        -0.8962857,
        -0.371317923,
        -0.242476776
      ]
    ],
    "translation": [
      1.89105463,
      0.95489943,
      -0.6042492
    ]
  },
  {
    "timeStamp": 46775,
    "rotation": [
      [
        0.183801576,
        -0.9631871,
        0.196182564
      ],
      [
        -0.3773687,
        0.115145467,
        0.9188767
      ],
      [
        -0.9076397,
        -0.242924139,
        -0.342312723
      ]
    ],
    "translation": [
      1.95264339,
      0.9794649,
      -0.5740582
    ]
  },
  {
    "timeStamp": 46831,
    "rotation": [
      [
        0.0635231361,
        -0.9893782,
        0.130749911
      ],
      [
        -0.415100068,
        0.09294947,
        0.9050151
      ],
      [
        -0.907555342,
        -0.111763686,
        -0.404786527
      ]
    ],
    "translation": [
      2.02059817,
      0.989921033,
      -0.550252736
    ]
  },
  {
    "timeStamp": 46875,
    "rotation": [
      [
        -0.0158904977,
        -0.992281,
        0.122987151
      ],
      [
        -0.3971599,
        0.119146906,
        0.909982443
      ],
      [
        -0.917611837,
        -0.0343854874,
        -0.39598754
      ]
    ],
    "translation": [
      2.062645,
      0.9794115,
      -0.5396041
    ]
  },
  {
    "timeStamp": 46931,
    "rotation": [
      [
        -0.08277227,
        -0.9830942,
        0.163323551
      ],
      [
        -0.331050873,
        0.181703627,
        0.9259531
      ],
      [
        -0.9399756,
        0.0225748364,
        -0.340494215
      ]
    ],
    "translation": [
      2.09636545,
      0.950702369,
      -0.533601344
    ]
  },
  {
    "timeStamp": 46976,
    "rotation": [
      [
        -0.105157115,
        -0.978708744,
        0.176270247
      ],
      [
        -0.272238672,
        0.198813379,
        0.9414666
      ],
      [
        -0.956466436,
        0.0510143675,
        -0.287349
      ]
    ],
    "translation": [
      2.11278915,
      0.919617057,
      -0.53211683
    ]
  },
  {
    "timeStamp": 47027,
    "rotation": [
      [
        -0.111781828,
        -0.975781441,
        0.1880303
      ],
      [
        -0.224203959,
        0.209101781,
        0.95184505
      ],
      [
        -0.9681102,
        0.064241834,
        -0.242147848
      ]
    ],
    "translation": [
      2.121981,
      0.8895428,
      -0.5335406
    ]
  },
  {
    "timeStamp": 47081,
    "rotation": [
      [
        -0.09595378,
        -0.973108947,
        0.209408149
      ],
      [
        -0.154613867,
        0.222396418,
        0.9626185
      ],
      [
        -0.9833043,
        0.0599895,
        -0.17179592
      ]
    ],
    "translation": [
      2.12501264,
      0.849105656,
      -0.53470844
    ]
  },
  {
    "timeStamp": 47126,
    "rotation": [
      [
        -0.101521634,
        -0.971742153,
        0.213097468
      ],
      [
        -0.141482517,
        0.2261299,
        0.9637676
      ],
      [
        -0.9847213,
        0.0676936954,
        -0.1604416
      ]
    ],
    "translation": [
      2.12844038,
      0.83174634,
      -0.5330081
    ]
  },
  {
    "timeStamp": 47181,
    "rotation": [
      [
        -0.110515922,
        -0.9605539,
        0.255190939
      ],
      [
        -0.08252106,
        0.264745653,
        0.9607809
      ],
      [
        -0.9904426,
        0.08512295,
        -0.108524539
      ]
    ],
    "translation": [
      2.12812161,
      0.807528853,
      -0.5346482
    ]
  },
  {
    "timeStamp": 47225,
    "rotation": [
      [
        -0.108325653,
        -0.962485254,
        0.248772115
      ],
      [
        -0.06148662,
        0.2562524,
        0.9646523
      ],
      [
        -0.9922121,
        0.08920042,
        -0.08693868
      ]
    ],
    "translation": [
      2.12820077,
      0.7924688,
      -0.5357212
    ]
  },
  {
    "timeStamp": 47281,
    "rotation": [
      [
        -0.098918505,
        -0.9617656,
        0.2553862
      ],
      [
        -0.0377180763,
        0.2600843,
        0.964848936
      ],
      [
        -0.9943805,
        0.08580873,
        -0.0620030947
      ]
    ],
    "translation": [
      2.12738347,
      0.7779331,
      -0.537475646
    ]
  },
  {
    "timeStamp": 47325,
    "rotation": [
      [
        -0.091150105,
        -0.9613411,
        0.259836376
      ],
      [
        -0.0207528919,
        0.2626996,
        0.964654446
      ],
      [
        -0.9956209,
        0.082536,
        -0.0438957065
      ]
    ],
    "translation": [
      2.12551856,
      0.7683221,
      -0.539289057
    ]
  },
  {
    "timeStamp": 47381,
    "rotation": [
      [
        -0.0749859959,
        -0.964458346,
        0.253371567
      ],
      [
        -0.007813456,
        0.2546474,
        0.9670024
      ],
      [
        -0.997153938,
        0.0705319345,
        -0.02663074
      ]
    ],
    "translation": [
      2.12478137,
      0.7581568,
      -0.540165067
    ]
  }
]