[
  {
    "timeStamp": 23531,
    "rotation": [
      [
        1.0,
        -5.563385E-06,
        6.63427036E-14
      ],
      [
        0.0,
        1.19248806E-08,
        1.0
      ],
      [
        -5.563385E-06,
        -1.0,
        1.19248806E-08
      ]
    ],
    "translation": [
      1.30800068,
      0.7021129,
      -0.6199994
    ]
  },
  {
    "timeStamp": 23575,
    "rotation": [
      [
        0.999747753,
        -0.011404613,
        0.0193516072
      ],
      [
        -0.0191093385,
        0.0209822245,
        0.9995972
      ],
      [
        -0.0118060755,
        -0.999714851,
        0.0207589958
      ]
    ],
    "translation": [
      1.30853486,
      0.7042775,
      -0.6215112
    ]
  },
  {
    "timeStamp": 23631,
    "rotation": [
      [
        0.996511936,
        -0.0354179181,
        0.07556103
      ],
      [
        -0.07466185,
        0.026059486,
        0.9968684
      ],
      [
        -0.03727607,
        -0.999032736,
        0.0233242232
      ]
    ],
    "translation": [
      1.30973864,
      0.724660635,
      -0.61782223
    ]
  },
  {
    "timeStamp": 23675,
    "rotation": [
      [
        0.9885161,
        -0.04941186,
        0.142809048
      ],
      [
        -0.1409181,
        0.0398597,
        0.989218533
      ],
      [
        -0.05457145,
        -0.9979828,
        0.03243893
      ]
    ],
    "translation": [
      1.31313789,
      0.7510033,
      -0.617137432
    ]
  },
  {
    "timeStamp": 23730,
    "rotation": [
      [
        0.969707847,
        -0.0801159441,
        0.230755359
      ],
      [
        -0.224990025,
        0.0748843,
        0.9714792
      ],
      [
        -0.09511094,
        -0.993968666,
        0.0545906126
      ]
    ],
    "translation": [
      1.32775545,
      0.789436162,
      -0.6169643
    ]
  },
  {
    "timeStamp": 23775,
    "rotation": [
      [
        0.9522033,
        -0.101214685,
        0.288209379
      ],
      [
        -0.2772379,
        0.109782204,
        0.9545088
      ],
      [
        -0.128250569,
        -0.9887889,
        0.07647442
      ]
    ],
    "translation": [
      1.34878957,
      0.817928,
      -0.620220661
    ]
  },
  {
    "timeStamp": 23830,
    "rotation": [
      [
        0.9357935,
        -0.102745064,
        0.33724463
      ],
      [
        -0.3235291,
        0.1297839,
        0.93727535
      ],
      [
        -0.140069336,
        -0.9862046,
        0.08820991
      ]
    ],
    "translation": [
      1.3834126,
      0.8500345,
      -0.630463958
    ]
  },
  {
    "timeStamp": 23875,
    "rotation": [
      [
        0.9316806,
        -0.106190309,
        0.347411424
      ],
      [
        -0.3313446,
        0.143669412,
        0.9325073
      ],
      [
        -0.148935631,
        -0.983911932,
        0.09866843
      ]
    ],
    "translation": [
      1.41797686,
      0.8667229,
      -0.6413202
    ]
  },
  {
    "timeStamp": 23930,
    "rotation": [
      [
        0.924440265,
        -0.1340845,
        0.356975555
      ],
      [
        -0.332862675,
        0.1729868,
        0.9269725
      ],
      [
        -0.186044678,
        -0.9757545,
        0.115284249
      ]
    ],
    "translation": [
      1.46865726,
      0.8799879,
      -0.653231
    ]
  },
  {
    "timeStamp": 23975,
    "rotation": [
      [
        0.9175064,
        -0.162631065,
        0.362950623
      ],
      [
        -0.332947284,
        0.185098588,
        0.9245997
      ],
      [
        -0.217550278,
        -0.969169557,
        0.115681566
      ]
    ],
    "translation": [
      1.51106107,
      0.889165,
      -0.659724
    ]
  },
  {
    "timeStamp": 24030,
    "rotation": [
      [
        0.8974346,
        -0.21902056,
        0.3829375
      ],
      [
        -0.348988533,
        0.17850484,
        0.919969
      ],
      [
        -0.269848317,
        -0.9592529,
        0.08376075
      ]
    ],
    "translation": [
      1.56797826,
      0.905912042,
      -0.659835637
    ]
  },
  {
    "timeStamp": 24075,
    "rotation": [
      [
        0.8726495,
        -0.280452818,
        0.399786383
      ],
      [
        -0.364934236,
        0.1694933,
        0.9154753
      ],
      [
        -0.324508756,
        -0.94478476,
        0.0455614068
      ]
    ],
    "translation": [
      1.61693168,
      0.9226878,
      -0.651973
    ]
  },
  {
    "timeStamp": 24130,
    "rotation": [
      [
        0.8287791,
        -0.373299778,
        0.416860372
      ],
      [
        -0.396289229,
        0.134399146,
        0.9082355
      ],
      [
        -0.395069778,
        -0.917923868,
        -0.036547482
      ]
    ],
    "translation": [
      1.6808883,
      0.9478522,
      -0.6343112
    ]
  },
  {
    "timeStamp": 24175,
    "rotation": [
      [
        0.7879045,
        -0.463828027,
        0.405055583
      ],
      [
        -0.41694054,
        0.08224809,
        0.905204833
      ],
      [
        -0.453174442,
        -0.8820991,
        -0.12858507
      ]
    ],
    "translation": [
      1.74107587,
      0.96998316,
      -0.6117897
    ]
  },
  {
    "timeStamp": 24230,
    "rotation": [
      [
        0.7254133,
        -0.5774079,
        0.374667376
      ],
      [
        -0.449166626,
        0.0153530017,
        0.8933161
      ],
      [
        -0.5215601,
        -0.8163115,
        -0.2482151
      ]
    ],
    "translation": [
      1.81879425,
      0.996253967,
      -0.585262
    ]
  },
  {
    "timeStamp": 24275,
    "rotation": [
      [
        0.6753204,
        -0.6602569,
        0.3286383
      ],
      [
        -0.465587884,
        -0.036072772,
        0.884266138
      ],
      [
        -0.5719879,
        -0.750173,
        -0.3317683
      ]
    ],
    "translation": [
      1.88528275,
      1.0141207,
      -0.566193044
    ]
  },
  {
    "timeStamp": 24330,
    "rotation": [
      [
        0.6163853,
        -0.7460087,
        0.252072
      ],
      [
        -0.4644777,
        -0.08595064,
        0.881404
      ],
      [
        -0.635869265,
        -0.6603663,
        -0.399483085
      ]
    ],
    "translation": [
      1.9629153,
      1.024773,
      -0.5496056
    ]
  },
  {
    "timeStamp": 24375,
    "rotation": [
      [
        0.578344047,
        -0.792867959,
        0.19203797
      ],
      [
        -0.444752932,
        -0.109099574,
        0.8889838
      ],
      [
        -0.6838955,
        -0.5995479,
        -0.415727437
      ]
    ],
    "translation": [
      2.02061868,
      1.022558,
      -0.540851057
    ]
  },
  {
    "timeStamp": 24429,
    "rotation": [
      [
        0.5412879,
        -0.832417,
        0.118698254
      ],
      [
        -0.377645284,
        -0.114546388,
        0.918837965
      ],
      [
        -0.7512599,
        -0.5421817,
        -0.376360953
      ]
    ],
    "translation": [
      2.07901239,
      1.00161874,
      -0.532641053
    ]
  },
  {
    "timeStamp": 24481,
    "rotation": [
      [
        0.5413521,
        -0.8373037,
        0.07655374
      ],
      [
        -0.314779431,
        -0.117403485,
        0.941875935
      ],
      [
        -0.779648542,
        -0.533984065,
        -0.3271226
      ]
    ],
    "translation": [
      2.11310339,
      0.975553,
      -0.530632138
    ]
  },
  {
    "timeStamp": 24525,
    "rotation": [
      [
        0.4966213,
        -0.8662535,
        0.05451651
      ],
      [
        -0.267686963,
        -0.0931112245,
        0.958996356
      ],
      [
        -0.825657845,
        -0.490851372,
        -0.2781258
      ]
    ],
    "translation": [
      2.15290856,
      0.9438093,
      -0.528791
    ]
  },
  {
    "timeStamp": 24581,
    "rotation": [
      [
        0.483048826,
        -0.874371946,
        0.04623423
      ],
      [
        -0.199239656,
        -0.0583454,
        0.978212357
      ],
      [
        -0.8526239,
        -0.481736,
        -0.202393234
      ]
    ],
    "translation": [
      2.17668247,
      0.9065554,
      -0.5335712
    ]
  },
  {
    "timeStamp": 24625,
    "rotation": [
      [
        0.465193838,
        -0.8832944,
        0.0581865571
      ],
      [
        -0.171826452,
        -0.0256209373,
        0.984794
      ],
      [
        -0.868372262,
        -0.4681181,
        -0.163692042
      ]
    ],
    "translation": [
      2.18785477,
      0.881346464,
      -0.5379835
    ]
  },
  {
    "timeStamp": 24680,
    "rotation": [
      [
        0.447824419,
        -0.893083155,
        0.04307747
      ],
      [
        -0.136599585,
        -0.0207240414,
        0.990409553
      ],
      [
        -0.8836254,
        -0.449413925,
        -0.13127552
      ]
    ],
    "translation": [
      2.20002341,
      0.8569397,
      -0.5438653
    ]
  },
  {
    "timeStamp": 24725,
    "rotation": [
      [
        0.428351223,
        -0.902206957,
        0.0503776446
      ],
      [
        -0.107557759,
        0.004447316,
        0.9941889
      ],
      [
        -0.8971882,
        -0.431280524,
        -0.09513434
      ]
    ],
    "translation": [
      2.20562387,
      0.8356271,
      -0.5506043
    ]
  },
  {
    "timeStamp": 24780,
    "rotation": [
      [
        0.394463271,
        -0.918244243,
        0.0350176357
      ],
      [
        -0.07106966,
        0.00750750862,
        0.9974431
      ],
      [
        -0.9161593,
        -0.395943373,
        -0.06229787
      ]
    ],
    "translation": [
      2.21553469,
      0.813486636,
      -0.5572629
    ]
  },
  {
    "timeStamp": 24825,
    "rotation": [
      [
        0.376454055,
        -0.9252135,
        0.04756322
      ],
      [
        -0.0301589761,
        0.03907398,
        0.9987811
      ],
      [
        -0.9259442,
        -0.377429664,
        -0.0131939333
      ]
    ],
    "translation": [
      2.217521,
      0.792760134,
      -0.566812932
    ]
  },
  {
    "timeStamp": 24880,
    "rotation": [
      [
        0.369756818,
        -0.9289209,
        0.0196423288
      ],
      [
        -0.007181459,
        0.0182826612,
        0.99980706
      ],
      [
        -0.9291008,
        -0.369826525,
        8.913079E-05
      ]
    ],
    "translation": [
      2.22092628,
      0.7775607,
      -0.5713633
    ]
  },
  {
    "timeStamp": 24926,
    "rotation": [
      [
        0.360313475,
        -0.9327538,
        -0.0120237879
      ],
      [
        0.0334596,
        4.169239E-05,
        0.9994401
      ],
      [
        -0.932231,
        -0.360514015,
        0.0312245917
      ]
    ],
    "translation": [
      2.22647166,
      0.7645921,
      -0.5779287
    ]
  },
  {
    "timeStamp": 24982,
    "rotation": [
      [
        0.346484244,
        -0.937365234,
        -0.0359876864
      ],
      [
        0.06411861,
        -0.0146087138,
        0.997835338
      ],
      [
        -0.9358619,
        -0.3480417,
        0.05504086
      ]
    ],
    "translation": [
      2.23139119,
      0.7529239,
      -0.5845986
    ]
  },
  {
    "timeStamp": 25028,
    "rotation": [
      [
        0.342807233,
        -0.935997069,
        -0.07995535
      ],
      [
        0.0796221942,
        -0.05585618,
        0.995259
      ],
      [
        -0.936025441,
        -0.347548157,
        0.0553782322
      ]
    ],
    "translation": [
      2.23795152,
      0.7496465,
      -0.587145567
    ]
  },
  {
    "timeStamp": 25074,
    "rotation": [
      [
        0.32871604,
        -0.939859033,
        -0.09279351
      ],
      [
        0.0890549943,
        -0.0669694543,
        0.993772745
      ],
      [
        -0.940220654,
        -0.3349328,
        0.061685212
      ]
    ],
    "translation": [
      2.2440033,
      0.745807052,
      -0.5908798
    ]
  },
  {
    "timeStamp": 25130,
    "rotation": [
      [
        0.3093232,
        -0.943982,
        -0.114966072
      ],
      [
        0.108606212,
        -0.08503626,
        0.9904411
      ],
      [
        -0.9447348,
        -0.318852425,
        0.07621862
      ]
    ],
    "translation": [
      2.2509203,
      0.741036654,
      -0.596134365
    ]
  },
  {
    "timeStamp": 25174,
    "rotation": [
      [
        0.291096449,
        -0.9459178,
        -0.1431867
      ],
      [
        0.120975077,
        -0.112071984,
        0.986308753
      ],
      [
        -0.9490142,
        -0.304433,
        0.08180872
      ]
    ],
    "translation": [
      2.25794673,
      0.74028486,
      -0.6001716
    ]
  },
  {
    "timeStamp": 25230,
    "rotation": [
      [
        0.271363229,
        -0.9526128,
        -0.137444
      ],
      [
        0.13079159,
        -0.10497994,
        0.9858361
      ],
      [
        -0.9535489,
        -0.285496175,
        0.0961060449
      ]
    ],
    "translation": [
      2.26129913,
      0.735630453,
      -0.605428636
    ]
  },
  {
    "timeStamp": 25274,
    "rotation": [
      [
        0.262972146,
        -0.9555538,
        -0.133276
      ],
      [
        0.13299112,
        -0.100918055,
        0.985965967
      ],
      [
        -0.955593467,
        -0.277006119,
        0.100541547
      ]
    ],
    "translation": [
      2.26215839,
      0.732884,
      -0.608548
    ]
  },
  {
    "timeStamp": 25330,
    "rotation": [
      [
        0.2553314,
        -0.9578814,
        -0.131412208
      ],
      [
        0.124444634,
        -0.102227867,
        0.9869463
      ],
      [
        -0.958811462,
        -0.268351942,
        0.09310121
      ]
    ],
    "translation": [
      2.26181,
      0.7343358,
      -0.6090849
    ]
  }
]