[
  {
    "id": "021 bleach cleanser(Clone)-13682",
    "pickRotation": [
      [
        0.443324685,
        0.522408664,
        0.7283903
      ],
      [
        -0.896191835,
        0.242534563,
        0.371506631
      ],
      [
        0.0174184721,
        -0.817475438,
        0.5757
      ]
    ],
    "pickTranslation": [
      0.00282602175,
      0.01667115,
      0.251872748
    ],
    "placeRotation": [
      [
        0.131421089,
        0.9908447,
        0.03090525
      ],
      [
        -0.0829072446,
        -0.0200806819,
        0.996354938
      ],
      [
        0.987853646,
        -0.133504316,
        0.0795091838
      ]
    ],
    "placeTranslation": [
      0.842348158,
      0.0559844822,
      0.497402
    ]
  },
  {
    "id": "021 bleach cleanser(Clone)-13706",
    "pickRotation": [
      [
        0.287710845,
        0.5231967,
        0.802176833
      ],
      [
        -0.9575322,
        0.140677422,
        0.251678228
      ],
      [
        0.0188290551,
        -0.8405207,
        0.541452169
      ]
    ],
    "pickTranslation": [
      0.0101233944,
      0.009232,
      0.248825788
    ],
    "placeRotation": [
      [
        0.09610135,
        0.9913628,
        -0.0892426446
      ],
      [
        -0.052919697,
        0.09461954,
        0.994105935
      ],
      [
        0.9939638,
        -0.09081221,
        0.0615556873
      ]
    ],
    "placeTranslation": [
      0.830835,
      0.04931685,
      -0.0130877942
    ]
  },
  {
    "id": "003 cracker box(Clone)-14016",
    "pickRotation": [
      [
        -0.978591144,
        0.0739244,
        0.1920796
      ],
      [
        -0.188326091,
        0.0548407249,
        -0.9805742
      ],
      [
        -0.0830221549,
        -0.995754838,
        -0.0397447534
      ]
    ],
    "pickTranslation": [
      0.0148538519,
      -0.06203977,
      0.206535265
    ],
    "placeRotation": [
      [
        0.998363554,
        -0.05570539,
        -0.0129260952
      ],
      [
        0.01258545,
        -0.006461617,
        0.9998999
      ],
      [
        -0.05578334,
        -0.9984263,
        -0.005749966
      ]
    ],
    "placeTranslation": [
      0.4929915,
      0.01530577,
      -0.7568451
    ]
  },
  {
    "id": "006 mustard bottle(Clone)-14028",
    "pickRotation": [
      [
        -0.6398832,
        -0.08954,
        -0.763237834
      ],
      [
        0.7679253,
        -0.111964621,
        -0.6306779
      ],
      [
        -0.028984746,
        -0.989669859,
        0.140404314
      ]
    ],
    "pickTranslation": [
      0.0155139882,
      -0.02216384,
      0.183069378
    ],
    "placeRotation": [
      [
        0.956460536,
        0.2892786,
        -0.038745
      ],
      [
        0.0265477523,
        0.0459712259,
        0.998589933
      ],
      [
        0.290651858,
        -0.956140459,
        0.0362899676
      ]
    ],
    "placeTranslation": [
      0.411410362,
      0.15447095,
      0.2336043
    ]
  },
  {
    "id": "025 mug(Clone)-13778",
    "pickRotation": [
      [
        -0.3151013,
        -0.01578152,
        -0.9489268
      ],
      [
        0.9202487,
        -0.249566674,
        -0.3014279
      ],
      [
        -0.232063532,
        -0.968229,
        0.09316171
      ]
    ],
    "pickTranslation": [
      0.007654491,
      0.0558036566,
      0.08415887
    ],
    "placeRotation": [
      [
        0.244091883,
        -0.9600086,
        -0.137122422
      ],
      [
        0.124192953,
        -0.109289154,
        0.9862211
      ],
      [
        -0.9617667,
        -0.25775817,
        0.09254972
      ]
    ],
    "placeTranslation": [
      -0.343518734,
      0.08462058,
      0.7202102
    ]
  },
  {
    "id": "015 peach(Clone)-13766",
    "pickRotation": [
      [
        -0.767585337,
        0.204331,
        0.607504368
      ],
      [
        -0.5681356,
        0.221860513,
        -0.7924644
      ],
      [
        -0.296706259,
        -0.9534289,
        -0.0542091466
      ]
    ],
    "pickTranslation": [
      0.0230537839,
      -0.006124282,
      0.05877423
    ],
    "placeRotation": [
      [
        0.812716067,
        0.5391644,
        -0.220894486
      ],
      [
        0.205075622,
        0.0901619047,
        0.97458446
      ],
      [
        0.5453775,
        -0.8373605,
        -0.0372934453
      ]
    ],
    "placeTranslation": [
      -0.288092643,
      0.365397424,
      0.4429587
    ]
  },
  {
    "id": "018 plum(Clone)-14040",
    "pickRotation": [
      [
        0.543970168,
        -0.597348034,
        0.5892976
      ],
      [
        -0.710509241,
        -0.7015162,
        -0.0552411526
      ],
      [
        0.446400017,
        -0.388651878,
        -0.806025267
      ]
    ],
    "pickTranslation": [
      0.0290870238,
      0.0408748165,
      0.0296314135
    ],
    "placeRotation": [
      [
        -0.656241834,
        0.398504376,
        -0.6407346
      ],
      [
        0.334154427,
        0.9148384,
        0.226741269
      ],
      [
        0.676526,
        -0.0653072149,
        -0.7335172
      ]
    ],
    "placeTranslation": [
      -0.317702472,
      0.39987886,
      0.6014903
    ]
  },
  {
    "id": "005 tomato soup can(Clone)-13992",
    "pickRotation": [
      [
        -0.4514873,
        -0.09196738,
        -0.8875253
      ],
      [
        0.8703411,
        -0.264591932,
        -0.415328056
      ],
      [
        -0.19663541,
        -0.9599651,
        0.199502915
      ]
    ],
    "pickTranslation": [
      0.008897696,
      0.0859186351,
      0.107717425
    ],
    "placeRotation": [
      [
        0.488703579,
        -0.87232697,
        0.014641297
      ],
      [
        0.0841007456,
        0.06380615,
        0.9944123
      ],
      [
        -0.868386865,
        -0.4847415,
        0.104545645
      ]
    ],
    "placeTranslation": [
      -0.5057362,
      0.0349173732,
      0.517884851
    ]
  },
  {
    "id": "016 pear(Clone)-14004",
    "pickRotation": [
      [
        -0.869959235,
        0.0445249155,
        -0.491109341
      ],
      [
        0.48509413,
        -0.101718172,
        -0.8685258
      ],
      [
        -0.08862578,
        -0.9938163,
        0.0668918937
      ]
    ],
    "pickTranslation": [
      0.031354256,
      0.008082278,
      0.0724900141
    ],
    "placeRotation": [
      [
        0.9668107,
        -0.144892231,
        0.210436031
      ],
      [
        -0.1874227,
        0.157554328,
        0.969561458
      ],
      [
        -0.173637,
        -0.976822853,
        0.125169113
      ]
    ],
    "placeTranslation": [
      -0.472066,
      0.149453014,
      -0.9443344
    ]
  },
  {
    "id": "016 pear(Clone)-13742",
    "pickRotation": [
      [
        -0.6206696,
        -0.392160833,
        -0.678954363
      ],
      [
        0.7060796,
        0.09695033,
        -0.701464355
      ],
      [
        0.3409117,
        -0.914773464,
        0.216722637
      ]
    ],
    "pickTranslation": [
      0.0440191738,
      -0.00583200157,
      0.07070402
    ],
    "placeRotation": [
      [
        0.41795525,
        -0.8846092,
        -0.206833273
      ],
      [
        0.256934047,
        -0.103275113,
        0.960895
      ],
      [
        -0.8713773,
        -0.454753578,
        0.184121847
      ]
    ],
    "placeTranslation": [
      -0.7766824,
      0.115729757,
      0.0688610151
    ]
  },
  {
    "id": "013 apple(Clone)-13694",
    "pickRotation": [
      [
        -0.637451768,
        0.071278505,
        -0.7671861
      ],
      [
        0.7693825,
        0.112260565,
        -0.6288467
      ],
      [
        0.0413014926,
        -0.991119,
        -0.126401126
      ]
    ],
    "pickTranslation": [
      -0.0124475341,
      -0.0101526752,
      0.08178778
    ],
    "placeRotation": [
      [
        0.6287996,
        -0.683512151,
        -0.37070483
      ],
      [
        0.0193509161,
        -0.462846071,
        0.8862274
      ],
      [
        -0.7773265,
        -0.5644329,
        -0.277810842
      ]
    ],
    "placeTranslation": [
      -0.7968928,
      0.3082291,
      0.6723403
    ]
  },
  {
    "id": "013 apple(Clone)-13730",
    "pickRotation": [
      [
        -0.0726287141,
        -0.118349172,
        -0.990312338
      ],
      [
        0.991868,
        -0.112619959,
        -0.059283942
      ],
      [
        -0.104512721,
        -0.9865649,
        0.1255662
      ]
    ],
    "pickTranslation": [
      0.00534561276,
      -0.0003931523,
      0.07831539
    ],
    "placeRotation": [
      [
        -0.07726032,
        -0.973322749,
        0.2160407
      ],
      [
        -0.00751366932,
        0.21725066,
        0.9760869
      ],
      [
        -0.996982634,
        0.07378953,
        -0.0240980815
      ]
    ],
    "placeTranslation": [
      -0.7396526,
      0.184402987,
      -0.4680598
    ]
  },
  {
    "id": "101 bread(Clone)-13754",
    "pickRotation": [
      [
        -0.9293162,
        -0.245617017,
        -0.2757601
      ],
      [
        0.2593007,
        -0.9656994,
        -0.013708123
      ],
      [
        -0.2629344,
        -0.08424397,
        0.9611288
      ]
    ],
    "pickTranslation": [
      0.014975952,
      0.0569821224,
      0.0075345696
    ],
    "placeRotation": [
      [
        0.05876792,
        -0.135504082,
        -0.9890323
      ],
      [
        0.650455356,
        0.7567554,
        -0.06503078
      ],
      [
        0.757267535,
        -0.639499664,
        0.1326123
      ]
    ],
    "placeTranslation": [
      -0.761557,
      0.7704274,
      -0.05075401
    ]
  },
  {
    "id": "102 toothbrush(Clone)-13718",
    "pickRotation": [
      [
        -0.244562611,
        -0.0220868979,
        -0.9693819
      ],
      [
        -0.112296708,
        -0.992368042,
        0.0509416461
      ],
      [
        -0.9631088,
        0.12131682,
        0.240215838
      ]
    ],
    "pickTranslation": [
      0.0216975342,
      0.016141519,
      0.029540645
    ],
    "placeRotation": [
      [
        0.9591999,
        -0.2827166,
        0.002631672
      ],
      [
        0.2732277,
        0.9293183,
        0.248423323
      ],
      [
        -0.07267906,
        -0.237568572,
        0.968648
      ]
    ],
    "placeTranslation": [
      -0.720703,
      0.8980706,
      0.0336357132
    ]
  }
]