[
  {
    "timeStamp": 29173,
    "rotation": [
      [
        0.0418752432,
        0.999108553,
        -0.00533623854
      ],
      [
        0.0381710678,
        0.00373722147,
        0.99926424
      ],
      [
        0.9983934,
        -0.04204812,
        -0.03798054
      ]
    ],
    "translation": [
      1.153743,
      0.700790346,
      -0.7482637
    ]
  },
  {
    "timeStamp": 29229,
    "rotation": [
      [
        0.06019295,
        0.996729434,
        0.05391964
      ],
      [
        0.0656618,
        -0.0578543656,
        0.996163368
      ],
      [
        0.996024847,
        -0.0564215742,
        -0.06892947
      ]
    ],
    "translation": [
      1.14925516,
      0.7105169,
      -0.7364558
    ]
  },
  {
    "timeStamp": 29273,
    "rotation": [
      [
        0.0725606158,
        0.990171,
        0.119567357
      ],
      [
        0.0517853126,
        -0.123461992,
        0.9909972
      ],
      [
        0.9960187,
        -0.0657155439,
        -0.0602347925
      ]
    ],
    "translation": [
      1.14389181,
      0.7342351,
      -0.7360223
    ]
  },
  {
    "timeStamp": 29329,
    "rotation": [
      [
        0.105533905,
        0.967835546,
        0.2283792
      ],
      [
        0.03312584,
        -0.2329558,
        0.971923
      ],
      [
        0.9938638,
        -0.09500558,
        -0.0566451
      ]
    ],
    "translation": [
      1.14709651,
      0.777100146,
      -0.7315788
    ]
  },
  {
    "timeStamp": 29373,
    "rotation": [
      [
        0.145887524,
        0.939000547,
        0.311439872
      ],
      [
        -0.006622418,
        -0.313873976,
        0.949441552
      ],
      [
        0.989279,
        -0.140574157,
        -0.03957184
      ]
    ],
    "translation": [
      1.15610421,
      0.8168063,
      -0.727151752
    ]
  },
  {
    "timeStamp": 29429,
    "rotation": [
      [
        0.209220022,
        0.890315831,
        0.404431432
      ],
      [
        -0.0378790647,
        -0.405895442,
        0.9131342
      ],
      [
        0.977134645,
        -0.206365436,
        -0.05119712
      ]
    ],
    "translation": [
      1.18509638,
      0.863667369,
      -0.712937236
    ]
  },
  {
    "timeStamp": 29473,
    "rotation": [
      [
        0.277173638,
        0.8385469,
        0.469056338
      ],
      [
        -0.06021054,
        -0.472065061,
        0.8795051
      ],
      [
        0.9589314,
        -0.272017777,
        -0.08035463
      ]
    ],
    "translation": [
      1.2151649,
      0.9017023,
      -0.693967342
    ]
  },
  {
    "timeStamp": 29529,
    "rotation": [
      [
        0.383743137,
        0.7604596,
        0.523872435
      ],
      [
        -0.0770616159,
        -0.538955,
        0.838802159
      ],
      [
        0.9202188,
        -0.362255037,
        -0.148218021
      ]
    ],
    "translation": [
      1.268129,
      0.9409703,
      -0.661283135
    ]
  },
  {
    "timeStamp": 29573,
    "rotation": [
      [
        0.495693356,
        0.6767007,
        0.5443935
      ],
      [
        -0.08232047,
        -0.5873917,
        0.8051052
      ],
      [
        0.8645874,
        -0.443900019,
        -0.2354598
      ]
    ],
    "translation": [
      1.32243741,
      0.9724661,
      -0.622174263
    ]
  },
  {
    "timeStamp": 29628,
    "rotation": [
      [
        0.63578,
        0.5842402,
        0.5044277
      ],
      [
        -0.04006647,
        -0.6276526,
        0.7774619
      ],
      [
        0.770829737,
        -0.5145053,
        -0.375640482
      ]
    ],
    "translation": [
      1.40847158,
      1.00747061,
      -0.5765043
    ]
  },
  {
    "timeStamp": 29673,
    "rotation": [
      [
        0.7418311,
        0.5007873,
        0.4459805
      ],
      [
        0.00525769452,
        -0.6693832,
        0.7428987
      ],
      [
        0.6705661,
        -0.548760533,
        -0.499202341
      ]
    ],
    "translation": [
      1.48709953,
      1.04180288,
      -0.538968861
    ]
  },
  {
    "timeStamp": 29728,
    "rotation": [
      [
        0.8442551,
        0.393579364,
        0.3637699
      ],
      [
        0.0247042216,
        -0.7066065,
        0.7071753
      ],
      [
        0.5353718,
        -0.5880497,
        -0.6062792
      ]
    ],
    "translation": [
      1.587449,
      1.08115435,
      -0.5140182
    ]
  },
  {
    "timeStamp": 29773,
    "rotation": [
      [
        0.9013713,
        0.340633452,
        0.267392457
      ],
      [
        0.05969688,
        -0.7093121,
        0.702362239
      ],
      [
        0.428912759,
        -0.617126644,
        -0.659688234
      ]
    ],
    "translation": [
      1.67001176,
      1.099043,
      -0.5003913
    ]
  },
  {
    "timeStamp": 29828,
    "rotation": [
      [
        0.945389,
        0.273336351,
        0.177558377
      ],
      [
        0.07465265,
        -0.711849332,
        0.698353469
      ],
      [
        0.3172802,
        -0.646960437,
        -0.69337976
      ]
    ],
    "translation": [
      1.76154864,
      1.115931,
      -0.5013289
    ]
  },
  {
    "timeStamp": 29873,
    "rotation": [
      [
        0.9666805,
        0.238412455,
        0.09321115
      ],
      [
        0.101684771,
        -0.691797,
        0.71489656
      ],
      [
        0.234923452,
        -0.6815984,
        -0.6929896
      ]
    ],
    "translation": [
      1.83591366,
      1.11734855,
      -0.507865667
    ]
  },
  {
    "timeStamp": 29928,
    "rotation": [
      [
        0.981117666,
        0.190890849,
        0.03112623
      ],
      [
        0.104212269,
        -0.6573193,
        0.746372
      ],
      [
        0.162935451,
        -0.729035,
        -0.664800763
      ]
    ],
    "translation": [
      1.9093082,
      1.1109134,
      -0.522639036
    ]
  },
  {
    "timeStamp": 29973,
    "rotation": [
      [
        0.9871354,
        0.159649491,
        -0.008699054
      ],
      [
        0.108204834,
        -0.627010167,
        0.7714596
      ],
      [
        0.117708735,
        -0.7624764,
        -0.6362188
      ]
    ],
    "translation": [
      1.9648236,
      1.10022974,
      -0.5371951
    ]
  },
  {
    "timeStamp": 30028,
    "rotation": [
      [
        0.9925543,
        0.121175893,
        -0.0123435548
      ],
      [
        0.07707708,
        -0.546386957,
        0.8339787
      ],
      [
        0.09431376,
        -0.82872057,
        -0.55165863
      ]
    ],
    "translation": [
      2.010335,
      1.07328808,
      -0.5572926
    ]
  },
  {
    "timeStamp": 30073,
    "rotation": [
      [
        0.9942965,
        0.10631147,
        -0.008504891
      ],
      [
        0.0575902835,
        -0.4680787,
        0.881808162
      ],
      [
        0.08976536,
        -0.877268553,
        -0.47153154
      ]
    ],
    "translation": [
      2.035115,
      1.04354429,
      -0.5776128
    ]
  },
  {
    "timeStamp": 30128,
    "rotation": [
      [
        0.9954091,
        0.09519595,
        -0.009923896
      ],
      [
        0.04610991,
        -0.386101633,
        0.9213031
      ],
      [
        0.08387268,
        -0.9175311,
        -0.388718545
      ]
    ],
    "translation": [
      2.05819631,
      1.01345015,
      -0.5949559
    ]
  },
  {
    "timeStamp": 30173,
    "rotation": [
      [
        0.9961375,
        0.08711371,
        0.0110141132
      ],
      [
        0.0191045217,
        -0.337451518,
        0.941149056
      ],
      [
        0.0857037157,
        -0.9373035,
        -0.337812364
      ]
    ],
    "translation": [
      2.06655812,
      0.991311252,
      -0.6074787
    ]
  },
  {
    "timeStamp": 30228,
    "rotation": [
      [
        0.99519974,
        0.09761052,
        0.007049463
      ],
      [
        0.022139011,
        -0.294715077,
        0.9553287
      ],
      [
        0.09532771,
        -0.9505868,
        -0.2954614
      ]
    ],
    "translation": [
      2.07719326,
      0.96927,
      -0.614346
    ]
  },
  {
    "timeStamp": 30283,
    "rotation": [
      [
        0.995140731,
        0.0984113738,
        -0.00317418552
      ],
      [
        0.0298046488,
        -0.270347774,
        0.962301254
      ],
      [
        0.09384325,
        -0.957719743,
        -0.2719672
      ]
    ],
    "translation": [
      2.084681,
      0.95585686,
      -0.617877245
    ]
  },
  {
    "timeStamp": 30325,
    "rotation": [
      [
        0.9951669,
        0.09675232,
        0.0167906936
      ],
      [
        0.008044424,
        -0.250736147,
        0.968022048
      ],
      [
        0.09786842,
        -0.9632084,
        -0.2503026
      ]
    ],
    "translation": [
      2.08653831,
      0.943520665,
      -0.619430065
    ]
  },
  {
    "timeStamp": 30379,
    "rotation": [
      [
        0.99443084,
        0.104372606,
        0.0146166813
      ],
      [
        0.00973830651,
        -0.2290955,
        0.973355234
      ],
      [
        0.104940236,
        -0.967792153,
        -0.22883606
      ]
    ],
    "translation": [
      2.09254885,
      0.933068454,
      -0.621225655
    ]
  },
  {
    "timeStamp": 30423,
    "rotation": [
      [
        0.993120134,
        0.106566988,
        0.0485377423
      ],
      [
        -0.0250876416,
        -0.211244851,
        0.977111161
      ],
      [
        0.114381142,
        -0.971606433,
        -0.20711799
      ]
    ],
    "translation": [
      2.087561,
      0.9250189,
      -0.624588
    ]
  },
  {
    "timeStamp": 30479,
    "rotation": [
      [
        0.9925689,
        0.113865182,
        0.042914
      ],
      [
        -0.0203511529,
        -0.192363828,
        0.9811126
      ],
      [
        0.119969673,
        -0.9746952,
        -0.18861708
      ]
    ],
    "translation": [
      2.09064651,
      0.914090037,
      -0.6264887
    ]
  },
  {
    "timeStamp": 30523,
    "rotation": [
      [
        0.992248654,
        0.11391183,
        0.04966618
      ],
      [
        -0.0276063811,
        -0.187623143,
        0.981853068
      ],
      [
        0.121163204,
        -0.9756135,
        -0.183024123
      ]
    ],
    "translation": [
      2.090202,
      0.9072256,
      -0.6265228
    ]
  },
  {
    "timeStamp": 30579,
    "rotation": [
      [
        0.9924278,
        0.116677649,
        0.0383838043
      ],
      [
        -0.01739389,
        -0.175848559,
        0.984263539
      ],
      [
        0.121591292,
        -0.977478147,
        -0.172487527
      ]
    ],
    "translation": [
      2.093151,
      0.8966299,
      -0.6279509
    ]
  },
  {
    "timeStamp": 30623,
    "rotation": [
      [
        0.9925925,
        0.115154445,
        0.0387243778
      ],
      [
        -0.0186538585,
        -0.17050831,
        0.985179663
      ],
      [
        0.120050639,
        -0.9786043,
        -0.1670972
      ]
    ],
    "translation": [
      2.09469247,
      0.890918255,
      -0.6266639
    ]
  },
  {
    "timeStamp": 30678,
    "rotation": [
      [
        0.99268645,
        0.114893071,
        0.03705834
      ],
      [
        -0.0179211777,
        -0.163322344,
        0.986409962
      ],
      [
        0.119384132,
        -0.9798599,
        -0.16006884
      ]
    ],
    "translation": [
      2.09550881,
      0.885126,
      -0.6247175
    ]
  },
  {
    "timeStamp": 30724,
    "rotation": [
      [
        0.992773056,
        0.115393527,
        0.0329531543
      ],
      [
        -0.0144901117,
        -0.157321692,
        0.9874411
      ],
      [
        0.119128555,
        -0.980782449,
        -0.154512689
      ]
    ],
    "translation": [
      2.096551,
      0.88005,
      -0.624016166
    ]
  },
  {
    "timeStamp": 30780,
    "rotation": [
      [
        0.9923072,
        0.118679091,
        0.0352377556
      ],
      [
        -0.0177919976,
        -0.144968644,
        0.9892763
      ],
      [
        0.122514769,
        -0.9822929,
        -0.141741887
      ]
    ],
    "translation": [
      2.09500742,
      0.872801542,
      -0.624632657
    ]
  },
  {
    "timeStamp": 30826,
    "rotation": [
      [
        0.992187142,
        0.119771205,
        0.034921445
      ],
      [
        -0.0184426624,
        -0.136028364,
        0.9905333
      ],
      [
        0.123387665,
        -0.983438432,
        -0.1327567
      ]
    ],
    "translation": [
      2.09540844,
      0.866276145,
      -0.6248632
    ]
  },
  {
    "timeStamp": 30883,
    "rotation": [
      [
        0.9923806,
        0.1178624,
        0.0359031968
      ],
      [
        -0.0211563576,
        -0.124064609,
        0.992048562
      ],
      [
        0.121379554,
        -0.985249341,
        -0.120625779
      ]
    ],
    "translation": [
      2.09440255,
      0.8584846,
      -0.625550568
    ]
  },
  {
    "timeStamp": 30928,
    "rotation": [
      [
        0.9929016,
        0.113698415,
        0.0349131525
      ],
      [
        -0.0217686333,
        -0.114862092,
        0.9931429
      ],
      [
        0.116928972,
        -0.986853242,
        -0.1115717
      ]
    ],
    "translation": [
      2.0950458,
      0.8515076,
      -0.6247588
    ]
  },
  {
    "timeStamp": 30984,
    "rotation": [
      [
        0.9929511,
        0.111984693,
        0.0388257653
      ],
      [
        -0.0277618729,
        -0.0987179354,
        0.994728148
      ],
      [
        0.115227111,
        -0.9887943,
        -0.0949131846
      ]
    ],
    "translation": [
      2.09333682,
      0.8428812,
      -0.626197159
    ]
  },
  {
    "timeStamp": 31028,
    "rotation": [
      [
        0.9928554,
        0.112128876,
        0.0408074148
      ],
      [
        -0.0311694425,
        -0.08640198,
        0.99577266
      ],
      [
        0.1151807,
        -0.9899302,
        -0.08228967
      ]
    ],
    "translation": [
      2.09282255,
      0.83504647,
      -0.624950349
    ]
  },
  {
    "timeStamp": 31084,
    "rotation": [
      [
        0.993240237,
        0.110006683,
        0.0370454453
      ],
      [
        -0.0286394078,
        -0.07703449,
        0.996617
      ],
      [
        0.112488307,
        -0.990941048,
        -0.07336323
      ]
    ],
    "translation": [
      2.09243345,
      0.826377869,
      -0.6235983
    ]
  },
  {
    "timeStamp": 31128,
    "rotation": [
      [
        0.9930688,
        0.113684386,
        0.0298365969
      ],
      [
        -0.021693496,
        -0.07220469,
        0.9971539
      ],
      [
        0.115515172,
        -0.990889668,
        -0.06923801
      ]
    ],
    "translation": [
      2.092637,
      0.81946,
      -0.6230461
    ]
  },
  {
    "timeStamp": 31173,
    "rotation": [
      [
        0.9927844,
        0.117888987,
        0.0219377223
      ],
      [
        -0.009402405,
        -0.105853267,
        0.9943373
      ],
      [
        0.1195436,
        -0.9873688,
        -0.103981033
      ]
    ],
    "translation": [
      2.09380913,
      0.816686869,
      -0.613093853
    ]
  },
  {
    "timeStamp": 31226,
    "rotation": [
      [
        0.9883575,
        0.150843471,
        0.0198922642
      ],
      [
        -0.000501152943,
        -0.127513364,
        0.9918367
      ],
      [
        0.152148619,
        -0.980299234,
        -0.1259532
      ]
    ],
    "translation": [
      2.093281,
      0.80942893,
      -0.6051139
    ]
  }
]