[
  {
    "timeStamp": 10580,
    "rotation": [
      [
        0.9999986,
        -0.0009954228,
        -0.00133910775
      ],
      [
        0.00137144281,
        0.03322593,
        0.9994469
      ],
      [
        -0.0009503794,
        -0.999447346,
        0.0332272537
      ]
    ],
    "translation": [
      1.61596143,
      0.705710769,
      -0.359758019
    ]
  },
  {
    "timeStamp": 10625,
    "rotation": [
      [
        0.999998569,
        -0.00137509638,
        -0.000975201663
      ],
      [
        0.001019487,
        0.03258108,
        0.999468565
      ],
      [
        -0.00134259183,
        -0.999468148,
        0.032582432
      ]
    ],
    "translation": [
      1.61596632,
      0.705907166,
      -0.359724
    ]
  },
  {
    "timeStamp": 10683,
    "rotation": [
      [
        0.9993856,
        -0.0256750472,
        0.0238583051
      ],
      [
        -0.0224918816,
        0.0522532575,
        0.998380542
      ],
      [
        -0.0268801451,
        -0.9983038,
        0.0516436733
      ]
    ],
    "translation": [
      1.61666989,
      0.7135879,
      -0.357875764
    ]
  },
  {
    "timeStamp": 10725,
    "rotation": [
      [
        0.9959588,
        -0.0379762538,
        0.08138619
      ],
      [
        -0.0795655251,
        0.0472167544,
        0.995710731
      ],
      [
        -0.0416561775,
        -0.998162448,
        0.0440043435
      ]
    ],
    "translation": [
      1.61428165,
      0.733770967,
      -0.359643042
    ]
  },
  {
    "timeStamp": 10781,
    "rotation": [
      [
        0.9862731,
        -0.0464183278,
        0.158463523
      ],
      [
        -0.156761989,
        0.0382746272,
        0.9868945
      ],
      [
        -0.0518751219,
        -0.998188555,
        0.0304726064
      ]
    ],
    "translation": [
      1.61370087,
      0.7672309,
      -0.367940575
    ]
  },
  {
    "timeStamp": 10826,
    "rotation": [
      [
        0.9743917,
        -0.07410602,
        0.212294847
      ],
      [
        -0.211214423,
        0.0222145785,
        0.9771873
      ],
      [
        -0.0771315,
        -0.9970029,
        0.00599344075
      ]
    ],
    "translation": [
      1.61891258,
      0.794972539,
      -0.3743715
    ]
  },
  {
    "timeStamp": 10881,
    "rotation": [
      [
        0.954470336,
        -0.145994768,
        0.260138184
      ],
      [
        -0.2647426,
        -0.012702697,
        0.9642354
      ],
      [
        -0.137468874,
        -0.9892038,
        -0.0507753864
      ]
    ],
    "translation": [
      1.63215411,
      0.8277824,
      -0.378692925
    ]
  },
  {
    "timeStamp": 10926,
    "rotation": [
      [
        0.9276203,
        -0.2209148,
        0.301193118
      ],
      [
        -0.313189983,
        -0.0205887035,
        0.9494673
      ],
      [
        -0.2035502,
        -0.9750758,
        -0.0882868
      ]
    ],
    "translation": [
      1.6496985,
      0.8572581,
      -0.384863526
    ]
  },
  {
    "timeStamp": 10982,
    "rotation": [
      [
        0.8679415,
        -0.3665361,
        0.335155
      ],
      [
        -0.372725725,
        -0.03469598,
        0.9272927
      ],
      [
        -0.32825774,
        -0.9297567,
        -0.1667315
      ]
    ],
    "translation": [
      1.68032646,
      0.893963754,
      -0.385592639
    ]
  },
  {
    "timeStamp": 11026,
    "rotation": [
      [
        0.7976769,
        -0.487624884,
        0.354871
      ],
      [
        -0.415434271,
        -0.0177283175,
        0.9094504
      ],
      [
        -0.4371794,
        -0.8728732,
        -0.216717571
      ]
    ],
    "translation": [
      1.716625,
      0.9233408,
      -0.387519419
    ]
  },
  {
    "timeStamp": 11082,
    "rotation": [
      [
        0.695356667,
        -0.6378779,
        0.331045061
      ],
      [
        -0.447545826,
        -0.0239377525,
        0.893940568
      ],
      [
        -0.562300444,
        -0.7697654,
        -0.302124858
      ]
    ],
    "translation": [
      1.7734803,
      0.9537754,
      -0.3895746
    ]
  },
  {
    "timeStamp": 11126,
    "rotation": [
      [
        0.596437752,
        -0.747608364,
        0.2921364
      ],
      [
        -0.4676427,
        -0.0278534666,
        0.883478642
      ],
      [
        -0.652359,
        -0.663555443,
        -0.366226435
      ]
    ],
    "translation": [
      1.82979083,
      0.976222932,
      -0.393875182
    ]
  },
  {
    "timeStamp": 11181,
    "rotation": [
      [
        0.463094562,
        -0.8568746,
        0.226515561
      ],
      [
        -0.4874152,
        -0.03276082,
        0.872555554
      ],
      [
        -0.7402499,
        -0.514482856,
        -0.432825059
      ]
    ],
    "translation": [
      1.90792251,
      0.998934,
      -0.404905677
    ]
  },
  {
    "timeStamp": 11226,
    "rotation": [
      [
        0.3698972,
        -0.918697238,
        0.138460949
      ],
      [
        -0.481528044,
        -0.0621201955,
        0.8742264
      ],
      [
        -0.794548154,
        -0.390046746,
        -0.4653566
      ]
    ],
    "translation": [
      1.97184873,
      1.00794852,
      -0.416795015
    ]
  },
  {
    "timeStamp": 11282,
    "rotation": [
      [
        0.258589447,
        -0.965892136,
        0.0135579845
      ],
      [
        -0.4394414,
        -0.105125457,
        0.8920986
      ],
      [
        -0.8602457,
        -0.236645222,
        -0.451637357
      ]
    ],
    "translation": [
      2.05235171,
      1.00573444,
      -0.439618021
    ]
  },
  {
    "timeStamp": 11323,
    "rotation": [
      [
        0.197288767,
        -0.9803036,
        -0.00905599352
      ],
      [
        -0.3908446,
        -0.0871235,
        0.9163242
      ],
      [
        -0.8990649,
        -0.177240983,
        -0.400334835
      ]
    ],
    "translation": [
      2.08804035,
      0.9951112,
      -0.455630183
    ]
  },
  {
    "timeStamp": 11376,
    "rotation": [
      [
        0.104921155,
        -0.994319141,
        -0.0179177523
      ],
      [
        -0.218306661,
        -0.0406061,
        0.9750351
      ],
      [
        -0.9702236,
        -0.0983902439,
        -0.221326917
      ]
    ],
    "translation": [
      2.14139938,
      0.952887,
      -0.497349232
    ]
  },
  {
    "timeStamp": 11432,
    "rotation": [
      [
        0.112991951,
        -0.992789149,
        -0.04003135
      ],
      [
        -0.07490806,
        -0.04868635,
        0.996001244
      ],
      [
        -0.9907682,
        -0.109541476,
        -0.07986908
      ]
    ],
    "translation": [
      2.16448283,
      0.9093785,
      -0.5317222
    ]
  },
  {
    "timeStamp": 11476,
    "rotation": [
      [
        0.06136179,
        -0.9980099,
        0.0145267975
      ],
      [
        -0.05884616,
        0.0109115662,
        0.99820745
      ],
      [
        -0.996379435,
        -0.06210663,
        -0.0580595
      ]
    ],
    "translation": [
      2.17355,
      0.8898056,
      -0.5405059
    ]
  },
  {
    "timeStamp": 11532,
    "rotation": [
      [
        0.05484482,
        -0.996159434,
        -0.0682522953
      ],
      [
        0.006537424,
        -0.06799547,
        0.9976642
      ],
      [
        -0.998473465,
        -0.0551629066,
        0.00278311758
      ]
    ],
    "translation": [
      2.19722128,
      0.8597974,
      -0.551055
    ]
  },
  {
    "timeStamp": 11576,
    "rotation": [
      [
        -0.0193838,
        -0.999811232,
        -0.00133062876
      ],
      [
        -0.0181974657,
        -0.0009778563,
        0.999833941
      ],
      [
        -0.9996465,
        0.0194047932,
        -0.0181750748
      ]
    ],
    "translation": [
      2.20680761,
      0.852247536,
      -0.546127439
    ]
  },
  {
    "timeStamp": 11631,
    "rotation": [
      [
        -0.02290982,
        -0.9992086,
        -0.03251469
      ],
      [
        0.00222406,
        -0.0325740874,
        0.999466836
      ],
      [
        -0.999735057,
        0.0228252877,
        0.00296856626
      ]
    ],
    "translation": [
      2.21942782,
      0.839494646,
      -0.5438719
    ]
  },
  {
    "timeStamp": 11676,
    "rotation": [
      [
        -0.04568142,
        -0.998955548,
        0.00104644615
      ],
      [
        -0.004564308,
        0.00125625066,
        0.9999888
      ],
      [
        -0.998945653,
        0.04567613,
        -0.00461692829
      ]
    ],
    "translation": [
      2.22273755,
      0.835787,
      -0.5379204
    ]
  },
  {
    "timeStamp": 11732,
    "rotation": [
      [
        -0.0441070162,
        -0.9986514,
        -0.0273871459
      ],
      [
        0.008065934,
        -0.0277689081,
        0.9995818
      ],
      [
        -0.9989943,
        0.0438676625,
        0.009279859
      ]
    ],
    "translation": [
      2.23125076,
      0.8291513,
      -0.5328573
    ]
  },
  {
    "timeStamp": 11776,
    "rotation": [
      [
        -0.0461331978,
        -0.9986283,
        -0.024764156
      ],
      [
        0.0234774612,
        -0.0258676149,
        0.999389648
      ],
      [
        -0.9986594,
        0.045523636,
        0.0246386137
      ]
    ],
    "translation": [
      2.23427773,
      0.823709,
      -0.529637039
    ]
  },
  {
    "timeStamp": 11833,
    "rotation": [
      [
        -0.0553472,
        -0.9982537,
        -0.0206441451
      ],
      [
        0.0194638427,
        -0.0217506029,
        0.999573946
      ],
      [
        -0.9982774,
        0.0549218059,
        0.0206336882
      ]
    ],
    "translation": [
      2.23867869,
      0.820591,
      -0.5223953
    ]
  },
  {
    "timeStamp": 11879,
    "rotation": [
      [
        -0.05093546,
        -0.9986619,
        -0.008944131
      ],
      [
        0.0190527346,
        -0.009925809,
        0.9997692
      ],
      [
        -0.9985202,
        0.0507532954,
        0.0195328146
      ]
    ],
    "translation": [
      2.23858261,
      0.8175619,
      -0.517141938
    ]
  },
  {
    "timeStamp": 11925,
    "rotation": [
      [
        -0.0554386675,
        -0.9979698,
        -0.03135127
      ],
      [
        0.0141259711,
        -0.03218036,
        0.999382257
      ],
      [
        -0.9983622,
        0.05496156,
        0.0158813279
      ]
    ],
    "translation": [
      2.24218321,
      0.8143799,
      -0.513637543
    ]
  }
]