[
  {
    "timeStamp": 48063,
    "rotation": [
      [
        0.982558846,
        -0.185484111,
        -0.0131819686
      ],
      [
        0.006830272,
        -0.03484133,
        0.9993695
      ],
      [
        -0.185826451,
        -0.9820294,
        -0.03296675
      ]
    ],
    "translation": [
      1.30235362,
      0.701359749,
      -0.635891438
    ]
  },
  {
    "timeStamp": 48108,
    "rotation": [
      [
        0.9760317,
        -0.2161364,
        -0.0254395455
      ],
      [
        0.0138137443,
        -0.0551308,
        0.9983836
      ],
      [
        -0.217189535,
        -0.9748055,
        -0.0508237556
      ]
    ],
    "translation": [
      1.307666,
      0.7037051,
      -0.6320304
    ]
  },
  {
    "timeStamp": 48153,
    "rotation": [
      [
        0.9623059,
        -0.271962941,
        0.00188674266
      ],
      [
        -0.0168539733,
        -0.05270875,
        0.9984677
      ],
      [
        -0.271446764,
        -0.9608631,
        -0.0553055964
      ]
    ],
    "translation": [
      1.31716549,
      0.716203,
      -0.6282423
    ]
  },
  {
    "timeStamp": 48209,
    "rotation": [
      [
        0.9436134,
        -0.323102921,
        0.07209884
      ],
      [
        -0.09383719,
        -0.0521939956,
        0.994218469
      ],
      [
        -0.317471772,
        -0.9449234,
        -0.0795700252
      ]
    ],
    "translation": [
      1.33678865,
      0.744300365,
      -0.624238253
    ]
  },
  {
    "timeStamp": 48254,
    "rotation": [
      [
        0.9168706,
        -0.375573218,
        0.135251775
      ],
      [
        -0.159730867,
        -0.0346661322,
        0.9865517
      ],
      [
        -0.36583373,
        -0.9261442,
        -0.0917749852
      ]
    ],
    "translation": [
      1.35885441,
      0.771355569,
      -0.621800661
    ]
  },
  {
    "timeStamp": 48309,
    "rotation": [
      [
        0.8784832,
        -0.437544,
        0.191892192
      ],
      [
        -0.228373036,
        -0.0317685753,
        0.973055243
      ],
      [
        -0.419658333,
        -0.8986357,
        -0.1278314
      ]
    ],
    "translation": [
      1.403743,
      0.8063899,
      -0.61916703
    ]
  },
  {
    "timeStamp": 48354,
    "rotation": [
      [
        0.8382449,
        -0.4983931,
        0.221245885
      ],
      [
        -0.271119654,
        -0.0288956873,
        0.962111831
      ],
      [
        -0.473116845,
        -0.8664695,
        -0.159345835
      ]
    ],
    "translation": [
      1.44715178,
      0.831999958,
      -0.615984261
    ]
  },
  {
    "timeStamp": 48409,
    "rotation": [
      [
        0.779863238,
        -0.580810547,
        0.2333935
      ],
      [
        -0.3130557,
        -0.0390245728,
        0.9489327
      ],
      [
        -0.542042,
        -0.813102841,
        -0.212259874
      ]
    ],
    "translation": [
      1.51055419,
      0.859102666,
      -0.6117255
    ]
  },
  {
    "timeStamp": 48453,
    "rotation": [
      [
        0.7105567,
        -0.6694372,
        0.216709569
      ],
      [
        -0.3376982,
        -0.0542454,
        0.939690053
      ],
      [
        -0.617308,
        -0.740885437,
        -0.2646122
      ]
    ],
    "translation": [
      1.57273018,
      0.8792788,
      -0.6040758
    ]
  },
  {
    "timeStamp": 48509,
    "rotation": [
      [
        0.60119915,
        -0.780813634,
        0.169969648
      ],
      [
        -0.3637467,
        -0.07801361,
        0.9282253
      ],
      [
        -0.711511,
        -0.6198742,
        -0.33092007
      ]
    ],
    "translation": [
      1.65700912,
      0.901090741,
      -0.5991473
    ]
  },
  {
    "timeStamp": 48554,
    "rotation": [
      [
        0.491364539,
        -0.86309737,
        0.116721325
      ],
      [
        -0.388662726,
        -0.09736153,
        0.9162216
      ],
      [
        -0.77942425,
        -0.495564044,
        -0.383293748
      ]
    ],
    "translation": [
      1.73393989,
      0.9201661,
      -0.5980082
    ]
  },
  {
    "timeStamp": 48609,
    "rotation": [
      [
        0.356680125,
        -0.933589935,
        0.0344838575
      ],
      [
        -0.416029423,
        -0.125678748,
        0.900624454
      ],
      [
        -0.83648,
        -0.335581154,
        -0.433228
      ]
    ],
    "translation": [
      1.82581115,
      0.9406599,
      -0.6087583
    ]
  },
  {
    "timeStamp": 48653,
    "rotation": [
      [
        0.249299437,
        -0.966804564,
        -0.05602455
      ],
      [
        -0.4364065,
        -0.163798988,
        0.884714246
      ],
      [
        -0.8645225,
        -0.1961093,
        -0.462754816
      ]
    ],
    "translation": [
      1.90287375,
      0.9548797,
      -0.6242669
    ]
  },
  {
    "timeStamp": 48709,
    "rotation": [
      [
        0.110768281,
        -0.9831024,
        -0.145739645
      ],
      [
        -0.452640176,
        -0.180453539,
        0.873243034
      ],
      [
        -0.884786546,
        -0.0307600163,
        -0.464980185
      ]
    ],
    "translation": [
      1.98912668,
      0.9628006,
      -0.6521373
    ]
  },
  {
    "timeStamp": 48754,
    "rotation": [
      [
        0.0199473072,
        -0.978073657,
        -0.207301527
      ],
      [
        -0.440366149,
        -0.194742158,
        0.876443446
      ],
      [
        -0.8975966,
        0.0738059,
        -0.434595138
      ]
    ],
    "translation": [
      2.0510397,
      0.956367552,
      -0.6757195
    ]
  },
  {
    "timeStamp": 48805,
    "rotation": [
      [
        -0.122695222,
        -0.9677852,
        -0.219858542
      ],
      [
        -0.397145838,
        -0.155142471,
        0.9045474
      ],
      [
        -0.909517,
        0.198299557,
        -0.3653166
      ]
    ],
    "translation": [
      2.1071136,
      0.9365219,
      -0.6992864
    ]
  },
  {
    "timeStamp": 48859,
    "rotation": [
      [
        -0.249466226,
        -0.9452159,
        -0.2105554
      ],
      [
        -0.30839178,
        -0.128565088,
        0.942531466
      ],
      [
        -0.91796577,
        0.300063282,
        -0.25942415
      ]
    ],
    "translation": [
      2.16432071,
      0.9010335,
      -0.7288391
    ]
  },
  {
    "timeStamp": 48904,
    "rotation": [
      [
        -0.226973191,
        -0.9486372,
        -0.2203878
      ],
      [
        -0.225452378,
        -0.168966919,
        0.9594902
      ],
      [
        -0.9474463,
        0.2674655,
        -0.175521538
      ]
    ],
    "translation": [
      2.18290877,
      0.875344157,
      -0.739626
    ]
  },
  {
    "timeStamp": 48959,
    "rotation": [
      [
        -0.216919973,
        -0.9699167,
        -0.110487029
      ],
      [
        -0.16278784,
        -0.07565636,
        0.9837562
      ],
      [
        -0.9625206,
        0.23138231,
        -0.141479269
      ]
    ],
    "translation": [
      2.180999,
      0.848267138,
      -0.738042057
    ]
  },
  {
    "timeStamp": 49004,
    "rotation": [
      [
        -0.148492455,
        -0.9803709,
        -0.129703075
      ],
      [
        -0.152264759,
        -0.106926993,
        0.9825386
      ],
      [
        -0.977121,
        0.165648773,
        -0.1333981
      ]
    ],
    "translation": [
      2.17889071,
      0.8410436,
      -0.731817961
    ]
  },
  {
    "timeStamp": 49059,
    "rotation": [
      [
        -0.101269469,
        -0.9914975,
        -0.0817139149
      ],
      [
        -0.142355859,
        -0.06684911,
        0.987555563
      ],
      [
        -0.9846214,
        0.11164169,
        -0.1343757
      ]
    ],
    "translation": [
      2.16726041,
      0.8309664,
      -0.7211517
    ]
  },
  {
    "timeStamp": 49104,
    "rotation": [
      [
        -0.0907435045,
        -0.994609058,
        -0.0501836166
      ],
      [
        -0.14478147,
        -0.0366804972,
        0.988783538
      ],
      [
        -0.9852938,
        0.09699134,
        -0.140672445
      ]
    ],
    "translation": [
      2.160452,
      0.8236157,
      -0.7114683
    ]
  }
]