[
  {
    "timeStamp": 58493,
    "rotation": [
      [
        -0.2857383,
        0.95817703,
        -0.0158232488
      ],
      [
        -0.115662768,
        -0.0180914756,
        0.99312377
      ],
      [
        0.9513021,
        0.285603642,
        0.115994841
      ]
    ],
    "translation": [
      1.15402794,
      0.702828765,
      -0.355912983
    ]
  },
  {
    "timeStamp": 58549,
    "rotation": [
      [
        -0.2679153,
        0.9634308,
        0.004734718
      ],
      [
        -0.09861078,
        -0.0323100463,
        0.9946014
      ],
      [
        0.958382666,
        0.266002059,
        0.103661023
      ]
    ],
    "translation": [
      1.16099119,
      0.710528,
      -0.362853259
    ]
  },
  {
    "timeStamp": 58592,
    "rotation": [
      [
        -0.334638327,
        0.940962434,
        0.051056765
      ],
      [
        -0.07602322,
        -0.08096093,
        0.993813753
      ],
      [
        0.939275,
        0.328686655,
        0.0986276343
      ]
    ],
    "translation": [
      1.16203547,
      0.726567,
      -0.390061826
    ]
  },
  {
    "timeStamp": 58648,
    "rotation": [
      [
        -0.4227181,
        0.899786055,
        0.108141109
      ],
      [
        -0.0120289344,
        -0.124886848,
        0.9920981
      ],
      [
        0.9061814,
        0.418077022,
        0.0636154
      ]
    ],
    "translation": [
      1.17593539,
      0.7520957,
      -0.4356375
    ]
  },
  {
    "timeStamp": 58693,
    "rotation": [
      [
        -0.490005463,
        0.8604277,
        0.139853284
      ],
      [
        -0.0393310264,
        -0.182092592,
        0.9824945
      ],
      [
        0.8708316,
        0.475927085,
        0.123067863
      ]
    ],
    "translation": [
      1.1968888,
      0.765004039,
      -0.486625344
    ]
  },
  {
    "timeStamp": 58748,
    "rotation": [
      [
        -0.5843153,
        0.8007442,
        0.131850079
      ],
      [
        -0.119371548,
        -0.2455122,
        0.9620157
      ],
      [
        0.802699268,
        0.5463813,
        0.23904261
      ]
    ],
    "translation": [
      1.24161768,
      0.770107448,
      -0.5636926
    ]
  },
  {
    "timeStamp": 58793,
    "rotation": [
      [
        -0.6644842,
        0.7387393,
        0.112804994
      ],
      [
        -0.186211124,
        -0.309865773,
        0.9323672
      ],
      [
        0.723730743,
        0.598537743,
        0.3434624
      ]
    ],
    "translation": [
      1.28738046,
      0.771311,
      -0.6314935
    ]
  },
  {
    "timeStamp": 58848,
    "rotation": [
      [
        -0.7188632,
        0.6932722,
        0.0510821156
      ],
      [
        -0.241517335,
        -0.317986071,
        0.9168174
      ],
      [
        0.6518474,
        0.6467291,
        0.396025717
      ]
    ],
    "translation": [
      1.35084963,
      0.767663,
      -0.696233
    ]
  },
  {
    "timeStamp": 58893,
    "rotation": [
      [
        -0.74871546,
        0.662009358,
        0.03418763
      ],
      [
        -0.268088818,
        -0.349562734,
        0.897738457
      ],
      [
        0.606262,
        0.6629853,
        0.4392003
      ]
    ],
    "translation": [
      1.40298271,
      0.767676,
      -0.7340444
    ]
  },
  {
    "timeStamp": 58948,
    "rotation": [
      [
        -0.6988859,
        0.7087084,
        0.09638918
      ],
      [
        -0.3077464,
        -0.419622451,
        0.853937447
      ],
      [
        0.6456397,
        0.5671415,
        0.511370659
      ]
    ],
    "translation": [
      1.45942771,
      0.7761833,
      -0.7501694
    ]
  },
  {
    "timeStamp": 58993,
    "rotation": [
      [
        -0.608272135,
        0.7801684,
        0.146089956
      ],
      [
        -0.339106053,
        -0.421845645,
        0.840864658
      ],
      [
        0.7176435,
        0.461934566,
        0.5211568
      ]
    ],
    "translation": [
      1.50312328,
      0.7817494,
      -0.7464257
    ]
  },
  {
    "timeStamp": 59048,
    "rotation": [
      [
        -0.517729938,
        0.827576041,
        0.216964379
      ],
      [
        -0.3197636,
        -0.422397554,
        0.84813416
      ],
      [
        0.7935407,
        0.369727135,
        0.483316571
      ]
    ],
    "translation": [
      1.55261528,
      0.79617244,
      -0.73403585
    ]
  },
  {
    "timeStamp": 59093,
    "rotation": [
      [
        -0.422745734,
        0.865441263,
        0.268881947
      ],
      [
        -0.2777604,
        -0.40615353,
        0.8705679
      ],
      [
        0.862632751,
        0.29334414,
        0.412084967
      ]
    ],
    "translation": [
      1.59327352,
      0.811129749,
      -0.712860167
    ]
  },
  {
    "timeStamp": 59148,
    "rotation": [
      [
        -0.26839146,
        0.900781,
        0.341408342
      ],
      [
        -0.20865418,
        -0.400358468,
        0.892287254
      ],
      [
        0.940441132,
        0.168246,
        0.295404524
      ]
    ],
    "translation": [
      1.64854681,
      0.8363824,
      -0.681819141
    ]
  },
  {
    "timeStamp": 59193,
    "rotation": [
      [
        -0.128781721,
        0.9155605,
        0.381004184
      ],
      [
        -0.13702403,
        -0.396946758,
        0.9075559
      ],
      [
        0.9821607,
        0.06466988,
        0.176573277
      ]
    ],
    "translation": [
      1.69576085,
      0.8597171,
      -0.6536592
    ]
  },
  {
    "timeStamp": 59248,
    "rotation": [
      [
        0.0793842748,
        0.924759567,
        0.37218
      ],
      [
        -0.0151303373,
        -0.3721975,
        0.928030252
      ],
      [
        0.9967293,
        -0.0793022141,
        -0.0155547056
      ]
    ],
    "translation": [
      1.76639426,
      0.89214313,
      -0.626562059
    ]
  },
  {
    "timeStamp": 59293,
    "rotation": [
      [
        0.250766963,
        0.9048181,
        0.34412232
      ],
      [
        0.077441,
        -0.373091877,
        0.924556851
      ],
      [
        0.964944959,
        -0.205199137,
        -0.16362913
      ]
    ],
    "translation": [
      1.83018458,
      0.9211826,
      -0.61104244
    ]
  },
  {
    "timeStamp": 59348,
    "rotation": [
      [
        0.425297379,
        0.865254343,
        0.265437543
      ],
      [
        0.18803522,
        -0.371358931,
        0.909249842
      ],
      [
        0.885305,
        -0.336789966,
        -0.320636272
      ]
    ],
    "translation": [
      1.905027,
      0.95271796,
      -0.6100348
    ]
  },
  {
    "timeStamp": 59393,
    "rotation": [
      [
        0.5464737,
        0.8243004,
        0.147970632
      ],
      [
        0.27602616,
        -0.34409377,
        0.8974458
      ],
      [
        0.790680766,
        -0.449586719,
        -0.4155667
      ]
    ],
    "translation": [
      1.97122586,
      0.973133743,
      -0.616970837
    ]
  },
  {
    "timeStamp": 59448,
    "rotation": [
      [
        0.6681325,
        0.743572235,
        0.02644485
      ],
      [
        0.340032429,
        -0.336761624,
        0.8780487
      ],
      [
        0.661798239,
        -0.5776608,
        -0.477840036
      ]
    ],
    "translation": [
      2.04350543,
      0.9875303,
      -0.637893856
    ]
  },
  {
    "timeStamp": 59493,
    "rotation": [
      [
        0.738913357,
        0.672841549,
        -0.0359351672
      ],
      [
        0.3482738,
        -0.335730433,
        0.8752088
      ],
      [
        0.5768123,
        -0.6592187,
        -0.4824088
      ]
    ],
    "translation": [
      2.09769177,
      0.9866586,
      -0.658673167
    ]
  },
  {
    "timeStamp": 59550,
    "rotation": [
      [
        0.782934248,
        0.614844561,
        -0.09476364
      ],
      [
        0.2947472,
        -0.232472539,
        0.926866
      ],
      [
        0.5478485,
        -0.753606439,
        -0.3632344
      ]
    ],
    "translation": [
      2.14718723,
      0.9589011,
      -0.6813838
    ]
  },
  {
    "timeStamp": 59599,
    "rotation": [
      [
        0.8087658,
        0.5856409,
        -0.0540620536
      ],
      [
        0.167218357,
        -0.140847981,
        0.9758073
      ],
      [
        0.563858151,
        -0.798239768,
        -0.211842924
      ]
    ],
    "translation": [
      2.17590857,
      0.919764459,
      -0.698207
    ]
  },
  {
    "timeStamp": 59643,
    "rotation": [
      [
        0.797550857,
        0.6002064,
        -0.06053835
      ],
      [
        0.150216371,
        -0.100404151,
        0.9835416
      ],
      [
        0.5842497,
        -0.7935183,
        -0.170238256
      ]
    ],
    "translation": [
      2.1908772,
      0.9006615,
      -0.7031138
    ]
  },
  {
    "timeStamp": 59698,
    "rotation": [
      [
        0.764986753,
        0.641506433,
        -0.05713759
      ],
      [
        0.120415166,
        -0.0553108826,
        0.991181552
      ],
      [
        0.632689,
        -0.765121,
        -0.1195592
      ]
    ],
    "translation": [
      2.198615,
      0.8831611,
      -0.7018743
    ]
  },
  {
    "timeStamp": 59743,
    "rotation": [
      [
        0.7436317,
        0.668589354,
        0.000443838158
      ],
      [
        0.0537955873,
        -0.06049526,
        0.9967178
      ],
      [
        0.6664218,
        -0.741167068,
        -0.08095335
      ]
    ],
    "translation": [
      2.194634,
      0.866188467,
      -0.6977969
    ]
  },
  {
    "timeStamp": 59799,
    "rotation": [
      [
        0.7258363,
        0.687456,
        -0.0237907413
      ],
      [
        0.0525723733,
        -0.020955991,
        0.998397231
      ],
      [
        0.6858556,
        -0.7259236,
        -0.051351808
      ]
    ],
    "translation": [
      2.19985151,
      0.853008568,
      -0.6920043
    ]
  },
  {
    "timeStamp": 59843,
    "rotation": [
      [
        0.71482116,
        0.698910236,
        -0.0235636774
      ],
      [
        0.06812555,
        -0.03606188,
        0.9970248
      ],
      [
        0.695981,
        -0.714299738,
        -0.07339144
      ]
    ],
    "translation": [
      2.20071721,
      0.848781943,
      -0.6845932
    ]
  }
]