[
  {
    "timeStamp": 64943,
    "rotation": [
      [
        -0.2606313,
        0.9573696,
        -0.124558121
      ],
      [
        -0.619155943,
        -0.2647427,
        -0.7392951
      ],
      [
        -0.740754545,
        -0.115562558,
        0.6617613
      ]
    ],
    "translation": [
      1.66503274,
      0.7509276,
      -0.5179953
    ]
  },
  {
    "timeStamp": 64989,
    "rotation": [
      [
        -0.328574151,
        0.9389719,
        -0.1018368
      ],
      [
        -0.5859769,
        -0.287229061,
        -0.757714
      ],
      [
        -0.7407226,
        -0.189291209,
        0.6445919
      ]
    ],
    "translation": [
      1.66720033,
      0.755934238,
      -0.514306664
    ]
  },
  {
    "timeStamp": 65034,
    "rotation": [
      [
        -0.43357268,
        0.895495057,
        -0.100515448
      ],
      [
        -0.6143297,
        -0.375345469,
        -0.694056749
      ],
      [
        -0.6592524,
        -0.239174426,
        0.71286875
      ]
    ],
    "translation": [
      1.679107,
      0.788000941,
      -0.5058158
    ]
  },
  {
    "timeStamp": 65090,
    "rotation": [
      [
        -0.5648848,
        0.818335056,
        -0.105985373
      ],
      [
        -0.623412669,
        -0.507381737,
        -0.5949121
      ],
      [
        -0.5406125,
        -0.2699842,
        0.796772659
      ]
    ],
    "translation": [
      1.70664549,
      0.846727133,
      -0.506598651
    ]
  },
  {
    "timeStamp": 65134,
    "rotation": [
      [
        -0.65881896,
        0.7484525,
        -0.0760033354
      ],
      [
        -0.6306559,
        -0.6045445,
        -0.4866201
      ],
      [
        -0.4101594,
        -0.2726626,
        0.870301366
      ]
    ],
    "translation": [
      1.74168444,
      0.9023988,
      -0.5168221
    ]
  },
  {
    "timeStamp": 65190,
    "rotation": [
      [
        -0.723574936,
        0.69020617,
        -0.007396041
      ],
      [
        -0.6414986,
        -0.676390648,
        -0.36190486
      ],
      [
        -0.2547916,
        -0.257120758,
        0.9321857
      ]
    ],
    "translation": [
      1.79550159,
      0.9630158,
      -0.5406483
    ]
  },
  {
    "timeStamp": 65234,
    "rotation": [
      [
        -0.7311323,
        0.6760353,
        0.09177076
      ],
      [
        -0.668825865,
        -0.6837082,
        -0.2919162
      ],
      [
        -0.13460122,
        -0.274808019,
        0.9520311
      ]
    ],
    "translation": [
      1.84607244,
      0.998216331,
      -0.5641583
    ]
  },
  {
    "timeStamp": 65290,
    "rotation": [
      [
        -0.710825443,
        0.6652485,
        0.228411183
      ],
      [
        -0.7031213,
        -0.663457036,
        -0.2558226
      ],
      [
        -0.0186445974,
        -0.342446,
        0.9393525
      ]
    ],
    "translation": [
      1.91282,
      1.019285,
      -0.5940675
    ]
  },
  {
    "timeStamp": 65334,
    "rotation": [
      [
        -0.6691038,
        0.656163752,
        0.3489258
      ],
      [
        -0.741663933,
        -0.6194389,
        -0.257352054
      ],
      [
        0.04727311,
        -0.4309809,
        0.9011219
      ]
    ],
    "translation": [
      1.96949923,
      1.02163684,
      -0.619031549
    ]
  },
  {
    "timeStamp": 65390,
    "rotation": [
      [
        -0.6080431,
        0.6390904,
        0.471006483
      ],
      [
        -0.792368054,
        -0.5254132,
        -0.309990078
      ],
      [
        0.0493613444,
        -0.5616978,
        0.8258687
      ]
    ],
    "translation": [
      2.03422642,
      1.0060451,
      -0.6504432
    ]
  },
  {
    "timeStamp": 65440,
    "rotation": [
      [
        -0.589671254,
        0.5836187,
        0.5582804
      ],
      [
        -0.805827856,
        -0.471472025,
        -0.3582674
      ],
      [
        0.05412205,
        -0.6611379,
        0.748309731
      ]
    ],
    "translation": [
      2.08240676,
      0.9872723,
      -0.6779935
    ]
  },
  {
    "timeStamp": 65485,
    "rotation": [
      [
        -0.5875104,
        0.54963994,
        0.5939086
      ],
      [
        -0.8088728,
        -0.377490163,
        -0.450805932
      ],
      [
        -0.0235863,
        -0.7452497,
        0.6663682
      ]
    ],
    "translation": [
      2.12377954,
      0.9603601,
      -0.7077223
    ]
  },
  {
    "timeStamp": 65540,
    "rotation": [
      [
        -0.592743,
        0.529496968,
        0.606868
      ],
      [
        -0.8037548,
        -0.340884745,
        -0.487622648
      ],
      [
        -0.05132266,
        -0.776807964,
        0.627642751
      ]
    ],
    "translation": [
      2.14493,
      0.9426363,
      -0.728099465
    ]
  },
  {
    "timeStamp": 65584,
    "rotation": [
      [
        -0.6196528,
        0.5181473,
        0.589536965
      ],
      [
        -0.77772367,
        -0.3041736,
        -0.550113
      ],
      [
        -0.105718017,
        -0.7993759,
        0.5914574
      ]
    ],
    "translation": [
      2.15450358,
      0.9265036,
      -0.7405442
    ]
  },
  {
    "timeStamp": 65640,
    "rotation": [
      [
        -0.6112545,
        0.517414868,
        0.598873734
      ],
      [
        -0.7765668,
        -0.246131659,
        -0.5799683
      ],
      [
        -0.152682424,
        -0.8195737,
        0.5522563
      ]
    ],
    "translation": [
      2.16226554,
      0.915810049,
      -0.7525884
    ]
  },
  {
    "timeStamp": 65685,
    "rotation": [
      [
        -0.6168359,
        0.5101349,
        0.5993962
      ],
      [
        -0.7678667,
        -0.222737819,
        -0.6006401
      ],
      [
        -0.172899261,
        -0.83075285,
        0.5291083
      ]
    ],
    "translation": [
      2.166067,
      0.9104371,
      -0.761101067
    ]
  },
  {
    "timeStamp": 65740,
    "rotation": [
      [
        -0.639330268,
        0.5023191,
        0.58217895
      ],
      [
        -0.7380472,
        -0.188452125,
        -0.6478983
      ],
      [
        -0.215738848,
        -0.8438965,
        0.491218328
      ]
    ],
    "translation": [
      2.16904473,
      0.9028281,
      -0.7699764
    ]
  },
  {
    "timeStamp": 65784,
    "rotation": [
      [
        -0.662817359,
        0.495517433,
        0.5613694
      ],
      [
        -0.707752764,
        -0.169835091,
        -0.685741961
      ],
      [
        -0.244456872,
        -0.851832449,
        0.463273466
      ]
    ],
    "translation": [
      2.17007971,
      0.8965693,
      -0.7764998
    ]
  }
]