[
  {
    "timeStamp": 22898,
    "rotation": [
      [
        -0.999965131,
        0.00258074375,
        -0.007939524
      ],
      [
        -0.007982454,
        -0.01707342,
        0.9998224
      ],
      [
        0.00244473387,
        0.999850869,
        0.0170934256
      ]
    ],
    "translation": [
      1.1543076,
      0.702091,
      -0.4897628
    ]
  },
  {
    "timeStamp": 22943,
    "rotation": [
      [
        -0.9993236,
        0.000193371816,
        -0.0367728472
      ],
      [
        -0.0367682055,
        -0.0219925474,
        0.9990818
      ],
      [
        -0.000615535653,
        0.999758065,
        0.0219847821
      ]
    ],
    "translation": [
      1.15917373,
      0.705846965,
      -0.488820136
    ]
  },
  {
    "timeStamp": 22998,
    "rotation": [
      [
        -0.998744,
        0.0156376678,
        0.04760132
      ],
      [
        0.04762976,
        0.00145078881,
        0.998864
      ],
      [
        0.0155508425,
        0.9998767,
        -0.00219378481
      ]
    ],
    "translation": [
      1.15852606,
      0.7332102,
      -0.484495223
    ]
  },
  {
    "timeStamp": 23043,
    "rotation": [
      [
        -0.989280343,
        0.0198181085,
        0.144677669
      ],
      [
        0.145572767,
        0.0556091219,
        0.9877835
      ],
      [
        0.0115306135,
        0.998255849,
        -0.05789799
      ]
    ],
    "translation": [
      1.15038729,
      0.7729569,
      -0.471501
    ]
  },
  {
    "timeStamp": 23098,
    "rotation": [
      [
        -0.971431,
        0.01525338,
        0.2368314
      ],
      [
        0.23687537,
        0.123521261,
        0.9636558
      ],
      [
        -0.0145547045,
        0.9922247,
        -0.123605534
      ]
    ],
    "translation": [
      1.16787887,
      0.8229743,
      -0.4622934
    ]
  },
  {
    "timeStamp": 23143,
    "rotation": [
      [
        -0.9558611,
        0.0307229273,
        0.292208374
      ],
      [
        0.2924046,
        0.19693397,
        0.9357973
      ],
      [
        -0.0287953317,
        0.9799353,
        -0.197225034
      ]
    ],
    "translation": [
      1.19395185,
      0.8687797,
      -0.4452135
    ]
  },
  {
    "timeStamp": 23198,
    "rotation": [
      [
        -0.929490745,
        0.110664047,
        0.351852953
      ],
      [
        0.368840873,
        0.274071217,
        0.888167441
      ],
      [
        0.00185544777,
        0.955321133,
        -0.295564055
      ]
    ],
    "translation": [
      1.24796379,
      0.92337,
      -0.425234973
    ]
  },
  {
    "timeStamp": 23243,
    "rotation": [
      [
        -0.9100527,
        0.175358132,
        0.375570863
      ],
      [
        0.413376,
        0.317518562,
        0.85340625
      ],
      [
        0.0304010138,
        0.9318967,
        -0.3614475
      ]
    ],
    "translation": [
      1.30476463,
      0.9675604,
      -0.406598926
    ]
  },
  {
    "timeStamp": 23298,
    "rotation": [
      [
        -0.887347162,
        0.279042482,
        0.367083639
      ],
      [
        0.4525391,
        0.374307573,
        0.809383869
      ],
      [
        0.0884503052,
        0.8843242,
        -0.458418369
      ]
    ],
    "translation": [
      1.394119,
      1.01543319,
      -0.390239418
    ]
  },
  {
    "timeStamp": 23343,
    "rotation": [
      [
        -0.8704585,
        0.365527838,
        0.32968387
      ],
      [
        0.469687939,
        0.416354567,
        0.7784871
      ],
      [
        0.147293329,
        0.8324892,
        -0.5341034
      ]
    ],
    "translation": [
      1.48051178,
      1.05305159,
      -0.377598673
    ]
  },
  {
    "timeStamp": 23398,
    "rotation": [
      [
        -0.856937766,
        0.456475466,
        0.239348888
      ],
      [
        0.4592644,
        0.465465724,
        0.756583035
      ],
      [
        0.2339529,
        0.758268952,
        -0.608518064
      ]
    ],
    "translation": [
      1.59289551,
      1.0860014,
      -0.3773284
    ]
  },
  {
    "timeStamp": 23443,
    "rotation": [
      [
        -0.8409354,
        0.510715842,
        0.178877145
      ],
      [
        0.449376673,
        0.4749228,
        0.7566432
      ],
      [
        0.3014768,
        0.7166712,
        -0.6288832
      ]
    ],
    "translation": [
      1.685795,
      1.10255456,
      -0.388280749
    ]
  },
  {
    "timeStamp": 23498,
    "rotation": [
      [
        -0.816005766,
        0.5672,
        0.111440025
      ],
      [
        0.428678125,
        0.46446842,
        0.774922
      ],
      [
        0.387775362,
        0.6801127,
        -0.62215513
      ]
    ],
    "translation": [
      1.78961635,
      1.11030924,
      -0.4171377
    ]
  },
  {
    "timeStamp": 23543,
    "rotation": [
      [
        -0.807858169,
        0.578478754,
        0.112815924
      ],
      [
        0.428085178,
        0.4443581,
        0.786949158
      ],
      [
        0.4051027,
        0.684038162,
        -0.6066165
      ]
    ],
    "translation": [
      1.8501488,
      1.11111367,
      -0.448551118
    ]
  },
  {
    "timeStamp": 23598,
    "rotation": [
      [
        -0.796485,
        0.6043555,
        0.0191325936
      ],
      [
        0.364952475,
        0.455263734,
        0.812123537
      ],
      [
        0.482100964,
        0.6538267,
        -0.5831718
      ]
    ],
    "translation": [
      1.94028246,
      1.10675037,
      -0.4909483
    ]
  },
  {
    "timeStamp": 23643,
    "rotation": [
      [
        -0.771945953,
        0.634654939,
        -0.0362301953
      ],
      [
        0.324443966,
        0.4423586,
        0.8360951
      ],
      [
        0.5466586,
        0.633665562,
        -0.5473869
      ]
    ],
    "translation": [
      2.00843,
      1.09572375,
      -0.5297928
    ]
  },
  {
    "timeStamp": 23698,
    "rotation": [
      [
        -0.759923339,
        0.648713,
        -0.041084487
      ],
      [
        0.293395638,
        0.398720831,
        0.868873239
      ],
      [
        0.5800306,
        0.648223042,
        -0.493326873
      ]
    ],
    "translation": [
      2.059019,
      1.08072543,
      -0.571528435
    ]
  },
  {
    "timeStamp": 23754,
    "rotation": [
      [
        -0.770442,
        0.632286966,
        -0.08143863
      ],
      [
        0.190954491,
        0.350760758,
        0.916789651
      ],
      [
        0.6082396,
        0.6907822,
        -0.390978873
      ]
    ],
    "translation": [
      2.10978341,
      1.04447079,
      -0.6185389
    ]
  },
  {
    "timeStamp": 23798,
    "rotation": [
      [
        -0.7835301,
        0.6145912,
        -0.0914230645
      ],
      [
        0.122145869,
        0.296614528,
        0.947153747
      ],
      [
        0.609229743,
        0.730956554,
        -0.3074762
      ]
    ],
    "translation": [
      2.138778,
      1.01455438,
      -0.644740939
    ]
  },
  {
    "timeStamp": 23853,
    "rotation": [
      [
        -0.829055846,
        0.555977,
        -0.0596319847
      ],
      [
        0.07618055,
        0.2179563,
        0.972980738
      ],
      [
        0.5539521,
        0.8021126,
        -0.223052576
      ]
    ],
    "translation": [
      2.15069342,
      0.9735028,
      -0.669605136
    ]
  },
  {
    "timeStamp": 23907,
    "rotation": [
      [
        -0.8487916,
        0.5220658,
        -0.08366691
      ],
      [
        0.0059701195,
        0.167695269,
        0.98582083
      ],
      [
        0.5286939,
        0.8362569,
        -0.145455137
      ]
    ],
    "translation": [
      2.17007041,
      0.9401068,
      -0.684091032
    ]
  },
  {
    "timeStamp": 23950,
    "rotation": [
      [
        -0.8835147,
        0.462900162,
        -0.07159061
      ],
      [
        -0.0158970226,
        0.123118512,
        0.9922646
      ],
      [
        0.4681336,
        0.8778185,
        -0.101418279
      ]
    ],
    "translation": [
      2.18258858,
      0.9037692,
      -0.681682765
    ]
  },
  {
    "timeStamp": 23993,
    "rotation": [
      [
        -0.9000381,
        0.429246277,
        -0.0753599852
      ],
      [
        -0.0425448455,
        0.08555281,
        0.995424867
      ],
      [
        0.433729649,
        0.89912647,
        -0.05873857
      ]
    ],
    "translation": [
      2.19066644,
      0.872079849,
      -0.684345245
    ]
  },
  {
    "timeStamp": 24048,
    "rotation": [
      [
        -0.9218255,
        0.3831719,
        -0.0584552437
      ],
      [
        -0.0374864638,
        0.0619715229,
        0.9973737
      ],
      [
        0.385788143,
        0.9215958,
        -0.04276317
      ]
    ],
    "translation": [
      2.1968565,
      0.8412848,
      -0.6720488
    ]
  },
  {
    "timeStamp": 24093,
    "rotation": [
      [
        -0.9362727,
        0.344170064,
        -0.0702877641
      ],
      [
        -0.0515930019,
        0.0631907657,
        0.996666968
      ],
      [
        0.3474645,
        0.9367784,
        -0.04140702
      ]
    ],
    "translation": [
      2.1996665,
      0.820857763,
      -0.660713553
    ]
  },
  {
    "timeStamp": 24148,
    "rotation": [
      [
        -0.9560825,
        0.2841163,
        -0.0720012859
      ],
      [
        -0.0605359934,
        0.0489426,
        0.9969654
      ],
      [
        0.286778063,
        0.9575399,
        -0.0295939036
      ]
    ],
    "translation": [
      2.19821048,
      0.798629642,
      -0.6504682
    ]
  },
  {
    "timeStamp": 24193,
    "rotation": [
      [
        -0.9689995,
        0.242514342,
        -0.0471885055
      ],
      [
        -0.04272324,
        0.0236415751,
        0.9988072
      ],
      [
        0.243340671,
        0.9698597,
        -0.0125476765
      ]
    ],
    "translation": [
      2.18837285,
      0.7851049,
      -0.646153748
    ]
  },
  {
    "timeStamp": 24248,
    "rotation": [
      [
        -0.982859731,
        0.177589685,
        -0.0494840927
      ],
      [
        -0.0467293747,
        0.019663509,
        0.998714
      ],
      [
        0.17833434,
        0.9839082,
        -0.0110278158
      ]
    ],
    "translation": [
      2.183793,
      0.7705473,
      -0.6394572
    ]
  },
  {
    "timeStamp": 24293,
    "rotation": [
      [
        -0.9886525,
        0.136075333,
        -0.0636367947
      ],
      [
        -0.0610326938,
        0.0232285522,
        0.997865438
      ],
      [
        0.13726306,
        0.9904261,
        -0.0146599235
      ]
    ],
    "translation": [
      2.18394446,
      0.7602465,
      -0.63616246
    ]
  },
  {
    "timeStamp": 24348,
    "rotation": [
      [
        -0.9930928,
        0.09688024,
        -0.06618859
      ],
      [
        -0.06511833,
        0.0141711254,
        0.9977769
      ],
      [
        0.09760283,
        0.99519515,
        -0.007764564
      ]
    ],
    "translation": [
      2.183774,
      0.748299837,
      -0.6346536
    ]
  },
  {
    "timeStamp": 24394,
    "rotation": [
      [
        -0.9946587,
        0.07828717,
        -0.0672693
      ],
      [
        -0.0657518,
        0.0218056776,
        0.9975977
      ],
      [
        0.07956597,
        0.996692359,
        -0.016541684
      ]
    ],
    "translation": [
      2.18442082,
      0.741424561,
      -0.6285986
    ]
  },
  {
    "timeStamp": 24451,
    "rotation": [
      [
        -0.995960653,
        0.0374974646,
        -0.0815865844
      ],
      [
        -0.0798054039,
        0.0467697941,
        0.995712638
      ],
      [
        0.0411524959,
        0.998201668,
        -0.0435883738
      ]
    ],
    "translation": [
      2.18864322,
      0.7386466,
      -0.618661463
    ]
  }
]