[
  {
    "timeStamp": 62003,
    "rotation": [
      [
        0.9892304,
        -0.0419459641,
        -0.140227675
      ],
      [
        0.143279225,
        0.473261923,
        0.8691917
      ],
      [
        0.0299053323,
        -0.879922569,
        0.474175066
      ]
    ],
    "translation": [
      1.61184,
      0.717414439,
      -0.6222826
    ]
  },
  {
    "timeStamp": 62047,
    "rotation": [
      [
        0.9928436,
        -0.0733977854,
        -0.09420372
      ],
      [
        0.11768683,
        0.467370421,
        0.8761933
      ],
      [
        -0.0202826075,
        -0.881009459,
        0.4726637
      ]
    ],
    "translation": [
      1.61282623,
      0.7231872,
      -0.617740035
    ]
  },
  {
    "timeStamp": 62102,
    "rotation": [
      [
        0.994790554,
        -0.101223022,
        -0.012067806
      ],
      [
        0.056471955,
        0.4486555,
        0.891918838
      ],
      [
        -0.08486844,
        -0.887953937,
        0.4520345
      ]
    ],
    "translation": [
      1.61454618,
      0.7415718,
      -0.6119355
    ]
  },
  {
    "timeStamp": 62149,
    "rotation": [
      [
        0.9896925,
        -0.121751,
        0.07540181
      ],
      [
        -0.0140246637,
        0.441586167,
        0.8971092
      ],
      [
        -0.142520353,
        -0.8889198,
        0.435327
      ]
    ],
    "translation": [
      1.6214993,
      0.7648325,
      -0.6091192
    ]
  },
  {
    "timeStamp": 62202,
    "rotation": [
      [
        0.976711154,
        -0.132857069,
        0.168476477
      ],
      [
        -0.0986940041,
        0.419025242,
        0.9025948
      ],
      [
        -0.190511972,
        -0.898202,
        0.396154433
      ]
    ],
    "translation": [
      1.63506353,
      0.7980422,
      -0.6115778
    ]
  },
  {
    "timeStamp": 62247,
    "rotation": [
      [
        0.9597106,
        -0.14250201,
        0.242174909
      ],
      [
        -0.167380616,
        0.402342,
        0.90005815
      ],
      [
        -0.225697219,
        -0.90433073,
        0.3622798
      ]
    ],
    "translation": [
      1.65277076,
      0.82648,
      -0.6173897
    ]
  },
  {
    "timeStamp": 62303,
    "rotation": [
      [
        0.9335892,
        -0.170389846,
        0.3152436
      ],
      [
        -0.232229456,
        0.3823024,
        0.8943793
      ],
      [
        -0.272911549,
        -0.908191741,
        0.317343861
      ]
    ],
    "translation": [
      1.6840874,
      0.8594612,
      -0.6282799
    ]
  },
  {
    "timeStamp": 62347,
    "rotation": [
      [
        0.9066069,
        -0.204523936,
        0.369098663
      ],
      [
        -0.278806835,
        0.3662444,
        0.887767851
      ],
      [
        -0.3167501,
        -0.9077637,
        0.275017053
      ]
    ],
    "translation": [
      1.71463573,
      0.882334769,
      -0.6389623
    ]
  },
  {
    "timeStamp": 62403,
    "rotation": [
      [
        0.8622386,
        -0.28517127,
        0.418595254
      ],
      [
        -0.312432528,
        0.351030171,
        0.8827025
      ],
      [
        -0.398660958,
        -0.891882956,
        0.213574991
      ]
    ],
    "translation": [
      1.76500094,
      0.9066078,
      -0.6520846
    ]
  },
  {
    "timeStamp": 62447,
    "rotation": [
      [
        0.820019543,
        -0.363518983,
        0.442065567
      ],
      [
        -0.329142451,
        0.3323601,
        0.883856356
      ],
      [
        -0.468223482,
        -0.870282,
        0.152892217
      ]
    ],
    "translation": [
      1.80892575,
      0.920812666,
      -0.663129449
    ]
  },
  {
    "timeStamp": 62494,
    "rotation": [
      [
        0.7635948,
        -0.452228785,
        0.4608819
      ],
      [
        -0.3368734,
        0.329915375,
        0.8818572
      ],
      [
        -0.550853252,
        -0.828640461,
        0.09957781
      ]
    ],
    "translation": [
      1.85811746,
      0.930839658,
      -0.674257338
    ]
  },
  {
    "timeStamp": 62547,
    "rotation": [
      [
        0.678786159,
        -0.576755464,
        0.454535484
      ],
      [
        -0.333901,
        0.308876038,
        0.8905648
      ],
      [
        -0.654033244,
        -0.756273,
        0.0170815531
      ]
    ],
    "translation": [
      1.92669487,
      0.9403327,
      -0.691679835
    ]
  },
  {
    "timeStamp": 62603,
    "rotation": [
      [
        0.592797756,
        -0.6782384,
        0.4342621
      ],
      [
        -0.307312369,
        0.3079178,
        0.9004142
      ],
      [
        -0.7444125,
        -0.6672176,
        -0.0258980766
      ]
    ],
    "translation": [
      1.98866069,
      0.939362347,
      -0.709082067
    ]
  },
  {
    "timeStamp": 62647,
    "rotation": [
      [
        0.551495135,
        -0.73691237,
        0.390913337
      ],
      [
        -0.248948246,
        0.301870942,
        0.920271
      ],
      [
        -0.796164453,
        -0.6048422,
        -0.0169726927
      ]
    ],
    "translation": [
      2.03161764,
      0.9299545,
      -0.7234726
    ]
  },
  {
    "timeStamp": 62702,
    "rotation": [
      [
        0.507631361,
        -0.7672212,
        0.392023057
      ],
      [
        -0.209607109,
        0.33136332,
        0.9199257
      ],
      [
        -0.835688531,
        -0.5491539,
        0.00739538949
      ]
    ],
    "translation": [
      2.07071877,
      0.91648,
      -0.737684846
    ]
  },
  {
    "timeStamp": 62747,
    "rotation": [
      [
        0.4910549,
        -0.7706057,
        0.406241268
      ],
      [
        -0.182228774,
        0.365152836,
        0.9129382
      ],
      [
        -0.8518555,
        -0.5223316,
        0.03888356
      ]
    ],
    "translation": [
      2.090266,
      0.90407455,
      -0.7448647
    ]
  },
  {
    "timeStamp": 62795,
    "rotation": [
      [
        0.5540027,
        -0.7293985,
        0.401321471
      ],
      [
        -0.145921186,
        0.389519721,
        0.9093852
      ],
      [
        -0.8196268,
        -0.562363148,
        0.10936027
      ]
    ],
    "translation": [
      2.09095979,
      0.8941246,
      -0.74773854
    ]
  },
  {
    "timeStamp": 62853,
    "rotation": [
      [
        0.618995667,
        -0.6647463,
        0.418278366
      ],
      [
        -0.100572214,
        0.461098433,
        0.881631136
      ],
      [
        -0.7789285,
        -0.587793,
        0.2185629
      ]
    ],
    "translation": [
      2.08051777,
      0.8780346,
      -0.7509596
    ]
  },
  {
    "timeStamp": 62897,
    "rotation": [
      [
        0.676042,
        -0.610556841,
        0.412537932
      ],
      [
        -0.06749032,
        0.506197751,
        0.859772563
      ],
      [
        -0.733765841,
        -0.6090847,
        0.3010043
      ]
    ],
    "translation": [
      2.06960154,
      0.869355142,
      -0.754184365
    ]
  }
]