[
  {
    "timeStamp": 37880,
    "rotation": [
      [
        -0.9970769,
        0.008664916,
        -0.07591043
      ],
      [
        0.0101689026,
        0.999759138,
        -0.0194485672
      ],
      [
        0.07572362,
        -0.0201636441,
        -0.996924937
      ]
    ],
    "translation": [
      1.61062646,
      0.7328546,
      -0.228900611
    ]
  },
  {
    "timeStamp": 37925,
    "rotation": [
      [
        -0.9970777,
        0.007184524,
        -0.07605539
      ],
      [
        0.008309657,
        0.9998605,
        -0.0144874929
      ],
      [
        0.0759407058,
        -0.01507715,
        -0.9969983
      ]
    ],
    "translation": [
      1.6105845,
      0.734092832,
      -0.228689581
    ]
  },
  {
    "timeStamp": 37980,
    "rotation": [
      [
        -0.9919574,
        0.07572876,
        -0.101417623
      ],
      [
        0.07945071,
        0.9962867,
        -0.03317144
      ],
      [
        0.0985289961,
        -0.04096236,
        -0.994290769
      ]
    ],
    "translation": [
      1.603529,
      0.7618768,
      -0.225906774
    ]
  },
  {
    "timeStamp": 38025,
    "rotation": [
      [
        -0.982952654,
        0.151930839,
        -0.103542477
      ],
      [
        0.158996373,
        0.9852188,
        -0.06374955
      ],
      [
        0.09232648,
        -0.07912567,
        -0.992579937
      ]
    ],
    "translation": [
      1.59542632,
      0.7945051,
      -0.234515756
    ]
  },
  {
    "timeStamp": 38081,
    "rotation": [
      [
        -0.970487,
        0.224515259,
        -0.0880221
      ],
      [
        0.232583791,
        0.967860639,
        -0.09565855
      ],
      [
        0.06371632,
        -0.113307886,
        -0.991514742
      ]
    ],
    "translation": [
      1.59148848,
      0.8337613,
      -0.2610969
    ]
  },
  {
    "timeStamp": 38125,
    "rotation": [
      [
        -0.958086848,
        0.2771035,
        -0.0726852939
      ],
      [
        0.284494877,
        0.9501218,
        -0.127793655
      ],
      [
        0.0336478129,
        -0.143116012,
        -0.9891338
      ]
    ],
    "translation": [
      1.59083045,
      0.8633443,
      -0.2895185
    ]
  },
  {
    "timeStamp": 38184,
    "rotation": [
      [
        -0.93362236,
        0.355177,
        -0.0468896627
      ],
      [
        0.3582358,
        0.9240511,
        -0.133404434
      ],
      [
        -0.0040537403,
        -0.141346917,
        -0.989951849
      ]
    ],
    "translation": [
      1.58933067,
      0.900940061,
      -0.341451079
    ]
  },
  {
    "timeStamp": 38223,
    "rotation": [
      [
        -0.9127427,
        0.406889468,
        -0.0366302133
      ],
      [
        0.4078501,
        0.9023529,
        -0.139346376
      ],
      [
        -0.02364519,
        -0.142127022,
        -0.989565969
      ]
    ],
    "translation": [
      1.59219027,
      0.926237047,
      -0.390070826
    ]
  },
  {
    "timeStamp": 38279,
    "rotation": [
      [
        -0.8928611,
        0.449596137,
        -0.02573681
      ],
      [
        0.449215621,
        0.8851697,
        -0.121161163
      ],
      [
        -0.0316921435,
        -0.11974147,
        -0.9922992
      ]
    ],
    "translation": [
      1.60000813,
      0.9473972,
      -0.454763174
    ]
  },
  {
    "timeStamp": 38323,
    "rotation": [
      [
        -0.8783325,
        0.477615774,
        -0.020375872
      ],
      [
        0.4764151,
        0.8710105,
        -0.119872063
      ],
      [
        -0.03950519,
        -0.1149949,
        -0.9925802
      ]
    ],
    "translation": [
      1.60894346,
      0.9608578,
      -0.508574963
    ]
  },
  {
    "timeStamp": 38379,
    "rotation": [
      [
        -0.857094765,
        0.5137958,
        -0.03744863
      ],
      [
        0.5148852,
        0.852004349,
        -0.09477273
      ],
      [
        -0.016787434,
        -0.100510955,
        -0.9947943
      ]
    ],
    "translation": [
      1.62567663,
      0.97609967,
      -0.570424557
    ]
  },
  {
    "timeStamp": 38423,
    "rotation": [
      [
        -0.84666574,
        0.526574135,
        -0.0766599849
      ],
      [
        0.5320579,
        0.8400171,
        -0.106234223
      ],
      [
        0.008455501,
        -0.130732432,
        -0.991381645
      ]
    ],
    "translation": [
      1.644818,
      0.9876485,
      -0.6067908
    ]
  },
  {
    "timeStamp": 38479,
    "rotation": [
      [
        -0.825959742,
        0.539687157,
        -0.162875012
      ],
      [
        0.5579197,
        0.8239575,
        -0.09909368
      ],
      [
        0.0807225,
        -0.17271857,
        -0.981657863
      ]
    ],
    "translation": [
      1.6806885,
      1.00727344,
      -0.641265631
    ]
  },
  {
    "timeStamp": 38523,
    "rotation": [
      [
        -0.8043839,
        0.5421169,
        -0.243055239
      ],
      [
        0.574650645,
        0.8137959,
        -0.08667655
      ],
      [
        0.150808543,
        -0.209393069,
        -0.966132164
      ]
    ],
    "translation": [
      1.71859777,
      1.02529156,
      -0.658218265
    ]
  },
  {
    "timeStamp": 38579,
    "rotation": [
      [
        -0.784017444,
        0.515444636,
        -0.345880777
      ],
      [
        0.571391344,
        0.8169938,
        -0.07767326
      ],
      [
        0.242546186,
        -0.258530468,
        -0.935057938
      ]
    ],
    "translation": [
      1.77372229,
      1.04118741,
      -0.6762054
    ]
  },
  {
    "timeStamp": 38624,
    "rotation": [
      [
        -0.782115459,
        0.444347471,
        -0.436864644
      ],
      [
        0.53830713,
        0.8349355,
        -0.114490487
      ],
      [
        0.313880235,
        -0.324712127,
        -0.892211437
      ]
    ],
    "translation": [
      1.82437658,
      1.046377,
      -0.6870798
    ]
  },
  {
    "timeStamp": 38680,
    "rotation": [
      [
        -0.782833159,
        0.3346054,
        -0.524606049
      ],
      [
        0.476926148,
        0.864165,
        -0.160500109
      ],
      [
        0.399642,
        -0.375843167,
        -0.836079061
      ]
    ],
    "translation": [
      1.89153349,
      1.04746866,
      -0.7010135
    ]
  },
  {
    "timeStamp": 38725,
    "rotation": [
      [
        -0.781537235,
        0.243772715,
        -0.5742599
      ],
      [
        0.426369816,
        0.8806817,
        -0.206418246
      ],
      [
        0.45542106,
        -0.406170636,
        -0.792222857
      ]
    ],
    "translation": [
      1.94543934,
      1.04513955,
      -0.7102231
    ]
  },
  {
    "timeStamp": 38780,
    "rotation": [
      [
        -0.798463941,
        0.117554195,
        -0.59045434
      ],
      [
        0.339200974,
        0.8981111,
        -0.279891253
      ],
      [
        0.497391224,
        -0.423765749,
        -0.7569838
      ]
    ],
    "translation": [
      2.005108,
      1.03358459,
      -0.7203232
    ]
  },
  {
    "timeStamp": 38825,
    "rotation": [
      [
        -0.8434025,
        0.0104183005,
        -0.5371813
      ],
      [
        0.23351267,
        0.9075533,
        -0.349025518
      ],
      [
        0.483884454,
        -0.419807643,
        -0.7678655
      ]
    ],
    "translation": [
      2.043164,
      1.0138185,
      -0.7303952
    ]
  },
  {
    "timeStamp": 38880,
    "rotation": [
      [
        -0.8839813,
        -0.07690115,
        -0.461154282
      ],
      [
        0.13232623,
        0.904890656,
        -0.404552341
      ],
      [
        0.448404759,
        -0.418639481,
        -0.78973037
      ]
    ],
    "translation": [
      2.07926226,
      0.988397241,
      -0.7365713
    ]
  },
  {
    "timeStamp": 38930,
    "rotation": [
      [
        -0.926076233,
        -0.117321178,
        -0.358634263
      ],
      [
        0.0536605567,
        0.8998299,
        -0.432928145
      ],
      [
        0.37350145,
        -0.420169,
        -0.8270156
      ]
    ],
    "translation": [
      2.10306931,
      0.9613779,
      -0.7420953
    ]
  },
  {
    "timeStamp": 38975,
    "rotation": [
      [
        -0.9540737,
        -0.155154347,
        -0.256262422
      ],
      [
        -0.0301224943,
        0.9007795,
        -0.4332308
      ],
      [
        0.2980536,
        -0.405614853,
        -0.8640837
      ]
    ],
    "translation": [
      2.11615133,
      0.933081448,
      -0.7474474
    ]
  },
  {
    "timeStamp": 39030,
    "rotation": [
      [
        -0.9738396,
        -0.139258683,
        -0.179564625
      ],
      [
        -0.05659155,
        0.9139423,
        -0.401879251
      ],
      [
        0.220076874,
        -0.3812041,
        -0.897914052
      ]
    ],
    "translation": [
      2.1222918,
      0.9085243,
      -0.7518008
    ]
  },
  {
    "timeStamp": 39074,
    "rotation": [
      [
        -0.982957661,
        -0.11167524,
        -0.1460237
      ],
      [
        -0.05249164,
        0.9317662,
        -0.359244138
      ],
      [
        0.176178619,
        -0.345456749,
        -0.921748757
      ]
    ],
    "translation": [
      2.12324977,
      0.8927915,
      -0.754182041
    ]
  },
  {
    "timeStamp": 39130,
    "rotation": [
      [
        -0.989545465,
        -0.124602988,
        -0.07262238
      ],
      [
        -0.09578671,
        0.9442618,
        -0.314951658
      ],
      [
        0.107818462,
        -0.304702729,
        -0.946325243
      ]
    ],
    "translation": [
      2.1264,
      0.8690076,
      -0.7600791
    ]
  },
  {
    "timeStamp": 39175,
    "rotation": [
      [
        -0.9930612,
        -0.09650966,
        -0.0671963543
      ],
      [
        -0.07603767,
        0.962841332,
        -0.2591425
      ],
      [
        0.08970918,
        -0.252234876,
        -0.9634987
      ]
    ],
    "translation": [
      2.12632132,
      0.8596418,
      -0.7610006
    ]
  },
  {
    "timeStamp": 39230,
    "rotation": [
      [
        -0.9940767,
        -0.103706345,
        -0.03250427
      ],
      [
        -0.09426899,
        0.9716172,
        -0.216964
      ],
      [
        0.0540822558,
        -0.21261473,
        -0.97563833
      ]
    ],
    "translation": [
      2.1304853,
      0.844967,
      -0.7632138
    ]
  },
  {
    "timeStamp": 39274,
    "rotation": [
      [
        -0.9943922,
        -0.103158928,
        -0.0232883655
      ],
      [
        -0.09670687,
        0.9761159,
        -0.194539487
      ],
      [
        0.0428006276,
        -0.191196412,
        -0.9806182
      ]
    ],
    "translation": [
      2.133461,
      0.835406661,
      -0.763993442
    ]
  },
  {
    "timeStamp": 39331,
    "rotation": [
      [
        -0.994796455,
        -0.101337776,
        -0.010521139
      ],
      [
        -0.0983454958,
        0.9821007,
        -0.160643339
      ],
      [
        0.0266120564,
        -0.158772722,
        -0.9869564
      ]
    ],
    "translation": [
      2.136499,
      0.824911535,
      -0.76767683
    ]
  },
  {
    "timeStamp": 39377,
    "rotation": [
      [
        -0.995122254,
        -0.0984458551,
        -0.00634025363
      ],
      [
        -0.09656474,
        0.9852194,
        -0.141484752
      ],
      [
        0.02017513,
        -0.140182376,
        -0.9899201
      ]
    ],
    "translation": [
      2.137623,
      0.8184339,
      -0.7703088
    ]
  },
  {
    "timeStamp": 39423,
    "rotation": [
      [
        -0.9957936,
        -0.09130622,
        -0.00763013633
      ],
      [
        -0.0895414352,
        0.987430632,
        -0.1302422
      ],
      [
        0.0194261521,
        -0.129011139,
        -0.9914528
      ]
    ],
    "translation": [
      2.137419,
      0.813554168,
      -0.7721238
    ]
  },
  {
    "timeStamp": 39479,
    "rotation": [
      [
        -0.996155262,
        -0.08732678,
        -0.00697474973
      ],
      [
        -0.08595781,
        0.9896895,
        -0.1145678
      ],
      [
        0.0169076752,
        -0.113527782,
        -0.9933909
      ]
    ],
    "translation": [
      2.13712978,
      0.8055994,
      -0.774708748
    ]
  },
  {
    "timeStamp": 39524,
    "rotation": [
      [
        -0.995696,
        -0.092673175,
        0.00103910931
      ],
      [
        -0.09234323,
        0.9910729,
        -0.09616196
      ],
      [
        0.007881801,
        -0.09584404,
        -0.995365143
      ]
    ],
    "translation": [
      2.137478,
      0.797737658,
      -0.779627562
    ]
  },
  {
    "timeStamp": 39580,
    "rotation": [
      [
        -0.995881736,
        -0.0904630646,
        -0.00600288436
      ],
      [
        -0.0895002559,
        0.991528749,
        -0.09413047
      ],
      [
        0.0144673632,
        -0.0932055563,
        -0.995541751
      ]
    ],
    "translation": [
      2.13793564,
      0.790106237,
      -0.780666649
    ]
  },
  {
    "timeStamp": 39624,
    "rotation": [
      [
        -0.9960042,
        -0.0879116,
        -0.015721906
      ],
      [
        -0.08631961,
        0.9928063,
        -0.08297291
      ],
      [
        0.0229030885,
        -0.0812842548,
        -0.9964278
      ]
    ],
    "translation": [
      2.13799286,
      0.783934653,
      -0.7817461
    ]
  },
  {
    "timeStamp": 39680,
    "rotation": [
      [
        -0.9952841,
        -0.09633021,
        -0.0114060352
      ],
      [
        -0.09536368,
        0.9932018,
        -0.06675269
      ],
      [
        0.017758796,
        -0.06535017,
        -0.9977043
      ]
    ],
    "translation": [
      2.13970828,
      0.7741486,
      -0.784511447
    ]
  },
  {
    "timeStamp": 39724,
    "rotation": [
      [
        -0.9942374,
        -0.105783977,
        -0.0173673611
      ],
      [
        -0.104411647,
        0.9922935,
        -0.06672208
      ],
      [
        0.0242916457,
        -0.06452423,
        -0.997620463
      ]
    ],
    "translation": [
      2.14058065,
      0.766411662,
      -0.7838941
    ]
  }
]