[
  {
    "timeStamp": 31285,
    "rotation": [
      [
        0.932053864,
        0.06127924,
        0.3571001
      ],
      [
        -0.344271272,
        -0.157406613,
        0.925581157
      ],
      [
        0.112928815,
        -0.985630751,
        -0.125614762
      ]
    ],
    "translation": [
      1.60201585,
      0.7062134,
      -0.7507438
    ]
  },
  {
    "timeStamp": 31341,
    "rotation": [
      [
        0.940856338,
        0.06968597,
        0.331561834
      ],
      [
        -0.3230728,
        -0.110222884,
        0.9399335
      ],
      [
        0.102045864,
        -0.9914609,
        -0.0811902657
      ]
    ],
    "translation": [
      1.60484207,
      0.7085649,
      -0.7540229
    ]
  },
  {
    "timeStamp": 31385,
    "rotation": [
      [
        0.9693018,
        0.08954061,
        0.228989944
      ],
      [
        -0.222457066,
        -0.07729682,
        0.971873462
      ],
      [
        0.104722343,
        -0.992979169,
        -0.0550050177
      ]
    ],
    "translation": [
      1.60899615,
      0.7075972,
      -0.7594603
    ]
  },
  {
    "timeStamp": 31441,
    "rotation": [
      [
        0.9787729,
        0.113513276,
        0.170640975
      ],
      [
        -0.158602312,
        -0.107811287,
        0.981438756
      ],
      [
        0.12980336,
        -0.9876697,
        -0.0875192955
      ]
    ],
    "translation": [
      1.6154834,
      0.7243699,
      -0.7574158
    ]
  },
  {
    "timeStamp": 31485,
    "rotation": [
      [
        0.9576651,
        0.0749405846,
        0.2779597
      ],
      [
        -0.260475,
        -0.1856198,
        0.9474693
      ],
      [
        0.122598723,
        -0.9797598,
        -0.158241436
      ]
    ],
    "translation": [
      1.61276364,
      0.752556562,
      -0.751906931
    ]
  },
  {
    "timeStamp": 31540,
    "rotation": [
      [
        0.914346457,
        0.0238604546,
        0.404229224
      ],
      [
        -0.3790634,
        -0.300649256,
        0.8751691
      ],
      [
        0.142413154,
        -0.953436255,
        -0.265852958
      ]
    ],
    "translation": [
      1.60656273,
      0.8051857,
      -0.742808461
    ]
  },
  {
    "timeStamp": 31584,
    "rotation": [
      [
        0.8193751,
        -0.104861796,
        0.563585341
      ],
      [
        -0.559327,
        -0.361658126,
        0.74589324
      ],
      [
        0.1256095,
        -0.9263949,
        -0.354985684
      ]
    ],
    "translation": [
      1.61281431,
      0.8495087,
      -0.738686264
    ]
  },
  {
    "timeStamp": 31640,
    "rotation": [
      [
        0.7122065,
        -0.208778918,
        0.670204043
      ],
      [
        -0.6840236,
        -0.4209145,
        0.5957707
      ],
      [
        0.157714218,
        -0.8827471,
        -0.442587733
      ]
    ],
    "translation": [
      1.62374508,
      0.9039876,
      -0.7351648
    ]
  },
  {
    "timeStamp": 31685,
    "rotation": [
      [
        0.601507,
        -0.30502376,
        0.738342643
      ],
      [
        -0.7785604,
        -0.430894554,
        0.456260353
      ],
      [
        0.178977564,
        -0.849288166,
        -0.496665537
      ]
    ],
    "translation": [
      1.64004838,
      0.941099644,
      -0.734859467
    ]
  },
  {
    "timeStamp": 31740,
    "rotation": [
      [
        0.4998649,
        -0.405735672,
        0.765188634
      ],
      [
        -0.8447999,
        -0.423152715,
        0.3274979
      ],
      [
        0.19091408,
        -0.810136,
        -0.554284632
      ]
    ],
    "translation": [
      1.66186166,
      0.9827478,
      -0.733024657
    ]
  },
  {
    "timeStamp": 31785,
    "rotation": [
      [
        0.4669229,
        -0.454265773,
        0.7586999
      ],
      [
        -0.8584988,
        -0.438592136,
        0.265737981
      ],
      [
        0.212044165,
        -0.775422156,
        -0.5947754
      ]
    ],
    "translation": [
      1.6780057,
      1.01087594,
      -0.734715462
    ]
  },
  {
    "timeStamp": 31840,
    "rotation": [
      [
        0.537709236,
        -0.447719663,
        0.714433968
      ],
      [
        -0.818148553,
        -0.481815815,
        0.313825518
      ],
      [
        0.20371975,
        -0.7532601,
        -0.625377953
      ]
    ],
    "translation": [
      1.706094,
      1.02867925,
      -0.7314232
    ]
  },
  {
    "timeStamp": 31884,
    "rotation": [
      [
        0.691172838,
        -0.363482326,
        0.6246285
      ],
      [
        -0.70146966,
        -0.5453304,
        0.458862841
      ],
      [
        0.173840344,
        -0.7553114,
        -0.6318894
      ]
    ],
    "translation": [
      1.73048246,
      1.03413558,
      -0.7276942
    ]
  },
  {
    "timeStamp": 31936,
    "rotation": [
      [
        0.8672979,
        -0.197043046,
        0.457130641
      ],
      [
        -0.467989,
        -0.635723054,
        0.613875
      ],
      [
        0.169648692,
        -0.746344566,
        -0.643575251
      ]
    ],
    "translation": [
      1.767677,
      1.03950608,
      -0.7237518
    ]
  },
  {
    "timeStamp": 31980,
    "rotation": [
      [
        0.9556461,
        -0.0527159534,
        0.289761335
      ],
      [
        -0.2471275,
        -0.678732038,
        0.6915568
      ],
      [
        0.16021423,
        -0.732491553,
        -0.6616551
      ]
    ],
    "translation": [
      1.80825841,
      1.04521084,
      -0.718564868
    ]
  },
  {
    "timeStamp": 32036,
    "rotation": [
      [
        0.9824162,
        -0.01191834,
        0.186323091
      ],
      [
        -0.145411387,
        -0.674793661,
        0.7235393
      ],
      [
        0.117106237,
        -0.7379102,
        -0.6646613
      ]
    ],
    "translation": [
      1.86180234,
      1.05540991,
      -0.7121052
    ]
  },
  {
    "timeStamp": 32080,
    "rotation": [
      [
        0.992318451,
        -0.03604368,
        0.118342228
      ],
      [
        -0.109744258,
        -0.698009253,
        0.7076293
      ],
      [
        0.0570984073,
        -0.715181,
        -0.69660306
      ]
    ],
    "translation": [
      1.91283059,
      1.06945276,
      -0.704744637
    ]
  },
  {
    "timeStamp": 32136,
    "rotation": [
      [
        0.998446465,
        -0.03517102,
        0.0432166047
      ],
      [
        -0.05509971,
        -0.7385954,
        0.6718935
      ],
      [
        0.008288407,
        -0.6732309,
        -0.7393859
      ]
    ],
    "translation": [
      1.97357965,
      1.08861351,
      -0.6928568
    ]
  },
  {
    "timeStamp": 32181,
    "rotation": [
      [
        0.9956264,
        0.0593762472,
        -0.07212903
      ],
      [
        0.0919256061,
        -0.760364652,
        0.6429583
      ],
      [
        -0.0166679155,
        -0.646776736,
        -0.762497246
      ]
    ],
    "translation": [
      2.01994681,
      1.10179794,
      -0.6804649
    ]
  },
  {
    "timeStamp": 32236,
    "rotation": [
      [
        0.9714048,
        0.176026881,
        -0.159333587
      ],
      [
        0.237223879,
        -0.747469544,
        0.620495
      ],
      [
        -0.009873206,
        -0.6405496,
        -0.7678533
      ]
    ],
    "translation": [
      2.06812072,
      1.11056077,
      -0.6649773
    ]
  },
  {
    "timeStamp": 32282,
    "rotation": [
      [
        0.9422528,
        0.2350055,
        -0.238604441
      ],
      [
        0.334346682,
        -0.701122046,
        0.6297937
      ],
      [
        -0.0192858614,
        -0.6732015,
        -0.739207566
      ]
    ],
    "translation": [
      2.110344,
      1.10946929,
      -0.6535893
    ]
  },
  {
    "timeStamp": 32339,
    "rotation": [
      [
        0.902083337,
        0.290498674,
        -0.319149047
      ],
      [
        0.4315612,
        -0.6084503,
        0.665990353
      ],
      [
        -0.0007170174,
        -0.738511145,
        -0.6742409
      ]
    ],
    "translation": [
      2.16052628,
      1.09431064,
      -0.643161
    ]
  },
  {
    "timeStamp": 32383,
    "rotation": [
      [
        0.8886809,
        0.288923562,
        -0.356047034
      ],
      [
        0.458148539,
        -0.5279977,
        0.715065241
      ],
      [
        0.018607175,
        -0.7985872,
        -0.6015914
      ]
    ],
    "translation": [
      2.19575572,
      1.07186723,
      -0.640605152
    ]
  },
  {
    "timeStamp": 32446,
    "rotation": [
      [
        0.90485245,
        0.264475763,
        -0.333608478
      ],
      [
        0.419012278,
        -0.414651453,
        0.8077703
      ],
      [
        0.07530442,
        -0.870699,
        -0.486016959
      ]
    ],
    "translation": [
      2.22152734,
      1.03154314,
      -0.6458376
    ]
  },
  {
    "timeStamp": 32483,
    "rotation": [
      [
        0.8847912,
        0.3057594,
        -0.3516472
      ],
      [
        0.4347168,
        -0.26981777,
        0.85919714
      ],
      [
        0.167826951,
        -0.913077,
        -0.371651143
      ]
    ],
    "translation": [
      2.23240066,
      0.994231641,
      -0.6554814
    ]
  },
  {
    "timeStamp": 32534,
    "rotation": [
      [
        0.868656337,
        0.324453533,
        -0.374387473
      ],
      [
        0.437468529,
        -0.147694439,
        0.8870218
      ],
      [
        0.232502386,
        -0.9342998,
        -0.270233929
      ]
    ],
    "translation": [
      2.2420764,
      0.9555869,
      -0.6716487
    ]
  },
  {
    "timeStamp": 32590,
    "rotation": [
      [
        0.8886041,
        0.2652689,
        -0.3741858
      ],
      [
        0.4171082,
        -0.127990589,
        0.899799466
      ],
      [
        0.190796539,
        -0.9556415,
        -0.224378809
      ]
    ],
    "translation": [
      2.25197458,
      0.9337834,
      -0.6854899
    ]
  },
  {
    "timeStamp": 32634,
    "rotation": [
      [
        0.8987419,
        0.262345076,
        -0.3513374
      ],
      [
        0.391123146,
        -0.117454186,
        0.912812769
      ],
      [
        0.198205888,
        -0.9577993,
        -0.20817025
      ]
    ],
    "translation": [
      2.251255,
      0.9200021,
      -0.694913566
    ]
  },
  {
    "timeStamp": 32690,
    "rotation": [
      [
        0.891266942,
        0.277118,
        -0.358955115
      ],
      [
        0.394162655,
        -0.08200765,
        0.9153745
      ],
      [
        0.2242297,
        -0.95732975,
        -0.182320282
      ]
    ],
    "translation": [
      2.24944115,
      0.9056695,
      -0.706937432
    ]
  },
  {
    "timeStamp": 32734,
    "rotation": [
      [
        0.888750851,
        0.298454046,
        -0.347918183
      ],
      [
        0.379344583,
        -0.052785065,
        0.923748553
      ],
      [
        0.2573316,
        -0.952963233,
        -0.160129711
      ]
    ],
    "translation": [
      2.244902,
      0.8973344,
      -0.716586
    ]
  },
  {
    "timeStamp": 32790,
    "rotation": [
      [
        0.908672,
        0.282923877,
        -0.307033271
      ],
      [
        0.333759457,
        -0.05041885,
        0.941309
      ],
      [
        0.250838548,
        -0.9578163,
        -0.140242711
      ]
    ],
    "translation": [
      2.23965049,
      0.89098835,
      -0.7260188
    ]
  },
  {
    "timeStamp": 32834,
    "rotation": [
      [
        0.907339,
        0.2974962,
        -0.297038585
      ],
      [
        0.322014451,
        -0.0375843346,
        0.9459884
      ],
      [
        0.27026397,
        -0.9539829,
        -0.129899815
      ]
    ],
    "translation": [
      2.23673153,
      0.885383248,
      -0.732129335
    ]
  },
  {
    "timeStamp": 32890,
    "rotation": [
      [
        0.910468042,
        0.290616035,
        -0.294262081
      ],
      [
        0.317780972,
        -0.036213588,
        0.947472334
      ],
      [
        0.2646944,
        -0.956154168,
        -0.125323564
      ]
    ],
    "translation": [
      2.2370317,
      0.8788294,
      -0.736481249
    ]
  },
  {
    "timeStamp": 32935,
    "rotation": [
      [
        0.9098005,
        0.2967599,
        -0.2901665
      ],
      [
        0.3135301,
        -0.0333049037,
        0.94899404
      ],
      [
        0.271959424,
        -0.9543712,
        -0.123343974
      ]
    ],
    "translation": [
      2.236594,
      0.8741339,
      -0.7381382
    ]
  },
  {
    "timeStamp": 32981,
    "rotation": [
      [
        0.9031172,
        0.298633635,
        -0.308540642
      ],
      [
        0.3313904,
        -0.02780901,
        0.9430838
      ],
      [
        0.273056358,
        -0.953962564,
        -0.124079123
      ]
    ],
    "translation": [
      2.23998976,
      0.870386064,
      -0.7385884
    ]
  },
  {
    "timeStamp": 33038,
    "rotation": [
      [
        0.912430942,
        0.281904966,
        -0.296647
      ],
      [
        0.323384851,
        -0.0524670072,
        0.9448119
      ],
      [
        0.250783,
        -0.9580067,
        -0.139036313
      ]
    ],
    "translation": [
      2.243255,
      0.867263258,
      -0.735817969
    ]
  },
  {
    "timeStamp": 33083,
    "rotation": [
      [
        0.9197457,
        0.2616195,
        -0.292614281
      ],
      [
        0.318338215,
        -0.06106028,
        0.9460087
      ],
      [
        0.229627222,
        -0.9632377,
        -0.139443412
      ]
    ],
    "translation": [
      2.246684,
      0.8632614,
      -0.733633161
    ]
  },
  {
    "timeStamp": 33140,
    "rotation": [
      [
        0.9189209,
        0.270508736,
        -0.287070483
      ],
      [
        0.313826442,
        -0.0605079122,
        0.9475504
      ],
      [
        0.238950625,
        -0.9608142,
        -0.140494779
      ]
    ],
    "translation": [
      2.24691987,
      0.857666433,
      -0.7324581
    ]
  },
  {
    "timeStamp": 33184,
    "rotation": [
      [
        0.9224753,
        0.26962018,
        -0.276304722
      ],
      [
        0.303832054,
        -0.06549084,
        0.950472
      ],
      [
        0.238171,
        -0.960737169,
        -0.142332941
      ]
    ],
    "translation": [
      2.245613,
      0.8538079,
      -0.7313634
    ]
  },
  {
    "timeStamp": 33239,
    "rotation": [
      [
        0.9218668,
        0.283384532,
        -0.264300644
      ],
      [
        0.28870368,
        -0.0473181866,
        0.956248462
      ],
      [
        0.2584798,
        -0.9578383,
        -0.125435218
      ]
    ],
    "translation": [
      2.24207,
      0.8471252,
      -0.7322816
    ]
  },
  {
    "timeStamp": 33284,
    "rotation": [
      [
        0.9177482,
        0.299377173,
        -0.260981947
      ],
      [
        0.280362129,
        -0.022907868,
        0.959620953
      ],
      [
        0.281310081,
        -0.9538598,
        -0.10495767
      ]
    ],
    "translation": [
      2.23874879,
      0.8403858,
      -0.7355696
    ]
  }
]