[
  {
    "timeStamp": 49210,
    "rotation": [
      [
        0.6443682,
        -0.579158843,
        0.4993643
      ],
      [
        0.690641165,
        0.721115053,
        -0.0548438
      ],
      [
        -0.328335851,
        0.380221158,
        0.864654541
      ]
    ],
    "translation": [
      1.448537,
      0.7039291,
      -0.499186546
    ]
  },
  {
    "timeStamp": 49265,
    "rotation": [
      [
        0.613877952,
        -0.60474503,
        0.507382751
      ],
      [
        0.7033446,
        0.7108393,
        -0.00372740626
      ],
      [
        -0.358413458,
        0.3591531,
        0.8617127
      ]
    ],
    "translation": [
      1.44822133,
      0.7052434,
      -0.4993612
    ]
  },
  {
    "timeStamp": 49310,
    "rotation": [
      [
        0.622454,
        -0.604931951,
        0.4965968
      ],
      [
        0.6786536,
        0.733226,
        0.0425318331
      ],
      [
        -0.389846534,
        0.3105431,
        0.8669387
      ]
    ],
    "translation": [
      1.44850385,
      0.7036832,
      -0.499612838
    ]
  },
  {
    "timeStamp": 49365,
    "rotation": [
      [
        0.650309145,
        -0.569228768,
        0.503067255
      ],
      [
        0.700086653,
        0.706150353,
        -0.105973214
      ],
      [
        -0.29491812,
        0.421106,
        0.8577255
      ]
    ],
    "translation": [
      1.449518,
      0.713391066,
      -0.509716451
    ]
  },
  {
    "timeStamp": 49410,
    "rotation": [
      [
        0.7117115,
        -0.435016036,
        0.551568449
      ],
      [
        0.6175684,
        0.7616635,
        -0.19615823
      ],
      [
        -0.3347776,
        0.4802393,
        0.810736835
      ]
    ],
    "translation": [
      1.44347763,
      0.7445511,
      -0.5136844
    ]
  },
  {
    "timeStamp": 49465,
    "rotation": [
      [
        0.759809732,
        -0.2714417,
        0.59076947
      ],
      [
        0.499922156,
        0.824863255,
        -0.26396668
      ],
      [
        -0.415652484,
        0.495903224,
        0.762438834
      ]
    ],
    "translation": [
      1.44575131,
      0.790187955,
      -0.5173314
    ]
  },
  {
    "timeStamp": 49510,
    "rotation": [
      [
        0.7852424,
        -0.133256391,
        0.604679465
      ],
      [
        0.395841062,
        0.858982563,
        -0.324744344
      ],
      [
        -0.476134837,
        0.49435997,
        0.7272578
      ]
    ],
    "translation": [
      1.45216906,
      0.832053661,
      -0.5252671
    ]
  },
  {
    "timeStamp": 49565,
    "rotation": [
      [
        0.789030433,
        0.0257756412,
        0.6138131
      ],
      [
        0.28383413,
        0.8708025,
        -0.401423931
      ],
      [
        -0.544856966,
        0.4909568,
        0.6797737
      ]
    ],
    "translation": [
      1.47267818,
      0.879789054,
      -0.5407248
    ]
  },
  {
    "timeStamp": 49621,
    "rotation": [
      [
        0.790592849,
        0.08896041,
        0.6058457
      ],
      [
        0.229612023,
        0.8741323,
        -0.4279849
      ],
      [
        -0.567662954,
        0.477471232,
        0.6706564
      ]
    ],
    "translation": [
      1.49350488,
      0.915085852,
      -0.5625522
    ]
  },
  {
    "timeStamp": 49665,
    "rotation": [
      [
        0.79402405,
        0.104533568,
        0.598830938
      ],
      [
        0.195311964,
        0.88900125,
        -0.414161742
      ],
      [
        -0.5756553,
        0.445813239,
        0.6854717
      ]
    ],
    "translation": [
      1.51057136,
      0.9431229,
      -0.5823097
    ]
  },
  {
    "timeStamp": 49710,
    "rotation": [
      [
        0.784689248,
        0.172760323,
        0.595329
      ],
      [
        0.1435511,
        0.8836304,
        -0.445634753
      ],
      [
        -0.603038847,
        0.435144931,
        0.6685754
      ]
    ],
    "translation": [
      1.53113317,
      0.974912167,
      -0.596116662
    ]
  },
  {
    "timeStamp": 49765,
    "rotation": [
      [
        0.750046551,
        0.228968725,
        0.620486438
      ],
      [
        0.105168507,
        0.8849359,
        -0.453682661
      ],
      [
        -0.6529699,
        0.405538738,
        0.639662862
      ]
    ],
    "translation": [
      1.56327927,
      1.00968421,
      -0.608662546
    ]
  },
  {
    "timeStamp": 49810,
    "rotation": [
      [
        0.715223968,
        0.241139188,
        0.6559776
      ],
      [
        0.0923561454,
        0.8977508,
        -0.4307132
      ],
      [
        -0.692766249,
        0.368639976,
        0.6198222
      ]
    ],
    "translation": [
      1.5920186,
      1.03171551,
      -0.6167575
    ]
  },
  {
    "timeStamp": 49866,
    "rotation": [
      [
        0.648777246,
        0.215852812,
        0.729723
      ],
      [
        0.102055445,
        0.9255848,
        -0.3645237
      ],
      [
        -0.754103959,
        0.3109669,
        0.5784694
      ]
    ],
    "translation": [
      1.63321924,
      1.05399394,
      -0.6241794
    ]
  },
  {
    "timeStamp": 49910,
    "rotation": [
      [
        0.580868542,
        0.206865162,
        0.7872729
      ],
      [
        0.120334253,
        0.9347194,
        -0.334393948
      ],
      [
        -0.805053651,
        0.288974822,
        0.518056154
      ]
    ],
    "translation": [
      1.67359459,
      1.069393,
      -0.6256423
    ]
  },
  {
    "timeStamp": 49965,
    "rotation": [
      [
        0.4622068,
        0.200886533,
        0.8637184
      ],
      [
        0.1378157,
        0.9458953,
        -0.29374966
      ],
      [
        -0.875997543,
        0.254807055,
        0.409513921
      ]
    ],
    "translation": [
      1.73284292,
      1.085341,
      -0.625097334
    ]
  },
  {
    "timeStamp": 50021,
    "rotation": [
      [
        0.351334363,
        0.201737359,
        0.914257169
      ],
      [
        0.159499064,
        0.9493382,
        -0.270771176
      ],
      [
        -0.9225639,
        0.240954384,
        0.3013582
      ]
    ],
    "translation": [
      1.79501116,
      1.0970192,
      -0.624465346
    ]
  },
  {
    "timeStamp": 50065,
    "rotation": [
      [
        0.250305653,
        0.183580309,
        0.950602651
      ],
      [
        0.181012675,
        0.955671132,
        -0.23222205
      ],
      [
        -0.9510949,
        0.230197608,
        0.205979541
      ]
    ],
    "translation": [
      1.84436214,
      1.10188615,
      -0.6248041
    ]
  },
  {
    "timeStamp": 50110,
    "rotation": [
      [
        0.1788912,
        0.164892644,
        0.9699528
      ],
      [
        0.2306516,
        0.9513535,
        -0.204270482
      ],
      [
        -0.956450641,
        0.260263354,
        0.132156014
      ]
    ],
    "translation": [
      1.8932451,
      1.09758115,
      -0.626112461
    ]
  },
  {
    "timeStamp": 50165,
    "rotation": [
      [
        0.08992889,
        0.134304047,
        0.9868512
      ],
      [
        0.312051862,
        0.9371735,
        -0.1559796
      ],
      [
        -0.9457994,
        0.321975827,
        0.0423691347
      ]
    ],
    "translation": [
      1.95234036,
      1.08257782,
      -0.6273438
    ]
  },
  {
    "timeStamp": 50220,
    "rotation": [
      [
        0.0308085047,
        0.124710806,
        0.991714656
      ],
      [
        0.3953099,
        0.9097695,
        -0.126686633
      ],
      [
        -0.918031,
        0.395937681,
        -0.02127078
      ]
    ],
    "translation": [
      2.00932121,
      1.06121969,
      -0.63003695
    ]
  },
  {
    "timeStamp": 50265,
    "rotation": [
      [
        -0.0363830142,
        0.07405024,
        0.9965906
      ],
      [
        0.438656062,
        0.897226334,
        -0.05065289
      ],
      [
        -0.8979182,
        0.435317636,
        -0.06512639
      ]
    ],
    "translation": [
      2.05347848,
      1.04120171,
      -0.632377
    ]
  },
  {
    "timeStamp": 50310,
    "rotation": [
      [
        -0.07535319,
        0.0209693946,
        0.9969364
      ],
      [
        0.513253868,
        0.857986033,
        0.0207474288
      ],
      [
        -0.8549224,
        0.513244867,
        -0.0754146054
      ]
    ],
    "translation": [
      2.0939405,
      1.01482511,
      -0.6414749
    ]
  },
  {
    "timeStamp": 50367,
    "rotation": [
      [
        -0.126791671,
        -0.0262850169,
        0.991580963
      ],
      [
        0.5692478,
        0.816724062,
        0.0944385752
      ],
      [
        -0.8123304,
        0.576429367,
        -0.08859113
      ]
    ],
    "translation": [
      2.13727736,
      0.987947047,
      -0.655796945
    ]
  },
  {
    "timeStamp": 50418,
    "rotation": [
      [
        -0.1531347,
        -0.0503200777,
        0.9869234
      ],
      [
        0.625584066,
        0.768169761,
        0.136234477
      ],
      [
        -0.76498,
        0.6382657,
        -0.08615401
      ]
    ],
    "translation": [
      2.17092156,
      0.96323806,
      -0.675976336
    ]
  },
  {
    "timeStamp": 50460,
    "rotation": [
      [
        -0.164207,
        -0.0876744241,
        0.982521832
      ],
      [
        0.655728638,
        0.7344054,
        0.175124645
      ],
      [
        -0.736923337,
        0.6730244,
        -0.06310388
      ]
    ],
    "translation": [
      2.189465,
      0.9440958,
      -0.6983708
    ]
  },
  {
    "timeStamp": 50515,
    "rotation": [
      [
        -0.149204418,
        -0.080622986,
        0.985514045
      ],
      [
        0.7009344,
        0.694367766,
        0.162924618
      ],
      [
        -0.6974446,
        0.715089738,
        -0.04709131
      ]
    ],
    "translation": [
      2.20008755,
      0.919716,
      -0.7246849
    ]
  },
  {
    "timeStamp": 50560,
    "rotation": [
      [
        -0.152774155,
        -0.08093209,
        0.984941661
      ],
      [
        0.7217575,
        0.6716619,
        0.16714178
      ],
      [
        -0.675074935,
        0.7364239,
        -0.04419925
      ]
    ],
    "translation": [
      2.20745182,
      0.9019484,
      -0.74172616
    ]
  },
  {
    "timeStamp": 50615,
    "rotation": [
      [
        -0.13975209,
        -0.04685001,
        0.989077568
      ],
      [
        0.733407259,
        0.6662125,
        0.1351838
      ],
      [
        -0.6652692,
        0.7442889,
        -0.0587444454
      ]
    ],
    "translation": [
      2.2126193,
      0.8844785,
      -0.755693
    ]
  },
  {
    "timeStamp": 50660,
    "rotation": [
      [
        -0.150890276,
        -0.0473284945,
        0.987416863
      ],
      [
        0.728187561,
        0.6702082,
        0.1434008
      ],
      [
        -0.6685618,
        0.7406625,
        -0.0666638762
      ]
    ],
    "translation": [
      2.21715188,
      0.8734049,
      -0.7603621
    ]
  },
  {
    "timeStamp": 50715,
    "rotation": [
      [
        -0.144019231,
        -0.0396913476,
        0.9887786
      ],
      [
        0.7280256,
        0.672517836,
        0.133035675
      ],
      [
        -0.6702516,
        0.7390158,
        -0.06795918
      ]
    ],
    "translation": [
      2.21873021,
      0.86159,
      -0.7632542
    ]
  },
  {
    "timeStamp": 50770,
    "rotation": [
      [
        -0.152003109,
        -0.0511675477,
        0.9870547
      ],
      [
        0.747038245,
        0.6479529,
        0.148630351
      ],
      [
        -0.64717,
        0.7599599,
        -0.0602667369
      ]
    ],
    "translation": [
      2.222006,
      0.8468888,
      -0.76880306
    ]
  },
  {
    "timeStamp": 50816,
    "rotation": [
      [
        -0.140437916,
        -0.0306132324,
        0.989616156
      ],
      [
        0.771164656,
        0.62348634,
        0.128724337
      ],
      [
        -0.6209528,
        0.7812347,
        -0.06395328
      ]
    ],
    "translation": [
      2.22354364,
      0.835306168,
      -0.7747755
    ]
  },
  {
    "timeStamp": 50862,
    "rotation": [
      [
        -0.139572471,
        -0.00486874674,
        0.990199864
      ],
      [
        0.7856968,
        0.608066142,
        0.1137368
      ],
      [
        -0.6026608,
        0.7938714,
        -0.08104394
      ]
    ],
    "translation": [
      2.22510529,
      0.8268971,
      -0.779308259
    ]
  },
  {
    "timeStamp": 50919,
    "rotation": [
      [
        -0.1426922,
        0.00229324214,
        0.989764452
      ],
      [
        0.800299,
        0.588661551,
        0.114013463
      ],
      [
        -0.5823749,
        0.8083763,
        -0.0858326852
      ]
    ],
    "translation": [
      2.22788239,
      0.8184726,
      -0.7844285
    ]
  },
  {
    "timeStamp": 50964,
    "rotation": [
      [
        -0.140970871,
        0.05472648,
        0.9885
      ],
      [
        0.808813334,
        0.5821622,
        0.08311525
      ],
      [
        -0.570918739,
        0.8112288,
        -0.126331419
      ]
    ],
    "translation": [
      2.229502,
      0.8136965,
      -0.78551
    ]
  },
  {
    "timeStamp": 51020,
    "rotation": [
      [
        -0.13894251,
        0.09162781,
        0.9860524
      ],
      [
        0.8144572,
        0.576992631,
        0.0611470155
      ],
      [
        -0.5633422,
        0.811593354,
        -0.154795736
      ]
    ],
    "translation": [
      2.2299602,
      0.8100382,
      -0.7853909
    ]
  },
  {
    "timeStamp": 51064,
    "rotation": [
      [
        -0.146540269,
        0.117599964,
        0.9821895
      ],
      [
        0.815568268,
        0.5762576,
        0.05268405
      ],
      [
        -0.5597985,
        0.8087629,
        -0.180355728
      ]
    ],
    "translation": [
      2.2310946,
      0.808017552,
      -0.784895062
    ]
  },
  {
    "timeStamp": 51120,
    "rotation": [
      [
        -0.168776825,
        0.126654208,
        0.9774831
      ],
      [
        0.81872046,
        0.5702133,
        0.06748057
      ],
      [
        -0.5488272,
        0.811674535,
        -0.199933186
      ]
    ],
    "translation": [
      2.23318768,
      0.8043978,
      -0.7858064
    ]
  },
  {
    "timeStamp": 51164,
    "rotation": [
      [
        -0.179881439,
        0.141177282,
        0.973504841
      ],
      [
        0.8229173,
        0.5637959,
        0.0702948347
      ],
      [
        -0.538934052,
        0.8137587,
        -0.217593655
      ]
    ],
    "translation": [
      2.23319077,
      0.8019718,
      -0.786440253
    ]
  },
  {
    "timeStamp": 51220,
    "rotation": [
      [
        -0.187787592,
        0.127495676,
        0.9738997
      ],
      [
        0.8185163,
        0.5683949,
        0.08341652
      ],
      [
        -0.542924345,
        0.8128174,
        -0.211094812
      ]
    ],
    "translation": [
      2.23176336,
      0.8021676,
      -0.787371755
    ]
  },
  {
    "timeStamp": 51264,
    "rotation": [
      [
        -0.195954531,
        0.128805757,
        0.9721167
      ],
      [
        0.822371,
        0.5615683,
        0.09136156
      ],
      [
        -0.534142,
        0.817343354,
        -0.215967968
      ]
    ],
    "translation": [
      2.23110414,
      0.8016549,
      -0.7893986
    ]
  },
  {
    "timeStamp": 51320,
    "rotation": [
      [
        -0.1865777,
        0.149816617,
        0.9709499
      ],
      [
        0.8132292,
        0.578065,
        0.06707522
      ],
      [
        -0.551223159,
        0.802119553,
        -0.229689285
      ]
    ],
    "translation": [
      2.22772479,
      0.8052044,
      -0.788986
    ]
  },
  {
    "timeStamp": 51364,
    "rotation": [
      [
        -0.188836515,
        0.145977736,
        0.971097946
      ],
      [
        0.8103787,
        0.581692755,
        0.07014215
      ],
      [
        -0.5546414,
        0.8002024,
        -0.2281421
      ]
    ],
    "translation": [
      2.22534466,
      0.807473361,
      -0.7901519
    ]
  },
  {
    "timeStamp": 51420,
    "rotation": [
      [
        -0.195438161,
        0.1658119,
        0.966597259
      ],
      [
        0.812635958,
        0.57913965,
        0.06496173
      ],
      [
        -0.5490234,
        0.798187733,
        -0.2479307
      ]
    ],
    "translation": [
      2.22464871,
      0.806924641,
      -0.7926289
    ]
  }
]