[
  {
    "timeStamp": 62822,
    "rotation": [
      [
        0.9959256,
        0.08432604,
        -0.0319601
      ],
      [
        -0.08066445,
        0.991472363,
        0.102351233
      ],
      [
        0.04031843,
        -0.09935617,
        0.994234741
      ]
    ],
    "translation": [
      1.76934052,
      0.6849779,
      -0.488554448
    ]
  },
  {
    "timeStamp": 62878,
    "rotation": [
      [
        0.9992959,
        0.007625376,
        -0.03673661
      ],
      [
        -0.002497333,
        0.99047637,
        0.137660488
      ],
      [
        0.0374364555,
        -0.13747181,
        0.98979795
      ]
    ],
    "translation": [
      1.77020156,
      0.692196131,
      -0.48787725
    ]
  },
  {
    "timeStamp": 62924,
    "rotation": [
      [
        0.981299162,
        0.1898965,
        0.03148468
      ],
      [
        -0.192255422,
        0.958856165,
        0.208884135
      ],
      [
        0.009477084,
        -0.211030915,
        0.977433443
      ]
    ],
    "translation": [
      1.760178,
      0.7114394,
      -0.482864648
    ]
  },
  {
    "timeStamp": 62980,
    "rotation": [
      [
        0.946256,
        0.295829743,
        0.13070716
      ],
      [
        -0.32041207,
        0.912468255,
        0.254436
      ],
      [
        -0.0439964123,
        -0.282641739,
        0.958216
      ]
    ],
    "translation": [
      1.75421977,
      0.755226254,
      -0.482407868
    ]
  },
  {
    "timeStamp": 63025,
    "rotation": [
      [
        0.891716361,
        0.3785883,
        0.248017773
      ],
      [
        -0.43901515,
        0.8567542,
        0.270625234
      ],
      [
        -0.1100347,
        -0.3502045,
        0.9301877
      ]
    ],
    "translation": [
      1.755415,
      0.7989893,
      -0.487391382
    ]
  },
  {
    "timeStamp": 63071,
    "rotation": [
      [
        0.829902053,
        0.4440861,
        0.337713122
      ],
      [
        -0.540579736,
        0.7897652,
        0.289904267
      ],
      [
        -0.137971625,
        -0.423153,
        0.89549166
      ]
    ],
    "translation": [
      1.75904286,
      0.8467524,
      -0.499611557
    ]
  },
  {
    "timeStamp": 63125,
    "rotation": [
      [
        0.769952834,
        0.4661143,
        0.435786784
      ],
      [
        -0.611643732,
        0.733724236,
        0.295872778
      ],
      [
        -0.181836769,
        -0.4943543,
        0.850029
      ]
    ],
    "translation": [
      1.76886928,
      0.9004555,
      -0.5237917
    ]
  },
  {
    "timeStamp": 63171,
    "rotation": [
      [
        0.742096961,
        0.460539848,
        0.4870269
      ],
      [
        -0.6434896,
        0.692898631,
        0.325288475
      ],
      [
        -0.187651977,
        -0.554792345,
        0.8105506
      ]
    ],
    "translation": [
      1.78025341,
      0.9430852,
      -0.54742223
    ]
  },
  {
    "timeStamp": 63225,
    "rotation": [
      [
        0.702868462,
        0.400814742,
        0.5876423
      ],
      [
        -0.655430257,
        0.6859254,
        0.3160974
      ],
      [
        -0.276382267,
        -0.607333362,
        0.7448214
      ]
    ],
    "translation": [
      1.80346489,
      0.988067,
      -0.5750059
    ]
  },
  {
    "timeStamp": 63270,
    "rotation": [
      [
        0.634187937,
        0.359129429,
        0.6847128
      ],
      [
        -0.682088733,
        0.676885,
        0.276733726
      ],
      [
        -0.364088655,
        -0.6425361,
        0.674230456
      ]
    ],
    "translation": [
      1.834752,
      1.02105558,
      -0.594225347
    ]
  },
  {
    "timeStamp": 63325,
    "rotation": [
      [
        0.5135274,
        0.289680958,
        0.807697
      ],
      [
        -0.699994266,
        0.685840845,
        0.199073672
      ],
      [
        -0.49628377,
        -0.6676131,
        0.5549731
      ]
    ],
    "translation": [
      1.87834156,
      1.05768239,
      -0.6187886
    ]
  },
  {
    "timeStamp": 63370,
    "rotation": [
      [
        0.4298647,
        0.192431226,
        0.8821488
      ],
      [
        -0.7045112,
        0.6825447,
        0.194413453
      ],
      [
        -0.5646948,
        -0.705055237,
        0.428971857
      ]
    ],
    "translation": [
      1.92248178,
      1.08385563,
      -0.6377596
    ]
  },
  {
    "timeStamp": 63426,
    "rotation": [
      [
        0.301894,
        0.0716765,
        0.950643241
      ],
      [
        -0.6893238,
        0.7052412,
        0.165733576
      ],
      [
        -0.658553541,
        -0.7053349,
        0.2623164
      ]
    ],
    "translation": [
      1.9850806,
      1.10388136,
      -0.6582015
    ]
  },
  {
    "timeStamp": 63470,
    "rotation": [
      [
        0.210159525,
        -0.07569894,
        0.9747321
      ],
      [
        -0.6627638,
        0.7219131,
        0.198961511
      ],
      [
        -0.718733,
        -0.6878308,
        0.101546384
      ]
    ],
    "translation": [
      2.044899,
      1.11121511,
      -0.6729111
    ]
  },
  {
    "timeStamp": 63525,
    "rotation": [
      [
        0.08116633,
        -0.196418941,
        0.977154851
      ],
      [
        -0.6127422,
        0.7634056,
        0.204349756
      ],
      [
        -0.7861037,
        -0.615330338,
        -0.05839134
      ]
    ],
    "translation": [
      2.11376476,
      1.10154533,
      -0.687813938
    ]
  },
  {
    "timeStamp": 63570,
    "rotation": [
      [
        -0.0118401069,
        -0.230067313,
        0.9731027
      ],
      [
        -0.5159967,
        0.83499366,
        0.19113633
      ],
      [
        -0.8565088,
        -0.499854684,
        -0.128600374
      ]
    ],
    "translation": [
      2.16165233,
      1.06904531,
      -0.695813835
    ]
  },
  {
    "timeStamp": 63626,
    "rotation": [
      [
        -0.08296863,
        -0.22595869,
        0.9705972
      ],
      [
        -0.389880449,
        0.9036843,
        0.177053347
      ],
      [
        -0.9171202,
        -0.363726974,
        -0.163074315
      ]
    ],
    "translation": [
      2.204047,
      1.01945531,
      -0.6951301
    ]
  },
  {
    "timeStamp": 63670,
    "rotation": [
      [
        -0.07995883,
        -0.226798236,
        0.970653951
      ],
      [
        -0.2817275,
        0.939211369,
        0.196243852
      ],
      [
        -0.956157,
        -0.257768482,
        -0.138993531
      ]
    ],
    "translation": [
      2.22664785,
      0.984164357,
      -0.690781236
    ]
  },
  {
    "timeStamp": 63725,
    "rotation": [
      [
        -0.0592067577,
        -0.18831028,
        0.9803233
      ],
      [
        -0.292957038,
        0.942082047,
        0.163271338
      ],
      [
        -0.9542907,
        -0.277525842,
        -0.11094445
      ]
    ],
    "translation": [
      2.23900557,
      0.96249634,
      -0.669509232
    ]
  },
  {
    "timeStamp": 63773,
    "rotation": [
      [
        -0.0436138622,
        -0.1332411,
        0.9901235
      ],
      [
        -0.272116452,
        0.955179632,
        0.116552271
      ],
      [
        -0.9612754,
        -0.264345616,
        -0.0779161751
      ]
    ],
    "translation": [
      2.238922,
      0.944164336,
      -0.6511163
    ]
  },
  {
    "timeStamp": 63821,
    "rotation": [
      [
        0.09162644,
        -0.215523481,
        0.97219044
      ],
      [
        -0.219449833,
        0.9479245,
        0.2308266
      ],
      [
        -0.9713116,
        -0.234496847,
        0.0395583548
      ]
    ],
    "translation": [
      2.23684168,
      0.9234258,
      -0.6318043
    ]
  },
  {
    "timeStamp": 63876,
    "rotation": [
      [
        0.09430154,
        -0.110760838,
        0.989363
      ],
      [
        -0.26014,
        0.9565223,
        0.131879613
      ],
      [
        -0.960954964,
        -0.269809365,
        0.061388202
      ]
    ],
    "translation": [
      2.2242887,
      0.9095964,
      -0.6116595
    ]
  },
  {
    "timeStamp": 63920,
    "rotation": [
      [
        0.118167251,
        -0.161310792,
        0.9798037
      ],
      [
        -0.2552202,
        0.948635161,
        0.186959654
      ],
      [
        -0.95963484,
        -0.2721582,
        0.070927836
      ]
    ],
    "translation": [
      2.22626281,
      0.902553439,
      -0.6012487
    ]
  },
  {
    "timeStamp": 63975,
    "rotation": [
      [
        0.07927114,
        -0.140134946,
        0.986954033
      ],
      [
        -0.262237936,
        0.952265859,
        0.156272337
      ],
      [
        -0.9617418,
        -0.27120468,
        0.0387384966
      ]
    ],
    "translation": [
      2.23085713,
      0.8896869,
      -0.5945004
    ]
  },
  {
    "timeStamp": 64020,
    "rotation": [
      [
        0.03907161,
        -0.1581223,
        0.986646235
      ],
      [
        -0.236642361,
        0.9578471,
        0.162878036
      ],
      [
        -0.9708109,
        -0.2398462,
        6.19059438E-06
      ]
    ],
    "translation": [
      2.23832583,
      0.877354,
      -0.5954985
    ]
  },
  {
    "timeStamp": 64076,
    "rotation": [
      [
        0.0499053821,
        -0.17501846,
        0.983299553
      ],
      [
        -0.20541428,
        0.9616798,
        0.181595713
      ],
      [
        -0.9774019,
        -0.211046368,
        0.0120417057
      ]
    ],
    "translation": [
      2.241089,
      0.863658547,
      -0.5971874
    ]
  },
  {
    "timeStamp": 64120,
    "rotation": [
      [
        0.0440916456,
        -0.1837436,
        0.981984854
      ],
      [
        -0.168829679,
        0.9674328,
        0.188601226
      ],
      [
        -0.9846586,
        -0.174103931,
        0.0116343284
      ]
    ],
    "translation": [
      2.24431252,
      0.855644643,
      -0.6001179
    ]
  },
  {
    "timeStamp": 64175,
    "rotation": [
      [
        0.052814737,
        -0.166989654,
        0.9845431
      ],
      [
        -0.15595527,
        0.972442269,
        0.173303276
      ],
      [
        -0.986351132,
        -0.162697643,
        0.0253163632
      ]
    ],
    "translation": [
      2.24300885,
      0.8496802,
      -0.600890934
    ]
  },
  {
    "timeStamp": 64220,
    "rotation": [
      [
        0.07719928,
        -0.164673969,
        0.983322263
      ],
      [
        -0.127541646,
        0.9765314,
        0.173549831
      ],
      [
        -0.988824248,
        -0.138812467,
        0.0543847345
      ]
    ],
    "translation": [
      2.23901463,
      0.844731,
      -0.603840649
    ]
  }
]