[
  {
    "id": "003 cracker box(Clone)-9228",
    "pickRotation": [
      [
        -0.9978907,
        -0.0156671815,
        -0.06299781
      ],
      [
        0.0628659949,
        0.008768701,
        -0.997983456
      ],
      [
        0.0161879975,
        -0.9998388,
        -0.007765272
      ]
    ],
    "pickTranslation": [
      0.0290053729,
      0.03986655,
      0.189304247
    ],
    "placeRotation": [
      [
        0.999363244,
        0.03395699,
        -0.0109546855
      ],
      [
        0.0103586959,
        0.0176778324,
        0.9997901
      ],
      [
        0.0341435149,
        -0.9992669,
        0.0173148252
      ]
    ],
    "placeTranslation": [
      0.615549147,
      0.105868034,
      -0.7688141
    ]
  },
  {
    "id": "004 sugar box(Clone)-9252",
    "pickRotation": [
      [
        -0.9861715,
        -0.01836202,
        0.164707839
      ],
      [
        -0.16572696,
        0.113104932,
        -0.979664147
      ],
      [
        -0.000640660641,
        -0.9934134,
        -0.114583939
      ]
    ],
    "pickTranslation": [
      0.00331473164,
      -0.0199204553,
      0.180321828
    ],
    "placeRotation": [
      [
        0.9985226,
        0.05066265,
        0.0196448378
      ],
      [
        -0.0194656439,
        -0.004028064,
        0.9998024
      ],
      [
        0.05073177,
        -0.998707652,
        -0.003035932
      ]
    ],
    "placeTranslation": [
      0.8416235,
      0.192373455,
      -0.306223452
    ]
  },
  {
    "id": "008 pudding box(Clone)-9188",
    "pickRotation": [
      [
        0.1284665,
        -0.4788106,
        0.868468046
      ],
      [
        -0.0788176,
        -0.8778838,
        -0.472342849
      ],
      [
        0.9885768,
        -0.007770333,
        -0.150517374
      ]
    ],
    "pickTranslation": [
      0.0413450152,
      0.0565171465,
      0.0251133144
    ],
    "placeRotation": [
      [
        0.008034756,
        0.0591439679,
        -0.998217165
      ],
      [
        0.532366455,
        0.8447683,
        0.0543372557
      ],
      [
        0.8464759,
        -0.5318539,
        -0.0246987566
      ]
    ],
    "placeTranslation": [
      -0.7476602,
      0.649969161,
      -0.6529994
    ]
  },
  {
    "id": "010 potted meat can(Clone)-9164",
    "pickRotation": [
      [
        -0.0501372479,
        0.20828253,
        -0.9767828
      ],
      [
        0.996450245,
        0.07665388,
        -0.0348016024
      ],
      [
        0.06762563,
        -0.975060344,
        -0.211386383
      ]
    ],
    "pickTranslation": [
      0.0317521356,
      -0.0216542482,
      0.06686512
    ],
    "placeRotation": [
      [
        0.0581510849,
        -0.9981232,
        -0.0191947035
      ],
      [
        0.00172573223,
        -0.0191267058,
        0.9998156
      ],
      [
        -0.9983063,
        -0.0581734851,
        0.0006102547
      ]
    ],
    "placeTranslation": [
      -0.825619161,
      0.598859668,
      -0.490613371
    ]
  },
  {
    "id": "025 mug(Clone)-8868",
    "pickRotation": [
      [
        -0.8495178,
        0.021211395,
        -0.5271333
      ],
      [
        0.526288569,
        0.103397951,
        -0.8439959
      ],
      [
        0.03660218,
        -0.994413853,
        -0.09900172
      ]
    ],
    "pickTranslation": [
      0.07731093,
      -0.0110491225,
      0.0759378746
    ],
    "placeRotation": [
      [
        0.425847173,
        -0.886864066,
        -0.179237932
      ],
      [
        0.223674089,
        -0.08876199,
        0.970613837
      ],
      [
        -0.8767121,
        -0.453424037,
        0.160569474
      ]
    ],
    "placeTranslation": [
      -0.6310125,
      0.431363672,
      0.285204947
    ]
  },
  {
    "id": "002 masterchef can(Clone)-9176",
    "pickRotation": [
      [
        -0.5802485,
        -0.251816,
        -0.7745324
      ],
      [
        0.8144107,
        -0.187401071,
        -0.5491959
      ],
      [
        -0.006851878,
        -0.949457467,
        0.3138208
      ]
    ],
    "pickTranslation": [
      0.0311631728,
      -0.0309140477,
      0.128068209
    ],
    "placeRotation": [
      [
        0.41051963,
        -0.9118474,
        -0.00284236227
      ],
      [
        0.1483959,
        0.06373257,
        0.986872256
      ],
      [
        -0.899695754,
        -0.4055522,
        0.161477879
      ]
    ],
    "placeTranslation": [
      -0.482347161,
      0.5292352,
      0.123159863
    ]
  },
  {
    "id": "011 banana(Clone)-9082",
    "pickRotation": [
      [
        -0.986635447,
        0.02706924,
        0.160678834
      ],
      [
        -0.1548904,
        0.150358647,
        -0.976422668
      ],
      [
        -0.05059048,
        -0.988260865,
        -0.144156411
      ]
    ],
    "pickTranslation": [
      0.0146510359,
      -0.0108969975,
      0.0276666284
    ],
    "placeRotation": [
      [
        0.9165867,
        0.2995853,
        -0.264796972
      ],
      [
        0.281212956,
        -0.012235377,
        0.959567368
      ],
      [
        0.284232378,
        -0.953991055,
        -0.095462054
      ]
    ],
    "placeTranslation": [
      0.391558349,
      0.704563141,
      0.4956368
    ]
  },
  {
    "id": "016 pear(Clone)-9140",
    "pickRotation": [
      [
        -0.988703668,
        -0.0800527856,
        -0.1267143
      ],
      [
        0.131845728,
        -0.06242864,
        -0.989302456
      ],
      [
        0.071285814,
        -0.9948337,
        0.0722780451
      ]
    ],
    "pickTranslation": [
      0.0375539921,
      0.00180062652,
      0.06941585
    ],
    "placeRotation": [
      [
        0.98852545,
        -0.11891868,
        -0.09314404
      ],
      [
        0.102122463,
        0.0717723444,
        0.9921793
      ],
      [
        -0.111303478,
        -0.990306556,
        0.0830930546
      ]
    ],
    "placeTranslation": [
      0.07911761,
      0.485450149,
      -0.213597968
    ]
  },
  {
    "id": "005 tomato soup can(Clone)-9216",
    "pickRotation": [
      [
        -0.986657858,
        -0.0928336456,
        -0.133746862
      ],
      [
        0.124770552,
        0.09657827,
        -0.987474
      ],
      [
        0.104587853,
        -0.9909867,
        -0.0837068
      ]
    ],
    "pickTranslation": [
      0.008897312,
      0.08068918,
      0.0923851356
    ],
    "placeRotation": [
      [
        0.907442153,
        -0.420175523,
        0.0011305837
      ],
      [
        0.00292646978,
        0.009010841,
        0.9999551
      ],
      [
        -0.42016685,
        -0.907398164,
        0.009406448
      ]
    ],
    "placeTranslation": [
      -1.2033993,
      0.491960764,
      -0.142562032
    ]
  },
  {
    "id": "017 orange(Clone)-9204",
    "pickRotation": [
      [
        -0.9031489,
        0.363830745,
        -0.227923945
      ],
      [
        -0.3628691,
        -0.363162071,
        0.858160436
      ],
      [
        0.22945182,
        0.8577532,
        0.460012317
      ]
    ],
    "pickTranslation": [
      0.009326991,
      0.008189259,
      0.00431842264
    ],
    "placeRotation": [
      [
        0.8942732,
        0.4319614,
        -0.116982043
      ],
      [
        -0.203323379,
        0.159306929,
        -0.966064632
      ],
      [
        -0.398666561,
        0.8877109,
        0.230291769
      ]
    ],
    "placeTranslation": [
      0.33458972,
      0.640079737,
      0.2814177
    ]
  },
  {
    "id": "013 apple(Clone)-9152",
    "pickRotation": [
      [
        -0.3839611,
        -0.323022753,
        -0.86500293
      ],
      [
        0.872473538,
        0.179747775,
        -0.454401374
      ],
      [
        0.302264333,
        -0.9291647,
        0.212812632
      ]
    ],
    "pickTranslation": [
      0.00606740639,
      -0.00376767619,
      0.07121041
    ],
    "placeRotation": [
      [
        0.30425933,
        -0.9188396,
        -0.251316816
      ],
      [
        0.3494297,
        -0.137779653,
        0.926777
      ],
      [
        -0.8861857,
        -0.369798124,
        0.2791491
      ]
    ],
    "placeTranslation": [
      0.284720153,
      0.321064472,
      0.366213143
    ]
  },
  {
    "id": "014 lemon(Clone)-9268",
    "pickRotation": [
      [
        -0.111246459,
        -0.7951273,
        -0.5961517
      ],
      [
        -0.00193686306,
        -0.59970057,
        0.800222158
      ],
      [
        -0.9937909,
        0.0901765451,
        0.06517451
      ]
    ],
    "pickTranslation": [
      0.0231353361,
      0.0349282846,
      0.0334909819
    ],
    "placeRotation": [
      [
        -0.198428959,
        0.17594935,
        0.9641928
      ],
      [
        0.81771636,
        0.572064459,
        0.06389203
      ],
      [
        -0.5403387,
        0.801114261,
        -0.257390827
      ]
    ],
    "placeTranslation": [
      0.7253882,
      0.5001021,
      0.370862335
    ]
  },
  {
    "id": "007 tuna fish can(Clone)-9280",
    "pickRotation": [
      [
        -0.8532362,
        -0.0259551853,
        -0.520878434
      ],
      [
        0.521516144,
        -0.04818713,
        -0.851879656
      ],
      [
        -0.002988939,
        -0.998501,
        0.05465105
      ]
    ],
    "pickTranslation": [
      0.02260105,
      -0.02530823,
      0.009089535
    ],
    "placeRotation": [
      [
        0.741676569,
        -0.6659035,
        0.08055023
      ],
      [
        -0.0008440093,
        0.119161837,
        0.9928745
      ],
      [
        -0.6707571,
        -0.736459732,
        0.08781751
      ]
    ],
    "placeTranslation": [
      -0.466338426,
      0.737270653,
      -0.000142279954
    ]
  },
  {
    "id": "021 bleach cleanser(Clone)-9616",
    "pickRotation": [
      [
        0.11915119,
        0.265808642,
        0.9566341
      ],
      [
        -0.9928335,
        0.0408299081,
        0.112314984
      ],
      [
        -0.009204986,
        -0.9631608,
        0.268768638
      ]
    ],
    "pickTranslation": [
      -0.0102758287,
      0.00498020649,
      0.196160227
    ],
    "placeRotation": [
      [
        0.993629038,
        0.100470029,
        0.051059626
      ],
      [
        -0.05249446,
        0.0116879223,
        0.9985528
      ],
      [
        0.09972784,
        -0.994871438,
        0.01688758
      ]
    ],
    "placeTranslation": [
      -0.228803173,
      0.348644733,
      -0.689797342
    ]
  },
  {
    "id": "102 toothbrush(Clone)-9240",
    "pickRotation": [
      [
        -0.500980437,
        0.08825173,
        -0.8609473
      ],
      [
        0.02906698,
        -0.992510438,
        -0.118651569
      ],
      [
        -0.8649704,
        -0.08446725,
        0.49466306
      ]
    ],
    "pickTranslation": [
      -0.00325218169,
      0.0237665288,
      0.0196968783
    ],
    "placeRotation": [
      [
        0.0853243,
        -0.174625382,
        0.9809311
      ],
      [
        -0.112038121,
        0.9765955,
        0.18359898
      ],
      [
        -0.990034,
        -0.125567123,
        0.06376264
      ]
    ],
    "placeTranslation": [
      -0.3730465,
      0.7329719,
      0.499162763
    ]
  }
]