[
  {
    "timeStamp": 33421,
    "rotation": [
      [
        0.9994276,
        0.008357604,
        -0.0327809267
      ],
      [
        0.03286435,
        -0.0100478726,
        0.9994093
      ],
      [
        0.008023292,
        -0.9999146,
        -0.0103167892
      ]
    ],
    "translation": [
      1.61432648,
      0.700611353,
      -0.490788
    ]
  },
  {
    "timeStamp": 33465,
    "rotation": [
      [
        0.9999502,
        0.007273073,
        -0.0068286173
      ],
      [
        0.00678961631,
        0.00537361624,
        0.9999625
      ],
      [
        0.007309498,
        -0.999959052,
        0.00532396743
      ]
    ],
    "translation": [
      1.614361,
      0.7017129,
      -0.490774959
    ]
  },
  {
    "timeStamp": 33519,
    "rotation": [
      [
        0.9999637,
        0.00733333267,
        -0.00433026534
      ],
      [
        0.004309769,
        0.00280851312,
        0.999986768
      ],
      [
        0.00734539842,
        -0.9999691,
        0.00277680624
      ]
    ],
    "translation": [
      1.61436164,
      0.701664567,
      -0.490773022
    ]
  },
  {
    "timeStamp": 33564,
    "rotation": [
      [
        0.999931335,
        0.008507027,
        0.00806269
      ],
      [
        -0.007948277,
        -0.0133984275,
        0.999878645
      ],
      [
        0.008614023,
        -0.999874055,
        -0.0133298906
      ]
    ],
    "translation": [
      1.614364,
      0.70141685,
      -0.4908033
    ]
  },
  {
    "timeStamp": 33620,
    "rotation": [
      [
        0.999658763,
        0.0129780024,
        -0.0226689372
      ],
      [
        0.0222338121,
        0.0327438675,
        0.999216437
      ],
      [
        0.0137101058,
        -0.999379456,
        0.03244414
      ]
    ],
    "translation": [
      1.61862063,
      0.7024942,
      -0.4950762
    ]
  },
  {
    "timeStamp": 33664,
    "rotation": [
      [
        0.9974891,
        0.001091262,
        -0.07081192
      ],
      [
        0.07045992,
        0.08545427,
        0.993847549
      ],
      [
        0.007135737,
        -0.996341467,
        0.08516281
      ]
    ],
    "translation": [
      1.62646174,
      0.706716239,
      -0.5033097
    ]
  },
  {
    "timeStamp": 33719,
    "rotation": [
      [
        0.99836874,
        -0.00113741681,
        -0.05708299
      ],
      [
        0.057011608,
        0.07365747,
        0.9956527
      ],
      [
        0.003072118,
        -0.9972829,
        0.07360216
      ]
    ],
    "translation": [
      1.628532,
      0.7163427,
      -0.505675852
    ]
  },
  {
    "timeStamp": 33764,
    "rotation": [
      [
        0.998751163,
        0.000895306235,
        -0.0499525964
      ],
      [
        0.049816858,
        0.0579491,
        0.9970758
      ],
      [
        0.0037874158,
        -0.998319149,
        0.05783213
      ]
    ],
    "translation": [
      1.63148868,
      0.727790654,
      -0.5079055
    ]
  },
  {
    "timeStamp": 33819,
    "rotation": [
      [
        0.999576747,
        -0.00144464662,
        -0.02905579
      ],
      [
        0.0290907566,
        0.0416677147,
        0.99870795
      ],
      [
        -0.0002321105,
        -0.9991305,
        0.0416921042
      ]
    ],
    "translation": [
      1.63640189,
      0.744979,
      -0.514414549
    ]
  },
  {
    "timeStamp": 33864,
    "rotation": [
      [
        0.9998822,
        0.001635322,
        -0.0152621167
      ],
      [
        0.0152233066,
        0.02157504,
        0.9996513
      ],
      [
        0.00196404266,
        -0.999765933,
        0.0215476025
      ]
    ],
    "translation": [
      1.64274216,
      0.7604908,
      -0.5216247
    ]
  },
  {
    "timeStamp": 33920,
    "rotation": [
      [
        0.9999105,
        -0.0122743305,
        0.005319897
      ],
      [
        -0.00527570443,
        0.00362998131,
        0.9999795
      ],
      [
        -0.0122933891,
        -0.999918044,
        0.003564901
      ]
    ],
    "translation": [
      1.65394211,
      0.7804582,
      -0.533623457
    ]
  },
  {
    "timeStamp": 33970,
    "rotation": [
      [
        0.999663651,
        -0.0137519734,
        0.0219880641
      ],
      [
        -0.0222781729,
        -0.0213110186,
        0.999524653
      ],
      [
        -0.0132768527,
        -0.9996783,
        -0.02161022
      ]
    ],
    "translation": [
      1.66415536,
      0.798066139,
      -0.5441654
    ]
  },
  {
    "timeStamp": 34020,
    "rotation": [
      [
        0.9984389,
        -0.0310890842,
        0.04640312
      ],
      [
        -0.0480376221,
        -0.0540719032,
        0.997380853
      ],
      [
        -0.0284985267,
        -0.998052955,
        -0.05548094
      ]
    ],
    "translation": [
      1.68188429,
      0.823054731,
      -0.559866
    ]
  },
  {
    "timeStamp": 34064,
    "rotation": [
      [
        0.9971799,
        -0.04294254,
        0.06154734
      ],
      [
        -0.0644724742,
        -0.07043209,
        0.9954309
      ],
      [
        -0.0384114347,
        -0.9965918,
        -0.07300208
      ]
    ],
    "translation": [
      1.69868374,
      0.841032863,
      -0.575021
    ]
  },
  {
    "timeStamp": 34119,
    "rotation": [
      [
        0.994742453,
        -0.07362262,
        0.071183674
      ],
      [
        -0.0785122961,
        -0.101977289,
        0.991683662
      ],
      [
        -0.06575125,
        -0.992058635,
        -0.107221425
      ]
    ],
    "translation": [
      1.72697687,
      0.8641062,
      -0.5959404
    ]
  },
  {
    "timeStamp": 34164,
    "rotation": [
      [
        0.9922709,
        -0.09626347,
        0.07830646
      ],
      [
        -0.08896279,
        -0.11191272,
        0.9897278
      ],
      [
        -0.08651111,
        -0.9890445,
        -0.119611591
      ]
    ],
    "translation": [
      1.75114679,
      0.878175557,
      -0.613488555
    ]
  },
  {
    "timeStamp": 34219,
    "rotation": [
      [
        0.9868276,
        -0.142068058,
        0.07738194
      ],
      [
        -0.0950779,
        -0.122320727,
        0.987926
      ],
      [
        -0.1308873,
        -0.98227,
        -0.134217
      ]
    ],
    "translation": [
      1.78783488,
      0.893401742,
      -0.6358303
    ]
  },
  {
    "timeStamp": 34264,
    "rotation": [
      [
        0.98063606,
        -0.181211665,
        0.0742649138
      ],
      [
        -0.097745195,
        -0.124284305,
        0.9874205
      ],
      [
        -0.169702142,
        -0.9755592,
        -0.139590234
      ]
    ],
    "translation": [
      1.81955659,
      0.90316087,
      -0.651665568
    ]
  },
  {
    "timeStamp": 34319,
    "rotation": [
      [
        0.967903554,
        -0.245119959,
        0.05548783
      ],
      [
        -0.0912419856,
        -0.137004361,
        0.9863593
      ],
      [
        -0.234174252,
        -0.959763467,
        -0.15497224
      ]
    ],
    "translation": [
      1.862002,
      0.914180458,
      -0.666868746
    ]
  },
  {
    "timeStamp": 34364,
    "rotation": [
      [
        0.9571137,
        -0.288201183,
        0.0295529421
      ],
      [
        -0.07814773,
        -0.158600733,
        0.984245241
      ],
      [
        -0.27897352,
        -0.9443441,
        -0.174321219
      ]
    ],
    "translation": [
      1.89765263,
      0.9230129,
      -0.6761204
    ]
  },
  {
    "timeStamp": 34420,
    "rotation": [
      [
        0.9315356,
        -0.3633898,
        0.0137568731
      ],
      [
        -0.0793157741,
        -0.166112736,
        0.982911766
      ],
      [
        -0.3548949,
        -0.916708469,
        -0.183562472
      ]
    ],
    "translation": [
      1.94167316,
      0.9314012,
      -0.685103238
    ]
  },
  {
    "timeStamp": 34465,
    "rotation": [
      [
        0.913335145,
        -0.406925648,
        -0.0151793053
      ],
      [
        -0.0671677962,
        -0.187312961,
        0.9800012
      ],
      [
        -0.4016309,
        -0.89405,
        -0.1984118
      ]
    ],
    "translation": [
      1.97527289,
      0.936402559,
      -0.689521
    ]
  },
  {
    "timeStamp": 34520,
    "rotation": [
      [
        0.8847447,
        -0.465390325,
        -0.0252715256
      ],
      [
        -0.0724801943,
        -0.19094786,
        0.9789206
      ],
      [
        -0.4604057,
        -0.8642631,
        -0.202671692
      ]
    ],
    "translation": [
      2.01177955,
      0.9406932,
      -0.692167938
    ]
  },
  {
    "timeStamp": 34565,
    "rotation": [
      [
        0.8619666,
        -0.5060655,
        -0.0301881488
      ],
      [
        -0.08044094,
        -0.19531931,
        0.977435231
      ],
      [
        -0.5005426,
        -0.8400881,
        -0.2090671
      ]
    ],
    "translation": [
      2.03869462,
      0.9434604,
      -0.6916852
    ]
  },
  {
    "timeStamp": 34619,
    "rotation": [
      [
        0.8414874,
        -0.538721,
        -0.04097081
      ],
      [
        -0.08023815,
        -0.199604079,
        0.9765859
      ],
      [
        -0.5342853,
        -0.81849736,
        -0.2111903
      ]
    ],
    "translation": [
      2.06796885,
      0.9440472,
      -0.6877378
    ]
  },
  {
    "timeStamp": 34670,
    "rotation": [
      [
        0.822693348,
        -0.567000747,
        -0.04105884
      ],
      [
        -0.08839781,
        -0.198938727,
        0.976017
      ],
      [
        -0.5615706,
        -0.7993332,
        -0.213787183
      ]
    ],
    "translation": [
      2.09476,
      0.942023933,
      -0.6796937
    ]
  },
  {
    "timeStamp": 34715,
    "rotation": [
      [
        0.817448735,
        -0.572854459,
        -0.060127154
      ],
      [
        -0.07064824,
        -0.203313723,
        0.9765615
      ],
      [
        -0.5716523,
        -0.7940411,
        -0.2066697
      ]
    ],
    "translation": [
      2.11675787,
      0.935572863,
      -0.671319544
    ]
  },
  {
    "timeStamp": 34770,
    "rotation": [
      [
        0.8037163,
        -0.592939734,
        -0.0496252067
      ],
      [
        -0.0719082654,
        -0.179582655,
        0.9811112
      ],
      [
        -0.5906517,
        -0.7849666,
        -0.18697077
      ]
    ],
    "translation": [
      2.14029169,
      0.9237619,
      -0.6607342
    ]
  },
  {
    "timeStamp": 34815,
    "rotation": [
      [
        0.80688864,
        -0.587116,
        -0.06500426
      ],
      [
        -0.0507695824,
        -0.178567246,
        0.982617
      ],
      [
        -0.588517845,
        -0.7895623,
        -0.173891515
      ]
    ],
    "translation": [
      2.15827775,
      0.9124356,
      -0.6513399
    ]
  },
  {
    "timeStamp": 34870,
    "rotation": [
      [
        0.8084301,
        -0.586353362,
        -0.0512893051
      ],
      [
        -0.0432269946,
        -0.146049961,
        0.988332331
      ],
      [
        -0.587002754,
        -0.796780467,
        -0.143417463
      ]
    ],
    "translation": [
      2.17411351,
      0.8943773,
      -0.6416752
    ]
  },
  {
    "timeStamp": 34915,
    "rotation": [
      [
        0.8107888,
        -0.5829449,
        -0.0528842621
      ],
      [
        -0.0270317886,
        -0.127541989,
        0.991464734
      ],
      [
        -0.5847143,
        -0.802439,
        -0.119167656
      ]
    ],
    "translation": [
      2.18575525,
      0.8786483,
      -0.635056853
    ]
  },
  {
    "timeStamp": 34970,
    "rotation": [
      [
        0.821558356,
        -0.56790036,
        -0.0503101163
      ],
      [
        -0.0129066128,
        -0.10674756,
        0.9942024
      ],
      [
        -0.569978356,
        -0.816145957,
        -0.09502902
      ]
    ],
    "translation": [
      2.19520283,
      0.860500932,
      -0.62769866
    ]
  },
  {
    "timeStamp": 35015,
    "rotation": [
      [
        0.827693343,
        -0.559154332,
        -0.04764606
      ],
      [
        -0.000301404973,
        -0.08534617,
        0.9963513
      ],
      [
        -0.5611806,
        -0.824659,
        -0.07080899
      ]
    ],
    "translation": [
      2.20017362,
      0.8462292,
      -0.623826742
    ]
  },
  {
    "timeStamp": 35071,
    "rotation": [
      [
        0.8351712,
        -0.548711658,
        -0.0374781974
      ],
      [
        0.009465002,
        -0.05379393,
        0.9985072
      ],
      [
        -0.549908638,
        -0.8342792,
        -0.03973358
      ]
    ],
    "translation": [
      2.203338,
      0.8281794,
      -0.620674133
    ]
  },
  {
    "timeStamp": 35117,
    "rotation": [
      [
        0.8451725,
        -0.5332681,
        -0.03617321
      ],
      [
        0.0174681861,
        -0.040083,
        0.999043643
      ],
      [
        -0.534208059,
        -0.8449961,
        -0.0245618224
      ]
    ],
    "translation": [
      2.20398188,
      0.8153808,
      -0.6188181
    ]
  },
  {
    "timeStamp": 35163,
    "rotation": [
      [
        0.85171634,
        -0.5230367,
        -0.03180852
      ],
      [
        0.02452796,
        -0.0208420828,
        0.999481857
      ],
      [
        -0.5234287,
        -0.852055252,
        -0.00492252
      ]
    ],
    "translation": [
      2.203582,
      0.8048855,
      -0.618638039
    ]
  },
  {
    "timeStamp": 35219,
    "rotation": [
      [
        0.85841465,
        -0.512668669,
        -0.0171779227
      ],
      [
        0.02376703,
        0.006298877,
        0.9996977
      ],
      [
        -0.512405455,
        -0.858563364,
        0.01759166
      ]
    ],
    "translation": [
      2.20238686,
      0.7928699,
      -0.619617462
    ]
  },
  {
    "timeStamp": 35264,
    "rotation": [
      [
        0.861674249,
        -0.506964147,
        -0.0224686526
      ],
      [
        0.0333132148,
        0.0123296026,
        0.9993689
      ],
      [
        -0.506367147,
        -0.861879,
        0.0275127068
      ]
    ],
    "translation": [
      2.202978,
      0.785578966,
      -0.6202646
    ]
  },
  {
    "timeStamp": 35319,
    "rotation": [
      [
        0.8604308,
        -0.5095439,
        -0.00489682658
      ],
      [
        0.0262961052,
        0.0348033048,
        0.9990482
      ],
      [
        -0.5088885,
        -0.859740555,
        0.0433448553
      ]
    ],
    "translation": [
      2.203309,
      0.7779766,
      -0.6227197
    ]
  },
  {
    "timeStamp": 35364,
    "rotation": [
      [
        0.8640443,
        -0.503411651,
        -0.00203897269
      ],
      [
        0.0267127547,
        0.0418038443,
        0.9987687
      ],
      [
        -0.5027065,
        -0.863034844,
        0.04956789
      ]
    ],
    "translation": [
      2.20358968,
      0.773686945,
      -0.6246148
    ]
  },
  {
    "timeStamp": 35420,
    "rotation": [
      [
        0.870386362,
        -0.4923617,
        -0.00274886168
      ],
      [
        0.0288280025,
        0.0453865826,
        0.998553455
      ],
      [
        -0.4915247,
        -0.869206548,
        0.0536976643
      ]
    ],
    "translation": [
      2.20392466,
      0.7691493,
      -0.625911236
    ]
  },
  {
    "timeStamp": 35464,
    "rotation": [
      [
        0.873373032,
        -0.487051427,
        0.000646336237
      ],
      [
        0.0276597925,
        0.05092392,
        0.998319447
      ],
      [
        -0.4862658,
        -0.871887445,
        0.05794732
      ]
    ],
    "translation": [
      2.20481372,
      0.76667273,
      -0.626588464
    ]
  },
  {
    "timeStamp": 35520,
    "rotation": [
      [
        0.8745698,
        -0.484844625,
        -0.00730383862
      ],
      [
        0.03438842,
        0.0469916053,
        0.9983032
      ],
      [
        -0.4836787,
        -0.873337,
        0.05777048
      ]
    ],
    "translation": [
      2.2078042,
      0.764186561,
      -0.625871
    ]
  },
  {
    "timeStamp": 35564,
    "rotation": [
      [
        0.8757372,
        -0.4827857,
        0.00152058492
      ],
      [
        0.0264526587,
        0.05112753,
        0.998341739
      ],
      [
        -0.482062876,
        -0.8742448,
        0.0575452447
      ]
    ],
    "translation": [
      2.20856786,
      0.763146341,
      -0.625119448
    ]
  },
  {
    "timeStamp": 35620,
    "rotation": [
      [
        0.876630545,
        -0.481099248,
        -0.007897306
      ],
      [
        0.0344631337,
        0.046409,
        0.998327851
      ],
      [
        -0.479928255,
        -0.875436842,
        0.057263732
      ]
    ],
    "translation": [
      2.2115705,
      0.7621572,
      -0.6240932
    ]
  },
  {
    "timeStamp": 35664,
    "rotation": [
      [
        0.879337668,
        -0.476179868,
        -0.00425043656
      ],
      [
        0.0307993088,
        0.0479639471,
        0.9983741
      ],
      [
        -0.4752018,
        -0.8780388,
        0.0568425134
      ]
    ],
    "translation": [
      2.21125269,
      0.7611372,
      -0.6234088
    ]
  },
  {
    "timeStamp": 35719,
    "rotation": [
      [
        0.8798206,
        -0.4753044,
        0.00122043188
      ],
      [
        0.0296746772,
        0.05749214,
        0.997904837
      ],
      [
        -0.4743787,
        -0.877941,
        0.0646872744
      ]
    ],
    "translation": [
      2.21169424,
      0.757868052,
      -0.6234762
    ]
  },
  {
    "timeStamp": 35764,
    "rotation": [
      [
        0.881372333,
        -0.4724,
        -0.00458799349
      ],
      [
        0.03508713,
        0.0557722338,
        0.9978268
      ],
      [
        -0.4711175,
        -0.8796179,
        0.0657312647
      ]
    ],
    "translation": [
      2.212836,
      0.755278,
      -0.623427033
    ]
  },
  {
    "timeStamp": 35820,
    "rotation": [
      [
        0.880040646,
        -0.474898249,
        0.000113364593
      ],
      [
        0.0184127446,
        0.0343594477,
        0.9992399
      ],
      [
        -0.474541157,
        -0.8793697,
        0.0389818959
      ]
    ],
    "translation": [
      2.2134223,
      0.7529923,
      -0.62177
    ]
  },
  {
    "timeStamp": 35864,
    "rotation": [
      [
        0.8785682,
        -0.477444381,
        -0.0128355743
      ],
      [
        0.0287236981,
        0.0259921122,
        0.9992494
      ],
      [
        -0.4767524,
        -0.8782774,
        0.036549814
      ]
    ],
    "translation": [
      2.21463084,
      0.752382934,
      -0.6204073
    ]
  },
  {
    "timeStamp": 35920,
    "rotation": [
      [
        0.8811797,
        -0.4727613,
        0.004356122
      ],
      [
        0.0120124146,
        0.03159888,
        0.999428451
      ],
      [
        -0.472628742,
        -0.880623758,
        0.0335233
      ]
    ],
    "translation": [
      2.21437478,
      0.752123535,
      -0.619781554
    ]
  },
  {
    "timeStamp": 35964,
    "rotation": [
      [
        0.88616395,
        -0.463344544,
        0.005035965
      ],
      [
        0.00984799,
        0.0296980571,
        0.9995104
      ],
      [
        -0.463267237,
        -0.8856805,
        0.0308803581
      ]
    ],
    "translation": [
      2.21330118,
      0.752006352,
      -0.6205184
    ]
  }
]