[
  {
    "timeStamp": 65917,
    "rotation": [
      [
        -0.8908956,
        0.454197,
        -0.00318222
      ],
      [
        0.453730315,
        0.889615238,
        -0.0520910546
      ],
      [
        -0.02082865,
        -0.04785156,
        -0.998637259
      ]
    ],
    "translation": [
      1.61595631,
      0.730396152,
      -0.3613883
    ]
  },
  {
    "timeStamp": 65972,
    "rotation": [
      [
        -0.88712883,
        0.461505681,
        -0.00387724326
      ],
      [
        0.4613903,
        0.886643767,
        -0.0313341655
      ],
      [
        -0.0110231619,
        -0.0295863636,
        -0.999501467
      ]
    ],
    "translation": [
      1.61623561,
      0.7295976,
      -0.360822022
    ]
  },
  {
    "timeStamp": 66018,
    "rotation": [
      [
        -0.8852603,
        0.46508497,
        -0.003189191
      ],
      [
        0.4645192,
        0.883800447,
        -0.0558452979
      ],
      [
        -0.0231542,
        -0.0509190671,
        -0.9984343
      ]
    ],
    "translation": [
      1.61644387,
      0.730505764,
      -0.3615875
    ]
  },
  {
    "timeStamp": 66072,
    "rotation": [
      [
        -0.8952701,
        0.444564164,
        -0.02922487
      ],
      [
        0.445394784,
        0.894661367,
        -0.034704946
      ],
      [
        0.01071779,
        -0.0440869071,
        -0.998970151
      ]
    ],
    "translation": [
      1.6233331,
      0.7313718,
      -0.367947042
    ]
  },
  {
    "timeStamp": 66116,
    "rotation": [
      [
        -0.878421664,
        0.474857032,
        -0.0537230968
      ],
      [
        0.476507,
        0.8788692,
        -0.02302334
      ],
      [
        0.0362827778,
        -0.0458236337,
        -0.9982904
      ]
    ],
    "translation": [
      1.6270231,
      0.7465806,
      -0.3734831
    ]
  },
  {
    "timeStamp": 66172,
    "rotation": [
      [
        -0.840797,
        0.5304542,
        -0.10806825
      ],
      [
        0.537109435,
        0.8423582,
        -0.0441162325
      ],
      [
        0.06763052,
        -0.0951372758,
        -0.9931642
      ]
    ],
    "translation": [
      1.63220084,
      0.7835848,
      -0.374973983
    ]
  },
  {
    "timeStamp": 66216,
    "rotation": [
      [
        -0.8047863,
        0.5759679,
        -0.143457174
      ],
      [
        0.5894326,
        0.803959668,
        -0.07885478
      ],
      [
        0.0699159652,
        -0.148019582,
        -0.986510038
      ]
    ],
    "translation": [
      1.64211106,
      0.8238045,
      -0.38156867
    ]
  },
  {
    "timeStamp": 66272,
    "rotation": [
      [
        -0.7522782,
        0.635839343,
        -0.172585934
      ],
      [
        0.6550285,
        0.749959767,
        -0.092184566
      ],
      [
        0.07081793,
        -0.182397142,
        -0.9806713
      ]
    ],
    "translation": [
      1.66486692,
      0.877395034,
      -0.39967972
    ]
  },
  {
    "timeStamp": 66317,
    "rotation": [
      [
        -0.7431176,
        0.6487995,
        -0.163815275
      ],
      [
        0.6691148,
        0.7233277,
        -0.1705358
      ],
      [
        0.00784857851,
        -0.236339375,
        -0.971638858
      ]
    ],
    "translation": [
      1.69293511,
      0.9200002,
      -0.416135669
    ]
  },
  {
    "timeStamp": 66372,
    "rotation": [
      [
        -0.7081544,
        0.688568234,
        -0.156177014
      ],
      [
        0.705637634,
        0.6825733,
        -0.190182149
      ],
      [
        -0.0243511274,
        -0.2448827,
        -0.969246864
      ]
    ],
    "translation": [
      1.73736835,
      0.9658705,
      -0.443371534
    ]
  },
  {
    "timeStamp": 66417,
    "rotation": [
      [
        -0.7227715,
        0.6802293,
        -0.122021735
      ],
      [
        0.685988545,
        0.68476,
        -0.246015072
      ],
      [
        -0.08379107,
        -0.2615182,
        -0.9615546
      ]
    ],
    "translation": [
      1.78251386,
      0.9934872,
      -0.468172848
    ]
  },
  {
    "timeStamp": 66471,
    "rotation": [
      [
        -0.7487467,
        0.6526366,
        -0.11594785
      ],
      [
        0.65718925,
        0.708076,
        -0.2583228
      ],
      [
        -0.08649102,
        -0.269618034,
        -0.9590753
      ]
    ],
    "translation": [
      1.84826422,
      1.01381373,
      -0.493616283
    ]
  },
  {
    "timeStamp": 66515,
    "rotation": [
      [
        -0.7742815,
        0.6248534,
        -0.100231461
      ],
      [
        0.624298453,
        0.728252,
        -0.282666564
      ],
      [
        -0.103631385,
        -0.281437844,
        -0.9539671
      ]
    ],
    "translation": [
      1.903305,
      1.024298,
      -0.51471746
    ]
  },
  {
    "timeStamp": 66571,
    "rotation": [
      [
        -0.8098728,
        0.5736799,
        -0.122464009
      ],
      [
        0.584140539,
        0.7695807,
        -0.257925242
      ],
      [
        -0.05372059,
        -0.280422837,
        -0.9583722
      ]
    ],
    "translation": [
      1.97082043,
      1.02362943,
      -0.5370227
    ]
  },
  {
    "timeStamp": 66615,
    "rotation": [
      [
        -0.8380923,
        0.532338858,
        -0.119233243
      ],
      [
        0.5444266,
        0.802293956,
        -0.244793832
      ],
      [
        -0.034653157,
        -0.2700736,
        -0.9622159
      ]
    ],
    "translation": [
      2.019529,
      1.02023578,
      -0.555658937
    ]
  },
  {
    "timeStamp": 66668,
    "rotation": [
      [
        -0.8586016,
        0.501202,
        -0.10770233
      ],
      [
        0.5124685,
        0.833665967,
        -0.205857024
      ],
      [
        -0.0133881811,
        -0.231943235,
        -0.9726372
      ]
    ],
    "translation": [
      2.06869721,
      1.01102519,
      -0.580867946
    ]
  },
  {
    "timeStamp": 66722,
    "rotation": [
      [
        -0.861401141,
        0.4950501,
        -0.113637336
      ],
      [
        0.50664407,
        0.8533287,
        -0.123052321
      ],
      [
        0.0360529348,
        -0.1635711,
        -0.985872567
      ]
    ],
    "translation": [
      2.10450363,
      0.9932114,
      -0.604982853
    ]
  },
  {
    "timeStamp": 66767,
    "rotation": [
      [
        -0.875959635,
        0.476568967,
        -0.07467744
      ],
      [
        0.482061028,
        0.870486856,
        -0.0993468
      ],
      [
        0.0176601261,
        -0.123022869,
        -0.9922467
      ]
    ],
    "translation": [
      2.123193,
      0.9753456,
      -0.622759759
    ]
  },
  {
    "timeStamp": 66822,
    "rotation": [
      [
        -0.8628956,
        0.5006719,
        -0.06883877
      ],
      [
        0.502028167,
        0.8648467,
        -0.00280994736
      ],
      [
        0.0581281148,
        -0.0369836874,
        -0.997623861
      ]
    ],
    "translation": [
      2.13669062,
      0.9543263,
      -0.6449693
    ]
  },
  {
    "timeStamp": 66867,
    "rotation": [
      [
        -0.8473746,
        0.5288646,
        -0.0475227
      ],
      [
        0.526973665,
        0.8485761,
        0.04708867
      ],
      [
        0.06523016,
        0.0148585336,
        -0.9977596
      ]
    ],
    "translation": [
      2.13809443,
      0.9424694,
      -0.6598084
    ]
  },
  {
    "timeStamp": 66922,
    "rotation": [
      [
        -0.834457159,
        0.550724,
        -0.0196055043
      ],
      [
        0.543489754,
        0.8283352,
        0.135940164
      ],
      [
        0.09110544,
        0.102780856,
        -0.99052304
      ]
    ],
    "translation": [
      2.136618,
      0.9254204,
      -0.6766015
    ]
  },
  {
    "timeStamp": 66967,
    "rotation": [
      [
        -0.835701466,
        0.549100339,
        0.00958333
      ],
      [
        0.544226766,
        0.8256926,
        0.1484889
      ],
      [
        0.07362242,
        0.1293079,
        -0.98886764
      ]
    ],
    "translation": [
      2.13544965,
      0.9128285,
      -0.6808033
    ]
  },
  {
    "timeStamp": 67022,
    "rotation": [
      [
        -0.831538856,
        0.5552819,
        0.0143218031
      ],
      [
        0.548181,
        0.8161973,
        0.182536736
      ],
      [
        0.08966993,
        0.159637332,
        -0.983094752
      ]
    ],
    "translation": [
      2.133463,
      0.899784565,
      -0.682231963
    ]
  },
  {
    "timeStamp": 67067,
    "rotation": [
      [
        -0.832952261,
        0.5516818,
        0.0428685136
      ],
      [
        0.548727453,
        0.813531756,
        0.192520618
      ],
      [
        0.07133523,
        0.1838836,
        -0.9803561
      ]
    ],
    "translation": [
      2.13111854,
      0.8920218,
      -0.6851233
    ]
  },
  {
    "timeStamp": 67113,
    "rotation": [
      [
        -0.8360481,
        0.5456015,
        0.057815183
      ],
      [
        0.5445221,
        0.812217653,
        0.209280029
      ],
      [
        0.06722497,
        0.206449822,
        -0.9761451
      ]
    ],
    "translation": [
      2.13018727,
      0.884512961,
      -0.6891663
    ]
  },
  {
    "timeStamp": 67170,
    "rotation": [
      [
        -0.8399481,
        0.5376737,
        0.07344426
      ],
      [
        0.5391428,
        0.811417639,
        0.2256688
      ],
      [
        0.06174221,
        0.229147032,
        -0.9714317
      ]
    ],
    "translation": [
      2.12935352,
      0.8764899,
      -0.694671154
    ]
  },
  {
    "timeStamp": 67215,
    "rotation": [
      [
        -0.844197452,
        0.5306762,
        0.07558783
      ],
      [
        0.5314618,
        0.810259938,
        0.247036934
      ],
      [
        0.06985083,
        0.24871999,
        -0.9660534
      ]
    ],
    "translation": [
      2.129395,
      0.8694759,
      -0.7012226
    ]
  },
  {
    "timeStamp": 67271,
    "rotation": [
      [
        -0.8486787,
        0.5235182,
        0.07532008
      ],
      [
        0.5215064,
        0.804531,
        0.2841846
      ],
      [
        0.08817847,
        0.280461341,
        -0.955806434
      ]
    ],
    "translation": [
      2.12915444,
      0.860978,
      -0.71022284
    ]
  },
  {
    "timeStamp": 67316,
    "rotation": [
      [
        -0.856296957,
        0.512286961,
        0.06570849
      ],
      [
        0.507289052,
        0.8103195,
        0.29332602
      ],
      [
        0.09702222,
        0.284507364,
        -0.9537517
      ]
    ],
    "translation": [
      2.12930655,
      0.8537281,
      -0.713808358
    ]
  },
  {
    "timeStamp": 67372,
    "rotation": [
      [
        -0.8622741,
        0.503232241,
        0.05692623
      ],
      [
        0.494268268,
        0.8117169,
        0.311150342
      ],
      [
        0.110372908,
        0.296433717,
        -0.948654234
      ]
    ],
    "translation": [
      2.12859535,
      0.8466844,
      -0.718281031
    ]
  },
  {
    "timeStamp": 67416,
    "rotation": [
      [
        -0.867283463,
        0.495240182,
        0.0505619869
      ],
      [
        0.484639645,
        0.8167516,
        0.3131155
      ],
      [
        0.1137708,
        0.296064228,
        -0.948368132
      ]
    ],
    "translation": [
      2.128473,
      0.8419126,
      -0.7192033
    ]
  },
  {
    "timeStamp": 67471,
    "rotation": [
      [
        -0.8758071,
        0.480585515,
        0.04471543
      ],
      [
        0.470986933,
        0.83069545,
        0.296844184
      ],
      [
        0.105514109,
        0.2810386,
        -0.953878462
      ]
    ],
    "translation": [
      2.12858,
      0.8366725,
      -0.718120456
    ]
  },
  {
    "timeStamp": 67516,
    "rotation": [
      [
        -0.878430963,
        0.476736546,
        0.03288352
      ],
      [
        0.464035749,
        0.8345425,
        0.297000825
      ],
      [
        0.114148453,
        0.276153833,
        -0.954310834
      ]
    ],
    "translation": [
      2.12922716,
      0.8331144,
      -0.7167463
    ]
  },
  {
    "timeStamp": 67572,
    "rotation": [
      [
        -0.8866782,
        0.4616754,
        0.0256414767
      ],
      [
        0.450054139,
        0.84897846,
        0.2769239
      ],
      [
        0.106079891,
        0.257082433,
        -0.960549653
      ]
    ],
    "translation": [
      2.13076782,
      0.828264356,
      -0.713420331
    ]
  },
  {
    "timeStamp": 67616,
    "rotation": [
      [
        -0.8885622,
        0.458582044,
        0.012635082
      ],
      [
        0.4450211,
        0.854943037,
        0.266512036
      ],
      [
        0.111415364,
        0.2424354,
        -0.963748753
      ]
    ],
    "translation": [
      2.13198376,
      0.8245276,
      -0.711052835
    ]
  },
  {
    "timeStamp": 67671,
    "rotation": [
      [
        -0.896404266,
        0.443232954,
        0.00198114943
      ],
      [
        0.4272729,
        0.8629201,
        0.2698273
      ],
      [
        0.117886782,
        0.242720827,
        -0.962906659
      ]
    ],
    "translation": [
      2.134187,
      0.8185488,
      -0.710145831
    ]
  },
  {
    "timeStamp": 67716,
    "rotation": [
      [
        -0.8974718,
        0.441070378,
        -0.00117156445
      ],
      [
        0.4248317,
        0.865138,
        0.2665603
      ],
      [
        0.118585415,
        0.238732621,
        -0.963817537
      ]
    ],
    "translation": [
      2.13422823,
      0.815665245,
      -0.710374057
    ]
  },
  {
    "timeStamp": 67771,
    "rotation": [
      [
        -0.89768,
        0.440634966,
        0.00337882666
      ],
      [
        0.4241891,
        0.862048864,
        0.27737242
      ],
      [
        0.119307272,
        0.250424922,
        -0.96075654
      ]
    ],
    "translation": [
      2.13365316,
      0.811093569,
      -0.7150073
    ]
  },
  {
    "timeStamp": 67816,
    "rotation": [
      [
        -0.9043465,
        0.426751941,
        0.00633865176
      ],
      [
        0.412249535,
        0.8695765,
        0.271821737
      ],
      [
        0.110488512,
        0.248434141,
        -0.962326765
      ]
    ],
    "translation": [
      2.134772,
      0.8061359,
      -0.716751039
    ]
  },
  {
    "timeStamp": 67871,
    "rotation": [
      [
        -0.906525,
        0.422098666,
        0.00671741273
      ],
      [
        0.407301575,
        0.870341,
        0.2767887
      ],
      [
        0.110985704,
        0.253651917,
        -0.96090734
      ]
    ],
    "translation": [
      2.135102,
      0.800886869,
      -0.7197833
    ]
  },
  {
    "timeStamp": 67916,
    "rotation": [
      [
        -0.9080084,
        0.418872863,
        0.008144818
      ],
      [
        0.40479666,
        0.8721523,
        0.274754584
      ],
      [
        0.107983716,
        0.252776474,
        -0.9614799
      ]
    ],
    "translation": [
      2.1351974,
      0.7981288,
      -0.7197414
    ]
  },
  {
    "timeStamp": 67971,
    "rotation": [
      [
        -0.9083044,
        0.4183085,
        0.00104622811
      ],
      [
        0.402751684,
        0.873843431,
        0.272376031
      ],
      [
        0.113022968,
        0.247821718,
        -0.9621903
      ]
    ],
    "translation": [
      2.13464952,
      0.7954758,
      -0.718749642
    ]
  },
  {
    "timeStamp": 68016,
    "rotation": [
      [
        -0.9077499,
        0.419509083,
        0.00151330815
      ],
      [
        0.4044498,
        0.8741947,
        0.268708169
      ],
      [
        0.111402594,
        0.24453187,
        -0.9632204
      ]
    ],
    "translation": [
      2.133844,
      0.79433465,
      -0.7175786
    ]
  },
  {
    "timeStamp": 68072,
    "rotation": [
      [
        -0.907619655,
        0.419793129,
        -0.0005412454
      ],
      [
        0.405858755,
        0.8778206,
        0.2543811
      ],
      [
        0.107262552,
        0.2306616,
        -0.9671039
      ]
    ],
    "translation": [
      2.13322949,
      0.793249369,
      -0.714969158
    ]
  },
  {
    "timeStamp": 68116,
    "rotation": [
      [
        -0.9088727,
        0.417072356,
        -0.00105766777
      ],
      [
        0.404149652,
        0.881332636,
        0.244777262
      ],
      [
        0.103021987,
        0.222043917,
        -0.969578743
      ]
    ],
    "translation": [
      2.132953,
      0.7919446,
      -0.712893665
    ]
  },
  {
    "timeStamp": 68171,
    "rotation": [
      [
        -0.9108932,
        0.4126077,
        -0.00533758244
      ],
      [
        0.399045318,
        0.884098,
        0.243174031
      ],
      [
        0.105054423,
        0.219375625,
        -0.969968
      ]
    ],
    "translation": [
      2.133766,
      0.7896149,
      -0.7118524
    ]
  },
  {
    "timeStamp": 68215,
    "rotation": [
      [
        -0.911956668,
        0.410283357,
        0.00161670765
      ],
      [
        0.3986737,
        0.885206759,
        0.2397253
      ],
      [
        0.09692418,
        0.219263643,
        -0.970839441
      ]
    ],
    "translation": [
      2.133784,
      0.788551331,
      -0.712394059
    ]
  }
]