[
  {
    "timeStamp": 83208,
    "rotation": [
      [
        -0.215605214,
        0.341411144,
        -0.914851248
      ],
      [
        0.5472413,
        0.8181822,
        0.176365778
      ],
      [
        0.8087282,
        -0.462618977,
        -0.363238633
      ]
    ],
    "translation": [
      1.78949142,
      0.699716,
      -0.458196223
    ]
  },
  {
    "timeStamp": 83253,
    "rotation": [
      [
        -0.183571771,
        0.3619884,
        -0.9139288
      ],
      [
        0.5437903,
        0.8119098,
        0.212355018
      ],
      [
        0.8188978,
        -0.4580032,
        -0.345889479
      ]
    ],
    "translation": [
      1.78948832,
      0.6991908,
      -0.45864597
    ]
  },
  {
    "timeStamp": 83308,
    "rotation": [
      [
        -0.179718,
        0.371184915,
        -0.9110012
      ],
      [
        0.561648667,
        0.799017966,
        0.214758262
      ],
      [
        0.80762136,
        -0.4730667,
        -0.3520734
      ]
    ],
    "translation": [
      1.78951049,
      0.6990607,
      -0.4586233
    ]
  },
  {
    "timeStamp": 83353,
    "rotation": [
      [
        -0.17934376,
        0.370742351,
        -0.9112552
      ],
      [
        0.533818364,
        0.814725161,
        0.226408735
      ],
      [
        0.8263618,
        -0.445839763,
        -0.344024956
      ]
    ],
    "translation": [
      1.79141879,
      0.702262044,
      -0.462277651
    ]
  },
  {
    "timeStamp": 83409,
    "rotation": [
      [
        -0.1370407,
        0.3860713,
        -0.9122328
      ],
      [
        0.5476592,
        0.796900451,
        0.254988372
      ],
      [
        0.825402439,
        -0.464648932,
        -0.320643276
      ]
    ],
    "translation": [
      1.79446578,
      0.713605,
      -0.464621246
    ]
  },
  {
    "timeStamp": 83453,
    "rotation": [
      [
        -0.109853335,
        0.4108527,
        -0.9050593
      ],
      [
        0.5731805,
        0.770100355,
        0.280017048
      ],
      [
        0.8120322,
        -0.4880015,
        -0.32009086
      ]
    ],
    "translation": [
      1.79659331,
      0.732002139,
      -0.4668695
    ]
  },
  {
    "timeStamp": 83509,
    "rotation": [
      [
        -0.0331120975,
        0.4407865,
        -0.897001
      ],
      [
        0.6085861,
        0.7208123,
        0.33174184
      ],
      [
        0.792796731,
        -0.534917653,
        -0.292124122
      ]
    ],
    "translation": [
      1.8058778,
      0.765671134,
      -0.472472042
    ]
  },
  {
    "timeStamp": 83553,
    "rotation": [
      [
        0.0251774434,
        0.452231258,
        -0.891545236
      ],
      [
        0.645208538,
        0.6738572,
        0.3600311
      ],
      [
        0.7635915,
        -0.58429724,
        -0.274817467
      ]
    ],
    "translation": [
      1.82046032,
      0.8000174,
      -0.480566055
    ]
  },
  {
    "timeStamp": 83609,
    "rotation": [
      [
        0.123365633,
        0.48003763,
        -0.8685302
      ],
      [
        0.67061466,
        0.604799449,
        0.429527134
      ],
      [
        0.73147583,
        -0.635438,
        -0.247308791
      ]
    ],
    "translation": [
      1.84620309,
      0.8440183,
      -0.498672783
    ]
  },
  {
    "timeStamp": 83653,
    "rotation": [
      [
        0.192611888,
        0.471633852,
        -0.86050117
      ],
      [
        0.681265354,
        0.566864967,
        0.463186473
      ],
      [
        0.7062423,
        -0.675444841,
        -0.212122858
      ]
    ],
    "translation": [
      1.87565243,
      0.8765797,
      -0.517957866
    ]
  },
  {
    "timeStamp": 83709,
    "rotation": [
      [
        0.236831,
        0.473180264,
        -0.848534942
      ],
      [
        0.6997471,
        0.5228134,
        0.4868471
      ],
      [
        0.673991859,
        -0.7090604,
        -0.2072881
      ]
    ],
    "translation": [
      1.91533756,
      0.9123095,
      -0.5446927
    ]
  },
  {
    "timeStamp": 83753,
    "rotation": [
      [
        0.2657277,
        0.445038,
        -0.855178356
      ],
      [
        0.710772038,
        0.5088535,
        0.485665858
      ],
      [
        0.651300251,
        -0.7368917,
        -0.1811041
      ]
    ],
    "translation": [
      1.9527173,
      0.9329188,
      -0.563940167
    ]
  },
  {
    "timeStamp": 83809,
    "rotation": [
      [
        0.2528744,
        0.405644178,
        -0.8783549
      ],
      [
        0.74118197,
        0.5023011,
        0.445357
      ],
      [
        0.62185514,
        -0.763640165,
        -0.173637033
      ]
    ],
    "translation": [
      2.000783,
      0.952506959,
      -0.589013159
    ]
  },
  {
    "timeStamp": 83853,
    "rotation": [
      [
        0.241645455,
        0.365620524,
        -0.8988488
      ],
      [
        0.7614829,
        0.5026957,
        0.409195364
      ],
      [
        0.6014576,
        -0.7833381,
        -0.156939641
      ]
    ],
    "translation": [
      2.03844166,
      0.962525666,
      -0.605624139
    ]
  },
  {
    "timeStamp": 83909,
    "rotation": [
      [
        0.208949566,
        0.317529261,
        -0.9249407
      ],
      [
        0.7805987,
        0.515575767,
        0.353337437
      ],
      [
        0.5890719,
        -0.795837164,
        -0.1401336
      ]
    ],
    "translation": [
      2.08275461,
      0.969588637,
      -0.6260669
    ]
  },
  {
    "timeStamp": 83963,
    "rotation": [
      [
        0.251058877,
        0.288562328,
        -0.923959553
      ],
      [
        0.760588348,
        0.5316059,
        0.3726937
      ],
      [
        0.5987277,
        -0.796320856,
        -0.08601277
      ]
    ],
    "translation": [
      2.11559558,
      0.970218062,
      -0.639885843
    ]
  },
  {
    "timeStamp": 84004,
    "rotation": [
      [
        0.246415645,
        0.2523875,
        -0.935724258
      ],
      [
        0.760681152,
        0.547896266,
        0.3481003
      ],
      [
        0.600536048,
        -0.7975652,
        -0.0569761842
      ]
    ],
    "translation": [
      2.15069866,
      0.969397247,
      -0.6529032
    ]
  },
  {
    "timeStamp": 84059,
    "rotation": [
      [
        0.2775414,
        0.2331126,
        -0.932002842
      ],
      [
        0.736185,
        0.5716892,
        0.3622197
      ],
      [
        0.6172539,
        -0.7866575,
        -0.0129465889
      ]
    ],
    "translation": [
      2.17771,
      0.963168144,
      -0.6643848
    ]
  },
  {
    "timeStamp": 84103,
    "rotation": [
      [
        0.280872732,
        0.214410961,
        -0.935488343
      ],
      [
        0.7176009,
        0.6003376,
        0.353049248
      ],
      [
        0.637306452,
        -0.7704692,
        0.01475697
      ]
    ],
    "translation": [
      2.193938,
      0.9537798,
      -0.673965
    ]
  },
  {
    "timeStamp": 84158,
    "rotation": [
      [
        0.297206372,
        0.228133231,
        -0.9271589
      ],
      [
        0.670315266,
        0.641661,
        0.372758269
      ],
      [
        0.6799602,
        -0.73227483,
        0.03778453
      ]
    ],
    "translation": [
      2.20015454,
      0.940042,
      -0.6867829
    ]
  },
  {
    "timeStamp": 84203,
    "rotation": [
      [
        0.2785258,
        0.258039773,
        -0.9251156
      ],
      [
        0.6591911,
        0.6491693,
        0.379534423
      ],
      [
        0.698491633,
        -0.715538,
        0.0107128788
      ]
    ],
    "translation": [
      2.19427872,
      0.9342557,
      -0.6934837
    ]
  },
  {
    "timeStamp": 84258,
    "rotation": [
      [
        0.25636664,
        0.301791638,
        -0.9182582
      ],
      [
        0.6308495,
        0.667530954,
        0.395514071
      ],
      [
        0.732328534,
        -0.680679262,
        -0.01925243
      ]
    ],
    "translation": [
      2.18191814,
      0.9242523,
      -0.6990042
    ]
  },
  {
    "timeStamp": 84303,
    "rotation": [
      [
        0.244914114,
        0.328943163,
        -0.9120381
      ],
      [
        0.6242212,
        0.6662867,
        0.407933652
      ],
      [
        0.7418659,
        -0.6692223,
        -0.0421502776
      ]
    ],
    "translation": [
      2.17212152,
      0.9172958,
      -0.698024333
    ]
  },
  {
    "timeStamp": 84359,
    "rotation": [
      [
        0.271110773,
        0.3545158,
        -0.8948841
      ],
      [
        0.570554137,
        0.6895797,
        0.4460357
      ],
      [
        0.7752206,
        -0.6315049,
        -0.0153179569
      ]
    ],
    "translation": [
      2.16185737,
      0.9022251,
      -0.6982904
    ]
  },
  {
    "timeStamp": 84404,
    "rotation": [
      [
        0.2618677,
        0.362396628,
        -0.8944797
      ],
      [
        0.5370892,
        0.71532,
        0.447048575
      ],
      [
        0.8018481,
        -0.597483039,
        -0.007320109
      ]
    ],
    "translation": [
      2.15589666,
      0.886812568,
      -0.6998197
    ]
  },
  {
    "timeStamp": 84460,
    "rotation": [
      [
        0.226350829,
        0.34349978,
        -0.9114676
      ],
      [
        0.515810668,
        0.7515069,
        0.411310971
      ],
      [
        0.826259434,
        -0.5632453,
        -0.00707664061
      ]
    ],
    "translation": [
      2.15427423,
      0.868929744,
      -0.7027555
    ]
  },
  {
    "timeStamp": 84506,
    "rotation": [
      [
        0.204237923,
        0.328439027,
        -0.9221793
      ],
      [
        0.485640734,
        0.783943951,
        0.386762142
      ],
      [
        0.8499647,
        -0.5268393,
        0.0006077171
      ]
    ],
    "translation": [
      2.15493727,
      0.8541646,
      -0.707721353
    ]
  },
  {
    "timeStamp": 84563,
    "rotation": [
      [
        0.185416147,
        0.3297446,
        -0.9256832
      ],
      [
        0.463174641,
        0.8014834,
        0.3782772
      ],
      [
        0.8666546,
        -0.498891681,
        -0.00412136968
      ]
    ],
    "translation": [
      2.15295434,
      0.842114151,
      -0.7112958
    ]
  },
  {
    "timeStamp": 84608,
    "rotation": [
      [
        0.174379408,
        0.337281168,
        -0.925112545
      ],
      [
        0.450885564,
        0.807874262,
        0.3795278
      ],
      [
        0.8753822,
        -0.483301729,
        -0.011198571
      ]
    ],
    "translation": [
      2.14928174,
      0.8346691,
      -0.7123229
    ]
  },
  {
    "timeStamp": 84653,
    "rotation": [
      [
        0.165362909,
        0.3351809,
        -0.9275284
      ],
      [
        0.437978,
        0.8176909,
        0.373573154
      ],
      [
        0.8836461,
        -0.468012154,
        -0.0115861157
      ]
    ],
    "translation": [
      2.14624357,
      0.8284507,
      -0.7137545
    ]
  },
  {
    "timeStamp": 84708,
    "rotation": [
      [
        0.159006536,
        0.346375823,
        -0.9245219
      ],
      [
        0.4279838,
        0.819689751,
        0.380708039
      ],
      [
        0.889689147,
        -0.456215441,
        -0.0179072041
      ]
    ],
    "translation": [
      2.140843,
      0.822930753,
      -0.71291256
    ]
  },
  {
    "timeStamp": 84753,
    "rotation": [
      [
        0.158758834,
        0.34171316,
        -0.9262979
      ],
      [
        0.416049838,
        0.8276752,
        0.376638144
      ],
      [
        0.895375967,
        -0.445180684,
        -0.0107689556
      ]
    ],
    "translation": [
      2.13900876,
      0.8178983,
      -0.712711334
    ]
  },
  {
    "timeStamp": 84808,
    "rotation": [
      [
        0.160809353,
        0.349223644,
        -0.923137665
      ],
      [
        0.400542736,
        0.8317369,
        0.384420663
      ],
      [
        0.902056456,
        -0.431574523,
        -0.00612791348
      ]
    ],
    "translation": [
      2.13591766,
      0.8124542,
      -0.711653531
    ]
  },
  {
    "timeStamp": 84853,
    "rotation": [
      [
        0.16482681,
        0.350463,
        -0.921958745
      ],
      [
        0.3860432,
        0.837249,
        0.387278765
      ],
      [
        0.907635868,
        -0.419749826,
        0.00270722434
      ]
    ],
    "translation": [
      2.13424921,
      0.8084253,
      -0.7114497
    ]
  },
  {
    "timeStamp": 84908,
    "rotation": [
      [
        0.159835666,
        0.353747845,
        -0.921582937
      ],
      [
        0.3790628,
        0.840015769,
        0.388181567
      ],
      [
        0.9114626,
        -0.411383063,
        0.000171833977
      ]
    ],
    "translation": [
      2.13201046,
      0.80498004,
      -0.71008426
    ]
  },
  {
    "timeStamp": 84964,
    "rotation": [
      [
        0.167604282,
        0.3577457,
        -0.9186549
      ],
      [
        0.359232277,
        0.8456084,
        0.394839942
      ],
      [
        0.9180746,
        -0.396187335,
        0.0132137872
      ]
    ],
    "translation": [
      2.13073516,
      0.8009826,
      -0.711133659
    ]
  },
  {
    "timeStamp": 85008,
    "rotation": [
      [
        0.161793113,
        0.356841832,
        -0.9200472
      ],
      [
        0.358009756,
        0.847587049,
        0.391695172
      ],
      [
        0.9195934,
        -0.392759472,
        0.009380891
      ]
    ],
    "translation": [
      2.13048053,
      0.7990378,
      -0.7107816
    ]
  },
  {
    "timeStamp": 85064,
    "rotation": [
      [
        0.170923546,
        0.3613153,
        -0.9166441
      ],
      [
        0.339748979,
        0.8516616,
        0.399052858
      ],
      [
        0.9248545,
        -0.379636437,
        0.02281251
      ]
    ],
    "translation": [
      2.12982941,
      0.798097134,
      -0.711946845
    ]
  },
  {
    "timeStamp": 85108,
    "rotation": [
      [
        0.165290877,
        0.3673907,
        -0.915261149
      ],
      [
        0.343513966,
        0.8484682,
        0.4026163
      ],
      [
        0.9244874,
        -0.3809538,
        0.0140402094
      ]
    ],
    "translation": [
      2.12873077,
      0.798453033,
      -0.7121761
    ]
  },
  {
    "timeStamp": 85153,
    "rotation": [
      [
        0.169619486,
        0.378833234,
        -0.9097882
      ],
      [
        0.3432088,
        0.8426679,
        0.4148718
      ],
      [
        0.9238165,
        -0.382617652,
        0.0129139889
      ]
    ],
    "translation": [
      2.12670612,
      0.800402343,
      -0.712455869
    ]
  }
]