[
  {
    "timeStamp": 101200,
    "rotation": [
      [
        0.9996518,
        -0.0219025016,
        -0.0147143034
      ],
      [
        0.0149158332,
        0.009066488,
        0.999847651
      ],
      [
        -0.0217657611,
        -0.999718964,
        0.00939002447
      ]
    ],
    "translation": [
      1.148281,
      0.7000288,
      -0.5042982
    ]
  },
  {
    "timeStamp": 101244,
    "rotation": [
      [
        0.999599457,
        -0.0227909368,
        0.0167766884
      ],
      [
        -0.016371578,
        0.0178468879,
        0.9997067
      ],
      [
        -0.0230836645,
        -0.9995809,
        0.0174666159
      ]
    ],
    "translation": [
      1.14827931,
      0.701839447,
      -0.5042243
    ]
  },
  {
    "timeStamp": 101300,
    "rotation": [
      [
        0.999777257,
        -0.0206115115,
        0.00453869253
      ],
      [
        -0.00403837627,
        0.024250742,
        0.999697745
      ],
      [
        -0.0207153521,
        -0.9994934,
        0.0241621
      ]
    ],
    "translation": [
      1.148269,
      0.7014249,
      -0.5042771
    ]
  },
  {
    "timeStamp": 101345,
    "rotation": [
      [
        0.9991221,
        -0.0230316985,
        0.034993615
      ],
      [
        -0.0340910964,
        0.03847645,
        0.9986778
      ],
      [
        -0.02434769,
        -0.998994,
        0.0376574956
      ]
    ],
    "translation": [
      1.14829922,
      0.7021676,
      -0.504152238
    ]
  },
  {
    "timeStamp": 101400,
    "rotation": [
      [
        0.9973606,
        -0.0478609353,
        0.054600846
      ],
      [
        -0.0514829755,
        0.06412002,
        0.9966133
      ],
      [
        -0.05119986,
        -0.996793866,
        0.0614867471
      ]
    ],
    "translation": [
      1.15561569,
      0.7047365,
      -0.5017793
    ]
  },
  {
    "timeStamp": 101445,
    "rotation": [
      [
        0.992307067,
        -0.06982754,
        0.102228709
      ],
      [
        -0.09904274,
        0.047667,
        0.99394083
      ],
      [
        -0.0742773861,
        -0.996419549,
        0.0403843932
      ]
    ],
    "translation": [
      1.16646373,
      0.723138,
      -0.499962151
    ]
  },
  {
    "timeStamp": 101501,
    "rotation": [
      [
        0.9805367,
        -0.09925744,
        0.169398144
      ],
      [
        -0.168945238,
        0.0130122947,
        0.985539556
      ],
      [
        -0.100026391,
        -0.99497664,
        -0.00401004
      ]
    ],
    "translation": [
      1.18932652,
      0.755757868,
      -0.497997075
    ]
  },
  {
    "timeStamp": 101545,
    "rotation": [
      [
        0.9642377,
        -0.140534878,
        0.224712342
      ],
      [
        -0.227044448,
        -0.000576391933,
        0.9738842
      ],
      [
        -0.136735186,
        -0.9900755,
        -0.0324634425
      ]
    ],
    "translation": [
      1.21697044,
      0.782886863,
      -0.499258
    ]
  },
  {
    "timeStamp": 101600,
    "rotation": [
      [
        0.9452315,
        -0.194290221,
        0.262276173
      ],
      [
        -0.272768825,
        -0.0288892779,
        0.9616458
      ],
      [
        -0.1792614,
        -0.980518639,
        -0.08030336
      ]
    ],
    "translation": [
      1.26300907,
      0.814609349,
      -0.5035544
    ]
  },
  {
    "timeStamp": 101645,
    "rotation": [
      [
        0.9207826,
        -0.254119,
        0.2959441
      ],
      [
        -0.31335,
        -0.03001728,
        0.9491632
      ],
      [
        -0.232316986,
        -0.966707051,
        -0.107267573
      ]
    ],
    "translation": [
      1.308969,
      0.8399344,
      -0.509636045
    ]
  },
  {
    "timeStamp": 101700,
    "rotation": [
      [
        0.9126381,
        -0.288000226,
        0.290081829
      ],
      [
        -0.325322121,
        -0.08206214,
        0.942035735
      ],
      [
        -0.247501761,
        -0.954107761,
        -0.168585882
      ]
    ],
    "translation": [
      1.36760962,
      0.8689982,
      -0.519467831
    ]
  },
  {
    "timeStamp": 101745,
    "rotation": [
      [
        0.891383946,
        -0.345921,
        0.292870939
      ],
      [
        -0.345514745,
        -0.100397788,
        0.933027267
      ],
      [
        -0.29335016,
        -0.932876766,
        -0.209013775
      ]
    ],
    "translation": [
      1.42318714,
      0.890152752,
      -0.5269776
    ]
  },
  {
    "timeStamp": 101800,
    "rotation": [
      [
        0.8849775,
        -0.390690863,
        0.253328651
      ],
      [
        -0.333238035,
        -0.151423,
        0.9306038
      ],
      [
        -0.325218618,
        -0.90798223,
        -0.264199018
      ]
    ],
    "translation": [
      1.49342167,
      0.911255,
      -0.5376886
    ]
  },
  {
    "timeStamp": 101845,
    "rotation": [
      [
        0.86013335,
        -0.4506171,
        0.238987014
      ],
      [
        -0.341260374,
        -0.160167813,
        0.9262222
      ],
      [
        -0.379093528,
        -0.878231466,
        -0.291543454
      ]
    ],
    "translation": [
      1.55464935,
      0.9252937,
      -0.5473118
    ]
  },
  {
    "timeStamp": 101900,
    "rotation": [
      [
        0.85854274,
        -0.476074845,
        0.190412879
      ],
      [
        -0.321784467,
        -0.211144209,
        0.9229696
      ],
      [
        -0.399198025,
        -0.85368073,
        -0.334469855
      ]
    ],
    "translation": [
      1.62579381,
      0.9419637,
      -0.5619504
    ]
  },
  {
    "timeStamp": 101945,
    "rotation": [
      [
        0.8420237,
        -0.5099408,
        0.17594488
      ],
      [
        -0.328009576,
        -0.225059524,
        0.9174737
      ],
      [
        -0.428259164,
        -0.83024615,
        -0.356770873
      ]
    ],
    "translation": [
      1.67958093,
      0.9528848,
      -0.5738937
    ]
  },
  {
    "timeStamp": 102000,
    "rotation": [
      [
        0.842791259,
        -0.517865658,
        0.146690384
      ],
      [
        -0.313112527,
        -0.2500446,
        0.9162086
      ],
      [
        -0.437793821,
        -0.8181032,
        -0.3728856
      ]
    ],
    "translation": [
      1.74175441,
      0.9619316,
      -0.5924946
    ]
  },
  {
    "timeStamp": 102045,
    "rotation": [
      [
        0.8301735,
        -0.5385842,
        0.144010529
      ],
      [
        -0.326708466,
        -0.2606763,
        0.908465445
      ],
      [
        -0.451744974,
        -0.8012334,
        -0.392366558
      ]
    ],
    "translation": [
      1.78902006,
      0.9698849,
      -0.606433749
    ]
  },
  {
    "timeStamp": 102100,
    "rotation": [
      [
        0.828801453,
        -0.544797957,
        0.1276059
      ],
      [
        -0.318089068,
        -0.271122426,
        0.9084668
      ],
      [
        -0.460334063,
        -0.7935287,
        -0.398000956
      ]
    ],
    "translation": [
      1.839721,
      0.974864542,
      -0.622963667
    ]
  },
  {
    "timeStamp": 102144,
    "rotation": [
      [
        0.812249,
        -0.5728618,
        0.1099133
      ],
      [
        -0.3135154,
        -0.269844562,
        0.9104351
      ],
      [
        -0.491893977,
        -0.773959458,
        -0.398781955
      ]
    ],
    "translation": [
      1.88249743,
      0.9793399,
      -0.6352408
    ]
  },
  {
    "timeStamp": 102200,
    "rotation": [
      [
        0.794649839,
        -0.5971511,
        0.109280072
      ],
      [
        -0.3197208,
        -0.258652449,
        0.911524832
      ],
      [
        -0.5160525,
        -0.7592822,
        -0.3964598
      ]
    ],
    "translation": [
      1.92689562,
      0.9854811,
      -0.6481445
    ]
  },
  {
    "timeStamp": 102244,
    "rotation": [
      [
        0.787502944,
        -0.609653831,
        0.0903403759
      ],
      [
        -0.31454885,
        -0.271525383,
        0.909578443
      ],
      [
        -0.529998243,
        -0.7447122,
        -0.405592948
      ]
    ],
    "translation": [
      1.95960343,
      0.991858,
      -0.655173242
    ]
  },
  {
    "timeStamp": 102300,
    "rotation": [
      [
        0.779794037,
        -0.6192887,
        0.0916670859
      ],
      [
        -0.318175137,
        -0.265945733,
        0.909965634
      ],
      [
        -0.5391529,
        -0.738751948,
        -0.404425144
      ]
    ],
    "translation": [
      1.99113107,
      0.99664253,
      -0.6593274
    ]
  },
  {
    "timeStamp": 102349,
    "rotation": [
      [
        0.7673763,
        -0.634101868,
        0.0951227248
      ],
      [
        -0.331437916,
        -0.265275955,
        0.9054157
      ],
      [
        -0.548892,
        -0.7263218,
        -0.4137319
      ]
    ],
    "translation": [
      2.014095,
      1.0016613,
      -0.6586067
    ]
  },
  {
    "timeStamp": 102399,
    "rotation": [
      [
        0.7613142,
        -0.643968463,
        0.07553355
      ],
      [
        -0.329989374,
        -0.2845474,
        0.900077641
      ],
      [
        -0.5581287,
        -0.71016717,
        -0.42913273
      ]
    ],
    "translation": [
      2.04199839,
      1.00887072,
      -0.654516459
    ]
  },
  {
    "timeStamp": 102443,
    "rotation": [
      [
        0.7447362,
        -0.661806762,
        0.0859059542
      ],
      [
        -0.3519931,
        -0.280173242,
        0.8930867
      ],
      [
        -0.566982269,
        -0.695352256,
        -0.441606581
      ]
    ],
    "translation": [
      2.060992,
      1.0137161,
      -0.649323761
    ]
  },
  {
    "timeStamp": 102499,
    "rotation": [
      [
        0.7306006,
        -0.6794211,
        0.067894496
      ],
      [
        -0.352884263,
        -0.290588766,
        0.8893992
      ],
      [
        -0.5845472,
        -0.673754454,
        -0.452061355
      ]
    ],
    "translation": [
      2.083719,
      1.01709843,
      -0.6419482
    ]
  },
  {
    "timeStamp": 102550,
    "rotation": [
      [
        0.726723,
        -0.6840538,
        0.06280142
      ],
      [
        -0.359626621,
        -0.300972283,
        0.883223832
      ],
      [
        -0.5852711,
        -0.664444149,
        -0.464727432
      ]
    ],
    "translation": [
      2.104239,
      1.02209175,
      -0.634291649
    ]
  },
  {
    "timeStamp": 102595,
    "rotation": [
      [
        0.7174428,
        -0.6948962,
        0.048939608
      ],
      [
        -0.349549055,
        -0.298340678,
        0.8881488
      ],
      [
        -0.602570534,
        -0.6543028,
        -0.456942677
      ]
    ],
    "translation": [
      2.12087131,
      1.02445865,
      -0.632688165
    ]
  },
  {
    "timeStamp": 102643,
    "rotation": [
      [
        0.737599552,
        -0.6728353,
        0.0569172
      ],
      [
        -0.343116462,
        -0.300872326,
        0.8898016
      ],
      [
        -0.581565142,
        -0.6758465,
        -0.452784151
      ]
    ],
    "translation": [
      2.13147426,
      1.02717209,
      -0.631508768
    ]
  },
  {
    "timeStamp": 102695,
    "rotation": [
      [
        0.7732395,
        -0.6304689,
        0.06789395
      ],
      [
        -0.320891351,
        -0.296698332,
        0.8994436
      ],
      [
        -0.5469272,
        -0.7172719,
        -0.431730866
      ]
    ],
    "translation": [
      2.140361,
      1.02247083,
      -0.633363664
    ]
  },
  {
    "timeStamp": 102750,
    "rotation": [
      [
        0.7755804,
        -0.6259168,
        0.08187254
      ],
      [
        -0.2977244,
        -0.248340264,
        0.9217848
      ],
      [
        -0.556628346,
        -0.7392937,
        -0.378958553
      ]
    ],
    "translation": [
      2.15917778,
      1.00880146,
      -0.6378352
    ]
  },
  {
    "timeStamp": 102798,
    "rotation": [
      [
        0.7431838,
        -0.658499956,
        0.118556589
      ],
      [
        -0.3070486,
        -0.178223386,
        0.934856951
      ],
      [
        -0.59447366,
        -0.731173158,
        -0.334644228
      ]
    ],
    "translation": [
      2.176833,
      0.995826364,
      -0.641803861
    ]
  },
  {
    "timeStamp": 102850,
    "rotation": [
      [
        0.7138874,
        -0.6854554,
        0.143232942
      ],
      [
        -0.296799421,
        -0.110916458,
        0.9484765
      ],
      [
        -0.6342514,
        -0.71961683,
        -0.282624632
      ]
    ],
    "translation": [
      2.19154072,
      0.979560733,
      -0.647266746
    ]
  },
  {
    "timeStamp": 102894,
    "rotation": [
      [
        0.7091856,
        -0.6845814,
        0.168535
      ],
      [
        -0.293417037,
        -0.06922962,
        0.9534745
      ],
      [
        -0.641063333,
        -0.7256415,
        -0.249964476
      ]
    ],
    "translation": [
      2.19427466,
      0.9664225,
      -0.650066555
    ]
  },
  {
    "timeStamp": 102950,
    "rotation": [
      [
        0.69027406,
        -0.698870242,
        0.187355354
      ],
      [
        -0.266549617,
        -0.00489011128,
        0.9638088
      ],
      [
        -0.672661066,
        -0.7152317,
        -0.189659119
      ]
    ],
    "translation": [
      2.19705844,
      0.9444759,
      -0.6547579
    ]
  },
  {
    "timeStamp": 102994,
    "rotation": [
      [
        0.691754758,
        -0.6907632,
        0.210526809
      ],
      [
        -0.2602081,
        0.03351655,
        0.964970648
      ],
      [
        -0.6736223,
        -0.722303867,
        -0.156556934
      ]
    ],
    "translation": [
      2.19459414,
      0.9298099,
      -0.656246841
    ]
  },
  {
    "timeStamp": 103050,
    "rotation": [
      [
        0.6860281,
        -0.6989526,
        0.202066332
      ],
      [
        -0.214228719,
        0.07136488,
        0.974173069
      ],
      [
        -0.6953212,
        -0.711598456,
        -0.1007774
      ]
    ],
    "translation": [
      2.19737577,
      0.9102184,
      -0.657595
    ]
  },
  {
    "timeStamp": 103094,
    "rotation": [
      [
        0.6723447,
        -0.699046552,
        0.243488207
      ],
      [
        -0.220891356,
        0.124478668,
        0.9673221
      ],
      [
        -0.7065123,
        -0.7041583,
        -0.07072077
      ]
    ],
    "translation": [
      2.19522119,
      0.89916724,
      -0.656979144
    ]
  },
  {
    "timeStamp": 103150,
    "rotation": [
      [
        0.725192249,
        -0.663684964,
        0.183353364
      ],
      [
        -0.152346238,
        0.1050297,
        0.982730567
      ],
      [
        -0.6714811,
        -0.7406018,
        -0.0249431878
      ]
    ],
    "translation": [
      2.19520783,
      0.8866842,
      -0.6567213
    ]
  },
  {
    "timeStamp": 103195,
    "rotation": [
      [
        0.7328171,
        -0.654484153,
        0.186090112
      ],
      [
        -0.120251752,
        0.144612566,
        0.982154131
      ],
      [
        -0.6697153,
        -0.742117047,
        0.0272716973
      ]
    ],
    "translation": [
      2.196831,
      0.874972463,
      -0.660813332
    ]
  },
  {
    "timeStamp": 103252,
    "rotation": [
      [
        0.760231137,
        -0.6314698,
        0.152625278
      ],
      [
        -0.07240044,
        0.151117638,
        0.9858609
      ],
      [
        -0.6456057,
        -0.76053226,
        0.06916565
      ]
    ],
    "translation": [
      2.20051622,
      0.8649008,
      -0.666017
    ]
  },
  {
    "timeStamp": 103298,
    "rotation": [
      [
        0.7831492,
        -0.6069553,
        0.135212719
      ],
      [
        -0.0423801765,
        0.164839,
        0.985409558
      ],
      [
        -0.6203879,
        -0.777453065,
        0.103370659
      ]
    ],
    "translation": [
      2.20157433,
      0.8574756,
      -0.669830263
    ]
  },
  {
    "timeStamp": 103343,
    "rotation": [
      [
        0.7978359,
        -0.590302,
        0.122479886
      ],
      [
        -0.0224998258,
        0.173863262,
        0.984512746
      ],
      [
        -0.6024546,
        -0.788235366,
        0.12543267
      ]
    ],
    "translation": [
      2.20157456,
      0.852437258,
      -0.672264636
    ]
  },
  {
    "timeStamp": 103400,
    "rotation": [
      [
        0.819682658,
        -0.566905,
        0.08209121
      ],
      [
        0.007922957,
        0.154517934,
        0.9879582
      ],
      [
        -0.572763,
        -0.8091618,
        0.131147236
      ]
    ],
    "translation": [
      2.20264077,
      0.8470386,
      -0.6712702
    ]
  },
  {
    "timeStamp": 103444,
    "rotation": [
      [
        0.822195,
        -0.5630896,
        0.08321963
      ],
      [
        0.0174266975,
        0.171036169,
        0.985110641
      ],
      [
        -0.5689391,
        -0.8085028,
        0.150437877
      ]
    ],
    "translation": [
      2.20340443,
      0.840282142,
      -0.671694756
    ]
  },
  {
    "timeStamp": 103500,
    "rotation": [
      [
        0.826736,
        -0.560347557,
        0.0501820967
      ],
      [
        0.04692886,
        0.157575339,
        0.986391246
      ],
      [
        -0.560629368,
        -0.81313014,
        0.156569675
      ]
    ],
    "translation": [
      2.20854568,
      0.833273232,
      -0.672073
    ]
  },
  {
    "timeStamp": 103544,
    "rotation": [
      [
        0.819828033,
        -0.5701519,
        0.0529987626
      ],
      [
        0.0585539676,
        0.175545469,
        0.9827285
      ],
      [
        -0.5696082,
        -0.8025651,
        0.17730175
      ]
    ],
    "translation": [
      2.21246266,
      0.8268283,
      -0.6745046
    ]
  },
  {
    "timeStamp": 103600,
    "rotation": [
      [
        0.821265757,
        -0.568951249,
        0.0426256619
      ],
      [
        0.07028993,
        0.175036475,
        0.982049644
      ],
      [
        -0.5661994,
        -0.8035276,
        0.183743015
      ]
    ],
    "translation": [
      2.21657157,
      0.8219571,
      -0.6764304
    ]
  },
  {
    "timeStamp": 103644,
    "rotation": [
      [
        0.8197942,
        -0.5695694,
        0.05939893
      ],
      [
        0.06005918,
        0.188667357,
        0.9802028
      ],
      [
        -0.5695002,
        -0.7999971,
        0.188876271
      ]
    ],
    "translation": [
      2.2167778,
      0.819798052,
      -0.6773986
    ]
  },
  {
    "timeStamp": 103700,
    "rotation": [
      [
        0.823334,
        -0.563853,
        0.06473735
      ],
      [
        0.0550996736,
        0.192933708,
        0.9796635
      ],
      [
        -0.564876258,
        -0.8030232,
        0.189917
      ]
    ],
    "translation": [
      2.21578884,
      0.8203524,
      -0.6775165
    ]
  }
]