[
  {
    "id": "010 potted meat can(Clone)-46492",
    "pickRotation": [
      [
        -0.205853373,
        0.1769301,
        -0.9624553
      ],
      [
        0.9766738,
        0.0985501558,
        -0.190777808
      ],
      [
        0.06109578,
        -0.9792771,
        -0.193089887
      ]
    ],
    "pickTranslation": [
      0.0454904474,
      -0.0173790138,
      0.0646081939
    ],
    "placeRotation": [
      [
        0.997681439,
        -0.06416664,
        -0.0226783417
      ],
      [
        0.02281442,
        0.001388649,
        0.999738753
      ],
      [
        -0.0641183853,
        -0.9979382,
        0.00284935418
      ]
    ],
    "placeTranslation": [
      -0.475057274,
      0.009309965,
      -0.7200974
    ]
  },
  {
    "id": "005 tomato soup can(Clone)-46456",
    "pickRotation": [
      [
        -0.177858651,
        0.126987562,
        -0.9758281
      ],
      [
        0.983421,
        -0.0126812449,
        -0.180892825
      ],
      [
        -0.0353458561,
        -0.991823256,
        -0.122626774
      ]
    ],
    "pickTranslation": [
      0.0167322624,
      0.08485542,
      0.0793875158
    ],
    "placeRotation": [
      [
        -0.06333913,
        -0.997392654,
        -0.0345832
      ],
      [
        -0.0231849365,
        -0.0331728458,
        0.9991807
      ],
      [
        -0.9977227,
        0.06408904,
        -0.0210233461
      ]
    ],
    "placeTranslation": [
      -0.7841075,
      0.0168723948,
      1.16233027
    ]
  },
  {
    "id": "007 tuna fish can(Clone)-46516",
    "pickRotation": [
      [
        -0.827122,
        0.155929953,
        -0.5399585
      ],
      [
        0.5604039,
        0.301682025,
        -0.7713206
      ],
      [
        0.0426237881,
        -0.940571,
        -0.3369116
      ]
    ],
    "pickTranslation": [
      0.02699542,
      -0.0183634032,
      0.0156857669
    ],
    "placeRotation": [
      [
        0.6910749,
        -0.7227578,
        -0.00604770426
      ],
      [
        0.0131215295,
        0.00417958666,
        0.999905169
      ],
      [
        -0.722664,
        -0.691088736,
        0.0123720951
      ]
    ],
    "placeTranslation": [
      -0.280375719,
      0.0105516072,
      0.111745052
    ]
  },
  {
    "id": "002 masterchef can(Clone)-46864",
    "pickRotation": [
      [
        -0.9505539,
        0.008605644,
        -0.310440421
      ],
      [
        0.309068561,
        0.12405163,
        -0.942914546
      ],
      [
        0.0303962436,
        -0.992238462,
        -0.1205775
      ]
    ],
    "pickTranslation": [
      0.0181477,
      -0.0116120065,
      0.0917564556
    ],
    "placeRotation": [
      [
        0.888199747,
        -0.4594443,
        0.00346993469
      ],
      [
        0.0124691911,
        0.031653583,
        0.9994211
      ],
      [
        -0.4592882,
        -0.8876423,
        0.033843603
      ]
    ],
    "placeTranslation": [
      -0.278803557,
      0.177741185,
      0.271855682
    ]
  },
  {
    "id": "025 mug(Clone)-46876",
    "pickRotation": [
      [
        -0.704746366,
        0.0249241516,
        -0.709021449
      ],
      [
        0.7062005,
        0.120324396,
        -0.69771266
      ],
      [
        0.06792268,
        -0.9924217,
        -0.102399632
      ]
    ],
    "pickTranslation": [
      0.0354247838,
      0.0317332856,
      0.04886463
    ],
    "placeRotation": [
      [
        0.738956,
        -0.670270145,
        -0.06842558
      ],
      [
        0.09546494,
        0.00362805324,
        0.9954262
      ],
      [
        -0.6669562,
        -0.742108345,
        0.06666827
      ]
    ],
    "placeTranslation": [
      -0.204747468,
      0.00401404127,
      -0.403853953
    ]
  },
  {
    "id": "003 cracker box(Clone)-47090",
    "pickRotation": [
      [
        -0.9913259,
        -0.0289369524,
        0.128201425
      ],
      [
        -0.130838379,
        0.1251031,
        -0.9834788
      ],
      [
        0.0124204783,
        -0.99172163,
        -0.127804011
      ]
    ],
    "pickTranslation": [
      0.0114418529,
      0.0104163028,
      0.186265692
    ],
    "placeRotation": [
      [
        -0.0105708959,
        0.999896169,
        0.009791026
      ],
      [
        -0.0213451982,
        -0.010014982,
        0.999722
      ],
      [
        0.9997163,
        0.0103589669,
        0.02144885
      ]
    ],
    "placeTranslation": [
      0.8705414,
      0.0178662911,
      -0.150218219
    ]
  },
  {
    "id": "025 mug(Clone)-46876",
    "pickRotation": [
      [
        0.6384062,
        0.357814968,
        -0.6814734
      ],
      [
        0.7680021,
        -0.23735553,
        0.594840467
      ],
      [
        0.0510913581,
        -0.903122842,
        -0.4263319
      ]
    ],
    "pickTranslation": [
      0.0161391832,
      0.0216850024,
      0.0715509951
    ],
    "placeRotation": [
      [
        0.67615205,
        -0.736718357,
        -0.00803347
      ],
      [
        0.0238629412,
        0.0110005112,
        0.9996547
      ],
      [
        -0.73637563,
        -0.676110268,
        0.0250182841
      ]
    ],
    "placeTranslation": [
      -0.262800932,
      -0.00382892438,
      -0.409557164
    ]
  },
  {
    "id": "021 bleach cleanser(Clone)-46504",
    "pickRotation": [
      [
        0.07224657,
        0.196929961,
        0.9777521
      ],
      [
        -0.997253835,
        0.0302742645,
        0.06758999
      ],
      [
        -0.0162902288,
        -0.9799501,
        0.198576361
      ]
    ],
    "pickTranslation": [
      0.00127856981,
      0.01968135,
      0.219981462
    ],
    "placeRotation": [
      [
        -0.0844561756,
        0.9961281,
        -0.02441322
      ],
      [
        -0.119363919,
        0.0142101962,
        0.992748857
      ],
      [
        0.9892519,
        0.08675783,
        0.117701612
      ]
    ],
    "placeTranslation": [
      0.8278271,
      0.03917896,
      0.610675931
    ]
  },
  {
    "id": "008 pudding box(Clone)-47126",
    "pickRotation": [
      [
        0.386640042,
        -0.5968933,
        0.7030134
      ],
      [
        -0.209078372,
        -0.7991811,
        -0.563556433
      ],
      [
        0.8982181,
        0.07090858,
        -0.4337929
      ]
    ],
    "pickTranslation": [
      0.00221491372,
      0.0545819923,
      0.0271523762
    ],
    "placeRotation": [
      [
        -0.913046956,
        0.407795221,
        -0.00695606926
      ],
      [
        0.3925961,
        0.883382142,
        0.255938083
      ],
      [
        0.110515192,
        0.230952561,
        -0.9666681
      ]
    ],
    "placeTranslation": [
      0.261485428,
      0.385549724,
      -0.4175379
    ]
  },
  {
    "id": "100 half egg carton(Clone)-46468",
    "pickRotation": [
      [
        0.0176406074,
        -0.6396108,
        0.7684965
      ],
      [
        0.287978649,
        -0.7327944,
        -0.6165068
      ],
      [
        0.957474351,
        0.232186139,
        0.171267316
      ]
    ],
    "pickTranslation": [
      -0.07984407,
      0.0306285545,
      -0.007211988
    ],
    "placeRotation": [
      [
        0.0416199155,
        0.01667448,
        -0.99899435
      ],
      [
        0.03530939,
        0.999211669,
        0.018149158
      ],
      [
        0.9985094,
        -0.0360292457,
        0.0409983359
      ]
    ],
    "placeTranslation": [
      -0.901562631,
      0.689880967,
      -0.479129523
    ]
  },
  {
    "id": "013 apple(Clone)-46408",
    "pickRotation": [
      [
        -0.306846261,
        0.254584759,
        -0.9170779
      ],
      [
        0.94418174,
        0.202769965,
        -0.259625137
      ],
      [
        0.119859263,
        -0.945553243,
        -0.30259347
      ]
    ],
    "pickTranslation": [
      0.01170174,
      -0.001909923,
      0.0509557165
    ],
    "placeRotation": [
      [
        0.7108443,
        -0.6525362,
        -0.2624821
      ],
      [
        0.4224748,
        0.09776417,
        0.9010867
      ],
      [
        -0.562330365,
        -0.7514244,
        0.3451752
      ]
    ],
    "placeTranslation": [
      0.26896593,
      0.07306617,
      0.5286034
    ]
  },
  {
    "id": "011 banana(Clone)-46338",
    "pickRotation": [
      [
        -0.974247754,
        0.09737063,
        -0.203372434
      ],
      [
        0.223665386,
        0.5315384,
        -0.8169704
      ],
      [
        0.02855136,
        -0.841419,
        -0.5396285
      ]
    ],
    "pickTranslation": [
      0.009147111,
      -0.00197847956,
      0.0221594609
    ],
    "placeRotation": [
      [
        0.9847941,
        0.148465782,
        -0.09021372
      ],
      [
        0.0844758749,
        0.04452294,
        0.99543035
      ],
      [
        0.151803911,
        -0.9879148,
        0.0313041545
      ]
    ],
    "placeTranslation": [
      -0.389918268,
      0.6885242,
      0.5331353
    ]
  },
  {
    "id": "014 lemon(Clone)-46852",
    "pickRotation": [
      [
        -0.0905829445,
        -0.801341832,
        0.5913088
      ],
      [
        -0.135359377,
        -0.578333,
        -0.804492831
      ],
      [
        0.9866472,
        -0.152912527,
        -0.0560820177
      ]
    ],
    "pickTranslation": [
      0.006040286,
      0.0264595971,
      0.0236473754
    ],
    "placeRotation": [
      [
        0.166630015,
        0.377987951,
        -0.9106918
      ],
      [
        0.346282154,
        0.842340767,
        0.412977964
      ],
      [
        0.9232135,
        -0.38417083,
        0.009468776
      ]
    ],
    "placeTranslation": [
      0.249547943,
      0.480341852,
      -0.4856838
    ]
  },
  {
    "id": "058 golf ball(Clone)-47114",
    "pickRotation": [
      [
        -0.985842049,
        0.06995229,
        -0.152388275
      ],
      [
        0.1373083,
        -0.184832186,
        -0.973130763
      ],
      [
        -0.0962389857,
        -0.9802774,
        0.1726103
      ]
    ],
    "pickTranslation": [
      0.009055348,
      -0.03135606,
      0.0219991114
    ],
    "placeRotation": [
      [
        0.932210267,
        -0.22010386,
        0.287294865
      ],
      [
        -0.128003821,
        0.5419915,
        0.830578268
      ],
      [
        -0.338524878,
        -0.811048448,
        0.477075815
      ]
    ],
    "placeTranslation": [
      -0.578685641,
      0.8079135,
      0.0531672128
    ]
  },
  {
    "id": "057 racquetball(Clone)-46396",
    "pickRotation": [
      [
        -0.744758666,
        0.2365449,
        -0.624004
      ],
      [
        0.09116077,
        -0.890242457,
        -0.4462713
      ],
      [
        -0.6610781,
        -0.3892491,
        0.641452134
      ]
    ],
    "pickTranslation": [
      0.009190091,
      -0.116767846,
      0.02783525
    ],
    "placeRotation": [
      [
        0.993569136,
        0.00272784871,
        0.113194272
      ],
      [
        0.00187410507,
        0.999176562,
        -0.0405290462
      ],
      [
        -0.113211624,
        0.0404805467,
        0.992745936
      ]
    ],
    "placeTranslation": [
      0.5227228,
      1.46457374,
      -0.412156671
    ]
  },
  {
    "id": "018 plum(Clone)-46480",
    "pickRotation": [
      [
        -0.917949557,
        0.3929446,
        -0.05443404
      ],
      [
        -0.393029839,
        -0.882246256,
        0.2591698
      ],
      [
        0.0538151376,
        0.259299,
        0.9642966
      ]
    ],
    "pickTranslation": [
      0.014717117,
      0.03291784,
      0.0183142163
    ],
    "placeRotation": [
      [
        0.8915893,
        -0.0149330785,
        -0.452598661
      ],
      [
        -0.36380592,
        0.57152456,
        -0.7355304
      ],
      [
        0.269655,
        0.820449054,
        0.5041324
      ]
    ],
    "placeTranslation": [
      0.574924767,
      0.7908624,
      0.0915173143
    ]
  },
  {
    "id": "016 pear(Clone)-47102",
    "pickRotation": [
      [
        -0.9111808,
        0.161995322,
        -0.378823251
      ],
      [
        0.4090278,
        0.245306551,
        -0.8789317
      ],
      [
        -0.049454987,
        -0.955814958,
        -0.289779216
      ]
    ],
    "pickTranslation": [
      0.03259068,
      0.0221994054,
      0.0343968458
    ],
    "placeRotation": [
      [
        0.824118257,
        -0.561858833,
        0.07172014
      ],
      [
        0.047173012,
        0.194263339,
        0.9798145
      ],
      [
        -0.56445,
        -0.8040998,
        0.186600536
      ]
    ],
    "placeTranslation": [
      0.0457441323,
      0.6033963,
      0.289132744
    ]
  },
  {
    "id": "103 toothpaste(Clone)-46420",
    "pickRotation": [
      [
        -0.2803108,
        0.225949988,
        -0.932937562
      ],
      [
        -0.954537868,
        -0.168285877,
        0.246043384
      ],
      [
        -0.1014067,
        0.9594928,
        0.262850165
      ]
    ],
    "pickTranslation": [
      0.02051818,
      0.0199943073,
      -0.0191717073
    ],
    "placeRotation": [
      [
        -0.0570267476,
        0.986392856,
        -0.154198349
      ],
      [
        0.146963418,
        -0.144473389,
        -0.9785342
      ],
      [
        -0.987496734,
        -0.07846413,
        -0.1367248
      ]
    ],
    "placeTranslation": [
      -0.320509166,
      0.9243633,
      -0.147631362
    ]
  }
]