[
  {
    "timeStamp": 11881,
    "rotation": [
      [
        -0.003730236,
        0.9999897,
        -0.0025834532
      ],
      [
        -0.022037806,
        0.002500637,
        0.999754
      ],
      [
        0.9997502,
        0.00378625188,
        0.0220282525
      ]
    ],
    "translation": [
      1.76999307,
      0.701864064,
      -0.749878645
    ]
  },
  {
    "timeStamp": 11927,
    "rotation": [
      [
        0.00541532226,
        0.999972045,
        0.00514806435
      ],
      [
        -0.0348695666,
        -0.004956179,
        0.9993796
      ],
      [
        0.9993772,
        -0.0055914754,
        0.0348417535
      ]
    ],
    "translation": [
      1.77233,
      0.703624964,
      -0.7501624
    ]
  },
  {
    "timeStamp": 11981,
    "rotation": [
      [
        0.0126171643,
        0.999786437,
        0.0163676012
      ],
      [
        -0.0519438758,
        -0.0156914536,
        0.9985267
      ],
      [
        0.998570263,
        -0.0134487888,
        0.0517347977
      ]
    ],
    "translation": [
      1.77825487,
      0.713950753,
      -0.753632247
    ]
  },
  {
    "timeStamp": 12026,
    "rotation": [
      [
        0.0138140442,
        0.9996242,
        0.0236778688
      ],
      [
        -0.06327639,
        -0.022758726,
        0.9977365
      ],
      [
        0.9979005,
        -0.0152810235,
        0.06293822
      ]
    ],
    "translation": [
      1.78486979,
      0.727327168,
      -0.758882642
    ]
  },
  {
    "timeStamp": 12081,
    "rotation": [
      [
        0.025236601,
        0.9996815,
        -0.000230826234
      ],
      [
        -0.1528137,
        0.0040859133,
        0.98824656
      ],
      [
        0.987932742,
        -0.0249047112,
        0.152868137
      ]
    ],
    "translation": [
      1.79846644,
      0.751042247,
      -0.771065533
    ]
  },
  {
    "timeStamp": 12126,
    "rotation": [
      [
        0.0784274042,
        0.9967818,
        -0.0165877119
      ],
      [
        -0.236677185,
        0.0347800031,
        0.9709656
      ],
      [
        0.968417764,
        -0.07222438,
        0.2386432
      ]
    ],
    "translation": [
      1.81572986,
      0.771800041,
      -0.778701246
    ]
  },
  {
    "timeStamp": 12181,
    "rotation": [
      [
        0.110176742,
        0.9910446,
        0.07544384
      ],
      [
        -0.2796529,
        -0.04192886,
        0.9591852
      ],
      [
        0.953758538,
        -0.126777992,
        0.2725289
      ]
    ],
    "translation": [
      1.83445382,
      0.8160069,
      -0.777006149
    ]
  },
  {
    "timeStamp": 12226,
    "rotation": [
      [
        0.1557417,
        0.9850995,
        0.0729618
      ],
      [
        -0.3902263,
        -0.00649794238,
        0.920696
      ],
      [
        0.9074513,
        -0.1718624,
        0.383399755
      ]
    ],
    "translation": [
      1.86446118,
      0.844348669,
      -0.7805525
    ]
  },
  {
    "timeStamp": 12281,
    "rotation": [
      [
        0.193717122,
        0.972652555,
        0.128143251
      ],
      [
        -0.445163935,
        -0.0292485114,
        0.894971251
      ],
      [
        0.8742441,
        -0.230416015,
        0.427323937
      ]
    ],
    "translation": [
      1.90357339,
      0.87971735,
      -0.7738415
    ]
  },
  {
    "timeStamp": 12325,
    "rotation": [
      [
        0.137300432,
        0.9663735,
        0.217418611
      ],
      [
        -0.5383928,
        -0.111433983,
        0.83529377
      ],
      [
        0.8314336,
        -0.2317428,
        0.5049886
      ]
    ],
    "translation": [
      1.93665457,
      0.9201222,
      -0.777235031
    ]
  },
  {
    "timeStamp": 12391,
    "rotation": [
      [
        0.100263543,
        0.940154254,
        0.325664133
      ],
      [
        -0.556938231,
        -0.21819821,
        0.8013796
      ],
      [
        0.8244798,
        -0.261724,
        0.5017305
      ]
    ],
    "translation": [
      1.97870421,
      0.961865246,
      -0.768740356
    ]
  },
  {
    "timeStamp": 12427,
    "rotation": [
      [
        0.00846773852,
        0.9161097,
        0.4008383
      ],
      [
        -0.594821036,
        -0.31760776,
        0.738453269
      ],
      [
        0.8038135,
        -0.244680077,
        0.5422319
      ]
    ],
    "translation": [
      2.01500177,
      0.987040639,
      -0.769430637
    ]
  },
  {
    "timeStamp": 12476,
    "rotation": [
      [
        0.009683842,
        0.8901135,
        0.455635965
      ],
      [
        -0.672425568,
        -0.331451744,
        0.661803246
      ],
      [
        0.740101337,
        -0.3127901,
        0.595325351
      ]
    ],
    "translation": [
      2.05441332,
      1.00004947,
      -0.76111275
    ]
  },
  {
    "timeStamp": 12531,
    "rotation": [
      [
        0.0618278719,
        0.8921121,
        0.447563827
      ],
      [
        -0.7313731,
        -0.264642566,
        0.628536165
      ],
      [
        0.6791691,
        -0.3661972,
        0.636104465
      ]
    ],
    "translation": [
      2.09299231,
      0.984678864,
      -0.748640835
    ]
  },
  {
    "timeStamp": 12576,
    "rotation": [
      [
        0.0648479238,
        0.909282565,
        0.411096126
      ],
      [
        -0.805841744,
        -0.195263177,
        0.5590093
      ],
      [
        0.588569343,
        -0.367529,
        0.7200754
      ]
    ],
    "translation": [
      2.115962,
      0.9659714,
      -0.750247359
    ]
  },
  {
    "timeStamp": 12631,
    "rotation": [
      [
        0.05337707,
        0.9315394,
        0.359701425
      ],
      [
        -0.878890038,
        -0.127170175,
        0.4597608
      ],
      [
        0.4740286,
        -0.3406787,
        0.8119328
      ]
    ],
    "translation": [
      2.13564157,
      0.9412915,
      -0.757665157
    ]
  },
  {
    "timeStamp": 12676,
    "rotation": [
      [
        0.0244486332,
        0.953604341,
        0.300068229
      ],
      [
        -0.9010836,
        -0.108973227,
        0.419729918
      ],
      [
        0.432955682,
        -0.280648381,
        0.856613
      ]
    ],
    "translation": [
      2.14373779,
      0.92320013,
      -0.7676751
    ]
  },
  {
    "timeStamp": 12731,
    "rotation": [
      [
        0.0297203939,
        0.976853132,
        0.211836427
      ],
      [
        -0.929818869,
        -0.050754793,
        0.36450088
      ],
      [
        0.366815537,
        -0.2078026,
        0.906788
      ]
    ],
    "translation": [
      2.150173,
      0.8919888,
      -0.782413065
    ]
  },
  {
    "timeStamp": 12775,
    "rotation": [
      [
        0.06335156,
        0.984531939,
        0.163350612
      ],
      [
        -0.9433389,
        0.005652505,
        0.331782758
      ],
      [
        0.325727373,
        -0.175113931,
        0.929105341
      ]
    ],
    "translation": [
      2.15288281,
      0.8651212,
      -0.7902317
    ]
  },
  {
    "timeStamp": 12831,
    "rotation": [
      [
        0.05308396,
        0.988969564,
        0.138279721
      ],
      [
        -0.954942644,
        0.009782228,
        0.29662925
      ],
      [
        0.292004615,
        -0.147795454,
        0.944928467
      ]
    ],
    "translation": [
      2.15277028,
      0.840349853,
      -0.7993177
    ]
  },
  {
    "timeStamp": 12875,
    "rotation": [
      [
        0.0665370747,
        0.9894329,
        0.128823012
      ],
      [
        -0.9638461,
        0.0303494539,
        0.2647256
      ],
      [
        0.2580185,
        -0.141779631,
        0.9556804
      ]
    ],
    "translation": [
      2.15297461,
      0.8251446,
      -0.802323043
    ]
  },
  {
    "timeStamp": 12933,
    "rotation": [
      [
        0.05065466,
        0.9922146,
        0.113772616
      ],
      [
        -0.9710872,
        0.0223225113,
        0.237679079
      ],
      [
        0.233288959,
        -0.122522682,
        0.964657664
      ]
    ],
    "translation": [
      2.150783,
      0.8105934,
      -0.809081733
    ]
  },
  {
    "timeStamp": 12979,
    "rotation": [
      [
        0.0631350651,
        0.9923289,
        0.106288947
      ],
      [
        -0.97305,
        0.03753888,
        0.227518171
      ],
      [
        0.221782878,
        -0.117788836,
        0.967955649
      ]
    ],
    "translation": [
      2.14891028,
      0.799493849,
      -0.811055064
    ]
  },
  {
    "timeStamp": 13024,
    "rotation": [
      [
        0.0465586968,
        0.9948417,
        0.0901238248
      ],
      [
        -0.978302956,
        0.0271782447,
        0.205389157
      ],
      [
        0.201880291,
        -0.09773106,
        0.974521935
      ]
    ],
    "translation": [
      2.14584112,
      0.794713,
      -0.8156299
    ]
  },
  {
    "timeStamp": 13080,
    "rotation": [
      [
        0.03277999,
        0.9965042,
        0.07684341
      ],
      [
        -0.983707845,
        0.0185702927,
        0.178812489
      ],
      [
        0.17676039,
        -0.08145294,
        0.980877757
      ]
    ],
    "translation": [
      2.14183187,
      0.792149961,
      -0.8202729
    ]
  },
  {
    "timeStamp": 13124,
    "rotation": [
      [
        0.03139684,
        0.998388946,
        0.0472625345
      ],
      [
        -0.9864223,
        0.0233249459,
        0.162563756
      ],
      [
        0.161199465,
        -0.0517248064,
        0.9855654
      ]
    ],
    "translation": [
      2.14048147,
      0.787612855,
      -0.825608969
    ]
  },
  {
    "timeStamp": 13180,
    "rotation": [
      [
        0.0314727873,
        0.999244452,
        0.02280065
      ],
      [
        -0.9887694,
        0.027792234,
        0.146842033
      ],
      [
        0.1460974,
        -0.0271661133,
        0.9888971
      ]
    ],
    "translation": [
      2.13878512,
      0.7843596,
      -0.8313137
    ]
  },
  {
    "timeStamp": 13224,
    "rotation": [
      [
        0.0369155332,
        0.999316633,
        -0.00186994253
      ],
      [
        -0.989699066,
        0.0368191339,
        0.138348117
      ],
      [
        0.138322428,
        -0.00325651444,
        0.9903819
      ]
    ],
    "translation": [
      2.13822126,
      0.781689167,
      -0.8355222
    ]
  },
  {
    "timeStamp": 13280,
    "rotation": [
      [
        0.0542736724,
        0.998464644,
        -0.011077404
      ],
      [
        -0.9891961,
        0.05527624,
        0.135777652
      ],
      [
        0.1361815,
        0.00358857261,
        0.9906774
      ]
    ],
    "translation": [
      2.1377306,
      0.776321,
      -0.838386655
    ]
  },
  {
    "timeStamp": 13324,
    "rotation": [
      [
        0.06606774,
        0.997801244,
        -0.00527144037
      ],
      [
        -0.9890394,
        0.0661848858,
        0.131987378
      ],
      [
        0.132046059,
        -0.00350644533,
        0.9912374
      ]
    ],
    "translation": [
      2.1366117,
      0.772488236,
      -0.8384706
    ]
  },
  {
    "timeStamp": 13380,
    "rotation": [
      [
        0.109669261,
        0.993958533,
        -0.004365216
      ],
      [
        -0.9849642,
        0.109264553,
        0.133816376
      ],
      [
        0.1334849,
        -0.0103759617,
        0.9909965
      ]
    ],
    "translation": [
      2.13824177,
      0.763826549,
      -0.838679552
    ]
  }
]