[
  {
    "timeStamp": 34916,
    "rotation": [
      [
        0.9999544,
        0.000838660751,
        0.009507285
      ],
      [
        -0.00951705,
        0.0125305876,
        0.9998762
      ],
      [
        0.0007194287,
        -0.999921143,
        0.0125379991
      ]
    ],
    "translation": [
      1.77015889,
      0.7049006,
      -0.22998178
    ]
  },
  {
    "timeStamp": 34971,
    "rotation": [
      [
        0.9997882,
        -0.0203068517,
        -0.00334307551
      ],
      [
        0.00260390341,
        -0.0363181271,
        0.9993369
      ],
      [
        -0.0204148,
        -0.999133945,
        -0.0362575576
      ]
    ],
    "translation": [
      1.77520776,
      0.706305,
      -0.223372385
    ]
  },
  {
    "timeStamp": 35015,
    "rotation": [
      [
        0.998912632,
        -0.03720668,
        0.0280923229
      ],
      [
        -0.0300767981,
        -0.0538970381,
        0.9980934
      ],
      [
        -0.0356216468,
        -0.997853041,
        -0.05495749
      ]
    ],
    "translation": [
      1.77510858,
      0.717076063,
      -0.2219175
    ]
  },
  {
    "timeStamp": 35071,
    "rotation": [
      [
        0.9984291,
        -0.0129362028,
        0.05451513
      ],
      [
        -0.0555364862,
        -0.09977433,
        0.993459
      ],
      [
        -0.00741236657,
        -0.994926,
        -0.100336038
      ]
    ],
    "translation": [
      1.772166,
      0.737079263,
      -0.226704478
    ]
  },
  {
    "timeStamp": 35115,
    "rotation": [
      [
        0.996722043,
        0.005068911,
        0.08074397
      ],
      [
        -0.07934457,
        -0.133698136,
        0.9878407
      ],
      [
        0.0158025827,
        -0.9910092,
        -0.1328577
      ]
    ],
    "translation": [
      1.77191448,
      0.7571514,
      -0.235232
    ]
  },
  {
    "timeStamp": 35171,
    "rotation": [
      [
        0.990743935,
        0.00160207739,
        0.135734648
      ],
      [
        -0.132836431,
        -0.194411159,
        0.971884131
      ],
      [
        0.0279453732,
        -0.9809188,
        -0.192398861
      ]
    ],
    "translation": [
      1.77669621,
      0.7921739,
      -0.2509305
    ]
  },
  {
    "timeStamp": 35215,
    "rotation": [
      [
        0.984085262,
        -0.0204120278,
        0.17652075
      ],
      [
        -0.176107764,
        -0.2445908,
        0.953499556
      ],
      [
        0.0237124879,
        -0.9694115,
        -0.244292915
      ]
    ],
    "translation": [
      1.78619742,
      0.8244588,
      -0.2675827
    ]
  },
  {
    "timeStamp": 35270,
    "rotation": [
      [
        0.9736644,
        -0.0512786619,
        0.222144276
      ],
      [
        -0.227195367,
        -0.299310535,
        0.926712155
      ],
      [
        0.018969588,
        -0.952776849,
        -0.3030783
      ]
    ],
    "translation": [
      1.8049618,
      0.8657969,
      -0.295774668
    ]
  },
  {
    "timeStamp": 35315,
    "rotation": [
      [
        0.9680624,
        -0.08528707,
        0.235756859
      ],
      [
        -0.250612527,
        -0.3553242,
        0.900521
      ],
      [
        0.006967337,
        -0.9308441,
        -0.36535
      ]
    ],
    "translation": [
      1.8276844,
      0.89951,
      -0.321136326
    ]
  },
  {
    "timeStamp": 35371,
    "rotation": [
      [
        0.959938169,
        -0.142222852,
        0.241436139
      ],
      [
        -0.279132247,
        -0.4097772,
        0.8684284
      ],
      [
        -0.0245753545,
        -0.9010302,
        -0.433059722
      ]
    ],
    "translation": [
      1.86318481,
      0.937836766,
      -0.355589479
    ]
  },
  {
    "timeStamp": 35415,
    "rotation": [
      [
        0.957176,
        -0.1879518,
        0.220200241
      ],
      [
        -0.283171952,
        -0.449576169,
        0.847168744
      ],
      [
        -0.0602301024,
        -0.873244166,
        -0.483546227
      ]
    ],
    "translation": [
      1.89546132,
      0.96232307,
      -0.3839485
    ]
  },
  {
    "timeStamp": 35471,
    "rotation": [
      [
        0.9572141,
        -0.232680961,
        0.17204845
      ],
      [
        -0.270111531,
        -0.5050899,
        0.819709659
      ],
      [
        -0.103830889,
        -0.831109941,
        -0.546329
      ]
    ],
    "translation": [
      1.93829346,
      0.986431956,
      -0.4205312
    ]
  },
  {
    "timeStamp": 35515,
    "rotation": [
      [
        0.956311941,
        -0.266311556,
        0.120604992
      ],
      [
        -0.250451475,
        -0.533497453,
        0.8078704
      ],
      [
        -0.150802791,
        -0.8027818,
        -0.576888144
      ]
    ],
    "translation": [
      1.97240782,
      0.9978631,
      -0.4489358
    ]
  },
  {
    "timeStamp": 35571,
    "rotation": [
      [
        0.952933252,
        -0.302231,
        0.0239692144
      ],
      [
        -0.197904378,
        -0.560199142,
        0.8043698
      ],
      [
        -0.22967796,
        -0.771254361,
        -0.5936453
      ]
    ],
    "translation": [
      2.01764464,
      1.0033772,
      -0.483042151
    ]
  },
  {
    "timeStamp": 35615,
    "rotation": [
      [
        0.945525765,
        -0.323287368,
        -0.0382932946
      ],
      [
        -0.162078157,
        -0.569487751,
        0.805862546
      ],
      [
        -0.282332748,
        -0.755757332,
        -0.590863168
      ]
    ],
    "translation": [
      2.04887962,
      1.00385416,
      -0.5095204
    ]
  },
  {
    "timeStamp": 35670,
    "rotation": [
      [
        0.928765535,
        -0.360992938,
        -0.08413457
      ],
      [
        -0.1383161,
        -0.5481128,
        0.824888468
      ],
      [
        -0.343894154,
        -0.7544908,
        -0.5589994
      ]
    ],
    "translation": [
      2.079747,
      0.9944033,
      -0.5366975
    ]
  },
  {
    "timeStamp": 35725,
    "rotation": [
      [
        0.923435748,
        -0.375168145,
        -0.08071765
      ],
      [
        -0.115175553,
        -0.471590519,
        0.8742637
      ],
      [
        -0.366061568,
        -0.798029661,
        -0.478693724
      ]
    ],
    "translation": [
      2.09455085,
      0.970219,
      -0.5540443
    ]
  },
  {
    "timeStamp": 35765,
    "rotation": [
      [
        0.9264277,
        -0.369856775,
        -0.0702691
      ],
      [
        -0.09457749,
        -0.4093124,
        0.907479167
      ],
      [
        -0.3643993,
        -0.834067941,
        -0.414178461
      ]
    ],
    "translation": [
      2.10642862,
      0.9399314,
      -0.567714036
    ]
  },
  {
    "timeStamp": 35820,
    "rotation": [
      [
        0.934835136,
        -0.3345008,
        -0.119131923
      ],
      [
        -0.000532858365,
        -0.336826622,
        0.9415665
      ],
      [
        -0.355081558,
        -0.880146,
        -0.3150556
      ]
    ],
    "translation": [
      2.11553931,
      0.904173,
      -0.5793673
    ]
  },
  {
    "timeStamp": 35865,
    "rotation": [
      [
        0.940061569,
        -0.332699955,
        -0.07479888
      ],
      [
        -0.0201748721,
        -0.273226827,
        0.96173805
      ],
      [
        -0.340407252,
        -0.902583957,
        -0.263562232
      ]
    ],
    "translation": [
      2.1163516,
      0.879374,
      -0.5861969
    ]
  },
  {
    "timeStamp": 35921,
    "rotation": [
      [
        0.9379082,
        -0.334704816,
        -0.09110896
      ],
      [
        0.0190637242,
        -0.212518021,
        0.976971149
      ],
      [
        -0.346359253,
        -0.9180461,
        -0.192941681
      ]
    ],
    "translation": [
      2.12000251,
      0.8498644,
      -0.5952031
    ]
  },
  {
    "timeStamp": 35965,
    "rotation": [
      [
        0.9456702,
        -0.320209682,
        -0.0563361
      ],
      [
        -0.006411742,
        -0.191607282,
        0.981450737
      ],
      [
        -0.325064421,
        -0.9277675,
        -0.183250383
      ]
    ],
    "translation": [
      2.11655,
      0.834060848,
      -0.5996369
    ]
  },
  {
    "timeStamp": 36020,
    "rotation": [
      [
        0.9481382,
        -0.313271075,
        -0.0538071655
      ],
      [
        -0.000141417971,
        -0.169696018,
        0.985496461
      ],
      [
        -0.3178584,
        -0.9343792,
        -0.160939574
      ]
    ],
    "translation": [
      2.11209273,
      0.814545035,
      -0.6036261
    ]
  },
  {
    "timeStamp": 36065,
    "rotation": [
      [
        0.9561283,
        -0.29133454,
        -0.0307043
      ],
      [
        -0.009162302,
        -0.13449949,
        0.9908713
      ],
      [
        -0.292804748,
        -0.9471188,
        -0.131268069
      ]
    ],
    "translation": [
      2.10533571,
      0.8001401,
      -0.6068961
    ]
  },
  {
    "timeStamp": 36120,
    "rotation": [
      [
        0.9568748,
        -0.2894565,
        -0.0246094931
      ],
      [
        -0.0125643453,
        -0.125871465,
        0.991966963
      ],
      [
        -0.2902289,
        -0.948878944,
        -0.124080054
      ]
    ],
    "translation": [
      2.10077333,
      0.7870245,
      -0.6083945
    ]
  },
  {
    "timeStamp": 36165,
    "rotation": [
      [
        0.9601746,
        -0.278852671,
        -0.0174902342
      ],
      [
        -0.0100463023,
        -0.09701556,
        0.995232165
      ],
      [
        -0.279219985,
        -0.9554209,
        -0.0959533155
      ]
    ],
    "translation": [
      2.09749174,
      0.775159359,
      -0.6120955
    ]
  },
  {
    "timeStamp": 36221,
    "rotation": [
      [
        0.9611529,
        -0.275618523,
        -0.0148166977
      ],
      [
        -0.004727224,
        -0.07011015,
        0.9975281
      ],
      [
        -0.275976,
        -0.958707,
        -0.06868949
      ]
    ],
    "translation": [
      2.09476113,
      0.7613763,
      -0.6171938
    ]
  },
  {
    "timeStamp": 36263,
    "rotation": [
      [
        0.96020925,
        -0.27927497,
        -0.00193293171
      ],
      [
        -0.016257029,
        -0.06280194,
        0.9978936
      ],
      [
        -0.2788081,
        -0.9581552,
        -0.0648431852
      ]
    ],
    "translation": [
      2.09264255,
      0.7561915,
      -0.6193391
    ]
  },
  {
    "timeStamp": 36321,
    "rotation": [
      [
        0.964266539,
        -0.264913261,
        -0.00331273559
      ],
      [
        -0.0108311484,
        -0.0519120432,
        0.9985929
      ],
      [
        -0.264712453,
        -0.9628739,
        -0.05292636
      ]
    ],
    "translation": [
      2.08867383,
      0.7459208,
      -0.624334335
    ]
  },
  {
    "timeStamp": 36365,
    "rotation": [
      [
        0.961333334,
        -0.275161237,
        0.0111577064
      ],
      [
        -0.0256264415,
        -0.0490437634,
        0.9984678
      ],
      [
        -0.274192423,
        -0.960146368,
        -0.05419881
      ]
    ],
    "translation": [
      2.08712339,
      0.7406195,
      -0.626121938
    ]
  },
  {
    "timeStamp": 36420,
    "rotation": [
      [
        0.962753832,
        -0.26894623,
        0.0278046448
      ],
      [
        -0.0345312767,
        -0.0203118473,
        0.9991972
      ],
      [
        -0.268165559,
        -0.962941051,
        -0.0288423635
      ]
    ],
    "translation": [
      2.08368134,
      0.7331182,
      -0.6303012
    ]
  },
  {
    "timeStamp": 36465,
    "rotation": [
      [
        0.96519506,
        -0.259570956,
        0.0319586955
      ],
      [
        -0.0300544091,
        0.0113026882,
        0.99948436
      ],
      [
        -0.259798318,
        -0.9656579,
        0.00310804788
      ]
    ],
    "translation": [
      2.08103561,
      0.7295272,
      -0.63451606
    ]
  }
]