[
  {
    "timeStamp": 26806,
    "rotation": [
      [
        -0.9999805,
        0.00364206755,
        -0.00506468676
      ],
      [
        -0.00504188938,
        0.006241678,
        0.9999678
      ],
      [
        0.003673559,
        0.999973834,
        -0.00622319337
      ]
    ],
    "translation": [
      1.30796015,
      0.7019594,
      -0.4899981
    ]
  },
  {
    "timeStamp": 26854,
    "rotation": [
      [
        -0.9999792,
        0.00356695568,
        -0.005373042
      ],
      [
        -0.00536572933,
        0.00205655745,
        0.9999835
      ],
      [
        0.00357794669,
        0.9999915,
        -0.00203737547
      ]
    ],
    "translation": [
      1.30796039,
      0.7020217,
      -0.489994764
    ]
  },
  {
    "timeStamp": 26907,
    "rotation": [
      [
        -0.9996948,
        -0.009406194,
        0.0228419248
      ],
      [
        0.0228627883,
        -0.002116688,
        0.999736369
      ],
      [
        -0.009355364,
        0.9999535,
        0.002331094
      ]
    ],
    "translation": [
      1.31203079,
      0.71418035,
      -0.4963194
    ]
  },
  {
    "timeStamp": 26963,
    "rotation": [
      [
        -0.993576348,
        -0.00556047773,
        0.113027073
      ],
      [
        0.113144241,
        -0.0302596688,
        0.9931177
      ],
      [
        -0.00210205023,
        0.99952656,
        0.0306944288
      ]
    ],
    "translation": [
      1.311614,
      0.7503055,
      -0.513320267
    ]
  },
  {
    "timeStamp": 27008,
    "rotation": [
      [
        -0.988081753,
        -0.0139832534,
        0.1532936
      ],
      [
        0.153514564,
        -0.0163977854,
        0.988010347
      ],
      [
        -0.01130193,
        0.9997677,
        0.0183489863
      ]
    ],
    "translation": [
      1.33157015,
      0.7766062,
      -0.522431
    ]
  },
  {
    "timeStamp": 27063,
    "rotation": [
      [
        -0.97477597,
        0.007921393,
        0.223045021
      ],
      [
        0.222983032,
        -0.00800699648,
        0.974789441
      ],
      [
        0.00950761,
        0.9999366,
        0.006038692
      ]
    ],
    "translation": [
      1.355861,
      0.8122473,
      -0.53395313
    ]
  },
  {
    "timeStamp": 27107,
    "rotation": [
      [
        -0.9615858,
        0.0442423746,
        0.270915866
      ],
      [
        0.271090329,
        -0.00212195562,
        0.9625516
      ],
      [
        0.04316044,
        0.9990186,
        -0.009953237
      ]
    ],
    "translation": [
      1.38372791,
      0.8389926,
      -0.5418898
    ]
  },
  {
    "timeStamp": 27163,
    "rotation": [
      [
        -0.932118535,
        0.112025864,
        0.344391137
      ],
      [
        0.34404853,
        -0.022992393,
        0.938670337
      ],
      [
        0.113073729,
        0.993439257,
        -0.0171106961
      ]
    ],
    "translation": [
      1.41686952,
      0.8748167,
      -0.5518675
    ]
  },
  {
    "timeStamp": 27208,
    "rotation": [
      [
        -0.8961715,
        0.180569962,
        0.405303717
      ],
      [
        0.404044569,
        -0.045396015,
        0.9136121
      ],
      [
        0.183370084,
        0.982513964,
        -0.0322757
      ]
    ],
    "translation": [
      1.44881964,
      0.901156068,
      -0.5584534
    ]
  },
  {
    "timeStamp": 27263,
    "rotation": [
      [
        -0.841093242,
        0.2744474,
        0.466090947
      ],
      [
        0.470582455,
        -0.0535488725,
        0.8807296
      ],
      [
        0.2666726,
        0.960109949,
        -0.08411055
      ]
    ],
    "translation": [
      1.49004269,
      0.933781266,
      -0.557267547
    ]
  },
  {
    "timeStamp": 27307,
    "rotation": [
      [
        -0.7787189,
        0.35354647,
        0.518268049
      ],
      [
        0.525914669,
        -0.082550846,
        0.8465218
      ],
      [
        0.342068255,
        0.9317673,
        -0.121651351
      ]
    ],
    "translation": [
      1.52624035,
      0.957382262,
      -0.55973953
    ]
  },
  {
    "timeStamp": 27363,
    "rotation": [
      [
        -0.6963105,
        0.4506802,
        0.5586044
      ],
      [
        0.5824329,
        -0.100012258,
        0.8067028
      ],
      [
        0.419432282,
        0.8870653,
        -0.192851409
      ]
    ],
    "translation": [
      1.57601357,
      0.9874051,
      -0.5560994
    ]
  },
  {
    "timeStamp": 27408,
    "rotation": [
      [
        -0.62124455,
        0.531956255,
        0.5753936
      ],
      [
        0.621625662,
        -0.1125241,
        0.7751902
      ],
      [
        0.4771129,
        0.8392621,
        -0.260772675
      ]
    ],
    "translation": [
      1.62103367,
      1.0070312,
      -0.5554004
    ]
  },
  {
    "timeStamp": 27463,
    "rotation": [
      [
        -0.5127155,
        0.6342577,
        0.578653634
      ],
      [
        0.673454642,
        -0.120934546,
        0.729269266
      ],
      [
        0.5325238,
        0.763604641,
        -0.365138769
      ]
    ],
    "translation": [
      1.68507051,
      1.037106,
      -0.5444526
    ]
  },
  {
    "timeStamp": 27508,
    "rotation": [
      [
        -0.423468322,
        0.705820441,
        0.567883849
      ],
      [
        0.7136432,
        -0.1262238,
        0.689043462
      ],
      [
        0.5580214,
        0.697054565,
        -0.4502522
      ]
    ],
    "translation": [
      1.74023676,
      1.05997646,
      -0.543099046
    ]
  },
  {
    "timeStamp": 27563,
    "rotation": [
      [
        -0.31964013,
        0.8122213,
        0.487982363
      ],
      [
        0.7423967,
        -0.10534367,
        0.661626637
      ],
      [
        0.5887931,
        0.57375896,
        -0.569318354
      ]
    ],
    "translation": [
      1.82816482,
      1.08548427,
      -0.531614065
    ]
  },
  {
    "timeStamp": 27607,
    "rotation": [
      [
        -0.250350654,
        0.870939255,
        0.422834843
      ],
      [
        0.7467194,
        -0.104282983,
        0.65691334
      ],
      [
        0.616226137,
        0.4801977,
        -0.62424
      ]
    ],
    "translation": [
      1.89238989,
      1.097568,
      -0.537241757
    ]
  },
  {
    "timeStamp": 27663,
    "rotation": [
      [
        -0.182403341,
        0.9316743,
        0.3141847
      ],
      [
        0.7535478,
        -0.07279684,
        0.653350055
      ],
      [
        0.6315811,
        0.355926424,
        -0.688782752
      ]
    ],
    "translation": [
      1.98213768,
      1.11116159,
      -0.54520905
    ]
  },
  {
    "timeStamp": 27707,
    "rotation": [
      [
        -0.169964671,
        0.962192953,
        0.21283032
      ],
      [
        0.716810346,
        -0.0274913721,
        0.6967261
      ],
      [
        0.6762359,
        0.2709778,
        -0.685037255
      ]
    ],
    "translation": [
      2.043074,
      1.1037904,
      -0.5615772
    ]
  },
  {
    "timeStamp": 27763,
    "rotation": [
      [
        -0.158709362,
        0.9822495,
        0.09998621
      ],
      [
        0.66997683,
        0.0327574,
        0.7416589
      ],
      [
        0.725218832,
        0.184696659,
        -0.663283348
      ]
    ],
    "translation": [
      2.118857,
      1.08648014,
      -0.586264
    ]
  },
  {
    "timeStamp": 27807,
    "rotation": [
      [
        -0.1620218,
        0.985498846,
        0.0504070856
      ],
      [
        0.6105173,
        0.0599789619,
        0.7897285
      ],
      [
        0.7752532,
        0.158727631,
        -0.611382
      ]
    ],
    "translation": [
      2.1589458,
      1.06854928,
      -0.6077193
    ]
  },
  {
    "timeStamp": 27863,
    "rotation": [
      [
        -0.17732361,
        0.984142065,
        -0.0045591346
      ],
      [
        0.523139358,
        0.09818155,
        0.8465728
      ],
      [
        0.8335955,
        0.147732288,
        -0.5322534
      ]
    ],
    "translation": [
      2.20259666,
      1.03197134,
      -0.6363936
    ]
  },
  {
    "timeStamp": 27907,
    "rotation": [
      [
        -0.180768132,
        0.983310938,
        0.0205557458
      ],
      [
        0.468591839,
        0.06773104,
        0.8808145
      ],
      [
        0.864722252,
        0.168855444,
        -0.4730151
      ]
    ],
    "translation": [
      2.2150228,
      1.007084,
      -0.651277661
    ]
  },
  {
    "timeStamp": 27959,
    "rotation": [
      [
        -0.197924852,
        0.980209947,
        0.00378961628
      ],
      [
        0.40838027,
        0.07894468,
        0.9093917
      ],
      [
        0.8910956,
        0.18153882,
        -0.415923476
      ]
    ],
    "translation": [
      2.22959614,
      0.9827986,
      -0.6638748
    ]
  },
  {
    "timeStamp": 28003,
    "rotation": [
      [
        -0.212920159,
        0.9769251,
        -0.0168017559
      ],
      [
        0.362620652,
        0.09497749,
        0.927084446
      ],
      [
        0.907287836,
        0.1913023,
        -0.374475837
      ]
    ],
    "translation": [
      2.24510741,
      0.9580091,
      -0.6737039
    ]
  },
  {
    "timeStamp": 28058,
    "rotation": [
      [
        -0.226708069,
        0.973394156,
        0.033276204
      ],
      [
        0.328286737,
        0.0442037955,
        0.943543255
      ],
      [
        0.9169685,
        0.224833,
        -0.329573721
      ]
    ],
    "translation": [
      2.23990774,
      0.9375037,
      -0.679504931
    ]
  },
  {
    "timeStamp": 28113,
    "rotation": [
      [
        -0.26423496,
        0.964273155,
        -0.0188995712
      ],
      [
        0.263169557,
        0.09093975,
        0.9604539
      ],
      [
        0.927858651,
        0.2488117,
        -0.2777968
      ]
    ],
    "translation": [
      2.25601578,
      0.912858367,
      -0.6879008
    ]
  },
  {
    "timeStamp": 28158,
    "rotation": [
      [
        -0.271194577,
        0.961328745,
        0.04796309
      ],
      [
        0.260047942,
        0.0252009742,
        0.965266764
      ],
      [
        0.92673,
        0.274247825,
        -0.256825954
      ]
    ],
    "translation": [
      2.24456763,
      0.9012128,
      -0.6883682
    ]
  },
  {
    "timeStamp": 28213,
    "rotation": [
      [
        -0.28612712,
        0.9580767,
        0.0148406439
      ],
      [
        0.211041465,
        0.047904022,
        0.976302564
      ],
      [
        0.9346618,
        0.282478631,
        -0.21590057
      ]
    ],
    "translation": [
      2.25287867,
      0.8797624,
      -0.6934675
    ]
  },
  {
    "timeStamp": 28258,
    "rotation": [
      [
        -0.289125949,
        0.9559084,
        0.0514321141
      ],
      [
        0.206852451,
        0.009926947,
        0.9783218
      ],
      [
        0.934675455,
        0.2934971,
        -0.200602129
      ]
    ],
    "translation": [
      2.248434,
      0.867620945,
      -0.6924046
    ]
  },
  {
    "timeStamp": 28313,
    "rotation": [
      [
        -0.300127059,
        0.953036845,
        0.040553458
      ],
      [
        0.1688015,
        0.0112198908,
        0.9855862
      ],
      [
        0.938845,
        0.302646577,
        -0.164241433
      ]
    ],
    "translation": [
      2.2478354,
      0.849001646,
      -0.6974493
    ]
  },
  {
    "timeStamp": 28357,
    "rotation": [
      [
        -0.311750978,
        0.9486981,
        0.0527564958
      ],
      [
        0.153246179,
        -0.004593794,
        0.988177359
      ],
      [
        0.937724352,
        0.31615,
        -0.14395225
      ]
    ],
    "translation": [
      2.24472976,
      0.836299539,
      -0.698404253
    ]
  },
  {
    "timeStamp": 28402,
    "rotation": [
      [
        -0.317863822,
        0.9467732,
        0.05082403
      ],
      [
        0.137207031,
        -0.0071072015,
        0.9905169
      ],
      [
        0.938156,
        0.3218229,
        -0.127644822
      ]
    ],
    "translation": [
      2.24341273,
      0.826755762,
      -0.6959944
    ]
  },
  {
    "timeStamp": 28459,
    "rotation": [
      [
        -0.333712876,
        0.9424437,
        0.0208696891
      ],
      [
        0.103137553,
        0.0144965053,
        0.994561434
      ],
      [
        0.937015653,
        0.334050417,
        -0.102039009
      ]
    ],
    "translation": [
      2.248218,
      0.813157,
      -0.6962421
    ]
  },
  {
    "timeStamp": 28505,
    "rotation": [
      [
        -0.346196175,
        0.937994063,
        0.0177577157
      ],
      [
        0.0833832845,
        0.0119109126,
        0.9964464
      ],
      [
        0.9344493,
        0.346446633,
        -0.082336545
      ]
    ],
    "translation": [
      2.24571037,
      0.803362846,
      -0.698713362
    ]
  },
  {
    "timeStamp": 28562,
    "rotation": [
      [
        -0.361805618,
        0.932229161,
        -0.006746112
      ],
      [
        0.05222503,
        0.027492879,
        0.9982568
      ],
      [
        0.93078953,
        0.360822618,
        -0.0586327724
      ]
    ],
    "translation": [
      2.24975538,
      0.792655468,
      -0.702491045
    ]
  },
  {
    "timeStamp": 28607,
    "rotation": [
      [
        -0.377053022,
        0.926134169,
        -0.0103270495
      ],
      [
        0.037755765,
        0.0265101753,
        0.9989353
      ],
      [
        0.925421834,
        0.376261652,
        -0.04496264
      ]
    ],
    "translation": [
      2.24536753,
      0.786476254,
      -0.7056164
    ]
  },
  {
    "timeStamp": 28663,
    "rotation": [
      [
        -0.400505662,
        0.9154969,
        -0.0382175371
      ],
      [
        0.009951957,
        0.04605249,
        0.998889446
      ],
      [
        0.9162402,
        0.399680555,
        -0.0275552683
      ]
    ],
    "translation": [
      2.24828863,
      0.777837157,
      -0.7111563
    ]
  },
  {
    "timeStamp": 28707,
    "rotation": [
      [
        -0.415929973,
        0.9089032,
        -0.029954901
      ],
      [
        0.000377686054,
        0.03311196,
        0.9994516
      ],
      [
        0.9093966,
        0.415690571,
        -0.0141155366
      ]
    ],
    "translation": [
      2.24455214,
      0.771949232,
      -0.714784443
    ]
  },
  {
    "timeStamp": 28762,
    "rotation": [
      [
        -0.43361178,
        0.8999388,
        -0.0457271449
      ],
      [
        -0.0185746048,
        0.04180851,
        0.998953
      ],
      [
        0.900908351,
        0.434007138,
        -0.0014126543
      ]
    ],
    "translation": [
      2.24583626,
      0.765879333,
      -0.7193327
    ]
  },
  {
    "timeStamp": 28806,
    "rotation": [
      [
        -0.447456956,
        0.8929639,
        -0.0489664078
      ],
      [
        -0.02284224,
        0.04332395,
        0.9987999
      ],
      [
        0.8940137,
        0.448038459,
        0.00101169338
      ]
    ],
    "translation": [
      2.24542785,
      0.763067365,
      -0.7213332
    ]
  },
  {
    "timeStamp": 28862,
    "rotation": [
      [
        -0.473012358,
        0.878776252,
        -0.0633376539
      ],
      [
        -0.0398719,
        0.0504640639,
        0.997929633
      ],
      [
        0.8801532,
        0.474558473,
        0.0111683533
      ]
    ],
    "translation": [
      2.24771214,
      0.7588823,
      -0.7257508
    ]
  },
  {
    "timeStamp": 28906,
    "rotation": [
      [
        -0.491675258,
        0.8678865,
        -0.0709124655
      ],
      [
        -0.0499581844,
        0.05318694,
        0.9973341
      ],
      [
        0.8693444,
        0.493907154,
        0.017207332
      ]
    ],
    "translation": [
      2.249864,
      0.756233,
      -0.7279277
    ]
  },
  {
    "timeStamp": 28955,
    "rotation": [
      [
        -0.50844115,
        0.8576217,
        -0.07728243
      ],
      [
        -0.05671846,
        0.05619923,
        0.9968072
      ],
      [
        0.859226763,
        0.5112012,
        0.0200689826
      ]
    ],
    "translation": [
      2.25173759,
      0.7540699,
      -0.7302096
    ]
  },
  {
    "timeStamp": 29005,
    "rotation": [
      [
        -0.521235,
        0.850412667,
        -0.07150086
      ],
      [
        -0.059837807,
        0.0471576862,
        0.997093558
      ],
      [
        0.8513128,
        0.5239985,
        0.0263065919
      ]
    ],
    "translation": [
      2.25263977,
      0.750975,
      -0.732104361
    ]
  },
  {
    "timeStamp": 29061,
    "rotation": [
      [
        -0.53471607,
        0.8423197,
        -0.06764791
      ],
      [
        -0.0660345554,
        0.0381579,
        0.9970875
      ],
      [
        0.842447758,
        0.5376258,
        0.0352185667
      ]
    ],
    "translation": [
      2.25188923,
      0.7478552,
      -0.735275269
    ]
  },
  {
    "timeStamp": 29105,
    "rotation": [
      [
        -0.5410079,
        0.8385238,
        -0.06471657
      ],
      [
        -0.0691666752,
        0.0323281847,
        0.997081161
      ],
      [
        0.838168442,
        0.543905,
        0.0405081026
      ]
    ],
    "translation": [
      2.251665,
      0.7451087,
      -0.73801136
    ]
  },
  {
    "timeStamp": 29160,
    "rotation": [
      [
        -0.539273,
        0.8395574,
        -0.06578772
      ],
      [
        -0.07439042,
        0.0303235389,
        0.996768057
      ],
      [
        0.838838935,
        0.5424241,
        0.04610236
      ]
    ],
    "translation": [
      2.2519877,
      0.7419837,
      -0.7410245
    ]
  },
  {
    "timeStamp": 29205,
    "rotation": [
      [
        -0.537679434,
        0.840886831,
        -0.0617261678
      ],
      [
        -0.07147156,
        0.0274901837,
        0.997063756
      ],
      [
        0.8401146,
        0.5405123,
        0.04531859
      ]
    ],
    "translation": [
      2.25163412,
      0.7408824,
      -0.7419046
    ]
  },
  {
    "timeStamp": 29261,
    "rotation": [
      [
        -0.5407823,
        0.8389439,
        -0.06105464
      ],
      [
        -0.07373809,
        0.0250231288,
        0.9969637
      ],
      [
        0.837924361,
        0.5436423,
        0.0483300649
      ]
    ],
    "translation": [
      2.25152421,
      0.738201,
      -0.7437493
    ]
  },
  {
    "timeStamp": 29305,
    "rotation": [
      [
        -0.5408622,
        0.83896935,
        -0.0599878058
      ],
      [
        -0.07471986,
        0.0231127571,
        0.9969367
      ],
      [
        0.8377858,
        0.543687642,
        0.0501868539
      ]
    ],
    "translation": [
      2.25203252,
      0.7362318,
      -0.745106339
    ]
  },
  {
    "timeStamp": 29362,
    "rotation": [
      [
        -0.544527769,
        0.836746037,
        -0.05784146
      ],
      [
        -0.07116026,
        0.0226248428,
        0.9972083
      ],
      [
        0.835718751,
        0.5471236,
        0.0472232066
      ]
    ],
    "translation": [
      2.25054765,
      0.7352729,
      -0.7453455
    ]
  },
  {
    "timeStamp": 29406,
    "rotation": [
      [
        -0.5521691,
        0.8317977,
        -0.056761723
      ],
      [
        -0.07086446,
        0.02101147,
        0.9972646
      ],
      [
        0.8307151,
        0.5546811,
        0.0473430157
      ]
    ],
    "translation": [
      2.250033,
      0.7346484,
      -0.7452476
    ]
  },
  {
    "timeStamp": 29462,
    "rotation": [
      [
        -0.5642566,
        0.822768152,
        -0.06831473
      ],
      [
        -0.0724145845,
        0.0331046171,
        0.996825039
      ],
      [
        0.822417438,
        0.567412138,
        0.0409009159
      ]
    ],
    "translation": [
      2.25223279,
      0.732925057,
      -0.744679868
    ]
  },
  {
    "timeStamp": 29507,
    "rotation": [
      [
        -0.5770867,
        0.8148276,
        -0.0550167076
      ],
      [
        -0.05804134,
        0.0262755509,
        0.9979683
      ],
      [
        0.814617753,
        0.5791075,
        0.0321304165
      ]
    ],
    "translation": [
      2.24843454,
      0.7330791,
      -0.7432207
    ]
  },
  {
    "timeStamp": 29562,
    "rotation": [
      [
        -0.592387736,
        0.803510368,
        -0.0587177
      ],
      [
        -0.0520526171,
        0.0345579162,
        0.9980462
      ],
      [
        0.8039697,
        0.5942868,
        0.0213531349
      ]
    ],
    "translation": [
      2.24841046,
      0.7324691,
      -0.7416701
    ]
  },
  {
    "timeStamp": 29606,
    "rotation": [
      [
        -0.605090857,
        0.7944791,
        -0.05165253
      ],
      [
        -0.0437852442,
        0.0315718353,
        0.998541951
      ],
      [
        0.7949515,
        0.6064702,
        0.0156826321
      ]
    ],
    "translation": [
      2.24546218,
      0.7315662,
      -0.7399518
    ]
  },
  {
    "timeStamp": 29662,
    "rotation": [
      [
        -0.634636343,
        0.7712568,
        -0.0489865
      ],
      [
        -0.0344804823,
        0.0350657,
        0.99879
      ],
      [
        0.7720414,
        0.635557532,
        0.004339339
      ]
    ],
    "translation": [
      2.245107,
      0.730517149,
      -0.7375415
    ]
  },
  {
    "timeStamp": 29707,
    "rotation": [
      [
        -0.655749261,
        0.753131032,
        -0.0527878664
      ],
      [
        -0.0255291574,
        0.0477601849,
        0.998532534
      ],
      [
        0.754547,
        0.6561346,
        -0.012091903
      ]
    ],
    "translation": [
      2.24538445,
      0.7297812,
      -0.7340316
    ]
  },
  {
    "timeStamp": 29762,
    "rotation": [
      [
        -0.681317449,
        0.729190648,
        -0.06393372
      ],
      [
        -0.0373221077,
        0.0526231751,
        0.997916758
      ],
      [
        0.731035948,
        0.682284236,
        -0.008638156
      ]
    ],
    "translation": [
      2.247282,
      0.727411449,
      -0.7335524
    ]
  },
  {
    "timeStamp": 29806,
    "rotation": [
      [
        -0.70518446,
        0.7062018,
        -0.06319783
      ],
      [
        -0.03436759,
        0.0549833626,
        0.997895658
      ],
      [
        0.7081905,
        0.7058724,
        -0.0145029565
      ]
    ],
    "translation": [
      2.24694037,
      0.726020455,
      -0.731657147
    ]
  },
  {
    "timeStamp": 29862,
    "rotation": [
      [
        -0.73144275,
        0.678303063,
        -0.06997526
      ],
      [
        -0.0354193,
        0.064687185,
        0.997276843
      ],
      [
        0.6809824,
        0.731929362,
        -0.0232899524
      ]
    ],
    "translation": [
      2.24855,
      0.7253815,
      -0.729180753
    ]
  },
  {
    "timeStamp": 29906,
    "rotation": [
      [
        -0.738366067,
        0.6702959,
        -0.07428972
      ],
      [
        -0.03754243,
        0.06913278,
        0.9969008
      ],
      [
        0.6733544,
        0.738866746,
        -0.025880767
      ]
    ],
    "translation": [
      2.24772954,
      0.7251377,
      -0.729223847
    ]
  },
  {
    "timeStamp": 29962,
    "rotation": [
      [
        -0.7845415,
        0.6155083,
        -0.07512789
      ],
      [
        -0.0328074619,
        0.0797860846,
        0.996271968
      ],
      [
        0.619207859,
        0.784081459,
        -0.0424022265
      ]
    ],
    "translation": [
      2.24859428,
      0.7249706,
      -0.7256337
    ]
  },
  {
    "timeStamp": 30006,
    "rotation": [
      [
        -0.8033492,
        0.591001332,
        -0.07312634
      ],
      [
        -0.0250933468,
        0.08909236,
        0.9957072
      ],
      [
        0.5949793,
        0.8017356,
        -0.0567420721
      ]
    ],
    "translation": [
      2.247119,
      0.7246599,
      -0.723198
    ]
  },
  {
    "timeStamp": 30062,
    "rotation": [
      [
        -0.8071275,
        0.586339056,
        -0.068932876
      ],
      [
        -0.02388002,
        0.08424119,
        0.9961592
      ],
      [
        0.589894056,
        0.8056736,
        -0.05399159
      ]
    ],
    "translation": [
      2.247071,
      0.724482,
      -0.723130047
    ]
  },
  {
    "timeStamp": 30106,
    "rotation": [
      [
        -0.8193194,
        0.5697329,
        -0.06418795
      ],
      [
        -0.0205004569,
        0.08277166,
        0.9963577
      ],
      [
        0.5729706,
        0.8176511,
        -0.05613664
      ]
    ],
    "translation": [
      2.24725723,
      0.72426784,
      -0.72172904
    ]
  },
  {
    "timeStamp": 30162,
    "rotation": [
      [
        -0.85733813,
        0.51151675,
        -0.05763638
      ],
      [
        -0.017160343,
        0.08350527,
        0.9963596
      ],
      [
        0.514467537,
        0.855206132,
        -0.06281445
      ]
    ],
    "translation": [
      2.24742079,
      0.7241106,
      -0.717558444
    ]
  },
  {
    "timeStamp": 30206,
    "rotation": [
      [
        -0.869041,
        0.491886437,
        -0.0530607477
      ],
      [
        -0.0164638944,
        0.07843733,
        0.9967831
      ],
      [
        0.494466037,
        0.867118955,
        -0.06006689
      ]
    ],
    "translation": [
      2.24732733,
      0.723972738,
      -0.7169779
    ]
  },
  {
    "timeStamp": 30262,
    "rotation": [
      [
        -0.8777566,
        0.47668463,
        -0.04811595
      ],
      [
        -0.0134320091,
        0.07590501,
        0.9970246
      ],
      [
        0.478918523,
        0.8757912,
        -0.0602232926
      ]
    ],
    "translation": [
      2.24726129,
      0.7237338,
      -0.716344357
    ]
  },
  {
    "timeStamp": 30306,
    "rotation": [
      [
        -0.8820364,
        0.468985677,
        -0.04543449
      ],
      [
        -0.014745404,
        0.06890524,
        0.997514248
      ],
      [
        0.470950544,
        0.8805138,
        -0.0538615435
      ]
    ],
    "translation": [
      2.24720025,
      0.7237271,
      -0.716255
    ]
  },
  {
    "timeStamp": 30362,
    "rotation": [
      [
        -0.899149537,
        0.434635341,
        -0.05120701
      ],
      [
        -0.0181707181,
        0.07982993,
        0.9966429
      ],
      [
        0.437264025,
        0.897061467,
        -0.06388141
      ]
    ],
    "translation": [
      2.24815488,
      0.7241557,
      -0.7137162
    ]
  },
  {
    "timeStamp": 30406,
    "rotation": [
      [
        -0.9590636,
        0.26075235,
        -0.110477269
      ],
      [
        -0.07751104,
        0.1335164,
        0.9880108
      ],
      [
        0.2723767,
        0.9561284,
        -0.107839532
      ]
    ],
    "translation": [
      2.26024342,
      0.728740454,
      -0.700701356
    ]
  },
  {
    "timeStamp": 30461,
    "rotation": [
      [
        -0.963749468,
        0.234269291,
        -0.1276905
      ],
      [
        -0.09641683,
        0.1404465,
        0.985382438
      ],
      [
        0.248778552,
        0.9619733,
        -0.112767734
      ]
    ],
    "translation": [
      2.26752925,
      0.7332593,
      -0.6968723
    ]
  },
  {
    "timeStamp": 30506,
    "rotation": [
      [
        -0.9655954,
        0.235553011,
        -0.110182814
      ],
      [
        -0.08034676,
        0.132734433,
        0.987889647
      ],
      [
        0.24732545,
        0.962754548,
        -0.109241836
      ]
    ],
    "translation": [
      2.26735425,
      0.737085,
      -0.695271
    ]
  },
  {
    "timeStamp": 30562,
    "rotation": [
      [
        -0.97146225,
        0.200501084,
        -0.126729667
      ],
      [
        -0.09898817,
        0.142832756,
        0.9847843
      ],
      [
        0.215551481,
        0.9692255,
        -0.118909396
      ]
    ],
    "translation": [
      2.2683537,
      0.7436385,
      -0.691854537
    ]
  },
  {
    "timeStamp": 30606,
    "rotation": [
      [
        -0.976133645,
        0.188587531,
        -0.107693419
      ],
      [
        -0.08429442,
        0.127996266,
        0.988185942
      ],
      [
        0.200143874,
        0.9736795,
        -0.109044582
      ]
    ],
    "translation": [
      2.268548,
      0.746129751,
      -0.692191958
    ]
  },
  {
    "timeStamp": 30662,
    "rotation": [
      [
        -0.9792073,
        0.163427785,
        -0.120185263
      ],
      [
        -0.100478314,
        0.123947211,
        0.9871885
      ],
      [
        0.176230684,
        0.9787382,
        -0.104949057
      ]
    ],
    "translation": [
      2.2690115,
      0.745863557,
      -0.695756435
    ]
  },
  {
    "timeStamp": 30706,
    "rotation": [
      [
        -0.9824342,
        0.1472808,
        -0.114592291
      ],
      [
        -0.09859058,
        0.111720741,
        0.9888369
      ],
      [
        0.158439025,
        0.9827649,
        -0.0952377841
      ]
    ],
    "translation": [
      2.26901937,
      0.745408654,
      -0.699873567
    ]
  },
  {
    "timeStamp": 30762,
    "rotation": [
      [
        -0.9859329,
        0.131837472,
        -0.102738082
      ],
      [
        -0.08868622,
        0.108369224,
        0.9901469
      ],
      [
        0.141672134,
        0.985329866,
        -0.09515262
      ]
    ],
    "translation": [
      2.26543713,
      0.7448518,
      -0.701821148
    ]
  },
  {
    "timeStamp": 30806,
    "rotation": [
      [
        -0.988543034,
        0.12046703,
        -0.09094182
      ],
      [
        -0.07799708,
        0.108132623,
        0.991072059
      ],
      [
        0.129225269,
        0.986810565,
        -0.09749768
      ]
    ],
    "translation": [
      2.2612617,
      0.7450146,
      -0.7029363
    ]
  },
  {
    "timeStamp": 30862,
    "rotation": [
      [
        -0.9913845,
        0.107773341,
        -0.0744431242
      ],
      [
        -0.06349508,
        0.101678945,
        0.9927889
      ],
      [
        0.114565447,
        0.9889623,
        -0.0939598456
      ]
    ],
    "translation": [
      2.25475836,
      0.7449362,
      -0.705601454
    ]
  },
  {
    "timeStamp": 30906,
    "rotation": [
      [
        -0.9926451,
        0.09828348,
        -0.0706827343
      ],
      [
        -0.0607423522,
        0.100695387,
        0.9930613
      ],
      [
        0.104718968,
        0.990050852,
        -0.09398481
      ]
    ],
    "translation": [
      2.25150347,
      0.7430682,
      -0.7072294
    ]
  },
  {
    "timeStamp": 30961,
    "rotation": [
      [
        -0.994046867,
        0.0872677639,
        -0.06523203
      ],
      [
        -0.057722427,
        0.08597158,
        0.9946241
      ],
      [
        0.09240669,
        0.9924683,
        -0.0804224759
      ]
    ],
    "translation": [
      2.24743843,
      0.7386056,
      -0.713467538
    ]
  },
  {
    "timeStamp": 31006,
    "rotation": [
      [
        -0.9947894,
        0.07299388,
        -0.071175456
      ],
      [
        -0.06549145,
        0.07751134,
        0.9948381
      ],
      [
        0.07813399,
        0.9943158,
        -0.07232699
      ]
    ],
    "translation": [
      2.24751663,
      0.733444452,
      -0.7183006
    ]
  },
  {
    "timeStamp": 31061,
    "rotation": [
      [
        -0.9949604,
        0.0603468269,
        -0.08007534
      ],
      [
        -0.0746941939,
        0.08669168,
        0.9934311
      ],
      [
        0.06689227,
        0.994405746,
        -0.08174723
      ]
    ],
    "translation": [
      2.24901271,
      0.7278733,
      -0.7180501
    ]
  },
  {
    "timeStamp": 31106,
    "rotation": [
      [
        -0.9936173,
        0.07865954,
        -0.08085393
      ],
      [
        -0.07417511,
        0.08441598,
        0.993665934
      ],
      [
        0.08498668,
        0.993321,
        -0.0780426
      ]
    ],
    "translation": [
      2.24917245,
      0.7275256,
      -0.71916014
    ]
  }
]