[
  {
    "timeStamp": 20122,
    "rotation": [
      [
        -0.999964058,
        0.00592523534,
        -0.00606638426
      ],
      [
        0.00599999027,
        0.999905348,
        -0.0123796817
      ],
      [
        0.00599245774,
        -0.0124156345,
        -0.999904931
      ]
    ],
    "translation": [
      1.60748875,
      0.733238,
      -0.360927254
    ]
  },
  {
    "timeStamp": 20168,
    "rotation": [
      [
        -0.999946237,
        0.008468374,
        -0.005991878
      ],
      [
        0.008637805,
        0.9995467,
        -0.0288398564
      ],
      [
        0.00574493548,
        -0.0288900621,
        -0.9995661
      ]
    ],
    "translation": [
      1.60757065,
      0.7342416,
      -0.361499757
    ]
  },
  {
    "timeStamp": 20222,
    "rotation": [
      [
        -0.998982549,
        -0.0236124229,
        -0.0384229943
      ],
      [
        -0.0240766145,
        0.9996421,
        0.0116634741
      ],
      [
        0.0381338373,
        0.0125767021,
        -0.9991935
      ]
    ],
    "translation": [
      1.60778475,
      0.73629427,
      -0.3581797
    ]
  },
  {
    "timeStamp": 20266,
    "rotation": [
      [
        -0.9896992,
        0.10261301,
        -0.09983059
      ],
      [
        0.101659611,
        0.994712055,
        0.0146043515
      ],
      [
        0.100801289,
        0.00430517644,
        -0.9948973
      ]
    ],
    "translation": [
      1.601437,
      0.777397454,
      -0.353168637
    ]
  },
  {
    "timeStamp": 20322,
    "rotation": [
      [
        -0.9592238,
        0.238906249,
        -0.151041329
      ],
      [
        0.243892416,
        0.9696844,
        -0.0151199549
      ],
      [
        0.142850175,
        -0.0513412543,
        -0.9884118
      ]
    ],
    "translation": [
      1.59869146,
      0.8403206,
      -0.352002
    ]
  },
  {
    "timeStamp": 20366,
    "rotation": [
      [
        -0.9141155,
        0.3480018,
        -0.2080567
      ],
      [
        0.3595924,
        0.9329058,
        -0.0194949843
      ],
      [
        0.18731302,
        -0.09263627,
        -0.9779225
      ]
    ],
    "translation": [
      1.60690176,
      0.8944066,
      -0.354371518
    ]
  },
  {
    "timeStamp": 20422,
    "rotation": [
      [
        -0.8351494,
        0.47184813,
        -0.282638937
      ],
      [
        0.496798247,
        0.867647648,
        -0.01946944
      ],
      [
        0.236044392,
        -0.156674415,
        -0.9590288
      ]
    ],
    "translation": [
      1.62993026,
      0.9645984,
      -0.3670091
    ]
  },
  {
    "timeStamp": 20466,
    "rotation": [
      [
        -0.7651177,
        0.5176696,
        -0.3829008
      ],
      [
        0.5684904,
        0.822334051,
        -0.024196066
      ],
      [
        0.3023468,
        -0.236188263,
        -0.9234725
      ]
    ],
    "translation": [
      1.65915358,
      1.01213717,
      -0.376780033
    ]
  },
  {
    "timeStamp": 20522,
    "rotation": [
      [
        -0.6794699,
        0.552043557,
        -0.4832892
      ],
      [
        0.6297813,
        0.776770234,
        0.0018489986
      ],
      [
        0.376425415,
        -0.303110182,
        -0.8754588
      ]
    ],
    "translation": [
      1.70482516,
      1.06125319,
      -0.39780888
    ]
  },
  {
    "timeStamp": 20566,
    "rotation": [
      [
        -0.6103637,
        0.518055141,
        -0.5992287
      ],
      [
        0.644414,
        0.7646624,
        0.00468997844
      ],
      [
        0.4606373,
        -0.383288771,
        -0.80056417
      ]
    ],
    "translation": [
      1.75004089,
      1.09176588,
      -0.412852168
    ]
  },
  {
    "timeStamp": 20622,
    "rotation": [
      [
        -0.488921,
        0.443535447,
        -0.7511542
      ],
      [
        0.6369028,
        0.769903064,
        0.0400505848
      ],
      [
        0.5960797,
        -0.4588306,
        -0.658910751
      ]
    ],
    "translation": [
      1.81775463,
      1.11331367,
      -0.430404127
    ]
  },
  {
    "timeStamp": 20666,
    "rotation": [
      [
        -0.392277747,
        0.3549609,
        -0.8485994
      ],
      [
        0.6148892,
        0.787323534,
        0.0450880826
      ],
      [
        0.6841268,
        -0.504107535,
        -0.5271111
      ]
    ],
    "translation": [
      1.87469625,
      1.12124193,
      -0.447533429
    ]
  },
  {
    "timeStamp": 20722,
    "rotation": [
      [
        -0.281863153,
        0.205945939,
        -0.937090933
      ],
      [
        0.5869002,
        0.809658051,
        0.00140887848
      ],
      [
        0.7590134,
        -0.549581766,
        -0.34908247
      ]
    ],
    "translation": [
      1.94676363,
      1.12367678,
      -0.4748598
    ]
  },
  {
    "timeStamp": 20766,
    "rotation": [
      [
        -0.193632975,
        0.0166049618,
        -0.980933547
      ],
      [
        0.514076054,
        0.8533178,
        -0.0870321542
      ],
      [
        0.8356029,
        -0.521126747,
        -0.173766673
      ]
    ],
    "translation": [
      2.01055932,
      1.11095631,
      -0.497830659
    ]
  },
  {
    "timeStamp": 20821,
    "rotation": [
      [
        -0.0684178,
        -0.08153224,
        -0.9943196
      ],
      [
        0.408136666,
        0.907152,
        -0.102468006
      ],
      [
        0.9103535,
        -0.412828922,
        -0.0287890546
      ]
    ],
    "translation": [
      2.07570028,
      1.088963,
      -0.534530759
    ]
  },
  {
    "timeStamp": 20866,
    "rotation": [
      [
        0.000271273748,
        -0.115003049,
        -0.9933651
      ],
      [
        0.311668724,
        0.9438962,
        -0.109190859
      ],
      [
        0.950190842,
        -0.3095712,
        0.03609891
      ]
    ],
    "translation": [
      2.1145997,
      1.06792414,
      -0.5669715
    ]
  },
  {
    "timeStamp": 20922,
    "rotation": [
      [
        0.0338385925,
        -0.138204128,
        -0.989825547
      ],
      [
        0.222570911,
        0.966563463,
        -0.127347261
      ],
      [
        0.9743291,
        -0.215997115,
        0.06346736
      ]
    ],
    "translation": [
      2.141057,
      1.040373,
      -0.6029049
    ]
  },
  {
    "timeStamp": 20969,
    "rotation": [
      [
        0.0388945639,
        -0.140329242,
        -0.989340663
      ],
      [
        0.169740111,
        0.9766284,
        -0.131853029
      ],
      [
        0.984721065,
        -0.162802428,
        0.06180504
      ]
    ],
    "translation": [
      2.149304,
      1.02038717,
      -0.626917839
    ]
  },
  {
    "timeStamp": 21016,
    "rotation": [
      [
        0.0111525,
        -0.08506772,
        -0.9963128
      ],
      [
        0.125581861,
        0.9886049,
        -0.08300386
      ],
      [
        0.992020547,
        -0.1241931,
        0.0217083786
      ]
    ],
    "translation": [
      2.142137,
      0.9979696,
      -0.6482772
    ]
  },
  {
    "timeStamp": 21072,
    "rotation": [
      [
        -0.0266103726,
        -0.10055422,
        -0.9945756
      ],
      [
        0.08939847,
        0.990702033,
        -0.102554485
      ],
      [
        0.995640457,
        -0.09164256,
        -0.0173735563
      ]
    ],
    "translation": [
      2.13476729,
      0.9755676,
      -0.6616277
    ]
  },
  {
    "timeStamp": 21116,
    "rotation": [
      [
        -0.0150660528,
        -0.07179927,
        -0.997305334
      ],
      [
        0.08016507,
        0.994120955,
        -0.0727810562
      ],
      [
        0.996667743,
        -0.0810455754,
        -0.009221684
      ]
    ],
    "translation": [
      2.13154554,
      0.9614539,
      -0.666722059
    ]
  },
  {
    "timeStamp": 21172,
    "rotation": [
      [
        -0.0277355481,
        -0.07274313,
        -0.996965
      ],
      [
        0.0272666458,
        0.9969225,
        -0.07349859
      ],
      [
        0.9992433,
        -0.0292224139,
        -0.02566673
      ]
    ],
    "translation": [
      2.12526774,
      0.940470636,
      -0.6729888
    ]
  },
  {
    "timeStamp": 21216,
    "rotation": [
      [
        -0.017684,
        -0.06753348,
        -0.997560263
      ],
      [
        0.0165232867,
        0.997560263,
        -0.06782639
      ],
      [
        0.9997071,
        -0.0176824182,
        -0.01652498
      ]
    ],
    "translation": [
      2.1235404,
      0.9323544,
      -0.6753457
    ]
  },
  {
    "timeStamp": 21271,
    "rotation": [
      [
        0.008780922,
        -0.07671466,
        -0.997014463
      ],
      [
        -0.006808878,
        0.9970252,
        -0.07677545
      ],
      [
        0.99993825,
        0.00746270828,
        0.008232459
      ]
    ],
    "translation": [
      2.128395,
      0.924841464,
      -0.6794131
    ]
  },
  {
    "timeStamp": 21316,
    "rotation": [
      [
        0.0263020359,
        -0.06455346,
        -0.9975676
      ],
      [
        -0.00567986537,
        0.9978871,
        -0.064723894
      ],
      [
        0.9996379,
        0.00736841932,
        0.0258798059
      ]
    ],
    "translation": [
      2.12950373,
      0.9226281,
      -0.6814752
    ]
  },
  {
    "timeStamp": 21371,
    "rotation": [
      [
        0.04601803,
        -0.0534247942,
        -0.9975109
      ],
      [
        -0.0180471633,
        0.9983614,
        -0.05430291
      ],
      [
        0.998777568,
        0.0205011554,
        0.04497846
      ]
    ],
    "translation": [
      2.130693,
      0.917418838,
      -0.6836212
    ]
  },
  {
    "timeStamp": 21416,
    "rotation": [
      [
        0.05386093,
        -0.06756166,
        -0.9962602
      ],
      [
        -0.0164726414,
        0.9975125,
        -0.06853715
      ],
      [
        0.9984126,
        0.020102514,
        0.0526140332
      ]
    ],
    "translation": [
      2.13270259,
      0.914315045,
      -0.6838224
    ]
  },
  {
    "timeStamp": 21462,
    "rotation": [
      [
        0.0569131933,
        -0.05308359,
        -0.9969669
      ],
      [
        -0.0274296273,
        0.9981253,
        -0.0547111332
      ],
      [
        0.998002231,
        0.0304602161,
        0.0553504378
      ]
    ],
    "translation": [
      2.131153,
      0.9093594,
      -0.6845838
    ]
  },
  {
    "timeStamp": 21519,
    "rotation": [
      [
        0.05967236,
        -0.04870133,
        -0.9970293
      ],
      [
        -0.0393392257,
        0.9979185,
        -0.0510992259
      ],
      [
        0.997442544,
        0.0422715731,
        0.05763228
      ]
    ],
    "translation": [
      2.12998366,
      0.905053,
      -0.6851364
    ]
  },
  {
    "timeStamp": 21565,
    "rotation": [
      [
        0.0620050542,
        -0.0520278029,
        -0.9967189
      ],
      [
        -0.0489488654,
        0.99728024,
        -0.05510217
      ],
      [
        0.9968748,
        0.05220487,
        0.05928971
      ]
    ],
    "translation": [
      2.12922859,
      0.902774334,
      -0.686630368
    ]
  },
  {
    "timeStamp": 21621,
    "rotation": [
      [
        0.0571617074,
        -0.0420221873,
        -0.997480154
      ],
      [
        -0.0488646179,
        0.997798562,
        -0.0448358431
      ],
      [
        0.997168362,
        0.0513043776,
        0.05498247
      ]
    ],
    "translation": [
      2.12642384,
      0.9015237,
      -0.6868361
    ]
  },
  {
    "timeStamp": 21666,
    "rotation": [
      [
        0.0561141558,
        -0.04606308,
        -0.997361243
      ],
      [
        -0.04513943,
        0.997796655,
        -0.0486228541
      ],
      [
        0.997403443,
        0.04774875,
        0.05391126
      ]
    ],
    "translation": [
      2.12601757,
      0.9009037,
      -0.687275
    ]
  },
  {
    "timeStamp": 21721,
    "rotation": [
      [
        0.054451555,
        -0.049548354,
        -0.9972863
      ],
      [
        -0.0397880375,
        0.997867167,
        -0.051749628
      ],
      [
        0.9977234,
        0.0424979143,
        0.0523639843
      ]
    ],
    "translation": [
      2.12535524,
      0.900126338,
      -0.6880969
    ]
  },
  {
    "timeStamp": 21765,
    "rotation": [
      [
        0.05202537,
        -0.05944426,
        -0.996875
      ],
      [
        -0.0405414142,
        0.997278154,
        -0.0615840964
      ],
      [
        0.9978225,
        0.0436186567,
        0.04947381
      ]
    ],
    "translation": [
      2.1244247,
      0.9002093,
      -0.688539267
    ]
  },
  {
    "timeStamp": 21821,
    "rotation": [
      [
        0.05268102,
        -0.06201305,
        -0.996684
      ],
      [
        -0.0464863628,
        0.9968357,
        -0.06447958
      ],
      [
        0.9975288,
        0.0497290678,
        0.0496315621
      ]
    ],
    "translation": [
      2.12403631,
      0.9001386,
      -0.689239562
    ]
  }
]