[
  {
    "timeStamp": 60248,
    "rotation": [
      [
        0.9999989,
        0.0013385606,
        -0.000597880164
      ],
      [
        -0.00128816208,
        0.9969874,
        0.07755287
      ],
      [
        0.0006998882,
        -0.07755201,
        0.996988058
      ]
    ],
    "translation": [
      1.61602461,
      0.69366163,
      -0.619509
    ]
  },
  {
    "timeStamp": 60295,
    "rotation": [
      [
        0.99993813,
        0.00578713324,
        0.009497595
      ],
      [
        -0.006245065,
        0.99878335,
        0.0489161871
      ],
      [
        -0.009202955,
        -0.0489724725,
        0.9987577
      ]
    ],
    "translation": [
      1.62164021,
      0.694711447,
      -0.6229077
    ]
  },
  {
    "timeStamp": 60348,
    "rotation": [
      [
        0.995209455,
        0.07529408,
        0.0623615347
      ],
      [
        -0.07890167,
        0.9952192,
        0.05756086
      ],
      [
        -0.0577294044,
        -0.0622055419,
        0.996392369
      ]
    ],
    "translation": [
      1.62666273,
      0.7050321,
      -0.631109238
    ]
  },
  {
    "timeStamp": 60392,
    "rotation": [
      [
        0.9831502,
        0.145498917,
        0.110660926
      ],
      [
        -0.153708339,
        0.9856595,
        0.06963603
      ],
      [
        -0.09894203,
        -0.08547218,
        0.9914156
      ]
    ],
    "translation": [
      1.6317724,
      0.7225206,
      -0.636913955
    ]
  },
  {
    "timeStamp": 60448,
    "rotation": [
      [
        0.941476,
        0.26390478,
        0.2097073
      ],
      [
        -0.286995947,
        0.953875363,
        0.0880632848
      ],
      [
        -0.176794291,
        -0.143094614,
        0.9737904
      ]
    ],
    "translation": [
      1.64530659,
      0.755316138,
      -0.642177761
    ]
  },
  {
    "timeStamp": 60503,
    "rotation": [
      [
        0.87061733,
        0.360903,
        0.334326833
      ],
      [
        -0.41907075,
        0.900024831,
        0.11972896
      ],
      [
        -0.2576919,
        -0.2443447,
        0.9348211
      ]
    ],
    "translation": [
      1.66755128,
      0.7931005,
      -0.6442858
    ]
  },
  {
    "timeStamp": 60548,
    "rotation": [
      [
        0.7785217,
        0.4002553,
        0.483425
      ],
      [
        -0.526144445,
        0.8361454,
        0.155025542
      ],
      [
        -0.3421638,
        -0.3750421,
        0.8615494
      ]
    ],
    "translation": [
      1.69445562,
      0.8259485,
      -0.640574932
    ]
  },
  {
    "timeStamp": 60592,
    "rotation": [
      [
        0.65704757,
        0.408537626,
        0.6335499
      ],
      [
        -0.63441515,
        0.753617465,
        0.171983019
      ],
      [
        -0.407192767,
        -0.5149347,
        0.75434494
      ]
    ],
    "translation": [
      1.72964907,
      0.8639499,
      -0.635171235
    ]
  },
  {
    "timeStamp": 60648,
    "rotation": [
      [
        0.5193814,
        0.3353735,
        0.7859819
      ],
      [
        -0.749259233,
        0.621005654,
        0.230135709
      ],
      [
        -0.410917819,
        -0.708432436,
        0.573820531
      ]
    ],
    "translation": [
      1.7840997,
      0.91154325,
      -0.6320212
    ]
  },
  {
    "timeStamp": 60692,
    "rotation": [
      [
        0.404675335,
        0.219266936,
        0.887783647
      ],
      [
        -0.828770459,
        0.498256654,
        0.254714966
      ],
      [
        -0.386493564,
        -0.8388458,
        0.3833542
      ]
    ],
    "translation": [
      1.83803523,
      0.9510238,
      -0.6338792
    ]
  },
  {
    "timeStamp": 60748,
    "rotation": [
      [
        0.335532039,
        0.0474854,
        0.9408312
      ],
      [
        -0.875183642,
        0.385218859,
        0.292677253
      ],
      [
        -0.348528057,
        -0.9216027,
        0.170811713
      ]
    ],
    "translation": [
      1.90447545,
      0.9890099,
      -0.6470398
    ]
  },
  {
    "timeStamp": 60792,
    "rotation": [
      [
        0.273646444,
        -0.0943492353,
        0.957191646
      ],
      [
        -0.910734951,
        0.294628233,
        0.289406329
      ],
      [
        -0.309321,
        -0.950943,
        -0.00530317845
      ]
    ],
    "translation": [
      1.96063673,
      1.01490307,
      -0.6615353
    ]
  },
  {
    "timeStamp": 60848,
    "rotation": [
      [
        0.141863063,
        -0.165459991,
        0.975959957
      ],
      [
        -0.950618744,
        0.252166629,
        0.180930763
      ],
      [
        -0.276041329,
        -0.9534332,
        -0.121516243
      ]
    ],
    "translation": [
      2.02493644,
      1.03647888,
      -0.686266541
    ]
  },
  {
    "timeStamp": 60893,
    "rotation": [
      [
        0.0464342,
        -0.310163468,
        0.949548542
      ],
      [
        -0.9743261,
        0.195575833,
        0.11152935
      ],
      [
        -0.220301092,
        -0.9303487,
        -0.293118954
      ]
    ],
    "translation": [
      2.078794,
      1.04701984,
      -0.7113837
    ]
  },
  {
    "timeStamp": 60948,
    "rotation": [
      [
        0.03602221,
        -0.428320885,
        0.902908444
      ],
      [
        -0.9774471,
        0.173025563,
        0.1210757
      ],
      [
        -0.208085477,
        -0.8869066,
        -0.41242826
      ]
    ],
    "translation": [
      2.1331203,
      1.044249,
      -0.741946
    ]
  },
  {
    "timeStamp": 60999,
    "rotation": [
      [
        -0.022544615,
        -0.5212185,
        0.853125453
      ],
      [
        -0.978137732,
        0.187958166,
        0.08898519
      ],
      [
        -0.206732616,
        -0.832468033,
        -0.5140609
      ]
    ],
    "translation": [
      2.17652321,
      1.02936053,
      -0.7646195
    ]
  },
  {
    "timeStamp": 61043,
    "rotation": [
      [
        -0.085720405,
        -0.5218792,
        0.8487015
      ],
      [
        -0.9742073,
        0.222373188,
        0.0383438654
      ],
      [
        -0.208739325,
        -0.823524356,
        -0.5274804
      ]
    ],
    "translation": [
      2.20123053,
      1.0096072,
      -0.77445817
    ]
  },
  {
    "timeStamp": 61099,
    "rotation": [
      [
        -0.07353797,
        -0.510097265,
        0.85696733
      ],
      [
        -0.97606343,
        0.21316725,
        0.043126855
      ],
      [
        -0.204676256,
        -0.833283,
        -0.513563156
      ]
    ],
    "translation": [
      2.21687031,
      0.9918854,
      -0.7769788
    ]
  },
  {
    "timeStamp": 61143,
    "rotation": [
      [
        -0.09440593,
        -0.46933645,
        0.877958357
      ],
      [
        -0.97637403,
        0.215837359,
        0.0103932573
      ],
      [
        -0.194374129,
        -0.85623455,
        -0.478624254
      ]
    ],
    "translation": [
      2.222139,
      0.9807129,
      -0.772084951
    ]
  },
  {
    "timeStamp": 61199,
    "rotation": [
      [
        -0.09638754,
        -0.4301698,
        0.897587538
      ],
      [
        -0.9807713,
        0.194793507,
        -0.011965245
      ],
      [
        -0.169697136,
        -0.8814814,
        -0.440673828
      ]
    ],
    "translation": [
      2.22681117,
      0.970789,
      -0.7626416
    ]
  },
  {
    "timeStamp": 61243,
    "rotation": [
      [
        -0.0926944762,
        -0.439980417,
        0.8932105
      ],
      [
        -0.983295441,
        0.181580067,
        -0.0125999153
      ],
      [
        -0.1566455,
        -0.8794578,
        -0.4494622
      ]
    ],
    "translation": [
      2.232668,
      0.9660322,
      -0.7540313
    ]
  },
  {
    "timeStamp": 61298,
    "rotation": [
      [
        -0.106258504,
        -0.4353395,
        0.89397347
      ],
      [
        -0.98423636,
        0.1738813,
        -0.0323120058
      ],
      [
        -0.1413786,
        -0.8833146,
        -0.446953326
      ]
    ],
    "translation": [
      2.239204,
      0.958884239,
      -0.74482137
    ]
  },
  {
    "timeStamp": 61343,
    "rotation": [
      [
        -0.125869229,
        -0.4451665,
        0.8865573
      ],
      [
        -0.981115341,
        0.1881612,
        -0.0448128581
      ],
      [
        -0.146866485,
        -0.875455439,
        -0.460443348
      ]
    ],
    "translation": [
      2.244851,
      0.9488559,
      -0.740227461
    ]
  },
  {
    "timeStamp": 61399,
    "rotation": [
      [
        -0.176386952,
        -0.445262164,
        0.8778549
      ],
      [
        -0.9728518,
        0.21460627,
        -0.086622864
      ],
      [
        -0.1498233,
        -0.869301856,
        -0.471027821
      ]
    ],
    "translation": [
      2.2496686,
      0.9344966,
      -0.7390764
    ]
  },
  {
    "timeStamp": 61444,
    "rotation": [
      [
        -0.202095971,
        -0.433691561,
        0.8781052
      ],
      [
        -0.966044247,
        0.235656679,
        -0.105945557
      ],
      [
        -0.160983652,
        -0.869699657,
        -0.466590524
      ]
    ],
    "translation": [
      2.250067,
      0.9247511,
      -0.7394385
    ]
  }
]