[
  {
    "timeStamp": 9925,
    "rotation": [
      [
        0.02781081,
        0.999613166,
        -3.97580079E-05
      ],
      [
        0.0121592106,
        -0.0002985179,
        0.999926031
      ],
      [
        0.9995392,
        -0.0278092362,
        -0.0121628093
      ]
    ],
    "translation": [
      1.30717981,
      0.701207757,
      -0.48934406
    ]
  },
  {
    "timeStamp": 9981,
    "rotation": [
      [
        0.06688982,
        0.997707248,
        0.0102984551
      ],
      [
        0.06786943,
        -0.0148473876,
        0.997583747
      ],
      [
        0.9954494,
        -0.06602926,
        -0.06870696
      ]
    ],
    "translation": [
      1.3064996,
      0.7026205,
      -0.479136378
    ]
  },
  {
    "timeStamp": 10025,
    "rotation": [
      [
        0.07712298,
        0.996445656,
        0.0338834934
      ],
      [
        0.09305803,
        -0.0410305522,
        0.994814932
      ],
      [
        0.9926693,
        -0.0735699758,
        -0.09589167
      ]
    ],
    "translation": [
      1.30438876,
      0.7072712,
      -0.4721521
    ]
  },
  {
    "timeStamp": 10080,
    "rotation": [
      [
        0.0797811151,
        0.99587816,
        0.0431476422
      ],
      [
        0.111554965,
        -0.0519337729,
        0.9924003
      ],
      [
        0.9905506,
        -0.07436146,
        -0.11523848
      ]
    ],
    "translation": [
      1.31192851,
      0.7174529,
      -0.471891463
    ]
  },
  {
    "timeStamp": 10125,
    "rotation": [
      [
        0.08523924,
        0.994353,
        0.06321645
      ],
      [
        0.118243337,
        -0.07309439,
        0.9902907
      ],
      [
        0.9893193,
        -0.07693668,
        -0.123806126
      ]
    ],
    "translation": [
      1.32010233,
      0.730932832,
      -0.4746474
    ]
  },
  {
    "timeStamp": 10180,
    "rotation": [
      [
        0.09880614,
        0.9891704,
        0.108532824
      ],
      [
        0.101320222,
        -0.118499972,
        0.9877712
      ],
      [
        0.98993516,
        -0.0866012946,
        -0.111931488
      ]
    ],
    "translation": [
      1.33177614,
      0.7535928,
      -0.485301316
    ]
  },
  {
    "timeStamp": 10225,
    "rotation": [
      [
        0.112556063,
        0.9831776,
        0.143850431
      ],
      [
        0.09719675,
        -0.154970169,
        0.983126163
      ],
      [
        0.988880157,
        -0.09667502,
        -0.1130045
      ]
    ],
    "translation": [
      1.34588408,
      0.7729562,
      -0.494092017
    ]
  },
  {
    "timeStamp": 10281,
    "rotation": [
      [
        0.1349693,
        0.9723218,
        0.190718532
      ],
      [
        0.106386185,
        -0.205587581,
        0.972839
      ],
      [
        0.985121965,
        -0.111013569,
        -0.131189615
      ]
    ],
    "translation": [
      1.36793947,
      0.800199449,
      -0.5021012
    ]
  },
  {
    "timeStamp": 10325,
    "rotation": [
      [
        0.172246814,
        0.956394851,
        0.235881165
      ],
      [
        0.09813761,
        -0.25492996,
        0.9619666
      ],
      [
        0.9801531,
        -0.142546847,
        -0.137769178
      ]
    ],
    "translation": [
      1.38681614,
      0.825241446,
      -0.5075478
    ]
  },
  {
    "timeStamp": 10373,
    "rotation": [
      [
        0.212446645,
        0.9360182,
        0.280599922
      ],
      [
        0.0982262641,
        -0.3061564,
        0.9469001
      ],
      [
        0.9722232,
        -0.173603475,
        -0.15698348
      ]
    ],
    "translation": [
      1.40834248,
      0.851281,
      -0.5082386
    ]
  },
  {
    "timeStamp": 10424,
    "rotation": [
      [
        0.2815981,
        0.9020793,
        0.3270405
      ],
      [
        0.106485173,
        -0.368107349,
        0.923665464
      ],
      [
        0.9536055,
        -0.225277469,
        -0.1997164
      ]
    ],
    "translation": [
      1.44335032,
      0.88388133,
      -0.5032773
    ]
  },
  {
    "timeStamp": 10479,
    "rotation": [
      [
        0.388487577,
        0.8453115,
        0.366777629
      ],
      [
        0.109050415,
        -0.437421829,
        0.8926198
      ],
      [
        0.9149784,
        -0.306774437,
        -0.262114525
      ]
    ],
    "translation": [
      1.48481512,
      0.919573069,
      -0.48719877
    ]
  },
  {
    "timeStamp": 10524,
    "rotation": [
      [
        0.485037863,
        0.790210247,
        0.374574542
      ],
      [
        0.129066542,
        -0.4883298,
        0.8630619
      ],
      [
        0.864916265,
        -0.370272666,
        -0.338848144
      ]
    ],
    "translation": [
      1.52715528,
      0.947883368,
      -0.466217
    ]
  },
  {
    "timeStamp": 10579,
    "rotation": [
      [
        0.6042351,
        0.7056157,
        0.370143622
      ],
      [
        0.1319044,
        -0.5467034,
        0.8268716
      ],
      [
        0.7858124,
        -0.450801253,
        -0.4234112
      ]
    ],
    "translation": [
      1.58941627,
      0.9807501,
      -0.4421429
    ]
  },
  {
    "timeStamp": 10624,
    "rotation": [
      [
        0.702312231,
        0.628554761,
        0.334180355
      ],
      [
        0.123150833,
        -0.5696407,
        0.812615156
      ],
      [
        0.7011358,
        -0.529554963,
        -0.477472663
      ]
    ],
    "translation": [
      1.64919424,
      0.9993239,
      -0.424336046
    ]
  },
  {
    "timeStamp": 10680,
    "rotation": [
      [
        0.7991757,
        0.538486063,
        0.267116249
      ],
      [
        0.117289372,
        -0.575535536,
        0.80932194
      ],
      [
        0.5895435,
        -0.6154605,
        -0.523112655
      ]
    ],
    "translation": [
      1.73154736,
      1.01322722,
      -0.410013974
    ]
  },
  {
    "timeStamp": 10724,
    "rotation": [
      [
        0.8522916,
        0.489884317,
        0.183337092
      ],
      [
        0.145387962,
        -0.5585607,
        0.8166225
      ],
      [
        0.5024555,
        -0.669345438,
        -0.547279835
      ]
    ],
    "translation": [
      1.80124485,
      1.01578629,
      -0.405179381
    ]
  },
  {
    "timeStamp": 10780,
    "rotation": [
      [
        0.8948881,
        0.438103318,
        0.08509251
      ],
      [
        0.17915839,
        -0.527281,
        0.8305884
      ],
      [
        0.4087512,
        -0.7280386,
        -0.5503473
      ]
    ],
    "translation": [
      1.884847,
      1.013011,
      -0.409252
    ]
  },
  {
    "timeStamp": 10824,
    "rotation": [
      [
        0.921185136,
        0.387169451,
        0.0389575139
      ],
      [
        0.176302329,
        -0.5045189,
        0.8452089
      ],
      [
        0.346893877,
        -0.7717256,
        -0.5330143
      ]
    ],
    "translation": [
      1.94248617,
      1.0078038,
      -0.4204144
    ]
  },
  {
    "timeStamp": 10880,
    "rotation": [
      [
        0.939942658,
        0.340068728,
        -0.0293429531
      ],
      [
        0.1955207,
        -0.46595642,
        0.8629347
      ],
      [
        0.27978456,
        -0.8168463,
        -0.504462838
      ]
    ],
    "translation": [
      2.00765324,
      0.998156667,
      -0.437997222
    ]
  },
  {
    "timeStamp": 10925,
    "rotation": [
      [
        0.9483062,
        0.30936566,
        -0.07076816
      ],
      [
        0.202367976,
        -0.417703748,
        0.88576
      ],
      [
        0.244463623,
        -0.8542929,
        -0.45871678
      ]
    ],
    "translation": [
      2.05076337,
      0.9838947,
      -0.4568862
    ]
  },
  {
    "timeStamp": 10980,
    "rotation": [
      [
        0.9591749,
        0.265409619,
        -0.09767953
      ],
      [
        0.196937174,
        -0.378934354,
        0.904225945
      ],
      [
        0.202976152,
        -0.8865475,
        -0.415733337
      ]
    ],
    "translation": [
      2.09209657,
      0.9668255,
      -0.478968322
    ]
  },
  {
    "timeStamp": 11024,
    "rotation": [
      [
        0.965183,
        0.23461321,
        -0.115665115
      ],
      [
        0.191637948,
        -0.3332694,
        0.923150241
      ],
      [
        0.178035587,
        -0.913174748,
        -0.36662674
      ]
    ],
    "translation": [
      2.11574864,
      0.9484743,
      -0.497825384
    ]
  },
  {
    "timeStamp": 11080,
    "rotation": [
      [
        0.9690354,
        0.2112321,
        -0.1278727
      ],
      [
        0.18743366,
        -0.292127132,
        0.937832832
      ],
      [
        0.160745323,
        -0.932760835,
        -0.322673529
      ]
    ],
    "translation": [
      2.13566947,
      0.9260379,
      -0.516610146
    ]
  },
  {
    "timeStamp": 11125,
    "rotation": [
      [
        0.973558366,
        0.191081226,
        -0.125187933
      ],
      [
        0.174221784,
        -0.2666221,
        0.9479237
      ],
      [
        0.147752553,
        -0.944669545,
        -0.2928627
      ]
    ],
    "translation": [
      2.14476681,
      0.908574,
      -0.5290102
    ]
  },
  {
    "timeStamp": 11180,
    "rotation": [
      [
        0.979456365,
        0.16777271,
        -0.111881427
      ],
      [
        0.1498154,
        -0.23401995,
        0.960619569
      ],
      [
        0.134983242,
        -0.9576465,
        -0.2543473
      ]
    ],
    "translation": [
      2.148812,
      0.8867621,
      -0.5420636
    ]
  },
  {
    "timeStamp": 11225,
    "rotation": [
      [
        0.982905865,
        0.151695237,
        -0.104329392
      ],
      [
        0.139402837,
        -0.2430492,
        0.9599447
      ],
      [
        0.120261848,
        -0.9580791,
        -0.260041237
      ]
    ],
    "translation": [
      2.149327,
      0.8742744,
      -0.547490954
    ]
  },
  {
    "timeStamp": 11280,
    "rotation": [
      [
        0.994944632,
        0.08201209,
        -0.05795845
      ],
      [
        0.08118849,
        -0.317203373,
        0.9448759
      ],
      [
        0.05910663,
        -0.9448048,
        -0.322258234
      ]
    ],
    "translation": [
      2.145566,
      0.867943,
      -0.5454645
    ]
  },
  {
    "timeStamp": 11324,
    "rotation": [
      [
        0.9945343,
        0.09410875,
        -0.0452213176
      ],
      [
        0.0782289952,
        -0.3847905,
        0.9196828
      ],
      [
        0.0691494644,
        -0.918193758,
        -0.390049428
      ]
    ],
    "translation": [
      2.146098,
      0.864305258,
      -0.544055462
    ]
  },
  {
    "timeStamp": 11380,
    "rotation": [
      [
        0.9845006,
        0.168137833,
        -0.0498825945
      ],
      [
        0.12352296,
        -0.4628463,
        0.877790034
      ],
      [
        0.124501735,
        -0.8703464,
        -0.476441324
      ]
    ],
    "translation": [
      2.15013385,
      0.8592192,
      -0.5422256
    ]
  },
  {
    "timeStamp": 11424,
    "rotation": [
      [
        0.952403665,
        0.296274543,
        -0.07175402
      ],
      [
        0.215252548,
        -0.486939579,
        0.8464964
      ],
      [
        0.215855449,
        -0.8216515,
        -0.527536869
      ]
    ],
    "translation": [
      2.15722847,
      0.856179,
      -0.5407761
    ]
  },
  {
    "timeStamp": 11480,
    "rotation": [
      [
        0.930616,
        0.360176742,
        -0.0650122
      ],
      [
        0.245415315,
        -0.482311338,
        0.8409204
      ],
      [
        0.271523863,
        -0.798528969,
        -0.537239552
      ]
    ],
    "translation": [
      2.16101933,
      0.8557792,
      -0.540568769
    ]
  },
  {
    "timeStamp": 11524,
    "rotation": [
      [
        0.9264279,
        0.37253654,
        -0.0542940274
      ],
      [
        0.237196416,
        -0.465601146,
        0.8526156
      ],
      [
        0.2923511,
        -0.80276525,
        -0.519710243
      ]
    ],
    "translation": [
      2.16172528,
      0.856856763,
      -0.5412625
    ]
  },
  {
    "timeStamp": 11580,
    "rotation": [
      [
        0.937145948,
        0.344678879,
        -0.0543509237
      ],
      [
        0.211297482,
        -0.436601251,
        0.874489963
      ],
      [
        0.277688533,
        -0.8310089,
        -0.481988877
      ]
    ],
    "translation": [
      2.160044,
      0.8589182,
      -0.5425442
    ]
  },
  {
    "timeStamp": 11624,
    "rotation": [
      [
        0.926723957,
        0.3672808,
        -0.0792940557
      ],
      [
        0.229374036,
        -0.385833651,
        0.893599451
      ],
      [
        0.29760763,
        -0.846308,
        -0.441805959
      ]
    ],
    "translation": [
      2.16123557,
      0.8612074,
      -0.5435948
    ]
  },
  {
    "timeStamp": 11680,
    "rotation": [
      [
        0.9458635,
        0.3107723,
        -0.0936095938
      ],
      [
        0.201527044,
        -0.3362608,
        0.919954062
      ],
      [
        0.254419,
        -0.889015853,
        -0.380685866
      ]
    ],
    "translation": [
      2.15799642,
      0.8644232,
      -0.5451544
    ]
  },
  {
    "timeStamp": 11724,
    "rotation": [
      [
        0.9777218,
        0.192187741,
        -0.0844028741
      ],
      [
        0.1432855,
        -0.317237258,
        0.93745923
      ],
      [
        0.153392449,
        -0.9286681,
        -0.33770752
      ]
    ],
    "translation": [
      2.15123272,
      0.868243039,
      -0.545731068
    ]
  },
  {
    "timeStamp": 11780,
    "rotation": [
      [
        0.9489897,
        0.294942319,
        -0.111479491
      ],
      [
        0.188285559,
        -0.246487975,
        0.9506799
      ],
      [
        0.2529174,
        -0.923175335,
        -0.289447933
      ]
    ],
    "translation": [
      2.152741,
      0.8731607,
      -0.5498426
    ]
  },
  {
    "timeStamp": 11824,
    "rotation": [
      [
        0.8333495,
        0.5415403,
        -0.110736415
      ],
      [
        0.235748023,
        -0.167017058,
        0.9573548
      ],
      [
        0.499951363,
        -0.823917031,
        -0.26685065
      ]
    ],
    "translation": [
      2.149741,
      0.8804194,
      -0.562172
    ]
  },
  {
    "timeStamp": 11880,
    "rotation": [
      [
        0.736634552,
        0.657735765,
        -0.15733175
      ],
      [
        0.2755712,
        -0.07947425,
        0.957989752
      ],
      [
        0.6176003,
        -0.7490445,
        -0.2397965
      ]
    ],
    "translation": [
      2.156856,
      0.8812448,
      -0.5720297
    ]
  },
  {
    "timeStamp": 11924,
    "rotation": [
      [
        0.616028368,
        0.7614776,
        -0.201645657
      ],
      [
        0.315729946,
        -0.004161807,
        0.948839962
      ],
      [
        0.7216812,
        -0.648177862,
        -0.24298507
      ]
    ],
    "translation": [
      2.1677506,
      0.8781229,
      -0.576252
    ]
  },
  {
    "timeStamp": 11979,
    "rotation": [
      [
        0.5054415,
        0.8324218,
        -0.227162823
      ],
      [
        0.36701104,
        0.0308637749,
        0.9297044
      ],
      [
        0.7809173,
        -0.55328244,
        -0.289908141
      ]
    ],
    "translation": [
      2.17574215,
      0.8753332,
      -0.571658969
    ]
  },
  {
    "timeStamp": 12024,
    "rotation": [
      [
        0.4153011,
        0.8885092,
        -0.19513163
      ],
      [
        0.346957117,
        0.04357962,
        0.936867952
      ],
      [
        0.840919554,
        -0.456784636,
        -0.290175945
      ]
    ],
    "translation": [
      2.16997385,
      0.867801964,
      -0.571531355
    ]
  },
  {
    "timeStamp": 12079,
    "rotation": [
      [
        0.375934839,
        0.915697157,
        -0.142027318
      ],
      [
        0.328827769,
        0.0114682782,
        0.944320261
      ],
      [
        0.86634016,
        -0.4017054,
        -0.2967953
      ]
    ],
    "translation": [
      2.16468525,
      0.857920051,
      -0.5624919
    ]
  },
  {
    "timeStamp": 12124,
    "rotation": [
      [
        0.3454526,
        0.932935953,
        -0.101454556
      ],
      [
        0.2778422,
        0.00158479647,
        0.9606254
      ],
      [
        0.8963627,
        -0.3600389,
        -0.2586615
      ]
    ],
    "translation": [
      2.156019,
      0.845554948,
      -0.566685557
    ]
  },
  {
    "timeStamp": 12179,
    "rotation": [
      [
        0.293253481,
        0.948488951,
        -0.11987932
      ],
      [
        0.245291933,
        0.046547886,
        0.9683311
      ],
      [
        0.924031436,
        -0.3133719,
        -0.21900636
      ]
    ],
    "translation": [
      2.16253066,
      0.8275974,
      -0.566740632
    ]
  },
  {
    "timeStamp": 12224,
    "rotation": [
      [
        0.238771781,
        0.967038155,
        -0.08846063
      ],
      [
        0.221212864,
        0.0345338732,
        0.9746139
      ],
      [
        0.9455437,
        -0.252278924,
        -0.205675572
      ]
    ],
    "translation": [
      2.15813613,
      0.816834331,
      -0.565434
    ]
  },
  {
    "timeStamp": 12280,
    "rotation": [
      [
        0.194533765,
        0.9780253,
        -0.07498723
      ],
      [
        0.1997312,
        0.0353508145,
        0.9792128
      ],
      [
        0.9603458,
        -0.205467254,
        -0.188465253
      ]
    ],
    "translation": [
      2.15593815,
      0.8052075,
      -0.563133657
    ]
  },
  {
    "timeStamp": 12324,
    "rotation": [
      [
        0.12135753,
        0.9884199,
        -0.09109585
      ],
      [
        0.192797989,
        0.06655413,
        0.9789788
      ],
      [
        0.973704934,
        -0.136369526,
        -0.182488516
      ]
    ],
    "translation": [
      2.16222763,
      0.7945999,
      -0.5593815
    ]
  },
  {
    "timeStamp": 12379,
    "rotation": [
      [
        0.0649728253,
        0.988967836,
        -0.133120984
      ],
      [
        0.206689179,
        0.117172569,
        0.9713651
      ],
      [
        0.976246953,
        -0.0906270146,
        -0.1967959
      ]
    ],
    "translation": [
      2.1778,
      0.7814074,
      -0.5488358
    ]
  },
  {
    "timeStamp": 12424,
    "rotation": [
      [
        0.0519080348,
        0.988856852,
        -0.139526591
      ],
      [
        0.195245311,
        0.126969755,
        0.972500861
      ],
      [
        0.979379833,
        -0.07772253,
        -0.186478913
      ]
    ],
    "translation": [
      2.18326354,
      0.7747917,
      -0.542438149
    ]
  },
  {
    "timeStamp": 12479,
    "rotation": [
      [
        0.03219428,
        0.9892497,
        -0.142648354
      ],
      [
        0.189278692,
        0.134105265,
        0.97272265
      ],
      [
        0.9813955,
        -0.0583164,
        -0.182926461
      ]
    ],
    "translation": [
      2.18859458,
      0.7684821,
      -0.5341166
    ]
  },
  {
    "timeStamp": 12524,
    "rotation": [
      [
        0.0163964666,
        0.9883146,
        -0.1515429
      ],
      [
        0.177922234,
        0.146260381,
        0.9731144
      ],
      [
        0.983907938,
        -0.04291849,
        -0.173445
      ]
    ],
    "translation": [
      2.19505334,
      0.763106465,
      -0.5304375
    ]
  },
  {
    "timeStamp": 12579,
    "rotation": [
      [
        0.00971221,
        0.9881932,
        -0.152904689
      ],
      [
        0.152531892,
        0.149658367,
        0.9769014
      ],
      [
        0.9882508,
        -0.0328107253,
        -0.149277464
      ]
    ],
    "translation": [
      2.201044,
      0.7566576,
      -0.5293011
    ]
  },
  {
    "timeStamp": 12624,
    "rotation": [
      [
        0.0134731773,
        0.989658535,
        -0.142809182
      ],
      [
        0.138182878,
        0.13960892,
        0.9805176
      ],
      [
        0.9903151,
        -0.0329444855,
        -0.1348729
      ]
    ],
    "translation": [
      2.20194221,
      0.753178,
      -0.5278344
    ]
  },
  {
    "timeStamp": 12679,
    "rotation": [
      [
        -0.00466733053,
        0.992486656,
        -0.122263804
      ],
      [
        0.12325228,
        0.121903844,
        0.9848595
      ],
      [
        0.992364347,
        -0.01047265,
        -0.1228952
      ]
    ],
    "translation": [
      2.20243526,
      0.750758231,
      -0.525993466
    ]
  },
  {
    "timeStamp": 12724,
    "rotation": [
      [
        -0.02059519,
        0.9932512,
        -0.114139736
      ],
      [
        0.110142842,
        0.115723118,
        0.987155855
      ],
      [
        0.993702352,
        0.00775897037,
        -0.111782849
      ]
    ],
    "translation": [
      2.20304346,
      0.749613643,
      -0.5247148
    ]
  },
  {
    "timeStamp": 12780,
    "rotation": [
      [
        -0.0443118252,
        0.993278,
        -0.106935821
      ],
      [
        0.09613025,
        0.110783651,
        0.9891845
      ],
      [
        0.994381964,
        0.03355281,
        -0.100393087
      ]
    ],
    "translation": [
      2.204311,
      0.7459929,
      -0.523075
    ]
  },
  {
    "timeStamp": 12824,
    "rotation": [
      [
        -0.04083909,
        0.9943524,
        -0.09795649
      ],
      [
        0.08804973,
        0.101238407,
        0.990958154
      ],
      [
        0.995278537,
        0.0318448022,
        -0.09168695
      ]
    ],
    "translation": [
      2.20500731,
      0.7417113,
      -0.523088753
    ]
  },
  {
    "timeStamp": 12879,
    "rotation": [
      [
        -0.0337478,
        0.994934261,
        -0.09469377
      ],
      [
        0.0772421658,
        0.09706085,
        0.9922766
      ],
      [
        0.996441066,
        0.0261728149,
        -0.08012647
      ]
    ],
    "translation": [
      2.20748472,
      0.7329495,
      -0.5234957
    ]
  }
]