[
  {
    "timeStamp": 50106,
    "rotation": [
      [
        -0.509206653,
        0.856385946,
        0.08550829
      ],
      [
        -0.070451,
        -0.140497,
        0.9875714
      ],
      [
        0.8577559,
        0.4968538,
        0.131875247
      ]
    ],
    "translation": [
      1.6193893,
      0.700549066,
      -0.3618202
    ]
  },
  {
    "timeStamp": 50162,
    "rotation": [
      [
        -0.511463046,
        0.857468545,
        0.0561532453
      ],
      [
        -0.08706261,
        -0.116720356,
        0.989341438
      ],
      [
        0.854883432,
        0.5011227,
        0.1343516
      ]
    ],
    "translation": [
      1.61944556,
      0.703871369,
      -0.361825645
    ]
  },
  {
    "timeStamp": 50206,
    "rotation": [
      [
        -0.518790364,
        0.849106967,
        0.0993674248
      ],
      [
        -0.040500477,
        -0.140512913,
        0.9892501
      ],
      [
        0.8539416,
        0.50918895,
        0.107285976
      ]
    ],
    "translation": [
      1.61395645,
      0.7141341,
      -0.366575778
    ]
  },
  {
    "timeStamp": 50264,
    "rotation": [
      [
        -0.5531301,
        0.82343,
        0.126531541
      ],
      [
        0.030310953,
        -0.131889373,
        0.9908009
      ],
      [
        0.8325433,
        0.5518771,
        0.04799303
      ]
    ],
    "translation": [
      1.61030567,
      0.738875568,
      -0.3732862
    ]
  },
  {
    "timeStamp": 50306,
    "rotation": [
      [
        -0.5790748,
        0.8019332,
        0.146885991
      ],
      [
        0.07342074,
        -0.128139392,
        0.9890347
      ],
      [
        0.811961651,
        0.583509564,
        0.0153237656
      ]
    ],
    "translation": [
      1.61291075,
      0.758730769,
      -0.386159241
    ]
  },
  {
    "timeStamp": 50362,
    "rotation": [
      [
        -0.5927113,
        0.7892246,
        0.16067943
      ],
      [
        0.117499731,
        -0.112633742,
        0.986664832
      ],
      [
        0.7967981,
        0.603687167,
        -0.0259743854
      ]
    ],
    "translation": [
      1.62690234,
      0.7837968,
      -0.4027431
    ]
  },
  {
    "timeStamp": 50407,
    "rotation": [
      [
        -0.58233285,
        0.790617168,
        0.189242989
      ],
      [
        0.152817369,
        -0.12217661,
        0.9806731
      ],
      [
        0.7984581,
        0.5999978,
        -0.0496725924
      ]
    ],
    "translation": [
      1.64417338,
      0.8044698,
      -0.417536557
    ]
  },
  {
    "timeStamp": 50462,
    "rotation": [
      [
        -0.5707388,
        0.7940579,
        0.209115267
      ],
      [
        0.191820383,
        -0.118689507,
        0.9742267
      ],
      [
        0.798412263,
        0.596141636,
        -0.08457579
      ]
    ],
    "translation": [
      1.67346358,
      0.83008194,
      -0.435225666
    ]
  },
  {
    "timeStamp": 50506,
    "rotation": [
      [
        -0.5271755,
        0.816257536,
        0.236240685
      ],
      [
        0.227229029,
        -0.132473886,
        0.9647889
      ],
      [
        0.8188119,
        0.5622938,
        -0.115640409
      ]
    ],
    "translation": [
      1.70374441,
      0.85005486,
      -0.448942482
    ]
  },
  {
    "timeStamp": 50562,
    "rotation": [
      [
        -0.489631027,
        0.8388802,
        0.23778452
      ],
      [
        0.2603432,
        -0.119616576,
        0.9580779
      ],
      [
        0.8321555,
        0.53101027,
        -0.159828767
      ]
    ],
    "translation": [
      1.74493313,
      0.873276949,
      -0.464406759
    ]
  },
  {
    "timeStamp": 50605,
    "rotation": [
      [
        -0.432950824,
        0.8661126,
        0.2498051
      ],
      [
        0.290046424,
        -0.12853384,
        0.9483418
      ],
      [
        0.853479147,
        0.483040422,
        -0.195564017
      ]
    ],
    "translation": [
      1.78124964,
      0.8913651,
      -0.477183223
    ]
  },
  {
    "timeStamp": 50661,
    "rotation": [
      [
        -0.3661662,
        0.897703767,
        0.245051473
      ],
      [
        0.3284163,
        -0.12172626,
        0.936656535
      ],
      [
        0.8706693,
        0.423450857,
        -0.250248522
      ]
    ],
    "translation": [
      1.82908392,
      0.913792431,
      -0.49235037
    ]
  },
  {
    "timeStamp": 50705,
    "rotation": [
      [
        -0.3024613,
        0.9252088,
        0.22914128
      ],
      [
        0.3616765,
        -0.111019313,
        0.9256699
      ],
      [
        0.881877065,
        0.362854362,
        -0.301047266
      ]
    ],
    "translation": [
      1.87051165,
      0.929944932,
      -0.5043378
    ]
  },
  {
    "timeStamp": 50761,
    "rotation": [
      [
        -0.218155086,
        0.9593826,
        0.178866878
      ],
      [
        0.3871559,
        -0.08316344,
        0.918256044
      ],
      [
        0.895834,
        0.2695716,
        -0.3532881
      ]
    ],
    "translation": [
      1.92528653,
      0.9453462,
      -0.520513
    ]
  },
  {
    "timeStamp": 50805,
    "rotation": [
      [
        -0.160900891,
        0.9777977,
        0.134248033
      ],
      [
        0.40046,
        -0.0596423447,
        0.914371133
      ],
      [
        0.90207684,
        0.2008841,
        -0.381972373
      ]
    ],
    "translation": [
      1.967333,
      0.95331955,
      -0.535015643
    ]
  },
  {
    "timeStamp": 50861,
    "rotation": [
      [
        -0.104377009,
        0.9921463,
        0.0689286441
      ],
      [
        0.3892909,
        -0.0230191369,
        0.9208272
      ],
      [
        0.915182,
        0.122946478,
        -0.383830845
      ]
    ],
    "translation": [
      2.01607728,
      0.9556433,
      -0.555248737
    ]
  },
  {
    "timeStamp": 50905,
    "rotation": [
      [
        -0.07994478,
        0.996223152,
        0.0338865258
      ],
      [
        0.369511664,
        -0.001955027,
        0.929224
      ],
      [
        0.9257807,
        0.0868080854,
        -0.3679598
      ]
    ],
    "translation": [
      2.04725933,
      0.951468349,
      -0.5708167
    ]
  },
  {
    "timeStamp": 50961,
    "rotation": [
      [
        -0.0467415228,
        0.99848634,
        0.0289853513
      ],
      [
        0.3654303,
        -0.009913393,
        0.9307859
      ],
      [
        0.9296644,
        0.05409848,
        -0.3644138
      ]
    ],
    "translation": [
      2.07759976,
      0.9435964,
      -0.5860233
    ]
  },
  {
    "timeStamp": 51006,
    "rotation": [
      [
        -0.0434428938,
        0.9990359,
        0.006331766
      ],
      [
        0.340062827,
        0.008827677,
        0.940361261
      ],
      [
        0.939398766,
        0.0430052131,
        -0.340118468
      ]
    ],
    "translation": [
      2.09620285,
      0.9336788,
      -0.595276058
    ]
  },
  {
    "timeStamp": 51062,
    "rotation": [
      [
        -0.0554215573,
        0.9983109,
        0.0174274035
      ],
      [
        0.323495239,
        0.00144073286,
        0.9462287
      ],
      [
        0.94460535,
        0.0580791533,
        -0.323028654
      ]
    ],
    "translation": [
      2.108665,
      0.921196163,
      -0.601069331
    ]
  },
  {
    "timeStamp": 51106,
    "rotation": [
      [
        -0.06734259,
        0.9977266,
        -0.00253597018
      ],
      [
        0.310153157,
        0.0233497843,
        0.9503998
      ],
      [
        0.948298454,
        0.0632158443,
        -0.311020523
      ]
    ],
    "translation": [
      2.117949,
      0.912010968,
      -0.6029094
    ]
  },
  {
    "timeStamp": 51161,
    "rotation": [
      [
        -0.07505864,
        0.9971116,
        0.0116021931
      ],
      [
        0.293743342,
        0.0109900991,
        0.955821157
      ],
      [
        0.952932835,
        0.0751507059,
        -0.2937198
      ]
    ],
    "translation": [
      2.12359571,
      0.9003412,
      -0.60217464
    ]
  },
  {
    "timeStamp": 51206,
    "rotation": [
      [
        -0.0824212357,
        0.996366,
        0.02148248
      ],
      [
        0.287590981,
        0.00314020785,
        0.9577482
      ],
      [
        0.954200268,
        0.08511695,
        -0.286804676
      ]
    ],
    "translation": [
      2.12556434,
      0.893473864,
      -0.600675
    ]
  },
  {
    "timeStamp": 51261,
    "rotation": [
      [
        -0.09551818,
        0.9953312,
        0.0138544338
      ],
      [
        0.2665798,
        0.01216801,
        0.963736057
      ],
      [
        0.95906806,
        0.09574763,
        -0.266497463
      ]
    ],
    "translation": [
      2.12634277,
      0.885604739,
      -0.5990599
    ]
  },
  {
    "timeStamp": 51306,
    "rotation": [
      [
        -0.09397366,
        0.995556056,
        0.00609553047
      ],
      [
        0.267352164,
        0.0193375312,
        0.963404834
      ],
      [
        0.959005654,
        0.09216433,
        -0.267981261
      ]
    ],
    "translation": [
      2.12834382,
      0.8808337,
      -0.5975377
    ]
  }
]