[
  {
    "timeStamp": 45886,
    "rotation": [
      [
        0.9912064,
        0.124143958,
        0.0458046943
      ],
      [
        0.04276933,
        0.02700752,
        -0.9987199
      ],
      [
        -0.1252221,
        0.99189657,
        0.0214604735
      ]
    ],
    "translation": [
      1.47116351,
      0.6984977,
      -0.758082747
    ]
  },
  {
    "timeStamp": 45942,
    "rotation": [
      [
        0.9816094,
        0.187858,
        0.03394768
      ],
      [
        0.0134566044,
        0.109295778,
        -0.9939182
      ],
      [
        -0.190425828,
        0.9760963,
        0.104757831
      ]
    ],
    "translation": [
      1.46936584,
      0.702183,
      -0.7472041
    ]
  },
  {
    "timeStamp": 45991,
    "rotation": [
      [
        0.9732314,
        0.229782373,
        -0.00455741072
      ],
      [
        -0.0304962881,
        0.109460317,
        -0.99352324
      ],
      [
        -0.227795273,
        0.967066944,
        0.113537721
      ]
    ],
    "translation": [
      1.46988559,
      0.7204619,
      -0.7393025
    ]
  },
  {
    "timeStamp": 46033,
    "rotation": [
      [
        0.958165,
        0.2830421,
        -0.0425091535
      ],
      [
        -0.07606848,
        0.10865014,
        -0.99116534
      ],
      [
        -0.2759229,
        0.95293355,
        0.125635356
      ]
    ],
    "translation": [
      1.47689056,
      0.7449893,
      -0.7258848
    ]
  },
  {
    "timeStamp": 46092,
    "rotation": [
      [
        0.9159532,
        0.390242547,
        -0.09348992
      ],
      [
        -0.155749619,
        0.131011322,
        -0.97907
      ],
      [
        -0.369826525,
        0.911343336,
        0.180780381
      ]
    ],
    "translation": [
      1.50097466,
      0.7884243,
      -0.692638934
    ]
  },
  {
    "timeStamp": 46136,
    "rotation": [
      [
        0.8536121,
        0.5073664,
        -0.118006945
      ],
      [
        -0.215530068,
        0.137766734,
        -0.9667301
      ],
      [
        -0.474228948,
        0.8506466,
        0.226952076
      ]
    ],
    "translation": [
      1.53118467,
      0.8214367,
      -0.659267843
    ]
  },
  {
    "timeStamp": 46192,
    "rotation": [
      [
        0.735521436,
        0.668783665,
        -0.108336084
      ],
      [
        -0.294597834,
        0.171714455,
        -0.9400672
      ],
      [
        -0.61009866,
        0.7233551,
        0.323321879
      ]
    ],
    "translation": [
      1.58965337,
      0.868692935,
      -0.604861856
    ]
  },
  {
    "timeStamp": 46236,
    "rotation": [
      [
        0.625674546,
        0.7773269,
        -0.06553064
      ],
      [
        -0.351621479,
        0.206038013,
        -0.9131871
      ],
      [
        -0.696343064,
        0.5943999,
        0.402237564
      ]
    ],
    "translation": [
      1.64812887,
      0.9088062,
      -0.5673998
    ]
  },
  {
    "timeStamp": 46292,
    "rotation": [
      [
        0.5126425,
        0.8578801,
        0.0352038331
      ],
      [
        -0.400225073,
        0.275034428,
        -0.874171555
      ],
      [
        -0.7596167,
        0.434048057,
        0.4843395
      ]
    ],
    "translation": [
      1.73314071,
      0.9608331,
      -0.5309988
    ]
  },
  {
    "timeStamp": 46336,
    "rotation": [
      [
        0.4550369,
        0.8784448,
        0.145863637
      ],
      [
        -0.410974979,
        0.35248974,
        -0.840744
      ],
      [
        -0.7899626,
        0.322623253,
        0.5214147
      ]
    ],
    "translation": [
      1.80048656,
      0.998700261,
      -0.514714837
    ]
  },
  {
    "timeStamp": 46392,
    "rotation": [
      [
        0.427864373,
        0.8473686,
        0.314481556
      ],
      [
        -0.360375166,
        0.479021966,
        -0.800417244
      ],
      [
        -0.828892,
        0.229138687,
        0.510327
      ]
    ],
    "translation": [
      1.883365,
      1.03486025,
      -0.5056472
    ]
  },
  {
    "timeStamp": 46437,
    "rotation": [
      [
        0.4315212,
        0.7836419,
        0.4468723
      ],
      [
        -0.2283289,
        0.574116,
        -0.786293
      ],
      [
        -0.872728646,
        0.237268254,
        0.4266713
      ]
    ],
    "translation": [
      1.9408803,
      1.04705846,
      -0.5090065
    ]
  },
  {
    "timeStamp": 46483,
    "rotation": [
      [
        0.445021421,
        0.7014741,
        0.5566777
      ],
      [
        -0.06586163,
        0.6455791,
        -0.7608481
      ],
      [
        -0.8930947,
        0.30193,
        0.333496779
      ]
    ],
    "translation": [
      1.99228573,
      1.0496738,
      -0.5223724
    ]
  },
  {
    "timeStamp": 46540,
    "rotation": [
      [
        0.470807672,
        0.6092061,
        0.6381286
      ],
      [
        0.20829612,
        0.6261022,
        -0.7514045
      ],
      [
        -0.8572939,
        0.4866867,
        0.167878464
      ]
    ],
    "translation": [
      2.03645468,
      1.04121661,
      -0.5491555
    ]
  },
  {
    "timeStamp": 46585,
    "rotation": [
      [
        0.448020279,
        0.491968662,
        0.7464882
      ],
      [
        0.4375172,
        0.607506752,
        -0.662958741
      ],
      [
        -0.7796515,
        0.623620331,
        0.0569306128
      ]
    ],
    "translation": [
      2.07384586,
      1.03142655,
      -0.574973762
    ]
  },
  {
    "timeStamp": 46641,
    "rotation": [
      [
        0.404368877,
        0.385767668,
        0.8292582
      ],
      [
        0.61115247,
        0.560574949,
        -0.5587919
      ],
      [
        -0.6804252,
        0.732761264,
        -0.009083816
      ]
    ],
    "translation": [
      2.10560083,
      1.03133762,
      -0.595528
    ]
  },
  {
    "timeStamp": 46686,
    "rotation": [
      [
        0.4044192,
        0.373050064,
        0.835032165
      ],
      [
        0.6769571,
        0.491817981,
        -0.5475803
      ],
      [
        -0.6149587,
        0.786733,
        -0.0536382347
      ]
    ],
    "translation": [
      2.11164951,
      1.03209674,
      -0.6040918
    ]
  },
  {
    "timeStamp": 46741,
    "rotation": [
      [
        0.372191876,
        0.335225046,
        0.8655041
      ],
      [
        0.76564306,
        0.416222,
        -0.4904589
      ],
      [
        -0.524655938,
        0.845212,
        -0.10174828
      ]
    ],
    "translation": [
      2.11936021,
      1.0302006,
      -0.6128628
    ]
  },
  {
    "timeStamp": 46786,
    "rotation": [
      [
        0.35497725,
        0.308655322,
        0.8824529
      ],
      [
        0.7932794,
        0.4000124,
        -0.4590184
      ],
      [
        -0.49467057,
        0.862972736,
        -0.102854609
      ]
    ],
    "translation": [
      2.12263274,
      1.02961993,
      -0.607344151
    ]
  },
  {
    "timeStamp": 46841,
    "rotation": [
      [
        0.331193119,
        0.2808144,
        0.9008076
      ],
      [
        0.8219074,
        0.383048564,
        -0.4215946
      ],
      [
        -0.463442922,
        0.8800097,
        -0.103940383
      ]
    ],
    "translation": [
      2.12379122,
      1.02685869,
      -0.596054852
    ]
  },
  {
    "timeStamp": 46886,
    "rotation": [
      [
        0.301677018,
        0.246347129,
        0.9210343
      ],
      [
        0.8624955,
        0.341183335,
        -0.3737587
      ],
      [
        -0.406315923,
        0.9071423,
        -0.109546117
      ]
    ],
    "translation": [
      2.12575269,
      1.02142191,
      -0.5957896
    ]
  },
  {
    "timeStamp": 46941,
    "rotation": [
      [
        0.275337279,
        0.210614488,
        0.93799305
      ],
      [
        0.8939807,
        0.302722216,
        -0.3303904
      ],
      [
        -0.353536338,
        0.929516435,
        -0.104934581
      ]
    ],
    "translation": [
      2.122767,
      1.01415288,
      -0.591143
    ]
  },
  {
    "timeStamp": 46986,
    "rotation": [
      [
        0.247970134,
        0.180451617,
        0.951813042
      ],
      [
        0.9244165,
        0.249799773,
        -0.2881915
      ],
      [
        -0.2897673,
        0.951334536,
        -0.104869559
      ]
    ],
    "translation": [
      2.12100267,
      1.00830686,
      -0.593206346
    ]
  },
  {
    "timeStamp": 47041,
    "rotation": [
      [
        0.227883548,
        0.15991661,
        0.960466444
      ],
      [
        0.9429485,
        0.209657177,
        -0.258634865
      ],
      [
        -0.2427287,
        0.964609,
        -0.103015713
      ]
    ],
    "translation": [
      2.11612153,
      1.00072753,
      -0.5899167
    ]
  },
  {
    "timeStamp": 47086,
    "rotation": [
      [
        0.2114455,
        0.151157573,
        0.9656304
      ],
      [
        0.955011845,
        0.1782482,
        -0.2370229
      ],
      [
        -0.2079497,
        0.972305954,
        -0.106667496
      ]
    ],
    "translation": [
      2.11220884,
      0.9957189,
      -0.589048445
    ]
  },
  {
    "timeStamp": 47141,
    "rotation": [
      [
        0.189102322,
        0.132594585,
        0.972964048
      ],
      [
        0.965241849,
        0.156944022,
        -0.20898965
      ],
      [
        -0.180411786,
        0.978666067,
        -0.09830738
      ]
    ],
    "translation": [
      2.11022973,
      0.9900881,
      -0.5842036
    ]
  },
  {
    "timeStamp": 47186,
    "rotation": [
      [
        0.178253621,
        0.123432927,
        0.976212
      ],
      [
        0.969607651,
        0.146939412,
        -0.1956268
      ],
      [
        -0.167590812,
        0.981413841,
        -0.09348903
      ]
    ],
    "translation": [
      2.10881329,
      0.98702836,
      -0.57945174
    ]
  },
  {
    "timeStamp": 47241,
    "rotation": [
      [
        0.176009417,
        0.145021036,
        0.9736476
      ],
      [
        0.9753755,
        0.107845582,
        -0.192384958
      ],
      [
        -0.132903457,
        0.983533561,
        -0.122468136
      ]
    ],
    "translation": [
      2.10463452,
      0.9834961,
      -0.5809517
    ]
  },
  {
    "timeStamp": 47286,
    "rotation": [
      [
        0.159234434,
        0.151996359,
        0.9754699
      ],
      [
        0.9804958,
        0.0909548849,
        -0.174227327
      ],
      [
        -0.115205668,
        0.9841871,
        -0.134548634
      ]
    ],
    "translation": [
      2.1048336,
      0.981401742,
      -0.5806717
    ]
  },
  {
    "timeStamp": 47341,
    "rotation": [
      [
        0.144610569,
        0.170431465,
        0.9747004
      ],
      [
        0.98495996,
        0.0693421662,
        -0.158257574
      ],
      [
        -0.09455991,
        0.9829266,
        -0.157840565
      ]
    ],
    "translation": [
      2.10587621,
      0.980002165,
      -0.5806663
    ]
  },
  {
    "timeStamp": 47385,
    "rotation": [
      [
        0.136122629,
        0.180410862,
        0.9741266
      ],
      [
        0.9869951,
        0.0601694845,
        -0.1490644
      ],
      [
        -0.08550553,
        0.981749237,
        -0.1698742
      ]
    ],
    "translation": [
      2.10690761,
      0.978308737,
      -0.578698635
    ]
  },
  {
    "timeStamp": 47441,
    "rotation": [
      [
        0.124416135,
        0.186911911,
        0.9744663
      ],
      [
        0.989136338,
        0.0541301928,
        -0.136671841
      ],
      [
        -0.0782936439,
        0.9808842,
        -0.17814669
      ]
    ],
    "translation": [
      2.10858274,
      0.9770856,
      -0.5751299
    ]
  },
  {
    "timeStamp": 47486,
    "rotation": [
      [
        0.121766433,
        0.199878544,
        0.97222507
      ],
      [
        0.9903498,
        0.04084751,
        -0.132434249
      ],
      [
        -0.06618374,
        0.9789689,
        -0.192975819
      ]
    ],
    "translation": [
      2.108562,
      0.9762255,
      -0.574574351
    ]
  },
  {
    "timeStamp": 47541,
    "rotation": [
      [
        0.12218155,
        0.208547652,
        0.970350266
      ],
      [
        0.9906491,
        0.03418028,
        -0.1320835
      ],
      [
        -0.0607125461,
        0.9774148,
        -0.202421352
      ]
    ],
    "translation": [
      2.10774016,
      0.9735001,
      -0.5719844
    ]
  },
  {
    "timeStamp": 47585,
    "rotation": [
      [
        0.110620759,
        0.217726275,
        0.9697208
      ],
      [
        0.9929684,
        0.0171703249,
        -0.117127895
      ],
      [
        -0.04215224,
        0.9758588,
        -0.214295924
      ]
    ],
    "translation": [
      2.10896826,
      0.9720259,
      -0.572131
    ]
  },
  {
    "timeStamp": 47641,
    "rotation": [
      [
        0.105387323,
        0.217820346,
        0.9702823
      ],
      [
        0.9938598,
        0.0100014387,
        -0.110193431
      ],
      [
        -0.03370659,
        0.975937665,
        -0.215428859
      ]
    ],
    "translation": [
      2.11011,
      0.9666823,
      -0.570932746
    ]
  },
  {
    "timeStamp": 47685,
    "rotation": [
      [
        0.101869889,
        0.207836941,
        0.9728445
      ],
      [
        0.9943921,
        0.006651023,
        -0.10554713
      ],
      [
        -0.0284070037,
        0.9781409,
        -0.205993876
      ]
    ],
    "translation": [
      2.11121726,
      0.961341,
      -0.5681372
    ]
  },
  {
    "timeStamp": 47741,
    "rotation": [
      [
        0.0970717147,
        0.218799666,
        0.9709293
      ],
      [
        0.995275736,
        -0.0195468925,
        -0.09510092
      ],
      [
        -0.00182939786,
        0.975573957,
        -0.219663456
      ]
    ],
    "translation": [
      2.11264563,
      0.9547387,
      -0.571047246
    ]
  },
  {
    "timeStamp": 47785,
    "rotation": [
      [
        0.106583804,
        0.190886,
        0.975808561
      ],
      [
        0.9942337,
        -0.008816407,
        -0.106871665
      ],
      [
        -0.0117971795,
        0.981572568,
        -0.190725
      ]
    ],
    "translation": [
      2.1136682,
      0.946124256,
      -0.565434158
    ]
  },
  {
    "timeStamp": 47841,
    "rotation": [
      [
        0.116855174,
        0.18556644,
        0.9756588
      ],
      [
        0.9929583,
        -0.00258228765,
        -0.118436016
      ],
      [
        -0.0194583181,
        0.9826283,
        -0.1845615
      ]
    ],
    "translation": [
      2.11333513,
      0.93766135,
      -0.560994864
    ]
  },
  {
    "timeStamp": 47885,
    "rotation": [
      [
        0.124951392,
        0.191289082,
        0.973547935
      ],
      [
        0.99214524,
        -0.0182466451,
        -0.123753078
      ],
      [
        -0.005908629,
        0.9813641,
        -0.1920665
      ]
    ],
    "translation": [
      2.11289883,
      0.932950139,
      -0.56457
    ]
  }
]