[
  {
    "timeStamp": 64592,
    "rotation": [
      [
        0.9954334,
        0.07749803,
        0.0557344444
      ],
      [
        -0.08813932,
        0.5219745,
        0.848395
      ],
      [
        0.03665698,
        -0.8494331,
        0.5264215
      ]
    ],
    "translation": [
      1.16248643,
      0.8665686,
      -0.7387355
    ]
  },
  {
    "timeStamp": 64638,
    "rotation": [
      [
        0.9951608,
        0.0542381369,
        0.0819336548
      ],
      [
        -0.0977357253,
        0.460421264,
        0.8823038
      ],
      [
        0.0101305088,
        -0.886042,
        0.4634942
      ]
    ],
    "translation": [
      1.16138434,
      0.8681245,
      -0.73977226
    ]
  },
  {
    "timeStamp": 64693,
    "rotation": [
      [
        0.9729716,
        0.113909692,
        0.2008751
      ],
      [
        -0.229421631,
        0.575907648,
        0.784663
      ],
      [
        -0.0263047945,
        -0.80954,
        0.5864752
      ]
    ],
    "translation": [
      1.15815544,
      0.876007259,
      -0.7491482
    ]
  },
  {
    "timeStamp": 64738,
    "rotation": [
      [
        0.965757549,
        0.0782922,
        0.247351244
      ],
      [
        -0.2444998,
        0.5935623,
        0.7667487
      ],
      [
        -0.08678794,
        -0.800970733,
        0.592379749
      ]
    ],
    "translation": [
      1.161321,
      0.885946333,
      -0.745959163
    ]
  },
  {
    "timeStamp": 64783,
    "rotation": [
      [
        0.9554486,
        0.07867132,
        0.2844797
      ],
      [
        -0.272960275,
        0.602214038,
        0.7502206
      ],
      [
        -0.112296835,
        -0.7944489,
        0.5968587
      ]
    ],
    "translation": [
      1.16547525,
      0.8976008,
      -0.744212151
    ]
  },
  {
    "timeStamp": 64839,
    "rotation": [
      [
        0.944036365,
        0.09247255,
        0.316613585
      ],
      [
        -0.307117939,
        0.5965478,
        0.7414913
      ],
      [
        -0.120307505,
        -0.7972325,
        0.5915628
      ]
    ],
    "translation": [
      1.17628431,
      0.913518131,
      -0.741240859
    ]
  },
  {
    "timeStamp": 64884,
    "rotation": [
      [
        0.9254801,
        0.09844437,
        0.365780264
      ],
      [
        -0.3487214,
        0.5985028,
        0.7212404
      ],
      [
        -0.147918478,
        -0.7950491,
        0.58823216
      ]
    ],
    "translation": [
      1.18903613,
      0.930718958,
      -0.735949039
    ]
  },
  {
    "timeStamp": 64939,
    "rotation": [
      [
        0.8997674,
        0.09810624,
        0.4251985
      ],
      [
        -0.402039945,
        0.565206468,
        0.720351
      ],
      [
        -0.169654027,
        -0.819095135,
        0.547996938
      ]
    ],
    "translation": [
      1.21375382,
      0.9537712,
      -0.722533643
    ]
  },
  {
    "timeStamp": 64984,
    "rotation": [
      [
        0.8462442,
        0.09214841,
        0.524765968
      ],
      [
        -0.469149828,
        0.595697641,
        0.651953
      ],
      [
        -0.252525449,
        -0.7979053,
        0.5473371
      ]
    ],
    "translation": [
      1.24327791,
      0.976557851,
      -0.708319664
    ]
  },
  {
    "timeStamp": 65040,
    "rotation": [
      [
        0.7696685,
        0.037010625,
        0.63737005
      ],
      [
        -0.5132162,
        0.6296911,
        0.5831794
      ],
      [
        -0.379762441,
        -0.7759635,
        0.503647864
      ]
    ],
    "translation": [
      1.293028,
      0.9964622,
      -0.6873127
    ]
  },
  {
    "timeStamp": 65084,
    "rotation": [
      [
        0.7327626,
        -0.018383611,
        0.680236042
      ],
      [
        -0.5322914,
        0.607284665,
        0.5898061
      ],
      [
        -0.423939615,
        -0.7942716,
        0.435210049
      ]
    ],
    "translation": [
      1.3461982,
      1.00417078,
      -0.6708762
    ]
  },
  {
    "timeStamp": 65140,
    "rotation": [
      [
        0.6714988,
        -0.114927776,
        0.7320389
      ],
      [
        -0.5408545,
        0.5992738,
        0.590209544
      ],
      [
        -0.5065232,
        -0.7922515,
        0.340252429
      ]
    ],
    "translation": [
      1.42017,
      1.0149883,
      -0.651319265
    ]
  },
  {
    "timeStamp": 65184,
    "rotation": [
      [
        0.6131661,
        -0.20879893,
        0.761859834
      ],
      [
        -0.5526001,
        0.5758106,
        0.602557361
      ],
      [
        -0.5645003,
        -0.790471554,
        0.237685218
      ]
    ],
    "translation": [
      1.48641789,
      1.02720058,
      -0.6346601
    ]
  },
  {
    "timeStamp": 65240,
    "rotation": [
      [
        0.520401955,
        -0.343939483,
        0.7815929
      ],
      [
        -0.5754783,
        0.534964561,
        0.6185771
      ],
      [
        -0.630877554,
        -0.771698534,
        0.08046689
      ]
    ],
    "translation": [
      1.5743413,
      1.048295,
      -0.6149119
    ]
  },
  {
    "timeStamp": 65284,
    "rotation": [
      [
        0.454637766,
        -0.446009785,
        0.7709603
      ],
      [
        -0.5915289,
        0.495928228,
        0.6357269
      ],
      [
        -0.6658814,
        -0.7450708,
        -0.0383599661
      ]
    ],
    "translation": [
      1.64371848,
      1.06690776,
      -0.605641842
    ]
  },
  {
    "timeStamp": 65339,
    "rotation": [
      [
        0.380194515,
        -0.5541727,
        0.740503
      ],
      [
        -0.612152457,
        0.4494051,
        0.650618553
      ],
      [
        -0.693340838,
        -0.7006623,
        -0.1683768
      ]
    ],
    "translation": [
      1.72483778,
      1.08854508,
      -0.603180766
    ]
  },
  {
    "timeStamp": 65384,
    "rotation": [
      [
        0.3470797,
        -0.641256869,
        0.6843429
      ],
      [
        -0.612862,
        0.397256523,
        0.683072
      ],
      [
        -0.7098843,
        -0.65648824,
        -0.255122334
      ]
    ],
    "translation": [
      1.7831136,
      1.10018981,
      -0.6057124
    ]
  },
  {
    "timeStamp": 65440,
    "rotation": [
      [
        0.275687844,
        -0.713689744,
        0.643927932
      ],
      [
        -0.6241581,
        0.3765513,
        0.6845698
      ],
      [
        -0.7310423,
        -0.5906404,
        -0.341644615
      ]
    ],
    "translation": [
      1.84703481,
      1.11161184,
      -0.612068832
    ]
  },
  {
    "timeStamp": 65484,
    "rotation": [
      [
        0.244424462,
        -0.7671592,
        0.5930627
      ],
      [
        -0.6173532,
        0.348523825,
        0.7052703
      ],
      [
        -0.747751057,
        -0.538514435,
        -0.388420463
      ]
    ],
    "translation": [
      1.891902,
      1.11495638,
      -0.6190686
    ]
  },
  {
    "timeStamp": 65539,
    "rotation": [
      [
        0.1944927,
        -0.811223567,
        0.5514427
      ],
      [
        -0.618462861,
        0.3349397,
        0.710858047
      ],
      [
        -0.7613648,
        -0.479303479,
        -0.4365683
      ]
    ],
    "translation": [
      1.94041169,
      1.12140763,
      -0.625999153
    ]
  },
  {
    "timeStamp": 65584,
    "rotation": [
      [
        0.1691275,
        -0.85340786,
        0.493042439
      ],
      [
        -0.6067552,
        0.304061621,
        0.7344349
      ],
      [
        -0.7766878,
        -0.4233692,
        -0.4663845
      ]
    ],
    "translation": [
      1.98112261,
      1.12527514,
      -0.630618334
    ]
  },
  {
    "timeStamp": 65640,
    "rotation": [
      [
        0.119604535,
        -0.897022367,
        0.425494552
      ],
      [
        -0.581096649,
        0.284243673,
        0.762582541
      ],
      [
        -0.804997742,
        -0.338461846,
        -0.487259865
      ]
    ],
    "translation": [
      2.03448462,
      1.12591612,
      -0.635401845
    ]
  },
  {
    "timeStamp": 65684,
    "rotation": [
      [
        0.07917426,
        -0.9263879,
        0.3681534
      ],
      [
        -0.5305257,
        0.273510456,
        0.8023307
      ],
      [
        -0.843963265,
        -0.258838773,
        -0.4698176
      ]
    ],
    "translation": [
      2.07790923,
      1.11709023,
      -0.638092756
    ]
  },
  {
    "timeStamp": 65733,
    "rotation": [
      [
        0.04189256,
        -0.9383395,
        0.343167663
      ],
      [
        -0.4718324,
        0.2841764,
        0.8346364
      ],
      [
        -0.8806924,
        -0.1968827,
        -0.430834085
      ]
    ],
    "translation": [
      2.11446452,
      1.1034497,
      -0.638990343
    ]
  },
  {
    "timeStamp": 65790,
    "rotation": [
      [
        -0.0197982341,
        -0.9494306,
        0.313352257
      ],
      [
        -0.404916823,
        0.2941741,
        0.865739
      ],
      [
        -0.914139152,
        -0.109741479,
        -0.390264541
      ]
    ],
    "translation": [
      2.15894032,
      1.08520174,
      -0.6384785
    ]
  },
  {
    "timeStamp": 65834,
    "rotation": [
      [
        -0.06734595,
        -0.942271054,
        0.328008831
      ],
      [
        -0.370091468,
        0.32889393,
        0.8688274
      ],
      [
        -0.926551044,
        -0.06288128,
        -0.370876133
      ]
    ],
    "translation": [
      2.17681956,
      1.07122159,
      -0.63580513
    ]
  },
  {
    "timeStamp": 65889,
    "rotation": [
      [
        -0.09353121,
        -0.9309662,
        0.352921963
      ],
      [
        -0.332144141,
        0.3633453,
        0.870436966
      ],
      [
        -0.9385799,
        -0.0358079225,
        -0.343199074
      ]
    ],
    "translation": [
      2.186511,
      1.05539739,
      -0.6324071
    ]
  },
  {
    "timeStamp": 65934,
    "rotation": [
      [
        -0.119178139,
        -0.9218094,
        0.36886847
      ],
      [
        -0.31754598,
        0.387391061,
        0.8655014
      ],
      [
        -0.9407237,
        -0.0139838709,
        -0.338885427
      ]
    ],
    "translation": [
      2.19098783,
      1.04446757,
      -0.6296756
    ]
  },
  {
    "timeStamp": 65990,
    "rotation": [
      [
        -0.108650491,
        -0.9219361,
        0.371791422
      ],
      [
        -0.284489125,
        0.387200058,
        0.8770074
      ],
      [
        -0.9525025,
        -0.010483345,
        -0.3043503
      ]
    ],
    "translation": [
      2.19136572,
      1.03402078,
      -0.6279255
    ]
  },
  {
    "timeStamp": 66034,
    "rotation": [
      [
        -0.127157763,
        -0.918179,
        0.375204355
      ],
      [
        -0.290013552,
        0.39616102,
        0.871176541
      ],
      [
        -0.94853735,
        0.00196249923,
        -0.316659272
      ]
    ],
    "translation": [
      2.19348168,
      1.0295651,
      -0.6258537
    ]
  },
  {
    "timeStamp": 66089,
    "rotation": [
      [
        -0.133450046,
        -0.9224526,
        0.362315238
      ],
      [
        -0.259997725,
        0.385366738,
        0.8853777
      ],
      [
        -0.956343234,
        0.02395256,
        -0.291262776
      ]
    ],
    "translation": [
      2.19872022,
      1.02111411,
      -0.627605438
    ]
  },
  {
    "timeStamp": 66134,
    "rotation": [
      [
        -0.141923547,
        -0.9204559,
        0.3641685
      ],
      [
        -0.247915238,
        0.389219463,
        0.887156248
      ],
      [
        -0.9583297,
        0.0356254354,
        -0.283434451
      ]
    ],
    "translation": [
      2.20184064,
      1.01673853,
      -0.628864
    ]
  },
  {
    "timeStamp": 66190,
    "rotation": [
      [
        -0.145634785,
        -0.9215668,
        0.3598683
      ],
      [
        -0.229077145,
        0.385272384,
        0.8939177
      ],
      [
        -0.9624522,
        0.0477478877,
        -0.267218947
      ]
    ],
    "translation": [
      2.204572,
      1.01147032,
      -0.630255938
    ]
  },
  {
    "timeStamp": 66236,
    "rotation": [
      [
        -0.154637784,
        -0.9227489,
        0.3530179
      ],
      [
        -0.216064885,
        0.380252481,
        0.89929086
      ],
      [
        -0.964055538,
        0.0627896,
        -0.258175045
      ]
    ],
    "translation": [
      2.20689631,
      1.0076679,
      -0.6319043
    ]
  },
  {
    "timeStamp": 66293,
    "rotation": [
      [
        -0.162727967,
        -0.9186813,
        0.359922558
      ],
      [
        -0.200746775,
        0.387981743,
        0.8995393
      ],
      [
        -0.9660333,
        0.07412693,
        -0.247557789
      ]
    ],
    "translation": [
      2.20887947,
      1.00291657,
      -0.633773267
    ]
  },
  {
    "timeStamp": 66338,
    "rotation": [
      [
        -0.172525883,
        -0.9188552,
        0.354880244
      ],
      [
        -0.176604152,
        0.383299857,
        0.9065827
      ],
      [
        -0.9690438,
        0.09373567,
        -0.2284028
      ]
    ],
    "translation": [
      2.21193528,
      0.9976488,
      -0.6361495
    ]
  },
  {
    "timeStamp": 66384,
    "rotation": [
      [
        -0.1780832,
        -0.9152141,
        0.361482471
      ],
      [
        -0.167350143,
        0.390171677,
        0.905406
      ],
      [
        -0.969680548,
        0.100743458,
        -0.222644225
      ]
    ],
    "translation": [
      2.21309876,
      0.994496047,
      -0.636917055
    ]
  },
  {
    "timeStamp": 66439,
    "rotation": [
      [
        -0.180198029,
        -0.9152656,
        0.3603019
      ],
      [
        -0.158015743,
        0.388476729,
        0.90780884
      ],
      [
        -0.9708551,
        0.106652007,
        -0.214629129
      ]
    ],
    "translation": [
      2.21464539,
      0.99178493,
      -0.6374003
    ]
  },
  {
    "timeStamp": 66484,
    "rotation": [
      [
        -0.191654056,
        -0.911186039,
        0.364703655
      ],
      [
        -0.151100159,
        0.3945551,
        0.9063636
      ],
      [
        -0.96976155,
        0.118601479,
        -0.213298425
      ]
    ],
    "translation": [
      2.21513534,
      0.989816368,
      -0.6383972
    ]
  },
  {
    "timeStamp": 66539,
    "rotation": [
      [
        -0.187013671,
        -0.909739852,
        0.370674163
      ],
      [
        -0.146041468,
        0.398885369,
        0.905296862
      ],
      [
        -0.9714411,
        0.1151691,
        -0.207456753
      ]
    ],
    "translation": [
      2.21476483,
      0.987966061,
      -0.639027238
    ]
  },
  {
    "timeStamp": 66584,
    "rotation": [
      [
        -0.200918689,
        -0.902741253,
        0.380381346
      ],
      [
        -0.12446712,
        0.408677727,
        0.9041518
      ],
      [
        -0.9716685,
        0.134316027,
        -0.1944726
      ]
    ],
    "translation": [
      2.21427631,
      0.9854258,
      -0.6411881
    ]
  }
]