[
  {
    "id": "021 bleach cleanser(Clone)-13420",
    "pickRotation": [
      [
        0.9834938,
        -0.105547838,
        -0.14696829
      ],
      [
        0.170657039,
        0.271143526,
        0.947289467
      ],
      [
        -0.06013484,
        -0.9567345,
        0.284680456
      ]
    ],
    "pickTranslation": [
      0.00733821,
      0.0206035227,
      0.2439585
    ],
    "placeRotation": [
      [
        -0.955701768,
        0.221671358,
        -0.193638951
      ],
      [
        -0.183412343,
        0.06602878,
        0.980816066
      ],
      [
        0.230204552,
        0.9728834,
        -0.0224465635
      ]
    ],
    "placeTranslation": [
      0.8874401,
      0.06899039,
      -0.05101308
    ]
  },
  {
    "id": "021 bleach cleanser(Clone)-13420",
    "pickRotation": [
      [
        0.9962176,
        -0.07698229,
        0.0403007157
      ],
      [
        -0.02036835,
        0.243988842,
        0.96956414
      ],
      [
        -0.08447219,
        -0.9667177,
        0.241497979
      ]
    ],
    "pickTranslation": [
      0.0223826859,
      0.003138318,
      0.250525355
    ],
    "placeRotation": [
      [
        -0.9759469,
        0.0957512259,
        -0.195855379
      ],
      [
        -0.192204982,
        0.0460565463,
        0.9802734
      ],
      [
        0.102882817,
        0.9943392,
        -0.02654488
      ]
    ],
    "placeTranslation": [
      0.8820298,
      -0.00169394142,
      -0.357278466
    ]
  },
  {
    "id": "004 sugar box(Clone)-13770",
    "pickRotation": [
      [
        -0.922673464,
        0.3010733,
        0.240891218
      ],
      [
        -0.2006837,
        0.158487409,
        -0.966751158
      ],
      [
        -0.3292412,
        -0.940338552,
        -0.08581162
      ]
    ],
    "pickTranslation": [
      0.00142765057,
      -0.0018244239,
      0.1788629
    ],
    "placeRotation": [
      [
        0.9992694,
        0.03784509,
        0.00532370573
      ],
      [
        -0.00558054,
        0.00668407325,
        0.9999621
      ],
      [
        0.03780807,
        -0.99926126,
        0.00689038634
      ]
    ],
    "placeTranslation": [
      0.440026522,
      -0.008264661,
      -0.7683038
    ]
  },
  {
    "id": "008 pudding box(Clone)-13718",
    "pickRotation": [
      [
        0.13943249,
        -0.6117571,
        0.7786603
      ],
      [
        -0.146951675,
        -0.790417969,
        -0.5946803
      ],
      [
        0.979266942,
        -0.03150768,
        -0.200108662
      ]
    ],
    "pickTranslation": [
      0.002461843,
      0.041908484,
      0.0198726412
    ],
    "placeRotation": [
      [
        -0.0186400432,
        0.07350366,
        -0.9971208
      ],
      [
        0.480147243,
        0.875426769,
        0.0555570647
      ],
      [
        0.876989841,
        -0.4777292,
        -0.0516105741
      ]
    ],
    "placeTranslation": [
      -0.346229851,
      0.471256524,
      -0.5693855
    ]
  },
  {
    "id": "005 tomato soup can(Clone)-13468",
    "pickRotation": [
      [
        -0.978058457,
        0.03525385,
        -0.205326155
      ],
      [
        0.20765169,
        0.08546236,
        -0.9744624
      ],
      [
        -0.01680589,
        -0.9957175,
        -0.09090771
      ]
    ],
    "pickTranslation": [
      0.007797706,
      0.07365825,
      0.07706921
    ],
    "placeRotation": [
      [
        0.8258909,
        -0.540311337,
        -0.1611453
      ],
      [
        0.128477246,
        -0.09794408,
        0.986864
      ],
      [
        -0.548997045,
        -0.8357455,
        -0.0114734145
      ]
    ],
    "placeTranslation": [
      -1.10532808,
      0.3948602,
      0.822955847
    ]
  },
  {
    "id": "002 masterchef can(Clone)-13408",
    "pickRotation": [
      [
        -0.9753131,
        -0.007336702,
        -0.2207044
      ],
      [
        0.2184375,
        0.114557013,
        -0.9691036
      ],
      [
        0.03239327,
        -0.993389547,
        -0.110126354
      ]
    ],
    "pickTranslation": [
      0.018073516,
      -0.0047894856,
      0.0933239162
    ],
    "placeRotation": [
      [
        0.788353562,
        -0.6152137,
        0.00329558738
      ],
      [
        0.0002588918,
        0.00568848243,
        0.9999838
      ],
      [
        -0.615222454,
        -0.7883399,
        0.004643809
      ]
    ],
    "placeTranslation": [
      -0.6919013,
      0.607189,
      0.387693584
    ]
  },
  {
    "id": "016 pear(Clone)-13480",
    "pickRotation": [
      [
        0.173105448,
        -0.837424,
        -0.5184164
      ],
      [
        0.559209,
        0.5168598,
        -0.648183
      ],
      [
        0.81075263,
        -0.177699119,
        0.5577663
      ]
    ],
    "pickTranslation": [
      0.0396968536,
      -0.00621967856,
      0.0355284922
    ],
    "placeRotation": [
      [
        -0.5094949,
        -0.642361343,
        -0.5725267
      ],
      [
        0.8170399,
        -0.5698714,
        -0.08770648
      ],
      [
        -0.269927323,
        -0.512463152,
        0.815181434
      ]
    ],
    "placeTranslation": [
      -0.6103209,
      0.4320978,
      0.17409353
    ]
  },
  {
    "id": "013 apple(Clone)-13734",
    "pickRotation": [
      [
        -0.967051,
        -0.0013624758,
        -0.2545791
      ],
      [
        0.254103154,
        0.0561873727,
        -0.9655437
      ],
      [
        0.0156196523,
        -0.9984193,
        -0.0539898425
      ]
    ],
    "pickTranslation": [
      -0.00317607285,
      0.006593924,
      0.059513
    ],
    "placeRotation": [
      [
        0.765867233,
        -0.5754763,
        0.286835432
      ],
      [
        -0.18315506,
        0.232365444,
        0.955228031
      ],
      [
        -0.6163617,
        -0.784113169,
        0.0725596845
      ]
    ],
    "placeTranslation": [
      -0.6862817,
      0.208993182,
      -0.578786433
    ]
  },
  {
    "id": "057 racquetball(Clone)-13746",
    "pickRotation": [
      [
        -0.838209331,
        0.289286762,
        -0.462296724
      ],
      [
        -0.230020419,
        -0.9561557,
        -0.181264371
      ],
      [
        -0.494465053,
        -0.0455998,
        0.8680005
      ]
    ],
    "pickTranslation": [
      0.00368613843,
      -0.107954443,
      0.02937603
    ],
    "placeRotation": [
      [
        0.466054976,
        0.2749899,
        0.840935946
      ],
      [
        -0.291797668,
        0.945066035,
        -0.147323757
      ],
      [
        -0.8352526,
        -0.176722184,
        0.520694137
      ]
    ],
    "placeTranslation": [
      -0.192760989,
      1.38698459,
      -0.485562563
    ]
  },
  {
    "id": "014 lemon(Clone)-13868",
    "pickRotation": [
      [
        -0.21895875,
        -0.6474628,
        -0.729965
      ],
      [
        0.1479089,
        -0.761498034,
        0.6310655
      ],
      [
        -0.9644584,
        0.0302089844,
        0.262502164
      ]
    ],
    "pickTranslation": [
      0.0206006952,
      0.03490083,
      0.0258799382
    ],
    "placeRotation": [
      [
        -0.182024613,
        0.359405518,
        0.9152566
      ],
      [
        0.7676314,
        0.633637547,
        -0.09615338
      ],
      [
        -0.614499032,
        0.6850775,
        -0.3912286
      ]
    ],
    "placeTranslation": [
      -0.408022761,
      0.470139861,
      -0.540298462
    ]
  },
  {
    "id": "017 orange(Clone)-13432",
    "pickRotation": [
      [
        0.495627016,
        0.7054717,
        -0.506619751
      ],
      [
        -0.009335324,
        -0.5789427,
        -0.81531477
      ],
      [
        -0.8684853,
        0.408821464,
        -0.280353844
      ]
    ],
    "pickTranslation": [
      0.00304905232,
      -0.00722438563,
      0.0297535416
    ],
    "placeRotation": [
      [
        -0.828344,
        -0.301890671,
        0.471919715
      ],
      [
        -0.498978674,
        0.780548,
        -0.376517117
      ],
      [
        -0.254688978,
        -0.5473636,
        -0.797199249
      ]
    ],
    "placeTranslation": [
      -0.5732339,
      0.6903014,
      -0.538232267
    ]
  },
  {
    "id": "015 peach(Clone)-13786",
    "pickRotation": [
      [
        -0.156483561,
        -0.0144503443,
        0.9875749
      ],
      [
        -0.98688674,
        0.04236777,
        -0.1557546
      ],
      [
        -0.03959064,
        -0.9989976,
        -0.0208907127
      ]
    ],
    "pickTranslation": [
      0.00173840893,
      0.005187217,
      0.0423325263
    ],
    "placeRotation": [
      [
        0.5679418,
        0.7845218,
        0.248933136
      ],
      [
        -0.168390989,
        -0.1852948,
        0.9681479
      ],
      [
        0.8056592,
        -0.591769755,
        0.0268697347
      ]
    ],
    "placeTranslation": [
      -0.6465973,
      0.574117541,
      -0.740480244
    ]
  },
  {
    "id": "012 strawberry(Clone)-13706",
    "pickRotation": [
      [
        -0.337034672,
        0.02905452,
        -0.941043854
      ],
      [
        -0.0828087255,
        -0.996564865,
        -0.00111078843
      ],
      [
        -0.937843442,
        0.07755227,
        0.338282883
      ]
    ],
    "pickTranslation": [
      -0.00156867108,
      0.0330223478,
      0.02078694
    ],
    "placeRotation": [
      [
        -0.0992906,
        -0.069054924,
        0.99265945
      ],
      [
        0.024007136,
        0.9971325,
        0.0717674
      ],
      [
        -0.994768858,
        0.0309567377,
        -0.0973480642
      ]
    ],
    "placeTranslation": [
      -0.7523231,
      0.6753696,
      -0.3115212
    ]
  },
  {
    "id": "018 plum(Clone)-13444",
    "pickRotation": [
      [
        -0.415360153,
        0.206148118,
        -0.8859903
      ],
      [
        -0.47193712,
        -0.88148427,
        0.0161486436
      ],
      [
        -0.777657568,
        0.424839228,
        0.463422418
      ]
    ],
    "pickTranslation": [
      0.0195203573,
      0.0289936345,
      0.0145024061
    ],
    "placeRotation": [
      [
        -0.0563050769,
        0.507190764,
        0.859992564
      ],
      [
        -0.188316628,
        0.8405035,
        -0.508026242
      ],
      [
        -0.980493,
        -0.190555364,
        0.048187837
      ]
    ],
    "placeTranslation": [
      -0.5551417,
      0.692271,
      -0.978175163
    ]
  },
  {
    "id": "011 banana(Clone)-13810",
    "pickRotation": [
      [
        -0.986111,
        0.00374657242,
        -0.1660454
      ],
      [
        0.162465364,
        0.2294163,
        -0.959673464
      ],
      [
        0.03449804,
        -0.9733212,
        -0.226838619
      ]
    ],
    "pickTranslation": [
      0.0107343839,
      0.010876473,
      0.03906337
    ],
    "placeRotation": [
      [
        0.983571947,
        -0.1407228,
        -0.113063373
      ],
      [
        0.118437685,
        0.0303931423,
        0.992496252
      ],
      [
        -0.1362305,
        -0.9895824,
        0.04656072
      ]
    ],
    "placeTranslation": [
      -0.3654165,
      0.64156,
      0.02815424
    ]
  },
  {
    "id": "025 mug(Clone)-13492",
    "pickRotation": [
      [
        -0.626844943,
        0.165811032,
        -0.7612963
      ],
      [
        0.7733236,
        0.01319547,
        -0.6338742
      ],
      [
        -0.09505767,
        -0.9860692,
        -0.1364971
      ]
    ],
    "pickTranslation": [
      0.02464771,
      0.02365388,
      0.0506718457
    ],
    "placeRotation": [
      [
        0.513638139,
        -0.8577195,
        0.0222063418
      ],
      [
        0.211591244,
        0.151706755,
        0.9655124
      ],
      [
        -0.8315076,
        -0.491225362,
        0.259408325
      ]
    ],
    "placeTranslation": [
      0.252522916,
      0.16608803,
      0.515459
    ]
  },
  {
    "id": "058 golf ball(Clone)-13456",
    "pickRotation": [
      [
        -0.379969269,
        0.3825465,
        -0.8421885
      ],
      [
        0.7086968,
        -0.46472162,
        -0.530832052
      ],
      [
        -0.5944512,
        -0.798556149,
        -0.09452954
      ]
    ],
    "pickTranslation": [
      0.00496566854,
      -0.02580842,
      0.03056698
    ],
    "placeRotation": [
      [
        -0.192687809,
        -0.9020903,
        0.386140674
      ],
      [
        -0.11543829,
        0.411621958,
        0.904014051
      ],
      [
        -0.974446237,
        0.12961708,
        -0.183450282
      ]
    ],
    "placeTranslation": [
      -0.15526323,
      0.683228254,
      0.272313744
    ]
  },
  {
    "id": "100 half egg carton(Clone)-13798",
    "pickRotation": [
      [
        0.7562146,
        0.6134554,
        -0.227622136
      ],
      [
        0.427236766,
        -0.726407766,
        -0.5383312
      ],
      [
        -0.4955887,
        0.309845418,
        -0.811410964
      ]
    ],
    "pickTranslation": [
      -0.05474501,
      0.02741493,
      0.0325665772
    ],
    "placeRotation": [
      [
        -0.9669607,
        -0.235199,
        -0.0983274654
      ],
      [
        -0.2187143,
        0.963562667,
        -0.153983876
      ],
      [
        0.130961522,
        -0.127390742,
        -0.983168662
      ]
    ],
    "placeTranslation": [
      0.324611843,
      0.7149073,
      -0.306430578
    ]
  },
  {
    "id": "101 bread(Clone)-13758",
    "pickRotation": [
      [
        -0.9951444,
        -0.004798815,
        -0.09830868
      ],
      [
        0.0417443365,
        -0.9251068,
        -0.377405345
      ],
      [
        -0.08913494,
        -0.37967664,
        0.92081517
      ]
    ],
    "pickTranslation": [
      -0.009255481,
      0.0525030531,
      -0.0163802281
    ],
    "placeRotation": [
      [
        0.906900465,
        -0.3371197,
        0.2527486
      ],
      [
        0.285461634,
        0.93281585,
        0.219923243
      ],
      [
        -0.3099084,
        -0.127298459,
        0.942205846
      ]
    ],
    "placeTranslation": [
      -0.4404366,
      0.600448847,
      -0.0200753286
    ]
  }
]