[
  {
    "timeStamp": 16356,
    "rotation": [
      [
        0.9984015,
        0.04007305,
        0.0398558
      ],
      [
        -0.0409877524,
        0.0278336983,
        0.9987719
      ],
      [
        0.0389145166,
        -0.998809,
        0.02943171
      ]
    ],
    "translation": [
      1.30151761,
      0.697562635,
      -0.617224038
    ]
  },
  {
    "timeStamp": 16401,
    "rotation": [
      [
        0.998851955,
        0.0402260274,
        0.0260132
      ],
      [
        -0.0279609971,
        0.04864189,
        0.9984248
      ],
      [
        0.0388973281,
        -0.9980059,
        0.0497108065
      ]
    ],
    "translation": [
      1.30149889,
      0.6988487,
      -0.61729306
    ]
  },
  {
    "timeStamp": 16456,
    "rotation": [
      [
        0.9893048,
        0.0146497628,
        0.1451254
      ],
      [
        -0.145845458,
        0.08394706,
        0.9857393
      ],
      [
        0.00225797785,
        -0.9963625,
        0.08518583
      ]
    ],
    "translation": [
      1.29390717,
      0.705582738,
      -0.623359263
    ]
  },
  {
    "timeStamp": 16500,
    "rotation": [
      [
        0.9769801,
        0.00449939352,
        0.2132829
      ],
      [
        -0.212898359,
        0.08415733,
        0.97344327
      ],
      [
        -0.0135694267,
        -0.9964423,
        0.083177954
      ]
    ],
    "translation": [
      1.29660428,
      0.7273243,
      -0.624353766
    ]
  },
  {
    "timeStamp": 16556,
    "rotation": [
      [
        0.947583437,
        -0.0613647923,
        0.313560128
      ],
      [
        -0.3051848,
        0.116711847,
        0.9451141
      ],
      [
        -0.09459289,
        -0.9912682,
        0.09186662
      ]
    ],
    "translation": [
      1.31534719,
      0.75875473,
      -0.6200045
    ]
  },
  {
    "timeStamp": 16600,
    "rotation": [
      [
        0.91878134,
        -0.107478321,
        0.379854143
      ],
      [
        -0.3644164,
        0.139076829,
        0.9207922
      ],
      [
        -0.151794121,
        -0.9844318,
        0.08861434
      ]
    ],
    "translation": [
      1.3406527,
      0.784136653,
      -0.6178083
    ]
  },
  {
    "timeStamp": 16656,
    "rotation": [
      [
        0.879050732,
        -0.155730039,
        0.4505752
      ],
      [
        -0.4278822,
        0.159013465,
        0.8897368
      ],
      [
        -0.21020627,
        -0.9749169,
        0.07314679
      ]
    ],
    "translation": [
      1.38226819,
      0.814352453,
      -0.6165069
    ]
  },
  {
    "timeStamp": 16700,
    "rotation": [
      [
        0.844938636,
        -0.21361053,
        0.490356177
      ],
      [
        -0.46679315,
        0.1530718,
        0.871018469
      ],
      [
        -0.261118442,
        -0.9648521,
        0.02962435
      ]
    ],
    "translation": [
      1.42467213,
      0.837347,
      -0.6091013
    ]
  },
  {
    "timeStamp": 16756,
    "rotation": [
      [
        0.791206,
        -0.320524,
        0.5208238
      ],
      [
        -0.4978074,
        0.157121837,
        0.8529364
      ],
      [
        -0.355219364,
        -0.9341184,
        -0.0352434851
      ]
    ],
    "translation": [
      1.49607134,
      0.859236956,
      -0.5942989
    ]
  },
  {
    "timeStamp": 16800,
    "rotation": [
      [
        0.7407544,
        -0.420849949,
        0.5236107
      ],
      [
        -0.5111911,
        0.1525749,
        0.8458159
      ],
      [
        -0.435851425,
        -0.894207,
        -0.102114245
      ]
    ],
    "translation": [
      1.56331575,
      0.873780131,
      -0.580316067
    ]
  },
  {
    "timeStamp": 16856,
    "rotation": [
      [
        0.657850862,
        -0.5566449,
        0.507325
      ],
      [
        -0.52518934,
        0.143762544,
        0.8387541
      ],
      [
        -0.5398225,
        -0.81821686,
        -0.197769627
      ]
    ],
    "translation": [
      1.65803349,
      0.891509056,
      -0.5634614
    ]
  },
  {
    "timeStamp": 16900,
    "rotation": [
      [
        0.5822206,
        -0.668841064,
        0.462245464
      ],
      [
        -0.533272862,
        0.115005739,
        0.838089347
      ],
      [
        -0.61370945,
        -0.7344558,
        -0.289716065
      ]
    ],
    "translation": [
      1.74420285,
      0.908084333,
      -0.5532891
    ]
  },
  {
    "timeStamp": 16956,
    "rotation": [
      [
        0.45895952,
        -0.799166,
        0.388187826
      ],
      [
        -0.5432068,
        0.0933372,
        0.8343947
      ],
      [
        -0.7030522,
        -0.5938197,
        -0.391274422
      ]
    ],
    "translation": [
      1.85762215,
      0.928503335,
      -0.5514599
    ]
  },
  {
    "timeStamp": 17000,
    "rotation": [
      [
        0.380309522,
        -0.88340807,
        0.273778945
      ],
      [
        -0.5405763,
        0.027865015,
        0.8408334
      ],
      [
        -0.7504279,
        -0.467775375,
        -0.466952115
      ]
    ],
    "translation": [
      1.952785,
      0.9486424,
      -0.5604748
    ]
  },
  {
    "timeStamp": 17056,
    "rotation": [
      [
        0.348809063,
        -0.935149431,
        0.0618691221
      ],
      [
        -0.498166978,
        -0.129088953,
        0.85741806
      ],
      [
        -0.793827355,
        -0.329896361,
        -0.510888
      ]
    ],
    "translation": [
      2.06183219,
      0.9724416,
      -0.5837089
    ]
  },
  {
    "timeStamp": 17100,
    "rotation": [
      [
        0.3146924,
        -0.947082758,
        -0.0632687
      ],
      [
        -0.4585339,
        -0.210044488,
        0.8634975
      ],
      [
        -0.831092834,
        -0.242725268,
        -0.500369
      ]
    ],
    "translation": [
      2.13538647,
      0.9827354,
      -0.6107011
    ]
  },
  {
    "timeStamp": 17155,
    "rotation": [
      [
        0.232856616,
        -0.9587487,
        -0.1630296
      ],
      [
        -0.4288965,
        -0.251695544,
        0.8675812
      ],
      [
        -0.872826159,
        -0.132099181,
        -0.46981293
      ]
    ],
    "translation": [
      2.211945,
      0.9870117,
      -0.6476921
    ]
  },
  {
    "timeStamp": 17198,
    "rotation": [
      [
        0.193426833,
        -0.9670672,
        -0.165430382
      ],
      [
        -0.381269664,
        -0.229453191,
        0.895536
      ],
      [
        -0.904002,
        -0.110147133,
        -0.413095772
      ]
    ],
    "translation": [
      2.24266958,
      0.9699446,
      -0.6694683
    ]
  },
  {
    "timeStamp": 17250,
    "rotation": [
      [
        0.139092565,
        -0.9842697,
        -0.10893321
      ],
      [
        -0.159554973,
        -0.130840033,
        0.97848
      ],
      [
        -0.977341,
        -0.118718438,
        -0.175243989
      ]
    ],
    "translation": [
      2.27398086,
      0.898117065,
      -0.705512941
    ]
  },
  {
    "timeStamp": 17306,
    "rotation": [
      [
        0.213453233,
        -0.9730958,
        -0.08673137
      ],
      [
        -0.104970828,
        -0.111107834,
        0.988249063
      ],
      [
        -0.9712975,
        -0.201840714,
        -0.125863
      ]
    ],
    "translation": [
      2.27365065,
      0.8563261,
      -0.7094849
    ]
  },
  {
    "timeStamp": 17350,
    "rotation": [
      [
        0.235181838,
        -0.97076565,
        -0.04799461
      ],
      [
        -0.108006813,
        -0.07517621,
        0.991303742
      ],
      [
        -0.965931654,
        -0.227952912,
        -0.122529387
      ]
    ],
    "translation": [
      2.26620388,
      0.8328928,
      -0.702973843
    ]
  },
  {
    "timeStamp": 17406,
    "rotation": [
      [
        0.3095635,
        -0.9508094,
        -0.0114861233
      ],
      [
        -0.1026419,
        -0.0454220623,
        0.9936808
      ],
      [
        -0.945322752,
        -0.3064283,
        -0.1116539
      ]
    ],
    "translation": [
      2.24567914,
      0.8091492,
      -0.689364433
    ]
  },
  {
    "timeStamp": 17450,
    "rotation": [
      [
        0.335304081,
        -0.9420832,
        0.007094479
      ],
      [
        -0.127119884,
        -0.0377801023,
        0.9911676
      ],
      [
        -0.9334943,
        -0.3332444,
        -0.132425338
      ]
    ],
    "translation": [
      2.23735046,
      0.801374257,
      -0.676274359
    ]
  },
  {
    "timeStamp": 17506,
    "rotation": [
      [
        0.3734315,
        -0.9276048,
        0.00991462
      ],
      [
        -0.10111516,
        -0.0300777759,
        0.994419932
      ],
      [
        -0.922130466,
        -0.372350246,
        -0.105026893
      ]
    ],
    "translation": [
      2.22418261,
      0.787311852,
      -0.6680943
    ]
  },
  {
    "timeStamp": 17550,
    "rotation": [
      [
        0.388574481,
        -0.921275,
        0.01619036
      ],
      [
        -0.0872480348,
        -0.01929583,
        0.995999753
      ],
      [
        -0.9172773,
        -0.388432652,
        -0.0878773
      ]
    ],
    "translation": [
      2.21772432,
      0.7773621,
      -0.663653731
    ]
  },
  {
    "timeStamp": 17606,
    "rotation": [
      [
        0.4129686,
        -0.9104973,
        0.0212490242
      ],
      [
        -0.06958158,
        -0.008279232,
        0.9975419
      ],
      [
        -0.90808326,
        -0.413432032,
        -0.0667729154
      ]
    ],
    "translation": [
      2.20733738,
      0.7657399,
      -0.6611047
    ]
  },
  {
    "timeStamp": 17651,
    "rotation": [
      [
        0.454366148,
        -0.8908142,
        0.00123415235
      ],
      [
        -0.04499971,
        -0.0215687286,
        0.998754144
      ],
      [
        -0.8896777,
        -0.4538556,
        -0.0498864762
      ]
    ],
    "translation": [
      2.19959617,
      0.758713543,
      -0.6585058
    ]
  },
  {
    "timeStamp": 17697,
    "rotation": [
      [
        0.463618219,
        -0.8857202,
        -0.0236191619
      ],
      [
        -0.0165823549,
        -0.0353261121,
        0.999238253
      ],
      [
        -0.8858799,
        -0.4628734,
        -0.0310651585
      ]
    ],
    "translation": [
      2.19699383,
      0.7560761,
      -0.659253
    ]
  }
]