[
  {
    "timeStamp": 13835,
    "rotation": [
      [
        0.9977866,
        0.00346372882,
        -0.0664075539
      ],
      [
        0.06639041,
        -0.108625196,
        0.9918633
      ],
      [
        -0.00377801154,
        -0.9940767,
        -0.108614728
      ]
    ],
    "translation": [
      1.46147478,
      0.7035784,
      -0.750780463
    ]
  },
  {
    "timeStamp": 13880,
    "rotation": [
      [
        0.999814749,
        7.267058E-05,
        -0.0192474648
      ],
      [
        0.0191602744,
        -0.0989064053,
        0.994912267
      ],
      [
        -0.00183139439,
        -0.995096743,
        -0.09888948
      ]
    ],
    "translation": [
      1.46160364,
      0.7037245,
      -0.7507944
    ]
  },
  {
    "timeStamp": 13937,
    "rotation": [
      [
        0.9769328,
        -0.014754789,
        -0.213036537
      ],
      [
        0.205015481,
        -0.2143598,
        0.954996645
      ],
      [
        -0.059757214,
        -0.9766433,
        -0.206390172
      ]
    ],
    "translation": [
      1.46099281,
      0.70669955,
      -0.750467956
    ]
  },
  {
    "timeStamp": 13979,
    "rotation": [
      [
        0.993155956,
        -0.08840389,
        -0.07632841
      ],
      [
        0.0511243828,
        -0.258535653,
        0.964647949
      ],
      [
        -0.105012231,
        -0.9619481,
        -0.252246618
      ]
    ],
    "translation": [
      1.44767487,
      0.75608927,
      -0.7388808
    ]
  },
  {
    "timeStamp": 14035,
    "rotation": [
      [
        0.975489855,
        -0.206811816,
        0.07515667
      ],
      [
        -0.134737954,
        -0.2913581,
        0.9470777
      ],
      [
        -0.173969358,
        -0.933991134,
        -0.312082261
      ]
    ],
    "translation": [
      1.44626486,
      0.8197292,
      -0.718096852
    ]
  },
  {
    "timeStamp": 14079,
    "rotation": [
      [
        0.939947248,
        -0.3127485,
        0.1367025
      ],
      [
        -0.2319791,
        -0.291573584,
        0.927992761
      ],
      [
        -0.2503695,
        -0.9039763,
        -0.3466149
      ]
    ],
    "translation": [
      1.46212089,
      0.8647176,
      -0.696898639
    ]
  },
  {
    "timeStamp": 14135,
    "rotation": [
      [
        0.889367044,
        -0.419264317,
        0.1823288
      ],
      [
        -0.3184878,
        -0.2820297,
        0.904999852
      ],
      [
        -0.328012019,
        -0.8629465,
        -0.384358466
      ]
    ],
    "translation": [
      1.49721885,
      0.9102003,
      -0.672096431
    ]
  },
  {
    "timeStamp": 14179,
    "rotation": [
      [
        0.8454376,
        -0.499302983,
        0.189556718
      ],
      [
        -0.3632764,
        -0.2774548,
        0.8894094
      ],
      [
        -0.391491354,
        -0.8208017,
        -0.415955722
      ]
    ],
    "translation": [
      1.53413689,
      0.9367788,
      -0.6527785
    ]
  },
  {
    "timeStamp": 14235,
    "rotation": [
      [
        0.782748938,
        -0.6029589,
        0.154093042
      ],
      [
        -0.38812235,
        -0.279410362,
        0.8782317
      ],
      [
        -0.486482441,
        -0.747241855,
        -0.45273
      ]
    ],
    "translation": [
      1.5926882,
      0.9584945,
      -0.626352549
    ]
  },
  {
    "timeStamp": 14279,
    "rotation": [
      [
        0.7423005,
        -0.6644252,
        0.0867699
      ],
      [
        -0.365884423,
        -0.293429166,
        0.8831919
      ],
      [
        -0.5613541,
        -0.6873416,
        -0.460915476
      ]
    ],
    "translation": [
      1.64865553,
      0.9626693,
      -0.6091643
    ]
  },
  {
    "timeStamp": 14335,
    "rotation": [
      [
        0.655928135,
        -0.7547681,
        0.009137973
      ],
      [
        -0.3518109,
        -0.294984251,
        0.888376832
      ],
      [
        -0.6678229,
        -0.5859262,
        -0.459024131
      ]
    ],
    "translation": [
      1.72793961,
      0.9652756,
      -0.5929245
    ]
  },
  {
    "timeStamp": 14379,
    "rotation": [
      [
        0.5850266,
        -0.809055746,
        -0.0563259572
      ],
      [
        -0.334628165,
        -0.3040657,
        0.8919462
      ],
      [
        -0.738761,
        -0.502964,
        -0.448619425
      ]
    ],
    "translation": [
      1.7964375,
      0.966004,
      -0.5878345
    ]
  },
  {
    "timeStamp": 14435,
    "rotation": [
      [
        0.5173116,
        -0.8535683,
        -0.06172456
      ],
      [
        -0.340093374,
        -0.271229357,
        0.9004283
      ],
      [
        -0.7853186,
        -0.444809884,
        -0.430603027
      ]
    ],
    "translation": [
      1.87277639,
      0.968927264,
      -0.599163
    ]
  },
  {
    "timeStamp": 14479,
    "rotation": [
      [
        0.535830855,
        -0.8441715,
        0.0161170419
      ],
      [
        -0.351005226,
        -0.20535548,
        0.913577855
      ],
      [
        -0.7679067,
        -0.495180368,
        -0.406344444
      ]
    ],
    "translation": [
      1.915201,
      0.970774055,
      -0.626445234
    ]
  },
  {
    "timeStamp": 14535,
    "rotation": [
      [
        0.545236468,
        -0.8382784,
        0.00254597072
      ],
      [
        -0.343574762,
        -0.220696911,
        0.912824869
      ],
      [
        -0.7646395,
        -0.498580128,
        -0.408343345
      ]
    ],
    "translation": [
      1.96908212,
      0.9687072,
      -0.6610663
    ]
  },
  {
    "timeStamp": 14582,
    "rotation": [
      [
        0.5164949,
        -0.8562188,
        0.0110606011
      ],
      [
        -0.337421358,
        -0.19163619,
        0.9216411
      ],
      [
        -0.787006855,
        -0.479755,
        -0.38788563
      ]
    ],
    "translation": [
      2.00746274,
      0.9639841,
      -0.685568333
    ]
  },
  {
    "timeStamp": 14629,
    "rotation": [
      [
        0.4537152,
        -0.88689,
        -0.08699778
      ],
      [
        -0.268661141,
        -0.229214147,
        0.9355651
      ],
      [
        -0.8496844,
        -0.4011072,
        -0.342270821
      ]
    ],
    "translation": [
      2.05884647,
      0.9406692,
      -0.707464
    ]
  },
  {
    "timeStamp": 14685,
    "rotation": [
      [
        0.34061414,
        -0.9172264,
        -0.206586078
      ],
      [
        -0.1467462,
        -0.268895715,
        0.9519247
      ],
      [
        -0.928680539,
        -0.2939233,
        -0.226189151
      ]
    ],
    "translation": [
      2.110953,
      0.901043,
      -0.7234438
    ]
  },
  {
    "timeStamp": 14730,
    "rotation": [
      [
        0.2561906,
        -0.9351618,
        -0.244619489
      ],
      [
        -0.0411636829,
        -0.2633904,
        0.9638107
      ],
      [
        -0.965749443,
        -0.2368498,
        -0.105972841
      ]
    ],
    "translation": [
      2.139033,
      0.8657076,
      -0.7332038
    ]
  },
  {
    "timeStamp": 14785,
    "rotation": [
      [
        0.261114538,
        -0.9325413,
        -0.249371
      ],
      [
        0.0374613479,
        -0.248349279,
        0.967945933
      ],
      [
        -0.964580655,
        -0.2620865,
        -0.0299133472
      ]
    ],
    "translation": [
      2.14639258,
      0.8296193,
      -0.7383927
    ]
  },
  {
    "timeStamp": 14829,
    "rotation": [
      [
        0.296219438,
        -0.922889352,
        -0.246027157
      ],
      [
        0.0959527,
        -0.227530167,
        0.969032049
      ],
      [
        -0.950287938,
        -0.3106531,
        0.0211548638
      ]
    ],
    "translation": [
      2.140409,
      0.804228067,
      -0.7375962
    ]
  },
  {
    "timeStamp": 14885,
    "rotation": [
      [
        0.333766371,
        -0.9228298,
        -0.19231531
      ],
      [
        0.121512547,
        -0.16019316,
        0.9795779
      ],
      [
        -0.9347913,
        -0.350318879,
        0.05866831
      ]
    ],
    "translation": [
      2.127838,
      0.777815342,
      -0.7327208
    ]
  },
  {
    "timeStamp": 14929,
    "rotation": [
      [
        0.384230763,
        -0.8989973,
        -0.210167825
      ],
      [
        0.109566085,
        -0.181631818,
        0.977243662
      ],
      [
        -0.9167126,
        -0.39851433,
        0.0287110861
      ]
    ],
    "translation": [
      2.11940336,
      0.7659248,
      -0.7239514
    ]
  },
  {
    "timeStamp": 14985,
    "rotation": [
      [
        0.403109938,
        -0.8920403,
        -0.204368457
      ],
      [
        0.131000459,
        -0.1647703,
        0.9775938
      ],
      [
        -0.905726969,
        -0.420850128,
        0.05043714
      ]
    ],
    "translation": [
      2.11181855,
      0.7522114,
      -0.716562867
    ]
  },
  {
    "timeStamp": 15030,
    "rotation": [
      [
        0.415911883,
        -0.8890053,
        -0.191537946
      ],
      [
        0.120571911,
        -0.1548536,
        0.980552256
      ],
      [
        -0.901376545,
        -0.430917442,
        0.042783618
      ]
    ],
    "translation": [
      2.10534048,
      0.74752295,
      -0.708413064
    ]
  },
  {
    "timeStamp": 15087,
    "rotation": [
      [
        0.465937525,
        -0.8578921,
        -0.216618255
      ],
      [
        0.136122063,
        -0.172402978,
        0.975575745
      ],
      [
        -0.8742843,
        -0.484043866,
        0.03644902
      ]
    ],
    "translation": [
      2.09414268,
      0.7400508,
      -0.7061167
    ]
  }
]