[
  {
    "timeStamp": 27795,
    "rotation": [
      [
        0.9857456,
        -0.16744189,
        0.0163952112
      ],
      [
        -0.032909736,
        -0.09633548,
        0.99480474
      ],
      [
        -0.164992556,
        -0.981164,
        -0.100472748
      ]
    ],
    "translation": [
      1.6103822,
      0.703794241,
      -0.609088838
    ]
  },
  {
    "timeStamp": 27840,
    "rotation": [
      [
        0.9749866,
        -0.213432387,
        0.06202979
      ],
      [
        -0.08150377,
        -0.0836796463,
        0.993154
      ],
      [
        -0.2067806,
        -0.9733675,
        -0.09898207
      ]
    ],
    "translation": [
      1.60608518,
      0.7203347,
      -0.6044631
    ]
  },
  {
    "timeStamp": 27895,
    "rotation": [
      [
        0.9384879,
        -0.296283841,
        0.177359283
      ],
      [
        -0.215885147,
        -0.102559112,
        0.9710176
      ],
      [
        -0.269507,
        -0.94957757,
        -0.160213768
      ]
    ],
    "translation": [
      1.59701955,
      0.76356703,
      -0.594847858
    ]
  },
  {
    "timeStamp": 27940,
    "rotation": [
      [
        0.8907558,
        -0.377353638,
        0.253295064
      ],
      [
        -0.313572019,
        -0.10685984,
        0.943532467
      ],
      [
        -0.32897833,
        -0.919883251,
        -0.213513553
      ]
    ],
    "translation": [
      1.59952164,
      0.802244,
      -0.587478757
    ]
  },
  {
    "timeStamp": 27995,
    "rotation": [
      [
        0.8096665,
        -0.4875432,
        0.3267137
      ],
      [
        -0.426751077,
        -0.106920756,
        0.898026466
      ],
      [
        -0.402894229,
        -0.8665273,
        -0.294629723
      ]
    ],
    "translation": [
      1.61781728,
      0.8502251,
      -0.5799547
    ]
  },
  {
    "timeStamp": 28040,
    "rotation": [
      [
        0.71668756,
        -0.5847635,
        0.380013883
      ],
      [
        -0.518126369,
        -0.08173347,
        0.8513899
      ],
      [
        -0.466801882,
        -0.807075739,
        -0.361558735
      ]
    ],
    "translation": [
      1.64440513,
      0.89218986,
      -0.5761757
    ]
  },
  {
    "timeStamp": 28095,
    "rotation": [
      [
        0.5681005,
        -0.71319294,
        0.4106308
      ],
      [
        -0.621846735,
        -0.0451858342,
        0.7818343
      ],
      [
        -0.539044,
        -0.699509859,
        -0.469166815
      ]
    ],
    "translation": [
      1.69591486,
      0.9443702,
      -0.569813251
    ]
  },
  {
    "timeStamp": 28140,
    "rotation": [
      [
        0.4321397,
        -0.8168142,
        0.3821908
      ],
      [
        -0.6921687,
        -0.0287604034,
        0.7211625
      ],
      [
        -0.5780638,
        -0.576183438,
        -0.5778017
      ]
    ],
    "translation": [
      1.75513935,
      0.9850819,
      -0.5662118
    ]
  },
  {
    "timeStamp": 28195,
    "rotation": [
      [
        0.247998565,
        -0.924896538,
        0.288206547
      ],
      [
        -0.756581962,
        0.0008936278,
        0.653898239
      ],
      [
        -0.605045736,
        -0.3802177,
        -0.6995384
      ]
    ],
    "translation": [
      1.847135,
      1.02931917,
      -0.5696826
    ]
  },
  {
    "timeStamp": 28240,
    "rotation": [
      [
        0.122920394,
        -0.97848,
        0.165733144
      ],
      [
        -0.7899646,
        0.00461331662,
        0.61313504
      ],
      [
        -0.600704968,
        -0.206290126,
        -0.7723975
      ]
    ],
    "translation": [
      1.92649865,
      1.05612671,
      -0.580247164
    ]
  },
  {
    "timeStamp": 28295,
    "rotation": [
      [
        0.00421030633,
        -0.9999381,
        -0.0103052668
      ],
      [
        -0.8021467,
        -0.009530643,
        0.597050965
      ],
      [
        -0.5971122,
        0.0057525686,
        -0.802137136
      ]
    ],
    "translation": [
      2.025521,
      1.07477617,
      -0.6068678
    ]
  },
  {
    "timeStamp": 28340,
    "rotation": [
      [
        -0.041191373,
        -0.9880204,
        -0.148724526
      ],
      [
        -0.7824452,
        -0.0606698729,
        0.619757
      ],
      [
        -0.621355653,
        0.141897425,
        -0.7705727
      ]
    ],
    "translation": [
      2.09463549,
      1.07310581,
      -0.632905662
    ]
  },
  {
    "timeStamp": 28393,
    "rotation": [
      [
        -0.09689125,
        -0.96728003,
        -0.23448123
      ],
      [
        -0.7247312,
        -0.09290936,
        0.68273896
      ],
      [
        -0.682185233,
        0.2360873,
        -0.6920159
      ]
    ],
    "translation": [
      2.151932,
      1.054215,
      -0.6596919
    ]
  },
  {
    "timeStamp": 28437,
    "rotation": [
      [
        -0.157608867,
        -0.9452381,
        -0.285804749
      ],
      [
        -0.6072075,
        -0.13547653,
        0.782908142
      ],
      [
        -0.7787545,
        0.296936065,
        -0.552603364
      ]
    ],
    "translation": [
      2.20270848,
      1.0187372,
      -0.690763533
    ]
  },
  {
    "timeStamp": 28490,
    "rotation": [
      [
        -0.16665408,
        -0.941606,
        -0.292582572
      ],
      [
        -0.480635256,
        -0.181514621,
        0.857929
      ],
      [
        -0.8609391,
        0.2836029,
        -0.4223189
      ]
    ],
    "translation": [
      2.22602057,
      0.977194667,
      -0.716940463
    ]
  },
  {
    "timeStamp": 28545,
    "rotation": [
      [
        -0.172723338,
        -0.9459631,
        -0.274445742
      ],
      [
        -0.424989372,
        -0.179788038,
        0.8871642
      ],
      [
        -0.8885666,
        0.2698705,
        -0.3709707
      ]
    ],
    "translation": [
      2.236216,
      0.9514221,
      -0.7321809
    ]
  },
  {
    "timeStamp": 28590,
    "rotation": [
      [
        -0.157605842,
        -0.95900327,
        -0.235527351
      ],
      [
        -0.4093236,
        -0.15361087,
        0.899365246
      ],
      [
        -0.8986738,
        0.238152146,
        -0.368332684
      ]
    ],
    "translation": [
      2.23230982,
      0.9405192,
      -0.735999763
    ]
  },
  {
    "timeStamp": 28645,
    "rotation": [
      [
        -0.143638536,
        -0.9620513,
        -0.232002854
      ],
      [
        -0.413605958,
        -0.15461795,
        0.897231
      ],
      [
        -0.899054,
        0.224834681,
        -0.37570107
      ]
    ],
    "translation": [
      2.231055,
      0.936162,
      -0.735323
    ]
  },
  {
    "timeStamp": 28690,
    "rotation": [
      [
        -0.138513833,
        -0.965084,
        -0.222321376
      ],
      [
        -0.411644,
        -0.148070887,
        0.899235368
      ],
      [
        -0.900756955,
        0.216073781,
        -0.3767612
      ]
    ],
    "translation": [
      2.23033047,
      0.9332868,
      -0.733644
    ]
  },
  {
    "timeStamp": 28745,
    "rotation": [
      [
        -0.130203962,
        -0.9705897,
        -0.202490747
      ],
      [
        -0.4327077,
        -0.1281273,
        0.892383039
      ],
      [
        -0.8920824,
        0.2038111,
        -0.403298974
      ]
    ],
    "translation": [
      2.22996473,
      0.9375169,
      -0.7286029
    ]
  },
  {
    "timeStamp": 28790,
    "rotation": [
      [
        -0.07689165,
        -0.9811215,
        -0.177449539
      ],
      [
        -0.48636,
        -0.118455835,
        0.8656917
      ],
      [
        -0.870368659,
        0.152868822,
        -0.46807
      ]
    ],
    "translation": [
      2.2238,
      0.9517347,
      -0.722446561
    ]
  },
  {
    "timeStamp": 28845,
    "rotation": [
      [
        0.116817035,
        -0.988474667,
        -0.09628933
      ],
      [
        -0.555211067,
        -0.145385444,
        0.818904
      ],
      [
        -0.82346493,
        -0.0422010347,
        -0.5657956
      ]
    ],
    "translation": [
      2.190967,
      0.97498554,
      -0.718539357
    ]
  },
  {
    "timeStamp": 28891,
    "rotation": [
      [
        0.325224459,
        -0.945486665,
        -0.01685548
      ],
      [
        -0.5481212,
        -0.203005284,
        0.8113889
      ],
      [
        -0.770579159,
        -0.2546447,
        -0.584263563
      ]
    ],
    "translation": [
      2.15327358,
      0.980022,
      -0.724353254
    ]
  },
  {
    "timeStamp": 28937,
    "rotation": [
      [
        0.5039642,
        -0.8617379,
        0.05854871
      ],
      [
        -0.4761717,
        -0.220641986,
        0.851221263
      ],
      [
        -0.720611334,
        -0.456864238,
        -0.5215308
      ]
    ],
    "translation": [
      2.119758,
      0.965435147,
      -0.7413888
    ]
  },
  {
    "timeStamp": 28994,
    "rotation": [
      [
        0.65384537,
        -0.755650043,
        0.03845939
      ],
      [
        -0.373258,
        -0.277922064,
        0.8851202
      ],
      [
        -0.6581524,
        -0.593087,
        -0.4637705
      ]
    ],
    "translation": [
      2.108311,
      0.944418848,
      -0.75245297
    ]
  },
  {
    "timeStamp": 29039,
    "rotation": [
      [
        0.7559231,
        -0.6538219,
        0.0331252255
      ],
      [
        -0.283689946,
        -0.281549931,
        0.9166513
      ],
      [
        -0.5900003,
        -0.7023152,
        -0.398312777
      ]
    ],
    "translation": [
      2.10242462,
      0.92509377,
      -0.768162251
    ]
  },
  {
    "timeStamp": 29095,
    "rotation": [
      [
        0.863820255,
        -0.5036566,
        -0.0120260976
      ],
      [
        -0.158351824,
        -0.294095039,
        0.9425671
      ],
      [
        -0.478266984,
        -0.8123042,
        -0.333800167
      ]
    ],
    "translation": [
      2.102442,
      0.9034601,
      -0.78653276
    ]
  },
  {
    "timeStamp": 29139,
    "rotation": [
      [
        0.913842142,
        -0.405949831,
        -0.009857719
      ],
      [
        -0.109905429,
        -0.270634472,
        0.9563879
      ],
      [
        -0.390913337,
        -0.8729041,
        -0.2919333
      ]
    ],
    "translation": [
      2.09804416,
      0.8952162,
      -0.7994081
    ]
  },
  {
    "timeStamp": 29194,
    "rotation": [
      [
        0.9560555,
        -0.290616482,
        -0.0387276448
      ],
      [
        -0.0363125429,
        -0.248450324,
        0.967963755
      ],
      [
        -0.290928125,
        -0.9240208,
        -0.24808535
      ]
    ],
    "translation": [
      2.09881878,
      0.881933033,
      -0.811761439
    ]
  },
  {
    "timeStamp": 29239,
    "rotation": [
      [
        0.9742608,
        -0.21954219,
        -0.05115838
      ],
      [
        -0.00156219618,
        -0.233513042,
        0.972352445
      ],
      [
        -0.225418523,
        -0.947244942,
        -0.22784555
      ]
    ],
    "translation": [
      2.09946156,
      0.8727788,
      -0.816563
    ]
  },
  {
    "timeStamp": 29294,
    "rotation": [
      [
        0.985209167,
        -0.1611991,
        -0.0581178255
      ],
      [
        0.0216516573,
        -0.21933876,
        0.9754085
      ],
      [
        -0.169982448,
        -0.962239742,
        -0.212604344
      ]
    ],
    "translation": [
      2.098339,
      0.861883342,
      -0.818045
    ]
  },
  {
    "timeStamp": 29338,
    "rotation": [
      [
        0.990196645,
        -0.126486331,
        -0.05926017
      ],
      [
        0.0332465656,
        -0.1986397,
        0.9795085
      ],
      [
        -0.135665849,
        -0.971876264,
        -0.192487121
      ]
    ],
    "translation": [
      2.09802318,
      0.852604449,
      -0.819124758
    ]
  },
  {
    "timeStamp": 29394,
    "rotation": [
      [
        0.992554247,
        -0.116478629,
        -0.0356206223
      ],
      [
        0.017511595,
        -0.1529448,
        0.988079548
      ],
      [
        -0.120538153,
        -0.9813463,
        -0.149766281
      ]
    ],
    "translation": [
      2.092904,
      0.8424946,
      -0.8216344
    ]
  },
  {
    "timeStamp": 29438,
    "rotation": [
      [
        0.994589,
        -0.0891432762,
        -0.0533509031
      ],
      [
        0.0400931165,
        -0.1443994,
        0.9887069
      ],
      [
        -0.0958404243,
        -0.985496,
        -0.140044019
      ]
    ],
    "translation": [
      2.094686,
      0.82889533,
      -0.822504342
    ]
  },
  {
    "timeStamp": 29493,
    "rotation": [
      [
        0.994691133,
        -0.08545102,
        -0.0573386252
      ],
      [
        0.04720258,
        -0.116248406,
        0.9920979
      ],
      [
        -0.09144129,
        -0.9895375,
        -0.111597739
      ]
    ],
    "translation": [
      2.09639382,
      0.8134143,
      -0.824164033
    ]
  }
]