[
  {
    "timeStamp": 20221,
    "rotation": [
      [
        0.999902844,
        0.0134577136,
        -0.00364065031
      ],
      [
        0.00380684482,
        -0.0123444684,
        0.999916553
      ],
      [
        0.0134116467,
        -0.9998333,
        -0.0123945
      ]
    ],
    "translation": [
      1.30588758,
      0.702272356,
      -0.4870393
    ]
  },
  {
    "timeStamp": 20265,
    "rotation": [
      [
        0.9995518,
        0.0297704656,
        0.0031590783
      ],
      [
        -0.00312472181,
        -0.00120050716,
        0.9999944
      ],
      [
        0.02977409,
        -0.999556065,
        -0.00110694463
      ]
    ],
    "translation": [
      1.30458844,
      0.701484442,
      -0.4872712
    ]
  },
  {
    "timeStamp": 20312,
    "rotation": [
      [
        0.999469042,
        0.031662643,
        0.007687588
      ],
      [
        -0.007631,
        -0.0019076746,
        0.999969065
      ],
      [
        0.03167633,
        -0.999496758,
        -0.00166504411
      ]
    ],
    "translation": [
      1.304469,
      0.701658368,
      -0.487290949
    ]
  },
  {
    "timeStamp": 20365,
    "rotation": [
      [
        0.9967961,
        0.07015364,
        0.0384190232
      ],
      [
        -0.0335295,
        -0.06959221,
        0.9970119
      ],
      [
        0.0726176649,
        -0.995105743,
        -0.0670170262
      ]
    ],
    "translation": [
      1.30128646,
      0.729079962,
      -0.480947942
    ]
  },
  {
    "timeStamp": 20421,
    "rotation": [
      [
        0.992827,
        0.094526194,
        0.0732079744
      ],
      [
        -0.0617666841,
        -0.118755549,
        0.991000533
      ],
      [
        0.102369331,
        -0.9884139,
        -0.112065144
      ]
    ],
    "translation": [
      1.30400753,
      0.7676897,
      -0.475690126
    ]
  },
  {
    "timeStamp": 20465,
    "rotation": [
      [
        0.9857416,
        0.130400389,
        0.106344111
      ],
      [
        -0.08536131,
        -0.157103091,
        0.9838862
      ],
      [
        0.14500615,
        -0.978935242,
        -0.1437319
      ]
    ],
    "translation": [
      1.30673087,
      0.802973568,
      -0.473592639
    ]
  },
  {
    "timeStamp": 20521,
    "rotation": [
      [
        0.971997857,
        0.180819243,
        0.1500817
      ],
      [
        -0.116300888,
        -0.184803218,
        0.975869834
      ],
      [
        0.2041916,
        -0.965998054,
        -0.158598885
      ]
    ],
    "translation": [
      1.31561208,
      0.8497189,
      -0.4764185
    ]
  },
  {
    "timeStamp": 20565,
    "rotation": [
      [
        0.950067163,
        0.2582193,
        0.1752006
      ],
      [
        -0.127954662,
        -0.189708859,
        0.973467052
      ],
      [
        0.284605116,
        -0.947276831,
        -0.147195786
      ]
    ],
    "translation": [
      1.32298,
      0.8807082,
      -0.487428039
    ]
  },
  {
    "timeStamp": 20621,
    "rotation": [
      [
        0.9267785,
        0.322113127,
        0.193196431
      ],
      [
        -0.138932332,
        -0.183896914,
        0.9730775
      ],
      [
        0.348969221,
        -0.9286685,
        -0.125679776
      ]
    ],
    "translation": [
      1.35026288,
      0.9158101,
      -0.5014574
    ]
  },
  {
    "timeStamp": 20665,
    "rotation": [
      [
        0.898387432,
        0.380672634,
        0.219062477
      ],
      [
        -0.155795053,
        -0.190129355,
        0.9693187
      ],
      [
        0.4106433,
        -0.9049526,
        -0.111502908
      ]
    ],
    "translation": [
      1.37480974,
      0.9402679,
      -0.5163363
    ]
  },
  {
    "timeStamp": 20721,
    "rotation": [
      [
        0.880266845,
        0.418477982,
        0.223620966
      ],
      [
        -0.155236959,
        -0.191351235,
        0.969167769
      ],
      [
        0.448365539,
        -0.8878405,
        -0.1034769
      ]
    ],
    "translation": [
      1.42453444,
      0.9682322,
      -0.528303862
    ]
  },
  {
    "timeStamp": 20765,
    "rotation": [
      [
        0.872169733,
        0.431875616,
        0.229789928
      ],
      [
        -0.165794447,
        -0.180978373,
        0.9694117
      ],
      [
        0.460252285,
        -0.883589447,
        -0.08624128
      ]
    ],
    "translation": [
      1.47140563,
      0.985448837,
      -0.538364947
    ]
  },
  {
    "timeStamp": 20820,
    "rotation": [
      [
        0.8725874,
        0.435052067,
        0.222082973
      ],
      [
        -0.165365517,
        -0.164701447,
        0.9723825
      ],
      [
        0.4596144,
        -0.885213554,
        -0.0717738047
      ]
    ],
    "translation": [
      1.5369339,
      1.00136709,
      -0.547974467
    ]
  },
  {
    "timeStamp": 20865,
    "rotation": [
      [
        0.8813407,
        0.4196678,
        0.2170657
      ],
      [
        -0.1782033,
        -0.130232736,
        0.9753374
      ],
      [
        0.437586755,
        -0.898286343,
        -0.0399932228
      ]
    ],
    "translation": [
      1.59612215,
      1.00815809,
      -0.557029843
    ]
  },
  {
    "timeStamp": 20920,
    "rotation": [
      [
        0.8976443,
        0.384343654,
        0.2156725
      ],
      [
        -0.1856506,
        -0.1140702,
        0.975972235
      ],
      [
        0.399710566,
        -0.916115642,
        -0.0310408287
      ]
    ],
    "translation": [
      1.670805,
      1.01830637,
      -0.565150261
    ]
  },
  {
    "timeStamp": 20965,
    "rotation": [
      [
        0.915115356,
        0.348042369,
        0.203544423
      ],
      [
        -0.177171588,
        -0.10636238,
        0.978415668
      ],
      [
        0.3621796,
        -0.9314255,
        -0.0356706269
      ]
    ],
    "translation": [
      1.73438764,
      1.02325439,
      -0.5703128
    ]
  },
  {
    "timeStamp": 21021,
    "rotation": [
      [
        0.940946639,
        0.290866435,
        0.173251674
      ],
      [
        -0.148911729,
        -0.1040057,
        0.9833657
      ],
      [
        0.304047227,
        -0.951093853,
        -0.05455039
      ]
    ],
    "translation": [
      1.81919491,
      1.0306164,
      -0.57113564
    ]
  },
  {
    "timeStamp": 21065,
    "rotation": [
      [
        0.9606632,
        0.256963134,
        0.105338335
      ],
      [
        -0.08114259,
        -0.103040934,
        0.9913619
      ],
      [
        0.2655976,
        -0.960912347,
        -0.07813697
      ]
    ],
    "translation": [
      1.88302755,
      1.026083,
      -0.572733045
    ]
  },
  {
    "timeStamp": 21120,
    "rotation": [
      [
        0.9805592,
        0.18108575,
        0.0755758062
      ],
      [
        -0.0600489452,
        -0.089749366,
        0.9941525
      ],
      [
        0.186809734,
        -0.979363561,
        -0.0771305561
      ]
    ],
    "translation": [
      1.96188176,
      1.02134538,
      -0.5749615
    ]
  },
  {
    "timeStamp": 21165,
    "rotation": [
      [
        0.9912256,
        0.1169671,
        0.0615670681
      ],
      [
        -0.052098278,
        -0.08235551,
        0.995240331
      ],
      [
        0.121480778,
        -0.9897152,
        -0.0755391
      ]
    ],
    "translation": [
      2.01523113,
      1.01878881,
      -0.5770049
    ]
  },
  {
    "timeStamp": 21220,
    "rotation": [
      [
        0.999458253,
        0.03139448,
        0.009879433
      ],
      [
        -0.00686677126,
        -0.0946595,
        0.995486
      ],
      [
        0.03218795,
        -0.995014548,
        -0.0943926349
      ]
    ],
    "translation": [
      2.08288336,
      1.01562333,
      -0.577187061
    ]
  },
  {
    "timeStamp": 21265,
    "rotation": [
      [
        0.999567032,
        -0.0251412727,
        0.0152869578
      ],
      [
        -0.0173897576,
        -0.08566745,
        0.996172
      ],
      [
        -0.0237354357,
        -0.996006548,
        -0.0860675648
      ]
    ],
    "translation": [
      2.12089682,
      1.00689077,
      -0.5801721
    ]
  },
  {
    "timeStamp": 21321,
    "rotation": [
      [
        0.9969867,
        -0.06648932,
        -0.039958965
      ],
      [
        0.03443445,
        -0.08225521,
        0.996016264
      ],
      [
        -0.06951125,
        -0.9943909,
        -0.07971782
      ]
    ],
    "translation": [
      2.158339,
      0.986964941,
      -0.5819493
    ]
  },
  {
    "timeStamp": 21365,
    "rotation": [
      [
        0.995787442,
        -0.08805586,
        -0.025566319
      ],
      [
        0.02054884,
        -0.0574232228,
        0.9981384
      ],
      [
        -0.089360036,
        -0.994459033,
        -0.0553718768
      ]
    ],
    "translation": [
      2.17298913,
      0.9616557,
      -0.5831338
    ]
  },
  {
    "timeStamp": 21420,
    "rotation": [
      [
        0.9931587,
        -0.1123042,
        -0.0319947265
      ],
      [
        0.0273627061,
        -0.0425474234,
        0.9987197
      ],
      [
        -0.1135217,
        -0.992762566,
        -0.0391833968
      ]
    ],
    "translation": [
      2.18399477,
      0.9286629,
      -0.5810982
    ]
  },
  {
    "timeStamp": 21465,
    "rotation": [
      [
        0.991174638,
        -0.132447779,
        -0.00550931273
      ],
      [
        0.00174761482,
        -0.0285008531,
        0.999592245
      ],
      [
        -0.132550791,
        -0.9907801,
        -0.0280178562
      ]
    ],
    "translation": [
      2.1867218,
      0.899389267,
      -0.577199459
    ]
  },
  {
    "timeStamp": 21520,
    "rotation": [
      [
        0.9841992,
        -0.170746431,
        -0.0468769148
      ],
      [
        0.043442402,
        -0.0237978082,
        0.998772442
      ],
      [
        -0.1716524,
        -0.985027552,
        -0.01600415
      ]
    ],
    "translation": [
      2.20294762,
      0.861083448,
      -0.5718502
    ]
  },
  {
    "timeStamp": 21565,
    "rotation": [
      [
        0.981292367,
        -0.188180938,
        -0.0406598374
      ],
      [
        0.0348645672,
        -0.0340058543,
        0.998813331
      ],
      [
        -0.189340308,
        -0.981545448,
        -0.02680884
      ]
    ],
    "translation": [
      2.20886,
      0.8358326,
      -0.564957
    ]
  },
  {
    "timeStamp": 21620,
    "rotation": [
      [
        0.9779371,
        -0.2009348,
        -0.05713326
      ],
      [
        0.0514717661,
        -0.03329269,
        0.998119354
      ],
      [
        -0.202459037,
        -0.9790387,
        -0.0222156849
      ]
    ],
    "translation": [
      2.21616125,
      0.8099527,
      -0.55951333
    ]
  },
  {
    "timeStamp": 21664,
    "rotation": [
      [
        0.9758649,
        -0.212159425,
        -0.0517302565
      ],
      [
        0.042824503,
        -0.0463622659,
        0.9980063
      ],
      [
        -0.214134812,
        -0.976134658,
        -0.0361576863
      ]
    ],
    "translation": [
      2.217079,
      0.7959792,
      -0.55228
    ]
  },
  {
    "timeStamp": 21720,
    "rotation": [
      [
        0.9700978,
        -0.237135932,
        -0.0517369956
      ],
      [
        0.0425267629,
        -0.04379508,
        0.998135
      ],
      [
        -0.238959521,
        -0.9704888,
        -0.0324008875
      ]
    ],
    "translation": [
      2.22256351,
      0.776685,
      -0.546448231
    ]
  },
  {
    "timeStamp": 21764,
    "rotation": [
      [
        0.965912342,
        -0.257967055,
        -0.0215949155
      ],
      [
        0.00748922,
        -0.0555382855,
        0.998428464
      ],
      [
        -0.258761,
        -0.9645561,
        -0.0517131463
      ]
    ],
    "translation": [
      2.22174573,
      0.7696997,
      -0.5397997
    ]
  },
  {
    "timeStamp": 21820,
    "rotation": [
      [
        0.9703339,
        -0.2404994,
        -0.0247424953
      ],
      [
        0.009463711,
        -0.06447809,
        0.99787426
      ],
      [
        -0.2415835,
        -0.9685053,
        -0.0602892563
      ]
    ],
    "translation": [
      2.21842647,
      0.7616365,
      -0.5332352
    ]
  },
  {
    "timeStamp": 21864,
    "rotation": [
      [
        0.9648656,
        -0.261326015,
        -0.0272587836
      ],
      [
        0.0114771444,
        -0.06172788,
        0.998027
      ],
      [
        -0.262493044,
        -0.963274837,
        -0.0565598346
      ]
    ],
    "translation": [
      2.22219634,
      0.755941,
      -0.5300505
    ]
  },
  {
    "timeStamp": 21920,
    "rotation": [
      [
        0.9636968,
        -0.2668179,
        -0.009833972
      ],
      [
        -0.003971219,
        -0.051151257,
        0.998683035
      ],
      [
        -0.266969532,
        -0.9623886,
        -0.0503538959
      ]
    ],
    "translation": [
      2.22037029,
      0.749457657,
      -0.526771247
    ]
  },
  {
    "timeStamp": 21964,
    "rotation": [
      [
        0.964021146,
        -0.265473962,
        -0.0136634381
      ],
      [
        -0.00333057274,
        -0.06345844,
        0.9979789
      ],
      [
        -0.2658045,
        -0.9620273,
        -0.0620594658
      ]
    ],
    "translation": [
      2.219899,
      0.748246968,
      -0.522803
    ]
  },
  {
    "timeStamp": 22020,
    "rotation": [
      [
        0.9648144,
        -0.262838453,
        -0.00700353459
      ],
      [
        -0.007654773,
        -0.0547038577,
        0.9984733
      ],
      [
        -0.262820274,
        -0.96328783,
        -0.0547910444
      ]
    ],
    "translation": [
      2.21771216,
      0.743817866,
      -0.520146251
    ]
  },
  {
    "timeStamp": 22064,
    "rotation": [
      [
        0.965607762,
        -0.259841383,
        -0.00916913
      ],
      [
        -0.00467829732,
        -0.05262335,
        0.998603463
      ],
      [
        -0.259961,
        -0.964216352,
        -0.0520291328
      ]
    ],
    "translation": [
      2.21678376,
      0.7405351,
      -0.518723547
    ]
  },
  {
    "timeStamp": 22120,
    "rotation": [
      [
        0.9677908,
        -0.251428157,
        -0.0128444368
      ],
      [
        0.00119377207,
        -0.0464357324,
        0.99892056
      ],
      [
        -0.2517532,
        -0.9667614,
        -0.0446399227
      ]
    ],
    "translation": [
      2.21501255,
      0.736528337,
      -0.5174676
    ]
  },
  {
    "timeStamp": 22164,
    "rotation": [
      [
        0.967642069,
        -0.252095044,
        -0.01080904
      ],
      [
        0.0012472719,
        -0.0380582139,
        0.999274731
      ],
      [
        -0.2523236,
        -0.966953754,
        -0.0365123
      ]
    ],
    "translation": [
      2.21470118,
      0.732428,
      -0.517498136
    ]
  },
  {
    "timeStamp": 22220,
    "rotation": [
      [
        0.96836096,
        -0.2489187,
        -0.017791478
      ],
      [
        0.009694941,
        -0.03371512,
        0.999384463
      ],
      [
        -0.249365315,
        -0.9679374,
        -0.0302351564
      ]
    ],
    "translation": [
      2.214291,
      0.7274757,
      -0.5176493
    ]
  },
  {
    "timeStamp": 22264,
    "rotation": [
      [
        0.9689689,
        -0.246256843,
        -0.0213727523
      ],
      [
        0.0162308756,
        -0.0228912253,
        0.9996062
      ],
      [
        -0.246649116,
        -0.968934238,
        -0.0181839224
      ]
    ],
    "translation": [
      2.214585,
      0.7242715,
      -0.517629564
    ]
  },
  {
    "timeStamp": 22320,
    "rotation": [
      [
        0.968942344,
        -0.2457798,
        -0.0272583645
      ],
      [
        0.0272827912,
        -0.00330627477,
        0.9996223
      ],
      [
        -0.245777085,
        -0.969320059,
        0.00350196962
      ]
    ],
    "translation": [
      2.21452951,
      0.7217233,
      -0.5176434
    ]
  }
]