[
  {
    "timeStamp": 49019,
    "rotation": [
      [
        0.951956034,
        0.292824745,
        -0.08962895
      ],
      [
        -0.287992746,
        0.955553234,
        0.06307352
      ],
      [
        0.104114719,
        -0.0342307352,
        0.993976057
      ]
    ],
    "translation": [
      1.45420766,
      0.7023002,
      -0.751863956
    ]
  },
  {
    "timeStamp": 49063,
    "rotation": [
      [
        0.96166867,
        0.25984174,
        -0.08761069
      ],
      [
        -0.260050237,
        0.965551,
        0.009226017
      ],
      [
        0.0869898945,
        0.0139108077,
        0.9961121
      ]
    ],
    "translation": [
      1.454167,
      0.700406,
      -0.7519388
    ]
  },
  {
    "timeStamp": 49119,
    "rotation": [
      [
        0.9581452,
        0.272722244,
        -0.08706568
      ],
      [
        -0.267181218,
        0.9610865,
        0.0701916143
      ],
      [
        0.102820471,
        -0.0439914428,
        0.9937267
      ]
    ],
    "translation": [
      1.45220625,
      0.7044304,
      -0.7465046
    ]
  },
  {
    "timeStamp": 49163,
    "rotation": [
      [
        0.9223816,
        0.379297823,
        -0.07311213
      ],
      [
        -0.35605672,
        0.908238053,
        0.219834387
      ],
      [
        0.149785921,
        -0.176739126,
        0.9727936
      ]
    ],
    "translation": [
      1.44605708,
      0.7185826,
      -0.728970647
    ]
  },
  {
    "timeStamp": 49219,
    "rotation": [
      [
        0.9111084,
        0.408211,
        -0.05696757
      ],
      [
        -0.375959575,
        0.879741669,
        0.291048169
      ],
      [
        0.1689258,
        -0.243758917,
        0.955010831
      ]
    ],
    "translation": [
      1.45463443,
      0.755578339,
      -0.7138343
    ]
  },
  {
    "timeStamp": 49263,
    "rotation": [
      [
        0.898443758,
        0.4376633,
        -0.03535046
      ],
      [
        -0.398775339,
        0.847005665,
        0.3515105
      ],
      [
        0.183785275,
        -0.301715523,
        0.9355163
      ]
    ],
    "translation": [
      1.46619034,
      0.7943453,
      -0.7026221
    ]
  },
  {
    "timeStamp": 49318,
    "rotation": [
      [
        0.8809956,
        0.4728772,
        0.0152912177
      ],
      [
        -0.433513343,
        0.793869555,
        0.4264238
      ],
      [
        0.189506859,
        -0.382306427,
        0.9043942
      ]
    ],
    "translation": [
      1.48763227,
      0.853734434,
      -0.687752545
    ]
  },
  {
    "timeStamp": 49363,
    "rotation": [
      [
        0.8607227,
        0.5057042,
        0.0584766939
      ],
      [
        -0.464223534,
        0.7325519,
        0.497859538
      ],
      [
        0.208932444,
        -0.4556653,
        0.8652839
      ]
    ],
    "translation": [
      1.509632,
      0.9109926,
      -0.676638
    ]
  },
  {
    "timeStamp": 49418,
    "rotation": [
      [
        0.855129957,
        0.5102847,
        0.09144549
      ],
      [
        -0.450693339,
        0.644599438,
        0.6175493
      ],
      [
        0.256180257,
        -0.569298744,
        0.7811982
      ]
    ],
    "translation": [
      1.54612517,
      0.9854953,
      -0.661307
    ]
  },
  {
    "timeStamp": 49463,
    "rotation": [
      [
        0.847551942,
        0.5149058,
        0.128560126
      ],
      [
        -0.446582884,
        0.5610742,
        0.696964443
      ],
      [
        0.28673926,
        -0.6481263,
        0.705487669
      ]
    ],
    "translation": [
      1.582046,
      1.04526186,
      -0.6515037
    ]
  },
  {
    "timeStamp": 49519,
    "rotation": [
      [
        0.8492802,
        0.5068445,
        0.147756025
      ],
      [
        -0.406400144,
        0.448989868,
        0.7957682
      ],
      [
        0.3369898,
        -0.7358782,
        0.5872998
      ]
    ],
    "translation": [
      1.63051462,
      1.11546266,
      -0.642669857
    ]
  },
  {
    "timeStamp": 49563,
    "rotation": [
      [
        0.866737843,
        0.47998324,
        0.135579214
      ],
      [
        -0.3377696,
        0.364854932,
        0.8676362
      ],
      [
        0.366984069,
        -0.7978077,
        0.4783573
      ]
    ],
    "translation": [
      1.67623425,
      1.16670609,
      -0.638584852
    ]
  },
  {
    "timeStamp": 49618,
    "rotation": [
      [
        0.898227036,
        0.4240669,
        0.115565963
      ],
      [
        -0.250540584,
        0.277958065,
        0.927345
      ],
      [
        0.3611338,
        -0.8619203,
        0.355915427
      ]
    ],
    "translation": [
      1.73948634,
      1.21917808,
      -0.636771441
    ]
  },
  {
    "timeStamp": 49663,
    "rotation": [
      [
        0.927276134,
        0.36351496,
        0.0895309746
      ],
      [
        -0.178139418,
        0.2180829,
        0.959534347
      ],
      [
        0.3292799,
        -0.9057023,
        0.266979426
      ]
    ],
    "translation": [
      1.7895081,
      1.25007653,
      -0.6366394
    ]
  },
  {
    "timeStamp": 49718,
    "rotation": [
      [
        0.949300468,
        0.305944473,
        0.07229593
      ],
      [
        -0.122313805,
        0.147599861,
        0.981454849
      ],
      [
        0.2895998,
        -0.940538347,
        0.177537844
      ]
    ],
    "translation": [
      1.85359609,
      1.27924621,
      -0.6414219
    ]
  },
  {
    "timeStamp": 49763,
    "rotation": [
      [
        0.9669099,
        0.249966472,
        0.05101015
      ],
      [
        -0.08712056,
        0.135596052,
        0.9869264
      ],
      [
        0.239781722,
        -0.9587129,
        0.152886376
      ]
    ],
    "translation": [
      1.90283668,
      1.2887727,
      -0.645907
    ]
  },
  {
    "timeStamp": 49818,
    "rotation": [
      [
        0.977590442,
        0.206635833,
        0.0402313769
      ],
      [
        -0.06375466,
        0.108472452,
        0.992053
      ],
      [
        0.200629711,
        -0.9723864,
        0.11921563
      ]
    ],
    "translation": [
      1.95904851,
      1.29558277,
      -0.654028833
    ]
  },
  {
    "timeStamp": 49863,
    "rotation": [
      [
        0.984573245,
        0.17093882,
        0.03735466
      ],
      [
        -0.0552615747,
        0.101227254,
        0.9933273
      ],
      [
        0.166016877,
        -0.9800678,
        0.109111995
      ]
    ],
    "translation": [
      2.00142431,
      1.29422975,
      -0.6585437
    ]
  },
  {
    "timeStamp": 49918,
    "rotation": [
      [
        0.989165,
        0.140379488,
        0.0429668836
      ],
      [
        -0.05528757,
        0.08507935,
        0.9948391
      ],
      [
        0.135999411,
        -0.986435533,
        0.09191876
      ]
    ],
    "translation": [
      2.04390216,
      1.28434324,
      -0.6607452
    ]
  },
  {
    "timeStamp": 49963,
    "rotation": [
      [
        0.991551459,
        0.112335443,
        0.06485739
      ],
      [
        -0.0743383542,
        0.0823728442,
        0.9938252
      ],
      [
        0.106299311,
        -0.9902502,
        0.09002775
      ]
    ],
    "translation": [
      2.07031918,
      1.26884651,
      -0.6575507
    ]
  },
  {
    "timeStamp": 50018,
    "rotation": [
      [
        0.99426204,
        0.0845637247,
        0.0655125454
      ],
      [
        -0.07202652,
        0.07642713,
        0.994470239
      ],
      [
        0.0790891647,
        -0.993482649,
        0.08207943
      ]
    ],
    "translation": [
      2.092243,
      1.246776,
      -0.6506428
    ]
  },
  {
    "timeStamp": 50063,
    "rotation": [
      [
        0.994094133,
        0.0602888949,
        0.09023397
      ],
      [
        -0.09478233,
        0.0774070546,
        0.992484
      ],
      [
        0.0528510064,
        -0.995175064,
        0.0826642141
      ]
    ],
    "translation": [
      2.102741,
      1.22554016,
      -0.642606854
    ]
  },
  {
    "timeStamp": 50118,
    "rotation": [
      [
        0.988200545,
        0.03344238,
        0.149470165
      ],
      [
        -0.1515165,
        0.07062233,
        0.9859286
      ],
      [
        0.0224158522,
        -0.9969424,
        0.074856095
      ]
    ],
    "translation": [
      2.109679,
      1.20114839,
      -0.631176233
    ]
  },
  {
    "timeStamp": 50163,
    "rotation": [
      [
        0.979305267,
        0.0117810164,
        0.202045381
      ],
      [
        -0.202360734,
        0.07355035,
        0.976545155
      ],
      [
        -0.00335582742,
        -0.9972219,
        0.0744122639
      ]
    ],
    "translation": [
      2.108857,
      1.183037,
      -0.621886134
    ]
  },
  {
    "timeStamp": 50218,
    "rotation": [
      [
        0.971399367,
        -0.01595309,
        0.236915231
      ],
      [
        -0.234909147,
        0.08105428,
        0.968632
      ],
      [
        -0.03465566,
        -0.996582031,
        0.074988544
      ]
    ],
    "translation": [
      2.10462,
      1.15994918,
      -0.6092104
    ]
  },
  {
    "timeStamp": 50263,
    "rotation": [
      [
        0.9592663,
        -0.03418393,
        0.280427635
      ],
      [
        -0.275785774,
        0.101870552,
        0.9558057
      ],
      [
        -0.06124052,
        -0.9942102,
        0.0882935449
      ]
    ],
    "translation": [
      2.10110283,
      1.14000154,
      -0.5999269
    ]
  },
  {
    "timeStamp": 50318,
    "rotation": [
      [
        0.9529081,
        -0.0605860278,
        0.2971456
      ],
      [
        -0.288063169,
        0.125445083,
        0.949359357
      ],
      [
        -0.09479335,
        -0.9902489,
        0.102085039
      ]
    ],
    "translation": [
      2.09714556,
      1.1146127,
      -0.589965343
    ]
  },
  {
    "timeStamp": 50362,
    "rotation": [
      [
        0.9477144,
        -0.0832323,
        0.308074564
      ],
      [
        -0.294018924,
        0.147556737,
        0.944341
      ],
      [
        -0.124058127,
        -0.9855452,
        0.115369774
      ]
    ],
    "translation": [
      2.09747553,
      1.09313011,
      -0.5848719
    ]
  },
  {
    "timeStamp": 50418,
    "rotation": [
      [
        0.945491254,
        -0.124578,
        0.300876468
      ],
      [
        -0.2766784,
        0.1799586,
        0.943961859
      ],
      [
        -0.171742171,
        -0.975753665,
        0.135681227
      ]
    ],
    "translation": [
      2.10498428,
      1.06527829,
      -0.5812836
    ]
  },
  {
    "timeStamp": 50467,
    "rotation": [
      [
        0.9390609,
        -0.153577551,
        0.307536244
      ],
      [
        -0.274673134,
        0.202688247,
        0.939932
      ],
      [
        -0.206686437,
        -0.967125356,
        0.148152977
      ]
    ],
    "translation": [
      2.11445355,
      1.04369056,
      -0.580628335
    ]
  },
  {
    "timeStamp": 50517,
    "rotation": [
      [
        0.9343521,
        -0.193400756,
        0.299303085
      ],
      [
        -0.254042923,
        0.227490842,
        0.9400586
      ],
      [
        -0.24989672,
        -0.954381466,
        0.163424447
      ]
    ],
    "translation": [
      2.12683153,
      1.01987255,
      -0.5810451
    ]
  },
  {
    "timeStamp": 50562,
    "rotation": [
      [
        0.9364234,
        -0.212291092,
        0.279363036
      ],
      [
        -0.22959815,
        0.231322736,
        0.9453965
      ],
      [
        -0.265322268,
        -0.9494326,
        0.167874366
      ]
    ],
    "translation": [
      2.13338518,
      1.00746453,
      -0.5809363
    ]
  },
  {
    "timeStamp": 50617,
    "rotation": [
      [
        0.9388085,
        -0.22762467,
        0.2585066
      ],
      [
        -0.203839257,
        0.237815544,
        0.9496806
      ],
      [
        -0.277647644,
        -0.944262,
        0.1768644
      ]
    ],
    "translation": [
      2.13772178,
      0.9960334,
      -0.5793554
    ]
  },
  {
    "timeStamp": 50662,
    "rotation": [
      [
        0.94498533,
        -0.232736677,
        0.229861528
      ],
      [
        -0.175006986,
        0.2339654,
        0.956364334
      ],
      [
        -0.2763607,
        -0.943977654,
        0.180363327
      ]
    ],
    "translation": [
      2.140064,
      0.989417553,
      -0.577529848
    ]
  },
  {
    "timeStamp": 50717,
    "rotation": [
      [
        0.9478736,
        -0.232727066,
        0.217655122
      ],
      [
        -0.162179813,
        0.235619485,
        0.9582177
      ],
      [
        -0.274287015,
        -0.9435685,
        0.185593858
      ]
    ],
    "translation": [
      2.14050245,
      0.9789489,
      -0.5750699
    ]
  },
  {
    "timeStamp": 50762,
    "rotation": [
      [
        0.949376,
        -0.2366079,
        0.206644475
      ],
      [
        -0.148864537,
        0.2404088,
        0.9591887
      ],
      [
        -0.276630759,
        -0.9413927,
        0.1930158
      ]
    ],
    "translation": [
      2.140205,
      0.9698051,
      -0.573300064
    ]
  },
  {
    "timeStamp": 50817,
    "rotation": [
      [
        0.9474557,
        -0.241347864,
        0.209949732
      ],
      [
        -0.1506275,
        0.2424093,
        0.958409667
      ],
      [
        -0.282203883,
        -0.9396749,
        0.193318471
      ]
    ],
    "translation": [
      2.14049363,
      0.9596869,
      -0.571925
    ]
  },
  {
    "timeStamp": 50862,
    "rotation": [
      [
        0.946560442,
        -0.244307086,
        0.21056436
      ],
      [
        -0.1484098,
        0.249710232,
        0.95688
      ],
      [
        -0.286352664,
        -0.9369946,
        0.20010826
      ]
    ],
    "translation": [
      2.14043665,
      0.951214552,
      -0.571140051
    ]
  },
  {
    "timeStamp": 50918,
    "rotation": [
      [
        0.944786251,
        -0.2528512,
        0.2084352
      ],
      [
        -0.141433537,
        0.259128839,
        0.9554312
      ],
      [
        -0.29559347,
        -0.932158,
        0.209059715
      ]
    ],
    "translation": [
      2.14145184,
      0.941355944,
      -0.5702623
    ]
  },
  {
    "timeStamp": 50962,
    "rotation": [
      [
        0.9467866,
        -0.255366236,
        0.195916474
      ],
      [
        -0.1272477,
        0.262128025,
        0.956607
      ],
      [
        -0.29564032,
        -0.9306326,
        0.215684533
      ]
    ],
    "translation": [
      2.14161587,
      0.935267866,
      -0.5691761
    ]
  },
  {
    "timeStamp": 51018,
    "rotation": [
      [
        0.9472218,
        -0.257614583,
        0.1908024
      ],
      [
        -0.11898613,
        0.270146668,
        0.9554387
      ],
      [
        -0.297679573,
        -0.9277152,
        0.225236267
      ]
    ],
    "translation": [
      2.141648,
      0.9285347,
      -0.568103552
    ]
  },
  {
    "timeStamp": 51062,
    "rotation": [
      [
        0.9487198,
        -0.256966084,
        0.184117243
      ],
      [
        -0.111801207,
        0.272041619,
        0.9557687
      ],
      [
        -0.2956877,
        -0.9273412,
        0.229362175
      ]
    ],
    "translation": [
      2.14157748,
      0.9242663,
      -0.5672622
    ]
  },
  {
    "timeStamp": 51118,
    "rotation": [
      [
        0.9469101,
        -0.263951,
        0.1835514
      ],
      [
        -0.1067595,
        0.2803725,
        0.953935862
      ],
      [
        -0.3032551,
        -0.9228874,
        0.237308279
      ]
    ],
    "translation": [
      2.1425705,
      0.918301,
      -0.566552162
    ]
  },
  {
    "timeStamp": 51162,
    "rotation": [
      [
        0.945242047,
        -0.265325665,
        0.190052092
      ],
      [
        -0.10978549,
        0.2898945,
        0.950740933
      ],
      [
        -0.307351023,
        -0.9195453,
        0.244891554
      ]
    ],
    "translation": [
      2.14270854,
      0.912161231,
      -0.566097736
    ]
  },
  {
    "timeStamp": 51218,
    "rotation": [
      [
        0.9457444,
        -0.266863942,
        0.185340583
      ],
      [
        -0.100336365,
        0.3026743,
        0.9477979
      ],
      [
        -0.30903092,
        -0.914970934,
        0.259476364
      ]
    ],
    "translation": [
      2.141762,
      0.9037941,
      -0.5649836
    ]
  },
  {
    "timeStamp": 51262,
    "rotation": [
      [
        0.945152342,
        -0.264127165,
        0.192156225
      ],
      [
        -0.1042195,
        0.313682377,
        0.9437911
      ],
      [
        -0.3095569,
        -0.912052751,
        0.2689504
      ]
    ],
    "translation": [
      2.14112949,
      0.896322,
      -0.563860655
    ]
  },
  {
    "timeStamp": 51318,
    "rotation": [
      [
        0.9452281,
        -0.2570532,
        0.201165468
      ],
      [
        -0.110857651,
        0.326851934,
        0.938551247
      ],
      [
        -0.3070089,
        -0.909445763,
        0.280453324
      ]
    ],
    "translation": [
      2.13971233,
      0.888130963,
      -0.562491059
    ]
  },
  {
    "timeStamp": 51363,
    "rotation": [
      [
        0.948988,
        -0.2404412,
        0.203984782
      ],
      [
        -0.1145722,
        0.339764357,
        0.933505952
      ],
      [
        -0.293760061,
        -0.909256935,
        0.294884443
      ]
    ],
    "translation": [
      2.13763,
      0.88249743,
      -0.561948955
    ]
  },
  {
    "timeStamp": 51418,
    "rotation": [
      [
        0.9519724,
        -0.220902,
        0.212016121
      ],
      [
        -0.125931859,
        0.348682344,
        0.928742051
      ],
      [
        -0.279087245,
        -0.9108364,
        0.3041174
      ]
    ],
    "translation": [
      2.13563085,
      0.875623345,
      -0.5616237
    ]
  },
  {
    "timeStamp": 51463,
    "rotation": [
      [
        0.949993134,
        -0.223453864,
        0.218131721
      ],
      [
        -0.128158316,
        0.358002156,
        0.9248837
      ],
      [
        -0.284760475,
        -0.9065886,
        0.3114621
      ]
    ],
    "translation": [
      2.13533974,
      0.8720691,
      -0.5629273
    ]
  },
  {
    "timeStamp": 51518,
    "rotation": [
      [
        0.953705847,
        -0.189271539,
        0.2337123
      ],
      [
        -0.1542448,
        0.359286845,
        0.920392036
      ],
      [
        -0.2581738,
        -0.9138322,
        0.3134598
      ]
    ],
    "translation": [
      2.13454056,
      0.8686556,
      -0.563077331
    ]
  },
  {
    "timeStamp": 51563,
    "rotation": [
      [
        0.9513261,
        -0.193677887,
        0.23972404
      ],
      [
        -0.150763109,
        0.385957062,
        0.91011405
      ],
      [
        -0.268792182,
        -0.901956737,
        0.337971538
      ]
    ],
    "translation": [
      2.13530231,
      0.865689039,
      -0.566090167
    ]
  },
  {
    "timeStamp": 51618,
    "rotation": [
      [
        0.955347359,
        -0.18433921,
        0.230934054
      ],
      [
        -0.142872408,
        0.395935684,
        0.9070956
      ],
      [
        -0.2586483,
        -0.8995855,
        0.3519191
      ]
    ],
    "translation": [
      2.13437128,
      0.864606261,
      -0.566979647
    ]
  },
  {
    "timeStamp": 51663,
    "rotation": [
      [
        0.9633977,
        -0.155350819,
        0.2184746
      ],
      [
        -0.1453124,
        0.382230252,
        0.9125702
      ],
      [
        -0.225276127,
        -0.910915,
        0.3456653
      ]
    ],
    "translation": [
      2.13251615,
      0.86646086,
      -0.5648905
    ]
  }
]