[
  {
    "timeStamp": 0,
    "rotation": [
      [
        0.9895895,
        0.0272702444,
        0.141311958
      ],
      [
        0.06675518,
        0.78289634,
        -0.6185605
      ],
      [
        -0.127500921,
        0.621554255,
        0.7729255
      ]
    ],
    "translation": [
      1.89858842,
      1.60506523,
      -1.21205056
    ]
  },
  {
    "timeStamp": 15,
    "rotation": [
      [
        0.9895822,
        0.0277605839,
        0.141267017
      ],
      [
        0.06633528,
        0.7829481,
        -0.6185401
      ],
      [
        -0.127775773,
        0.6214673,
        0.77295
      ]
    ],
    "translation": [
      1.89870477,
      1.60500991,
      -1.21210742
    ]
  },
  {
    "timeStamp": 46,
    "rotation": [
      [
        0.989612162,
        0.03133557,
        0.140306085
      ],
      [
        0.06373801,
        0.779160857,
        -0.623575032
      ],
      [
        -0.128861085,
        0.6260403,
        0.7690698
      ]
    ],
    "translation": [
      1.89936519,
      1.60334682,
      -1.21203518
    ]
  },
  {
    "timeStamp": 92,
    "rotation": [
      [
        0.9895806,
        0.03347876,
        0.1400341
      ],
      [
        0.0626853555,
        0.775395036,
        -0.62835747
      ],
      [
        -0.129618376,
        0.6305884,
        0.7652172
      ]
    ],
    "translation": [
      1.90005136,
      1.60239983,
      -1.21246028
    ]
  },
  {
    "timeStamp": 147,
    "rotation": [
      [
        0.989811063,
        0.0357632227,
        0.137822211
      ],
      [
        0.06003136,
        0.7728935,
        -0.631689668
      ],
      [
        -0.129113153,
        0.6335271,
        0.7628717
      ]
    ],
    "translation": [
      1.900774,
      1.60174775,
      -1.21259582
    ]
  },
  {
    "timeStamp": 192,
    "rotation": [
      [
        0.9903316,
        0.03701971,
        0.133689329
      ],
      [
        0.0565281436,
        0.7723918,
        -0.6326259
      ],
      [
        -0.126680166,
        0.6340666,
        0.76283133
      ]
    ],
    "translation": [
      1.90105355,
      1.601341,
      -1.21260226
    ]
  },
  {
    "timeStamp": 247,
    "rotation": [
      [
        0.9925476,
        0.0322744958,
        0.117505766
      ],
      [
        0.04996433,
        0.771716654,
        -0.6340008
      ],
      [
        -0.111143209,
        0.635147035,
        0.7643529
      ]
    ],
    "translation": [
      1.89962709,
      1.60089874,
      -1.21190989
    ]
  },
  {
    "timeStamp": 372,
    "rotation": [
      [
        0.9933951,
        0.0299566612,
        0.110764369
      ],
      [
        0.0474027768,
        0.771951735,
        -0.633911252
      ],
      [
        -0.104494616,
        0.6349749,
        0.765433
      ]
    ],
    "translation": [
      1.89881229,
      1.60089278,
      -1.21180785
    ]
  },
  {
    "timeStamp": 374,
    "rotation": [
      [
        0.9943227,
        0.0277112946,
        0.1027348
      ],
      [
        0.0440232679,
        0.7718513,
        -0.634277165
      ],
      [
        -0.09687263,
        0.6351989,
        0.766249359
      ]
    ],
    "translation": [
      1.89800608,
      1.60075569,
      -1.211555
    ]
  },
  {
    "timeStamp": 414,
    "rotation": [
      [
        0.9942934,
        -0.0180445723,
        -0.105143033
      ],
      [
        -0.0544068739,
        0.7620079,
        -0.6452781
      ],
      [
        0.0917636,
        0.6473162,
        0.7566776
      ]
    ],
    "translation": [
      1.87541986,
      1.59755027,
      -1.20833349
    ]
  },
  {
    "timeStamp": 469,
    "rotation": [
      [
        0.9803154,
        -0.03953254,
        -0.1934399
      ],
      [
        -0.0959886238,
        0.7607392,
        -0.6419206
      ],
      [
        0.172534078,
        0.647852659,
        0.7419696
      ]
    ],
    "translation": [
      1.864592,
      1.597532,
      -1.20754
    ]
  },
  {
    "timeStamp": 514,
    "rotation": [
      [
        0.9640168,
        -0.0560003445,
        -0.259876132
      ],
      [
        -0.126817837,
        0.7622838,
        -0.6346973
      ],
      [
        0.233642623,
        0.6448158,
        0.727752566
      ]
    ],
    "translation": [
      1.85611272,
      1.59826446,
      -1.20729077
    ]
  },
  {
    "timeStamp": 569,
    "rotation": [
      [
        0.9425859,
        -0.07399054,
        -0.325664252
      ],
      [
        -0.155909866,
        0.764868438,
        -0.6250347
      ],
      [
        0.295336962,
        0.639923155,
        0.709418356
      ]
    ],
    "translation": [
      1.84694982,
      1.59924471,
      -1.20701087
    ]
  },
  {
    "timeStamp": 614,
    "rotation": [
      [
        0.929005563,
        -0.08236035,
        -0.3607846
      ],
      [
        -0.172705054,
        0.765750766,
        -0.619514942
      ],
      [
        0.327294528,
        0.6378421,
        0.6971626
      ]
    ],
    "translation": [
      1.84137666,
      1.60007238,
      -1.20618939
    ]
  },
  {
    "timeStamp": 669,
    "rotation": [
      [
        0.9191918,
        -0.09154695,
        -0.383021742
      ],
      [
        -0.180235133,
        0.76696974,
        -0.6158512
      ],
      [
        0.35014537,
        0.6351193,
        0.6884923
      ]
    ],
    "translation": [
      1.83669508,
      1.60098,
      -1.20380557
    ]
  },
  {
    "timeStamp": 713,
    "rotation": [
      [
        0.9132213,
        -0.0982718,
        -0.39543587
      ],
      [
        -0.182827011,
        0.768479,
        -0.6132001
      ],
      [
        0.3641444,
        0.632283747,
        0.6838246
      ]
    ],
    "translation": [
      1.83428884,
      1.60182881,
      -1.20099044
    ]
  },
  {
    "timeStamp": 769,
    "rotation": [
      [
        0.904924333,
        -0.107167944,
        -0.411858
      ],
      [
        -0.188235238,
        0.767166436,
        -0.6132072
      ],
      [
        0.381679833,
        0.632432342,
        0.6740548
      ]
    ],
    "translation": [
      1.83214509,
      1.60191035,
      -1.19749427
    ]
  },
  {
    "timeStamp": 813,
    "rotation": [
      [
        0.899094939,
        -0.1079118,
        -0.4242445
      ],
      [
        -0.1980515,
        0.7640052,
        -0.614061654
      ],
      [
        0.390389472,
        0.636122,
        0.6655411
      ]
    ],
    "translation": [
      1.83151531,
      1.60198379,
      -1.19395936
    ]
  },
  {
    "timeStamp": 869,
    "rotation": [
      [
        0.892237067,
        -0.10756249,
        -0.438569665
      ],
      [
        -0.206388712,
        0.766703546,
        -0.607922137
      ],
      [
        0.401642561,
        0.632926464,
        0.6618816
      ]
    ],
    "translation": [
      1.83247685,
      1.60276759,
      -1.1880511
    ]
  },
  {
    "timeStamp": 915,
    "rotation": [
      [
        0.888568163,
        -0.105804458,
        -0.446376562
      ],
      [
        -0.211265147,
        0.7693331,
        -0.6029043
      ],
      [
        0.4072022,
        0.6300254,
        0.661252141
      ]
    ],
    "translation": [
      1.83528,
      1.60346985,
      -1.18279111
    ]
  },
  {
    "timeStamp": 962,
    "rotation": [
      [
        0.886711657,
        -0.103019178,
        -0.450698882
      ],
      [
        -0.214909077,
        0.7712835,
        -0.5991126
      ],
      [
        0.409336716,
        0.6280994,
        0.6617663
      ]
    ],
    "translation": [
      1.83968759,
      1.60384727,
      -1.177064
    ]
  },
  {
    "timeStamp": 1018,
    "rotation": [
      [
        0.8885931,
        -0.100520767,
        -0.447546661
      ],
      [
        -0.21688886,
        0.7676554,
        -0.603046
      ],
      [
        0.404180259,
        0.6329304,
        0.660331368
      ]
    ],
    "translation": [
      1.847878,
      1.60449886,
      -1.16850889
    ]
  },
  {
    "timeStamp": 1063,
    "rotation": [
      [
        0.893345833,
        -0.09471533,
        -0.439274728
      ],
      [
        -0.217168137,
        0.7648052,
        -0.606556654
      ],
      [
        0.393409818,
        0.637261331,
        0.6626664
      ]
    ],
    "translation": [
      1.85613942,
      1.604059,
      -1.16088367
    ]
  },
  {
    "timeStamp": 1119,
    "rotation": [
      [
        0.900595248,
        -0.08635086,
        -0.425994933
      ],
      [
        -0.218593076,
        0.75713414,
        -0.615601361
      ],
      [
        0.375693,
        0.6475272,
        0.6629957
      ]
    ],
    "translation": [
      1.867358,
      1.6025548,
      -1.14985943
    ]
  },
  {
    "timeStamp": 1163,
    "rotation": [
      [
        0.9062059,
        -0.08063175,
        -0.415077478
      ],
      [
        -0.2190346,
        0.7501609,
        -0.62392503
      ],
      [
        0.361683071,
        0.65632087,
        0.6621391
      ]
    ],
    "translation": [
      1.87652946,
      1.601302,
      -1.139944
    ]
  },
  {
    "timeStamp": 1219,
    "rotation": [
      [
        0.911574841,
        -0.07388928,
        -0.404439867
      ],
      [
        -0.220993116,
        0.7414591,
        -0.63356173
      ],
      [
        0.346689045,
        0.6669174,
        0.6595664
      ]
    ],
    "translation": [
      1.88905942,
      1.59997606,
      -1.12640381
    ]
  },
  {
    "timeStamp": 1263,
    "rotation": [
      [
        0.914159238,
        -0.0690923557,
        -0.3994235
      ],
      [
        -0.225045279,
        0.7330521,
        -0.6418639
      ],
      [
        0.337146133,
        0.67665416,
        0.654577434
      ]
    ],
    "translation": [
      1.89949965,
      1.59877086,
      -1.11498928
    ]
  },
  {
    "timeStamp": 1318,
    "rotation": [
      [
        0.9187459,
        -0.0569596477,
        -0.390719265
      ],
      [
        -0.232442111,
        0.721885264,
        -0.651807
      ],
      [
        0.319181174,
        0.6896646,
        0.649989247
      ]
    ],
    "translation": [
      1.91306543,
      1.596772,
      -1.09969258
    ]
  },
  {
    "timeStamp": 1363,
    "rotation": [
      [
        0.922935,
        -0.0419716872,
        -0.382660866
      ],
      [
        -0.241009131,
        0.712118745,
        -0.6593948
      ],
      [
        0.300175875,
        0.700803339,
        0.647123754
      ]
    ],
    "translation": [
      1.92344785,
      1.59492731,
      -1.0872786
    ]
  },
  {
    "timeStamp": 1419,
    "rotation": [
      [
        0.924977958,
        -0.03418584,
        -0.378479958
      ],
      [
        -0.247794628,
        0.700840354,
        -0.668895066
      ],
      [
        0.288120776,
        0.7124985,
        0.6397908
      ]
    ],
    "translation": [
      1.93519807,
      1.59209538,
      -1.07139063
    ]
  },
  {
    "timeStamp": 1463,
    "rotation": [
      [
        0.925032139,
        -0.0313992947,
        -0.378588945
      ],
      [
        -0.254502684,
        0.688653052,
        -0.678959
      ],
      [
        0.2820353,
        0.724410832,
        0.629035
      ]
    ],
    "translation": [
      1.94234324,
      1.58878851,
      -1.06007969
    ]
  },
  {
    "timeStamp": 1518,
    "rotation": [
      [
        0.922413468,
        -0.036123082,
        -0.384510756
      ],
      [
        -0.262566119,
        0.671466768,
        -0.6929584
      ],
      [
        0.283218,
        0.7401537,
        0.6098853
      ]
    ],
    "translation": [
      1.94809628,
      1.58358026,
      -1.04840159
    ]
  },
  {
    "timeStamp": 1563,
    "rotation": [
      [
        0.9203515,
        -0.0401951969,
        -0.389021158
      ],
      [
        -0.269121319,
        0.6566569,
        -0.7045392
      ],
      [
        0.2837725,
        0.753117561,
        0.5935378
      ]
    ],
    "translation": [
      1.95007479,
      1.58004713,
      -1.04026246
    ]
  },
  {
    "timeStamp": 1618,
    "rotation": [
      [
        0.9192412,
        -0.0460941456,
        -0.390987158
      ],
      [
        -0.273752332,
        0.638900161,
        -0.718934059
      ],
      [
        0.282940447,
        0.767907441,
        0.574685
      ]
    ],
    "translation": [
      1.9488889,
      1.57707119,
      -1.03119183
    ]
  },
  {
    "timeStamp": 1663,
    "rotation": [
      [
        0.9196494,
        -0.0541912951,
        -0.388983548
      ],
      [
        -0.2709804,
        0.629356265,
        -0.7283408
      ],
      [
        0.284278959,
        0.7752251,
        0.564102352
      ]
    ],
    "translation": [
      1.945442,
      1.57550716,
      -1.02361417
    ]
  },
  {
    "timeStamp": 1718,
    "rotation": [
      [
        0.9213613,
        -0.06574035,
        -0.383107722
      ],
      [
        -0.262704968,
        0.6211147,
        -0.7383784
      ],
      [
        0.2864951,
        0.7809576,
        0.5550007
      ]
    ],
    "translation": [
      1.93879926,
      1.57339406,
      -1.01334643
    ]
  },
  {
    "timeStamp": 1763,
    "rotation": [
      [
        0.9235715,
        -0.07376059,
        -0.376264542
      ],
      [
        -0.2556709,
        0.6128407,
        -0.747702241
      ],
      [
        0.2857412,
        0.7867564,
        0.547143757
      ]
    ],
    "translation": [
      1.93127573,
      1.57112646,
      -1.004943
    ]
  },
  {
    "timeStamp": 1818,
    "rotation": [
      [
        0.9257896,
        -0.08413648,
        -0.368557543
      ],
      [
        -0.247412071,
        0.602283835,
        -0.758973956
      ],
      [
        0.285833627,
        0.793835759,
        0.5367718
      ]
    ],
    "translation": [
      1.919514,
      1.5679878,
      -0.9946236
    ]
  },
  {
    "timeStamp": 1863,
    "rotation": [
      [
        0.926523,
        -0.0923147,
        -0.364737123
      ],
      [
        -0.241744563,
        0.596767545,
        -0.7651327
      ],
      [
        0.288296252,
        0.797086239,
        0.5306023
      ]
    ],
    "translation": [
      1.90752923,
      1.56579709,
      -0.986626148
    ]
  },
  {
    "timeStamp": 1918,
    "rotation": [
      [
        0.9250041,
        -0.104702339,
        -0.3652462
      ],
      [
        -0.236932039,
        0.5925473,
        -0.7699032
      ],
      [
        0.29703632,
        0.7987021,
        0.523301363
      ]
    ],
    "translation": [
      1.889411,
      1.56349921,
      -0.9781833
    ]
  },
  {
    "timeStamp": 1963,
    "rotation": [
      [
        0.9234048,
        -0.114052735,
        -0.36649093
      ],
      [
        -0.233296633,
        0.591434836,
        -0.771866262
      ],
      [
        0.304788977,
        0.7982461,
        0.519525647
      ]
    ],
    "translation": [
      1.872325,
      1.56255329,
      -0.9730074
    ]
  },
  {
    "timeStamp": 2018,
    "rotation": [
      [
        0.9206477,
        -0.125524,
        -0.369664133
      ],
      [
        -0.228651166,
        0.5941182,
        -0.771195352
      ],
      [
        0.316427678,
        0.7945233,
        0.5182723
      ]
    ],
    "translation": [
      1.84844947,
      1.56327009,
      -0.966823161
    ]
  },
  {
    "timeStamp": 2063,
    "rotation": [
      [
        0.91800493,
        -0.1337031,
        -0.373350233
      ],
      [
        -0.225240111,
        0.5990689,
        -0.7683641
      ],
      [
        0.326395184,
        0.7894555,
        0.5198329
      ]
    ],
    "translation": [
      1.82732582,
      1.56573689,
      -0.961737454
    ]
  },
  {
    "timeStamp": 2118,
    "rotation": [
      [
        0.90898186,
        -0.152727038,
        -0.3878485
      ],
      [
        -0.223827735,
        0.6061011,
        -0.7632448
      ],
      [
        0.351643533,
        0.780586958,
        0.516750336
      ]
    ],
    "translation": [
      1.79997122,
      1.5688262,
      -0.955383837
    ]
  },
  {
    "timeStamp": 2163,
    "rotation": [
      [
        0.899784,
        -0.166488826,
        -0.403323829
      ],
      [
        -0.226639658,
        0.6115439,
        -0.7580558
      ],
      [
        0.372858018,
        0.7734957,
        0.5125245
      ]
    ],
    "translation": [
      1.77847624,
      1.57035017,
      -0.949402034
    ]
  },
  {
    "timeStamp": 2219,
    "rotation": [
      [
        0.8905821,
        -0.177094936,
        -0.418928385
      ],
      [
        -0.234579727,
        0.6102709,
        -0.7566649
      ],
      [
        0.389661342,
        0.772144258,
        0.5019535
      ]
    ],
    "translation": [
      1.752405,
      1.57079256,
      -0.941944838
    ]
  },
  {
    "timeStamp": 2262,
    "rotation": [
      [
        0.8849267,
        -0.1847642,
        -0.427512556
      ],
      [
        -0.238872528,
        0.60794276,
        -0.75719583
      ],
      [
        0.399805844,
        0.7721838,
        0.493849665
      ]
    ],
    "translation": [
      1.73313046,
      1.57059193,
      -0.935753942
    ]
  },
  {
    "timeStamp": 2318,
    "rotation": [
      [
        0.8813319,
        -0.189748377,
        -0.4327235
      ],
      [
        -0.242769226,
        0.6038431,
        -0.75923425
      ],
      [
        0.40536055,
        0.7741893,
        0.4861211
      ]
    ],
    "translation": [
      1.71126235,
      1.56965041,
      -0.9280226
    ]
  },
  {
    "timeStamp": 2363,
    "rotation": [
      [
        0.882283151,
        -0.187471658,
        -0.431776315
      ],
      [
        -0.244945541,
        0.6004494,
        -0.761224151
      ],
      [
        0.4019678,
        0.77737695,
        0.483846
      ]
    ],
    "translation": [
      1.69565487,
      1.568171,
      -0.921958864
    ]
  },
  {
    "timeStamp": 2418,
    "rotation": [
      [
        0.8890426,
        -0.1800072,
        -0.420952082
      ],
      [
        -0.244152412,
        0.5913909,
        -0.768535256
      ],
      [
        0.3872891,
        0.786037,
        0.48182252
      ]
    ],
    "translation": [
      1.679224,
      1.56544232,
      -0.9152125
    ]
  },
  {
    "timeStamp": 2462,
    "rotation": [
      [
        0.898978531,
        -0.173615441,
        -0.402113646
      ],
      [
        -0.23508963,
        0.5833627,
        -0.7774451
      ],
      [
        0.369554549,
        0.79343915,
        0.4836153
      ]
    ],
    "translation": [
      1.66891444,
      1.56293333,
      -0.909825742
    ]
  },
  {
    "timeStamp": 2518,
    "rotation": [
      [
        0.9144346,
        -0.167546988,
        -0.3684254
      ],
      [
        -0.2158038,
        0.5682555,
        -0.7940494
      ],
      [
        0.342400342,
        0.8056139,
        0.4834752
      ]
    ],
    "translation": [
      1.659888,
      1.559519,
      -0.9037909
    ]
  },
  {
    "timeStamp": 2562,
    "rotation": [
      [
        0.9283137,
        -0.161238864,
        -0.335015863
      ],
      [
        -0.194698527,
        0.556821048,
        -0.80749166
      ],
      [
        0.316742927,
        0.8148327,
        0.485511661
      ]
    ],
    "translation": [
      1.65543675,
      1.5571034,
      -0.899083138
    ]
  },
  {
    "timeStamp": 2618,
    "rotation": [
      [
        0.94890213,
        -0.147590354,
        -0.278929919
      ],
      [
        -0.156566232,
        0.547249734,
        -0.822195053
      ],
      [
        0.273992419,
        0.8238537,
        0.496178776
      ]
    ],
    "translation": [
      1.65336967,
      1.5543642,
      -0.8920313
    ]
  },
  {
    "timeStamp": 2663,
    "rotation": [
      [
        0.96098274,
        -0.139420569,
        -0.2389016
      ],
      [
        -0.12855345,
        0.5396302,
        -0.8320296
      ],
      [
        0.244920567,
        0.8302777,
        0.5006524
      ]
    ],
    "translation": [
      1.653248,
      1.55200267,
      -0.8864301
    ]
  },
  {
    "timeStamp": 2718,
    "rotation": [
      [
        0.973153234,
        -0.12571311,
        -0.192792818
      ],
      [
        -0.09922033,
        0.5266751,
        -0.8442563
      ],
      [
        0.207673267,
        0.8407197,
        0.5000623
      ]
    ],
    "translation": [
      1.65444219,
      1.54882324,
      -0.8798609
    ]
  },
  {
    "timeStamp": 2762,
    "rotation": [
      [
        0.980743647,
        -0.116829187,
        -0.156502128
      ],
      [
        -0.07530527,
        0.513157368,
        -0.8549846
      ],
      [
        0.180197373,
        0.850306153,
        0.494477928
      ]
    ],
    "translation": [
      1.65694451,
      1.54611087,
      -0.8755848
    ]
  },
  {
    "timeStamp": 2818,
    "rotation": [
      [
        0.987813354,
        -0.10756658,
        -0.112490773
      ],
      [
        -0.04434632,
        0.498277068,
        -0.865883
      ],
      [
        0.149191648,
        0.8603193,
        0.487434566
      ]
    ],
    "translation": [
      1.6613121,
      1.54270446,
      -0.8705235
    ]
  },
  {
    "timeStamp": 2862,
    "rotation": [
      [
        0.991744161,
        -0.101333238,
        -0.07858171
      ],
      [
        -0.01924082,
        0.488277256,
        -0.8724764
      ],
      [
        0.126780525,
        0.866785347,
        0.4822964
      ]
    ],
    "translation": [
      1.666226,
      1.54056334,
      -0.8668293
    ]
  },
  {
    "timeStamp": 2918,
    "rotation": [
      [
        0.994281232,
        -0.0946551,
        -0.0494489223
      ],
      [
        0.00210617413,
        0.480324835,
        -0.8770881
      ],
      [
        0.106772408,
        0.87196815,
        0.477777332
      ]
    ],
    "translation": [
      1.67274117,
      1.53854609,
      -0.86185205
    ]
  },
  {
    "timeStamp": 2962,
    "rotation": [
      [
        0.995368242,
        -0.0893332,
        -0.0355195478
      ],
      [
        0.01107669,
        0.47358337,
        -0.8806793
      ],
      [
        0.09549537,
        0.876206756,
        0.472379357
      ]
    ],
    "translation": [
      1.67825067,
      1.53744364,
      -0.858130455
    ]
  },
  {
    "timeStamp": 3018,
    "rotation": [
      [
        0.995962143,
        -0.08479819,
        -0.02947435
      ],
      [
        0.0138078844,
        0.469102442,
        -0.883035839
      ],
      [
        0.08870633,
        0.8790633,
        0.46837914
      ]
    ],
    "translation": [
      1.68468153,
      1.53648853,
      -0.8526928
    ]
  },
  {
    "timeStamp": 3062,
    "rotation": [
      [
        0.996117651,
        -0.08304226,
        -0.0292159654
      ],
      [
        0.0129589252,
        0.466589063,
        -0.884379268
      ],
      [
        0.0870727,
        0.8805672,
        0.465853721
      ]
    ],
    "translation": [
      1.689841,
      1.53548384,
      -0.8475031
    ]
  },
  {
    "timeStamp": 3118,
    "rotation": [
      [
        0.9958427,
        -0.08486936,
        -0.0330841765
      ],
      [
        0.009925782,
        0.462144226,
        -0.886749268
      ],
      [
        0.0905475,
        0.8827344,
        0.461065322
      ]
    ],
    "translation": [
      1.69639492,
      1.53299284,
      -0.8405121
    ]
  },
  {
    "timeStamp": 3163,
    "rotation": [
      [
        0.9955511,
        -0.0861742347,
        -0.0381042436
      ],
      [
        0.005467814,
        0.456561953,
        -0.889674842
      ],
      [
        0.09406399,
        0.8855085,
        0.45500198
      ]
    ],
    "translation": [
      1.7027483,
      1.530178,
      -0.8347346
    ]
  },
  {
    "timeStamp": 3218,
    "rotation": [
      [
        0.9952363,
        -0.08643478,
        -0.0450973473
      ],
      [
        -0.00149702793,
        0.4489701,
        -0.8935455
      ],
      [
        0.0974807739,
        0.889356434,
        0.446701944
      ]
    ],
    "translation": [
      1.71151948,
      1.525819,
      -0.826526
    ]
  },
  {
    "timeStamp": 3262,
    "rotation": [
      [
        0.995151937,
        -0.0847294256,
        -0.0499341823
      ],
      [
        -0.007157727,
        0.443982154,
        -0.896007061
      ],
      [
        0.09808804,
        0.8920206,
        0.441223264
      ]
    ],
    "translation": [
      1.719266,
      1.521991,
      -0.8188244
    ]
  },
  {
    "timeStamp": 3317,
    "rotation": [
      [
        0.9949585,
        -0.082990326,
        -0.0563037135
      ],
      [
        -0.0144561063,
        0.4368775,
        -0.8994048
      ],
      [
        0.09923974,
        0.8956844,
        0.433475256
      ]
    ],
    "translation": [
      1.7288,
      1.51599979,
      -0.8084808
    ]
  },
  {
    "timeStamp": 3362,
    "rotation": [
      [
        0.9941175,
        -0.08687878,
        -0.06467237
      ],
      [
        -0.0208423436,
        0.432503521,
        -0.9013913
      ],
      [
        0.1062828,
        0.8974368,
        0.428148568
      ]
    ],
    "translation": [
      1.73590314,
      1.5103581,
      -0.798706234
    ]
  },
  {
    "timeStamp": 3417,
    "rotation": [
      [
        0.9921792,
        -0.09607511,
        -0.07968758
      ],
      [
        -0.0314707942,
        0.4252432,
        -0.904531837
      ],
      [
        0.120789595,
        0.8999655,
        0.418893874
      ]
    ],
    "translation": [
      1.74445844,
      1.500915,
      -0.785374761
    ]
  },
  {
    "timeStamp": 3462,
    "rotation": [
      [
        0.9903101,
        -0.102714695,
        -0.0934644639
      ],
      [
        -0.04264923,
        0.415549636,
        -0.908570051
      ],
      [
        0.132162616,
        0.903752267,
        0.407142282
      ]
    ],
    "translation": [
      1.75170469,
      1.49243045,
      -0.774052262
    ]
  },
  {
    "timeStamp": 3518,
    "rotation": [
      [
        0.988412261,
        -0.106038705,
        -0.1086139
      ],
      [
        -0.0562022068,
        0.409032166,
        -0.9107876
      ],
      [
        0.1410053,
        0.906338,
        0.398332775
      ]
    ],
    "translation": [
      1.76112866,
      1.48083448,
      -0.758466244
    ]
  },
  {
    "timeStamp": 3562,
    "rotation": [
      [
        0.9874886,
        -0.104098357,
        -0.118447646
      ],
      [
        -0.06708203,
        0.402471185,
        -0.9129715
      ],
      [
        0.1427106,
        0.909494638,
        0.390452564
      ]
    ],
    "translation": [
      1.76825762,
      1.47020364,
      -0.7463958
    ]
  },
  {
    "timeStamp": 3617,
    "rotation": [
      [
        0.987303,
        -0.0973044038,
        -0.125557527
      ],
      [
        -0.07377541,
        0.419118,
        -0.904929459
      ],
      [
        0.140677035,
        0.9027026,
        0.4066178
      ]
    ],
    "translation": [
      1.7773149,
      1.45831347,
      -0.7282805
    ]
  },
  {
    "timeStamp": 3662,
    "rotation": [
      [
        0.9885328,
        -0.08082122,
        -0.127557576
      ],
      [
        -0.08073544,
        0.430976123,
        -0.898744345
      ],
      [
        0.127611876,
        0.898736656,
        0.419508874
      ]
    ],
    "translation": [
      1.78390789,
      1.45029092,
      -0.714784
    ]
  },
  {
    "timeStamp": 3717,
    "rotation": [
      [
        0.988544464,
        -0.06456503,
        -0.136422783
      ],
      [
        -0.0990009755,
        0.404876828,
        -0.9089959
      ],
      [
        0.113923758,
        0.9120889,
        0.39384678
      ]
    ],
    "translation": [
      1.79083776,
      1.43910313,
      -0.7043661
    ]
  },
  {
    "timeStamp": 3762,
    "rotation": [
      [
        0.987653553,
        -0.06576862,
        -0.142179608
      ],
      [
        -0.10857176,
        0.3668866,
        -0.923908234
      ],
      [
        0.112927951,
        0.9279379,
        0.355216235
      ]
    ],
    "translation": [
      1.79598665,
      1.42999148,
      -0.699225545
    ]
  },
  {
    "timeStamp": 3817,
    "rotation": [
      [
        0.9878972,
        -0.06462959,
        -0.14100416
      ],
      [
        -0.110510856,
        0.34462136,
        -0.93221426
      ],
      [
        0.108841687,
        0.9365144,
        0.3333082
      ]
    ],
    "translation": [
      1.79992831,
      1.42004418,
      -0.6914454
    ]
  },
  {
    "timeStamp": 3862,
    "rotation": [
      [
        0.98874104,
        -0.0619883239,
        -0.136193186
      ],
      [
        -0.108303837,
        0.331583172,
        -0.9371888
      ],
      [
        0.103254147,
        0.9413873,
        0.321136326
      ]
    ],
    "translation": [
      1.80323124,
      1.41551638,
      -0.6871894
    ]
  },
  {
    "timeStamp": 3915,
    "rotation": [
      [
        0.9896284,
        -0.062607646,
        -0.129290372
      ],
      [
        -0.102285795,
        0.324832469,
        -0.9402242
      ],
      [
        0.100862928,
        0.9436971,
        0.315059572
      ]
    ],
    "translation": [
      1.801882,
      1.40455675,
      -0.6891661
    ]
  },
  {
    "timeStamp": 3970,
    "rotation": [
      [
        0.9912364,
        -0.0598795563,
        -0.117748722
      ],
      [
        -0.09235232,
        0.323212743,
        -0.9418092
      ],
      [
        0.0944530144,
        0.944429934,
        0.314850241
      ]
    ],
    "translation": [
      1.8044827,
      1.40671873,
      -0.688278
    ]
  },
  {
    "timeStamp": 4013,
    "rotation": [
      [
        0.9919178,
        -0.05817911,
        -0.1127576
      ],
      [
        -0.0878045037,
        0.326777279,
        -0.9410138
      ],
      [
        0.09159396,
        0.943308949,
        0.3190278
      ]
    ],
    "translation": [
      1.8048172,
      1.41081238,
      -0.690238059
    ]
  },
  {
    "timeStamp": 4068,
    "rotation": [
      [
        0.992764354,
        -0.0531544574,
        -0.107673168
      ],
      [
        -0.08372464,
        0.336360216,
        -0.938004255
      ],
      [
        0.08607607,
        0.9402321,
        0.329476118
      ]
    ],
    "translation": [
      1.80381632,
      1.41821265,
      -0.6952177
    ]
  },
  {
    "timeStamp": 4112,
    "rotation": [
      [
        0.993733,
        -0.046794977,
        -0.101513833
      ],
      [
        -0.0793792158,
        0.3439759,
        -0.9356172
      ],
      [
        0.07870048,
        0.9378118,
        0.338105649
      ]
    ],
    "translation": [
      1.80205464,
      1.42606723,
      -0.701841
    ]
  },
  {
    "timeStamp": 4168,
    "rotation": [
      [
        0.995742738,
        -0.0385445841,
        -0.08373
      ],
      [
        -0.0645870343,
        0.356332541,
        -0.932124257
      ],
      [
        0.06576407,
        0.9335638,
        0.352326065
      ]
    ],
    "translation": [
      1.79975152,
      1.43835115,
      -0.7128747
    ]
  },
  {
    "timeStamp": 4212,
    "rotation": [
      [
        0.9981336,
        -0.02779809,
        -0.05437466
      ],
      [
        -0.0402397662,
        0.370372325,
        -0.928011358
      ],
      [
        0.0459358171,
        0.928467333,
        0.36856246
      ]
    ],
    "translation": [
      1.79805565,
      1.44993687,
      -0.723462
    ]
  },
  {
    "timeStamp": 4268,
    "rotation": [
      [
        0.999956846,
        -0.009286928,
        -0.000219555688
      ],
      [
        0.00347633846,
        0.396018177,
        -0.9182361
      ],
      [
        0.00861454,
        0.918195665,
        0.396033376
      ]
    ],
    "translation": [
      1.796617,
      1.46566093,
      -0.737677753
    ]
  },
  {
    "timeStamp": 4313,
    "rotation": [
      [
        0.9984494,
        0.0111074569,
        0.05454803
      ],
      [
        0.0447612,
        0.422371238,
        -0.905317068
      ],
      [
        -0.0330952853,
        0.9063549,
        0.421219081
      ]
    ],
    "translation": [
      1.796052,
      1.47832131,
      -0.748929441
    ]
  },
  {
    "timeStamp": 4369,
    "rotation": [
      [
        0.990723133,
        0.043051295,
        0.12889643
      ],
      [
        0.09539647,
        0.4551904,
        -0.885269046
      ],
      [
        -0.09678438,
        0.8893528,
        0.4468607
      ]
    ],
    "translation": [
      1.79561162,
      1.49231839,
      -0.762129247
    ]
  },
  {
    "timeStamp": 4415,
    "rotation": [
      [
        0.9827845,
        0.059584856,
        0.174883291
      ],
      [
        0.1270488,
        0.469281882,
        -0.873861
      ],
      [
        -0.13413845,
        0.881035745,
        0.4536328
      ]
    ],
    "translation": [
      1.79518533,
      1.50031948,
      -0.77230227
    ]
  },
  {
    "timeStamp": 4471,
    "rotation": [
      [
        0.976324737,
        0.07407312,
        0.2032317
      ],
      [
        0.1468993,
        0.462601751,
        -0.874311268
      ],
      [
        -0.15877831,
        0.8834663,
        0.440768242
      ]
    ],
    "translation": [
      1.79520822,
      1.50446749,
      -0.7828821
    ]
  },
  {
    "timeStamp": 4517,
    "rotation": [
      [
        0.9706303,
        0.0884266645,
        0.223735422
      ],
      [
        0.160495922,
        0.454782248,
        -0.876021743
      ],
      [
        -0.1792146,
        0.886201859,
        0.427233338
      ]
    ],
    "translation": [
      1.79727554,
      1.50877738,
      -0.794202447
    ]
  },
  {
    "timeStamp": 4562,
    "rotation": [
      [
        0.9676007,
        0.08985835,
        0.235954314
      ],
      [
        0.163468182,
        0.4892672,
        -0.8566772
      ],
      [
        -0.1924243,
        0.867492437,
        0.4587263
      ]
    ],
    "translation": [
      1.80307579,
      1.51640594,
      -0.7967437
    ]
  },
  {
    "timeStamp": 4617,
    "rotation": [
      [
        0.963894,
        0.102124557,
        0.245924577
      ],
      [
        0.150371119,
        0.5534414,
        -0.8192015
      ],
      [
        -0.219765425,
        0.8266034,
        0.5181023
      ]
    ],
    "translation": [
      1.81272483,
      1.528871,
      -0.7971481
    ]
  },
  {
    "timeStamp": 4662,
    "rotation": [
      [
        0.964892566,
        0.110909313,
        0.238078848
      ],
      [
        0.1321584,
        0.5783268,
        -0.8050294
      ],
      [
        -0.226972625,
        0.808231,
        0.5433656
      ]
    ],
    "translation": [
      1.82120621,
      1.53529871,
      -0.79944247
    ]
  },
  {
    "timeStamp": 4717,
    "rotation": [
      [
        0.9686345,
        0.122598343,
        0.216141045
      ],
      [
        0.107954077,
        0.5758271,
        -0.8104129
      ],
      [
        -0.223815158,
        0.808327138,
        0.544531047
      ]
    ],
    "translation": [
      1.83304167,
      1.53570116,
      -0.8036739
    ]
  },
  {
    "timeStamp": 4762,
    "rotation": [
      [
        0.9723555,
        0.129404277,
        0.194368973
      ],
      [
        0.08995403,
        0.560564,
        -0.823210955
      ],
      [
        -0.215483263,
        0.81793797,
        0.53342706
      ]
    ],
    "translation": [
      1.84622061,
      1.53334546,
      -0.8035832
    ]
  },
  {
    "timeStamp": 4817,
    "rotation": [
      [
        0.975052536,
        0.127797022,
        0.18149507
      ],
      [
        0.0777696446,
        0.5691389,
        -0.8185553
      ],
      [
        -0.207904831,
        0.8122492,
        0.5450016
      ]
    ],
    "translation": [
      1.86754227,
      1.53182125,
      -0.796733856
    ]
  },
  {
    "timeStamp": 4862,
    "rotation": [
      [
        0.976468444,
        0.12906684,
        0.172774777
      ],
      [
        0.06727041,
        0.578883469,
        -0.8126307
      ],
      [
        -0.204900116,
        0.8051309,
        0.556579053
      ]
    ],
    "translation": [
      1.887695,
      1.530164,
      -0.788455248
    ]
  },
  {
    "timeStamp": 4917,
    "rotation": [
      [
        0.9806086,
        0.123614483,
        0.152073354
      ],
      [
        0.0539616123,
        0.575671,
        -0.8158989
      ],
      [
        -0.188401148,
        0.808283567,
        0.5578375
      ]
    ],
    "translation": [
      1.91565216,
      1.52388144,
      -0.776463
    ]
  },
  {
    "timeStamp": 4961,
    "rotation": [
      [
        0.9837166,
        0.122296177,
        0.1317018
      ],
      [
        0.03938013,
        0.568314433,
        -0.821868539
      ],
      [
        -0.175359413,
        0.8136721,
        0.5542443
      ]
    ],
    "translation": [
      1.93930006,
      1.51564467,
      -0.766283751
    ]
  },
  {
    "timeStamp": 5017,
    "rotation": [
      [
        0.985712051,
        0.1305316,
        0.10645771
      ],
      [
        0.0157238264,
        0.557957053,
        -0.829720855
      ],
      [
        -0.167703614,
        0.8195398,
        0.5479325
      ]
    ],
    "translation": [
      1.96893477,
      1.5034492,
      -0.7521995
    ]
  },
  {
    "timeStamp": 5061,
    "rotation": [
      [
        0.9874549,
        0.133006245,
        0.0851013139
      ],
      [
        -0.00159107742,
        0.547305644,
        -0.8369313
      ],
      [
        -0.157893524,
        0.8262965,
        0.540651262
      ]
    ],
    "translation": [
      1.99167621,
      1.49254012,
      -0.740454
    ]
  },
  {
    "timeStamp": 5117,
    "rotation": [
      [
        0.988547742,
        0.137892619,
        0.0613108948
      ],
      [
        -0.0213099215,
        0.529760838,
        -0.8478793
      ],
      [
        -0.14939642,
        0.8368626,
        0.526632369
      ]
    ],
    "translation": [
      2.01656842,
      1.47769988,
      -0.7264293
    ]
  },
  {
    "timeStamp": 5161,
    "rotation": [
      [
        0.9886747,
        0.143481433,
        0.043993324
      ],
      [
        -0.0366843753,
        0.5153064,
        -0.856220543
      ],
      [
        -0.14552179,
        0.8449097,
        0.5147339
      ]
    ],
    "translation": [
      2.03317118,
      1.46536243,
      -0.715387464
    ]
  },
  {
    "timeStamp": 5217,
    "rotation": [
      [
        0.989014566,
        0.146943077,
        0.016058268
      ],
      [
        -0.0599256754,
        0.497883379,
        -0.8651711
      ],
      [
        -0.135126054,
        0.8547045,
        0.5012196
      ]
    ],
    "translation": [
      2.04941,
      1.44992125,
      -0.7006768
    ]
  },
  {
    "timeStamp": 5261,
    "rotation": [
      [
        0.989014864,
        0.14722231,
        -0.0132318409
      ],
      [
        -0.0838697553,
        0.485196829,
        -0.8703734
      ],
      [
        -0.12171834,
        0.861922,
        0.4922144
      ]
    ],
    "translation": [
      2.05832815,
      1.43718266,
      -0.689234436
    ]
  },
  {
    "timeStamp": 5316,
    "rotation": [
      [
        0.987331,
        0.1454791,
        -0.06335135
      ],
      [
        -0.1237873,
        0.456418753,
        -0.881112158
      ],
      [
        -0.09926865,
        0.8777914,
        0.468644828
      ]
    ],
    "translation": [
      2.06486917,
      1.42192364,
      -0.67655164
    ]
  },
  {
    "timeStamp": 5361,
    "rotation": [
      [
        0.9829636,
        0.150286719,
        -0.105813012
      ],
      [
        -0.160506964,
