[
  {
    "timeStamp": 54737,
    "rotation": [
      [
        0.999971867,
        -0.00134706846,
        0.0073770876
      ],
      [
        -0.00737537025,
        0.00127552822,
        0.999972
      ],
      [
        -0.00135644118,
        -0.9999983,
        0.00126555713
      ]
    ],
    "translation": [
      1.61457324,
      0.704658031,
      -0.624147058
    ]
  },
  {
    "timeStamp": 54781,
    "rotation": [
      [
        0.998565733,
        -0.00119945977,
        -0.0535257347
      ],
      [
        0.0534897633,
        -0.0205915142,
        0.998356044
      ],
      [
        -0.00229967851,
        -0.9997873,
        -0.0204978213
      ]
    ],
    "translation": [
      1.6238656,
      0.704832733,
      -0.621556461
    ]
  },
  {
    "timeStamp": 54835,
    "rotation": [
      [
        0.9989948,
        0.002242554,
        -0.04476826
      ],
      [
        0.0448203757,
        -0.0366047174,
        0.9983242
      ],
      [
        0.00060007174,
        -0.999327242,
        -0.03666844
      ]
    ],
    "translation": [
      1.625331,
      0.7133948,
      -0.62128973
    ]
  },
  {
    "timeStamp": 54880,
    "rotation": [
      [
        0.9998874,
        0.008391353,
        -0.0124430554
      ],
      [
        0.012935847,
        -0.06148204,
        0.998024344
      ],
      [
        0.007609744,
        -0.9980729,
        -0.06158366
      ]
    ],
    "translation": [
      1.62506306,
      0.727039635,
      -0.622295141
    ]
  },
  {
    "timeStamp": 54935,
    "rotation": [
      [
        0.9995476,
        0.0211114138,
        0.0214226451
      ],
      [
        -0.0194653254,
        -0.08891846,
        0.9958487
      ],
      [
        0.02292863,
        -0.995815158,
        -0.08846729
      ]
    ],
    "translation": [
      1.62753773,
      0.7456733,
      -0.626675546
    ]
  },
  {
    "timeStamp": 54980,
    "rotation": [
      [
        0.9984272,
        0.0265246555,
        0.0493925922
      ],
      [
        -0.0465346575,
        -0.09927889,
        0.993970931
      ],
      [
        0.0312683843,
        -0.9947061,
        -0.097888425
      ]
    ],
    "translation": [
      1.63308966,
      0.761125,
      -0.6328021
    ]
  },
  {
    "timeStamp": 55036,
    "rotation": [
      [
        0.99493295,
        0.03110368,
        0.0956087
      ],
      [
        -0.09115997,
        -0.122016452,
        0.988332868
      ],
      [
        0.04240662,
        -0.992040634,
        -0.11856278
      ]
    ],
    "translation": [
      1.64409029,
      0.7851169,
      -0.6418582
    ]
  },
  {
    "timeStamp": 55080,
    "rotation": [
      [
        0.991206646,
        0.0257298462,
        0.129797086
      ],
      [
        -0.124729671,
        -0.145825267,
        0.981416047
      ],
      [
        0.0441794023,
        -0.9889757,
        -0.1413337
      ]
    ],
    "translation": [
      1.65871525,
      0.806992352,
      -0.6489024
    ]
  },
  {
    "timeStamp": 55136,
    "rotation": [
      [
        0.9851669,
        -0.009834175,
        0.171316728
      ],
      [
        -0.170454413,
        -0.171188578,
        0.97038126
      ],
      [
        0.0197845548,
        -0.98518914,
        -0.1703256
      ]
    ],
    "translation": [
      1.68659163,
      0.8353333,
      -0.654762745
    ]
  },
  {
    "timeStamp": 55180,
    "rotation": [
      [
        0.980716,
        -0.05590298,
        0.187272608
      ],
      [
        -0.194669932,
        -0.194528,
        0.9613857
      ],
      [
        -0.0173145812,
        -0.979302645,
        -0.201659337
      ]
    ],
    "translation": [
      1.71692717,
      0.8574005,
      -0.6556962
    ]
  },
  {
    "timeStamp": 55235,
    "rotation": [
      [
        0.969930351,
        -0.140844226,
        0.198489159
      ],
      [
        -0.226714939,
        -0.226243138,
        0.947319567
      ],
      [
        -0.08851767,
        -0.963834465,
        -0.2513716
      ]
    ],
    "translation": [
      1.76512134,
      0.885534,
      -0.652107358
    ]
  },
  {
    "timeStamp": 55280,
    "rotation": [
      [
        0.9575913,
        -0.211771578,
        0.195375755
      ],
      [
        -0.246084973,
        -0.248409942,
        0.936875
      ],
      [
        -0.149870232,
        -0.9452223,
        -0.289989
      ]
    ],
    "translation": [
      1.80949187,
      0.907294154,
      -0.6470612
    ]
  },
  {
    "timeStamp": 55336,
    "rotation": [
      [
        0.9429625,
        -0.2918058,
        0.160221845
      ],
      [
        -0.249571756,
        -0.301155031,
        0.920336664
      ],
      [
        -0.220307976,
        -0.9078298,
        -0.3568044
      ]
    ],
    "translation": [
      1.87119985,
      0.934534132,
      -0.638141453
    ]
  },
  {
    "timeStamp": 55380,
    "rotation": [
      [
        0.9269908,
        -0.353953332,
        0.124117032
      ],
      [
        -0.250688434,
        -0.338512063,
        0.906953633
      ],
      [
        -0.279004157,
        -0.871852338,
        -0.402529567
      ]
    ],
    "translation": [
      1.92334712,
      0.9537514,
      -0.630742133
    ]
  },
  {
    "timeStamp": 55435,
    "rotation": [
      [
        0.9119518,
        -0.4056787,
        0.0613910668
      ],
      [
        -0.232995123,
        -0.38887924,
        0.89133954
      ],
      [
        -0.337723732,
        -0.8271625,
        -0.449160248
      ]
    ],
    "translation": [
      1.98754382,
      0.972178,
      -0.6218392
    ]
  },
  {
    "timeStamp": 55480,
    "rotation": [
      [
        0.901603937,
        -0.431654871,
        0.0280072819
      ],
      [
        -0.218236446,
        -0.39801988,
        0.891040444
      ],
      [
        -0.3734745,
        -0.8094778,
        -0.453059137
      ]
    ],
    "translation": [
      2.03339243,
      0.9775497,
      -0.614934444
    ]
  },
  {
    "timeStamp": 55535,
    "rotation": [
      [
        0.8921837,
        -0.451438844,
        0.0145329256
      ],
      [
        -0.206027076,
        -0.378118664,
        0.9025404
      ],
      [
        -0.401946634,
        -0.808226,
        -0.43035993
      ]
    ],
    "translation": [
      2.081872,
      0.973154247,
      -0.604836166
    ]
  },
  {
    "timeStamp": 55580,
    "rotation": [
      [
        0.899068952,
        -0.437183738,
        -0.02335402
      ],
      [
        -0.150281534,
        -0.358276874,
        0.9214408
      ],
      [
        -0.411206126,
        -0.8249291,
        -0.387816221
      ]
    ],
    "translation": [
      2.11366749,
      0.961818,
      -0.596369
    ]
  },
  {
    "timeStamp": 55634,
    "rotation": [
      [
        0.9073975,
        -0.4195923,
        -0.023917472
      ],
      [
        -0.119316496,
        -0.311762244,
        0.9426388
      ],
      [
        -0.402980536,
        -0.852494359,
        -0.332956582
      ]
    ],
    "translation": [
      2.13961172,
      0.9452669,
      -0.5869396
    ]
  },
  {
    "timeStamp": 55686,
    "rotation": [
      [
        0.918743849,
        -0.393476,
        -0.0329605043
      ],
      [
        -0.07639003,
        -0.25902155,
        0.962846
      ],
      [
        -0.387394279,
        -0.882091,
        -0.268032074
      ]
    ],
    "translation": [
      2.159302,
      0.9260892,
      -0.5798657
    ]
  },
  {
    "timeStamp": 55730,
    "rotation": [
      [
        0.9263151,
        -0.376355618,
        -0.01722362
      ],
      [
        -0.07153579,
        -0.220586047,
        0.97274065
      ],
      [
        -0.3698957,
        -0.8998323,
        -0.2312551
      ]
    ],
    "translation": [
      2.16609478,
      0.912109852,
      -0.5767491
    ]
  },
  {
    "timeStamp": 55785,
    "rotation": [
      [
        0.939810336,
        -0.341461033,
        -0.0126853269
      ],
      [
        -0.05021736,
        -0.174745217,
        0.9833323
      ],
      [
        -0.33798635,
        -0.9235088,
        -0.181374624
      ]
    ],
    "translation": [
      2.17102623,
      0.894526,
      -0.5757867
    ]
  },
  {
    "timeStamp": 55830,
    "rotation": [
      [
        0.946788,
        -0.3205539,
        -0.0289422
      ],
      [
        -0.0242160466,
        -0.160613611,
        0.986720264
      ],
      [
        -0.320945531,
        -0.933514059,
        -0.159829587
      ]
    ],
    "translation": [
      2.17439079,
      0.8823344,
      -0.575899661
    ]
  },
  {
    "timeStamp": 55886,
    "rotation": [
      [
        0.9527382,
        -0.303313524,
        -0.0170516837
      ],
      [
        -0.0229218863,
        -0.1277425,
        0.991542459
      ],
      [
        -0.302926451,
        -0.9442895,
        -0.128657684
      ]
    ],
    "translation": [
      2.1748867,
      0.8697596,
      -0.5766917
    ]
  },
  {
    "timeStamp": 55930,
    "rotation": [
      [
        0.957276,
        -0.288882345,
        -0.0130263027
      ],
      [
        -0.0205293987,
        -0.11282333,
        0.993402958
      ],
      [
        -0.288446248,
        -0.950693369,
        -0.113933653
      ]
    ],
    "translation": [
      2.17432117,
      0.860483944,
      -0.5772074
    ]
  },
  {
    "timeStamp": 55985,
    "rotation": [
      [
        0.962254465,
        -0.270818681,
        -0.02690141
      ],
      [
        -0.00281994,
        -0.1087636,
        0.9940636
      ],
      [
        -0.2721369,
        -0.956466258,
        -0.105421945
      ]
    ],
    "translation": [
      2.17469168,
      0.8509011,
      -0.5772548
    ]
  },
  {
    "timeStamp": 56030,
    "rotation": [
      [
        0.963149548,
        -0.268076241,
        -0.0218651518
      ],
      [
        -0.00251644361,
        -0.09027105,
        0.995914042
      ],
      [
        -0.268954664,
        -0.959159136,
        -0.08761912
      ]
    ],
    "translation": [
      2.17439318,
      0.8434767,
      -0.5778503
    ]
  },
  {
    "timeStamp": 56087,
    "rotation": [
      [
        0.966544032,
        -0.25429073,
        -0.03359887
      ],
      [
        0.0157257915,
        -0.07199572,
        0.997280955
      ],
      [
        -0.256018281,
        -0.964444339,
        -0.06558812
      ]
    ],
    "translation": [
      2.17456222,
      0.8343126,
      -0.579405844
    ]
  },
  {
    "timeStamp": 56133,
    "rotation": [
      [
        0.966914833,
        -0.2515208,
        -0.04257901
      ],
      [
        0.0265470222,
        -0.06679436,
        0.9974135
      ],
      [
        -0.253714323,
        -0.9655443,
        -0.057907328
      ]
    ],
    "translation": [
      2.17542243,
      0.8287176,
      -0.57978797
    ]
  },
  {
    "timeStamp": 56178,
    "rotation": [
      [
        0.9669489,
        -0.251347721,
        -0.0428266376
      ],
      [
        0.0291796941,
        -0.0577747934,
        0.9979031
      ],
      [
        -0.253294975,
        -0.966171,
        -0.0485310256
      ]
    ],
    "translation": [
      2.1756537,
      0.8248284,
      -0.5799624
    ]
  },
  {
    "timeStamp": 56235,
    "rotation": [
      [
        0.9681006,
        -0.246008381,
        -0.0475516021
      ],
      [
        0.0369177945,
        -0.0476608761,
        0.9981811
      ],
      [
        -0.247827277,
        -0.9680952,
        -0.0370584354
      ]
    ],
    "translation": [
      2.17523623,
      0.8195941,
      -0.5799609
    ]
  },
  {
    "timeStamp": 56280,
    "rotation": [
      [
        0.9687171,
        -0.243415385,
        -0.04833405
      ],
      [
        0.03832274,
        -0.0457001328,
        0.998219848
      ],
      [
        -0.245190948,
        -0.96884495,
        -0.0349421576
      ]
    ],
    "translation": [
      2.174944,
      0.816699,
      -0.5790235
    ]
  }
]