[
  {
    "timeStamp": 81086,
    "rotation": [
      [
        0.6647743,
        -0.218061045,
        0.71451
      ],
      [
        0.3883471,
        0.917931139,
        -0.0811718851
      ],
      [
        -0.6381706,
        0.331438869,
        0.694900453
      ]
    ],
    "translation": [
      1.74507987,
      0.7055116,
      -0.745855451
    ]
  },
  {
    "timeStamp": 81131,
    "rotation": [
      [
        0.6831481,
        -0.1832904,
        0.706904
      ],
      [
        0.3539352,
        0.9298053,
        -0.100955404
      ],
      [
        -0.6387789,
        0.3191657,
        0.700067639
      ]
    ],
    "translation": [
      1.74228787,
      0.7138156,
      -0.74545455
    ]
  },
  {
    "timeStamp": 81188,
    "rotation": [
      [
        0.6742426,
        -0.124053225,
        0.7280163
      ],
      [
        0.282711267,
        0.954055548,
        -0.09925919
      ],
      [
        -0.682254553,
        0.2727432,
        0.678336143
      ]
    ],
    "translation": [
      1.74587917,
      0.742240131,
      -0.7357286
    ]
  },
  {
    "timeStamp": 81234,
    "rotation": [
      [
        0.6491436,
        -0.0582322441,
        0.75843364
      ],
      [
        0.20933,
        0.9722433,
        -0.104517162
      ],
      [
        -0.731295764,
        0.226609558,
        0.6433153
      ]
    ],
    "translation": [
      1.75833035,
      0.7728159,
      -0.727942
    ]
  },
  {
    "timeStamp": 81278,
    "rotation": [
      [
        0.6101504,
        -0.00186178577,
        0.7922834
      ],
      [
        0.133888036,
        0.985857368,
        -0.100792706
      ],
      [
        -0.780890763,
        0.167575985,
        0.6017706
      ]
    ],
    "translation": [
      1.778432,
      0.806445956,
      -0.7188119
    ]
  },
  {
    "timeStamp": 81334,
    "rotation": [
      [
        0.5468103,
        0.0423732437,
        0.836183548
      ],
      [
        0.0480963849,
        0.9954796,
        -0.081897445
      ],
      [
        -0.8358739,
        0.08499978,
        0.542300463
      ]
    ],
    "translation": [
      1.81610119,
      0.848224163,
      -0.711636961
    ]
  },
  {
    "timeStamp": 81378,
    "rotation": [
      [
        0.4782848,
        0.0526709631,
        0.876623869
      ],
      [
        -0.008586315,
        0.998432636,
        -0.05530502
      ],
      [
        -0.8781628,
        0.01892458,
        0.477987379
      ]
    ],
    "translation": [
      1.85618544,
      0.8777904,
      -0.7066809
    ]
  },
  {
    "timeStamp": 81434,
    "rotation": [
      [
        0.371792138,
        0.0363167264,
        0.927605331
      ],
      [
        -0.064733,
        0.9978164,
        -0.0131200263
      ],
      [
        -0.9260563,
        -0.0551687554,
        0.373331159
      ]
    ],
    "translation": [
      1.91588366,
      0.908472538,
      -0.7043009
    ]
  },
  {
    "timeStamp": 81478,
    "rotation": [
      [
        0.281460941,
        0.009927856,
        0.959521353
      ],
      [
        -0.0890244,
        0.9959039,
        0.0158096571
      ],
      [
        -0.955434144,
        -0.08987062,
        0.281191915
      ]
    ],
    "translation": [
      1.96951771,
      0.923527539,
      -0.7051111
    ]
  },
  {
    "timeStamp": 81534,
    "rotation": [
      [
        0.176411435,
        -0.0602780357,
        0.9824691
      ],
      [
        -0.0852055848,
        0.9934414,
        0.07625068
      ],
      [
        -0.9806217,
        -0.09716334,
        0.1701184
      ]
    ],
    "translation": [
      2.03392744,
      0.9293453,
      -0.7107591
    ]
  },
  {
    "timeStamp": 81587,
    "rotation": [
      [
        0.1133128,
        -0.08725542,
        0.9897205
      ],
      [
        -0.0632786453,
        0.993480146,
        0.09483163
      ],
      [
        -0.9915422,
        -0.07337381,
        0.107052624
      ]
    ],
    "translation": [
      2.078712,
      0.924313545,
      -0.717077
    ]
  },
  {
    "timeStamp": 81630,
    "rotation": [
      [
        0.0404559,
        -0.155978814,
        0.986931562
      ],
      [
        -0.0288784318,
        0.987145,
        0.157196328
      ],
      [
        -0.9987639,
        -0.0348605551,
        0.03543142
      ]
    ],
    "translation": [
      2.13023734,
      0.911296964,
      -0.7247948
    ]
  },
  {
    "timeStamp": 81685,
    "rotation": [
      [
        -0.041461017,
        -0.1693426,
        0.9846847
      ],
      [
        0.01749928,
        0.9852579,
        0.170178011
      ],
      [
        -0.99898684,
        0.0242870264,
        -0.0378864259
      ]
    ],
    "translation": [
      2.17633462,
      0.891413569,
      -0.733260155
    ]
  },
  {
    "timeStamp": 81729,
    "rotation": [
      [
        -0.09018072,
        -0.181715935,
        0.9792072
      ],
      [
        0.06883829,
        0.9797246,
        0.188151658
      ],
      [
        -0.9935435,
        0.0843746,
        -0.07584325
      ]
    ],
    "translation": [
      2.20466614,
      0.871512949,
      -0.7401363
    ]
  },
  {
    "timeStamp": 81785,
    "rotation": [
      [
        -0.0915598944,
        -0.1630904,
        0.982353449
      ],
      [
        0.147149459,
        0.973451257,
        0.17532745
      ],
      [
        -0.984867454,
        0.160605744,
        -0.0651304349
      ]
    ],
    "translation": [
      2.219823,
      0.8454312,
      -0.7468048
    ]
  },
  {
    "timeStamp": 81829,
    "rotation": [
      [
        -0.09998656,
        -0.08045317,
        0.99173075
      ],
      [
        0.17525959,
        0.979717433,
        0.09714832
      ],
      [
        -0.979431868,
        0.183523849,
        -0.0838583857
      ]
    ],
    "translation": [
      2.22175741,
      0.830288351,
      -0.7492779
    ]
  },
  {
    "timeStamp": 81884,
    "rotation": [
      [
        -0.07721131,
        -0.04384648,
        0.9960502
      ],
      [
        0.218187764,
        0.9740734,
        0.05979242
      ],
      [
        -0.972847641,
        0.2219426,
        -0.06564272
      ]
    ],
    "translation": [
      2.21874642,
      0.813689768,
      -0.7517988
    ]
  },
  {
    "timeStamp": 81929,
    "rotation": [
      [
        -0.0807404146,
        0.00235140719,
        0.9967324
      ],
      [
        0.224761114,
        0.974284,
        0.01590835
      ],
      [
        -0.971063,
        0.22531113,
        -0.0791926
      ]
    ],
    "translation": [
      2.21574473,
      0.804803,
      -0.7503825
    ]
  },
  {
    "timeStamp": 81984,
    "rotation": [
      [
        -0.08773441,
        -0.0219807643,
        0.995901346
      ],
      [
        0.2552579,
        0.965880156,
        0.04380523
      ],
      [
        -0.9628842,
        0.258054942,
        -0.07913016
      ]
    ],
    "translation": [
      2.2185936,
      0.7918671,
      -0.750872433
    ]
  }
]