[
  {
    "timeStamp": 97072,
    "rotation": [
      [
        0.992568731,
        -0.0538049936,
        -0.109143369
      ],
      [
        0.121246643,
        0.361230582,
        0.9245603
      ],
      [
        -0.0103200516,
        -0.9309229,
        0.365069866
      ]
    ],
    "translation": [
      1.30472469,
      0.7128514,
      -0.4949841
    ]
  },
  {
    "timeStamp": 97129,
    "rotation": [
      [
        0.996983767,
        -0.0588141978,
        -0.05063836
      ],
      [
        0.06909067,
        0.3753789,
        0.9242928
      ],
      [
        -0.03535297,
        -0.9250035,
        0.378310174
      ]
    ],
    "translation": [
      1.30468988,
      0.7145579,
      -0.494863123
    ]
  },
  {
    "timeStamp": 97171,
    "rotation": [
      [
        0.9978492,
        -0.05192623,
        -0.04000688
      ],
      [
        0.0576137938,
        0.4036403,
        0.9131019
      ],
      [
        -0.0312655456,
        -0.913442969,
        0.405763865
      ]
    ],
    "translation": [
      1.3111093,
      0.7207632,
      -0.5046095
    ]
  },
  {
    "timeStamp": 97227,
    "rotation": [
      [
        0.9999015,
        -0.0126771806,
        -0.006028926
      ],
      [
        0.0107220011,
        0.412489176,
        0.9108994
      ],
      [
        -0.009060769,
        -0.9108743,
        0.412584454
      ]
    ],
    "translation": [
      1.32179737,
      0.7367787,
      -0.5255529
    ]
  },
  {
    "timeStamp": 97271,
    "rotation": [
      [
        0.999048054,
        0.0375635624,
        0.02218142
      ],
      [
        -0.0359097645,
        0.419431359,
        0.907076538
      ],
      [
        0.0247694422,
        -0.9070096,
        0.42038098
      ]
    ],
    "translation": [
      1.33691382,
      0.753555,
      -0.551213443
    ]
  },
  {
    "timeStamp": 97327,
    "rotation": [
      [
        0.9924195,
        0.122355185,
        0.0115232859
      ],
      [
        -0.06075141,
        0.4069141,
        0.911444
      ],
      [
        0.106830917,
        -0.9052348,
        0.411262721
      ]
    ],
    "translation": [
      1.36624658,
      0.770650446,
      -0.594408631
    ]
  },
  {
    "timeStamp": 97371,
    "rotation": [
      [
        0.9859865,
        0.166825026,
        -0.0004334624
      ],
      [
        -0.06846013,
        0.406986773,
        0.910864949
      ],
      [
        0.152131483,
        -0.8980708,
        0.412704319
      ]
    ],
    "translation": [
      1.39837086,
      0.780241,
      -0.6337362
    ]
  },
  {
    "timeStamp": 97427,
    "rotation": [
      [
        0.976862669,
        0.212226063,
        -0.0264478847
      ],
      [
        -0.07345498,
        0.449079663,
        0.8904672
      ],
      [
        0.200857565,
        -0.8679215,
        0.4542782
      ]
    ],
    "translation": [
      1.44576752,
      0.785255551,
      -0.688100755
    ]
  },
  {
    "timeStamp": 97472,
    "rotation": [
      [
        0.9700449,
        0.234279022,
        -0.0642346
      ],
      [
        -0.05687312,
        0.476093739,
        0.8775535
      ],
      [
        0.236174077,
        -0.847613156,
        0.475156516
      ]
    ],
    "translation": [
      1.48855627,
      0.7859641,
      -0.729997635
    ]
  },
  {
    "timeStamp": 97527,
    "rotation": [
      [
        0.971089542,
        0.218877673,
        -0.09527676
      ],
      [
        -0.035155952,
        0.52589947,
        0.849819839
      ],
      [
        0.2361126,
        -0.8219016,
        0.518390357
      ]
    ],
    "translation": [
      1.54512835,
      0.785544455,
      -0.7764833
    ]
  },
  {
    "timeStamp": 97571,
    "rotation": [
      [
        0.980491042,
        0.174646139,
        -0.0902004
      ],
      [
        -0.0227568951,
        0.5566575,
        0.8304303
      ],
      [
        0.195242181,
        -0.8121768,
        0.5497721
      ]
    ],
    "translation": [
      1.58909309,
      0.7880614,
      -0.8056074
    ]
  },
  {
    "timeStamp": 97627,
    "rotation": [
      [
        0.992237568,
        0.117858231,
        -0.03967506
      ],
      [
        -0.0329860225,
        0.5570524,
        0.829822
      ],
      [
        0.119902439,
        -0.82207185,
        0.556615949
      ]
    ],
    "translation": [
      1.639293,
      0.7976299,
      -0.8286044
    ]
  },
  {
    "timeStamp": 97672,
    "rotation": [
      [
        0.998929262,
        0.0356587768,
        0.0294766985
      ],
      [
        -0.0435277335,
        0.508490264,
        0.8599669
      ],
      [
        0.0156767555,
        -0.860329151,
        0.509497941
      ]
    ],
    "translation": [
      1.67880237,
      0.8108841,
      -0.8307098
    ]
  },
  {
    "timeStamp": 97727,
    "rotation": [
      [
        0.983456,
        -0.106628843,
        0.146439612
      ],
      [
        -0.08492863,
        0.4426414,
        0.8926678
      ],
      [
        -0.160004348,
        -0.890336454,
        0.426262528
      ]
    ],
    "translation": [
      1.73152149,
      0.8354681,
      -0.8197146
    ]
  },
  {
    "timeStamp": 97771,
    "rotation": [
      [
        0.9535916,
        -0.225457817,
        0.199579284
      ],
      [
        -0.112307489,
        0.34867388,
        0.93049103
      ],
      [
        -0.27937457,
        -0.9097227,
        0.307171881
      ]
    ],
    "translation": [
      1.77991331,
      0.859432459,
      -0.805586
    ]
  },
  {
    "timeStamp": 97827,
    "rotation": [
      [
        0.892826,
        -0.404703438,
        0.197678462
      ],
      [
        -0.126491,
        0.19592905,
        0.972425759
      ],
      [
        -0.432275,
        -0.8932116,
        0.12373922
      ]
    ],
    "translation": [
      1.84858727,
      0.8905761,
      -0.786289752
    ]
  },
  {
    "timeStamp": 97871,
    "rotation": [
      [
        0.8269074,
        -0.5313481,
        0.184101582
      ],
      [
        -0.149260968,
        0.108253,
        0.982854247
      ],
      [
        -0.542167246,
        -0.84020865,
        0.0102056842
      ]
    ],
    "translation": [
      1.90579,
      0.9128794,
      -0.776119
    ]
  },
  {
    "timeStamp": 97927,
    "rotation": [
      [
        0.7602422,
        -0.6380826,
        0.121992886
      ],
      [
        -0.133509383,
        0.03031691,
        0.9905837
      ],
      [
        -0.6357727,
        -0.769370735,
        -0.06214183
      ]
    ],
    "translation": [
      1.97171021,
      0.927892148,
      -0.771361351
    ]
  },
  {
    "timeStamp": 97971,
    "rotation": [
      [
        0.7133348,
        -0.6972095,
        0.07108047
      ],
      [
        -0.100857913,
        -0.00176066277,
        0.9948993
      ],
      [
        -0.693528056,
        -0.7168653,
        -0.07157504
      ]
    ],
    "translation": [
      2.018083,
      0.9279178,
      -0.77172935
    ]
  },
  {
    "timeStamp": 98027,
    "rotation": [
      [
        0.6766794,
        -0.734553933,
        0.05035309
      ],
      [
        -0.0607632361,
        0.0124414535,
        0.998074651
      ],
      [
        -0.733766139,
        -0.67843616,
        -0.036215
      ]
    ],
    "translation": [
      2.0614686,
      0.912203133,
      -0.774296463
    ]
  },
  {
    "timeStamp": 98069,
    "rotation": [
      [
        0.6579815,
        -0.752699435,
        0.0224481616
      ],
      [
        -0.01906292,
        0.0131514538,
        0.9997318
      ],
      [
        -0.7527928,
        -0.658233,
        -0.00569523452
      ]
    ],
    "translation": [
      2.083502,
      0.8996277,
      -0.7773818
    ]
  },
  {
    "timeStamp": 98121,
    "rotation": [
      [
        0.64554745,
        -0.7630696,
        0.03151447
      ],
      [
        0.0135986293,
        0.05274256,
        0.998515546
      ],
      [
        -0.763599038,
        -0.6441606,
        0.0444245264
      ]
    ],
    "translation": [
      2.11064887,
      0.871549845,
      -0.7824464
    ]
  },
  {
    "timeStamp": 98177,
    "rotation": [
      [
        0.6539198,
        -0.7563483,
        0.0180589035
      ],
      [
        0.073471494,
        0.08724223,
        0.993474066
      ],
      [
        -0.752988,
        -0.648325562,
        0.112619467
      ]
    ],
    "translation": [
      2.12306929,
      0.8468065,
      -0.7893541
    ]
  },
  {
    "timeStamp": 98222,
    "rotation": [
      [
        0.656559765,
        -0.7533013,
        0.03829284
      ],
      [
        0.0662355,
        0.1081522,
        0.991925359
      ],
      [
        -0.7513602,
        -0.6487219,
        0.120903678
      ]
    ],
    "translation": [
      2.12723875,
      0.832632363,
      -0.791962862
    ]
  },
  {
    "timeStamp": 98277,
    "rotation": [
      [
        0.668773532,
        -0.743105948,
        0.0231413189
      ],
      [
        0.0979438052,
        0.118916117,
        0.9880617
      ],
      [
        -0.7369864,
        -0.658522964,
        0.152310565
      ]
    ],
    "translation": [
      2.13062572,
      0.8158335,
      -0.7951019
    ]
  },
  {
    "timeStamp": 98321,
    "rotation": [
      [
        0.674410045,
        -0.7382573,
        0.0121333217
      ],
      [
        0.0964781344,
        0.104402527,
        0.9898445
      ],
      [
        -0.732026637,
        -0.6663905,
        0.1416358
      ]
    ],
    "translation": [
      2.13157964,
      0.807891846,
      -0.7937665
    ]
  }
]