[
  {
    "timeStamp": 99715,
    "rotation": [
      [
        0.999515653,
        0.0150319533,
        0.0272489879
      ],
      [
        -0.005893508,
        0.95119077,
        -0.3085473
      ],
      [
        -0.030557055,
        0.308237255,
        0.950818658
      ]
    ],
    "translation": [
      1.30680108,
      0.705257,
      -0.7525677
    ]
  },
  {
    "timeStamp": 99759,
    "rotation": [
      [
        0.9994902,
        0.008673225,
        0.030725887
      ],
      [
        0.0009999763,
        0.953416169,
        -0.301656365
      ],
      [
        -0.0319108926,
        0.3015333,
        0.95292145
      ]
    ],
    "translation": [
      1.31324863,
      0.70645684,
      -0.7551688
    ]
  },
  {
    "timeStamp": 99815,
    "rotation": [
      [
        0.9981803,
        -0.0249471385,
        0.0548965372
      ],
      [
        0.04262268,
        0.9358918,
        -0.349699676
      ],
      [
        -0.04265321,
        0.351403177,
        0.93525213
      ]
    ],
    "translation": [
      1.32777977,
      0.714273453,
      -0.7650694
    ]
  },
  {
    "timeStamp": 99859,
    "rotation": [
      [
        0.998197436,
        -0.002355359,
        0.05996818
      ],
      [
        0.0242376942,
        0.9299357,
        -0.366922468
      ],
      [
        -0.05490232,
        0.367714554,
        0.9283166
      ]
    ],
    "translation": [
      1.34234154,
      0.7235901,
      -0.771859944
    ]
  },
  {
    "timeStamp": 99915,
    "rotation": [
      [
        0.9962582,
        0.04104533,
        0.0760589
      ],
      [
        -0.007680733,
        0.9185986,
        -0.395117283
      ],
      [
        -0.08608532,
        0.393054634,
        0.915476561
      ]
    ],
    "translation": [
      1.36542034,
      0.7399247,
      -0.78184104
    ]
  },
  {
    "timeStamp": 99959,
    "rotation": [
      [
        0.99427104,
        0.06737587,
        0.08297856
      ],
      [
        -0.026393747,
        0.9070354,
        -0.4202262
      ],
      [
        -0.1035776,
        0.4156286,
        0.903617442
      ]
    ],
    "translation": [
      1.39054191,
      0.7530806,
      -0.793433547
    ]
  },
  {
    "timeStamp": 100015,
    "rotation": [
      [
        0.991523564,
        0.09115567,
        0.0925831348
      ],
      [
        -0.03946815,
        0.890223265,
        -0.4538115
      ],
      [
        -0.12378715,
        0.446310729,
        0.886275053
      ]
    ],
    "translation": [
      1.42817307,
      0.767498732,
      -0.8105735
    ]
  },
  {
    "timeStamp": 100059,
    "rotation": [
      [
        0.9867388,
        0.121055149,
        0.1081304
      ],
      [
        -0.0584964231,
        0.886617959,
        -0.4587884
      ],
      [
        -0.151409045,
        0.446379066,
        0.8819417
      ]
    ],
    "translation": [
      1.46140456,
      0.778970242,
      -0.8218343
    ]
  },
  {
    "timeStamp": 100115,
    "rotation": [
      [
        0.972928762,
        0.1671856,
        0.1595575
      ],
      [
        -0.06841077,
        0.8678144,
        -0.492156535
      ],
      [
        -0.2207478,
        0.4679178,
        0.8557589
      ]
    ],
    "translation": [
      1.50838375,
      0.7913184,
      -0.833561242
    ]
  },
  {
    "timeStamp": 100159,
    "rotation": [
      [
        0.953061759,
        0.212585479,
        0.215593562
      ],
      [
        -0.08142176,
        0.8657773,
        -0.493761152
      ],
      [
        -0.29162246,
        0.453030884,
        0.8424484
      ]
    ],
    "translation": [
      1.5486567,
      0.800794959,
      -0.838197947
    ]
  },
  {
    "timeStamp": 100215,
    "rotation": [
      [
        0.9074923,
        0.2807419,
        0.312476784
      ],
      [
        -0.09531285,
        0.8620827,
        -0.497723579
      ],
      [
        -0.409112722,
        0.421897262,
        0.809091747
      ]
    ],
    "translation": [
      1.60184038,
      0.8121606,
      -0.839228749
    ]
  },
  {
    "timeStamp": 100259,
    "rotation": [
      [
        0.852068067,
        0.3358426,
        0.40148434
      ],
      [
        -0.102844946,
        0.859490454,
        -0.500698566
      ],
      [
        -0.5132279,
        0.385338634,
        0.7668841
      ]
    ],
    "translation": [
      1.64602971,
      0.8211662,
      -0.8375207
    ]
  },
  {
    "timeStamp": 100315,
    "rotation": [
      [
        0.7676487,
        0.394330919,
        0.505191743
      ],
      [
        -0.1246952,
        0.8651273,
        -0.485804319
      ],
      [
        -0.62862283,
        0.309932053,
        0.713284969
      ]
    ],
    "translation": [
      1.7012639,
      0.8335388,
      -0.8339093
    ]
  },
  {
    "timeStamp": 100359,
    "rotation": [
      [
        0.6916034,
        0.42878294,
        0.5812314
      ],
      [
        -0.151285619,
        0.8728672,
        -0.4639132
      ],
      [
        -0.7062559,
        0.232912,
        0.6685466
      ]
    ],
    "translation": [
      1.74322,
      0.8444437,
      -0.8305092
    ]
  },
  {
    "timeStamp": 100414,
    "rotation": [
      [
        0.584227443,
        0.455211341,
        0.6719084
      ],
      [
        -0.1907555,
        0.881718,
        -0.431492478
      ],
      [
        -0.788853943,
        0.123919539,
        0.6019579
      ]
    ],
    "translation": [
      1.794356,
      0.858213663,
      -0.823830366
    ]
  },
  {
    "timeStamp": 100459,
    "rotation": [
      [
        0.497628123,
        0.475228757,
        0.7256196
      ],
      [
        -0.231351838,
        0.8789689,
        -0.417001069
      ],
      [
        -0.835968,
        0.03963802,
        0.547344744
      ]
    ],
    "translation": [
      1.83212829,
      0.8698658,
      -0.8183091
    ]
  },
  {
    "timeStamp": 100515,
    "rotation": [
      [
        0.400806457,
        0.496761769,
        0.769793451
      ],
      [
        -0.2699785,
        0.866968,
        -0.4189012
      ],
      [
        -0.875480354,
        -0.0399293639,
        0.481601328
      ]
    ],
    "translation": [
      1.87177229,
      0.88317585,
      -0.8119067
    ]
  },
  {
    "timeStamp": 100559,
    "rotation": [
      [
        0.3491949,
        0.499574274,
        0.7927727
      ],
      [
        -0.298446476,
        0.8612663,
        -0.411278665
      ],
      [
        -0.8882526,
        -0.09298378,
        0.44984597
      ]
    ],
    "translation": [
      1.89839256,
      0.891685367,
      -0.807317436
    ]
  },
  {
    "timeStamp": 100615,
    "rotation": [
      [
        0.294248879,
        0.4916603,
        0.819565535
      ],
      [
        -0.330376476,
        0.856991053,
        -0.395496815
      ],
      [
        -0.8968104,
        -0.1543907,
        0.414601654
      ]
    ],
    "translation": [
      1.92784238,
      0.9018342,
      -0.799755
    ]
  },
  {
    "timeStamp": 100659,
    "rotation": [
      [
        0.246411815,
        0.48562175,
        0.838720858
      ],
      [
        -0.371685863,
        0.846585453,
        -0.380976
      ],
      [
        -0.8950591,
        -0.2178637,
        0.389107376
      ]
    ],
    "translation": [
      1.95202208,
      0.9130245,
      -0.791616
    ]
  },
  {
    "timeStamp": 100713,
    "rotation": [
      [
        0.1832901,
        0.4913573,
        0.8514533
      ],
      [
        -0.423213,
        0.821195,
        -0.382791817
      ],
      [
        -0.887296736,
        -0.29018417,
        0.358465672
      ]
    ],
    "translation": [
      1.9770751,
      0.9261394,
      -0.782622337
    ]
  },
  {
    "timeStamp": 100765,
    "rotation": [
      [
        0.0399766751,
        0.506270647,
        0.8614476
      ],
      [
        -0.5271913,
        0.743059,
        -0.4122289
      ],
      [
        -0.8488058,
        -0.4376681,
        0.2966065
      ]
    ],
    "translation": [
      2.02255559,
      0.9487096,
      -0.7700438
    ]
  },
  {
    "timeStamp": 100810,
    "rotation": [
      [
        -0.103814639,
        0.50331986,
        0.857841253
      ],
      [
        -0.5886419,
        0.6641315,
        -0.46090138
      ],
      [
        -0.8017003,
        -0.5528096,
        0.227328554
      ]
    ],
    "translation": [
      2.05911613,
      0.961402655,
      -0.7641012
    ]
  },
  {
    "timeStamp": 100865,
    "rotation": [
      [
        -0.233393013,
        0.4662984,
        0.8532839
      ],
      [
        -0.5549939,
        0.656667352,
        -0.5106561
      ],
      [
        -0.7984418,
        -0.592751,
        0.105531231
      ]
    ],
    "translation": [
      2.10284019,
      0.952099442,
      -0.757728755
    ]
  },
  {
    "timeStamp": 100909,
    "rotation": [
      [
        -0.277480453,
        0.425691545,
        0.8612731
      ],
      [
        -0.483714581,
        0.7126557,
        -0.5080768
      ],
      [
        -0.830075145,
        -0.5575917,
        0.008165179
      ]
    ],
    "translation": [
      2.12785459,
      0.931257546,
      -0.753481448
    ]
  },
  {
    "timeStamp": 100965,
    "rotation": [
      [
        -0.203480676,
        0.3888658,
        0.898542643
      ],
      [
        -0.4024546,
        0.803404,
        -0.438830644
      ],
      [
        -0.892539,
        -0.4509162,
        -0.00697634136
      ]
    ],
    "translation": [
      2.13767457,
      0.9016506,
      -0.7470797
    ]
  },
  {
    "timeStamp": 101009,
    "rotation": [
      [
        -0.140139848,
        0.354017526,
        0.924679637
      ],
      [
        -0.4922572,
        0.78538996,
        -0.3752939
      ],
      [
        -0.8590947,
        -0.5077738,
        0.06420325
      ]
    ],
    "translation": [
      2.139908,
      0.9028874,
      -0.742318451
    ]
  },
  {
    "timeStamp": 101065,
    "rotation": [
      [
        -0.0363888368,
        0.329767674,
        0.943360567
      ],
      [
        -0.5462743,
        0.7839016,
        -0.295097858
      ],
      [
        -0.836815536,
        -0.5260719,
        0.151618347
      ]
    ],
    "translation": [
      2.13744545,
      0.89794004,
      -0.7363318
    ]
  },
  {
    "timeStamp": 101109,
    "rotation": [
      [
        -0.0193596035,
        0.3461812,
        0.9379679
      ],
      [
        -0.551500142,
        0.7788142,
        -0.29882437
      ],
      [
        -0.833950162,
        -0.523074567,
        0.175841466
      ]
    ],
    "translation": [
      2.1361165,
      0.889524341,
      -0.728802264
    ]
  },
  {
    "timeStamp": 101166,
    "rotation": [
      [
        -0.03071383,
        0.337403268,
        0.940859
      ],
      [
        -0.546672642,
        0.782367647,
        -0.2984122
      ],
      [
        -0.836782932,
        -0.5235073,
        0.160419628
      ]
    ],
    "translation": [
      2.14063859,
      0.8778532,
      -0.7193786
    ]
  },
  {
    "timeStamp": 101211,
    "rotation": [
      [
        -0.04371507,
        0.329296619,
        0.943214059
      ],
      [
        -0.5521062,
        0.778886259,
        -0.297514617
      ],
      [
        -0.832627,
        -0.5337602,
        0.147757635
      ]
    ],
    "translation": [
      2.14359212,
      0.8708056,
      -0.7144491
    ]
  },
  {
    "timeStamp": 101268,
    "rotation": [
      [
        -0.0504874028,
        0.328996,
        0.9429807
      ],
      [
        -0.54873383,
        0.779763341,
        -0.301430523
      ],
      [
        -0.8344712,
        -0.5326638,
        0.141163
      ]
    ],
    "translation": [
      2.14384031,
      0.859346449,
      -0.710233867
    ]
  },
  {
    "timeStamp": 101314,
    "rotation": [
      [
        -0.0324165337,
        0.317343682,
        0.9477564
      ],
      [
        -0.532269,
        0.7971208,
        -0.285110772
      ],
      [
        -0.8459544,
        -0.513703644,
        0.143072322
      ]
    ],
    "translation": [
      2.14101553,
      0.847818553,
      -0.708678842
    ]
  },
  {
    "timeStamp": 101359,
    "rotation": [
      [
        -0.0268948916,
        0.31513232,
        0.948666632
      ],
      [
        -0.518662333,
        0.80687654,
        -0.282736033
      ],
      [
        -0.8545561,
        -0.499641776,
        0.1417464
      ]
    ],
    "translation": [
      2.13872552,
      0.837139,
      -0.7093864
    ]
  }
]