[
  {
    "timeStamp": 20867,
    "rotation": [
      [
        0.9992193,
        -0.0179139059,
        -0.03521318
      ],
      [
        0.03490828,
        -0.0170576256,
        0.9992449
      ],
      [
        -0.0185010415,
        -0.999694049,
        -0.0164189655
      ]
    ],
    "translation": [
      1.76964581,
      0.700816453,
      -0.7494916
    ]
  },
  {
    "timeStamp": 20912,
    "rotation": [
      [
        0.999075,
        -0.0147988107,
        -0.04037565
      ],
      [
        0.0410498232,
        0.0485037751,
        0.9979791
      ],
      [
        -0.0128105311,
        -0.9987134,
        0.0490664
      ]
    ],
    "translation": [
      1.7696743,
      0.7032095,
      -0.749247968
    ]
  },
  {
    "timeStamp": 20958,
    "rotation": [
      [
        0.994267166,
        -0.0726292357,
        -0.07847144
      ],
      [
        0.07917108,
        0.006800413,
        0.996837854
      ],
      [
        -0.07186593,
        -0.9973358,
        0.0125115626
      ]
    ],
    "translation": [
      1.77754819,
      0.711036444,
      -0.739673
    ]
  },
  {
    "timeStamp": 21011,
    "rotation": [
      [
        0.99220854,
        -0.1229733,
        -0.0199939944
      ],
      [
        0.0185228754,
        -0.0130946618,
        0.9997427
      ],
      [
        -0.123203471,
        -0.9923236,
        -0.0107148159
      ]
    ],
    "translation": [
      1.7802707,
      0.738693535,
      -0.727786243
    ]
  },
  {
    "timeStamp": 21060,
    "rotation": [
      [
        0.974204063,
        -0.218977526,
        0.05454639
      ],
      [
        -0.0597096346,
        -0.017025603,
        0.9980706
      ],
      [
        -0.217626363,
        -0.975581348,
        -0.02966148
      ]
    ],
    "translation": [
      1.78799987,
      0.773301244,
      -0.709513545
    ]
  },
  {
    "timeStamp": 21110,
    "rotation": [
      [
        0.9114055,
        -0.3841943,
        0.147426978
      ],
      [
        -0.169955075,
        -0.025151724,
        0.9851308
      ],
      [
        -0.3747736,
        -0.922909558,
        -0.0882191956
      ]
    ],
    "translation": [
      1.81730688,
      0.824878335,
      -0.6806986
    ]
  },
  {
    "timeStamp": 21166,
    "rotation": [
      [
        0.804412961,
        -0.555431962,
        0.210748911
      ],
      [
        -0.276510835,
        -0.0360795073,
        0.9603333
      ],
      [
        -0.525796056,
        -0.8307789,
        -0.182605773
      ]
    ],
    "translation": [
      1.86470866,
      0.881063044,
      -0.6511263
    ]
  },
  {
    "timeStamp": 21210,
    "rotation": [
      [
        0.7051858,
        -0.6762263,
        0.2131456
      ],
      [
        -0.3461829,
        -0.06603264,
        0.9358403
      ],
      [
        -0.6187653,
        -0.733728647,
        -0.280663252
      ]
    ],
    "translation": [
      1.9147805,
      0.9225032,
      -0.6318229
    ]
  },
  {
    "timeStamp": 21266,
    "rotation": [
      [
        0.5769514,
        -0.80573,
        0.13388893
      ],
      [
        -0.383185834,
        -0.122247092,
        0.9155459
      ],
      [
        -0.721315265,
        -0.5795298,
        -0.379274964
      ]
    ],
    "translation": [
      1.99027622,
      0.9566979,
      -0.616356432
    ]
  },
  {
    "timeStamp": 21310,
    "rotation": [
      [
        0.486051559,
        -0.873087764,
        0.03836223
      ],
      [
        -0.360725969,
        -0.160448313,
        0.918767154
      ],
      [
        -0.7960092,
        -0.460406482,
        -0.392931581
      ]
    ],
    "translation": [
      2.05144024,
      0.9633015,
      -0.6137048
    ]
  },
  {
    "timeStamp": 21366,
    "rotation": [
      [
        0.390975177,
        -0.918581069,
        -0.0578557737
      ],
      [
        -0.2735647,
        -0.1759957,
        0.945615053
      ],
      [
        -0.8788065,
        -0.353884727,
        -0.3201013
      ]
    ],
    "translation": [
      2.1161952,
      0.9433881,
      -0.621443
    ]
  },
  {
    "timeStamp": 21419,
    "rotation": [
      [
        0.3244745,
        -0.944446266,
        -0.05232149
      ],
      [
        -0.1944257,
        -0.120725818,
        0.9734598
      ],
      [
        -0.925696969,
        -0.305690259,
        -0.222797081
      ]
    ],
    "translation": [
      2.14970422,
      0.909277737,
      -0.6338528
    ]
  },
  {
    "timeStamp": 21463,
    "rotation": [
      [
        0.323293984,
        -0.944957554,
        -0.05036133
      ],
      [
        -0.0596012548,
        -0.07344697,
        0.995516539
      ],
      [
        -0.9444198,
        -0.3188429,
        -0.0800656155
      ]
    ],
    "translation": [
      2.1711514,
      0.856010735,
      -0.6470859
    ]
  },
  {
    "timeStamp": 21517,
    "rotation": [
      [
        0.335838318,
        -0.9392281,
        -0.0711556
      ],
      [
        0.004469107,
        -0.0739534348,
        0.9972517
      ],
      [
        -0.941909,
        -0.335233331,
        -0.0206388868
      ]
    ],
    "translation": [
      2.18237686,
      0.8152567,
      -0.651815057
    ]
  },
  {
    "timeStamp": 21562,
    "rotation": [
      [
        0.3658833,
        -0.928220451,
        -0.06735181
      ],
      [
        0.0512794219,
        -0.0521526337,
        0.997321665
      ],
      [
        -0.929246962,
        -0.3683571,
        0.02851683
      ]
    ],
    "translation": [
      2.183008,
      0.785068154,
      -0.653262258
    ]
  },
  {
    "timeStamp": 21617,
    "rotation": [
      [
        0.365214556,
        -0.9292827,
        -0.0552444346
      ],
      [
        0.07296077,
        -0.0305880439,
        0.99686563
      ],
      [
        -0.9280598,
        -0.368100524,
        0.05662999
      ]
    ],
    "translation": [
      2.18118882,
      0.7616004,
      -0.649594
    ]
  },
  {
    "timeStamp": 21662,
    "rotation": [
      [
        0.384396225,
        -0.922367454,
        -0.03844212
      ],
      [
        0.06810488,
        -0.0131945768,
        0.9975909
      ],
      [
        -0.920652568,
        -0.386088282,
        0.05774578
      ]
    ],
    "translation": [
      2.17924762,
      0.752666652,
      -0.6439747
    ]
  },
  {
    "timeStamp": 21717,
    "rotation": [
      [
        0.389407128,
        -0.918982446,
        -0.06191478
      ],
      [
        0.0729908347,
        -0.0362202153,
        0.9966747
      ],
      [
        -0.9181691,
        -0.392631441,
        0.0529728867
      ]
    ],
    "translation": [
      2.17806816,
      0.748514056,
      -0.6356642
    ]
  },
  {
    "timeStamp": 21761,
    "rotation": [
      [
        0.393355936,
        -0.9180417,
        -0.04970436
      ],
      [
        0.05459367,
        -0.030643614,
        0.998038352
      ],
      [
        -0.9177639,
        -0.3952978,
        0.03806542
      ]
    ],
    "translation": [
      2.17618752,
      0.7490563,
      -0.6284527
    ]
  },
  {
    "timeStamp": 21817,
    "rotation": [
      [
        0.400684029,
        -0.915129244,
        -0.04461813
      ],
      [
        0.05141732,
        -0.0261621177,
        0.9983345
      ],
      [
        -0.914772451,
        -0.402310848,
        0.0365707539
      ]
    ],
    "translation": [
      2.17282224,
      0.747362554,
      -0.621656954
    ]
  },
  {
    "timeStamp": 21863,
    "rotation": [
      [
        0.408707231,
        -0.912014842,
        -0.0344580226
      ],
      [
        0.05094058,
        -0.0149007123,
        0.9985905
      ],
      [
        -0.9112428,
        -0.409886479,
        0.0403685346
      ]
    ],
    "translation": [
      2.1691258,
      0.7438441,
      -0.618725657
    ]
  },
  {
    "timeStamp": 21909,
    "rotation": [
      [
        0.421768457,
        -0.9061418,
        -0.03191256
      ],
      [
        0.0531611778,
        -0.0104222028,
        0.9985316
      ],
      [
        -0.905143857,
        -0.422845632,
        0.0437758081
      ]
    ],
    "translation": [
      2.16523671,
      0.739235461,
      -0.6171312
    ]
  },
  {
    "timeStamp": 21965,
    "rotation": [
      [
        0.4285596,
        -0.903065741,
        -0.0284409262
      ],
      [
        0.0501792468,
        -0.0076400484,
        0.998711
      ],
      [
        -0.902119,
        -0.429434329,
        0.0420409441
      ]
    ],
    "translation": [
      2.16271,
      0.7342063,
      -0.6153702
    ]
  }
]