[
  {
    "timeStamp": 49916,
    "rotation": [
      [
        0.993849754,
        -0.0519332476,
        0.0978040546
      ],
      [
        -0.0972603261,
        0.0129019339,
        0.995175362
      ],
      [
        -0.0529445447,
        -0.9985672,
        0.00777153857
      ]
    ],
    "translation": [
      1.67613518,
      0.698315,
      -0.6016175
    ]
  },
  {
    "timeStamp": 49968,
    "rotation": [
      [
        0.9807028,
        -0.108501732,
        0.162632555
      ],
      [
        -0.156888038,
        0.059588138,
        0.985817134
      ],
      [
        -0.11665383,
        -0.992308736,
        0.04141563
      ]
    ],
    "translation": [
      1.67628372,
      0.7043453,
      -0.6007193
    ]
  },
  {
    "timeStamp": 50017,
    "rotation": [
      [
        0.968121052,
        -0.149382249,
        0.20106338
      ],
      [
        -0.19524768,
        0.05278093,
        0.9793327
      ],
      [
        -0.156907246,
        -0.9873698,
        0.0219317917
      ]
    ],
    "translation": [
      1.68320334,
      0.734182358,
      -0.594083846
    ]
  },
  {
    "timeStamp": 50061,
    "rotation": [
      [
        0.9644613,
        -0.154973671,
        0.214003623
      ],
      [
        -0.222477123,
        -0.0393645763,
        0.9741429
      ],
      [
        -0.142542362,
        -0.987134039,
        -0.07244371
      ]
    ],
    "translation": [
      1.69399786,
      0.7708443,
      -0.5847461
    ]
  },
  {
    "timeStamp": 50117,
    "rotation": [
      [
        0.952018261,
        -0.2193973,
        0.213368356
      ],
      [
        -0.2503383,
        -0.157222956,
        0.9553071
      ],
      [
        -0.176045418,
        -0.962884068,
        -0.204602674
      ]
    ],
    "translation": [
      1.7292161,
      0.821058,
      -0.57927
    ]
  },
  {
    "timeStamp": 50161,
    "rotation": [
      [
        0.936308146,
        -0.301445365,
        0.180160314
      ],
      [
        -0.2574209,
        -0.24017489,
        0.9359757
      ],
      [
        -0.238875508,
        -0.9227387,
        -0.302476048
      ]
    ],
    "translation": [
      1.77464736,
      0.858991,
      -0.5810963
    ]
  },
  {
    "timeStamp": 50217,
    "rotation": [
      [
        0.91365,
        -0.402900726,
        0.05398864
      ],
      [
        -0.211704567,
        -0.358230263,
        0.909314156
      ],
      [
        -0.34702298,
        -0.8422245,
        -0.412593
      ]
    ],
    "translation": [
      1.854141,
      0.901572466,
      -0.590916455
    ]
  },
  {
    "timeStamp": 50261,
    "rotation": [
      [
        0.8783218,
        -0.472578645,
        -0.07225106
      ],
      [
        -0.1589773,
        -0.431251973,
        0.8881148
      ],
      [
        -0.4508625,
        -0.768564343,
        -0.4539073
      ]
    ],
    "translation": [
      1.92364192,
      0.926478446,
      -0.6073349
    ]
  },
  {
    "timeStamp": 50317,
    "rotation": [
      [
        0.8126375,
        -0.5387108,
        -0.222285792
      ],
      [
        -0.08073135,
        -0.48181653,
        0.8725453
      ],
      [
        -0.5771505,
        -0.6911176,
        -0.435033023
      ]
    ],
    "translation": [
      2.00790286,
      0.9401635,
      -0.6390605
    ]
  },
  {
    "timeStamp": 50361,
    "rotation": [
      [
        0.7621886,
        -0.5820616,
        -0.283324659
      ],
      [
        -0.00151022745,
        -0.439262629,
        0.898357451
      ],
      [
        -0.6473533,
        -0.684289932,
        -0.33568
      ]
    ],
    "translation": [
      2.062799,
      0.9255018,
      -0.670141041
    ]
  },
  {
    "timeStamp": 50418,
    "rotation": [
      [
        0.730130434,
        -0.6305301,
        -0.263327479
      ],
      [
        0.08022848,
        -0.303601533,
        0.9494153
      ],
      [
        -0.6785816,
        -0.7143234,
        -0.171082243
      ]
    ],
    "translation": [
      2.10551715,
      0.887444139,
      -0.712876141
    ]
  },
  {
    "timeStamp": 50463,
    "rotation": [
      [
        0.7175688,
        -0.652807,
        -0.242771462
      ],
      [
        0.12725234,
        -0.219816461,
        0.967206061
      ],
      [
        -0.6847641,
        -0.7249301,
        -0.07466221
      ]
    ],
    "translation": [
      2.12673855,
      0.863898337,
      -0.7388287
    ]
  },
  {
    "timeStamp": 50515,
    "rotation": [
      [
        0.713894248,
        -0.652911067,
        -0.253104866
      ],
      [
        0.1708091,
        -0.188166171,
        0.96716994
      ],
      [
        -0.679101765,
        -0.7336897,
        -0.0228075963
      ]
    ],
    "translation": [
      2.14339733,
      0.850322,
      -0.7595673
    ]
  },
  {
    "timeStamp": 50560,
    "rotation": [
      [
        0.696680248,
        -0.6864758,
        -0.2082972
      ],
      [
        0.182641685,
        -0.1110599,
        0.976886749
      ],
      [
        -0.6937426,
        -0.718621433,
        0.0480058566
      ]
    ],
    "translation": [
      2.15708947,
      0.8305516,
      -0.7831365
    ]
  },
  {
    "timeStamp": 50615,
    "rotation": [
      [
        0.6638499,
        -0.717983961,
        -0.209290162
      ],
      [
        0.2000734,
        -0.09914868,
        0.974751353
      ],
      [
        -0.7206067,
        -0.688962,
        0.07782965
      ]
    ],
    "translation": [
      2.17245531,
      0.8198531,
      -0.797220349
    ]
  }
]