[
  {
    "timeStamp": 6030,
    "rotation": [
      [
        -0.99998343,
        0.00449054735,
        -0.00358942733
      ],
      [
        -0.00357659836,
        0.00286161923,
        0.9999895
      ],
      [
        0.00450077141,
        0.9999858,
        -0.002845511
      ]
    ],
    "translation": [
      1.46182573,
      0.701361239,
      -0.48896274
    ]
  },
  {
    "timeStamp": 6086,
    "rotation": [
      [
        -0.999940336,
        0.004134669,
        -0.0101118237
      ],
      [
        -0.0101087876,
        0.000754686247,
        0.9999486
      ],
      [
        0.00414208742,
        0.9999912,
        -0.0007128447
      ]
    ],
    "translation": [
      1.4617902,
      0.7021496,
      -0.488943636
    ]
  },
  {
    "timeStamp": 6129,
    "rotation": [
      [
        -0.9997294,
        -0.0166323688,
        -0.016263824
      ],
      [
        -0.0162312053,
        -0.002094315,
        0.999866068
      ],
      [
        -0.0166642033,
        0.999859452,
        0.00182378467
      ]
    ],
    "translation": [
      1.46331632,
      0.705836833,
      -0.489541054
    ]
  },
  {
    "timeStamp": 6185,
    "rotation": [
      [
        -0.9991903,
        -0.008258142,
        0.03937874
      ],
      [
        0.0392484739,
        0.01538365,
        0.999111056
      ],
      [
        -0.008856588,
        0.9998476,
        -0.0150470734
      ]
    ],
    "translation": [
      1.45934331,
      0.7299992,
      -0.490291655
    ]
  },
  {
    "timeStamp": 6230,
    "rotation": [
      [
        -0.9909524,
        0.024377156,
        0.1319815
      ],
      [
        0.132845968,
        0.03811167,
        0.990403652
      ],
      [
        0.0191131737,
        0.9989761,
        -0.04100526
      ]
    ],
    "translation": [
      1.448902,
      0.766944647,
      -0.487954766
    ]
  },
  {
    "timeStamp": 6285,
    "rotation": [
      [
        -0.9605606,
        0.127217978,
        0.24726288
      ],
      [
        0.2560588,
        0.05793365,
        0.9649236
      ],
      [
        0.108430795,
        0.990181446,
        -0.08822406
      ]
    ],
    "translation": [
      1.44619119,
      0.82474196,
      -0.4806523
    ]
  },
  {
    "timeStamp": 6330,
    "rotation": [
      [
        -0.9159849,
        0.208480433,
        0.3427936
      ],
      [
        0.362018377,
        0.06115451,
        0.9301628
      ],
      [
        0.172957361,
        0.9761127,
        -0.131490365
      ]
    ],
    "translation": [
      1.45641243,
      0.876318,
      -0.4760587
    ]
  },
  {
    "timeStamp": 6385,
    "rotation": [
      [
        -0.8436197,
        0.3547537,
        0.4030578
      ],
      [
        0.4616792,
        0.09598082,
        0.881839
      ],
      [
        0.2741498,
        0.930020154,
        -0.2447537
      ]
    ],
    "translation": [
      1.48930407,
      0.940575242,
      -0.459023356
    ]
  },
  {
    "timeStamp": 6429,
    "rotation": [
      [
        -0.760634,
        0.52763325,
        0.378205
      ],
      [
        0.487110317,
        0.07876091,
        0.869781733
      ],
      [
        0.429138,
        0.8458131,
        -0.316923857
      ]
    ],
    "translation": [
      1.54481769,
      0.9766551,
      -0.4399752
    ]
  },
  {
    "timeStamp": 6485,
    "rotation": [
      [
        -0.683307648,
        0.648213446,
        0.3360208
      ],
      [
        0.491998762,
        0.06874536,
        0.8678775
      ],
      [
        0.53947,
        0.7583491,
        -0.365894467
      ]
    ],
    "translation": [
      1.62207341,
      1.00786734,
      -0.435670137
    ]
  },
  {
    "timeStamp": 6529,
    "rotation": [
      [
        -0.6121885,
        0.740403,
        0.277540416
      ],
      [
        0.5053771,
        0.0964297652,
        0.857493639
      ],
      [
        0.6081277,
        0.6652103,
        -0.4332159
      ]
    ],
    "translation": [
      1.69272673,
      1.03045774,
      -0.429725915
    ]
  },
  {
    "timeStamp": 6585,
    "rotation": [
      [
        -0.5131656,
        0.836031,
        0.1941988
      ],
      [
        0.4988399,
        0.106395014,
        0.860138834
      ],
      [
        0.698440969,
        0.5382678,
        -0.4716439
      ]
    ],
    "translation": [
      1.78501618,
      1.04828119,
      -0.433450073
    ]
  },
  {
    "timeStamp": 6629,
    "rotation": [
      [
        -0.440854251,
        0.8942237,
        0.07753414
      ],
      [
        0.460254431,
        0.151052788,
        0.8748422
      ],
      [
        0.770592868,
        0.421363324,
        -0.478162646
      ]
    ],
    "translation": [
      1.87080431,
      1.05004513,
      -0.44240135
    ]
  },
  {
    "timeStamp": 6685,
    "rotation": [
      [
        -0.346671849,
        0.934381664,
        -0.08215555
      ],
      [
        0.365537554,
        0.215242863,
        0.905567646
      ],
      [
        0.8638292,
        0.283903867,
        -0.416170269
      ]
    ],
    "translation": [
      1.97975409,
      1.03785729,
      -0.470854342
    ]
  },
  {
    "timeStamp": 6729,
    "rotation": [
      [
        -0.2408735,
        0.954664052,
        -0.174918488
      ],
      [
        0.256958544,
        0.236521736,
        0.937032461
      ],
      [
        0.9359232,
        0.1807595,
        -0.3022809
      ]
    ],
    "translation": [
      2.05684638,
      1.01892257,
      -0.5099265
    ]
  },
  {
    "timeStamp": 6783,
    "rotation": [
      [
        -0.1717119,
        0.965793848,
        -0.194312379
      ],
      [
        0.164454415,
        0.222575709,
        0.9609447
      ],
      [
        0.9713237,
        0.1330501,
        -0.197047964
      ]
    ],
    "translation": [
      2.11113882,
      0.9937502,
      -0.5550653
    ]
  },
  {
    "timeStamp": 6836,
    "rotation": [
      [
        -0.09245718,
        0.9857917,
        -0.140237257
      ],
      [
        0.0835668743,
        0.148025885,
        0.9854466
      ],
      [
        0.9922037,
        0.07939244,
        -0.09606558
      ]
    ],
    "translation": [
      2.15564132,
      0.9594052,
      -0.593195
    ]
  },
  {
    "timeStamp": 6879,
    "rotation": [
      [
        -0.05428393,
        0.989886045,
        -0.131068543
      ],
      [
        0.0341363847,
        0.1330251,
        0.99052465
      ],
      [
        0.9979419,
        0.049295377,
        -0.0410122536
      ]
    ],
    "translation": [
      2.177691,
      0.929344535,
      -0.616924465
    ]
  },
  {
    "timeStamp": 6935,
    "rotation": [
      [
        -0.03889391,
        0.9911328,
        -0.127056047
      ],
      [
        -0.0167808887,
        0.12648645,
        0.9918264
      ],
      [
        0.9991025,
        0.0407081135,
        0.0117125344
      ]
    ],
    "translation": [
      2.2011838,
      0.8921126,
      -0.630749
    ]
  },
  {
    "timeStamp": 6979,
    "rotation": [
      [
        -0.0353904,
        0.99505794,
        -0.09277469
      ],
      [
        -0.0141973365,
        0.09232288,
        0.9956279
      ],
      [
        0.999272645,
        0.0365528278,
        0.0108598284
      ]
    ],
    "translation": [
      2.20687723,
      0.865739167,
      -0.626929
    ]
  },
  {
    "timeStamp": 7035,
    "rotation": [
      [
        -0.03644593,
        0.9959614,
        -0.08205162
      ],
      [
        -0.0434878133,
        0.08044773,
        0.995809734
      ],
      [
        0.9983889,
        0.0398614332,
        0.0403801948
      ]
    ],
    "translation": [
      2.21427345,
      0.8337,
      -0.6237487
    ]
  },
  {
    "timeStamp": 7079,
    "rotation": [
      [
        -0.0486489423,
        0.993717968,
        -0.100785725
      ],
      [
        -0.0533986352,
        0.0981733054,
        0.9937357
      ],
      [
        0.997387469,
        0.05372601,
        0.04828716
      ]
    ],
    "translation": [
      2.22822475,
      0.812657356,
      -0.617914855
    ]
  },
  {
    "timeStamp": 7135,
    "rotation": [
      [
        -0.0281980112,
        0.9950937,
        -0.09483363
      ],
      [
        -0.08701001,
        0.09206784,
        0.991943955
      ],
      [
        0.995808244,
        0.0362223,
        0.08398698
      ]
    ],
    "translation": [
      2.23377419,
      0.7889706,
      -0.6160507
    ]
  },
  {
    "timeStamp": 7179,
    "rotation": [
      [
        -0.0341461375,
        0.9961349,
        -0.08092832
      ],
      [
        -0.0808497,
        0.07795689,
        0.993673
      ],
      [
        0.996141255,
        0.0404731072,
        0.07787528
      ]
    ],
    "translation": [
      2.23762751,
      0.776352048,
      -0.6087099
    ]
  },
  {
    "timeStamp": 7236,
    "rotation": [
      [
        -0.02816897,
        0.998620749,
        -0.04430653
      ],
      [
        -0.065311566,
        0.0423907265,
        0.9969641
      ],
      [
        0.9974672,
        0.03097719,
        0.06402739
      ]
    ],
    "translation": [
      2.2322073,
      0.7658833,
      -0.598029256
    ]
  },
  {
    "timeStamp": 7281,
    "rotation": [
      [
        -0.0287979487,
        0.9978446,
        -0.05896596
      ],
      [
        -0.06857808,
        0.0568791442,
        0.996023
      ],
      [
        0.997230053,
        0.03272719,
        0.06679226
      ]
    ],
    "translation": [
      2.2391932,
      0.7588687,
      -0.5929423
    ]
  },
  {
    "timeStamp": 7338,
    "rotation": [
      [
        -0.0204231646,
        0.998971939,
        -0.04047267
      ],
      [
        -0.06126914,
        0.0391544849,
        0.997353
      ],
      [
        0.997912347,
        0.02284882,
        0.06040649
      ]
    ],
    "translation": [
      2.23853254,
      0.7520006,
      -0.5839929
    ]
  },
  {
    "timeStamp": 7384,
    "rotation": [
      [
        -0.0104649905,
        0.9993454,
        -0.0346296541
      ],
      [
        -0.05753327,
        0.0339724272,
        0.9977654
      ],
      [
        0.998288751,
        0.0124339452,
        0.05714009
      ]
    ],
    "translation": [
      2.24090171,
      0.74832803,
      -0.577987552
    ]
  },
  {
    "timeStamp": 7439,
    "rotation": [
      [
        -0.004451092,
        0.999131262,
        -0.04143385
      ],
      [
        -0.0553322062,
        0.0411246978,
        0.9976207
      ],
      [
        0.998458,
        0.00673314743,
        0.05510109
      ]
    ],
    "translation": [
      2.24638128,
      0.742882431,
      -0.5722374
    ]
  },
  {
    "timeStamp": 7483,
    "rotation": [
      [
        0.00763268955,
        0.9989295,
        -0.0456245355
      ],
      [
        -0.0574381761,
        0.0459884964,
        0.9972893
      ],
      [
        0.9983199,
        -0.004991426,
        0.0577277057
      ]
    ],
    "translation": [
      2.25034428,
      0.738151431,
      -0.569838762
    ]
  },
  {
    "timeStamp": 7539,
    "rotation": [
      [
        -0.008212745,
        0.998869,
        -0.0468328223
      ],
      [
        -0.0579943322,
        0.0462797843,
        0.997243643
      ],
      [
        0.998283148,
        0.0109061245,
        0.0575486571
      ]
    ],
    "translation": [
      2.25161886,
      0.7356313,
      -0.569231451
    ]
  },
  {
    "timeStamp": 7583,
    "rotation": [
      [
        -0.0139513956,
        0.9990562,
        -0.04113457
      ],
      [
        -0.05810034,
        0.040259093,
        0.997498631
      ],
      [
        0.9982133,
        0.0163064487,
        0.0574838333
      ]
    ],
    "translation": [
      2.25172687,
      0.7333183,
      -0.5687976
    ]
  }
]