[
  {
    "timeStamp": 51492,
    "rotation": [
      [
        0.9978146,
        0.06509854,
        0.0113264052
      ],
      [
        -0.061302,
        0.975988746,
        -0.20901686
      ],
      [
        -0.0246611368,
        0.207865745,
        0.977846444
      ]
    ],
    "translation": [
      1.625465,
      0.8552337,
      -0.716908336
    ]
  },
  {
    "timeStamp": 51548,
    "rotation": [
      [
        0.9881596,
        0.121421732,
        0.09379413
      ],
      [
        -0.104392052,
        0.9800799,
        -0.168955013
      ],
      [
        -0.112440549,
        0.157163158,
        0.9811508
      ]
    ],
    "translation": [
      1.63792837,
      0.8700468,
      -0.7060012
    ]
  },
  {
    "timeStamp": 51595,
    "rotation": [
      [
        0.970967352,
        0.150123656,
        0.186240017
      ],
      [
        -0.1270166,
        0.983291268,
        -0.1304033
      ],
      [
        -0.2027048,
        0.102961771,
        0.9738119
      ]
    ],
    "translation": [
      1.65700841,
      0.8885701,
      -0.6947132
    ]
  },
  {
    "timeStamp": 51639,
    "rotation": [
      [
        0.9340588,
        0.185314327,
        0.305275083
      ],
      [
        -0.169433728,
        0.98245275,
        -0.07796739
      ],
      [
        -0.314366817,
        0.0211022329,
        0.949067056
      ]
    ],
    "translation": [
      1.68700838,
      0.9156586,
      -0.68042624
    ]
  },
  {
    "timeStamp": 51696,
    "rotation": [
      [
        0.878325045,
        0.143091351,
        0.456146926
      ],
      [
        -0.189408079,
        0.98023,
        0.05721715
      ],
      [
        -0.438941628,
        -0.13665317,
        0.8880632
      ]
    ],
    "translation": [
      1.73433065,
      0.9542339,
      -0.673610568
    ]
  },
  {
    "timeStamp": 51741,
    "rotation": [
      [
        0.8109105,
        0.07514995,
        0.5803246
      ],
      [
        -0.210216716,
        0.962928653,
        0.169048309
      ],
      [
        -0.546107233,
        -0.259076983,
        0.7966467
      ]
    ],
    "translation": [
      1.78213644,
      0.986315131,
      -0.6717543
    ]
  },
  {
    "timeStamp": 51797,
    "rotation": [
      [
        0.7189829,
        -0.09865325,
        0.687990665
      ],
      [
        -0.193635255,
        0.922250748,
        0.3346026
      ],
      [
        -0.667509556,
        -0.3737928,
        0.6439797
      ]
    ],
    "translation": [
      1.84163392,
      1.0214951,
      -0.6757225
    ]
  },
  {
    "timeStamp": 51842,
    "rotation": [
      [
        0.63363,
        -0.227354273,
        0.7394749
      ],
      [
        -0.184270456,
        0.8839804,
        0.429677844
      ],
      [
        -0.75137043,
        -0.408520132,
        0.518221736
      ]
    ],
    "translation": [
      1.89023173,
      1.04223788,
      -0.681957841
    ]
  },
  {
    "timeStamp": 51897,
    "rotation": [
      [
        0.5137494,
        -0.362815917,
        0.7774484
      ],
      [
        -0.148288324,
        0.8549899,
        0.49699375
      ],
      [
        -0.8450278,
        -0.370616764,
        0.3854492
      ]
    ],
    "translation": [
      1.9473536,
      1.05480123,
      -0.69052124
    ]
  },
  {
    "timeStamp": 51942,
    "rotation": [
      [
        0.447432518,
        -0.428827375,
        0.7848001
      ],
      [
        -0.07206812,
        0.8573977,
        0.509583533
      ],
      [
        -0.891409159,
        -0.2845633,
        0.352722824
      ]
    ],
    "translation": [
      1.98546457,
      1.0490073,
      -0.695653737
    ]
  },
  {
    "timeStamp": 51997,
    "rotation": [
      [
        0.373700678,
        -0.444676518,
        0.814009
      ],
      [
        0.0332589969,
        0.8834507,
        0.4673423
      ],
      [
        -0.9269529,
        -0.147573009,
        0.3449356
      ]
    ],
    "translation": [
      2.0242703,
      1.02861774,
      -0.70316714
    ]
  },
  {
    "timeStamp": 52042,
    "rotation": [
      [
        0.339999974,
        -0.4106422,
        0.8460337
      ],
      [
        0.148942292,
        0.911787331,
        0.382701039
      ],
      [
        -0.928556,
        -0.004108139,
        0.371169627
      ]
    ],
    "translation": [
      2.04812455,
      1.00429487,
      -0.7094446
    ]
  },
  {
    "timeStamp": 52088,
    "rotation": [
      [
        0.35332942,
        -0.327017128,
        0.87648046
      ],
      [
        0.2145856,
        0.9402623,
        0.2643099
      ],
      [
        -0.9105555,
        0.0946916342,
        0.402395517
      ]
    ],
    "translation": [
      2.06358767,
      0.9792231,
      -0.718846262
    ]
  },
  {
    "timeStamp": 52152,
    "rotation": [
      [
        0.348044872,
        -0.236619025,
        0.9071252
      ],
      [
        0.253588885,
        0.955312252,
        0.151891664
      ],
      [
        -0.902528346,
        0.177171767,
        0.3924955
      ]
    ],
    "translation": [
      2.0803237,
      0.952344954,
      -0.7312654
    ]
  }
]