[
  {
    "timeStamp": 27297,
    "rotation": [
      [
        0.99996537,
        -0.008192708,
        0.00145726884
      ],
      [
        0.008187906,
        0.999961138,
        0.003271399
      ],
      [
        -0.00148401386,
        -0.00325935381,
        0.999993563
      ]
    ],
    "translation": [
      1.76871765,
      0.6988492,
      -0.485842437
    ]
  },
  {
    "timeStamp": 27342,
    "rotation": [
      [
        0.9999873,
        0.00481900247,
        0.00146935717
      ],
      [
        -0.00482816342,
        0.999968469,
        0.006296418
      ],
      [
        -0.00143896847,
        -0.0063034324,
        0.9999791
      ]
    ],
    "translation": [
      1.76870024,
      0.69990027,
      -0.4858533
    ]
  },
  {
    "timeStamp": 27397,
    "rotation": [
      [
        0.9972705,
        0.05453233,
        0.04977649
      ],
      [
        -0.0539518334,
        0.9984598,
        -0.0129331127
      ],
      [
        -0.0504050963,
        0.01021228,
        0.998676658
      ]
    ],
    "translation": [
      1.76878893,
      0.709635854,
      -0.494818777
    ]
  },
  {
    "timeStamp": 27442,
    "rotation": [
      [
        0.9933353,
        0.100745507,
        0.0559936576
      ],
      [
        -0.1041526,
        0.9926468,
        0.0616810173
      ],
      [
        -0.04936784,
        -0.06710182,
        0.996524036
      ]
    ],
    "translation": [
      1.7676363,
      0.7408865,
      -0.493143737
    ]
  },
  {
    "timeStamp": 27498,
    "rotation": [
      [
        0.9836335,
        0.160748243,
        0.0813951641
      ],
      [
        -0.171725035,
        0.973129,
        0.153396353
      ],
      [
        -0.0545498021,
        -0.164863378,
        0.9848068
      ]
    ],
    "translation": [
      1.7747097,
      0.78913486,
      -0.49739027
    ]
  },
  {
    "timeStamp": 27542,
    "rotation": [
      [
        0.9742981,
        0.20127739,
        0.101146564
      ],
      [
        -0.2189816,
        0.951576948,
        0.21575059
      ],
      [
        -0.05282303,
        -0.232354641,
        0.9711957
      ]
    ],
    "translation": [
      1.78981137,
      0.82940805,
      -0.5079017
    ]
  },
  {
    "timeStamp": 27597,
    "rotation": [
      [
        0.967201531,
        0.225497648,
        0.116927125
      ],
      [
        -0.249434531,
        0.9301456,
        0.269465476
      ],
      [
        -0.04799541,
        -0.289793074,
        0.9558851
      ]
    ],
    "translation": [
      1.81922793,
      0.8726226,
      -0.527996659
    ]
  },
  {
    "timeStamp": 27642,
    "rotation": [
      [
        0.958993852,
        0.2485313,
        0.136246055
      ],
      [
        -0.2782971,
        0.916746736,
        0.286576569
      ],
      [
        -0.05367988,
        -0.312742054,
        0.948320031
      ]
    ],
    "translation": [
      1.85281,
      0.89834,
      -0.547960937
    ]
  },
  {
    "timeStamp": 27697,
    "rotation": [
      [
        0.959983647,
        0.2239641,
        0.16814138
      ],
      [
        -0.264725268,
        0.921603858,
        0.28384307
      ],
      [
        -0.09138909,
        -0.316995978,
        0.9440136
      ]
    ],
    "translation": [
      1.9080162,
      0.9193949,
      -0.5756346
    ]
  },
  {
    "timeStamp": 27742,
    "rotation": [
      [
        0.962543547,
        0.182241887,
        0.200743154
      ],
      [
        -0.235581368,
        0.928659558,
        0.286518574
      ],
      [
        -0.13420637,
        -0.323077947,
        0.936808
      ]
    ],
    "translation": [
      1.95888937,
      0.9309339,
      -0.597883165
    ]
  },
  {
    "timeStamp": 27797,
    "rotation": [
      [
        0.968202531,
        0.1125151,
        0.223437324
      ],
      [
        -0.16996716,
        0.9512099,
        0.257509142
      ],
      [
        -0.18356213,
        -0.287298,
        0.9400876
      ]
    ],
    "translation": [
      2.02141738,
      0.9346697,
      -0.6290798
    ]
  },
  {
    "timeStamp": 27842,
    "rotation": [
      [
        0.9668888,
        0.071083,
        0.245098531
      ],
      [
        -0.125492081,
        0.96871525,
        0.214108557
      ],
      [
        -0.222211227,
        -0.237777084,
        0.9455603
      ]
    ],
    "translation": [
      2.06686378,
      0.929429054,
      -0.654729664
    ]
  },
  {
    "timeStamp": 27897,
    "rotation": [
      [
        0.9696863,
        0.00366962724,
        0.244325578
      ],
      [
        -0.0484513044,
        0.982921541,
        0.177532017
      ],
      [
        -0.239501417,
        -0.183988258,
        0.9533034
      ]
    ],
    "translation": [
      2.11780739,
      0.9157108,
      -0.6822854
    ]
  },
  {
    "timeStamp": 27951,
    "rotation": [
      [
        0.969998837,
        -0.05395103,
        0.237047642
      ],
      [
        0.0233378727,
        0.9912262,
        0.130100265
      ],
      [
        -0.241986856,
        -0.120664917,
        0.9627473
      ]
    ],
    "translation": [
      2.15387225,
      0.9002227,
      -0.7032425
    ]
  },
  {
    "timeStamp": 27994,
    "rotation": [
      [
        0.9683604,
        -0.0578315631,
        0.242762312
      ],
      [
        0.0357998125,
        0.9949087,
        0.09420739
      ],
      [
        -0.2469745,
        -0.08253586,
        0.9655006
      ]
    ],
    "translation": [
      2.18431878,
      0.880812168,
      -0.7177197
    ]
  },
  {
    "timeStamp": 28047,
    "rotation": [
      [
        0.9720489,
        -0.0863114148,
        0.218337655
      ],
      [
        0.07430315,
        0.995266438,
        0.06263951
      ],
      [
        -0.222710654,
        -0.0446654931,
        0.97386086
      ]
    ],
    "translation": [
      2.20824313,
      0.863526762,
      -0.7256322
    ]
  },
  {
    "timeStamp": 28092,
    "rotation": [
      [
        0.979177058,
        -0.06250947,
        0.193144634
      ],
      [
        0.05398379,
        0.997334063,
        0.049098596
      ],
      [
        -0.195698828,
        -0.0376495421,
        0.97994107
      ]
    ],
    "translation": [
      2.21757054,
      0.851333439,
      -0.7251025
    ]
  },
  {
    "timeStamp": 28148,
    "rotation": [
      [
        0.9835015,
        -0.06856773,
        0.1674016
      ],
      [
        0.06521898,
        0.997547,
        0.0254272874
      ],
      [
        -0.168734461,
        -0.0140900137,
        0.985560834
      ]
    ],
    "translation": [
      2.2293067,
      0.8362109,
      -0.723206162
    ]
  },
  {
    "timeStamp": 28192,
    "rotation": [
      [
        0.9898695,
        -0.0507458821,
        0.132602125
      ],
      [
        0.0488686375,
        0.998654068,
        0.0173753742
      ],
      [
        -0.133305386,
        -0.0107192667,
        0.991017
      ]
    ],
    "translation": [
      2.23332071,
      0.826077342,
      -0.719380438
    ]
  },
  {
    "timeStamp": 28247,
    "rotation": [
      [
        0.9938872,
        -0.0428320244,
        0.101753451
      ],
      [
        0.04205933,
        0.9990678,
        0.009728104
      ],
      [
        -0.102075264,
        -0.005388956,
        0.994762063
      ]
    ],
    "translation": [
      2.23653722,
      0.8152986,
      -0.713078737
    ]
  },
  {
    "timeStamp": 28292,
    "rotation": [
      [
        0.996790767,
        -0.0474539,
        0.06446971
      ],
      [
        0.0472219475,
        0.998871267,
        0.00511769624
      ],
      [
        -0.06463979,
        -0.00205688714,
        0.9979065
      ]
    ],
    "translation": [
      2.23792839,
      0.808703244,
      -0.7081728
    ]
  },
  {
    "timeStamp": 28347,
    "rotation": [
      [
        0.9985845,
        -0.04083393,
        0.034082856
      ],
      [
        0.04083305,
        0.9991658,
        0.0007222334
      ],
      [
        -0.034083914,
        0.0006704958,
        0.9994188
      ]
    ],
    "translation": [
      2.239808,
      0.803237259,
      -0.7013471
    ]
  },
  {
    "timeStamp": 28392,
    "rotation": [
      [
        0.9984865,
        -0.04894933,
        0.025072217
      ],
      [
        0.0492779873,
        0.998704851,
        -0.0126624275
      ],
      [
        -0.0244199261,
        0.0138787711,
        0.9996054
      ]
    ],
    "translation": [
      2.243798,
      0.7988279,
      -0.698525965
    ]
  },
  {
    "timeStamp": 28450,
    "rotation": [
      [
        0.9976902,
        -0.06296475,
        0.0254867263
      ],
      [
        0.06362683,
        0.9976335,
        -0.0260577071
      ],
      [
        -0.0237856954,
        0.0276191588,
        0.999335468
      ]
    ],
    "translation": [
      2.2509973,
      0.7949003,
      -0.697286367
    ]
  }
]