[
  {
    "timeStamp": 19461,
    "rotation": [
      [
        0.9952135,
        0.0977176055,
        0.00117218622
      ],
      [
        -0.00182114448,
        0.006552232,
        0.9999769
      ],
      [
        0.09770767,
        -0.9951926,
        0.00669882726
      ]
    ],
    "translation": [
      1.30067432,
      0.70353806,
      -0.6223415
    ]
  },
  {
    "timeStamp": 19507,
    "rotation": [
      [
        0.995689154,
        0.09268671,
        0.00350318826
      ],
      [
        -0.004053376,
        0.00574840745,
        0.999975264
      ],
      [
        0.09266428,
        -0.9956787,
        0.006099321
      ]
    ],
    "translation": [
      1.30094159,
      0.704531252,
      -0.6216188
    ]
  },
  {
    "timeStamp": 19560,
    "rotation": [
      [
        0.9967063,
        0.08106273,
        -0.002311898
      ],
      [
        0.00229310943,
        0.000324871449,
        0.9999973
      ],
      [
        0.0810632557,
        -0.9967089,
        0.000137915733
      ]
    ],
    "translation": [
      1.30241644,
      0.7044568,
      -0.6223243
    ]
  },
  {
    "timeStamp": 19614,
    "rotation": [
      [
        0.995973945,
        0.08912285,
        0.009638836
      ],
      [
        -0.009307515,
        -0.00413241144,
        0.999948144
      ],
      [
        0.08915806,
        -0.996012032,
        -0.00328626228
      ]
    ],
    "translation": [
      1.30324256,
      0.7141272,
      -0.629515469
    ]
  },
  {
    "timeStamp": 19659,
    "rotation": [
      [
        0.9958227,
        0.081996724,
        0.0401699
      ],
      [
        -0.0401062071,
        -0.00242434768,
        0.9991925
      ],
      [
        0.0820279,
        -0.996629655,
        0.00087435724
      ]
    ],
    "translation": [
      1.305557,
      0.726959348,
      -0.635975361
    ]
  },
  {
    "timeStamp": 19714,
    "rotation": [
      [
        0.994109,
        0.0632459745,
        0.08801806
      ],
      [
        -0.08775675,
        -0.006903114,
        0.996118
      ],
      [
        0.06360805,
        -0.9979741,
        -0.00131218648
      ]
    ],
    "translation": [
      1.3112905,
      0.7501973,
      -0.6463201
    ]
  },
  {
    "timeStamp": 19759,
    "rotation": [
      [
        0.9891079,
        0.0698004737,
        0.129589349
      ],
      [
        -0.129266754,
        -0.009138084,
        0.991567731
      ],
      [
        0.0703960955,
        -0.997519135,
        -1.56701954E-05
      ]
    ],
    "translation": [
      1.31805265,
      0.7736262,
      -0.66119796
    ]
  },
  {
    "timeStamp": 19815,
    "rotation": [
      [
        0.979673,
        0.09119031,
        0.178676
      ],
      [
        -0.17803663,
        -0.0151647106,
        0.983907
      ],
      [
        0.09243236,
        -0.995718,
        0.00137875811
      ]
    ],
    "translation": [
      1.33008838,
      0.8051773,
      -0.6869366
    ]
  },
  {
    "timeStamp": 19859,
    "rotation": [
      [
        0.972820342,
        0.106434695,
        0.205650955
      ],
      [
        -0.204723909,
        -0.0196829978,
        0.97862184
      ],
      [
        0.108207144,
        -0.9941249,
        0.00264170649
      ]
    ],
    "translation": [
      1.34505892,
      0.8286222,
      -0.708445668
    ]
  },
  {
    "timeStamp": 19915,
    "rotation": [
      [
        0.9628475,
        0.109342918,
        0.246918812
      ],
      [
        -0.24546659,
        -0.0267619342,
        0.969035566
      ],
      [
        0.112565205,
        -0.993643761,
        0.00107237243
      ]
    ],
    "translation": [
      1.3692863,
      0.859515369,
      -0.731112957
    ]
  },
  {
    "timeStamp": 19959,
    "rotation": [
      [
        0.959185064,
        0.09832354,
        0.265134782
      ],
      [
        -0.261696756,
        -0.0465905331,
        0.964024961
      ],
      [
        0.107139118,
        -0.994063258,
        -0.0189579912
      ]
    ],
    "translation": [
      1.39539528,
      0.8823017,
      -0.743468344
    ]
  },
  {
    "timeStamp": 20004,
    "rotation": [
      [
        0.9569215,
        0.05785464,
        0.284524262
      ],
      [
        -0.2812152,
        -0.0591510832,
        0.95782
      ],
      [
        0.07224426,
        -0.9965711,
        -0.04033334
      ]
    ],
    "translation": [
      1.42774367,
      0.904266,
      -0.7468823
    ]
  },
  {
    "timeStamp": 20059,
    "rotation": [
      [
        0.9529502,
        -0.0308673754,
        0.301551223
      ],
      [
        -0.303009182,
        -0.06927756,
        0.9504662
      ],
      [
        -0.008447658,
        -0.9971198,
        -0.07537117
      ]
    ],
    "translation": [
      1.47788191,
      0.9294302,
      -0.7418101
    ]
  },
  {
    "timeStamp": 20115,
    "rotation": [
      [
        0.9443169,
        -0.146492735,
        0.2946278
      ],
      [
        -0.3103571,
        -0.09914313,
        0.945435941
      ],
      [
        -0.109289184,
        -0.984230936,
        -0.139087588
      ]
    ],
    "translation": [
      1.53900063,
      0.951625466,
      -0.7249703
    ]
  },
  {
    "timeStamp": 20159,
    "rotation": [
      [
        0.930025756,
        -0.2503862,
        0.268995941
      ],
      [
        -0.307196677,
        -0.12794669,
        0.943005741
      ],
      [
        -0.2016985,
        -0.9596543,
        -0.195911527
      ]
    ],
    "translation": [
      1.59471822,
      0.9669756,
      -0.7090351
    ]
  },
  {
    "timeStamp": 20214,
    "rotation": [
      [
        0.895605147,
        -0.387057215,
        0.219267219
      ],
      [
        -0.3027399,
        -0.169163138,
        0.9379405
      ],
      [
        -0.3259447,
        -0.90640527,
        -0.268681049
      ]
    ],
    "translation": [
      1.67284918,
      0.9858877,
      -0.686556041
    ]
  },
  {
    "timeStamp": 20260,
    "rotation": [
      [
        0.8555156,
        -0.4895381,
        0.1686579
      ],
      [
        -0.300869256,
        -0.204911381,
        0.9313909
      ],
      [
        -0.4213914,
        -0.847563446,
        -0.322591871
      ]
    ],
    "translation": [
      1.73828793,
      1.0006566,
      -0.670988
    ]
  },
  {
    "timeStamp": 20315,
    "rotation": [
      [
        0.7943864,
        -0.6005112,
        0.09130448
      ],
      [
        -0.300100625,
        -0.257328659,
        0.91854316
      ],
      [
        -0.5281002,
        -0.757078767,
        -0.38463217
      ]
    ],
    "translation": [
      1.82448876,
      1.01706815,
      -0.6542611
    ]
  },
  {
    "timeStamp": 20359,
    "rotation": [
      [
        0.7363181,
        -0.6762344,
        0.0232962258
      ],
      [
        -0.290156126,
        -0.284458876,
        0.913724542
      ],
      [
        -0.6112652,
        -0.6795515,
        -0.405665785
      ]
    ],
    "translation": [
      1.89300776,
      1.02305722,
      -0.6451169
    ]
  },
  {
    "timeStamp": 20404,
    "rotation": [
      [
        0.6740409,
        -0.737380862,
        -0.0440258123
      ],
      [
        -0.2715164,
        -0.302739441,
        0.9135796
      ],
      [
        -0.6869844,
        -0.6038363,
        -0.4042698
      ]
    ],
    "translation": [
      1.9590745,
      1.02076507,
      -0.640068769
    ]
  },
  {
    "timeStamp": 20459,
    "rotation": [
      [
        0.6182302,
        -0.780734956,
        -0.09079841
      ],
      [
        -0.216839835,
        -0.2804517,
        0.9350547
      ],
      [
        -0.7554945,
        -0.5583904,
        -0.34267813
      ]
    ],
    "translation": [
      2.024418,
      1.0022788,
      -0.6378147
    ]
  },
  {
    "timeStamp": 20515,
    "rotation": [
      [
        0.5944065,
        -0.797527969,
        -0.103102252
      ],
      [
        -0.1728374,
        -0.251914233,
        0.95219034
      ],
      [
        -0.785371363,
        -0.5481682,
        -0.2875821
      ]
    ],
    "translation": [
      2.07077479,
      0.978233,
      -0.635797262
    ]
  },
  {
    "timeStamp": 20559,
    "rotation": [
      [
        0.6060118,
        -0.7896045,
        -0.09630369
      ],
      [
        -0.13553673,
        -0.221795052,
        0.9656277
      ],
      [
        -0.78382355,
        -0.57212913,
        -0.241430849
      ]
    ],
    "translation": [
      2.09226322,
      0.9572768,
      -0.6319572
    ]
  },
  {
    "timeStamp": 20608,
    "rotation": [
      [
        0.6112956,
        -0.7875108,
        -0.0783863
      ],
      [
        -0.1199428,
        -0.19009392,
        0.9744116
      ],
      [
        -0.7822605,
        -0.5862516,
        -0.210659817
      ]
    ],
    "translation": [
      2.10897875,
      0.9374725,
      -0.6252
    ]
  },
  {
    "timeStamp": 20665,
    "rotation": [
      [
        0.6183737,
        -0.7844999,
        -0.0466252975
      ],
      [
        -0.104566075,
        -0.140933931,
        0.9844814
      ],
      [
        -0.77889663,
        -0.603902,
        -0.1691819
      ]
    ],
    "translation": [
      2.12405062,
      0.908880234,
      -0.611346245
    ]
  },
  {
    "timeStamp": 20709,
    "rotation": [
      [
        0.62260437,
        -0.780625641,
        -0.05465738
      ],
      [
        -0.08297334,
        -0.135306954,
        0.9873234
      ],
      [
        -0.778125465,
        -0.610176742,
        -0.1490138
      ]
    ],
    "translation": [
      2.13182139,
      0.8913321,
      -0.6001555
    ]
  },
  {
    "timeStamp": 20765,
    "rotation": [
      [
        0.6156191,
        -0.7871954,
        -0.0365586169
      ],
      [
        -0.06682671,
        -0.09837325,
        0.9929033
      ],
      [
        -0.785205245,
        -0.6088072,
        -0.113166131
      ]
    ],
    "translation": [
      2.13699532,
      0.8683611,
      -0.5888344
    ]
  },
  {
    "timeStamp": 20809,
    "rotation": [
      [
        0.6034958,
        -0.7973653,
        0.00116034271
      ],
      [
        -0.07554483,
        -0.0557282344,
        0.9955839
      ],
      [
        -0.793779433,
        -0.600918353,
        -0.093868576
      ]
    ],
    "translation": [
      2.1366055,
      0.852943361,
      -0.5804147
    ]
  },
  {
    "timeStamp": 20865,
    "rotation": [
      [
        0.6130457,
        -0.7900112,
        -0.00756875
      ],
      [
        -0.0528520532,
        -0.050567884,
        0.9973212
      ],
      [
        -0.7882777,
        -0.6110034,
        -0.0727541447
      ]
    ],
    "translation": [
      2.131607,
      0.8349777,
      -0.5721964
    ]
  },
  {
    "timeStamp": 20909,
    "rotation": [
      [
        0.609912753,
        -0.792434335,
        -0.007365798
      ],
      [
        -0.0346657634,
        -0.03596474,
        0.99875164
      ],
      [
        -0.79171,
        -0.608896,
        -0.04940569
      ]
    ],
    "translation": [
      2.12781215,
      0.820117235,
      -0.5673968
    ]
  },
  {
    "timeStamp": 20965,
    "rotation": [
      [
        0.602203,
        -0.7980179,
        -0.0227779131
      ],
      [
        -0.0112255421,
        -0.03699283,
        0.9992525
      ],
      [
        -0.798264,
        -0.6014972,
        -0.0312353764
      ]
    ],
    "translation": [
      2.12528658,
      0.804653764,
      -0.5624046
    ]
  },
  {
    "timeStamp": 21009,
    "rotation": [
      [
        0.5866144,
        -0.806172252,
        -0.07726466
      ],
      [
        0.0344218276,
        -0.07049879,
        0.9969178
      ],
      [
        -0.809134543,
        -0.5874659,
        -0.0136056822
      ]
    ],
    "translation": [
      2.12853217,
      0.7915715,
      -0.558433
    ]
  },
  {
    "timeStamp": 21054,
    "rotation": [
      [
        0.5614554,
        -0.8204337,
        -0.107964255
      ],
      [
        0.065592356,
        -0.0859354138,
        0.9941392
      ],
      [
        -0.82490325,
        -0.5652465,
        0.005565271
      ]
    ],
    "translation": [
      2.13345933,
      0.779056966,
      -0.555541337
    ]
  },
  {
    "timeStamp": 21111,
    "rotation": [
      [
        0.5185992,
        -0.8477949,
        -0.11089924
      ],
      [
        0.07378805,
        -0.0848430842,
        0.993658364
      ],
      [
        -0.851827562,
        -0.523493469,
        0.0185575727
      ]
    ],
    "translation": [
      2.13765454,
      0.7619819,
      -0.5553005
    ]
  },
  {
    "timeStamp": 21157,
    "rotation": [
      [
        0.502111852,
        -0.8575996,
        -0.111384094
      ],
      [
        0.0768205747,
        -0.0840567648,
        0.993495345
      ],
      [
        -0.861383855,
        -0.5074024,
        0.0236753952
      ]
    ],
    "translation": [
      2.13985586,
      0.755012035,
      -0.5516982
    ]
  },
  {
    "timeStamp": 21213,
    "rotation": [
      [
        0.487041175,
        -0.8675853,
        -0.100432485
      ],
      [
        0.06981556,
        -0.07595053,
        0.994664431
      ],
      [
        -0.87058413,
        -0.491454244,
        0.0235799178
      ]
    ],
    "translation": [
      2.14024138,
      0.7482387,
      -0.547454357
    ]
  },
  {
    "timeStamp": 21258,
    "rotation": [
      [
        0.470608234,
        -0.8778038,
        -0.08937743
      ],
      [
        0.060141217,
        -0.0691480041,
        0.9957919
      ],
      [
        -0.8802902,
        -0.474003166,
        0.0202505682
      ]
    ],
    "translation": [
      2.14197588,
      0.7452574,
      -0.5444354
    ]
  },
  {
    "timeStamp": 21314,
    "rotation": [
      [
        0.451682717,
        -0.8886148,
        -0.0796652958
      ],
      [
        0.0573496558,
        -0.0601899251,
        0.9965381
      ],
      [
        -0.890333533,
        -0.4546878,
        0.0237750039
      ]
    ],
    "translation": [
      2.14447045,
      0.7415162,
      -0.541926265
    ]
  },
  {
    "timeStamp": 21359,
    "rotation": [
      [
        0.43915984,
        -0.894011855,
        -0.08877747
      ],
      [
        0.0506425537,
        -0.0740252957,
        0.995969653
      ],
      [
        -0.896980464,
        -0.4418858,
        0.0127661061
      ]
    ],
    "translation": [
      2.14807439,
      0.7407524,
      -0.5392921
    ]
  },
  {
    "timeStamp": 21414,
    "rotation": [
      [
        0.426006258,
        -0.9001049,
        -0.09126816
      ],
      [
        0.04803817,
        -0.0782333,
        0.995777
      ],
      [
        -0.903444,
        -0.4285916,
        0.00991151948
      ]
    ],
    "translation": [
      2.15221786,
      0.738854051,
      -0.536787
    ]
  },
  {
    "timeStamp": 21458,
    "rotation": [
      [
        0.422451079,
        -0.9018076,
        -0.09098386
      ],
      [
        0.05046244,
        -0.07682437,
        0.9957668
      ],
      [
        -0.9049799,
        -0.425254047,
        0.0130528742
      ]
    ],
    "translation": [
      2.15410233,
      0.736964345,
      -0.5353426
    ]
  },
  {
    "timeStamp": 21514,
    "rotation": [
      [
        0.419132262,
        -0.9047922,
        -0.07536058
      ],
      [
        0.045072034,
        -0.0621655956,
        0.9970476
      ],
      [
        -0.9068057,
        -0.421291471,
        0.0147252167
      ]
    ],
    "translation": [
      2.15410352,
      0.7339525,
      -0.5341598
    ]
  },
  {
    "timeStamp": 21558,
    "rotation": [
      [
        0.4176696,
        -0.903528333,
        -0.09585695
      ],
      [
        0.0499140881,
        -0.0825236961,
        0.9953383
      ],
      [
        -0.9072269,
        -0.4205072,
        0.0106311543
      ]
    ],
    "translation": [
      2.15574431,
      0.7329242,
      -0.5329893
    ]
  }
]