[
  {
    "timeStamp": 37293,
    "rotation": [
      [
        -0.999712,
        0.0220592432,
        -0.00945461
      ],
      [
        -0.009361731,
        0.004309932,
        0.9999469
      ],
      [
        0.0220988188,
        0.9997474,
        -0.00410217745
      ]
    ],
    "translation": [
      1.76998663,
      0.700773537,
      -0.488377
    ]
  },
  {
    "timeStamp": 37338,
    "rotation": [
      [
        -0.999684036,
        0.0241308752,
        -0.00703638932
      ],
      [
        -0.00680574775,
        0.009626785,
        0.9999305
      ],
      [
        0.0241969358,
        0.999662459,
        -0.009459515
      ]
    ],
    "translation": [
      1.76997483,
      0.7019992,
      -0.4884505
    ]
  },
  {
    "timeStamp": 37386,
    "rotation": [
      [
        -0.9963347,
        0.07196102,
        0.04624677
      ],
      [
        0.04597902,
        -0.00537376245,
        0.998927951
      ],
      [
        0.0721324,
        0.997392952,
        0.00204536854
      ]
    ],
    "translation": [
      1.7571981,
      0.706099451,
      -0.4985472
    ]
  },
  {
    "timeStamp": 37440,
    "rotation": [
      [
        -0.9934122,
        0.0710420758,
        0.08991822
      ],
      [
        0.0909224153,
        0.0110236583,
        0.995797
      ],
      [
        0.06975226,
        0.9974124,
        -0.0174103528
      ]
    ],
    "translation": [
      1.75168633,
      0.7274823,
      -0.5028049
    ]
  },
  {
    "timeStamp": 37484,
    "rotation": [
      [
        -0.9854329,
        0.0817518458,
        0.149125889
      ],
      [
        0.150973275,
        0.0168671813,
        0.988393962
      ],
      [
        0.0782877058,
        0.9965099,
        -0.028963821
      ]
    ],
    "translation": [
      1.744221,
      0.7566362,
      -0.5069034
    ]
  },
  {
    "timeStamp": 37540,
    "rotation": [
      [
        -0.968418956,
        0.113294445,
        0.222101569
      ],
      [
        0.22637102,
        0.0261615384,
        0.973689735
      ],
      [
        0.104503118,
        0.993217,
        -0.0509819053
      ]
    ],
    "translation": [
      1.751197,
      0.802009344,
      -0.5139559
    ]
  },
  {
    "timeStamp": 37584,
    "rotation": [
      [
        -0.9549315,
        0.149643123,
        0.256345
      ],
      [
        0.265191525,
        0.0421629325,
        0.963273466
      ],
      [
        0.133338988,
        0.987840652,
        -0.0799468
      ]
    ],
    "translation": [
      1.76739812,
      0.8401083,
      -0.516712368
    ]
  },
  {
    "timeStamp": 37640,
    "rotation": [
      [
        -0.927695,
        0.206509948,
        0.311023682
      ],
      [
        0.3233479,
        0.0279963,
        0.9458659
      ],
      [
        0.1866232,
        0.9780439,
        -0.09274658
      ]
    ],
    "translation": [
      1.79839468,
      0.8890742,
      -0.5300055
    ]
  },
  {
    "timeStamp": 37684,
    "rotation": [
      [
        -0.900694,
        0.2615558,
        0.346898854
      ],
      [
        0.367542,
        0.03298552,
        0.9294218
      ],
      [
        0.23165302,
        0.9646245,
        -0.1258426
      ]
    ],
    "translation": [
      1.83197176,
      0.9306382,
      -0.5342232
    ]
  },
  {
    "timeStamp": 37740,
    "rotation": [
      [
        -0.864798844,
        0.3277972,
        0.380357683
      ],
      [
        0.404774666,
        0.006873593,
        0.9143906
      ],
      [
        0.297120273,
        0.9447231,
        -0.138628274
      ]
    ],
    "translation": [
      1.88364542,
      0.9743052,
      -0.5521568
    ]
  },
  {
    "timeStamp": 37784,
    "rotation": [
      [
        -0.8385154,
        0.3776595,
        0.392766029
      ],
      [
        0.4263299,
        0.005846967,
        0.9045488
      ],
      [
        0.339314967,
        0.925926,
        -0.165910333
      ]
    ],
    "translation": [
      1.92525542,
      1.00331986,
      -0.5629963
    ]
  },
  {
    "timeStamp": 37840,
    "rotation": [
      [
        -0.8376132,
        0.469395876,
        0.279413074
      ],
      [
        0.3568045,
        0.0828081444,
        0.9305017
      ],
      [
        0.413636,
        0.8790963,
        -0.236843735
      ]
    ],
    "translation": [
      2.00132036,
      1.01212859,
      -0.568640649
    ]
  },
  {
    "timeStamp": 37884,
    "rotation": [
      [
        -0.8236209,
        0.5331673,
        0.1933422
      ],
      [
        0.2933177,
        0.108676434,
        0.949817955
      ],
      [
        0.48540014,
        0.8390006,
        -0.2458956
      ]
    ],
    "translation": [
      2.063446,
      1.00762224,
      -0.5798223
    ]
  },
  {
    "timeStamp": 37940,
    "rotation": [
      [
        -0.81301564,
        0.5688251,
        0.124272257
      ],
      [
        0.226670131,
        0.11261908,
        0.9674387
      ],
      [
        0.53630805,
        0.8147116,
        -0.220496744
      ]
    ],
    "translation": [
      2.11020279,
      1.000657,
      -0.60852474
    ]
  },
  {
    "timeStamp": 37984,
    "rotation": [
      [
        -0.8143348,
        0.576543331,
        0.0667574
      ],
      [
        0.160482153,
        0.113136947,
        0.9805333
      ],
      [
        0.5577672,
        0.809195757,
        -0.184656277
      ]
    ],
    "translation": [
      2.14189529,
      0.985368431,
      -0.6367184
    ]
  },
  {
    "timeStamp": 38039,
    "rotation": [
      [
        -0.82940793,
        0.5561542,
        0.0526775047
      ],
      [
        0.114145175,
        0.07640816,
        0.990521431
      ],
      [
        0.546857655,
        0.8275592,
        -0.126855865
      ]
    ],
    "translation": [
      2.15369439,
      0.963114142,
      -0.6683652
    ]
  },
  {
    "timeStamp": 38090,
    "rotation": [
      [
        -0.852974534,
        0.5134754,
        0.09368762
      ],
      [
        0.130780563,
        0.03648165,
        0.9907399
      ],
      [
        0.5053027,
        0.8573284,
        -0.09827053
      ]
    ],
    "translation": [
      2.14366984,
      0.93955934,
      -0.6892942
    ]
  },
  {
    "timeStamp": 38135,
    "rotation": [
      [
        -0.8643256,
        0.49959746,
        0.0578247644
      ],
      [
        0.0867705643,
        0.0348814242,
        0.995617449
      ],
      [
        0.495390922,
        0.8655551,
        -0.0734992549
      ]
    ],
    "translation": [
      2.14925861,
      0.907527447,
      -0.6986894
    ]
  },
  {
    "timeStamp": 38195,
    "rotation": [
      [
        -0.8872591,
        0.461052865,
        -0.014198795
      ],
      [
        -0.007825831,
        0.0157315247,
        0.9998456
      ],
      [
        0.461205065,
        0.887233257,
        -0.0103498157
      ]
    ],
    "translation": [
      2.16310167,
      0.8634608,
      -0.716071
    ]
  },
  {
    "timeStamp": 38235,
    "rotation": [
      [
        -0.9020049,
        0.4297894,
        -0.04084318
      ],
      [
        -0.0451108664,
        0.000259140856,
        0.998981953
      ],
      [
        0.429362446,
        0.9029291,
        0.0191544276
      ]
    ],
    "translation": [
      2.16404676,
      0.8336855,
      -0.7230834
    ]
  },
  {
    "timeStamp": 38290,
    "rotation": [
      [
        -0.913174152,
        0.4050339,
        -0.0453926846
      ],
      [
        -0.0543127432,
        -0.01055181,
        0.9984682
      ],
      [
        0.4039345,
        0.9142408,
        0.03163414
      ]
    ],
    "translation": [
      2.1592176,
      0.805097759,
      -0.722490966
    ]
  },
  {
    "timeStamp": 38335,
    "rotation": [
      [
        -0.917858362,
        0.3931034,
        -0.0548245981
      ],
      [
        -0.05916297,
        0.00108190428,
        0.998247743
      ],
      [
        0.392473876,
        0.9194936,
        0.02226413
      ]
    ],
    "translation": [
      2.15769553,
      0.785831451,
      -0.715446651
    ]
  },
  {
    "timeStamp": 38390,
    "rotation": [
      [
        -0.921496868,
        0.38466385,
        -0.053639017
      ],
      [
        -0.0590858646,
        -0.00234564487,
        0.9982501
      ],
      [
        0.3838649,
        0.923053741,
        0.0248897
      ]
    ],
    "translation": [
      2.15441871,
      0.7693576,
      -0.710109234
    ]
  },
  {
    "timeStamp": 38435,
    "rotation": [
      [
        -0.9209239,
        0.385653228,
        -0.05630822
      ],
      [
        -0.0515953377,
        0.0225681439,
        0.998413
      ],
      [
        0.386312,
        0.9223677,
        -0.0008856343
      ]
    ],
    "translation": [
      2.14995456,
      0.7614871,
      -0.698210657
    ]
  },
  {
    "timeStamp": 38492,
    "rotation": [
      [
        -0.925910234,
        0.36813283,
        -0.08466718
      ],
      [
        -0.06863589,
        0.0564511456,
        0.9960434
      ],
      [
        0.371455818,
        0.928057969,
        -0.0270015672
      ]
    ],
    "translation": [
      2.153933,
      0.7544142,
      -0.6864284
    ]
  },
  {
    "timeStamp": 38537,
    "rotation": [
      [
        -0.9249932,
        0.373662174,
        -0.06902267
      ],
      [
        -0.0549027175,
        0.0483142138,
        0.997322142
      ],
      [
        0.375996321,
        0.9263057,
        -0.0241752528
      ]
    ],
    "translation": [
      2.14700246,
      0.7517117,
      -0.6828091
    ]
  },
  {
    "timeStamp": 38593,
    "rotation": [
      [
        -0.9238047,
        0.378171951,
        -0.0597571
      ],
      [
        -0.0416315831,
        0.0559327938,
        0.9975662
      ],
      [
        0.380593926,
        0.924044132,
        -0.03592708
      ]
    ],
    "translation": [
      2.13959432,
      0.7482186,
      -0.6763889
    ]
  },
  {
    "timeStamp": 38638,
    "rotation": [
      [
        -0.9254085,
        0.372830331,
        -0.06794637
      ],
      [
        -0.0459915735,
        0.06747959,
        0.996660054
      ],
      [
        0.3761701,
        0.925442636,
        -0.04529913
      ]
    ],
    "translation": [
      2.139599,
      0.745393336,
      -0.6710629
    ]
  },
  {
    "timeStamp": 38695,
    "rotation": [
      [
        -0.924313962,
        0.375696629,
        -0.06705039
      ],
      [
        -0.04141713,
        0.07590388,
        0.9962546
      ],
      [
        0.379378855,
        0.9236291,
        -0.05459874
      ]
    ],
    "translation": [
      2.13701773,
      0.7427609,
      -0.6653221
    ]
  },
  {
    "timeStamp": 38739,
    "rotation": [
      [
        -0.9316471,
        0.356239945,
        -0.07160162
      ],
      [
        -0.04765504,
        0.07556048,
        0.99600184
      ],
      [
        0.360225856,
        0.9313344,
        -0.05341908
      ]
    ],
    "translation": [
      2.13728428,
      0.7407293,
      -0.6636171
    ]
  },
  {
    "timeStamp": 38795,
    "rotation": [
      [
        -0.9336014,
        0.3511055,
        -0.07150724
      ],
      [
        -0.04410344,
        0.08544681,
        0.995366156
      ],
      [
        0.3555886,
        0.932428956,
        -0.0642883
      ]
    ],
    "translation": [
      2.136827,
      0.738505363,
      -0.659676433
    ]
  },
  {
    "timeStamp": 38840,
    "rotation": [
      [
        -0.9280013,
        0.365746617,
        -0.07101439
      ],
      [
        -0.0416856781,
        0.08748081,
        0.9952936
      ],
      [
        0.370237678,
        0.9265941,
        -0.06593591
      ]
    ],
    "translation": [
      2.13653636,
      0.7369323,
      -0.6572611
    ]
  },
  {
    "timeStamp": 38895,
    "rotation": [
      [
        -0.933491349,
        0.351274043,
        -0.0721144
      ],
      [
        -0.0429835469,
        0.09004302,
        0.9950099
      ],
      [
        0.35601452,
        0.931932867,
        -0.06895538
      ]
    ],
    "translation": [
      2.13670659,
      0.7352309,
      -0.655258656
    ]
  },
  {
    "timeStamp": 38939,
    "rotation": [
      [
        -0.9343554,
        0.348831028,
        -0.07278058
      ],
      [
        -0.043873813,
        0.09007407,
        0.994968235
      ],
      [
        0.3536314,
        0.9328471,
        -0.06885664
      ]
    ],
    "translation": [
      2.13673186,
      0.733677268,
      -0.6538967
    ]
  },
  {
    "timeStamp": 38995,
    "rotation": [
      [
        -0.929741,
        0.361489,
        -0.07005307
      ],
      [
        -0.0405359827,
        0.08861055,
        0.995241165
      ],
      [
        0.365976185,
        0.9281562,
        -0.06773155
      ]
    ],
    "translation": [
      2.136572,
      0.7298162,
      -0.652846456
    ]
  },
  {
    "timeStamp": 39039,
    "rotation": [
      [
        -0.9299933,
        0.361366928,
        -0.06727903
      ],
      [
        -0.03786487,
        0.0878780857,
        0.995411336
      ],
      [
        0.3656211,
        0.9282734,
        -0.06804292
      ]
    ],
    "translation": [
      2.13656783,
      0.7287754,
      -0.652856648
    ]
  },
  {
    "timeStamp": 39095,
    "rotation": [
      [
        -0.930659,
        0.359398335,
        -0.06860556
      ],
      [
        -0.0402617641,
        0.08577368,
        0.9955008
      ],
      [
        0.363665879,
        0.929233968,
        -0.06535603
      ]
    ],
    "translation": [
      2.136653,
      0.7276318,
      -0.653240442
    ]
  },
  {
    "timeStamp": 39140,
    "rotation": [
      [
        -0.9325048,
        0.354038447,
        -0.07135596
      ],
      [
        -0.04330514,
        0.08654093,
        0.9953067
      ],
      [
        0.358552,
        0.931218266,
        -0.0653681457
      ]
    ],
    "translation": [
      2.136683,
      0.7274855,
      -0.6526929
    ]
  },
  {
    "timeStamp": 39195,
    "rotation": [
      [
        -0.9328769,
        0.352628082,
        -0.07344581
      ],
      [
        -0.0435113125,
        0.0920890346,
        0.9947997
      ],
      [
        0.357557833,
        0.9312213,
        -0.07056441
      ]
    ],
    "translation": [
      2.13675761,
      0.725918055,
      -0.652434766
    ]
  },
  {
    "timeStamp": 39240,
    "rotation": [
      [
        -0.9326297,
        0.3542408,
        -0.06866855
      ],
      [
        -0.0415575877,
        0.08358964,
        0.995633364
      ],
      [
        0.3584339,
        0.9314109,
        -0.06323679
      ]
    ],
    "translation": [
      2.136773,
      0.72559154,
      -0.652509034
    ]
  },
  {
    "timeStamp": 39295,
    "rotation": [
      [
        -0.931570947,
        0.357114375,
        -0.0681529045
      ],
      [
        -0.0419683866,
        0.08057512,
        0.9958646
      ],
      [
        0.361128956,
        0.9305788,
        -0.06007393
      ]
    ],
    "translation": [
      2.136663,
      0.7255725,
      -0.6527443
    ]
  },
  {
    "timeStamp": 39339,
    "rotation": [
      [
        -0.932765543,
        0.3533902,
        -0.0711605549
      ],
      [
        -0.0449306555,
        0.08189155,
        0.99562794
      ],
      [
        0.3576726,
        0.931884766,
        -0.0605075657
      ]
    ],
    "translation": [
      2.13674974,
      0.7257612,
      -0.6524815
    ]
  },
  {
    "timeStamp": 39395,
    "rotation": [
      [
        -0.9306942,
        0.358483523,
        -0.0727867857
      ],
      [
        -0.0473749042,
        0.07918002,
        0.995734
      ],
      [
        0.36271745,
        0.930172145,
        -0.05670926
      ]
    ],
    "translation": [
      2.13669586,
      0.726002932,
      -0.6528926
    ]
  },
  {
    "timeStamp": 39440,
    "rotation": [
      [
        -0.925644457,
        0.371765733,
        -0.07051702
      ],
      [
        -0.0465846732,
        0.07297976,
        0.996244848
      ],
      [
        0.375516027,
        0.925453544,
        -0.0502347276
      ]
    ],
    "translation": [
      2.13649774,
      0.7260364,
      -0.6538791
    ]
  },
  {
    "timeStamp": 39495,
    "rotation": [
      [
        -0.9160122,
        0.3943693,
        -0.07344649
      ],
      [
        -0.0492800251,
        0.07107594,
        0.996252835
      ],
      [
        0.3981118,
        0.9161992,
        -0.0456719
      ]
    ],
    "translation": [
      2.13618851,
      0.7273129,
      -0.6555499
    ]
  },
  {
    "timeStamp": 39539,
    "rotation": [
      [
        -0.9108781,
        0.405666,
        -0.075737454
      ],
      [
        -0.0518387631,
        0.06959651,
        0.996227443
      ],
      [
        0.409406632,
        0.9113679,
        -0.04236471
      ]
    ],
    "translation": [
      2.13590932,
      0.7280294,
      -0.6576275
    ]
  },
  {
    "timeStamp": 39595,
    "rotation": [
      [
        -0.9010755,
        0.427552074,
        -0.07254043
      ],
      [
        -0.05011282,
        0.06349472,
        0.9967232
      ],
      [
        0.430757016,
        0.9017581,
        -0.0357876942
      ]
    ],
    "translation": [
      2.135556,
      0.7296183,
      -0.6609633
    ]
  },
  {
    "timeStamp": 39639,
    "rotation": [
      [
        -0.903289258,
        0.422557831,
        -0.0742519051
      ],
      [
        -0.04953559,
        0.06919198,
        0.996372759
      ],
      [
        0.42616275,
        0.903690934,
        -0.0415687151
      ]
    ],
    "translation": [
      2.13561344,
      0.7316057,
      -0.661401749
    ]
  },
  {
    "timeStamp": 39695,
    "rotation": [
      [
        -0.8915718,
        0.4474039,
        -0.07020916
      ],
      [
        -0.0472937822,
        0.0622003675,
        0.9969425
      ],
      [
        0.450403035,
        0.8921663,
        -0.0342966728
      ]
    ],
    "translation": [
      2.13505149,
      0.732547164,
      -0.6646126
    ]
  },
  {
    "timeStamp": 39739,
    "rotation": [
      [
        -0.892356157,
        0.4457313,
        -0.0708802044
      ],
      [
        -0.044780273,
        0.06883265,
        0.9966227
      ],
      [
        0.449104846,
        0.892516434,
        -0.04146327
      ]
    ],
    "translation": [
      2.13508129,
      0.7329885,
      -0.6645802
    ]
  },
  {
    "timeStamp": 39795,
    "rotation": [
      [
        -0.8841417,
        0.461686254,
        -0.07168909
      ],
      [
        -0.04507263,
        0.06843908,
        0.9966366
      ],
      [
        0.46503976,
        0.8843992,
        -0.0397004262
      ]
    ],
    "translation": [
      2.13472843,
      0.733235,
      -0.6657919
    ]
  },
  {
    "timeStamp": 39839,
    "rotation": [
      [
        -0.876917,
        0.475631,
        -0.06922237
      ],
      [
        -0.0430163629,
        0.0657788441,
        0.9969066
      ],
      [
        0.478713036,
        0.877182,
        -0.0372226723
      ]
    ],
    "translation": [
      2.13444972,
      0.7334477,
      -0.6668383
    ]
  },
  {
    "timeStamp": 39895,
    "rotation": [
      [
        -0.873044133,
        0.4828923,
        -0.06788987
      ],
      [
        -0.04164696,
        0.06487613,
        0.9970239
      ],
      [
        0.485859573,
        0.873273253,
        -0.03652873
      ]
    ],
    "translation": [
      2.13416386,
      0.733281,
      -0.6674598
    ]
  },
  {
    "timeStamp": 39939,
    "rotation": [
      [
        -0.8728934,
        0.484027624,
        -0.06143593
      ],
      [
        -0.0380195864,
        0.0580561273,
        0.9975891
      ],
      [
        0.4864274,
        0.873124659,
        -0.032274276
      ]
    ],
    "translation": [
      2.13409328,
      0.7329353,
      -0.6675496
    ]
  },
  {
    "timeStamp": 39994,
    "rotation": [
      [
        -0.8556485,
        0.513977,
        -0.0607723631
      ],
      [
        -0.04071768,
        0.05020698,
        0.9979085
      ],
      [
        0.5159532,
        0.8563334,
        -0.02203158
      ]
    ],
    "translation": [
      2.13318014,
      0.7301746,
      -0.6697367
    ]
  },
  {
    "timeStamp": 40039,
    "rotation": [
      [
        -0.8489228,
        0.525452137,
        -0.056833975
      ],
      [
        -0.0404434577,
        0.0426344872,
        0.9982718
      ],
      [
        0.526967168,
        0.8497543,
        -0.0149422856
      ]
    ],
    "translation": [
      2.132803,
      0.728780866,
      -0.670235336
    ]
  },
  {
    "timeStamp": 40094,
    "rotation": [
      [
        -0.839743,
        0.540488839,
        -0.05199628
      ],
      [
        -0.0380538367,
        0.0369437039,
        0.998592556
      ],
      [
        0.541649044,
        0.840539753,
        -0.0104555441
      ]
    ],
    "translation": [
      2.132331,
      0.727804542,
      -0.671004832
    ]
  },
  {
    "timeStamp": 40139,
    "rotation": [
      [
        -0.8292564,
        0.556022942,
        -0.0563223734
      ],
      [
        -0.0406612866,
        0.04048564,
        0.9983524
      ],
      [
        0.5573871,
        0.830180347,
        -0.0109643694
      ]
    ],
    "translation": [
      2.13408756,
      0.7276842,
      -0.6695883
    ]
  },
  {
    "timeStamp": 40194,
    "rotation": [
      [
        -0.8121823,
        0.580044031,
        -0.06252082
      ],
      [
        -0.0491500758,
        0.03875465,
        0.998039246
      ],
      [
        0.581329644,
        0.8136627,
        -0.0029666333
      ]
    ],
    "translation": [
      2.13814163,
      0.7271446,
      -0.6702849
    ]
  },
  {
    "timeStamp": 40239,
    "rotation": [
      [
        -0.802874,
        0.5925408,
        -0.06548782
      ],
      [
        -0.05807856,
        0.03158395,
        0.9978123
      ],
      [
        0.59331286,
        0.804921031,
        0.009055983
      ]
    ],
    "translation": [
      2.14076447,
      0.726452351,
      -0.6724975
    ]
  },
  {
    "timeStamp": 40295,
    "rotation": [
      [
        -0.7876968,
        0.6120204,
        -0.07046105
      ],
      [
        -0.06831571,
        0.02689261,
        0.9973012
      ],
      [
        0.61226356,
        0.7903846,
        0.0206273813
      ]
    ],
    "translation": [
      2.14496541,
      0.726466835,
      -0.676613569
    ]
  },
  {
    "timeStamp": 40339,
    "rotation": [
      [
        -0.7742007,
        0.629504859,
        -0.06585592
      ],
      [
        -0.06855892,
        0.0200306084,
        0.997445941
      ],
      [
        0.629216254,
        0.776738346,
        0.0276504625
      ]
    ],
    "translation": [
      2.14675069,
      0.7274966,
      -0.6785328
    ]
  },
  {
    "timeStamp": 40394,
    "rotation": [
      [
        -0.7618028,
        0.645179749,
        -0.0583059527
      ],
      [
        -0.06040864,
        0.018862348,
        0.9979955
      ],
      [
        0.6449863,
        0.763797939,
        0.0246050432
      ]
    ],
    "translation": [
      2.14590025,
      0.729202867,
      -0.6779765
    ]
  },
  {
    "timeStamp": 40439,
    "rotation": [
      [
        -0.7630941,
        0.6442251,
        -0.0515887178
      ],
      [
        -0.0520928577,
        0.0182518736,
        0.998475432
      ],
      [
        0.6441846,
        0.764618158,
        0.01963163
      ]
    ],
    "translation": [
      2.142953,
      0.7301321,
      -0.677509367
    ]
  },
  {
    "timeStamp": 40494,
    "rotation": [
      [
        -0.7579523,
        0.650372744,
        -0.0502354242
      ],
      [
        -0.0430887677,
        0.026925033,
        0.998708367
      ],
      [
        0.6508853,
        0.759137869,
        0.00761587
      ]
    ],
    "translation": [
      2.13908315,
      0.7298298,
      -0.674799
    ]
  },
  {
    "timeStamp": 40537,
    "rotation": [
      [
        -0.750456631,
        0.6584209,
        -0.05741658
      ],
      [
        -0.0435210764,
        0.03745502,
        0.998350143
      ],
      [
        0.659485161,
        0.7517173,
        0.0005468178
      ]
    ],
    "translation": [
      2.13883638,
      0.7288686,
      -0.672122359
    ]
  },
  {
    "timeStamp": 40592,
    "rotation": [
      [
        -0.74266845,
        0.667033553,
        -0.0592443421
      ],
      [
        -0.0415975377,
        0.0423467457,
        0.998236656
      ],
      [
        0.668366134,
        0.7438233,
        -0.00370263658
      ]
    ],
    "translation": [
      2.13728833,
      0.7281319,
      -0.670075238
    ]
  },
  {
    "timeStamp": 40636,
    "rotation": [
      [
        -0.7385089,
        0.6715792,
        -0.0598830543
      ],
      [
        -0.03865852,
        0.04649314,
        0.998170257
      ],
      [
        0.673134565,
        0.7394726,
        -0.00837334
      ]
    ],
    "translation": [
      2.13645554,
      0.7285862,
      -0.668023944
    ]
  },
  {
    "timeStamp": 40692,
    "rotation": [
      [
        -0.7326855,
        0.677413464,
        -0.06544449
      ],
      [
        -0.0390427932,
        0.0541653819,
        0.9977684
      ],
      [
        0.6794466,
        0.733605564,
        -0.0132380761
      ]
    ],
    "translation": [
      2.136356,
      0.7309722,
      -0.6658679
    ]
  },
  {
    "timeStamp": 40736,
    "rotation": [
      [
        -0.7331467,
        0.6769214,
        -0.06537107
      ],
      [
        -0.04037735,
        0.0526273437,
        0.9977976
      ],
      [
        0.678870857,
        0.7341715,
        -0.0112512717
      ]
    ],
    "translation": [
      2.135534,
      0.733622432,
      -0.667713761
    ]
  },
  {
    "timeStamp": 40792,
    "rotation": [
      [
        -0.73242265,
        0.6773367,
        -0.06908008
      ],
      [
        -0.04318118,
        0.0550449155,
        0.9975497
      ],
      [
        0.679479539,
        0.733611,
        -0.0110679409
      ]
    ],
    "translation": [
      2.13516951,
      0.7377442,
      -0.6679083
    ]
  },
  {
    "timeStamp": 40836,
    "rotation": [
      [
        -0.728424251,
        0.6817327,
        -0.06810805
      ],
      [
        -0.03746791,
        0.05962226,
        0.9975176
      ],
      [
        0.6841011,
        0.7291679,
        -0.0178872
      ]
    ],
    "translation": [
      2.135075,
      0.7421913,
      -0.666213
    ]
  },
  {
    "timeStamp": 40892,
    "rotation": [
      [
        -0.726391,
        0.684213459,
        -0.06486866
      ],
      [
        -0.0329867452,
        0.0595674142,
        0.9976791
      ],
      [
        0.6864895,
        0.726844966,
        -0.02069926
      ]
    ],
    "translation": [
      2.13434362,
      0.746963143,
      -0.6649572
    ]
  },
  {
    "timeStamp": 40937,
    "rotation": [
      [
        -0.7239994,
        0.6873441,
        -0.0581629761
      ],
      [
        -0.02579882,
        0.0572781041,
        0.9980249
      ],
      [
        0.689317942,
        0.724069953,
        -0.0237366464
      ]
    ],
    "translation": [
      2.13251352,
      0.750390768,
      -0.6640626
    ]
  },
  {
    "timeStamp": 40994,
    "rotation": [
      [
        -0.720246732,
        0.691141546,
        -0.0597325042
      ],
      [
        -0.02632035,
        0.0588174947,
        0.9979217
      ],
      [
        0.6932185,
        0.720322,
        -0.0241720211
      ]
    ],
    "translation": [
      2.13280749,
      0.752225637,
      -0.66355443
    ]
  },
  {
    "timeStamp": 41039,
    "rotation": [
      [
        -0.7185026,
        0.693367541,
        -0.0547312163
      ],
      [
        -0.0265772324,
        0.0512629747,
        0.9983315
      ],
      [
        0.6950163,
        0.7187584,
        -0.018404793
      ]
    ],
    "translation": [
      2.131814,
      0.752174735,
      -0.6643594
    ]
  },
  {
    "timeStamp": 41095,
    "rotation": [
      [
        -0.718869448,
        0.6922456,
        -0.06342493
      ],
      [
        -0.03599657,
        0.05404762,
        0.99788934
      ],
      [
        0.6942125,
        0.719635248,
        -0.0139347175
      ]
    ],
    "translation": [
      2.13427234,
      0.7525212,
      -0.6667741
    ]
  },
  {
    "timeStamp": 41141,
    "rotation": [
      [
        -0.718772352,
        0.692316532,
        -0.0637493059
      ],
      [
        -0.0425593443,
        0.047707092,
        0.997954249
      ],
      [
        0.6939416,
        0.7200151,
        -0.00482599949
      ]
    ],
    "translation": [
      2.13471031,
      0.755352139,
      -0.670283556
    ]
  },
  {
    "timeStamp": 41189,
    "rotation": [
      [
        -0.7120396,
        0.6998446,
        -0.0567211173
      ],
      [
        -0.0339246839,
        0.0463983454,
        0.9983468
      ],
      [
        0.701319337,
        0.7127867,
        -0.00929545052
      ]
    ],
    "translation": [
      2.13484025,
      0.7625654,
      -0.671098351
    ]
  },
  {
    "timeStamp": 41244,
    "rotation": [
      [
        -0.7096454,
        0.7022848,
        -0.05656339
      ],
      [
        -0.0352110527,
        0.04483088,
        0.998373866
      ],
      [
        0.7036786,
        0.7104831,
        -0.00708583649
      ]
    ],
    "translation": [
      2.13726282,
      0.7686233,
      -0.673458
    ]
  },
  {
    "timeStamp": 41289,
    "rotation": [
      [
        -0.704565167,
        0.7076472,
        -0.05313445
      ],
      [
        -0.03160644,
        0.043508634,
        0.998553
      ],
      [
        0.708935,
        0.705225,
        -0.008288457
      ]
    ],
    "translation": [
      2.138087,
      0.770804763,
      -0.6737296
    ]
  },
  {
    "timeStamp": 41344,
    "rotation": [
      [
        -0.6994655,
        0.7126704,
        -0.05337564
      ],
      [
        -0.0297682323,
        0.045567587,
        0.998517632
      ],
      [
        0.7140461,
        0.7000175,
        -0.0106580164
      ]
    ],
    "translation": [
      2.14024949,
      0.7716001,
      -0.6734669
    ]
  },
  {
    "timeStamp": 41389,
    "rotation": [
      [
        -0.699575365,
        0.7127619,
        -0.0506450273
      ],
      [
        -0.0297803413,
        0.0417317972,
        0.998684943
      ],
      [
        0.713938,
        0.7001636,
        -0.007968246
      ]
    ],
    "translation": [
      2.13980842,
      0.7700143,
      -0.6738919
    ]
  },
  {
    "timeStamp": 41444,
    "rotation": [
      [
        -0.6975521,
        0.7144058,
        -0.05518565
      ],
      [
        -0.0335074775,
        0.0444102958,
        0.9984513
      ],
      [
        0.7157502,
        0.698320866,
        -0.007040557
      ]
    ],
    "translation": [
      2.14052343,
      0.7668357,
      -0.6734772
    ]
  },
  {
    "timeStamp": 41489,
    "rotation": [
      [
        -0.7018358,
        0.7097761,
        -0.0603677444
      ],
      [
        -0.03925431,
        0.0460806638,
        0.998166144
      ],
      [
        0.7112563,
        0.7029184,
        -0.004479285
      ]
    ],
    "translation": [
      2.14056277,
      0.763644,
      -0.673685253
    ]
  },
  {
    "timeStamp": 41544,
    "rotation": [
      [
        -0.701763,
        0.7101745,
        -0.0563992523
      ],
      [
        -0.03880944,
        0.04093981,
        0.9984076
      ],
      [
        0.7113526,
        0.7028343,
        -0.00116857106
      ]
    ],
    "translation": [
      2.13751984,
      0.7607985,
      -0.6732153
    ]
  },
  {
    "timeStamp": 41590,
    "rotation": [
      [
        -0.7029588,
        0.708771348,
        -0.0590951
      ],
      [
        -0.0439363569,
        0.0396546274,
        0.998247
      ],
      [
        0.709872246,
        0.704322934,
        0.00326526025
      ]
    ],
    "translation": [
      2.13661218,
      0.7567359,
      -0.6731699
    ]
  },
  {
    "timeStamp": 41635,
    "rotation": [
      [
        -0.7014761,
        0.7100508,
        -0.0613114573
      ],
      [
        -0.0480716452,
        0.0386922956,
        0.9980942
      ],
      [
        0.7110699,
        0.703086555,
        0.00699159037
      ]
    ],
    "translation": [
      2.13573265,
      0.752242446,
      -0.6730355
    ]
  },
  {
    "timeStamp": 41692,
    "rotation": [
      [
        -0.7034305,
        0.7081413,
        -0.06100371
      ],
      [
        -0.04890892,
        0.03739925,
        0.9981028
      ],
      [
        0.7090793,
        0.705079556,
        0.008326653
      ]
    ],
    "translation": [
      2.133666,
      0.747669458,
      -0.672171831
    ]
  },
  {
    "timeStamp": 41747,
    "rotation": [
      [
        -0.7046929,
        0.706172466,
        -0.06876336
      ],
      [
        -0.0506169051,
        0.046632994,
        0.9976288
      ],
      [
        0.707704663,
        0.706502557,
        0.002882325
      ]
    ],
    "translation": [
      2.13440442,
      0.7437643,
      -0.6697016
    ]
  },
  {
    "timeStamp": 41791,
    "rotation": [
      [
        -0.708649337,
        0.701968253,
        -0.07110995
      ],
      [
        -0.0511193722,
        0.04943842,
        0.9974681
      ],
      [
        0.7037065,
        0.7104902,
        0.0008496708
      ]
    ],
    "translation": [
      2.13297915,
      0.7385589,
      -0.6682351
    ]
  },
  {
    "timeStamp": 41844,
    "rotation": [
      [
        -0.709994435,
        0.699452043,
        -0.0816990957
      ],
      [
        -0.0567133427,
        0.0588455535,
        0.9966548
      ],
      [
        0.701919854,
        0.7122528,
        -0.00211175275
      ]
    ],
    "translation": [
      2.13429618,
      0.733436167,
      -0.66609174
    ]
  },
  {
    "timeStamp": 41889,
    "rotation": [
      [
        -0.709605455,
        0.699477255,
        -0.08480422
      ],
      [
        -0.06369302,
        0.05618608,
        0.996386647
      ],
      [
        0.7017146,
        0.7124428,
        0.004681866
      ]
    ],
    "translation": [
      2.134314,
      0.7287088,
      -0.666873455
    ]
  },
  {
    "timeStamp": 41944,
    "rotation": [
      [
        -0.7131128,
        0.6960051,
        -0.0839465
      ],
      [
        -0.06472914,
        0.05386334,
        0.996448159
      ],
      [
        0.6980546,
        0.71601367,
        0.00664117467
      ]
    ],
    "translation": [
      2.13413286,
      0.7265184,
      -0.6664007
    ]
  },
  {
    "timeStamp": 41988,
    "rotation": [
      [
        -0.7115161,
        0.6981533,
        -0.07954151
      ],
      [
        -0.06413434,
        0.0482021533,
        0.996776462
      ],
      [
        0.6997369,
        0.7143238,
        0.0104789957
      ]
    ],
    "translation": [
      2.13387585,
      0.726382,
      -0.666378438
    ]
  },
  {
    "timeStamp": 42044,
    "rotation": [
      [
        -0.709085,
        0.7006291,
        -0.07948139
      ],
      [
        -0.06820041,
        0.0440449,
        0.9966989
      ],
      [
        0.701817036,
        0.712164938,
        0.0165516119
      ]
    ],
    "translation": [
      2.13368034,
      0.726510644,
      -0.666511238
    ]
  },
  {
    "timeStamp": 42088,
    "rotation": [
      [
        -0.712541759,
        0.6978473,
        -0.07275589
      ],
      [
        -0.0654554144,
        0.037128292,
        0.997164547
      ],
      [
        0.6985699,
        0.7152836,
        0.019222429
      ]
    ],
    "translation": [
      2.13393426,
      0.726254344,
      -0.666306853
    ]
  },
  {
    "timeStamp": 42144,
    "rotation": [
      [
        -0.7207527,
        0.6882665,
        -0.0824905857
      ],
      [
        -0.07721304,
        0.0385480225,
        0.996269166
      ],
      [
        0.688878536,
        0.724433,
        0.0253595635
      ]
    ],
    "translation": [
      2.13465834,
      0.7269583,
      -0.6657759
    ]
  },
  {
    "timeStamp": 42189,
    "rotation": [
      [
        -0.7288034,
        0.67992115,
        -0.08094978
      ],
      [
        -0.08267302,
        0.029979622,
        0.9961257
      ],
      [
        0.6797138,
        0.732672155,
        0.034361884
      ]
    ],
    "translation": [
      2.13534236,
      0.72717154,
      -0.665276349
    ]
  },
  {
    "timeStamp": 42245,
    "rotation": [
      [
        -0.730250835,
        0.6780758,
        -0.08334897
      ],
      [
        -0.0878842846,
        0.0277501,
        0.9957441
      ],
      [
        0.6775029,
        0.734468,
        0.0393276736
      ]
    ],
    "translation": [
      2.13548064,
      0.727473438,
      -0.6651552
    ]
  },
  {
    "timeStamp": 42291,
    "rotation": [
      [
        -0.734138,
        0.673279941,
        -0.08795139
      ],
      [
        -0.09257001,
        0.0290774,
        0.9952815
      ],
      [
        0.67266047,
        0.738815665,
        0.0409787074
      ]
    ],
    "translation": [
      2.135827,
      0.7277852,
      -0.6648937
    ]
  }
]