[
  {
    "timeStamp": 80698,
    "rotation": [
      [
        0.9948441,
        -0.0429378152,
        -0.09187759
      ],
      [
        0.0979988948,
        0.173831925,
        0.979887068
      ],
      [
        -0.0261029471,
        -0.9838388,
        0.177143529
      ]
    ],
    "translation": [
      1.45987749,
      0.7058407,
      -0.7573515
    ]
  },
  {
    "timeStamp": 80754,
    "rotation": [
      [
        0.995261431,
        -0.04861092,
        -0.08421187
      ],
      [
        0.0908316448,
        0.155702323,
        0.983619034
      ],
      [
        -0.0347026438,
        -0.9866072,
        0.159379914
      ]
    ],
    "translation": [
      1.46346366,
      0.70952183,
      -0.756083548
    ]
  },
  {
    "timeStamp": 80799,
    "rotation": [
      [
        0.9970753,
        -0.06858939,
        -0.033707805
      ],
      [
        0.04434317,
        0.159987658,
        0.986122549
      ],
      [
        -0.062244717,
        -0.984733164,
        0.162561223
      ]
    ],
    "translation": [
      1.46614456,
      0.724507,
      -0.7548526
    ]
  },
  {
    "timeStamp": 80853,
    "rotation": [
      [
        0.9919864,
        -0.11929924,
        0.04160156
      ],
      [
        -0.0233504809,
        0.1504869,
        0.9883362
      ],
      [
        -0.124168247,
        -0.9813875,
        0.146495253
      ]
    ],
    "translation": [
      1.47658217,
      0.7515751,
      -0.7499415
    ]
  },
  {
    "timeStamp": 80898,
    "rotation": [
      [
        0.977452159,
        -0.178024262,
        0.113554932
      ],
      [
        -0.08802781,
        0.145271182,
        0.9854681
      ],
      [
        -0.1919335,
        -0.9732439,
        0.126324534
      ]
    ],
    "translation": [
      1.49273956,
      0.7786433,
      -0.7445663
    ]
  },
  {
    "timeStamp": 80953,
    "rotation": [
      [
        0.9457265,
        -0.26501,
        0.188072115
      ],
      [
        -0.161184475,
        0.119993575,
        0.9796025
      ],
      [
        -0.2821719,
        -0.9567504,
        0.07076561
      ]
    ],
    "translation": [
      1.524932,
      0.8144763,
      -0.734992266
    ]
  },
  {
    "timeStamp": 80998,
    "rotation": [
      [
        0.9067391,
        -0.355592728,
        0.226667255
      ],
      [
        -0.207799569,
        0.09094415,
        0.973934531
      ],
      [
        -0.3669381,
        -0.930205941,
        0.008570597
      ]
    ],
    "translation": [
      1.56330776,
      0.8423535,
      -0.7245535
    ]
  },
  {
    "timeStamp": 81053,
    "rotation": [
      [
        0.837900341,
        -0.491657585,
        0.237056538
      ],
      [
        -0.245420516,
        0.0485704057,
        0.9681992
      ],
      [
        -0.4875364,
        -0.869433,
        -0.0799657
      ]
    ],
    "translation": [
      1.6246,
      0.8739324,
      -0.709240258
    ]
  },
  {
    "timeStamp": 81097,
    "rotation": [
      [
        0.7690141,
        -0.605275631,
        0.205569237
      ],
      [
        -0.26577276,
        -0.0102733076,
        0.963981
      ],
      [
        -0.5813623,
        -0.7959497,
        -0.1687661
      ]
    ],
    "translation": [
      1.68514979,
      0.8967125,
      -0.6975927
    ]
  },
  {
    "timeStamp": 81153,
    "rotation": [
      [
        0.663565338,
        -0.7371281,
        0.127762973
      ],
      [
        -0.286934346,
        -0.09304735,
        0.953420639
      ],
      [
        -0.6909051,
        -0.6693165,
        -0.273250341
      ]
    ],
    "translation": [
      1.76937056,
      0.9208257,
      -0.6864555
    ]
  },
  {
    "timeStamp": 81198,
    "rotation": [
      [
        0.556066751,
        -0.8307388,
        0.0257459767
      ],
      [
        -0.287495375,
        -0.163189858,
        0.943777263
      ],
      [
        -0.7798309,
        -0.532205,
        -0.329577982
      ]
    ],
    "translation": [
      1.84414554,
      0.9341504,
      -0.6836337
    ]
  },
  {
    "timeStamp": 81253,
    "rotation": [
      [
        0.3893511,
        -0.915119052,
        -0.104703508
      ],
      [
        -0.292239457,
        -0.230531409,
        0.928144038
      ],
      [
        -0.873499751,
        -0.3307754,
        -0.3571916
      ]
    ],
    "translation": [
      1.9372189,
      0.9454099,
      -0.6909374
    ]
  },
  {
    "timeStamp": 81298,
    "rotation": [
      [
        0.280233324,
        -0.941753745,
        -0.185928017
      ],
      [
        -0.286530763,
        -0.266922,
        0.920137346
      ],
      [
        -0.9161711,
        -0.20457904,
        -0.344641864
      ]
    ],
    "translation": [
      2.001868,
      0.9458877,
      -0.704157054
    ]
  },
  {
    "timeStamp": 81353,
    "rotation": [
      [
        0.17438136,
        -0.953131735,
        -0.247246727
      ],
      [
        -0.239384979,
        -0.284596443,
        0.9282778
      ],
      [
        -0.9551366,
        -0.102687173,
        -0.277793765
      ]
    ],
    "translation": [
      2.063864,
      0.9323908,
      -0.723064244
    ]
  },
  {
    "timeStamp": 81398,
    "rotation": [
      [
        0.120407075,
        -0.9621747,
        -0.244380817
      ],
      [
        -0.16049017,
        -0.2618003,
        0.9516846
      ],
      [
        -0.9796658,
        -0.07536886,
        -0.185942188
      ]
    ],
    "translation": [
      2.09512687,
      0.9116158,
      -0.737510562
    ]
  },
  {
    "timeStamp": 81445,
    "rotation": [
      [
        0.104258955,
        -0.9740294,
        -0.200989366
      ],
      [
        -0.09799383,
        -0.21116811,
        0.9725252
      ],
      [
        -0.9897107,
        -0.08169873,
        -0.117465049
      ]
    ],
    "translation": [
      2.110077,
      0.889613748,
      -0.7471152
    ]
  },
  {
    "timeStamp": 81504,
    "rotation": [
      [
        0.09509124,
        -0.980716169,
        -0.170744032
      ],
      [
        -0.005349009,
        -0.172022179,
        0.9850786
      ],
      [
        -0.9954542,
        -0.09275903,
        -0.0216036625
      ]
    ],
    "translation": [
      2.12130737,
      0.85741353,
      -0.7570012
    ]
  },
  {
    "timeStamp": 81548,
    "rotation": [
      [
        0.117971361,
        -0.983415663,
        -0.13775456
      ],
      [
        0.00401895773,
        -0.138249278,
        0.9903893
      ],
      [
        -0.993008852,
        -0.1173912,
        -0.01235715
      ]
    ],
    "translation": [
      2.12055373,
      0.8411108,
      -0.7567426
    ]
  },
  {
    "timeStamp": 81603,
    "rotation": [
      [
        0.1336933,
        -0.9700917,
        -0.202603519
      ],
      [
        0.06817963,
        -0.194950968,
        0.9784404
      ],
      [
        -0.9886747,
        -0.144624367,
        0.04007685
      ]
    ],
    "translation": [
      2.12844229,
      0.8200038,
      -0.759602249
    ]
  }
]