[
  {
    "timeStamp": 14556,
    "rotation": [
      [
        0.9959244,
        -0.036424242,
        0.0825096741
      ],
      [
        -0.07424075,
        0.1883952,
        0.979283154
      ],
      [
        -0.0512140952,
        -0.9814176,
        0.184923232
      ]
    ],
    "translation": [
      1.61573768,
      0.69220984,
      -0.6240699
    ]
  },
  {
    "timeStamp": 14611,
    "rotation": [
      [
        0.99235034,
        -0.066731,
        0.103864364
      ],
      [
        -0.0924709737,
        0.155622065,
        0.983478963
      ],
      [
        -0.08179213,
        -0.9855601,
        0.148260921
      ]
    ],
    "translation": [
      1.61645055,
      0.6985907,
      -0.61756
    ]
  },
  {
    "timeStamp": 14656,
    "rotation": [
      [
        0.989145637,
        -0.08462089,
        0.120126165
      ],
      [
        -0.106524467,
        0.150139287,
        0.9829093
      ],
      [
        -0.101210319,
        -0.98503685,
        0.139495417
      ]
    ],
    "translation": [
      1.61781669,
      0.70884186,
      -0.6143991
    ]
  },
  {
    "timeStamp": 14714,
    "rotation": [
      [
        0.974595964,
        -0.113888152,
        0.192852616
      ],
      [
        -0.179447562,
        0.118180312,
        0.9766432
      ],
      [
        -0.1340195,
        -0.986439466,
        0.094741106
      ]
    ],
    "translation": [
      1.61891806,
      0.7441846,
      -0.606326342
    ]
  },
  {
    "timeStamp": 14756,
    "rotation": [
      [
        0.958152533,
        -0.131086811,
        0.2544797
      ],
      [
        -0.24455753,
        0.087189436,
        0.9657068
      ],
      [
        -0.148779362,
        -0.987529337,
        0.0514825173
      ]
    ],
    "translation": [
      1.61993062,
      0.779285669,
      -0.598758042
    ]
  },
  {
    "timeStamp": 14811,
    "rotation": [
      [
        0.9376335,
        -0.135776848,
        0.320012629
      ],
      [
        -0.31629476,
        0.0487151071,
        0.947409332
      ],
      [
        -0.1442257,
        -0.989541054,
        0.002731407
      ]
    ],
    "translation": [
      1.62530279,
      0.821476042,
      -0.5969717
    ]
  },
  {
    "timeStamp": 14856,
    "rotation": [
      [
        0.9360375,
        -0.127802253,
        0.327872723
      ],
      [
        -0.329011172,
        0.0127066066,
        0.94424057
      ],
      [
        -0.124842212,
        -0.9917183,
        -0.0301545057
      ]
    ],
    "translation": [
      1.63183212,
      0.8428541,
      -0.5970421
    ]
  },
  {
    "timeStamp": 14911,
    "rotation": [
      [
        0.935550153,
        -0.122597672,
        0.33123374
      ],
      [
        -0.333412647,
        0.00289691566,
        0.942776561
      ],
      [
        -0.116541766,
        -0.992452264,
        -0.0381654
      ]
    ],
    "translation": [
      1.63935721,
      0.8528384,
      -0.59768486
    ]
  },
  {
    "timeStamp": 14956,
    "rotation": [
      [
        0.9431367,
        -0.0983630344,
        0.317518175
      ],
      [
        -0.320175856,
        -0.012105912,
        0.947280765
      ],
      [
        -0.089333564,
        -0.995076954,
        -0.042911
      ]
    ],
    "translation": [
      1.640121,
      0.850954831,
      -0.596093237
    ]
  },
  {
    "timeStamp": 15011,
    "rotation": [
      [
        0.9660886,
        -0.04391101,
        0.254449725
      ],
      [
        -0.256203651,
        -0.04038222,
        0.965778947
      ],
      [
        -0.0321330838,
        -0.998218954,
        -0.0502629653
      ]
    ],
    "translation": [
      1.63896,
      0.834559,
      -0.5919528
    ]
  },
  {
    "timeStamp": 15056,
    "rotation": [
      [
        0.974493,
        -0.03660047,
        0.221413121
      ],
      [
        -0.221949488,
        -0.0112546775,
        0.9749932
      ],
      [
        -0.03319328,
        -0.9992666,
        -0.01909106
      ]
    ],
    "translation": [
      1.6424222,
      0.813453,
      -0.589913666
    ]
  },
  {
    "timeStamp": 15111,
    "rotation": [
      [
        0.9879412,
        0.009613873,
        0.154530674
      ],
      [
        -0.153683946,
        -0.0602923147,
        0.9862789
      ],
      [
        0.0187989827,
        -0.9981345,
        -0.0580877624
      ]
    ],
    "translation": [
      1.64449334,
      0.799952149,
      -0.5818515
    ]
  },
  {
    "timeStamp": 15156,
    "rotation": [
      [
        0.9909471,
        0.00676230062,
        0.134082153
      ],
      [
        -0.133618921,
        -0.0472423062,
        0.989906132
      ],
      [
        0.0130283926,
        -0.998860538,
        -0.0459110551
      ]
    ],
    "translation": [
      1.64934325,
      0.7888939,
      -0.5781914
    ]
  },
  {
    "timeStamp": 15211,
    "rotation": [
      [
        0.994161367,
        0.0268134046,
        0.1045193
      ],
      [
        -0.1016507,
        -0.09222687,
        0.990535855
      ],
      [
        0.0361991562,
        -0.995376945,
        -0.0889627859
      ]
    ],
    "translation": [
      1.65137887,
      0.786938,
      -0.5707634
    ]
  },
  {
    "timeStamp": 15256,
    "rotation": [
      [
        0.996450245,
        0.0317788981,
        0.07795486
      ],
      [
        -0.07274493,
        -0.140997887,
        0.987333655
      ],
      [
        0.0423678569,
        -0.9894997,
        -0.13818562
      ]
    ],
    "translation": [
      1.65471256,
      0.788711965,
      -0.5626599
    ]
  },
  {
    "timeStamp": 15311,
    "rotation": [
      [
        0.997361541,
        0.05629634,
        0.04583372
      ],
      [
        -0.0321053974,
        -0.224205509,
        0.9740129
      ],
      [
        0.0651095361,
        -0.9729145,
        -0.221806526
      ]
    ],
    "translation": [
      1.65471923,
      0.796767056,
      -0.554334
    ]
  },
  {
    "timeStamp": 15356,
    "rotation": [
      [
        0.9920603,
        0.125758827,
        0.00105198938
      ],
      [
        0.0453843474,
        -0.3657948,
        0.9295883
      ],
      [
        0.117288753,
        -0.9221599,
        -0.368597984
      ]
    ],
    "translation": [
      1.65135443,
      0.81480515,
      -0.543723941
    ]
  },
  {
    "timeStamp": 15411,
    "rotation": [
      [
        0.9919661,
        0.125061557,
        -0.0190446861
      ],
      [
        0.06661613,
        -0.3884295,
        0.9190674
      ],
      [
        0.107542485,
        -0.9129524,
        -0.393640041
      ]
    ],
    "translation": [
      1.65200973,
      0.816877365,
      -0.5416818
    ]
  },
  {
    "timeStamp": 15467,
    "rotation": [
      [
        0.9895333,
        0.143407419,
        -0.0160652641
      ],
      [
        0.06577126,
        -0.349114,
        0.9347693
      ],
      [
        0.128444239,
        -0.926041961,
        -0.354892015
      ]
    ],
    "translation": [
      1.64852214,
      0.8089459,
      -0.546854138
    ]
  },
  {
    "timeStamp": 15511,
    "rotation": [
      [
        0.9931002,
        0.1078961,
        0.04593949
      ],
      [
        -0.0238587,
        -0.197651193,
        0.979982
      ],
      [
        0.114816234,
        -0.9743164,
        -0.193713188
      ]
    ],
    "translation": [
      1.6425308,
      0.789942861,
      -0.5603215
    ]
  },
  {
    "timeStamp": 15567,
    "rotation": [
      [
        0.979866564,
        0.0128796538,
        0.199237645
      ],
      [
        -0.199640155,
        0.07474547,
        0.9770143
      ],
      [
        -0.00230849651,
        -0.9971195,
        0.0758118853
      ]
    ],
    "translation": [
      1.62974107,
      0.76799643,
      -0.589708745
    ]
  },
  {
    "timeStamp": 15611,
    "rotation": [
      [
        0.9804128,
        -0.00678343372,
        0.196836814
      ],
      [
        -0.19654353,
        0.0307659283,
        0.9800123
      ],
      [
        -0.0127037149,
        -0.9995036,
        0.02883007
      ]
    ],
    "translation": [
      1.63021731,
      0.7758982,
      -0.581337333
    ]
  },
  {
    "timeStamp": 15666,
    "rotation": [
      [
        0.991776049,
        -0.00523218652,
        0.1278786
      ],
      [
        -0.127773046,
        -0.09803831,
        0.986946046
      ],
      [
        0.00737313647,
        -0.9951689,
        -0.09790058
      ]
    ],
    "translation": [
      1.63722992,
      0.788151264,
      -0.562903
    ]
  },
  {
    "timeStamp": 15711,
    "rotation": [
      [
        0.988072157,
        -0.01938205,
        0.15276663
      ],
      [
        -0.153391778,
        -0.0364281125,
        0.987493753
      ],
      [
        -0.013574644,
        -0.9991483,
        -0.03896665
      ]
    ],
    "translation": [
      1.63621867,
      0.7820816,
      -0.567977548
    ]
  },
  {
    "timeStamp": 15766,
    "rotation": [
      [
        0.9853979,
        -0.002469193,
        0.170249373
      ],
      [
        -0.170262024,
        -0.0221492238,
        0.98514986
      ],
      [
        0.00133836758,
        -0.999751568,
        -0.022246208
      ]
    ],
    "translation": [
      1.63132858,
      0.7847003,
      -0.57222867
    ]
  },
  {
    "timeStamp": 15811,
    "rotation": [
      [
        0.983570158,
        -0.00482952,
        0.1804615
      ],
      [
        -0.1805185,
        -0.03548538,
        0.982931256
      ],
      [
        0.001656659,
        -0.999358535,
        -0.03577418
      ]
    ],
    "translation": [
      1.63236022,
      0.7943897,
      -0.5715089
    ]
  },
  {
    "timeStamp": 15856,
    "rotation": [
      [
        0.9775688,
        -0.03408073,
        0.207840741
      ],
      [
        -0.20927301,
        -0.0458957143,
        0.9767796
      ],
      [
        -0.02375035,
        -0.998364747,
        -0.05199839
      ]
    ],
    "translation": [
      1.63835239,
      0.8101307,
      -0.5684004
    ]
  },
  {
    "timeStamp": 15911,
    "rotation": [
      [
        0.9603855,
        -0.08383812,
        0.265764624
      ],
      [
        -0.270892024,
        -0.0570479557,
        0.96091783
      ],
      [
        -0.06540022,
        -0.994845033,
        -0.07749911
      ]
    ],
    "translation": [
      1.65229762,
      0.8385528,
      -0.565660357
    ]
  },
  {
    "timeStamp": 15967,
    "rotation": [
      [
        0.9388723,
        -0.130339414,
        0.318638563
      ],
      [
        -0.330068827,
        -0.07774543,
        0.9407498
      ],
      [
        -0.09784409,
        -0.988416553,
        -0.116014004
      ]
    ],
    "translation": [
      1.673347,
      0.872741759,
      -0.5625034
    ]
  },
  {
    "timeStamp": 16011,
    "rotation": [
      [
        0.919438362,
        -0.1882013,
        0.345272839
      ],
      [
        -0.370621324,
        -0.121281706,
        0.920831442
      ],
      [
        -0.131426379,
        -0.974613249,
        -0.181262478
      ]
    ],
    "translation": [
      1.70338809,
      0.9043041,
      -0.557112157
    ]
  },
  {
    "timeStamp": 16066,
    "rotation": [
      [
        0.892461658,
        -0.279716581,
        0.353936046
      ],
      [
        -0.4076958,
        -0.16422984,
        0.8982275
      ],
      [
        -0.193122253,
        -0.9459319,
        -0.2606081
      ]
    ],
    "translation": [
      1.75752485,
      0.9401802,
      -0.5484537
    ]
  },
  {
    "timeStamp": 16111,
    "rotation": [
      [
        0.8689475,
        -0.3768071,
        0.320852965
      ],
      [
        -0.419271767,
        -0.2160322,
        0.881783
      ],
      [
        -0.26294753,
        -0.9007477,
        -0.345705241
      ]
    ],
    "translation": [
      1.815951,
      0.965764642,
      -0.542072237
    ]
  },
  {
    "timeStamp": 16166,
    "rotation": [
      [
        0.854838431,
        -0.4803645,
        0.196217224
      ],
      [
        -0.38160336,
        -0.325745,
        0.865025461
      ],
      [
        -0.35161072,
        -0.814334154,
        -0.461768031
      ]
    ],
    "translation": [
      1.90529692,
      0.9941876,
      -0.5348126
    ]
  },
  {
    "timeStamp": 16211,
    "rotation": [
      [
        0.846835136,
        -0.529391646,
        0.0511336476
      ],
      [
        -0.325316072,
        -0.4395182,
        0.837253332
      ],
      [
        -0.420760781,
        -0.7256502,
        -0.5444191
      ]
    ],
    "translation": [
      1.97815859,
      1.01594317,
      -0.5383883
    ]
  },
  {
    "timeStamp": 16266,
    "rotation": [
      [
        0.8130451,
        -0.5753416,
        -0.08910521
      ],
      [
        -0.2767825,
        -0.516621,
        0.810243249
      ],
      [
        -0.5122003,
        -0.6341015,
        -0.5792807
      ]
    ],
    "translation": [
      2.06643224,
      1.02990425,
      -0.5511293
    ]
  },
  {
    "timeStamp": 16310,
    "rotation": [
      [
        0.768457532,
        -0.621244967,
        -0.153387636
      ],
      [
        -0.243345633,
        -0.5054101,
        0.827854753
      ],
      [
        -0.591824234,
        -0.598845,
        -0.5395634
      ]
    ],
    "translation": [
      2.125189,
      1.01968861,
      -0.566073358
    ]
  },
  {
    "timeStamp": 16366,
    "rotation": [
      [
        0.7254041,
        -0.6774293,
        -0.121977754
      ],
      [
        -0.219956964,
        -0.396055967,
        0.891492367
      ],
      [
        -0.652233064,
        -0.6198623,
        -0.436305881
      ]
    ],
    "translation": [
      2.174357,
      0.9819149,
      -0.5899007
    ]
  },
  {
    "timeStamp": 16411,
    "rotation": [
      [
        0.7102607,
        -0.7001505,
        -0.0729320049
      ],
      [
        -0.206464872,
        -0.306247115,
        0.929292738
      ],
      [
        -0.67298,
        -0.6449822,
        -0.362071753
      ]
    ],
    "translation": [
      2.19743752,
      0.951911,
      -0.6071358
    ]
  },
  {
    "timeStamp": 16461,
    "rotation": [
      [
        0.7041448,
        -0.7092894,
        -0.0329956524
      ],
      [
        -0.1654313,
        -0.209067032,
        0.963806748
      ],
      [
        -0.690516233,
        -0.673201,
        -0.264552116
      ]
    ],
    "translation": [
      2.21302819,
      0.9157515,
      -0.629260063
    ]
  },
  {
    "timeStamp": 16516,
    "rotation": [
      [
        0.7050976,
        -0.708792,
        -0.0212442391
      ],
      [
        -0.11780218,
        -0.146625713,
        0.9821525
      ],
      [
        -0.6992568,
        -0.6900108,
        -0.186882675
      ]
    ],
    "translation": [
      2.22177339,
      0.880103,
      -0.6502169
    ]
  },
  {
    "timeStamp": 16561,
    "rotation": [
      [
        0.704860151,
        -0.70519805,
        -0.07660171
      ],
      [
        -0.0870732144,
        -0.193189055,
        0.9772903
      ],
      [
        -0.7039818,
        -0.682183,
        -0.197575137
      ]
    ],
    "translation": [
      2.23570466,
      0.8661793,
      -0.6532978
    ]
  },
  {
    "timeStamp": 16621,
    "rotation": [
      [
        0.6979336,
        -0.710750639,
        -0.0878763944
      ],
      [
        -0.0674301162,
        -0.187376633,
        0.979971
      ],
      [
        -0.712981045,
        -0.6780291,
        -0.178702444
      ]
    ],
    "translation": [
      2.24951315,
      0.83740443,
      -0.6542661
    ]
  },
  {
    "timeStamp": 16659,
    "rotation": [
      [
        0.6907925,
        -0.7154384,
        -0.104659207
      ],
      [
        -0.053096205,
        -0.194548428,
        0.9794548
      ],
      [
        -0.7211009,
        -0.671043038,
        -0.172379658
      ]
    ],
    "translation": [
      2.258671,
      0.8234954,
      -0.6515633
    ]
  },
  {
    "timeStamp": 16717,
    "rotation": [
      [
        0.691263855,
        -0.7164353,
        -0.09420551
      ],
      [
        -0.01861885,
        -0.147985846,
        0.9888142
      ],
      [
        -0.7223625,
        -0.681777537,
        -0.115636475
      ]
    ],
    "translation": [
      2.26684427,
      0.78874594,
      -0.649812758
    ]
  },
  {
    "timeStamp": 16761,
    "rotation": [
      [
        0.6825274,
        -0.7225363,
        -0.109988913
      ],
      [
        0.000398893957,
        -0.150124162,
        0.9886671
      ],
      [
        -0.7308599,
        -0.6748363,
        -0.102175638
      ]
    ],
    "translation": [
      2.27578259,
      0.7763187,
      -0.646105051
    ]
  },
  {
    "timeStamp": 16816,
    "rotation": [
      [
        0.6873102,
        -0.7188253,
        -0.104378372
      ],
      [
        0.0259185452,
        -0.119337827,
        0.9925153
      ],
      [
        -0.7259014,
        -0.6848713,
        -0.06339121
      ]
    ],
    "translation": [
      2.28245258,
      0.759260058,
      -0.643923342
    ]
  },
  {
    "timeStamp": 16861,
    "rotation": [
      [
        0.685306251,
        -0.718943357,
        -0.116085351
      ],
      [
        0.0437695272,
        -0.118452325,
        0.9919946
      ],
      [
        -0.7269385,
        -0.6849011,
        -0.0497083031
      ]
    ],
    "translation": [
      2.28901219,
      0.753200054,
      -0.6405947
    ]
  },
  {
    "timeStamp": 16916,
    "rotation": [
      [
        0.6938641,
        -0.7087371,
        -0.127453148
      ],
      [
        0.0523371734,
        -0.126890391,
        0.990535
      ],
      [
        -0.7182015,
        -0.6939673,
        -0.05095139
      ]
    ],
    "translation": [
      2.295331,
      0.7517406,
      -0.634142041
    ]
  },
  {
    "timeStamp": 16961,
    "rotation": [
      [
        0.688891232,
        -0.7149827,
        -0.119283885
      ],
      [
        0.03742417,
        -0.1292587,
        0.99090445
      ],
      [
        -0.723898,
        -0.687089443,
        -0.0622875579
      ]
    ],
    "translation": [
      2.29954815,
      0.753751338,
      -0.62902683
    ]
  },
  {
    "timeStamp": 17016,
    "rotation": [
      [
        0.6918346,
        -0.710712,
        -0.127488375
      ],
      [
        0.0315244533,
        -0.146664172,
        0.9886839
      ],
      [
        -0.721367538,
        -0.688024759,
        -0.07906254
      ]
    ],
    "translation": [
      2.30509949,
      0.757888138,
      -0.6213035
    ]
  },
  {
    "timeStamp": 17060,
    "rotation": [
      [
        0.6891747,
        -0.7118273,
        -0.135426089
      ],
      [
        0.0382416174,
        -0.150907144,
        0.987808
      ],
      [
        -0.7235854,
        -0.6859512,
        -0.0767799541
      ]
    ],
    "translation": [
      2.30973458,
      0.756947,
      -0.617809832
    ]
  },
  {
    "timeStamp": 17117,
    "rotation": [
      [
        0.680776,
        -0.7134022,
        -0.166136727
      ],
      [
        0.06436184,
        -0.1676743,
        0.983739257
      ],
      [
        -0.729658544,
        -0.680398941,
        -0.06823277
      ]
    ],
    "translation": [
      2.317875,
      0.7559071,
      -0.614685833
    ]
  }
]