[
  {
    "timeStamp": 29104,
    "rotation": [
      [
        -0.410222143,
        0.9117779,
        -0.0194638371
      ],
      [
        -0.07283124,
        -0.0114788134,
        0.9972782
      ],
      [
        0.9090728,
        0.410523176,
        0.071114786
      ]
    ],
    "translation": [
      1.3123697,
      0.699173331,
      -0.62600553
    ]
  },
  {
    "timeStamp": 29148,
    "rotation": [
      [
        -0.386759639,
        0.9221405,
        -0.008597299
      ],
      [
        0.05387568,
        0.03190118,
        0.998037934
      ],
      [
        0.9206055,
        0.3855376,
        -0.0620190352
      ]
    ],
    "translation": [
      1.31204307,
      0.700382352,
      -0.6263925
    ]
  },
  {
    "timeStamp": 29206,
    "rotation": [
      [
        -0.447061867,
        0.8803751,
        0.1583522
      ],
      [
        0.145556033,
        -0.1030705,
        0.9839664
      ],
      [
        0.882581,
        0.462943,
        -0.082065016
      ]
    ],
    "translation": [
      1.30006385,
      0.721129537,
      -0.638135
    ]
  },
  {
    "timeStamp": 29248,
    "rotation": [
      [
        -0.449321955,
        0.859574258,
        0.243396834
      ],
      [
        0.18127735,
        -0.179055437,
        0.966994166
      ],
      [
        0.874784768,
        0.478614,
        -0.0753678
      ]
    ],
    "translation": [
      1.3027221,
      0.75254035,
      -0.656079769
    ]
  },
  {
    "timeStamp": 29304,
    "rotation": [
      [
        -0.487532526,
        0.8196131,
        0.30090937
      ],
      [
        0.159403071,
        -0.255294651,
        0.9536327
      ],
      [
        0.8584304,
        0.512892842,
        -0.0061843954
      ]
    ],
    "translation": [
      1.31860924,
      0.783714533,
      -0.6946514
    ]
  },
  {
    "timeStamp": 29348,
    "rotation": [
      [
        -0.5091142,
        0.7933658,
        0.3337267
      ],
      [
        0.151152372,
        -0.2992992,
        0.9421109
      ],
      [
        0.8473227,
        0.5300856,
        0.03245837
      ]
    ],
    "translation": [
      1.34099078,
      0.803092062,
      -0.727642
    ]
  },
  {
    "timeStamp": 29405,
    "rotation": [
      [
        -0.4999986,
        0.7855226,
        0.364630818
      ],
      [
        0.138458386,
        -0.34311533,
        0.9290324
      ],
      [
        0.8548863,
        0.515001059,
        0.0627950057
      ]
    ],
    "translation": [
      1.37553382,
      0.821473539,
      -0.76167357
    ]
  },
  {
    "timeStamp": 29450,
    "rotation": [
      [
        -0.467771232,
        0.8011833,
        0.373222977
      ],
      [
        0.120817184,
        -0.3603449,
        0.924962044
      ],
      [
        0.875553131,
        0.4777624,
        0.07176227
      ]
    ],
    "translation": [
      1.40932357,
      0.830001056,
      -0.7816018
    ]
  },
  {
    "timeStamp": 29505,
    "rotation": [
      [
        -0.390820384,
        0.835508168,
        0.3862455
      ],
      [
        0.103677332,
        -0.37699154,
        0.9203958
      ],
      [
        0.914609432,
        0.399754345,
        0.0607127249
      ]
    ],
    "translation": [
      1.45567679,
      0.838649631,
      -0.7950688
    ]
  },
  {
    "timeStamp": 29549,
    "rotation": [
      [
        -0.2965874,
        0.873694241,
        0.385608971
      ],
      [
        0.0997065455,
        -0.373241425,
        0.9223608
      ],
      [
        0.949786544,
        0.312008351,
        0.0235856734
      ]
    ],
    "translation": [
      1.49670184,
      0.8448069,
      -0.7930466
    ]
  },
  {
    "timeStamp": 29605,
    "rotation": [
      [
        -0.123508289,
        0.911586463,
        0.3921171
      ],
      [
        0.099277705,
        -0.3818094,
        0.918893635
      ],
      [
        0.987365,
        0.152419463,
        -0.043343585
      ]
    ],
    "translation": [
      1.5544467,
      0.8581116,
      -0.7788695
    ]
  },
  {
    "timeStamp": 29649,
    "rotation": [
      [
        0.0367612131,
        0.9233814,
        0.3821195
      ],
      [
        0.131876588,
        -0.383516341,
        0.9140699
      ],
      [
        0.9905842,
        0.0167903025,
        -0.135870919
      ]
    ],
    "translation": [
      1.6075846,
      0.872414231,
      -0.7590172
    ]
  },
  {
    "timeStamp": 29705,
    "rotation": [
      [
        0.2371115,
        0.9111957,
        0.336898357
      ],
      [
        0.1807564,
        -0.382112026,
        0.9062657
      ],
      [
        0.9545183,
        -0.153989464,
        -0.2553076
      ]
    ],
    "translation": [
      1.6836071,
      0.890495241,
      -0.733409941
    ]
  },
  {
    "timeStamp": 29749,
    "rotation": [
      [
        0.368769139,
        0.888773441,
        0.27219668
      ],
      [
        0.224991947,
        -0.369475663,
        0.901591
      ],
      [
        0.9018802,
        -0.271236867,
        -0.3362181
      ]
    ],
    "translation": [
      1.74788547,
      0.9036403,
      -0.7177282
    ]
  },
  {
    "timeStamp": 29805,
    "rotation": [
      [
        0.5011668,
        0.8463442,
        0.180370152
      ],
      [
        0.2833996,
        -0.3574667,
        0.8898889
      ],
      [
        0.8176286,
        -0.39486593,
        -0.419004053
      ]
    ],
    "translation": [
      1.82871342,
      0.918732345,
      -0.70285356
    ]
  },
  {
    "timeStamp": 29849,
    "rotation": [
      [
        0.579560935,
        0.811300635,
        0.07681435
      ],
      [
        0.347225666,
        -0.331115067,
        0.877380848
      ],
      [
        0.737254,
        -0.481823742,
        -0.473605752
      ]
    ],
    "translation": [
      1.89280021,
      0.9284738,
      -0.694897354
    ]
  },
  {
    "timeStamp": 29905,
    "rotation": [
      [
        0.6429734,
        0.765859544,
        -0.006654616
      ],
      [
        0.384965748,
        -0.3156602,
        0.8672716
      ],
      [
        0.662107646,
        -0.5601944,
        -0.4977908
      ]
    ],
    "translation": [
      1.96148551,
      0.932933,
      -0.6911037
    ]
  },
  {
    "timeStamp": 29949,
    "rotation": [
      [
        0.674384058,
        0.7376447,
        -0.0329611637
      ],
      [
        0.3878631,
        -0.315908134,
        0.8658893
      ],
      [
        0.628306,
        -0.596726358,
        -0.499148577
      ]
    ],
    "translation": [
      2.00293851,
      0.93187,
      -0.6909195
    ]
  },
  {
    "timeStamp": 29999,
    "rotation": [
      [
        0.682981551,
        0.72591877,
        -0.08110538
      ],
      [
        0.421140939,
        -0.300622553,
        0.855725646
      ],
      [
        0.5968052,
        -0.6186016,
        -0.5110338
      ]
    ],
    "translation": [
      2.03810382,
      0.931517,
      -0.688941061
    ]
  },
  {
    "timeStamp": 30055,
    "rotation": [
      [
        0.685775459,
        0.7165736,
        -0.1274137
      ],
      [
        0.4573665,
        -0.28811568,
        0.841311634
      ],
      [
        0.5661518,
        -0.635225654,
        -0.5253194
      ]
    ],
    "translation": [
      2.08008838,
      0.9296161,
      -0.6855249
    ]
  },
  {
    "timeStamp": 30099,
    "rotation": [
      [
        0.6996207,
        0.7031871,
        -0.126722947
      ],
      [
        0.440166026,
        -0.284452319,
        0.8516694
      ],
      [
        0.5628363,
        -0.6516247,
        -0.5085278
      ]
    ],
    "translation": [
      2.1001687,
      0.922565639,
      -0.685260952
    ]
  },
  {
    "timeStamp": 30155,
    "rotation": [
      [
        0.7119611,
        0.6975035,
        -0.08124188
      ],
      [
        0.388060957,
        -0.294380277,
        0.873355
      ],
      [
        0.585252166,
        -0.653321564,
        -0.4802612
      ]
    ],
    "translation": [
      2.11122227,
      0.9111441,
      -0.6878984
    ]
  },
  {
    "timeStamp": 30199,
    "rotation": [
      [
        0.7240656,
        0.688673,
        -0.0381894074
      ],
      [
        0.349222243,
        -0.318297058,
        0.881323338
      ],
      [
        0.594788,
        -0.6514725,
        -0.470967859
      ]
    ],
    "translation": [
      2.11509562,
      0.9029776,
      -0.6914345
    ]
  },
  {
    "timeStamp": 30255,
    "rotation": [
      [
        0.743829548,
        0.6669782,
        0.043100547
      ],
      [
        0.2868924,
        -0.376861781,
        0.880720139
      ],
      [
        0.6036641,
        -0.6427405,
        -0.4716719
      ]
    ],
    "translation": [
      2.11082745,
      0.893578,
      -0.6985984
    ]
  },
  {
    "timeStamp": 30299,
    "rotation": [
      [
        0.7507261,
        0.658345461,
        0.0546952337
      ],
      [
        0.279103041,
        -0.391128063,
        0.8769951
      ],
      [
        0.5987586,
        -0.6431175,
        -0.477376252
      ]
    ],
    "translation": [
      2.109745,
      0.8841948,
      -0.703642845
    ]
  },
  {
    "timeStamp": 30355,
    "rotation": [
      [
        0.7400485,
        0.668837845,
        0.07059815
      ],
      [
        0.286746085,
        -0.4087313,
        0.8664383
      ],
      [
        0.608362436,
        -0.6209627,
        -0.494267642
      ]
    ],
    "translation": [
      2.105603,
      0.872693539,
      -0.7074993
    ]
  },
  {
    "timeStamp": 30399,
    "rotation": [
      [
        0.703434765,
        0.709407866,
        0.0438177
      ],
      [
        0.3527533,
        -0.40197438,
        0.844974339
      ],
      [
        0.617045045,
        -0.5789275,
        -0.533008754
      ]
    ],
    "translation": [
      2.10379362,
      0.863576353,
      -0.7057671
    ]
  },
  {
    "timeStamp": 30455,
    "rotation": [
      [
        0.658890069,
        0.7518453,
        0.0243421178
      ],
      [
        0.411903471,
        -0.3876765,
        0.8246469
      ],
      [
        0.629443765,
        -0.533325,
        -0.5651239
      ]
    ],
    "translation": [
      2.10113955,
      0.8500565,
      -0.7023368
    ]
  },
  {
    "timeStamp": 30500,
    "rotation": [
      [
        0.6637359,
        0.7460864,
        0.05300608
      ],
      [
        0.418041,
        -0.42879647,
        0.8008591
      ],
      [
        0.6202389,
        -0.509400249,
        -0.596502364
      ]
    ],
    "translation": [
      2.0978024,
      0.8456956,
      -0.6967641
    ]
  },
  {
    "timeStamp": 30546,
    "rotation": [
      [
        0.6499334,
        0.7576579,
        0.0595072545
      ],
      [
        0.43300724,
        -0.433512747,
        0.790298343
      ],
      [
        0.624572933,
        -0.48787424,
        -0.6098258
      ]
    ],
    "translation": [
      2.09572649,
      0.8394623,
      -0.6922101
    ]
  },
  {
    "timeStamp": 30603,
    "rotation": [
      [
        0.638132751,
        0.7674641,
        0.0615263022
      ],
      [
        0.445396155,
        -0.433157235,
        0.783579648
      ],
      [
        0.6280198,
        -0.472624242,
        -0.6182374
      ]
    ],
    "translation": [
      2.093888,
      0.8308527,
      -0.6876488
    ]
  },
  {
    "timeStamp": 30649,
    "rotation": [
      [
        0.653237,
        0.753047466,
        0.07874639
      ],
      [
        0.436982572,
        -0.459897637,
        0.7730074
      ],
      [
        0.618326545,
        -0.470546246,
        -0.629490733
      ]
    ],
    "translation": [
      2.09329057,
      0.8256229,
      -0.6838631
    ]
  },
  {
    "timeStamp": 30704,
    "rotation": [
      [
        0.6484555,
        0.7542394,
        0.103094414
      ],
      [
        0.4306415,
        -0.4751273,
        0.7673343
      ],
      [
        0.627736747,
        -0.45318538,
        -0.6329057
      ]
    ],
    "translation": [
      2.08834124,
      0.8192242,
      -0.6805503
    ]
  },
  {
    "timeStamp": 30749,
    "rotation": [
      [
        0.6427098,
        0.7571966,
        0.1165227
      ],
      [
        0.43960315,
        -0.489069164,
        0.7533661
      ],
      [
        0.6274339,
        -0.432972044,
        -0.6471955
      ]
    ],
    "translation": [
      2.083654,
      0.817327142,
      -0.676632345
    ]
  },
  {
    "timeStamp": 30804,
    "rotation": [
      [
        0.6304702,
        0.7652084,
        0.130243257
      ],
      [
        0.447833031,
        -0.4956405,
        0.744168043
      ],
      [
        0.6339975,
        -0.4108486,
        -0.6551722
      ]
    ],
    "translation": [
      2.08068371,
      0.814985156,
      -0.672303
    ]
  },
  {
    "timeStamp": 30848,
    "rotation": [
      [
        0.616451442,
        0.7646763,
        0.1877706
      ],
      [
        0.424086,
        -0.5233664,
        0.7390796
      ],
      [
        0.663429439,
        -0.375975817,
        -0.6469185
      ]
    ],
    "translation": [
      2.079117,
      0.814271748,
      -0.6715459
    ]
  },
  {
    "timeStamp": 30904,
    "rotation": [
      [
        0.5880385,
        0.763112664,
        0.2680856
      ],
      [
        0.390276879,
        -0.5580108,
        0.7323305
      ],
      [
        0.7084453,
        -0.326010942,
        -0.625957
      ]
    ],
    "translation": [
      2.07674742,
      0.81340915,
      -0.670843959
    ]
  },
  {
    "timeStamp": 30948,
    "rotation": [
      [
        0.5948552,
        0.71530515,
        0.366723239
      ],
      [
        0.308227539,
        -0.624321163,
        0.7177875
      ],
      [
        0.742390156,
        -0.3139454,
        -0.591857433
      ]
    ],
    "translation": [
      2.07458758,
      0.8120949,
      -0.671151
    ]
  }
]