[
  {
    "timeStamp": 46274,
    "rotation": [
      [
        0.9991816,
        0.00155082776,
        -0.04041883
      ],
      [
        0.0341970958,
        0.5012792,
        0.8646096
      ],
      [
        0.0216019768,
        -0.865284264,
        0.5008159
      ]
    ],
    "translation": [
      1.1522615,
      0.7155538,
      -0.4964392
    ]
  },
  {
    "timeStamp": 46320,
    "rotation": [
      [
        0.999868155,
        0.0137332808,
        -0.008662912
      ],
      [
        0.00170811324,
        0.4415972,
        0.8972118
      ],
      [
        0.01614718,
        -0.8971083,
        0.441515535
      ]
    ],
    "translation": [
      1.15352917,
      0.7176076,
      -0.493921131
    ]
  },
  {
    "timeStamp": 46374,
    "rotation": [
      [
        0.999573767,
        0.00888097,
        0.0278097931
      ],
      [
        -0.0291747879,
        0.337923735,
        0.9407212
      ],
      [
        -0.00104306964,
        -0.9411316,
        0.338038832
      ]
    ],
    "translation": [
      1.16132283,
      0.735267639,
      -0.492155254
    ]
  },
  {
    "timeStamp": 46419,
    "rotation": [
      [
        0.997440457,
        0.05406673,
        0.0467893742
      ],
      [
        -0.06151725,
        0.315383255,
        0.9469683
      ],
      [
        0.036442887,
        -0.947422862,
        0.317902058
      ]
    ],
    "translation": [
      1.17032623,
      0.754126966,
      -0.5093818
    ]
  },
  {
    "timeStamp": 46474,
    "rotation": [
      [
        0.9896927,
        0.105643019,
        0.096685186
      ],
      [
        -0.126848266,
        0.333327621,
        0.934238851
      ],
      [
        0.06646797,
        -0.9368737,
        0.3432925
      ]
    ],
    "translation": [
      1.19046879,
      0.7792891,
      -0.543201864
    ]
  },
  {
    "timeStamp": 46519,
    "rotation": [
      [
        0.9791674,
        0.160283431,
        0.124661088
      ],
      [
        -0.174668714,
        0.3517961,
        0.919636
      ],
      [
        0.103547141,
        -0.922252,
        0.372463763
      ]
    ],
    "translation": [
      1.2131542,
      0.7986423,
      -0.579223037
    ]
  },
  {
    "timeStamp": 46574,
    "rotation": [
      [
        0.963983059,
        0.230892822,
        0.1320044
      ],
      [
        -0.215283856,
        0.38596487,
        0.8970418
      ],
      [
        0.156171456,
        -0.8931515,
        0.421771049
      ]
    ],
    "translation": [
      1.24875915,
      0.816271663,
      -0.6315094
    ]
  },
  {
    "timeStamp": 46619,
    "rotation": [
      [
        0.950125635,
        0.291650683,
        0.110458866
      ],
      [
        -0.2376126,
        0.447573543,
        0.862101
      ],
      [
        0.201993868,
        -0.8453507,
        0.494550973
      ]
    ],
    "translation": [
      1.28281689,
      0.82467556,
      -0.6802835
    ]
  },
  {
    "timeStamp": 46674,
    "rotation": [
      [
        0.9443329,
        0.318075627,
        0.0840435848
      ],
      [
        -0.239709809,
        0.490262121,
        0.837963164
      ],
      [
        0.225332275,
        -0.8114622,
        0.539216459
      ]
    ],
    "translation": [
      1.33235908,
      0.8304869,
      -0.7337039
    ]
  },
  {
    "timeStamp": 46719,
    "rotation": [
      [
        0.944395,
        0.3184103,
        0.0820542
      ],
      [
        -0.249371693,
        0.5309173,
        0.8099016
      ],
      [
        0.214317039,
        -0.785329,
        0.580798149
      ]
    ],
    "translation": [
      1.37256289,
      0.8348847,
      -0.769805
    ]
  },
  {
    "timeStamp": 46774,
    "rotation": [
      [
        0.960963249,
        0.260159,
        0.09416407
      ],
      [
        -0.2298176,
        0.561055362,
        0.7952363
      ],
      [
        0.1540566,
        -0.7858334,
        0.5989427
      ]
    ],
    "translation": [
      1.424644,
      0.8371163,
      -0.8009495
    ]
  },
  {
    "timeStamp": 46819,
    "rotation": [
      [
        0.9702512,
        0.194966123,
        0.143529788
      ],
      [
        -0.232927039,
        0.590098858,
        0.7729995
      ],
      [
        0.06601194,
        -0.7834357,
        0.617957
      ]
    ],
    "translation": [
      1.46510112,
      0.84233,
      -0.81658864
    ]
  },
  {
    "timeStamp": 46874,
    "rotation": [
      [
        0.9710534,
        0.0994194,
        0.217189014
      ],
      [
        -0.233229756,
        0.5909383,
        0.7722666
      ],
      [
        -0.05156703,
        -0.8005671,
        0.597020268
      ]
    ],
    "translation": [
      1.51438379,
      0.852067232,
      -0.8233064
    ]
  },
  {
    "timeStamp": 46919,
    "rotation": [
      [
        0.961398,
        0.018697923,
        0.274525464
      ],
      [
        -0.236232147,
        0.5676785,
        0.7886289
      ],
      [
        -0.141096473,
        -0.823038,
        0.5501821
      ]
    ],
    "translation": [
      1.55351567,
      0.8614952,
      -0.81933707
    ]
  },
  {
    "timeStamp": 46974,
    "rotation": [
      [
        0.929120839,
        -0.105239533,
        0.354484379
      ],
      [
        -0.246782631,
        0.537440062,
        0.8063848
      ],
      [
        -0.275377721,
        -0.8367095,
        0.473375469
      ]
    ],
    "translation": [
      1.60634851,
      0.875187159,
      -0.806757748
    ]
  },
  {
    "timeStamp": 47019,
    "rotation": [
      [
        0.8925767,
        -0.198892772,
        0.4046585
      ],
      [
        -0.259126335,
        0.508181155,
        0.82134366
      ],
      [
        -0.368999153,
        -0.8379699,
        0.402052343
      ]
    ],
    "translation": [
      1.65005553,
      0.88672936,
      -0.7937233
    ]
  },
  {
    "timeStamp": 47074,
    "rotation": [
      [
        0.835538447,
        -0.306165218,
        0.456221849
      ],
      [
        -0.2881936,
        0.46273616,
        0.8383434
      ],
      [
        -0.467781961,
        -0.8319484,
        0.298399
      ]
    ],
    "translation": [
      1.70599759,
      0.9030101,
      -0.7759004
    ]
  },
  {
    "timeStamp": 47117,
    "rotation": [
      [
        0.7884342,
        -0.389483154,
        0.476103216
      ],
      [
        -0.3063077,
        0.422616363,
        0.8529777
      ],
      [
        -0.5334295,
        -0.8183509,
        0.213903517
      ]
    ],
    "translation": [
      1.751383,
      0.91519475,
      -0.7621534
    ]
  },
  {
    "timeStamp": 47173,
    "rotation": [
      [
        0.7299226,
        -0.4787982,
        0.4878168
      ],
      [
        -0.334480077,
        0.3721899,
        0.8657931
      ],
      [
        -0.596100748,
        -0.795127,
        0.111521341
      ]
    ],
    "translation": [
      1.80656421,
      0.9314316,
      -0.747472942
    ]
  },
  {
    "timeStamp": 47217,
    "rotation": [
      [
        0.684244037,
        -0.542566955,
        0.487269044
      ],
      [
        -0.3578833,
        0.3323477,
        0.872619331
      ],
      [
        -0.6353972,
        -0.77147007,
        0.03323129
      ]
    ],
    "translation": [
      1.84990907,
      0.944345951,
      -0.73831445
    ]
  },
  {
    "timeStamp": 47273,
    "rotation": [
      [
        0.6225214,
        -0.621488869,
        0.475624442
      ],
      [
        -0.3944356,
        0.275749981,
        0.8765743
      ],
      [
        -0.6759346,
        -0.73328954,
        -0.0734771
      ]
    ],
    "translation": [
      1.90460837,
      0.95986706,
      -0.7295883
    ]
  },
  {
    "timeStamp": 47317,
    "rotation": [
      [
        0.575260341,
        -0.684274554,
        0.448156148
      ],
      [
        -0.412876546,
        0.230063573,
        0.8812512
      ],
      [
        -0.70612216,
        -0.691982031,
        -0.150174469
      ]
    ],
    "translation": [
      1.94937766,
      0.9688307,
      -0.7262161
    ]
  },
  {
    "timeStamp": 47373,
    "rotation": [
      [
        0.490523368,
        -0.7743186,
        0.399771839
      ],
      [
        -0.419762284,
        0.192072928,
        0.8870781
      ],
      [
        -0.763666451,
        -0.6029417,
        -0.230813488
      ]
    ],
    "translation": [
      2.00959468,
      0.9736864,
      -0.7271818
    ]
  },
  {
    "timeStamp": 47423,
    "rotation": [
      [
        0.406965375,
        -0.8306545,
        0.379989952
      ],
      [
        -0.4297573,
        0.192964658,
        0.882084668
      ],
      [
        -0.8060322,
        -0.522281349,
        -0.2784499
      ]
    ],
    "translation": [
      2.05375338,
      0.9709209,
      -0.732651234
    ]
  },
  {
    "timeStamp": 47469,
    "rotation": [
      [
        0.322130054,
        -0.874196649,
        0.363335043
      ],
      [
        -0.404827833,
        0.219731644,
        0.88759923
      ],
      [
        -0.8557725,
        -0.433010548,
        -0.283117
      ]
    ],
    "translation": [
      2.098816,
      0.957056046,
      -0.743877
    ]
  },
  {
    "timeStamp": 47524,
    "rotation": [
      [
        0.261623025,
        -0.870798767,
        0.416248679
      ],
      [
        -0.358762562,
        0.312629849,
        0.879518032
      ],
      [
        -0.896015,
        -0.379436642,
        -0.2306188
      ]
    ],
    "translation": [
      2.12490153,
      0.930176258,
      -0.7594381
    ]
  },
  {
    "timeStamp": 47569,
    "rotation": [
      [
        0.135244638,
        -0.7877882,
        0.6009148
      ],
      [
        -0.402048767,
        0.5106782,
        0.7599767
      ],
      [
        -0.905574739,
        -0.3443798,
        -0.247662812
      ]
    ],
    "translation": [
      2.12752366,
      0.9082274,
      -0.7689058
    ]
  },
  {
    "timeStamp": 47624,
    "rotation": [
      [
        0.075620994,
        -0.7512553,
        0.6556653
      ],
      [
        -0.382093638,
        0.5855251,
        0.714957952
      ],
      [
        -0.9210244,
        -0.304591358,
        -0.242771879
      ]
    ],
    "translation": [
      2.128914,
      0.8831858,
      -0.7782103
    ]
  },
  {
    "timeStamp": 47669,
    "rotation": [
      [
        0.1392212,
        -0.7413345,
        0.6565368
      ],
      [
        -0.414962977,
        0.5583009,
        0.718405068
      ],
      [
        -0.899123549,
        -0.3724557,
        -0.229899049
      ]
    ],
    "translation": [
      2.1212728,
      0.870047867,
      -0.778560758
    ]
  },
  {
    "timeStamp": 47724,
    "rotation": [
      [
        0.143685684,
        -0.7172619,
        0.68182826
      ],
      [
        -0.414906472,
        0.5818386,
        0.6995116
      ],
      [
        -0.898447037,
        -0.383404762,
        -0.213994727
      ]
    ],
    "translation": [
      2.11113644,
      0.8508992,
      -0.7787114
    ]
  },
  {
    "timeStamp": 47769,
    "rotation": [
      [
        0.161665663,
        -0.7078724,
        0.6875906
      ],
      [
        -0.388615042,
        0.594790757,
        0.7037061
      ],
      [
        -0.9071067,
        -0.3809732,
        -0.178932622
      ]
    ],
    "translation": [
      2.10530972,
      0.83590585,
      -0.7779876
    ]
  },
  {
    "timeStamp": 47824,
    "rotation": [
      [
        0.208146214,
        -0.690444,
        0.692793
      ],
      [
        -0.3612803,
        0.6039446,
        0.7104417
      ],
      [
        -0.9089288,
        -0.398168236,
        -0.123735033
      ]
    ],
    "translation": [
      2.09582329,
      0.8208637,
      -0.7772337
    ]
  },
  {
    "timeStamp": 47870,
    "rotation": [
      [
        0.260208845,
        -0.668314457,
        0.6968838
      ],
      [
        -0.3182758,
        0.622039437,
        0.7153792
      ],
      [
        -0.911587536,
        -0.407949239,
        -0.05084816
      ]
    ],
    "translation": [
      2.08601,
      0.8090683,
      -0.77758
    ]
  },
  {
    "timeStamp": 47927,
    "rotation": [
      [
        0.2747677,
        -0.6463726,
        0.7118323
      ],
      [
        -0.307328761,
        0.6424513,
        0.702001
      ],
      [
        -0.9110718,
        -0.411653727,
        -0.02212403
      ]
    ],
    "translation": [
      2.076903,
      0.800369561,
      -0.777479351
    ]
  },
  {
    "timeStamp": 47972,
    "rotation": [
      [
        0.3084912,
        -0.640019834,
        0.70370996
      ],
      [
        -0.288817048,
        0.641845345,
        0.710365534
      ],
      [
        -0.906321049,
        -0.422384977,
        0.0131550077
      ]
    ],
    "translation": [
      2.071602,
      0.7956832,
      -0.7773481
    ]
  },
  {
    "timeStamp": 48017,
    "rotation": [
      [
        0.354580224,
        -0.654809058,
        0.6674563
      ],
      [
        -0.227894932,
        0.631787658,
        0.7408834
      ],
      [
        -0.906827867,
        -0.4148125,
        0.0747917444
      ]
    ],
    "translation": [
      2.069519,
      0.788242161,
      -0.779788435
    ]
  }
]