[
  {
    "timeStamp": 51837,
    "rotation": [
      [
        0.8636246,
        -0.5040516,
        -0.00919853151
      ],
      [
        -0.00494469469,
        -0.0267145168,
        0.999630868
      ],
      [
        -0.50411135,
        -0.863260269,
        -0.0255636945
      ]
    ],
    "translation": [
      1.779149,
      0.704224,
      -0.542336345
    ]
  },
  {
    "timeStamp": 51881,
    "rotation": [
      [
        0.854387343,
        -0.5196301,
        0.002602249
      ],
      [
        -0.0246668253,
        -0.0355545469,
        0.999063253
      ],
      [
        -0.5190508,
        -0.8536512,
        -0.04319498
      ]
    ],
    "translation": [
      1.78008187,
      0.7063434,
      -0.542469263
    ]
  },
  {
    "timeStamp": 51936,
    "rotation": [
      [
        0.846293747,
        -0.5323918,
        0.0186003987
      ],
      [
        -0.05055611,
        -0.0455078445,
        0.9976839
      ],
      [
        -0.53031224,
        -0.845274031,
        -0.06542866
      ]
    ],
    "translation": [
      1.77919221,
      0.7170376,
      -0.541757762
    ]
  },
  {
    "timeStamp": 51981,
    "rotation": [
      [
        0.8393466,
        -0.542561,
        0.0335388668
      ],
      [
        -0.08104447,
        -0.0638907254,
        0.9946606
      ],
      [
        -0.537521243,
        -0.8375831,
        -0.09759803
      ]
    ],
    "translation": [
      1.77889371,
      0.7349145,
      -0.5404487
    ]
  },
  {
    "timeStamp": 52037,
    "rotation": [
      [
        0.812302947,
        -0.579166353,
        0.06877721
      ],
      [
        -0.141312838,
        -0.08103071,
        0.986643136
      ],
      [
        -0.5658574,
        -0.811172247,
        -0.147665113
      ]
    ],
    "translation": [
      1.78373337,
      0.7680448,
      -0.5398712
    ]
  },
  {
    "timeStamp": 52081,
    "rotation": [
      [
        0.7711784,
        -0.6293258,
        0.09608781
      ],
      [
        -0.198830187,
        -0.09471248,
        0.975446641
      ],
      [
        -0.604773045,
        -0.771348536,
        -0.1981692
      ]
    ],
    "translation": [
      1.79789019,
      0.8002887,
      -0.5388665
    ]
  },
  {
    "timeStamp": 52136,
    "rotation": [
      [
        0.7091266,
        -0.6969553,
        0.106736682
      ],
      [
        -0.271011949,
        -0.129672825,
        0.9538016
      ],
      [
        -0.6509162,
        -0.705293,
        -0.280837655
      ]
    ],
    "translation": [
      1.82902253,
      0.844562531,
      -0.5392145
    ]
  },
  {
    "timeStamp": 52181,
    "rotation": [
      [
        0.637420833,
        -0.764210045,
        0.0983750746
      ],
      [
        -0.326385051,
        -0.152143136,
        0.93291223
      ],
      [
        -0.6979738,
        -0.626765847,
        -0.346405923
      ]
    ],
    "translation": [
      1.86743462,
      0.8793764,
      -0.543690264
    ]
  },
  {
    "timeStamp": 52236,
    "rotation": [
      [
        0.555477142,
        -0.8311557,
        0.025005782
      ],
      [
        -0.373840153,
        -0.222757071,
        0.9003459
      ],
      [
        -0.74275744,
        -0.509469748,
        -0.434455842
      ]
    ],
    "translation": [
      1.92830265,
      0.923246741,
      -0.5531455
    ]
  },
  {
    "timeStamp": 52281,
    "rotation": [
      [
        0.4949224,
        -0.8671127,
        -0.0562801436
      ],
      [
        -0.403799266,
        -0.286860555,
        0.868710041
      ],
      [
        -0.769414067,
        -0.407218158,
        -0.492113173
      ]
    ],
    "translation": [
      1.98165011,
      0.9564767,
      -0.564932942
    ]
  },
  {
    "timeStamp": 52336,
    "rotation": [
      [
        0.429308772,
        -0.8909845,
        -0.147786126
      ],
      [
        -0.421543926,
        -0.342392147,
        0.8396835
      ],
      [
        -0.798745751,
        -0.29818514,
        -0.522581041
      ]
    ],
    "translation": [
      2.045087,
      0.9865779,
      -0.5820538
    ]
  },
  {
    "timeStamp": 52381,
    "rotation": [
      [
        0.404995948,
        -0.8940639,
        -0.191384837
      ],
      [
        -0.406126082,
        -0.363444656,
        0.8384328
      ],
      [
        -0.8191703,
        -0.2618355,
        -0.5102963
      ]
    ],
    "translation": [
      2.08440661,
      0.9969803,
      -0.5936336
    ]
  },
  {
    "timeStamp": 52436,
    "rotation": [
      [
        0.4277929,
        -0.8752477,
        -0.22568737
      ],
      [
        -0.323559135,
        -0.381428182,
        0.8659227
      ],
      [
        -0.8439804,
        -0.2974124,
        -0.446366638
      ]
    ],
    "translation": [
      2.1180048,
      0.9911798,
      -0.59996
    ]
  },
  {
    "timeStamp": 52481,
    "rotation": [
      [
        0.4634981,
        -0.8583525,
        -0.220001265
      ],
      [
        -0.279908627,
        -0.3773975,
        0.88273567
      ],
      [
        -0.840726256,
        -0.347566038,
        -0.415183276
      ]
    ],
    "translation": [
      2.13570261,
      0.9845963,
      -0.597885
    ]
  },
  {
    "timeStamp": 52536,
    "rotation": [
      [
        0.540934,
        -0.8128599,
        -0.215984017
      ],
      [
        -0.2024118,
        -0.375066966,
        0.90462935
      ],
      [
        -0.8163454,
        -0.4456271,
        -0.367418945
      ]
    ],
    "translation": [
      2.150599,
      0.975909948,
      -0.589822352
    ]
  },
  {
    "timeStamp": 52581,
    "rotation": [
      [
        0.604547143,
        -0.782389343,
        -0.1496318
      ],
      [
        -0.1655347,
        -0.307138741,
        0.937157452
      ],
      [
        -0.7791797,
        -0.5417866,
        -0.315192431
      ]
    ],
    "translation": [
      2.15410471,
      0.962069869,
      -0.5808005
    ]
  },
  {
    "timeStamp": 52632,
    "rotation": [
      [
        0.6755981,
        -0.733177662,
        -0.07757423
      ],
      [
        -0.152384669,
        -0.241808921,
        0.958283544
      ],
      [
        -0.721350253,
        -0.6355934,
        -0.275090665
      ]
    ],
    "translation": [
      2.156719,
      0.949952066,
      -0.569625437
    ]
  },
  {
    "timeStamp": 52687,
    "rotation": [
      [
        0.791876435,
        -0.606824458,
        -0.06852509
      ],
      [
        -0.092428945,
        -0.230014756,
        0.968787968
      ],
      [
        -0.60364604,
        -0.760826647,
        -0.238231421
      ]
    ],
    "translation": [
      2.15603542,
      0.9401464,
      -0.55965966
    ]
  },
  {
    "timeStamp": 52731,
    "rotation": [
      [
        0.834496558,
        -0.5507989,
        0.01536686
      ],
      [
        -0.127015412,
        -0.165149733,
        0.978055537
      ],
      [
        -0.536174059,
        -0.8181358,
        -0.207776815
      ]
    ],
    "translation": [
      2.14837813,
      0.92966795,
      -0.5554439
    ]
  },
  {
    "timeStamp": 52787,
    "rotation": [
      [
        0.8764729,
        -0.480196327,
        0.0347383358
      ],
      [
        -0.09408274,
        -0.100067124,
        0.9905226
      ],
      [
        -0.472169161,
        -0.8714345,
        -0.132884309
      ]
    ],
    "translation": [
      2.152258,
      0.9090055,
      -0.5560651
    ]
  },
  {
    "timeStamp": 52831,
    "rotation": [
      [
        0.908532858,
        -0.413937449,
        0.0567788631
      ],
      [
        -0.0887069553,
        -0.0583062433,
        0.9943498
      ],
      [
        -0.408288062,
        -0.9084361,
        -0.08969227
      ]
    ],
    "translation": [
      2.1503644,
      0.893188953,
      -0.5587314
    ]
  },
  {
    "timeStamp": 52887,
    "rotation": [
      [
        0.92725724,
        -0.363462359,
        0.08993908
      ],
      [
        -0.102361828,
        -0.0150202541,
        0.994633853
      ],
      [
        -0.360161066,
        -0.931487739,
        -0.05113231
      ]
    ],
    "translation": [
      2.14587355,
      0.8733474,
      -0.5624293
    ]
  },
  {
    "timeStamp": 52931,
    "rotation": [
      [
        0.9395915,
        -0.33382234,
        0.07569942
      ],
      [
        -0.07743439,
        0.008126841,
        0.996964335
      ],
      [
        -0.333424151,
        -0.942600965,
        -0.01821342
      ]
    ],
    "translation": [
      2.14722514,
      0.853396,
      -0.5665084
    ]
  },
  {
    "timeStamp": 52988,
    "rotation": [
      [
        0.9482419,
        -0.310721159,
        0.06549607
      ],
      [
        -0.0551174432,
        0.0420755148,
        0.997593
      ],
      [
        -0.312729,
        -0.9495694,
        0.02277161
      ]
    ],
    "translation": [
      2.1487143,
      0.8287572,
      -0.571908
    ]
  },
  {
    "timeStamp": 53033,
    "rotation": [
      [
        0.959967256,
        -0.276637971,
        0.043980062
      ],
      [
        -0.0310937837,
        0.05079914,
        0.998224735
      ],
      [
        -0.27838102,
        -0.959630549,
        0.04016379
      ]
    ],
    "translation": [
      2.1478188,
      0.814078331,
      -0.57825
    ]
  },
  {
    "timeStamp": 53079,
    "rotation": [
      [
        0.962945461,
        -0.2675388,
        0.0340445526
      ],
      [
        -0.0167595912,
        0.06662785,
        0.997637153
      ],
      [
        -0.269174933,
        -0.9612407,
        0.05967515
      ]
    ],
    "translation": [
      2.14500332,
      0.7984257,
      -0.5819823
    ]
  },
  {
    "timeStamp": 53135,
    "rotation": [
      [
        0.9674418,
        -0.250471383,
        0.036337126
      ],
      [
        -0.0199901368,
        0.06750339,
        0.9975188
      ],
      [
        -0.2523028,
        -0.965767741,
        0.06029865
      ]
    ],
    "translation": [
      2.1454134,
      0.785625458,
      -0.5906594
    ]
  },
  {
    "timeStamp": 53180,
    "rotation": [
      [
        0.967218757,
        -0.248019755,
        0.0545351245
      ],
      [
        -0.0386870578,
        0.0683328,
        0.9969122
      ],
      [
        -0.2509805,
        -0.966342,
        0.0564976074
      ]
    ],
    "translation": [
      2.13376069,
      0.775463164,
      -0.592506647
    ]
  },
  {
    "timeStamp": 53236,
    "rotation": [
      [
        0.9716915,
        -0.230229378,
        0.05301003
      ],
      [
        -0.03632582,
        0.076113984,
        0.9964372
      ],
      [
        -0.233443931,
        -0.9701552,
        0.06559604
      ]
    ],
    "translation": [
      2.12645078,
      0.7654826,
      -0.5988106
    ]
  },
  {
    "timeStamp": 53281,
    "rotation": [
      [
        0.97320956,
        -0.2183027,
        0.07216037
      ],
      [
        -0.05721634,
        0.07402729,
        0.9956135
      ],
      [
        -0.222686946,
        -0.9730693,
        0.0595535822
      ]
    ],
    "translation": [
      2.11826158,
      0.763164639,
      -0.6010614
    ]
  },
  {
    "timeStamp": 53336,
    "rotation": [
      [
        0.970463932,
        -0.225012243,
        0.08700134
      ],
      [
        -0.069754526,
        0.0835089162,
        0.994062662
      ],
      [
        -0.230941653,
        -0.9707707,
        0.06534677
      ]
    ],
    "translation": [
      2.115131,
      0.755558968,
      -0.607091
    ]
  },
  {
    "timeStamp": 53380,
    "rotation": [
      [
        0.9680127,
        -0.234556571,
        0.08907646
      ],
      [
        -0.07160606,
        0.08199103,
        0.994057357
      ],
      [
        -0.240466163,
        -0.968638539,
        0.06257268
      ]
    ],
    "translation": [
      2.11605835,
      0.7527922,
      -0.6083286
    ]
  },
  {
    "timeStamp": 53436,
    "rotation": [
      [
        0.9648133,
        -0.244282648,
        0.09726895
      ],
      [
        -0.07549815,
        0.09697754,
        0.992418945
      ],
      [
        -0.251863658,
        -0.9648426,
        0.0751223341
      ]
    ],
    "translation": [
      2.11739039,
      0.748515546,
      -0.6119454
    ]
  },
  {
    "timeStamp": 53480,
    "rotation": [
      [
        0.9645988,
        -0.245451391,
        0.09645145
      ],
      [
        -0.0742048547,
        0.0983444154,
        0.992382
      ],
      [
        -0.253067,
        -0.9644076,
        0.07664922
      ]
    ],
    "translation": [
      2.11862755,
      0.7458638,
      -0.6145721
    ]
  },
  {
    "timeStamp": 53536,
    "rotation": [
      [
        0.9628324,
        -0.257207632,
        0.08244976
      ],
      [
        -0.0616667755,
        0.08786132,
        0.9942221
      ],
      [
        -0.262965649,
        -0.962353647,
        0.0687345639
      ]
    ],
    "translation": [
      2.121506,
      0.7436261,
      -0.615630865
    ]
  }
]