[
  {
    "timeStamp": 92885,
    "rotation": [
      [
        0.155416042,
        0.223474443,
        -0.9622396
      ],
      [
        0.554997861,
        0.7860572,
        0.272197545
      ],
      [
        0.817204535,
        -0.5763448,
        -0.00186192943
      ]
    ],
    "translation": [
      1.78309619,
      0.693091333,
      -0.468962282
    ]
  },
  {
    "timeStamp": 92929,
    "rotation": [
      [
        0.150909573,
        0.242720008,
        -0.958286643
      ],
      [
        0.5644587,
        0.774663568,
        0.285101116
      ],
      [
        0.8115495,
        -0.5839377,
        -0.020101279
      ]
    ],
    "translation": [
      1.783169,
      0.698060632,
      -0.4687599
    ]
  },
  {
    "timeStamp": 92984,
    "rotation": [
      [
        0.12070176,
        0.114329383,
        -0.9860831
      ],
      [
        0.7780188,
        0.6060496,
        0.16550079
      ],
      [
        0.6165369,
        -0.78716743,
        -0.0157991555
      ]
    ],
    "translation": [
      1.79552,
      0.730184,
      -0.452360153
    ]
  },
  {
    "timeStamp": 93029,
    "rotation": [
      [
        0.133682877,
        0.156837508,
        -0.9785351
      ],
      [
        0.8026415,
        0.562025964,
        0.199733436
      ],
      [
        0.5812878,
        -0.8121138,
        -0.05075105
      ]
    ],
    "translation": [
      1.79351866,
      0.7637872,
      -0.454031825
    ]
  },
  {
    "timeStamp": 93084,
    "rotation": [
      [
        0.16741392,
        0.16792953,
        -0.971479356
      ],
      [
        0.829652846,
        0.5083194,
        0.230841
      ],
      [
        0.5325868,
        -0.8446366,
        -0.0542234778
      ]
    ],
    "translation": [
      1.805533,
      0.80579865,
      -0.4648405
    ]
  },
  {
    "timeStamp": 93129,
    "rotation": [
      [
        0.2025749,
        0.1587584,
        -0.96631217
      ],
      [
        0.851590037,
        0.458630621,
        0.253874719
      ],
      [
        0.483485073,
        -0.8743304,
        -0.04229003
      ]
    ],
    "translation": [
      1.82438445,
      0.8406384,
      -0.472373247
    ]
  },
  {
    "timeStamp": 93184,
    "rotation": [
      [
        0.225064188,
        0.09983137,
        -0.969216049
      ],
      [
        0.8886898,
        0.386798263,
        0.24620606
      ],
      [
        0.39947018,
        -0.916744649,
        -0.00166468392
      ]
    ],
    "translation": [
      1.86533844,
      0.8826655,
      -0.4817138
    ]
  },
  {
    "timeStamp": 93229,
    "rotation": [
      [
        0.235235631,
        0.0175175387,
        -0.971780539
      ],
      [
        0.9168353,
        0.327871,
        0.22784552
      ],
      [
        0.322609931,
        -0.944560051,
        0.0610662475
      ]
    ],
    "translation": [
      1.91248739,
      0.9140239,
      -0.486128718
    ]
  },
  {
    "timeStamp": 93284,
    "rotation": [
      [
        0.2389446,
        -0.109044023,
        -0.964891136
      ],
      [
        0.9406538,
        0.272601634,
        0.202135324
      ],
      [
        0.240989253,
        -0.95592767,
        0.167709365
      ]
    ],
    "translation": [
      1.97892714,
      0.9426978,
      -0.4967326
    ]
  },
  {
    "timeStamp": 93329,
    "rotation": [
      [
        0.230804041,
        -0.22225301,
        -0.947276652
      ],
      [
        0.9528731,
        0.248625159,
        0.1738344
      ],
      [
        0.1968816,
        -0.9427562,
        0.2691626
      ]
    ],
    "translation": [
      2.037445,
      0.9553321,
      -0.506560862
    ]
  },
  {
    "timeStamp": 93384,
    "rotation": [
      [
        0.21867989,
        -0.323766977,
        -0.920518339
      ],
      [
        0.951673269,
        0.2792255,
        0.12787123
      ],
      [
        0.215631723,
        -0.903995633,
        0.3691814
      ]
    ],
    "translation": [
      2.100465,
      0.9504506,
      -0.521608
    ]
  },
  {
    "timeStamp": 93429,
    "rotation": [
      [
        0.223001048,
        -0.378660381,
        -0.8982688
      ],
      [
        0.9437829,
        0.314528853,
        0.101712286
      ],
      [
        0.24401705,
        -0.870452762,
        0.42751345
      ]
    ],
    "translation": [
      2.1415925,
      0.935596466,
      -0.5338505
    ]
  },
  {
    "timeStamp": 93495,
    "rotation": [
      [
        0.210188985,
        -0.41580835,
        -0.8848299
      ],
      [
        0.9252626,
        0.376919866,
        0.04266761
      ],
      [
        0.315768421,
        -0.8276683,
        0.4639563
      ]
    ],
    "translation": [
      2.17811847,
      0.912385941,
      -0.5468096
    ]
  },
  {
    "timeStamp": 93535,
    "rotation": [
      [
        0.211465344,
        -0.4449687,
        -0.870221436
      ],
      [
        0.9097342,
        0.415097564,
        0.00881595351
      ],
      [
        0.357303947,
        -0.793534458,
        0.492582
      ]
    ],
    "translation": [
      2.20369935,
      0.890629232,
      -0.552865744
    ]
  },
  {
    "timeStamp": 93579,
    "rotation": [
      [
        0.2689227,
        -0.42619136,
        -0.863737
      ],
      [
        0.8808802,
        0.471507221,
        0.04160568
      ],
      [
        0.389526218,
        -0.7720375,
        0.502222538
      ]
    ],
    "translation": [
      2.21220136,
      0.8710605,
      -0.55604434
    ]
  },
  {
    "timeStamp": 93635,
    "rotation": [
      [
        0.253772348,
        -0.432886451,
        -0.8649907
      ],
      [
        0.863019466,
        0.5051705,
        0.0003803412
      ],
      [
        0.4368032,
        -0.74660033,
        0.5017877
      ]
    ],
    "translation": [
      2.22100163,
      0.849161,
      -0.5585068
    ]
  },
  {
    "timeStamp": 93680,
    "rotation": [
      [
        0.2649317,
        -0.41236034,
        -0.871647954
      ],
      [
        0.844015539,
        0.536311448,
        0.00281411433
      ],
      [
        0.466314316,
        -0.73643,
        0.4901244
      ]
    ],
    "translation": [
      2.22166228,
      0.832507551,
      -0.558930457
    ]
  },
  {
    "timeStamp": 93734,
    "rotation": [
      [
        0.281858861,
        -0.39296928,
        -0.875288963
      ],
      [
        0.8219356,
        0.5695095,
        0.008991422
      ],
      [
        0.494952,
        -0.721965432,
        0.483516723
      ]
    ],
    "translation": [
      2.22041035,
      0.814664066,
      -0.5589886
    ]
  },
  {
    "timeStamp": 93779,
    "rotation": [
      [
        0.280960262,
        -0.389207155,
        -0.8772566
      ],
      [
        0.8106964,
        0.585466743,
        -0.000107586384
      ],
      [
        0.5136464,
        -0.7111585,
        0.480021745
      ]
    ],
    "translation": [
      2.220985,
      0.804575264,
      -0.560611665
    ]
  },
  {
    "timeStamp": 93835,
    "rotation": [
      [
        0.2898783,
        -0.392837942,
        -0.87272495
      ],
      [
        0.811647654,
        0.5841092,
        0.00666738953
      ],
      [
        0.5071475,
        -0.7102779,
        0.4881666
      ]
    ],
    "translation": [
      2.22072744,
      0.8033092,
      -0.5599752
    ]
  }
]