[
  {
    "timeStamp": 69084,
    "rotation": [
      [
        -0.10495691,
        -0.025759697,
        0.994143069
      ],
      [
        0.3620047,
        0.930090845,
        0.06231875
      ],
      [
        -0.92624867,
        0.366425246,
        -0.08829433
      ]
    ],
    "translation": [
      1.13346422,
      0.700871348,
      -0.657968462
    ]
  },
  {
    "timeStamp": 69129,
    "rotation": [
      [
        -0.102663711,
        -0.008250502,
        0.9946819
      ],
      [
        0.341447979,
        0.9389152,
        0.0430296734
      ],
      [
        -0.934276938,
        0.3440497,
        -0.0935754
      ]
    ],
    "translation": [
      1.133864,
      0.7071951,
      -0.655210257
    ]
  },
  {
    "timeStamp": 69184,
    "rotation": [
      [
        -0.08874705,
        0.0171655659,
        0.9959063
      ],
      [
        0.34195742,
        0.939606965,
        0.0142772747
      ],
      [
        -0.9355154,
        0.341824621,
        -0.08925724
      ]
    ],
    "translation": [
      1.1371212,
      0.7225284,
      -0.6583948
    ]
  },
  {
    "timeStamp": 69229,
    "rotation": [
      [
        -0.0897297561,
        0.04905832,
        0.9947572
      ],
      [
        0.3514133,
        0.936108649,
        -0.0144675374
      ],
      [
        -0.9319106,
        0.348272741,
        -0.101236545
      ]
    ],
    "translation": [
      1.14143586,
      0.7401133,
      -0.6615299
    ]
  },
  {
    "timeStamp": 69284,
    "rotation": [
      [
        -0.08584977,
        0.108251609,
        0.990409732
      ],
      [
        0.386785746,
        0.9197325,
        -0.0669996
      ],
      [
        -0.918164849,
        0.377324462,
        -0.120829009
      ]
    ],
    "translation": [
      1.15353143,
      0.771038651,
      -0.670051336
    ]
  },
  {
    "timeStamp": 69328,
    "rotation": [
      [
        -0.05924322,
        0.152080044,
        0.986591041
      ],
      [
        0.417713374,
        0.9014154,
        -0.113867447
      ],
      [
        -0.906645358,
        0.405366421,
        -0.116928622
      ]
    ],
    "translation": [
      1.16772866,
      0.800333142,
      -0.6838822
    ]
  },
  {
    "timeStamp": 69384,
    "rotation": [
      [
        -0.0228271745,
        0.188959122,
        0.9817196
      ],
      [
        0.41474697,
        0.895277143,
        -0.162677079
      ],
      [
        -0.909650445,
        0.403451771,
        -0.09880687
      ]
    ],
    "translation": [
      1.197248,
      0.8378083,
      -0.701066852
    ]
  },
  {
    "timeStamp": 69429,
    "rotation": [
      [
        -0.0245092455,
        0.232278585,
        0.972340465
      ],
      [
        0.42119357,
        0.884491444,
        -0.2006759
      ],
      [
        -0.9066395,
        0.404625148,
        -0.119512476
      ]
    ],
    "translation": [
      1.22796035,
      0.8660162,
      -0.710701048
    ]
  },
  {
    "timeStamp": 69484,
    "rotation": [
      [
        -0.0396414436,
        0.281810284,
        0.958650947
      ],
      [
        0.424854457,
        0.873115659,
        -0.239097625
      ],
      [
        -0.9043933,
        0.3978089,
        -0.154339924
      ]
    ],
    "translation": [
      1.27612066,
      0.8970542,
      -0.717615664
    ]
  },
  {
    "timeStamp": 69529,
    "rotation": [
      [
        -0.08288521,
        0.322604835,
        0.942897737
      ],
      [
        0.400936037,
        0.876997232,
        -0.264813334
      ],
      [
        -0.9123488,
        0.3560926,
        -0.202034011
      ]
    ],
    "translation": [
      1.32083893,
      0.9188709,
      -0.713138044
    ]
  },
  {
    "timeStamp": 69584,
    "rotation": [
      [
        -0.182691544,
        0.3811877,
        0.9062669
      ],
      [
        0.404339522,
        0.8693493,
        -0.284150124
      ],
      [
        -0.896177053,
        0.31452772,
        -0.312952042
      ]
    ],
    "translation": [
      1.38621366,
      0.941572547,
      -0.699715555
    ]
  },
  {
    "timeStamp": 69628,
    "rotation": [
      [
        -0.2749281,
        0.4220925,
        0.863859057
      ],
      [
        0.375792116,
        0.874185,
        -0.3075399
      ],
      [
        -0.884983,
        0.240080073,
        -0.398957044
      ]
    ],
    "translation": [
      1.44440877,
      0.961243749,
      -0.6815906
    ]
  },
  {
    "timeStamp": 69684,
    "rotation": [
      [
        -0.418768853,
        0.472948879,
        0.775211
      ],
      [
        0.3447961,
        0.872551739,
        -0.346076757
      ],
      [
        -0.840088248,
        0.122363545,
        -0.52846843
      ]
    ],
    "translation": [
      1.52740133,
      0.9863187,
      -0.654936731
    ]
  },
  {
    "timeStamp": 69728,
    "rotation": [
      [
        -0.541771948,
        0.4836953,
        0.6874024
      ],
      [
        0.306514561,
        0.87520057,
        -0.374263138
      ],
      [
        -0.7826443,
        0.007933572,
        -0.6224187
      ]
    ],
    "translation": [
      1.60153675,
      1.00483906,
      -0.6303884
    ]
  },
  {
    "timeStamp": 69784,
    "rotation": [
      [
        -0.6871269,
        0.447345734,
        0.5724845
      ],
      [
        0.238687813,
        0.883219838,
        -0.403671741
      ],
      [
        -0.686210454,
        -0.140728623,
        -0.71366
      ]
    ],
    "translation": [
      1.69920874,
      1.02536821,
      -0.606894255
    ]
  },
  {
    "timeStamp": 69829,
    "rotation": [
      [
        -0.78712213,
        0.386808664,
        0.480435044
      ],
      [
        0.173136652,
        0.8861639,
        -0.429810822
      ],
      [
        -0.5919987,
        -0.2551327,
        -0.764489949
      ]
    ],
    "translation": [
      1.78091669,
      1.04087031,
      -0.5918218
    ]
  },
  {
    "timeStamp": 69884,
    "rotation": [
      [
        -0.8767562,
        0.297963947,
        0.377512872
      ],
      [
        0.1113489,
        0.889391661,
        -0.4433778
      ],
      [
        -0.4678674,
        -0.3466986,
        -0.812957644
      ]
    ],
    "translation": [
      1.87627876,
      1.0518198,
      -0.581933
    ]
  },
  {
    "timeStamp": 69929,
    "rotation": [
      [
        -0.924883068,
        0.226465747,
        0.30545786
      ],
      [
        0.0688286051,
        0.8897402,
        -0.451248139
      ],
      [
        -0.3739704,
        -0.396327525,
        -0.8384931
      ]
    ],
    "translation": [
      1.94875062,
      1.05513811,
      -0.5758979
    ]
  },
  {
    "timeStamp": 69984,
    "rotation": [
      [
        -0.9641217,
        0.1483174,
        0.220162064
      ],
      [
        0.0461165272,
        0.9103271,
        -0.411312461
      ],
      [
        -0.261424273,
        -0.38640216,
        -0.884506
      ]
    ],
    "translation": [
      2.02839375,
      1.04290283,
      -0.56851393
    ]
  },
  {
    "timeStamp": 70028,
    "rotation": [
      [
        -0.978099942,
        0.05940305,
        0.199478641
      ],
      [
        -0.007648586,
        0.9475011,
        -0.319661
      ],
      [
        -0.207995072,
        -0.314186126,
        -0.9262965
      ]
    ],
    "translation": [
      2.0827868,
      1.02000141,
      -0.565545142
    ]
  },
  {
    "timeStamp": 70084,
    "rotation": [
      [
        -0.987362742,
        -0.0160157625,
        0.1576651
      ],
      [
        -0.0497558527,
        0.9759026,
        -0.212458253
      ],
      [
        -0.1504631,
        -0.217618123,
        -0.9643668
      ]
    ],
    "translation": [
      2.13857675,
      0.9887712,
      -0.5615944
    ]
  },
  {
    "timeStamp": 70128,
    "rotation": [
      [
        -0.990283966,
        -0.0234369,
        0.137070909
      ],
      [
        -0.0349612571,
        0.995995641,
        -0.08228238
      ],
      [
        -0.134593591,
        -0.08627509,
        -0.987137854
      ]
    ],
    "translation": [
      2.17041016,
      0.951331,
      -0.565618932
    ]
  },
  {
    "timeStamp": 70184,
    "rotation": [
      [
        -0.991671,
        -0.03793635,
        0.123082846
      ],
      [
        -0.0340594277,
        0.998859763,
        0.0334518142
      ],
      [
        -0.12421155,
        0.0289810635,
        -0.9918324
      ]
    ],
    "translation": [
      2.19683123,
      0.913396955,
      -0.5685486
    ]
  },
  {
    "timeStamp": 70235,
    "rotation": [
      [
        -0.9918164,
        -0.0273490753,
        0.12470907
      ],
      [
        -0.0129580805,
        0.9933065,
        0.114778973
      ],
      [
        -0.127013445,
        0.112223677,
        -0.985532045
      ]
    ],
    "translation": [
      2.21256828,
      0.8824588,
      -0.576659739
    ]
  },
  {
    "timeStamp": 70280,
    "rotation": [
      [
        -0.990427256,
        -0.047398977,
        0.129642412
      ],
      [
        -0.02529777,
        0.9856174,
        0.167087719
      ],
      [
        -0.135697618,
        0.162208572,
        -0.977381468
      ]
    ],
    "translation": [
      2.2210598,
      0.8620691,
      -0.581845939
    ]
  },
  {
    "timeStamp": 70335,
    "rotation": [
      [
        -0.990748167,
        -0.03561358,
        0.130956963
      ],
      [
        -0.00734951766,
        0.977618,
        0.210259572
      ],
      [
        -0.135513976,
        0.207351819,
        -0.968834937
      ]
    ],
    "translation": [
      2.22701645,
      0.8413914,
      -0.586845338
    ]
  },
  {
    "timeStamp": 70379,
    "rotation": [
      [
        -0.9901084,
        -0.04406217,
        0.13320668
      ],
      [
        -0.0101593,
        0.969430447,
        0.245155886
      ],
      [
        -0.139936715,
        0.2413776,
        -0.9602888
      ]
    ],
    "translation": [
      2.22939,
      0.8281137,
      -0.5916736
    ]
  },
  {
    "timeStamp": 70435,
    "rotation": [
      [
        -0.9896495,
        -0.06428884,
        0.128300086
      ],
      [
        -0.0269030724,
        0.9613039,
        0.274173617
      ],
      [
        -0.140961662,
        0.2678841,
        -0.9530834
      ]
    ],
    "translation": [
      2.234549,
      0.816879332,
      -0.595083535
    ]
  },
  {
    "timeStamp": 70479,
    "rotation": [
      [
        -0.991546333,
        -0.044381097,
        0.1219267
      ],
      [
        -0.007961834,
        0.9587243,
        0.284225762
      ],
      [
        -0.129508346,
        0.280852258,
        -0.950973
      ]
    ],
    "translation": [
      2.2361517,
      0.810086966,
      -0.5973214
    ]
  },
  {
    "timeStamp": 70535,
    "rotation": [
      [
        -0.9906979,
        -0.0495776944,
        0.126726776
      ],
      [
        -0.008378449,
        0.9517266,
        0.306832552
      ],
      [
        -0.1358213,
        0.3029166,
        -0.943289
      ]
    ],
    "translation": [
      2.23720455,
      0.803814948,
      -0.6001936
    ]
  }
]