[
  {
    "timeStamp": 19728,
    "rotation": [
      [
        0.9992629,
        0.0037579448,
        0.03820275
      ],
      [
        -0.03806217,
        -0.03222444,
        0.998755634
      ],
      [
        0.004984351,
        -0.9994736,
        -0.0320576541
      ]
    ],
    "translation": [
      1.15171027,
      0.7013779,
      -0.6163316
    ]
  },
  {
    "timeStamp": 19783,
    "rotation": [
      [
        0.9993834,
        0.0176602919,
        0.0303451121
      ],
      [
        -0.0290584452,
        -0.0690433,
        0.997190356
      ],
      [
        0.0197058078,
        -0.997457266,
        -0.06848755
      ]
    ],
    "translation": [
      1.15189147,
      0.7055728,
      -0.6173569
    ]
  },
  {
    "timeStamp": 19827,
    "rotation": [
      [
        0.998317,
        -0.01904958,
        0.0547745973
      ],
      [
        -0.0561507456,
        -0.0813648552,
        0.995101452
      ],
      [
        -0.0144995581,
        -0.9965023,
        -0.08229757
      ]
    ],
    "translation": [
      1.15135014,
      0.7071278,
      -0.616162062
    ]
  },
  {
    "timeStamp": 19883,
    "rotation": [
      [
        0.9917994,
        -0.0761915743,
        0.102609172
      ],
      [
        -0.108497187,
        -0.0776411,
        0.991060138
      ],
      [
        -0.06754373,
        -0.9940657,
        -0.08527097
      ]
    ],
    "translation": [
      1.14525,
      0.7212914,
      -0.610388637
    ]
  },
  {
    "timeStamp": 19928,
    "rotation": [
      [
        0.9863014,
        -0.0945989862,
        0.1351312
      ],
      [
        -0.141191259,
        -0.06057481,
        0.988127351
      ],
      [
        -0.0852902755,
        -0.993670762,
        -0.07310157
      ]
    ],
    "translation": [
      1.14574051,
      0.735695064,
      -0.609695852
    ]
  },
  {
    "timeStamp": 19983,
    "rotation": [
      [
        0.9733789,
        -0.115807772,
        0.197792992
      ],
      [
        -0.205252,
        -0.056364432,
        0.977084756
      ],
      [
        -0.102005504,
        -0.991671145,
        -0.07863372
      ]
    ],
    "translation": [
      1.14979529,
      0.7644731,
      -0.608486533
    ]
  },
  {
    "timeStamp": 20027,
    "rotation": [
      [
        0.9508951,
        -0.159061581,
        0.2655145
      ],
      [
        -0.275904775,
        -0.04684496,
        0.9600428
      ],
      [
        -0.140267909,
        -0.986156642,
        -0.0884304941
      ]
    ],
    "translation": [
      1.15583682,
      0.7978475,
      -0.6029831
    ]
  },
  {
    "timeStamp": 20083,
    "rotation": [
      [
        0.908756733,
        -0.216861278,
        0.356556237
      ],
      [
        -0.364939362,
        0.0014916833,
        0.9310301
      ],
      [
        -0.202436253,
        -0.9762013,
        -0.07778564
      ]
    ],
    "translation": [
      1.17250228,
      0.845934153,
      -0.599274337
    ]
  },
  {
    "timeStamp": 20127,
    "rotation": [
      [
        0.8736218,
        -0.24564229,
        0.420053273
      ],
      [
        -0.429888844,
        0.01484655,
        0.902759731
      ],
      [
        -0.227992311,
        -0.969246864,
        -0.0926286057
      ]
    ],
    "translation": [
      1.195645,
      0.8828817,
      -0.597438931
    ]
  },
  {
    "timeStamp": 20183,
    "rotation": [
      [
        0.8409888,
        -0.302900046,
        0.4483184
      ],
      [
        -0.4740648,
        -0.0131643331,
        0.880391538
      ],
      [
        -0.260768831,
        -0.9529314,
        -0.1546653
      ]
    ],
    "translation": [
      1.2365284,
      0.917520642,
      -0.5884172
    ]
  },
  {
    "timeStamp": 20228,
    "rotation": [
      [
        0.8085605,
        -0.346198916,
        0.475790083
      ],
      [
        -0.506413341,
        0.002316991,
        0.86228776
      ],
      [
        -0.2996255,
        -0.9381582,
        -0.173446327
      ]
    ],
    "translation": [
      1.27419376,
      0.9447369,
      -0.5847484
    ]
  },
  {
    "timeStamp": 20283,
    "rotation": [
      [
        0.774519861,
        -0.388594329,
        0.499112517
      ],
      [
        -0.5404812,
        0.00338264578,
        0.841349244
      ],
      [
        -0.328631878,
        -0.9214027,
        -0.207408026
      ]
    ],
    "translation": [
      1.325195,
      0.9730331,
      -0.585237861
    ]
  },
  {
    "timeStamp": 20327,
    "rotation": [
      [
        0.749315262,
        -0.425561547,
        0.5073696
      ],
      [
        -0.5628038,
        -0.005498446,
        0.8265722
      ],
      [
        -0.348967582,
        -0.9049127,
        -0.243627742
      ]
    ],
    "translation": [
      1.36934221,
      0.9918491,
      -0.5846784
    ]
  },
  {
    "timeStamp": 20383,
    "rotation": [
      [
        0.7102319,
        -0.5121948,
        0.482936
      ],
      [
        -0.566679239,
        -0.00895670149,
        0.823889852
      ],
      [
        -0.417666584,
        -0.8588226,
        -0.2966115
      ]
    ],
    "translation": [
      1.43092418,
      1.00665641,
      -0.576737046
    ]
  },
  {
    "timeStamp": 20427,
    "rotation": [
      [
        0.67273736,
        -0.5839467,
        0.454346359
      ],
      [
        -0.5695395,
        -0.0167337153,
        0.8217936
      ],
      [
        -0.472280771,
        -0.811619461,
        -0.343838125
      ]
    ],
    "translation": [
      1.48313725,
      1.01750112,
      -0.570146859
    ]
  },
  {
    "timeStamp": 20483,
    "rotation": [
      [
        0.5880356,
        -0.679944754,
        0.4380517
      ],
      [
        -0.5766603,
        0.02733187,
        0.8165267
      ],
      [
        -0.5671658,
        -0.732753754,
        -0.376025021
      ]
    ],
    "translation": [
      1.54873073,
      1.03480053,
      -0.565395832
    ]
  },
  {
    "timeStamp": 20527,
    "rotation": [
      [
        0.5311521,
        -0.749794841,
        0.394569576
      ],
      [
        -0.582728267,
        0.0147817833,
        0.8125326
      ],
      [
        -0.6150652,
        -0.6615053,
        -0.429075271
      ]
    ],
    "translation": [
      1.6023066,
      1.04747784,
      -0.5629067
    ]
  },
  {
    "timeStamp": 20583,
    "rotation": [
      [
        0.458263785,
        -0.820114553,
        0.342646271
      ],
      [
        -0.596081257,
        0.002384172,
        0.8029206
      ],
      [
        -0.6593038,
        -0.572194457,
        -0.4877623
      ]
    ],
    "translation": [
      1.66712022,
      1.06491172,
      -0.5658109
    ]
  },
  {
    "timeStamp": 20628,
    "rotation": [
      [
        0.373411059,
        -0.8730695,
        0.3135502
      ],
      [
        -0.605207741,
        0.0268861428,
        0.7956134
      ],
      [
        -0.703056,
        -0.486853868,
        -0.5183489
      ]
    ],
    "translation": [
      1.71878624,
      1.077428,
      -0.570563138
    ]
  },
  {
    "timeStamp": 20683,
    "rotation": [
      [
        0.3005554,
        -0.9221939,
        0.243361533
      ],
      [
        -0.602478445,
        0.0142338462,
        0.798008263
      ],
      [
        -0.7393823,
        -0.386465758,
        -0.551323831
      ]
    ],
    "translation": [
      1.78354931,
      1.08175135,
      -0.581231058
    ]
  },
  {
    "timeStamp": 20727,
    "rotation": [
      [
        0.247390226,
        -0.9531899,
        0.173859581
      ],
      [
        -0.5827777,
        -0.0030326345,
        0.812626
      ],
      [
        -0.774059653,
        -0.302357227,
        -0.556248
      ]
    ],
    "translation": [
      1.83610785,
      1.07644331,
      -0.5922431
    ]
  },
  {
    "timeStamp": 20783,
    "rotation": [
      [
        0.169863224,
        -0.981125236,
        0.09241047
      ],
      [
        -0.55322516,
        -0.017335631,
        0.83285135
      ],
      [
        -0.815529466,
        -0.1925946,
        -0.545727849
      ]
    ],
    "translation": [
      1.90190911,
      1.06512356,
      -0.607138157
    ]
  },
  {
    "timeStamp": 20827,
    "rotation": [
      [
        0.07811272,
        -0.995681465,
        0.0501684658
      ],
      [
        -0.5266962,
        0.0015106675,
        0.850052238
      ],
      [
        -0.846457,
        -0.09282344,
        -0.5243036
      ]
    ],
    "translation": [
      1.95321107,
      1.05547774,
      -0.61993444
    ]
  },
  {
    "timeStamp": 20883,
    "rotation": [
      [
        0.007205135,
        -0.9999229,
        -0.0101164673
      ],
      [
        -0.491740435,
        -0.0123519544,
        0.8706542
      ],
      [
        -0.870712042,
        -0.00129850523,
        -0.4917915
      ]
    ],
    "translation": [
      2.008412,
      1.03933716,
      -0.638728261
    ]
  },
  {
    "timeStamp": 20927,
    "rotation": [
      [
        -0.0146912085,
        -0.998375833,
        -0.05504484
      ],
      [
        -0.447343439,
        -0.042671252,
        0.893343747
      ],
      [
        -0.894241631,
        0.0377482437,
        -0.445989966
      ]
    ],
    "translation": [
      2.04497123,
      1.02022326,
      -0.656221449
    ]
  },
  {
    "timeStamp": 20983,
    "rotation": [
      [
        -0.05827693,
        -0.996946,
        -0.0519848056
      ],
      [
        -0.3763411,
        -0.0262918361,
        0.926108062
      ],
      [
        -0.9246465,
        0.07353475,
        -0.373659551
      ]
    ],
    "translation": [
      2.08220935,
      0.991452336,
      -0.6779821
    ]
  },
  {
    "timeStamp": 21027,
    "rotation": [
      [
        -0.08981297,
        -0.9956996,
        -0.0227150153
      ],
      [
        -0.29757303,
        0.00506198825,
        0.9546856
      ],
      [
        -0.9504651,
        0.09250253,
        -0.296747983
      ]
    ],
    "translation": [
      2.10487533,
      0.9634149,
      -0.6961909
    ]
  },
  {
    "timeStamp": 21075,
    "rotation": [
      [
        -0.106270947,
        -0.993985653,
        -0.0264397785
      ],
      [
        -0.235026985,
        -0.000726995,
        0.971988559
      ],
      [
        -0.9661619,
        0.109508209,
        -0.233536184
      ]
    ],
    "translation": [
      2.12690544,
      0.9401839,
      -0.709297538
    ]
  },
  {
    "timeStamp": 21133,
    "rotation": [
      [
        -0.149287149,
        -0.9867806,
        0.06306664
      ],
      [
        -0.09962696,
        0.078467764,
        0.9919261
      ],
      [
        -0.983762,
        0.1417987,
        -0.110024184
      ]
    ],
    "translation": [
      2.14078856,
      0.907003641,
      -0.7266674
    ]
  },
  {
    "timeStamp": 21177,
    "rotation": [
      [
        -0.180035934,
        -0.9811782,
        0.0698313862
      ],
      [
        -0.0512680374,
        0.08025463,
        0.9954551
      ],
      [
        -0.9823231,
        0.175637588,
        -0.0647518039
      ]
    ],
    "translation": [
      2.14625239,
      0.892512858,
      -0.729904652
    ]
  },
  {
    "timeStamp": 21233,
    "rotation": [
      [
        -0.3298165,
        -0.9352783,
        0.128357291
      ],
      [
        0.0381241664,
        0.12265873,
        0.9917164
      ],
      [
        -0.943275,
        0.331977934,
        -0.00479816552
      ]
    ],
    "translation": [
      2.157732,
      0.8757925,
      -0.7301877
    ]
  },
  {
    "timeStamp": 21277,
    "rotation": [
      [
        -0.452716351,
        -0.886451662,
        0.09618392
      ],
      [
        0.047007367,
        0.08399366,
        0.9953569
      ],
      [
        -0.890414655,
        0.4551357,
        0.003644457
      ]
    ],
    "translation": [
      2.175108,
      0.865987241,
      -0.729382932
    ]
  },
  {
    "timeStamp": 21336,
    "rotation": [
      [
        -0.569460154,
        -0.819431,
        0.06517698
      ],
      [
        0.0688569844,
        0.03145919,
        0.9971304
      ],
      [
        -0.819129944,
        0.5723139,
        0.03850879
      ]
    ],
    "translation": [
      2.19127679,
      0.8522295,
      -0.7378362
    ]
  },
  {
    "timeStamp": 21378,
    "rotation": [
      [
        -0.6045574,
        -0.7929855,
        0.0753951147
      ],
      [
        0.07719835,
        0.03587783,
        0.99637
      ],
      [
        -0.792812,
        0.6081832,
        0.03952696
      ]
    ],
    "translation": [
      2.186364,
      0.8439411,
      -0.738050759
    ]
  },
  {
    "timeStamp": 21433,
    "rotation": [
      [
        -0.6293916,
        -0.7754505,
        0.050424587
      ],
      [
        0.06693861,
        0.0105462307,
        0.997701347
      ],
      [
        -0.774199843,
        0.631320238,
        0.04526987
      ]
    ],
    "translation": [
      2.184156,
      0.835315168,
      -0.735369265
    ]
  },
  {
    "timeStamp": 21477,
    "rotation": [
      [
        -0.6236083,
        -0.7802361,
        0.0484179
      ],
      [
        0.068557024,
        0.00711326441,
        0.997621834
      ],
      [
        -0.778725,
        0.6254446,
        0.0490547754
      ]
    ],
    "translation": [
      2.176964,
      0.828781843,
      -0.7312336
    ]
  },
  {
    "timeStamp": 21533,
    "rotation": [
      [
        -0.685924351,
        -0.7268282,
        0.0350497738
      ],
      [
        0.07789008,
        -0.0254459027,
        0.996637166
      ],
      [
        -0.723492146,
        0.6863477,
        0.0740666762
      ]
    ],
    "translation": [
      2.18643165,
      0.819703,
      -0.7356867
    ]
  },
  {
    "timeStamp": 21579,
    "rotation": [
      [
        -0.7452974,
        -0.6664183,
        0.020455787
      ],
      [
        0.08073365,
        -0.0597496033,
        0.994943261
      ],
      [
        -0.6618262,
        0.743180037,
        0.0983336
      ]
    ],
    "translation": [
      2.20190239,
      0.8131962,
      -0.744554937
    ]
  },
  {
    "timeStamp": 21625,
    "rotation": [
      [
        -0.78477335,
        -0.6191556,
        0.0278776754
      ],
      [
        0.08443169,
        -0.0622393675,
        0.994483531
      ],
      [
        -0.6140049,
        0.782797933,
        0.101120144
      ]
    ],
    "translation": [
      2.2095356,
      0.8086459,
      -0.74963063
    ]
  },
  {
    "timeStamp": 21682,
    "rotation": [
      [
        -0.8232658,
        -0.566914737,
        0.0290023871
      ],
      [
        0.075763464,
        -0.05910109,
        0.9953728
      ],
      [
        -0.5625774,
        0.821653664,
        0.0916073248
      ]
    ],
    "translation": [
      2.21560168,
      0.807913363,
      -0.7516976
    ]
  },
  {
    "timeStamp": 21727,
    "rotation": [
      [
        -0.8094215,
        -0.586785734,
        0.0227875989
      ],
      [
        0.06845715,
        -0.0557478853,
        0.9960953
      ],
      [
        -0.5832242,
        0.8078209,
        0.08529322
      ]
    ],
    "translation": [
      2.210888,
      0.8093729,
      -0.74582
    ]
  },
  {
    "timeStamp": 21782,
    "rotation": [
      [
        -0.7691742,
        -0.637700737,
        0.0413373746
      ],
      [
        0.07575062,
        -0.0267549679,
        0.996767759
      ],
      [
        -0.6345335,
        0.769819438,
        0.06888546
      ]
    ],
    "translation": [
      2.19771981,
      0.810562849,
      -0.733694136
    ]
  },
  {
    "timeStamp": 21827,
    "rotation": [
      [
        -0.719671965,
        -0.6932523,
        -0.0383857675
      ],
      [
        -0.0021138927,
        -0.0530978665,
        0.9985871
      ],
      [
        -0.694311,
        0.718736231,
        0.036747586
      ]
    ],
    "translation": [
      2.20355129,
      0.825434268,
      -0.720609248
    ]
  },
  {
    "timeStamp": 21882,
    "rotation": [
      [
        -0.5666497,
        -0.817398369,
        -0.103769116
      ],
      [
        -0.0606080778,
        -0.08424924,
        0.99459976
      ],
      [
        -0.8217267,
        0.5698789,
        -0.00180113851
      ]
    ],
    "translation": [
      2.19228578,
      0.8383862,
      -0.6977583
    ]
  },
  {
    "timeStamp": 21927,
    "rotation": [
      [
        -0.444784462,
        -0.8937291,
        -0.0584390759
      ],
      [
        -0.0281266831,
        -0.0512781031,
        0.9982883
      ],
      [
        -0.8951959,
        0.4456668,
        -0.002329932
      ]
    ],
    "translation": [
      2.16978145,
      0.83760947,
      -0.688953757
    ]
  },
  {
    "timeStamp": 21982,
    "rotation": [
      [
        -0.3583582,
        -0.9335777,
        0.00346838939
      ],
      [
        -0.02946374,
        0.0150229223,
        0.999452949
      ],
      [
        -0.9331191,
        0.358059973,
        -0.03289028
      ]
    ],
    "translation": [
      2.14994144,
      0.841588259,
      -0.679535866
    ]
  },
  {
    "timeStamp": 22027,
    "rotation": [
      [
        -0.206110045,
        -0.9783479,
        0.0188177247
      ],
      [
        -0.009909611,
        0.0213165451,
        0.9997237
      ],
      [
        -0.9784786,
        0.20586662,
        -0.0140886009
      ]
    ],
    "translation": [
      2.129695,
      0.837627053,
      -0.6811899
    ]
  },
  {
    "timeStamp": 22082,
    "rotation": [
      [
        -0.09690105,
        -0.993903935,
        -0.0525859334
      ],
      [
        -0.0400489159,
        -0.0488980971,
        0.9980005
      ],
      [
        -0.994488,
        0.09881334,
        -0.0350664966
      ]
    ],
    "translation": [
      2.12974668,
      0.838029742,
      -0.6766811
    ]
  },
  {
    "timeStamp": 22127,
    "rotation": [
      [
        -0.08348927,
        -0.996256948,
        -0.02239566
      ],
      [
        -0.0263643339,
        -0.0202579647,
        0.9994471
      ],
      [
        -0.996159852,
        0.0840335637,
        -0.0245743264
      ]
    ],
    "translation": [
      2.13198829,
      0.834460855,
      -0.6754385
    ]
  },
  {
    "timeStamp": 22182,
    "rotation": [
      [
        -0.0332967527,
        -0.99779737,
        0.0573732033
      ],
      [
        -0.02706888,
        0.0582842939,
        0.997933
      ],
      [
        -0.99907887,
        0.0316749,
        -0.028949935
      ]
    ],
    "translation": [
      2.11994481,
      0.832171261,
      -0.6729846
    ]
  },
  {
    "timeStamp": 22227,
    "rotation": [
      [
        -0.00260727876,
        -0.9997163,
        0.0236766189
      ],
      [
        -0.0259766169,
        0.02373642,
        0.9993807
      ],
      [
        -0.9996591,
        0.001990626,
        -0.0260311347
      ]
    ],
    "translation": [
      2.12352514,
      0.8257467,
      -0.6707612
    ]
  },
  {
    "timeStamp": 22282,
    "rotation": [
      [
        0.00405718526,
        -0.999991834,
        5.94878038E-05
      ],
      [
        -0.0117690293,
        1.1734649E-05,
        0.999930739
      ],
      [
        -0.9999226,
        -0.00405760435,
        -0.011768885
      ]
    ],
    "translation": [
      2.1327765,
      0.820671558,
      -0.671491861
    ]
  },
  {
    "timeStamp": 22326,
    "rotation": [
      [
        -0.0117035862,
        -0.999759555,
        0.0185452588
      ],
      [
        -0.0192301646,
        0.0187681373,
        0.9996389
      ],
      [
        -0.999746561,
        0.0113427332,
        -0.0194451939
      ]
    ],
    "translation": [
      2.13507438,
      0.825322032,
      -0.6709088
    ]
  },
  {
    "timeStamp": 22382,
    "rotation": [
      [
        0.0582392626,
        -0.997673,
        0.0354498737
      ],
      [
        -0.0373869,
        0.0333055221,
        0.9987457
      ],
      [
        -0.9976023,
        -0.05949159,
        -0.0353602134
      ]
    ],
    "translation": [
      2.126712,
      0.834870458,
      -0.6755779
    ]
  },
  {
    "timeStamp": 22427,
    "rotation": [
      [
        0.217384681,
        -0.9745502,
        0.0547336377
      ],
      [
        -0.0624762252,
        0.0420674,
        0.9971595
      ],
      [
        -0.974084437,
        -0.22018677,
        -0.05174141
      ]
    ],
    "translation": [
      2.10885382,
      0.8454701,
      -0.6872911
    ]
  },
  {
    "timeStamp": 22482,
    "rotation": [
      [
        0.364642918,
        -0.931140363,
        0.00363544864
      ],
      [
        -0.0310851373,
        -0.008270943,
        0.9994825
      ],
      [
        -0.9306284,
        -0.36456722,
        -0.0319605656
      ]
    ],
    "translation": [
      2.11090827,
      0.845127344,
      -0.7079126
    ]
  },
  {
    "timeStamp": 22526,
    "rotation": [
      [
        0.4627599,
        -0.886333,
        0.0163399484
      ],
      [
        -0.0151220988,
        0.0105369771,
        0.9998301
      ],
      [
        -0.8863546,
        -0.4629284,
        -0.008527124
      ]
    ],
    "translation": [
      2.11467028,
      0.846653461,
      -0.7232745
    ]
  },
  {
    "timeStamp": 22582,
    "rotation": [
      [
        0.5987887,
        -0.8004137,
        0.0281075835
      ],
      [
        0.0120512415,
        0.0440951325,
        0.998954654
      ],
      [
        -0.8008164,
        -0.597824,
        0.0360496454
      ]
    ],
    "translation": [
      2.11316133,
      0.8504482,
      -0.7467097
    ]
  },
  {
    "timeStamp": 22626,
    "rotation": [
      [
        0.6923957,
        -0.720041335,
        -0.0461370759
      ],
      [
        0.08030906,
        0.0133627458,
        0.996680439
      ],
      [
        -0.7170346,
        -0.6938025,
        0.06707815
      ]
    ],
    "translation": [
      2.125899,
      0.8447445,
      -0.7619276
    ]
  },
  {
    "timeStamp": 22682,
    "rotation": [
      [
        0.7597709,
        -0.6438219,
        -0.09078344
      ],
      [
        0.145418182,
        0.03217281,
        0.988847
      ],
      [
        -0.6337206,
        -0.7644987,
        0.118067369
      ]
    ],
    "translation": [
      2.13976049,
      0.8416414,
      -0.7719356
    ]
  },
  {
    "timeStamp": 22726,
    "rotation": [
      [
        0.793788552,
        -0.5995794,
        -0.102001272
      ],
      [
        0.175897777,
        0.0657780245,
        0.9822083
      ],
      [
        -0.582202435,
        -0.797607541,
        0.15767853
      ]
    ],
    "translation": [
      2.14217234,
      0.8389901,
      -0.7768694
    ]
  },
  {
    "timeStamp": 22782,
    "rotation": [
      [
        0.8384482,
        -0.526065,
        -0.1423381
      ],
      [
        0.22682786,
        0.0993773639,
        0.9688515
      ],
      [
        -0.495533675,
        -0.8446181,
        0.202648982
      ]
    ],
    "translation": [
      2.14515519,
      0.8312437,
      -0.785921156
    ]
  },
  {
    "timeStamp": 22826,
    "rotation": [
      [
        0.8686136,
        -0.463566869,
        -0.174974576
      ],
      [
        0.267832637,
        0.142172977,
        0.9529179
      ],
      [
        -0.416864485,
        -0.874581337,
        0.247651741
      ]
    ],
    "translation": [
      2.14408016,
      0.8247218,
      -0.7978999
    ]
  },
  {
    "timeStamp": 22882,
    "rotation": [
      [
        0.891838133,
        -0.411271751,
        -0.188362181
      ],
      [
        0.285633743,
        0.189105,
        0.939496
      ],
      [
        -0.35076794,
        -0.891680956,
        0.28612414
      ]
    ],
    "translation": [
      2.13703561,
      0.8189374,
      -0.8079346
    ]
  },
  {
    "timeStamp": 22926,
    "rotation": [
      [
        0.8982094,
        -0.4008136,
        -0.180467218
      ],
      [
        0.2842011,
        0.216331244,
        0.9340399
      ],
      [
        -0.3353352,
        -0.890252352,
        0.3082224
      ]
    ],
    "translation": [
      2.12856317,
      0.8144549,
      -0.808448434
    ]
  },
  {
    "timeStamp": 22982,
    "rotation": [
      [
        0.9025651,
        -0.3992867,
        -0.161078736
      ],
      [
        0.273647368,
        0.243149966,
        0.930588663
      ],
      [
        -0.3324054,
        -0.883995652,
        0.328722447
      ]
    ],
    "translation": [
      2.11896062,
      0.808364153,
      -0.807789
    ]
  },
  {
    "timeStamp": 23026,
    "rotation": [
      [
        0.9017585,
        -0.4064583,
        -0.1470485
      ],
      [
        0.2690929,
        0.2616745,
        0.92688483
      ],
      [
        -0.338261157,
        -0.875395954,
        0.345342249
      ]
    ],
    "translation": [
      2.114213,
      0.802462637,
      -0.8072356
    ]
  },
  {
    "timeStamp": 23082,
    "rotation": [
      [
        0.8983052,
        -0.416521758,
        -0.139847755
      ],
      [
        0.265235335,
        0.2603251,
        0.9283755
      ],
      [
        -0.3502827,
        -0.8710571,
        0.344327718
      ]
    ],
    "translation": [
      2.11302567,
      0.792117238,
      -0.805294156
    ]
  },
  {
    "timeStamp": 23126,
    "rotation": [
      [
        0.89901,
        -0.412042171,
        -0.148331463
      ],
      [
        0.2771958,
        0.273188651,
        0.9211571
      ],
      [
        -0.3390331,
        -0.869246364,
        0.359815717
      ]
    ],
    "translation": [
      2.114977,
      0.7837144,
      -0.8105875
    ]
  },
  {
    "timeStamp": 23182,
    "rotation": [
      [
        0.9023152,
        -0.399830222,
        -0.161130309
      ],
      [
        0.289469,
        0.2850115,
        0.913770258
      ],
      [
        -0.319428951,
        -0.8711511,
        0.372908652
      ]
    ],
    "translation": [
      2.11737442,
      0.77459,
      -0.819376
    ]
  },
  {
    "timeStamp": 23226,
    "rotation": [
      [
        0.9047214,
        -0.391576916,
        -0.167769775
      ],
      [
        0.2941204,
        0.289261043,
        0.910945237
      ],
      [
        -0.308175862,
        -0.8734962,
        0.376871437
      ]
    ],
    "translation": [
      2.117485,
      0.769783437,
      -0.822381556
    ]
  },
  {
    "timeStamp": 23282,
    "rotation": [
      [
        0.9038968,
        -0.402291447,
        -0.145369068
      ],
      [
        0.2836461,
        0.309327841,
        0.907668
      ],
      [
        -0.3201804,
        -0.861671567,
        0.393708855
      ]
    ],
    "translation": [
      2.11162,
      0.7696429,
      -0.8221873
    ]
  },
  {
    "timeStamp": 23326,
    "rotation": [
      [
        0.90646553,
        -0.398824,
        -0.138779312
      ],
      [
        0.273172736,
        0.303205758,
        0.912930965
      ],
      [
        -0.3220201,
        -0.865451157,
        0.3837934
      ]
    ],
    "translation": [
      2.10907817,
      0.7670241,
      -0.8205002
    ]
  },
  {
    "timeStamp": 23382,
    "rotation": [
      [
        0.92017287,
        -0.358604819,
        -0.157112747
      ],
      [
        0.2657344,
        0.277356744,
        0.9232868
      ],
      [
        -0.287518829,
        -0.8913337,
        0.350509822
      ]
    ],
    "translation": [
      2.112717,
      0.761897445,
      -0.8219239
    ]
  },
  {
    "timeStamp": 23426,
    "rotation": [
      [
        0.9271569,
        -0.332971722,
        -0.1717842
      ],
      [
        0.26309368,
        0.252144873,
        0.931238234
      ],
      [
        -0.266761482,
        -0.9085993,
        0.321380645
      ]
    ],
    "translation": [
      2.11706185,
      0.756719,
      -0.82041055
    ]
  },
  {
    "timeStamp": 23481,
    "rotation": [
      [
        0.9250367,
        -0.3448792,
        -0.159264758
      ],
      [
        0.259098947,
        0.266203523,
        0.9284414
      ],
      [
        -0.2778033,
        -0.900107741,
        0.3356059
      ]
    ],
    "translation": [
      2.11646414,
      0.7552326,
      -0.8195887
    ]
  },
  {
    "timeStamp": 23526,
    "rotation": [
      [
        0.92820394,
        -0.337817729,
        -0.155938119
      ],
      [
        0.256349742,
        0.276876062,
        0.926080167
      ],
      [
        -0.269670784,
        -0.899565935,
        0.343596935
      ]
    ],
    "translation": [
      2.1151216,
      0.75346756,
      -0.822387934
    ]
  },
  {
    "timeStamp": 23581,
    "rotation": [
      [
        0.9350141,
        -0.3117379,
        -0.169020981
      ],
      [
        0.261010021,
        0.2823578,
        0.923118532
      ],
      [
        -0.240046635,
        -0.90724504,
        0.34537527
      ]
    ],
    "translation": [
      2.116494,
      0.750847757,
      -0.827242255
    ]
  },
  {
    "timeStamp": 23625,
    "rotation": [
      [
        0.934351742,
        -0.316182375,
        -0.164364189
      ],
      [
        0.2597727,
        0.288605183,
        0.9215341
      ],
      [
        -0.243936464,
        -0.9037343,
        0.3517943
      ]
    ],
    "translation": [
      2.11427832,
      0.7494023,
      -0.826841235
    ]
  },
  {
    "timeStamp": 23681,
    "rotation": [
      [
        0.946454465,
        -0.2844481,
        -0.152686238
      ],
      [
        0.2442211,
        0.321523845,
        0.914865255
      ],
      [
        -0.2111394,
        -0.903167546,
        0.373775929
      ]
    ],
    "translation": [
      2.110611,
      0.7532902,
      -0.830516
    ]
  },
  {
    "timeStamp": 23725,
    "rotation": [
      [
        0.952555656,
        -0.252421021,
        -0.170062721
      ],
      [
        0.249441445,
        0.327268362,
        0.911413431
      ],
      [
        -0.174403787,
        -0.910592735,
        0.374705583
      ]
    ],
    "translation": [
      2.11036944,
      0.752955854,
      -0.833292365
    ]
  },
  {
    "timeStamp": 23781,
    "rotation": [
      [
        0.9531757,
        -0.244263142,
        -0.17830199
      ],
      [
        0.254407763,
        0.328901052,
        0.9094508
      ],
      [
        -0.1635016,
        -0.912227869,
        0.375642926
      ]
    ],
    "translation": [
      2.1104362,
      0.7525829,
      -0.83427155
    ]
  }
]