[
  {
    "timeStamp": 9388,
    "rotation": [
      [
        -0.998755038,
        0.0228660442,
        0.044333633
      ],
      [
        0.0215303432,
        0.9993066,
        -0.03037539
      ],
      [
        -0.0449974574,
        -0.029383054,
        -0.9985549
      ]
    ],
    "translation": [
      1.30780828,
      0.732174635,
      -0.617947757
    ]
  },
  {
    "timeStamp": 9444,
    "rotation": [
      [
        -0.998879433,
        0.0132552506,
        0.04543261
      ],
      [
        0.0116561893,
        0.9993094,
        -0.035282325
      ],
      [
        -0.04586891,
        -0.03471322,
        -0.9983441
      ]
    ],
    "translation": [
      1.30749369,
      0.734630942,
      -0.618182
    ]
  },
  {
    "timeStamp": 9488,
    "rotation": [
      [
        -0.9988426,
        0.014735817,
        0.0457866751
      ],
      [
        0.0128808646,
        0.9990946,
        -0.04054715
      ],
      [
        -0.0463427156,
        -0.03991045,
        -0.998128
      ]
    ],
    "translation": [
      1.30755031,
      0.7348202,
      -0.6184095
    ]
  },
  {
    "timeStamp": 9535,
    "rotation": [
      [
        -0.9987345,
        0.0166808944,
        0.04744631
      ],
      [
        0.0146748675,
        0.9989964,
        -0.04231851
      ],
      [
        -0.0481046028,
        -0.04156869,
        -0.9979769
      ]
    ],
    "translation": [
      1.30768085,
      0.734977365,
      -0.618611932
    ]
  },
  {
    "timeStamp": 9588,
    "rotation": [
      [
        -0.998020947,
        0.0181275513,
        0.06021252
      ],
      [
        0.0159439221,
        0.999204636,
        -0.036549978
      ],
      [
        -0.0608271919,
        -0.03551762,
        -0.997516155
      ]
    ],
    "translation": [
      1.30915761,
      0.7349454,
      -0.619385
    ]
  },
  {
    "timeStamp": 9644,
    "rotation": [
      [
        -0.9999068,
        0.011823725,
        0.00682344334
      ],
      [
        0.01172712,
        0.9998328,
        -0.0140283238
      ],
      [
        -0.00698816963,
        -0.013946997,
        -0.9998783
      ]
    ],
    "translation": [
      1.31958556,
      0.734510839,
      -0.619684458
    ]
  },
  {
    "timeStamp": 9688,
    "rotation": [
      [
        -0.9992103,
        0.03884187,
        0.00837783
      ],
      [
        0.0385815762,
        0.998826742,
        -0.0292670149
      ],
      [
        -0.009504786,
        -0.0289206728,
        -0.9995365
      ]
    ],
    "translation": [
      1.32227778,
      0.747388244,
      -0.6220857
    ]
  },
  {
    "timeStamp": 9743,
    "rotation": [
      [
        -0.997355461,
        0.0658171549,
        0.0308237262
      ],
      [
        0.06424277,
        0.996703446,
        -0.0495495759
      ],
      [
        -0.0339833274,
        -0.04743834,
        -0.9982959
      ]
    ],
    "translation": [
      1.32571924,
      0.7647056,
      -0.629595935
    ]
  },
  {
    "timeStamp": 9788,
    "rotation": [
      [
        -0.994871855,
        0.0884521455,
        0.04905361
      ],
      [
        0.085270226,
        0.994328856,
        -0.06355432
      ],
      [
        -0.0543969348,
        -0.05904559,
        -0.9967721
      ]
    ],
    "translation": [
      1.33158612,
      0.780029058,
      -0.636657059
    ]
  },
  {
    "timeStamp": 9843,
    "rotation": [
      [
        -0.9902565,
        0.1243483,
        0.06268604
      ],
      [
        0.118549839,
        0.98895067,
        -0.08900849
      ],
      [
        -0.07306146,
        -0.080709815,
        -0.9940563
      ]
    ],
    "translation": [
      1.3418088,
      0.805853665,
      -0.642071366
    ]
  },
  {
    "timeStamp": 9888,
    "rotation": [
      [
        -0.9853339,
        0.158283472,
        0.06374451
      ],
      [
        0.150644273,
        0.98236835,
        -0.110719465
      ],
      [
        -0.08014564,
        -0.0994929,
        -0.9918053
      ]
    ],
    "translation": [
      1.35223639,
      0.830290735,
      -0.6446896
    ]
  },
  {
    "timeStamp": 9943,
    "rotation": [
      [
        -0.9776743,
        0.195718169,
        0.07646755
      ],
      [
        0.183584973,
        0.972653,
        -0.142276824
      ],
      [
        -0.102222547,
        -0.125062108,
        -0.9868688
      ]
    ],
    "translation": [
      1.37047315,
      0.861959457,
      -0.651164
    ]
  },
  {
    "timeStamp": 9988,
    "rotation": [
      [
        -0.9702233,
        0.222423717,
        0.09588758
      ],
      [
        0.204675183,
        0.9645699,
        -0.166472033
      ],
      [
        -0.1295176,
        -0.141889244,
        -0.9813729
      ]
    ],
    "translation": [
      1.38893068,
      0.8869361,
      -0.6593364
    ]
  },
  {
    "timeStamp": 10043,
    "rotation": [
      [
        -0.9656785,
        0.244632781,
        0.08729121
      ],
      [
        0.2270794,
        0.958296657,
        -0.173500568
      ],
      [
        -0.1260948,
        -0.147723734,
        -0.980957568
      ]
    ],
    "translation": [
      1.4189347,
      0.9150186,
      -0.661964655
    ]
  },
  {
    "timeStamp": 10088,
    "rotation": [
      [
        -0.964653254,
        0.2570678,
        0.05796703
      ],
      [
        0.244335875,
        0.9549093,
        -0.1686657
      ],
      [
        -0.09871178,
        -0.1485405,
        -0.9839673
      ]
    ],
    "translation": [
      1.449308,
      0.9348542,
      -0.658067167
    ]
  },
  {
    "timeStamp": 10143,
    "rotation": [
      [
        -0.9646874,
        0.259342551,
        0.0460395329
      ],
      [
        0.24676393,
        0.9509845,
        -0.186376423
      ],
      [
        -0.09211822,
        -0.1684341,
        -0.9813991
      ]
    ],
    "translation": [
      1.49194479,
      0.9555176,
      -0.6579213
    ]
  },
  {
    "timeStamp": 10188,
    "rotation": [
      [
        -0.968366861,
        0.247104183,
        0.0347148366
      ],
      [
        0.2348408,
        0.949525356,
        -0.207969889
      ],
      [
        -0.08435285,
        -0.19323869,
        -0.977519
      ]
    ],
    "translation": [
      1.53118157,
      0.968722939,
      -0.6568851
    ]
  },
  {
    "timeStamp": 10243,
    "rotation": [
      [
        -0.9724096,
        0.233230412,
        -0.00480275275
      ],
      [
        0.229217216,
        0.9514468,
        -0.205447227
      ],
      [
        -0.04334698,
        -0.200879738,
        -0.9786564
      ]
    ],
    "translation": [
      1.5849297,
      0.984451532,
      -0.6514425
    ]
  },
  {
    "timeStamp": 10287,
    "rotation": [
      [
        -0.9759119,
        0.211996213,
        -0.05151244
      ],
      [
        0.218132451,
        0.95224905,
        -0.213635281
      ],
      [
        0.00376279978,
        -0.219725758,
        -0.975554466
      ]
    ],
    "translation": [
      1.63224864,
      0.994454265,
      -0.6444721
    ]
  },
  {
    "timeStamp": 10343,
    "rotation": [
      [
        -0.9843281,
        0.155802369,
        -0.0826063454
      ],
      [
        0.172798887,
        0.9456478,
        -0.275482863
      ],
      [
        0.0351956263,
        -0.285439819,
        -0.957750142
      ]
    ],
    "translation": [
      1.69589591,
      1.0039289,
      -0.637336135
    ]
  },
  {
    "timeStamp": 10388,
    "rotation": [
      [
        -0.9872958,
        0.114104167,
        -0.110577248
      ],
      [
        0.141922429,
        0.94620657,
        -0.290776819
      ],
      [
        0.07145007,
        -0.302776128,
        -0.9503797
      ]
    ],
    "translation": [
      1.74785841,
      1.01131761,
      -0.6340784
    ]
  },
  {
    "timeStamp": 10443,
    "rotation": [
      [
        -0.982474446,
        0.0573834069,
        -0.177344322
      ],
      [
        0.10882888,
        0.9490214,
        -0.295828581
      ],
      [
        0.151327908,
        -0.3099442,
        -0.938634336
      ]
    ],
    "translation": [
      1.814677,
      1.01827514,
      -0.626184344
    ]
  },
  {
    "timeStamp": 10490,
    "rotation": [
      [
        -0.973954558,
        0.0125191268,
        -0.22639738
      ],
      [
        0.0834949538,
        0.9481161,
        -0.3067646
      ],
      [
        0.210810557,
        -0.317677826,
        -0.924467266
      ]
    ],
    "translation": [
      1.866382,
      1.02276146,
      -0.6206192
    ]
  },
  {
    "timeStamp": 10543,
    "rotation": [
      [
        -0.9654911,
        -0.0480656847,
        -0.255962044
      ],
      [
        0.0401067957,
        0.943656564,
        -0.3284872
      ],
      [
        0.2573292,
        -0.327417284,
        -0.9091642
      ]
    ],
    "translation": [
      1.92664206,
      1.02454567,
      -0.618054152
    ]
  },
  {
    "timeStamp": 10588,
    "rotation": [
      [
        -0.951969743,
        -0.08153271,
        -0.295137227
      ],
      [
        0.0136245815,
        0.9516616,
        -0.3068462
      ],
      [
        0.305888772,
        -0.296129435,
        -0.9048422
      ]
    ],
    "translation": [
      1.97124171,
      1.01839447,
      -0.6155063
    ]
  },
  {
    "timeStamp": 10639,
    "rotation": [
      [
        -0.9421239,
        -0.132592469,
        -0.307931453
      ],
      [
        -0.0350387,
        0.9523826,
        -0.3028855
      ],
      [
        0.3334289,
        -0.274566144,
        -0.9019083
      ]
    ],
    "translation": [
      2.013226,
      1.00237179,
      -0.613706231
    ]
  },
  {
    "timeStamp": 10693,
    "rotation": [
      [
        -0.935573936,
        -0.206686735,
        -0.286325127
      ],
      [
        -0.118639365,
        0.94765985,
        -0.29642117
      ],
      [
        0.332605153,
        -0.243354484,
        -0.911127031
      ]
    ],
    "translation": [
      2.06601119,
      0.97459805,
      -0.611560464
    ]
  },
  {
    "timeStamp": 10738,
    "rotation": [
      [
        -0.9347345,
        -0.233483776,
        -0.267874449
      ],
      [
        -0.1639427,
        0.952172041,
        -0.257858932
      ],
      [
        0.315268457,
        -0.197113588,
        -0.928306043
      ]
    ],
    "translation": [
      2.09020829,
      0.952520847,
      -0.611904263
    ]
  },
  {
    "timeStamp": 10793,
    "rotation": [
      [
        -0.93409884,
        -0.2901921,
        -0.207961231
      ],
      [
        -0.2393637,
        0.9412398,
        -0.238270313
      ],
      [
        0.264885545,
        -0.172789648,
        -0.9486724
      ]
    ],
    "translation": [
      2.11286879,
      0.923386,
      -0.6110709
    ]
  },
  {
    "timeStamp": 10838,
    "rotation": [
      [
        -0.931196451,
        -0.3345122,
        -0.144826785
      ],
      [
        -0.29916364,
        0.928334653,
        -0.220671669
      ],
      [
        0.208265081,
        -0.162161767,
        -0.9645358
      ]
    ],
    "translation": [
      2.12455082,
      0.897831559,
      -0.612849653
    ]
  },
  {
    "timeStamp": 10893,
    "rotation": [
      [
        -0.9336677,
        -0.340984851,
        -0.109516725
      ],
      [
        -0.317010343,
        0.92913723,
        -0.190285072
      ],
      [
        0.1666404,
        -0.1429451,
        -0.975601137
      ]
    ],
    "translation": [
      2.12784576,
      0.874044061,
      -0.6104381
    ]
  },
  {
    "timeStamp": 10938,
    "rotation": [
      [
        -0.9354449,
        -0.3403235,
        -0.0955134
      ],
      [
        -0.322374672,
        0.9322354,
        -0.164352611
      ],
      [
        0.144974023,
        -0.122951716,
        -0.9817665
      ]
    ],
    "translation": [
      2.12621284,
      0.8599837,
      -0.6057917
    ]
  },
  {
    "timeStamp": 10993,
    "rotation": [
      [
        -0.9409681,
        -0.331347823,
        -0.0691935644
      ],
      [
        -0.319873482,
        0.937292,
        -0.138436884
      ],
      [
        0.110725328,
        -0.108131506,
        -0.9879512
      ]
    ],
    "translation": [
      2.11962867,
      0.8444058,
      -0.6021818
    ]
  },
  {
    "timeStamp": 11038,
    "rotation": [
      [
        -0.9436109,
        -0.3293658,
        -0.0334157236
      ],
      [
        -0.322789639,
        0.937764764,
        -0.128078058
      ],
      [
        0.07352062,
        -0.1100696,
        -0.9912009
      ]
    ],
    "translation": [
      2.11369157,
      0.833612859,
      -0.6006088
    ]
  },
  {
    "timeStamp": 11094,
    "rotation": [
      [
        -0.947777867,
        -0.3185057,
        -0.0164697859
      ],
      [
        -0.314850926,
        0.9426378,
        -0.110917889
      ],
      [
        0.0508530252,
        -0.09993999,
        -0.993693054
      ]
    ],
    "translation": [
      2.10905147,
      0.8224669,
      -0.5953319
    ]
  },
  {
    "timeStamp": 11140,
    "rotation": [
      [
        -0.952668667,
        -0.303421944,
        -0.01890796
      ],
      [
        -0.299888223,
        0.948138952,
        -0.10535451
      ],
      [
        0.0498942435,
        -0.09469767,
        -0.994254947
      ]
    ],
    "translation": [
      2.105825,
      0.819847167,
      -0.5857234
    ]
  },
  {
    "timeStamp": 11185,
    "rotation": [
      [
        -0.9545931,
        -0.297822744,
        0.00732357
      ],
      [
        -0.2969976,
        0.9494477,
        -0.10169322
      ],
      [
        0.0233332068,
        -0.09925073,
        -0.9947888
      ]
    ],
    "translation": [
      2.1039567,
      0.8161321,
      -0.5806152
    ]
  },
  {
    "timeStamp": 11242,
    "rotation": [
      [
        -0.9712567,
        -0.238011777,
        -0.00331030088
      ],
      [
        -0.237499774,
        0.969911754,
        -0.0535258129
      ],
      [
        0.015950473,
        -0.0512011051,
        -0.998560965
      ]
    ],
    "translation": [
      2.0987525,
      0.8159865,
      -0.5762143
    ]
  },
  {
    "timeStamp": 11287,
    "rotation": [
      [
        -0.9811206,
        -0.192910239,
        -0.0137095721
      ],
      [
        -0.192347378,
        0.980716765,
        -0.0345982872
      ],
      [
        0.0201195721,
        -0.0313080922,
        -0.9993072
      ]
    ],
    "translation": [
      2.09364986,
      0.814726353,
      -0.572668731
    ]
  },
  {
    "timeStamp": 11343,
    "rotation": [
      [
        -0.994203866,
        -0.107377909,
        -0.00534733571
      ],
      [
        -0.107174039,
        0.9937961,
        -0.0297167338
      ],
      [
        0.008505082,
        -0.0289713964,
        -0.9995441
      ]
    ],
    "translation": [
      2.08643532,
      0.8165864,
      -0.5737636
    ]
  },
  {
    "timeStamp": 11387,
    "rotation": [
      [
        -0.998226464,
        -0.05810671,
        -0.0129425749
      ],
      [
        -0.05765208,
        0.997787952,
        -0.03309591
      ],
      [
        0.01483704,
        -0.0322910473,
        -0.99936837
      ]
    ],
    "translation": [
      2.07807446,
      0.818210065,
      -0.574707866
    ]
  },
  {
    "timeStamp": 11443,
    "rotation": [
      [
        -0.9979143,
        -0.06387598,
        -0.009316031
      ],
      [
        -0.06338257,
        0.9969253,
        -0.04607097
      ],
      [
        0.0122302156,
        -0.045384407,
        -0.9988947
      ]
    ],
    "translation": [
      2.07511568,
      0.8177078,
      -0.575108
    ]
  },
  {
    "timeStamp": 11487,
    "rotation": [
      [
        -0.9974548,
        -0.0708799958,
        -0.00773477135
      ],
      [
        -0.07050809,
        0.99667567,
        -0.040819563
      ],
      [
        0.0106023485,
        -0.0401703045,
        -0.999136567
      ]
    ],
    "translation": [
      2.07390261,
      0.817078769,
      -0.5734214
    ]
  },
  {
    "timeStamp": 11543,
    "rotation": [
      [
        -0.998430133,
        -0.0515186973,
        -0.0219791438
      ],
      [
        -0.0509772673,
        0.9983987,
        -0.0245214272
      ],
      [
        0.02320726,
        -0.023362495,
        -0.999457657
      ]
    ],
    "translation": [
      2.07365561,
      0.816945851,
      -0.569676042
    ]
  },
  {
    "timeStamp": 11587,
    "rotation": [
      [
        -0.998593152,
        -0.008007614,
        -0.05241781
      ],
      [
        -0.0075902706,
        0.999937952,
        -0.00815609
      ],
      [
        0.05247987,
        -0.00774675049,
        -0.998591959
      ]
    ],
    "translation": [
      2.07188678,
      0.8179089,
      -0.570200145
    ]
  },
  {
    "timeStamp": 11642,
    "rotation": [
      [
        -0.999978065,
        0.00639912672,
        -0.00171185762
      ],
      [
        0.00641481159,
        0.999936,
        -0.009319755
      ],
      [
        0.00165210979,
        -0.009330532,
        -0.999955058
      ]
    ],
    "translation": [
      2.07009459,
      0.8177937,
      -0.5700473
    ]
  },
  {
    "timeStamp": 11687,
    "rotation": [
      [
        -0.997779965,
        0.06659594,
        0.0002546309
      ],
      [
        0.0665476844,
        0.9971887,
        -0.03443965
      ],
      [
        -0.00254745572,
        -0.03434625,
        -0.9994067
      ]
    ],
    "translation": [
      2.07105374,
      0.8172901,
      -0.570534945
    ]
  },
  {
    "timeStamp": 11743,
    "rotation": [
      [
        -0.9968553,
        0.06710855,
        -0.04214226
      ],
      [
        0.063847594,
        0.9951776,
        0.0744647756
      ],
      [
        0.04693626,
        0.07153992,
        -0.996332765
      ]
    ],
    "translation": [
      2.072031,
      0.816155136,
      -0.569131553
    ]
  }
]