[
  {
    "timeStamp": 55054,
    "rotation": [
      [
        0.999571145,
        -0.000533377635,
        -0.029277835
      ],
      [
        0.029273821,
        -0.006408732,
        0.9995509
      ],
      [
        -0.000720774347,
        -0.999979258,
        -0.0063903695
      ]
    ],
    "translation": [
      1.76998246,
      0.7018614,
      -0.7499761
    ]
  },
  {
    "timeStamp": 55098,
    "rotation": [
      [
        0.999903,
        -0.0121081248,
        -0.00687874947
      ],
      [
        0.006750227,
        -0.010623592,
        0.9999208
      ],
      [
        -0.0121802408,
        -0.999870241,
        -0.01054083
      ]
    ],
    "translation": [
      1.77020228,
      0.7016874,
      -0.7500282
    ]
  },
  {
    "timeStamp": 55154,
    "rotation": [
      [
        0.999493062,
        -0.0204980168,
        -0.0243573468
      ],
      [
        0.0238547772,
        -0.0244153589,
        0.999417245
      ],
      [
        -0.02108077,
        -0.9994917,
        -0.0239140075
      ]
    ],
    "translation": [
      1.77045739,
      0.701622,
      -0.7501755
    ]
  },
  {
    "timeStamp": 55198,
    "rotation": [
      [
        0.999391258,
        -0.0220314339,
        -0.0270486716
      ],
      [
        0.0263729915,
        -0.0304027982,
        0.999189734
      ],
      [
        -0.0228359438,
        -0.9992949,
        -0.0298032574
      ]
    ],
    "translation": [
      1.77040172,
      0.7017776,
      -0.7502186
    ]
  },
  {
    "timeStamp": 55254,
    "rotation": [
      [
        0.999817848,
        -0.0185145289,
        -0.00463324366
      ],
      [
        0.00436741067,
        -0.0143728191,
        0.999887168
      ],
      [
        -0.0185790323,
        -0.9997252,
        -0.0142893409
      ]
    ],
    "translation": [
      1.77017856,
      0.7067049,
      -0.7531686
    ]
  },
  {
    "timeStamp": 55298,
    "rotation": [
      [
        0.999770939,
        -0.0202077143,
        0.00705966726
      ],
      [
        -0.007770776,
        -0.03533052,
        0.9993455
      ],
      [
        -0.01994507,
        -0.999171436,
        -0.0354794525
      ]
    ],
    "translation": [
      1.77246165,
      0.7154283,
      -0.7501635
    ]
  },
  {
    "timeStamp": 55354,
    "rotation": [
      [
        0.999511838,
        -0.0254840758,
        0.0180716589
      ],
      [
        -0.0198697355,
        -0.07216562,
        0.9971947
      ],
      [
        -0.0241084248,
        -0.997067034,
        -0.07263675
      ]
    ],
    "translation": [
      1.77906644,
      0.7312983,
      -0.7449678
    ]
  },
  {
    "timeStamp": 55398,
    "rotation": [
      [
        0.9991647,
        -0.0259910319,
        0.0315333158
      ],
      [
        -0.0340636559,
        -0.103480965,
        0.99404794
      ],
      [
        -0.02257322,
        -0.9942918,
        -0.104279876
      ]
    ],
    "translation": [
      1.78694022,
      0.7474305,
      -0.740882158
    ]
  },
  {
    "timeStamp": 55454,
    "rotation": [
      [
        0.9984011,
        -0.0267372951,
        0.0498027354
      ],
      [
        -0.05304799,
        -0.1389106,
        0.9888831
      ],
      [
        -0.0195219275,
        -0.9899439,
        -0.140106857
      ]
    ],
    "translation": [
      1.80079377,
      0.771287858,
      -0.7384041
    ]
  },
  {
    "timeStamp": 55498,
    "rotation": [
      [
        0.9985941,
        -0.0137698418,
        0.0511875339
      ],
      [
        -0.0528135523,
        -0.175973669,
        0.9829771
      ],
      [
        -0.00452777231,
        -0.9842985,
        -0.1764535
      ]
    ],
    "translation": [
      1.81492329,
      0.7934685,
      -0.73788774
    ]
  },
  {
    "timeStamp": 55554,
    "rotation": [
      [
        0.998206139,
        -0.005882196,
        0.0595806837
      ],
      [
        -0.0594444461,
        -0.2158653,
        0.974612
      ],
      [
        0.007128539,
        -0.976405442,
        -0.215827733
      ]
    ],
    "translation": [
      1.83567512,
      0.824400842,
      -0.740025163
    ]
  },
  {
    "timeStamp": 55598,
    "rotation": [
      [
        0.999172032,
        0.005518461,
        0.0403089076
      ],
      [
        -0.03751709,
        -0.258312,
        0.9653328
      ],
      [
        0.0157394186,
        -0.966045856,
        -0.257891059
      ]
    ],
    "translation": [
      1.85607672,
      0.851897657,
      -0.742931366
    ]
  },
  {
    "timeStamp": 55654,
    "rotation": [
      [
        0.99969393,
        0.0167396963,
        0.0182162989
      ],
      [
        -0.01233281,
        -0.301105142,
        0.9535112
      ],
      [
        0.0214465111,
        -0.953444,
        -0.300806522
      ]
    ],
    "translation": [
      1.88457239,
      0.88635534,
      -0.747520447
    ]
  },
  {
    "timeStamp": 55698,
    "rotation": [
      [
        0.999896169,
        0.0135339824,
        -0.004944299
      ],
      [
        0.009190913,
        -0.33480376,
        0.94224304
      ],
      [
        0.01109693,
        -0.942190647,
        -0.334893376
      ]
    ],
    "translation": [
      1.90967762,
      0.912929952,
      -0.7501298
    ]
  },
  {
    "timeStamp": 55753,
    "rotation": [
      [
        0.999151349,
        0.008871072,
        -0.0402237736
      ],
      [
        0.04067452,
        -0.3665567,
        0.9295062
      ],
      [
        -0.006498581,
        -0.9303534,
        -0.3666064
      ]
    ],
    "translation": [
      1.94401884,
      0.9403075,
      -0.7525073
    ]
  },
  {
    "timeStamp": 55798,
    "rotation": [
      [
        0.99742806,
        0.007537062,
        -0.07127731
      ],
      [
        0.06871293,
        -0.383469343,
        0.9209939
      ],
      [
        -0.0203910712,
        -0.92352283,
        -0.383001
      ]
    ],
    "translation": [
      1.97235167,
      0.955603659,
      -0.753748536
    ]
  },
  {
    "timeStamp": 55854,
    "rotation": [
      [
        0.9944733,
        0.008571296,
        -0.1046395
      ],
      [
        0.0995659456,
        -0.39319697,
        0.9140475
      ],
      [
        -0.03330935,
        -0.9194143,
        -0.3918773
      ]
    ],
    "translation": [
      2.006165,
      0.966006637,
      -0.7552025
    ]
  },
  {
    "timeStamp": 55898,
    "rotation": [
      [
        0.992176533,
        0.0128904153,
        -0.124175288
      ],
      [
        0.119285583,
        -0.391338348,
        0.912483037
      ],
      [
        -0.0368322544,
        -0.9201566,
        -0.389814377
      ]
    ],
    "translation": [
      2.031419,
      0.96712923,
      -0.755924642
    ]
  },
  {
    "timeStamp": 55953,
    "rotation": [
      [
        0.9903672,
        0.018587973,
        -0.137212828
      ],
      [
        0.134005323,
        -0.3781685,
        0.9159865
      ],
      [
        -0.0348632149,
        -0.9255502,
        -0.377016544
      ]
    ],
    "translation": [
      2.0599525,
      0.9617838,
      -0.756027341
    ]
  },
  {
    "timeStamp": 55998,
    "rotation": [
      [
        0.9901303,
        0.022615023,
        -0.1383134
      ],
      [
        0.137019992,
        -0.3636106,
        0.921418965
      ],
      [
        -0.0294542871,
        -0.9312765,
        -0.3631206
      ]
    ],
    "translation": [
      2.07941675,
      0.954153,
      -0.755058765
    ]
  },
  {
    "timeStamp": 56053,
    "rotation": [
      [
        0.9930072,
        0.0317143872,
        -0.11371424
      ],
      [
        0.117736086,
        -0.3366815,
        0.934228957
      ],
      [
        -0.008656995,
        -0.9410843,
        -0.338061064
      ]
    ],
    "translation": [
      2.097123,
      0.9402585,
      -0.75254184
    ]
  },
  {
    "timeStamp": 56098,
    "rotation": [
      [
        0.993579447,
        0.0581786819,
        -0.09703096
      ],
      [
        0.110433273,
        -0.312382936,
        0.9435154
      ],
      [
        0.0245816577,
        -0.948173,
        -0.316802174
      ]
    ],
    "translation": [
      2.10723948,
      0.926137149,
      -0.7503625
    ]
  },
  {
    "timeStamp": 56153,
    "rotation": [
      [
        0.991195738,
        0.107201912,
        -0.07770952
      ],
      [
        0.104169816,
        -0.2691084,
        0.9574598
      ],
      [
        0.0817292258,
        -0.957125068,
        -0.2779063
      ]
    ],
    "translation": [
      2.11792278,
      0.9075515,
      -0.748990357
    ]
  },
  {
    "timeStamp": 56197,
    "rotation": [
      [
        0.9838088,
        0.167392328,
        -0.06403183
      ],
      [
        0.102187827,
        -0.230409771,
        0.9677133
      ],
      [
        0.147234231,
        -0.9585881,
        -0.2437846
      ]
    ],
    "translation": [
      2.12331152,
      0.892991,
      -0.7488811
    ]
  },
  {
    "timeStamp": 56253,
    "rotation": [
      [
        0.9684722,
        0.233701855,
        -0.0862844661
      ],
      [
        0.132478282,
        -0.189816609,
        0.9728408
      ],
      [
        0.2109765,
        -0.953600049,
        -0.21479252
      ]
    ],
    "translation": [
      2.13706875,
      0.8772534,
      -0.745296955
    ]
  },
  {
    "timeStamp": 56297,
    "rotation": [
      [
        0.953330755,
        0.291810364,
        -0.07750506
      ],
      [
        0.124365523,
        -0.14561072,
        0.9814941
      ],
      [
        0.27512458,
        -0.9453275,
        -0.175106347
      ]
    ],
    "translation": [
      2.1430366,
      0.8659088,
      -0.7442484
    ]
  },
  {
    "timeStamp": 56353,
    "rotation": [
      [
        0.9381317,
        0.336146563,
        -0.08315352
      ],
      [
        0.125846311,
        -0.107249252,
        0.98623544
      ],
      [
        0.3226015,
        -0.93568325,
        -0.142916724
      ]
    ],
    "translation": [
      2.150189,
      0.853686452,
      -0.739016533
    ]
  },
  {
    "timeStamp": 56398,
    "rotation": [
      [
        0.9110645,
        0.400442332,
        -0.09801721
      ],
      [
        0.13384454,
        -0.06242759,
        0.9890341
      ],
      [
        0.3899322,
        -0.9141929,
        -0.110472582
      ]
    ],
    "translation": [
      2.153648,
      0.8420797,
      -0.738514066
    ]
  },
  {
    "timeStamp": 56453,
    "rotation": [
      [
        0.8850124,
        0.4488065,
        -0.123797275
      ],
      [
        0.155337512,
        -0.03398674,
        0.9872766
      ],
      [
        0.438888669,
        -0.8929824,
        -0.09979517
      ]
    ],
    "translation": [
      2.15761232,
      0.8285167,
      -0.733332038
    ]
  },
  {
    "timeStamp": 56497,
    "rotation": [
      [
        0.871434152,
        0.4736065,
        -0.127669364
      ],
      [
        0.147165656,
        -0.00415325444,
        0.989103138
      ],
      [
        0.467915446,
        -0.8807268,
        -0.0733179
      ]
    ],
    "translation": [
      2.1587956,
      0.8179643,
      -0.7319202
    ]
  },
  {
    "timeStamp": 56553,
    "rotation": [
      [
        0.8472806,
        0.5123161,
        -0.140170321
      ],
      [
        0.153775528,
        0.0159938876,
        0.9879764
      ],
      [
        0.508398056,
        -0.858647943,
        -0.06523038
      ]
    ],
    "translation": [
      2.157146,
      0.807381034,
      -0.7306023
    ]
  },
  {
    "timeStamp": 56597,
    "rotation": [
      [
        0.8533883,
        0.507584453,
        -0.118685693
      ],
      [
        0.126897067,
        0.0185450371,
        0.9917425
      ],
      [
        0.505594134,
        -0.8614024,
        -0.04858486
      ]
    ],
    "translation": [
      2.15408134,
      0.8010147,
      -0.7278294
    ]
  },
  {
    "timeStamp": 56653,
    "rotation": [
      [
        0.842324138,
        0.5274273,
        -0.110952847
      ],
      [
        0.112220049,
        0.0297235474,
        0.993238747
      ],
      [
        0.527159154,
        -0.8490801,
        -0.03415106
      ]
    ],
    "translation": [
      2.14979744,
      0.792314649,
      -0.7273591
    ]
  },
  {
    "timeStamp": 56697,
    "rotation": [
      [
        0.845333457,
        0.5232414,
        -0.107841417
      ],
      [
        0.112945423,
        0.0222610813,
        0.9933518
      ],
      [
        0.522163451,
        -0.851893663,
        -0.0402796865
      ]
    ],
    "translation": [
      2.147858,
      0.7869993,
      -0.7243327
    ]
  },
  {
    "timeStamp": 56753,
    "rotation": [
      [
        0.8367364,
        0.5401265,
        -0.09019736
      ],
      [
        0.08901223,
        0.0283694733,
        0.99562645
      ],
      [
        0.5403231,
        -0.8411055,
        -0.0243400987
      ]
    ],
    "translation": [
      2.142516,
      0.7815727,
      -0.727921069
    ]
  },
  {
    "timeStamp": 56797,
    "rotation": [
      [
        0.8389439,
        0.539411843,
        -0.07216692
      ],
      [
        0.0711622,
        0.0227361768,
        0.9972056
      ],
      [
        0.5395453,
        -0.841735065,
        -0.0193113554
      ]
    ],
    "translation": [
      2.13818741,
      0.7783106,
      -0.7287226
    ]
  },
  {
    "timeStamp": 56853,
    "rotation": [
      [
        0.8294392,
        0.556067765,
        -0.053095907
      ],
      [
        0.0505393371,
        0.01995828,
        0.998522639
      ],
      [
        0.556305945,
        -0.8308973,
        -0.0115491161
      ]
    ],
    "translation": [
      2.133301,
      0.775024354,
      -0.7321551
    ]
  },
  {
    "timeStamp": 56897,
    "rotation": [
      [
        0.828133464,
        0.5591414,
        -0.0394433923
      ],
      [
        0.0380090028,
        0.0141903069,
        0.9991766
      ],
      [
        0.559240758,
        -0.8289508,
        -0.009500939
      ]
    ],
    "translation": [
      2.13034225,
      0.771701455,
      -0.7338858
    ]
  },
  {
    "timeStamp": 56953,
    "rotation": [
      [
        0.827568,
        0.5613213,
        -0.00704020634
      ],
      [
        0.008240829,
        0.000392146379,
        0.999965966
      ],
      [
        0.561305,
        -0.8275978,
        -0.00430122577
      ]
    ],
    "translation": [
      2.12577057,
      0.768366635,
      -0.736096263
    ]
  },
  {
    "timeStamp": 56997,
    "rotation": [
      [
        0.8298244,
        0.558005452,
        -0.004618623
      ],
      [
        0.009034375,
        -0.00515868049,
        0.9999459
      ],
      [
        0.55795145,
        -0.8298212,
        -0.00932203
      ]
    ],
    "translation": [
      2.12463331,
      0.7643808,
      -0.7370867
    ]
  },
  {
    "timeStamp": 57053,
    "rotation": [
      [
        0.834817,
        0.550519645,
        0.00294894469
      ],
      [
        0.00131123664,
        -0.007344888,
        0.999972165
      ],
      [
        0.550525963,
        -0.8347899,
        -0.00685349945
      ]
    ],
    "translation": [
      2.12348747,
      0.762390733,
      -0.7373263
    ]
  },
  {
    "timeStamp": 57097,
    "rotation": [
      [
        0.836440742,
        0.5480553,
        0.0015276476
      ],
      [
        0.004819889,
        -0.0101433257,
        0.999936938
      ],
      [
        0.5480362,
        -0.836380661,
        -0.011125857
      ]
    ],
    "translation": [
      2.12333035,
      0.7622782,
      -0.737770736
    ]
  },
  {
    "timeStamp": 57153,
    "rotation": [
      [
        0.848324537,
        0.529372,
        0.0105224084
      ],
      [
        -0.004721862,
        -0.012308591,
        0.9999131
      ],
      [
        0.5294555,
        -0.8483005,
        -0.007942059
      ]
    ],
    "translation": [
      2.12306929,
      0.762382865,
      -0.7379072
    ]
  },
  {
    "timeStamp": 57197,
    "rotation": [
      [
        0.851263463,
        0.524645746,
        0.009860631
      ],
      [
        -0.0008647584,
        -0.0173888747,
        0.9998484
      ],
      [
        0.5247377,
        -0.851143,
        -0.0143488226
      ]
    ],
    "translation": [
      2.122656,
      0.7623606,
      -0.7385516
    ]
  },
  {
    "timeStamp": 57253,
    "rotation": [
      [
        0.871206164,
        0.4904555,
        0.0212852787
      ],
      [
        -0.01143579,
        -0.0230709817,
        0.9996684
      ],
      [
        0.49078396,
        -0.871160746,
        -0.0144908372
      ]
    ],
    "translation": [
      2.12169671,
      0.7631986,
      -0.739163339
    ]
  },
  {
    "timeStamp": 57297,
    "rotation": [
      [
        0.8885854,
        0.454901367,
        0.0589984544
      ],
      [
        -0.04273512,
        -0.0459623747,
        0.998028636
      ],
      [
        0.456716329,
        -0.889354944,
        -0.0214012265
      ]
    ],
    "translation": [
      2.11751771,
      0.7654085,
      -0.737610936
    ]
  },
  {
    "timeStamp": 57353,
    "rotation": [
      [
        0.89128685,
        0.44998762,
        0.0558466427
      ],
      [
        -0.0386079252,
        -0.0474044941,
        0.998129368
      ],
      [
        0.451793253,
        -0.8917757,
        -0.024877917
      ]
    ],
    "translation": [
      2.1172483,
      0.767417133,
      -0.738619
    ]
  },
  {
    "timeStamp": 57397,
    "rotation": [
      [
        0.892493963,
        0.447225481,
        0.0586850643
      ],
      [
        -0.03916306,
        -0.05278184,
        0.997837842
      ],
      [
        0.449356,
        -0.8928625,
        -0.0295927543
      ]
    ],
    "translation": [
      2.116369,
      0.7688338,
      -0.7382592
    ]
  },
  {
    "timeStamp": 57453,
    "rotation": [
      [
        0.893532038,
        0.446703076,
        0.04535301
      ],
      [
        -0.02682109,
        -0.04772632,
        0.9985003
      ],
      [
        0.4481977,
        -0.8934084,
        -0.03066393
      ]
    ],
    "translation": [
      2.11735535,
      0.767561734,
      -0.737884164
    ]
  },
  {
    "timeStamp": 57497,
    "rotation": [
      [
        0.8952809,
        0.44254747,
        0.0512226522
      ],
      [
        -0.0344429538,
        -0.0458757021,
        0.9983532
      ],
      [
        0.444168568,
        -0.8955708,
        -0.0258289967
      ]
    ],
    "translation": [
      2.11683655,
      0.7657207,
      -0.7380177
    ]
  },
  {
    "timeStamp": 57553,
    "rotation": [
      [
        0.898663759,
        0.437214464,
        0.03531197
      ],
      [
        -0.0230261758,
        -0.0333706848,
        0.999177754
      ],
      [
        0.438033342,
        -0.8987379,
        -0.01992165
      ]
    ],
    "translation": [
      2.11723971,
      0.7632892,
      -0.738235
    ]
  },
  {
    "timeStamp": 57597,
    "rotation": [
      [
        0.897494,
        0.44071573,
        0.0165563785
      ],
      [
        -0.0126214232,
        -0.0118585369,
        0.999850035
      ],
      [
        0.440845966,
        -0.897568345,
        -0.005080506
      ]
    ],
    "translation": [
      2.11847949,
      0.7625774,
      -0.739379466
    ]
  },
  {
    "timeStamp": 57653,
    "rotation": [
      [
        0.897384,
        0.44048357,
        0.0260051675
      ],
      [
        -0.0192803741,
        -0.0197359659,
        0.9996193
      ],
      [
        0.440829128,
        -0.8975437,
        -0.009218051
      ]
    ],
    "translation": [
      2.11661983,
      0.763437867,
      -0.7386798
    ]
  },
  {
    "timeStamp": 57697,
    "rotation": [
      [
        0.899089754,
        0.4348524,
        0.0504097156
      ],
      [
        -0.0288161729,
        -0.0561133,
        0.9980085
      ],
      [
        0.436815023,
        -0.8987518,
        -0.03792011
      ]
    ],
    "translation": [
      2.11212158,
      0.7646839,
      -0.7360503
    ]
  },
  {
    "timeStamp": 57753,
    "rotation": [
      [
        0.8967219,
        0.438258469,
        0.06180069
      ],
      [
        -0.03808048,
        -0.06271758,
        0.997304559
      ],
      [
        0.440953165,
        -0.896658242,
        -0.03955113
      ]
    ],
    "translation": [
      2.1079092,
      0.7672755,
      -0.7350229
    ]
  },
  {
    "timeStamp": 57797,
    "rotation": [
      [
        0.8955227,
        0.440169126,
        0.06549958
      ],
      [
        -0.0419924,
        -0.06294548,
        0.997133136
      ],
      [
        0.443030149,
        -0.8957059,
        -0.03788535
      ]
    ],
    "translation": [
      2.10569715,
      0.7673471,
      -0.735870659
    ]
  },
  {
    "timeStamp": 57852,
    "rotation": [
      [
        0.892926633,
        0.445213169,
        0.06683771
      ],
      [
        -0.0451029427,
        -0.0592492372,
        0.9972238
      ],
      [
        0.44793722,
        -0.893462241,
        -0.0328248
      ]
    ],
    "translation": [
      2.104093,
      0.765691,
      -0.737659156
    ]
  },
  {
    "timeStamp": 57897,
    "rotation": [
      [
        0.889039,
        0.451334327,
        0.07685714
      ],
      [
        -0.0596668124,
        -0.05222078,
        0.996851444
      ],
      [
        0.453926861,
        -0.8908256,
        -0.0194966272
      ]
    ],
    "translation": [
      2.10273528,
      0.7651289,
      -0.739837646
    ]
  },
  {
    "timeStamp": 57953,
    "rotation": [
      [
        0.8921572,
        0.445934772,
        0.07209545
      ],
      [
        -0.04850428,
        -0.06410951,
        0.9967634
      ],
      [
        0.4491135,
        -0.8927666,
        -0.0355660133
      ]
    ],
    "translation": [
      2.10338,
      0.762720168,
      -0.742993534
    ]
  },
  {
    "timeStamp": 57997,
    "rotation": [
      [
        0.8773668,
        0.4754224,
        0.06481492
      ],
      [
        -0.06266123,
        -0.0203969143,
        0.9978264
      ],
      [
        0.475711048,
        -0.879521132,
        0.0118949795
      ]
    ],
    "translation": [
      2.10364556,
      0.7631376,
      -0.7479339
    ]
  },
  {
    "timeStamp": 58052,
    "rotation": [
      [
        0.845323861,
        0.533091545,
        0.0352275372
      ],
      [
        -0.0186143015,
        -0.0365093574,
        0.999159932
      ],
      [
        0.5339299,
        -0.845269442,
        -0.0209391043
      ]
    ],
    "translation": [
      2.10616875,
      0.7615581,
      -0.7523444
    ]
  },
  {
    "timeStamp": 58097,
    "rotation": [
      [
        0.853087544,
        0.519270241,
        0.0509916
      ],
      [
        -0.0463975333,
        -0.0218447875,
        0.998684168
      ],
      [
        0.5197009,
        -0.8543309,
        0.005457341
      ]
    ],
    "translation": [
      2.104153,
      0.76192,
      -0.7537307
    ]
  },
  {
    "timeStamp": 58152,
    "rotation": [
      [
        0.7922752,
        0.607800663,
        0.05365077
      ],
      [
        -0.06916349,
        0.00209663576,
        0.9976031
      ],
      [
        0.606231332,
        -0.794086933,
        0.04369872
      ]
    ],
    "translation": [
      2.10259,
      0.761545837,
      -0.7552443
    ]
  },
  {
    "timeStamp": 58197,
    "rotation": [
      [
        0.7995708,
        0.599130034,
        0.0415901467
      ],
      [
        -0.0359338522,
        -0.0214011874,
        0.999125
      ],
      [
        0.5994958,
        -0.8003657,
        0.004417286
      ]
    ],
    "translation": [
      2.10407329,
      0.761939645,
      -0.7559637
    ]
  },
  {
    "timeStamp": 58252,
    "rotation": [
      [
        0.799155533,
        0.5999059,
        0.03825339
      ],
      [
        -0.03812197,
        -0.0129303588,
        0.999189436
      ],
      [
        0.599914253,
        -0.799966037,
        0.0125362277
      ]
    ],
    "translation": [
      2.10432,
      0.761876166,
      -0.7569127
    ]
  },
  {
    "timeStamp": 58297,
    "rotation": [
      [
        0.795668364,
        0.604506254,
        0.0385239
      ],
      [
        -0.03931247,
        -0.0119298873,
        0.99915576
      ],
      [
        0.6044555,
        -0.796511054,
        0.0142723992
      ]
    ],
    "translation": [
      2.10416722,
      0.761821747,
      -0.756868243
    ]
  },
  {
    "timeStamp": 58352,
    "rotation": [
      [
        0.790137649,
        0.6119071,
        0.0353867263
      ],
      [
        -0.03530572,
        -0.0122006275,
        0.9993021
      ],
      [
        0.6119118,
        -0.790835559,
        0.011963645
      ]
    ],
    "translation": [
      2.10449052,
      0.761625469,
      -0.7558881
    ]
  },
  {
    "timeStamp": 58397,
    "rotation": [
      [
        0.791033268,
        0.6101892,
        0.0439945273
      ],
      [
        -0.0446588844,
        -0.0141260754,
        0.99890244
      ],
      [
        0.6101409,
        -0.792129755,
        0.0160761736
      ]
    ],
    "translation": [
      2.10294223,
      0.761456668,
      -0.7565925
    ]
  }
]