[
  {
    "timeStamp": 142047,
    "rotation": [
      [
        0.9998275,
        -0.0174229685,
        0.00644062
      ],
      [
        -0.0069943727,
        -0.03191098,
        0.99946624
      ],
      [
        -0.0172081422,
        -0.999338865,
        -0.032027334
      ]
    ],
    "translation": [
      1.465242,
      0.7014043,
      -0.6199164
    ]
  },
  {
    "timeStamp": 142102,
    "rotation": [
      [
        0.9994371,
        -0.0122049432,
        0.0312484168
      ],
      [
        -0.03167593,
        -0.0365648977,
        0.9988291
      ],
      [
        -0.0110480478,
        -0.99925673,
        -0.03693092
      ]
    ],
    "translation": [
      1.46385109,
      0.7021409,
      -0.618709266
    ]
  },
  {
    "timeStamp": 142147,
    "rotation": [
      [
        0.9979557,
        -0.00920236949,
        0.06324402
      ],
      [
        -0.06358823,
        -0.04379375,
        0.9970149
      ],
      [
        -0.00640521944,
        -0.9989982,
        -0.04428938
      ]
    ],
    "translation": [
      1.46111143,
      0.7038813,
      -0.618716061
    ]
  },
  {
    "timeStamp": 142203,
    "rotation": [
      [
        0.996779561,
        -0.0127560869,
        0.07916962
      ],
      [
        -0.07975827,
        -0.0553159937,
        0.995278239
      ],
      [
        -0.008316517,
        -0.9983874,
        -0.0561552532
      ]
    ],
    "translation": [
      1.46317613,
      0.7113186,
      -0.6186329
    ]
  },
  {
    "timeStamp": 142247,
    "rotation": [
      [
        0.9959718,
        -0.0180459786,
        0.0878326148
      ],
      [
        -0.0890201554,
        -0.08152492,
        0.9926878
      ],
      [
        -0.0107534826,
        -0.996507943,
        -0.08280297
      ]
    ],
    "translation": [
      1.46867788,
      0.724172235,
      -0.6183008
    ]
  },
  {
    "timeStamp": 142302,
    "rotation": [
      [
        0.9946912,
        -0.0240679476,
        0.100050882
      ],
      [
        -0.102291875,
        -0.125278458,
        0.986834168
      ],
      [
        -0.011216851,
        -0.991829634,
        -0.127075329
      ]
    ],
    "translation": [
      1.47876489,
      0.745845437,
      -0.6205161
    ]
  },
  {
    "timeStamp": 142347,
    "rotation": [
      [
        0.994770646,
        -0.0210050829,
        0.09995063
      ],
      [
        -0.102010474,
        -0.156234056,
        0.9824382
      ],
      [
        -0.00502052531,
        -0.9874967,
        -0.1575598
      ]
    ],
    "translation": [
      1.49115288,
      0.765583038,
      -0.6274066
    ]
  },
  {
    "timeStamp": 142403,
    "rotation": [
      [
        0.992958,
        -0.02616774,
        0.115541369
      ],
      [
        -0.118379138,
        -0.181495592,
        0.976240635
      ],
      [
        -0.00457578246,
        -0.9830436,
        -0.1833152
      ]
    ],
    "translation": [
      1.51069915,
      0.79179126,
      -0.6430613
    ]
  },
  {
    "timeStamp": 142447,
    "rotation": [
      [
        0.992281437,
        -0.03315405,
        0.119492508
      ],
      [
        -0.123803243,
        -0.209687784,
        0.9698989
      ],
      [
        -0.00709997676,
        -0.9772062,
        -0.212173864
      ]
    ],
    "translation": [
      1.53180194,
      0.814562142,
      -0.660825253
    ]
  },
  {
    "timeStamp": 142502,
    "rotation": [
      [
        0.9941793,
        -0.02908991,
        0.103736721
      ],
      [
        -0.107694112,
        -0.240766287,
        0.964589834
      ],
      [
        -0.00308351871,
        -0.9701471,
        -0.242497683
      ]
    ],
    "translation": [
      1.56244874,
      0.8412884,
      -0.690029
    ]
  },
  {
    "timeStamp": 142547,
    "rotation": [
      [
        0.996197,
        -0.0577648841,
        0.06522959
      ],
      [
        -0.07763866,
        -0.2487113,
        0.965461
      ],
      [
        -0.03954642,
        -0.9668537,
        -0.252250224
      ]
    ],
    "translation": [
      1.59430039,
      0.8576221,
      -0.7168658
    ]
  },
  {
    "timeStamp": 142602,
    "rotation": [
      [
        0.993165433,
        -0.113068074,
        0.02894677
      ],
      [
        -0.05725695,
        -0.2558781,
        0.965011954
      ],
      [
        -0.1017052,
        -0.960073948,
        -0.260603249
      ]
    ],
    "translation": [
      1.63557923,
      0.8757748,
      -0.7512107
    ]
  },
  {
    "timeStamp": 142647,
    "rotation": [
      [
        0.9866212,
        -0.162648141,
        -0.0111474022
      ],
      [
        -0.0329932943,
        -0.266162783,
        0.9633633
      ],
      [
        -0.159656271,
        -0.950106859,
        -0.267968118
      ]
    ],
    "translation": [
      1.66895473,
      0.8894212,
      -0.7774453
    ]
  },
  {
    "timeStamp": 142702,
    "rotation": [
      [
        0.9771295,
        -0.206405446,
        -0.051133398
      ],
      [
        -0.009928602,
        -0.2844861,
        0.9586288
      ],
      [
        -0.212412924,
        -0.9361968,
        -0.2800291
      ]
    ],
    "translation": [
      1.705856,
      0.905401349,
      -0.80773443
    ]
  },
  {
    "timeStamp": 142747,
    "rotation": [
      [
        0.9709661,
        -0.224878043,
        -0.081576705
      ],
      [
        0.007759873,
        -0.3112269,
        0.950304
      ],
      [
        -0.239091352,
        -0.923346,
        -0.300445735
      ]
    ],
    "translation": [
      1.73216558,
      0.917644262,
      -0.828015149
    ]
  },
  {
    "timeStamp": 142802,
    "rotation": [
      [
        0.9617342,
        -0.2555836,
        -0.0987132341
      ],
      [
        0.008644183,
        -0.331803948,
        0.9433088
      ],
      [
        -0.2738477,
        -0.9080656,
        -0.3168979
      ]
    ],
    "translation": [
      1.762484,
      0.9286111,
      -0.8511297
    ]
  },
  {
    "timeStamp": 142847,
    "rotation": [
      [
        0.9562951,
        -0.2689445,
        -0.11475464
      ],
      [
        0.0137986848,
        -0.3505083,
        0.936458
      ],
      [
        -0.2920777,
        -0.8971136,
        -0.331478268
      ]
    ],
    "translation": [
      1.78511369,
      0.934417665,
      -0.866328239
    ]
  },
  {
    "timeStamp": 142902,
    "rotation": [
      [
        0.9558224,
        -0.271009147,
        -0.113831244
      ],
      [
        0.007857286,
        -0.363559484,
        0.931537867
      ],
      [
        -0.2938397,
        -0.891279161,
        -0.345368922
      ]
    ],
    "translation": [
      1.8110615,
      0.938139141,
      -0.881589234
    ]
  },
  {
    "timeStamp": 142946,
    "rotation": [
      [
        0.9599953,
        -0.255354941,
        -0.1149034
      ],
      [
        0.0104169631,
        -0.377494,
        0.925953448
      ],
      [
        -0.279822141,
        -0.8901079,
        -0.359732479
      ]
    ],
    "translation": [
      1.83117163,
      0.939637959,
      -0.8900684
    ]
  },
  {
    "timeStamp": 143003,
    "rotation": [
      [
        0.968344867,
        -0.224598661,
        -0.108919926
      ],
      [
        0.0131334085,
        -0.389902979,
        0.9207623
      ],
      [
        -0.249270186,
        -0.893045962,
        -0.374610841
      ]
    ],
    "translation": [
      1.85577047,
      0.9403509,
      -0.8992627
    ]
  },
  {
    "timeStamp": 143047,
    "rotation": [
      [
        0.974105358,
        -0.2022214,
        -0.10111995
      ],
      [
        0.0105712973,
        -0.406020939,
        0.9138026
      ],
      [
        -0.225847259,
        -0.891209,
        -0.393369436
      ]
    ],
    "translation": [
      1.876677,
      0.9422947,
      -0.905270338
    ]
  },
  {
    "timeStamp": 143102,
    "rotation": [
      [
        0.9818268,
        -0.171835348,
        -0.08055246
      ],
      [
        0.000478014321,
        -0.422213376,
        0.906496346
      ],
      [
        -0.189778447,
        -0.8900609,
        -0.414458275
      ]
    ],
    "translation": [
      1.90158892,
      0.9448811,
      -0.9125137
    ]
  },
  {
    "timeStamp": 143146,
    "rotation": [
      [
        0.985357344,
        -0.157155767,
        -0.0661285743
      ],
      [
        -0.008365658,
        -0.43194133,
        0.9018629
      ],
      [
        -0.170296609,
        -0.888104,
        -0.426931262
      ]
    ],
    "translation": [
      1.92198753,
      0.946754,
      -0.917811
    ]
  },
  {
    "timeStamp": 143202,
    "rotation": [
      [
        0.990391552,
        -0.126127809,
        -0.056713745
      ],
      [
        -0.00424271543,
        -0.4376204,
        0.899149835
      ],
      [
        -0.1382269,
        -0.890269756,
        -0.433950663
      ]
    ],
    "translation": [
      1.94512939,
      0.9491396,
      -0.92392683
    ]
  },
  {
    "timeStamp": 143247,
    "rotation": [
      [
        0.991128862,
        -0.121108867,
        -0.0547373258
      ],
      [
        -0.003828549,
        -0.437701821,
        0.899112046
      ],
      [
        -0.132849067,
        -0.8909263,
        -0.4342826
      ]
    ],
    "translation": [
      1.96431947,
      0.952989042,
      -0.9281466
    ]
  },
  {
    "timeStamp": 143302,
    "rotation": [
      [
        0.993851364,
        -0.106540151,
        -0.0301430877
      ],
      [
        -0.0202839319,
        -0.442826569,
        0.8963778
      ],
      [
        -0.108848386,
        -0.8902549,
        -0.442264855
      ]
    ],
    "translation": [
      1.9847405,
      0.959608138,
      -0.931221068
    ]
  },
  {
    "timeStamp": 143346,
    "rotation": [
      [
        0.995423138,
        -0.0893864,
        -0.03380564
      ],
      [
        -0.0104832137,
        -0.453742981,
        0.891070962
      ],
      [
        -0.0949887,
        -0.8866382,
        -0.4526033
      ]
    ],
    "translation": [
      2.00160217,
      0.964404166,
      -0.931703448
    ]
  },
  {
    "timeStamp": 143402,
    "rotation": [
      [
        0.9966744,
        -0.07406782,
        -0.0339721665
      ],
      [
        -0.00431962451,
        -0.4643393,
        0.8856469
      ],
      [
        -0.08137255,
        -0.8825548,
        -0.463115036
      ]
    ],
    "translation": [
      2.02279615,
      0.968466043,
      -0.9317203
    ]
  },
  {
    "timeStamp": 143446,
    "rotation": [
      [
        0.9963947,
        -0.07034665,
        -0.047423847
      ],
      [
        0.008250754,
        -0.475987762,
        0.8794132
      ],
      [
        -0.08443695,
        -0.8766339,
        -0.473691255
      ]
    ],
    "translation": [
      2.04108739,
      0.9707916,
      -0.931223154
    ]
  },
  {
    "timeStamp": 143501,
    "rotation": [
      [
        0.9951601,
        -0.0782361552,
        -0.059460666
      ],
      [
        0.01445942,
        -0.481922239,
        0.8760947
      ],
      [
        -0.0971977,
        -0.8727143,
        -0.4784585
      ]
    ],
    "translation": [
      2.06436229,
      0.970387042,
      -0.929949641
    ]
  },
  {
    "timeStamp": 143546,
    "rotation": [
      [
        0.993258357,
        -0.0958392,
        -0.06521268
      ],
      [
        0.010940358,
        -0.482545942,
        0.875802338
      ],
      [
        -0.115404315,
        -0.8706114,
        -0.478244275
      ]
    ],
    "translation": [
      2.08249712,
      0.967981,
      -0.927838564
    ]
  },
  {
    "timeStamp": 143601,
    "rotation": [
      [
        0.9916012,
        -0.102451518,
        -0.07893467
      ],
      [
        0.019654531,
        -0.483861655,
        0.874923766
      ],
      [
        -0.127830729,
        -0.8691269,
        -0.4777842
      ]
    ],
    "translation": [
      2.10298181,
      0.9652634,
      -0.9235953
    ]
  },
  {
    "timeStamp": 143646,
    "rotation": [
      [
        0.9902199,
        -0.106846422,
        -0.08971331
      ],
      [
        0.02669474,
        -0.486051857,
        0.873522162
      ],
      [
        -0.13693805,
        -0.8673739,
        -0.478445977
      ]
    ],
    "translation": [
      2.118065,
      0.9647684,
      -0.919132769
    ]
  },
  {
    "timeStamp": 143701,
    "rotation": [
      [
        0.9887134,
        -0.104619049,
        -0.107241958
      ],
      [
        0.0429385,
        -0.487903863,
        0.871840656
      ],
      [
        -0.1435349,
        -0.8666053,
        -0.477904856
      ]
    ],
    "translation": [
      2.13646913,
      0.965619445,
      -0.912659943
    ]
  },
  {
    "timeStamp": 143746,
    "rotation": [
      [
        0.9874246,
        -0.09547042,
        -0.12600784
      ],
      [
        0.06396338,
        -0.487643719,
        0.8706964
      ],
      [
        -0.14457269,
        -0.867807,
        -0.475404829
      ]
    ],
    "translation": [
      2.15155983,
      0.9679304,
      -0.9077183
    ]
  },
  {
    "timeStamp": 143801,
    "rotation": [
      [
        0.985796869,
        -0.104863673,
        -0.131179452
      ],
      [
        0.0649756,
        -0.482124925,
        0.8736897
      ],
      [
        -0.1548632,
        -0.869804,
        -0.4684637
      ]
    ],
    "translation": [
      2.17075562,
      0.9703347,
      -0.901675344
    ]
  },
  {
    "timeStamp": 143846,
    "rotation": [
      [
        0.9835627,
        -0.113817967,
        -0.1401782
      ],
      [
        0.07196228,
        -0.464924484,
        0.8824209
      ],
      [
        -0.165607631,
        -0.878003836,
        -0.449091762
      ]
    ],
    "translation": [
      2.18660665,
      0.971648,
      -0.8976262
    ]
  },
  {
    "timeStamp": 143902,
    "rotation": [
      [
        0.9845437,
        -0.0998595655,
        -0.143880934
      ],
      [
        0.0845181346,
        -0.448634773,
        0.8897098
      ],
      [
        -0.15339604,
        -0.8881187,
        -0.43326062
      ]
    ],
    "translation": [
      2.20281625,
      0.97285074,
      -0.8904749
    ]
  },
  {
    "timeStamp": 143946,
    "rotation": [
      [
        0.9847188,
        -0.08762009,
        -0.150504753
      ],
      [
        0.09754186,
        -0.4384479,
        0.8934478
      ],
      [
        -0.144272476,
        -0.8944754,
        -0.423201233
      ]
    ],
    "translation": [
      2.21577978,
      0.9731731,
      -0.8821377
    ]
  },
  {
    "timeStamp": 144002,
    "rotation": [
      [
        0.9875759,
        -0.0599839166,
        -0.145244166
      ],
      [
        0.105213106,
        -0.434138119,
        0.894681156
      ],
      [
        -0.116722487,
        -0.8988471,
        -0.4224332
      ]
    ],
    "translation": [
      2.22868633,
      0.972910643,
      -0.8680842
    ]
  },
  {
    "timeStamp": 144046,
    "rotation": [
      [
        0.9889426,
        -0.0456098244,
        -0.141111
      ],
      [
        0.107668146,
        -0.433520377,
        0.8946886
      ],
      [
        -0.101981074,
        -0.89998883,
        -0.423816055
      ]
    ],
    "translation": [
      2.238152,
      0.970978558,
      -0.8546984
    ]
  },
  {
    "timeStamp": 144102,
    "rotation": [
      [
        0.992137551,
        -0.0301563758,
        -0.1214648
      ],
      [
        0.09722154,
        -0.4254513,
        0.8997439
      ],
      [
        -0.07881038,
        -0.9044787,
        -0.419174373
      ]
    ],
    "translation": [
      2.24696565,
      0.9651998,
      -0.838283241
    ]
  },
  {
    "timeStamp": 144146,
    "rotation": [
      [
        0.9929716,
        -0.00912283,
        -0.118001059
      ],
      [
        0.103118442,
        -0.422643572,
        0.9004105
      ],
      [
        -0.0580866747,
        -0.9062501,
        -0.418732315
      ]
    ],
    "translation": [
      2.25219584,
      0.9623222,
      -0.82428
    ]
  },
  {
    "timeStamp": 144202,
    "rotation": [
      [
        0.9962907,
        0.0277739819,
        -0.08144624
      ],
      [
        0.08554079,
        -0.422631323,
        0.9022558
      ],
      [
        -0.009362506,
        -0.905876,
        -0.423439473
      ]
    ],
    "translation": [
      2.253517,
      0.9589062,
      -0.8059698
    ]
  },
  {
    "timeStamp": 144247,
    "rotation": [
      [
        0.9964477,
        0.05975066,
        -0.0593452044
      ],
      [
        0.07910588,
        -0.42241174,
        0.9029455
      ],
      [
        0.0288834833,
        -0.904432535,
        -0.4256378
      ]
    ],
    "translation": [
      2.25433969,
      0.955586255,
      -0.7898393
    ]
  },
  {
    "timeStamp": 144302,
    "rotation": [
      [
        0.9932933,
        0.1118687,
        -0.0292205438
      ],
      [
        0.07376324,
        -0.4185057,
        0.9052138
      ],
      [
        0.08903613,
        -0.901298165,
        -0.4239507
      ]
    ],
    "translation": [
      2.254711,
      0.95005554,
      -0.7687165
    ]
  },
  {
    "timeStamp": 144346,
    "rotation": [
      [
        0.989328444,
        0.143732235,
        -0.02388006
      ],
      [
        0.08205384,
        -0.414181262,
        0.9064883
      ],
      [
        0.120400921,
        -0.8987741,
        -0.4215551
      ]
    ],
    "translation": [
      2.2569418,
      0.946720064,
      -0.751272261
    ]
  },
  {
    "timeStamp": 144402,
    "rotation": [
      [
        0.9828051,
        0.184150353,
        -0.0135249943
      ],
      [
        0.08907519,
        -0.408679754,
        0.908320665
      ],
      [
        0.161740169,
        -0.8939069,
        -0.418055743
      ]
    ],
    "translation": [
      2.25791144,
      0.9452865,
      -0.7306423
    ]
  },
  {
    "timeStamp": 144446,
    "rotation": [
      [
        0.9769093,
        0.213461444,
        -0.009084343
      ],
      [
        0.0980333239,
        -0.410061032,
        0.906774163
      ],
      [
        0.189836189,
        -0.8867266,
        -0.421518743
      ]
    ],
    "translation": [
      2.257738,
      0.9465692,
      -0.714955151
    ]
  },
  {
    "timeStamp": 144502,
    "rotation": [
      [
        0.9680716,
        0.250591874,
        0.006410018
      ],
      [
        0.100635074,
        -0.411933273,
        0.9056399
      ],
      [
        0.229586482,
        -0.8760792,
        -0.42399922
      ]
    ],
    "translation": [
      2.25557017,
      0.947086751,
      -0.697334051
    ]
  },
  {
    "timeStamp": 144546,
    "rotation": [
      [
        0.9614354,
        0.274470985,
        0.0175409615
      ],
      [
        0.100986056,
        -0.411625057,
        0.9057409
      ],
      [
        0.2558199,
        -0.869039953,
        -0.42346862
      ]
    ],
    "translation": [
      2.25517344,
      0.942374468,
      -0.6858838
    ]
  },
  {
    "timeStamp": 144601,
    "rotation": [
      [
        0.9565794,
        0.289689362,
        0.0321868435
      ],
      [
        0.09216487,
        -0.405387759,
        0.9094869
      ],
      [
        0.276516855,
        -0.8670299,
        -0.414484739
      ]
    ],
    "translation": [
      2.25411916,
      0.938846,
      -0.6701165
    ]
  },
  {
    "timeStamp": 144646,
    "rotation": [
      [
        0.955142736,
        0.293078154,
        0.0425147153
      ],
      [
        0.0813214555,
        -0.3976063,
        0.9139453
      ],
      [
        0.284761518,
        -0.869490862,
        -0.403604329
      ]
    ],
    "translation": [
      2.25289726,
      0.9353376,
      -0.658825159
    ]
  },
  {
    "timeStamp": 144701,
    "rotation": [
      [
        0.9572864,
        0.27487725,
        0.08969494
      ],
      [
        0.0255807228,
        -0.38950938,
        0.9206672
      ],
      [
        0.2880075,
        -0.8790477,
        -0.379903585
      ]
    ],
    "translation": [
      2.24685216,
      0.9310722,
      -0.646019936
    ]
  },
  {
    "timeStamp": 144746,
    "rotation": [
      [
        0.9583004,
        0.260561615,
        0.117336854
      ],
      [
        -0.009233196,
        -0.382162333,
        0.9240491
      ],
      [
        0.285613447,
        -0.8866,
        -0.3638205
      ]
    ],
    "translation": [
      2.24015975,
      0.9279839,
      -0.6361838
    ]
  },
  {
    "timeStamp": 144801,
    "rotation": [
      [
        0.9562566,
        0.228658155,
        0.1824517
      ],
      [
        -0.09186596,
        -0.357416123,
        0.9294161
      ],
      [
        0.27772975,
        -0.905521452,
        -0.320775658
      ]
    ],
    "translation": [
      2.22489977,
      0.9230185,
      -0.625453
    ]
  },
  {
    "timeStamp": 144846,
    "rotation": [
      [
        0.952080667,
        0.225496337,
        0.206624851
      ],
      [
        -0.119913094,
        -0.346277922,
        0.9304367
      ],
      [
        0.2813597,
        -0.9106278,
        -0.302644551
      ]
    ],
    "translation": [
      2.20789266,
      0.920046031,
      -0.6164815
    ]
  },
  {
    "timeStamp": 144901,
    "rotation": [
      [
        0.941863656,
        0.227111861,
        0.247614771
      ],
      [
        -0.163613558,
        -0.333667666,
        0.9283838
      ],
      [
        0.293468,
        -0.9149241,
        -0.277110875
      ]
    ],
    "translation": [
      2.181694,
      0.9132916,
      -0.6029241
    ]
  },
  {
    "timeStamp": 144946,
    "rotation": [
      [
        0.941836,
        0.220742747,
        0.25341177
      ],
      [
        -0.176574558,
        -0.316545129,
        0.9319982
      ],
      [
        0.285948068,
        -0.9225355,
        -0.259156078
      ]
    ],
    "translation": [
      2.16386056,
      0.9035983,
      -0.589838862
    ]
  },
  {
    "timeStamp": 145001,
    "rotation": [
      [
        0.9458922,
        0.240316808,
        0.218026921
      ],
      [
        -0.142210588,
        -0.29692623,
        0.944251537
      ],
      [
        0.291657418,
        -0.9241659,
        -0.246684626
      ]
    ],
    "translation": [
      2.14505482,
      0.886876941,
      -0.5736407
    ]
  },
  {
    "timeStamp": 145046,
    "rotation": [
      [
        0.9481309,
        0.249357477,
        0.1971512
      ],
      [
        -0.124587737,
        -0.279085249,
        0.9521498
      ],
      [
        0.292447716,
        -0.9273253,
        -0.233542457
      ]
    ],
    "translation": [
      2.13347173,
      0.87459296,
      -0.5634605
    ]
  },
  {
    "timeStamp": 145101,
    "rotation": [
      [
        0.9511141,
        0.245204538,
        0.1877677
      ],
      [
        -0.122773938,
        -0.2576798,
        0.9583985
      ],
      [
        0.283387572,
        -0.93459934,
        -0.214978158
      ]
    ],
    "translation": [
      2.1224637,
      0.861660242,
      -0.552970469
    ]
  },
  {
    "timeStamp": 145146,
    "rotation": [
      [
        0.955872357,
        0.238687143,
        0.171278849
      ],
      [
        -0.114156932,
        -0.235424817,
        0.965164959
      ],
      [
        0.270695716,
        -0.942127168,
        -0.197788283
      ]
    ],
    "translation": [
      2.11852527,
      0.8498983,
      -0.5468415
    ]
  },
  {
    "timeStamp": 145201,
    "rotation": [
      [
        0.9588217,
        0.247788236,
        0.138787687
      ],
      [
        -0.08332939,
        -0.22172226,
        0.971542835
      ],
      [
        0.271509171,
        -0.9431014,
        -0.191944078
      ]
    ],
    "translation": [
      2.11673713,
      0.8383585,
      -0.5408133
    ]
  },
  {
    "timeStamp": 145246,
    "rotation": [
      [
        0.9609159,
        0.2446614,
        0.129542977
      ],
      [
        -0.07807871,
        -0.209427044,
        0.974702
      ],
      [
        0.265601784,
        -0.9467212,
        -0.182138935
      ]
    ],
    "translation": [
      2.1162312,
      0.8320783,
      -0.5387158
    ]
  },
  {
    "timeStamp": 145301,
    "rotation": [
      [
        0.956928,
        0.257215977,
        0.134642735
      ],
      [
        -0.08182661,
        -0.206016779,
        0.97512126
      ],
      [
        0.278555423,
        -0.9441382,
        -0.176096112
      ]
    ],
    "translation": [
      2.1144135,
      0.8274038,
      -0.5384151
    ]
  },
  {
    "timeStamp": 145346,
    "rotation": [
      [
        0.9510736,
        0.253165,
        0.177106231
      ],
      [
        -0.124622472,
        -0.210187972,
        0.9696857
      ],
      [
        0.282716066,
        -0.9443138,
        -0.168354169
      ]
    ],
    "translation": [
      2.112747,
      0.8252545,
      -0.538561
    ]
  },
  {
    "timeStamp": 145401,
    "rotation": [
      [
        0.9350229,
        0.2674013,
        0.232870579
      ],
      [
        -0.176762253,
        -0.217815042,
        0.959849834
      ],
      [
        0.307387829,
        -0.9386443,
        -0.1563956
      ]
    ],
    "translation": [
      2.11036634,
      0.822853446,
      -0.53768
    ]
  },
  {
    "timeStamp": 145446,
    "rotation": [
      [
        0.9145244,
        0.298667073,
        0.2728429
      ],
      [
        -0.20745419,
        -0.232765809,
        0.9501489
      ],
      [
        0.347286671,
        -0.9255367,
        -0.150910258
      ]
    ],
    "translation": [
      2.1083498,
      0.8214785,
      -0.5358036
    ]
  },
  {
    "timeStamp": 145501,
    "rotation": [
      [
        0.900767863,
        0.333993465,
        0.277606815
      ],
      [
        -0.201294065,
        -0.245329455,
        0.9483112
      ],
      [
        0.3848349,
        -0.9100889,
        -0.153753981
      ]
    ],
    "translation": [
      2.10780859,
      0.821721137,
      -0.533755541
    ]
  },
  {
    "timeStamp": 145557,
    "rotation": [
      [
        0.8835777,
        0.361585259,
        0.297567457
      ],
      [
        -0.21567598,
        -0.249811232,
        0.943969369
      ],
      [
        0.415661126,
        -0.8982485,
        -0.14274238
      ]
    ],
    "translation": [
      2.10646582,
      0.8211079,
      -0.5326657
    ]
  },
  {
    "timeStamp": 145601,
    "rotation": [
      [
        0.8725525,
        0.384999156,
        0.300712228
      ],
      [
        -0.212999851,
        -0.254142374,
        0.943420768
      ],
      [
        0.4396399,
        -0.887235761,
        -0.1397478
      ]
    ],
    "translation": [
      2.105892,
      0.8212858,
      -0.531766534
    ]
  },
  {
    "timeStamp": 145646,
    "rotation": [
      [
        0.8586999,
        0.404755682,
        0.314336151
      ],
      [
        -0.224236652,
        -0.254783571,
        0.9406398
      ],
      [
        0.460817,
        -0.878213048,
        -0.128021583
      ]
    ],
    "translation": [
      2.1047442,
      0.820828736,
      -0.5311197
    ]
  },
  {
    "timeStamp": 145701,
    "rotation": [
      [
        0.823530853,
        0.402168363,
        0.40007183
      ],
      [
        -0.294192255,
        -0.3002152,
        0.907370746
      ],
      [
        0.4850235,
        -0.8649458,
        -0.128921673
      ]
    ],
    "translation": [
      2.100313,
      0.818280339,
      -0.530228257
    ]
  },
  {
    "timeStamp": 145757,
    "rotation": [
      [
        0.77142036,
        0.371034682,
        0.5169564
      ],
      [
        -0.365765423,
        -0.406231254,
        0.837371945
      ],
      [
        0.5206979,
        -0.8350505,
        -0.177663386
      ]
    ],
    "translation": [
      2.092317,
      0.8167517,
      -0.528288245
    ]
  },
  {
    "timeStamp": 145801,
    "rotation": [
      [
        0.757004559,
        0.343229055,
        0.5560018
      ],
      [
        -0.384348184,
        -0.454239935,
        0.8037055
      ],
      [
        0.5284133,
        -0.822107,
        -0.211942226
      ]
    ],
    "translation": [
      2.09057641,
      0.815981746,
      -0.5274084
    ]
  },
  {
    "timeStamp": 145857,
    "rotation": [
      [
        0.73766,
        0.3226414,
        0.593093753
      ],
      [
        -0.406284153,
        -0.489473939,
        0.7715882
      ],
      [
        0.5392503,
        -0.810134351,
        -0.229981259
      ]
    ],
    "translation": [
      2.08950758,
      0.8156046,
      -0.526697
    ]
  },
  {
    "timeStamp": 145901,
    "rotation": [
      [
        0.7352853,
        0.317044526,
        0.5990312
      ],
      [
        -0.408640623,
        -0.497743547,
        0.7650257
      ],
      [
        0.5407111,
        -0.807300568,
        -0.2364262
      ]
    ],
    "translation": [
      2.08928776,
      0.815468,
      -0.5264978
    ]
  },
  {
    "timeStamp": 145957,
    "rotation": [
      [
        0.732647955,
        0.317314744,
        0.6021116
      ],
      [
        -0.4089888,
        -0.5018654,
        0.7621413
      ],
      [
        0.5440176,
        -0.804638147,
        -0.237912461
      ]
    ],
    "translation": [
      2.08929276,
      0.815476835,
      -0.5263345
    ]
  },
  {
    "timeStamp": 146001,
    "rotation": [
      [
        0.733917356,
        0.3248946,
        0.5964971
      ],
      [
        -0.406614423,
        -0.493297756,
        0.768974662
      ],
      [
        0.5440864,
        -0.8069082,
        -0.229932934
      ]
    ],
    "translation": [
      2.08954,
      0.8154992,
      -0.526587844
    ]
  }
]