[
  {
    "timeStamp": 40321,
    "rotation": [
      [
        0.999846458,
        0.000275247527,
        -0.0175195355
      ],
      [
        0.01751953,
        2.16339213E-05,
        0.9998465
      ],
      [
        0.000275584316,
        -0.99999994,
        1.68083916E-05
      ]
    ],
    "translation": [
      2.2474072,
      0.874524236,
      -0.5920618
    ]
  },
  {
    "timeStamp": 40368,
    "rotation": [
      [
        0.999874949,
        0.00132317375,
        -0.01576006
      ],
      [
        0.01576127,
        -0.000908553833,
        0.999875367
      ],
      [
        0.00130868959,
        -0.999998748,
        -0.000929295144
      ]
    ],
    "translation": [
      2.247285,
      0.8746288,
      -0.5920037
    ]
  },
  {
    "timeStamp": 40421,
    "rotation": [
      [
        0.9995408,
        0.000515038264,
        -0.03029595
      ],
      [
        0.0302965771,
        -0.00125801621,
        0.99954015
      ],
      [
        0.000476687652,
        -0.9999991,
        -0.00127304252
      ]
    ],
    "translation": [
      2.2471385,
      0.874444962,
      -0.591929436
    ]
  },
  {
    "timeStamp": 40466,
    "rotation": [
      [
        0.9992543,
        -0.00193284813,
        -0.03856368
      ],
      [
        0.03856459,
        0.0004353817,
        0.999256
      ],
      [
        -0.00191462017,
        -0.999998033,
        0.0005095965
      ]
    ],
    "translation": [
      2.24699783,
      0.8745537,
      -0.5920123
    ]
  },
  {
    "timeStamp": 40523,
    "rotation": [
      [
        0.998885334,
        -0.00450771768,
        -0.04698721
      ],
      [
        0.04700699,
        0.004387141,
        0.9988849
      ],
      [
        -0.00429655,
        -0.9999803,
        0.004594145
      ]
    ],
    "translation": [
      2.246853,
      0.874615,
      -0.5924624
    ]
  },
  {
    "timeStamp": 40569,
    "rotation": [
      [
        0.995164454,
        4.652441E-05,
        -0.0982224
      ],
      [
        0.09822125,
        0.00438834634,
        0.9951549
      ],
      [
        0.000477333757,
        -0.999990344,
        0.004362557
      ]
    ],
    "translation": [
      2.24656367,
      0.876031041,
      -0.592747569
    ]
  },
  {
    "timeStamp": 40625,
    "rotation": [
      [
        0.9923122,
        0.035037782,
        -0.118696652
      ],
      [
        0.118587196,
        0.005193047,
        0.992930055
      ],
      [
        0.0354064666,
        -0.999372542,
        0.0009980912
      ]
    ],
    "translation": [
      2.23850226,
      0.8815717,
      -0.594563842
    ]
  },
  {
    "timeStamp": 40671,
    "rotation": [
      [
        0.9801524,
        0.1582937,
        -0.119349241
      ],
      [
        0.118020684,
        0.0178011581,
        0.992851555
      ],
      [
        0.1592867,
        -0.987231553,
        -0.00123408227
      ]
    ],
    "translation": [
      2.23214555,
      0.884415567,
      -0.598845
    ]
  },
  {
    "timeStamp": 40715,
    "rotation": [
      [
        0.9205361,
        0.376705021,
        -0.103472225
      ],
      [
        0.09779457,
        0.0342227966,
        0.994618
      ],
      [
        0.3782187,
        -0.925700843,
        -0.00533638755
      ]
    ],
    "translation": [
      2.22528529,
      0.8881389,
      -0.605064034
    ]
  },
  {
    "timeStamp": 40771,
    "rotation": [
      [
        0.851531446,
        0.5163128,
        -0.09118858
      ],
      [
        0.08214894,
        0.0403888971,
        0.9958013
      ],
      [
        0.5178279,
        -0.8554472,
        -0.008022131
      ]
    ],
    "translation": [
      2.21929121,
      0.892246246,
      -0.6107482
    ]
  },
  {
    "timeStamp": 40815,
    "rotation": [
      [
        0.8268269,
        0.5555256,
        -0.0880263448
      ],
      [
        0.07946952,
        0.03955051,
        0.9960524
      ],
      [
        0.556814134,
        -0.8305583,
        -0.0114459284
      ]
    ],
    "translation": [
      2.217859,
      0.898973346,
      -0.6115585
    ]
  },
  {
    "timeStamp": 40871,
    "rotation": [
      [
        0.803586662,
        0.59067136,
        -0.07318395
      ],
      [
        0.0670263842,
        0.03236898,
        0.997226
      ],
      [
        0.5914017,
        -0.806262732,
        -0.0135792848
      ]
    ],
    "translation": [
      2.21666574,
      0.904894,
      -0.61216104
    ]
  },
  {
    "timeStamp": 40915,
    "rotation": [
      [
        0.803254545,
        0.5924459,
        -0.0615629256
      ],
      [
        0.05168795,
        0.03363543,
        0.9980967
      ],
      [
        0.593389,
        -0.804907739,
        -0.00360450172
      ]
    ],
    "translation": [
      2.216454,
      0.9055804,
      -0.6125751
    ]
  },
  {
    "timeStamp": 40971,
    "rotation": [
      [
        0.7960943,
        0.6028676,
        -0.05276865
      ],
      [
        0.03747721,
        0.0379158221,
        0.9985779
      ],
      [
        0.604011059,
        -0.7969398,
        0.00759077352
      ]
    ],
    "translation": [
      2.21683574,
      0.9059676,
      -0.613875747
    ]
  },
  {
    "timeStamp": 41015,
    "rotation": [
      [
        0.7982132,
        0.600825965,
        -0.04317322
      ],
      [
        0.0212443657,
        0.0435483456,
        0.998825431
      ],
      [
        0.602000356,
        -0.7981928,
        0.0219966974
      ]
    ],
    "translation": [
      2.21655726,
      0.9064078,
      -0.613954365
    ]
  },
  {
    "timeStamp": 41071,
    "rotation": [
      [
        0.786973834,
        0.615777969,
        -0.0385965034
      ],
      [
        0.0109255342,
        0.04863832,
        0.9987567
      ],
      [
        0.616889656,
        -0.786417067,
        0.031549383
      ]
    ],
    "translation": [
      2.215834,
      0.907482266,
      -0.6144309
    ]
  },
  {
    "timeStamp": 41115,
    "rotation": [
      [
        0.754070163,
        0.655479,
        -0.0415387377
      ],
      [
        0.00667972537,
        0.0555877425,
        0.998431444
      ],
      [
        0.65676,
        -0.7531648,
        0.0375386365
      ]
    ],
    "translation": [
      2.214521,
      0.9111279,
      -0.615646
    ]
  },
  {
    "timeStamp": 41171,
    "rotation": [
      [
        0.7282246,
        0.684186,
        -0.0397291221
      ],
      [
        -0.007935784,
        0.06638438,
        0.997762561
      ],
      [
        0.6852926,
        -0.7262799,
        0.05377229
      ]
    ],
    "translation": [
      2.21261621,
      0.914590836,
      -0.616381645
    ]
  },
  {
    "timeStamp": 41215,
    "rotation": [
      [
        0.658040345,
        0.7499077,
        -0.06798082
      ],
      [
        0.008611907,
        0.08278083,
        0.9965306
      ],
      [
        0.7529334,
        -0.6563428,
        0.04801499
      ]
    ],
    "translation": [
      2.21286869,
      0.9257914,
      -0.6075227
    ]
  },
  {
    "timeStamp": 41271,
    "rotation": [
      [
        0.6023474,
        0.7913911,
        -0.104297094
      ],
      [
        0.0265164,
        0.11074993,
        0.9934945
      ],
      [
        0.797793567,
        -0.6011944,
        0.0457250848
      ]
    ],
    "translation": [
      2.21315646,
      0.940723836,
      -0.596980155
    ]
  },
  {
    "timeStamp": 41315,
    "rotation": [
      [
        0.5301524,
        0.839698553,
        -0.117663659
      ],
      [
        0.0566068329,
        0.103409626,
        0.993026733
      ],
      [
        0.8460107,
        -0.533116043,
        0.00729018031
      ]
    ],
    "translation": [
      2.21307921,
      0.9504729,
      -0.588952
    ]
  },
  {
    "timeStamp": 41371,
    "rotation": [
      [
        0.428872436,
        0.8939541,
        -0.130055845
      ],
      [
        0.102633841,
        0.09481822,
        0.9901898
      ],
      [
        0.8975159,
        -0.438013226,
        -0.05108502
      ]
    ],
    "translation": [
      2.21412,
      0.953246534,
      -0.5825915
    ]
  },
  {
    "timeStamp": 41415,
    "rotation": [
      [
        0.272515,
        0.951920033,
        -0.139942124
      ],
      [
        0.16301097,
        0.09766496,
        0.9817785
      ],
      [
        0.948242068,
        -0.290361434,
        -0.128558248
      ]
    ],
    "translation": [
      2.21761036,
      0.95253104,
      -0.5704826
    ]
  },
  {
    "timeStamp": 41465,
    "rotation": [
      [
        0.147474527,
        0.9761869,
        -0.15909262
      ],
      [
        0.223847166,
        0.123735622,
        0.9667378
      ],
      [
        0.963402152,
        -0.1781816,
        -0.20026882
      ]
    ],
    "translation": [
      2.22243786,
      0.950184762,
      -0.5607015
    ]
  },
  {
    "timeStamp": 41521,
    "rotation": [
      [
        0.02402886,
        0.982154667,
        -0.186533734
      ],
      [
        0.221361578,
        0.17672883,
        0.9590443
      ],
      [
        0.9748957,
        -0.0643361658,
        -0.213164717
      ]
    ],
    "translation": [
      2.22988582,
      0.945656657,
      -0.568433046
    ]
  },
  {
    "timeStamp": 41565,
    "rotation": [
      [
        0.02455023,
        0.9822657,
        -0.1858797
      ],
      [
        0.233232126,
        0.175176963,
        0.956512332
      ],
      [
        0.9721111,
        -0.066835694,
        -0.2247953
      ]
    ],
    "translation": [
      2.23057151,
      0.9454818,
      -0.568224132
    ]
  },
  {
    "timeStamp": 41623,
    "rotation": [
      [
        0.0429855175,
        0.983772933,
        -0.174192458
      ],
      [
        0.210005835,
        0.1615611,
        0.9642591
      ],
      [
        0.976754665,
        -0.0780305862,
        -0.199653283
      ]
    ],
    "translation": [
      2.23060822,
      0.9444903,
      -0.566583
    ]
  },
  {
    "timeStamp": 41665,
    "rotation": [
      [
        0.04985031,
        0.9866789,
        -0.154853925
      ],
      [
        0.181011915,
        0.143553555,
        0.9729476
      ],
      [
        0.982216656,
        -0.07653217,
        -0.171444431
      ]
    ],
    "translation": [
      2.23034382,
      0.9433333,
      -0.565548956
    ]
  },
  {
    "timeStamp": 41721,
    "rotation": [
      [
        0.0443493463,
        0.9899544,
        -0.13425146
      ],
      [
        0.149551824,
        0.126290545,
        0.9806554
      ],
      [
        0.987758756,
        -0.0635689646,
        -0.142448589
      ]
    ],
    "translation": [
      2.23080587,
      0.941246867,
      -0.5652451
    ]
  },
  {
    "timeStamp": 41765,
    "rotation": [
      [
        0.035676308,
        0.992353141,
        -0.118162528
      ],
      [
        0.125049576,
        0.112875678,
        0.9857087
      ],
      [
        0.991508842,
        -0.04994263,
        -0.120066352
      ]
    ],
    "translation": [
      2.232419,
      0.938740849,
      -0.5652284
    ]
  },
  {
    "timeStamp": 41821,
    "rotation": [
      [
        0.0346331075,
        0.994813,
        -0.09564282
      ],
      [
        0.108255215,
        0.09140289,
        0.9899123
      ],
      [
        0.993519664,
        -0.04463758,
        -0.104528137
      ]
    ],
    "translation": [
      2.23360872,
      0.9349715,
      -0.563893735
    ]
  },
  {
    "timeStamp": 41865,
    "rotation": [
      [
        0.009650984,
        0.996289849,
        -0.08551859
      ],
      [
        0.0905023,
        0.0843013,
        0.992321849
      ],
      [
        0.9958495,
        -0.0173164979,
        -0.0893529356
      ]
    ],
    "translation": [
      2.23385167,
      0.930654049,
      -0.5642494
    ]
  },
  {
    "timeStamp": 41921,
    "rotation": [
      [
        -0.0205890778,
        0.996391833,
        -0.08233753
      ],
      [
        0.08695463,
        0.0838275254,
        0.9926791
      ],
      [
        0.9959995,
        0.0132787153,
        -0.088366814
      ]
    ],
    "translation": [
      2.235068,
      0.9241788,
      -0.5643676
    ]
  },
  {
    "timeStamp": 41965,
    "rotation": [
      [
        0.0114833144,
        0.9964012,
        -0.0839809254
      ],
      [
        0.108155169,
        0.0822560638,
        0.99072516
      ],
      [
        0.9940677,
        -0.0204598084,
        -0.106821366
      ]
    ],
    "translation": [
      2.23544836,
      0.917766035,
      -0.5598262
    ]
  },
  {
    "timeStamp": 42022,
    "rotation": [
      [
        0.01564178,
        0.9965717,
        -0.0812413245
      ],
      [
        0.107057832,
        0.0791149437,
        0.991100132
      ],
      [
        0.9941298,
        -0.0242000781,
        -0.105453312
      ]
    ],
    "translation": [
      2.23566628,
      0.9108399,
      -0.5571933
    ]
  },
  {
    "timeStamp": 42067,
    "rotation": [
      [
        0.0240473114,
        0.99722904,
        -0.07039874
      ],
      [
        0.09579419,
        0.0677965358,
        0.9930897
      ],
      [
        0.995110631,
        -0.0306249261,
        -0.09389842
      ]
    ],
    "translation": [
      2.23491359,
      0.905027449,
      -0.5548223
    ]
  },
  {
    "timeStamp": 42124,
    "rotation": [
      [
        0.03676164,
        0.997955739,
        -0.0522786677
      ],
      [
        0.07341691,
        0.0494756065,
        0.996073365
      ],
      [
        0.996623635,
        -0.0404554158,
        -0.07144802
      ]
    ],
    "translation": [
      2.23373771,
      0.899232864,
      -0.5524084
    ]
  },
  {
    "timeStamp": 42169,
    "rotation": [
      [
        0.0619693846,
        0.99563396,
        -0.06980492
      ],
      [
        0.09286326,
        0.06388431,
        0.9936273
      ],
      [
        0.993748546,
        -0.06805677,
        -0.08849896
      ]
    ],
    "translation": [
      2.23473382,
      0.89805156,
      -0.5487476
    ]
  },
  {
    "timeStamp": 42215,
    "rotation": [
      [
        0.0360561945,
        0.9973952,
        -0.06247114
      ],
      [
        0.0758407637,
        0.0596005581,
        0.9953371
      ],
      [
        0.996467769,
        -0.0406259038,
        -0.07349425
      ]
    ],
    "translation": [
      2.23605275,
      0.8970689,
      -0.546069443
    ]
  },
  {
    "timeStamp": 42270,
    "rotation": [
      [
        0.0230026934,
        0.9973101,
        -0.06959475
      ],
      [
        0.05043989,
        0.068366766,
        0.9963844
      ],
      [
        0.998462141,
        -0.0264298581,
        -0.0487315953
      ]
    ],
    "translation": [
      2.23677158,
      0.8953407,
      -0.5456669
    ]
  },
  {
    "timeStamp": 42315,
    "rotation": [
      [
        0.0175594781,
        0.996464431,
        -0.08215987
      ],
      [
        0.0418864,
        0.08136728,
        0.995803654
      ],
      [
        0.998968065,
        -0.0209271647,
        -0.04030954
      ]
    ],
    "translation": [
      2.23732138,
      0.892886937,
      -0.5460941
    ]
  },
  {
    "timeStamp": 42370,
    "rotation": [
      [
        0.0124695739,
        0.9948632,
        -0.100457042
      ],
      [
        0.0409811139,
        0.09987197,
        0.994156
      ],
      [
        0.9990821,
        -0.0165135358,
        -0.0395252444
      ]
    ],
    "translation": [
      2.23903537,
      0.8914161,
      -0.5457104
    ]
  },
  {
    "timeStamp": 42415,
    "rotation": [
      [
        0.0294900853,
        0.9949311,
        -0.0961378738
      ],
      [
        0.0356770679,
        0.09507072,
        0.994830966
      ],
      [
        0.9989282,
        -0.0327675864,
        -0.0326925777
      ]
    ],
    "translation": [
      2.2387197,
      0.8885418,
      -0.545974731
    ]
  },
  {
    "timeStamp": 42470,
    "rotation": [
      [
        0.03822738,
        0.9954416,
        -0.0873764
      ],
      [
        0.0269228686,
        0.08638257,
        0.9958982
      ],
      [
        0.9989063,
        -0.0404230021,
        -0.0234979652
      ]
    ],
    "translation": [
      2.2384584,
      0.884748638,
      -0.5459729
    ]
  },
  {
    "timeStamp": 42515,
    "rotation": [
      [
        0.0456218868,
        0.9960741,
        -0.07586225
      ],
      [
        0.0145265423,
        0.07527179,
        0.997057259
      ],
      [
        0.998853147,
        -0.0465896428,
        -0.0110354712
      ]
    ],
    "translation": [
      2.235895,
      0.88449204,
      -0.548839033
    ]
  },
  {
    "timeStamp": 42570,
    "rotation": [
      [
        0.0461047031,
        0.9963132,
        -0.07234946
      ],
      [
        0.0061072153,
        0.07214399,
        0.997375548
      ],
      [
        0.998917937,
        -0.0464255549,
        -0.002758522
      ]
    ],
    "translation": [
      2.235579,
      0.8771564,
      -0.5483792
    ]
  },
  {
    "timeStamp": 42614,
    "rotation": [
      [
        0.0489856154,
        0.99712795,
        -0.0577612258
      ],
      [
        0.00627184147,
        0.0575224273,
        0.9983245
      ],
      [
        0.998779833,
        -0.04926581,
        -0.003436057
      ]
    ],
    "translation": [
      2.23513865,
      0.8752829,
      -0.5497574
    ]
  },
  {
    "timeStamp": 42670,
    "rotation": [
      [
        0.04932383,
        0.9970732,
        -0.0584133454
      ],
      [
        0.00576296542,
        0.0581994466,
        0.998288333
      ],
      [
        0.9987662,
        -0.04957604,
        -0.00287547871
      ]
    ],
    "translation": [
      2.23520875,
      0.8752998,
      -0.5497819
    ]
  },
  {
    "timeStamp": 42714,
    "rotation": [
      [
        0.0470916778,
        0.9971404,
        -0.05910452
      ],
      [
        0.009481107,
        0.0587213039,
        0.9982294
      ],
      [
        0.9988456,
        -0.0475686751,
        -0.00668870937
      ]
    ],
    "translation": [
      2.23536181,
      0.875299454,
      -0.549485743
    ]
  },
  {
    "timeStamp": 42770,
    "rotation": [
      [
        0.0387048759,
        0.997546852,
        -0.0583285019
      ],
      [
        0.02019001,
        0.0575796179,
        0.998136759
      ],
      [
        0.9990466,
        -0.0398104,
        -0.01791187
      ]
    ],
    "translation": [
      2.235675,
      0.8749628,
      -0.5488107
    ]
  },
  {
    "timeStamp": 42825,
    "rotation": [
      [
        0.040298406,
        0.997486949,
        -0.0582738034
      ],
      [
        0.0166858789,
        0.0576412342,
        0.9981979
      ],
      [
        0.999048352,
        -0.04119813,
        -0.0143210953
      ]
    ],
    "translation": [
      2.23546219,
      0.8750634,
      -0.54905355
    ]
  },
  {
    "timeStamp": 42870,
    "rotation": [
      [
        0.03766917,
        0.997637331,
        -0.05745269
      ],
      [
        0.0208575483,
        0.0566960275,
        0.9981736
      ],
      [
        0.9990726,
        -0.0387986936,
        -0.0186725762
      ]
    ],
    "translation": [
      2.235526,
      0.8750345,
      -0.548641741
    ]
  },
  {
    "timeStamp": 42915,
    "rotation": [
      [
        0.03970588,
        0.9967629,
        -0.06990889
      ],
      [
        0.007440509,
        0.0696671754,
        0.99754256
      ],
      [
        0.9991837,
        -0.04012846,
        -0.00465022633
      ]
    ],
    "translation": [
      2.23616266,
      0.8782666,
      -0.548793554
    ]
  },
  {
    "timeStamp": 42966,
    "rotation": [
      [
        0.0392526761,
        0.9975296,
        -0.058257293
      ],
      [
        0.0204652231,
        0.05748743,
        0.998136461
      ],
      [
        0.999019742,
        -0.04037177,
        -0.0181581322
      ]
    ],
    "translation": [
      2.23563147,
      0.8751189,
      -0.5486251
    ]
  },
  {
    "timeStamp": 43020,
    "rotation": [
      [
        0.0389714167,
        0.997644,
        -0.05645964
      ],
      [
        0.0219718572,
        0.0556333475,
        0.9982095
      ],
      [
        0.9989987,
        -0.0401421636,
        -0.01975198
      ]
    ],
    "translation": [
      2.235536,
      0.8750183,
      -0.548716247
    ]
  }
]