[
  {
    "timeStamp": 62406,
    "rotation": [
      [
        0.9630797,
        -0.0168217625,
        -0.268690228
      ],
      [
        0.2688962,
        0.108761884,
        0.9570087
      ],
      [
        0.0131246839,
        -0.993925452,
        0.109269679
      ]
    ],
    "translation": [
      1.30585575,
      0.8625461,
      -0.6215459
    ]
  },
  {
    "timeStamp": 62461,
    "rotation": [
      [
        0.967988133,
        0.001112626,
        -0.250993669
      ],
      [
        0.249128863,
        0.117491879,
        0.961317062
      ],
      [
        0.0305592958,
        -0.9930732,
        0.11345356
      ]
    ],
    "translation": [
      1.29729688,
      0.8645999,
      -0.6256938
    ]
  },
  {
    "timeStamp": 62505,
    "rotation": [
      [
        0.971479952,
        0.00263962615,
        -0.237107038
      ],
      [
        0.2348974,
        0.12592794,
        0.9638285
      ],
      [
        0.0324025378,
        -0.9920359,
        0.121716432
      ]
    ],
    "translation": [
      1.29120207,
      0.867239,
      -0.6308338
    ]
  },
  {
    "timeStamp": 62560,
    "rotation": [
      [
        0.967818856,
        0.0469851829,
        -0.247222751
      ],
      [
        0.2424606,
        0.08892773,
        0.96607697
      ],
      [
        0.06737626,
        -0.994929254,
        0.0746738762
      ]
    ],
    "translation": [
      1.28673279,
      0.8683619,
      -0.6347621
    ]
  },
  {
    "timeStamp": 62605,
    "rotation": [
      [
        0.9692759,
        0.0543373451,
        -0.2398993
      ],
      [
        0.2338761,
        0.0985414758,
        0.9672598
      ],
      [
        0.0761983544,
        -0.99364835,
        0.08280567
      ]
    ],
    "translation": [
      1.282851,
      0.8692513,
      -0.640632749
    ]
  },
  {
    "timeStamp": 62661,
    "rotation": [
      [
        0.972905636,
        0.0607317127,
        -0.22308363
      ],
      [
        0.218437269,
        0.07472722,
        0.9729856
      ],
      [
        0.0757615,
        -0.995353,
        0.05943647
      ]
    ],
    "translation": [
      1.28036487,
      0.87666,
      -0.640076458
    ]
  },
  {
    "timeStamp": 62705,
    "rotation": [
      [
        0.9802349,
        0.04484812,
        -0.192686677
      ],
      [
        0.189633921,
        0.06455568,
        0.979730368
      ],
      [
        0.05637807,
        -0.9969058,
        0.05477501
      ]
    ],
    "translation": [
      1.28150833,
      0.889166832,
      -0.6390028
    ]
  },
  {
    "timeStamp": 62761,
    "rotation": [
      [
        0.9927945,
        0.0167006515,
        -0.118659563
      ],
      [
        0.117946148,
        0.0386622921,
        0.9922671
      ],
      [
        0.0211591553,
        -0.9991127,
        0.0364139341
      ]
    ],
    "translation": [
      1.28482664,
      0.9172435,
      -0.6349536
    ]
  },
  {
    "timeStamp": 62806,
    "rotation": [
      [
        0.9953575,
        0.00469509372,
        -0.09613161
      ],
      [
        0.09614781,
        -0.00335743767,
        0.9953614
      ],
      [
        0.004350558,
        -0.9999833,
        -0.003793274
      ]
    ],
    "translation": [
      1.30141962,
      0.936445832,
      -0.6315762
    ]
  },
  {
    "timeStamp": 62861,
    "rotation": [
      [
        0.9977037,
        -0.0484099165,
        -0.04736817
      ],
      [
        0.04625226,
        -0.0239177421,
        0.9986434
      ],
      [
        -0.0494771972,
        -0.9985411,
        -0.0216237511
      ]
    ],
    "translation": [
      1.33026409,
      0.9632232,
      -0.630568147
    ]
  },
  {
    "timeStamp": 62905,
    "rotation": [
      [
        0.9916179,
        -0.127360508,
        -0.0217521377
      ],
      [
        0.0189803336,
        -0.0229369029,
        0.9995567
      ],
      [
        -0.127802983,
        -0.9915912,
        -0.0203273
      ]
    ],
    "translation": [
      1.361949,
      0.9826511,
      -0.626535535
    ]
  },
  {
    "timeStamp": 62960,
    "rotation": [
      [
        0.9762586,
        -0.216605186,
        0.0011787744
      ],
      [
        -0.007842064,
        -0.02990543,
        0.999522
      ],
      [
        -0.216466382,
        -0.9758011,
        -0.0308940634
      ]
    ],
    "translation": [
      1.41136408,
      1.00503016,
      -0.6243443
    ]
  },
  {
    "timeStamp": 63006,
    "rotation": [
      [
        0.9541324,
        -0.299276352,
        0.00806496
      ],
      [
        -0.0241515413,
        -0.05009178,
        0.998452544
      ],
      [
        -0.298409253,
        -0.9528507,
        -0.0550221726
      ]
    ],
    "translation": [
      1.45746112,
      1.0232594,
      -0.6186769
    ]
  },
  {
    "timeStamp": 63061,
    "rotation": [
      [
        0.91606766,
        -0.401011676,
        -0.00310904882
      ],
      [
        -0.0278188642,
        -0.07127946,
        0.9970684
      ],
      [
        -0.400057673,
        -0.9132956,
        -0.07645249
      ]
    ],
    "translation": [
      1.52160048,
      1.04356325,
      -0.617346764
    ]
  },
  {
    "timeStamp": 63105,
    "rotation": [
      [
        0.874909341,
        -0.484182566,
        -0.0100481259
      ],
      [
        -0.0382457748,
        -0.08976319,
        0.9952285
      ],
      [
        -0.482774258,
        -0.8703504,
        -0.09705258
      ]
    ],
    "translation": [
      1.5779177,
      1.06111407,
      -0.614802361
    ]
  },
  {
    "timeStamp": 63160,
    "rotation": [
      [
        0.817887962,
        -0.574853,
        -0.0245625321
      ],
      [
        -0.04595015,
        -0.107810773,
        0.993109
      ],
      [
        -0.5735398,
        -0.811123252,
        -0.11459171
      ]
    ],
    "translation": [
      1.63808966,
      1.08611166,
      -0.6197281
    ]
  },
  {
    "timeStamp": 63205,
    "rotation": [
      [
        0.773771346,
        -0.6301187,
        -0.0650253147
      ],
      [
        -0.04052069,
        -0.151674151,
        0.9875996
      ],
      [
        -0.6321677,
        -0.761541367,
        -0.142893955
      ]
    ],
    "translation": [
      1.69853985,
      1.10040736,
      -0.6209135
    ]
  },
  {
    "timeStamp": 63260,
    "rotation": [
      [
        0.7126756,
        -0.695919156,
        -0.08826156
      ],
      [
        -0.04437307,
        -0.1702896,
        0.9843945
      ],
      [
        -0.700089,
        -0.6976375,
        -0.1522413
      ]
    ],
    "translation": [
      1.76951551,
      1.11634409,
      -0.6284116
    ]
  },
  {
    "timeStamp": 63305,
    "rotation": [
      [
        0.658849,
        -0.7433276,
        -0.115680851
      ],
      [
        -0.04894459,
        -0.195805058,
        0.979420662
      ],
      [
        -0.750681341,
        -0.639628351,
        -0.165387824
      ]
    ],
    "translation": [
      1.82927251,
      1.12797,
      -0.6329402
    ]
  },
  {
    "timeStamp": 63360,
    "rotation": [
      [
        0.6014649,
        -0.786595,
        -0.139671952
      ],
      [
        -0.04509215,
        -0.20797734,
        0.9770937
      ],
      [
        -0.7976256,
        -0.5813895,
        -0.16056034
      ]
    ],
    "translation": [
      1.89876187,
      1.13661873,
      -0.643155932
    ]
  },
  {
    "timeStamp": 63405,
    "rotation": [
      [
        0.5605649,
        -0.8128216,
        -0.15839231
      ],
      [
        -0.04382164,
        -0.220117629,
        0.974488556
      ],
      [
        -0.826950252,
        -0.5393231,
        -0.159009382
      ]
    ],
    "translation": [
      1.95049071,
      1.14319563,
      -0.6519845
    ]
  },
  {
    "timeStamp": 63460,
    "rotation": [
      [
        0.5217119,
        -0.838549,
        -0.157009929
      ],
      [
        -0.03520108,
        -0.205043823,
        0.978119552
      ],
      [
        -0.8523952,
        -0.5047697,
        -0.136491641
      ]
    ],
    "translation": [
      2.00382471,
      1.14472675,
      -0.664897859
    ]
  },
  {
    "timeStamp": 63505,
    "rotation": [
      [
        0.5042654,
        -0.843548059,
        -0.1847781
      ],
      [
        -0.03049388,
        -0.2312362,
        0.9724196
      ],
      [
        -0.8630101,
        -0.484723,
        -0.142327487
      ]
    ],
    "translation": [
      2.041592,
      1.144655,
      -0.6720778
    ]
  },
  {
    "timeStamp": 63560,
    "rotation": [
      [
        0.471003562,
        -0.8695087,
        -0.148695275
      ],
      [
        -0.0556220748,
        -0.197502,
        0.9787232
      ],
      [
        -0.8803759,
        -0.4527114,
        -0.141388029
      ]
    ],
    "translation": [
      2.07488871,
      1.14267612,
      -0.679131
    ]
  },
  {
    "timeStamp": 63611,
    "rotation": [
      [
        0.4422961,
        -0.890565038,
        -0.106150649
      ],
      [
        -0.06221136,
        -0.148536071,
        0.9869482
      ],
      [
        -0.8947088,
        -0.429919541,
        -0.121100187
      ]
    ],
    "translation": [
      2.09887147,
      1.13175607,
      -0.6861285
    ]
  },
  {
    "timeStamp": 63655,
    "rotation": [
      [
        0.44879815,
        -0.884081542,
        -0.130307421
      ],
      [
        -0.0273841042,
        -0.159354866,
        0.9868415
      ],
      [
        -0.8932135,
        -0.4393243,
        -0.09572795
      ]
    ],
    "translation": [
      2.11335349,
      1.11550057,
      -0.6899905
    ]
  },
  {
    "timeStamp": 63711,
    "rotation": [
      [
        0.4567429,
        -0.884640753,
        -0.09379064
      ],
      [
        -0.0288887043,
        -0.120124213,
        0.9923385
      ],
      [
        -0.8891295,
        -0.450534075,
        -0.080422014
      ]
    ],
    "translation": [
      2.11975718,
      1.09969974,
      -0.691219032
    ]
  },
  {
    "timeStamp": 63756,
    "rotation": [
      [
        0.4494248,
        -0.890877247,
        -0.06599286
      ],
      [
        -0.03489886,
        -0.09132697,
        0.9952093
      ],
      [
        -0.89263624,
        -0.444968671,
        -0.0721352
      ]
    ],
    "translation": [
      2.12534928,
      1.09081125,
      -0.6901452
    ]
  },
  {
    "timeStamp": 63810,
    "rotation": [
      [
        0.4378721,
        -0.8971332,
        -0.0584814921
      ],
      [
        -0.03264496,
        -0.08087204,
        0.9961898
      ],
      [
        -0.898444355,
        -0.4342946,
        -0.06469848
      ]
    ],
    "translation": [
      2.13630772,
      1.08164573,
      -0.688121855
    ]
  },
  {
    "timeStamp": 63855,
    "rotation": [
      [
        0.419773757,
        -0.907220364,
        -0.0272259545
      ],
      [
        -0.0528893135,
        -0.0543958545,
        0.997117758
      ],
      [
        -0.9060865,
        -0.4171239,
        -0.07081622
      ]
    ],
    "translation": [
      2.14326143,
      1.07995749,
      -0.686200142
    ]
  },
  {
    "timeStamp": 63911,
    "rotation": [
      [
        0.406717062,
        -0.9135509,
        0.0024335247
      ],
      [
        -0.07799301,
        -0.03206853,
        0.996438
      ],
      [
        -0.910218835,
        -0.405458152,
        -0.08429341
      ]
    ],
    "translation": [
      2.15040278,
      1.083459,
      -0.685083747
    ]
  },
  {
    "timeStamp": 63956,
    "rotation": [
      [
        0.399302423,
        -0.915897369,
        0.0411053
      ],
      [
        -0.08522839,
        0.007558332,
        0.996332765
      ],
      [
        -0.912849247,
        -0.401341438,
        -0.07504239
      ]
    ],
    "translation": [
      2.15351963,
      1.084249,
      -0.688935637
    ]
  },
  {
    "timeStamp": 64012,
    "rotation": [
      [
        0.361174464,
        -0.927206457,
        0.09920275
      ],
      [
        -0.126184508,
        0.05680901,
        0.9903788
      ],
      [
        -0.9239212,
        -0.3702174,
        -0.09648112
      ]
    ],
    "translation": [
      2.161479,
      1.09071612,
      -0.689702153
    ]
  },
  {
    "timeStamp": 64058,
    "rotation": [
      [
        0.362818539,
        -0.9225435,
        0.131438255
      ],
      [
        -0.138781011,
        0.08598236,
        0.9865834
      ],
      [
        -0.921467543,
        -0.3761919,
        -0.09683553
      ]
    ],
    "translation": [
      2.163136,
      1.09329,
      -0.6926396
    ]
  },
  {
    "timeStamp": 64115,
    "rotation": [
      [
        0.355323821,
        -0.9255054,
        0.1310908
      ],
      [
        -0.131628215,
        0.08930382,
        0.9872684
      ],
      [
        -0.9254291,
        -0.3680552,
        -0.09009084
      ]
    ],
    "translation": [
      2.16978669,
      1.09091711,
      -0.6951849
    ]
  },
  {
    "timeStamp": 64160,
    "rotation": [
      [
        0.3582151,
        -0.923486,
        0.137315124
      ],
      [
        -0.1295918,
        0.09647089,
        0.9868634
      ],
      [
        -0.924601436,
        -0.3713043,
        -0.0851188749
      ]
    ],
    "translation": [
      2.17121124,
      1.08802223,
      -0.696319342
    ]
  },
  {
    "timeStamp": 64205,
    "rotation": [
      [
        0.362604558,
        -0.920174658,
        0.147636384
      ],
      [
        -0.13055563,
        0.106699921,
        0.985682666
      ],
      [
        -0.922753036,
        -0.376687825,
        -0.08144411
      ]
    ],
    "translation": [
      2.16871047,
      1.083185,
      -0.6957927
    ]
  },
  {
    "timeStamp": 64260,
    "rotation": [
      [
        0.3749079,
        -0.9167803,
        0.137687579
      ],
      [
        -0.1039165,
        0.106026128,
        0.9889185
      ],
      [
        -0.921219468,
        -0.3850614,
        -0.05551857
      ]
    ],
    "translation": [
      2.165808,
      1.07096422,
      -0.694168031
    ]
  },
  {
    "timeStamp": 64305,
    "rotation": [
      [
        0.401056945,
        -0.907594264,
        0.124201119
      ],
      [
        -0.08095456,
        0.0999369845,
        0.991695
      ],
      [
        -0.91246897,
        -0.407780826,
        -0.0333934762
      ]
    ],
    "translation": [
      2.15942073,
      1.05781019,
      -0.6903524
    ]
  },
  {
    "timeStamp": 64360,
    "rotation": [
      [
        0.436779141,
        -0.893427253,
        0.104936644
      ],
      [
        -0.0260956846,
        0.104019009,
        0.9942329
      ],
      [
        -0.8991902,
        -0.4369986,
        0.0221187361
      ]
    ],
    "translation": [
      2.14927649,
      1.03601015,
      -0.6842535
    ]
  },
  {
    "timeStamp": 64405,
    "rotation": [
      [
        0.452424228,
        -0.8873377,
        0.08913
      ],
      [
        -0.002589853,
        0.09863591,
        0.9951202
      ],
      [
        -0.8917991,
        -0.450447321,
        0.0423272
      ]
    ],
    "translation": [
      2.1432848,
      1.02035129,
      -0.6757412
    ]
  },
  {
    "timeStamp": 64459,
    "rotation": [
      [
        0.46313116,
        -0.8801273,
        0.104333594
      ],
      [
        0.009415903,
        0.122598939,
        0.9924116
      ],
      [
        -0.886239767,
        -0.458634347,
        0.065066576
      ]
    ],
    "translation": [
      2.13282347,
      1.00501537,
      -0.6635173
    ]
  },
  {
    "timeStamp": 64514,
    "rotation": [
      [
        0.477683127,
        -0.8746861,
        0.08211573
      ],
      [
        0.0505863726,
        0.120698996,
        0.9913994
      ],
      [
        -0.8770746,
        -0.46942085,
        0.101903081
      ]
    ],
    "translation": [
      2.12622976,
      0.9871422,
      -0.655522
    ]
  },
  {
    "timeStamp": 64558,
    "rotation": [
      [
        0.471851945,
        -0.874717236,
        0.110568888
      ],
      [
        0.0481844619,
        0.150803477,
        0.9873888
      ],
      [
        -0.8803601,
        -0.4605736,
        0.1133047
      ]
    ],
    "translation": [
      2.11958933,
      0.976033032,
      -0.6474399
    ]
  },
  {
    "timeStamp": 64614,
    "rotation": [
      [
        0.4558224,
        -0.884458661,
        0.0997938
      ],
      [
        0.0899798051,
        0.157334417,
        0.9834376
      ],
      [
        -0.8855109,
        -0.439293474,
        0.151299968
      ]
    ],
    "translation": [
      2.120489,
      0.9567273,
      -0.6418419
    ]
  },
  {
    "timeStamp": 64658,
    "rotation": [
      [
        0.4416607,
        -0.894873261,
        0.064325
      ],
      [
        0.1104075,
        0.125362769,
        0.985948443
      ],
      [
        -0.890362859,
        -0.4283527,
        0.154168516
      ]
    ],
    "translation": [
      2.12808323,
      0.9422983,
      -0.635949969
    ]
  },
  {
    "timeStamp": 64714,
    "rotation": [
      [
        0.4135606,
        -0.907335,
        0.07557051
      ],
      [
        0.128859609,
        0.140494749,
        0.98166
      ],
      [
        -0.901311755,
        -0.39623788,
        0.175021917
      ]
    ],
    "translation": [
      2.131457,
      0.9274703,
      -0.6316385
    ]
  },
  {
    "timeStamp": 64759,
    "rotation": [
      [
        0.417335719,
        -0.908749,
        -0.002487266
      ],
      [
        0.150850534,
        0.0665773451,
        0.9863121
      ],
      [
        -0.8961445,
        -0.411998451,
        0.164870381
      ]
    ],
    "translation": [
      2.14023638,
      0.918,
      -0.627845466
    ]
  },
  {
    "timeStamp": 64815,
    "rotation": [
      [
        0.405563265,
        -0.9133894,
        -0.0351895764
      ],
      [
        0.169058666,
        0.03712057,
        0.984906733
      ],
      [
        -0.8982971,
        -0.405391067,
        0.16947113
      ]
    ],
    "translation": [
      2.14656281,
      0.9083167,
      -0.6271071
    ]
  },
  {
    "timeStamp": 64859,
    "rotation": [
      [
        0.394666046,
        -0.918628752,
        -0.0189749058
      ],
      [
        0.155303374,
        0.04633964,
        0.986779332
      ],
      [
        -0.905604541,
        -0.392395169,
        0.160954818
      ]
    ],
    "translation": [
      2.14548087,
      0.902663,
      -0.625369549
    ]
  },
  {
    "timeStamp": 64916,
    "rotation": [
      [
        0.415087074,
        -0.9077389,
        -0.06093177
      ],
      [
        0.173151135,
        0.0130727878,
        0.9848085
      ],
      [
        -0.8931525,
        -0.4193317,
        0.16260238
      ]
    ],
    "translation": [
      2.14725566,
      0.893910944,
      -0.6259649
    ]
  },
  {
    "timeStamp": 64960,
    "rotation": [
      [
        0.4110153,
        -0.909340262,
        -0.06455001
      ],
      [
        0.144759908,
        -0.004806562,
        0.989455163
      ],
      [
        -0.900061667,
        -0.41602543,
        0.129660442
      ]
    ],
    "translation": [
      2.145605,
      0.8917357,
      -0.620935559
    ]
  },
  {
    "timeStamp": 65005,
    "rotation": [
      [
        0.4022646,
        -0.9133432,
        -0.0631467253
      ],
      [
        0.12742725,
        -0.0124460869,
        0.99176985
      ],
      [
        -0.906612158,
        -0.407000482,
        0.111378185
      ]
    ],
    "translation": [
      2.14455485,
      0.8873272,
      -0.6183108
    ]
  },
  {
    "timeStamp": 65060,
    "rotation": [
      [
        0.374145657,
        -0.9242139,
        -0.07644445
      ],
      [
        0.09072059,
        -0.0455595851,
        0.9948337
      ],
      [
        -0.9229219,
        -0.3791478,
        0.0667993054
      ]
    ],
    "translation": [
      2.14504433,
      0.8856422,
      -0.6119399
    ]
  },
  {
    "timeStamp": 65115,
    "rotation": [
      [
        0.4000011,
        -0.9148604,
        -0.0550410748
      ],
      [
        0.013682982,
        -0.05408709,
        0.9984425
      ],
      [
        -0.916412532,
        -0.400131226,
        -0.009116878
      ]
    ],
    "translation": [
      2.14209437,
      0.884009242,
      -0.6036945
    ]
  },
  {
    "timeStamp": 65160,
    "rotation": [
      [
        0.347685456,
        -0.935908139,
        -0.0564861074
      ],
      [
        0.021985786,
        -0.0520901643,
        0.998400331
      ],
      [
        -0.937353432,
        -0.348371178,
        0.0024656835
      ]
    ],
    "translation": [
      2.14167142,
      0.881053,
      -0.603771269
    ]
  },
  {
    "timeStamp": 65215,
    "rotation": [
      [
        0.39503178,
        -0.9170091,
        -0.0551729426
      ],
      [
        0.011442679,
        -0.05514139,
        0.998412967
      ],
      [
        -0.918596148,
        -0.3950362,
        -0.0112895593
      ]
    ],
    "translation": [
      2.14251113,
      0.879044652,
      -0.603706062
    ]
  },
  {
    "timeStamp": 65260,
    "rotation": [
      [
        0.377222061,
        -0.9248714,
        -0.048128888
      ],
      [
        0.0153229637,
        -0.0457282178,
        0.9988364
      ],
      [
        -0.925996065,
        -0.3775206,
        -0.00307792262
      ]
    ],
    "translation": [
      2.14019418,
      0.875226438,
      -0.6039156
    ]
  }
]