[
  {
    "timeStamp": 88183,
    "rotation": [
      [
        0.9920567,
        0.0508614145,
        0.115050279
      ],
      [
        -0.117746174,
        0.05362924,
        0.991594553
      ],
      [
        0.04426385,
        -0.997264743,
        0.0591919832
      ]
    ],
    "translation": [
      1.75698519,
      0.8628202,
      -0.365388542
    ]
  },
  {
    "timeStamp": 88228,
    "rotation": [
      [
        0.9947987,
        0.0509172454,
        0.08822146
      ],
      [
        -0.08989981,
        0.0316670164,
        0.9954473
      ],
      [
        0.04789174,
        -0.9982007,
        0.0360797569
      ]
    ],
    "translation": [
      1.75668275,
      0.8598869,
      -0.3657311
    ]
  },
  {
    "timeStamp": 88283,
    "rotation": [
      [
        0.9964935,
        0.0487336367,
        0.0680135339
      ],
      [
        -0.06959158,
        0.03144927,
        0.99707973
      ],
      [
        0.04645236,
        -0.9983166,
        0.0347304419
      ]
    ],
    "translation": [
      1.75647354,
      0.8589622,
      -0.365667582
    ]
  },
  {
    "timeStamp": 88338,
    "rotation": [
      [
        0.9966175,
        0.0501162969,
        0.06513077
      ],
      [
        -0.0658777,
        0.0133975279,
        0.997737765
      ],
      [
        0.04913033,
        -0.998653531,
        0.0166537557
      ]
    ],
    "translation": [
      1.756511,
      0.8581728,
      -0.365867972
    ]
  },
  {
    "timeStamp": 88382,
    "rotation": [
      [
        0.994627655,
        0.0447095148,
        0.09336482
      ],
      [
        -0.09444539,
        0.02269454,
        0.9952713
      ],
      [
        0.0423792228,
        -0.9987423,
        0.0267952215
      ]
    ],
    "translation": [
      1.75454783,
      0.8604318,
      -0.3671408
    ]
  },
  {
    "timeStamp": 88428,
    "rotation": [
      [
        0.9899728,
        0.0434766933,
        0.134401619
      ],
      [
        -0.136034012,
        0.0370514058,
        0.9900111
      ],
      [
        0.038062647,
        -0.9983672,
        0.04259419
      ]
    ],
    "translation": [
      1.75021183,
      0.864516139,
      -0.370644122
    ]
  },
  {
    "timeStamp": 88478,
    "rotation": [
      [
        0.988455534,
        0.04834383,
        0.1435914
      ],
      [
        -0.145220935,
        0.032057967,
        0.98887974
      ],
      [
        0.04320298,
        -0.9983161,
        0.03870841
      ]
    ],
    "translation": [
      1.747599,
      0.868792534,
      -0.373378873
    ]
  },
  {
    "timeStamp": 88534,
    "rotation": [
      [
        0.9884933,
        0.06780146,
        0.135218024
      ],
      [
        -0.136568382,
        0.0156719349,
        0.990506649
      ],
      [
        0.06503866,
        -0.99757576,
        0.0247511379
      ]
    ],
    "translation": [
      1.74536514,
      0.874863565,
      -0.3770266
    ]
  },
  {
    "timeStamp": 88578,
    "rotation": [
      [
        0.9877404,
        0.0819413662,
        0.132870913
      ],
      [
        -0.132996,
        -0.003954162,
        0.9911087
      ],
      [
        0.0817382,
        -0.996629357,
        0.00699218828
      ]
    ],
    "translation": [
      1.743056,
      0.8826075,
      -0.379866332
    ]
  },
  {
    "timeStamp": 88634,
    "rotation": [
      [
        0.985298932,
        0.08764116,
        0.146646008
      ],
      [
        -0.145062149,
        -0.0242104456,
        0.989126265
      ],
      [
        0.09023854,
        -0.9958579,
        -0.0111411121
      ]
    ],
    "translation": [
      1.7409662,
      0.8963503,
      -0.383871049
    ]
  },
  {
    "timeStamp": 88678,
    "rotation": [
      [
        0.983303,
        0.09885527,
        0.152783468
      ],
      [
        -0.149134129,
        -0.04335209,
        0.987866163
      ],
      [
        0.10427928,
        -0.9941571,
        -0.027885545
      ]
    ],
    "translation": [
      1.7392056,
      0.908651352,
      -0.3882858
    ]
  },
  {
    "timeStamp": 88734,
    "rotation": [
      [
        0.9812757,
        0.111699536,
        0.156911626
      ],
      [
        -0.15117915,
        -0.0581151,
        0.986796558
      ],
      [
        0.119343676,
        -0.9920413,
        -0.04014029
      ]
    ],
    "translation": [
      1.73718989,
      0.924036443,
      -0.396440476
    ]
  },
  {
    "timeStamp": 88778,
    "rotation": [
      [
        0.97841835,
        0.141119316,
        0.150940388
      ],
      [
        -0.142243817,
        -0.06986303,
        0.9873631
      ],
      [
        0.149881139,
        -0.98752445,
        -0.04828192
      ]
    ],
    "translation": [
      1.73470736,
      0.9370633,
      -0.4054063
    ]
  },
  {
    "timeStamp": 88835,
    "rotation": [
      [
        0.9744474,
        0.154466927,
        0.163071245
      ],
      [
        -0.151867911,
        -0.08182462,
        0.985008061
      ],
      [
        0.165494412,
        -0.9846038,
        -0.05627522
      ]
    ],
    "translation": [
      1.7324245,
      0.955375433,
      -0.4173417
    ]
  },
  {
    "timeStamp": 88880,
    "rotation": [
      [
        0.9704048,
        0.179614231,
        0.1614101
      ],
      [
        -0.1475347,
        -0.0881864,
        0.9851176
      ],
      [
        0.1911753,
        -0.979776442,
        -0.0590771735
      ]
    ],
    "translation": [
      1.73075581,
      0.9704608,
      -0.428922236
    ]
  },
  {
    "timeStamp": 88937,
    "rotation": [
      [
        0.965892,
        0.171553239,
        0.193964049
      ],
      [
        -0.179820374,
        -0.09461045,
        0.979139149
      ],
      [
        0.186325535,
        -0.9806214,
        -0.0605347119
      ]
    ],
    "translation": [
      1.7299273,
      0.9939439,
      -0.4420692
    ]
  },
  {
    "timeStamp": 88982,
    "rotation": [
      [
        0.959889948,
        0.204371274,
        0.191947058
      ],
      [
        -0.17505309,
        -0.09793111,
        0.9796764
      ],
      [
        0.219015315,
        -0.973982453,
        -0.0582272634
      ]
    ],
    "translation": [
      1.72929323,
      1.01081145,
      -0.4556642
    ]
  },
  {
    "timeStamp": 89038,
    "rotation": [
      [
        0.9557206,
        0.201296672,
        0.214657232
      ],
      [
        -0.196609363,
        -0.105968289,
        0.974738657
      ],
      [
        0.218958512,
        -0.9737814,
        -0.0616992675
      ]
    ],
    "translation": [
      1.73127067,
      1.0339371,
      -0.469560355
    ]
  },
  {
    "timeStamp": 89082,
    "rotation": [
      [
        0.9470759,
        0.216825962,
        0.236714467
      ],
      [
        -0.216563523,
        -0.1127553,
        0.969735265
      ],
      [
        0.2369546,
        -0.9696766,
        -0.0598312281
      ]
    ],
    "translation": [
      1.73281932,
      1.05276072,
      -0.482034
    ]
  },
  {
    "timeStamp": 89137,
    "rotation": [
      [
        0.944401443,
        0.235538557,
        0.229407057
      ],
      [
        -0.203967184,
        -0.127550825,
        0.970632851
      ],
      [
        0.257882535,
        -0.9634586,
        -0.0724170357
      ]
    ],
    "translation": [
      1.73871017,
      1.07255542,
      -0.497084349
    ]
  },
  {
    "timeStamp": 89181,
    "rotation": [
      [
        0.937979,
        0.237444863,
        0.2526171
      ],
      [
        -0.226383924,
        -0.132377326,
        0.9650008
      ],
      [
        0.262575269,
        -0.9623389,
        -0.07041344
      ]
    ],
    "translation": [
      1.74381828,
      1.08942139,
      -0.5086873
    ]
  },
  {
    "timeStamp": 89238,
    "rotation": [
      [
        0.936058342,
        0.238239139,
        0.258914977
      ],
      [
        -0.227230117,
        -0.152497083,
        0.961827
      ],
      [
        0.2686286,
        -0.959159434,
        -0.08861105
      ]
    ],
    "translation": [
      1.75420439,
      1.107958,
      -0.521478534
    ]
  },
  {
    "timeStamp": 89282,
    "rotation": [
      [
        0.9345974,
        0.230922744,
        0.270559341
      ],
      [
        -0.237746164,
        -0.160243228,
        0.9580182
      ],
      [
        0.2645835,
        -0.959685743,
        -0.09486191
      ]
    ],
    "translation": [
      1.764639,
      1.12222755,
      -0.530664146
    ]
  },
  {
    "timeStamp": 89337,
    "rotation": [
      [
        0.9381571,
        0.211473078,
        0.2741176
      ],
      [
        -0.2371302,
        -0.184388131,
        0.9538188
      ],
      [
        0.252251029,
        -0.9598334,
        -0.122838385
      ]
    ],
    "translation": [
      1.78294051,
      1.139286,
      -0.540917635
    ]
  },
  {
    "timeStamp": 89382,
    "rotation": [
      [
        0.9409321,
        0.193904221,
        0.277575046
      ],
      [
        -0.239953041,
        -0.196523756,
        0.9506845
      ],
      [
        0.23889181,
        -0.9611345,
        -0.1383876
      ]
    ],
    "translation": [
      1.79953516,
      1.15264606,
      -0.5498247
    ]
  },
  {
    "timeStamp": 89437,
    "rotation": [
      [
        0.9452703,
        0.16494143,
        0.281528771
      ],
      [
        -0.2427315,
        -0.221125051,
        0.9445555
      ],
      [
        0.2180494,
        -0.9611962,
        -0.168986455
      ]
    ],
    "translation": [
      1.82383144,
      1.16932,
      -0.562009454
    ]
  },
  {
    "timeStamp": 89482,
    "rotation": [
      [
        0.951567233,
        0.126619339,
        0.280155927
      ],
      [
        -0.246105969,
        -0.232426748,
        0.9409621
      ],
      [
        0.184259757,
        -0.964336753,
        -0.1900079
      ]
    ],
    "translation": [
      1.84703851,
      1.18073833,
      -0.5720929
    ]
  },
  {
    "timeStamp": 89537,
    "rotation": [
      [
        0.9555254,
        0.0734766051,
        0.285608858
      ],
      [
        -0.259505123,
        -0.2505953,
        0.932662368
      ],
      [
        0.1401011,
        -0.965299547,
        -0.220382616
      ]
    ],
    "translation": [
      1.87693477,
      1.19253314,
      -0.5865929
    ]
  },
  {
    "timeStamp": 89582,
    "rotation": [
      [
        0.9583274,
        0.0292267818,
        0.284173161
      ],
      [
        -0.267741084,
        -0.254985452,
        0.9291378
      ],
      [
        0.0996157452,
        -0.9665031,
        -0.236534327
      ]
    ],
    "translation": [
      1.90192878,
      1.19782591,
      -0.6005137
    ]
  },
  {
    "timeStamp": 89638,
    "rotation": [
      [
        0.96389997,
        -0.0236083716,
        0.265215844
      ],
      [
        -0.2619593,
        -0.262476116,
        0.9287
      ],
      [
        0.0476877168,
        -0.9646496,
        -0.259185165
      ]
    ],
    "translation": [
      1.93356347,
      1.199646,
      -0.619792044
    ]
  },
  {
    "timeStamp": 89682,
    "rotation": [
      [
        0.963093042,
        -0.0711159259,
        0.2596041
      ],
      [
        -0.269167453,
        -0.257332027,
        0.9280782
      ],
      [
        0.000803309842,
        -0.963702559,
        -0.2669768
      ]
    ],
    "translation": [
      1.95795667,
      1.19783008,
      -0.6356518
    ]
  },
  {
    "timeStamp": 89737,
    "rotation": [
      [
        0.9612746,
        -0.1270655,
        0.244551733
      ],
      [
        -0.2690962,
        -0.241229177,
        0.932413936
      ],
      [
        -0.05948464,
        -0.9621138,
        -0.26608032
      ]
    ],
    "translation": [
      1.980444,
      1.19538832,
      -0.658222437
    ]
  },
  {
    "timeStamp": 89782,
    "rotation": [
      [
        0.9589925,
        -0.172278,
        0.225063667
      ],
      [
        -0.262241185,
        -0.2380631,
        0.93517673
      ],
      [
        -0.107531033,
        -0.9558484,
        -0.273479134
      ]
    ],
    "translation": [
      2.003894,
      1.18998718,
      -0.674286366
    ]
  },
  {
    "timeStamp": 89838,
    "rotation": [
      [
        0.937148035,
        -0.247410879,
        0.246051759
      ],
      [
        -0.3017589,
        -0.22058998,
        0.9275137
      ],
      [
        -0.175200462,
        -0.943465948,
        -0.281383872
      ]
    ],
    "translation": [
      2.03151846,
      1.18654108,
      -0.6929059
    ]
  },
  {
    "timeStamp": 89881,
    "rotation": [
      [
        0.93047595,
        -0.28488043,
        0.230342358
      ],
      [
        -0.2960088,
        -0.21416381,
        0.9308666
      ],
      [
        -0.21585466,
        -0.9343324,
        -0.2836014
      ]
    ],
    "translation": [
      2.05261683,
      1.18103182,
      -0.706314147
    ]
  },
  {
    "timeStamp": 89938,
    "rotation": [
      [
        0.921669066,
        -0.327649981,
        0.207778037
      ],
      [
        -0.280958384,
        -0.194331482,
        0.9398392
      ],
      [
        -0.267560482,
        -0.9245977,
        -0.2711653
      ]
    ],
    "translation": [
      2.077756,
      1.17173564,
      -0.7215057
    ]
  },
  {
    "timeStamp": 89988,
    "rotation": [
      [
        0.903162658,
        -0.37795946,
        0.203577563
      ],
      [
        -0.288591683,
        -0.18346189,
        0.9397109
      ],
      [
        -0.317823917,
        -0.9074626,
        -0.274771869
      ]
    ],
    "translation": [
      2.10199,
      1.16501772,
      -0.732310951
    ]
  },
  {
    "timeStamp": 90032,
    "rotation": [
      [
        0.899534047,
        -0.396368682,
        0.183658376
      ],
      [
        -0.268407673,
        -0.16977106,
        0.948227346
      ],
      [
        -0.344667733,
        -0.9022581,
        -0.259103239
      ]
    ],
    "translation": [
      2.116593,
      1.156503,
      -0.7400219
    ]
  },
  {
    "timeStamp": 90088,
    "rotation": [
      [
        0.9001574,
        -0.405161917,
        0.159876585
      ],
      [
        -0.237419456,
        -0.148680046,
        0.9599616
      ],
      [
        -0.365169436,
        -0.902074337,
        -0.230028749
      ]
    ],
    "translation": [
      2.13076544,
      1.14303637,
      -0.747386
    ]
  },
  {
    "timeStamp": 90132,
    "rotation": [
      [
        0.8862072,
        -0.4242289,
        0.186189517
      ],
      [
        -0.259748876,
        -0.1221929,
        0.9579141
      ],
      [
        -0.3836238,
        -0.8972729,
        -0.218481213
      ]
    ],
    "translation": [
      2.13790941,
      1.13400018,
      -0.749924362
    ]
  },
  {
    "timeStamp": 90188,
    "rotation": [
      [
        0.8874351,
        -0.419659644,
        0.1906432
      ],
      [
        -0.249590725,
        -0.08979007,
        0.9641796
      ],
      [
        -0.3875094,
        -0.903229535,
        -0.184426
      ]
    ],
    "translation": [
      2.141552,
      1.11958933,
      -0.7516079
    ]
  },
  {
    "timeStamp": 90232,
    "rotation": [
      [
        0.9045358,
        -0.392437041,
        0.166757852
      ],
      [
        -0.212971509,
        -0.07699287,
        0.9740201
      ],
      [
        -0.3694024,
        -0.916550756,
        -0.153220713
      ]
    ],
    "translation": [
      2.140527,
      1.10624468,
      -0.7520509
    ]
  },
  {
    "timeStamp": 90288,
    "rotation": [
      [
        0.9021215,
        -0.3779535,
        0.208153665
      ],
      [
        -0.242359579,
        -0.0447267219,
        0.969154954
      ],
      [
        -0.35698548,
        -0.9247436,
        -0.131949589
      ]
    ],
    "translation": [
      2.13540149,
      1.09416676,
      -0.749111533
    ]
  },
  {
    "timeStamp": 90332,
    "rotation": [
      [
        0.9086116,
        -0.358587325,
        0.214102775
      ],
      [
        -0.2400249,
        -0.028827643,
        0.9703386
      ],
      [
        -0.341779053,
        -0.933050931,
        -0.112263016
      ]
    ],
    "translation": [
      2.13137627,
      1.08446062,
      -0.7460434
    ]
  },
  {
    "timeStamp": 90388,
    "rotation": [
      [
        0.928300858,
        -0.306148052,
        0.211023465
      ],
      [
        -0.221636713,
        9.6704076E-05,
        0.9751293
      ],
      [
        -0.298554361,
        -0.9519839,
        -0.06776389
      ]
    ],
    "translation": [
      2.1239233,
      1.06991613,
      -0.7429971
    ]
  },
  {
    "timeStamp": 90433,
    "rotation": [
      [
        0.9398012,
        -0.2736533,
        0.204664782
      ],
      [
        -0.206633076,
        0.0219381712,
        0.978172541
      ],
      [
        -0.2721701,
        -0.96157825,
        -0.0359283
      ]
    ],
    "translation": [
      2.1202805,
      1.05801344,
      -0.7389635
    ]
  },
  {
    "timeStamp": 90478,
    "rotation": [
      [
        0.9512503,
        -0.235227287,
        0.199476734
      ],
      [
        -0.1908521,
        0.05911959,
        0.9798369
      ],
      [
        -0.242277369,
        -0.970140755,
        0.0113439029
      ]
    ],
    "translation": [
      2.11805224,
      1.0462836,
      -0.7353305
    ]
  },
  {
    "timeStamp": 90536,
    "rotation": [
      [
        0.965318143,
        -0.182632267,
        0.186564386
      ],
      [
        -0.169047639,
        0.107325621,
        0.979746938
      ],
      [
        -0.198956564,
        -0.9773058,
        0.072729826
      ]
    ],
    "translation": [
      2.11582565,
      1.03155136,
      -0.731792331
    ]
  },
  {
    "timeStamp": 90581,
    "rotation": [
      [
        0.9700444,
        -0.156546608,
        0.185760885
      ],
      [
        -0.165650353,
        0.133065984,
        0.977166
      ],
      [
        -0.177690491,
        -0.978665769,
        0.1031479
      ]
    ],
    "translation": [
      2.11507678,
      1.02197063,
      -0.726488531
    ]
  },
  {
    "timeStamp": 90637,
    "rotation": [
      [
        0.982465565,
        -0.100085542,
        0.157303065
      ],
      [
        -0.140692681,
        0.155631766,
        0.9777445
      ],
      [
        -0.122339427,
        -0.9827317,
        0.138821557
      ]
    ],
    "translation": [
      2.113293,
      1.01044869,
      -0.7212703
    ]
  },
  {
    "timeStamp": 90681,
    "rotation": [
      [
        0.9897246,
        -0.0249224789,
        0.140797928
      ],
      [
        -0.134661883,
        0.168619841,
        0.9764392
      ],
      [
        -0.0480766371,
        -0.985366,
        0.16353111
      ]
    ],
    "translation": [
      2.10969567,
      1.000834,
      -0.7198074
    ]
  },
  {
    "timeStamp": 90737,
    "rotation": [
      [
        0.9912107,
        0.0826371238,
        0.103307642
      ],
      [
        -0.116741151,
        0.1790308,
        0.976892769
      ],
      [
        0.062232364,
        -0.9803668,
        0.1871044
      ]
    ],
    "translation": [
      2.10742331,
      0.988576055,
      -0.721682
    ]
  },
  {
    "timeStamp": 90782,
    "rotation": [
      [
        0.9856921,
        0.152393967,
        0.0720225
      ],
      [
        -0.09663975,
        0.160859674,
        0.982234657
      ],
      [
        0.138101116,
        -0.975141168,
        0.173285425
      ]
    ],
    "translation": [
      2.108568,
      0.978574038,
      -0.7238444
    ]
  },
  {
    "timeStamp": 90837,
    "rotation": [
      [
        0.973580062,
        0.2264366,
        0.02946723
      ],
      [
        -0.04058277,
        0.04459064,
        0.9981807
      ],
      [
        0.224710673,
        -0.9730047,
        0.0526019819
      ]
    ],
    "translation": [
      2.1135695,
      0.9649114,
      -0.7226525
    ]
  },
  {
    "timeStamp": 90881,
    "rotation": [
      [
        0.967053,
        0.2545745,
        0.000511751336
      ],
      [
        -0.003399183,
        0.0109023964,
        0.9999348
      ],
      [
        0.254552335,
        -0.966991663,
        0.0114085414
      ]
    ],
    "translation": [
      2.11940122,
      0.9575775,
      -0.7233854
    ]
  },
  {
    "timeStamp": 90937,
    "rotation": [
      [
        0.9616969,
        0.274055064,
        0.00573848747
      ],
      [
        -0.004119307,
        -0.00648334576,
        0.9999705
      ],
      [
        0.274084181,
        -0.961692154,
        -0.00510609662
      ]
    ],
    "translation": [
      2.12378216,
      0.9527897,
      -0.7231442
    ]
  },
  {
    "timeStamp": 90981,
    "rotation": [
      [
        0.93814373,
        0.3458837,
        0.0158376433
      ],
      [
        -0.00434600143,
        -0.03397436,
        0.999413252
      ],
      [
        0.346218824,
        -0.9376621,
        -0.03036962
      ]
    ],
    "translation": [
      2.12637949,
      0.9457171,
      -0.72572273
    ]
  },
  {
    "timeStamp": 91037,
    "rotation": [
      [
        0.9035963,
        0.423565179,
        -0.0640810654
      ],
      [
        -0.017035272,
        0.184997514,
        0.982591331
      ],
      [
        0.428046316,
        -0.886774242,
        0.1743786
      ]
    ],
    "translation": [
      2.12676764,
      0.9414304,
      -0.7359441
    ]
  },
  {
    "timeStamp": 91081,
    "rotation": [
      [
        0.9033008,
        0.42409128,
        -0.0647626147
      ],
      [
        -0.0836735144,
        0.3222204,
        0.942959547
      ],
      [
        0.420768768,
        -0.846357167,
        0.326547176
      ]
    ],
    "translation": [
      2.125421,
      0.943687856,
      -0.739420533
    ]
  },
  {
    "timeStamp": 91137,
    "rotation": [
      [
        0.9195992,
        0.392408371,
        -0.0187876839
      ],
      [
        -0.126122564,
        0.340180725,
        0.9318638
      ],
      [
        0.372062355,
        -0.85457164,
        0.362321466
      ]
    ],
    "translation": [
      2.1157515,
      0.941638052,
      -0.735863268
    ]
  },
  {
    "timeStamp": 91181,
    "rotation": [
      [
        0.9081174,
        0.418607563,
        -0.009504676
      ],
      [
        -0.153559223,
        0.354074121,
        0.9225243
      ],
      [
        0.389541,
        -0.83630085,
        0.385821939
      ]
    ],
    "translation": [
      2.10773659,
      0.9390559,
      -0.7390235
    ]
  },
  {
    "timeStamp": 91237,
    "rotation": [
      [
        0.89205724,
        0.448965579,
        -0.0516116433
      ],
      [
        -0.143054321,
        0.388861746,
        0.910122
      ],
      [
        0.428683221,
        -0.804497659,
        0.4111134
      ]
    ],
    "translation": [
      2.10157776,
      0.9312366,
      -0.7444993
    ]
  },
  {
    "timeStamp": 91281,
    "rotation": [
      [
        0.8901031,
        0.443705916,
        -0.104122892
      ],
      [
        -0.121768534,
        0.451681048,
        0.883830667
      ],
      [
        0.439191252,
        -0.7740215,
        0.4560721
      ]
    ],
    "translation": [
      2.10060525,
      0.9263412,
      -0.7471629
    ]
  },
  {
    "timeStamp": 91330,
    "rotation": [
      [
        0.8823452,
        0.469585359,
        -0.0309278518
      ],
      [
        -0.187365472,
        0.410823166,
        0.8922547
      ],
      [
        0.43169564,
        -0.781481862,
        0.450471938
      ]
    ],
    "translation": [
      2.09928417,
      0.9235173,
      -0.7480202
    ]
  },
  {
    "timeStamp": 91389,
    "rotation": [
      [
        0.8630074,
        0.5041823,
        0.03191214
      ],
      [
        -0.244510353,
        0.361580819,
        0.899707735
      ],
      [
        0.4420779,
        -0.7842573,
        0.435324758
      ]
    ],
    "translation": [
      2.099025,
      0.920589268,
      -0.747828662
    ]
  },
  {
    "timeStamp": 91433,
    "rotation": [
      [
        0.8597319,
        0.5088319,
        0.0441713929
      ],
      [
        -0.254847527,
        0.352425754,
        0.900471449
      ],
      [
        0.442621469,
        -0.785421,
        0.4326662
      ]
    ],
    "translation": [
      2.09892583,
      0.9200469,
      -0.74781996
    ]
  },
  {
    "timeStamp": 91489,
    "rotation": [
      [
        0.82082653,
        0.5705516,
        0.0267349947
      ],
      [
        -0.271893322,
        0.3491401,
        0.8967582
      ],
      [
        0.502312541,
        -0.743352,
        0.441712618
      ]
    ],
    "translation": [
      2.10163617,
      0.919741154,
      -0.7455739
    ]
  },
  {
    "timeStamp": 91533,
    "rotation": [
      [
        0.8079144,
        0.5882076,
        0.03586431
      ],
      [
        -0.285419434,
        0.337332457,
        0.897074461
      ],
      [
        0.5155678,
        -0.7349957,
        0.440421581
      ]
    ],
    "translation": [
      2.102073,
      0.918981969,
      -0.7450671
    ]
  },
  {
    "timeStamp": 91588,
    "rotation": [
      [
        0.7821641,
        0.6204015,
        0.0576303378
      ],
      [
        -0.339827746,
        0.347242981,
        0.874036252
      ],
      [
        0.522241652,
        -0.7032242,
        0.482430637
      ]
    ],
    "translation": [
      2.10349655,
      0.9196855,
      -0.744284868
    ]
  },
  {
    "timeStamp": 91633,
    "rotation": [
      [
        0.749095559,
        0.6588114,
        0.06945034
      ],
      [
        -0.377686918,
        0.338596255,
        0.8618034
      ],
      [
        0.5442503,
        -0.6718036,
        0.5024654
      ]
    ],
    "translation": [
      2.104572,
      0.919076562,
      -0.7431218
    ]
  },
  {
    "timeStamp": 91689,
    "rotation": [
      [
        0.7020856,
        0.7024201,
        0.116969191
      ],
      [
        -0.4390344,
        0.297658473,
        0.847731233
      ],
      [
        0.5606466,
        -0.64653337,
        0.5173683
      ]
    ],
    "translation": [
      2.10609269,
      0.916635036,
      -0.7422471
    ]
  },
  {
    "timeStamp": 91733,
    "rotation": [
      [
        0.704755664,
        0.6891497,
        0.168499723
      ],
      [
        -0.455059141,
        0.256900638,
        0.852597952
      ],
      [
        0.544279933,
        -0.677550554,
        0.494656026
      ]
    ],
    "translation": [
      2.1052382,
      0.913995147,
      -0.74376756
    ]
  },
  {
    "timeStamp": 91779,
    "rotation": [
      [
        0.749582469,
        0.640469134,
        0.167108953
      ],
      [
        -0.419540256,
        0.264444768,
        0.8683634
      ],
      [
        0.511968851,
        -0.721018851,
        0.46692577
      ]
    ],
    "translation": [
      2.10420871,
      0.910657167,
      -0.7472071
    ]
  },
  {
    "timeStamp": 91835,
    "rotation": [
      [
        0.7503671,
        0.6372676,
        0.175610855
      ],
      [
        -0.4179804,
        0.2516136,
        0.872916341
      ],
      [
        0.512095153,
        -0.728409648,
        0.455167949
      ]
    ],
    "translation": [
      2.1040132,
      0.9098511,
      -0.747505367
    ]
  }
]