[
  {
    "timeStamp": 101540,
    "rotation": [
      [
        0.999856234,
        0.0141544137,
        -0.009333209
      ],
      [
        0.0104189822,
        -0.07868356,
        0.9968452
      ],
      [
        0.0133753866,
        -0.9967991,
        -0.07881973
      ]
    ],
    "translation": [
      1.46241951,
      0.8509092,
      -0.7517732
    ]
  },
  {
    "timeStamp": 101596,
    "rotation": [
      [
        0.9274166,
        -0.246565655,
        0.281254023
      ],
      [
        -0.31017527,
        -0.0867738351,
        0.946710944
      ],
      [
        -0.209020928,
        -0.9652335,
        -0.156954065
      ]
    ],
    "translation": [
      1.45076954,
      0.8566555,
      -0.74337703
    ]
  },
  {
    "timeStamp": 101642,
    "rotation": [
      [
        0.9945289,
        -0.104462415,
        4.02770675E-05
      ],
      [
        -0.004010496,
        -0.0377964266,
        0.9992774
      ],
      [
        -0.104385413,
        -0.9938104,
        -0.0380085856
      ]
    ],
    "translation": [
      1.45038831,
      0.8517468,
      -0.7561948
    ]
  },
  {
    "timeStamp": 101696,
    "rotation": [
      [
        0.9947261,
        -0.102554396,
        0.00156101212
      ],
      [
        -0.007925784,
        -0.0616842844,
        0.9980642
      ],
      [
        -0.102259584,
        -0.992812932,
        -0.0621718
      ]
    ],
    "translation": [
      1.4504118,
      0.851750851,
      -0.756409466
    ]
  },
  {
    "timeStamp": 101740,
    "rotation": [
      [
        0.994397342,
        -0.10257794,
        0.02552834
      ],
      [
        -0.03496005,
        -0.0912278444,
        0.9952162
      ],
      [
        -0.0997583345,
        -0.9905328,
        -0.0943028554
      ]
    ],
    "translation": [
      1.45035028,
      0.8534275,
      -0.756648958
    ]
  },
  {
    "timeStamp": 101796,
    "rotation": [
      [
        0.9879011,
        -0.09412793,
        0.123253204
      ],
      [
        -0.115620337,
        0.0826588,
        0.9898482
      ],
      [
        -0.103360333,
        -0.9921227,
        0.07077561
      ]
    ],
    "translation": [
      1.4472878,
      0.8832627,
      -0.767066061
    ]
  },
  {
    "timeStamp": 101841,
    "rotation": [
      [
        0.971216857,
        -0.168312743,
        0.168548509
      ],
      [
        -0.13570556,
        0.190550834,
        0.97225225
      ],
      [
        -0.195759475,
        -0.967140734,
        0.162225217
      ]
    ],
    "translation": [
      1.44835317,
      0.9196135,
      -0.7625124
    ]
  },
  {
    "timeStamp": 101897,
    "rotation": [
      [
        0.938529253,
        -0.223932371,
        0.262711167
      ],
      [
        -0.182755053,
        0.323313177,
        0.9284768
      ],
      [
        -0.292853981,
        -0.919414461,
        0.262514085
      ]
    ],
    "translation": [
      1.457991,
      0.986652255,
      -0.755714357
    ]
  },
  {
    "timeStamp": 101942,
    "rotation": [
      [
        0.9131267,
        -0.226334646,
        0.339075536
      ],
      [
        -0.201486245,
        0.472494841,
        0.857992947
      ],
      [
        -0.354405,
        -0.851775348,
        0.38584432
      ]
    ],
    "translation": [
      1.47245,
      1.05229557,
      -0.755956
    ]
  },
  {
    "timeStamp": 101998,
    "rotation": [
      [
        0.9095882,
        -0.173496813,
        0.377555519
      ],
      [
        -0.253725,
        0.487656683,
        0.835353
      ],
      [
        -0.3290485,
        -0.85562253,
        0.399546266
      ]
    ],
    "translation": [
      1.4999727,
      1.12826264,
      -0.754602253
    ]
  },
  {
    "timeStamp": 102042,
    "rotation": [
      [
        0.8959838,
        -0.169530913,
        0.410453767
      ],
      [
        -0.2400781,
        0.5926465,
        0.7688515
      ],
      [
        -0.373598069,
        -0.7874195,
        0.490301
      ]
    ],
    "translation": [
      1.52496827,
      1.19280076,
      -0.753641367
    ]
  },
  {
    "timeStamp": 102088,
    "rotation": [
      [
        0.9142964,
        -0.118061155,
        0.387458026
      ],
      [
        -0.235157654,
        0.6241361,
        0.745087266
      ],
      [
        -0.32979238,
        -0.7723443,
        0.542882442
      ]
    ],
    "translation": [
      1.5514369,
      1.24907,
      -0.764953852
    ]
  },
  {
    "timeStamp": 102143,
    "rotation": [
      [
        0.925451756,
        -0.1181562,
        0.3599698
      ],
      [
        -0.1893506,
        0.678704739,
        0.7095818
      ],
      [
        -0.328154653,
        -0.7248442,
        0.6057355
      ]
    ],
    "translation": [
      1.57929051,
      1.30800891,
      -0.7746909
    ]
  },
  {
    "timeStamp": 102198,
    "rotation": [
      [
        0.937887967,
        -0.09422942,
        0.3338968
      ],
      [
        -0.1687948,
        0.716889739,
        0.6764447
      ],
      [
        -0.3031082,
        -0.6907894,
        0.656456769
      ]
    ],
    "translation": [
      1.60607016,
      1.35689676,
      -0.790755332
    ]
  },
  {
    "timeStamp": 102243,
    "rotation": [
      [
        0.930231154,
        -0.108064711,
        0.350702137
      ],
      [
        -0.16191256,
        0.736751735,
        0.6564915
      ],
      [
        -0.329324,
        -0.667471945,
        0.6678524
      ]
    ],
    "translation": [
      1.61888385,
      1.38761091,
      -0.7960755
    ]
  },
  {
    "timeStamp": 102298,
    "rotation": [
      [
        0.9135449,
        -0.1454096,
        0.379857659
      ],
      [
        -0.1558451,
        0.737501442,
        0.6571179
      ],
      [
        -0.3756968,
        -0.659505665,
        0.6510793
      ]
    ],
    "translation": [
      1.63141274,
      1.4128052,
      -0.8001018
    ]
  },
  {
    "timeStamp": 102342,
    "rotation": [
      [
        0.9080609,
        -0.190094337,
        0.37321502
      ],
      [
        -0.129764646,
        0.7195397,
        0.6822197
      ],
      [
        -0.398229152,
        -0.667927146,
        0.6287184
      ]
    ],
    "translation": [
      1.64325452,
      1.420871,
      -0.806435347
    ]
  },
  {
    "timeStamp": 102398,
    "rotation": [
      [
        0.900517046,
        -0.227818161,
        0.3703619
      ],
      [
        -0.116993964,
        0.693399966,
        0.7109915
      ],
      [
        -0.4187857,
        -0.6835901,
        0.5977651
      ]
    ],
    "translation": [
      1.65859365,
      1.42815554,
      -0.816607952
    ]
  },
  {
    "timeStamp": 102443,
    "rotation": [
      [
        0.881088734,
        -0.253362417,
        0.399362236
      ],
      [
        -0.123812713,
        0.691392,
        0.711791754
      ],
      [
        -0.456457138,
        -0.676597834,
        0.5778082
      ]
    ],
    "translation": [
      1.66966259,
      1.43548632,
      -0.82143867
    ]
  },
  {
    "timeStamp": 102498,
    "rotation": [
      [
        0.867139339,
        -0.2792683,
        0.412406
      ],
      [
        -0.1295824,
        0.673002541,
        0.728200555
      ],
      [
        -0.480913579,
        -0.6848919,
        0.5473987
      ]
    ],
    "translation": [
      1.68695581,
      1.43766689,
      -0.828486264
    ]
  },
  {
    "timeStamp": 102543,
    "rotation": [
      [
        0.8597662,
        -0.2963081,
        0.415937
      ],
      [
        -0.124396972,
        0.6684188,
        0.7333087
      ],
      [
        -0.495305479,
        -0.682215333,
        0.537824035
      ]
    ],
    "translation": [
      1.70081842,
      1.43679929,
      -0.8361362
    ]
  },
  {
    "timeStamp": 102599,
    "rotation": [
      [
        0.855251551,
        -0.3161364,
        0.4106125
      ],
      [
        -0.110768311,
        0.662525654,
        0.740803659
      ],
      [
        -0.5062364,
        -0.679056346,
        0.5316082
      ]
    ],
    "translation": [
      1.71845949,
      1.433149,
      -0.8461052
    ]
  },
  {
    "timeStamp": 102642,
    "rotation": [
      [
        0.85031563,
        -0.331496835,
        0.408745855
      ],
      [
        -0.101233028,
        0.6591465,
        0.74516964
      ],
      [
        -0.516444743,
        -0.675007939,
        0.526924133
      ]
    ],
    "translation": [
      1.73261452,
      1.43005753,
      -0.851962149
    ]
  },
  {
    "timeStamp": 102698,
    "rotation": [
      [
        0.842016339,
        -0.338354349,
        0.420148462
      ],
      [
        -0.102061763,
        0.6648574,
        0.739964843
      ],
      [
        -0.52970916,
        -0.665943563,
        0.525287747
      ]
    ],
    "translation": [
      1.750983,
      1.42994845,
      -0.85769403
    ]
  },
  {
    "timeStamp": 102743,
    "rotation": [
      [
        0.839101255,
        -0.339516819,
        0.4250147
      ],
      [
        -0.110095352,
        0.6591479,
        0.7439106
      ],
      [
        -0.532717764,
        -0.671008468,
        0.5157126
      ]
    ],
    "translation": [
      1.765817,
      1.43099666,
      -0.860838354
    ]
  },
  {
    "timeStamp": 102798,
    "rotation": [
      [
        0.828622043,
        -0.349780679,
        0.437080145
      ],
      [
        -0.113226809,
        0.659911931,
        0.7427624
      ],
      [
        -0.548238337,
        -0.6649585,
        0.507213056
      ]
    ],
    "translation": [
      1.78524828,
      1.43197513,
      -0.861165047
    ]
  },
  {
    "timeStamp": 102842,
    "rotation": [
      [
        0.828933358,
        -0.352291316,
        0.4344656
      ],
      [
        -0.110878445,
        0.6578313,
        0.744959056
      ],
      [
        -0.548247635,
        -0.6656943,
        0.5062368
      ]
    ],
    "translation": [
      1.80265355,
      1.43236566,
      -0.863213658
    ]
  },
  {
    "timeStamp": 102898,
    "rotation": [
      [
        0.8249376,
        -0.361793935,
        0.4342616
      ],
      [
        -0.106011227,
        0.6556298,
        0.7476036
      ],
      [
        -0.5551933,
        -0.66276294,
        0.502499461
      ]
    ],
    "translation": [
      1.82463038,
      1.43218827,
      -0.8624717
    ]
  },
  {
    "timeStamp": 102974,
    "rotation": [
      [
        0.824281752,
        -0.362207443,
        0.435161352
      ],
      [
        -0.106219552,
        0.6560149,
        0.747236133
      ],
      [
        -0.556126833,
        -0.662155747,
        0.50226754
      ]
    ],
    "translation": [
      1.8288821,
      1.43223333,
      -0.8620803
    ]
  },
  {
    "timeStamp": 102992,
    "rotation": [
      [
        0.824748635,
        -0.36033842,
        0.4358279
      ],
      [
        -0.108503759,
        0.6555405,
        0.7473242
      ],
      [
        -0.5549925,
        -0.6636436,
        0.501558065
      ]
    ],
    "translation": [
      1.86213946,
      1.43156636,
      -0.8603288
    ]
  },
  {
    "timeStamp": 103048,
    "rotation": [
      [
        0.8237273,
        -0.357729822,
        0.439889461
      ],
      [
        -0.112078413,
        0.6577947,
        0.7448118
      ],
      [
        -0.555798352,
        -0.6628239,
        0.5017497
      ]
    ],
    "translation": [
      1.88338912,
      1.429698,
      -0.855101943
    ]
  },
  {
    "timeStamp": 103093,
    "rotation": [
      [
        0.822266757,
        -0.3540658,
        0.4455501
      ],
      [
        -0.116869085,
        0.6611593,
        0.7410871
      ],
      [
        -0.556973159,
        -0.6614423,
        0.5022699
      ]
    ],
    "translation": [
      1.89911234,
      1.4266609,
      -0.850768745
    ]
  },
  {
    "timeStamp": 103148,
    "rotation": [
      [
        0.8200438,
        -0.343122333,
        0.4580341
      ],
      [
        -0.124512732,
        0.6741993,
        0.727977931
      ],
      [
        -0.5585918,
        -0.6540049,
        0.510149837
      ]
    ],
    "translation": [
      1.91821909,
      1.42270207,
      -0.846513748
    ]
  },
  {
    "timeStamp": 103193,
    "rotation": [
      [
        0.817683756,
        -0.337757349,
        0.4661687
      ],
      [
        -0.131183535,
        0.679155,
        0.72217685
      ],
      [
        -0.5605213,
        -0.6516659,
        0.511025846
      ]
    ],
    "translation": [
      1.93266141,
      1.41791272,
      -0.8425855
    ]
  },
  {
    "timeStamp": 103248,
    "rotation": [
      [
        0.8119683,
        -0.333459944,
        0.4790741
      ],
      [
        -0.134571388,
        0.6916981,
        0.7095381
      ],
      [
        -0.56797713,
        -0.6405921,
        0.5167628
      ]
    ],
    "translation": [
      1.94896245,
      1.4117353,
      -0.8376399
    ]
  },
  {
    "timeStamp": 103293,
    "rotation": [
      [
        0.8074576,
        -0.3252488,
        0.492163867
      ],
      [
        -0.143727124,
        0.7006792,
        0.698849857
      ],
      [
        -0.5721491,
        -0.635028958,
        0.5190217
      ]
    ],
    "translation": [
      1.96224654,
      1.40673542,
      -0.8346979
    ]
  },
  {
    "timeStamp": 103348,
    "rotation": [
      [
        0.786344647,
        -0.3430676,
        0.513777
      ],
      [
        -0.149876028,
        0.7008587,
        0.6973767
      ],
      [
        -0.5993324,
        -0.6253813,
        0.499698877
      ]
    ],
    "translation": [
      1.97767079,
      1.39791656,
      -0.825873
    ]
  },
  {
    "timeStamp": 103392,
    "rotation": [
      [
        0.769768059,
        -0.3508154,
        0.533278167
      ],
      [
        -0.156842262,
        0.705875039,
        0.6907539
      ],
      [
        -0.618754864,
        -0.615360856,
        0.488337368
      ]
    ],
    "translation": [
      1.99112976,
      1.39044666,
      -0.8199848
    ]
  },
  {
    "timeStamp": 103448,
    "rotation": [
      [
        0.7333965,
        -0.390216619,
        0.556651354
      ],
      [
        -0.1627561,
        0.694239557,
        0.7011005
      ],
      [
        -0.6600304,
        -0.604783058,
        0.44564265
      ]
    ],
    "translation": [
      2.00956035,
      1.37525427,
      -0.8079786
    ]
  },
  {
    "timeStamp": 103492,
    "rotation": [
      [
        0.6921193,
        -0.4423822,
        0.5703234
      ],
      [
        -0.167873427,
        0.669829,
        0.72328943
      ],
      [
        -0.701989532,
        -0.5963447,
        0.38933742
      ]
    ],
    "translation": [
      2.02671432,
      1.35846865,
      -0.7962731
    ]
  },
  {
    "timeStamp": 103548,
    "rotation": [
      [
        0.619867,
        -0.537916064,
        0.5713241
      ],
      [
        -0.1642658,
        0.622992337,
        0.764785767
      ],
      [
        -0.7673211,
        -0.5679145,
        0.2978112
      ]
    ],
    "translation": [
      2.050776,
      1.33003914,
      -0.777316451
    ]
  },
  {
    "timeStamp": 103592,
    "rotation": [
      [
        0.564740837,
        -0.615109,
        0.550189734
      ],
      [
        -0.14872691,
        0.5799064,
        0.8009924
      ],
      [
        -0.8117562,
        -0.5341811,
        0.236013547
      ]
    ],
    "translation": [
      2.07146025,
      1.30201566,
      -0.7672424
    ]
  },
  {
    "timeStamp": 103648,
    "rotation": [
      [
        0.471871734,
        -0.7003896,
        0.535529137
      ],
      [
        -0.141000643,
        0.5396392,
        0.83000505
      ],
      [
        -0.8703194,
        -0.4671659,
        0.1558851
      ]
    ],
    "translation": [
      2.097249,
      1.265056,
      -0.7517476
    ]
  },
  {
    "timeStamp": 103698,
    "rotation": [
      [
        0.3931711,
        -0.761624157,
        0.515116632
      ],
      [
        -0.1071422,
        0.5184684,
        0.8483579
      ],
      [
        -0.9132015,
        -0.38874054,
        0.122244693
      ]
    ],
    "translation": [
      2.11519122,
      1.230384,
      -0.742531
    ]
  },
  {
    "timeStamp": 103742,
    "rotation": [
      [
        0.31291315,
        -0.7895284,
        0.527949
      ],
      [
        -0.100549504,
        0.5252023,
        0.8450162
      ],
      [
        -0.9444443,
        -0.317501664,
        0.0849560052
      ]
    ],
    "translation": [
      2.12847972,
      1.20050633,
      -0.7334295
    ]
  },
  {
    "timeStamp": 103797,
    "rotation": [
      [
        0.209207058,
        -0.812260032,
        0.544487
      ],
      [
        -0.0675926358,
        0.543464839,
        0.836706161
      ],
      [
        -0.9755325,
        -0.211848155,
        0.0587938838
      ]
    ],
    "translation": [
      2.14161634,
      1.16291606,
      -0.722860336
    ]
  },
  {
    "timeStamp": 103844,
    "rotation": [
      [
        0.151651844,
        -0.8056958,
        0.572587132
      ],
      [
        -0.05552166,
        0.571428955,
        0.8187712
      ],
      [
        -0.986873448,
        -0.155959144,
        0.04192468
      ]
    ],
    "translation": [
      2.14516783,
      1.138275,
      -0.7169654
    ]
  },
  {
    "timeStamp": 103892,
    "rotation": [
      [
        0.09666007,
        -0.822483659,
        0.5605154
      ],
      [
        -0.0287989862,
        0.560605466,
        0.8275821
      ],
      [
        -0.9949007,
        -0.09613642,
        0.0305014681
      ]
    ],
    "translation": [
      2.14855647,
      1.10664773,
      -0.7084529
    ]
  },
  {
    "timeStamp": 103942,
    "rotation": [
      [
        0.0951375,
        -0.8276166,
        0.55317235
      ],
      [
        -0.02536396,
        0.553497136,
        0.832464755
      ],
      [
        -0.9951409,
        -0.09322926,
        0.0316667
      ]
    ],
    "translation": [
      2.14486766,
      1.08678448,
      -0.703448832
    ]
  },
  {
    "timeStamp": 103992,
    "rotation": [
      [
        0.0426945537,
        -0.862446964,
        0.5043435
      ],
      [
        -0.0006298189,
        0.5047804,
        0.8632475
      ],
      [
        -0.999088,
        -0.0371736139,
        0.0210081916
      ]
    ],
    "translation": [
      2.15115118,
      1.05969083,
      -0.6904385
    ]
  },
  {
    "timeStamp": 104048,
    "rotation": [
      [
        0.0485950559,
        -0.901172638,
        0.430727839
      ],
      [
        0.008760776,
        0.431605279,
        0.902020037
      ],
      [
        -0.9987802,
        -0.0400602072,
        0.028868854
      ]
    ],
    "translation": [
      2.155292,
      1.03343666,
      -0.6827127
    ]
  },
  {
    "timeStamp": 104092,
    "rotation": [
      [
        0.05933596,
        -0.9464001,
        0.317499846
      ],
      [
        0.04499156,
        0.320272475,
        0.946256459
      ],
      [
        -0.9972237,
        -0.0418622158,
        0.06158369
      ]
    ],
    "translation": [
      2.16194534,
      1.006495,
      -0.6805718
    ]
  },
  {
    "timeStamp": 104148,
    "rotation": [
      [
        0.05684908,
        -0.9519306,
        0.300992221
      ],
      [
        0.07429218,
        0.3046774,
        0.9495538
      ],
      [
        -0.995614767,
        -0.0316199027,
        0.08804163
      ]
    ],
    "translation": [
      2.16217661,
      0.9874377,
      -0.6794149
    ]
  },
  {
    "timeStamp": 104192,
    "rotation": [
      [
        0.0293328129,
        -0.9608677,
        0.275450051
      ],
      [
        0.08713801,
        0.276977628,
        0.9569171
      ],
      [
        -0.995764256,
        -0.00406689849,
        0.0918526351
      ]
    ],
    "translation": [
      2.16552854,
      0.9742066,
      -0.67651695
    ]
  },
  {
    "timeStamp": 104248,
    "rotation": [
      [
        0.0463704541,
        -0.962295234,
        0.268025368
      ],
      [
        0.0963472649,
        0.2713715,
        0.9576402
      ],
      [
        -0.994267046,
        -0.0185826942,
        0.105298139
      ]
    ],
    "translation": [
      2.16126585,
      0.9619431,
      -0.677678
    ]
  },
  {
    "timeStamp": 104293,
    "rotation": [
      [
        0.0315774381,
        -0.9752204,
        0.218970492
      ],
      [
        0.09013705,
        0.2209656,
        0.971107364
      ],
      [
        -0.9954286,
        -0.0109277274,
        0.09488101
      ]
    ],
    "translation": [
      2.16342354,
      0.952009737,
      -0.6760654
    ]
  },
  {
    "timeStamp": 104339,
    "rotation": [
      [
        -0.0018528509,
        -0.980017066,
        0.198904678
      ],
      [
        0.06775862,
        0.198324859,
        0.9777914
      ],
      [
        -0.9977,
        0.0152891912,
        0.06603714
      ]
    ],
    "translation": [
      2.16776443,
      0.9468137,
      -0.6715772
    ]
  },
  {
    "timeStamp": 104395,
    "rotation": [
      [
        -0.0313356631,
        -0.984089,
        0.1748909
      ],
      [
        0.036108315,
        0.173748046,
        0.984127939
      ],
      [
        -0.9988565,
        0.03715332,
        0.0300892871
      ]
    ],
    "translation": [
      2.170248,
      0.943630457,
      -0.6659534
    ]
  },
  {
    "timeStamp": 104440,
    "rotation": [
      [
        0.00635618949,
        -0.993781447,
        0.111167192
      ],
      [
        0.008896154,
        0.111221239,
        0.9937559
      ],
      [
        -0.9999403,
        -0.005327544,
        0.009547777
      ]
    ],
    "translation": [
      2.17350626,
      0.938561261,
      -0.6638236
    ]
  },
  {
    "timeStamp": 104497,
    "rotation": [
      [
        0.0426340736,
        -0.993925869,
        0.101458177
      ],
      [
        -0.0177707635,
        0.100780033,
        0.99475
      ],
      [
        -0.9989327,
        -0.04421323,
        -0.0133661572
      ]
    ],
    "translation": [
      2.17325974,
      0.935298443,
      -0.6614564
    ]
  },
  {
    "timeStamp": 104542,
    "rotation": [
      [
        0.07525279,
        -0.995811939,
        0.05191904
      ],
      [
        -0.02261158,
        0.05034918,
        0.9984757
      ],
      [
        -0.996908069,
        -0.07631205,
        -0.0187279657
      ]
    ],
    "translation": [
      2.17467833,
      0.930213869,
      -0.6605444
    ]
  },
  {
    "timeStamp": 104597,
    "rotation": [
      [
        0.119313478,
        -0.992337167,
        -0.032113947
      ],
      [
        -0.0310817789,
        -0.03606235,
        0.9988661
      ],
      [
        -0.99237,
        -0.118180037,
        -0.0351463258
      ]
    ],
    "translation": [
      2.178694,
      0.9224977,
      -0.660162449
    ]
  },
  {
    "timeStamp": 104642,
    "rotation": [
      [
        0.14311102,
        -0.9889991,
        -0.03741586
      ],
      [
        -0.0427543521,
        -0.0439475439,
        0.9981186
      ],
      [
        -0.988782763,
        -0.141242087,
        -0.0485733971
      ]
    ],
    "translation": [
      2.17840552,
      0.9193313,
      -0.6586613
    ]
  },
  {
    "timeStamp": 104697,
    "rotation": [
      [
        0.120791771,
        -0.9917114,
        -0.0437930338
      ],
      [
        -0.0139024351,
        -0.04580177,
        0.9988538
      ],
      [
        -0.992580533,
        -0.120044492,
        -0.0193196815
      ]
    ],
    "translation": [
      2.177748,
      0.9112734,
      -0.65836674
    ]
  },
  {
    "timeStamp": 104742,
    "rotation": [
      [
        0.0997155458,
        -0.994103253,
        -0.0426079854
      ],
      [
        -0.00316069461,
        -0.04313765,
        0.999064147
      ],
      [
        -0.9950109,
        -0.09948756,
        -0.00744355144
      ]
    ],
    "translation": [
      2.17763758,
      0.9070388,
      -0.658147
    ]
  },
  {
    "timeStamp": 104797,
    "rotation": [
      [
        0.05405142,
        -0.996701837,
        -0.0605296679
      ],
      [
        0.0247683283,
        -0.05926137,
        0.9979352
      ],
      [
        -0.998230934,
        -0.0554390363,
        0.0214834791
      ]
    ],
    "translation": [
      2.17825556,
      0.9002799,
      -0.658533
    ]
  },
  {
    "timeStamp": 104842,
    "rotation": [
      [
        0.0185411666,
        -0.9981247,
        -0.05833745
      ],
      [
        0.0350674838,
        -0.0576623864,
        0.997720063
      ],
      [
        -0.9992129,
        -0.02054464,
        0.0339325927
      ]
    ],
    "translation": [
      2.17926,
      0.8966761,
      -0.6581388
    ]
  },
  {
    "timeStamp": 104897,
    "rotation": [
      [
        0.0181034841,
        -0.9980023,
        -0.0605286434
      ],
      [
        0.03634349,
        -0.05984171,
        0.9975461
      ],
      [
        -0.99917537,
        -0.0202588569,
        0.0351875424
      ]
    ],
    "translation": [
      2.17948461,
      0.8928579,
      -0.658089936
    ]
  },
  {
    "timeStamp": 104941,
    "rotation": [
      [
        0.0221813936,
        -0.9977936,
        -0.06257698
      ],
      [
        0.0396853127,
        -0.0616642833,
        0.997307658
      ],
      [
        -0.998966,
        -0.024605073,
        0.0382299535
      ]
    ],
    "translation": [
      2.1794703,
      0.89170593,
      -0.657917857
    ]
  },
  {
    "timeStamp": 104997,
    "rotation": [
      [
        0.0390807875,
        -0.9974877,
        -0.0590839647
      ],
      [
        0.0444174558,
        -0.05733653,
        0.9973663
      ],
      [
        -0.998248339,
        -0.04160225,
        0.04206511
      ]
    ],
    "translation": [
      2.1791594,
      0.888362,
      -0.658184469
    ]
  },
  {
    "timeStamp": 105041,
    "rotation": [
      [
        0.0409847833,
        -0.9969838,
        -0.06590498
      ],
      [
        0.0366423,
        -0.06441627,
        0.99725014
      ],
      [
        -0.998487651,
        -0.0432870127,
        0.0338916965
      ]
    ],
    "translation": [
      2.1794188,
      0.886756361,
      -0.6570918
    ]
  },
  {
    "timeStamp": 105097,
    "rotation": [
      [
        0.0277238041,
        -0.9995882,
        -0.007408635
      ],
      [
        0.03615596,
        -0.006403896,
        0.999325633
      ],
      [
        -0.9989615,
        -0.0279729776,
        0.03596353
      ]
    ],
    "translation": [
      2.18022847,
      0.885520339,
      -0.652950943
    ]
  },
  {
    "timeStamp": 105142,
    "rotation": [
      [
        0.00425856328,
        -0.9989164,
        -0.0463462435
      ],
      [
        0.0520971529,
        -0.0460621,
        0.997579157
      ],
      [
        -0.998632967,
        -0.00666275853,
        0.05184454
      ]
    ],
    "translation": [
      2.1787858,
      0.8828768,
      -0.6547751
    ]
  }
]