[
  {
    "timeStamp": 157971,
    "rotation": [
      [
        -0.5428429,
        0.496430337,
        -0.677405655
      ],
      [
        0.633472443,
        0.771601558,
        0.0578241125
      ],
      [
        0.5513929,
        -0.3977284,
        -0.7333334
      ]
    ],
    "translation": [
      1.76187253,
      0.8523509,
      -0.4542077
    ]
  },
  {
    "timeStamp": 158027,
    "rotation": [
      [
        -0.474095583,
        0.572297454,
        -0.669110656
      ],
      [
        0.595455348,
        0.768205047,
        0.235146567
      ],
      [
        0.648587942,
        -0.286943555,
        -0.704980254
      ]
    ],
    "translation": [
      1.75216675,
      0.8496363,
      -0.4708538
    ]
  },
  {
    "timeStamp": 158071,
    "rotation": [
      [
        -0.482072771,
        0.574104667,
        -0.661823
      ],
      [
        0.60463655,
        0.764674664,
        0.222906217
      ],
      [
        0.6340508,
        -0.2927054,
        -0.7157535
      ]
    ],
    "translation": [
      1.75169539,
      0.85107,
      -0.474914
    ]
  },
  {
    "timeStamp": 158126,
    "rotation": [
      [
        -0.4517148,
        0.593253732,
        -0.666336
      ],
      [
        0.6266209,
        0.7426129,
        0.236373171
      ],
      [
        0.635059,
        -0.310766816,
        -0.707194448
      ]
    ],
    "translation": [
      1.74823809,
      0.8588531,
      -0.479692847
    ]
  },
  {
    "timeStamp": 158171,
    "rotation": [
      [
        -0.416514337,
        0.6076349,
        -0.6762364
      ],
      [
        0.653789937,
        0.717059731,
        0.241627961
      ],
      [
        0.631723464,
        -0.34147504,
        -0.695931256
      ]
    ],
    "translation": [
      1.742665,
      0.8703939,
      -0.484077543
    ]
  },
  {
    "timeStamp": 158226,
    "rotation": [
      [
        -0.383144259,
        0.649359941,
        -0.6569111
      ],
      [
        0.6956717,
        0.6707166,
        0.257255256
      ],
      [
        0.6076524,
        -0.358428568,
        -0.7087225
      ]
    ],
    "translation": [
      1.73009408,
      0.88825345,
      -0.4949234
    ]
  },
  {
    "timeStamp": 158271,
    "rotation": [
      [
        -0.38231805,
        0.656566262,
        -0.650195062
      ],
      [
        0.717377067,
        0.654407859,
        0.2389989
      ],
      [
        0.582411349,
        -0.375061423,
        -0.721197546
      ]
    ],
    "translation": [
      1.7224462,
      0.9010575,
      -0.5071826
    ]
  },
  {
    "timeStamp": 158327,
    "rotation": [
      [
        -0.3546356,
        0.691833436,
        -0.6289675
      ],
      [
        0.7440666,
        0.616181,
        0.25823614
      ],
      [
        0.5662142,
        -0.376413941,
        -0.7332899
      ]
    ],
    "translation": [
      1.70984769,
      0.9151847,
      -0.5260167
    ]
  },
  {
    "timeStamp": 158372,
    "rotation": [
      [
        -0.3594421,
        0.6992711,
        -0.6179169
      ],
      [
        0.750407636,
        0.610208333,
        0.254035681
      ],
      [
        0.5546979,
        -0.372378439,
        -0.744073
      ]
    ],
    "translation": [
      1.702739,
      0.921881557,
      -0.543601155
    ]
  },
  {
    "timeStamp": 158428,
    "rotation": [
      [
        -0.366324961,
        0.705848,
        -0.6062876
      ],
      [
        0.749932647,
        0.609683454,
        0.25668475
      ],
      [
        0.550824,
        -0.360644877,
        -0.752680659
      ]
    ],
    "translation": [
      1.69549167,
      0.925582349,
      -0.5659227
    ]
  },
  {
    "timeStamp": 158472,
    "rotation": [
      [
        -0.3826137,
        0.7113148,
        -0.5896083
      ],
      [
        0.7500384,
        0.611777246,
        0.251338542
      ],
      [
        0.539489746,
        -0.346063256,
        -0.7675878
      ]
    ],
    "translation": [
      1.69056928,
      0.9270783,
      -0.583845
    ]
  },
  {
    "timeStamp": 158528,
    "rotation": [
      [
        -0.377708972,
        0.7004389,
        -0.605575144
      ],
      [
        0.742241442,
        0.620040357,
        0.254219681
      ],
      [
        0.553546369,
        -0.353461951,
        -0.7540896
      ]
    ],
    "translation": [
      1.69026542,
      0.926568031,
      -0.6023472
    ]
  },
  {
    "timeStamp": 158573,
    "rotation": [
      [
        -0.365513742,
        0.7014987,
        -0.6118
      ],
      [
        0.7437863,
        0.6152954,
        0.261138976
      ],
      [
        0.5596264,
        -0.359598577,
        -0.746664047
      ]
    ],
    "translation": [
      1.68969035,
      0.927873135,
      -0.6158799
    ]
  },
  {
    "timeStamp": 158628,
    "rotation": [
      [
        -0.336731285,
        0.6968344,
        -0.63327235
      ],
      [
        0.748097,
        0.6064065,
        0.269484758
      ],
      [
        0.5718067,
        -0.3830052,
        -0.725495756
      ]
    ],
    "translation": [
      1.69094646,
      0.9321713,
      -0.629127741
    ]
  },
  {
    "timeStamp": 158672,
    "rotation": [
      [
        -0.291650981,
        0.693411469,
        -0.658878
      ],
      [
        0.758115,
        0.5876005,
        0.2828201
      ],
      [
        0.5832678,
        -0.4170206,
        -0.6970599
      ]
    ],
    "translation": [
      1.69415629,
      0.9384252,
      -0.637923
    ]
  },
  {
    "timeStamp": 158728,
    "rotation": [
      [
        -0.255954027,
        0.6858678,
        -0.681229
      ],
      [
        0.766571641,
        0.573339,
        0.28922376
      ],
      [
        0.5889444,
        -0.448182851,
        -0.672515154
      ]
    ],
    "translation": [
      1.69907534,
      0.9469144,
      -0.649683058
    ]
  },
  {
    "timeStamp": 158772,
    "rotation": [
      [
        -0.237104192,
        0.6744714,
        -0.699192345
      ],
      [
        0.7723676,
        0.567424238,
        0.285443425
      ],
      [
        0.5892621,
        -0.472353667,
        -0.655478537
      ]
    ],
    "translation": [
      1.70588744,
      0.9545443,
      -0.6598781
    ]
  },
  {
    "timeStamp": 158828,
    "rotation": [
      [
        -0.202191249,
        0.6556888,
        -0.727455
      ],
      [
        0.7853954,
        0.5522928,
        0.279511631
      ],
      [
        0.585040867,
        -0.514825046,
        -0.6266438
      ]
    ],
    "translation": [
      1.71876407,
      0.967717648,
      -0.6709391
    ]
  },
  {
    "timeStamp": 158872,
    "rotation": [
      [
        -0.1550085,
        0.6389507,
        -0.7534682
      ],
      [
        0.7977421,
        0.530837536,
        0.286040217
      ],
      [
        0.5827348,
        -0.5567347,
        -0.5920022
      ]
    ],
    "translation": [
      1.73405468,
      0.9803384,
      -0.67925185
    ]
  },
  {
    "timeStamp": 158928,
    "rotation": [
      [
        -0.11555665,
        0.6060854,
        -0.786960661
      ],
      [
        0.8162445,
        0.5094143,
        0.272473752
      ],
      [
        0.566031456,
        -0.6108662,
        -0.5535801
      ]
    ],
    "translation": [
      1.7585057,
      0.997224569,
      -0.6886123
    ]
  },
  {
    "timeStamp": 158972,
    "rotation": [
      [
        -0.0926215947,
        0.5767608,
        -0.8116454
      ],
      [
        0.8266395,
        0.498949438,
        0.260224283
      ],
      [
        0.555057168,
        -0.6468357,
        -0.52298677
      ]
    ],
    "translation": [
      1.78329706,
      1.01086938,
      -0.6980261
    ]
  },
  {
    "timeStamp": 159027,
    "rotation": [
      [
        -0.0595115349,
        0.532123566,
        -0.8445726
      ],
      [
        0.840472758,
        0.483193368,
        0.245213673
      ],
      [
        0.5385758,
        -0.6952472,
        -0.475990921
      ]
    ],
    "translation": [
      1.81956351,
      1.0268116,
      -0.707674146
    ]
  },
  {
    "timeStamp": 159072,
    "rotation": [
      [
        -0.0453160219,
        0.496035278,
        -0.867119
      ],
      [
        0.851396,
        0.473233461,
        0.226218775
      ],
      [
        0.522562265,
        -0.728010356,
        -0.443767518
      ]
    ],
    "translation": [
      1.85217929,
      1.04124463,
      -0.715810835
    ]
  },
  {
    "timeStamp": 159127,
    "rotation": [
      [
        -0.0539611243,
        0.449746281,
        -0.891524851
      ],
      [
        0.8654458,
        0.466419429,
        0.1829113
      ],
      [
        0.498088151,
        -0.7616963,
        -0.414399534
      ]
    ],
    "translation": [
      1.89664948,
      1.06031454,
      -0.7244398
    ]
  },
  {
    "timeStamp": 159172,
    "rotation": [
      [
        -0.05921158,
        0.406600535,
        -0.9116852
      ],
      [
        0.871826947,
        0.4659045,
        0.15116486
      ],
      [
        0.486221969,
        -0.785881042,
        -0.38207224
      ]
    ],
    "translation": [
      1.935011,
      1.07529557,
      -0.7312731
    ]
  },
  {
    "timeStamp": 159228,
    "rotation": [
      [
        -0.0724196061,
        0.355899662,
        -0.931713939
      ],
      [
        0.8791745,
        0.463897169,
        0.108865373
      ],
      [
        0.470964581,
        -0.8112551,
        -0.346493185
      ]
    ],
    "translation": [
      1.98562229,
      1.09330583,
      -0.7396502
    ]
  },
  {
    "timeStamp": 159272,
    "rotation": [
      [
        -0.0852175653,
        0.31217733,
        -0.9461941
      ],
      [
        0.879107356,
        0.470515549,
        0.07606145
      ],
      [
        0.4689437,
        -0.8253244,
        -0.3145336
      ]
    ],
    "translation": [
      2.02665281,
      1.10335827,
      -0.747048438
    ]
  },
  {
    "timeStamp": 159328,
    "rotation": [
      [
        -0.139222443,
        0.271746129,
        -0.9522453
      ],
      [
        0.849545956,
        0.5268662,
        0.0261465944
      ],
      [
        0.5088111,
        -0.805336,
        -0.304212421
      ]
    ],
    "translation": [
      2.07592249,
      1.10265458,
      -0.758196354
    ]
  },
  {
    "timeStamp": 159371,
    "rotation": [
      [
        -0.1616476,
        0.238442138,
        -0.957609236
      ],
      [
        0.8269971,
        0.5622061,
        0.0003879706
      ],
      [
        0.5384663,
        -0.7918773,
        -0.2880702
      ]
    ],
    "translation": [
      2.10897541,
      1.09485626,
      -0.7657568
    ]
  },
  {
    "timeStamp": 159422,
    "rotation": [
      [
        -0.094311744,
        0.226620078,
        -0.9694063
      ],
      [
        0.8112159,
        0.58195,
        0.05712194
      ],
      [
        0.577091,
        -0.781010568,
        -0.238722533
      ]
    ],
    "translation": [
      2.13991022,
      1.077286,
      -0.773937047
    ]
  },
  {
    "timeStamp": 159478,
    "rotation": [
      [
        -0.141765282,
        0.263398349,
        -0.9542138
      ],
      [
        0.771522164,
        0.6333475,
        0.06020414
      ],
      [
        0.620206535,
        -0.7276622,
        -0.293004334
      ]
    ],
    "translation": [
      2.152645,
      1.05542278,
      -0.7826106
    ]
  },
  {
    "timeStamp": 159522,
    "rotation": [
      [
        -0.08623176,
        0.275278568,
        -0.9574894
      ],
      [
        0.720548749,
        0.6809409,
        0.130877957
      ],
      [
        0.688021541,
        -0.6786319,
        -0.257070363
      ]
    ],
    "translation": [
      2.15944839,
      1.03153515,
      -0.7898294
    ]
  },
  {
    "timeStamp": 159578,
    "rotation": [
      [
        -0.122257434,
        0.297685772,
        -0.9468032
      ],
      [
        0.696619,
        0.705234468,
        0.131781772
      ],
      [
        0.706947744,
        -0.6434498,
        -0.2935937
      ]
    ],
    "translation": [
      2.15923238,
      1.0110153,
      -0.79249835
    ]
  },
  {
    "timeStamp": 159622,
    "rotation": [
      [
        -0.0285888333,
        0.328043967,
        -0.9442297
      ],
      [
        0.6741617,
        0.703767955,
        0.224090934
      ],
      [
        0.7380303,
        -0.630157,
        -0.24127458
      ]
    ],
    "translation": [
      2.15542912,
      0.996227264,
      -0.7941396
    ]
  },
  {
    "timeStamp": 159681,
    "rotation": [
      [
        0.0335435942,
        0.3543527,
        -0.934510052
      ],
      [
        0.683606565,
        0.673964858,
        0.280095339
      ],
      [
        0.7290795,
        -0.648232639,
        -0.219630659
      ]
    ],
    "translation": [
      2.14928985,
      0.9863861,
      -0.7916879
    ]
  },
  {
    "timeStamp": 159722,
    "rotation": [
      [
        0.0333404653,
        0.3545994,
        -0.934423745
      ],
      [
        0.66944623,
        0.6862954,
        0.2843245
      ],
      [
        0.742112,
        -0.635026,
        -0.21450381
      ]
    ],
    "translation": [
      2.14603019,
      0.9764887,
      -0.7926857
    ]
  },
  {
    "timeStamp": 159778,
    "rotation": [
      [
        0.006844633,
        0.318748832,
        -0.9478145
      ],
      [
        0.6477863,
        0.720657349,
        0.247034162
      ],
      [
        0.761791348,
        -0.6156721,
        -0.2015485
      ]
    ],
    "translation": [
      2.14809847,
      0.9624238,
      -0.796343565
    ]
  },
  {
    "timeStamp": 159824,
    "rotation": [
      [
        0.0104369773,
        0.301170439,
        -0.9535132
      ],
      [
        0.6335252,
        0.7357759,
        0.2393318
      ],
      [
        0.773651659,
        -0.6065725,
        -0.183119774
      ]
    ],
    "translation": [
      2.15023756,
      0.9531113,
      -0.7988049
    ]
  },
  {
    "timeStamp": 159869,
    "rotation": [
      [
        0.024537079,
        0.277332783,
        -0.960460544
      ],
      [
        0.622102559,
        0.7478264,
        0.2318277
      ],
      [
        0.782551169,
        -0.603193343,
        -0.15417996
      ]
    ],
    "translation": [
      2.15331435,
      0.9467164,
      -0.8012706
    ]
  },
  {
    "timeStamp": 159926,
    "rotation": [
      [
        0.0411055945,
        0.259248734,
        -0.9649355
      ],
      [
        0.62747407,
        0.7448591,
        0.226850882
      ],
      [
        0.7775518,
        -0.6147968,
        -0.132053971
      ]
    ],
    "translation": [
      2.155551,
      0.9429161,
      -0.8014341
    ]
  },
  {
    "timeStamp": 159971,
    "rotation": [
      [
        0.02632866,
        0.263494343,
        -0.9643016
      ],
      [
        0.589991748,
        0.774615943,
        0.227771685
      ],
      [
        0.8069799,
        -0.5749269,
        -0.135064885
      ]
    ],
    "translation": [
      2.155504,
      0.939838,
      -0.802894354
    ]
  },
  {
    "timeStamp": 160027,
    "rotation": [
      [
        0.026009988,
        0.254537046,
        -0.9667132
      ],
      [
        0.5981647,
        0.7708513,
        0.219060272
      ],
      [
        0.800951064,
        -0.5839514,
        -0.132205218
      ]
    ],
    "translation": [
      2.15610313,
      0.939160645,
      -0.802660763
    ]
  },
  {
    "timeStamp": 160071,
    "rotation": [
      [
        0.043059364,
        0.238547668,
        -0.9701757
      ],
      [
        0.636232,
        0.7421626,
        0.210721523
      ],
      [
        0.7702952,
        -0.6263303,
        -0.119814612
      ]
    ],
    "translation": [
      2.157767,
      0.9364004,
      -0.800718546
    ]
  },
  {
    "timeStamp": 160127,
    "rotation": [
      [
        0.0250828937,
        0.270144731,
        -0.962492943
      ],
      [
        0.6093233,
        0.7591486,
        0.228950858
      ],
      [
        0.792525053,
        -0.592212141,
        -0.145563826
      ]
    ],
    "translation": [
      2.15538549,
      0.933879554,
      -0.80209446
    ]
  },
  {
    "timeStamp": 160172,
    "rotation": [
      [
        0.0165367723,
        0.2801565,
        -0.9598119
      ],
      [
        0.6037636,
        0.7623737,
        0.2329292
      ],
      [
        0.796991944,
        -0.5833514,
        -0.156541079
      ]
    ],
    "translation": [
      2.15477467,
      0.933537,
      -0.802167833
    ]
  },
  {
    "timeStamp": 160227,
    "rotation": [
      [
        0.007948486,
        0.3177974,
        -0.9481253
      ],
      [
        0.6078357,
        0.7513454,
        0.256935447
      ],
      [
        0.794023,
        -0.57834667,
        -0.187196568
      ]
    ],
    "translation": [
      2.15249515,
      0.9332776,
      -0.8016627
    ]
  }
]