[
  {
    "timeStamp": 147522,
    "rotation": [
      [
        0.962729156,
        0.267782569,
        0.0380143523
      ],
      [
        -0.0536348447,
        0.05125891,
        0.9972441
      ],
      [
        0.265096,
        -0.9621149,
        0.06371092
      ]
    ],
    "translation": [
      1.59109354,
      0.8536522,
      -0.7374284
    ]
  },
  {
    "timeStamp": 147577,
    "rotation": [
      [
        0.9643596,
        0.254777342,
        0.07140762
      ],
      [
        -0.09762818,
        0.09178623,
        0.99098134
      ],
      [
        0.245925352,
        -0.9626338,
        0.113388374
      ]
    ],
    "translation": [
      1.58845043,
      0.8522725,
      -0.7400333
    ]
  },
  {
    "timeStamp": 147622,
    "rotation": [
      [
        0.9602735,
        0.26315847,
        0.0928564742
      ],
      [
        -0.117183857,
        0.07827498,
        0.9900207
      ],
      [
        0.25326398,
        -0.961571932,
        0.106003322
      ]
    ],
    "translation": [
      1.5854038,
      0.855204463,
      -0.7388398
    ]
  },
  {
    "timeStamp": 147680,
    "rotation": [
      [
        0.9620678,
        0.263929963,
        0.0690408945
      ],
      [
        -0.08429868,
        0.0469146632,
        0.9953355
      ],
      [
        0.259459853,
        -0.963400245,
        0.0673840344
      ]
    ],
    "translation": [
      1.58598137,
      0.8633176,
      -0.734066248
    ]
  },
  {
    "timeStamp": 147722,
    "rotation": [
      [
        0.9614749,
        0.261686385,
        0.0841795653
      ],
      [
        -0.09794327,
        0.0399822257,
        0.9943885
      ],
      [
        0.256852239,
        -0.9643244,
        0.0640723258
      ]
    ],
    "translation": [
      1.58589244,
      0.8702778,
      -0.733655751
    ]
  },
  {
    "timeStamp": 147778,
    "rotation": [
      [
        0.962092161,
        0.2668252,
        0.0564182252
      ],
      [
        -0.0573970079,
        -0.004135752,
        0.9983429
      ],
      [
        0.266616374,
        -0.963736057,
        0.0113359932
      ]
    ],
    "translation": [
      1.591525,
      0.8872097,
      -0.7295914
    ]
  },
  {
    "timeStamp": 147822,
    "rotation": [
      [
        0.96351,
        0.253741026,
        0.08522869
      ],
      [
        -0.07277285,
        -0.0580947,
        0.9956551
      ],
      [
        0.2575899,
        -0.965526,
        -0.0375093631
      ]
    ],
    "translation": [
      1.59687865,
      0.9089542,
      -0.7261743
    ]
  },
  {
    "timeStamp": 147877,
    "rotation": [
      [
        0.9635229,
        0.162995681,
        0.212263852
      ],
      [
        -0.173818365,
        -0.221948028,
        0.9594406
      ],
      [
        0.203496218,
        -0.961338341,
        -0.185520366
      ]
    ],
    "translation": [
      1.60698247,
      0.9610244,
      -0.7145705
    ]
  },
  {
    "timeStamp": 147922,
    "rotation": [
      [
        0.9019993,
        0.0709269345,
        0.4258717
      ],
      [
        -0.372340471,
        -0.37151444,
        0.8504937
      ],
      [
        0.218540415,
        -0.925714,
        -0.308696777
      ]
    ],
    "translation": [
      1.61101234,
      1.0235914,
      -0.7076341
    ]
  },
  {
    "timeStamp": 147977,
    "rotation": [
      [
        0.731932342,
        -0.0515784621,
        0.6794223
      ],
      [
        -0.6155066,
        -0.4777709,
        0.6268067
      ],
      [
        0.292278528,
        -0.876969039,
        -0.381442845
      ]
    ],
    "translation": [
      1.61854529,
      1.10295343,
      -0.710583746
    ]
  },
  {
    "timeStamp": 148021,
    "rotation": [
      [
        0.535033643,
        -0.1711398,
        0.827315032
      ],
      [
        -0.709877133,
        -0.6220134,
        0.3304145
      ],
      [
        0.458053976,
        -0.7640749,
        -0.4542863
      ]
    ],
    "translation": [
      1.63363719,
      1.17231762,
      -0.7212742
    ]
  },
  {
    "timeStamp": 148077,
    "rotation": [
      [
        0.295026958,
        -0.341790944,
        0.892265737
      ],
      [
        -0.743877,
        -0.6682415,
        -0.0100139678
      ],
      [
        0.599671662,
        -0.660781562,
        -0.4513997
      ]
    ],
    "translation": [
      1.662308,
      1.23247635,
      -0.733959258
    ]
  },
  {
    "timeStamp": 148121,
    "rotation": [
      [
        0.235774353,
        -0.435984373,
        0.8685207
      ],
      [
        -0.701482,
        -0.694865346,
        -0.158383071
      ],
      [
        0.6725574,
        -0.5719089,
        -0.4696666
      ]
    ],
    "translation": [
      1.68713307,
      1.26459444,
      -0.7412583
    ]
  },
  {
    "timeStamp": 148177,
    "rotation": [
      [
        0.232585728,
        -0.444119066,
        0.8652527
      ],
      [
        -0.6466379,
        -0.735146344,
        -0.203517124
      ],
      [
        0.726473153,
        -0.51217,
        -0.458168775
      ]
    ],
    "translation": [
      1.7062242,
      1.28969133,
      -0.7464023
    ]
  },
  {
    "timeStamp": 148222,
    "rotation": [
      [
        0.226008192,
        -0.463956743,
        0.85654217
      ],
      [
        -0.6213413,
        -0.745860457,
        -0.2400568
      ],
      [
        0.750236869,
        -0.477950156,
        -0.456846
      ]
    ],
    "translation": [
      1.72373164,
      1.30512571,
      -0.7492486
    ]
  },
  {
    "timeStamp": 148277,
    "rotation": [
      [
        0.202232882,
        -0.4809531,
        0.853103757
      ],
      [
        -0.5690368,
        -0.7666745,
        -0.297333747
      ],
      [
        0.7970565,
        -0.425316751,
        -0.4287268
      ]
    ],
    "translation": [
      1.74563527,
      1.32367361,
      -0.75546205
    ]
  },
  {
    "timeStamp": 148321,
    "rotation": [
      [
        0.190931886,
        -0.489954859,
        0.8505817
      ],
      [
        -0.5408504,
        -0.7756351,
        -0.32537806
      ],
      [
        0.819161654,
        -0.397912443,
        -0.4130858
      ]
    ],
    "translation": [
      1.76326132,
      1.33485234,
      -0.759383857
    ]
  },
  {
    "timeStamp": 148375,
    "rotation": [
      [
        0.158466935,
        -0.5086733,
        0.846250355
      ],
      [
        -0.495657027,
        -0.782243848,
        -0.377383977
      ],
      [
        0.853939354,
        -0.359647065,
        -0.376087278
      ]
    ],
    "translation": [
      1.78831065,
      1.3489821,
      -0.7650866
    ]
  },
  {
    "timeStamp": 148419,
    "rotation": [
      [
        0.148256421,
        -0.499942631,
        0.853274465
      ],
      [
        -0.4581551,
        -0.799355865,
        -0.388746738
      ],
      [
        0.8764211,
        -0.333297849,
        -0.3475609
      ]
    ],
    "translation": [
      1.80765915,
      1.35855746,
      -0.7712211
    ]
  },
  {
    "timeStamp": 148475,
    "rotation": [
      [
        0.134535119,
        -0.497657746,
        0.8568764
      ],
      [
        -0.451387346,
        -0.800586462,
        -0.394094884
      ],
      [
        0.882128,
        -0.33376357,
        -0.332343429
      ]
    ],
    "translation": [
      1.83495986,
      1.36521363,
      -0.7718843
    ]
  },
  {
    "timeStamp": 148519,
    "rotation": [
      [
        0.124993868,
        -0.479235679,
        0.868740261
      ],
      [
        -0.4430278,
        -0.8104253,
        -0.383323967
      ],
      [
        0.8877516,
        -0.3369629,
        -0.3136129
      ]
    ],
    "translation": [
      1.8579123,
      1.36849511,
      -0.774009764
    ]
  },
  {
    "timeStamp": 148575,
    "rotation": [
      [
        0.128921539,
        -0.409619957,
        0.903100669
      ],
      [
        -0.4431305,
        -0.8385132,
        -0.3170662
      ],
      [
        0.8871385,
        -0.35931477,
        -0.2896175
      ]
    ],
    "translation": [
      1.88149261,
      1.36520123,
      -0.7748295
    ]
  },
  {
    "timeStamp": 148619,
    "rotation": [
      [
        0.114494219,
        -0.3782865,
        0.9185806
      ],
      [
        -0.449426651,
        -0.84435004,
        -0.2916995
      ],
      [
        0.8859496,
        -0.3794367,
        -0.266685277
      ]
    ],
    "translation": [
      1.903059,
      1.36187041,
      -0.775927246
    ]
  },
  {
    "timeStamp": 148675,
    "rotation": [
      [
        0.08558704,
        -0.3484474,
        0.9334126
      ],
      [
        -0.4484477,
        -0.8500597,
        -0.276212037
      ],
      [
        0.889701843,
        -0.3949466,
        -0.229014546
      ]
    ],
    "translation": [
      1.9301405,
      1.35846734,
      -0.7792077
    ]
  },
  {
    "timeStamp": 148719,
    "rotation": [
      [
        0.0785398856,
        -0.3379483,
        0.937881947
      ],
      [
        -0.4720153,
        -0.841257632,
        -0.263604134
      ],
      [
        0.8780849,
        -0.421991169,
        -0.225589037
      ]
    ],
    "translation": [
      1.94966733,
      1.355846,
      -0.7774179
    ]
  },
  {
    "timeStamp": 148776,
    "rotation": [
      [
        0.0456282049,
        -0.330407,
        0.942735
      ],
      [
        -0.47901985,
        -0.835378766,
        -0.269596636
      ],
      [
        0.8766174,
        -0.439287543,
        -0.196388349
      ]
    ],
    "translation": [
      1.96930289,
      1.35576367,
      -0.77793
    ]
  },
  {
    "timeStamp": 148820,
    "rotation": [
      [
        0.0242776535,
        -0.3170373,
        0.9481023
      ],
      [
        -0.485330433,
        -0.832861841,
        -0.26607424
      ],
      [
        0.8739937,
        -0.453683257,
        -0.1740878
      ]
    ],
    "translation": [
      1.9778291,
      1.35526681,
      -0.77798754
    ]
  },
  {
    "timeStamp": 148877,
    "rotation": [
      [
        -0.0116316685,
        -0.301157683,
        0.95350343
      ],
      [
        -0.4876496,
        -0.8307764,
        -0.268343955
      ],
      [
        0.872961938,
        -0.468096823,
        -0.137196109
      ]
    ],
    "translation": [
      1.98366857,
      1.35375416,
      -0.7778214
    ]
  },
  {
    "timeStamp": 148921,
    "rotation": [
      [
        -0.0351909623,
        -0.29027468,
        0.9562961
      ],
      [
        -0.4884936,
        -0.8297916,
        -0.269851625
      ],
      [
        0.8718576,
        -0.47664085,
        -0.112596147
      ]
    ],
    "translation": [
      1.98503065,
      1.35231578,
      -0.777002752
    ]
  },
  {
    "timeStamp": 148977,
    "rotation": [
      [
        -0.06487366,
        -0.29197675,
        0.954222739
      ],
      [
        -0.48874113,
        -0.824398756,
        -0.285480171
      ],
      [
        0.870013535,
        -0.484888017,
        -0.08921928
      ]
    ],
    "translation": [
      1.98516464,
      1.35121763,
      -0.7756519
    ]
  },
  {
    "timeStamp": 149021,
    "rotation": [
      [
        -0.09130938,
        -0.2914163,
        0.9522285
      ],
      [
        -0.4835461,
        -0.8229508,
        -0.298219949
      ],
      [
        0.8705434,
        -0.4876767,
        -0.0657700747
      ]
    ],
    "translation": [
      1.98373246,
      1.35105383,
      -0.7760431
    ]
  },
  {
    "timeStamp": 149076,
    "rotation": [
      [
        -0.107273757,
        -0.282932937,
        0.953121841
      ],
      [
        -0.478598267,
        -0.825578451,
        -0.298938
      ],
      [
        0.871456265,
        -0.4882307,
        -0.04684831
      ]
    ],
    "translation": [
      1.9794209,
      1.35004914,
      -0.776283741
    ]
  },
  {
    "timeStamp": 149121,
    "rotation": [
      [
        -0.111513183,
        -0.2839849,
        0.9523221
      ],
      [
        -0.4842659,
        -0.8212883,
        -0.3016159
      ],
      [
        0.867785335,
        -0.494811267,
        -0.04593972
      ]
    ],
    "translation": [
      1.97696614,
      1.34874094,
      -0.7743353
    ]
  },
  {
    "timeStamp": 149177,
    "rotation": [
      [
        -0.11513754,
        -0.2918789,
        0.949499846
      ],
      [
        -0.495839655,
        -0.8113725,
        -0.3095443
      ],
      [
        0.8607476,
        -0.506439865,
        -0.0513056926
      ]
    ],
    "translation": [
      1.97431242,
      1.34825945,
      -0.7726754
    ]
  },
  {
    "timeStamp": 149221,
    "rotation": [
      [
        -0.12353161,
        -0.3015639,
        0.9454095
      ],
      [
        -0.492186278,
        -0.808645248,
        -0.3222506
      ],
      [
        0.8616801,
        -0.505125761,
        -0.0485323556
      ]
    ],
    "translation": [
      1.973078,
      1.35004663,
      -0.7743391
    ]
  },
  {
    "timeStamp": 149276,
    "rotation": [
      [
        -0.13429594,
        -0.300923139,
        0.944145
      ],
      [
        -0.4850449,
        -0.810873,
        -0.327439129
      ],
      [
        0.8641157,
        -0.5019265,
        -0.0370642766
      ]
    ],
    "translation": [
      1.97144186,
      1.35238624,
      -0.777179837
    ]
  },
  {
    "timeStamp": 149321,
    "rotation": [
      [
        -0.133680969,
        -0.29222393,
        0.9469606
      ],
      [
        -0.479059756,
        -0.817422748,
        -0.319877774
      ],
      [
        0.867543161,
        -0.496412337,
        -0.030718876
      ]
    ],
    "translation": [
      1.969906,
      1.35366929,
      -0.7792067
    ]
  },
  {
    "timeStamp": 149376,
    "rotation": [
      [
        -0.108152531,
        -0.280457824,
        0.9537539
      ],
      [
        -0.472082824,
        -0.829821348,
        -0.297547251
      ],
      [
        0.874894738,
        -0.482431322,
        -0.0426520556
      ]
    ],
    "translation": [
      1.97199273,
      1.35643482,
      -0.781404555
    ]
  },
  {
    "timeStamp": 149421,
    "rotation": [
      [
        -0.06789568,
        -0.282422662,
        0.9568844
      ],
      [
        -0.457019418,
        -0.84375,
        -0.281459063
      ],
      [
        0.886861563,
        -0.456424564,
        -0.07178565
      ]
    ],
    "translation": [
      1.97939014,
      1.36094272,
      -0.7841594
    ]
  },
  {
    "timeStamp": 149476,
    "rotation": [
      [
        0.00573413,
        -0.29058668,
        0.9568315
      ],
      [
        -0.439201981,
        -0.8603489,
        -0.258653134
      ],
      [
        0.8983701,
        -0.418759137,
        -0.1325596
      ]
    ],
    "translation": [
      1.99848235,
      1.3671602,
      -0.78799355
    ]
  },
  {
    "timeStamp": 149521,
    "rotation": [
      [
        0.0917986,
        -0.2997037,
        0.9496056
      ],
      [
        -0.4246924,
        -0.874335051,
        -0.234892562
      ],
      [
        0.9006716,
        -0.381727457,
        -0.207544625
      ]
    ],
    "translation": [
      2.0199585,
      1.37115192,
      -0.791794956
    ]
  },
  {
    "timeStamp": 149576,
    "rotation": [
      [
        0.200886,
        -0.331285983,
        0.9218972
      ],
      [
        -0.4315651,
        -0.874765933,
        -0.2203091
      ],
      [
        0.8794295,
        -0.3536016,
        -0.318699718
      ]
    ],
    "translation": [
      2.0555737,
      1.37283564,
      -0.7948926
    ]
  },
  {
    "timeStamp": 149621,
    "rotation": [
      [
        0.288471848,
        -0.3413269,
        0.894583642
      ],
      [
        -0.440043241,
        -0.8770485,
        -0.192737877
      ],
      [
        0.8503799,
        -0.338056028,
        -0.4032024
      ]
    ],
    "translation": [
      2.11935925,
      1.3566519,
      -0.7955849
    ]
  },
  {
    "timeStamp": 149676,
    "rotation": [
      [
        0.38247022,
        -0.310087085,
        0.8703807
      ],
      [
        -0.4486818,
        -0.885811,
        -0.118420742
      ],
      [
        0.807713568,
        -0.345231563,
        -0.477926761
      ]
    ],
    "translation": [
      2.144597,
      1.34917748,
      -0.801811635
    ]
  },
  {
    "timeStamp": 149721,
    "rotation": [
      [
        0.4477637,
        -0.2583999,
        0.856000662
      ],
      [
        -0.451208919,
        -0.8918011,
        -0.0331849456
      ],
      [
        0.771957338,
        -0.3713761,
        -0.515908539
      ]
    ],
    "translation": [
      2.15438318,
      1.33819568,
      -0.8047005
    ]
  },
  {
    "timeStamp": 149776,
    "rotation": [
      [
        0.500682235,
        -0.222788513,
        0.8364703
      ],
      [
        -0.469939619,
        -0.8814721,
        0.04651519
      ],
      [
        0.7269622,
        -0.416379869,
        -0.5460346
      ]
    ],
    "translation": [
      2.16376972,
      1.32128239,
      -0.8056657
    ]
  },
  {
    "timeStamp": 149820,
    "rotation": [
      [
        0.513721764,
        -0.217727333,
        0.8298703
      ],
      [
        -0.4934353,
        -0.8662618,
        0.07818039
      ],
      [
        0.701862931,
        -0.449650258,
        -0.5524519
      ]
    ],
    "translation": [
      2.16806316,
      1.30789125,
      -0.8054725
    ]
  },
  {
    "timeStamp": 149876,
    "rotation": [
      [
        0.5188465,
        -0.202191353,
        0.8306124
      ],
      [
        -0.5108792,
        -0.8523731,
        0.111635022
      ],
      [
        0.6854201,
        -0.482264072,
        -0.545546234
      ]
    ],
    "translation": [
      2.16614747,
      1.29019833,
      -0.8067101
    ]
  },
  {
    "timeStamp": 149920,
    "rotation": [
      [
        0.5332639,
        -0.179688975,
        0.8266447
      ],
      [
        -0.5347022,
        -0.8288208,
        0.164771378
      ],
      [
        0.6555328,
        -0.5298754,
        -0.5380603
      ]
    ],
    "translation": [
      2.16106081,
      1.270715,
      -0.8025688
    ]
  },
  {
    "timeStamp": 149976,
    "rotation": [
      [
        0.548869669,
        -0.143246055,
        0.8235428
      ],
      [
        -0.554400861,
        -0.7997249,
        0.230390459
      ],
      [
        0.6256051,
        -0.5830272,
        -0.518360436
      ]
    ],
    "translation": [
      2.15063477,
      1.24426651,
      -0.796971142
    ]
  },
  {
    "timeStamp": 150021,
    "rotation": [
      [
        0.61286,
        -0.07876515,
        0.7862561
      ],
      [
        -0.55559,
        -0.7504938,
        0.357881
      ],
      [
        0.5618918,
        -0.656167,
        -0.5037088
      ]
    ],
    "translation": [
      2.1419096,
      1.21212721,
      -0.7866948
    ]
  },
  {
    "timeStamp": 150076,
    "rotation": [
      [
        0.7041809,
        0.0547101721,
        0.707909644
      ],
      [
        -0.521142244,
        -0.6373238,
        0.5676523
      ],
      [
        0.482224017,
        -0.768651545,
        -0.420279473
      ]
    ],
    "translation": [
      2.127473,
      1.159972,
      -0.7761651
    ]
  },
  {
    "timeStamp": 150120,
    "rotation": [
      [
        0.7816995,
        0.219647512,
        0.583695948
      ],
      [
        -0.420975327,
        -0.504695058,
        0.7536993
      ],
      [
        0.460136652,
        -0.8348879,
        -0.3020537
      ]
    ],
    "translation": [
      2.11442542,
      1.112039,
      -0.7751194
    ]
  },
  {
    "timeStamp": 150173,
    "rotation": [
      [
        0.804660141,
        0.333948821,
        0.490917742
      ],
      [
        -0.3600263,
        -0.383041441,
        0.850682259
      ],
      [
        0.4721262,
        -0.86125344,
        -0.1879878
      ]
    ],
    "translation": [
      2.105918,
      1.07260787,
      -0.778421462
    ]
  },
  {
    "timeStamp": 150226,
    "rotation": [
      [
        0.809938967,
        0.381476641,
        0.445504725
      ],
      [
        -0.3641071,
        -0.26845488,
        0.8918285
      ],
      [
        0.4598096,
        -0.884538,
        -0.0785337
      ]
    ],
    "translation": [
      2.10029817,
      1.03447926,
      -0.775114357
    ]
  },
  {
    "timeStamp": 150271,
    "rotation": [
      [
        0.817681849,
        0.369277269,
        0.441622823
      ],
      [
        -0.379721969,
        -0.2306048,
        0.8958977
      ],
      [
        0.432674974,
        -0.9002532,
        -0.04833867
      ]
    ],
    "translation": [
      2.10153127,
      1.021993,
      -0.7678246
    ]
  },
  {
    "timeStamp": 150327,
    "rotation": [
      [
        0.8088142,
        0.3466037,
        0.475063562
      ],
      [
        -0.417970359,
        -0.229440838,
        0.8790095
      ],
      [
        0.413666934,
        -0.9095179,
        -0.04070496
      ]
    ],
    "translation": [
      2.1026957,
      1.02022266,
      -0.757714331
    ]
  },
  {
    "timeStamp": 150371,
    "rotation": [
      [
        0.824838161,
        0.350346655,
        0.443733364
      ],
      [
        -0.395846933,
        -0.202504888,
        0.895710349
      ],
      [
        0.403667271,
        -0.9144665,
        -0.0283501055
      ]
    ],
    "translation": [
      2.10691619,
      1.0154568,
      -0.7507378
    ]
  },
  {
    "timeStamp": 150426,
    "rotation": [
      [
        0.8536877,
        0.395901352,
        0.338348061
      ],
      [
        -0.3211245,
        -0.111308537,
        0.940473
      ],
      [
        0.409995556,
        -0.9115221,
        0.03211089
      ]
    ],
    "translation": [
      2.11369634,
      1.00067127,
      -0.748657167
    ]
  },
  {
    "timeStamp": 150471,
    "rotation": [
      [
        0.8602647,
        0.429949522,
        0.2740218
      ],
      [
        -0.291723877,
        -0.0256964862,
        0.9561573
      ],
      [
        0.4181408,
        -0.9024871,
        0.103320777
      ]
    ],
    "translation": [
      2.116873,
      0.9869203,
      -0.7514696
    ]
  },
  {
    "timeStamp": 150527,
    "rotation": [
      [
        0.8807615,
        0.412651271,
        0.232331917
      ],
      [
        -0.273032516,
        0.0416370034,
        0.9611033
      ],
      [
        0.3869269,
        -0.909937,
        0.149339482
      ]
    ],
    "translation": [
      2.12447262,
      0.972709358,
      -0.7499597
    ]
  },
  {
    "timeStamp": 150571,
    "rotation": [
      [
        0.88730365,
        0.396765977,
        0.235093608
      ],
      [
        -0.2858622,
        0.07314247,
        0.9554753
      ],
      [
        0.36190474,
        -0.915001035,
        0.178319991
      ]
    ],
    "translation": [
      2.12806368,
      0.963683963,
      -0.751018763
    ]
  },
  {
    "timeStamp": 150627,
    "rotation": [
      [
        0.897576451,
        0.3776637,
        0.227434844
      ],
      [
        -0.296212971,
        0.134542465,
        0.9455983
      ],
      [
        0.3265185,
        -0.91611594,
        0.232631058
      ]
    ],
    "translation": [
      2.12905955,
      0.9547034,
      -0.7527599
    ]
  },
  {
    "timeStamp": 150672,
    "rotation": [
      [
        0.8918297,
        0.4035656,
        0.204388127
      ],
      [
        -0.291345656,
        0.166772276,
        0.9419685
      ],
      [
        0.3460598,
        -0.899623156,
        0.266309559
      ]
    ],
    "translation": [
      2.12484574,
      0.9477462,
      -0.7570783
    ]
  },
  {
    "timeStamp": 150718,
    "rotation": [
      [
        0.896864355,
        0.39839226,
        0.192140579
      ],
      [
        -0.287139833,
        0.194006339,
        0.9380364
      ],
      [
        0.336429954,
        -0.89646256,
        0.28839165
      ]
    ],
    "translation": [
      2.12484169,
      0.943009436,
      -0.757335067
    ]
  },
  {
    "timeStamp": 150775,
    "rotation": [
      [
        0.895004451,
        0.414163351,
        0.165637538
      ],
      [
        -0.26834,
        0.203292549,
        0.94162935
      ],
      [
        0.356315523,
        -0.887209654,
        0.293084323
      ]
    ],
    "translation": [
      2.12357163,
      0.9400205,
      -0.757900834
    ]
  },
  {
    "timeStamp": 150819,
    "rotation": [
      [
        0.8949572,
        0.407737076,
        0.181113616
      ],
      [
        -0.281488717,
        0.201082751,
        0.938258946
      ],
      [
        0.34614414,
        -0.890683055,
        0.294733822
      ]
    ],
    "translation": [
      2.12181377,
      0.9393157,
      -0.7569757
    ]
  },
  {
    "timeStamp": 150874,
    "rotation": [
      [
        0.885738969,
        0.423113555,
        0.19089599
      ],
      [
        -0.304179549,
        0.218423933,
        0.927235544
      ],
      [
        0.350629658,
        -0.8793554,
        0.322169065
      ]
    ],
    "translation": [
      2.119765,
      0.9373177,
      -0.758594453
    ]
  },
  {
    "timeStamp": 150919,
    "rotation": [
      [
        0.8756848,
        0.457291067,
        0.155116275
      ],
      [
        -0.285094231,
        0.23033604,
        0.930412054
      ],
      [
        0.389740258,
        -0.858970463,
        0.3320728
      ]
    ],
    "translation": [
      2.11889172,
      0.936315358,
      -0.761303663
    ]
  },
  {
    "timeStamp": 150974,
    "rotation": [
      [
        0.8824187,
        0.445500523,
        0.1512171
      ],
      [
        -0.275003135,
        0.227643475,
        0.9341048
      ],
      [
        0.3817206,
        -0.8658567,
        0.323390871
      ]
    ],
    "translation": [
      2.11809516,
      0.935897052,
      -0.761961043
    ]
  },
  {
    "timeStamp": 151019,
    "rotation": [
      [
        0.8866466,
        0.4292974,
        0.17193459
      ],
      [
        -0.294308633,
        0.237044632,
        0.9258468
      ],
      [
        0.356707454,
        -0.8715008,
        0.336520731
      ]
    ],
    "translation": [
      2.1138165,
      0.9351225,
      -0.7642901
    ]
  },
  {
    "timeStamp": 151074,
    "rotation": [
      [
        0.888501942,
        0.4408807,
        0.127234042
      ],
      [
        -0.25852558,
        0.25186643,
        0.932592
      ],
      [
        0.3791158,
        -0.861503065,
        0.337762773
      ]
    ],
    "translation": [
      2.11995888,
      0.9360291,
      -0.766217351
    ]
  }
]