[
  {
    "timeStamp": 139614,
    "rotation": [
      [
        0.450434983,
        0.797647655,
        -0.4010818
      ],
      [
        -0.8881907,
        0.354707658,
        -0.2920612
      ],
      [
        -0.09069515,
        0.487791717,
        0.868235946
      ]
    ],
    "translation": [
      1.16836476,
      0.8844419,
      -0.5169594
    ]
  },
  {
    "timeStamp": 139659,
    "rotation": [
      [
        0.460042477,
        0.7783602,
        -0.427219272
      ],
      [
        -0.8876663,
        0.392218828,
        -0.241273522
      ],
      [
        -0.0202342588,
        0.490224242,
        0.871361434
      ]
    ],
    "translation": [
      1.16884029,
      0.882620454,
      -0.5195829
    ]
  },
  {
    "timeStamp": 139714,
    "rotation": [
      [
        0.4342192,
        0.7932974,
        -0.42677027
      ],
      [
        -0.8898473,
        0.3040648,
        -0.340171158
      ],
      [
        -0.140091062,
        0.5274692,
        0.8379443
      ]
    ],
    "translation": [
      1.16852009,
      0.891544044,
      -0.526052535
    ]
  },
  {
    "timeStamp": 139760,
    "rotation": [
      [
        0.329983354,
        0.833542466,
        -0.443077832
      ],
      [
        -0.92792815,
        0.200211644,
        -0.314427674
      ],
      [
        -0.1733795,
        0.514900267,
        0.839534
      ]
    ],
    "translation": [
      1.16990149,
      0.914064646,
      -0.5258975
    ]
  },
  {
    "timeStamp": 139814,
    "rotation": [
      [
        0.173705235,
        0.8615281,
        -0.477070123
      ],
      [
        -0.962329268,
        0.04560538,
        -0.268034637
      ],
      [
        -0.2091624,
        0.505657554,
        0.8369956
      ]
    ],
    "translation": [
      1.18085575,
      0.959360242,
      -0.5233363
    ]
  },
  {
    "timeStamp": 139859,
    "rotation": [
      [
        0.008394976,
        0.8758318,
        -0.4825434
      ],
      [
        -0.9812915,
        -0.08560574,
        -0.172449037
      ],
      [
        -0.192344829,
        0.474963456,
        0.858727634
      ]
    ],
    "translation": [
      1.19849074,
      1.01076686,
      -0.5192772
    ]
  },
  {
    "timeStamp": 139914,
    "rotation": [
      [
        -0.182032034,
        0.851573765,
        -0.4916162
      ],
      [
        -0.9659636,
        -0.248319864,
        -0.0724678338
      ],
      [
        -0.18378976,
        0.461691856,
        0.8677915
      ]
    ],
    "translation": [
      1.229745,
      1.08720136,
      -0.5176586
    ]
  },
  {
    "timeStamp": 139958,
    "rotation": [
      [
        -0.4064184,
        0.7837706,
        -0.469603658
      ],
      [
        -0.889118254,
        -0.4576422,
        0.00568035571
      ],
      [
        -0.210458368,
        0.419841826,
        0.882859051
      ]
    ],
    "translation": [
      1.26388335,
      1.16584671,
      -0.51664716
    ]
  },
  {
    "timeStamp": 140014,
    "rotation": [
      [
        -0.6471498,
        0.5813501,
        -0.4931828
      ],
      [
        -0.7042208,
        -0.703645945,
        0.09463368
      ],
      [
        -0.292010754,
        0.408551723,
        0.864763141
      ]
    ],
    "translation": [
      1.31028247,
      1.26670516,
      -0.5230334
    ]
  },
  {
    "timeStamp": 140059,
    "rotation": [
      [
        -0.8066743,
        0.343743533,
        -0.480746239
      ],
      [
        -0.483506352,
        -0.8516253,
        0.202375829
      ],
      [
        -0.339850277,
        0.395695239,
        0.8531864
      ]
    ],
    "translation": [
      1.35344267,
      1.34229088,
      -0.531397045
    ]
  },
  {
    "timeStamp": 140114,
    "rotation": [
      [
        -0.89333117,
        0.089715004,
        -0.440353
      ],
      [
        -0.2534807,
        -0.9097141,
        0.328888834
      ],
      [
        -0.371089071,
        0.4054276,
        0.8354169
      ]
    ],
    "translation": [
      1.400294,
      1.41154456,
      -0.5444158
    ]
  },
  {
    "timeStamp": 140159,
    "rotation": [
      [
        -0.9137582,
        0.0756986439,
        -0.399143517
      ],
      [
        -0.2533845,
        -0.874165058,
        0.4142847
      ],
      [
        -0.3175565,
        0.479692817,
        0.8179564
      ]
    ],
    "translation": [
      1.42095709,
      1.45143318,
      -0.5607687
    ]
  },
  {
    "timeStamp": 140214,
    "rotation": [
      [
        -0.9323281,
        0.07160686,
        -0.354452729
      ],
      [
        -0.243882343,
        -0.848232567,
        0.470130682
      ],
      [
        -0.266993761,
        0.524760842,
        0.8082948
      ]
    ],
    "translation": [
      1.4420141,
      1.48954964,
      -0.574381649
    ]
  },
  {
    "timeStamp": 140258,
    "rotation": [
      [
        -0.958401561,
        -0.00544514647,
        -0.2853714
      ],
      [
        -0.156749442,
        -0.825509369,
        0.5421844
      ],
      [
        -0.238529027,
        0.564362168,
        0.7903159
      ]
    ],
    "translation": [
      1.46414292,
      1.521419,
      -0.588312864
    ]
  },
  {
    "timeStamp": 140314,
    "rotation": [
      [
        -0.9810455,
        -0.09546515,
        -0.168630257
      ],
      [
        -0.0323221572,
        -0.777417362,
        0.628154039
      ],
      [
        -0.191062912,
        0.621698141,
        0.759596169
      ]
    ],
    "translation": [
      1.48981678,
      1.56182659,
      -0.608318567
    ]
  },
  {
    "timeStamp": 140359,
    "rotation": [
      [
        -0.9845541,
        -0.165677235,
        -0.05660682
      ],
      [
        0.08331137,
        -0.727700531,
        0.680816531
      ],
      [
        -0.153988615,
        0.665584743,
        0.730263352
      ]
    ],
    "translation": [
      1.52643061,
      1.59144843,
      -0.6234229
    ]
  },
  {
    "timeStamp": 140414,
    "rotation": [
      [
        -0.9797098,
        -0.181937188,
        0.084069185
      ],
      [
        0.184874192,
        -0.6583801,
        0.7296281
      ],
      [
        -0.077397,
        0.730366,
        0.678656936
      ]
    ],
    "translation": [
      1.55036855,
      1.62943149,
      -0.64999
    ]
  },
  {
    "timeStamp": 140463,
    "rotation": [
      [
        -0.9689413,
        -0.17374748,
        0.17596747
      ],
      [
        0.247266665,
        -0.6707759,
        0.699227333
      ],
      [
        -0.00345423631,
        0.7210211,
        0.6929044
      ]
    ],
    "translation": [
      1.56335926,
      1.6589632,
      -0.6637182
    ]
  },
  {
    "timeStamp": 140512,
    "rotation": [
      [
        -0.948494,
        -0.177492321,
        0.262403458
      ],
      [
        0.306055158,
        -0.727249265,
        0.614360452
      ],
      [
        0.08178847,
        0.663027167,
        0.744114
      ]
    ],
    "translation": [
      1.577595,
      1.689832,
      -0.675369263
    ]
  },
  {
    "timeStamp": 140568,
    "rotation": [
      [
        -0.936367333,
        -0.210303023,
        0.28104946
      ],
      [
        0.338684261,
        -0.7516824,
        0.565921
      ],
      [
        0.09224502,
        0.625097,
        0.775077164
      ]
    ],
    "translation": [
      1.58774245,
      1.71268129,
      -0.6852855
    ]
  },
  {
    "timeStamp": 140612,
    "rotation": [
      [
        -0.9120937,
        -0.206598431,
        0.354121685
      ],
      [
        0.382023931,
        -0.741781652,
        0.551196635
      ],
      [
        0.1488046,
        0.638025939,
        0.7554999
      ]
    ],
    "translation": [
      1.596143,
      1.72753918,
      -0.7020358
    ]
  },
  {
    "timeStamp": 140667,
    "rotation": [
      [
        -0.903856754,
        -0.232765034,
        0.35897547
      ],
      [
        0.4039419,
        -0.7407569,
        0.536758959
      ],
      [
        0.140974835,
        0.6301584,
        0.763561666
      ]
    ],
    "translation": [
      1.60631728,
      1.74425161,
      -0.713776469
    ]
  },
  {
    "timeStamp": 140712,
    "rotation": [
      [
        -0.8804416,
        -0.212376744,
        0.423932433
      ],
      [
        0.4269449,
        -0.7440092,
        0.513973
      ],
      [
        0.206253752,
        0.633519,
        0.745729864
      ]
    ],
    "translation": [
      1.6143136,
      1.75416112,
      -0.723522663
    ]
  },
  {
    "timeStamp": 140767,
    "rotation": [
      [
        -0.867991269,
        -0.2397537,
        0.434867024
      ],
      [
        0.454415649,
        -0.7366249,
        0.5008894
      ],
      [
        0.200243771,
        0.632378,
        0.7483318
      ]
    ],
    "translation": [
      1.624408,
      1.76360142,
      -0.7294893
    ]
  },
  {
    "timeStamp": 140812,
    "rotation": [
      [
        -0.8568497,
        -0.23942709,
        0.456599683
      ],
      [
        0.46435535,
        -0.7432006,
        0.481691867
      ],
      [
        0.224015072,
        0.624762,
        0.7479904
      ]
    ],
    "translation": [
      1.63022208,
      1.77105832,
      -0.7335463
    ]
  },
  {
    "timeStamp": 140868,
    "rotation": [
      [
        -0.8522156,
        -0.21358788,
        0.4776074
      ],
      [
        0.453203738,
        -0.7574826,
        0.469921917
      ],
      [
        0.26140964,
        0.6169282,
        0.7423372
      ]
    ],
    "translation": [
      1.63319945,
      1.78101861,
      -0.7384144
    ]
  },
  {
    "timeStamp": 140913,
    "rotation": [
      [
        -0.857850134,
        -0.213976547,
        0.4672336
      ],
      [
        0.4497508,
        -0.7524804,
        0.481141835
      ],
      [
        0.24863106,
        0.6228863,
        0.7417515
      ]
    ],
    "translation": [
      1.63520789,
      1.78771877,
      -0.7403238
    ]
  },
  {
    "timeStamp": 140958,
    "rotation": [
      [
        -0.8509559,
        -0.1874415,
        0.490652353
      ],
      [
        0.4439507,
        -0.755884349,
        0.481192827
      ],
      [
        0.280680954,
        0.627299368,
        0.726439059
      ]
    ],
    "translation": [
      1.63670886,
      1.79260635,
      -0.743604064
    ]
  },
  {
    "timeStamp": 141013,
    "rotation": [
      [
        -0.856842339,
        -0.201893732,
        0.474404931
      ],
      [
        0.447942853,
        -0.7471063,
        0.491100132
      ],
      [
        0.255280882,
        0.6333017,
        0.7305892
      ]
    ],
    "translation": [
      1.639223,
      1.79689264,
      -0.744201243
    ]
  },
  {
    "timeStamp": 141058,
    "rotation": [
      [
        -0.855890036,
        -0.190557778,
        0.480770141
      ],
      [
        0.4454949,
        -0.7438125,
        0.498274267
      ],
      [
        0.2626528,
        0.6406486,
        0.7215143
      ]
    ],
    "translation": [
      1.63900375,
      1.79982376,
      -0.7454549
    ]
  },
  {
    "timeStamp": 141114,
    "rotation": [
      [
        -0.8621426,
        -0.189514086,
        0.4698878
      ],
      [
        0.4412887,
        -0.736544,
        0.51260823
      ],
      [
        0.248946562,
        0.6492976,
        0.7186364
      ]
    ],
    "translation": [
      1.63881588,
      1.80362976,
      -0.747956336
    ]
  },
  {
    "timeStamp": 141158,
    "rotation": [
      [
        -0.8622142,
        -0.197524637,
        0.466444731
      ],
      [
        0.44499144,
        -0.735309362,
        0.511177838
      ],
      [
        0.242010966,
        0.6483087,
        0.7218909
      ]
    ],
    "translation": [
      1.639047,
      1.805779,
      -0.748894751
    ]
  },
  {
    "timeStamp": 141213,
    "rotation": [
      [
        -0.868465543,
        -0.172211125,
        0.464877278
      ],
      [
        0.4338304,
        -0.717808366,
        0.544557
      ],
      [
        0.23991406,
        0.67460686,
        0.698102236
      ]
    ],
    "translation": [
      1.63775659,
      1.80984771,
      -0.755390942
    ]
  },
  {
    "timeStamp": 141258,
    "rotation": [
      [
        -0.8710436,
        -0.184912309,
        0.455071867
      ],
      [
        0.437478,
        -0.7133301,
        0.5475155
      ],
      [
        0.223374069,
        0.6759938,
        0.7022367
      ]
    ],
    "translation": [
      1.63868451,
      1.810554,
      -0.757469535
    ]
  },
  {
    "timeStamp": 141313,
    "rotation": [
      [
        -0.8719425,
        -0.17070511,
        0.4588857
      ],
      [
        0.435038239,
        -0.7001284,
        0.566182
      ],
      [
        0.224628717,
        0.693311,
        0.6847349
      ]
    ],
    "translation": [
      1.64037073,
      1.8111757,
      -0.762999535
    ]
  },
  {
    "timeStamp": 141358,
    "rotation": [
      [
        -0.869540334,
        -0.1694865,
        0.46386838
      ],
      [
        0.4385293,
        -0.696969032,
        0.5673853
      ],
      [
        0.227137774,
        0.6967843,
        0.6803675
      ]
    ],
    "translation": [
      1.643195,
      1.80999351,
      -0.7663996
    ]
  },
  {
    "timeStamp": 141413,
    "rotation": [
      [
        -0.865795,
        -0.154917642,
        0.475814551
      ],
      [
        0.4343484,
        -0.7048208,
        0.560864568
      ],
      [
        0.248476192,
        0.692263067,
        0.6775186
      ]
    ],
    "translation": [
      1.64653575,
      1.80646086,
      -0.769689262
    ]
  },
  {
    "timeStamp": 141458,
    "rotation": [
      [
        -0.860475659,
        -0.109524354,
        0.4975802
      ],
      [
        0.4111405,
        -0.726062834,
        0.551177144
      ],
      [
        0.300907165,
        0.6788499,
        0.6697893
      ]
    ],
    "translation": [
      1.647468,
      1.801246,
      -0.7715226
    ]
  },
  {
    "timeStamp": 141513,
    "rotation": [
      [
        -0.8637634,
        -0.0867065638,
        0.49638164
      ],
      [
        0.378482819,
        -0.761966467,
        0.5255072
      ],
      [
        0.332661241,
        0.6417858,
        0.690975666
      ]
    ],
    "translation": [
      1.65170074,
      1.78586984,
      -0.7682944
    ]
  },
  {
    "timeStamp": 141558,
    "rotation": [
      [
        -0.8579214,
        -0.07596124,
        0.508134544
      ],
      [
        0.3515542,
        -0.8080252,
        0.472763121
      ],
      [
        0.374673843,
        0.5842305,
        0.719926536
      ]
    ],
    "translation": [
      1.65813363,
      1.76757038,
      -0.760154247
    ]
  },
  {
    "timeStamp": 141613,
    "rotation": [
      [
        -0.8507182,
        -0.07745494,
        0.519884
      ],
      [
        0.318682462,
        -0.8625634,
        0.392970651
      ],
      [
        0.4179954,
        0.4999852,
        0.75848186
      ]
    ],
    "translation": [
      1.66948879,
      1.73806345,
      -0.7521792
    ]
  },
  {
    "timeStamp": 141658,
    "rotation": [
      [
        -0.833159268,
        -0.09413056,
        0.5449634
      ],
      [
        0.305774778,
        -0.899493337,
        0.312111348
      ],
      [
        0.460811764,
        0.426674545,
        0.778203964
      ]
    ],
    "translation": [
      1.68059027,
      1.7129457,
      -0.74713
    ]
  },
  {
    "timeStamp": 141713,
    "rotation": [
      [
        -0.8165585,
        -0.104917862,
        0.5676481
      ],
      [
        0.287213862,
        -0.926831543,
        0.241850063
      ],
      [
        0.5007398,
        0.360521138,
        0.786946
      ]
    ],
    "translation": [
      1.69231379,
      1.68714511,
      -0.74558
    ]
  },
  {
    "timeStamp": 141758,
    "rotation": [
      [
        -0.800601,
        -0.123647168,
        0.586301446
      ],
      [
        0.2863473,
        -0.938466847,
        0.193093792
      ],
      [
        0.526349,
        0.322476923,
        0.7867435
      ]
    ],
    "translation": [
      1.70104015,
      1.67218566,
      -0.7468357
    ]
  },
  {
    "timeStamp": 141813,
    "rotation": [
      [
        -0.7788057,
        -0.110441394,
        0.6174661
      ],
      [
        0.273533762,
        -0.945648253,
        0.175865412
      ],
      [
        0.5644829,
        0.305862784,
        0.766685665
      ]
    ],
    "translation": [
      1.70782173,
      1.66282511,
      -0.753275633
    ]
  },
  {
    "timeStamp": 141858,
    "rotation": [
      [
        -0.77009654,
        -0.120456904,
        0.626451433
      ],
      [
        0.280802816,
        -0.9457651,
        0.163334846
      ],
      [
        0.572801054,
        0.301692933,
        0.762155
      ]
    ],
    "translation": [
      1.71337485,
      1.6582396,
      -0.7574345
    ]
  },
  {
    "timeStamp": 141913,
    "rotation": [
      [
        -0.758855164,
        -0.1183453,
        0.640416443
      ],
      [
        0.282208353,
        -0.94598645,
        0.159587145
      ],
      [
        0.586938858,
        0.301834375,
        0.7512648
      ]
    ],
    "translation": [
      1.71709514,
      1.65628052,
      -0.7625911
    ]
  },
  {
    "timeStamp": 141958,
    "rotation": [
      [
        -0.753131,
        -0.119153261,
        0.6469901
      ],
      [
        0.285104483,
        -0.945423961,
        0.157762334
      ],
      [
        0.5928821,
        0.3032755,
        0.7459992
      ]
    ],
    "translation": [
      1.71963573,
      1.6558013,
      -0.7655161
    ]
  },
  {
    "timeStamp": 142013,
    "rotation": [
      [
        -0.7454582,
        -0.123029418,
        0.655099869
      ],
      [
        0.286076665,
        -0.9467496,
        0.14773342
      ],
      [
        0.60204,
        0.297537863,
        0.740958154
      ]
    ],
    "translation": [
      1.72179437,
      1.65338314,
      -0.767101645
    ]
  },
  {
    "timeStamp": 142058,
    "rotation": [
      [
        -0.735612869,
        -0.09360714,
        0.6709034
      ],
      [
        0.2583429,
        -0.954319656,
        0.150109887
      ],
      [
        0.626204848,
        0.283745885,
        0.7261926
      ]
    ],
    "translation": [
      1.71987557,
      1.65172625,
      -0.766364038
    ]
  },
  {
    "timeStamp": 142113,
    "rotation": [
      [
        -0.7347559,
        -0.03933906,
        0.67719
      ],
      [
        0.174534157,
        -0.975669265,
        0.132692561
      ],
      [
        0.6554935,
        0.215689421,
        0.7237447
      ]
    ],
    "translation": [
      1.713238,
      1.64667952,
      -0.758707
    ]
  },
  {
    "timeStamp": 142158,
    "rotation": [
      [
        -0.712961435,
        0.0186260045,
        0.7009557
      ],
      [
        0.08422909,
        -0.99013406,
        0.111981876
      ],
      [
        0.6961259,
        0.138879627,
        0.7043586
      ]
    ],
    "translation": [
      1.70753324,
      1.64015794,
      -0.75120157
    ]
  },
  {
    "timeStamp": 142213,
    "rotation": [
      [
        -0.729546964,
        0.0139944246,
        0.6837876
      ],
      [
        0.0418255366,
        -0.9970064,
        0.0650293
      ],
      [
        0.6826506,
        0.0760417059,
        0.726777732
      ]
    ],
    "translation": [
      1.708362,
      1.629477,
      -0.741635442
    ]
  },
  {
    "timeStamp": 142258,
    "rotation": [
      [
        -0.7291373,
        0.007805433,
        0.684322953
      ],
      [
        0.0188345462,
        -0.9993273,
        0.03146636
      ],
      [
        0.684108257,
        0.03583221,
        0.7284998
      ]
    ],
    "translation": [
      1.710229,
      1.6214956,
      -0.736179948
    ]
  },
  {
    "timeStamp": 142313,
    "rotation": [
      [
        -0.726765931,
        -0.0136499088,
        0.6867496
      ],
      [
        0.0283986181,
        -0.9995448,
        0.0101863211
      ],
      [
        0.686297953,
        0.02690581,
        0.726822734
      ]
    ],
    "translation": [
      1.71448112,
      1.61540377,
      -0.73538065
    ]
  },
  {
    "timeStamp": 142357,
    "rotation": [
      [
        -0.7250724,
        -0.0112030068,
        0.6885816
      ],
      [
        0.006396349,
        -0.999934137,
        -0.009533296
      ],
      [
        0.688643038,
        -0.00250792177,
        0.7250962
      ]
    ],
    "translation": [
      1.71702385,
      1.61231208,
      -0.7329764
    ]
  },
  {
    "timeStamp": 142413,
    "rotation": [
      [
        -0.683549166,
        0.09982086,
        0.7230466
      ],
      [
        -0.117315575,
        -0.992750466,
        0.0261480249
      ],
      [
        0.720414937,
        -0.06695116,
        0.6903042
      ]
    ],
    "translation": [
      1.714135,
      1.61416554,
      -0.7290774
    ]
  },
  {
    "timeStamp": 142458,
    "rotation": [
      [
        -0.593907654,
        0.3441386,
        0.727215469
      ],
      [
        -0.353781581,
        -0.923527,
        0.148109749
      ],
      [
        0.72257334,
        -0.1693119,
        0.6702397
      ]
    ],
    "translation": [
      1.70049763,
      1.61997783,
      -0.7197144
    ]
  },
  {
    "timeStamp": 142513,
    "rotation": [
      [
        -0.359530419,
        0.5805273,
        0.730565548
      ],
      [
        -0.577525437,
        -0.7533849,
        0.3144448
      ],
      [
        0.732940853,
        -0.308867723,
        0.606134057
      ]
    ],
    "translation": [
      1.67480862,
      1.62851226,
      -0.711130559
    ]
  },
  {
    "timeStamp": 142569,
    "rotation": [
      [
        0.012197705,
        0.74262017,
        0.669601738
      ],
      [
        -0.697748661,
        -0.473344833,
        0.537672341
      ],
      [
        0.716238856,
        -0.473772049,
        0.512388468
      ]
    ],
    "translation": [
      1.66133535,
      1.621515,
      -0.7098672
    ]
  },
  {
    "timeStamp": 142613,
    "rotation": [
      [
        0.2682516,
        0.7677943,
        0.5818358
      ],
      [
        -0.705527544,
        -0.254669756,
        0.66134274
      ],
      [
        0.6559512,
        -0.587907434,
        0.4733845
      ]
    ],
    "translation": [
      1.6596303,
      1.61417663,
      -0.7063651
    ]
  },
  {
    "timeStamp": 142668,
    "rotation": [
      [
        0.594939232,
        0.699606359,
        0.395724833
      ],
      [
        -0.500456631,
        -0.06283331,
        0.8634785
      ],
      [
        0.6289598,
        -0.7117604,
        0.312740654
      ]
    ],
    "translation": [
      1.664951,
      1.61415732,
      -0.715839863
    ]
  },
  {
    "timeStamp": 142713,
    "rotation": [
      [
        0.6864962,
        0.647337,
        0.3311763
      ],
      [
        -0.431096584,
        -0.00443743169,
        0.9022949
      ],
      [
        0.5855584,
        -0.762190938,
        0.2760185
      ]
    ],
    "translation": [
      1.66852319,
      1.61412466,
      -0.719019353
    ]
  },
  {
    "timeStamp": 142757,
    "rotation": [
      [
        0.7335331,
        0.62262243,
        0.272526175
      ],
      [
        -0.34992373,
        0.00222406629,
        0.936775565
      ],
      [
        0.5826514,
        -0.7825192,
        0.2195018
      ]
    ],
    "translation": [
      1.67009509,
      1.6158607,
      -0.7230587
    ]
  },
  {
    "timeStamp": 142813,
    "rotation": [
      [
        0.776595831,
        0.5814838,
        0.242436618
      ],
      [
        -0.3072193,
        0.013580149,
        0.951541841
      ],
      [
        0.55001384,
        -0.8134447,
        0.18918933
      ]
    ],
    "translation": [
      1.6749059,
      1.6159929,
      -0.724931359
    ]
  },
  {
    "timeStamp": 142868,
    "rotation": [
      [
        0.814131141,
        0.5534056,
        0.175877228
      ],
      [
        -0.22223933,
        0.0171294138,
        0.974841654
      ],
      [
        0.5364702,
        -0.8327358,
        0.136934087
      ]
    ],
    "translation": [
      1.67459035,
      1.61667848,
      -0.7283627
    ]
  },
  {
    "timeStamp": 142913,
    "rotation": [
      [
        0.848110557,
        0.515060663,
        0.12418171
      ],
      [
        -0.15615958,
        0.0190368555,
        0.987548351
      ],
      [
        0.5062833,
        -0.856942356,
        0.09657701
      ]
    ],
    "translation": [
      1.67345691,
      1.615419,
      -0.7304658
    ]
  },
  {
    "timeStamp": 142968,
    "rotation": [
      [
        0.892396748,
        0.449915349,
        0.0347023569
      ],
      [
        -0.0498035625,
        0.02176738,
        0.9985218
      ],
      [
        0.4484949,
        -0.892805934,
        0.0418325253
      ]
    ],
    "translation": [
      1.67231047,
      1.6137979,
      -0.7309962
    ]
  },
  {
    "timeStamp": 143013,
    "rotation": [
      [
        0.946229,
        0.292025536,
        -0.139182791
      ],
      [
        0.129745916,
        0.0515380464,
        0.990206957
      ],
      [
        0.296338916,
        -0.9550209,
        0.0108776707
      ]
    ],
    "translation": [
      1.67158139,
      1.6057471,
      -0.724891365
    ]
  },
  {
    "timeStamp": 143068,
    "rotation": [
      [
        0.9505069,
        0.189954877,
        -0.245873615
      ],
      [
        0.235910326,
        0.07375551,
        0.968971848
      ],
      [
        0.202195451,
        -0.979018569,
        0.0252928026
      ]
    ],
    "translation": [
      1.67217314,
      1.597869,
      -0.718227446
    ]
  },
  {
    "timeStamp": 143113,
    "rotation": [
      [
        0.949532747,
        0.10604699,
        -0.295197427
      ],
      [
        0.290625274,
        0.0566057265,
        0.9551611
      ],
      [
        0.118001826,
        -0.9927486,
        0.02292906
      ]
    ],
    "translation": [
      1.6759522,
      1.59658659,
      -0.714554
    ]
  },
  {
    "timeStamp": 143168,
    "rotation": [
      [
        0.935435653,
        0.0593483634,
        -0.34847948
      ],
      [
        0.3438955,
        0.0754160956,
        0.935974538
      ],
      [
        0.08182951,
        -0.995384455,
        0.0501372665
      ]
    ],
    "translation": [
      1.67701542,
      1.591019,
      -0.711036563
    ]
  },
  {
    "timeStamp": 143212,
    "rotation": [
      [
        0.922872841,
        0.0206412785,
        -0.384551316
      ],
      [
        0.383144259,
        0.0514209531,
        0.9222561
      ],
      [
        0.0388105437,
        -0.99846375,
        0.03954641
      ]
    ],
    "translation": [
      1.67823315,
      1.59035885,
      -0.710245132
    ]
  },
  {
    "timeStamp": 143268,
    "rotation": [
      [
        0.9015651,
        -0.03502876,
        -0.4312231
      ],
      [
        0.4326397,
        0.07716775,
        0.8982583
      ],
      [
        0.001811642,
        -0.996402562,
        0.08472658
      ]
    ],
    "translation": [
      1.68136752,
      1.584374,
      -0.70591855
    ]
  },
  {
    "timeStamp": 143312,
    "rotation": [
      [
        0.8833615,
        -0.07766646,
        -0.462212443
      ],
      [
        0.4676486,
        0.08028025,
        0.880261242
      ],
      [
        -0.0312602371,
        -0.9937419,
        0.1072371
      ]
    ],
    "translation": [
      1.6855377,
      1.57979786,
      -0.702820659
    ]
  },
  {
    "timeStamp": 143362,
    "rotation": [
      [
        0.8753298,
        -0.08788686,
        -0.475472033
      ],
      [
        0.483000755,
        0.11309129,
        0.868286
      ],
      [
        -0.0225391854,
        -0.98969,
        0.1414416
      ]
    ],
    "translation": [
      1.68905616,
      1.572939,
      -0.700520039
    ]
  },
  {
    "timeStamp": 143410,
    "rotation": [
      [
        0.8693666,
        -0.111088172,
        -0.481519639
      ],
      [
        0.493452817,
        0.1427547,
        0.8579775
      ],
      [
        -0.0265719611,
        -0.9835042,
        0.178922936
      ]
    ],
    "translation": [
      1.69761145,
      1.56502521,
      -0.6985782
    ]
  },
  {
    "timeStamp": 143465,
    "rotation": [
      [
        0.8761962,
        -0.122152157,
        -0.4662178
      ],
      [
        0.4815256,
        0.181073815,
        0.8575228
      ],
      [
        -0.0203284156,
        -0.975854039,
        0.2174756
      ]
    ],
    "translation": [
      1.70719862,
      1.55741382,
      -0.699201
    ]
  },
  {
    "timeStamp": 143510,
    "rotation": [
      [
        0.87212795,
        -0.141621664,
        -0.4683333
      ],
      [
        0.488572925,
        0.2007133,
        0.8491234
      ],
      [
        -0.02625352,
        -0.9693593,
        0.244240209
      ]
    ],
    "translation": [
      1.71561754,
      1.55056369,
      -0.700494766
    ]
  },
  {
    "timeStamp": 143565,
    "rotation": [
      [
        0.8823372,
        -0.14883022,
        -0.446464628
      ],
      [
        0.469854057,
        0.224556461,
        0.853704631
      ],
      [
        -0.0268005431,
        -0.96302855,
        0.268063
      ]
    ],
    "translation": [
      1.72636068,
      1.54309118,
      -0.703601
    ]
  },
  {
    "timeStamp": 143610,
    "rotation": [
      [
        0.8942022,
        -0.143519714,
        -0.424033642
      ],
      [
        0.44709757,
        0.238712087,
        0.8620442
      ],
      [
        -0.0224983543,
        -0.9604263,
        0.2776242
      ]
    ],
    "translation": [
      1.73533344,
      1.536355,
      -0.7076873
    ]
  },
  {
    "timeStamp": 143665,
    "rotation": [
      [
        0.915348232,
        -0.134437755,
        -0.379557759
      ],
      [
        0.402466267,
        0.27598682,
        0.8728414
      ],
      [
        -0.0125898868,
        -0.9517131,
        0.3067307
      ]
    ],
    "translation": [
      1.74825943,
      1.52207375,
      -0.7126645
    ]
  },
  {
    "timeStamp": 143710,
    "rotation": [
      [
        0.938738644,
        -0.114892036,
        -0.324914753
      ],
      [
        0.3446271,
        0.3167533,
        0.8836852
      ],
      [
        0.00138944178,
        -0.94152385,
        0.336943448
      ]
    ],
    "translation": [
      1.75834322,
      1.50259662,
      -0.7166452
    ]
  },
  {
    "timeStamp": 143766,
    "rotation": [
      [
        0.9736936,
        -0.0590082034,
        -0.220088109
      ],
      [
        0.225415573,
        0.390582055,
        0.892543256
      ],
      [
        0.0332951,
        -0.918674946,
        0.39360863
      ]
    ],
    "translation": [
      1.76781428,
      1.46650016,
      -0.7209116
    ]
  },
  {
    "timeStamp": 143811,
    "rotation": [
      [
        0.986686051,
        -0.00244598719,
        -0.1626181
      ],
      [
        0.143278986,
        0.486179054,
        0.8620331
      ],
      [
        0.07695298,
        -0.8738558,
        0.480056524
      ]
    ],
    "translation": [
      1.77015746,
      1.42192817,
      -0.724018335
    ]
  },
  {
    "timeStamp": 143867,
    "rotation": [
      [
        0.9953665,
        0.07471882,
        -0.0605195761
      ],
      [
        0.004465592,
        0.592803836,
        0.8053345
      ],
      [
        0.09604988,
        -0.801873267,
        0.5897234
      ]
    ],
    "translation": [
      1.77427948,
      1.36296344,
      -0.7320749
    ]
  },
  {
    "timeStamp": 143912,
    "rotation": [
      [
        0.988700151,
        0.147159278,
        0.0285686273
      ],
      [
        -0.117971934,
        0.6462322,
        0.7539672
      ],
      [
        0.09249131,
        -0.7488178,
        0.656290531
      ]
    ],
    "translation": [
      1.77781475,
      1.31833768,
      -0.7440396
    ]
  },
  {
    "timeStamp": 143968,
    "rotation": [
      [
        0.965233,
        0.232108474,
        0.120211788
      ],
      [
        -0.25189662,
        0.703148,
        0.66492933
      ],
      [
        0.06980905,
        -0.6720927,
        0.737168968
      ]
    ],
    "translation": [
      1.78510666,
      1.26525176,
      -0.7643663
    ]
  },
  {
    "timeStamp": 144012,
    "rotation": [
      [
        0.9378941,
        0.2871904,
        0.194618225
      ],
      [
        -0.345922619,
        0.7316345,
        0.587408364
      ],
      [
        0.0263086539,
        -0.6182497,
        0.7855413
      ]
    ],
    "translation": [
      1.797956,
      1.22936535,
      -0.78202796
    ]
  },
  {
    "timeStamp": 144068,
    "rotation": [
      [
        0.8889794,
        0.3642409,
        0.27756837
      ],
      [
        -0.457259119,
        0.7392261,
        0.49442783
      ],
      [
        -0.0250949245,
        -0.5664568,
        0.823709249
      ]
    ],
    "translation": [
      1.81843889,
      1.19661427,
      -0.8047412
    ]
  },
  {
    "timeStamp": 144112,
    "rotation": [
      [
        0.8578419,
        0.408077031,
        0.312378645
      ],
      [
        -0.5104069,
        0.7474153,
        0.425270557
      ],
      [
        -0.05993345,
        -0.524255157,
        0.8494496
      ]
    ],
    "translation": [
      1.84059739,
      1.17664814,
      -0.819976449
    ]
  },
  {
    "timeStamp": 144168,
    "rotation": [
      [
        0.831231534,
        0.447433054,
        0.329936147
      ],
      [
        -0.548247039,
        0.758074,
        0.35319826
      ],
      [
        -0.09208345,
        -0.474476069,
        0.8754388
      ]
    ],
    "translation": [
      1.87541032,
      1.15780675,
      -0.8368929
    ]
  },
  {
    "timeStamp": 144212,
    "rotation": [
      [
        0.8203703,
        0.4642712,
        0.333833456
      ],
      [
        -0.5595627,
        0.7720546,
        0.301365584
      ],
      [
        -0.117822304,
        -0.4340321,
        0.893159568
      ]
    ],
    "translation": [
      1.90856373,
      1.1469059,
      -0.846513569
    ]
  },
  {
    "timeStamp": 144268,
    "rotation": [
      [
        0.8542478,
        0.425820321,
        0.2982244
      ],
      [
        -0.5056516,
        0.8138077,
        0.286414862
      ],
      [
        -0.12073604,
        -0.3954669,
        0.9105101
      ]
    ],
    "translation": [
      1.95092285,
      1.13712931,
      -0.8558146
    ]
  },
  {
    "timeStamp": 144312,
    "rotation": [
      [
        0.8816288,
        0.403837055,
        0.244226068
      ],
      [
        -0.46208033,
        0.843878746,
        0.272672862
      ],
      [
        -0.09598178,
        -0.3532483,
        0.930592954
      ]
    ],
    "translation": [
      1.98043311,
      1.13476658,
      -0.860049546
    ]
  },
  {
    "timeStamp": 144368,
    "rotation": [
      [
        0.8782459,
        0.419878066,
        0.228880987
      ],
      [
        -0.4710101,
        0.84224683,
        0.262239844
      ],
      [
        -0.08266554,
        -0.338116318,
        0.9374666
      ]
    ],
    "translation": [
      2.01337266,
      1.135215,
      -0.8601329
    ]
  },
  {
    "timeStamp": 144419,
    "rotation": [
      [
        0.8643019,
        0.4393493,
        0.2448559
      ],
      [
        -0.494097322,
        0.832701,
        0.2499537
      ],
      [
        -0.09407477,
        -0.3370181,
        0.936786354
      ]
    ],
    "translation": [
      2.03845668,
      1.13584268,
      -0.856173
    ]
  },
  {
    "timeStamp": 144464,
    "rotation": [
      [
        0.871622741,
        0.432008535,
        0.231608555
      ],
      [
        -0.480087072,
        0.847752452,
        0.225460216
      ],
      [
        -0.09894597,
        -0.307708532,
        0.946321964
      ]
    ],
    "translation": [
      2.06765628,
      1.1325686,
      -0.8551039
    ]
  },
  {
    "timeStamp": 144518,
    "rotation": [
      [
        0.8242169,
        0.487114936,
        0.28876555
      ],
      [
        -0.5469556,
        0.8168724,
        0.18319118
      ],
      [
        -0.14664945,
        -0.3089312,
        0.9397103
      ]
    ],
    "translation": [
      2.09327722,
      1.12755847,
      -0.8476487
    ]
  },
  {
    "timeStamp": 144562,
    "rotation": [
      [
        0.8189138,
        0.480691254,
        0.31355384
      ],
      [
        -0.5459632,
        0.820913732,
        0.167406
      ],
      [
        -0.176930055,
        -0.308279961,
        0.9346974
      ]
    ],
    "translation": [
      2.11094856,
      1.12155151,
      -0.840799749
    ]
  },
  {
    "timeStamp": 144618,
    "rotation": [
      [
        0.7405553,
        0.55744797,
        0.375272751
      ],
      [
        -0.6344637,
        0.764029145,
        0.117112026
      ],
      [
        -0.221435472,
        -0.3248249,
        0.919486344
      ]
    ],
    "translation": [
      2.12398839,
      1.11694729,
      -0.832195759
    ]
  },
  {
    "timeStamp": 144662,
    "rotation": [
      [
        0.657868266,
        0.606437445,
        0.446590483
      ],
      [
        -0.6973839,
        0.7144124,
        0.05718954
      ],
      [
        -0.284367919,
        -0.3490682,
        0.8929089
      ]
    ],
    "translation": [
      2.13712454,
      1.11189151,
      -0.825279951
    ]
  },
  {
    "timeStamp": 144718,
    "rotation": [
      [
        0.546094954,
        0.653740048,
        0.5238361
      ],
      [
        -0.7649896,
        0.6440125,
        -0.00622291863
      ],
      [
        -0.341425151,
        -0.39733085,
        0.8517963
      ]
    ],
    "translation": [
      2.15074062,
      1.10799348,
      -0.817078
    ]
  },
  {
    "timeStamp": 144762,
    "rotation": [
      [
        0.42511,
        0.6930073,
        0.5822562
      ],
      [
        -0.822279,
        0.5645629,
        -0.07159603
      ],
      [
        -0.378336847,
        -0.448340833,
        0.8098467
      ]
    ],
    "translation": [
      2.1605494,
      1.10585833,
      -0.809778035
    ]
  },
  {
    "timeStamp": 144818,
    "rotation": [
      [
        0.356079966,
        0.719269156,
        0.5965392
      ],
      [
        -0.832203448,
        0.534448862,
        -0.147654355
      ],
      [
        -0.42502293,
        -0.4438652,
        0.788884759
      ]
    ],
    "translation": [
      2.165767,
      1.09685016,
      -0.803293645
    ]
  },
  {
    "timeStamp": 144862,
    "rotation": [
      [
        0.382174551,
        0.736657262,
        0.557923555
      ],
      [
        -0.8044156,
        0.562357843,
        -0.1914919
      ],
      [
        -0.4548166,
        -0.375619084,
        0.807497442
      ]
    ],
    "translation": [
      2.16397858,
      1.083469,
      -0.800914943
    ]
  },
  {
    "timeStamp": 144907,
    "rotation": [
      [
        0.359809965,
        0.7582782,
        0.543646
      ],
      [
        -0.7957557,
        0.553618133,
        -0.245519549
      ],
      [
        -0.4871444,
        -0.344269037,
        0.8026015
      ]
    ],
    "translation": [
      2.160387,
      1.07112885,
      -0.795170844
    ]
  },
  {
    "timeStamp": 144964,
    "rotation": [
      [
        0.353892684,
        0.8183109,
        0.452909648
      ],
      [
        -0.773931861,
        0.5281159,
        -0.3494609
      ],
      [
        -0.5251565,
        -0.226849571,
        0.8202133
      ]
    ],
    "translation": [
      2.14290571,
      1.05484712,
