[
  {
    "timeStamp": 73911,
    "rotation": [
      [
        -0.999236,
        0.0312676877,
        -0.02344629
      ],
      [
        0.0203702264,
        0.9286763,
        0.370331377
      ],
      [
        0.03335342,
        0.369570851,
        -0.928603768
      ]
    ],
    "translation": [
      1.46271861,
      0.891874969,
      -0.3892803
    ]
  },
  {
    "timeStamp": 73957,
    "rotation": [
      [
        -0.9991886,
        0.0218789149,
        -0.0338166244
      ],
      [
        0.0100419251,
        0.948407233,
        0.316895753
      ],
      [
        0.0390052646,
        0.316299021,
        -0.9478574
      ]
    ],
    "translation": [
      1.46209562,
      0.8924477,
      -0.391382426
    ]
  },
  {
    "timeStamp": 74011,
    "rotation": [
      [
        -0.9992123,
        0.0163637064,
        -0.03615228
      ],
      [
        0.003917763,
        0.947249532,
        0.320473135
      ],
      [
        0.0394893624,
        0.3200791,
        -0.9465675
      ]
    ],
    "translation": [
      1.46180439,
      0.892157,
      -0.391212
    ]
  },
  {
    "timeStamp": 74055,
    "rotation": [
      [
        -0.999268532,
        0.0150393145,
        -0.0351604745
      ],
      [
        0.00271660672,
        0.945017338,
        0.327009022
      ],
      [
        0.0381452478,
        0.3266743,
        -0.944366932
      ]
    ],
    "translation": [
      1.46178555,
      0.892252862,
      -0.390987
    ]
  },
  {
    "timeStamp": 74111,
    "rotation": [
      [
        -0.998605251,
        0.04868675,
        -0.0204259474
      ],
      [
        0.0402779542,
        0.9526192,
        0.301487
      ],
      [
        0.03413657,
        0.3002438,
        -0.9532515
      ]
    ],
    "translation": [
      1.46117055,
      0.89587003,
      -0.392648846
    ]
  },
  {
    "timeStamp": 74156,
    "rotation": [
      [
        -0.98635453,
        0.155433655,
        -0.0542694256
      ],
      [
        0.1415303,
        0.968936563,
        0.202808216
      ],
      [
        0.0841068551,
        0.192360044,
        -0.9777135
      ]
    ],
    "translation": [
      1.45492518,
      0.904963,
      -0.389188975
    ]
  },
  {
    "timeStamp": 74211,
    "rotation": [
      [
        -0.952304542,
        0.302187681,
        -0.0424105376
      ],
      [
        0.296213955,
        0.94883436,
        0.109410465
      ],
      [
        0.0733030662,
        0.09162949,
        -0.9930915
      ]
    ],
    "translation": [
      1.44959152,
      0.9195505,
      -0.385835946
    ]
  },
  {
    "timeStamp": 74256,
    "rotation": [
      [
        -0.890690446,
        0.4542487,
        -0.0181273036
      ],
      [
        0.4531078,
        0.890279949,
        0.0457706861
      ],
      [
        0.03692965,
        0.03255389,
        -0.998787463
      ]
    ],
    "translation": [
      1.44575441,
      0.9354324,
      -0.386398315
    ]
  },
  {
    "timeStamp": 74311,
    "rotation": [
      [
        -0.7597948,
        0.648589551,
        0.04520505
      ],
      [
        0.649375141,
        0.760459363,
        0.00366812525
      ],
      [
        -0.0319974981,
        0.032142058,
        -0.998971
      ]
    ],
    "translation": [
      1.44382048,
      0.9546783,
      -0.391588539
    ]
  },
  {
    "timeStamp": 74355,
    "rotation": [
      [
        -0.5779982,
        0.809960067,
        0.09941251
      ],
      [
        0.810045,
        0.5842171,
        -0.05017419
      ],
      [
        -0.09871758,
        0.0515280142,
        -0.993780553
      ]
    ],
    "translation": [
      1.44134724,
      0.9746614,
      -0.3972454
    ]
  },
  {
    "timeStamp": 74411,
    "rotation": [
      [
        -0.571285248,
        0.813507557,
        0.108805463
      ],
      [
        0.811626852,
        0.5796606,
        -0.07249482
      ],
      [
        -0.122045316,
        0.0468942076,
        -0.9914161
      ]
    ],
    "translation": [
      1.44336367,
      0.9847151,
      -0.4018716
    ]
  },
  {
    "timeStamp": 74456,
    "rotation": [
      [
        -0.5720143,
        0.81366086,
        0.103709981
      ],
      [
        0.8111548,
        0.579906344,
        -0.0757401958
      ],
      [
        -0.121768907,
        0.040800374,
        -0.991719544
      ]
    ],
    "translation": [
      1.44420576,
      0.993637741,
      -0.405188
    ]
  },
  {
    "timeStamp": 74511,
    "rotation": [
      [
        -0.5427738,
        0.834633648,
        0.09371948
      ],
      [
        0.829453,
        0.55021596,
        -0.09628162
      ],
      [
        -0.131925836,
        0.0254767668,
        -0.9909321
      ]
    ],
    "translation": [
      1.44494534,
      1.01137722,
      -0.410839
    ]
  },
  {
    "timeStamp": 74556,
    "rotation": [
      [
        -0.531910539,
        0.842753947,
        0.082686305
      ],
      [
        0.8366511,
        0.5380966,
        -0.102308363
      ],
      [
        -0.130714,
        0.0147606907,
        -0.991310239
      ]
    ],
    "translation": [
      1.44576645,
      1.02549148,
      -0.416112661
    ]
  },
  {
    "timeStamp": 74611,
    "rotation": [
      [
        -0.5195025,
        0.8490192,
        0.09635013
      ],
      [
        0.8418159,
        0.5278788,
        -0.11264956
      ],
      [
        -0.146502838,
        0.0225873422,
        -0.9889523
      ]
    ],
    "translation": [
      1.44943643,
      1.0420835,
      -0.429172635
    ]
  },
  {
    "timeStamp": 74655,
    "rotation": [
      [
        -0.512985766,
        0.852610648,
        0.09950224
      ],
      [
        0.843659341,
        0.522167146,
        -0.124821723
      ],
      [
        -0.158381134,
        0.01991423,
        -0.9871772
      ]
    ],
    "translation": [
      1.45289242,
      1.05573618,
      -0.4405045
    ]
  },
  {
    "timeStamp": 74711,
    "rotation": [
      [
        -0.505802155,
        0.858179152,
        0.0877075642
      ],
      [
        0.8494095,
        0.513203,
        -0.122987852
      ],
      [
        -0.1505574,
        0.0122921187,
        -0.9885248
      ]
    ],
    "translation": [
      1.46003842,
      1.0740335,
      -0.455837578
    ]
  },
  {
    "timeStamp": 74756,
    "rotation": [
      [
        -0.5079246,
        0.8582463,
        0.07366031
      ],
      [
        0.8488377,
        0.5132347,
        -0.126747131
      ],
      [
        -0.146585286,
        -0.00185235287,
        -0.98919636
      ]
    ],
    "translation": [
      1.46824765,
      1.08802307,
      -0.469146848
    ]
  },
  {
    "timeStamp": 74811,
    "rotation": [
      [
        -0.5174438,
        0.8549439,
        0.0363717638
      ],
      [
        0.845313549,
        0.5172986,
        -0.133593261
      ],
      [
        -0.1330298,
        -0.0383814573,
        -0.990368545
      ]
    ],
    "translation": [
      1.48422718,
      1.10480654,
      -0.485750228
    ]
  },
  {
    "timeStamp": 74856,
    "rotation": [
      [
        -0.512911439,
        0.8583991,
        -0.008533133
      ],
      [
        0.85182637,
        0.5077022,
        -0.128958583
      ],
      [
        -0.106365636,
        -0.07341308,
        -0.991613269
      ]
    ],
    "translation": [
      1.50010347,
      1.12012267,
      -0.4989097
    ]
  },
  {
    "timeStamp": 74911,
    "rotation": [
      [
        -0.517203152,
        0.852958441,
        -0.0704475343
      ],
      [
        0.8524989,
        0.506131649,
        -0.130676508
      ],
      [
        -0.0758059,
        -0.127642751,
        -0.988919
      ]
    ],
    "translation": [
      1.52645516,
      1.13717937,
      -0.5162221
    ]
  },
  {
    "timeStamp": 74955,
    "rotation": [
      [
        -0.5262908,
        0.843562067,
        -0.106869332
      ],
      [
        0.847610652,
        0.510466337,
        -0.144846022
      ],
      [
        -0.06763342,
        -0.1668147,
        -0.9836659
      ]
    ],
    "translation": [
      1.55082488,
      1.14821815,
      -0.531582
    ]
  },
  {
    "timeStamp": 75012,
    "rotation": [
      [
        -0.545104861,
        0.8227492,
        -0.161072567
      ],
      [
        0.837923765,
        0.5284138,
        -0.136611149
      ],
      [
        -0.02728375,
        -0.209433928,
        -0.977442
      ]
    ],
    "translation": [
      1.58996522,
      1.15767741,
      -0.5528535
    ]
  },
  {
    "timeStamp": 75064,
    "rotation": [
      [
        -0.5601934,
        0.7995748,
        -0.2164797
      ],
      [
        0.8283585,
        0.5414702,
        -0.143639356
      ],
      [
        0.00236689858,
        -0.2597886,
        -0.965662658
      ]
    ],
    "translation": [
      1.62850118,
      1.1687367,
      -0.5739666
    ]
  },
  {
    "timeStamp": 75108,
    "rotation": [
      [
        -0.5756314,
        0.7753193,
        -0.259862453
      ],
      [
        0.8171234,
        0.5574277,
        -0.14691399
      ],
      [
        0.0309492759,
        -0.296908,
        -0.9544044
      ]
    ],
    "translation": [
      1.6610744,
      1.17726779,
      -0.5909579
    ]
  },
  {
    "timeStamp": 75164,
    "rotation": [
      [
        -0.6060821,
        0.7285671,
        -0.319146484
      ],
      [
        0.7927993,
        0.5857717,
        -0.168347329
      ],
      [
        0.06429464,
        -0.355051428,
        -0.9326332
      ]
    ],
    "translation": [
      1.70639348,
      1.18494642,
      -0.6106073
    ]
  },
  {
    "timeStamp": 75208,
    "rotation": [
      [
        -0.628188,
        0.6926757,
        -0.3543731
      ],
      [
        0.7728051,
        0.60832417,
        -0.1808702
      ],
      [
        0.09028932,
        -0.387481838,
        -0.9174452
      ]
    ],
    "translation": [
      1.74379134,
      1.19008172,
      -0.627910554
    ]
  },
  {
    "timeStamp": 75263,
    "rotation": [
      [
        -0.6489429,
        0.6383088,
        -0.414047033
      ],
      [
        0.7498105,
        0.6288584,
        -0.2057215
      ],
      [
        0.1290631,
        -0.4439583,
        -0.886703849
      ]
    ],
    "translation": [
      1.79375017,
      1.19723809,
      -0.6476069
    ]
  },
  {
    "timeStamp": 75308,
    "rotation": [
      [
        -0.6626975,
        0.59889853,
        -0.44961372
      ],
      [
        0.731635749,
        0.645885646,
        -0.218038753
      ],
      [
        0.159815952,
        -0.4734472,
        -0.8662024
      ]
    ],
    "translation": [
      1.83352339,
      1.202277,
      -0.6639094
    ]
  },
  {
    "timeStamp": 75363,
    "rotation": [
      [
        -0.688105464,
        0.5403434,
        -0.484293252
      ],
      [
        0.696576834,
        0.67882067,
        -0.232342854
      ],
      [
        0.203203321,
        -0.497223824,
        -0.8434909
      ]
    ],
    "translation": [
      1.88368356,
      1.20526755,
      -0.684704065
    ]
  },
  {
    "timeStamp": 75408,
    "rotation": [
      [
        -0.7100988,
        0.4987094,
        -0.4970399
      ],
      [
        0.6660093,
        0.704790354,
        -0.244340226
      ],
      [
        0.228454173,
        -0.504538953,
        -0.832615852
      ]
    ],
    "translation": [
      1.92165077,
      1.20600331,
      -0.7006584
    ]
  },
  {
    "timeStamp": 75454,
    "rotation": [
      [
        -0.7412287,
        0.462650925,
        -0.486347765
      ],
      [
        0.6255135,
        0.7389447,
        -0.250386864
      ],
      [
        0.243542388,
        -0.489811,
        -0.8371214
      ]
    ],
    "translation": [
      1.95856559,
      1.20332241,
      -0.718177855
    ]
  },
  {
    "timeStamp": 75506,
    "rotation": [
      [
        -0.761272669,
        0.4300235,
        -0.485328525
      ],
      [
        0.5919594,
        0.766383767,
        -0.2494795
      ],
      [
        0.264665842,
        -0.477216721,
        -0.8379834
      ]
    ],
    "translation": [
      1.99491787,
      1.19908106,
      -0.7310769
    ]
  },
  {
    "timeStamp": 75561,
    "rotation": [
      [
        -0.794502437,
        0.398508042,
        -0.4582109
      ],
      [
        0.539829731,
        0.8090643,
        -0.2323764
      ],
      [
        0.278118223,
        -0.431979477,
        -0.857930064
      ]
    ],
    "translation": [
      2.042197,
      1.18856776,
      -0.747877061
    ]
  },
  {
    "timeStamp": 75605,
    "rotation": [
      [
        -0.814446032,
        0.3887944,
        -0.430716336
      ],
      [
        0.512081861,
        0.8306903,
        -0.218462348
      ],
      [
        0.272854924,
        -0.3984878,
        -0.875647
      ]
    ],
    "translation": [
      2.06675458,
      1.17869449,
      -0.7552673
    ]
  },
  {
    "timeStamp": 75661,
    "rotation": [
      [
        -0.8445476,
        0.381287545,
        -0.3759776
      ],
      [
        0.470607638,
        0.863488257,
        -0.181429043
      ],
      [
        0.2554756,
        -0.3301634,
        -0.9086938
      ]
    ],
    "translation": [
      2.091803,
      1.15853643,
      -0.7639707
    ]
  },
  {
    "timeStamp": 75705,
    "rotation": [
      [
        -0.8592603,
        0.384177625,
        -0.337756217
      ],
      [
        0.452138036,
        0.8792104,
        -0.150200978
      ],
      [
        0.2392549,
        -0.281774163,
        -0.9291719
      ]
    ],
    "translation": [
      2.107445,
      1.14015245,
      -0.769618034
    ]
  },
  {
    "timeStamp": 75761,
    "rotation": [
      [
        -0.90039,
        0.3555725,
        -0.250730872
      ],
      [
        0.3901741,
        0.914882243,
        -0.10370443
      ],
      [
        0.192514777,
        -0.191203117,
        -0.9624861
      ]
    ],
    "translation": [
      2.12466168,
      1.10979843,
      -0.7778363
    ]
  },
  {
    "timeStamp": 75806,
    "rotation": [
      [
        -0.9147544,
        0.3475154,
        -0.206051841
      ],
      [
        0.362532884,
        0.931154132,
        -0.039010372
      ],
      [
        0.178309321,
        -0.110385485,
        -0.9777631
      ]
    ],
    "translation": [
      2.13151455,
      1.08818758,
      -0.7813052
    ]
  },
  {
    "timeStamp": 75861,
    "rotation": [
      [
        -0.947757363,
        0.285852641,
        -0.141577825
      ],
      [
        0.269606322,
        0.9550269,
        0.123434424
      ],
      [
        0.170494691,
        0.07881561,
        -0.9822014
      ]
    ],
    "translation": [
      2.133766,
      1.06438386,
      -0.777998447
    ]
  },
  {
    "timeStamp": 75906,
    "rotation": [
      [
        -0.955664,
        0.290434748,
        -0.0485176146
      ],
      [
        0.283159882,
        0.9516375,
        0.119191155
      ],
      [
        0.08078843,
        0.100168452,
        -0.9916852
      ]
    ],
    "translation": [
      2.140238,
      1.04785573,
      -0.7852606
    ]
  },
  {
    "timeStamp": 75961,
    "rotation": [
      [
        -0.9156537,
        0.386266142,
        -0.111250885
      ],
      [
        0.38756308,
        0.921782255,
        0.0106040081
      ],
      [
        0.106645055,
        -0.0334071331,
        -0.9937358
      ]
    ],
    "translation": [
      2.133457,
      1.03595889,
      -0.771555245
    ]
  },
  {
    "timeStamp": 76007,
    "rotation": [
      [
        -0.9159961,
        0.390479743,
        -0.0920698643
      ],
      [
        0.39000082,
        0.9205046,
        0.02388614
      ],
      [
        0.0940777957,
        -0.0140277138,
        -0.995466
      ]
    ],
    "translation": [
      2.133286,
      1.02637136,
      -0.768877566
    ]
  },
  {
    "timeStamp": 76064,
    "rotation": [
      [
        -0.921392858,
        0.383158743,
        -0.06499688
      ],
      [
        0.380992681,
        0.9235561,
        0.0434584245
      ],
      [
        0.0766797438,
        0.015278942,
        -0.9969387
      ]
    ],
    "translation": [
      2.134114,
      1.01478863,
      -0.768463731
    ]
  },
  {
    "timeStamp": 76109,
    "rotation": [
      [
        -0.915896535,
        0.396382,
        -0.06336282
      ],
      [
        0.394021332,
        0.917912364,
        0.04673382
      ],
      [
        0.07668596,
        0.01783704,
        -0.99689573
      ]
    ],
    "translation": [
      2.13319826,
      1.01041317,
      -0.765393
    ]
  },
  {
    "timeStamp": 76155,
    "rotation": [
      [
        -0.9117441,
        0.40681228,
        -0.0568017364
      ],
      [
        0.403790772,
        0.9130296,
        0.0577060543
      ],
      [
        0.0753372,
        0.0296771377,
        -0.9967164
      ]
    ],
    "translation": [
      2.132445,
      1.00564826,
      -0.76412046
    ]
  },
  {
    "timeStamp": 76210,
    "rotation": [
      [
        -0.914594054,
        0.400769383,
        -0.05386623
      ],
      [
        0.3969293,
        0.915198863,
        0.06970025
      ],
      [
        0.07723204,
        0.04236635,
        -0.9961126
      ]
    ],
    "translation": [
      2.135383,
      0.9965533,
      -0.7633498
    ]
  },
  {
    "timeStamp": 76255,
    "rotation": [
      [
        -0.920846939,
        0.387031972,
        -0.04740428
      ],
      [
        0.382007331,
        0.9198325,
        0.08932287
      ],
      [
        0.07817481,
        0.06414391,
        -0.994874
      ]
    ],
    "translation": [
      2.140012,
      0.9863224,
      -0.7652351
    ]
  },
  {
    "timeStamp": 76310,
    "rotation": [
      [
        -0.9210205,
        0.384176016,
        -0.0642652363
      ],
      [
        0.375134528,
        0.9192787,
        0.119166538
      ],
      [
        0.104858592,
        0.08564671,
        -0.9907923
      ]
    ],
    "translation": [
      2.142379,
      0.975964069,
      -0.7664816
    ]
  },
  {
    "timeStamp": 76355,
    "rotation": [
      [
        -0.9182794,
        0.3898384,
        -0.06920242
      ],
      [
        0.378929168,
        0.9159862,
        0.131840855
      ],
      [
        0.11478509,
        0.094843924,
        -0.9888524
      ]
    ],
    "translation": [
      2.14255834,
      0.970642,
      -0.7679012
    ]
  },
  {
    "timeStamp": 76410,
    "rotation": [
      [
        -0.9149801,
        0.391607523,
        -0.09723699
      ],
      [
        0.375034034,
        0.9142773,
        0.153122589
      ],
      [
        0.148865521,
        0.103636943,
        -0.98341167
      ]
    ],
    "translation": [
      2.14474225,
      0.9635264,
      -0.768422246
    ]
  },
  {
    "timeStamp": 76455,
    "rotation": [
      [
        -0.9152481,
        0.3895443,
        -0.1028404
      ],
      [
        0.3703675,
        0.913966238,
        0.1658121
      ],
      [
        0.15858382,
        0.113670476,
        -0.980780363
      ]
    ],
    "translation": [
      2.146245,
      0.9593186,
      -0.770575464
    ]
  },
  {
    "timeStamp": 76510,
    "rotation": [
      [
        -0.9099228,
        0.3947647,
        -0.127284259
      ],
      [
        0.369542569,
        0.9109293,
        0.183428362
      ],
      [
        0.188358009,
        0.119868688,
        -0.974757731
      ]
    ],
    "translation": [
      2.14805865,
      0.954358041,
      -0.7714556
    ]
  },
  {
    "timeStamp": 76555,
    "rotation": [
      [
        -0.9068554,
        0.400631,
        -0.13079837
      ],
      [
        0.3738562,
        0.9079976,
        0.189134568
      ],
      [
        0.194537789,
        0.122617915,
        -0.973200858
      ]
    ],
    "translation": [
      2.14901233,
      0.950729,
      -0.7717445
    ]
  },
  {
    "timeStamp": 76610,
    "rotation": [
      [
        -0.9147046,
        0.382600546,
        -0.130124554
      ],
      [
        0.3567019,
        0.9157136,
        0.185019985
      ],
      [
        0.189945579,
        0.122822955,
        -0.9740817
      ]
    ],
    "translation": [
      2.14863753,
      0.9480267,
      -0.772662938
    ]
  },
  {
    "timeStamp": 76654,
    "rotation": [
      [
        -0.920589447,
        0.365827978,
        -0.136692926
      ],
      [
        0.341630816,
        0.92396307,
        0.171990067
      ],
      [
        0.189218,
        0.111633725,
        -0.9755688
      ]
    ],
    "translation": [
      2.14929581,
      0.945876658,
      -0.7730598
    ]
  },
  {
    "timeStamp": 76710,
    "rotation": [
      [
        -0.924394,
        0.349404037,
        -0.153011531
      ],
      [
        0.325265735,
        0.9315954,
        0.162272036
      ],
      [
        0.199243337,
        0.10023389,
        -0.9748104
      ]
    ],
    "translation": [
      2.149319,
      0.9438893,
      -0.771621168
    ]
  },
  {
    "timeStamp": 76755,
    "rotation": [
      [
        -0.9278905,
        0.338743269,
        -0.155795246
      ],
      [
        0.314450115,
        0.935486555,
        0.161201984
      ],
      [
        0.200350448,
        0.100587957,
        -0.9745469
      ]
    ],
    "translation": [
      2.14874768,
      0.942685664,
      -0.7713401
    ]
  }
]