[
  {
    "id": "003 cracker box(Clone)-13804",
    "pickRotation": [
      [
        -0.999368131,
        -0.03495641,
        0.006433375
      ],
      [
        -0.009992626,
        0.102619916,
        -0.994670451
      ],
      [
        0.0341099165,
        -0.994106233,
        -0.102904379
      ]
    ],
    "pickTranslation": [
      0.00846535,
      -0.02744712,
      0.195164591
    ],
    "placeRotation": [
      [
        0.9998641,
        -0.0143744117,
        -0.008073329
      ],
      [
        0.00808266,
        0.0005911448,
        0.999967158
      ],
      [
        -0.0143691665,
        -0.9998965,
        0.000707247935
      ]
    ],
    "placeTranslation": [
      -0.445385069,
      0.149646476,
      0.581337631
    ]
  },
  {
    "id": "004 sugar box(Clone)-13680",
    "pickRotation": [
      [
        -0.9822604,
        -0.18744275,
        -0.00545060961
      ],
      [
        -0.006759025,
        0.0644371659,
        -0.9978989
      ],
      [
        0.187400132,
        -0.9801597,
        -0.06456101
      ]
    ],
    "pickTranslation": [
      0.00317106582,
      -0.0221558381,
      0.15202105
    ],
    "placeRotation": [
      [
        0.9915197,
        0.06446926,
        -0.112838328
      ],
      [
        0.116096847,
        -0.0492457822,
        0.9920163
      ],
      [
        0.0583977476,
        -0.996703863,
        -0.0563128367
      ]
    ],
    "placeTranslation": [
      -0.6379043,
      0.0417526,
      0.1686371
    ]
  },
  {
    "id": "021 bleach cleanser(Clone)-13792",
    "pickRotation": [
      [
        -0.02602796,
        -0.08065507,
        0.9964022
      ],
      [
        -0.9986553,
        0.04680239,
        -0.022298336
      ],
      [
        -0.0448355265,
        -0.995642662,
        -0.08176478
      ]
    ],
    "pickTranslation": [
      0.0256672744,
      0.009190573,
      0.215264961
    ],
    "placeRotation": [
      [
        0.0715307742,
        0.9974361,
        0.00212715752
      ],
      [
        -0.0323086344,
        0.000185490149,
        0.9994779
      ],
      [
        0.996915,
        -0.0715621561,
        0.03223907
      ]
    ],
    "placeTranslation": [
      0.8444926,
      0.00730104046,
      0.575848
    ]
  },
  {
    "id": "003 cracker box(Clone)-13804",
    "pickRotation": [
      [
        -0.9950742,
        -0.0535670966,
        -0.08341385
      ],
      [
        0.07847802,
        0.08843639,
        -0.9929855
      ],
      [
        0.0605681837,
        -0.9946404,
        -0.08379693
      ]
    ],
    "pickTranslation": [
      0.0127036581,
      -0.00465495652,
      0.194651887
    ],
    "placeRotation": [
      [
        0.042420432,
        0.9972989,
        -0.059962038
      ],
      [
        0.007608688,
        0.05969185,
        0.99818784
      ],
      [
        0.9990709,
        -0.0427997932,
        -0.005055982
      ]
    ],
    "placeTranslation": [
      -0.6970012,
      0.022330083,
      0.466921777
    ]
  },
  {
    "id": "004 sugar box(Clone)-13680",
    "pickRotation": [
      [
        -0.986477137,
        -0.1638617,
        0.00348006841
      ],
      [
        -0.00744759664,
        0.0236045476,
        -0.999693632
      ],
      [
        0.16372937,
        -0.986200869,
        -0.0245057251
      ]
    ],
    "pickTranslation": [
      0.0148545131,
      -0.0143950786,
      0.166821033
    ],
    "placeRotation": [
      [
        0.121371463,
        0.9921571,
        -0.02988664
      ],
      [
        0.104794808,
        0.0171329416,
        0.994346261
      ],
      [
        0.9870598,
        -0.123817235,
        -0.101893462
      ]
    ],
    "placeTranslation": [
      -0.372941971,
      0.0309618264,
      0.732490838
    ]
  },
  {
    "id": "021 bleach cleanser(Clone)-13792",
    "pickRotation": [
      [
        -0.5185372,
        0.6529159,
        0.552105
      ],
      [
        -0.7766974,
        -0.0896438,
        -0.62346226
      ],
      [
        -0.357575625,
        -0.7521069,
        0.5536017
      ]
    ],
    "pickTranslation": [
      0.0107719572,
      0.00106149912,
      0.205343947
    ],
    "placeRotation": [
      [
        -0.132646218,
        0.9911388,
        0.006988795
      ],
      [
        -0.08799037,
        -0.0187986158,
        0.9959439
      ],
      [
        0.98725003,
        0.131493255,
        0.08970424
      ]
    ],
    "placeTranslation": [
      -0.2345646,
      0.0239764974,
      -0.7577236
    ]
  },
  {
    "id": "021 bleach cleanser(Clone)-13792",
    "pickRotation": [
      [
        -0.131557688,
        0.302711,
        0.943959
      ],
      [
        -0.9846215,
        -0.150319323,
        -0.089019984
      ],
      [
        0.114947952,
        -0.9411536,
        0.317831457
      ]
    ],
    "pickTranslation": [
      -0.009259565,
      0.008528054,
      0.200890034
    ],
    "placeRotation": [
      [
        -0.0432791635,
        0.997505248,
        -0.05576942
      ],
      [
        -0.0259657148,
        0.0546797961,
        0.998166263
      ],
      [
        0.998725533,
        0.0446479,
        0.0235344414
      ]
    ],
    "placeTranslation": [
      -0.422077447,
      -0.01168865,
      -0.779996932
    ]
  },
  {
    "id": "021 bleach cleanser(Clone)-13792",
    "pickRotation": [
      [
        -0.127732366,
        0.1127685,
        0.985376954
      ],
      [
        -0.991613746,
        -0.0342177376,
        -0.124624878
      ],
      [
        0.0196636077,
        -0.9930319,
        0.116193511
      ]
    ],
    "pickTranslation": [
      0.00649866974,
      0.00327403727,
      0.219831884
    ],
    "placeRotation": [
      [
        -0.191565171,
        0.979407251,
        -0.06375065
      ],
      [
        -0.0243117027,
        0.0601985268,
        0.9978903
      ],
      [
        0.9811787,
        0.192710921,
        0.0122791184
      ]
    ],
    "placeTranslation": [
      -0.460336179,
      0.008557985,
      -0.7304979
    ]
  },
  {
    "id": "006 mustard bottle(Clone)-13732",
    "pickRotation": [
      [
        -0.377602637,
        -0.327770144,
        -0.8660156
      ],
      [
        0.9213284,
        -0.039488744,
        -0.38677457
      ],
      [
        0.09257529,
        -0.9439319,
        0.316895
      ]
    ],
    "pickTranslation": [
      0.04855443,
      -0.0104093924,
      0.104572795
    ],
    "placeRotation": [
      [
        0.304209471,
        -0.950789869,
        -0.05878122
      ],
      [
        0.01598722,
        -0.05660136,
        0.998268843
      ],
      [
        -0.952471,
        -0.304622561,
        -0.00201818417
      ]
    ],
    "placeTranslation": [
      -0.387692332,
      0.0213904716,
      -0.401955
    ]
  },
  {
    "id": "100 half egg carton(Clone)-14234",
    "pickRotation": [
      [
        0.0678502247,
        -0.9161538,
        0.395042539
      ],
      [
        -0.158378243,
        -0.4008247,
        -0.9023613
      ],
      [
        0.9850445,
        -0.001340728,
        -0.17229487
      ]
    ],
    "pickTranslation": [
      -0.06837331,
      0.0277185962,
      -0.00210477412
    ],
    "placeRotation": [
      [
        -0.9330883,
        0.3284324,
        -0.146554977
      ],
      [
        0.305881351,
        0.93904686,
        0.156931683
      ],
      [
        0.189163446,
        0.101602681,
        -0.976675034
      ]
    ],
    "placeTranslation": [
      0.5979906,
      0.4257016,
      -0.299315572
    ]
  },
  {
    "id": "005 tomato soup can(Clone)-14222",
    "pickRotation": [
      [
        -0.957734764,
        -0.17428641,
        -0.228841275
      ],
      [
        0.231921539,
        0.00276307133,
        -0.9727306
      ],
      [
        0.170166031,
        -0.9846911,
        0.0377744846
      ]
    ],
    "pickTranslation": [
      0.00317460159,
      0.08362383,
      0.0778255
    ],
    "placeRotation": [
      [
        0.9392812,
        -0.338266581,
        -0.05767506
      ],
      [
        0.06133033,
        0.00011807245,
        0.9981175
      ],
      [
        -0.33762297,
        -0.9410503,
        0.0208569039
      ]
    ],
    "placeTranslation": [
      -0.4797323,
      -0.0024794403,
      0.8816637
    ]
  },
  {
    "id": "007 tuna fish can(Clone)-13886",
    "pickRotation": [
      [
        -0.911097467,
        0.0365448371,
        -0.4105678
      ],
      [
        0.407319933,
        -0.07285517,
        -0.910375
      ],
      [
        -0.06318148,
        -0.99667275,
        0.0514927171
      ]
    ],
    "pickTranslation": [
      0.02629195,
      -0.0242658332,
      0.00537884329
    ],
    "placeRotation": [
      [
        0.745620549,
        0.63768,
        0.193427861
      ],
      [
        -0.42827484,
        0.236193761,
        0.8722346
      ],
      [
        0.5105201,
        -0.7331963,
        0.449213177
      ]
    ],
    "placeTranslation": [
      0.454655528,
      0.230531365,
      -0.6806704
    ]
  },
  {
    "id": "010 potted meat can(Clone)-13656",
    "pickRotation": [
      [
        0.081171,
        0.07907906,
        -0.993558168
      ],
      [
        0.995149,
        0.0491633341,
        0.08521397
      ],
      [
        0.0555852726,
        -0.9956553,
        -0.07470482
      ]
    ],
    "pickTranslation": [
      0.02934765,
      -0.0247282721,
      0.05008613
    ],
    "placeRotation": [
      [
        0.0397905037,
        -0.997958362,
        -0.0499584861
      ],
      [
        0.0602527037,
        -0.0475107171,
        0.997051835
      ],
      [
        -0.9973898,
        -0.042683322,
        0.05823921
      ]
    ],
    "placeTranslation": [
      -0.07297085,
      0.0619726367,
      -0.0315737464
    ]
  },
  {
    "id": "002 masterchef can(Clone)-13668",
    "pickRotation": [
      [
        -0.6378993,
        -0.05227617,
        -0.768343449
      ],
      [
        0.747438967,
        0.198322475,
        -0.6340372
      ],
      [
        0.1855248,
        -0.978741765,
        -0.08743652
      ]
    ],
    "pickTranslation": [
      0.005397238,
      -0.00361376861,
      0.102152646
    ],
    "placeRotation": [
      [
        0.8043955,
        0.4688401,
        -0.3648793
      ],
      [
        0.1877255,
        0.3821205,
        0.9048442
      ],
      [
        0.5636551,
        -0.796349764,
        0.21936278
      ]
    ],
    "placeTranslation": [
      0.229452729,
      0.224358127,
      -0.313355178
    ]
  },
  {
    "id": "103 toothpaste(Clone)-13744",
    "pickRotation": [
      [
        -0.132725522,
        0.07754914,
        -0.9881144
      ],
      [
        -0.9911011,
        -0.0001961146,
        0.1331113
      ],
      [
        0.0101288827,
        0.996988535,
        0.07688507
      ]
    ],
    "pickTranslation": [
      0.00154003035,
      0.0285859574,
      -0.009414862
    ],
    "placeRotation": [
      [
        -0.100795045,
        -0.990079463,
        0.09789308
      ],
      [
        0.7065007,
        -0.140506685,
        -0.693624258
      ],
      [
        0.700497746,
        -0.0007523571,
        0.7136542
      ]
    ],
    "placeTranslation": [
      0.306270659,
      0.562005,
      -0.430805653
    ]
  },
  {
    "id": "057 racquetball(Clone)-13720",
    "pickRotation": [
      [
        -0.9942411,
        -0.105907463,
        0.016378982
      ],
      [
        0.105712317,
        -0.99432,
        -0.0123560578
      ],
      [
        0.0175945479,
        -0.01055344,
        0.9997895
      ]
    ],
    "pickTranslation": [
      0.009060184,
      -0.123238593,
      0.0303393938
    ],
    "placeRotation": [
      [
        0.956742764,
        0.17426604,
        -0.2329691
      ],
      [
        -0.213710055,
        0.9643079,
        -0.1563273
      ],
      [
        0.197411418,
        0.19935286,
        0.959837
      ]
    ],
    "placeTranslation": [
      0.861763954,
      1.26059294,
      -0.413557827
    ]
  },
  {
    "id": "018 plum(Clone)-13874",
    "pickRotation": [
      [
        -0.3788527,
        0.7893389,
        -0.483130217
      ],
      [
        -0.7875196,
        -0.549169064,
        -0.279689759
      ],
      [
        -0.486090153,
        0.274513245,
        0.829673946
      ]
    ],
    "pickTranslation": [
      0.0188687909,
      0.0235768221,
      0.0208360627
    ],
    "placeRotation": [
      [
        0.30267027,
        0.9438689,
        0.1322961
      ],
      [
        -0.604576051,
        0.29744038,
        -0.7389296
      ],
      [
        -0.7368029,
        0.143668979,
        0.6606669
      ]
    ],
    "placeTranslation": [
      0.62694484,
      0.658727,
      -0.835558832
    ]
  },
  {
    "id": "015 peach(Clone)-13644",
    "pickRotation": [
      [
        -0.891097,
        -0.298015922,
        0.3422465
      ],
      [
        -0.324262142,
        -0.109487854,
        -0.939609766
      ],
      [
        0.3174905,
        -0.948260963,
        0.000929020462
      ]
    ],
    "pickTranslation": [
      0.0176037159,
      0.0137406308,
      0.0269563477
    ],
    "placeRotation": [
      [
        0.8902702,
        0.433761328,
        0.138816833
      ],
      [
        -0.265005857,
        0.245489329,
        0.93247354
      ],
      [
        0.370392919,
        -0.8669407,
        0.33350113
      ]
    ],
    "placeTranslation": [
      0.5660504,
      0.398248851,
      -0.551077247
    ]
  },
  {
    "id": "017 orange(Clone)-13708",
    "pickRotation": [
      [
        0.152954057,
        0.7931556,
        -0.589499056
      ],
      [
        0.197397262,
        -0.6090179,
        -0.768200159
      ],
      [
        -0.9683178,
        0.00113382842,
        -0.249718517
      ]
    ],
    "pickTranslation": [
      0.00511159329,
      -0.0153471455,
      0.03633925
    ],
    "placeRotation": [
      [
        0.304636538,
        0.220891312,
        0.926500738
      ],
      [
        -0.6982213,
        0.713405848,
        0.05949112
      ],
      [
        -0.64782995,
        -0.6650257,
        0.371560484
      ]
    ],
    "placeTranslation": [
      0.529074669,
      0.6755369,
      0.407557845
    ]
  },
  {
    "id": "014 lemon(Clone)-13780",
    "pickRotation": [
      [
        0.043543227,
        -0.686542153,
        0.7257851
      ],
      [
        -0.219961777,
        -0.7152355,
        -0.663366437
      ],
      [
        0.97453624,
        -0.13075985,
        -0.1821567
      ]
    ],
    "pickTranslation": [
      0.0198293552,
      0.0179178715,
      0.0134176333
    ],
    "placeRotation": [
      [
        0.0196358319,
        0.3163128,
        -0.9484517
      ],
      [
        0.614738643,
        0.7443101,
        0.260957628
      ],
      [
        0.788486362,
        -0.588174045,
        -0.17983456
      ]
    ],
    "placeTranslation": [
      0.7668414,
      0.375928074,
      -0.266215116
    ]
  },
  {
    "id": "016 pear(Clone)-13696",
    "pickRotation": [
      [
        -0.196094692,
        -0.8199808,
        -0.5377531
      ],
      [
        0.311913431,
        0.467757374,
        -0.826990366
      ],
      [
        0.9296542,
        -0.329900831,
        0.164038286
      ]
    ],
    "pickTranslation": [
      0.0293297712,
      0.00438864576,
      0.0281768646
    ],
    "placeRotation": [
      [
        0.227604046,
        0.07253423,
        -0.9710485
      ],
      [
        0.9225861,
        -0.335068882,
        0.191216365
      ],
      [
        -0.311498433,
        -0.9393975,
        -0.1431821
      ]
    ],
    "placeTranslation": [
      0.48603034,
      0.427383721,
      0.302931815
    ]
  },
  {
    "id": "011 banana(Clone)-13816",
    "pickRotation": [
      [
        -0.973608136,
        -0.03272336,
        0.225868315
      ],
      [
        -0.228140041,
        0.112313166,
        -0.9671287
      ],
      [
        0.00627973,
        -0.9931339,
        -0.116814516
      ]
    ],
    "pickTranslation": [
      -0.00350421225,
      0.0022386536,
      0.022473719
    ],
    "placeRotation": [
      [
        0.9669325,
        -0.242054328,
        0.08031996
      ],
      [
        -0.0599939153,
        0.09021572,
        0.9941136
      ],
      [
        -0.2478756,
        -0.966059446,
        0.07271072
      ]
    ],
    "placeTranslation": [
      0.316396862,
      0.5505777,
      -0.160704523
    ]
  },
  {
    "id": "102 toothbrush(Clone)-13632",
    "pickRotation": [
      [
        -0.08522673,
        0.169635758,
        -0.981814742
      ],
      [
        -0.1159117,
        -0.9803972,
        -0.159329087
      ],
      [
        -0.989596367,
        0.100224711,
        0.103218816
      ]
    ],
    "pickTranslation": [
      -0.0106520094,
      0.0156008955,
      0.0307401083
    ],
    "placeRotation": [
      [
        -0.457083285,
        0.1814145,
        0.8707259
      ],
      [
        0.06494498,
        0.983171761,
        -0.170749873
      ],
      [
        -0.8870496,
        -0.0214976333,
        -0.461173326
      ]
    ],
    "placeTranslation": [
      0.18204397,
      0.754757464,
      -0.427386254
    ]
  }
]