[
  {
    "timeStamp": 24835,
    "rotation": [
      [
        0.9653025,
        -0.222373784,
        -0.136897624
      ],
      [
        0.146366432,
        0.0265926849,
        0.988872945
      ],
      [
        -0.216258943,
        -0.974598765,
        0.05821804
      ]
    ],
    "translation": [
      1.45281637,
      0.7065171,
      -0.6191076
    ]
  },
  {
    "timeStamp": 24890,
    "rotation": [
      [
        0.956653,
        -0.289665073,
        -0.0301530082
      ],
      [
        0.03905229,
        0.0249906071,
        0.9989246
      ],
      [
        -0.288600028,
        -0.9568018,
        0.0352194235
      ]
    ],
    "translation": [
      1.44496822,
      0.7164854,
      -0.6077895
    ]
  },
  {
    "timeStamp": 24935,
    "rotation": [
      [
        0.9510523,
        -0.306813866,
        0.0369419269
      ],
      [
        -0.027267741,
        0.0357594825,
        0.99898833
      ],
      [
        -0.307824522,
        -0.9510975,
        0.0256430171
      ]
    ],
    "translation": [
      1.44368494,
      0.7421231,
      -0.6057322
    ]
  },
  {
    "timeStamp": 24990,
    "rotation": [
      [
        0.948406041,
        -0.301490068,
        0.09813116
      ],
      [
        -0.09770275,
        0.0165388323,
        0.9950782
      ],
      [
        -0.301629156,
        -0.953325868,
        -0.0137708783
      ]
    ],
    "translation": [
      1.44944692,
      0.7838658,
      -0.6124254
    ]
  },
  {
    "timeStamp": 25034,
    "rotation": [
      [
        0.9406507,
        -0.3119937,
        0.133552566
      ],
      [
        -0.144172788,
        -0.0111132869,
        0.989490151
      ],
      [
        -0.307230473,
        -0.9500192,
        -0.055434715
      ]
    ],
    "translation": [
      1.461134,
      0.8193431,
      -0.6181989
    ]
  },
  {
    "timeStamp": 25090,
    "rotation": [
      [
        0.9315747,
        -0.3435249,
        0.118992336
      ],
      [
        -0.1538732,
        -0.07602869,
        0.985161245
      ],
      [
        -0.3293806,
        -0.936061,
        -0.123685688
      ]
    ],
    "translation": [
      1.49061382,
      0.85648495,
      -0.623523235
    ]
  },
  {
    "timeStamp": 25135,
    "rotation": [
      [
        0.9190569,
        -0.374105334,
        0.124014638
      ],
      [
        -0.17393896,
        -0.102647178,
        0.979392052
      ],
      [
        -0.353666037,
        -0.921688,
        -0.159410089
      ]
    ],
    "translation": [
      1.51852012,
      0.888035238,
      -0.6326103
    ]
  },
  {
    "timeStamp": 25190,
    "rotation": [
      [
        0.8829448,
        -0.456415772,
        0.109968647
      ],
      [
        -0.180440649,
        -0.113668822,
        0.9769957
      ],
      [
        -0.433416247,
        -0.8824761,
        -0.18271926
      ]
    ],
    "translation": [
      1.5705092,
      0.9208916,
      -0.6402702
    ]
  },
  {
    "timeStamp": 25235,
    "rotation": [
      [
        0.848838151,
        -0.5136823,
        0.12491703
      ],
      [
        -0.193072885,
        -0.08126045,
        0.977813661
      ],
      [
        -0.49213472,
        -0.854123652,
        -0.1681551
      ]
    ],
    "translation": [
      1.6158874,
      0.9437348,
      -0.652066648
    ]
  },
  {
    "timeStamp": 25290,
    "rotation": [
      [
        0.7896073,
        -0.6066779,
        0.09199047
      ],
      [
        -0.182297483,
        -0.088785015,
        0.979226649
      ],
      [
        -0.585907757,
        -0.789974153,
        -0.180701151
      ]
    ],
    "translation": [
      1.68431425,
      0.964273,
      -0.664333045
    ]
  },
  {
    "timeStamp": 25334,
    "rotation": [
      [
        0.7308367,
        -0.677536547,
        0.0825955942
      ],
      [
        -0.182232067,
        -0.07707211,
        0.9802303
      ],
      [
        -0.657776,
        -0.731439769,
        -0.179796
      ]
    ],
    "translation": [
      1.74326873,
      0.979679942,
      -0.675168753
    ]
  },
  {
    "timeStamp": 25390,
    "rotation": [
      [
        0.6259408,
        -0.7773868,
        0.0621924773
      ],
      [
        -0.191763222,
        -0.07612434,
        0.9784845
      ],
      [
        -0.755926549,
        -0.624399662,
        -0.196723521
      ]
    ],
    "translation": [
      1.8241303,
      0.9998019,
      -0.685184
    ]
  },
  {
    "timeStamp": 25435,
    "rotation": [
      [
        0.538412035,
        -0.8420812,
        0.03180815
      ],
      [
        -0.198750913,
        -0.09021537,
        0.975888968
      ],
      [
        -0.818908155,
        -0.5317523,
        -0.215937451
      ]
    ],
    "translation": [
      1.89316678,
      1.01615667,
      -0.6936891
    ]
  },
  {
    "timeStamp": 25490,
    "rotation": [
      [
        0.4306795,
        -0.902267,
        -0.0207218733
      ],
      [
        -0.213933945,
        -0.124369353,
        0.9688986
      ],
      [
        -0.8767824,
        -0.412851661,
        -0.246588886
      ]
    ],
    "translation": [
      1.97628856,
      1.03388357,
      -0.7049153
    ]
  },
  {
    "timeStamp": 25534,
    "rotation": [
      [
        0.334749967,
        -0.940641165,
        -0.0560057163
      ],
      [
        -0.226559624,
        -0.138033167,
        0.96416676
      ],
      [
        -0.9146656,
        -0.310066134,
        -0.2593179
      ]
    ],
    "translation": [
      2.039844,
      1.04465735,
      -0.7155398
    ]
  },
  {
    "timeStamp": 25590,
    "rotation": [
      [
        0.231203452,
        -0.9693423,
        -0.0831889659
      ],
      [
        -0.245383188,
        -0.140841216,
        0.959140658
      ],
      [
        -0.9414521,
        -0.201343447,
        -0.2704233
      ]
    ],
    "translation": [
      2.10591149,
      1.0522095,
      -0.7285785
    ]
  },
  {
    "timeStamp": 25635,
    "rotation": [
      [
        0.175721332,
        -0.9811367,
        -0.08057752
      ],
      [
        -0.2598574,
        -0.125176653,
        0.9574993
      ],
      [
        -0.949524164,
        -0.1473144,
        -0.276951849
      ]
    ],
    "translation": [
      2.14178443,
      1.05053043,
      -0.7368457
    ]
  },
  {
    "timeStamp": 25690,
    "rotation": [
      [
        0.150558069,
        -0.9858446,
        -0.0737743
      ],
      [
        -0.231036186,
        -0.10764581,
        0.966971934
      ],
      [
        -0.961225569,
        -0.128540918,
        -0.243972719
      ]
    ],
    "translation": [
      2.16658878,
      1.031928,
      -0.7417046
    ]
  },
  {
    "timeStamp": 25734,
    "rotation": [
      [
        0.1466828,
        -0.986736059,
        -0.06954174
      ],
      [
        -0.1958747,
        -0.09788383,
        0.975731432
      ],
      [
        -0.969596446,
        -0.129501551,
        -0.207634524
      ]
    ],
    "translation": [
      2.17640185,
      1.00959,
      -0.741398335
    ]
  },
  {
    "timeStamp": 25790,
    "rotation": [
      [
        0.155191138,
        -0.9878338,
        -0.0100042429
      ],
      [
        -0.188087255,
        -0.0394876376,
        0.9813582
      ],
      [
        -0.9698138,
        -0.150416419,
        -0.191927075
      ]
    ],
    "translation": [
      2.17482924,
      0.9858092,
      -0.7369923
    ]
  },
  {
    "timeStamp": 25834,
    "rotation": [
      [
        0.166024223,
        -0.985696256,
        0.0289628543
      ],
      [
        -0.176155984,
        -0.000746910053,
        0.984362
      ],
      [
        -0.9702603,
        -0.168529913,
        -0.1737603
      ]
    ],
    "translation": [
      2.16922116,
      0.9667308,
      -0.7318478
    ]
  },
  {
    "timeStamp": 25886,
    "rotation": [
      [
        0.184068,
        -0.981362939,
        0.0551871955
      ],
      [
        -0.1476613,
        0.0279007778,
        0.988644361
      ],
      [
        -0.9717587,
        -0.190126792,
        -0.1397737
      ]
    ],
    "translation": [
      2.15991783,
      0.9438022,
      -0.727166951
    ]
  },
  {
    "timeStamp": 25940,
    "rotation": [
      [
        0.20885919,
        -0.975183666,
        0.0734482259
      ],
      [
        -0.0731297359,
        0.0593201667,
        0.9955567
      ],
      [
        -0.9752076,
        -0.213302419,
        -0.0589253642
      ]
    ],
    "translation": [
      2.14823461,
      0.9038628,
      -0.71981287
    ]
  },
  {
    "timeStamp": 25985,
    "rotation": [
      [
        0.234894916,
        -0.9700452,
        0.0619407
      ],
      [
        -0.02364534,
        0.0580023453,
        0.9980364
      ],
      [
        -0.971733153,
        -0.235898286,
        -0.009312593
      ]
    ],
    "translation": [
      2.14181852,
      0.877739549,
      -0.7150399
    ]
  },
  {
    "timeStamp": 26040,
    "rotation": [
      [
        0.2707903,
        -0.96246624,
        0.0182026867
      ],
      [
        0.020425722,
        0.0246496368,
        0.99948746
      ],
      [
        -0.962421656,
        -0.2702797,
        0.02633395
      ]
    ],
    "translation": [
      2.14047885,
      0.854680061,
      -0.7082051
    ]
  },
  {
    "timeStamp": 26085,
    "rotation": [
      [
        0.260224432,
        -0.9648846,
        0.03579077
      ],
      [
        0.007778114,
        0.0391614549,
        0.9992026
      ],
      [
        -0.9655168,
        -0.259738535,
        0.017695751
      ]
    ],
    "translation": [
      2.14258313,
      0.8508165,
      -0.699474335
    ]
  },
  {
    "timeStamp": 26140,
    "rotation": [
      [
        0.2524612,
        -0.9673971,
        0.0201567542
      ],
      [
        0.009464136,
        0.0232993327,
        0.999683738
      ],
      [
        -0.967560768,
        -0.25219056,
        0.0150377546
      ]
    ],
    "translation": [
      2.15520453,
      0.8491448,
      -0.691432834
    ]
  },
  {
    "timeStamp": 26184,
    "rotation": [
      [
        0.244757518,
        -0.968713,
        0.04109669
      ],
      [
        -0.0135360714,
        0.03896784,
        0.9991488
      ],
      [
        -0.9694898,
        -0.24510546,
        -0.00357489614
      ]
    ],
    "translation": [
      2.162704,
      0.851909161,
      -0.6849705
    ]
  },
  {
    "timeStamp": 26240,
    "rotation": [
      [
        0.235339537,
        -0.971750855,
        0.0177664869
      ],
      [
        -0.00675709,
        0.0166435782,
        0.99983865
      ],
      [
        -0.971889734,
        -0.235421613,
        -0.00264931563
      ]
    ],
    "translation": [
      2.17605019,
      0.851104736,
      -0.681668
    ]
  },
  {
    "timeStamp": 26285,
    "rotation": [
      [
        0.231529,
        -0.9728271,
        0.0013434093
      ],
      [
        0.0,
        0.00138093194,
        0.999999046
      ],
      [
        -0.972828031,
        -0.231528774,
        0.000319725776
      ]
    ],
    "translation": [
      2.18527031,
      0.8517618,
      -0.682072461
    ]
  },
  {
    "timeStamp": 26342,
    "rotation": [
      [
        0.208967388,
        -0.9778396,
        0.0127436472
      ],
      [
        -0.0105219753,
        0.0107823927,
        0.9998865
      ],
      [
        -0.977866,
        -0.209077746,
        -0.008035636
      ]
    ],
    "translation": [
      2.19506168,
      0.8579955,
      -0.684595048
    ]
  },
  {
    "timeStamp": 26387,
    "rotation": [
      [
        0.193473026,
        -0.980718255,
        -0.0275685843
      ],
      [
        -0.0107044987,
        -0.0302079171,
        0.9994863
      ],
      [
        -0.9810472,
        -0.193078548,
        -0.0163425133
      ]
    ],
    "translation": [
      2.208162,
      0.864704132,
      -0.6895553
    ]
  },
  {
    "timeStamp": 26433,
    "rotation": [
      [
        0.165582672,
        -0.985609233,
        -0.03401089
      ],
      [
        -0.02233209,
        -0.0382254459,
        0.999019563
      ],
      [
        -0.985943,
        -0.164660782,
        -0.0283401869
      ]
    ],
    "translation": [
      2.21874213,
      0.873601258,
      -0.6953811
    ]
  },
  {
    "timeStamp": 26489,
    "rotation": [
      [
        0.143477008,
        -0.9892168,
        -0.0294025429
      ],
      [
        -0.0309557319,
        -0.0341812819,
        0.9989361
      ],
      [
        -0.9891694,
        -0.142414168,
        -0.0355261564
      ]
    ],
    "translation": [
      2.22446442,
      0.8798013,
      -0.7044674
    ]
  },
  {
    "timeStamp": 26534,
    "rotation": [
      [
        0.1527238,
        -0.987891555,
        -0.0273084529
      ],
      [
        -0.0244796313,
        -0.03140569,
        0.9992069
      ],
      [
        -0.9879657,
        -0.151934177,
        -0.0289796181
      ]
    ],
    "translation": [
      2.2209444,
      0.8781724,
      -0.710759461
    ]
  },
  {
    "timeStamp": 26589,
    "rotation": [
      [
        0.179503039,
        -0.982922137,
        -0.04053078
      ],
      [
        0.0142445909,
        -0.0385986976,
        0.999153256
      ],
      [
        -0.9836543,
        -0.179928392,
        0.0070727407
      ]
    ],
    "translation": [
      2.21230173,
      0.8658297,
      -0.7181879
    ]
  },
  {
    "timeStamp": 26634,
    "rotation": [
      [
        0.211376384,
        -0.9751723,
        -0.0660230741
      ],
      [
        0.0554674827,
        -0.05547235,
        0.9969183
      ],
      [
        -0.9758296,
        -0.214387149,
        0.0423648022
      ]
    ],
    "translation": [
      2.2036376,
      0.852416456,
      -0.722248
    ]
  },
  {
    "timeStamp": 26689,
    "rotation": [
      [
        0.242694587,
        -0.966477334,
        -0.08379084
      ],
      [
        0.08073858,
        -0.06595028,
        0.994551063
      ],
      [
        -0.9667371,
        -0.24813734,
        0.0620262325
      ]
    ],
    "translation": [
      2.19353271,
      0.8406175,
      -0.720316947
    ]
  },
  {
    "timeStamp": 26734,
    "rotation": [
      [
        0.257471025,
        -0.9618438,
        -0.09254786
      ],
      [
        0.09439046,
        -0.07028372,
        0.9930512
      ],
      [
        -0.961664736,
        -0.264417529,
        0.07269286
      ]
    ],
    "translation": [
      2.189346,
      0.8329326,
      -0.714724541
    ]
  },
  {
    "timeStamp": 26789,
    "rotation": [
      [
        0.268159747,
        -0.9577089,
        -0.104326963
      ],
      [
        0.1134941,
        -0.07613332,
        0.9906174
      ],
      [
        -0.9566658,
        -0.277484179,
        0.08827841
      ]
    ],
    "translation": [
      2.18802476,
      0.822072268,
      -0.7032248
    ]
  },
  {
    "timeStamp": 26834,
    "rotation": [
      [
        0.2652119,
        -0.9568825,
        -0.118484408
      ],
      [
        0.138025984,
        -0.0839413255,
        0.9868651
      ],
      [
        -0.954259634,
        -0.278082281,
        0.109812409
      ]
    ],
    "translation": [
      2.19164968,
      0.8106577,
      -0.6925978
    ]
  },
  {
    "timeStamp": 26889,
    "rotation": [
      [
        0.27401197,
        -0.954065859,
        -0.121143557
      ],
      [
        0.1564001,
        -0.08008179,
        0.984441936
      ],
      [
        -0.9489238,
        -0.288695723,
        0.127272636
      ]
    ],
    "translation": [
      2.19734144,
      0.7978998,
      -0.6786584
    ]
  },
  {
    "timeStamp": 26934,
    "rotation": [
      [
        0.271892846,
        -0.956124842,
        -0.109085076
      ],
      [
        0.166840777,
        -0.06480404,
        0.9838519
      ],
      [
        -0.947754443,
        -0.285702139,
        0.141900852
      ]
    ],
    "translation": [
      2.200204,
      0.7866316,
      -0.668382764
    ]
  },
  {
    "timeStamp": 26989,
    "rotation": [
      [
        0.288077384,
        -0.9491584,
        -0.126924381
      ],
      [
        0.196499243,
        -0.07113138,
        0.9779204
      ],
      [
        -0.937229633,
        -0.3066573,
        0.166017562
      ]
    ],
    "translation": [
      2.20556188,
      0.771514952,
      -0.660204053
    ]
  },
  {
    "timeStamp": 27034,
    "rotation": [
      [
        0.2880476,
        -0.9508476,
        -0.113654137
      ],
      [
        0.208432,
        -0.05358652,
        0.976567745
      ],
      [
        -0.934657454,
        -0.3049872,
        0.182751611
      ]
    ],
    "translation": [
      2.20628262,
      0.7609459,
      -0.655805945
    ]
  },
  {
    "timeStamp": 27089,
    "rotation": [
      [
        0.281696558,
        -0.947713256,
        -0.149955422
      ],
      [
        0.23400192,
        -0.08371006,
        0.968625665
      ],
      [
        -0.930532157,
        -0.3079484,
        0.198185876
      ]
    ],
    "translation": [
      2.21270585,
      0.751350343,
      -0.652657151
    ]
  },
  {
    "timeStamp": 27134,
    "rotation": [
      [
        0.277228951,
        -0.948946953,
        -0.150478512
      ],
      [
        0.25162226,
        -0.07944436,
        0.9645594
      ],
      [
        -0.9272704,
        -0.305267572,
        0.216751888
      ]
    ],
    "translation": [
      2.21613979,
      0.7459663,
      -0.6525888
    ]
  },
  {
    "timeStamp": 27190,
    "rotation": [
      [
        0.250763953,
        -0.9556409,
        -0.154492125
      ],
      [
        0.2580635,
        -0.08782395,
        0.9621279
      ],
      [
        -0.9330169,
        -0.2811358,
        0.224592954
      ]
    ],
    "translation": [
      2.22279334,
      0.741357744,
      -0.6513821
    ]
  },
  {
    "timeStamp": 27234,
    "rotation": [
      [
        0.229605854,
        -0.9589299,
        -0.166537181
      ],
      [
        0.2784954,
        -0.09922365,
        0.955298364
      ],
      [
        -0.9325886,
        -0.265721947,
        0.244275212
      ]
    ],
    "translation": [
      2.23362732,
      0.73533237,
      -0.6540457
    ]
  },
  {
    "timeStamp": 27290,
    "rotation": [
      [
        0.225634962,
        -0.9645923,
        -0.13656728
      ],
      [
        0.269219846,
        -0.07298567,
        0.9603092
      ],
      [
        -0.9362743,
        -0.253445953,
        0.243219241
      ]
    ],
    "translation": [
      2.23578668,
      0.7321969,
      -0.654362261
    ]
  },
  {
    "timeStamp": 27334,
    "rotation": [
      [
        0.233783484,
        -0.957118332,
        -0.171083942
      ],
      [
        0.282872826,
        -0.101393908,
        0.9537831
      ],
      [
        -0.9302302,
        -0.271373749,
        0.247038558
      ]
    ],
    "translation": [
      2.23892832,
      0.7286496,
      -0.6557956
    ]
  },
  {
    "timeStamp": 27390,
    "rotation": [
      [
        0.253093064,
        -0.9535292,
        -0.163481057
      ],
      [
        0.276225865,
        -0.09072404,
        0.9568011
      ],
      [
        -0.927169442,
        -0.287317455,
        0.240427777
      ]
    ],
    "translation": [
      2.23952532,
      0.728746533,
      -0.6561324
    ]
  },
  {
    "timeStamp": 27434,
    "rotation": [
      [
        0.272057116,
        -0.95013,
        -0.152439982
      ],
      [
        0.269034177,
        -0.07699686,
        0.96004796
      ],
      [
        -0.923907757,
        -0.302199453,
        0.2346699
      ]
    ],
    "translation": [
      2.24116,
      0.7287821,
      -0.6566597
    ]
  },
  {
    "timeStamp": 27490,
    "rotation": [
      [
        0.2760475,
        -0.9529855,
        -0.124965437
      ],
      [
        0.250182062,
        -0.054291375,
        0.96667546
      ],
      [
        -0.928012252,
        -0.298112422,
        0.223432884
      ]
    ],
    "translation": [
      2.24115562,
      0.7291075,
      -0.656345844
    ]
  },
  {
    "timeStamp": 27534,
    "rotation": [
      [
        0.2883612,
        -0.9525505,
        -0.09744432
      ],
      [
        0.226174265,
        -0.0311278738,
        0.973589361
      ],
      [
        -0.93042624,
        -0.3027848,
        0.206466332
      ]
    ],
    "translation": [
      2.24091816,
      0.729183435,
      -0.6563462
    ]
  },
  {
    "timeStamp": 27590,
    "rotation": [
      [
        0.2796938,
        -0.958604455,
        -0.05337525
      ],
      [
        0.214287743,
        0.008138274,
        0.976736665
      ],
      [
        -0.935869753,
        -0.284624875,
        0.207693413
      ]
    ],
    "translation": [
      2.24049258,
      0.7297058,
      -0.6552964
    ]
  },
  {
    "timeStamp": 27634,
    "rotation": [
      [
        0.265258938,
        -0.9635393,
        -0.0350683
      ],
      [
        0.184879348,
        0.0151329786,
        0.9826447
      ],
      [
        -0.9462861,
        -0.2671387,
        0.182152674
      ]
    ],
    "translation": [
      2.24002481,
      0.7291814,
      -0.6547123
    ]
  }
]