[
  {
    "timeStamp": 35052,
    "rotation": [
      [
        -0.9058388,
        0.403071,
        -0.1303451
      ],
      [
        0.423551619,
        0.85611856,
        -0.296082765
      ],
      [
        -0.007751503,
        -0.323411137,
        -0.9462268
      ]
    ],
    "translation": [
      1.155935,
      0.734071,
      -0.756891251
    ]
  },
  {
    "timeStamp": 35097,
    "rotation": [
      [
        -0.9043469,
        0.4066484,
        -0.129590571
      ],
      [
        0.426737159,
        0.85639596,
        -0.290656775
      ],
      [
        -0.007214273,
        -0.318155676,
        -0.948011041
      ]
    ],
    "translation": [
      1.1580168,
      0.7381292,
      -0.756316364
    ]
  },
  {
    "timeStamp": 35152,
    "rotation": [
      [
        -0.858329535,
        0.4467695,
        -0.252323866
      ],
      [
        0.5128781,
        0.7614707,
        -0.3963817
      ],
      [
        0.0150459511,
        -0.4696375,
        -0.88273114
      ]
    ],
    "translation": [
      1.16940713,
      0.780198038,
      -0.7381103
    ]
  },
  {
    "timeStamp": 35197,
    "rotation": [
      [
        -0.7973178,
        0.5008884,
        -0.336741745
      ],
      [
        0.6004319,
        0.714983344,
        -0.358162373
      ],
      [
        0.0613653474,
        -0.487759739,
        -0.8708184
      ]
    ],
    "translation": [
      1.1868223,
      0.8188373,
      -0.736920655
    ]
  },
  {
    "timeStamp": 35252,
    "rotation": [
      [
        -0.730752,
        0.5415665,
        -0.415580571
      ],
      [
        0.6764914,
        0.6560534,
        -0.33459422
      ],
      [
        0.09143805,
        -0.5256421,
        -0.845777452
      ]
    ],
    "translation": [
      1.22415376,
      0.8672532,
      -0.7382629
    ]
  },
  {
    "timeStamp": 35296,
    "rotation": [
      [
        -0.6706111,
        0.555463254,
        -0.49167192
      ],
      [
        0.727765143,
        0.6210042,
        -0.29105258
      ],
      [
        0.14366132,
        -0.5530048,
        -0.820699155
      ]
    ],
    "translation": [
      1.26397586,
      0.9021881,
      -0.7401637
    ]
  },
  {
    "timeStamp": 35352,
    "rotation": [
      [
        -0.6126931,
        0.5508275,
        -0.5667418
      ],
      [
        0.765432656,
        0.592123449,
        -0.2519973
      ],
      [
        0.1967741,
        -0.5881997,
        -0.7844113
      ]
    ],
    "translation": [
      1.32001817,
      0.9378141,
      -0.746576667
    ]
  },
  {
    "timeStamp": 35397,
    "rotation": [
      [
        -0.591264665,
        0.5236264,
        -0.6133689
      ],
      [
        0.7726715,
        0.5856961,
        -0.244823992
      ],
      [
        0.23105149,
        -0.6186885,
        -0.750892639
      ]
    ],
    "translation": [
      1.36784673,
      0.9554211,
      -0.7534623
    ]
  },
  {
    "timeStamp": 35444,
    "rotation": [
      [
        -0.5695295,
        0.484190166,
        -0.6642259
      ],
      [
        0.769728,
        0.5976601,
        -0.22432375
      ],
      [
        0.28836596,
        -0.639032245,
        -0.7130798
      ]
    ],
    "translation": [
      1.41711438,
      0.965354264,
      -0.7608113
    ]
  },
  {
    "timeStamp": 35495,
    "rotation": [
      [
        -0.5202584,
        0.441282123,
        -0.7311643
      ],
      [
        0.773608148,
        0.6061755,
        -0.1846121
      ],
      [
        0.361747861,
        -0.6616807,
        -0.6567474
      ]
    ],
    "translation": [
      1.48145509,
      0.9758435,
      -0.7689057
    ]
  },
  {
    "timeStamp": 35550,
    "rotation": [
      [
        -0.4302342,
        0.3944233,
        -0.8119907
      ],
      [
        0.791627765,
        0.597148359,
        -0.129380912
      ],
      [
        0.433848023,
        -0.6984585,
        -0.569150031
      ]
    ],
    "translation": [
      1.54883552,
      0.9877621,
      -0.7746937
    ]
  },
  {
    "timeStamp": 35594,
    "rotation": [
      [
        -0.384568959,
        0.357547283,
        -0.8510386
      ],
      [
        0.805940449,
        0.5795619,
        -0.1206983
      ],
      [
        0.450074166,
        -0.7323032,
        -0.5110433
      ]
    ],
    "translation": [
      1.59978139,
      0.9977731,
      -0.7808002
    ]
  },
  {
    "timeStamp": 35650,
    "rotation": [
      [
        -0.319386423,
        0.271554142,
        -0.9078825
      ],
      [
        0.8148919,
        0.56770885,
        -0.116867222
      ],
      [
        0.483677149,
        -0.7771519,
        -0.402605742
      ]
    ],
    "translation": [
      1.66631448,
      1.00645781,
      -0.7843981
    ]
  },
  {
    "timeStamp": 35694,
    "rotation": [
      [
        -0.241988257,
        0.208988339,
        -0.9475049
      ],
      [
        0.8276473,
        0.554121852,
        -0.08915618
      ],
      [
        0.5064006,
        -0.8057747,
        -0.307059616
      ]
    ],
    "translation": [
      1.720001,
      1.01393878,
      -0.7875703
    ]
  },
  {
    "timeStamp": 35750,
    "rotation": [
      [
        -0.166668966,
        0.125027746,
        -0.9780539
      ],
      [
        0.842074633,
        0.5340897,
        -0.07522252
      ],
      [
        0.512963653,
        -0.8361317,
        -0.194298878
      ]
    ],
    "translation": [
      1.782487,
      1.02334416,
      -0.79245615
    ]
  },
  {
    "timeStamp": 35795,
    "rotation": [
      [
        -0.0956358761,
        0.0614586771,
        -0.9935172
      ],
      [
        0.8523687,
        0.52056,
        -0.0498472452
      ],
      [
        0.51412183,
        -0.851610243,
        -0.10216967
      ]
    ],
    "translation": [
      1.82897472,
      1.02888322,
      -0.7981535
    ]
  },
  {
    "timeStamp": 35850,
    "rotation": [
      [
        -0.00663469825,
        0.009167221,
        -0.999936
      ],
      [
        0.8588688,
        0.512194753,
        -0.00100299716
      ],
      [
        0.512152731,
        -0.858820438,
        -0.0112716975
      ]
    ],
    "translation": [
      1.88007486,
      1.03246319,
      -0.805359244
    ]
  },
  {
    "timeStamp": 35895,
    "rotation": [
      [
        0.0515416563,
        -0.0197719224,
        -0.9984751
      ],
      [
        0.8608001,
        0.5077808,
        0.0343796834
      ],
      [
        0.506326735,
        -0.8612594,
        0.0431915335
      ]
    ],
    "translation": [
      1.91553652,
      1.03390324,
      -0.8112685
    ]
  },
  {
    "timeStamp": 35952,
    "rotation": [
      [
        0.130988985,
        -0.04909839,
        -0.99016726
      ],
      [
        0.8581254,
        0.5057656,
        0.08844232
      ],
      [
        0.4964502,
        -0.861272633,
        0.108382292
      ]
    ],
    "translation": [
      1.95977056,
      1.03453314,
      -0.8169793
    ]
  },
  {
    "timeStamp": 35996,
    "rotation": [
      [
        0.215996385,
        -0.03662987,
        -0.9757069
      ],
      [
        0.844834864,
        0.507981837,
        0.1679541
      ],
      [
        0.4894892,
        -0.8605886,
        0.140668437
      ]
    ],
    "translation": [
      1.99132717,
      1.03402412,
      -0.8189961
    ]
  },
  {
    "timeStamp": 36052,
    "rotation": [
      [
        0.2882999,
        -0.0452677123,
        -0.956469536
      ],
      [
        0.8302975,
        0.509369135,
        0.226161644
      ],
      [
        0.476958245,
        -0.8593567,
        0.184436738
      ]
    ],
    "translation": [
      2.03118658,
      1.03277874,
      -0.8188089
    ]
  },
  {
    "timeStamp": 36097,
    "rotation": [
      [
        0.381665379,
        -0.0118228663,
        -0.924225
      ],
      [
        0.7969332,
        0.510733545,
        0.3225659
      ],
      [
        0.468219,
        -0.859657764,
        0.204351336
      ]
    ],
    "translation": [
      2.06104946,
      1.02909768,
      -0.816595435
    ]
  },
  {
    "timeStamp": 36151,
    "rotation": [
      [
        0.482025117,
        0.0128210187,
        -0.8760636
      ],
      [
        0.7465754,
        0.5173095,
        0.418349236
      ],
      [
        0.458559662,
        -0.855702341,
        0.23978433
      ]
    ],
    "translation": [
      2.09234166,
      1.02528441,
      -0.813685954
    ]
  },
  {
    "timeStamp": 36202,
    "rotation": [
      [
        0.616821349,
        0.200057343,
        -0.761254549
      ],
      [
        0.598439157,
        0.509035,
        0.6186712
      ],
      [
        0.5112749,
        -0.837174058,
        0.194261521
      ]
    ],
    "translation": [
      2.11888123,
      1.01039422,
      -0.8010014
    ]
  },
  {
    "timeStamp": 36247,
    "rotation": [
      [
        0.618073046,
        0.178121522,
        -0.7656752
      ],
      [
        0.584312558,
        0.5474816,
        0.599034846
      ],
      [
        0.525894046,
        -0.8176409,
        0.234304979
      ]
    ],
    "translation": [
      2.13974452,
      1.00247,
      -0.7906177
    ]
  },
  {
    "timeStamp": 36302,
    "rotation": [
      [
        0.7027605,
        0.299635947,
        -0.6452488
      ],
      [
        0.4903108,
        0.453184247,
        0.7444591
      ],
      [
        0.5154833,
        -0.839548945,
        0.171565235
      ]
    ],
    "translation": [
      2.15542054,
      1.00286853,
      -0.772826731
    ]
  },
  {
    "timeStamp": 36346,
    "rotation": [
      [
        0.782317162,
        0.3876379,
        -0.487561971
      ],
      [
        0.346113,
        0.380254835,
        0.8576783
      ],
      [
        0.517866433,
        -0.839728,
        0.163313374
      ]
    ],
    "translation": [
      2.160184,
      1.00851214,
      -0.75976187
    ]
  },
  {
    "timeStamp": 36402,
    "rotation": [
      [
        0.7970254,
        0.393895924,
        -0.457817137
      ],
      [
        0.3296654,
        0.351403475,
        0.8762627
      ],
      [
        0.506034851,
        -0.849330068,
        0.150223643
      ]
    ],
    "translation": [
      2.17130041,
      1.01445866,
      -0.744251132
    ]
  },
  {
    "timeStamp": 36446,
    "rotation": [
      [
        0.8038223,
        0.434028059,
        -0.406803846
      ],
      [
        0.2992072,
        0.296064347,
        0.9070948
      ],
      [
        0.5141447,
        -0.850861669,
        0.108118795
      ]
    ],
    "translation": [
      2.16571975,
      1.02324128,
      -0.7360968
    ]
  },
  {
    "timeStamp": 36502,
    "rotation": [
      [
        0.8097686,
        0.422627926,
        -0.407014042
      ],
      [
        0.289772123,
        0.3151284,
        0.9037291
      ],
      [
        0.5102028,
        -0.8497527,
        0.1327153
      ]
    ],
    "translation": [
      2.1634624,
      1.0210588,
      -0.7284132
    ]
  },
  {
    "timeStamp": 36546,
    "rotation": [
      [
        0.7802268,
        0.386137247,
        -0.4920815
      ],
      [
        0.3515077,
        0.380056977,
        0.8555694
      ],
      [
        0.5173862,
        -0.84050864,
        0.160800427
      ]
    ],
    "translation": [
      2.16232514,
      1.01540363,
      -0.724353254
    ]
  },
  {
    "timeStamp": 36602,
    "rotation": [
      [
        0.726695836,
        0.321448982,
        -0.6071109
      ],
      [
        0.436982274,
        0.465606362,
        0.76958245
      ],
      [
        0.530056238,
        -0.8245491,
        0.19788669
      ]
    ],
    "translation": [
      2.16689563,
      1.003547,
      -0.7224588
    ]
  },
  {
    "timeStamp": 36648,
    "rotation": [
      [
        0.621814668,
        0.196937174,
        -0.7579989
      ],
      [
        0.556448936,
        0.5699734,
        0.6045617
      ],
      [
        0.5510999,
        -0.797713,
        0.244832337
      ]
    ],
    "translation": [
      2.17393541,
      0.9952296,
      -0.7222022
    ]
  },
  {
    "timeStamp": 36694,
    "rotation": [
      [
        0.390196145,
        0.0127272932,
        -0.920643747
      ],
      [
        0.6805582,
        0.6694906,
        0.297696024
      ],
      [
        0.620151162,
        -0.7427115,
        0.252570957
      ]
    ],
    "translation": [
      2.18319654,
      0.9821467,
      -0.7226263
    ]
  },
  {
    "timeStamp": 36751,
    "rotation": [
      [
        0.357443,
        0.0678200051,
        -0.931469262
      ],
      [
        0.650215,
        0.697871566,
        0.300326049
      ],
      [
        0.670414,
        -0.7130047,
        0.20535174
      ]
    ],
    "translation": [
      2.17591333,
      0.9674184,
      -0.7192182
    ]
  },
  {
    "timeStamp": 36796,
    "rotation": [
      [
        0.2813949,
        0.16582492,
        -0.945155561
      ],
      [
        0.642501,
        0.6990282,
        0.3139301
      ],
      [
        0.7127478,
        -0.6956017,
        0.09016028
      ]
    ],
    "translation": [
      2.16000533,
      0.956549048,
      -0.7149268
    ]
  },
  {
    "timeStamp": 36851,
    "rotation": [
      [
        0.0855136,
        0.1202579,
        -0.9890528
      ],
      [
        0.5717452,
        0.807052,
        0.147561759
      ],
      [
        0.8159625,
        -0.578104734,
        0.000257043139
      ]
    ],
    "translation": [
      2.14879632,
      0.919679,
      -0.7153987
    ]
  },
  {
    "timeStamp": 36896,
    "rotation": [
      [
        0.0177768022,
        0.0429480933,
        -0.9989192
      ],
      [
        0.530317962,
        0.846559,
        0.0458349921
      ],
      [
        0.847612441,
        -0.53055954,
        -0.00772703439
      ]
    ],
    "translation": [
      2.15394163,
      0.8952408,
      -0.7062223
    ]
  },
  {
    "timeStamp": 36951,
    "rotation": [
      [
        0.00963785,
        0.067124255,
        -0.997698069
      ],
      [
        0.501015961,
        0.863148332,
        0.06291173
      ],
      [
        0.86538434,
        -0.500468969,
        -0.0253114291
      ]
    ],
    "translation": [
      2.147076,
      0.869394064,
      -0.69305253
    ]
  },
  {
    "timeStamp": 36996,
    "rotation": [
      [
        -0.009045894,
        -0.0139972577,
        -0.9998611
      ],
      [
        0.471636951,
        0.881636441,
        -0.016609177
      ],
      [
        0.8817464,
        -0.471721679,
        -0.001373566
      ]
    ],
    "translation": [
      2.15594983,
      0.84774226,
      -0.6835153
    ]
  },
  {
    "timeStamp": 37051,
    "rotation": [
      [
        0.0146884238,
        -0.0049807257,
        -0.9998797
      ],
      [
        0.435606629,
        0.9001351,
        0.00191527884
      ],
      [
        0.9000173,
        -0.43558237,
        0.0153912017
      ]
    ],
    "translation": [
      2.15525937,
      0.8269556,
      -0.6768002
    ]
  },
  {
    "timeStamp": 37096,
    "rotation": [
      [
        0.000637392455,
        -0.008295372,
        -0.99996537
      ],
      [
        0.403631419,
        0.914892256,
        -0.007332355
      ],
      [
        0.9149214,
        -0.403612763,
        0.00393141853
      ]
    ],
    "translation": [
      2.15105748,
      0.8108976,
      -0.6757858
    ]
  },
  {
    "timeStamp": 37151,
    "rotation": [
      [
        -0.009052334,
        0.005443115,
        -0.9999442
      ],
      [
        0.388481975,
        0.9214551,
        0.00149900059
      ],
      [
        0.9214119,
        -0.388446748,
        -0.010455871
      ]
    ],
    "translation": [
      2.143697,
      0.8025233,
      -0.673806667
    ]
  },
  {
    "timeStamp": 37196,
    "rotation": [
      [
        0.0181463547,
        0.0396928228,
        -0.99904716
      ],
      [
        0.36697033,
        0.9292111,
        0.0435837135
      ],
      [
        0.9300557,
        -0.367411554,
        0.00229570479
      ]
    ],
    "translation": [
      2.13855743,
      0.7955332,
      -0.674156
    ]
  },
  {
    "timeStamp": 37251,
    "rotation": [
      [
        0.00624597352,
        0.0226822738,
        -0.9997232
      ],
      [
        0.34773773,
        0.937298834,
        0.023438517
      ],
      [
        0.937571,
        -0.347787857,
        -0.00203313841
      ]
    ],
    "translation": [
      2.13796639,
      0.7884984,
      -0.6755901
    ]
  },
  {
    "timeStamp": 37296,
    "rotation": [
      [
        0.0142759467,
        0.026455624,
        -0.9995481
      ],
      [
        0.366138548,
        0.9300816,
        0.0298463516
      ],
      [
        0.930450857,
        -0.366399139,
        0.00359137147
      ]
    ],
    "translation": [
      2.13902545,
      0.790970862,
      -0.673685551
    ]
  },
  {
    "timeStamp": 37351,
    "rotation": [
      [
        0.0346304663,
        0.019172864,
        -0.999216259
      ],
      [
        0.389166772,
        0.9206404,
        0.031152755
      ],
      [
        0.920516133,
        -0.389940619,
        0.0244207643
      ]
    ],
    "translation": [
      2.14241934,
      0.7990192,
      -0.671340644
    ]
  },
  {
    "timeStamp": 37396,
    "rotation": [
      [
        0.0388378464,
        -0.0111955171,
        -0.9991828
      ],
      [
        0.406206518,
        0.9137644,
        0.005550658
      ],
      [
        0.9129555,
        -0.40609014,
        0.04003634
      ]
    ],
    "translation": [
      2.14872336,
      0.806089044,
      -0.671453357
    ]
  },
  {
    "timeStamp": 37451,
    "rotation": [
      [
        0.0558045246,
        -0.046342127,
        -0.997365654
      ],
      [
        0.417201638,
        0.9086179,
        -0.0188752711
      ],
      [
        0.907099,
        -0.415049255,
        0.0700390041
      ]
    ],
    "translation": [
      2.15603614,
      0.811528,
      -0.6746468
    ]
  },
  {
    "timeStamp": 37496,
    "rotation": [
      [
        0.0684635639,
        -0.07262053,
        -0.995007038
      ],
      [
        0.42478317,
        0.9045472,
        -0.0367902257
      ],
      [
        0.90270257,
        -0.420143455,
        0.09277651
      ]
    ],
    "translation": [
      2.16029668,
      0.8147199,
      -0.6773318
    ]
  },
  {
    "timeStamp": 37551,
    "rotation": [
      [
        0.09537945,
        -0.107447028,
        -0.989625156
      ],
      [
        0.4256645,
        0.90308243,
        -0.0570255071
      ],
      [
        0.8998403,
        -0.415809244,
        0.1318719
      ]
    ],
    "translation": [
      2.16715217,
      0.8156498,
      -0.6816677
    ]
  },
  {
    "timeStamp": 37596,
    "rotation": [
      [
        0.174430847,
        -0.137106091,
        -0.9750774
      ],
      [
        0.4262452,
        0.9031832,
        -0.0507463366
      ],
      [
        0.8876311,
        -0.406770319,
        0.215983808
      ]
    ],
    "translation": [
      2.17673922,
      0.8149638,
      -0.6853478
    ]
  },
  {
    "timeStamp": 37651,
    "rotation": [
      [
        0.300170064,
        -0.109785825,
        -0.9475468
      ],
      [
        0.415974438,
        0.9089914,
        0.0264564324
      ],
      [
        0.8584074,
        -0.4020967,
        0.318520069
      ]
    ],
    "translation": [
      2.18012643,
      0.810232937,
      -0.6869799
    ]
  },
  {
    "timeStamp": 37696,
    "rotation": [
      [
        0.327094644,
        -0.142546833,
        -0.9341785
      ],
      [
        0.4121559,
        0.911097944,
        0.005287925
      ],
      [
        0.8503744,
        -0.386756867,
        0.3567668
      ]
    ],
    "translation": [
      2.18336177,
      0.8072714,
      -0.685709834
    ]
  },
  {
    "timeStamp": 37751,
    "rotation": [
      [
        0.3484602,
        -0.16745691,
        -0.9222438
      ],
      [
        0.4139645,
        0.9102498,
        -0.008866936
      ],
      [
        0.840957165,
        -0.378686428,
        0.386507034
      ]
    ],
    "translation": [
      2.18508029,
      0.805453241,
      -0.6817256
    ]
  },
  {
    "timeStamp": 37796,
    "rotation": [
      [
        0.409179777,
        -0.132918149,
        -0.9027207
      ],
      [
        0.395346552,
        0.917472243,
        0.0441101119
      ],
      [
        0.8223582,
        -0.374936521,
        0.42795983
      ]
    ],
    "translation": [
      2.182877,
      0.8037852,
      -0.6790496
    ]
  },
  {
    "timeStamp": 37851,
    "rotation": [
      [
        0.414710671,
        -0.15851,
        -0.896041036
      ],
      [
        0.4071723,
        0.9129537,
        0.0269478764
      ],
      [
        0.8137725,
        -0.376018673,
        0.443152547
      ]
    ],
    "translation": [
      2.185534,
      0.8083402,
      -0.676547
    ]
  },
  {
    "timeStamp": 37895,
    "rotation": [
      [
        0.38205117,
        -0.172333539,
        -0.9079306
      ],
      [
        0.425564736,
        0.9048984,
        0.007316826
      ],
      [
        0.820324,
        -0.389178663,
        0.4190566
      ]
    ],
    "translation": [
      2.18412542,
      0.814169,
      -0.6744195
    ]
  },
  {
    "timeStamp": 37951,
    "rotation": [
      [
        0.34687236,
        -0.189504087,
        -0.9185684
      ],
      [
        0.441815853,
        0.8969212,
        -0.01819846
      ],
      [
        0.8273321,
        -0.3995255,
        0.394843072
      ]
    ],
    "translation": [
      2.18060517,
      0.821482,
      -0.674770057
    ]
  },
  {
    "timeStamp": 37995,
    "rotation": [
      [
        0.3271358,
        -0.207851529,
        -0.921835065
      ],
      [
        0.4575025,
        0.8883979,
        -0.0379562527
      ],
      [
        0.8268456,
        -0.409325,
        0.385719359
      ]
    ],
    "translation": [
      2.18023729,
      0.8287807,
      -0.677229047
    ]
  },
  {
    "timeStamp": 38043,
    "rotation": [
      [
        0.332161278,
        -0.206294641,
        -0.9203866
      ],
      [
        0.490715384,
        0.8711307,
        -0.01815863
      ],
      [
        0.805523038,
        -0.445616245,
        0.390587837
      ]
    ],
    "translation": [
      2.17987752,
      0.8437331,
      -0.679255545
    ]
  },
  {
    "timeStamp": 38094,
    "rotation": [
      [
        0.32210052,
        -0.250354737,
        -0.9130026
      ],
      [
        0.6778192,
        0.734256864,
        0.0377887525
      ],
      [
        0.6609178,
        -0.631022453,
        0.406199753
      ]
    ],
    "translation": [
      2.183979,
      0.896583,
      -0.68113476
    ]
  },
  {
    "timeStamp": 38150,
    "rotation": [
      [
        0.373757452,
        -0.2047453,
        -0.904646158
      ],
      [
        0.825859964,
        0.5174313,
        0.224098369
      ],
      [
        0.422209144,
        -0.8308695,
        0.362484753
      ]
    ],
    "translation": [
      2.18318987,
      0.967959,
      -0.689648747
    ]
  },
  {
    "timeStamp": 38194,
    "rotation": [
      [
        0.5097782,
        -0.1826479,
        -0.8406937
      ],
      [
        0.8181086,
        0.4052103,
        0.4080477
      ],
      [
        0.2661287,
        -0.8957926,
        0.355993181
      ]
    ],
    "translation": [
      2.19421363,
      1.00955236,
      -0.711246967
    ]
  },
  {
    "timeStamp": 38250,
    "rotation": [
      [
        0.73209393,
        -0.1271384,
        -0.669234157
      ],
      [
        0.6753146,
        0.2643587,
        0.6885236
      ],
      [
        0.08938008,
        -0.95600754,
        0.2793938
      ]
    ],
    "translation": [
      2.212961,
      1.04033935,
      -0.741185546
    ]
  },
  {
    "timeStamp": 38294,
    "rotation": [
      [
        0.875559449,
        -0.0784182549,
        -0.476703525
      ],
      [
        0.483099133,
        0.13537313,
        0.8650372
      ],
      [
        -0.00330186053,
        -0.9876866,
        0.156411022
      ]
    ],
    "translation": [
      2.22337437,
      1.05710816,
      -0.7584875
    ]
  },
  {
    "timeStamp": 38343,
    "rotation": [
      [
        0.925905347,
        -0.127983257,
        -0.355414659
      ],
      [
        0.367770076,
        0.09050667,
        0.9255019
      ],
      [
        -0.0862813443,
        -0.987638,
        0.130869016
      ]
    ],
    "translation": [
      2.23417068,
      1.05951774,
      -0.7794192
    ]
  },
  {
    "timeStamp": 38401,
    "rotation": [
      [
        0.9496574,
        -0.1100582,
        -0.293322384
      ],
      [
        0.30191955,
        0.0715512261,
        0.9506445
      ],
      [
        -0.08363863,
        -0.991346359,
        0.101177871
      ]
    ],
    "translation": [
      2.23638535,
      1.061367,
      -0.7921497
    ]
  },
  {
    "timeStamp": 38445,
    "rotation": [
      [
        0.9422323,
        -0.11163795,
        -0.315808743
      ],
      [
        0.325950623,
        0.08838959,
        0.9412457
      ],
      [
        -0.07716452,
        -0.9898102,
        0.119671993
      ]
    ],
    "translation": [
      2.23240662,
      1.06040776,
      -0.796175241
    ]
  },
  {
    "timeStamp": 38501,
    "rotation": [
      [
        0.92329067,
        -0.0674288049,
        -0.37813732
      ],
      [
        0.383924752,
        0.132089466,
        0.9138677
      ],
      [
        -0.0116730612,
        -0.9889418,
        0.147844553
      ]
    ],
    "translation": [
      2.22213,
      1.05575883,
      -0.79415524
    ]
  },
  {
    "timeStamp": 38546,
    "rotation": [
      [
        0.914299667,
        -0.04420037,
        -0.402619421
      ],
      [
        0.404491276,
        0.151287213,
        0.9019418
      ],
      [
        0.0210450217,
        -0.987501144,
        0.1562005
      ]
    ],
    "translation": [
      2.21593237,
      1.0534966,
      -0.792289257
    ]
  },
  {
    "timeStamp": 38601,
    "rotation": [
      [
        0.885183,
        -0.014297476,
        -0.465023369
      ],
      [
        0.460306823,
        0.172130421,
        0.8709126
      ],
      [
        0.06759281,
        -0.9849704,
        0.158948138
      ]
    ],
    "translation": [
      2.20950079,
      1.055769,
      -0.788543
    ]
  },
  {
    "timeStamp": 38645,
    "rotation": [
      [
        0.849618256,
        0.0218406972,
        -0.5269458
      ],
      [
        0.5143915,
        0.186211333,
        0.837094247
      ],
      [
        0.116406009,
        -0.982266963,
        0.146973878
      ]
    ],
    "translation": [
      2.2021,
      1.058852,
      -0.7834136
    ]
  },
  {
    "timeStamp": 38701,
    "rotation": [
      [
        0.7411246,
        0.0876352638,
        -0.665623367
      ],
      [
        0.6382546,
        0.215555325,
        0.739031136
      ],
      [
        0.208243832,
        -0.9725513,
        0.103819728
      ]
    ],
    "translation": [
      2.18936825,
      1.06280231,
      -0.774666131
    ]
  },
  {
    "timeStamp": 38746,
    "rotation": [
      [
        0.5512319,
        0.14732036,
        -0.821243048
      ],
      [
        0.7716341,
        0.284389555,
        0.5689494
      ],
      [
        0.317370743,
        -0.9473222,
        0.0430871956
      ]
    ],
    "translation": [
      2.17247581,
      1.06049144,
      -0.7659498
    ]
  },
  {
    "timeStamp": 38799,
    "rotation": [
      [
        0.320461422,
        0.195271745,
        -0.926916063
      ],
      [
        0.855451345,
        0.360593379,
        0.371719569
      ],
      [
        0.4068261,
        -0.9120534,
        -0.0514892079
      ]
    ],
    "translation": [
      2.16158557,
      1.05426657,
      -0.755631745
    ]
  },
  {
    "timeStamp": 38846,
    "rotation": [
      [
        -0.0103618978,
        0.276746869,
        -0.960886955
      ],
      [
        0.8770377,
        0.464088142,
        0.124205217
      ],
      [
        0.480309665,
        -0.8414472,
        -0.2475263
      ]
    ],
    "translation": [
      2.13858533,
      1.03815079,
      -0.7520051
    ]
  },
  {
    "timeStamp": 38901,
    "rotation": [
      [
        -0.336569756,
        0.29717043,
        -0.893538237
      ],
      [
        0.785814047,
        0.6114872,
        -0.09262651
      ],
      [
        0.518861353,
        -0.7333302,
        -0.43932876
      ]
    ],
    "translation": [
      2.13177514,
      1.00666952,
      -0.7522104
    ]
  },
  {
    "timeStamp": 38945,
    "rotation": [
      [
        -0.560169637,
        0.290150464,
        -0.775901258
      ],
      [
        0.6397152,
        0.7465925,
        -0.182658389
      ],
      [
        0.5262836,
        -0.5986755,
        -0.6038321
      ]
    ],
    "translation": [
      2.136162,
      0.9764463,
      -0.758521855
    ]
  },
  {
    "timeStamp": 39001,
    "rotation": [
      [
        -0.706547141,
        0.257693142,
        -0.6590792
      ],
      [
        0.5142525,
        0.826768339,
        -0.2280319
      ],
      [
        0.486143529,
        -0.5000484,
        -0.7166701
      ]
    ],
    "translation": [
      2.146218,
      0.951419234,
      -0.764386952
    ]
  },
  {
    "timeStamp": 39045,
    "rotation": [
      [
        -0.8143176,
        0.222100556,
        -0.5362446
      ],
      [
        0.4074234,
        0.8767514,
        -0.255564451
      ],
      [
        0.4133922,
        -0.426589221,
        -0.804443
      ]
    ],
    "translation": [
      2.1540494,
      0.93584466,
      -0.7710833
    ]
  },
  {
    "timeStamp": 39101,
    "rotation": [
      [
        -0.807438,
        0.27648598,
        -0.521152
      ],
      [
        0.422424972,
        0.887613833,
        -0.183572471
      ],
      [
        0.411826551,
        -0.368371,
        -0.8334877
      ]
    ],
    "translation": [
      2.152649,
      0.9367604,
      -0.765059233
    ]
  },
  {
    "timeStamp": 39145,
    "rotation": [
      [
        -0.850813746,
        0.275977641,
        -0.447160244
      ],
      [
        0.393755347,
        0.8983458,
        -0.194760382
      ],
      [
        0.347955018,
        -0.34177655,
        -0.872992635
      ]
    ],
    "translation": [
      2.1546874,
      0.934228361,
      -0.7600067
    ]
  },
  {
    "timeStamp": 39201,
    "rotation": [
      [
        -0.8723441,
        0.32059294,
        -0.369101554
      ],
      [
        0.406322718,
        0.895278931,
        -0.182695255
      ],
      [
        0.271878,
        -0.309347451,
        -0.9112555
      ]
    ],
    "translation": [
      2.14905429,
      0.9325658,
      -0.753426731
    ]
  },
  {
    "timeStamp": 39246,
    "rotation": [
      [
        -0.8923259,
        0.34081164,
        -0.295976251
      ],
      [
        0.405010551,
        0.8940083,
        -0.191613257
      ],
      [
        0.199301168,
        -0.290854961,
        -0.935779035
      ]
    ],
    "translation": [
      2.14652157,
      0.9285654,
      -0.74612087
    ]
  },
  {
    "timeStamp": 39303,
    "rotation": [
      [
        -0.9154784,
        0.35525775,
        -0.18892099
      ],
      [
        0.391456246,
        0.8949745,
        -0.2139684
      ],
      [
        0.09306555,
        -0.269837767,
        -0.9583978
      ]
    ],
    "translation": [
      2.14579439,
      0.9190738,
      -0.7387173
    ]
  },
  {
    "timeStamp": 39349,
    "rotation": [
      [
        -0.9231855,
        0.3632608,
        -0.1255785
      ],
      [
        0.382649481,
        0.8993906,
        -0.211366862
      ],
      [
        0.036162816,
        -0.243183374,
        -0.969306
      ]
    ],
    "translation": [
      2.14523315,
      0.90353775,
      -0.73695755
    ]
  },
  {
    "timeStamp": 39395,
    "rotation": [
      [
        -0.9240976,
        0.373546451,
        -0.0806638449
      ],
      [
        0.382149756,
        0.9020083,
        -0.20085457
      ],
      [
        -0.00226904848,
        -0.2164349,
        -0.9762944
      ]
    ],
    "translation": [
      2.14399147,
      0.8894423,
      -0.7381668
    ]
  },
  {
    "timeStamp": 39450,
    "rotation": [
      [
        -0.9310835,
        0.3648034,
        0.00142632169
      ],
      [
        0.3583736,
        0.915389836,
        -0.183384478
      ],
      [
        -0.06820492,
        -0.1702351,
        -0.9830402
      ]
    ],
    "translation": [
      2.14313316,
      0.8680337,
      -0.748704135
    ]
  },
  {
    "timeStamp": 39495,
    "rotation": [
      [
        -0.9252069,
        0.378748864,
        0.0232707057
      ],
      [
        0.3696352,
        0.9134149,
        -0.170420274
      ],
      [
        -0.0858022943,
        -0.149072349,
        -0.985096633
      ]
    ],
    "translation": [
      2.138488,
      0.857344866,
      -0.7544388
    ]
  },
  {
    "timeStamp": 39550,
    "rotation": [
      [
        -0.923903644,
        0.380312026,
        0.04201051
      ],
      [
        0.372329116,
        0.918906,
        -0.130318329
      ],
      [
        -0.0881653354,
        -0.104759842,
        -0.990581751
      ]
    ],
    "translation": [
      2.13451385,
      0.842604339,
      -0.7625327
    ]
  },
  {
    "timeStamp": 39595,
    "rotation": [
      [
        -0.927145,
        0.3711187,
        0.05170224
      ],
      [
        0.364044726,
        0.9248326,
        -0.110255167
      ],
      [
        -0.0887336656,
        -0.0834006,
        -0.992557645
      ]
    ],
    "translation": [
      2.13567138,
      0.82946,
      -0.7671975
    ]
  },
  {
    "timeStamp": 39651,
    "rotation": [
      [
        -0.9322345,
        0.3560967,
        0.06429584
      ],
      [
        0.349781066,
        0.9323063,
        -0.09196857
      ],
      [
        -0.09269313,
        -0.06324681,
        -0.993684
      ]
    ],
    "translation": [
      2.13902283,
      0.8151441,
      -0.773961
    ]
  },
  {
    "timeStamp": 39694,
    "rotation": [
      [
        -0.93732065,
        0.3416974,
        0.06835815
      ],
      [
        0.33791247,
        0.9391846,
        -0.0612156354
      ],
      [
        -0.08511815,
        -0.0342796072,
        -0.995781
      ]
    ],
    "translation": [
      2.14204526,
      0.804926753,
      -0.7791244
    ]
  },
  {
    "timeStamp": 39750,
    "rotation": [
      [
        -0.9423274,
        0.327689081,
        0.0681093559
      ],
      [
        0.3238142,
        0.944083154,
        -0.0620582625
      ],
      [
        -0.08463671,
        -0.0364244245,
        -0.995745838
      ]
    ],
    "translation": [
      2.1455965,
      0.7933907,
      -0.7789307
    ]
  },
  {
    "timeStamp": 39795,
    "rotation": [
      [
        -0.9441513,
        0.32262677,
        0.06700996
      ],
      [
        0.319674879,
        0.9461438,
        -0.05118466
      ],
      [
        -0.0799146,
        -0.0269046631,
        -0.9964386
      ]
    ],
    "translation": [
      2.146167,
      0.7874195,
      -0.779323637
    ]
  },
  {
    "timeStamp": 39850,
    "rotation": [
      [
        -0.944722533,
        0.3210857,
        0.06635777
      ],
      [
        0.3200983,
        0.9470464,
        -0.0253012478
      ],
      [
        -0.0709677562,
        -0.00266164821,
        -0.9974751
      ]
    ],
    "translation": [
      2.14251924,
      0.7827792,
      -0.7838399
    ]
  },
  {
    "timeStamp": 39895,
    "rotation": [
      [
        -0.945631266,
        0.313339472,
        0.08717797
      ],
      [
        0.3147274,
        0.949179351,
        0.00230246969
      ],
      [
        -0.08202607,
        0.0296145827,
        -0.996190131
      ]
    ],
    "translation": [
      2.13891077,
      0.7792537,
      -0.7911876
    ]
  },
  {
    "timeStamp": 39950,
    "rotation": [
      [
        -0.94807905,
        0.302386671,
        0.09853148
      ],
      [
        0.304901779,
        0.952318,
        0.0111914361
      ],
      [
        -0.09044917,
        0.04065279,
        -0.995071
      ]
    ],
    "translation": [
      2.13752651,
      0.7718813,
      -0.794298768
    ]
  },
  {
    "timeStamp": 39994,
    "rotation": [
      [
        -0.950804,
        0.296225369,
        0.09067667
      ],
      [
        0.2981013,
        0.954504132,
        0.00758241676
      ],
      [
        -0.08430515,
        0.0342402272,
        -0.9958515
      ]
    ],
    "translation": [
      2.1383338,
      0.765684843,
      -0.7914337
    ]
  },
  {
    "timeStamp": 40050,
    "rotation": [
      [
        -0.9501046,
        0.3025385,
        0.0759715661
      ],
      [
        0.304769665,
        0.952227533,
        0.019448787
      ],
      [
        -0.06645821,
        0.04163221,
        -0.9969203
      ]
    ],
    "translation": [
      2.13613486,
      0.763386548,
      -0.790413558
    ]
  },
  {
    "timeStamp": 40094,
    "rotation": [
      [
        -0.946216166,
        0.314508677,
        0.07588972
      ],
      [
        0.316808581,
        0.9482756,
        0.0201410186
      ],
      [
        -0.06562985,
        0.04310027,
        -0.9969128
      ]
    ],
    "translation": [
      2.13149476,
      0.7628544,
      -0.792480946
    ]
  },
  {
    "timeStamp": 40150,
    "rotation": [
      [
        -0.9458631,
        0.3124392,
        0.08789022
      ],
      [
        0.315800518,
        0.9484411,
        0.0270093661
      ],
      [
        -0.07491992,
        0.05330294,
        -0.9957639
      ]
    ],
    "translation": [
      2.1279006,
      0.759598851,
      -0.7972678
    ]
  },
  {
    "timeStamp": 40195,
    "rotation": [
      [
        -0.9463542,
        0.309079349,
        0.09425291
      ],
      [
        0.312879354,
        0.9493725,
        0.0282567721
      ],
      [
        -0.08074752,
        0.0562307052,
        -0.9951472
      ]
    ],
    "translation": [
      2.126691,
      0.7566165,
      -0.8001064
    ]
  },
  {
    "timeStamp": 40250,
    "rotation": [
      [
        -0.944570959,
        0.313099921,
        0.09876276
      ],
      [
        0.3154314,
        0.948909938,
        0.008542736
      ],
      [
        -0.0910422355,
        0.0392220952,
        -0.995074332
      ]
    ],
    "translation": [
      2.12675118,
      0.75599736,
      -0.8006326
    ]
  },
  {
    "timeStamp": 40295,
    "rotation": [
      [
        -0.942487359,
        0.321075231,
        0.09288835
      ],
      [
        0.321405053,
        0.94686836,
        -0.0117968246
      ],
      [
        -0.0917407,
        0.0187364239,
        -0.995606661
      ]
    ],
    "translation": [
      2.12687516,
      0.755527139,
      -0.8015525
    ]
  },
  {
    "timeStamp": 40350,
    "rotation": [
      [
        -0.9321613,
        0.3487027,
        0.09737474
      ],
      [
        0.346707374,
        0.9372329,
        -0.03726282
      ],
      [
        -0.104256451,
        -0.0009744184,
        -0.99454993
      ]
    ],
    "translation": [
      2.12718153,
      0.7539475,
      -0.802335262
    ]
  },
  {
    "timeStamp": 40394,
    "rotation": [
      [
        -0.9235738,
        0.3763902,
        0.07308819
      ],
      [
        0.375960678,
        0.9264181,
        -0.0200752914
      ],
      [
        -0.07526637,
        0.008937272,
        -0.9971234
      ]
    ],
    "translation": [
      2.126791,
      0.7518055,
      -0.8038919
    ]
