[
  {
    "timeStamp": 9697,
    "rotation": [
      [
        0.999967456,
        -4.74443877E-05,
        0.00807075948
      ],
      [
        -0.008058655,
        -0.0609297566,
        0.9981095
      ],
      [
        0.000444396021,
        -0.998142064,
        -0.06092816
      ]
    ],
    "translation": [
      1.77002132,
      0.7043911,
      -0.49014765
    ]
  },
  {
    "timeStamp": 9753,
    "rotation": [
      [
        0.9996868,
        -0.000186929916,
        0.02502494
      ],
      [
        -0.0250251424,
        -0.0137600889,
        0.9995921
      ],
      [
        0.000157485381,
        -0.9999053,
        -0.0137604568
      ]
    ],
    "translation": [
      1.77020586,
      0.7052118,
      -0.49010396
    ]
  },
  {
    "timeStamp": 9797,
    "rotation": [
      [
        0.999232233,
        -0.03328666,
        0.02066214
      ],
      [
        -0.022455,
        -0.0544198565,
        0.9982656
      ],
      [
        -0.0321045034,
        -0.99796313,
        -0.0551255271
      ]
    ],
    "translation": [
      1.773037,
      0.70840317,
      -0.486635238
    ]
  },
  {
    "timeStamp": 9853,
    "rotation": [
      [
        0.9932434,
        -0.0605985522,
        0.0989717
      ],
      [
        -0.103122883,
        -0.0697066039,
        0.9922231
      ],
      [
        -0.0532282963,
        -0.9957253,
        -0.07548472
      ]
    ],
    "translation": [
      1.76272631,
      0.7404296,
      -0.482907176
    ]
  },
  {
    "timeStamp": 9897,
    "rotation": [
      [
        0.9876732,
        -0.0634788647,
        0.143080458
      ],
      [
        -0.148564711,
        -0.09228602,
        0.984587133
      ],
      [
        -0.0492961481,
        -0.993707061,
        -0.10057915
      ]
    ],
    "translation": [
      1.7630372,
      0.7749371,
      -0.487085938
    ]
  },
  {
    "timeStamp": 9953,
    "rotation": [
      [
        0.979561031,
        -0.0862805545,
        0.18170251
      ],
      [
        -0.190217391,
        -0.103628814,
        0.9762573
      ],
      [
        -0.06540239,
        -0.990866661,
        -0.11792282
      ]
    ],
    "translation": [
      1.77315807,
      0.8235983,
      -0.4991415
    ]
  },
  {
    "timeStamp": 9997,
    "rotation": [
      [
        0.972739756,
        -0.152170077,
        0.174990475
      ],
      [
        -0.194543034,
        -0.124775067,
        0.9729256
      ],
      [
        -0.126215741,
        -0.9804466,
        -0.1509773
      ]
    ],
    "translation": [
      1.79489183,
      0.862199,
      -0.503771067
    ]
  },
  {
    "timeStamp": 10053,
    "rotation": [
      [
        0.938833237,
        -0.3151753,
        0.138768613
      ],
      [
        -0.180998638,
        -0.108791791,
        0.9774476
      ],
      [
        -0.292970449,
        -0.9427772,
        -0.159183636
      ]
    ],
    "translation": [
      1.83744884,
      0.906015635,
      -0.5094247
    ]
  },
  {
    "timeStamp": 10097,
    "rotation": [
      [
        0.863891661,
        -0.491591454,
        0.109676942
      ],
      [
        -0.19492346,
        -0.125519067,
        0.9727537
      ],
      [
        -0.464430839,
        -0.8617324,
        -0.2042576
      ]
    ],
    "translation": [
      1.88106883,
      0.9366416,
      -0.505007148
    ]
  },
  {
    "timeStamp": 10157,
    "rotation": [
      [
        0.6797436,
        -0.7260774,
        0.103731871
      ],
      [
        -0.1965098,
        -0.04403054,
        0.979512751
      ],
      [
        -0.706634641,
        -0.6862018,
        -0.17261079
      ]
    ],
    "translation": [
      1.94352937,
      0.961439133,
      -0.511116564
    ]
  },
  {
    "timeStamp": 10194,
    "rotation": [
      [
        0.555958331,
        -0.8267013,
        0.0864599049
      ],
      [
        -0.201131523,
        -0.032872092,
        0.979012549
      ],
      [
        -0.806508839,
        -0.561679959,
        -0.1845512
      ]
    ],
    "translation": [
      1.98281538,
      0.9673215,
      -0.5129361
    ]
  },
  {
    "timeStamp": 10247,
    "rotation": [
      [
        0.364079475,
        -0.9291294,
        0.0645342544
      ],
      [
        -0.170458287,
        0.0016459903,
        0.985363543
      ],
      [
        -0.9156365,
        -0.369751036,
        -0.157778531
      ]
    ],
    "translation": [
      2.05143619,
      0.9625766,
      -0.5317101
    ]
  },
  {
    "timeStamp": 10313,
    "rotation": [
      [
        0.268802017,
        -0.962666869,
        -0.0319058746
      ],
      [
        -0.155553028,
        -0.07607706,
        0.9848937
      ],
      [
        -0.9505518,
        -0.25977838,
        -0.170195416
      ]
    ],
    "translation": [
      2.10554147,
      0.947714567,
      -0.5424816
    ]
  },
  {
    "timeStamp": 10347,
    "rotation": [
      [
        0.189084858,
        -0.981601954,
        -0.0265438817
      ],
      [
        -0.126771525,
        -0.051207304,
        0.9906093
      ],
      [
        -0.97374326,
        -0.1839442,
        -0.1341217
      ]
    ],
    "translation": [
      2.13297725,
      0.933145463,
      -0.552764356
    ]
  },
  {
    "timeStamp": 10403,
    "rotation": [
      [
        0.07988973,
        -0.9967135,
        -0.0134071279
      ],
      [
        -0.138209954,
        -0.0243961625,
        0.9901024
      ],
      [
        -0.9871755,
        -0.07724601,
        -0.139704734
      ]
    ],
    "translation": [
      2.1609273,
      0.9202432,
      -0.5557448
    ]
  },
  {
    "timeStamp": 10447,
    "rotation": [
      [
        0.03266483,
        -0.998271644,
        -0.0488548
      ],
      [
        -0.131665409,
        -0.0527528636,
        0.989889562
      ],
      [
        -0.9907559,
        -0.0259020869,
        -0.133161008
      ]
    ],
    "translation": [
      2.1809454,
      0.9041416,
      -0.5581368
    ]
  },
  {
    "timeStamp": 10503,
    "rotation": [
      [
        -0.0227107853,
        -0.999313533,
        -0.0292707887
      ],
      [
        -0.112924017,
        -0.0265268143,
        0.9932495
      ],
      [
        -0.993344069,
        0.0258628428,
        -0.112244047
      ]
    ],
    "translation": [
      2.18748045,
      0.8806715,
      -0.5601015
    ]
  },
  {
    "timeStamp": 10547,
    "rotation": [
      [
        -0.0175744537,
        -0.9990646,
        -0.0395104662
      ],
      [
        -0.09961547,
        -0.03757036,
        0.994316459
      ],
      [
        -0.9948708,
        0.0214104243,
        -0.09886201
      ]
    ],
    "translation": [
      2.18616724,
      0.8619992,
      -0.5596981
    ]
  },
  {
    "timeStamp": 10603,
    "rotation": [
      [
        0.008376512,
        -0.9936946,
        -0.1118068
      ],
      [
        -0.101103984,
        -0.112079374,
        0.988542438
      ],
      [
        -0.994840562,
        0.00302359974,
        -0.101405323
      ]
    ],
    "translation": [
      2.191927,
      0.839939654,
      -0.552874863
    ]
  },
  {
    "timeStamp": 10647,
    "rotation": [
      [
        -0.0231088847,
        -0.9948102,
        -0.0990887061
      ],
      [
        -0.09945015,
        -0.09633608,
        0.9903681
      ],
      [
        -0.994774163,
        0.03274069,
        -0.096707806
      ]
    ],
    "translation": [
      2.19225359,
      0.8236108,
      -0.545906663
    ]
  },
  {
    "timeStamp": 10703,
    "rotation": [
      [
        0.0040541687,
        -0.980812848,
        -0.1949095
      ],
      [
        -0.0926234,
        -0.194441512,
        0.9765313
      ],
      [
        -0.995692968,
        0.014094146,
        -0.09163452
      ]
    ],
    "translation": [
      2.203789,
      0.8034458,
      -0.537873447
    ]
  },
  {
    "timeStamp": 10748,
    "rotation": [
      [
        -0.03420426,
        -0.983925164,
        -0.175275087
      ],
      [
        -0.07722544,
        -0.172251329,
        0.9820212
      ],
      [
        -0.9964268,
        0.0471250229,
        -0.07009232
      ]
    ],
    "translation": [
      2.20529914,
      0.7861817,
      -0.533783555
    ]
  },
  {
    "timeStamp": 10794,
    "rotation": [
      [
        -0.0244711656,
        -0.9768542,
        -0.2125017
      ],
      [
        -0.06076619,
        -0.21071884,
        0.9756562
      ],
      [
        -0.997851968,
        0.036788363,
        -0.054203175
      ]
    ],
    "translation": [
      2.21067882,
      0.772765,
      -0.5306719
    ]
  },
  {
    "timeStamp": 10850,
    "rotation": [
      [
        -0.0343481861,
        -0.973773062,
        -0.224913836
      ],
      [
        -0.0614346042,
        -0.222563788,
        0.972980559
      ],
      [
        -0.9975199,
        0.0472376049,
        -0.0521787
      ]
    ],
    "translation": [
      2.2169323,
      0.7616455,
      -0.524631143
    ]
  },
  {
    "timeStamp": 10896,
    "rotation": [
      [
        -0.0482119955,
        -0.9725433,
        -0.227673545
      ],
      [
        -0.0497270636,
        -0.225318909,
        0.9730152
      ],
      [
        -0.9975986,
        0.0582325533,
        -0.0374986455
      ]
    ],
    "translation": [
      2.21981168,
      0.753112257,
      -0.5230917
    ]
  },
  {
    "timeStamp": 10952,
    "rotation": [
      [
        -0.014748713,
        -0.959606767,
        -0.280958027
      ],
      [
        -0.03668506,
        -0.2802801,
        0.959217
      ],
      [
        -0.9992181,
        0.0244541783,
        -0.0310694613
      ]
    ],
    "translation": [
      2.22862148,
      0.743556738,
      -0.522791564
    ]
  },
  {
    "timeStamp": 10996,
    "rotation": [
      [
        -0.0381570458,
        -0.967263162,
        -0.250890434
      ],
      [
        -0.0443333946,
        -0.249187425,
        0.96744
      ],
      [
        -0.9982878,
        0.04803748,
        -0.0333738029
      ]
    ],
    "translation": [
      2.23082232,
      0.737872,
      -0.521000564
    ]
  },
  {
    "timeStamp": 11052,
    "rotation": [
      [
        -0.0200490709,
        -0.9609481,
        -0.276001275
      ],
      [
        -0.03372974,
        -0.275249481,
        0.9607809
      ],
      [
        -0.999229848,
        0.02857222,
        -0.0268940348
      ]
    ],
    "translation": [
      2.23493862,
      0.7294065,
      -0.5213871
    ]
  },
  {
    "timeStamp": 11096,
    "rotation": [
      [
        -0.009863631,
        -0.9593156,
        -0.28216356
      ],
      [
        -0.03046449,
        -0.281758,
        0.9590017
      ],
      [
        -0.9994872,
        0.0180552136,
        -0.0264459047
      ]
    ],
    "translation": [
      2.23817635,
      0.7256007,
      -0.5196512
    ]
  },
  {
    "timeStamp": 11152,
    "rotation": [
      [
        0.004936498,
        -0.9645872,
        -0.26371783
      ],
      [
        -0.009998618,
        -0.263755471,
        0.96453774
      ],
      [
        -0.999937832,
        -0.002124624,
        -0.0109465672
      ]
    ],
    "translation": [
      2.23736215,
      0.724332631,
      -0.519707859
    ]
  },
  {
    "timeStamp": 11196,
    "rotation": [
      [
        0.0112179872,
        -0.96800226,
        -0.250690877
      ],
      [
        -0.00190350774,
        -0.250726879,
        0.968056
      ],
      [
        -0.999935269,
        -0.0103824483,
        -0.00465525035
      ]
    ],
    "translation": [
      2.23725224,
      0.7240785,
      -0.519657969
    ]
  },
  {
    "timeStamp": 11252,
    "rotation": [
      [
        0.0007828886,
        -0.975056648,
        -0.22195448
      ],
      [
        -0.007079732,
        -0.2219544,
        0.9750313
      ],
      [
        -0.9999746,
        0.000808039156,
        -0.00707690557
      ]
    ],
    "translation": [
      2.23776078,
      0.724360347,
      -0.519664049
    ]
  },
  {
    "timeStamp": 11297,
    "rotation": [
      [
        -0.02422,
        -0.9804411,
        -0.195316732
      ],
      [
        -0.0200012587,
        -0.194859713,
        0.9806272
      ],
      [
        -0.999506533,
        0.0276573673,
        -0.0148905553
      ]
    ],
    "translation": [
      2.238899,
      0.7245941,
      -0.5197191
    ]
  },
  {
    "timeStamp": 11352,
    "rotation": [
      [
        -0.0595137477,
        -0.9830499,
        -0.173409984
      ],
      [
        -0.0351379365,
        -0.1715472,
        0.9845491
      ],
      [
        -0.9976089,
        0.06468747,
        -0.02433293
      ]
    ],
    "translation": [
      2.2403686,
      0.7250877,
      -0.5199094
    ]
  }
]