[
  {
    "timeStamp": 0,
    "rotation": [
      [
        0.656466961,
        0.448905051,
        0.606246948
      ],
      [
        0.0600975677,
        0.7699861,
        -0.635224164
      ],
      [
        -0.751957,
        0.453437656,
        0.478492349
      ]
    ],
    "translation": [
      1.3622365,
      1.70921946,
      -1.17516661
    ]
  },
  {
    "timeStamp": 17,
    "rotation": [
      [
        0.6640865,
        0.446112037,
        0.5999776
      ],
      [
        0.04667499,
        0.776176035,
        -0.6287863
      ],
      [
        -0.746197343,
        0.4455725,
        0.4946258
      ]
    ],
    "translation": [
      1.36934423,
      1.71149731,
      -1.19618738
    ]
  },
  {
    "timeStamp": 19,
    "rotation": [
      [
        0.6659999,
        0.434735179,
        0.6061761
      ],
      [
        0.0424673,
        0.789206,
        -0.6126584
      ],
      [
        -0.744742,
        0.433773071,
        0.5071491
      ]
    ],
    "translation": [
      1.37123537,
      1.70801067,
      -1.20302582
    ]
  },
  {
    "timeStamp": 64,
    "rotation": [
      [
        0.672090232,
        0.440813422,
        0.5949607
      ],
      [
        -0.00282469369,
        0.8050119,
        -0.593251944
      ],
      [
        -0.740463853,
        0.397038281,
        0.5422858
      ]
    ],
    "translation": [
      1.39574409,
      1.71564913,
      -1.25027025
    ]
  },
  {
    "timeStamp": 119,
    "rotation": [
      [
        0.6622546,
        0.459534019,
        0.591817
      ],
      [
        -0.020674035,
        0.8007548,
        -0.5986354
      ],
      [
        -0.748993635,
        0.384213775,
        0.5398039
      ]
    ],
    "translation": [
      1.40301681,
      1.716526,
      -1.26612
    ]
  },
  {
    "timeStamp": 163,
    "rotation": [
      [
        0.651818752,
        0.4806739,
        0.5865874
      ],
      [
        -0.0320558921,
        0.7902513,
        -0.611943841
      ],
      [
        -0.7576969,
        0.3800729,
        0.530509055
      ]
    ],
    "translation": [
      1.40455008,
      1.71629512,
      -1.27840793
    ]
  },
  {
    "timeStamp": 219,
    "rotation": [
      [
        0.655153751,
        0.4853384,
        0.5789821
      ],
      [
        -0.0280229654,
        0.78144455,
        -0.623345137
      ],
      [
        -0.754975736,
        0.3921621,
        0.525566936
      ]
    ],
    "translation": [
      1.40133381,
      1.71607864,
      -1.29282558
    ]
  },
  {
    "timeStamp": 342,
    "rotation": [
      [
        0.656903744,
        0.480865,
        0.5807292
      ],
      [
        -0.0269146319,
        0.7846885,
        -0.61930573
      ],
      [
        -0.753493965,
        0.391194135,
        0.5284071
      ]
    ],
    "translation": [
      1.40036392,
      1.71609128,
      -1.29241085
    ]
  },
  {
    "timeStamp": 344,
    "rotation": [
      [
        0.658275068,
        0.47978273,
        0.580071151
      ],
      [
        -0.0267227236,
        0.7849824,
        -0.6189415
      ],
      [
        -0.752303064,
        0.391932666,
        0.52955544
      ]
    ],
    "translation": [
      1.39948261,
      1.7160933,
      -1.29506779
    ]
  },
  {
    "timeStamp": 385,
    "rotation": [
      [
        0.7315029,
        0.445685655,
        0.5160115
      ],
      [
        -0.0122792237,
        0.76528275,
        -0.6435772
      ],
      [
        -0.681727767,
        0.464442372,
        0.5652792
      ]
    ],
    "translation": [
      1.37087369,
      1.70851469,
      -1.31627536
    ]
  },
  {
    "timeStamp": 441,
    "rotation": [
      [
        0.7968782,
        0.4134539,
        0.440500945
      ],
      [
        0.00217759586,
        0.727166653,
        -0.6864575
      ],
      [
        -0.6041361,
        0.5479823,
        0.5785629
      ]
    ],
    "translation": [
      1.35373092,
      1.70212615,
      -1.313858
    ]
  },
  {
    "timeStamp": 485,
    "rotation": [
      [
        0.8545413,
        0.364795983,
        0.369706631
      ],
      [
        0.009134577,
        0.7011523,
        -0.712953
      ],
      [
        -0.519303,
        0.6126249,
        0.5958314
      ]
    ],
    "translation": [
      1.33691955,
      1.6943531,
      -1.310091
    ]
  },
  {
    "timeStamp": 541,
    "rotation": [
      [
        0.9153606,
        0.304237723,
        0.263731539
      ],
      [
        -0.00541695859,
        0.664260149,
        -0.7474818
      ],
      [
        -0.4025985,
        0.6827868,
        0.609685659
      ]
    ],
    "translation": [
      1.31595159,
      1.68642092,
      -1.30486
    ]
  },
  {
    "timeStamp": 585,
    "rotation": [
      [
        0.939439952,
        0.284797,
        0.190639138
      ],
      [
        -0.04054255,
        0.644711,
        -0.7633505
      ],
      [
        -0.3403071,
        0.7093929,
        0.6172137
      ]
    ],
    "translation": [
      1.302186,
      1.68206382,
      -1.30161762
    ]
  },
  {
    "timeStamp": 641,
    "rotation": [
      [
        0.9537473,
        0.270700574,
        0.130718246
      ],
      [
        -0.0721145049,
        0.6281806,
        -0.7747184
      ],
      [
        -0.291831374,
        0.729458869,
        0.618647
      ]
    ],
    "translation": [
      1.28908157,
      1.67834973,
      -1.30016482
    ]
  },
  {
    "timeStamp": 685,
    "rotation": [
      [
        0.958748639,
        0.2635007,
        0.106622808
      ],
      [
        -0.0834654048,
        0.6195223,
        -0.7805291
      ],
      [
        -0.271725148,
        0.7394319,
        0.615959346
      ]
    ],
    "translation": [
      1.28151584,
      1.676254,
      -1.29946876
    ]
  },
  {
    "timeStamp": 741,
    "rotation": [
      [
        0.961932,
        0.2573821,
        0.0918760747
      ],
      [
        -0.08981254,
        0.6152394,
        -0.783207655
      ],
      [
        -0.2581094,
        0.7451409,
        0.6149346
      ]
    ],
    "translation": [
      1.27509189,
      1.67494965,
      -1.29724026
    ]
  },
  {
    "timeStamp": 785,
    "rotation": [
      [
        0.9636073,
        0.2522936,
        0.0883675441
      ],
      [
        -0.08760885,
        0.610357642,
        -0.7872663
      ],
      [
        -0.252558053,
        0.7508738,
        0.610248268
      ]
    ],
    "translation": [
      1.27135181,
      1.673397,
      -1.29500437
    ]
  },
  {
    "timeStamp": 842,
    "rotation": [
      [
        0.965144634,
        0.245869637,
        0.08968863
      ],
      [
        -0.07762901,
        0.5962115,
        -0.7990655
      ],
      [
        -0.249939322,
        0.7642513,
        0.5945169
      ]
    ],
    "translation": [
      1.26767468,
      1.67052913,
      -1.29296374
    ]
  },
  {
    "timeStamp": 888,
    "rotation": [
      [
        0.9662572,
        0.239042014,
        0.09594754
      ],
      [
        -0.06662882,
        0.591776431,
        -0.8033438
      ],
      [
        -0.2488124,
        0.7698439,
        0.587735355
      ]
    ],
    "translation": [
      1.26578236,
      1.66878581,
      -1.29076147
    ]
  },
  {
    "timeStamp": 934,
    "rotation": [
      [
        0.966257453,
        0.235248044,
        0.104904316
      ],
      [
        -0.05641537,
        0.590667963,
        -0.804940164
      ],
      [
        -0.2513242,
        0.7718612,
        0.5840089
      ]
    ],
    "translation": [
      1.264425,
      1.66738892,
      -1.28828084
    ]
  },
  {
    "timeStamp": 990,
    "rotation": [
      [
        0.9655054,
        0.233595252,
        0.115033023
      ],
      [
        -0.0446366854,
        0.5837299,
        -0.81072
      ],
      [
        -0.256528556,
        0.7776199,
        0.574021339
      ]
    ],
    "translation": [
      1.26352692,
      1.665237,
      -1.28604686
    ]
  },
  {
    "timeStamp": 1035,
    "rotation": [
      [
        0.9647491,
        0.23481223,
        0.118838131
      ],
      [
        -0.0386319868,
        0.5730281,
        -0.8186247
      ],
      [
        -0.260320663,
        0.785176456,
        0.5618996
      ]
    ],
    "translation": [
      1.26270056,
      1.66274166,
      -1.28471684
    ]
  },
  {
    "timeStamp": 1091,
    "rotation": [
      [
        0.964429438,
        0.23504509,
        0.120953687
      ],
      [
        -0.0289404672,
        0.5487026,
        -0.8355166
      ],
      [
        -0.262751669,
        0.8022963,
        0.5359872
      ]
    ],
    "translation": [
      1.26171374,
      1.6579752,
      -1.28308
    ]
  },
  {
    "timeStamp": 1135,
    "rotation": [
      [
        0.9668743,
        0.226434231,
        0.117820196
      ],
      [
        -0.0159593914,
        0.5143065,
        -0.857457936
      ],
      [
        -0.25475353,
        0.8271737,
        0.50088346
      ]
    ],
    "translation": [
      1.26020455,
      1.6522367,
      -1.28172874
    ]
  },
  {
    "timeStamp": 1190,
    "rotation": [
      [
        0.970274031,
        0.21086584,
        0.118760206
      ],
      [
        0.006753441,
        0.466943324,
        -0.8842615
      ],
      [
        -0.241914809,
        0.858778,
        0.451638877
      ]
    ],
    "translation": [
      1.25862455,
      1.643039,
      -1.277359
    ]
  },
  {
    "timeStamp": 1235,
    "rotation": [
      [
        0.972170055,
        0.2013682,
        0.119733371
      ],
      [
        0.0235179141,
        0.424613178,
        -0.905069351
      ],
      [
        -0.233092546,
        0.8826972,
        0.4080605
      ]
    ],
    "translation": [
      1.25765634,
      1.6333679,
      -1.27100337
    ]
  },
  {
    "timeStamp": 1290,
    "rotation": [
      [
        0.9754301,
        0.191583127,
        0.108775489
      ],
      [
        0.03295081,
        0.3613176,
        -0.9318604
      ],
      [
        -0.217831239,
        0.91254884,
        0.346127242
      ]
    ],
    "translation": [
      1.25645471,
      1.61843824,
      -1.26191449
    ]
  },
  {
    "timeStamp": 1334,
    "rotation": [
      [
        0.9756891,
        0.198024958,
        0.09389835
      ],
      [
        0.0276524052,
        0.313788056,
        -0.9490903
      ],
      [
        -0.217407748,
        0.9286136,
        0.3006837
      ]
    ],
    "translation": [
      1.25563622,
      1.6077199,
      -1.25370467
    ]
  },
  {
    "timeStamp": 1390,
    "rotation": [
      [
        0.9752302,
        0.206040174,
        0.08045805
      ],
      [
        0.0215419736,
        0.273546129,
        -0.961617649
      ],
      [
        -0.220140845,
        0.9395318,
        0.262331963
      ]
    ],
    "translation": [
      1.25567722,
      1.59601438,
      -1.24164569
    ]
  },
  {
    "timeStamp": 1434,
    "rotation": [
      [
        0.9761395,
        0.2047436,
        0.07233049
      ],
      [
        0.0191963669,
        0.2504283,
        -0.9679448
      ],
      [
        -0.21629411,
        0.9462376,
        0.240522608
      ]
    ],
    "translation": [
      1.25578547,
      1.58752525,
      -1.23287809
    ]
  },
  {
    "timeStamp": 1490,
    "rotation": [
      [
        0.97840637,
        0.197838351,
        0.0598406047
      ],
      [
        0.0134436861,
        0.227992356,
        -0.9735701
      ],
      [
        -0.206252709,
        0.9533517,
        0.2204095
      ]
    ],
    "translation": [
      1.25563884,
      1.57899809,
      -1.2240181
    ]
  },
  {
    "timeStamp": 1535,
    "rotation": [
      [
        0.979654133,
        0.1946912,
        0.0487151146
      ],
      [
        0.005967629,
        0.214367852,
        -0.976734757
      ],
      [
        -0.200604618,
        0.957152963,
        0.2088445
      ]
    ],
    "translation": [
      1.25524616,
      1.574008,
      -1.21945417
    ]
  },
  {
    "timeStamp": 1590,
    "rotation": [
      [
        0.9802331,
        0.194077343,
        0.0384327769
      ],
      [
        -0.002415903,
        0.205983028,
        -0.9785526
      ],
      [
        -0.197831377,
        0.959116757,
        0.202380255
      ]
    ],
    "translation": [
      1.25544739,
      1.56939662,
      -1.21556139
    ]
  },
  {
    "timeStamp": 1634,
    "rotation": [
      [
        0.9797856,
        0.196939528,
        0.0351422727
      ],
      [
        -0.00510731339,
        0.20023492,
        -0.9797346
      ],
      [
        -0.199985191,
        0.959750354,
        0.197193131
      ]
    ],
    "translation": [
      1.25576425,
      1.56740832,
      -1.21513414
    ]
  },
  {
    "timeStamp": 1690,
    "rotation": [
      [
        0.979449153,
        0.1985624,
        0.035388764
      ],
      [
        -0.0046432903,
        0.197612375,
        -0.980269253
      ],
      [
        -0.201637864,
        0.959959567,
        0.194473252
      ]
    ],
    "translation": [
      1.25633073,
      1.5677073,
      -1.21614313
    ]
  },
  {
    "timeStamp": 1734,
    "rotation": [
      [
        0.979007065,
        0.200159431,
        0.0384895056
      ],
      [
        -0.003378235,
        0.204742923,
        -0.978809953
      ],
      [
        -0.2037985,
        0.9581318,
        0.201120943
      ]
    ],
    "translation": [
      1.25649881,
      1.56979585,
      -1.21694958
    ]
  },
  {
    "timeStamp": 1790,
    "rotation": [
      [
        0.9799137,
        0.19486931,
        0.042368114
      ],
      [
        -0.0012611117,
        0.218505755,
        -0.975834846
      ],
      [
        -0.199417934,
        0.9561805,
        0.214362532
      ]
    ],
    "translation": [
      1.25602221,
      1.573737,
      -1.21779346
    ]
  },
  {
    "timeStamp": 1834,
    "rotation": [
      [
        0.980734944,
        0.190220386,
        0.0444426574
      ],
      [
        -0.0010395007,
        0.232589513,
        -0.9725744
      ],
      [
        -0.19534038,
        0.9537915,
        0.2283064
      ]
    ],
    "translation": [
      1.255451,
      1.57740974,
      -1.21912694
    ]
  },
  {
    "timeStamp": 1890,
    "rotation": [
      [
        0.9812153,
        0.187093064,
        0.0470386632
      ],
      [
        -0.00213290448,
        0.254336327,
        -0.9671135
      ],
      [
        -0.192903861,
        0.9488462,
        0.249957755
      ]
    ],
    "translation": [
      1.254951,
      1.58413982,
      -1.22261524
    ]
  },
  {
    "timeStamp": 1935,
    "rotation": [
      [
        0.9805027,
        0.18913874,
        0.0533007048
      ],
      [
        -0.0017443056,
        0.279609352,
        -0.9601123
      ],
      [
        -0.1964978,
        0.941299736,
        0.2744876
      ]
    ],
    "translation": [
      1.25488853,
      1.59232342,
      -1.22764
    ]
  },
  {
    "timeStamp": 1990,
    "rotation": [
      [
        0.9756869,
        0.204556763,
        0.07868634
      ],
      [
        0.00666565029,
        0.3311599,
        -0.9435511
      ],
      [
        -0.219067514,
        0.921135,
        0.3217449
      ]
    ],
    "translation": [
      1.25600624,
      1.60610914,
      -1.23682117
    ]
  },
  {
    "timeStamp": 2034,
    "rotation": [
      [
        0.9704478,
        0.214403242,
        0.110735409
      ],
      [
        0.0207019858,
        0.383227825,
        -0.9234218
      ],
      [
        -0.240421534,
        0.8984251,
        0.367464036
      ]
    ],
    "translation": [
      1.25884056,
      1.61974359,
      -1.24490643
    ]
  },
  {
    "timeStamp": 2088,
    "rotation": [
      [
        0.9634297,
        0.221047819,
        0.151463524
      ],
      [
        0.03810113,
        0.446495116,
        -0.8939745
      ],
      [
        -0.265238851,
        0.8670525,
        0.421744466
      ]
    ],
    "translation": [
      1.26201749,
      1.63626623,
      -1.25607085
    ]
  },
  {
    "timeStamp": 2133,
    "rotation": [
      [
        0.956867754,
        0.227529079,
        0.180650592
      ],
      [
        0.0477056466,
        0.490315646,
        -0.8702383
      ],
      [
        -0.286580354,
        0.841321051,
        0.4583128
      ]
    ],
    "translation": [
      1.26393628,
      1.64676881,
      -1.26505387
    ]
  },
  {
    "timeStamp": 2189,
    "rotation": [
      [
        0.949071944,
        0.236323237,
        0.208359942
      ],
      [
        0.05406377,
        0.529366136,
        -0.846669137
      ],
      [
        -0.31038627,
        0.8148146,
        0.489630044
      ]
    ],
    "translation": [
      1.26698637,
      1.65594471,
      -1.27410591
    ]
  },
  {
    "timeStamp": 2233,
    "rotation": [
      [
        0.9387121,
        0.256812781,
        0.2299277
      ],
      [
        0.0532053038,
        0.551090956,
        -0.8327472
      ],
      [
        -0.340571225,
        0.7939433,
        0.503652
      ]
    ],
    "translation": [
      1.26957393,
      1.66026461,
      -1.27929986
    ]
  },
  {
    "timeStamp": 2289,
    "rotation": [
      [
        0.922741532,
        0.2908595,
        0.252881169
      ],
      [
        0.0476182178,
        0.565058768,
        -0.8236754
      ],
      [
        -0.382466525,
        0.772081256,
        0.5075529
      ]
    ],
    "translation": [
      1.2722342,
      1.66276789,
      -1.28353667
    ]
  },
  {
    "timeStamp": 2333,
    "rotation": [
      [
        0.9120572,
        0.3113326,
        0.266877264
      ],
      [
        0.0465806872,
        0.5679483,
        -0.8217451
      ],
      [
        -0.407408535,
        0.7619099,
        0.503499269
      ]
    ],
    "translation": [
      1.27363586,
      1.66350365,
      -1.28583789
    ]
  },
  {
    "timeStamp": 2388,
    "rotation": [
      [
        0.9033001,
        0.324787885,
        0.280288726
      ],
      [
        0.0482390076,
        0.572301447,
        -0.818623245
      ],
      [
        -0.426288575,
        0.752983332,
        0.5012925
      ]
    ],
    "translation": [
      1.2743187,
      1.66472244,
      -1.2877059
    ]
  },
  {
    "timeStamp": 2434,
    "rotation": [
      [
        0.901165068,
        0.3278152,
        0.283617228
      ],
      [
        0.04678525,
        0.5769087,
        -0.815467656
      ],
      [
        -0.430943936,
        0.7481401,
        0.5045531
      ]
    ],
    "translation": [
      1.27373052,
      1.66602707,
      -1.28886735
    ]
  },
  {
    "timeStamp": 2490,
    "rotation": [
      [
        0.9046828,
        0.3244971,
        0.276135147
      ],
      [
        0.0379251875,
        0.5841765,
        -0.8107401
      ],
      [
        -0.424394459,
        0.743935168,
        0.5161878
      ]
    ],
    "translation": [
      1.27180576,
      1.6683166,
      -1.28974378
    ]
  },
  {
    "timeStamp": 2534,
    "rotation": [
      [
        0.908920169,
        0.3190154,
        0.268501878
      ],
      [
        0.0296468716,
        0.5928626,
        -0.8047577
      ],
      [
        -0.415914834,
        0.7394208,
        0.529407
      ]
    ],
    "translation": [
      1.27095032,
      1.67050719,
      -1.28958941
    ]
  },
  {
    "timeStamp": 2589,
    "rotation": [
      [
        0.912136137,
        0.320105374,
        0.2560082
      ],
      [
        0.0127613535,
        0.602101147,
        -0.7983178
      ],
      [
        -0.409688681,
        0.7314415,
        0.545113266
      ]
    ],
    "translation": [
      1.270628,
      1.67228866,
      -1.28873193
    ]
  },
  {
    "timeStamp": 2634,
    "rotation": [
      [
        0.9144405,
        0.321936429,
        0.24526614
      ],
      [
        0.00262062182,
        0.6012912,
        -0.799025655
      ],
      [
        -0.404711872,
        0.731304169,
        0.549001336
      ]
    ],
    "translation": [
      1.2711587,
      1.672475,
      -1.28894162
    ]
  },
  {
    "timeStamp": 2690,
    "rotation": [
      [
        0.916278839,
        0.322907031,
        0.236989871
      ],
      [
        -0.00457444973,
        0.600072,
        -0.7999329
      ],
      [
        -0.40051496,
        0.7318775,
        0.55131036
      ]
    ],
    "translation": [
      1.27191734,
      1.67206752,
      -1.28965151
    ]
  },
  {
    "timeStamp": 2734,
    "rotation": [
      [
        0.9173124,
        0.31995213,
        0.236999229
      ],
      [
        -0.001091772,
        0.597242653,
        -0.8020598
      ],
      [
        -0.3981668,
        0.735480666,
        0.5482074
      ]
    ],
    "translation": [
      1.27323508,
      1.67149842,
      -1.28959525
    ]
  },
  {
    "timeStamp": 2790,
    "rotation": [
      [
        0.914266765,
        0.320091635,
        0.248309642
      ],
      [
        0.0125899911,
        0.5901933,
        -0.8071638
      ],
      [
        -0.404917061,
        0.7410892,
        0.5355641
      ]
    ],
    "translation": [
      1.27505112,
      1.67017365,
      -1.29020286
    ]
  },
  {
    "timeStamp": 2834,
    "rotation": [
      [
        0.9108487,
        0.32531926,
        0.25401184
      ],
      [
        0.0170863681,
        0.585179865,
        -0.8107235
      ],
      [
        -0.4123866,
        0.7427866,
        0.527451754
      ]
    ],
    "translation": [
      1.27545571,
      1.669014,
      -1.290238
    ]
  },
  {
    "timeStamp": 2890,
    "rotation": [
      [
        0.9181252,
        0.314412,
        0.241228461
      ],
      [
        0.0198492035,
        0.5714671,
        -0.82038486
      ],
      [
        -0.395793,
        0.758004248,
        0.518437564
      ]
    ],
    "translation": [
      1.27373815,
      1.66712785,
      -1.28994787
    ]
  },
  {
    "timeStamp": 2934,
    "rotation": [
      [
        0.923261642,
        0.313972741,
        0.221379712
      ],
      [
        0.00629544351,
        0.5638097,
        -0.8258807
      ],
      [
        -0.384120077,
        0.763897657,
        0.518567264
      ]
    ],
    "translation": [
      1.27133226,
      1.66568947,
      -1.288859
    ]
  },
  {
    "timeStamp": 2989,
    "rotation": [
      [
        0.9306867,
        0.310440481,
        0.193517476
      ],
      [
        -0.0105403895,
        0.5515374,
        -0.834083557
      ],
      [
        -0.365665436,
        0.7742307,
        0.5165807
      ]
    ],
    "translation": [
      1.26783729,
      1.66339278,
      -1.28832376
    ]
  },
  {
    "timeStamp": 3034,
    "rotation": [
      [
        0.933940947,
        0.3094681,
        0.178840235
      ],
      [
        -0.018672388,
        0.5419143,
        -0.8402263
      ],
      [
        -0.356939316,
        0.7813824,
        0.5118944
      ]
    ],
    "translation": [
      1.2657125,
      1.66181111,
      -1.28836286
    ]
  },
  {
    "timeStamp": 3089,
    "rotation": [
      [
        0.9338314,
        0.311562657,
        0.175748914
      ],
      [
        -0.0185887124,
        0.5329142,
        -0.8459651
      ],
      [
        -0.357230216,
        0.786721766,
        0.503443539
      ]
    ],
    "translation": [
      1.26513219,
      1.660278,
      -1.28865457
    ]
  },
  {
    "timeStamp": 3134,
    "rotation": [
      [
        0.9287723,
        0.324375451,
        0.1793394
      ],
      [
        -0.01824305,
        0.5232695,
        -0.851972
      ],
      [
        -0.370201617,
        0.78801626,
        0.4919158
      ]
    ],
    "translation": [
      1.26487446,
      1.65851307,
      -1.28955543
    ]
  },
  {
    "timeStamp": 3189,
    "rotation": [
      [
        0.9222705,
        0.34329924,
        0.1776592
      ],
      [
        -0.0209268313,
        0.5032778,
        -0.8638713
      ],
      [
        -0.385978281,
        0.793005168,
        0.471342385
      ]
    ],
    "translation": [
      1.26473546,
      1.65557933,
      -1.2927171
    ]
  },
  {
    "timeStamp": 3234,
    "rotation": [
      [
        0.9164723,
        0.352041483,
        0.190119013
      ],
      [
        -0.00769981137,
        0.490611941,
        -0.871344149
      ],
      [
        -0.400023967,
        0.7970989,
        0.4523429
      ]
    ],
    "translation": [
      1.26576686,
      1.65371323,
      -1.29523242
    ]
  },
  {
    "timeStamp": 3289,
    "rotation": [
      [
        0.914577,
        0.354953885,
        0.193795577
      ],
      [
        -0.0030409,
        0.485225916,
        -0.874383569
      ],
      [
        -0.404400468,
        0.79910177,
        0.4448558
      ]
    ],
    "translation": [
      1.26524973,
      1.65349913,
      -1.295375
    ]
  },
  {
    "timeStamp": 3333,
    "rotation": [
      [
        0.922472835,
        0.3446374,
        0.17397967
      ],
      [
        -0.0195841659,
        0.491846025,
        -0.870461941
      ],
      [
        -0.385564923,
        0.799570262,
        0.46046406
      ]
    ],
    "translation": [
      1.26341462,
      1.65492356,
      -1.29403746
    ]
  },
  {
    "timeStamp": 3389,
    "rotation": [
      [
        0.928805053,
        0.330486983,
        0.1676291
      ],
      [
        -0.0242222548,
        0.505533636,
        -0.8624668
      ],
      [
        -0.369776219,
        0.7970032,
        0.477547348
      ]
    ],
    "translation": [
      1.26160407,
      1.65723729,
      -1.29267049
    ]
  },
  {
    "timeStamp": 3433,
    "rotation": [
      [
        0.932188034,
        0.3245725,
        0.160243735
      ],
      [
        -0.02737903,
        0.504649,
        -0.862890363
      ],
      [
        -0.360937327,
        0.7999888,
        0.4793142
      ]
    ],
    "translation": [
      1.25992489,
      1.65784812,
      -1.29332983
    ]
  },
  {
    "timeStamp": 3489,
    "rotation": [
      [
        0.9389297,
        0.317053974,
        0.133745551
      ],
      [
        -0.04607975,
        0.5010181,
        -0.8642092
      ],
      [
        -0.3410099,
        0.8052687,
        0.4850305
      ]
    ],
    "translation": [
      1.25828552,
      1.657579,
      -1.29350376
    ]
  },
  {
    "timeStamp": 3533,
    "rotation": [
      [
        0.939817548,
        0.313511044,
        0.135844767
      ],
      [
        -0.04115717,
        0.498562843,
        -0.865875959
      ],
      [
        -0.339188844,
        0.808174431,
        0.481461346
      ]
    ],
    "translation": [
      1.25751019,
      1.656877,
      -1.293678
    ]
  },
  {
    "timeStamp": 3589,
    "rotation": [
      [
        0.9401282,
        0.310002178,
        0.141625077
      ],
      [
        -0.0307061225,
        0.490892261,
        -0.870679
      ],
      [
        -0.339435041,
        0.8142012,
        0.471020639
      ]
    ],
    "translation": [
      1.25726676,
      1.655765,
      -1.29492962
    ]
  },
  {
    "timeStamp": 3633,
    "rotation": [
      [
        0.9383714,
        0.312954515,
        0.146691978
      ],
      [
        -0.0245497078,
        0.4836998,
        -0.8748896
      ],
      [
        -0.34475553,
        0.8173702,
        0.461573035
      ]
    ],
    "translation": [
      1.25776625,
      1.65528333,
      -1.29601943
    ]
  },
  {
    "timeStamp": 3689,
    "rotation": [
      [
        0.932829142,
        0.320974976,
        0.163721487
      ],
      [
        -0.0141760521,
        0.486720681,
        -0.87344265
      ],
      [
        -0.36003986,
        0.812451839,
        0.458577424
      ]
    ],
    "translation": [
      1.25929689,
      1.6563555,
      -1.296091
    ]
  },
  {
    "timeStamp": 3734,
    "rotation": [
      [
        0.930086434,
        0.323817283,
        0.173440471
      ],
      [
        -0.008045609,
        0.489995629,
        -0.87168777
      ],
      [
        -0.367252648,
        0.809349537,
        0.458343565
      ]
    ],
    "translation": [
      1.25976348,
      1.65744281,
      -1.29601216
    ]
  },
  {
    "timeStamp": 3789,
    "rotation": [
      [
        0.9347815,
        0.318529576,
        0.1572338
      ],
      [
        -0.0223637037,
        0.49452734,
        -0.8688743
      ],
      [
        -0.354518563,
        0.8086913,
        0.469398528
      ]
    ],
    "translation": [
      1.25771427,
      1.65871811,
      -1.29549074
    ]
  },
  {
    "timeStamp": 3833,
    "rotation": [
      [
        0.9376754,
        0.318856359,
        0.138186157
      ],
      [
        -0.04049689,
        0.495194972,
        -0.8678375
      ],
      [
        -0.345144629,
        0.808153749,
        0.477244824
      ]
    ],
    "translation": [
      1.25623608,
      1.6596657,
      -1.29557574
    ]
  },
  {
    "timeStamp": 3889,
    "rotation": [
      [
        0.9377048,
        0.315484,
        0.145532176
      ],
      [
        -0.0393850431,
        0.5127015,
        -0.8576631
      ],
      [
        -0.345193565,
        0.798503,
        0.493187964
      ]
    ],
    "translation": [
      1.25643969,
      1.66134715,
      -1.29394126
    ]
  },
  {
    "timeStamp": 3934,
    "rotation": [
      [
        0.939776838,
        0.3005308,
        0.1627906
      ],
      [
        -0.0223521627,
        0.5293109,
        -0.8481335
      ],
      [
        -0.341057062,
        0.7934175,
        0.5041516
      ]
    ],
    "translation": [
      1.25802708,
      1.66272569,
      -1.29293692
    ]
  },
  {
    "timeStamp": 3989,
    "rotation": [
      [
        0.93502444,
        0.298746318,
        0.190997437
      ],
      [
        0.000875443162,
        0.536706448,
        -0.8437686
      ],
      [
        -0.3545823,
        0.789111435,
        0.5015721
      ]
    ],
    "translation": [
      1.25976825,
      1.66250336,
      -1.29246092
    ]
  },
  {
    "timeStamp": 4034,
    "rotation": [
      [
        0.930087149,
        0.307384878,
        0.201128
      ],
      [
        0.0148306312,
        0.515658736,
        -0.85666573
      ],
      [
        -0.367039472,
        0.799756646,
        0.4750488
      ]
    ],
    "translation": [
      1.26001668,
      1.65892029,
      -1.29541886
    ]
  },
  {
    "timeStamp": 4089,
    "rotation": [
      [
        0.9262177,
        0.328636736,
        0.184712544
      ],
      [
        0.006353004,
        0.4762916,
        -0.8792644
      ],
      [
        -0.376935631,
        0.815563738,
        0.43906185
      ]
    ],
    "translation": [
      1.25924563,
      1.654424,
      -1.29851484
    ]
  },
  {
    "timeStamp": 4133,
    "rotation": [
      [
        0.9203541,
        0.349855155,
        0.174784645
      ],
      [
        -0.008454142,
        0.46461463,
        -0.885472655
      ],
      [
        -0.390994668,
        0.8134707,
        0.4305677
      ]
    ],
    "translation": [
      1.25943589,
      1.65229845,
      -1.29811883
    ]
  },
  {
    "timeStamp": 4189,
    "rotation": [
      [
        0.9203166,
        0.353142172,
        0.1682497
      ],
      [
        -0.0203564856,
        0.4727679,
        -0.8809518
      ],
      [
        -0.3906443,
        0.8073296,
        0.442284882
      ]
    ],
    "translation": [
      1.26069307,
      1.65235329,
      -1.29629588
    ]
  },
  {
    "timeStamp": 4233,
    "rotation": [
      [
        0.9188406,
        0.353253335,
        0.175909147
      ],
      [
        -0.01831134,
        0.483443618,
        -0.87518394
      ],
      [
        -0.3942038,
        0.8009334,
        0.450676173
      ]
    ],
    "translation": [
      1.26313925,
      1.6529839,
      -1.29507065
    ]
  },
  {
    "timeStamp": 4289,
    "rotation": [
      [
        0.9125694,
        0.3637753,
        0.186774313
      ],
      [
        -0.0118727479,
        0.4801261,
        -0.8771191
      ],
      [
        -0.408749521,
        0.798214555,
        0.4424674
      ]
    ],
    "translation": [
      1.26584339,
      1.652077,
      -1.29561853
    ]
  },
  {
    "timeStamp": 4333,
    "rotation": [
      [
        0.910745859,
        0.367752761,
        0.187882632
      ],
      [
        -0.00682566036,
        0.468300521,
        -0.8835429
      ],
      [
        -0.412910879,
        0.803400636,
        0.429012924
      ]
    ],
    "translation": [
      1.26813889,
      1.6506238,
      -1.29641676
    ]
  },
  {
    "timeStamp": 4389,
    "rotation": [
      [
        0.9101005,
        0.372224867,
        0.182114884
      ],
      [
        -0.008983947,
        0.457099617,
        -0.889370143
      ],
      [
        -0.4142903,
        0.8077801,
        0.419350624
      ]
    ],
    "translation": [
      1.26955676,
      1.64864385,
      -1.297282
    ]
  },
  {
    "timeStamp": 4433,
    "rotation": [
      [
        0.909797966,
        0.3759575,
        0.175851271
      ],
      [
        -0.0174775515,
        0.458012134,
        -0.8887741
      ],
      [
        -0.414683282,
        0.8055314,
        0.4232693
      ]
    ],
    "translation": [
      1.27091265,
      1.64857352,
      -1.29648423
    ]
  },
  {
    "timeStamp": 4488,
    "rotation": [
      [
        0.9107404,
        0.379595757,
        0.162662059
      ],
      [
        -0.0341940671,
        0.461834431,
        -0.886306763
      ],
      [
        -0.411561251,
        0.8016333,
        0.4335912
      ]
    ],
    "translation": [
      1.271646,
      1.64907694,
      -1.29582858
    ]
  },
  {
    "timeStamp": 4533,
    "rotation": [
      [
        0.90974766,
        0.384282947,
        0.157116964
      ],
      [
        -0.0408819951,
        0.459530443,
        -0.8872206
      ],
      [
        -0.413143784,
        0.8007237,
        0.433767
      ]
    ],
    "translation": [
      1.27210522,
      1.64904261,
      -1.296537
    ]
  },
  {
    "timeStamp": 4589,
    "rotation": [
      [
        0.906624556,
        0.396461636,
        0.1443958
      ],
      [
        -0.04255898,
        0.426400274,
        -0.9035328
      ],
      [
        -0.4197865,
        0.813019633,
        0.40345794
      ]
    ],
    "translation": [
      1.27021146,
      1.6462214,
      -1.30210578
    ]
  },
  {
    "timeStamp": 4633,
    "rotation": [
      [
        0.902513146,
        0.40696454,
        0.140889645
      ],
      [
        -0.0482096858,
        0.420561016,
        -0.9059825
      ],
      [
        -0.427955419,
        0.810868859,
        0.3991815
      ]
    ],
    "translation": [
      1.26978707,
      1.64738512,
      -1.30464828
    ]
  },
  {
    "timeStamp": 4689,
    "rotation": [
      [
        0.911602,
        0.3845144,
        0.14536345
      ],
      [
        -0.0471538045,
        0.449097037,
        -0.892237842
      ],
      [
        -0.4083606,
        0.8065114,
        0.427529067
      ]
    ],
    "translation": [
      1.27087855,
      1.65251136,
      -1.30411577
    ]
  },
  {
    "timeStamp": 4735,
    "rotation": [
      [
        0.9166688,
        0.367970943,
        0.155934766
      ],
      [
        -0.037280526,
        0.467211634,
        -0.8833592
      ],
      [
        -0.397905052,
        0.803934455,
        0.441996485
      ]
    ],
    "translation": [
      1.27143288,
      1.65617025,
      -1.3043412
    ]
  },
  {
    "timeStamp": 4788,
    "rotation": [
      [
        0.9182375,
        0.3585412,
        0.168190464
      ],
      [
        -0.0259140562,
        0.478177726,
        -0.8778807
      ],
      [
        -0.395181328,
        0.8017445,
        0.448372036
      ]
    ],
    "translation": [
      1.27237129,
      1.65859032,
      -1.30634689
    ]
  },
  {
    "timeStamp": 4843,
    "rotation": [
      [
        0.9199079,
        0.3493099,
        0.178190917
      ],
      [
        -0.01406556,
        0.483513355,
        -0.875224
      ],
      [
        -0.391882062,
        0.802619159,
        0.449701
      ]
    ],
    "translation": [
      1.27401042,
      1.65922832,
      -1.30735517
    ]
  },
  {
    "timeStamp": 4887,
    "rotation": [
      [
        0.917859554,
        0.346596748,
        0.193402663
      ],
      [
        -0.004885429,
        0.4971053,
        -0.8676765
      ],
      [
        -0.396875322,
        0.7954603,
        0.4579661
      ]
    ],
    "translation": [
      1.27619934,
      1.6597209,
      -1.30663514
    ]
  },
  {
    "timeStamp": 4943,
    "rotation": [
      [
        0.915655553,
        0.3501662,
        0.197379217
      ],
      [
        -0.00587004237,
        0.502633452,
        -0.864479661
      ],
      [
        -0.401921,
        0.790406942,
        0.462294579
      ]
    ],
    "translation": [
      1.27707243,
      1.65894949,
      -1.30611718
    ]
  },
  {
    "timeStamp": 4987,
    "rotation": [
      [
        0.915480256,
        0.354385942,
        0.190542608
      ],
      [
        -0.0128515437,
        0.499071479,
        -0.8664655
      ],
      [
        -0.402157575,
        0.7907833,
        0.4614445
      ]
    ],
    "translation": [
      1.27668476,
      1.65732074,
      -1.30638683
    ]
  },
  {
    "timeStamp": 5043,
    "rotation": [
      [
        0.9178885,
        0.352848172,
        0.181600556
      ],
      [
        -0.01739512,
        0.492953628,
        -0.8698817
      ],
      [
        -0.3964568,
        0.7952955,
        0.45861432
      ]
    ],
    "translation": [
      1.27604842,
      1.65540791,
      -1.306383
    ]
  },
  {
    "timeStamp": 5087,
    "rotation": [
      [
        0.9174233,
        0.3566363,
        0.1764797
      ],
      [
        -0.0254660379,
        0.495228022,
        -0.8683897
      ],
      [
        -0.397097,
        0.792186737,
        0.463415831
      ]
    ],
    "translation": [
      1.2763927,
      1.65373826,
      -1.30445623
    ]
  },
  {
    "timeStamp": 5143,
    "rotation": [
      [
        0.916780233,
        0.360059559,
        0.17283228
      ],
      [
        -0.02997985,
        0.493557543,
        -0.8691963
      ],
      [
        -0.3982651,
        0.7916805,
        0.463278353
      ]
    ],
    "translation": [
      1.27704334,
      1.65266228,
      -1.30339789
    ]
  },
  {
    "timeStamp": 5188,
    "rotation": [
      [
        0.9161372,
        0.36366573,
        0.168641374
      ],
      [
        -0.0318124853,
        0.485324472,
        -0.8737552
      ],
      [
        -0.3996006,
        0.795114756,
        0.456192881
      ]
    ],
    "translation": [
      1.277761,
      1.65112269,
      -1.30329466
    ]
  },
  {
    "timeStamp": 5233,
    "rotation": [
      [
        0.916195333,
        0.365128249,
        0.165128842
      ],
      [
        -0.0309658758,
        0.475343168,
        -0.879255354
      ],
      [
        -0.399533838,
        0.8004563,
        0.4468137
      ]
    ],
    "translation": [
      1.278326,
      1.6497972,
      -1.3040278
    ]
  },
  {
    "timeStamp": 5288,
    "rotation": [
      [
        0.916795,
        0.363101274,
        0.166266069
      ],
      [
        -0.0252602026,
        0.468223929,
        -0.8832487
      ],
      [
        -0.3985585,
        0.8055581,
        0.438437372
      ]
    ],
    "translation": [
      1.27975607,
      1.64860523,
      -1.30431235
    ]
  },
  {
    "timeStamp": 5333,
    "rotation": [
      [
        0.9165778,
        0.364292443,
        0.164851934
      ],
      [
        -0.0257349219,
        0.465167582,
        -0.8848485
      ],
