[
  {
    "id": "010 potted meat can(Clone)-21680",
    "pickRotation": [
      [
        -0.0459725074,
        0.2941875,
        -0.954641461
      ],
      [
        0.9984813,
        -0.0155120995,
        -0.0528639853
      ],
      [
        -0.0303604156,
        -0.955621839,
        -0.29302755
      ]
    ],
    "pickTranslation": [
      0.0306680445,
      -0.0272717252,
      0.06682577
    ],
    "placeRotation": [
      [
        -0.0585187562,
        -0.983306468,
        -0.172290236
      ],
      [
        -0.0357623324,
        -0.1704103,
        0.984724
      ],
      [
        -0.997645557,
        0.0637863353,
        -0.0251931343
      ]
    ],
    "placeTranslation": [
      -0.862775,
      0.012736503,
      0.5116629
    ]
  },
  {
    "id": "007 tuna fish can(Clone)-21272",
    "pickRotation": [
      [
        -0.978844643,
        -0.0480723977,
        -0.198877439
      ],
      [
        0.179879382,
        0.261007577,
        -0.948429465
      ],
      [
        0.0975018,
        -0.964139044,
        -0.246838644
      ]
    ],
    "pickTranslation": [
      0.0259012077,
      -0.0204135757,
      0.03437579
    ],
    "placeRotation": [
      [
        0.94331187,
        -0.3307096,
        -0.0281760339
      ],
      [
        0.0084529575,
        -0.06092628,
        0.9981065
      ],
      [
        -0.331800073,
        -0.9417639,
        -0.05467701
      ]
    ],
    "placeTranslation": [
      -0.6800618,
      0.0559804738,
      -0.155641451
    ]
  },
  {
    "id": "002 masterchef can(Clone)-21608",
    "pickRotation": [
      [
        -0.8931141,
        -0.1010517,
        -0.438333
      ],
      [
        0.412284136,
        0.205850571,
        -0.887495
      ],
      [
        0.179913968,
        -0.973352,
        -0.142186031
      ]
    ],
    "pickTranslation": [
      0.01992096,
      -0.009993083,
      0.120313019
    ],
    "placeRotation": [
      [
        0.814308465,
        -0.579778969,
        0.02753307
      ],
      [
        -0.0368189551,
        -0.004256512,
        0.9993129
      ],
      [
        -0.5792634,
        -0.814762652,
        -0.02481297
      ]
    ],
    "placeTranslation": [
      -0.723332763,
      0.17495513,
      0.03575011
    ]
  },
  {
    "id": "021 bleach cleanser(Clone)-21692",
    "pickRotation": [
      [
        0.234188929,
        0.299122155,
        0.9250305
      ],
      [
        -0.9686375,
        -0.009487356,
        0.248296753
      ],
      [
        0.08304715,
        -0.9541676,
        0.287519127
      ]
    ],
    "pickTranslation": [
      -0.0208082348,
      0.007206754,
      0.203561112
    ],
    "placeRotation": [
      [
        0.1364904,
        0.99064064,
        -0.0012364703
      ],
      [
        -0.04965784,
        0.008088426,
        0.9987335
      ],
      [
        0.989396,
        -0.136256143,
        0.0502970666
      ]
    ],
    "placeTranslation": [
      -0.5523412,
      0.009964669,
      -0.686323643
    ]
  },
  {
    "id": "006 mustard bottle(Clone)-21620",
    "pickRotation": [
      [
        -0.262228459,
        -0.434207618,
        -0.8618004
      ],
      [
        0.9609391,
        -0.0355923027,
        -0.274461627
      ],
      [
        0.08849987,
        -0.9001094,
        0.4265804
      ]
    ],
    "pickTranslation": [
      0.0486894026,
      -0.0109748393,
      0.105822884
    ],
    "placeRotation": [
      [
        0.2614267,
        -0.9649301,
        -0.0237909053
      ],
      [
        0.194294,
        0.0284641646,
        0.980530262
      ],
      [
        -0.945466,
        -0.2609592,
        0.194921419
      ]
    ],
    "placeTranslation": [
      -0.0846524462,
      0.04146332,
      0.5080115
    ]
  },
  {
    "id": "006 mustard bottle(Clone)-21704",
    "pickRotation": [
      [
        -0.5274196,
        -0.285912752,
        -0.80005157
      ],
      [
        0.847301,
        -0.107705146,
        -0.5200776
      ],
      [
        0.06252715,
        -0.9521836,
        0.299059957
      ]
    ],
    "pickTranslation": [
      0.0383549854,
      0.0006927101,
      0.138697788
    ],
    "placeRotation": [
      [
        0.3294443,
        -0.9441713,
        -0.00266259816
      ],
      [
        0.0582964458,
        0.01752624,
        0.998145461
      ],
      [
        -0.942373633,
        -0.328988522,
        0.06081575
      ]
    ],
    "placeTranslation": [
      0.598507941,
      0.0319276676,
      0.5112491
    ]
  },
  {
    "id": "008 pudding box(Clone)-21256",
    "pickRotation": [
      [
        0.276552975,
        -0.335234046,
        0.9006312
      ],
      [
        0.418681055,
        -0.801532269,
        -0.426909953
      ],
      [
        0.8649998,
        0.495140463,
        -0.08131
      ]
    ],
    "pickTranslation": [
      0.00323487772,
      0.0514013022,
      0.0217505489
    ],
    "placeRotation": [
      [
        -0.9185434,
        0.3895638,
        0.06721701
      ],
      [
        0.38943243,
        0.9209232,
        -0.0155875236
      ],
      [
        -0.06797403,
        0.0118586654,
        -0.997616649
      ]
    ],
    "placeTranslation": [
      0.780433655,
      0.161781266,
      -0.48582378
    ]
  },
  {
    "id": "008 pudding box(Clone)-21728",
    "pickRotation": [
      [
        0.2924348,
        -0.475429058,
        0.829728246
      ],
      [
        -0.08475785,
        -0.877128839,
        -0.4727167
      ],
      [
        0.952521861,
        0.06791283,
        -0.296799362
      ]
    ],
    "pickTranslation": [
      0.013553936,
      0.0591730177,
      0.0298736375
    ],
    "placeRotation": [
      [
        -0.89370507,
        0.4453237,
        0.0545714125
      ],
      [
        0.4470656,
        0.8941561,
        0.0248462055
      ],
      [
        -0.0377307534,
        0.04660218,
        -0.9982007
      ]
    ],
    "placeTranslation": [
      0.507167637,
      0.162746385,
      -0.4681432
    ]
  },
  {
    "id": "100 half egg carton(Clone)-21244",
    "pickRotation": [
      [
        0.216669261,
        0.0517421961,
        0.974872947
      ],
      [
        0.8536686,
        -0.494492143,
        -0.163485542
      ],
      [
        0.4736079,
        0.8676406,
        -0.151311934
      ]
    ],
    "pickTranslation": [
      -0.098005794,
      0.0261978116,
      -0.0448249355
    ],
    "placeRotation": [
      [
        -0.9999998,
        0.0005710827,
        0.000123025253
      ],
      [
        0.0003861479,
        0.8042058,
        -0.5943508
      ],
      [
        -0.00043836105,
        -0.5943507,
        -0.8042059
      ]
    ],
    "placeTranslation": [
      0.163159534,
      0.240491092,
      -0.978649855
    ]
  },
  {
    "id": "025 mug(Clone)-21006",
    "pickRotation": [
      [
        -0.702220559,
        -0.7049698,
        0.09951761
      ],
      [
        -0.137328222,
        -0.003034984,
        -0.990520954
      ],
      [
        0.698589444,
        -0.7092308,
        -0.09468103
      ]
    ],
    "pickTranslation": [
      0.0639918,
      0.0143470764,
      0.07992562
    ],
    "placeRotation": [
      [
        0.7060502,
        -0.7062303,
        -0.0522669852
      ],
      [
        0.0622441769,
        -0.0116315847,
        0.9979932
      ],
      [
        -0.705421,
        -0.707886636,
        0.03574624
      ]
    ],
    "placeTranslation": [
      0.5742695,
      0.526968658,
      -0.547216535
    ]
  },
  {
    "id": "016 pear(Clone)-21232",
    "pickRotation": [
      [
        -0.9060386,
        -0.39505592,
        -0.151739731
      ],
      [
        0.181053579,
        -0.0377658419,
        -0.982747853
      ],
      [
        0.3825098,
        -0.9178805,
        0.105743594
      ]
    ],
    "pickTranslation": [
      0.04500034,
      0.0523711741,
      0.0409028642
    ],
    "placeRotation": [
      [
        -0.3939183,
        0.333748847,
        -0.8564112
      ],
      [
        0.4699657,
        0.8738764,
        0.124387845
      ],
      [
        0.7899118,
        -0.353485227,
        -0.5010864
      ]
    ],
    "placeTranslation": [
      0.7838146,
      0.941234052,
      -0.09213819
    ]
  },
  {
    "id": "103 toothpaste(Clone)-21632",
    "pickRotation": [
      [
        -0.503096342,
        0.105044484,
        -0.8578227
      ],
      [
        -0.8579216,
        0.0590110235,
        0.5103805
      ],
      [
        0.104233652,
        0.9927152,
        0.0604317039
      ]
    ],
    "pickTranslation": [
      0.0231006127,
      0.0124363508,
      -0.03796762
    ],
    "placeRotation": [
      [
        0.8053746,
        0.58413434,
        0.100790493
      ],
      [
        0.184287921,
        -0.0851327255,
        -0.9791784
      ],
      [
        -0.563391149,
        0.8071799,
        -0.176212639
      ]
    ],
    "placeTranslation": [
      0.2369278,
      0.473341227,
      -0.222672477
    ]
  },
  {
    "id": "102 toothbrush(Clone)-21668",
    "pickRotation": [
      [
        -0.315913469,
        -0.0220907927,
        -0.9485308
      ],
      [
        0.262032568,
        -0.96287787,
        -0.0648464859
      ],
      [
        -0.9118868,
        -0.269031852,
        0.3099746
      ]
    ],
    "pickTranslation": [
      -0.00139249489,
      0.0266965255,
      0.0231764447
    ],
    "placeRotation": [
      [
        0.8091185,
        -0.1786715,
        0.5598247
      ],
      [
        0.1100783,
        0.981876731,
        0.154275075
      ],
      [
        -0.577243447,
        -0.06320227,
        0.814122558
      ]
    ],
    "placeTranslation": [
      0.341358751,
      0.686060965,
      -0.268714428
    ]
  },
  {
    "id": "057 racquetball(Clone)-21716",
    "pickRotation": [
      [
        -0.963791549,
        -0.0228461064,
        -0.26567632
      ],
      [
        0.0655212,
        -0.9860678,
        -0.152896464
      ],
      [
        -0.258481771,
        -0.164767757,
        0.951860666
      ]
    ],
    "pickTranslation": [
      0.008420601,
      -0.112341769,
      0.0296215024
    ],
    "placeRotation": [
      [
        0.7273949,
        -0.0414523333,
        0.684965968
      ],
      [
        -0.00326757622,
        0.9979533,
        0.06386348
      ],
      [
        -0.686211348,
        -0.04869215,
        0.7257707
      ]
    ],
    "placeTranslation": [
      -0.236505568,
      1.30515242,
      -0.184833
    ]
  },
  {
    "id": "012 strawberry(Clone)-21220",
    "pickRotation": [
      [
        0.0718860254,
        -0.5033216,
        0.861103833
      ],
      [
        0.026030615,
        -0.8620966,
        -0.506074965
      ],
      [
        0.997073054,
        0.0587947778,
        -0.0488709323
      ]
    ],
    "pickTranslation": [
      0.0239097457,
      0.009153657,
      0.0159504544
    ],
    "placeRotation": [
      [
        0.5232071,
        -0.2264018,
        -0.8215817
      ],
      [
        0.402347028,
        0.9154787,
        0.003949457
      ],
      [
        0.751246452,
        -0.332627356,
        0.570077062
      ]
    ],
    "placeTranslation": [
      -0.178315878,
      0.4698921,
      0.180238143
    ]
  }
]