[
  {
    "timeStamp": 33549,
    "rotation": [
      [
        0.999751,
        -0.00279820617,
        -0.02214062
      ],
      [
        0.02205608,
        -0.0273001958,
        0.9993839
      ],
      [
        -0.00340092368,
        -0.999623358,
        -0.0272316784
      ]
    ],
    "translation": [
      1.15397322,
      0.701742351,
      -0.6199701
    ]
  },
  {
    "timeStamp": 33605,
    "rotation": [
      [
        0.999332666,
        -0.03384382,
        0.0137437843
      ],
      [
        -0.0158607922,
        -0.06309994,
        0.9978812
      ],
      [
        -0.032904882,
        -0.997433245,
        -0.0635946244
      ]
    ],
    "translation": [
      1.15379775,
      0.710549951,
      -0.6121111
    ]
  },
  {
    "timeStamp": 33651,
    "rotation": [
      [
        0.99652046,
        -0.06718303,
        0.04932944
      ],
      [
        -0.05415121,
        -0.0719491243,
        0.9959372
      ],
      [
        -0.06336087,
        -0.995143056,
        -0.07533682
      ]
    ],
    "translation": [
      1.15621483,
      0.725285232,
      -0.607101738
    ]
  },
  {
    "timeStamp": 33704,
    "rotation": [
      [
        0.9906282,
        -0.07613286,
        0.113399774
      ],
      [
        -0.119526304,
        -0.08141722,
        0.9894871
      ],
      [
        -0.06609981,
        -0.993768036,
        -0.0897540748
      ]
    ],
    "translation": [
      1.16515458,
      0.752310157,
      -0.6048327
    ]
  },
  {
    "timeStamp": 33749,
    "rotation": [
      [
        0.9810879,
        -0.09704418,
        0.16747804
      ],
      [
        -0.176109239,
        -0.08846811,
        0.980387151
      ],
      [
        -0.08032441,
        -0.9913404,
        -0.103885368
      ]
    ],
    "translation": [
      1.17750037,
      0.777710557,
      -0.6020547
    ]
  },
  {
    "timeStamp": 33801,
    "rotation": [
      [
        0.966803133,
        -0.116709329,
        0.22731182
      ],
      [
        -0.23779963,
        -0.08542365,
        0.9675506
      ],
      [
        -0.09350437,
        -0.9894856,
        -0.110341281
      ]
    ],
    "translation": [
      1.19820118,
      0.806095958,
      -0.602789342
    ]
  },
  {
    "timeStamp": 33856,
    "rotation": [
      [
        0.9402228,
        -0.15033786,
        0.305580854
      ],
      [
        -0.318155527,
        -0.06767195,
        0.9456202
      ],
      [
        -0.121483251,
        -0.9863159,
        -0.111457527
      ]
    ],
    "translation": [
      1.2416904,
      0.8455205,
      -0.6062892
    ]
  },
  {
    "timeStamp": 33900,
    "rotation": [
      [
        0.9187027,
        -0.176744029,
        0.3531952
      ],
      [
        -0.36817193,
        -0.0595742129,
        0.927847147
      ],
      [
        -0.142950118,
        -0.9824523,
        -0.119803183
      ]
    ],
    "translation": [
      1.2779392,
      0.8705855,
      -0.609156966
    ]
  },
  {
    "timeStamp": 33955,
    "rotation": [
      [
        0.893381059,
        -0.2078673,
        0.398323268
      ],
      [
        -0.417891026,
        -0.0587808043,
        0.906593561
      ],
      [
        -0.1650374,
        -0.9763893,
        -0.139379531
      ]
    ],
    "translation": [
      1.32855284,
      0.8975054,
      -0.610684037
    ]
  },
  {
    "timeStamp": 34000,
    "rotation": [
      [
        0.867557645,
        -0.272401661,
        0.41610226
      ],
      [
        -0.4463136,
        -0.0572921671,
        0.8930408
      ],
      [
        -0.219426408,
        -0.9604764,
        -0.171280816
      ]
    ],
    "translation": [
      1.378474,
      0.916193068,
      -0.606973767
    ]
  },
  {
    "timeStamp": 34055,
    "rotation": [
      [
        0.825122237,
        -0.365285635,
        0.4309753
      ],
      [
        -0.477810055,
        -0.04417005,
        0.877352
      ],
      [
        -0.3014479,
        -0.929847,
        -0.210982844
      ]
    ],
    "translation": [
      1.44524693,
      0.935931444,
      -0.600206435
    ]
  },
  {
    "timeStamp": 34100,
    "rotation": [
      [
        0.787819445,
        -0.446144879,
        0.424611926
      ],
      [
        -0.4930224,
        -0.0436128937,
        0.86892277
      ],
      [
        -0.3691469,
        -0.8938975,
        -0.254318535
      ]
    ],
    "translation": [
      1.5057267,
      0.949952662,
      -0.593841
    ]
  },
  {
    "timeStamp": 34155,
    "rotation": [
      [
        0.7278661,
        -0.5587646,
        0.3974834
      ],
      [
        -0.5092494,
        -0.0522859059,
        0.859029233
      ],
      [
        -0.4592123,
        -0.8276765,
        -0.322607666
      ]
    ],
    "translation": [
      1.58557391,
      0.9647227,
      -0.585686564
    ]
  },
  {
    "timeStamp": 34200,
    "rotation": [
      [
        0.677902,
        -0.638458967,
        0.364443481
      ],
      [
        -0.517331958,
        -0.06208218,
        0.85353
      ],
      [
        -0.5223184,
        -0.7671479,
        -0.372380883
      ]
    ],
    "translation": [
      1.653161,
      0.9750577,
      -0.5823287
    ]
  },
  {
    "timeStamp": 34257,
    "rotation": [
      [
        0.6011737,
        -0.7337512,
        0.316542923
      ],
      [
        -0.5275616,
        -0.06689268,
        0.846879065
      ],
      [
        -0.600224137,
        -0.6761173,
        -0.4273131
      ]
    ],
    "translation": [
      1.73663068,
      0.982548356,
      -0.5817335
    ]
  },
  {
    "timeStamp": 34303,
    "rotation": [
      [
        0.549858332,
        -0.797001,
        0.249890342
      ],
      [
        -0.497423142,
        -0.07212141,
        0.8645049
      ],
      [
        -0.6709888,
        -0.599656463,
        -0.436103284
      ]
    ],
    "translation": [
      1.80653143,
      0.97801,
      -0.587551832
    ]
  },
  {
    "timeStamp": 34359,
    "rotation": [
      [
        0.472273618,
        -0.8625522,
        0.1815525
      ],
      [
        -0.4995128,
        -0.0921912,
        0.861387134
      ],
      [
        -0.726253867,
        -0.497498184,
        -0.474395335
      ]
    ],
    "translation": [
      1.88698351,
      0.979743838,
      -0.5985827
    ]
  },
  {
    "timeStamp": 34405,
    "rotation": [
      [
        0.41911006,
        -0.9010536,
        0.1115755
      ],
      [
        -0.484461129,
        -0.1180029,
        0.8668176
      ],
      [
        -0.7678829,
        -0.417345971,
        -0.4859817
      ]
    ],
    "translation": [
      1.94677925,
      0.98103267,
      -0.614213169
    ]
  },
  {
    "timeStamp": 34449,
    "rotation": [
      [
        0.375642151,
        -0.9248691,
        0.05924553
      ],
      [
        -0.471662551,
        -0.135757282,
        0.871265948
      ],
      [
        -0.797764,
        -0.355228126,
        -0.4872223
      ]
    ],
    "translation": [
      2.00041533,
      0.981334746,
      -0.632324
    ]
  },
  {
    "timeStamp": 34505,
    "rotation": [
      [
        0.311563283,
        -0.949830949,
        0.0273781624
      ],
      [
        -0.4454405,
        -0.120541573,
        0.887159765
      ],
      [
        -0.8393516,
        -0.288601756,
        -0.46064952
      ]
    ],
    "translation": [
      2.05315256,
      0.9750065,
      -0.657319963
    ]
  },
  {
    "timeStamp": 34549,
    "rotation": [
      [
        0.261692166,
        -0.9650657,
        0.0128572872
      ],
      [
        -0.413578957,
        -0.100091808,
        0.9049498
      ],
      [
        -0.872049153,
        -0.242135778,
        -0.425324142
      ]
    ],
    "translation": [
      2.08931184,
      0.9628515,
      -0.6781724
    ]
  },
  {
    "timeStamp": 34602,
    "rotation": [
      [
        0.234490812,
        -0.971889853,
        0.0210765954
      ],
      [
        -0.3501709,
        -0.06422144,
        0.9344817
      ],
      [
        -0.9068597,
        -0.226507783,
        -0.355386853
      ]
    ],
    "translation": [
      2.11359286,
      0.937405944,
      -0.6982488
    ]
  },
  {
    "timeStamp": 34655,
    "rotation": [
      [
        0.236957014,
        -0.9687912,
        0.0727672651
      ],
      [
        -0.221804291,
        0.018975405,
        0.974906564
      ],
      [
        -0.945861638,
        -0.247151047,
        -0.21038568
      ]
    ],
    "translation": [
      2.12856936,
      0.884876847,
      -0.7232523
    ]
  },
  {
    "timeStamp": 34699,
    "rotation": [
      [
        0.222374842,
        -0.970005333,
        0.09817875
      ],
      [
        -0.222581118,
        0.04753127,
        0.9737548
      ],
      [
        -0.9492139,
        -0.2383913,
        -0.205335125
      ]
    ],
    "translation": [
      2.13243985,
      0.8586159,
      -0.7271886
    ]
  },
  {
    "timeStamp": 34755,
    "rotation": [
      [
        0.281840622,
        -0.954195857,
        0.100380547
      ],
      [
        -0.17572479,
        0.0515164435,
        0.98309046
      ],
      [
        -0.943232059,
        -0.294714183,
        -0.15315643
      ]
    ],
    "translation": [
      2.13078618,
      0.8251302,
      -0.7298617
    ]
  },
  {
    "timeStamp": 34799,
    "rotation": [
      [
        0.296409637,
        -0.949431837,
        0.103540078
      ],
      [
        -0.140448511,
        0.06390112,
        0.9880237
      ],
      [
        -0.9446775,
        -0.3074018,
        -0.114405386
      ]
    ],
    "translation": [
      2.129268,
      0.7996535,
      -0.729164064
    ]
  },
  {
    "timeStamp": 34855,
    "rotation": [
      [
        0.329017729,
        -0.938679636,
        0.103092179
      ],
      [
        -0.111001045,
        0.0699701458,
        0.9913541
      ],
      [
        -0.9377773,
        -0.3376164,
        -0.081173
      ]
    ],
    "translation": [
      2.123911,
      0.778675,
      -0.7219321
    ]
  },
  {
    "timeStamp": 34899,
    "rotation": [
      [
        0.377342373,
        -0.923164964,
        0.07334319
      ],
      [
        -0.09136827,
        0.0416991822,
        0.994943738
      ],
      [
        -0.9215555,
        -0.382135659,
        -0.06861312
      ]
    ],
    "translation": [
      2.12013149,
      0.7680965,
      -0.7157378
    ]
  },
  {
    "timeStamp": 34955,
    "rotation": [
      [
        0.374835759,
        -0.922356069,
        0.0935812443
      ],
      [
        -0.08653322,
        0.06569217,
        0.9940807
      ],
      [
        -0.923043966,
        -0.380714923,
        -0.0551906638
      ]
    ],
    "translation": [
      2.11338544,
      0.7584644,
      -0.7078323
    ]
  },
  {
    "timeStamp": 34999,
    "rotation": [
      [
        0.410832,
        -0.9096109,
        0.0618476421
      ],
      [
        -0.06408462,
        0.0388580337,
        0.9971877
      ],
      [
        -0.9094561,
        -0.413640052,
        -0.0423279479
      ]
    ],
    "translation": [
      2.11256385,
      0.7513976,
      -0.7034316
    ]
  },
  {
    "timeStamp": 35055,
    "rotation": [
      [
        0.401381135,
        -0.910668,
        0.09786253
      ],
      [
        -0.06753851,
        0.07712823,
        0.994731
      ],
      [
        -0.913417637,
        -0.405875772,
        -0.03054734
      ]
    ],
    "translation": [
      2.10530353,
      0.7413273,
      -0.701201558
    ]
  },
  {
    "timeStamp": 35101,
    "rotation": [
      [
        0.4152814,
        -0.905111432,
        0.09118474
      ],
      [
        -0.070760414,
        0.0677931756,
        0.9951869
      ],
      [
        -0.906936765,
        -0.4197349,
        -0.0358928144
      ]
    ],
    "translation": [
      2.10249829,
      0.737235665,
      -0.69758
    ]
  },
  {
    "timeStamp": 35158,
    "rotation": [
      [
        0.4049566,
        -0.9086023,
        0.102234669
      ],
      [
        -0.08562201,
        0.07363776,
        0.9936027
      ],
      [
        -0.910318,
        -0.41111955,
        -0.0479762629
      ]
    ],
    "translation": [
      2.10000324,
      0.7330411,
      -0.6932078
    ]
  },
  {
    "timeStamp": 35203,
    "rotation": [
      [
        0.4106294,
        -0.905984,
        0.102842614
      ],
      [
        -0.08673685,
        0.0734663755,
        0.9935187
      ],
      [
        -0.907667458,
        -0.4168882,
        -0.048414737
      ]
    ],
    "translation": [
      2.098237,
      0.730230033,
      -0.6899262
    ]
  },
  {
    "timeStamp": 35249,
    "rotation": [
      [
        0.416222334,
        -0.9036383,
        0.1009792
      ],
      [
        -0.102105431,
        0.06390323,
        0.992718935
      ],
      [
        -0.9035117,
        -0.4235023,
        -0.06566843
      ]
    ],
    "translation": [
      2.0961647,
      0.7300405,
      -0.6843755
    ]
  }
]