[
  {
    "timeStamp": 51070,
    "rotation": [
      [
        0.391717255,
        0.137256339,
        0.9097902
      ],
      [
        0.147210956,
        0.966722548,
        -0.2092283
      ],
      [
        -0.9082326,
        0.215889424,
        0.358476251
      ]
    ],
    "translation": [
      1.7351855,
      0.708835244,
      -0.744224131
    ]
  },
  {
    "timeStamp": 51114,
    "rotation": [
      [
        0.340907216,
        0.172485024,
        0.924138069
      ],
      [
        0.09020178,
        0.97248733,
        -0.214783847
      ],
      [
        -0.935759544,
        0.156580254,
        0.3159695
      ]
    ],
    "translation": [
      1.73808789,
      0.7139298,
      -0.7377828
    ]
  },
  {
    "timeStamp": 51159,
    "rotation": [
      [
        0.276599258,
        0.201380491,
        0.939648151
      ],
      [
        -0.0265309568,
        0.9790241,
        -0.202009559
      ],
      [
        -0.960619032,
        0.0309459288,
        0.276140153
      ]
    ],
    "translation": [
      1.746061,
      0.7437244,
      -0.716611862
    ]
  },
  {
    "timeStamp": 51214,
    "rotation": [
      [
        0.116327658,
        0.226432011,
        0.967055559
      ],
      [
        -0.22371158,
        0.9546192,
        -0.196609691
      ],
      [
        -0.9676885,
        -0.193470374,
        0.161704078
      ]
    ],
    "translation": [
      1.77684855,
      0.803408,
      -0.6907728
    ]
  },
  {
    "timeStamp": 51259,
    "rotation": [
      [
        -0.0154125821,
        0.192749962,
        0.981126845
      ],
      [
        -0.372436553,
        0.909526348,
        -0.184534118
      ],
      [
        -0.92792964,
        -0.368251652,
        0.0577689856
      ]
    ],
    "translation": [
      1.81853628,
      0.8553424,
      -0.6739937
    ]
  },
  {
    "timeStamp": 51316,
    "rotation": [
      [
        -0.144070759,
        0.0264975466,
        0.9892126
      ],
      [
        -0.5011454,
        0.860018969,
        -0.09602465
      ],
      [
        -0.853285968,
        -0.5095737,
        -0.110624462
      ]
    ],
    "translation": [
      1.89431489,
      0.9071723,
      -0.6679159
    ]
  },
  {
    "timeStamp": 51362,
    "rotation": [
      [
        -0.24653025,
        -0.121973671,
        0.961428761
      ],
      [
        -0.5582538,
        0.8287995,
        -0.0380004644
      ],
      [
        -0.792196631,
        -0.5460896,
        -0.2724164
      ]
    ],
    "translation": [
      1.96346855,
      0.93328923,
      -0.6733363
    ]
  },
  {
    "timeStamp": 51419,
    "rotation": [
      [
        -0.3740819,
        -0.283043444,
        0.88314724
      ],
      [
        -0.5477877,
        0.835848749,
        0.03585363
      ],
      [
        -0.748325646,
        -0.470365047,
        -0.4677236
      ]
    ],
    "translation": [
      2.05131626,
      0.944458246,
      -0.6942881
    ]
  },
  {
    "timeStamp": 51464,
    "rotation": [
      [
        -0.423897117,
        -0.363517463,
        0.8295579
      ],
      [
        -0.513097763,
        0.8511499,
        0.110790573
      ],
      [
        -0.746352434,
        -0.3786805,
        -0.547319949
      ]
    ],
    "translation": [
      2.10354185,
      0.9389646,
      -0.7136852
    ]
  },
  {
    "timeStamp": 51519,
    "rotation": [
      [
        -0.492287844,
        -0.406145424,
        0.769869268
      ],
      [
        -0.454552442,
        0.874240339,
        0.170545921
      ],
      [
        -0.7423172,
        -0.265988261,
        -0.614992261
      ]
    ],
    "translation": [
      2.14903641,
      0.9247883,
      -0.741045237
    ]
  },
  {
    "timeStamp": 51559,
    "rotation": [
      [
        -0.5197623,
        -0.3897799,
        0.7602097
      ],
      [
        -0.372296244,
        0.904254138,
        0.209093034
      ],
      [
        -0.768923044,
        -0.17434454,
        -0.6151108
      ]
    ],
    "translation": [
      2.16426158,
      0.909987569,
      -0.754588246
    ]
  },
  {
    "timeStamp": 51613,
    "rotation": [
      [
        -0.5991552,
        -0.324420273,
        0.731959462
      ],
      [
        -0.292578042,
        0.9397159,
        0.177008763
      ],
      [
        -0.745259166,
        -0.108099543,
        -0.6579539
      ]
    ],
    "translation": [
      2.17980957,
      0.888844848,
      -0.7738294
    ]
  },
  {
    "timeStamp": 51669,
    "rotation": [
      [
        -0.6033737,
        -0.22668995,
        0.764559865
      ],
      [
        -0.1181087,
        0.973574936,
        0.1954536
      ],
      [
        -0.7886637,
        0.0276303887,
        -0.614203632
      ]
    ],
    "translation": [
      2.17467546,
      0.8586624,
      -0.7878235
    ]
  }
]