[
  {
    "timeStamp": 49007,
    "rotation": [
      [
        0.9992593,
        0.0355367027,
        -0.0147621743
      ],
      [
        0.0201740135,
        -0.157112956,
        0.987374544
      ],
      [
        0.0327687,
        -0.98694104,
        -0.1577135
      ]
    ],
    "translation": [
      1.154774,
      0.7001102,
      -0.75302875
    ]
  },
  {
    "timeStamp": 49053,
    "rotation": [
      [
        0.999609351,
        0.0279302485,
        -0.001018386
      ],
      [
        0.005295685,
        -0.153500766,
        0.9881343
      ],
      [
        0.027442513,
        -0.9877537,
        -0.1535887
      ]
    ],
    "translation": [
      1.15486157,
      0.7030394,
      -0.753034949
    ]
  },
  {
    "timeStamp": 49107,
    "rotation": [
      [
        0.9989757,
        -0.008305094,
        0.0444815978
      ],
      [
        -0.04523499,
        -0.157742113,
        0.9864437
      ],
      [
        -0.00117587321,
        -0.9874454,
        -0.157956213
      ]
    ],
    "translation": [
      1.15806639,
      0.715086043,
      -0.754788756
    ]
  },
  {
    "timeStamp": 49151,
    "rotation": [
      [
        0.993143737,
        -0.0579548255,
        0.101522096
      ],
      [
        -0.109422594,
        -0.155270413,
        0.981793165
      ],
      [
        -0.0411362834,
        -0.9861706,
        -0.1605474
      ]
    ],
    "translation": [
      1.1653775,
      0.7377419,
      -0.747797549
    ]
  },
  {
    "timeStamp": 49207,
    "rotation": [
      [
        0.971762955,
        -0.162308544,
        0.171268031
      ],
      [
        -0.191417754,
        -0.117847838,
        0.9744081
      ],
      [
        -0.1379712,
        -0.979677439,
        -0.14558889
      ]
    ],
    "translation": [
      1.18698621,
      0.7730316,
      -0.734167933
    ]
  },
  {
    "timeStamp": 49253,
    "rotation": [
      [
        0.9525923,
        -0.2257539,
        0.203968242
      ],
      [
        -0.23076877,
        -0.09922452,
        0.9679361
      ],
      [
        -0.1982767,
        -0.969117939,
        -0.146617457
      ]
    ],
    "translation": [
      1.21595669,
      0.7972375,
      -0.723306
    ]
  },
  {
    "timeStamp": 49309,
    "rotation": [
      [
        0.924299,
        -0.309767574,
        0.222969443
      ],
      [
        -0.2594197,
        -0.08138804,
        0.962329149
      ],
      [
        -0.279951334,
        -0.947322547,
        -0.15558669
      ]
    ],
    "translation": [
      1.26152277,
      0.8204272,
      -0.707672834
    ]
  },
  {
    "timeStamp": 49353,
    "rotation": [
      [
        0.8934589,
        -0.390058,
        0.22267893
      ],
      [
        -0.269214451,
        -0.0682289153,
        0.9606604
      ],
      [
        -0.359520137,
        -0.918258965,
        -0.165968984
      ]
    ],
    "translation": [
      1.30606472,
      0.833505034,
      -0.69201076
    ]
  },
  {
    "timeStamp": 49409,
    "rotation": [
      [
        0.841473341,
        -0.5000029,
        0.204742938
      ],
      [
        -0.267642856,
        -0.0565616563,
        0.9618566
      ],
      [
        -0.469350517,
        -0.864174664,
        -0.181417346
      ]
    ],
    "translation": [
      1.36667931,
      0.8437437,
      -0.6703789
    ]
  },
  {
    "timeStamp": 49453,
    "rotation": [
      [
        0.7825909,
        -0.5957801,
        0.1805479
      ],
      [
        -0.2662089,
        -0.05810234,
        0.9621627
      ],
      [
        -0.5627471,
        -0.8010432,
        -0.204072312
      ]
    ],
    "translation": [
      1.421354,
      0.849586368,
      -0.6514519
    ]
  },
  {
    "timeStamp": 49509,
    "rotation": [
      [
        0.6944965,
        -0.704316139,
        0.147014663
      ],
      [
        -0.26766786,
        -0.06325239,
        0.9614328
      ],
      [
        -0.667853653,
        -0.70706284,
        -0.232451379
      ]
    ],
    "translation": [
      1.4918623,
      0.8568082,
      -0.629705966
    ]
  },
  {
    "timeStamp": 49553,
    "rotation": [
      [
        0.601354837,
        -0.7898332,
        0.120564826
      ],
      [
        -0.2816813,
        -0.06837084,
        0.957069
      ],
      [
        -0.747681737,
        -0.6094989,
        -0.2635964
      ]
    ],
    "translation": [
      1.55192578,
      0.8660468,
      -0.61525315
    ]
  },
  {
    "timeStamp": 49609,
    "rotation": [
      [
        0.4838862,
        -0.871577144,
        0.07878768
      ],
      [
        -0.315374523,
        -0.0896916,
        0.9447192
      ],
      [
        -0.816329062,
        -0.481984228,
        -0.318273723
      ]
    ],
    "translation": [
      1.62655962,
      0.88163507,
      -0.6007915
    ]
  },
  {
    "timeStamp": 49653,
    "rotation": [
      [
        0.3816902,
        -0.92334795,
        0.041727297
      ],
      [
        -0.348366678,
        -0.101897143,
        0.9318034
      ],
      [
        -0.8561269,
        -0.37019664,
        -0.3605568
      ]
    ],
    "translation": [
      1.68777359,
      0.8963724,
      -0.596846
    ]
  },
  {
    "timeStamp": 49709,
    "rotation": [
      [
        0.240798339,
        -0.9703908,
        -0.0189177375
      ],
      [
        -0.396272272,
        -0.1160886,
        0.9107644
      ],
      [
        -0.88599354,
        -0.211813986,
        -0.4124929
      ]
    ],
    "translation": [
      1.76688147,
      0.9170578,
      -0.595143437
    ]
  },
  {
    "timeStamp": 49754,
    "rotation": [
      [
        0.139109775,
        -0.986269951,
        -0.088995114
      ],
      [
        -0.4449735,
        -0.142540246,
        0.8841272
      ],
      [
        -0.8846735,
        -0.0833902657,
        -0.4586927
      ]
    ],
    "translation": [
      1.827372,
      0.935185552,
      -0.6014365
    ]
  },
  {
    "timeStamp": 49809,
    "rotation": [
      [
        -0.007919186,
        -0.980402052,
        -0.196848
      ],
      [
        -0.5111379,
        -0.165225327,
        0.843468249
      ],
      [
        -0.859462261,
        0.107296042,
        -0.4998122
      ]
    ],
    "translation": [
      1.91079354,
      0.960072041,
      -0.6159399
    ]
  },
  {
    "timeStamp": 49853,
    "rotation": [
      [
        -0.109254107,
        -0.9507119,
        -0.29019025
      ],
      [
        -0.5545873,
        -0.183975831,
        0.811533
      ],
      [
        -0.824922,
        0.249599159,
        -0.5071527
      ]
    ],
    "translation": [
      1.97088087,
      0.9750957,
      -0.6360509
    ]
  },
  {
    "timeStamp": 49909,
    "rotation": [
      [
        -0.212497592,
        -0.8934881,
        -0.395630836
      ],
      [
        -0.5740969,
        -0.2134773,
        0.790468335
      ],
      [
        -0.790732265,
        0.395103067,
        -0.467585385
      ]
    ],
    "translation": [
      2.04393554,
      0.9828272,
      -0.668887138
    ]
  },
  {
    "timeStamp": 49953,
    "rotation": [
      [
        -0.2801619,
        -0.8448591,
        -0.4557656
      ],
      [
        -0.5664455,
        -0.237815484,
        0.789039433
      ],
      [
        -0.7750153,
        0.4792252,
        -0.41193983
      ]
    ],
    "translation": [
      2.09015179,
      0.97939676,
      -0.696820259
    ]
  },
  {
    "timeStamp": 50004,
    "rotation": [
      [
        -0.337429464,
        -0.819018,
        -0.464059055
      ],
      [
        -0.495215446,
        -0.264800757,
        0.8274311
      ],
      [
        -0.80056417,
        0.5090089,
        -0.3162388
      ]
    ],
    "translation": [
      2.12312675,
      0.9618275,
      -0.722199857
    ]
  },
  {
    "timeStamp": 50059,
    "rotation": [
      [
        -0.367129773,
        -0.84132123,
        -0.396729559
      ],
      [
        -0.302524567,
        -0.295326322,
        0.9062347
      ],
      [
        -0.879599154,
        0.452726126,
        -0.146097243
      ]
    ],
    "translation": [
      2.14308262,
      0.9152317,
      -0.7583377
    ]
  },
  {
    "timeStamp": 50104,
    "rotation": [
      [
        -0.329532176,
        -0.8779684,
        -0.347246379
      ],
      [
        -0.2013517,
        -0.2939769,
        0.9343634
      ],
      [
        -0.922424,
        0.3778215,
        -0.07990558
      ]
    ],
    "translation": [
      2.139642,
      0.8879342,
      -0.7694872
    ]
  },
  {
    "timeStamp": 50159,
    "rotation": [
      [
        -0.3105385,
        -0.9011659,
        -0.302433133
      ],
      [
        -0.14818871,
        -0.268376738,
        0.9518477
      ],
      [
        -0.938938737,
        0.340402544,
        -0.0502013154
      ]
    ],
    "translation": [
      2.13327432,
      0.865954757,
      -0.7787114
    ]
  },
  {
    "timeStamp": 50203,
    "rotation": [
      [
        -0.3214301,
        -0.909871638,
        -0.262328565
      ],
      [
        -0.09565988,
        -0.244412184,
        0.9649414
      ],
      [
        -0.9420891,
        0.335255533,
        -0.008476782
      ]
    ],
    "translation": [
      2.130816,
      0.8490633,
      -0.7838301
    ]
  },
  {
    "timeStamp": 50259,
    "rotation": [
      [
        -0.295238018,
        -0.916688442,
        -0.269289523
      ],
      [
        -0.0456763133,
        -0.26798892,
        0.9623386
      ],
      [
        -0.9543313,
        0.296419084,
        0.0372495651
      ]
    ],
    "translation": [
      2.12976933,
      0.8322286,
      -0.7893279
    ]
  },
  {
    "timeStamp": 50303,
    "rotation": [
      [
        -0.322620124,
        -0.916400433,
        -0.236910343
      ],
      [
        -0.008321756,
        -0.24753809,
        0.968842447
      ],
      [
        -0.946491957,
        0.314539552,
        0.0722347051
      ]
    ],
    "translation": [
      2.12913752,
      0.823849,
      -0.792320251
    ]
  }
]