[
  {
    "timeStamp": 10857,
    "rotation": [
      [
        -0.99999696,
        0.00124674628,
        -0.00211156
      ],
      [
        -0.00210593152,
        0.00449868524,
        0.999987662
      ],
      [
        0.00125623122,
        0.9999891,
        -0.00449604634
      ]
    ],
    "translation": [
      1.30790854,
      0.7013383,
      -0.359180748
    ]
  },
  {
    "timeStamp": 10902,
    "rotation": [
      [
        -0.9998357,
        -0.00392028457,
        -0.017695779
      ],
      [
        -0.0177269243,
        0.008057788,
        0.9998104
      ],
      [
        -0.00377695332,
        0.9999598,
        -0.008125959
      ]
    ],
    "translation": [
      1.31414342,
      0.7030201,
      -0.361265481
    ]
  },
  {
    "timeStamp": 10950,
    "rotation": [
      [
        -0.9999023,
        -0.0137403579,
        -0.00255998271
      ],
      [
        -0.00274717854,
        0.0136222579,
        0.99990344
      ],
      [
        -0.0137041593,
        0.9998128,
        -0.0136586754
      ]
    ],
    "translation": [
      1.31660187,
      0.7086777,
      -0.364500552
    ]
  },
  {
    "timeStamp": 11004,
    "rotation": [
      [
        -0.99944216,
        -0.0204802584,
        0.0263791028
      ],
      [
        0.0260113347,
        0.0180206317,
        0.9994992
      ],
      [
        -0.0209453758,
        0.9996278,
        -0.01747786
      ]
    ],
    "translation": [
      1.31930232,
      0.7239046,
      -0.3722317
    ]
  },
  {
    "timeStamp": 11049,
    "rotation": [
      [
        -0.9969027,
        -0.032158,
        0.07177037
      ],
      [
        0.071051605,
        0.0229637828,
        0.9972083
      ],
      [
        -0.0337163247,
        0.999219,
        -0.0206077788
      ]
    ],
    "translation": [
      1.315859,
      0.745823145,
      -0.381562561
    ]
  },
  {
    "timeStamp": 11104,
    "rotation": [
      [
        -0.9893783,
        -0.0412852578,
        0.1393773
      ],
      [
        0.137934178,
        0.0359668247,
        0.9897881
      ],
      [
        -0.0458766259,
        0.9984998,
        -0.029890148
      ]
    ],
    "translation": [
      1.31837308,
      0.7808006,
      -0.39260298
    ]
  },
  {
    "timeStamp": 11160,
    "rotation": [
      [
        -0.973004,
        -0.0214860886,
        0.22978574
      ],
      [
        0.228605866,
        0.0468672365,
        0.972390234
      ],
      [
        -0.0316622965,
        0.998670042,
        -0.040690165
      ]
    ],
    "translation": [
      1.31769311,
      0.8281946,
      -0.402300268
    ]
  },
  {
    "timeStamp": 11204,
    "rotation": [
      [
        -0.950302958,
        0.0021692093,
        0.311319023
      ],
      [
        0.311128,
        0.0423282348,
        0.9494249
      ],
      [
        -0.0111180851,
        0.9991014,
        -0.04089955
      ]
    ],
    "translation": [
      1.32902777,
      0.8706931,
      -0.4138512
    ]
  },
  {
    "timeStamp": 11249,
    "rotation": [
      [
        -0.9234476,
        0.0259774681,
        0.3828444
      ],
      [
        0.383703,
        0.051900506,
        0.921996951
      ],
      [
        0.004081332,
        0.9983144,
        -0.0578950271
      ]
    ],
    "translation": [
      1.34388721,
      0.9150523,
      -0.422056377
    ]
  },
  {
    "timeStamp": 11304,
    "rotation": [
      [
        -0.8828912,
        0.0654928759,
        0.464988
      ],
      [
        0.4682823,
        0.04929858,
        0.882202566
      ],
      [
        0.03485474,
        0.9966345,
        -0.07419444
      ]
    ],
    "translation": [
      1.37818384,
      0.9651542,
      -0.43508485
    ]
  },
  {
    "timeStamp": 11360,
    "rotation": [
      [
        -0.8332915,
        0.127983153,
        0.53781563
      ],
      [
        0.5472314,
        0.0528063625,
        0.8353139
      ],
      [
        0.07850602,
        0.9903695,
        -0.114039481
      ]
    ],
    "translation": [
      1.4213599,
      1.01697767,
      -0.4409671
    ]
  },
  {
    "timeStamp": 11404,
    "rotation": [
      [
        -0.7910225,
        0.182776779,
        0.5838459
      ],
      [
        0.5994578,
        0.04093637,
        0.799358845
      ],
      [
        0.1222037,
        0.9823018,
        -0.141948551
      ]
    ],
    "translation": [
      1.46829116,
      1.05149293,
      -0.4493182
    ]
  },
  {
    "timeStamp": 11459,
    "rotation": [
      [
        -0.730574667,
        0.2795756,
        0.6229752
      ],
      [
        0.6566305,
        0.0373355746,
        0.7532877
      ],
      [
        0.1873417,
        0.9593975,
        -0.2108543
      ]
    ],
    "translation": [
      1.53101707,
      1.094237,
      -0.4444417
    ]
  },
  {
    "timeStamp": 11504,
    "rotation": [
      [
        -0.681025743,
        0.372938156,
        0.6301755
      ],
      [
        0.688116252,
        0.031652648,
        0.7249098
      ],
      [
        0.2503998,
        0.9273162,
        -0.278181046
      ]
    ],
    "translation": [
      1.59292614,
      1.12064731,
      -0.4415095
    ]
  },
  {
    "timeStamp": 11560,
    "rotation": [
      [
        -0.6110845,
        0.483503461,
        0.6267377
      ],
      [
        0.7274473,
        0.0308630113,
        0.6854692
      ],
      [
        0.312083721,
        0.8747982,
        -0.370583177
      ]
    ],
    "translation": [
      1.67358232,
      1.154018,
      -0.431828558
    ]
  },
  {
    "timeStamp": 11604,
    "rotation": [
      [
        -0.5560604,
        0.5553608,
        0.6183617
      ],
      [
        0.7528183,
        0.0212499145,
        0.6578853
      ],
      [
        0.352223575,
        0.8313379,
        -0.429902017
      ]
    ],
    "translation": [
      1.7379359,
      1.17455578,
      -0.4375656
    ]
  },
  {
    "timeStamp": 11659,
    "rotation": [
      [
        -0.5235779,
        0.6238828,
        0.5802038
      ],
      [
        0.763565242,
        0.04152368,
        0.6443943
      ],
      [
        0.3779343,
        0.780414045,
        -0.498116076
      ]
    ],
    "translation": [
      1.81766987,
      1.18939769,
      -0.44462508
    ]
  },
  {
    "timeStamp": 11704,
    "rotation": [
      [
        -0.540129066,
        0.6594969,
        0.522804439
      ],
      [
        0.7383146,
        0.07317347,
        0.670475364
      ],
      [
        0.403921,
        0.7481374,
        -0.52643925
      ]
    ],
    "translation": [
      1.87708867,
      1.18390071,
      -0.462070316
    ]
  },
  {
    "timeStamp": 11760,
    "rotation": [
      [
        -0.5570831,
        0.696052551,
        0.452956319
      ],
      [
        0.700421631,
        0.100773193,
        0.7065793
      ],
      [
        0.446170479,
        0.710883737,
        -0.5436693
      ]
    ],
    "translation": [
      1.94946253,
      1.16881537,
      -0.4855619
    ]
  },
  {
    "timeStamp": 11804,
    "rotation": [
      [
        -0.5840443,
        0.7038599,
        0.404318631
      ],
      [
        0.6522663,
        0.110469751,
        0.7498967
      ],
      [
        0.483157247,
        0.701696336,
        -0.523623347
      ]
    ],
    "translation": [
      1.99242973,
      1.15135932,
      -0.511403
    ]
  },
  {
    "timeStamp": 11849,
    "rotation": [
      [
        -0.62510556,
        0.6977961,
        0.3497479
      ],
      [
        0.586882651,
        0.124771625,
        0.8000005
      ],
      [
        0.5145986,
        0.7053457,
        -0.48751992
      ]
    ],
    "translation": [
      2.03549862,
      1.12450433,
      -0.545450568
    ]
  },
  {
    "timeStamp": 11904,
    "rotation": [
      [
        -0.684713364,
        0.6774379,
        0.268785357
      ],
      [
        0.478190839,
        0.139272243,
        0.8671429
      ],
      [
        0.550001144,
        0.722274959,
        -0.419306159
      ]
    ],
    "translation": [
      2.0791564,
      1.09017587,
      -0.5896061
    ]
  },
  {
    "timeStamp": 11959,
    "rotation": [
      [
        -0.7634079,
        0.6151197,
        0.197069123
      ],
      [
        0.353805721,
        0.142966583,
        0.9243279
      ],
      [
        0.540398,
        0.7753634,
        -0.326774657
      ]
    ],
    "translation": [
      2.1159606,
      1.05081487,
      -0.64938885
    ]
  },
  {
    "timeStamp": 12004,
    "rotation": [
      [
        -0.802610338,
        0.586103439,
        0.110902213
      ],
      [
        0.246606737,
        0.156742141,
        0.9563561
      ],
      [
        0.5431406,
        0.7949306,
        -0.270339936
      ]
    ],
    "translation": [
      2.14656353,
      1.02316892,
      -0.679485
    ]
  },
  {
    "timeStamp": 12059,
    "rotation": [
      [
        -0.828427851,
        0.5545842,
        0.07838204
      ],
      [
        0.176335081,
        0.125419974,
        0.9763072
      ],
      [
        0.5316139,
        0.8226216,
        -0.201694056
      ]
    ],
    "translation": [
      2.16684484,
      0.9892236,
      -0.715857
    ]
  },
  {
    "timeStamp": 12104,
    "rotation": [
      [
        -0.868041,
        0.496430159,
        0.00787562
      ],
      [
        0.09018686,
        0.142059371,
        0.9857411
      ],
      [
        0.4882328,
        0.8563739,
        -0.16808483
      ]
    ],
    "translation": [
      2.19006658,
      0.9551101,
      -0.7330385
    ]
  },
  {
    "timeStamp": 12159,
    "rotation": [
      [
        -0.8920472,
        0.446819335,
        -0.06785439
      ],
      [
        0.00134975149,
        0.152772814,
        0.9882604
      ],
      [
        0.451940179,
        0.8814833,
        -0.136883661
      ]
    ],
    "translation": [
      2.223425,
      0.912567139,
      -0.745609939
    ]
  },
  {
    "timeStamp": 12201,
    "rotation": [
      [
        -0.91220355,
        0.397153646,
        -0.100765556
      ],
      [
        -0.0369784124,
        0.165126458,
        0.985578954
      ],
      [
        0.408065319,
        0.9027748,
        -0.135942832
      ]
    ],
    "translation": [
      2.23752975,
      0.8898283,
      -0.746114552
    ]
  },
  {
    "timeStamp": 12254,
    "rotation": [
      [
        -0.932608,
        0.336707383,
        -0.129886433
      ],
      [
        -0.0769285038,
        0.1661574,
        0.983094
      ],
      [
        0.352596551,
        0.9268333,
        -0.129057318
      ]
    ],
    "translation": [
      2.25218773,
      0.8531821,
      -0.7403772
    ]
  },
  {
    "timeStamp": 12309,
    "rotation": [
      [
        -0.9476206,
        0.295030415,
        -0.122361712
      ],
      [
        -0.07904096,
        0.154569909,
        0.984815061
      ],
      [
        0.309463829,
        0.942902565,
        -0.123154141
      ]
    ],
    "translation": [
      2.25237751,
      0.832736,
      -0.734155
    ]
  },
  {
    "timeStamp": 12354,
    "rotation": [
      [
        -0.9571586,
        0.259531319,
        -0.128417164
      ],
      [
        -0.08974089,
        0.155775681,
        0.983707547
      ],
      [
        0.275307178,
        0.9530884,
        -0.125811458
      ]
    ],
    "translation": [
      2.254768,
      0.8194196,
      -0.7258933
    ]
  },
  {
    "timeStamp": 12409,
    "rotation": [
      [
        -0.9678778,
        0.215281427,
        -0.129871011
      ],
      [
        -0.09939231,
        0.146846563,
        0.9841531
      ],
      [
        0.230940968,
        0.9654481,
        -0.120732218
      ]
    ],
    "translation": [
      2.2546742,
      0.807252645,
      -0.719269037
    ]
  },
  {
    "timeStamp": 12454,
    "rotation": [
      [
        -0.9752912,
        0.1729259,
        -0.137491167
      ],
      [
        -0.111108571,
        0.15397726,
        0.9818075
      ],
      [
        0.190950453,
        0.9728246,
        -0.130959108
      ]
    ],
    "translation": [
      2.25772929,
      0.8045744,
      -0.703137755
    ]
  },
  {
    "timeStamp": 12509,
    "rotation": [
      [
        -0.9811531,
        0.129056141,
        -0.143816575
      ],
      [
        -0.1242545,
        0.148615,
        0.9810578
      ],
      [
        0.147984818,
        0.9804377,
        -0.129778251
      ]
    ],
    "translation": [
      2.26097131,
      0.7943693,
      -0.695075333
    ]
  },
  {
    "timeStamp": 12554,
    "rotation": [
      [
        -0.983991742,
        0.1097209,
        -0.140433282
      ],
      [
        -0.1246268,
        0.139627784,
        0.98233
      ],
      [
        0.1273905,
        0.984106362,
        -0.123718418
      ]
    ],
    "translation": [
      2.26072454,
      0.7872781,
      -0.690921843
    ]
  },
  {
    "timeStamp": 12610,
    "rotation": [
      [
        -0.98407954,
        0.07855131,
        -0.159427956
      ],
      [
        -0.147568524,
        0.13879998,
        0.9792641
      ],
      [
        0.09905105,
        0.98720026,
        -0.12499851
      ]
    ],
    "translation": [
      2.268478,
      0.7782802,
      -0.684017241
    ]
  },
  {
    "timeStamp": 12655,
    "rotation": [
      [
        -0.9852096,
        0.0732795745,
        -0.154894128
      ],
      [
        -0.146274671,
        0.111167312,
        0.9829779
      ],
      [
        0.08925134,
        0.9910963,
        -0.09880416
      ]
    ],
    "translation": [
      2.2689724,
      0.7717238,
      -0.6867153
    ]
  },
  {
    "timeStamp": 12700,
    "rotation": [
      [
        -0.9859424,
        0.06600892,
        -0.1534938
      ],
      [
        -0.14698112,
        0.09424621,
        0.9846391
      ],
      [
        0.07946119,
        0.9933582,
        -0.08321927
      ]
    ],
    "translation": [
      2.269032,
      0.766492248,
      -0.6876627
    ]
  },
  {
    "timeStamp": 12750,
    "rotation": [
      [
        -0.986409247,
        0.0511288233,
        -0.156149566
      ],
      [
        -0.150896341,
        0.09415883,
        0.9840551
      ],
      [
        0.06501642,
        0.994243443,
        -0.08516399
      ]
    ],
    "translation": [
      2.27133775,
      0.760342,
      -0.685691953
    ]
  },
  {
    "timeStamp": 12802,
    "rotation": [
      [
        -0.987632751,
        0.04476345,
        -0.1502592
      ],
      [
        -0.145321935,
        0.09835991,
        0.984483063
      ],
      [
        0.05884832,
        0.994143665,
        -0.09063836
      ]
    ],
    "translation": [
      2.27142,
      0.755301,
      -0.6804116
    ]
  }
]