[
  {
    "timeStamp": 7428,
    "rotation": [
      [
        -0.9999987,
        0.00137316168,
        0.0008988355
      ],
      [
        0.0009088591,
        0.0073165684,
        0.9999728
      ],
      [
        0.00136654789,
        0.9999723,
        -0.00731780659
      ]
    ],
    "translation": [
      1.6161294,
      0.7010815,
      -0.4899413
    ]
  },
  {
    "timeStamp": 7473,
    "rotation": [
      [
        -0.9998281,
        0.0008869961,
        0.01852069
      ],
      [
        0.0185350068,
        0.02054235,
        0.999617159
      ],
      [
        0.000506198034,
        0.9997886,
        -0.0205552578
      ]
    ],
    "translation": [
      1.6146704,
      0.703044534,
      -0.487230629
    ]
  },
  {
    "timeStamp": 7519,
    "rotation": [
      [
        -0.999522269,
        0.004328756,
        0.0306019112
      ],
      [
        0.0307410769,
        0.0369196273,
        0.9988453
      ],
      [
        0.003193929,
        0.9993088,
        -0.03703506
      ]
    ],
    "translation": [
      1.61563134,
      0.7123183,
      -0.4822607
    ]
  },
  {
    "timeStamp": 7572,
    "rotation": [
      [
        -0.9973589,
        0.00569355953,
        0.07240679
      ],
      [
        0.0725826,
        0.04200892,
        0.9964773
      ],
      [
        0.00263177347,
        0.999101043,
        -0.04231123
      ]
    ],
    "translation": [
      1.61655712,
      0.738992453,
      -0.4861672
    ]
  },
  {
    "timeStamp": 7628,
    "rotation": [
      [
        -0.99184,
        0.00304995338,
        0.127452284
      ],
      [
        0.127450913,
        0.0480808578,
        0.9906788
      ],
      [
        -0.00310650282,
        0.998838842,
        -0.0480772369
      ]
    ],
    "translation": [
      1.61793864,
      0.7812773,
      -0.494166553
    ]
  },
  {
    "timeStamp": 7672,
    "rotation": [
      [
        -0.984072447,
        0.00244870712,
        0.177751079
      ],
      [
        0.1775828,
        0.0591652058,
        0.982325733
      ],
      [
        -0.008111246,
        0.9982452,
        -0.0586576946
      ]
    ],
    "translation": [
      1.627751,
      0.8229807,
      -0.5011505
    ]
  },
  {
    "timeStamp": 7728,
    "rotation": [
      [
        -0.972467,
        0.0220781844,
        0.231992528
      ],
      [
        0.233022884,
        0.07981071,
        0.9691907
      ],
      [
        0.002882502,
        0.9965655,
        -0.082758
      ]
    ],
    "translation": [
      1.65088153,
      0.875514746,
      -0.5081293
    ]
  },
  {
    "timeStamp": 7772,
    "rotation": [
      [
        -0.9638216,
        0.0466595329,
        0.262432635
      ],
      [
        0.266054839,
        0.10852439,
        0.9578295
      ],
      [
        0.016211547,
        0.9929982,
        -0.117012143
      ]
    ],
    "translation": [
      1.682052,
      0.9151522,
      -0.510191143
    ]
  },
  {
    "timeStamp": 7828,
    "rotation": [
      [
        -0.960875,
        0.0929521248,
        0.2609198
      ],
      [
        0.272438139,
        0.147231877,
        0.950841844
      ],
      [
        0.0499670468,
        0.984724641,
        -0.166795135
      ]
    ],
    "translation": [
      1.7397753,
      0.953355551,
      -0.511110842
    ]
  },
  {
    "timeStamp": 7872,
    "rotation": [
      [
        -0.9621047,
        0.144182667,
        0.231443018
      ],
      [
        0.256224126,
        0.187627375,
        0.948232651
      ],
      [
        0.09329366,
        0.9716004,
        -0.217460245
      ]
    ],
    "translation": [
      1.79494393,
      0.9739805,
      -0.5071992
    ]
  },
  {
    "timeStamp": 7928,
    "rotation": [
      [
        -0.9612968,
        0.222840145,
        0.162020862
      ],
      [
        0.213317916,
        0.2298145,
        0.949568748
      ],
      [
        0.174367324,
        0.947379351,
        -0.268455744
      ]
    ],
    "translation": [
      1.87996137,
      0.990297437,
      -0.5071187
    ]
  },
  {
    "timeStamp": 7972,
    "rotation": [
      [
        -0.955557,
        0.277791977,
        0.09870386
      ],
      [
        0.171967566,
        0.253284037,
        0.9519844
      ],
      [
        0.239453509,
        0.9266492,
        -0.289798528
      ]
    ],
    "translation": [
      1.94961774,
      0.996510863,
      -0.514589965
    ]
  },
  {
    "timeStamp": 8028,
    "rotation": [
      [
        -0.947349548,
        0.319623142,
        0.0192350838
      ],
      [
        0.108760111,
        0.264696658,
        0.958178937
      ],
      [
        0.301164716,
        0.909822345,
        -0.2855225
      ]
    ],
    "translation": [
      2.031187,
      0.9938419,
      -0.5350286
    ]
  },
  {
    "timeStamp": 8072,
    "rotation": [
      [
        -0.9395898,
        0.34066695,
        -0.0334224142
      ],
      [
        0.0588882938,
        0.257054955,
        0.9646009
      ],
      [
        0.337199062,
        0.90436095,
        -0.2615875
      ]
    ],
    "translation": [
      2.08884215,
      0.9851347,
      -0.5589082
    ]
  },
  {
    "timeStamp": 8128,
    "rotation": [
      [
        -0.9398616,
        0.338541925,
        -0.0452725627
      ],
      [
        0.0190469474,
        0.18429108,
        0.9826871
      ],
      [
        0.341024131,
        0.9227275,
        -0.179656282
      ]
    ],
    "translation": [
      2.13126278,
      0.965802252,
      -0.606587768
    ]
  },
  {
    "timeStamp": 8174,
    "rotation": [
      [
        -0.9461272,
        0.321533859,
        -0.038200222
      ],
      [
        0.0004636021,
        0.119321577,
        0.992855549
      ],
      [
        0.3237948,
        0.939349949,
        -0.113042459
      ]
    ],
    "translation": [
      2.150924,
      0.9484844,
      -0.6452512
    ]
  },
  {
    "timeStamp": 8222,
    "rotation": [
      [
        -0.9525586,
        0.3021614,
        -0.0364775062
      ],
      [
        -0.0120945266,
        0.08217697,
        0.996544361
      ],
      [
        0.304114848,
        0.949708045,
        -0.0746238753
      ]
    ],
    "translation": [
      2.16931629,
      0.925636768,
      -0.6765398
    ]
  },
  {
    "timeStamp": 8271,
    "rotation": [
      [
        -0.9592795,
        0.276428759,
        -0.058052294
      ],
      [
        -0.0360427573,
        0.0840503946,
        0.995809436
      ],
      [
        0.2801497,
        0.9573519,
        -0.07066456
      ]
    ],
    "translation": [
      2.190363,
      0.901126742,
      -0.6860134
    ]
  },
  {
    "timeStamp": 8322,
    "rotation": [
      [
        -0.9684831,
        0.232277274,
        -0.08993243
      ],
      [
        -0.0713295862,
        0.08729923,
        0.993625164
      ],
      [
        0.238647565,
        0.968723953,
        -0.06797958
      ]
    ],
    "translation": [
      2.21620369,
      0.867890239,
      -0.6918692
    ]
  },
  {
    "timeStamp": 8378,
    "rotation": [
      [
        -0.97236836,
        0.217356876,
        -0.0851808861
      ],
      [
        -0.06374951,
        0.1037863,
        0.9925545
      ],
      [
        0.224579155,
        0.9705588,
        -0.08706212
      ]
    ],
    "translation": [
      2.23093081,
      0.84054637,
      -0.682948232
    ]
  },
  {
    "timeStamp": 8422,
    "rotation": [
      [
        -0.975532,
        0.2062492,
        -0.07614827
      ],
      [
        -0.05859432,
        0.0899287239,
        0.994223058
      ],
      [
        0.211905658,
        0.974358261,
        -0.0756433159
      ]
    ],
    "translation": [
      2.23801327,
      0.821990967,
      -0.6811043
    ]
  },
  {
    "timeStamp": 8478,
    "rotation": [
      [
        -0.9798639,
        0.18531017,
        -0.07434355
      ],
      [
        -0.05787759,
        0.0927408561,
        0.9940067
      ],
      [
        0.191094235,
        0.9782941,
        -0.08014811
      ]
    ],
    "translation": [
      2.24701452,
      0.8038584,
      -0.671000242
    ]
  },
  {
    "timeStamp": 8522,
    "rotation": [
      [
        -0.9841889,
        0.166071385,
        -0.0615831725
      ],
      [
        -0.0478632748,
        0.08539037,
        0.995197237
      ],
      [
        0.17053242,
        0.982409656,
        -0.07609153
      ]
    ],
    "translation": [
      2.24739742,
      0.7930407,
      -0.667543054
    ]
  },
  {
    "timeStamp": 8578,
    "rotation": [
      [
        -0.988154948,
        0.136079267,
        -0.07093771
      ],
      [
        -0.05911606,
        0.0890334249,
        0.994272768
      ],
      [
        0.141615734,
        0.98668915,
        -0.07993435
      ]
    ],
    "translation": [
      2.25471783,
      0.781891346,
      -0.6564912
    ]
  },
  {
    "timeStamp": 8624,
    "rotation": [
      [
        -0.990523338,
        0.118358038,
        -0.0696769953
      ],
      [
        -0.0592565536,
        0.0893908143,
        0.994232357
      ],
      [
        0.123903856,
        0.988939166,
        -0.0815302
      ]
    ],
    "translation": [
      2.257293,
      0.7751924,
      -0.6478968
    ]
  },
  {
    "timeStamp": 8669,
    "rotation": [
      [
        -0.992998838,
        0.09112032,
        -0.0751694739
      ],
      [
        -0.06669895,
        0.09268828,
        0.9934587
      ],
      [
        0.0974915847,
        0.991517067,
        -0.08596172
      ]
    ],
    "translation": [
      2.25981617,
      0.769694567,
      -0.6420884
    ]
  },
  {
    "timeStamp": 8726,
    "rotation": [
      [
        -0.9942902,
        0.0678931549,
        -0.08232602
      ],
      [
        -0.07577793,
        0.09395398,
        0.9926885
      ],
      [
        0.07513157,
        0.9932589,
        -0.08827272
      ]
    ],
    "translation": [
      2.26287961,
      0.764413953,
      -0.635403454
    ]
  },
  {
    "timeStamp": 8772,
    "rotation": [
      [
        -0.995142758,
        0.05562615,
        -0.08121996
      ],
      [
        -0.075635,
        0.09605298,
        0.992498457
      ],
      [
        0.06301028,
        0.993820667,
        -0.09137914
      ]
    ],
    "translation": [
      2.264464,
      0.7618289,
      -0.630107045
    ]
  },
  {
    "timeStamp": 8827,
    "rotation": [
      [
        -0.996155,
        0.0449651927,
        -0.07518944
      ],
      [
        -0.07050626,
        0.0979568362,
        0.992689967
      ],
      [
        0.0520017929,
        0.994174361,
        -0.09440986
      ]
    ],
    "translation": [
      2.26400924,
      0.758425236,
      -0.624556065
    ]
  },
  {
    "timeStamp": 8872,
    "rotation": [
      [
        -0.995928645,
        0.033218734,
        -0.08380116
      ],
      [
        -0.07997779,
        0.103282943,
        0.991431355
      ],
      [
        0.0415893532,
        0.9940971,
        -0.100205675
      ]
    ],
    "translation": [
      2.26868653,
      0.7537374,
      -0.619314551
    ]
  },
  {
    "timeStamp": 8927,
    "rotation": [
      [
        -0.9956984,
        0.0439820364,
        -0.0815492049
      ],
      [
        -0.0762729049,
        0.110612132,
        0.9909326
      ],
      [
        0.0526035726,
        0.99289,
        -0.106781691
      ]
    ],
    "translation": [
      2.2710824,
      0.748280048,
      -0.612808943
    ]
  }
]