[
  {
    "timeStamp": 17986,
    "rotation": [
      [
        0.999067247,
        -0.0218930263,
        -0.0372191481
      ],
      [
        0.0358713381,
        -0.0590309724,
        0.997611463
      ],
      [
        -0.0240377989,
        -0.998016,
        -0.0581905767
      ]
    ],
    "translation": [
      1.76684248,
      0.7008066,
      -0.499715
    ]
  },
  {
    "timeStamp": 18041,
    "rotation": [
      [
        0.999598265,
        -0.0246057454,
        -0.014068787
      ],
      [
        0.0137496386,
        -0.0130919609,
        0.999819756
      ],
      [
        -0.0247855,
        -0.9996115,
        -0.01274838
      ]
    ],
    "translation": [
      1.76695454,
      0.702694058,
      -0.4998276
    ]
  },
  {
    "timeStamp": 18087,
    "rotation": [
      [
        0.9937627,
        -0.0410458781,
        -0.103687286
      ],
      [
        0.104332931,
        0.0139075741,
        0.9944452
      ],
      [
        -0.0393758453,
        -0.999060452,
        0.0181032661
      ]
    ],
    "translation": [
      1.77379715,
      0.7039267,
      -0.5066022
    ]
  },
  {
    "timeStamp": 18140,
    "rotation": [
      [
        0.992848158,
        -0.060363356,
        -0.102998711
      ],
      [
        0.104520634,
        0.0226139016,
        0.994265556
      ],
      [
        -0.05768799,
        -0.9979203,
        0.0287613887
      ]
    ],
    "translation": [
      1.780195,
      0.722159147,
      -0.5159412
    ]
  },
  {
    "timeStamp": 18185,
    "rotation": [
      [
        0.9951238,
        -0.0728701,
        -0.06647144
      ],
      [
        0.06706213,
        0.00568688847,
        0.9977326
      ],
      [
        -0.0723268539,
        -0.997325242,
        0.010545982
      ]
    ],
    "translation": [
      1.7824558,
      0.744431436,
      -0.5217531
    ]
  },
  {
    "timeStamp": 18240,
    "rotation": [
      [
        0.9941643,
        -0.10660243,
        -0.016531216
      ],
      [
        0.014160078,
        -0.0229615439,
        0.999636054
      ],
      [
        -0.10694322,
        -0.994036555,
        -0.0213180482
      ]
    ],
    "translation": [
      1.79182446,
      0.77934885,
      -0.5307789
    ]
  },
  {
    "timeStamp": 18285,
    "rotation": [
      [
        0.9881507,
        -0.153371319,
        0.005954906
      ],
      [
        -0.0162589159,
        -0.06601712,
        0.997686
      ],
      [
        -0.152623311,
        -0.985961,
        -0.06772851
      ]
    ],
    "translation": [
      1.809491,
      0.811286569,
      -0.5363963
    ]
  },
  {
    "timeStamp": 18340,
    "rotation": [
      [
        0.9733777,
        -0.228793055,
        0.0137658827
      ],
      [
        -0.0471766554,
        -0.141211659,
        0.9888547
      ],
      [
        -0.224299192,
        -0.9631786,
        -0.148245975
      ]
    ],
    "translation": [
      1.8443296,
      0.8567438,
      -0.5424592
    ]
  },
  {
    "timeStamp": 18385,
    "rotation": [
      [
        0.9456317,
        -0.325127959,
        0.008514756
      ],
      [
        -0.07696943,
        -0.198275149,
        0.977119565
      ],
      [
        -0.31600064,
        -0.9246506,
        -0.212520167
      ]
    ],
    "translation": [
      1.88435793,
      0.89483124,
      -0.545887
    ]
  },
  {
    "timeStamp": 18441,
    "rotation": [
      [
        0.8881882,
        -0.458874,
        -0.0235871989
      ],
      [
        -0.110972166,
        -0.264044553,
        0.9581052
      ],
      [
        -0.445877641,
        -0.8483602,
        -0.2854435
      ]
    ],
    "translation": [
      1.9443891,
      0.936230838,
      -0.550650954
    ]
  },
  {
    "timeStamp": 18485,
    "rotation": [
      [
        0.8283414,
        -0.552522063,
        -0.09257334
      ],
      [
        -0.09541981,
        -0.301976353,
        0.948528
      ],
      [
        -0.5520376,
        -0.776871741,
        -0.302861065
      ]
    ],
    "translation": [
      1.99815381,
      0.9547577,
      -0.557781041
    ]
  },
  {
    "timeStamp": 18541,
    "rotation": [
      [
        0.731223762,
        -0.6554666,
        -0.188879073
      ],
      [
        -0.046849478,
        -0.3244962,
        0.94472605
      ],
      [
        -0.6805269,
        -0.681957245,
        -0.2679876
      ]
    ],
    "translation": [
      2.06559825,
      0.9564418,
      -0.5682772
    ]
  },
  {
    "timeStamp": 18584,
    "rotation": [
      [
        0.6656419,
        -0.7107762,
        -0.227415964
      ],
      [
        -0.0183806513,
        -0.320258826,
        0.9471517
      ],
      [
        -0.7460449,
        -0.6262838,
        -0.226242214
      ]
    ],
    "translation": [
      2.10088849,
      0.9463566,
      -0.5761772
    ]
  },
  {
    "timeStamp": 18638,
    "rotation": [
      [
        0.5621795,
        -0.8040308,
        -0.193620011
      ],
      [
        -0.0266140662,
        -0.2515864,
        0.967468858
      ],
      [
        -0.826586843,
        -0.5387382,
        -0.162835255
      ]
    ],
    "translation": [
      2.13675117,
      0.91359067,
      -0.5865321
    ]
  },
  {
    "timeStamp": 18691,
    "rotation": [
      [
        0.5265746,
        -0.834636152,
        -0.1615602
      ],
      [
        -0.0300149061,
        -0.208176091,
        0.977630734
      ],
      [
        -0.8495989,
        -0.5099463,
        -0.134671777
      ]
    ],
    "translation": [
      2.142449,
      0.8839675,
      -0.5865013
    ]
  },
  {
    "timeStamp": 18736,
    "rotation": [
      [
        0.474158525,
        -0.8724989,
        -0.117979996
      ],
      [
        -0.06322388,
        -0.1673973,
        0.9838602
      ],
      [
        -0.8781665,
        -0.459046543,
        -0.13453564
      ]
    ],
    "translation": [
      2.14392066,
      0.862338364,
      -0.5840599
    ]
  },
  {
    "timeStamp": 18791,
    "rotation": [
      [
        0.36953786,
        -0.9264401,
        -0.07176693
      ],
      [
        -0.06385353,
        -0.102369234,
        0.992695
      ],
      [
        -0.9270191,
        -0.362255841,
        -0.09698578
      ]
    ],
    "translation": [
      2.147645,
      0.8323242,
      -0.5828995
    ]
  },
  {
    "timeStamp": 18835,
    "rotation": [
      [
        0.305936873,
        -0.9503388,
        -0.057085447
      ],
      [
        -0.0747135654,
        -0.0837411359,
        0.9936827
      ],
      [
        -0.949115634,
        -0.2997391,
        -0.0966227055
      ]
    ],
    "translation": [
      2.15119529,
      0.815258563,
      -0.580204368
    ]
  },
  {
    "timeStamp": 18891,
    "rotation": [
      [
        0.143475384,
        -0.989482343,
        -0.0184251182
      ],
      [
        -0.0673974752,
        -0.028343793,
        0.9973235
      ],
      [
        -0.987356246,
        -0.141849563,
        -0.07075524
      ]
    ],
    "translation": [
      2.16095734,
      0.797418058,
      -0.5841334
    ]
  },
  {
    "timeStamp": 18935,
    "rotation": [
      [
        0.06787202,
        -0.997598231,
        0.0138258766
      ],
      [
        -0.082600005,
        0.008191612,
        0.9965491
      ],
      [
        -0.9942689,
        -0.06877982,
        -0.08184563
      ]
    ],
    "translation": [
      2.15994453,
      0.789068043,
      -0.5792513
    ]
  },
  {
    "timeStamp": 18991,
    "rotation": [
      [
        -0.0379377,
        -0.9986577,
        0.0352626257
      ],
      [
        -0.07489227,
        0.038030304,
        0.99646616
      ],
      [
        -0.9964697,
        0.0351627246,
        -0.07623453
      ]
    ],
    "translation": [
      2.16229272,
      0.7791156,
      -0.577349544
    ]
  },
  {
    "timeStamp": 19035,
    "rotation": [
      [
        -0.09258708,
        -0.9950446,
        0.03624752
      ],
      [
        -0.08958322,
        0.04458076,
        0.9949811
      ],
      [
        -0.9916665,
        0.0888752341,
        -0.0932669044
      ]
    ],
    "translation": [
      2.16487861,
      0.776528955,
      -0.5716806
    ]
  },
  {
    "timeStamp": 19091,
    "rotation": [
      [
        0.00507455552,
        -0.999588966,
        0.02821782
      ],
      [
        -0.0940193757,
        0.0276162624,
        0.9951873
      ],
      [
        -0.9955575,
        -0.007703147,
        -0.09384059
      ]
    ],
    "translation": [
      2.15448022,
      0.773095131,
      -0.552079141
    ]
  },
  {
    "timeStamp": 19137,
    "rotation": [
      [
        0.08207098,
        -0.9957947,
        -0.040709693
      ],
      [
        -0.06888326,
        -0.04641753,
        0.9965443
      ],
      [
        -0.9942432,
        -0.07898316,
        -0.07240312
      ]
    ],
    "translation": [
      2.150595,
      0.77334255,
      -0.54368633
    ]
  },
  {
    "timeStamp": 19184,
    "rotation": [
      [
        0.0392299034,
        -0.9977716,
        -0.0539704859
      ],
      [
        -0.08864876,
        -0.0572743677,
        0.9944149
      ],
      [
        -0.9952901,
        -0.0342263877,
        -0.0906980857
      ]
    ],
    "translation": [
      2.14884186,
      0.7724495,
      -0.5434541
    ]
  },
  {
    "timeStamp": 19240,
    "rotation": [
      [
        0.0379142351,
        -0.9988146,
        -0.0305265635
      ],
      [
        -0.159288734,
        -0.0361987576,
        0.986568153
      ],
      [
        -0.986503661,
        -0.0325424336,
        -0.160472363
      ]
    ],
    "translation": [
      2.14834452,
      0.768541753,
      -0.542153
    ]
  },
  {
    "timeStamp": 19285,
    "rotation": [
      [
        0.06013959,
        -0.9980005,
        -0.0194456372
      ],
      [
        -0.199895054,
        -0.0311273988,
        0.979322731
      ],
      [
        -0.9779699,
        -0.0550089777,
        -0.201367363
      ]
    ],
    "translation": [
      2.149323,
      0.7663928,
      -0.541030765
    ]
  },
  {
    "timeStamp": 19340,
    "rotation": [
      [
        0.1734431,
        -0.984815955,
        -0.00742167933
      ],
      [
        -0.2434271,
        -0.0501713455,
        0.9686207
      ],
      [
        -0.9542855,
        -0.166193932,
        -0.24843277
      ]
    ],
    "translation": [
      2.15457034,
      0.764419258,
      -0.5384775
    ]
  },
  {
    "timeStamp": 19385,
    "rotation": [
      [
        0.2760725,
        -0.9606567,
        -0.0303758737
      ],
      [
        -0.12827754,
        -0.0681488141,
        0.989394069
      ],
      [
        -0.952538133,
        -0.269247949,
        -0.142044678
      ]
    ],
    "translation": [
      2.16021466,
      0.7547003,
      -0.5426049
    ]
  },
  {
    "timeStamp": 19440,
    "rotation": [
      [
        0.284279585,
        -0.958707154,
        0.008109271
      ],
      [
        -0.0107602226,
        0.00526727829,
        0.999928236
      ],
      [
        -0.9586811,
        -0.284346431,
        -0.008818522
      ]
    ],
    "translation": [
      2.16145444,
      0.7473151,
      -0.5649075
    ]
  },
  {
    "timeStamp": 19485,
    "rotation": [
      [
        0.191382781,
        -0.9792443,
        0.06673273
      ],
      [
        -0.0469806828,
        0.0587721244,
        0.9971653
      ],
      [
        -0.9803904,
        -0.1939754,
        -0.03475759
      ]
    ],
    "translation": [
      2.16315842,
      0.747224867,
      -0.567910731
    ]
  },
  {
    "timeStamp": 19540,
    "rotation": [
      [
        0.0150254946,
        -0.99223423,
        0.123472512
      ],
      [
        -0.09350319,
        0.121551,
        0.9881713
      ],
      [
        -0.995505631,
        -0.0263928529,
        -0.0909507051
      ]
    ],
    "translation": [
      2.168101,
      0.7499796,
      -0.5718832
    ]
  },
  {
    "timeStamp": 19585,
    "rotation": [
      [
        -0.109000742,
        -0.9777836,
        0.179047212
      ],
      [
        -0.122081742,
        0.191924691,
        0.9737869
      ],
      [
        -0.9865165,
        0.08428507,
        -0.140289471
      ]
    ],
    "translation": [
      2.16582322,
      0.7499775,
      -0.570650935
    ]
  },
  {
    "timeStamp": 19640,
    "rotation": [
      [
        -0.232155785,
        -0.9533815,
        0.19278872
      ],
      [
        -0.146007538,
        0.2301154,
        0.962147951
      ],
      [
        -0.9616577,
        0.1952196,
        -0.1926235
      ]
    ],
    "translation": [
      2.16537833,
      0.7505728,
      -0.5656042
    ]
  },
  {
    "timeStamp": 19685,
    "rotation": [
      [
        -0.3186193,
        -0.9250156,
        0.206948832
      ],
      [
        -0.141091183,
        0.262177259,
        0.954649866
      ],
      [
        -0.937323332,
        0.274971217,
        -0.214046285
      ]
    ],
    "translation": [
      2.16327238,
      0.747580945,
      -0.562833
    ]
  },
  {
    "timeStamp": 19740,
    "rotation": [
      [
        -0.385384858,
        -0.907545865,
        0.166849867
      ],
      [
        -0.1194789,
        0.2283721,
        0.9662148
      ],
      [
        -0.9149881,
        0.3524295,
        -0.196443751
      ]
    ],
    "translation": [
      2.16588831,
      0.7462435,
      -0.560639858
    ]
  },
  {
    "timeStamp": 19785,
    "rotation": [
      [
        -0.439993024,
        -0.888193667,
        0.132356256
      ],
      [
        -0.09135916,
        0.1908994,
        0.9773489
      ],
      [
        -0.8933419,
        0.417934746,
        -0.165139019
      ]
    ],
    "translation": [
      2.17026329,
      0.7449256,
      -0.5612332
    ]
  },
  {
    "timeStamp": 19840,
    "rotation": [
      [
        -0.506916642,
        -0.857184947,
        0.09093664
      ],
      [
        -0.06244773,
        0.141737282,
        0.9879326
      ],
      [
        -0.859730065,
        0.4951207,
        -0.125378236
      ]
    ],
    "translation": [
      2.17685366,
      0.741040349,
      -0.565640867
    ]
  },
  {
    "timeStamp": 19887,
    "rotation": [
      [
        -0.565820336,
        -0.823545754,
        0.0402460173
      ],
      [
        -0.0408778563,
        0.07676931,
        0.9962106
      ],
      [
        -0.82351464,
        0.5620311,
        -0.0771024153
      ]
    ],
    "translation": [
      2.18451667,
      0.739705563,
      -0.573208332
    ]
  },
  {
    "timeStamp": 19938,
    "rotation": [
      [
        -0.6128755,
        -0.788304031,
        0.05440896
      ],
      [
        -0.0289254244,
        0.09119207,
        0.9954131
      ],
      [
        -0.7896499,
        0.6084905,
        -0.0786914155
      ]
    ],
    "translation": [
      2.18517518,
      0.733858,
      -0.5732127
    ]
  },
  {
    "timeStamp": 19983,
    "rotation": [
      [
        -0.651243448,
        -0.756572366,
        0.0589926653
      ],
      [
        -0.0291273668,
        0.102601126,
        0.994296
      ],
      [
        -0.758309662,
        0.6458105,
        -0.088855274
      ]
    ],
    "translation": [
      2.186219,
      0.7302274,
      -0.5725332
    ]
  },
  {
    "timeStamp": 20038,
    "rotation": [
      [
        -0.6761908,
        -0.7331228,
        0.0727802962
      ],
      [
        -0.0146460012,
        0.112146035,
        0.9935838
      ],
      [
        -0.736580968,
        0.670786262,
        -0.08656943
      ]
    ],
    "translation": [
      2.18593287,
      0.7249955,
      -0.568606734
    ]
  },
  {
    "timeStamp": 20083,
    "rotation": [
      [
        -0.6795022,
        -0.730553567,
        0.06758931
      ],
      [
        0.008175576,
        0.0845790654,
        0.99638325
      ],
      [
        -0.733628,
        0.677597165,
        -0.05149896
      ]
    ],
    "translation": [
      2.185961,
      0.723620355,
      -0.568356156
    ]
  },
  {
    "timeStamp": 20138,
    "rotation": [
      [
        -0.709082246,
        -0.703105867,
        0.053333886
      ],
      [
        0.0129534658,
        0.06263581,
        0.9979524
      ],
      [
        -0.7050068,
        0.7083212,
        -0.0353062861
      ]
    ],
    "translation": [
      2.1867702,
      0.7232844,
      -0.5666451
    ]
  },
  {
    "timeStamp": 20183,
    "rotation": [
      [
        -0.688805759,
        -0.7217153,
        0.06836477
      ],
      [
        -0.000338339043,
        0.0946233,
        0.9955131
      ],
      [
        -0.7249459,
        0.685692,
        -0.06542125
      ]
    ],
    "translation": [
      2.18750978,
      0.723935,
      -0.55755657
    ]
  },
  {
    "timeStamp": 20238,
    "rotation": [
      [
        -0.6854242,
        -0.725707769,
        0.0595140867
      ],
      [
        -0.0498631559,
        0.128322735,
        0.990478158
      ],
      [
        -0.7264347,
        0.675930142,
        -0.124141596
      ]
    ],
    "translation": [
      2.18768668,
      0.727806747,
      -0.5462093
    ]
  },
  {
    "timeStamp": 20283,
    "rotation": [
      [
        -0.6927485,
        -0.719635367,
        0.0471652523
      ],
      [
        -0.0637700558,
        0.126268923,
        0.9899442
      ],
      [
        -0.718354344,
        0.6827746,
        -0.133363783
      ]
    ],
    "translation": [
      2.19064236,
      0.730911553,
      -0.54365015
    ]
  },
  {
    "timeStamp": 20339,
    "rotation": [
      [
        -0.7067659,
        -0.7055948,
        0.05116641
      ],
      [
        -0.0543605722,
        0.1262775,
        0.9905044
      ],
      [
        -0.7053559,
        0.697273254,
        -0.12760517
      ]
    ],
    "translation": [
      2.19020844,
      0.732546747,
      -0.543343842
    ]
  },
  {
    "timeStamp": 20384,
    "rotation": [
      [
        -0.7139153,
        -0.6987179,
        0.04602421
      ],
      [
        -0.0596040525,
        0.126125917,
        0.990222
      ],
      [
        -0.697690666,
        0.7041913,
        -0.131689638
      ]
    ],
    "translation": [
      2.19037628,
      0.732843459,
      -0.5429804
    ]
  },
  {
    "timeStamp": 20440,
    "rotation": [
      [
        -0.705540538,
        -0.707404,
        0.04233345
      ],
      [
        -0.06429528,
        0.123387232,
        0.990273535
      ],
      [
        -0.7057469,
        0.6959563,
        -0.132537439
      ]
    ],
    "translation": [
      2.19102859,
      0.7326781,
      -0.543184459
    ]
  },
  {
    "timeStamp": 20484,
    "rotation": [
      [
        -0.7101726,
        -0.703483045,
        0.027685266
      ],
      [
        -0.09142133,
        0.131139129,
        0.987139642
      ],
      [
        -0.6980666,
        0.6985085,
        -0.15744476
      ]
    ],
    "translation": [
      2.191646,
      0.7305566,
      -0.542400956
    ]
  },
  {
    "timeStamp": 20540,
    "rotation": [
      [
        -0.707951844,
        -0.7062005,
        0.009219916
      ],
      [
        -0.09674101,
        0.1098959,
        0.989223957
      ],
      [
        -0.6996037,
        0.699431,
        -0.146119565
      ]
    ],
    "translation": [
      2.19281626,
      0.7298405,
      -0.542676866
    ]
  },
  {
    "timeStamp": 20584,
    "rotation": [
      [
        -0.711317062,
        -0.7028062,
        -0.00956588
      ],
      [
        -0.107246712,
        0.09507499,
        0.9896762
      ],
      [
        -0.694641054,
        0.704999447,
        -0.143002123
      ]
    ],
    "translation": [
      2.19286847,
      0.7296307,
      -0.5424834
    ]
  }
]