[
  {
    "timeStamp": 4,
    "rotation": [
      [
        0.8770765,
        -0.0388298146,
        0.47877872
      ],
      [
        0.02734812,
        0.999147236,
        0.0309335142
      ],
      [
        -0.479571581,
        -0.0140373595,
        0.877390444
      ]
    ],
    "translation": [
      1.359971,
      1.63227248,
      -0.844829
    ]
  },
  {
    "timeStamp": 19,
    "rotation": [
      [
        0.8770357,
        -0.0380279161,
        0.478917867
      ],
      [
        0.0259462316,
        0.9991567,
        0.0318219028
      ],
      [
        -0.479724139,
        -0.015482829,
        0.877282739
      ]
    ],
    "translation": [
      1.3605926,
      1.63215876,
      -0.8450211
    ]
  },
  {
    "timeStamp": 33,
    "rotation": [
      [
        0.816910565,
        -0.02094363,
        0.576383948
      ],
      [
        0.0246989559,
        0.999694049,
        0.00131923321
      ],
      [
        -0.5762353,
        0.0131583875,
        0.8171779
      ]
    ],
    "translation": [
      1.367373,
      1.63052034,
      -0.8618938
    ]
  },
  {
    "timeStamp": 73,
    "rotation": [
      [
        0.737369359,
        0.00402791053,
        0.675477743
      ],
      [
        0.0422613434,
        0.9977481,
        -0.0520832278
      ],
      [
        -0.674166441,
        0.06695117,
        0.735538661
      ]
    ],
    "translation": [
      1.376977,
      1.62265825,
      -0.8785722
    ]
  },
  {
    "timeStamp": 133,
    "rotation": [
      [
        0.658329248,
        0.04135293,
        0.751593351
      ],
      [
        0.055901967,
        0.9930465,
        -0.103602946
      ],
      [
        -0.7506515,
        0.110220395,
        0.651439846
      ]
    ],
    "translation": [
      1.38712573,
      1.61600208,
      -0.8939771
    ]
  },
  {
    "timeStamp": 177,
    "rotation": [
      [
        0.583183169,
        0.0790237859,
        0.808487833
      ],
      [
        0.06125155,
        0.9881463,
        -0.140766412
      ],
      [
        -0.810028136,
        0.131613731,
        0.571429968
      ]
    ],
    "translation": [
      1.39888716,
      1.61277163,
      -0.9083187
    ]
  },
  {
    "timeStamp": 233,
    "rotation": [
      [
        0.515604854,
        0.141780749,
        0.845014751
      ],
      [
        0.0509202145,
        0.979401052,
        -0.195398867
      ],
      [
        -0.855312169,
        0.143776938,
        0.4977644
      ]
    ],
    "translation": [
      1.41034651,
      1.60736,
      -0.9229129
    ]
  },
  {
    "timeStamp": 354,
    "rotation": [
      [
        0.51721704,
        0.146853521,
        0.8431611
      ],
      [
        0.04671778,
        0.9788558,
        -0.199145392
      ],
      [
        -0.8545783,
        0.142392009,
        0.4994202
      ]
    ],
    "translation": [
      1.41024685,
      1.60686207,
      -0.922574162
    ]
  },
  {
    "timeStamp": 356,
    "rotation": [
      [
        0.5036469,
        0.161979184,
        0.8485885
      ],
      [
        0.0431959443,
        0.9763152,
        -0.211997032
      ],
      [
        -0.86282897,
        0.143427238,
        0.484721273
      ]
    ],
    "translation": [
      1.41271186,
      1.60561919,
      -0.9255596
    ]
  },
  {
    "timeStamp": 396,
    "rotation": [
      [
        0.3283639,
        0.361970961,
        0.87244153
      ],
      [
        0.0443922542,
        0.916722357,
        -0.397050917
      ],
      [
        -0.9435075,
        0.169106826,
        0.284949839
      ]
    ],
    "translation": [
      1.44163465,
      1.58363676,
      -0.9584757
    ]
  },
  {
    "timeStamp": 444,
    "rotation": [
      [
        0.282380849,
        0.397800535,
        0.8729352
      ],
      [
        0.104984008,
        0.8916883,
        -0.440307081
      ],
      [
        -0.9535405,
        0.215978518,
        0.210033014
      ]
    ],
    "translation": [
      1.45241213,
      1.57252514,
      -0.9658037
    ]
  },
  {
    "timeStamp": 499,
    "rotation": [
      [
        0.299575716,
        0.439880371,
        0.8466166
      ],
      [
        0.143290192,
        0.8565622,
        -0.495751143
      ],
      [
        -0.9432509,
        0.269826829,
        0.193574682
      ]
    ],
    "translation": [
      1.45930457,
      1.56147933,
      -0.9673857
    ]
  },
  {
    "timeStamp": 544,
    "rotation": [
      [
        0.329612017,
        0.463010639,
        0.822786152
      ],
      [
        0.143054768,
        0.8369324,
        -0.528279662
      ],
      [
        -0.933215559,
        0.2918308,
        0.2096271
      ]
    ],
    "translation": [
      1.46366477,
      1.554223,
      -0.966938
    ]
  },
  {
    "timeStamp": 600,
    "rotation": [
      [
        0.37680006,
        0.494670749,
        0.7831491
      ],
      [
        0.117525905,
        0.813101,
        -0.5701354
      ],
      [
        -0.9188087,
        0.306867361,
        0.24823989
      ]
    ],
    "translation": [
      1.46488893,
      1.54629326,
      -0.964231133
    ]
  },
  {
    "timeStamp": 644,
    "rotation": [
      [
        0.432252049,
        0.5096929,
        0.743889332
      ],
      [
        0.09690213,
        0.793905735,
        -0.600269735
      ],
      [
        -0.8965312,
        0.331552267,
        0.293777019
      ]
    ],
    "translation": [
      1.46304679,
      1.53998518,
      -0.959918261
    ]
  },
  {
    "timeStamp": 699,
    "rotation": [
      [
        0.5228264,
        0.5203746,
        0.6751762
      ],
      [
        0.0763348341,
        0.7602895,
        -0.645083666
      ],
      [
        -0.8490145,
        0.388806224,
        0.357776642
      ]
    ],
    "translation": [
      1.45760262,
      1.533067,
      -0.9522958
    ]
  },
  {
    "timeStamp": 744,
    "rotation": [
      [
        0.5970074,
        0.5168295,
        0.613571
      ],
      [
        0.05609024,
        0.7360634,
        -0.6745847
      ],
      [
        -0.8002724,
        0.437147379,
        0.410446227
      ]
    ],
    "translation": [
      1.451685,
      1.52801943,
      -0.945265055
    ]
  },
  {
    "timeStamp": 800,
    "rotation": [
      [
        0.6761662,
        0.5072442,
        0.5343244
      ],
      [
        0.0225254185,
        0.710673749,
        -0.703161
      ],
      [
        -0.7364047,
        0.487489581,
        0.4691077
      ]
    ],
    "translation": [
      1.44198871,
      1.52254677,
      -0.9356818
    ]
  },
  {
    "timeStamp": 844,
    "rotation": [
      [
        0.735248446,
        0.490980238,
        0.4672773
      ],
      [
        -0.0009713763,
        0.690167844,
        -0.723648667
      ],
      [
        -0.67779696,
        0.5316077,
        0.5079218
      ]
    ],
    "translation": [
      1.43271756,
      1.51755738,
      -0.927544
    ]
  },
  {
    "timeStamp": 901,
    "rotation": [
      [
        0.813977957,
        0.445471555,
        0.372820348
      ],
      [
        -0.0178271011,
        0.6606567,
        -0.7504765
      ],
      [
        -0.580622137,
        0.604225,
        0.545701444
      ]
    ],
    "translation": [
      1.41843629,
      1.51018643,
      -0.9168834
    ]
  },
  {
    "timeStamp": 947,
    "rotation": [
      [
        0.8724598,
        0.3952765,
        0.287350655
      ],
      [
        -0.0352257378,
        0.637345552,
        -0.7697726
      ],
      [
        -0.487414628,
        0.6614735,
        0.5699823
      ]
    ],
    "translation": [
      1.40530276,
      1.50404167,
      -0.908136964
    ]
  },
  {
    "timeStamp": 992,
    "rotation": [
      [
        0.9161421,
        0.344124436,
        0.2055774
      ],
      [
        -0.0585398972,
        0.62220794,
        -0.7806602
      ],
      [
        -0.396556169,
        0.7031612,
        0.590175867
      ]
    ],
    "translation": [
      1.39262843,
      1.49943686,
      -0.899773061
    ]
  },
  {
    "timeStamp": 1049,
    "rotation": [
      [
        0.9446218,
        0.299185574,
        0.134824574
      ],
      [
        -0.07857477,
        0.6051068,
        -0.7922574
      ],
      [
        -0.318615258,
        0.737789869,
        0.595105469
      ]
    ],
    "translation": [
      1.37917042,
      1.49413252,
      -0.8921378
    ]
  },
  {
    "timeStamp": 1093,
    "rotation": [
      [
        0.9576534,
        0.2718572,
        0.09483458
      ],
      [
        -0.0880897939,
        0.5902237,
        -0.802418947
      ],
      [
        -0.274117,
        0.7600853,
        0.589177549
      ]
    ],
    "translation": [
      1.37038565,
      1.49038339,
      -0.8875617
    ]
  },
  {
    "timeStamp": 1149,
    "rotation": [
      [
        0.9711621,
        0.230015248,
        0.06274726
      ],
      [
        -0.08420797,
        0.577131569,
        -0.812298059
      ],
      [
        -0.223054364,
        0.783589244,
        0.5798574
      ]
    ],
    "translation": [
      1.36166835,
      1.486386,
      -0.8826229
    ]
  },
  {
    "timeStamp": 1193,
    "rotation": [
      [
        0.980312645,
        0.192712829,
        0.04299896
      ],
      [
        -0.0758801848,
        0.5687372,
        -0.819011748
      ],
      [
        -0.182289183,
        0.7996248,
        0.572163343
      ]
    ],
    "translation": [
      1.35578132,
      1.48389125,
      -0.880439043
    ]
  },
  {
    "timeStamp": 1249,
    "rotation": [
      [
        0.9877691,
        0.153715491,
        0.0261482559
      ],
      [
        -0.06592453,
        0.563687265,
        -0.8233533
      ],
      [
        -0.1413016,
        0.811559141,
        0.5669265
      ]
    ],
    "translation": [
      1.35026741,
      1.48152065,
      -0.8786787
    ]
  },
  {
    "timeStamp": 1293,
    "rotation": [
      [
        0.991120756,
        0.1308767,
        0.02347281
      ],
      [
        -0.055243317,
        0.565892458,
        -0.8226262
      ],
      [
        -0.1209457,
        0.814025164,
        0.56809783
      ]
    ],
    "translation": [
      1.34860015,
      1.47981715,
      -0.8772352
    ]
  },
  {
    "timeStamp": 1349,
    "rotation": [
      [
        0.992939651,
        0.114481337,
        0.0310620517
      ],
      [
        -0.04014828,
        0.5707491,
        -0.8201424
      ],
      [
        -0.111619636,
        0.8131048,
        0.5713157
      ]
    ],
    "translation": [
      1.34894276,
      1.47776246,
      -0.875185
    ]
  },
  {
    "timeStamp": 1393,
    "rotation": [
      [
        0.9930239,
        0.109574646,
        0.04355603
      ],
      [
        -0.0270242039,
        0.5710465,
        -0.8204728
      ],
      [
        -0.114775538,
        0.813572,
        0.5700239
      ]
    ],
    "translation": [
      1.35106254,
      1.47631311,
      -0.873677433
    ]
  },
  {
    "timeStamp": 1449,
    "rotation": [
      [
        0.992296338,
        0.107661553,
        0.06129462
      ],
      [
        -0.0113220923,
        0.5715,
        -0.820524
      ],
      [
        -0.123368762,
        0.813509,
        0.5683163
      ]
    ],
    "translation": [
      1.353894,
      1.473904,
      -0.870215237
    ]
  },
  {
    "timeStamp": 1493,
    "rotation": [
      [
        0.9909201,
        0.109514356,
        0.077999115
      ],
      [
        0.000869873445,
        0.574893355,
        -0.8182279
      ],
      [
        -0.134448871,
        0.810866356,
        0.5695781
      ]
    ],
    "translation": [
      1.35548949,
      1.47025967,
      -0.8646804
    ]
  },
  {
    "timeStamp": 1548,
    "rotation": [
      [
        0.98857826,
        0.108887941,
        0.104193844
      ],
      [
        0.0220298357,
        0.5795288,
        -0.814653933
      ],
      [
        -0.149089321,
        0.807644546,
        0.570510864
      ]
    ],
    "translation": [
      1.355907,
      1.46467042,
      -0.8516965
    ]
  },
  {
    "timeStamp": 1593,
    "rotation": [
      [
        0.985525548,
        0.109583952,
        0.129347563
      ],
      [
        0.04275352,
        0.57766813,
        -0.815151334
      ],
      [
        -0.164047465,
        0.808882535,
        0.5646216
      ]
    ],
    "translation": [
      1.3545742,
      1.46105027,
      -0.837587237
    ]
  },
  {
    "timeStamp": 1649,
    "rotation": [
      [
        0.9819638,
        0.106228068,
        0.156405687
      ],
      [
        0.0673365,
        0.576506734,
        -0.8143131
      ],
      [
        -0.176671833,
        0.810157835,
        0.558955669
      ]
    ],
    "translation": [
      1.35056591,
      1.45592952,
      -0.816901863
    ]
  },
  {
    "timeStamp": 1703,
    "rotation": [
      [
        0.98008287,
        0.09720356,
        0.173173651
      ],
      [
        0.0851652,
        0.582031667,
        -0.808694
      ],
      [
        -0.1794005,
        0.8073355,
        0.5621609
      ]
    ],
    "translation": [
      1.346431,
      1.4512794,
      -0.7962345
    ]
  },
  {
    "timeStamp": 1747,
    "rotation": [
      [
        0.9781058,
        0.0878651962,
        0.18864961
      ],
      [
        0.101222828,
        0.5911781,
        -0.800164
      ],
      [
        -0.181832075,
        0.801740646,
        0.5693408
      ]
    ],
    "translation": [
      1.33999085,
      1.44409168,
      -0.769036949
    ]
  },
  {
    "timeStamp": 1803,
    "rotation": [
      [
        0.9779059,
        0.07927987,
        0.1934287
      ],
      [
        0.109814838,
        0.5925177,
        -0.7980373
      ],
      [
        -0.1778782,
        0.8016467,
        0.570720434
      ]
    ],
    "translation": [
      1.33472824,
      1.43729544,
      -0.747448444
    ]
  },
  {
    "timeStamp": 1847,
    "rotation": [
      [
        0.978804052,
        0.06199924,
        0.1951891
      ],
      [
        0.12027619,
        0.5973757,
        -0.792890847
      ],
      [
        -0.165759861,
        0.7995614,
        0.577256739
      ]
    ],
    "translation": [
      1.329112,
      1.428667,
      -0.7206072
    ]
  },
  {
    "timeStamp": 1903,
    "rotation": [
      [
        0.9796695,
        0.0519283749,
        0.19378081
      ],
      [
        0.1244028,
        0.6005431,
        -0.7898556
      ],
      [
        -0.157389671,
        0.7979043,
        0.5818737
      ]
    ],
    "translation": [
      1.32658386,
      1.42147565,
      -0.701007366
    ]
  },
  {
    "timeStamp": 1947,
    "rotation": [
      [
        0.978977442,
        0.0515478365,
        0.197347522
      ],
      [
        0.12796624,
        0.598212063,
        -0.7910543
      ],
      [
        -0.158832818,
        0.799678147,
        0.579039752
      ]
    ],
    "translation": [
      1.32521915,
      1.41205645,
      -0.680225134
    ]
  },
  {
    "timeStamp": 2003,
    "rotation": [
      [
        0.9778795,
        0.0568196923,
        0.2013036
      ],
      [
        0.129850447,
        0.589590669,
        -0.79719615
      ],
      [
        -0.163983166,
        0.805701137,
        0.5691706
      ]
    ],
    "translation": [
      1.3265214,
      1.40661526,
      -0.666812062
    ]
  },
  {
    "timeStamp": 2047,
    "rotation": [
      [
        0.9749751,
        0.06970053,
        0.211105019
      ],
      [
        0.132932723,
        0.5783405,
        -0.804892
      ],
      [
        -0.17819199,
        0.812812448,
        0.5546021
      ]
    ],
    "translation": [
      1.32952237,
      1.40176868,
      -0.6533097
    ]
  },
  {
    "timeStamp": 2094,
    "rotation": [
      [
        0.9722193,
        0.07965919,
        0.2201003
      ],
      [
        0.136522919,
        0.570828438,
        -0.8096397
      ],
      [
        -0.190134734,
        0.8171961,
        0.5440951
      ]
    ],
    "translation": [
      1.33437371,
      1.401591,
      -0.6451419
    ]
  },
  {
    "timeStamp": 2148,
    "rotation": [
      [
        0.96532923,
        0.10231439,
        0.2401484
      ],
      [
        0.141279608,
        0.568810046,
        -0.8102439
      ],
      [
        -0.219498441,
        0.8160802,
        0.534634054
      ]
    ],
    "translation": [
      1.34269118,
      1.40628529,
      -0.63738
    ]
  },
  {
    "timeStamp": 2193,
    "rotation": [
      [
        0.954338551,
        0.134102046,
        0.2669356
      ],
      [
        0.142654687,
        0.58051914,
        -0.8016528
      ],
      [
        -0.2624645,
        0.803127766,
        0.5348815
      ]
    ],
    "translation": [
      1.35195518,
      1.413599,
      -0.6330173
    ]
  },
  {
    "timeStamp": 2250,
    "rotation": [
      [
        0.925345361,
        0.180853441,
        0.33320877
      ],
      [
        0.161669612,
        0.6067413,
        -0.778285265
      ],
      [
        -0.3429271,
        0.7740524,
        0.5322067
      ]
    ],
    "translation": [
      1.36940575,
      1.42518544,
      -0.630486131
    ]
  },
  {
    "timeStamp": 2292,
    "rotation": [
      [
        0.884538,
        0.219029531,
        0.411847681
      ],
      [
        0.194278821,
        0.6297043,
        -0.752149045
      ],
      [
        -0.42408514,
        0.7453177,
        0.5144446
      ]
    ],
    "translation": [
      1.38763118,
      1.43454778,
      -0.6316694
    ]
  },
  {
    "timeStamp": 2349,
    "rotation": [
      [
        0.8123438,
        0.266428649,
        0.518761337
      ],
      [
        0.24304314,
        0.6539409,
        -0.7164435
      ],
      [
        -0.5301204,
        0.7080798,
        0.4664712
      ]
    ],
    "translation": [
      1.41476607,
      1.44588161,
      -0.6380904
    ]
  },
  {
    "timeStamp": 2393,
    "rotation": [
      [
        0.74740845,
        0.300164431,
        0.592690468
      ],
      [
        0.2765515,
        0.6705848,
        -0.688357
      ],
      [
        -0.6040695,
        0.678393245,
        0.418189764
      ]
    ],
    "translation": [
      1.43848324,
      1.45429111,
      -0.6455357
    ]
  },
  {
    "timeStamp": 2448,
    "rotation": [
      [
        0.6770262,
        0.33258158,
        0.6565249
      ],
      [
        0.302228242,
        0.6877361,
        -0.660058439
      ],
      [
        -0.671039164,
        0.6452972,
        0.365099847
      ]
    ],
    "translation": [
      1.47075856,
      1.46407962,
      -0.656262338
    ]
  },
  {
    "timeStamp": 2492,
    "rotation": [
      [
        0.6335974,
        0.3542372,
        0.6878011
      ],
      [
        0.305449069,
        0.7022618,
        -0.643062353
      ],
      [
        -0.710813046,
        0.6175308,
        0.336749852
      ]
    ],
    "translation": [
      1.49870276,
      1.47044587,
      -0.664955258
    ]
  },
  {
    "timeStamp": 2548,
    "rotation": [
      [
        0.594508469,
        0.378961831,
        0.709188
      ],
      [
        0.290588319,
        0.7211121,
        -0.628932238
      ],
      [
        -0.749745369,
        0.5799873,
        0.318585336
      ]
    ],
    "translation": [
      1.53719556,
      1.47557616,
      -0.675429046
    ]
  },
  {
    "timeStamp": 2592,
    "rotation": [
      [
        0.5781115,
        0.397957683,
        0.7123319
      ],
      [
        0.269762456,
        0.7306934,
        -0.6271485
      ],
      [
        -0.770074844,
        0.5547222,
        0.315068275
      ]
    ],
    "translation": [
      1.57040238,
      1.4765594,
      -0.6836293
    ]
  },
  {
    "timeStamp": 2648,
    "rotation": [
      [
        0.5752355,
        0.4161518,
        0.704217136
      ],
      [
        0.243597716,
        0.7347006,
        -0.633147061
      ],
      [
        -0.7808741,
        0.5357544,
        0.321252227
      ]
    ],
    "translation": [
      1.6166054,
      1.4745506,
      -0.6931984
    ]
  },
  {
    "timeStamp": 2693,
    "rotation": [
      [
        0.5803693,
        0.432634234,
        0.6899269
      ],
      [
        0.2235814,
        0.7300006,
        -0.645840943
      ],
      [
        -0.7830599,
        0.5290811,
        0.326940984
      ]
    ],
    "translation": [
      1.65639913,
      1.46968985,
      -0.701521158
    ]
  },
  {
    "timeStamp": 2749,
    "rotation": [
      [
        0.5950189,
        0.454674184,
        0.6627397
      ],
      [
        0.200398222,
        0.714623034,
        -0.670189857
      ],
      [
        -0.778327048,
        0.5315875,
        0.334098369
      ]
    ],
    "translation": [
      1.70877385,
      1.46342826,
      -0.712499
    ]
  },
  {
    "timeStamp": 2799,
    "rotation": [
      [
        0.61456573,
        0.462697059,
        0.638921261
      ],
      [
        0.181518868,
        0.705247939,
        -0.685329258
      ],
      [
        -0.767697752,
        0.537156165,
        0.349433
      ]
    ],
    "translation": [
      1.76392329,
      1.46350718,
      -0.7182639
    ]
  },
  {
    "timeStamp": 2843,
    "rotation": [
      [
        0.6326861,
        0.463222057,
        0.620591462
      ],
      [
        0.166283667,
        0.701420844,
        -0.693079054
      ],
      [
        -0.7563453,
        0.541695654,
        0.366752923
      ]
    ],
    "translation": [
      1.804517,
      1.46329117,
      -0.7240246
    ]
  },
  {
    "timeStamp": 2898,
    "rotation": [
      [
        0.633189857,
        0.497536421,
        0.592898
      ],
      [
        0.139832675,
        0.679882467,
        -0.7198657
      ],
      [
        -0.7612604,
        0.538718164,
        0.360922843
      ]
    ],
    "translation": [
      1.848429,
      1.4650948,
      -0.7307281
    ]
  },
  {
    "timeStamp": 2943,
    "rotation": [
      [
        0.6339694,
        0.5141542,
        0.577692151
      ],
      [
        0.120280489,
        0.672348261,
        -0.7303974
      ],
      [
        -0.763947248,
        0.5325347,
        0.3644055
      ]
    ],
    "translation": [
      1.87893808,
      1.46676993,
      -0.734328568
    ]
  },
  {
    "timeStamp": 2998,
    "rotation": [
      [
        0.6477313,
        0.5209155,
        0.555959761
      ],
      [
        0.100874647,
        0.664668262,
        -0.740297556
      ],
      [
        -0.7551612,
        0.535596132,
        0.377979219
      ]
    ],
    "translation": [
      1.91080785,
      1.46789289,
      -0.7358575
    ]
  },
  {
    "timeStamp": 3043,
    "rotation": [
      [
        0.6638121,
        0.5245241,
        0.5331303
      ],
      [
        0.0810033754,
        0.6582207,
        -0.748454332
      ],
      [
        -0.743499756,
        0.5400184,
        0.394446641
      ]
    ],
    "translation": [
      1.93245459,
      1.46753788,
      -0.7349947
    ]
  },
  {
    "timeStamp": 3098,
    "rotation": [
      [
        0.685169041,
        0.525770664,
        0.5040919
      ],
      [
        0.0588190556,
        0.649870157,
        -0.7577659
      ],
      [
        -0.7260053,
        0.5488479,
        0.414345562
      ]
    ],
    "translation": [
      1.95458817,
      1.46483755,
      -0.7326145
    ]
  },
  {
    "timeStamp": 3143,
    "rotation": [
      [
        0.7038185,
        0.5246111,
        0.4789809
      ],
      [
        0.0433674119,
        0.6412719,
        -0.766087234
      ],
      [
        -0.7090549,
        0.5599585,
        0.428587973
      ]
    ],
    "translation": [
      1.96896541,
      1.46224332,
      -0.7298726
    ]
  },
  {
    "timeStamp": 3199,
    "rotation": [
      [
        0.721691847,
        0.5288219,
        0.446663618
      ],
      [
        0.0226906277,
        0.626848,
        -0.7788111
      ],
      [
        -0.6918425,
        0.572196662,
        0.440391779
      ]
    ],
    "translation": [
      1.982622,
      1.45898533,
      -0.7255452
    ]
  },
  {
    "timeStamp": 3245,
    "rotation": [
      [
        0.735961854,
        0.5273541,
        0.4245677
      ],
      [
        0.01183903,
        0.6169892,
        -0.7868825
      ],
      [
        -0.67691946,
        0.58414197,
        0.447837174
      ]
    ],
    "translation": [
      1.99052835,
      1.45734537,
      -0.7216128
    ]
  },
  {
    "timeStamp": 3302,
    "rotation": [
      [
        0.752748549,
        0.5175122,
        0.406879365
      ],
      [
        0.006087391,
        0.612569869,
        -0.790393054
      ],
      [
        -0.6582801,
        0.597444057,
        0.457960755
      ]
    ],
    "translation": [
      1.99616146,
      1.45678353,
      -0.7171805
    ]
  },
  {
    "timeStamp": 3347,
    "rotation": [
      [
        0.772765756,
        0.5031961,
        0.386816174
      ],
      [
        0.004141763,
        0.605444551,
        -0.7958767
      ],
      [
        -0.6346778,
        0.616628349,
        0.4657827
      ]
    ],
    "translation": [
      2.000718,
      1.45634294,
      -0.7119609
    ]
  },
  {
    "timeStamp": 3392,
    "rotation": [
      [
        0.7886527,
        0.4892179,
        0.372414768
      ],
      [
        0.00500811543,
        0.6005796,
        -0.7995493
      ],
      [
        -0.6148185,
        0.6324318,
        0.471198678
      ]
    ],
    "translation": [
      2.001896,
      1.45585251,
      -0.7080787
    ]
  },
  {
    "timeStamp": 3448,
    "rotation": [
      [
        0.8125401,
        0.4656034,
        0.350702167
      ],
      [
        0.00757443765,
        0.593160748,
        -0.8050484
      ],
      [
        -0.582856059,
        0.6567905,
        0.478440255
      ]
    ],
    "translation": [
      2.00037146,
      1.45490551,
      -0.7032753
    ]
  },
  {
    "timeStamp": 3492,
    "rotation": [
      [
        0.834851265,
        0.44238162,
        0.327600151
      ],
      [
        0.0093121985,
        0.583687246,
        -0.8119252
      ],
      [
        -0.5503968,
        0.680887461,
        0.4831725
      ]
    ],
    "translation": [
      1.99708152,
      1.453362,
      -0.6994715
    ]
  },
  {
    "timeStamp": 3548,
    "rotation": [
      [
        0.865967751,
        0.408894658,
        0.287932336
      ],
      [
        0.006003796,
        0.567208052,
        -0.823552668
      ],
      [
        -0.5000638,
        0.7148987,
        0.48872894
      ]
    ],
    "translation": [
      1.99032485,
      1.45085752,
      -0.694708943
    ]
  },
  {
    "timeStamp": 3592,
    "rotation": [
      [
        0.8919665,
        0.380328953,
        0.244429141
      ],
      [
        -0.007159719,
        0.552466452,
        -0.8335044
      ],
      [
        -0.452044755,
        0.741708,
        0.495504618
      ]
    ],
    "translation": [
      1.98251033,
      1.44881463,
      -0.690879345
    ]
  },
  {
    "timeStamp": 3649,
    "rotation": [
      [
        0.926386356,
        0.334934264,
        0.1721262
      ],
      [
        -0.03776378,
        0.5374075,
        -0.8424767
      ],
      [
        -0.374676228,
        0.7739588,
        0.510495365
      ]
    ],
    "translation": [
      1.96796787,
      1.44682193,
      -0.6862425
    ]
  },
  {
    "timeStamp": 3692,
    "rotation": [
      [
        0.956914246,
        0.278215379,
        0.0831342041
      ],
      [
        -0.07777279,
        0.5214139,
        -0.849752247
      ],
      [
        -0.279761463,
        0.8066745,
        0.520586
      ]
    ],
    "translation": [
      1.95120156,
      1.44631219,
      -0.682139635
    ]
  },
  {
    "timeStamp": 3748,
    "rotation": [
      [
        0.9828586,
        0.178007409,
        -0.04798279
      ],
      [
        -0.132212475,
        0.4991684,
        -0.856359
      ],
      [
        -0.128486753,
        0.8480238,
        0.514146745
      ]
    ],
    "translation": [
      1.92414808,
      1.44556677,
      -0.680565238
    ]
  },
  {
    "timeStamp": 3811,
    "rotation": [
      [
        0.9856056,
        0.118872114,
        -0.120212793
      ],
      [
        -0.163489014,
        0.489115655,
        -0.8567597
      ],
      [
        -0.0430468768,
        0.864080667,
        0.501509368
      ]
    ],
    "translation": [
      1.90684247,
      1.44650662,
      -0.6816294
    ]
  },
  {
    "timeStamp": 3842,
    "rotation": [
      [
        0.9661224,
        0.005596774,
        -0.2580236
      ],
      [
        -0.228485182,
        0.483435869,
        -0.8450351
      ],
      [
        0.120008387,
        0.8753619,
        0.468337029
      ]
    ],
    "translation": [
      1.866402,
      1.44934547,
      -0.6843042
    ]
  },
  {
    "timeStamp": 3898,
    "rotation": [
      [
        0.946220756,
        -0.05823505,
        -0.3182373
      ],
      [
        -0.25281623,
        0.480676234,
        -0.8396632
      ],
      [
        0.20186694,
        0.8749623,
        0.440103084
      ]
    ],
    "translation": [
      1.84340167,
      1.45224166,
      -0.6892953
    ]
  },
  {
    "timeStamp": 3942,
    "rotation": [
      [
        0.9133513,
        -0.129094943,
        -0.386165649
      ],
      [
        -0.281272858,
        0.485706151,
        -0.827632248
      ],
      [
        0.294406146,
        0.8645369,
        0.407309443
      ]
    ],
    "translation": [
      1.820288,
      1.4554863,
      -0.6949797
    ]
  },
  {
    "timeStamp": 3998,
    "rotation": [
      [
        0.8650292,
        -0.197614685,
        -0.4611647
      ],
      [
        -0.316899031,
        0.497404158,
        -0.807566762
      ],
      [
        0.3889723,
        0.8447115,
        0.367645234
      ]
    ],
    "translation": [
      1.79259443,
      1.45974243,
      -0.703262031
    ]
  },
  {
    "timeStamp": 4042,
    "rotation": [
      [
        0.833163261,
        -0.2406255,
        -0.497933984
      ],
      [
        -0.333874583,
        0.4989196,
        -0.7997543
      ],
      [
        0.4408703,
        0.8325734,
        0.335342765
      ]
    ],
    "translation": [
      1.77247357,
      1.46289563,
      -0.711066246
    ]
  },
  {
    "timeStamp": 4098,
    "rotation": [
      [
        0.8046716,
        -0.281748056,
        -0.522610545
      ],
      [
        -0.338252872,
        0.5058598,
        -0.793530643
      ],
      [
        0.487943351,
        0.815306067,
        0.311748862
      ]
    ],
    "translation": [
      1.74933,
      1.465883,
      -0.7191342
    ]
  },
  {
    "timeStamp": 4142,
    "rotation": [
      [
        0.7949044,
        -0.309026837,
        -0.522139251
      ],
      [
        -0.325101882,
        0.50967145,
        -0.7965826
      ],
      [
        0.5122849,
        0.802955449,
        0.3046749
      ]
    ],
    "translation": [
      1.73187375,
      1.46621954,
      -0.724237263
    ]
  },
  {
    "timeStamp": 4197,
    "rotation": [
      [
        0.800164,
        -0.332163185,
        -0.499404848
      ],
      [
        -0.2989204,
        0.5010162,
        -0.8121757
      ],
      [
        0.5199848,
        0.799156,
        0.301604778
      ]
    ],
    "translation": [
      1.71064,
      1.46494365,
      -0.7282712
    ]
  },
  {
    "timeStamp": 4243,
    "rotation": [
      [
        0.819108069,
        -0.341793865,
        -0.460693926
      ],
      [
        -0.262567341,
        0.490646571,
        -0.8308576
      ],
      [
        0.510019958,
        0.8015253,
        0.31214866
      ]
    ],
    "translation": [
      1.69467664,
      1.46231127,
      -0.7285665
    ]
  },
  {
    "timeStamp": 4299,
    "rotation": [
      [
        0.8637949,
        -0.327660263,
        -0.3827493
      ],
      [
        -0.199558228,
        0.4750426,
        -0.8570362
      ],
      [
        0.4626389,
        0.8166843,
        0.344952136
      ]
    ],
    "translation": [
      1.675453,
      1.45760942,
      -0.725947
    ]
  },
  {
    "timeStamp": 4345,
    "rotation": [
      [
        0.893409848,
        -0.3141534,
        -0.3211333
      ],
      [
        -0.147301525,
        0.470463246,
        -0.8700383
      ],
      [
        0.424406916,
        0.824604154,
        0.3740412
      ]
    ],
    "translation": [
      1.65738082,
      1.45496249,
      -0.7237342
    ]
  },
  {
    "timeStamp": 4402,
    "rotation": [
      [
        0.903611362,
        -0.314375,
        -0.2909552
      ],
      [
        -0.117090151,
        0.4720938,
        -0.8737376
      ],
      [
        0.4120394,
        0.8235872,
        0.3897791
      ]
    ],
    "translation": [
      1.63344,
      1.45323634,
      -0.7225153
    ]
  },
  {
    "timeStamp": 4447,
    "rotation": [
      [
        0.8995945,
        -0.336183578,
        -0.278765827
      ],
      [
        -0.0990321562,
        0.464651048,
        -0.879938662
      ],
      [
        0.425349742,
        0.819194734,
        0.3847045
      ]
    ],
    "translation": [
      1.5998522,
      1.45125461,
      -0.722699463
    ]
  },
  {
    "timeStamp": 4503,
    "rotation": [
      [
        0.8929241,
        -0.351696044,
        -0.281062931
      ],
      [
        -0.09997953,
        0.45380196,
        -0.885476053
      ],
      [
        0.43896535,
        0.818763435,
        0.3700483
      ]
    ],
    "translation": [
      1.57065868,
      1.4510808,
      -0.7224993
    ]
  },
  {
    "timeStamp": 4547,
    "rotation": [
      [
        0.8837855,
        -0.367355883,
        -0.2897807
      ],
      [
        -0.1053061,
        0.447273135,
        -0.888176441
      ],
      [
        0.455887973,
        0.815473139,
        0.3566087
      ]
    ],
    "translation": [
      1.53503942,
      1.44949579,
      -0.7231032
    ]
  },
  {
    "timeStamp": 4602,
    "rotation": [
      [
        0.8732239,
        -0.390173644,
        -0.291966617
      ],
      [
        -0.0979563445,
        0.446362853,
        -0.889474452
      ],
      [
        0.477372527,
        0.8053103,
        0.351554722
      ]
    ],
    "translation": [
      1.51069975,
      1.44668114,
      -0.7225324
    ]
  },
  {
    "timeStamp": 4647,
    "rotation": [
      [
        0.8722484,
        -0.406121731,
        -0.2724845
      ],
      [
        -0.07580645,
        0.438150018,
        -0.8956997
      ],
      [
        0.483152241,
        0.8019287,
        0.351389
      ]
    ],
    "translation": [
      1.48696589,
      1.44084573,
      -0.720815
    ]
  },
  {
    "timeStamp": 4703,
    "rotation": [
      [
        0.885954857,
        -0.39896062,
        -0.236462221
      ],
      [
        -0.0483135469,
        0.427697062,
        -0.902630031
      ],
      [
        0.46124804,
        0.8111138,
        0.3596451
      ]
    ],
    "translation": [
      1.47535157,
      1.43404114,
      -0.7184922
    ]
  },
  {
    "timeStamp": 4747,
    "rotation": [
      [
        0.9013799,
        -0.39062044,
        -0.186895669
      ],
      [
        -0.009584178,
        0.413498551,
        -0.910454333
      ],
      [
        0.432923138,
        0.8224565,
        0.36897552
      ]
    ],
    "translation": [
      1.46578157,
      1.425135,
      -0.7144656
    ]
  },
  {
    "timeStamp": 4803,
    "rotation": [
      [
        0.9119324,
        -0.3831419,
        -0.1469066
      ],
      [
        0.02292957,
        0.405032665,
        -0.914014637
      ],
      [
        0.4096993,
        0.8301511,
        0.3781477
      ]
    ],
    "translation": [
      1.46343184,
      1.41742718,
      -0.71011126
    ]
  },
  {
    "timeStamp": 4847,
    "rotation": [
      [
        0.9265699,
        -0.364355564,
        -0.0933448
      ],
      [
        0.05898281,
        0.385863,
        -0.920668662
      ],
      [
        0.371469051,
        0.847558141,
        0.379019737
      ]
    ],
    "translation": [
      1.46494722,
      1.40768313,
      -0.706761658
    ]
  },
  {
    "timeStamp": 4902,
    "rotation": [
      [
        0.9392276,
        -0.339604139,
        -0.05020441
      ],
      [
        0.08610461,
        0.3746106,
        -0.923175454
      ],
      [
        0.332321316,
        0.86274904,
        0.381086081
      ]
    ],
    "translation": [
      1.46930861,
      1.40011787,
      -0.704568863
    ]
  },
  {
    "timeStamp": 4947,
    "rotation": [
      [
        0.948188365,
        -0.317655534,
        -0.005814744
      ],
      [
        0.116086446,
        0.3634337,
        -0.9243592
      ],
      [
        0.295741081,
        0.8757916,
        0.381479084
      ]
    ],
    "translation": [
      1.47599828,
      1.39200664,
      -0.7014427
    ]
  },
  {
    "timeStamp": 4992,
    "rotation": [
      [
        0.951740265,
        -0.306336582,
        0.018665744
      ],
      [
        0.134323418,
        0.361093581,
        -0.9228048
      ],
      [
        0.2759488,
        0.8807777,
        0.384815454
      ]
    ],
    "translation": [
      1.48362851,
      1.38773525,
      -0.6990982
    ]
  },
  {
    "timeStamp": 5047,
    "rotation": [
      [
        0.9597639,
        -0.278645128,
        0.03478919
      ],
      [
        0.142368674,
        0.376061141,
        -0.915592253
      ],
      [
        0.242042452,
        0.883705258,
        0.4006002
      ]
    ],
    "translation": [
      1.49502933,
      1.38421834,
      -0.6953844
    ]
  },
  {
    "timeStamp": 5103,
    "rotation": [
      [
        0.9687865,
        -0.24364756,
        0.04570073
      ],
      [
        0.139925674,
        0.385282636,
        -0.9121283
      ],
      [
        0.204630136,
        0.8900523,
        0.407349169
      ]
    ],
    "translation": [
      1.50629461,
      1.38348126,
      -0.6938346
    ]
  },
  {
    "timeStamp": 5147,
    "rotation": [
      [
        0.9795603,
        -0.189672723,
        0.0669767559
      ],
      [
        0.138732657,
        0.395944774,
        -0.907734
      ],
      [
        0.145653278,
        0.8984721,
        0.4141656
      ]
    ],
    "translation": [
      1.5227648,
      1.3863343,
      -0.693111062
    ]
  },
  {
    "timeStamp": 5193,
    "rotation": [
      [
        0.9863764,
        -0.12800087,
        0.103331409
      ],
      [
        0.1472892,
        0.407437474,
        -0.9012772
      ],
      [
        0.0732631758,
        0.904218137,
        0.420739859
      ]
    ],
    "translation": [
      1.5391463,
      1.39311457,
      -0.693725
    ]
  },
  {
    "timeStamp": 5247,
    "rotation": [
      [
        0.9821346,
        -0.0335857533,
        0.1851584
      ],
      [
        0.181122959,
        0.4356427,
        -0.8817085
      ],
      [
        -0.05105007,
        0.89949286,
        0.4339429
      ]
    ],
    "translation": [
      1.56429827,
      1.405787,
      -0.6954525
    ]
  },
  {
    "timeStamp": 5302,
    "rotation": [
      [
        0.962226331,
        0.03883703,
        0.26946643
      ],
      [
        0.22157985,
        0.463372618,
        -0.8580141
      ],
      [
        -0.158186063,
        0.8853121,
        0.437263846
      ]
    ],
    "translation": [
      1.587548,
      1.41825414,
      -0.699171543
    ]
  },
  {
    "timeStamp": 5347,
    "rotation": [
      [
        0.9220402,
        0.11773552,
        0.3687548
      ],
      [
        0.265622437,
        0.5005167,
        -0.823970735
      ],
      [
        -0.281578541,
        0.8576837,
        0.430223376
      ]
    ],
