[
  {
    "timeStamp": 25743,
    "rotation": [
      [
        0.6648723,
        0.6395684,
        0.3858718
      ],
      [
        -0.285626382,
        0.695018947,
        -0.659822941
      ],
      [
        -0.6901901,
        0.328482836,
        0.644776464
      ]
    ],
    "translation": [
      1.16918111,
      0.7723214,
      -0.6769198
    ]
  },
  {
    "timeStamp": 25789,
    "rotation": [
      [
        0.6570991,
        0.642513633,
        0.394204378
      ],
      [
        -0.325821131,
        0.7136678,
        -0.620095849
      ],
      [
        -0.679751,
        0.2790243,
        0.678294957
      ]
    ],
    "translation": [
      1.17191732,
      0.7737083,
      -0.6780926
    ]
  },
  {
    "timeStamp": 25842,
    "rotation": [
      [
        0.598851144,
        0.715961933,
        0.3588534
      ],
      [
        -0.3918014,
        0.652716041,
        -0.648423851
      ],
      [
        -0.6984762,
        0.247710109,
        0.6713946
      ]
    ],
    "translation": [
      1.18414187,
      0.8034378,
      -0.6732408
    ]
  },
  {
    "timeStamp": 25887,
    "rotation": [
      [
        0.528190732,
        0.792699158,
        0.30437237
      ],
      [
        -0.470918953,
        0.571742058,
        -0.671823144
      ],
      [
        -0.7065761,
        0.211516038,
        0.675285935
      ]
    ],
    "translation": [
      1.20196736,
      0.846421,
      -0.6740223
    ]
  },
  {
    "timeStamp": 25942,
    "rotation": [
      [
        0.4726936,
        0.8482021,
        0.23898524
      ],
      [
        -0.541155457,
        0.493436515,
        -0.680934
      ],
      [
        -0.6954937,
        0.192544952,
        0.6922535
      ]
    ],
    "translation": [
      1.23784673,
      0.8975506,
      -0.682926953
    ]
  },
  {
    "timeStamp": 25987,
    "rotation": [
      [
        0.471547663,
        0.8603371,
        0.1935533
      ],
      [
        -0.5619757,
        0.462323368,
        -0.685886562
      ],
      [
        -0.6795779,
        0.214655951,
        0.701496065
      ]
    ],
    "translation": [
      1.27378452,
      0.9283364,
      -0.6984024
    ]
  },
  {
    "timeStamp": 26043,
    "rotation": [
      [
        0.526714,
        0.832887769,
        0.169912532
      ],
      [
        -0.559067,
        0.489997238,
        -0.6688398
      ],
      [
        -0.6403252,
        0.2572948,
        0.723728538
      ]
    ],
    "translation": [
      1.32737589,
      0.9461393,
      -0.722947955
    ]
  },
  {
    "timeStamp": 26087,
    "rotation": [
      [
        0.602934837,
        0.7733989,
        0.195764571
      ],
      [
        -0.510221064,
        0.562453151,
        -0.6506312
      ],
      [
        -0.6133058,
        0.292405,
        0.733727
      ]
    ],
    "translation": [
      1.37550616,
      0.942808032,
      -0.7422282
    ]
  },
  {
    "timeStamp": 26143,
    "rotation": [
      [
        0.6060774,
        0.750875831,
        0.262403816
      ],
      [
        -0.498605371,
        0.61569,
        -0.610179067
      ],
      [
        -0.619728148,
        0.238979742,
        0.747546434
      ]
    ],
    "translation": [
      1.44744134,
      0.939954937,
      -0.754020154
    ]
  },
  {
    "timeStamp": 26186,
    "rotation": [
      [
        0.569173,
        0.7553477,
        0.3247953
      ],
      [
        -0.48298648,
        0.626837,
        -0.6113914
      ],
      [
        -0.6654068,
        0.191115737,
        0.7216014
      ]
    ],
    "translation": [
      1.50714552,
      0.9439347,
      -0.7568985
    ]
  },
  {
    "timeStamp": 26241,
    "rotation": [
      [
        0.467311978,
        0.7753811,
        0.42473948
      ],
      [
        -0.500495136,
        0.628048062,
        -0.5958693
      ],
      [
        -0.7287826,
        0.06587682,
        0.681568861
      ]
    ],
    "translation": [
      1.58474672,
      0.9581155,
      -0.75424993
    ]
  },
  {
    "timeStamp": 26286,
    "rotation": [
      [
        0.346035868,
        0.799016535,
        0.49176392
      ],
      [
        -0.5360331,
        0.5985442,
        -0.5953263
      ],
      [
        -0.770018,
        -0.057597477,
        0.635417044
      ]
    ],
    "translation": [
      1.64977908,
      0.97808677,
      -0.7483626
    ]
  },
  {
    "timeStamp": 26341,
    "rotation": [
      [
        0.164244056,
        0.7824596,
        0.6006503
      ],
      [
        -0.5881107,
        0.5665353,
        -0.5772032
      ],
      [
        -0.7919278,
        -0.2584467,
        0.553222954
      ]
    ],
    "translation": [
      1.73662746,
      1.00503325,
      -0.739131
    ]
  },
  {
    "timeStamp": 26385,
    "rotation": [
      [
        0.009159844,
        0.7303591,
        0.683002055
      ],
      [
        -0.631147563,
        0.5340095,
        -0.5625714
      ],
      [
        -0.7756087,
        -0.425922066,
        0.465855777
      ]
    ],
    "translation": [
      1.81073189,
      1.02364779,
      -0.7332768
    ]
  },
  {
    "timeStamp": 26441,
    "rotation": [
      [
        -0.182438821,
        0.611272633,
        0.7701051
      ],
      [
        -0.6690375,
        0.496776223,
        -0.552813
      ],
      [
        -0.7204893,
        -0.616083741,
        0.31833306
      ]
    ],
    "translation": [
      1.90519464,
      1.04005229,
      -0.7310986
    ]
  },
  {
    "timeStamp": 26485,
    "rotation": [
      [
        -0.289443165,
        0.4949586,
        0.819291532
      ],
      [
        -0.6836357,
        0.4921998,
        -0.5388707
      ],
      [
        -0.6699738,
        -0.716069341,
        0.1959075
      ]
    ],
    "translation": [
      1.97414744,
      1.04200041,
      -0.7343823
    ]
  },
  {
    "timeStamp": 26541,
    "rotation": [
      [
        -0.3810046,
        0.36444205,
        0.8497161
      ],
      [
        -0.6807108,
        0.5113569,
        -0.5245445
      ],
      [
        -0.625674248,
        -0.7782648,
        0.0532503054
      ]
    ],
    "translation": [
      2.04547,
      1.02746856,
      -0.7415146
    ]
  },
  {
    "timeStamp": 26591,
    "rotation": [
      [
        -0.454997867,
        0.3324431,
        0.826110542
      ],
      [
        -0.6072682,
        0.56268543,
        -0.560901463
      ],
      [
        -0.6513082,
        -0.7568796,
        -0.0541385524
      ]
    ],
    "translation": [
      2.08765268,
      0.9977558,
      -0.7442984
    ]
  },
  {
    "timeStamp": 26637,
    "rotation": [
      [
        -0.524983644,
        0.332387626,
        0.783524454
      ],
      [
        -0.5144387,
        0.6094713,
        -0.6032392
      ],
      [
        -0.678045,
        -0.719766,
        -0.148969427
      ]
    ],
    "translation": [
      2.12015,
      0.954644,
      -0.749646068
    ]
  },
  {
    "timeStamp": 26693,
    "rotation": [
      [
        -0.5489501,
        0.32808575,
        0.768774033
      ],
      [
        -0.483038753,
        0.626092434,
        -0.6121125
      ],
      [
        -0.682149,
        -0.7073669,
        -0.185215384
      ]
    ],
    "translation": [
      2.14018726,
      0.9178754,
      -0.748722553
    ]
  },
  {
    "timeStamp": 26737,
    "rotation": [
      [
        -0.550305367,
        0.314512849,
        0.7734635
      ],
      [
        -0.4644409,
        0.654509246,
        -0.5965839
      ],
      [
        -0.6938723,
        -0.687531352,
        -0.2141073
      ]
    ],
    "translation": [
      2.15167046,
      0.891353667,
      -0.7445494
    ]
  },
  {
    "timeStamp": 26793,
    "rotation": [
      [
        -0.5848936,
        0.3232158,
        0.743929446
      ],
      [
        -0.433152646,
        0.6509766,
        -0.623384535
      ],
      [
        -0.6857684,
        -0.6868486,
        -0.240750223
      ]
    ],
    "translation": [
      2.16115785,
      0.866741657,
      -0.7360004
    ]
  },
  {
    "timeStamp": 26837,
    "rotation": [
      [
        -0.5849454,
        0.3309702,
        0.740471244
      ],
      [
        -0.419278353,
        0.658113837,
        -0.625373363
      ],
      [
        -0.694294333,
        -0.676272869,
        -0.246192
      ]
    ],
    "translation": [
      2.165067,
      0.8507346,
      -0.728037
    ]
  },
  {
    "timeStamp": 26893,
    "rotation": [
      [
        -0.57653,
        0.3121007,
        0.755120039
      ],
      [
        -0.43271482,
        0.6673085,
        -0.606182456
      ],
      [
        -0.693088055,
        -0.676234,
        -0.249672741
      ]
    ],
    "translation": [
      2.169695,
      0.835381031,
      -0.7187713
    ]
  },
  {
    "timeStamp": 26937,
    "rotation": [
      [
        -0.609361351,
        0.3290178,
        0.721405566
      ],
      [
        -0.389297873,
        0.6684737,
        -0.6337113
      ],
      [
        -0.69074297,
        -0.66700083,
        -0.279256165
      ]
    ],
    "translation": [
      2.173134,
      0.821772039,
      -0.713436961
    ]
  },
  {
    "timeStamp": 26992,
    "rotation": [
      [
        -0.6029548,
        0.3183255,
        0.7315151
      ],
      [
        -0.4005994,
        0.6721468,
        -0.6226868
      ],
      [
        -0.6899026,
        -0.6684965,
        -0.277753145
      ]
    ],
    "translation": [
      2.17503333,
      0.81367135,
      -0.706170857
    ]
  },
  {
    "timeStamp": 27038,
    "rotation": [
      [
        -0.6100665,
        0.3177129,
        0.7258632
      ],
      [
        -0.3881696,
        0.6787893,
        -0.6233534
      ],
      [
        -0.6907556,
        -0.662045062,
        -0.290780067
      ]
    ],
    "translation": [
      2.17762446,
      0.804821,
      -0.701981068
    ]
  },
  {
    "timeStamp": 27084,
    "rotation": [
      [
        -0.62037915,
        0.333719254,
        0.7097613
      ],
      [
        -0.365503341,
        0.6776663,
        -0.6381032
      ],
      [
        -0.693928659,
        -0.6552861,
        -0.298434556
      ]
    ],
    "translation": [
      2.176874,
      0.7971063,
      -0.6976209
    ]
  },
  {
    "timeStamp": 27141,
    "rotation": [
      [
        -0.618834734,
        0.329821378,
        0.7129246
      ],
      [
        -0.3267938,
        0.717217147,
        -0.615471661
      ],
      [
        -0.714317441,
        -0.6138546,
        -0.3360553
      ]
    ],
    "translation": [
      2.17611,
      0.793609738,
      -0.6923003
    ]
  },
  {
    "timeStamp": 27186,
    "rotation": [
      [
        -0.61016643,
        0.3181786,
        0.725575149
      ],
      [
        -0.326017767,
        0.733848631,
        -0.5959686
      ],
      [
        -0.7220868,
        -0.6001904,
        -0.3440379
      ]
    ],
    "translation": [
      2.17468524,
      0.793106,
      -0.690968752
    ]
  },
  {
    "timeStamp": 27242,
    "rotation": [
      [
        -0.6204238,
        0.314991742,
        0.7182301
      ],
      [
        -0.306621045,
        0.7454826,
        -0.5918101
      ],
      [
        -0.721843362,
        -0.5873975,
        -0.365932047
      ]
    ],
    "translation": [
      2.175065,
      0.7928627,
      -0.689116061
    ]
  }
]