[
  {
    "timeStamp": 31662,
    "rotation": [
      [
        0.947698057,
        -0.245611548,
        -0.203821808
      ],
      [
        0.309616834,
        0.552404642,
        0.7739422
      ],
      [
        -0.07749701,
        -0.7965702,
        0.5995583
      ]
    ],
    "translation": [
      1.30058789,
      0.694683433,
      -0.6720943
    ]
  },
  {
    "timeStamp": 31708,
    "rotation": [
      [
        0.9561364,
        -0.2287359,
        -0.182983622
      ],
      [
        0.283596933,
        0.5664943,
        0.773729265
      ],
      [
        -0.07332048,
        -0.7916843,
        0.606514633
      ]
    ],
    "translation": [
      1.2995348,
      0.6967405,
      -0.672773361
    ]
  },
  {
    "timeStamp": 31762,
    "rotation": [
      [
        0.967403054,
        -0.2230341,
        -0.119945817
      ],
      [
        0.229447529,
        0.5715174,
        0.7878589
      ],
      [
        -0.10716828,
        -0.7896984,
        0.6040623
      ]
    ],
    "translation": [
      1.29941392,
      0.71530515,
      -0.6701123
    ]
  },
  {
    "timeStamp": 31806,
    "rotation": [
      [
        0.9780131,
        -0.197825819,
        -0.0659947246
      ],
      [
        0.169137672,
        0.5673232,
        0.8059385
      ],
      [
        -0.121995106,
        -0.7993806,
        0.588309348
      ]
    ],
    "translation": [
      1.30458069,
      0.7408989,
      -0.6695436
    ]
  },
  {
    "timeStamp": 31862,
    "rotation": [
      [
        0.985788643,
        -0.167847127,
        -0.00693719275
      ],
      [
        0.105745152,
        0.587909,
        0.8019856
      ],
      [
        -0.130532548,
        -0.7913219,
        0.597303033
      ]
    ],
    "translation": [
      1.32019079,
      0.77450037,
      -0.675540745
    ]
  },
  {
    "timeStamp": 31906,
    "rotation": [
      [
        0.9912162,
        -0.1319476,
        -0.008954987
      ],
      [
        0.0904028043,
        0.6265878,
        0.7740898
      ],
      [
        -0.09652822,
        -0.7680999,
        0.6330124
      ]
    ],
    "translation": [
      1.34149849,
      0.7949184,
      -0.6897838
    ]
  },
  {
    "timeStamp": 31962,
    "rotation": [
      [
        0.99346745,
        -0.0919756,
        -0.06754998
      ],
      [
        0.111852132,
        0.6675024,
        0.7361587
      ],
      [
        -0.0226188675,
        -0.7389053,
        0.673429549
      ]
    ],
    "translation": [
      1.37900794,
      0.809012234,
      -0.7162948
    ]
  },
  {
    "timeStamp": 32006,
    "rotation": [
      [
        0.990972936,
        -0.08914651,
        -0.100127883
      ],
      [
        0.133992434,
        0.6827224,
        0.718287
      ],
      [
        0.00432676636,
        -0.7252193,
        0.688504338
      ]
    ],
    "translation": [
      1.41872692,
      0.8159937,
      -0.7326984
    ]
  },
  {
    "timeStamp": 32062,
    "rotation": [
      [
        0.989789844,
        -0.105827108,
        -0.0954814
      ],
      [
        0.1417606,
        0.6611857,
        0.736707151
      ],
      [
        -0.01483265,
        -0.7427208,
        0.669437051
      ]
    ],
    "translation": [
      1.47390306,
      0.8273005,
      -0.7436273
    ]
  },
  {
    "timeStamp": 32106,
    "rotation": [
      [
        0.9881758,
        -0.145831212,
        -0.047348693
      ],
      [
        0.1352303,
        0.6834183,
        0.7173926
      ],
      [
        -0.07225927,
        -0.715313,
        0.695058167
      ]
    ],
    "translation": [
      1.52141976,
      0.835641742,
      -0.749083042
    ]
  },
  {
    "timeStamp": 32162,
    "rotation": [
      [
        0.9770166,
        -0.21085988,
        0.03125043
      ],
      [
        0.123033762,
        0.677541733,
        0.7251206
      ],
      [
        -0.17407231,
        -0.70461005,
        0.6879124
      ]
    ],
    "translation": [
      1.58413374,
      0.850871444,
      -0.7489658
    ]
  },
  {
    "timeStamp": 32206,
    "rotation": [
      [
        0.9552017,
        -0.2694189,
        0.122487321
      ],
      [
        0.09320055,
        0.6666478,
        0.739523053
      ],
      [
        -0.2808974,
        -0.69497776,
        0.6618931
      ]
    ],
    "translation": [
      1.6361872,
      0.8675703,
      -0.743418038
    ]
  },
  {
    "timeStamp": 32262,
    "rotation": [
      [
        0.8975831,
        -0.365239948,
        0.246869192
      ],
      [
        0.0507552363,
        0.6418839,
        0.7651202
      ],
      [
        -0.437913835,
        -0.6742291,
        0.594682
      ]
    ],
    "translation": [
      1.70637083,
      0.8908673,
      -0.7309551
    ]
  },
  {
    "timeStamp": 32306,
    "rotation": [
      [
        0.8217053,
        -0.4547817,
        0.343473464
      ],
      [
        0.00599902729,
        0.6095462,
        0.7927279
      ],
      [
        -0.5698811,
        -0.6493282,
        0.503595531
      ]
    ],
    "translation": [
      1.76789,
      0.9117436,
      -0.7199183
    ]
  },
  {
    "timeStamp": 32362,
    "rotation": [
      [
        0.695075631,
        -0.5801637,
        0.424594
      ],
      [
        -0.0405262746,
        0.558028758,
        0.828831434
      ],
      [
        -0.7177936,
        -0.593307734,
        0.3643603
      ]
    ],
    "translation": [
      1.850798,
      0.935394,
      -0.7090246
    ]
  },
  {
    "timeStamp": 32407,
    "rotation": [
      [
        0.5798318,
        -0.6707647,
        0.4624606
      ],
      [
        -0.0754675,
        0.5209618,
        0.8502373
      ],
      [
        -0.811233461,
        -0.5278954,
        0.2514493
      ]
    ],
    "translation": [
      1.91765428,
      0.949909,
      -0.705783367
    ]
  },
  {
    "timeStamp": 32462,
    "rotation": [
      [
        0.462487251,
        -0.760023236,
        0.456585467
      ],
      [
        -0.06853243,
        0.4827852,
        0.873053133
      ],
      [
        -0.8839733,
        -0.435066849,
        0.171195775
      ]
    ],
    "translation": [
      1.99282289,
      0.953729868,
      -0.710189044
    ]
  },
  {
    "timeStamp": 32506,
    "rotation": [
      [
        0.3886705,
        -0.785486341,
        0.481608123
      ],
      [
        -0.0253773,
        0.5133803,
        0.8577859
      ],
      [
        -0.921027243,
        -0.34561798,
        0.17960225
      ]
    ],
    "translation": [
      2.041,
      0.9410068,
      -0.718365669
    ]
  },
  {
    "timeStamp": 32562,
    "rotation": [
      [
        0.297930747,
        -0.7809926,
        0.5488968
      ],
      [
        0.0410152823,
        0.5849515,
        0.8100305
      ],
      [
        -0.9537059,
        -0.218819857,
        0.206307679
      ]
    ],
    "translation": [
      2.08802652,
      0.9102792,
      -0.731851757
    ]
  },
  {
    "timeStamp": 32606,
    "rotation": [
      [
        0.270192385,
        -0.7819142,
        0.5617885
      ],
      [
        0.1144637,
        0.605439365,
        0.787617445
      ],
      [
        -0.9559781,
        -0.14850384,
        0.2530859
      ]
    ],
    "translation": [
      2.112834,
      0.8810414,
      -0.7424013
    ]
  },
  {
    "timeStamp": 32658,
    "rotation": [
      [
        0.275663376,
        -0.785940647,
        0.55345
      ],
      [
        0.150635839,
        0.603964746,
        0.7826464
      ],
      [
        -0.949377954,
        -0.13237755,
        0.2848818
      ]
    ],
    "translation": [
      2.12518978,
      0.853611052,
      -0.748366654
    ]
  },
  {
    "timeStamp": 32712,
    "rotation": [
      [
        0.2842527,
        -0.799272835,
        0.529493451
      ],
      [
        0.194858089,
        0.588910758,
        0.7843561
      ],
      [
        -0.9387389,
        -0.119779274,
        0.323144257
      ]
    ],
    "translation": [
      2.135705,
      0.816214,
      -0.751636
    ]
  },
  {
    "timeStamp": 32757,
    "rotation": [
      [
        0.294820428,
        -0.8102497,
        0.5065337
      ],
      [
        0.2081349,
        0.571819067,
        0.793538153
      ],
      [
        -0.9326096,
        -0.128523916,
        0.3372252
      ]
    ],
    "translation": [
      2.1404314,
      0.7960966,
      -0.7508312
    ]
  },
  {
    "timeStamp": 32812,
    "rotation": [
      [
        0.29339698,
        -0.7922866,
        0.53497684
      ],
      [
        0.215956584,
        0.6000678,
        0.770247638
      ],
      [
        -0.931279242,
        -0.110456549,
        0.347157568
      ]
    ],
    "translation": [
      2.14078116,
      0.774104059,
      -0.7497134
    ]
  },
  {
    "timeStamp": 32857,
    "rotation": [
      [
        0.310872853,
        -0.7916887,
        0.5259155
      ],
      [
        0.2390306,
        0.600670338,
        0.762928247
      ],
      [
        -0.9199035,
        -0.111463778,
        0.375969917
      ]
    ],
    "translation": [
      2.13947535,
      0.7591604,
      -0.748051643
    ]
  },
  {
    "timeStamp": 32912,
    "rotation": [
      [
        0.311145067,
        -0.80569303,
        0.504031241
      ],
      [
        0.261962235,
        0.5825204,
        0.7694451
      ],
      [
        -0.913545,
        -0.107371919,
        0.3923095
      ]
    ],
    "translation": [
      2.13834167,
      0.74372685,
      -0.7472451
    ]
  },
  {
    "timeStamp": 32957,
    "rotation": [
      [
        0.28774184,
        -0.8304992,
        0.476944268
      ],
      [
        0.301474124,
        0.5512348,
        0.777980447
      ],
      [
        -0.909020364,
        -0.08007118,
        0.408987343
      ]
    ],
    "translation": [
      2.14318085,
      0.73017323,
      -0.749265254
    ]
  },
  {
    "timeStamp": 33012,
    "rotation": [
      [
        0.256993979,
        -0.8293405,
        0.496133476
      ],
      [
        0.301672518,
        0.556567132,
        0.7740974
      ],
      [
        -0.918121934,
        -0.04926854,
        0.393223643
      ]
    ],
    "translation": [
      2.146393,
      0.726873457,
      -0.749403954
    ]
  }
]