[
  {
    "timeStamp": 63463,
    "rotation": [
      [
        -0.0007509448,
        0.999662638,
        0.0259616934
      ],
      [
        -0.0590228438,
        -0.025960749,
        0.997919
      ],
      [
        0.9982563,
        -0.0007829386,
        0.05902243
      ]
    ],
    "translation": [
      1.30326831,
      0.702410758,
      -0.36369288
    ]
  },
  {
    "timeStamp": 63509,
    "rotation": [
      [
        -0.003031042,
        0.999168932,
        0.0406478643
      ],
      [
        -0.06149173,
        -0.0407573581,
        0.9972751
      ],
      [
        0.998102963,
        0.000523297465,
        0.0615641661
      ]
    ],
    "translation": [
      1.30331039,
      0.702576935,
      -0.3637066
    ]
  },
  {
    "timeStamp": 63564,
    "rotation": [
      [
        -0.0277217738,
        0.9995572,
        0.0108180484
      ],
      [
        -0.114058606,
        -0.013914464,
        0.993376553
      ],
      [
        0.9930872,
        0.0263042655,
        0.11439383
      ]
    ],
    "translation": [
      1.3072,
      0.7057496,
      -0.370319128
    ]
  },
  {
    "timeStamp": 63607,
    "rotation": [
      [
        -0.0317865275,
        0.9992821,
        0.0206132047
      ],
      [
        -0.115531005,
        -0.0241587926,
        0.993010044
      ],
      [
        0.992795169,
        0.02918288,
        0.116215989
      ]
    ],
    "translation": [
      1.30980289,
      0.7109185,
      -0.373299
    ]
  },
  {
    "timeStamp": 63663,
    "rotation": [
      [
        -0.04671761,
        0.9985919,
        0.0251321755
      ],
      [
        -0.103238873,
        -0.02985173,
        0.9942085
      ],
      [
        0.9935588,
        0.04385242,
        0.104488105
      ]
    ],
    "translation": [
      1.31635952,
      0.722016931,
      -0.379728973
    ]
  },
  {
    "timeStamp": 63708,
    "rotation": [
      [
        -0.0543191843,
        0.9976409,
        0.041976776
      ],
      [
        -0.103034869,
        -0.0474145263,
        0.993547
      ],
      [
        0.993193448,
        0.0496435948,
        0.105367318
      ]
    ],
    "translation": [
      1.32290888,
      0.7334107,
      -0.389370531
    ]
  },
  {
    "timeStamp": 63763,
    "rotation": [
      [
        -0.0438923426,
        0.9960369,
        0.07735633
      ],
      [
        -0.09604598,
        -0.0812793747,
        0.992052853
      ],
      [
        0.994408667,
        0.0361137725,
        0.0992328748
      ]
    ],
    "translation": [
      1.33615565,
      0.753443837,
      -0.403766632
    ]
  },
  {
    "timeStamp": 63808,
    "rotation": [
      [
        -0.0654375851,
        0.99484247,
        0.07750085
      ],
      [
        -0.0835494,
        -0.08285706,
        0.993052959
      ],
      [
        0.994352758,
        0.05850783,
        0.08854046
      ]
    ],
    "translation": [
      1.34983373,
      0.771324,
      -0.418503881
    ]
  },
  {
    "timeStamp": 63863,
    "rotation": [
      [
        -0.05333371,
        0.991455734,
        0.119042367
      ],
      [
        -0.06886588,
        -0.122580089,
        0.990066469
      ],
      [
        0.9961993,
        0.04460596,
        0.0748151243
      ]
    ],
    "translation": [
      1.37278235,
      0.7988667,
      -0.438678026
    ]
  },
  {
    "timeStamp": 63907,
    "rotation": [
      [
        -0.0489880331,
        0.99275136,
        0.1097493
      ],
      [
        -0.04602091,
        -0.112008043,
        0.992641032
      ],
      [
        0.9977386,
        0.04357675,
        0.0511743724
      ]
    ],
    "translation": [
      1.399439,
      0.8205996,
      -0.456316233
    ]
  },
  {
    "timeStamp": 63963,
    "rotation": [
      [
        -0.008582012,
        0.9885577,
        0.15059945
      ],
      [
        -0.04256766,
        -0.150829628,
        0.9876429
      ],
      [
        0.999056756,
        0.00206530979,
        0.0433750078
      ]
    ],
    "translation": [
      1.4365344,
      0.8472677,
      -0.4808858
    ]
  },
  {
    "timeStamp": 64007,
    "rotation": [
      [
        0.0227126665,
        0.990031958,
        0.138999522
      ],
      [
        -0.0362520628,
        -0.138128355,
        0.9897506
      ],
      [
        0.999084532,
        -0.0275189076,
        0.0327534378
      ]
    ],
    "translation": [
      1.47437906,
      0.8662919,
      -0.502998054
    ]
  },
  {
    "timeStamp": 64063,
    "rotation": [
      [
        0.0593025275,
        0.989054561,
        0.135108128
      ],
      [
        -0.0249528643,
        -0.1338353,
        0.9906894
      ],
      [
        0.9979281,
        -0.06212172,
        0.0167429727
      ]
    ],
    "translation": [
      1.52480614,
      0.888605356,
      -0.5331976
    ]
  },
  {
    "timeStamp": 64107,
    "rotation": [
      [
        0.112647437,
        0.981310666,
        0.156013012
      ],
      [
        -0.0405192077,
        -0.152345136,
        0.987496436
      ],
      [
        0.9928085,
        -0.117560446,
        0.02260064
      ]
    ],
    "translation": [
      1.56846106,
      0.9042425,
      -0.560999036
    ]
  },
  {
    "timeStamp": 64163,
    "rotation": [
      [
        0.156241462,
        0.980374157,
        0.120229132
      ],
      [
        -0.0326195359,
        -0.116536118,
        0.9926506
      ],
      [
        0.9871801,
        -0.159015,
        0.0137715759
      ]
    ],
    "translation": [
      1.62914968,
      0.920556962,
      -0.5966934
    ]
  },
  {
    "timeStamp": 64207,
    "rotation": [
      [
        0.214595765,
        0.9702169,
        0.112373658
      ],
      [
        -0.03847487,
        -0.10656742,
        0.9935608
      ],
      [
        0.9759448,
        -0.2175375,
        0.0144600524
      ]
    ],
    "translation": [
      1.68003643,
      0.931201041,
      -0.627159834
    ]
  },
  {
    "timeStamp": 64263,
    "rotation": [
      [
        0.289502472,
        0.951945364,
        0.09994157
      ],
      [
        -0.048093833,
        -0.08981424,
        0.994796634
      ],
      [
        0.955968261,
        -0.292802662,
        0.019781258
      ]
    ],
    "translation": [
      1.74256635,
      0.9414234,
      -0.666975737
    ]
  },
  {
    "timeStamp": 64308,
    "rotation": [
      [
        0.335522473,
        0.940587,
        0.05216004
      ],
      [
        -0.0405818671,
        -0.0408864766,
        0.9983393
      ],
      [
        0.941157639,
        -0.337082058,
        0.0244524479
      ]
    ],
    "translation": [
      1.79371047,
      0.9476645,
      -0.6991206
    ]
  },
  {
    "timeStamp": 64363,
    "rotation": [
      [
        0.4093524,
        0.9110661,
        0.0488794446
      ],
      [
        -0.0504130274,
        -0.03090579,
        0.9982501
      ],
      [
        0.9109825,
        -0.411100268,
        0.03327824
      ]
    ],
    "translation": [
      1.85162222,
      0.95401144,
      -0.7377309
    ]
  },
  {
    "timeStamp": 64408,
    "rotation": [
      [
        0.464413762,
        0.8854196,
        0.0187621787
      ],
      [
        -0.0394249335,
        -0.000494803535,
        0.9992224
      ],
      [
        0.884740353,
        -0.464792341,
        0.03467781
      ]
    ],
    "translation": [
      1.89866853,
      0.958433867,
      -0.765216649
    ]
  },
  {
    "timeStamp": 64463,
    "rotation": [
      [
        0.516278863,
        0.8562334,
        -0.01790279
      ],
      [
        -0.0244455673,
        0.0356290676,
        0.999066055
      ],
      [
        0.856071651,
        -0.515359044,
        0.0393256471
      ]
    ],
    "translation": [
      1.954529,
      0.9631201,
      -0.795375764
    ]
  },
  {
    "timeStamp": 64507,
    "rotation": [
      [
        0.5872757,
        0.8092635,
        -0.0141364019
      ],
      [
        -0.0219142046,
        0.0333572663,
        0.9992032
      ],
      [
        0.809090257,
        -0.586497962,
        0.0373242758
      ]
    ],
    "translation": [
      1.99814057,
      0.965933442,
      -0.8153855
    ]
  },
  {
    "timeStamp": 64563,
    "rotation": [
      [
        0.643372357,
        0.7652609,
        -0.0211609583
      ],
      [
        -0.0171873365,
        0.0420731679,
        0.9989667
      ],
      [
        0.7653604,
        -0.6423439,
        0.04022151
      ]
    ],
    "translation": [
      2.04744887,
      0.967346847,
      -0.8337772
    ]
  },
  {
    "timeStamp": 64614,
    "rotation": [
      [
        0.6630106,
        0.747939348,
        -0.0316814631
      ],
      [
        -0.007319663,
        0.04879525,
        0.998782
      ],
      [
        0.748574257,
        -0.6619711,
        0.03782643
      ]
    ],
    "translation": [
      2.07890987,
      0.965361953,
      -0.841735661
    ]
  },
  {
    "timeStamp": 64657,
    "rotation": [
      [
        0.6666377,
        0.74415797,
        -0.0426977053
      ],
      [
        -0.00114655774,
        0.05830667,
        0.998298049
      ],
      [
        0.745381057,
        -0.665454149,
        0.0397226475
      ]
    ],
    "translation": [
      2.11172032,
      0.9596705,
      -0.845890641
    ]
  },
  {
    "timeStamp": 64713,
    "rotation": [
      [
        0.6268841,
        0.7762636,
        -0.0665661246
      ],
      [
        -0.0134510268,
        0.09620896,
        0.995270252
      ],
      [
        0.778996348,
        -0.6230237,
        0.07075341
      ]
    ],
    "translation": [
      2.13324285,
      0.9462598,
      -0.844421446
    ]
  },
  {
    "timeStamp": 64758,
    "rotation": [
      [
        0.6044493,
        0.793117,
        -0.07487722
      ],
      [
        -0.008797181,
        0.100630388,
        0.994884968
      ],
      [
        0.7965951,
        -0.600698769,
        0.06780315
      ]
    ],
    "translation": [
      2.14721775,
      0.935767353,
      -0.837986052
    ]
  },
  {
    "timeStamp": 64813,
    "rotation": [
      [
        0.5710638,
        0.819101453,
        -0.0543948151
      ],
      [
        -0.02481793,
        0.08345835,
        0.9962022
      ],
      [
        0.820530355,
        -0.567545056,
        0.06798845
      ]
    ],
    "translation": [
      2.15606046,
      0.9199652,
      -0.8281191
    ]
  },
  {
    "timeStamp": 64857,
    "rotation": [
      [
        0.5410001,
        0.83762145,
        -0.0755593
      ],
      [
        -0.0219375715,
        0.10386622,
        0.9943493
      ],
      [
        0.8407364,
        -0.5362855,
        0.07456701
      ]
    ],
    "translation": [
      2.16362333,
      0.907105,
      -0.8204601
    ]
  },
  {
    "timeStamp": 64913,
    "rotation": [
      [
        0.514477968,
        0.856127858,
        -0.0485549867
      ],
      [
        -0.038168788,
        0.07943098,
        0.996109366
      ],
      [
        0.85665375,
        -0.510623038,
        0.07354285
      ]
    ],
    "translation": [
      2.166559,
      0.891512454,
      -0.8098886
    ]
  },
  {
    "timeStamp": 64957,
    "rotation": [
      [
        0.485167563,
        0.871405542,
        -0.07255862
      ],
      [
        -0.03875449,
        0.104326032,
        0.993787766
      ],
      [
        0.873562,
        -0.4793416,
        0.08438648
      ]
    ],
    "translation": [
      2.1703217,
      0.87944144,
      -0.802984536
    ]
  },
  {
    "timeStamp": 65013,
    "rotation": [
      [
        0.454709947,
        0.887996256,
        -0.06856731
      ],
      [
        -0.06375223,
        0.109240778,
        0.9919688
      ],
      [
        0.888354957,
        -0.446686774,
        0.106284611
      ]
    ],
    "translation": [
      2.170676,
      0.8635954,
      -0.7973348
    ]
  },
  {
    "timeStamp": 65058,
    "rotation": [
      [
        0.4321435,
        0.897650957,
        -0.086456
      ],
      [
        -0.0701378956,
        0.129034728,
        0.989156544
      ],
      [
        0.8990732,
        -0.421393722,
        0.118720874
      ]
    ],
    "translation": [
      2.172904,
      0.8517107,
      -0.794245839
    ]
  },
  {
    "timeStamp": 65116,
    "rotation": [
      [
        0.4385703,
        0.896342039,
        -0.06501632
      ],
      [
        -0.102933891,
        0.121969819,
        0.987181842
      ],
      [
        0.892782569,
        -0.426256239,
        0.145756319
      ]
    ],
    "translation": [
      2.17540741,
      0.836217165,
      -0.7937992
    ]
  },
  {
    "timeStamp": 65161,
    "rotation": [
      [
        0.427244574,
        0.898795843,
        -0.09812278
      ],
      [
        -0.108160414,
        0.158555955,
        0.9814078
      ],
      [
        0.8976432,
        -0.408688158,
        0.164956287
      ]
    ],
    "translation": [
      2.18019676,
      0.8261531,
      -0.79447633
    ]
  },
  {
    "timeStamp": 65206,
    "rotation": [
      [
        0.4240274,
        0.9006565,
        -0.09496595
      ],
      [
        -0.126478717,
        0.162723124,
        0.9785317
      ],
      [
        0.8967741,
        -0.4029131,
        0.182912946
      ]
    ],
    "translation": [
      2.18245625,
      0.816811,
      -0.7954031
    ]
  },
  {
    "timeStamp": 65262,
    "rotation": [
      [
        0.4238379,
        0.897868454,
        -0.119137369
      ],
      [
        -0.134173423,
        0.192325562,
        0.9721154
      ],
      [
        0.8957449,
        -0.396034271,
        0.201984942
      ]
    ],
    "translation": [
      2.18819547,
      0.806568,
      -0.796318769
    ]
  },
  {
    "timeStamp": 65307,
    "rotation": [
      [
        0.418258458,
        0.8994777,
        -0.126490012
      ],
      [
        -0.147058785,
        0.20447515,
        0.9677622
      ],
      [
        0.8963446,
        -0.386173248,
        0.217799559
      ]
    ],
    "translation": [
      2.19132543,
      0.7990428,
      -0.79715836
    ]
  },
  {
    "timeStamp": 65363,
    "rotation": [
      [
        0.412045628,
        0.901503563,
        -0.1323246
      ],
      [
        -0.157490417,
        0.213505372,
        0.964164
      ],
      [
        0.8974493,
        -0.37643972,
        0.229952127
      ]
    ],
    "translation": [
      2.193319,
      0.7911616,
      -0.7963954
    ]
  },
  {
    "timeStamp": 65407,
    "rotation": [
      [
        0.3913879,
        0.907276332,
        -0.153834939
      ],
      [
        -0.154881284,
        0.2297328,
        0.960851
      ],
      [
        0.9070983,
        -0.3522393,
        0.230434746
      ]
    ],
    "translation": [
      2.19512749,
      0.7864209,
      -0.794339538
    ]
  },
  {
    "timeStamp": 65462,
    "rotation": [
      [
        0.390642643,
        0.909687161,
        -0.140952438
      ],
      [
        -0.165969834,
        0.2202103,
        0.961229146
      ],
      [
        0.90545696,
        -0.352103233,
        0.237004146
      ]
    ],
    "translation": [
      2.19408,
      0.7809568,
      -0.7921009
    ]
  },
  {
    "timeStamp": 65507,
    "rotation": [
      [
        0.378266275,
        0.9140326,
        -0.146489039
      ],
      [
        -0.163071156,
        0.22156848,
        0.961413145
      ],
      [
        0.9112203,
        -0.339782059,
        0.232864246
      ]
    ],
    "translation": [
      2.19232774,
      0.777188659,
      -0.7893599
    ]
  },
  {
    "timeStamp": 65562,
    "rotation": [
      [
        0.3738128,
        0.914762259,
        -0.1532124
      ],
      [
        -0.171240568,
        0.23041518,
        0.957906842
      ],
      [
        0.911559463,
        -0.331841648,
        0.242776558
      ]
    ],
    "translation": [
      2.190402,
      0.7712763,
      -0.7875906
    ]
  },
  {
    "timeStamp": 65607,
    "rotation": [
      [
        0.3705003,
        0.9173727,
        -0.145454168
      ],
      [
        -0.171055675,
        0.22131072,
        0.96008414
      ],
      [
        0.912945569,
        -0.3308307,
        0.2389175
      ]
    ],
    "translation": [
      2.18715954,
      0.76746726,
      -0.7858179
    ]
  },
  {
    "timeStamp": 65662,
    "rotation": [
      [
        0.354331017,
        0.9209187,
        -0.162352428
      ],
      [
        -0.172402427,
        0.234974325,
        0.956590056
      ],
      [
        0.9190903,
        -0.310959578,
        0.2420273
      ]
    ],
    "translation": [
      2.184152,
      0.762676239,
      -0.7847829
    ]
  },
  {
    "timeStamp": 65708,
    "rotation": [
      [
        0.350710928,
        0.9236514,
        -0.154498756
      ],
      [
        -0.17648989,
        0.227210611,
        0.9577195
      ],
      [
        0.9197027,
        -0.308615237,
        0.242700383
      ]
    ],
    "translation": [
      2.18108058,
      0.7600267,
      -0.7837205
    ]
  },
  {
    "timeStamp": 65762,
    "rotation": [
      [
        0.345747352,
        0.927673042,
        -0.14100185
      ],
      [
        -0.186590508,
        0.215240955,
        0.9585694
      ],
      [
        0.9195884,
        -0.305113226,
        0.247513965
      ]
    ],
    "translation": [
      2.17664719,
      0.757244766,
      -0.7836987
    ]
  },
  {
    "timeStamp": 65807,
    "rotation": [
      [
        0.323399723,
        0.935056031,
        -0.145199418
      ],
      [
        -0.182224184,
        0.212113455,
        0.9601053
      ],
      [
        0.928551,
        -0.284038931,
        0.238987252
      ]
    ],
    "translation": [
      2.17222929,
      0.7569966,
      -0.782365561
    ]
  },
  {
    "timeStamp": 65862,
    "rotation": [
      [
        0.309600949,
        0.9415296,
        -0.132925883
      ],
      [
        -0.182974324,
        0.196173027,
        0.963346541
      ],
      [
        0.933095753,
        -0.273930967,
        0.2330111
      ]
    ],
    "translation": [
      2.16708779,
      0.7564309,
      -0.7829342
    ]
  },
  {
    "timeStamp": 65907,
    "rotation": [
      [
        0.304283321,
        0.9431811,
        -0.133495435
      ],
      [
        -0.168714657,
        0.191285849,
        0.966925561
      ],
      [
        0.937521756,
        -0.271696657,
        0.21733357
      ]
    ],
    "translation": [
      2.165635,
      0.7574469,
      -0.781217456
    ]
  },
  {
    "timeStamp": 65962,
    "rotation": [
      [
        0.306610972,
        0.9425976,
        -0.132285148
      ],
      [
        -0.169523641,
        0.190835163,
        0.966873169
      ],
      [
        0.936617,
        -0.27402848,
        0.218304738
      ]
    ],
    "translation": [
      2.1662457,
      0.7563519,
      -0.7804776
    ]
  },
  {
    "timeStamp": 66007,
    "rotation": [
      [
        0.3103741,
        0.940832734,
        -0.136021271
      ],
      [
        -0.170290515,
        0.195800617,
        0.9657449
      ],
      [
        0.935237467,
        -0.276579082,
        0.220986322
      ]
    ],
    "translation": [
      2.1677742,
      0.754362941,
      -0.780826867
    ]
  }
]