[
  {
    "timeStamp": 98580,
    "rotation": [
      [
        0.998095036,
        0.0595808439,
        0.0160149038
      ],
      [
        -0.0601979531,
        0.997331738,
        0.0412998162
      ],
      [
        -0.0135114938,
        -0.042185206,
        0.9990185
      ]
    ],
    "translation": [
      1.31246912,
      0.8515955,
      -0.758829653
    ]
  },
  {
    "timeStamp": 98636,
    "rotation": [
      [
        0.9923193,
        0.1229561,
        0.013572772
      ],
      [
        -0.123251043,
        0.992095,
        0.0235963054
      ],
      [
        -0.0105641689,
        -0.0250879284,
        0.999629438
      ]
    ],
    "translation": [
      1.32217872,
      0.851341,
      -0.7563055
    ]
  },
  {
    "timeStamp": 98680,
    "rotation": [
      [
        0.983594656,
        0.180360973,
        0.00337835378
      ],
      [
        -0.180391729,
        0.983358741,
        0.02154929
      ],
      [
        0.0005645173,
        -0.0218051933,
        0.999762058
      ]
    ],
    "translation": [
      1.33122456,
      0.850847244,
      -0.755955458
    ]
  },
  {
    "timeStamp": 98736,
    "rotation": [
      [
        0.9946612,
        0.093860276,
        -0.0428886972
      ],
      [
        -0.09222983,
        0.9949918,
        0.0385363661
      ],
      [
        0.0462909341,
        -0.0343750119,
        0.9983364
      ]
    ],
    "translation": [
      1.33224332,
      0.858148,
      -0.7579531
    ]
  },
  {
    "timeStamp": 98780,
    "rotation": [
      [
        0.989049852,
        0.126539424,
        -0.0759489
      ],
      [
        -0.123323694,
        0.9913159,
        0.0456525534
      ],
      [
        0.0810662,
        -0.0357863531,
        0.9960661
      ]
    ],
    "translation": [
      1.34528375,
      0.8711539,
      -0.757691145
    ]
  },
  {
    "timeStamp": 98836,
    "rotation": [
      [
        0.983734369,
        0.156068861,
        -0.08893364
      ],
      [
        -0.150930211,
        0.986605763,
        0.0618799552
      ],
      [
        0.09739997,
        -0.0474506654,
        0.9941135
      ]
    ],
    "translation": [
      1.37119317,
      0.8922858,
      -0.757635057
    ]
  },
  {
    "timeStamp": 98880,
    "rotation": [
      [
        0.9780423,
        0.1808995,
        -0.103482746
      ],
      [
        -0.173017636,
        0.981605232,
        0.0807219744
      ],
      [
        0.116181776,
        -0.0610451624,
        0.991350234
      ]
    ],
    "translation": [
      1.39856577,
      0.9130741,
      -0.7583569
    ]
  },
  {
    "timeStamp": 98936,
    "rotation": [
      [
        0.974096835,
        0.199557215,
        -0.106359288
      ],
      [
        -0.188925683,
        0.9766608,
        0.10218
      ],
      [
        0.1242677,
        -0.07943921,
        0.9890637
      ]
    ],
    "translation": [
      1.43930328,
      0.939914167,
      -0.759188652
    ]
  },
  {
    "timeStamp": 98980,
    "rotation": [
      [
        0.9762303,
        0.198405549,
        -0.08723272
      ],
      [
        -0.188390821,
        0.97579217,
        0.111079171
      ],
      [
        0.107159726,
        -0.0920050144,
        0.9899757
      ]
    ],
    "translation": [
      1.47822857,
      0.9601306,
      -0.75959295
    ]
  },
  {
    "timeStamp": 99036,
    "rotation": [
      [
        0.9822072,
        0.184710145,
        -0.03392817
      ],
      [
        -0.180038825,
        0.977521062,
        0.109720439
      ],
      [
        0.05343198,
        -0.101659819,
        0.9933832
      ]
    ],
    "translation": [
      1.53246367,
      0.9833089,
      -0.758029342
    ]
  },
  {
    "timeStamp": 99080,
    "rotation": [
      [
        0.986152232,
        0.164106965,
        0.0239325482
      ],
      [
        -0.1657586,
        0.979934335,
        0.110692471
      ],
      [
        -0.00528692035,
        -0.11312665,
        0.9935665
      ]
    ],
    "translation": [
      1.57840359,
      1.00061989,
      -0.7571051
    ]
  },
  {
    "timeStamp": 99136,
    "rotation": [
      [
        0.9841428,
        0.137790054,
        0.111699872
      ],
      [
        -0.150558472,
        0.981851637,
        0.115323693
      ],
      [
        -0.0937822461,
        -0.130312338,
        0.987027645
      ]
    ],
    "translation": [
      1.63836658,
      1.02091241,
      -0.7576338
    ]
  },
  {
    "timeStamp": 99180,
    "rotation": [
      [
        0.978179753,
        0.0987732,
        0.182779238
      ],
      [
        -0.123631842,
        0.983774245,
        0.1300128
      ],
      [
        -0.166971728,
        -0.149773225,
        0.974519551
      ]
    ],
    "translation": [
      1.68573713,
      1.03576779,
      -0.7595946
    ]
  },
  {
    "timeStamp": 99236,
    "rotation": [
      [
        0.961428046,
        0.0587159842,
        0.2687166
      ],
      [
        -0.1032913,
        0.9825195,
        0.154875264
      ],
      [
        -0.254925638,
        -0.176657513,
        0.950686634
      ]
    ],
    "translation": [
      1.744298,
      1.053635,
      -0.764206946
    ]
  },
  {
    "timeStamp": 99280,
    "rotation": [
      [
        0.9438407,
        0.0181493871,
        0.329902
      ],
      [
        -0.08056173,
        0.980995357,
        0.176515967
      ],
      [
        -0.3204287,
        -0.193180427,
        0.9273655
      ]
    ],
    "translation": [
      1.78898168,
      1.06657732,
      -0.7693536
    ]
  },
  {
    "timeStamp": 99336,
    "rotation": [
      [
        0.9054271,
        -0.01907011,
        0.424073279
      ],
      [
        -0.0753124952,
        0.9759265,
        0.204683959
      ],
      [
        -0.417767674,
        -0.217264414,
        0.882194042
      ]
    ],
    "translation": [
      1.84452617,
      1.08272433,
      -0.776957333
    ]
  },
  {
    "timeStamp": 99380,
    "rotation": [
      [
        0.874882042,
        -0.0454,
        0.4822036
      ],
      [
        -0.071619384,
        0.9725254,
        0.221506357
      ],
      [
        -0.479011625,
        -0.228327051,
        0.8475934
      ]
    ],
    "translation": [
      1.88599753,
      1.09340179,
      -0.782963157
    ]
  },
  {
    "timeStamp": 99436,
    "rotation": [
      [
        0.8379139,
        -0.09219609,
        0.5379593
      ],
      [
        -0.0586106926,
        0.9647316,
        0.2566276
      ],
      [
        -0.5426464,
        -0.246561974,
        0.8029583
      ]
    ],
    "translation": [
      1.93343318,
      1.10354888,
      -0.7915289
    ]
  },
  {
    "timeStamp": 99484,
    "rotation": [
      [
        0.796158254,
        -0.119780093,
        0.593114436
      ],
      [
        -0.05231076,
        0.9629163,
        0.264680535
      ],
      [
        -0.602823,
        -0.241753861,
        0.760368
      ]
    ],
    "translation": [
      1.97205091,
      1.10849464,
      -0.7975885
    ]
  },
  {
    "timeStamp": 99535,
    "rotation": [
      [
        0.7484139,
        -0.170896679,
        0.640836239
      ],
      [
        -0.0340923071,
        0.955042064,
        0.294503748
      ],
      [
        -0.662355244,
        -0.242258281,
        0.708940446
      ]
    ],
    "translation": [
      2.01743531,
      1.11232233,
      -0.8058204
    ]
  },
  {
    "timeStamp": 99589,
    "rotation": [
      [
        0.7113117,
        -0.180376381,
        0.679338
      ],
      [
        -0.0166788548,
        0.9619071,
        0.272867382
      ],
      [
        -0.702678859,
        -0.205424339,
        0.68120724
      ]
    ],
    "translation": [
      2.05283284,
      1.10957944,
      -0.8093274
    ]
  },
  {
    "timeStamp": 99631,
    "rotation": [
      [
        0.6615707,
        -0.198352352,
        0.7231739
      ],
      [
        0.00706809666,
        0.9659892,
        0.2584858
      ],
      [
        -0.749849439,
        -0.165895179,
        0.6404722
      ]
    ],
    "translation": [
      2.09166932,
      1.102338,
      -0.8124302
    ]
  },
  {
    "timeStamp": 99686,
    "rotation": [
      [
        0.6655247,
        -0.2072536,
        0.717023551
      ],
      [
        0.04775506,
        0.970529437,
        0.2362036
      ],
      [
        -0.7448465,
        -0.122957833,
        0.6558087
      ]
    ],
    "translation": [
      2.11851072,
      1.09045863,
      -0.811176538
    ]
  },
  {
    "timeStamp": 99730,
    "rotation": [
      [
        0.669394732,
        -0.19891569,
        0.7157815
      ],
      [
        0.05888621,
        0.9746628,
        0.215788767
      ],
      [
        -0.7405694,
        -0.1022982,
        0.664147556
      ]
    ],
    "translation": [
      2.13417459,
      1.08104861,
      -0.807802558
    ]
  },
  {
    "timeStamp": 99786,
    "rotation": [
      [
        0.6998453,
        -0.209048241,
        0.68301934
      ],
      [
        0.08604346,
        0.9739249,
        0.2099211
      ],
      [
        -0.709093153,
        -0.0881429538,
        0.699584
      ]
    ],
    "translation": [
      2.14420533,
      1.07039261,
      -0.7998868
    ]
  },
  {
    "timeStamp": 99830,
    "rotation": [
      [
        0.728981733,
        -0.198563784,
        0.655101538
      ],
      [
        0.0982809961,
        0.9774496,
        0.186903909
      ],
      [
        -0.6774411,
        -0.0718655,
        0.7320579
      ]
    ],
    "translation": [
      2.1499927,
      1.06193376,
      -0.79163903
    ]
  },
  {
    "timeStamp": 99886,
    "rotation": [
      [
        0.757864833,
        -0.183677748,
        0.6260219
      ],
      [
        0.105966941,
        0.981464565,
        0.159682229
      ],
      [
        -0.6437484,
        -0.0546799153,
        0.763281167
      ]
    ],
    "translation": [
      2.15404773,
      1.05067873,
      -0.7797427
    ]
  },
  {
    "timeStamp": 99930,
    "rotation": [
      [
        0.777842939,
        -0.1824039,
        0.601406
      ],
      [
        0.117907993,
        0.98231703,
        0.145433486
      ],
      [
        -0.617299,
        -0.0422138348,
        0.7855953
      ]
    ],
    "translation": [
      2.156503,
      1.04117358,
      -0.7700363
    ]
  },
  {
    "timeStamp": 99986,
    "rotation": [
      [
        0.7637987,
        -0.1903427,
        0.6167505
      ],
      [
        0.129886121,
        0.9813082,
        0.141999081
      ],
      [
        -0.6322508,
        -0.0283513963,
        0.774244845
      ]
    ],
    "translation": [
      2.16609478,
      1.03087032,
      -0.757828236
    ]
  },
  {
    "timeStamp": 100032,
    "rotation": [
      [
        0.7487764,
        -0.208046243,
        0.629325569
      ],
      [
        0.154361531,
        0.978090644,
        0.139682576
      ],
      [
        -0.6445979,
        -0.00744735776,
        0.764485538
      ]
    ],
    "translation": [
      2.174326,
      1.02402115,
      -0.7481864
    ]
  },
  {
    "timeStamp": 100077,
    "rotation": [
      [
        0.739863336,
        -0.199885383,
        0.64237684
      ],
      [
        0.152216971,
        0.9798174,
        0.129567891
      ],
      [
        -0.65531075,
        0.00191812555,
        0.7553569
      ]
    ],
    "translation": [
      2.18122339,
      1.01892412,
      -0.7397218
    ]
  },
  {
    "timeStamp": 100134,
    "rotation": [
      [
        0.7415847,
        -0.194581509,
        0.642020345
      ],
      [
        0.154489249,
        0.9808239,
        0.118817605
      ],
      [
        -0.6528286,
        0.0110719167,
        0.7574247
      ]
    ],
    "translation": [
      2.18465614,
      1.01431787,
      -0.7298924
    ]
  },
  {
    "timeStamp": 100179,
    "rotation": [
      [
        0.736007035,
        -0.166724846,
        0.656122267
      ],
      [
        0.1314338,
        0.9859491,
        0.103099704
      ],
      [
        -0.6640924,
        0.01035453,
        0.7475788
      ]
    ],
    "translation": [
      2.18841457,
      1.012857,
      -0.7241231
    ]
  },
  {
    "timeStamp": 100235,
    "rotation": [
      [
        0.7217238,
        -0.1471408,
        0.676361144
      ],
      [
        0.106214531,
        0.9891142,
        0.101841308
      ],
      [
        -0.6839834,
        -0.00166192162,
        0.729495764
      ]
    ],
    "translation": [
      2.19156981,
      1.012917,
      -0.7202315
    ]
  }
]