[
  {
    "timeStamp": 22260,
    "rotation": [
      [
        0.9787222,
        0.200705513,
        0.0426640362
      ],
      [
        -0.201082274,
        0.9795632,
        0.00468664058
      ],
      [
        -0.040851485,
        -0.0131659005,
        0.9990785
      ]
    ],
    "translation": [
      1.29898262,
      0.699734569,
      -0.484849662
    ]
  },
  {
    "timeStamp": 22315,
    "rotation": [
      [
        0.9833194,
        0.179201245,
        0.0311436728
      ],
      [
        -0.1798404,
        0.9835108,
        0.0190793071
      ],
      [
        -0.0272111017,
        -0.0243619438,
        0.9993328
      ]
    ],
    "translation": [
      1.29836214,
      0.701027453,
      -0.4833935
    ]
  },
  {
    "timeStamp": 22360,
    "rotation": [
      [
        0.9813408,
        0.191417143,
        0.0181559883
      ],
      [
        -0.191875562,
        0.98101306,
        0.02823294
      ],
      [
        -0.0124069937,
        -0.0311898272,
        0.999436438
      ]
    ],
    "translation": [
      1.29638624,
      0.7035688,
      -0.484060258
    ]
  },
  {
    "timeStamp": 22415,
    "rotation": [
      [
        0.977916837,
        0.208955944,
        -0.00401412928
      ],
      [
        -0.208646953,
        0.977217734,
        0.0388841964
      ],
      [
        0.0120477621,
        -0.0371879749,
        0.9992357
      ]
    ],
    "translation": [
      1.29287755,
      0.7108561,
      -0.484544754
    ]
  },
  {
    "timeStamp": 22460,
    "rotation": [
      [
        0.974406838,
        0.224359512,
        -0.0139337489
      ],
      [
        -0.223243833,
        0.973097861,
        0.0569448471
      ],
      [
        0.02633502,
        -0.0523768254,
        0.9982801
      ]
    ],
    "translation": [
      1.29329371,
      0.7200345,
      -0.482954472
    ]
  },
  {
    "timeStamp": 22515,
    "rotation": [
      [
        0.9695113,
        0.244993672,
        -0.00510553131
      ],
      [
        -0.2437565,
        0.9663321,
        0.08237204
      ],
      [
        0.0251142662,
        -0.07861611,
        0.9965886
      ]
    ],
    "translation": [
      1.29833293,
      0.73647213,
      -0.479393065
    ]
  },
  {
    "timeStamp": 22560,
    "rotation": [
      [
        0.963780642,
        0.266664118,
        -0.004139071
      ],
      [
        -0.264804721,
        0.958674967,
        0.104022637
      ],
      [
        0.03170713,
        -0.09915896,
        0.9945663
      ]
    ],
    "translation": [
      1.30190253,
      0.7507661,
      -0.4761396
    ]
  },
  {
    "timeStamp": 22615,
    "rotation": [
      [
        0.954204142,
        0.299151331,
        0.001716597
      ],
      [
        -0.29766047,
        0.9488444,
        0.105321519
      ],
      [
        0.02987829,
        -0.10100919,
        0.994436741
      ]
    ],
    "translation": [
      1.306946,
      0.7660899,
      -0.475486159
    ]
  },
  {
    "timeStamp": 22660,
    "rotation": [
      [
        0.9468413,
        0.321675,
        0.004084378
      ],
      [
        -0.319942057,
        0.940262735,
        0.116374195
      ],
      [
        0.03359428,
        -0.11149466,
        0.993197
      ]
    ],
    "translation": [
      1.3123579,
      0.780673742,
      -0.475498766
    ]
  },
  {
    "timeStamp": 22715,
    "rotation": [
      [
        0.9348115,
        0.354628384,
        0.0191371478
      ],
      [
        -0.3543049,
        0.9275441,
        0.118869208
      ],
      [
        0.0244038459,
        -0.117900684,
        0.9927255
      ]
    ],
    "translation": [
      1.32303715,
      0.8005108,
      -0.477010638
    ]
  },
  {
    "timeStamp": 22760,
    "rotation": [
      [
        0.922279954,
        0.38464433,
        0.0380577669
      ],
      [
        -0.386385679,
        0.9148538,
        0.11725457
      ],
      [
        0.0102840131,
        -0.122846514,
        0.9923724
      ]
    ],
    "translation": [
      1.33421981,
      0.81855464,
      -0.480627477
    ]
  },
  {
    "timeStamp": 22815,
    "rotation": [
      [
        0.9082417,
        0.415583819,
        0.04885748
      ],
      [
        -0.4184085,
        0.9003881,
        0.1193133
      ],
      [
        0.005593986,
        -0.1288077,
        0.9916538
      ]
    ],
    "translation": [
      1.35149622,
      0.8448616,
      -0.487155259
    ]
  },
  {
    "timeStamp": 22860,
    "rotation": [
      [
        0.895562947,
        0.441198945,
        0.0575370453
      ],
      [
        -0.444930941,
        0.8885775,
        0.11165303
      ],
      [
        -0.00186493143,
        -0.125592321,
        0.992080152
      ]
    ],
    "translation": [
      1.36852944,
      0.866228938,
      -0.495500118
    ]
  },
  {
    "timeStamp": 22915,
    "rotation": [
      [
        0.88701,
        0.45933637,
        0.04715262
      ],
      [
        -0.4616236,
        0.8797398,
        0.113848127
      ],
      [
        0.0108125471,
        -0.122751184,
        0.992378533
      ]
    ],
    "translation": [
      1.39372993,
      0.8936784,
      -0.508853436
    ]
  },
  {
    "timeStamp": 22959,
    "rotation": [
      [
        0.8790333,
        0.473972231,
        0.05148515
      ],
      [
        -0.476686984,
        0.8718644,
        0.112347677
      ],
      [
        0.008361612,
        -0.123299651,
        0.9923343
      ]
    ],
    "translation": [
      1.41987574,
      0.914551139,
      -0.521079063
    ]
  },
  {
    "timeStamp": 23015,
    "rotation": [
      [
        0.8715618,
        0.485183567,
        0.07054729
      ],
      [
        -0.4899974,
        0.866918445,
        0.09140572
      ],
      [
        -0.0168101918,
        -0.114233725,
        0.993311644
      ]
    ],
    "translation": [
      1.46053112,
      0.9348722,
      -0.5400333
    ]
  },
  {
    "timeStamp": 23059,
    "rotation": [
      [
        0.8788806,
        0.471540183,
        0.07224051
      ],
      [
        -0.476647,
        0.874185264,
        0.09277792
      ],
      [
        -0.0194030683,
        -0.115973942,
        0.993062735
      ]
    ],
    "translation": [
      1.49732816,
      0.949211061,
      -0.5557365
    ]
  },
  {
    "timeStamp": 23115,
    "rotation": [
      [
        0.88149184,
        0.4609139,
        0.102618068
      ],
      [
        -0.468917131,
        0.8800223,
        0.07534873
      ],
      [
        -0.0555769168,
        -0.114538662,
        0.9918629
      ]
    ],
    "translation": [
      1.55022836,
      0.963142037,
      -0.575994
    ]
  },
  {
    "timeStamp": 23159,
    "rotation": [
      [
        0.889916837,
        0.437666863,
        0.128435448
      ],
      [
        -0.448552668,
        0.8908245,
        0.07233383
      ],
      [
        -0.08275532,
        -0.121981151,
        0.989076436
      ]
    ],
    "translation": [
      1.59659994,
      0.972898662,
      -0.5923505
    ]
  },
  {
    "timeStamp": 23215,
    "rotation": [
      [
        0.900827169,
        0.402873516,
        0.161874145
      ],
      [
        -0.417628,
        0.905971,
        0.06930638
      ],
      [
        -0.118731573,
        -0.13003625,
        0.984374642
      ]
    ],
    "translation": [
      1.65868771,
      0.9846488,
      -0.6121363
    ]
  },
  {
    "timeStamp": 23259,
    "rotation": [
      [
        0.90351063,
        0.379234046,
        0.199625045
      ],
      [
        -0.397737563,
        0.915466964,
        0.06103374
      ],
      [
        -0.159604058,
        -0.134543017,
        0.9779697
      ]
    ],
    "translation": [
      1.709439,
      0.994067252,
      -0.628689051
    ]
  },
  {
    "timeStamp": 23315,
    "rotation": [
      [
        0.907171845,
        0.344716221,
        0.241267443
      ],
      [
        -0.3695732,
        0.9269067,
        0.06526627
      ],
      [
        -0.201134071,
        -0.1483737,
        0.9682615
      ]
    ],
    "translation": [
      1.77588284,
      1.00837684,
      -0.647231
    ]
  },
  {
    "timeStamp": 23359,
    "rotation": [
      [
        0.907308757,
        0.3158584,
        0.277532578
      ],
      [
        -0.3463462,
        0.9356841,
        0.06737685
      ],
      [
        -0.238401279,
        -0.157253966,
        0.958350658
      ]
    ],
    "translation": [
      1.83006251,
      1.01959455,
      -0.662019253
    ]
  },
  {
    "timeStamp": 23415,
    "rotation": [
      [
        0.9051956,
        0.274887562,
        0.324126244
      ],
      [
        -0.314759225,
        0.9460686,
        0.07668666
      ],
      [
        -0.285565466,
        -0.171438158,
        0.9429005
      ]
    ],
    "translation": [
      1.90214276,
      1.03271389,
      -0.6791267
    ]
  },
  {
    "timeStamp": 23459,
    "rotation": [
      [
        0.8968942,
        0.24587369,
        0.367596239
      ],
      [
        -0.294954181,
        0.951903462,
        0.0829570144
      ],
      [
        -0.329519182,
        -0.182827711,
        0.9262781
      ]
    ],
    "translation": [
      1.96081817,
      1.04055536,
      -0.69216615
    ]
  },
  {
    "timeStamp": 23515,
    "rotation": [
      [
        0.9091545,
        0.162203074,
        0.3835731
      ],
      [
        -0.2128192,
        0.972643852,
        0.09312356
      ],
      [
        -0.357975066,
        -0.166295424,
        0.9188034
      ]
    ],
    "translation": [
      2.03609467,
      1.04293752,
      -0.707735956
    ]
  },
  {
    "timeStamp": 23559,
    "rotation": [
      [
        0.914332867,
        0.110556073,
        0.38958016
      ],
      [
        -0.15438658,
        0.9845222,
        0.08295036
      ],
      [
        -0.3743797,
        -0.1359902,
        0.9172494
      ]
    ],
    "translation": [
      2.09200025,
      1.03901422,
      -0.718012
    ]
  },
  {
    "timeStamp": 23615,
    "rotation": [
      [
        0.9355008,
        0.018492844,
        0.3528403
      ],
      [
        -0.04141975,
        0.99748373,
        0.057538487
      ],
      [
        -0.3508884,
        -0.06844186,
        0.933912754
      ]
    ],
    "translation": [
      2.149963,
      1.02449656,
      -0.726886868
    ]
  },
  {
    "timeStamp": 23658,
    "rotation": [
      [
        0.951144457,
        -0.0267181844,
        0.307587922
      ],
      [
        0.0235480387,
        0.999624431,
        0.0140140876
      ],
      [
        -0.307846874,
        -0.00608632946,
        0.951416433
      ]
    ],
    "translation": [
      2.18549061,
      1.00957978,
      -0.7292552
    ]
  },
  {
    "timeStamp": 23714,
    "rotation": [
      [
        0.965542853,
        0.002912896,
        0.26022774
      ],
      [
        0.00351214269,
        0.9997004,
        -0.0242216624
      ],
      [
        -0.260220319,
        0.0243010111,
        0.965243459
      ]
    ],
    "translation": [
      2.20223475,
      0.9870553,
      -0.7203609
    ]
  },
  {
    "timeStamp": 23765,
    "rotation": [
      [
        0.976488233,
        0.004840357,
        0.215516329
      ],
      [
        0.007072461,
        0.998490334,
        -0.0544702336
      ],
      [
        -0.215454623,
        0.0547137745,
        0.9749798
      ]
    ],
    "translation": [
      2.21490383,
      0.965755939,
      -0.7083556
    ]
  },
  {
    "timeStamp": 23810,
    "rotation": [
      [
        0.9730962,
        0.07442028,
        0.218049392
      ],
      [
        -0.0602872334,
        0.995668769,
        -0.07077605
      ],
      [
        -0.22237213,
        0.0557263121,
        0.973368049
      ]
    ],
    "translation": [
      2.21521473,
      0.948421359,
      -0.6953926
    ]
  },
  {
    "timeStamp": 23865,
    "rotation": [
      [
        0.9809755,
        0.0672711655,
        0.1821035
      ],
      [
        -0.0524355434,
        0.994992,
        -0.0850960761
      ],
      [
        -0.186916038,
        0.07392847,
        0.979590237
      ]
    ],
    "translation": [
      2.21847,
      0.928611457,
      -0.678935051
    ]
  },
  {
    "timeStamp": 23910,
    "rotation": [
      [
        0.9823661,
        0.09731741,
        0.159643918
      ],
      [
        -0.08063577,
        0.9908919,
        -0.107847437
      ],
      [
        -0.1686853,
        0.09307265,
        0.9812659
      ]
    ],
    "translation": [
      2.21495652,
      0.911016166,
      -0.6678011
    ]
  },
  {
    "timeStamp": 23965,
    "rotation": [
      [
        0.987066865,
        0.100199133,
        0.125136137
      ],
      [
        -0.08348702,
        0.987684965,
        -0.132319137
      ],
      [
        -0.136853337,
        0.120160595,
        0.9832764
      ]
    ],
    "translation": [
      2.21136165,
      0.888791263,
      -0.65559
    ]
  },
  {
    "timeStamp": 24009,
    "rotation": [
      [
        0.9872344,
        0.107641853,
        0.117394507
      ],
      [
        -0.08968248,
        0.9847934,
        -0.148791939
      ],
      [
        -0.131625563,
        0.1363643,
        0.981875539
      ]
    ],
    "translation": [
      2.211582,
      0.8718683,
      -0.6471188
    ]
  },
  {
    "timeStamp": 24065,
    "rotation": [
      [
        0.987369239,
        0.11249321,
        0.111567378
      ],
      [
        -0.0944220349,
        0.983266532,
        -0.155792817
      ],
      [
        -0.1272261,
        0.143290624,
        0.981469
      ]
    ],
    "translation": [
      2.2130456,
      0.8529756,
      -0.636144936
    ]
  },
  {
    "timeStamp": 24110,
    "rotation": [
      [
        0.9907281,
        0.087561585,
        0.103879079
      ],
      [
        -0.06875814,
        0.982608438,
        -0.172490343
      ],
      [
        -0.117175989,
        0.163748488,
        0.979518354
      ]
    ],
    "translation": [
      2.21771073,
      0.8380567,
      -0.6303264
    ]
  },
  {
    "timeStamp": 24167,
    "rotation": [
      [
        0.986461937,
        0.105424561,
        0.125612736
      ],
      [
        -0.08092319,
        0.9791577,
        -0.186283812
      ],
      [
        -0.142633572,
        0.1735969,
        0.974433064
      ]
    ],
    "translation": [
      2.22198963,
      0.8209654,
      -0.623821735
    ]
  },
  {
    "timeStamp": 24213,
    "rotation": [
      [
        0.991641,
        0.0597639978,
        0.114352316
      ],
      [
        -0.0373618565,
        0.981293261,
        -0.188858926
      ],
      [
        -0.123500124,
        0.183007836,
        0.975323439
      ]
    ],
    "translation": [
      2.229022,
      0.809274137,
      -0.619034
    ]
  },
  {
    "timeStamp": 24258,
    "rotation": [
      [
        0.99252063,
        0.05191417,
        0.110488594
      ],
      [
        -0.0283478163,
        0.9783439,
        -0.205035791
      ],
      [
        -0.118740104,
        0.200370148,
        0.972498059
      ]
    ],
    "translation": [
      2.23317122,
      0.7982222,
      -0.6161205
    ]
  },
  {
    "timeStamp": 24314,
    "rotation": [
      [
        0.994083166,
        0.03563793,
        0.102608867
      ],
      [
        -0.0135459034,
        0.977944732,
        -0.208424211
      ],
      [
        -0.1077736,
        0.20580107,
        0.9726411
      ]
    ],
    "translation": [
      2.23688388,
      0.7872131,
      -0.6108409
    ]
  },
  {
    "timeStamp": 24359,
    "rotation": [
      [
        0.9952089,
        0.01894119,
        0.09591915
      ],
      [
        0.00154231954,
        0.9778915,
        -0.209106952
      ],
      [
        -0.09775926,
        0.208253041,
        0.9731772
      ]
    ],
    "translation": [
      2.239904,
      0.7800595,
      -0.6066688
    ]
  },
  {
    "timeStamp": 24415,
    "rotation": [
      [
        0.9963781,
        0.0230473131,
        0.0818503648
      ],
      [
        -0.005306301,
        0.9775448,
        -0.210661232
      ],
      [
        -0.08486757,
        0.209463909,
        0.974126458
      ]
    ],
    "translation": [
      2.23791885,
      0.7715822,
      -0.6017128
    ]
  },
  {
    "timeStamp": 24459,
    "rotation": [
      [
        0.998648,
        -0.009883549,
        0.05103403
      ],
      [
        0.0205259,
        0.9769556,
        -0.212453574
      ],
      [
        -0.04775818,
        0.213213861,
        0.975837648
      ]
    ],
    "translation": [
      2.23839569,
      0.765112162,
      -0.598072946
    ]
  },
  {
    "timeStamp": 24514,
    "rotation": [
      [
        0.998393834,
        -0.00176717911,
        0.0566270947
      ],
      [
        0.013804731,
        0.9769758,
        -0.2129028
      ],
      [
        -0.0549470671,
        0.213342562,
        0.9754311
      ]
    ],
    "translation": [
      2.238951,
      0.7586409,
      -0.5937028
    ]
  },
  {
    "timeStamp": 24559,
    "rotation": [
      [
        0.998850942,
        -0.0173367783,
        0.04467805
      ],
      [
        0.0261973869,
        0.978176832,
        -0.206115752
      ],
      [
        -0.04012965,
        0.20704937,
        0.9775071
      ]
    ],
    "translation": [
      2.240754,
      0.7537987,
      -0.5901114
    ]
  },
  {
    "timeStamp": 24615,
    "rotation": [
      [
        0.9990943,
        -0.0231219474,
        0.0357201733
      ],
      [
        0.03020862,
        0.9766397,
        -0.212749511
      ],
      [
        -0.0299665555,
        0.213635892,
        0.976453662
      ]
    ],
    "translation": [
      2.24181533,
      0.7481863,
      -0.5879895
    ]
  },
  {
    "timeStamp": 24659,
    "rotation": [
      [
        0.99915427,
        -0.0314267352,
        0.0265161823
      ],
      [
        0.0365125276,
        0.9746674,
        -0.220659032
      ],
      [
        -0.0189098641,
        0.221440583,
        0.974990547
      ]
    ],
    "translation": [
      2.24232864,
      0.744553864,
      -0.5880255
    ]
  },
  {
    "timeStamp": 24714,
    "rotation": [
      [
        0.9994032,
        -0.0257967263,
        0.0229751356
      ],
      [
        0.030327769,
        0.973652661,
        -0.2260103
      ],
      [
        -0.0165394768,
        0.226572186,
        0.973853946
      ]
    ],
    "translation": [
      2.242848,
      0.740695,
      -0.587519646
    ]
  }
]