[
  {
    "timeStamp": 2,
    "rotation": [
      [
        0.9453798,
        0.09765968,
        0.310997635
      ],
      [
        0.158103138,
        0.6969583,
        -0.6994659
      ],
      [
        -0.285062,
        0.7104306,
        0.64345
      ]
    ],
    "translation": [
      1.61862278,
      1.649004,
      -1.04235029
    ]
  },
  {
    "timeStamp": 16,
    "rotation": [
      [
        0.9455724,
        0.09720622,
        0.3105541
      ],
      [
        0.158205077,
        0.696643,
        -0.6997569
      ],
      [
        -0.284366041,
        0.710802,
        0.6433478
      ]
    ],
    "translation": [
      1.61845219,
      1.64894283,
      -1.04244363
    ]
  },
  {
    "timeStamp": 18,
    "rotation": [
      [
        0.9473954,
        0.0949598253,
        0.305654317
      ],
      [
        0.156417951,
        0.6957996,
        -0.700996637
      ],
      [
        -0.2792407,
        0.7119308,
        0.644344
      ]
    ],
    "translation": [
      1.61754584,
      1.64868367,
      -1.04210281
    ]
  },
  {
    "timeStamp": 99,
    "rotation": [
      [
        0.9629254,
        0.07334559,
        0.259605765
      ],
      [
        0.13947174,
        0.6883823,
        -0.711812735
      ],
      [
        -0.230916351,
        0.7216302,
        0.652631164
      ]
    ],
    "translation": [
      1.60906672,
      1.64629388,
      -1.03960347
    ]
  },
  {
    "timeStamp": 112,
    "rotation": [
      [
        0.973934,
        0.0524463058,
        0.220685124
      ],
      [
        0.125929281,
        0.684186161,
        -0.7183531
      ],
      [
        -0.188664675,
        0.727419257,
        0.6597476
      ]
    ],
    "translation": [
      1.601431,
      1.64554787,
      -1.03730679
    ]
  },
  {
    "timeStamp": 165,
    "rotation": [
      [
        0.9822568,
        0.0335923433,
        0.184507966
      ],
      [
        0.112599947,
        0.6811295,
        -0.723452747
      ],
      [
        -0.149976283,
        0.731391966,
        0.665261567
      ]
    ],
    "translation": [
      1.5949719,
      1.645097,
      -1.03571343
    ]
  },
  {
    "timeStamp": 210,
    "rotation": [
      [
        0.9872694,
        0.0222969428,
        0.157486722
      ],
      [
        0.100818135,
        0.678097665,
        -0.728024244
      ],
      [
        -0.123024091,
        0.734633565,
        0.6672171
      ]
    ],
    "translation": [
      1.59009218,
      1.6456176,
      -1.03435433
    ]
  },
  {
    "timeStamp": 343,
    "rotation": [
      [
        0.988398969,
        0.0207562987,
        0.150454864
      ],
      [
        0.09672376,
        0.6777359,
        -0.728916
      ],
      [
        -0.117098264,
        0.7350124,
        0.6678659
      ]
    ],
    "translation": [
      1.5889802,
      1.64552832,
      -1.03405142
    ]
  },
  {
    "timeStamp": 345,
    "rotation": [
      [
        0.988398969,
        0.0207562987,
        0.150454864
      ],
      [
        0.09672376,
        0.6777359,
        -0.728916
      ],
      [
        -0.117098264,
        0.7350124,
        0.6678659
      ]
    ],
    "translation": [
      1.5889802,
      1.64552832,
      -1.03405142
    ]
  },
  {
    "timeStamp": 387,
    "rotation": [
      [
        0.998287141,
        -0.0131261488,
        0.0570129752
      ],
      [
        0.0513212644,
        0.6643276,
        -0.745677531
      ],
      [
        -0.0280874167,
        0.747326255,
        0.663863361
      ]
    ],
    "translation": [
      1.57653248,
      1.64311182,
      -1.02845049
    ]
  },
  {
    "timeStamp": 432,
    "rotation": [
      [
        0.999327242,
        -0.0278498475,
        0.0238629989
      ],
      [
        0.0363113,
        0.6599234,
        -0.7504549
      ],
      [
        0.005152302,
        0.7508165,
        0.6604907
      ]
    ],
    "translation": [
      1.57463813,
      1.64267468,
      -1.02617717
    ]
  },
  {
    "timeStamp": 487,
    "rotation": [
      [
        0.9991367,
        -0.04128678,
        -0.00460508559
      ],
      [
        0.0237132758,
        0.6578255,
        -0.752797
      ],
      [
        0.03410991,
        0.752037942,
        0.6582366
      ]
    ],
    "translation": [
      1.57454824,
      1.64298272,
      -1.02342224
    ]
  },
  {
    "timeStamp": 532,
    "rotation": [
      [
        0.997706056,
        -0.05397571,
        -0.0408568121
      ],
      [
        0.0046247663,
        0.6564764,
        -0.7543324
      ],
      [
        0.06753716,
        0.7524131,
        0.6552201
      ]
    ],
    "translation": [
      1.57597661,
      1.6437428,
      -1.01961923
    ]
  },
  {
    "timeStamp": 587,
    "rotation": [
      [
        0.995415568,
        -0.0635945052,
        -0.07143998
      ],
      [
        -0.0123020206,
        0.655596733,
        -0.755011
      ],
      [
        0.09485037,
        0.752428532,
        0.6518088
      ]
    ],
    "translation": [
      1.57918382,
      1.64465261,
      -1.01611781
    ]
  },
  {
    "timeStamp": 631,
    "rotation": [
      [
        0.9912304,
        -0.0756448656,
        -0.108351707
      ],
      [
        -0.033681713,
        0.648238659,
        -0.7606919
      ],
      [
        0.1277802,
        0.7576704,
        0.640006065
      ]
    ],
    "translation": [
      1.58419085,
      1.64716434,
      -1.01113415
    ]
  },
  {
    "timeStamp": 687,
    "rotation": [
      [
        0.9876051,
        -0.08360685,
        -0.132838264
      ],
      [
        -0.0479301959,
        0.6452566,
        -0.7624609
      ],
      [
        0.149461716,
        0.7593772,
        0.6332514
      ]
    ],
    "translation": [
      1.58861947,
      1.65011394,
      -1.00690174
    ]
  },
  {
    "timeStamp": 731,
    "rotation": [
      [
        0.9816047,
        -0.09831912,
        -0.16366303
      ],
      [
        -0.0621734448,
        0.6458783,
        -0.7609045
      ],
      [
        0.180517867,
        0.7570829,
        0.6278844
      ]
    ],
    "translation": [
      1.59352958,
      1.653703,
      -1.00181985
    ]
  },
  {
    "timeStamp": 787,
    "rotation": [
      [
        0.9775511,
        -0.10303314,
        -0.183788
      ],
      [
        -0.0735359341,
        0.650592446,
        -0.7558584
      ],
      [
        0.19744955,
        0.7524052,
        0.6284107
      ]
    ],
    "translation": [
      1.596956,
      1.655237,
      -0.997466266
    ]
  },
  {
    "timeStamp": 832,
    "rotation": [
      [
        0.977665067,
        -0.0901606455,
        -0.189847559
      ],
      [
        -0.0866429955,
        0.650073469,
        -0.754915535
      ],
      [
        0.191478536,
        0.7545035,
        0.62774235
      ]
    ],
    "translation": [
      1.60073256,
      1.65566874,
      -0.9934721
    ]
  },
  {
    "timeStamp": 878,
    "rotation": [
      [
        0.980052352,
        -0.0815556645,
        -0.181234747
      ],
      [
        -0.08655221,
        0.6457474,
        -0.7586297
      ],
      [
        0.178902417,
        0.759183049,
        0.625807464
      ]
    ],
    "translation": [
      1.60296249,
      1.65564084,
      -0.9909446
    ]
  },
  {
    "timeStamp": 935,
    "rotation": [
      [
        0.9835032,
        -0.0754435062,
        -0.164407015
      ],
      [
        -0.07694893,
        0.6480527,
        -0.7576982
      ],
      [
        0.163707823,
        0.7578496,
        0.63155663
      ]
    ],
    "translation": [
      1.60367787,
      1.65572882,
      -0.9860986
    ]
  },
  {
    "timeStamp": 981,
    "rotation": [
      [
        0.9866906,
        -0.0679668859,
        -0.147723421
      ],
      [
        -0.06831543,
        0.6511326,
        -0.755883157
      ],
      [
        0.147562549,
        0.755914569,
        0.637823164
      ]
    ],
    "translation": [
      1.602358,
      1.65521669,
      -0.9810169
    ]
  },
  {
    "timeStamp": 1036,
    "rotation": [
      [
        0.989188254,
        -0.06357846,
        -0.132152736
      ],
      [
        -0.0593457446,
        0.6505116,
        -0.757174134
      ],
      [
        0.13410686,
        0.756830454,
        0.63970536
      ]
    ],
    "translation": [
      1.59860754,
      1.65315723,
      -0.9759679
    ]
  },
  {
    "timeStamp": 1081,
    "rotation": [
      [
        0.9916428,
        -0.0547143668,
        -0.116837516
      ],
      [
        -0.05389663,
        0.6471181,
        -0.7604823
      ],
      [
        0.117216967,
        0.7604239,
        0.6387611
      ]
    ],
    "translation": [
      1.59106708,
      1.64960146,
      -0.9697546
    ]
  },
  {
    "timeStamp": 1136,
    "rotation": [
      [
        0.993252039,
        -0.0435213558,
        -0.107500508
      ],
      [
        -0.054199174,
        0.645285666,
        -0.762016356
      ],
      [
        0.102532513,
        0.762700737,
        0.6385724
      ]
    ],
    "translation": [
      1.58123684,
      1.645912,
      -0.964243233
    ]
  },
  {
    "timeStamp": 1181,
    "rotation": [
      [
        0.9949953,
        -0.028559912,
        -0.09575298
      ],
      [
        -0.0550293736,
        0.643242,
        -0.763682842
      ],
      [
        0.08340305,
        0.7651301,
        0.638451159
      ]
    ],
    "translation": [
      1.56613958,
      1.640409,
      -0.9572846
    ]
  },
  {
    "timeStamp": 1237,
    "rotation": [
      [
        0.9961947,
        -0.0182009116,
        -0.08523356
      ],
      [
        -0.05382159,
        0.6407279,
        -0.7658793
      ],
      [
        0.06855121,
        0.767552257,
        0.637310147
      ]
    ],
    "translation": [
      1.54971075,
      1.635108,
      -0.952383935
    ]
  },
  {
    "timeStamp": 1281,
    "rotation": [
      [
        0.9975733,
        -0.00562414574,
        -0.06939659
      ],
      [
        -0.04984383,
        0.638233244,
        -0.7682278
      ],
      [
        0.04861183,
        0.769822538,
        0.6364041
      ]
    ],
    "translation": [
      1.52637362,
      1.62813616,
      -0.9460159
    ]
  },
  {
    "timeStamp": 1336,
    "rotation": [
      [
        0.9986687,
        0.00265921024,
        -0.0515146554
      ],
      [
        -0.04185981,
        0.6253538,
        -0.7792178
      ],
      [
        0.03014278,
        0.7803368,
        0.6246326
      ]
    ],
    "translation": [
      1.50391579,
      1.62327838,
      -0.941994548
    ]
  },
  {
    "timeStamp": 1381,
    "rotation": [
      [
        0.9996462,
        0.003530863,
        -0.0263626333
      ],
      [
        -0.02306023,
        0.6089665,
        -0.7928606
      ],
      [
        0.0132544795,
        0.793188035,
        0.608832538
      ]
    ],
    "translation": [
      1.47382486,
      1.61942816,
      -0.937197149
    ]
  },
  {
    "timeStamp": 1436,
    "rotation": [
      [
        0.999857366,
        -0.0129296752,
        -0.01086447
      ],
      [
        -0.0007887294,
        0.6068625,
        -0.7948065
      ],
      [
        0.0168698281,
        0.7947017,
        0.6067657
      ]
    ],
    "translation": [
      1.44163775,
      1.618421,
      -0.9308325
    ]
  },
  {
    "timeStamp": 1480,
    "rotation": [
      [
        0.999741,
        -0.0220805854,
        -0.005512075
      ],
      [
        0.009029643,
        0.607173562,
        -0.794517934
      ],
      [
        0.0208902061,
        0.7942624,
        0.607215643
      ]
    ],
    "translation": [
      1.41602111,
      1.61707866,
      -0.92506
    ]
  },
  {
    "timeStamp": 1536,
    "rotation": [
      [
        0.9996498,
        -0.0262939632,
        -0.00296613947
      ],
      [
        0.0132405553,
        0.594110131,
        -0.804274738
      ],
      [
        0.0229097847,
        0.8039538,
        0.594250262
      ]
    ],
    "translation": [
      1.3865335,
      1.61367035,
      -0.9187731
    ]
  },
  {
    "timeStamp": 1580,
    "rotation": [
      [
        0.9995972,
        -0.0283816122,
        -6.298358E-05
      ],
      [
        0.0163452476,
        0.577489138,
        -0.8162347
      ],
      [
        0.02320243,
        0.815904856,
        0.5777204
      ]
    ],
    "translation": [
      1.3658452,
      1.61053693,
      -0.9143088
    ]
  },
  {
    "timeStamp": 1636,
    "rotation": [
      [
        0.9996065,
        -0.0275992788,
        0.00502163731
      ],
      [
        0.0196256414,
        0.560128033,
        -0.8281735
      ],
      [
        0.0200442318,
        0.8279461,
        0.5604493
      ]
    ],
    "translation": [
      1.34347486,
      1.60640311,
      -0.9090588
    ]
  },
  {
    "timeStamp": 1680,
    "rotation": [
      [
        0.999531,
        -0.028156681,
        0.012041403
      ],
      [
        0.02541141,
        0.5431712,
        -0.839237332
      ],
      [
        0.0170895942,
        0.8391497,
        0.543632
      ]
    ],
    "translation": [
      1.328284,
      1.60257769,
      -0.9063655
    ]
  },
  {
    "timeStamp": 1736,
    "rotation": [
      [
        0.9991044,
        -0.039213974,
        0.0158960577
      ],
      [
        0.03399017,
        0.520045459,
        -0.853462
      ],
      [
        0.0252009612,
        0.8532379,
        0.5209126
      ]
    ],
    "translation": [
      1.31266761,
      1.59796894,
      -0.9036615
    ]
  },
  {
    "timeStamp": 1781,
    "rotation": [
      [
        0.998673558,
        -0.0479238555,
        0.0188293755
      ],
      [
        0.0405535363,
        0.5067398,
        -0.8611447
      ],
      [
        0.0317277834,
        0.860766053,
        0.5080111
      ]
    ],
    "translation": [
      1.30287457,
      1.595299,
      -0.901499569
    ]
  },
  {
    "timeStamp": 1836,
    "rotation": [
      [
        0.99828136,
        -0.0544878729,
        0.021574283
      ],
      [
        0.04582213,
        0.496238649,
        -0.8669761
      ],
      [
        0.0365336873,
        0.8664746,
        0.497882515
      ]
    ],
    "translation": [
      1.29397106,
      1.59345913,
      -0.898656
    ]
  },
  {
    "timeStamp": 1880,
    "rotation": [
      [
        0.9978922,
        -0.06033958,
        0.0238815676
      ],
      [
        0.05050142,
        0.4909695,
        -0.869711757
      ],
      [
        0.04075292,
        0.8690846,
        0.492981881
      ]
    ],
    "translation": [
      1.28958917,
      1.59301543,
      -0.896223962
    ]
  },
  {
    "timeStamp": 1936,
    "rotation": [
      [
        0.9974717,
        -0.06658667,
        0.0248268247
      ],
      [
        0.05448291,
        0.49224323,
        -0.86875093
      ],
      [
        0.0456263945,
        0.8679071,
        0.494626522
      ]
    ],
    "translation": [
      1.28676438,
      1.59330893,
      -0.892887354
    ]
  },
  {
    "timeStamp": 1988,
    "rotation": [
      [
        0.9971556,
        -0.07146798,
        0.0239375252
      ],
      [
        0.0560997874,
        0.491678685,
        -0.8689677
      ],
      [
        0.0503337942,
        0.8678389,
        0.494289517
      ]
    ],
    "translation": [
      1.28637958,
      1.5937531,
      -0.891607344
    ]
  },
  {
    "timeStamp": 2032,
    "rotation": [
      [
        0.996304452,
        -0.08389748,
        0.0184001252
      ],
      [
        0.0575657561,
        0.493245035,
        -0.8679836
      ],
      [
        0.0637458637,
        0.86583513,
        0.496251881
      ]
    ],
    "translation": [
      1.28695536,
      1.59537315,
      -0.8885607
    ]
  },
  {
    "timeStamp": 2086,
    "rotation": [
      [
        0.9960222,
        -0.08851732,
        0.0102239661
      ],
      [
        0.0533566177,
        0.500585,
        -0.8640415
      ],
      [
        0.07136468,
        0.86115,
        0.50331676
      ]
    ],
    "translation": [
      1.28850794,
      1.597089,
      -0.8863621
    ]
  },
  {
    "timeStamp": 2130,
    "rotation": [
      [
        0.995807767,
        -0.09145229,
        -0.00181747344
      ],
      [
        0.0452735871,
        0.5100464,
        -0.858954549
      ],
      [
        0.07948036,
        0.855271339,
        0.5120486
      ]
    ],
    "translation": [
      1.29152679,
      1.599318,
      -0.8841061
    ]
  },
  {
    "timeStamp": 2186,
    "rotation": [
      [
        0.995808065,
        -0.09062036,
        -0.0124198217
      ],
      [
        0.0363831744,
        0.5170154,
        -0.855202556
      ],
      [
        0.08392,
        0.8511657,
        0.518145144
      ]
    ],
    "translation": [
      1.29666734,
      1.60167885,
      -0.882854939
    ]
  },
  {
    "timeStamp": 2230,
    "rotation": [
      [
        0.9963227,
        -0.08433881,
        -0.015104387
      ],
      [
        0.0311368462,
        0.52063334,
        -0.8532124
      ],
      [
        0.0798227638,
        0.849604547,
        0.521344841
      ]
    ],
    "translation": [
      1.30206656,
      1.603423,
      -0.8821972
    ]
  },
  {
    "timeStamp": 2286,
    "rotation": [
      [
        0.9971283,
        -0.07563052,
        -0.00389460637
      ],
      [
        0.0367236137,
        0.52786696,
        -0.848532736
      ],
      [
        0.06623081,
        0.845953,
        0.529128551
      ]
    ],
    "translation": [
      1.31044149,
      1.60530281,
      -0.8814771
    ]
  },
  {
    "timeStamp": 2331,
    "rotation": [
      [
        0.9975826,
        -0.0660258,
        0.0216661412
      ],
      [
        0.0536914058,
        0.534428656,
        -0.843506455
      ],
      [
        0.04411418,
        0.8426307,
        0.536681831
      ]
    ],
    "translation": [
      1.31902647,
      1.6071533,
      -0.880577862
    ]
  },
  {
    "timeStamp": 2386,
    "rotation": [
      [
        0.996345341,
        -0.0534082353,
        0.06665994
      ],
      [
        0.08499317,
        0.542289138,
        -0.835881948
      ],
      [
        0.008494013,
        0.838492751,
        0.5448466
      ]
    ],
    "translation": [
      1.33022952,
      1.6090225,
      -0.879762352
    ]
  },
  {
    "timeStamp": 2431,
    "rotation": [
      [
        0.993263364,
        -0.04942779,
        0.104808033
      ],
      [
        0.11471013,
        0.5475185,
        -0.8288939
      ],
      [
        -0.0164139383,
        0.835332453,
        0.5494999
      ]
    ],
    "translation": [
      1.33912468,
      1.61065269,
      -0.8794529
    ]
  },
  {
    "timeStamp": 2477,
    "rotation": [
      [
        0.9891048,
        -0.04890589,
        0.1388521
      ],
      [
        0.142634243,
        0.551783144,
        -0.8217
      ],
      [
        -0.03643028,
        0.832552433,
        0.552747
      ]
    ],
    "translation": [
      1.34762478,
      1.61177492,
      -0.8789994
    ]
  },
  {
    "timeStamp": 2533,
    "rotation": [
      [
        0.9831668,
        -0.0503262877,
        0.17564258
      ],
      [
        0.173885211,
        0.5528818,
        -0.8149145
      ],
      [
        -0.0560979545,
        0.831738532,
        0.552325964
      ]
    ],
    "translation": [
      1.35899353,
      1.61314833,
      -0.8780605
    ]
  },
  {
    "timeStamp": 2579,
    "rotation": [
      [
        0.976703644,
        -0.04681925,
        0.209422767
      ],
      [
        0.1997046,
        0.555474639,
        -0.8071964
      ],
      [
        -0.07853671,
        0.8302143,
        0.5518841
      ]
    ],
    "translation": [
      1.3691256,
      1.61392641,
      -0.876941
    ]
  },
  {
    "timeStamp": 2636,
    "rotation": [
      [
        0.9686941,
        -0.0313838869,
        0.246265635
      ],
      [
        0.222230077,
        0.551789165,
        -0.8038299
      ],
      [
        -0.110659391,
        0.8333929,
        0.541489363
      ]
    ],
    "translation": [
      1.38108706,
      1.61423731,
      -0.876476049
    ]
  },
  {
    "timeStamp": 2680,
    "rotation": [
      [
        0.9623958,
        -0.0245070942,
        0.2705434
      ],
      [
        0.239044413,
        0.5494964,
        -0.8005695
      ],
      [
        -0.129042983,
        0.8351366,
        0.534691334
      ]
    ],
    "translation": [
      1.39017916,
      1.614315,
      -0.8754684
    ]
  },
  {
    "timeStamp": 2735,
    "rotation": [
      [
        0.9563027,
        -0.0129868109,
        0.2920899
      ],
      [
        0.251882643,
        0.54385823,
        -0.8004832
      ],
      [
        -0.148459762,
        0.839076638,
        0.5233642
      ]
    ],
    "translation": [
      1.3991859,
      1.6135366,
      -0.8753392
    ]
  },
  {
    "timeStamp": 2780,
    "rotation": [
      [
        0.9535262,
        -0.00314181158,
        0.3012938
      ],
      [
        0.2556769,
        0.5375224,
        -0.803554
      ],
      [
        -0.159427539,
        0.843243659,
        0.513345
      ]
    ],
    "translation": [
      1.40421844,
      1.61284018,
      -0.8756719
    ]
  },
  {
    "timeStamp": 2836,
    "rotation": [
      [
        0.954661548,
        -0.00187226071,
        0.2976874
      ],
      [
        0.252664059,
        0.5338966,
        -0.806917131
      ],
      [
        -0.157423556,
        0.8455477,
        0.5101636
      ]
    ],
    "translation": [
      1.40765238,
      1.61227524,
      -0.875702262
    ]
  },
  {
    "timeStamp": 2880,
    "rotation": [
      [
        0.957713366,
        -0.00159839483,
        0.2877196
      ],
      [
        0.244087055,
        0.5339613,
        -0.809510231
      ],
      [
        -0.152337223,
        0.845507443,
        0.511772037
      ]
    ],
    "translation": [
      1.40860629,
      1.61234665,
      -0.875274241
    ]
  },
  {
    "timeStamp": 2935,
    "rotation": [
      [
        0.9621805,
        0.000370391179,
        0.2724125
      ],
      [
        0.23023957,
        0.5333654,
        -0.8139478
      ],
      [
        -0.145596921,
        0.8458848,
        0.5131085
      ]
    ],
    "translation": [
      1.40807843,
      1.6123054,
      -0.8752092
    ]
  },
  {
    "timeStamp": 2980,
    "rotation": [
      [
        0.9652987,
        0.00187357538,
        0.261141539
      ],
      [
        0.219789982,
        0.5342134,
        -0.816277146
      ],
      [
        -0.141034678,
        0.8453476,
        0.5152637
      ]
    ],
    "translation": [
      1.40723872,
      1.61228788,
      -0.874845445
    ]
  },
  {
    "timeStamp": 3035,
    "rotation": [
      [
        0.968651,
        0.00219232356,
        0.248415872
      ],
      [
        0.209381863,
        0.5309456,
        -0.821130931
      ],
      [
        -0.1336955,
        0.847403049,
        0.5138419
      ]
    ],
    "translation": [
      1.4054594,
      1.611259,
      -0.875182569
    ]
  },
  {
    "timeStamp": 3080,
    "rotation": [
      [
        0.971726954,
        -0.0001567168,
        0.236107528
      ],
      [
        0.201194808,
        0.5238764,
        -0.827692032
      ],
      [
        -0.123561464,
        0.851794243,
        0.5090964
      ]
    ],
    "translation": [
      1.40342569,
      1.60979557,
      -0.8757095
    ]
  },
  {
    "timeStamp": 3136,
    "rotation": [
      [
        0.9752504,
        -0.00774118165,
        0.220967457
      ],
      [
        0.193238035,
        0.5155187,
        -0.8348051
      ],
      [
        -0.107450485,
        0.856843352,
        0.5042558
      ]
    ],
    "translation": [
      1.400711,
      1.60808945,
      -0.876491368
    ]
  },
  {
    "timeStamp": 3180,
    "rotation": [
      [
        0.9779743,
        -0.0125148883,
        0.208349869
      ],
      [
        0.185583323,
        0.5089743,
        -0.8405379
      ],
      [
        -0.09552549,
        0.8606907,
        0.500086367
      ]
    ],
    "translation": [
      1.39806533,
      1.60691714,
      -0.8774753
    ]
  },
  {
    "timeStamp": 3235,
    "rotation": [
      [
        0.98158735,
        -0.0129981935,
        0.190571353
      ],
      [
        0.171129465,
        0.503068864,
        -0.847134233
      ],
      [
        -0.08485931,
        0.8641486,
        0.4960304
      ]
    ],
    "translation": [
      1.39469,
      1.60531735,
      -0.8784872
    ]
  },
  {
    "timeStamp": 3280,
    "rotation": [
      [
        0.9845161,
        -0.0159018282,
        0.174571574
      ],
      [
        0.1593615,
        0.4960357,
        -0.8535529
      ],
      [
        -0.07302068,
        0.868156552,
        0.490889251
      ]
    ],
    "translation": [
      1.39162326,
      1.60411763,
      -0.8794134
    ]
  },
  {
    "timeStamp": 3336,
    "rotation": [
      [
        0.987907052,
        -0.0215402022,
        0.153543681
      ],
      [
        0.1443873,
        0.488665,
        -0.860441
      ],
      [
        -0.05649737,
        0.8722055,
        0.485865742
      ]
    ],
    "translation": [
      1.38793254,
      1.60284543,
      -0.88056463
    ]
  },
  {
    "timeStamp": 3380,
    "rotation": [
      [
        0.989724934,
        -0.0211397111,
        0.141413257
      ],
      [
        0.133880109,
        0.4842845,
        -0.8646066
      ],
      [
        -0.05020673,
        0.8746552,
        0.4821386
      ]
    ],
    "translation": [
      1.38551927,
      1.60184622,
      -0.8811429
    ]
  },
  {
    "timeStamp": 3435,
    "rotation": [
      [
        0.9910955,
        -0.01839008,
        0.13187708
      ],
      [
        0.124662377,
        0.47616604,
        -0.8704741
      ],
      [
        -0.04678731,
        0.879163,
        0.474218518
      ]
    ],
    "translation": [
      1.3836627,
      1.60100663,
      -0.8823398
    ]
  },
  {
    "timeStamp": 3479,
    "rotation": [
      [
        0.991287053,
        -0.015524,
        0.130801573
      ],
      [
        0.122551151,
        0.4727028,
        -0.8726587
      ],
      [
        -0.04828312,
        0.881085157,
        0.470486641
      ]
    ],
    "translation": [
      1.38305,
      1.60087276,
      -0.882909954
    ]
  },
  {
    "timeStamp": 3535,
    "rotation": [
      [
        0.9907708,
        -0.0103395171,
        0.135152742
      ],
      [
        0.124061517,
        0.4708586,
        -0.873442
      ],
      [
        -0.05460686,
        0.8821481,
        0.4677957
      ]
    ],
    "translation": [
      1.38271379,
      1.601298,
      -0.883555055
    ]
  },
  {
    "timeStamp": 3580,
    "rotation": [
      [
        0.989911556,
        -0.0106758,
        0.141283885
      ],
      [
        0.129659757,
        0.470300645,
        -0.872929335
      ],
      [
        -0.05712669,
        0.88244164,
        0.466940254
      ]
    ],
    "translation": [
      1.38270521,
      1.6019001,
      -0.884016
    ]
  },
  {
    "timeStamp": 3635,
    "rotation": [
      [
        0.9888043,
        -0.00779108424,
        0.149014845
      ],
      [
        0.135115221,
        0.470544875,
        -0.8719698
      ],
      [
        -0.06332459,
        0.8823416,
        0.466329455
      ]
    ],
    "translation": [
      1.38291645,
      1.60279572,
      -0.88461566
    ]
  },
  {
    "timeStamp": 3680,
    "rotation": [
      [
        0.9879151,
        -0.00377275539,
        0.154949829
      ],
      [
        0.138458773,
        0.4707951,
        -0.87131
      ],
      [
        -0.0696623847,
        0.882234454,
        0.465628
      ]
    ],
    "translation": [
      1.38316989,
      1.6037097,
      -0.885100543
    ]
  },
  {
    "timeStamp": 3735,
    "rotation": [
      [
        0.987076461,
        0.00219526538,
        0.1602351
      ],
      [
        0.140186742,
        0.472610652,
        -0.8700499
      ],
      [
        -0.07763882,
        0.8812686,
        0.4661951
      ]
    ],
    "translation": [
      1.383404,
      1.6046865,
      -0.8857833
    ]
  },
  {
    "timeStamp": 3779,
    "rotation": [
      [
        0.9869392,
        0.00544533459,
        0.1610009
      ],
      [
        0.139365971,
        0.472403735,
        -0.8702941
      ],
      [
        -0.08079648,
        0.8813654,
        0.465474874
      ]
    ],
    "translation": [
      1.383137,
      1.60491836,
      -0.886572957
    ]
  },
  {
    "timeStamp": 3835,
    "rotation": [
      [
        0.9869063,
        0.0104191983,
        0.1609579
      ],
      [
        0.137102336,
        0.471475422,
        -0.871156633
      ],
      [
        -0.08496445,
        0.881817639,
        0.463873565
      ]
    ],
    "translation": [
      1.38302493,
      1.6044662,
      -0.887502253
    ]
  },
  {
    "timeStamp": 3879,
    "rotation": [
      [
        0.9869666,
        0.01279221,
        0.160415784
      ],
      [
        0.1358488,
        0.468141824,
        -0.8731485
      ],
      [
        -0.08626685,
        0.8835607,
        0.460302532
      ]
    ],
    "translation": [
      1.38254023,
      1.60375309,
      -0.8885879
    ]
  },
  {
    "timeStamp": 3935,
    "rotation": [
      [
        0.987061441,
        0.0118127512,
        0.159906775
      ],
      [
        0.136039391,
        0.466172427,
        -0.8741719
      ],
      [
        -0.08487051,
        0.884615,
        0.458533823
      ]
    ],
    "translation": [
      1.38195968,
      1.6031971,
      -0.8893012
    ]
  },
  {
    "timeStamp": 3979,
    "rotation": [
      [
        0.986803949,
        0.0112957479,
        0.1615254
      ],
      [
        0.1375848,
        0.467472672,
        -0.8732352
      ],
      [
        -0.0853725448,
        0.8839354,
        0.459749758
      ]
    ],
    "translation": [
      1.380868,
      1.60313416,
      -0.8892098
    ]
  },
  {
    "timeStamp": 4035,
    "rotation": [
      [
        0.9859168,
        0.0132466266,
        0.16671136
      ],
      [
        0.1409272,
        0.470914721,
        -0.8708495
      ],
      [
        -0.0900426656,
        0.8820793,
        0.462415874
      ]
    ],
    "translation": [
      1.37761879,
      1.603481,
      -0.8877277
    ]
  },
  {
    "timeStamp": 4080,
    "rotation": [
      [
        0.984619737,
        0.0161285,
        0.173965111
      ],
      [
        0.145669132,
        0.4739666,
        -0.86841017
      ],
      [
        -0.09645979,
        0.8803951,
        0.464327425
      ]
    ],
    "translation": [
      1.37274146,
      1.6033051,
      -0.885940552
    ]
  },
  {
    "timeStamp": 4139,
    "rotation": [
      [
        0.983402431,
        0.0133420089,
        0.180946469
      ],
      [
        0.152900234,
        0.4759621,
        -0.8660725
      ],
      [
        -0.09767883,
        0.87936455,
        0.4660223
      ]
    ],
    "translation": [
      1.36598635,
      1.60233927,
      -0.8835871
    ]
  },
  {
    "timeStamp": 4178,
    "rotation": [
      [
        0.9819168,
        0.009287557,
        0.189085245
      ],
      [
        0.162011519,
        0.475482583,
        -0.8646783
      ],
      [
        -0.09793748,
        0.879676163,
        0.465379655
      ]
    ],
    "translation": [
      1.35694909,
      1.60092926,
      -0.88027674
    ]
  },
  {
    "timeStamp": 4234,
    "rotation": [
      [
        0.980230451,
        0.012123161,
        0.197487488
      ],
      [
        0.169058084,
        0.467262626,
        -0.8678047
      ],
      [
        -0.102799058,
        0.884035468,
        0.455975533
      ]
    ],
    "translation": [
      1.34842086,
      1.59976292,
      -0.8775184
    ]
  },
  {
    "timeStamp": 4279,
    "rotation": [
      [
        0.978886068,
        0.0140420711,
        0.203923717
      ],
      [
        0.173425242,
        0.470998853,
        -0.864918351
      ],
      [
        -0.108193077,
        0.882022,
        0.458618969
      ]
    ],
    "translation": [
      1.34332252,
      1.59829652,
      -0.873849332
    ]
  },
  {
    "timeStamp": 4334,
    "rotation": [
      [
        0.9788198,
        0.004253086,
        0.204679579
      ],
      [
        0.178569183,
        0.471227556,
        -0.8637463
      ],
      [
        -0.10012424,
        0.88200146,
        0.460487366
      ]
    ],
    "translation": [
      1.34079456,
      1.59577763,
      -0.8683579
    ]
  },
  {
    "timeStamp": 4378,
    "rotation": [
      [
        0.9790573,
        -0.008795006,
        0.203394979
      ],
      [
        0.183824152,
        0.467565566,
        -0.86463356
      ],
      [
        -0.08749601,
        0.8839147,
        0.4593902
      ]
    ],
    "translation": [
      1.34249949,
      1.593008,
      -0.8646691
    ]
  },
  {
    "timeStamp": 4434,
    "rotation": [
      [
        0.980219841,
        -0.0240377951,
        0.1964464
      ],
      [
        0.184954479,
        0.464508,
        -0.866039336
      ],
      [
        -0.07043326,
        0.8852426,
        0.459765851
      ]
    ],
    "translation": [
      1.34978509,
      1.59029782,
      -0.858601868
    ]
  },
  {
    "timeStamp": 4478,
    "rotation": [
      [
        0.9817287,
        -0.0350594521,
        0.187028766
      ],
      [
        0.181519657,
        0.467443258,
        -0.865186334
      ],
      [
        -0.05709239,
        0.8833276,
        0.4652664
      ]
    ],
    "translation": [
      1.35922718,
      1.58819127,
      -0.8528761
    ]
  },
  {
    "timeStamp": 4534,
    "rotation": [
      [
        0.9846649,
        -0.0553347319,
        0.165447965
      ],
      [
        0.171898976,
        0.4695253,
        -0.86602354
      ],
      [
        -0.02976081,
        0.8811833,
        0.4718371
      ]
    ],
    "translation": [
      1.37623239,
      1.58575165,
      -0.8447219
    ]
  },
  {
    "timeStamp": 4579,
    "rotation": [
      [
        0.987410545,
        -0.0724031255,
        0.140635148
      ],
      [
        0.1581465,
        0.46977368,
        -0.868505836
      ],
      [
        -0.00318415253,
        0.8798128,
        0.475309759
      ]
    ],
    "translation": [
      1.39447641,
      1.5834949,
      -0.8376888
    ]
  },
  {
    "timeStamp": 4635,
    "rotation": [
      [
        0.990304947,
        -0.086717844,
        0.1085177
      ],
      [
        0.136753052,
        0.4714763,
        -0.871211052
      ],
      [
        0.0243860241,
        0.8776047,
        0.478764266
      ]
    ],
    "translation": [
      1.42154336,
      1.5806489,
      -0.827829361
    ]
  },
  {
    "timeStamp": 4679,
    "rotation": [
      [
        0.9911415,
        -0.103340559,
        0.08342291
      ],
      [
        0.122415259,
        0.467234254,
        -0.875617862
      ],
      [
        0.0515088,
        0.8780734,
        0.475745678
      ]
    ],
    "translation": [
      1.44534612,
      1.57925177,
      -0.8186927
    ]
  },
  {
    "timeStamp": 4734,
    "rotation": [
      [
        0.99116987,
        -0.120427437,
        0.0554935262
      ],
      [
        0.105837487,
        0.4664008,
        -0.878219068
      ],
      [
        0.07987945,
        0.8763376,
        0.4750282
      ]
    ],
    "translation": [
      1.47610641,
      1.578553,
      -0.8056476
    ]
  },
  {
    "timeStamp": 4779,
    "rotation": [
      [
        0.9916698,
        -0.120239787,
        0.0461889
      ],
      [
        0.097399,
        0.4653427,
        -0.879755437
      ],
      [
        0.08428794,
        0.876925647,
        0.473177522
      ]
    ],
    "translation": [
      1.49972892,
      1.57817745,
      -0.796081364
    ]
  },
  {
    "timeStamp": 4834,
    "rotation": [
      [
        0.990035653,
        -0.136000529,
        0.0365136527
      ],
      [
        0.0962395743,
        0.464194745,
        -0.8804892
      ],
      [
        0.102797553,
        0.8752297,
        0.472657979
      ]
    ],
    "translation": [
      1.52693176,
      1.57779622,
      -0.7830501
    ]
  },
  {
    "timeStamp": 4879,
    "rotation": [
      [
        0.9876965,
        -0.154359564,
        0.0250726473
      ],
      [
        0.09485076,
        0.4638469,
        -0.880823135
      ],
      [
        0.124333605,
        0.8723641,
        0.4727811
      ]
    ],
    "translation": [
      1.54576313,
      1.57694507,
      -0.7739409
    ]
  },
  {
    "timeStamp": 4934,
    "rotation": [
      [
        0.985526,
        -0.169337645,
        0.00794772
      ],
      [
        0.08689995,
        0.464382,
        -0.8813613
      ],
      [
        0.145556867,
        0.8692952,
        0.472376
      ]
    ],
    "translation": [
      1.565973,
      1.5755136,
      -0.7633785
    ]
  },
  {
    "timeStamp": 4979,
    "rotation": [
      [
        0.983649552,
        -0.179839715,
        -0.009552715
      ],
      [
        0.07702418,
        0.4680524,
        -0.880337536
      ],
      [
        0.16279082,
        0.865207851,
        0.474251568
      ]
    ],
    "translation": [
      1.57970476,
      1.57360506,
      -0.7537482
    ]
  },
  {
    "timeStamp": 5035,
    "rotation": [
      [
        0.9816594,
        -0.1872586,
        -0.0357638225
      ],
      [
        0.0575163253,
        0.469759315,
        -0.88091886
      ],
      [
        0.181760028,
        0.8627053,
        0.471914053
      ]
    ],
    "translation": [
      1.59468865,
      1.569901,
      -0.740736544
    ]
  },
  {
    "timeStamp": 5079,
    "rotation": [
      [
        0.980292559,
        -0.1894358,
        -0.05604097
      ],
      [
        0.04006809,
        0.468440622,
        -0.882585943
      ],
      [
        0.193445235,
        0.862947,
        0.46679917
      ]
    ],
    "translation": [
      1.60498261,
      1.56565583,
      -0.7300072
    ]
  },
  {
    "timeStamp": 5135,
    "rotation": [
      [
        0.9785505,
        -0.189980879,
        -0.07966261
      ],
      [
        0.0171434544,
        0.4604552,
        -0.8875174
      ],
      [
        0.2052924,
        0.8671149,
        0.4538356
      ]
    ],
    "translation": [
      1.61606729,
      1.55952942,
      -0.717252553
    ]
  },
  {
    "timeStamp": 5179,
    "rotation": [
      [
        0.9778169,
        -0.1870478,
        -0.09427165
      ],
      [
        0.0009226944,
        0.453909278,
        -0.8910474
      ],
      [
        0.20945923,
        0.871194243,
        0.4440128
      ]
    ],
    "translation": [
      1.62281346,
      1.55382109,
      -0.7075303
    ]
  },
  {
    "timeStamp": 5234,
    "rotation": [
      [
        0.9737492,
        -0.195378944,
        -0.1167883
      ],
      [
        -0.0185546167,
        0.443238556,
        -0.8962116
      ],
      [
        0.226865962,
        0.874852359,
        0.427978039
      ]
    ],
    "translation": [
      1.62880731,
      1.54634619,
      -0.697514653
    ]
  },
  {
    "timeStamp": 5279,
    "rotation": [
      [
        0.969471037,
        -0.20616439,
        -0.1327489
      ],
      [
        -0.0318045355,
        0.4310793,
        -0.901753366
      ],
      [
        0.243134737,
        0.878445745,
        0.4113619
      ]
    ],
    "translation": [
      1.63231492,
      1.54020166,
      -0.6906944
    ]
  },
  {
    "timeStamp": 5334,
    "rotation": [
      [
        0.968339443,
        -0.204167157,
        -0.1436471
      ],
      [
        -0.0480617359,
