[
  {
    "timeStamp": 25433,
    "rotation": [
      [
        0.998380661,
        -0.05588223,
        -0.0106422072
      ],
      [
        0.007390166,
        -0.05808198,
        0.998284459
      ],
      [
        -0.0564044863,
        -0.99674654,
        -0.0575749464
      ]
    ],
    "translation": [
      1.459924,
      0.702521741,
      -0.488356084
    ]
  },
  {
    "timeStamp": 25478,
    "rotation": [
      [
        0.9984013,
        -0.05652372,
        -6.825215E-06
      ],
      [
        -0.00250434969,
        -0.0443559662,
        0.999012649
      ],
      [
        -0.0564682148,
        -0.9974155,
        -0.04442661
      ]
    ],
    "translation": [
      1.459935,
      0.704398453,
      -0.4883305
    ]
  },
  {
    "timeStamp": 25533,
    "rotation": [
      [
        0.998147,
        -0.0605703071,
        -0.00580246933
      ],
      [
        0.001903606,
        -0.064229466,
        0.9979333
      ],
      [
        -0.0608178228,
        -0.99609524,
        -0.06399515
      ]
    ],
    "translation": [
      1.46037269,
      0.704411447,
      -0.4863662
    ]
  },
  {
    "timeStamp": 25577,
    "rotation": [
      [
        0.997735143,
        -0.06608212,
        0.012562409
      ],
      [
        -0.0171360634,
        -0.06910681,
        0.9974621
      ],
      [
        -0.0650462657,
        -0.995418251,
        -0.07008268
      ]
    ],
    "translation": [
      1.459945,
      0.7118938,
      -0.484082371
    ]
  },
  {
    "timeStamp": 25633,
    "rotation": [
      [
        0.9965294,
        -0.07293126,
        0.0401274078
      ],
      [
        -0.0443312526,
        -0.0569669269,
        0.997391343
      ],
      [
        -0.07045506,
        -0.9957087,
        -0.06000235
      ]
    ],
    "translation": [
      1.45945919,
      0.7301811,
      -0.48565945
    ]
  },
  {
    "timeStamp": 25677,
    "rotation": [
      [
        0.995225132,
        -0.0702627,
        0.06774938
      ],
      [
        -0.07182869,
        -0.0572530441,
        0.9957724
      ],
      [
        -0.06608679,
        -0.9958841,
        -0.06202655
      ]
    ],
    "translation": [
      1.46071625,
      0.7507726,
      -0.48871544
    ]
  },
  {
    "timeStamp": 25733,
    "rotation": [
      [
        0.993374348,
        -0.0531821325,
        0.101877421
      ],
      [
        -0.105532646,
        -0.07116407,
        0.9918662
      ],
      [
        -0.04549953,
        -0.9960458,
        -0.07630501
      ]
    ],
    "translation": [
      1.46723175,
      0.783156157,
      -0.494629383
    ]
  },
  {
    "timeStamp": 25777,
    "rotation": [
      [
        0.985979438,
        -0.06109389,
        0.155280679
      ],
      [
        -0.158223853,
        -0.0466872677,
        0.9862989
      ],
      [
        -0.05300722,
        -0.9970395,
        -0.0556992
      ]
    ],
    "translation": [
      1.47309279,
      0.818778,
      -0.499130547
    ]
  },
  {
    "timeStamp": 25833,
    "rotation": [
      [
        0.977958143,
        -0.0477634,
        0.203264669
      ],
      [
        -0.20541285,
        -0.0454197824,
        0.9776209
      ],
      [
        -0.0374622643,
        -0.9978255,
        -0.0542298667
      ]
    ],
    "translation": [
      1.48988438,
      0.8639938,
      -0.5077144
    ]
  },
  {
    "timeStamp": 25877,
    "rotation": [
      [
        0.965552,
        -0.04745776,
        0.255846
      ],
      [
        -0.2573751,
        -0.029432429,
        0.9658632
      ],
      [
        -0.0383075327,
        -0.99843955,
        -0.0406329855
      ]
    ],
    "translation": [
      1.5084033,
      0.904834747,
      -0.514971
    ]
  },
  {
    "timeStamp": 25933,
    "rotation": [
      [
        0.9551927,
        -0.0452978462,
        0.292497784
      ],
      [
        -0.294541061,
        -0.0479923524,
        0.954432964
      ],
      [
        -0.0291960984,
        -0.99782,
        -0.0591840222
      ]
    ],
    "translation": [
      1.54071784,
      0.950866,
      -0.5221478
    ]
  },
  {
    "timeStamp": 25977,
    "rotation": [
      [
        0.945659161,
        -0.0604394339,
        0.319493175
      ],
      [
        -0.322489381,
        -0.0486660749,
        0.9453212
      ],
      [
        -0.0415861942,
        -0.996984839,
        -0.06551259
      ]
    ],
    "translation": [
      1.57261884,
      0.9864564,
      -0.5251577
    ]
  },
  {
    "timeStamp": 26033,
    "rotation": [
      [
        0.9386903,
        -0.0813843,
        0.335018247
      ],
      [
        -0.340993643,
        -0.0758888051,
        0.9369975
      ],
      [
        -0.0508327559,
        -0.9937895,
        -0.09898761
      ]
    ],
    "translation": [
      1.61968613,
      1.02571988,
      -0.527814448
    ]
  },
  {
    "timeStamp": 26077,
    "rotation": [
      [
        0.936891735,
        -0.106328361,
        0.333058685
      ],
      [
        -0.343441546,
        -0.101603344,
        0.933662
      ],
      [
        -0.06543489,
        -0.9891264,
        -0.1317089
      ]
    ],
    "translation": [
      1.661938,
      1.05185366,
      -0.5279559
    ]
  },
  {
    "timeStamp": 26133,
    "rotation": [
      [
        0.9350219,
        -0.152947411,
        0.319908082
      ],
      [
        -0.338961333,
        -0.120638,
        0.9330336
      ],
      [
        -0.104112,
        -0.9808433,
        -0.164642423
      ]
    ],
    "translation": [
      1.719655,
      1.078636,
      -0.5269744
    ]
  },
  {
    "timeStamp": 26177,
    "rotation": [
      [
        0.933712542,
        -0.194626153,
        0.30050233
      ],
      [
        -0.333147645,
        -0.164907455,
        0.9283416
      ],
      [
        -0.131124482,
        -0.966915846,
        -0.2188154
      ]
    ],
    "translation": [
      1.76761377,
      1.09719682,
      -0.5240047
    ]
  },
  {
    "timeStamp": 26233,
    "rotation": [
      [
        0.9251427,
        -0.262706041,
        0.2740373
      ],
      [
        -0.320900351,
        -0.155525923,
        0.9342562
      ],
      [
        -0.202814832,
        -0.952259,
        -0.228186131
      ]
    ],
    "translation": [
      1.8272649,
      1.11426437,
      -0.5244638
    ]
  },
  {
    "timeStamp": 26277,
    "rotation": [
      [
        0.9198906,
        -0.3098654,
        0.24038437
      ],
      [
        -0.31167084,
        -0.205580547,
        0.9276842
      ],
      [
        -0.238038883,
        -0.928288758,
        -0.285687625
      ]
    ],
    "translation": [
      1.87295866,
      1.12185633,
      -0.5236657
    ]
  },
  {
    "timeStamp": 26333,
    "rotation": [
      [
        0.913058639,
        -0.3475611,
        0.213366434
      ],
      [
        -0.2962458,
        -0.205666721,
        0.9327055
      ],
      [
        -0.280289739,
        -0.9148238,
        -0.290749282
      ]
    ],
    "translation": [
      1.924457,
      1.126107,
      -0.5320612
    ]
  },
  {
    "timeStamp": 26377,
    "rotation": [
      [
        0.9075726,
        -0.376317173,
        0.186272234
      ],
      [
        -0.282792181,
        -0.219876543,
        0.9336396
      ],
      [
        -0.310387731,
        -0.9000221,
        -0.3059735
      ]
    ],
    "translation": [
      1.960993,
      1.12400472,
      -0.5382788
    ]
  },
  {
    "timeStamp": 26432,
    "rotation": [
      [
        0.8952748,
        -0.411995381,
        0.169536874
      ],
      [
        -0.269706249,
        -0.198319554,
        0.942299247
      ],
      [
        -0.354600459,
        -0.88934195,
        -0.288668245
      ]
    ],
    "translation": [
      2.00081015,
      1.11824322,
      -0.5484171
    ]
  },
  {
    "timeStamp": 26477,
    "rotation": [
      [
        0.8940455,
        -0.4194394,
        0.157331809
      ],
      [
        -0.264153123,
        -0.209947258,
        0.9413529
      ],
      [
        -0.3618091,
        -0.883172,
        -0.2984986
      ]
    ],
    "translation": [
      2.02666831,
      1.11170554,
      -0.558865
    ]
  },
  {
    "timeStamp": 26533,
    "rotation": [
      [
        0.883986533,
        -0.438516527,
        0.162083253
      ],
      [
        -0.2620352,
        -0.177616745,
        0.9485725
      ],
      [
        -0.387176,
        -0.8809969,
        -0.271917582
      ]
    ],
    "translation": [
      2.053011,
      1.10439253,
      -0.5723842
    ]
  },
  {
    "timeStamp": 26577,
    "rotation": [
      [
        0.881967962,
        -0.44684732,
        0.149866462
      ],
      [
        -0.2504383,
        -0.174951687,
        0.952193558
      ],
      [
        -0.399265736,
        -0.877336562,
        -0.266209483
      ]
    ],
    "translation": [
      2.07185841,
      1.09424281,
      -0.5802183
    ]
  },
  {
    "timeStamp": 26633,
    "rotation": [
      [
        0.8774878,
        -0.4541377,
        0.154188976
      ],
      [
        -0.2457479,
        -0.149674132,
        0.957708538
      ],
      [
        -0.411853462,
        -0.878269136,
        -0.2429406
      ]
    ],
    "translation": [
      2.09200764,
      1.083395,
      -0.5890034
    ]
  },
  {
    "timeStamp": 26677,
    "rotation": [
      [
        0.8761147,
        -0.4583565,
        0.14944011
      ],
      [
        -0.241096511,
        -0.148128584,
        0.959130049
      ],
      [
        -0.417487174,
        -0.8763374,
        -0.240285769
      ]
    ],
    "translation": [
      2.10661745,
      1.07476747,
      -0.59254396
    ]
  },
  {
    "timeStamp": 26732,
    "rotation": [
      [
        0.8778409,
        -0.457451642,
        0.141892433
      ],
      [
        -0.231305331,
        -0.145495653,
        0.961940169
      ],
      [
        -0.419396371,
        -0.87725085,
        -0.233533025
      ]
    ],
    "translation": [
      2.12295341,
      1.063356,
      -0.5947895
    ]
  },
  {
    "timeStamp": 26778,
    "rotation": [
      [
        0.881998658,
        -0.45380336,
        0.127046362
      ],
      [
        -0.218087763,
        -0.1540751,
        0.9636901
      ],
      [
        -0.417751133,
        -0.877680659,
        -0.234863
      ]
    ],
    "translation": [
      2.13464665,
      1.05126607,
      -0.5944761
    ]
  },
  {
    "timeStamp": 26832,
    "rotation": [
      [
        0.903463244,
        -0.419853479,
        0.08647102
      ],
      [
        -0.176080748,
        -0.179564238,
        0.9678596
      ],
      [
        -0.390832126,
        -0.8896515,
        -0.23615779
      ]
    ],
    "translation": [
      2.14690113,
      1.029093,
      -0.5962304
    ]
  },
  {
    "timeStamp": 26877,
    "rotation": [
      [
        0.908090949,
        -0.412264615,
        0.07354388
      ],
      [
        -0.156273589,
        -0.170674458,
        0.972856
      ],
      [
        -0.388522029,
        -0.8949347,
        -0.219414011
      ]
    ],
    "translation": [
      2.15419912,
      1.0103147,
      -0.59611994
    ]
  },
  {
    "timeStamp": 26932,
    "rotation": [
      [
        0.927449167,
        -0.3732611,
        0.02267828
      ],
      [
        -0.110950559,
        -0.216752589,
        0.9699012
      ],
      [
        -0.357110828,
        -0.9020502,
        -0.242440522
      ]
    ],
    "translation": [
      2.16370034,
      0.981780231,
      -0.59070307
    ]
  },
  {
    "timeStamp": 26977,
    "rotation": [
      [
        0.93235755,
        -0.360772729,
        0.0235052668
      ],
      [
        -0.101430066,
        -0.1986176,
        0.974814355
      ],
      [
        -0.347017884,
        -0.911259651,
        -0.221775815
      ]
    ],
    "translation": [
      2.165056,
      0.9610859,
      -0.587966263
    ]
  },
  {
    "timeStamp": 27032,
    "rotation": [
      [
        0.959557533,
        -0.279902,
        -0.0300705787
      ],
      [
        -0.03796275,
        -0.234500751,
        0.9713744
      ],
      [
        -0.2789412,
        -0.9309481,
        -0.235642821
      ]
    ],
    "translation": [
      2.16950941,
      0.9285873,
      -0.587086737
    ]
  },
  {
    "timeStamp": 27077,
    "rotation": [
      [
        0.962210834,
        -0.27086997,
        -0.0279257447
      ],
      [
        -0.03049544,
        -0.209097385,
        0.9774192
      ],
      [
        -0.270592719,
        -0.9396317,
        -0.209456071
      ]
    ],
    "translation": [
      2.16790152,
      0.9100069,
      -0.586599946
    ]
  },
  {
    "timeStamp": 27132,
    "rotation": [
      [
        0.973639131,
        -0.224684671,
        -0.0392879844
      ],
      [
        -0.0109189451,
        -0.217959359,
        0.9758968
      ],
      [
        -0.227832228,
        -0.9497423,
        -0.2146671
      ]
    ],
    "translation": [
      2.16695356,
      0.888180554,
      -0.584321856
    ]
  },
  {
    "timeStamp": 27177,
    "rotation": [
      [
        0.9805932,
        -0.187212974,
        -0.0582081
      ],
      [
        0.0159336422,
        -0.219816014,
        0.975411236
      ],
      [
        -0.195404708,
        -0.9574091,
        -0.212567121
      ]
    ],
    "translation": [
      2.16703033,
      0.8710369,
      -0.586009
    ]
  },
  {
    "timeStamp": 27232,
    "rotation": [
      [
        0.9808714,
        -0.183530569,
        -0.06486816
      ],
      [
        0.02494164,
        -0.212000042,
        0.9769513
      ],
      [
        -0.1930525,
        -0.9598815,
        -0.203367218
      ]
    ],
    "translation": [
      2.1667304,
      0.856555343,
      -0.5807078
    ]
  },
  {
    "timeStamp": 27277,
    "rotation": [
      [
        0.9836862,
        -0.162938878,
        -0.07623899
      ],
      [
        0.03991017,
        -0.215572581,
        0.9756719
      ],
      [
        -0.175409913,
        -0.962797642,
        -0.205552846
      ]
    ],
    "translation": [
      2.16772771,
      0.8454314,
      -0.578370452
    ]
  },
  {
    "timeStamp": 27332,
    "rotation": [
      [
        0.98261,
        -0.169288293,
        -0.0762821659
      ],
      [
        0.0402212776,
        -0.207012743,
        0.9775111
      ],
      [
        -0.181272566,
        -0.96358037,
        -0.1966038
      ]
    ],
    "translation": [
      2.16646028,
      0.83509165,
      -0.5729978
    ]
  },
  {
    "timeStamp": 27377,
    "rotation": [
      [
        0.984814644,
        -0.146792352,
        -0.0926936
      ],
      [
        0.0601428337,
        -0.212391838,
        0.975332
      ],
      [
        -0.162858635,
        -0.9660961,
        -0.200338081
      ]
    ],
    "translation": [
      2.16803384,
      0.8232708,
      -0.570765
    ]
  },
  {
    "timeStamp": 27432,
    "rotation": [
      [
        0.9831692,
        -0.152022988,
        -0.101328567
      ],
      [
        0.07120652,
        -0.191911459,
        0.9788256
      ],
      [
        -0.168250114,
        -0.969566464,
        -0.177856386
      ]
    ],
    "translation": [
      2.16844082,
      0.8094202,
      -0.5681091
    ]
  },
  {
    "timeStamp": 27477,
    "rotation": [
      [
        0.9853421,
        -0.130102739,
        -0.1103367
      ],
      [
        0.08429504,
        -0.190975115,
        0.977968752
      ],
      [
        -0.148307964,
        -0.9729346,
        -0.177208811
      ]
    ],
    "translation": [
      2.1688273,
      0.798720956,
      -0.5690424
    ]
  },
  {
    "timeStamp": 27532,
    "rotation": [
      [
        0.98492074,
        -0.130855367,
        -0.1131727
      ],
      [
        0.0901969746,
        -0.1698335,
        0.981336355
      ],
      [
        -0.147633672,
        -0.9767464,
        -0.155469775
      ]
    ],
    "translation": [
      2.16704369,
      0.7875161,
      -0.57005477
    ]
  },
  {
    "timeStamp": 27577,
    "rotation": [
      [
        0.9858099,
        -0.118272454,
        -0.119123749
      ],
      [
        0.0975526348,
        -0.17386955,
        0.9799249
      ],
      [
        -0.136610121,
        -0.977640569,
        -0.15986453
      ]
    ],
    "translation": [
      2.16601872,
      0.778696656,
      -0.5697078
    ]
  },
  {
    "timeStamp": 27632,
    "rotation": [
      [
        0.9862698,
        -0.109563753,
        -0.123562805
      ],
      [
        0.105218135,
        -0.1597872,
        0.981528
      ],
      [
        -0.127283648,
        -0.9810524,
        -0.146065176
      ]
    ],
    "translation": [
      2.16432,
      0.768362463,
      -0.5708319
    ]
  },
  {
    "timeStamp": 27677,
    "rotation": [
      [
        0.9858501,
        -0.09761154,
        -0.136277854
      ],
      [
        0.119273342,
        -0.162774369,
        0.9794276
      ],
      [
        -0.117785975,
        -0.9818231,
        -0.148828655
      ]
    ],
    "translation": [
      2.16510558,
      0.759319067,
      -0.570433438
    ]
  },
  {
    "timeStamp": 27732,
    "rotation": [
      [
        0.984802067,
        -0.08613105,
        -0.1508186
      ],
      [
        0.135683134,
        -0.160545781,
        0.977658
      ],
      [
        -0.108420007,
        -0.983263135,
        -0.146419287
      ]
    ],
    "translation": [
      2.16722775,
      0.748169065,
      -0.5697728
    ]
  },
  {
    "timeStamp": 27777,
    "rotation": [
      [
        0.984387934,
        -0.0923665762,
        -0.149829537
      ],
      [
        0.1339906,
        -0.158741534,
        0.9781859
      ],
      [
        -0.114135861,
        -0.982990146,
        -0.143886983
      ]
    ],
    "translation": [
      2.16729021,
      0.742858231,
      -0.5670063
    ]
  },
  {
    "timeStamp": 27832,
    "rotation": [
      [
        0.984190166,
        -0.0960853,
        -0.148786291
      ],
      [
        0.133437991,
        -0.150133193,
        0.9796195
      ],
      [
        -0.116464771,
        -0.9839856,
        -0.134938166
      ]
    ],
    "translation": [
      2.16699338,
      0.7376764,
      -0.565309048
    ]
  },
  {
    "timeStamp": 27876,
    "rotation": [
      [
        0.9833588,
        -0.107206464,
        -0.146670118
      ],
      [
        0.125895426,
        -0.17992872,
        0.97559005
      ],
      [
        -0.130979761,
        -0.9778202,
        -0.163437709
      ]
    ],
    "translation": [
      2.165962,
      0.734337747,
      -0.559205
    ]
  },
  {
    "timeStamp": 27932,
    "rotation": [
      [
        0.980297446,
        -0.139569759,
        -0.139775574
      ],
      [
        0.1060025,
        -0.22538361,
        0.9684863
      ],
      [
        -0.16667451,
        -0.964221239,
        -0.206148237
      ]
    ],
    "translation": [
      2.16282535,
      0.7324202,
      -0.552052
    ]
  },
  {
    "timeStamp": 27977,
    "rotation": [
      [
        0.978039265,
        -0.1614413,
        -0.1318179
      ],
      [
        0.08032334,
        -0.291640371,
        0.953149557
      ],
      [
        -0.192321122,
        -0.9428057,
        -0.272268236
      ]
    ],
    "translation": [
      2.160655,
      0.730532169,
      -0.5428256
    ]
  },
  {
    "timeStamp": 28032,
    "rotation": [
      [
        0.981277943,
        -0.145365849,
        -0.1263424
      ],
      [
        0.07596637,
        -0.310678661,
        0.9474745
      ],
      [
        -0.176982313,
        -0.939333558,
        -0.293819219
      ]
    ],
    "translation": [
      2.16138935,
      0.7295028,
      -0.5419895
    ]
  },
  {
    "timeStamp": 28077,
    "rotation": [
      [
        0.984593,
        -0.129111424,
        -0.117927611
      ],
      [
        0.07147984,
        -0.31830737,
        0.9452889
      ],
      [
        -0.1595848,
        -0.939154267,
        -0.304174334
      ]
    ],
    "translation": [
      2.16184139,
      0.7283406,
      -0.541871965
    ]
  }
]