[
  {
    "timeStamp": 132384,
    "rotation": [
      [
        0.998609543,
        0.00461189961,
        -0.0525139533
      ],
      [
        -0.007554816,
        0.9984033,
        -0.0559808463
      ],
      [
        0.0521719232,
        0.0562997423,
        0.997049868
      ]
    ],
    "translation": [
      1.61760724,
      0.6973863,
      -0.231209576
    ]
  },
  {
    "timeStamp": 132430,
    "rotation": [
      [
        0.998633444,
        0.000309487485,
        -0.05226098
      ],
      [
        -0.003436431,
        0.9982072,
        -0.05975399
      ],
      [
        0.0521487966,
        0.0598519258,
        0.9968441
      ]
    ],
    "translation": [
      1.61762559,
      0.697876036,
      -0.2312236
    ]
  },
  {
    "timeStamp": 132484,
    "rotation": [
      [
        0.9983966,
        -0.0001439763,
        -0.0566070564
      ],
      [
        -0.002871556,
        0.9985805,
        -0.05318636
      ],
      [
        0.05653436,
        0.05326363,
        0.9969789
      ]
    ],
    "translation": [
      1.61873984,
      0.6975252,
      -0.232033521
    ]
  },
  {
    "timeStamp": 132528,
    "rotation": [
      [
        0.998102367,
        0.0008873012,
        -0.0615702942
      ],
      [
        -0.004267759,
        0.998488545,
        -0.05479429
      ],
      [
        0.061428614,
        0.0549530759,
        0.9965975
      ]
    ],
    "translation": [
      1.62193859,
      0.697697163,
      -0.23506166
    ]
  },
  {
    "timeStamp": 132584,
    "rotation": [
      [
        0.995316863,
        0.0344583057,
        -0.09031561
      ],
      [
        -0.0341233,
        0.999403834,
        0.005251209
      ],
      [
        0.09044271,
        -0.00214475021,
        0.9958994
      ]
    ],
    "translation": [
      1.62288558,
      0.6977775,
      -0.237717941
    ]
  },
  {
    "timeStamp": 132628,
    "rotation": [
      [
        0.988681734,
        0.08214682,
        -0.1255397
      ],
      [
        -0.08332551,
        0.9965137,
        -0.0041579036
      ],
      [
        0.124760479,
        0.0145715047,
        0.992079854
      ]
    ],
    "translation": [
      1.62235308,
      0.7014049,
      -0.239818141
    ]
  },
  {
    "timeStamp": 132683,
    "rotation": [
      [
        0.976877332,
        0.157063141,
        -0.145057932
      ],
      [
        -0.1567384,
        0.987544656,
        0.0137370713
      ],
      [
        0.145408779,
        0.009316716,
        0.9893278
      ]
    ],
    "translation": [
      1.61886847,
      0.705883443,
      -0.244562075
    ]
  },
  {
    "timeStamp": 132728,
    "rotation": [
      [
        0.952875853,
        0.234540939,
        -0.192401
      ],
      [
        -0.230961084,
        0.9720922,
        0.0411545038
      ],
      [
        0.196683928,
        0.00522201275,
        0.980453
      ]
    ],
    "translation": [
      1.61548984,
      0.7104364,
      -0.245918542
    ]
  },
  {
    "timeStamp": 132783,
    "rotation": [
      [
        0.9169669,
        0.363457948,
        -0.164529517
      ],
      [
        -0.361876637,
        0.9313428,
        0.04057039
      ],
      [
        0.167979,
        0.02233768,
        0.985537469
      ]
    ],
    "translation": [
      1.60226858,
      0.720206,
      -0.259692758
    ]
  },
  {
    "timeStamp": 132828,
    "rotation": [
      [
        0.8658126,
        0.488375664,
        -0.108893223
      ],
      [
        -0.486739755,
        0.8724902,
        0.04295583
      ],
      [
        0.115986861,
        0.0158109628,
        0.993124843
      ]
    ],
    "translation": [
      1.58783722,
      0.7297471,
      -0.2730775
    ]
  },
  {
    "timeStamp": 132884,
    "rotation": [
      [
        0.790172935,
        0.603051543,
        -0.109341405
      ],
      [
        -0.6054941,
        0.7957425,
        0.0130666988
      ],
      [
        0.094887495,
        0.05588062,
        0.9939184
      ]
    ],
    "translation": [
      1.5818156,
      0.7483442,
      -0.295107663
    ]
  },
  {
    "timeStamp": 132928,
    "rotation": [
      [
        0.74573946,
        0.654947937,
        -0.122130118
      ],
      [
        -0.6564643,
        0.753632,
        0.03306627
      ],
      [
        0.113697849,
        0.0555152334,
        0.991963148
      ]
    ],
    "translation": [
      1.58202267,
      0.77062124,
      -0.305425584
    ]
  },
  {
    "timeStamp": 132986,
    "rotation": [
      [
        0.6769905,
        0.722178757,
        -0.141921774
      ],
      [
        -0.7264716,
        0.686607063,
        0.0284569617
      ],
      [
        0.1179955,
        0.08383704,
        0.9894688
      ]
    ],
    "translation": [
      1.58296275,
      0.8021497,
      -0.327440321
    ]
  },
  {
    "timeStamp": 133028,
    "rotation": [
      [
        0.6130736,
        0.7757084,
        -0.149724051
      ],
      [
        -0.7813323,
        0.6233767,
        0.03035157
      ],
      [
        0.116878465,
        0.0983765,
        0.9882618
      ]
    ],
    "translation": [
      1.58628893,
      0.831984639,
      -0.346463025
    ]
  },
  {
    "timeStamp": 133083,
    "rotation": [
      [
        0.548028052,
        0.820844948,
        -0.160869032
      ],
      [
        -0.8265502,
        0.5609423,
        0.0464599356
      ],
      [
        0.128374651,
        0.107504979,
        0.9858816
      ]
    ],
    "translation": [
      1.59789979,
      0.8693358,
      -0.3708932
    ]
  },
  {
    "timeStamp": 133128,
    "rotation": [
      [
        0.4889638,
        0.856400669,
        -0.165807739
      ],
      [
        -0.8587571,
        0.5059634,
        0.0808541
      ],
      [
        0.153136149,
        0.102853835,
        0.9828379
      ]
    ],
    "translation": [
      1.60945141,
      0.8997468,
      -0.387331933
    ]
  },
  {
    "timeStamp": 133184,
    "rotation": [
      [
        0.422047675,
        0.8913699,
        -0.165334553
      ],
      [
        -0.893562,
        0.439801455,
        0.09012025
      ],
      [
        0.15304485,
        0.109701633,
        0.9821114
      ]
    ],
    "translation": [
      1.6304673,
      0.9386853,
      -0.416608661
    ]
  },
  {
    "timeStamp": 133228,
    "rotation": [
      [
        0.372203737,
        0.913461268,
        -0.164477289
      ],
      [
        -0.913332641,
        0.392003924,
        0.110255994
      ],
      [
        0.165190324,
        0.109184779,
        0.980199337
      ]
    ],
    "translation": [
      1.65071332,
      0.967898548,
      -0.439192474
    ]
  },
  {
    "timeStamp": 133284,
    "rotation": [
      [
        0.330995649,
        0.9309435,
        -0.154227123
      ],
      [
        -0.9258448,
        0.351973861,
        0.137571216
      ],
      [
        0.182354942,
        0.0972549,
        0.978411
      ]
    ],
    "translation": [
      1.68333972,
      1.00027442,
      -0.4665328
    ]
  },
  {
    "timeStamp": 133328,
    "rotation": [
      [
        0.29835102,
        0.942633033,
        -0.149765283
      ],
      [
        -0.934480548,
        0.320422828,
        0.155162141
      ],
      [
        0.194249183,
        0.09365997,
        0.9764707
      ]
    ],
    "translation": [
      1.71230364,
      1.023473,
      -0.490426034
    ]
  },
  {
    "timeStamp": 133383,
    "rotation": [
      [
        0.2678018,
        0.955178559,
        -0.126159027
      ],
      [
        -0.9425469,
        0.286872268,
        0.1712004
      ],
      [
        0.199718475,
        0.07306303,
        0.9771255
      ]
    ],
    "translation": [
      1.74928331,
      1.04924691,
      -0.5190882
    ]
  },
  {
    "timeStamp": 133428,
    "rotation": [
      [
        0.252986819,
        0.9623338,
        -0.09955522
      ],
      [
        -0.944325,
        0.267997384,
        0.190860644
      ],
      [
        0.210352182,
        0.04572725,
        0.976555645
      ]
    ],
    "translation": [
      1.78130507,
      1.06721854,
      -0.538077235
    ]
  },
  {
    "timeStamp": 133483,
    "rotation": [
      [
        0.219090879,
        0.9747286,
        -0.0436272062
      ],
      [
        -0.9535175,
        0.2233759,
        0.202256277
      ],
      [
        0.20689024,
        -0.0027132032,
        0.978360355
      ]
    ],
    "translation": [
      1.81861651,
      1.08729315,
      -0.5599224
    ]
  },
  {
    "timeStamp": 133528,
    "rotation": [
      [
        0.2128242,
        0.977084339,
        -0.00347186322
      ],
      [
        -0.953921437,
        0.208545521,
        0.215737551
      ],
      [
        0.211517826,
        -0.0426022857,
        0.9764452
      ]
    ],
    "translation": [
      1.85278153,
      1.09835339,
      -0.5737603
    ]
  },
  {
    "timeStamp": 133583,
    "rotation": [
      [
        0.20792532,
        0.97577405,
        0.06805939
      ],
      [
        -0.9582948,
        0.189265683,
        0.214124858
      ],
      [
        0.196056172,
        -0.109742939,
        0.9744324
      ]
    ],
    "translation": [
      1.89518642,
      1.10680223,
      -0.587760448
    ]
  },
  {
    "timeStamp": 133628,
    "rotation": [
      [
        0.211912557,
        0.9694843,
        0.123260938
      ],
      [
        -0.9586861,
        0.181727275,
        0.218851835
      ],
      [
        0.189773545,
        -0.164546,
        0.9679414
      ]
    ],
    "translation": [
      1.9305681,
      1.11050785,
      -0.5951143
    ]
  },
  {
    "timeStamp": 133683,
    "rotation": [
      [
        0.205258936,
        0.9569456,
        0.205241054
      ],
      [
        -0.9607473,
        0.157021478,
        0.228711337
      ],
      [
        0.186637044,
        -0.244129822,
        0.951612949
      ]
    ],
    "translation": [
      1.97167289,
      1.11329246,
      -0.5989411
    ]
  },
  {
    "timeStamp": 133728,
    "rotation": [
      [
        0.202551156,
        0.9415525,
        0.2691688
      ],
      [
        -0.966371655,
        0.147716165,
        0.210489392
      ],
      [
        0.15842624,
        -0.302751929,
        0.93980974
      ]
    ],
    "translation": [
      2.004993,
      1.11250913,
      -0.6044371
    ]
  },
  {
    "timeStamp": 133783,
    "rotation": [
      [
        0.169926018,
        0.91952163,
        0.354408264
      ],
      [
        -0.9753841,
        0.105646908,
        0.193557888
      ],
      [
        0.140538529,
        -0.378574669,
        0.9148389
      ]
    ],
    "translation": [
      2.03993487,
      1.11250162,
      -0.607730031
    ]
  },
  {
    "timeStamp": 133828,
    "rotation": [
      [
        0.145963863,
        0.8983286,
        0.4143674
      ],
      [
        -0.9827301,
        0.08350919,
        0.165129751
      ],
      [
        0.113737293,
        -0.4313143,
        0.8950038
      ]
    ],
    "translation": [
      2.06663752,
      1.10935,
      -0.6106301
    ]
  },
  {
    "timeStamp": 133883,
    "rotation": [
      [
        0.147732079,
        0.86751014,
        0.4749752
      ],
      [
        -0.9812298,
        0.06837317,
        0.180314034
      ],
      [
        0.123948686,
        -0.492698,
        0.8613277
      ]
    ],
    "translation": [
      2.10199451,
      1.09852445,
      -0.606362045
    ]
  },
  {
    "timeStamp": 133927,
    "rotation": [
      [
        0.149941877,
        0.84499377,
        0.513325453
      ],
      [
        -0.9832493,
        0.07302592,
        0.166996971
      ],
      [
        0.103625335,
        -0.5297668,
        0.8417891
      ]
    ],
    "translation": [
      2.12853336,
      1.08642411,
      -0.6062726
    ]
  },
  {
    "timeStamp": 133983,
    "rotation": [
      [
        0.135615885,
        0.819069862,
        0.557434261
      ],
      [
        -0.984859049,
        0.0501236878,
        0.1659527
      ],
      [
        0.107986189,
        -0.5715,
        0.8134659
      ]
    ],
    "translation": [
      2.15479,
      1.07123351,
      -0.601884067
    ]
  },
  {
    "timeStamp": 134027,
    "rotation": [
      [
        0.1284414,
        0.803581536,
        0.5811708
      ],
      [
        -0.9877043,
        0.0509890877,
        0.147784829
      ],
      [
        0.08912379,
        -0.5930066,
        0.800250053
      ]
    ],
    "translation": [
      2.1729753,
      1.05664539,
      -0.6005548
    ]
  },
  {
    "timeStamp": 134083,
    "rotation": [
      [
        0.123851143,
        0.7968926,
        0.591289461
      ],
      [
        -0.9877222,
        0.04182658,
        0.1505172
      ],
      [
        0.09521442,
        -0.602671444,
        0.7922887
      ]
    ],
    "translation": [
      2.19092822,
      1.03861272,
      -0.597311
    ]
  },
  {
    "timeStamp": 134128,
    "rotation": [
      [
        0.101125062,
        0.781997263,
        0.6150236
      ],
      [
        -0.992294669,
        0.0347969458,
        0.118913718
      ],
      [
        0.07158926,
        -0.6223098,
        0.7794906
      ]
    ],
    "translation": [
      2.20024371,
      1.02504385,
      -0.5951712
    ]
  },
  {
    "timeStamp": 134183,
    "rotation": [
      [
        0.142664045,
        0.78412503,
        0.6039825
      ],
      [
        -0.987075031,
        0.0677045658,
        0.145254672
      ],
      [
        0.0730054453,
        -0.616898656,
        0.783649266
      ]
    ],
    "translation": [
      2.21609879,
      1.006285,
      -0.593362033
    ]
  },
  {
    "timeStamp": 134227,
    "rotation": [
      [
        0.146314323,
        0.7781699,
        0.610773
      ],
      [
        -0.9872314,
        0.0755557641,
        0.140233561
      ],
      [
        0.06297811,
        -0.623492539,
        0.77928865
      ]
    ],
    "translation": [
      2.22454643,
      0.9948143,
      -0.590232
    ]
  },
  {
    "timeStamp": 134283,
    "rotation": [
      [
        0.121042863,
        0.769180655,
        0.627462864
      ],
      [
        -0.9910201,
        0.0574608259,
        0.120737255
      ],
      [
        0.0568142273,
        -0.6364427,
        0.7692287
      ]
    ],
    "translation": [
      2.22821283,
      0.983170033,
      -0.5849184
    ]
  },
  {
    "timeStamp": 134327,
    "rotation": [
      [
        0.104979314,
        0.768528,
        0.63114506
      ],
      [
        -0.993427753,
        0.05193243,
        0.102001645
      ],
      [
        0.04561422,
        -0.6377051,
        0.7689288
      ]
    ],
    "translation": [
      2.22921133,
      0.972484469,
      -0.5822277
    ]
  },
  {
    "timeStamp": 134383,
    "rotation": [
      [
        0.122916073,
        0.765356,
        0.631760955
      ],
      [
        -0.9914331,
        0.06635788,
        0.112504035
      ],
      [
        0.0441833176,
        -0.64017725,
        0.7669557
      ]
    ],
    "translation": [
      2.234519,
      0.95484513,
      -0.5776603
    ]
  },
  {
    "timeStamp": 134427,
    "rotation": [
      [
        0.0926101655,
        0.7674703,
        0.6343601
      ],
      [
        -0.995461345,
        0.0573459044,
        0.07594829
      ],
      [
        0.021910103,
        -0.6385145,
        0.7692978
      ]
    ],
    "translation": [
      2.231961,
      0.9432115,
      -0.5776318
    ]
  },
  {
    "timeStamp": 134483,
    "rotation": [
      [
        0.114234485,
        0.7647828,
        0.634080231
      ],
      [
        -0.9929765,
        0.06811507,
        0.09673685
      ],
      [
        0.0307922568,
        -0.640677452,
        0.7671924
      ]
    ],
    "translation": [
      2.23654,
      0.9257891,
      -0.572779357
    ]
  },
  {
    "timeStamp": 134527,
    "rotation": [
      [
        0.0943280458,
        0.767236531,
        0.6343897
      ],
      [
        -0.995477259,
        0.06547097,
        0.0688373446
      ],
      [
        0.0112804184,
        -0.6380138,
        0.769942343
      ]
    ],
    "translation": [
      2.2360425,
      0.912297964,
      -0.574096262
    ]
  },
  {
    "timeStamp": 134583,
    "rotation": [
      [
        0.0683657,
        0.763892055,
        0.6417126
      ],
      [
        -0.9976548,
        0.0502092727,
        0.04651757
      ],
      [
        0.00331447856,
        -0.643387854,
        0.765533149
      ]
    ],
    "translation": [
      2.23447919,
      0.9012962,
      -0.571808755
    ]
  },
  {
    "timeStamp": 134627,
    "rotation": [
      [
        0.06396363,
        0.7728979,
        0.631298244
      ],
      [
        -0.9979129,
        0.04392143,
        0.04733635
      ],
      [
        0.008858646,
        -0.6330084,
        0.774094164
      ]
    ],
    "translation": [
      2.23499513,
      0.8923926,
      -0.570689857
    ]
  },
  {
    "timeStamp": 134683,
    "rotation": [
      [
        0.05314454,
        0.7594255,
        0.6484201
      ],
      [
        -0.998586833,
        0.0403467864,
        0.03459032
      ],
      [
        0.000107103777,
        -0.64934206,
        0.7604965
      ]
    ],
    "translation": [
      2.23667049,
      0.8827234,
      -0.566476941
    ]
  },
  {
    "timeStamp": 134727,
    "rotation": [
      [
        0.0558913536,
        0.7649468,
        0.6416639
      ],
      [
        -0.9984231,
        0.0461979732,
        0.0318924375
      ],
      [
        -0.00524755241,
        -0.642434537,
        0.7663226
      ]
    ],
    "translation": [
      2.23822474,
      0.875061154,
      -0.5666744
    ]
  },
  {
    "timeStamp": 134783,
    "rotation": [
      [
        0.06666694,
        0.7594798,
        0.6471058
      ],
      [
        -0.9977732,
        0.0520684719,
        0.04168334
      ],
      [
        -0.00203615869,
        -0.648443758,
        0.761259854
      ]
    ],
    "translation": [
      2.242457,
      0.8671966,
      -0.5633053
    ]
  },
  {
    "timeStamp": 134827,
    "rotation": [
      [
        0.0410097,
        0.759023547,
        0.6497703
      ],
      [
        -0.9990486,
        0.04080778,
        0.0153848464
      ],
      [
        -0.0148382261,
        -0.6497831,
        0.7599749
      ]
    ],
    "translation": [
      2.24056745,
      0.864900351,
      -0.563161731
    ]
  },
  {
    "timeStamp": 134883,
    "rotation": [
      [
        0.0422781,
        0.7466367,
        0.6638872
      ],
      [
        -0.9988607,
        0.04630557,
        0.01153283
      ],
      [
        -0.0221308433,
        -0.663618445,
        0.7477437
      ]
    ],
    "translation": [
      2.243737,
      0.8596126,
      -0.559749961
    ]
  },
  {
    "timeStamp": 134927,
    "rotation": [
      [
        0.03079059,
        0.7484,
        0.662532568
      ],
      [
        -0.9991238,
        0.04184359,
        -0.000833362341
      ],
      [
        -0.02834643,
        -0.661926448,
        0.7490327
      ]
    ],
    "translation": [
      2.242729,
      0.8561566,
      -0.559888959
    ]
  },
  {
    "timeStamp": 134983,
    "rotation": [
      [
        0.0131767076,
        0.7328101,
        0.6803056
      ],
      [
        -0.998779833,
        0.0420300364,
        -0.0259286482
      ],
      [
        -0.0475940444,
        -0.6791339,
        0.732469738
      ]
    ],
    "translation": [
      2.242373,
      0.850994766,
      -0.558547556
    ]
  },
  {
    "timeStamp": 135027,
    "rotation": [
      [
        0.0262176953,
        0.7391758,
        0.673002064
      ],
      [
        -0.99829185,
        0.0545225367,
        -0.02099374
      ],
      [
        -0.0522118472,
        -0.6713021,
        0.7393426
      ]
    ],
    "translation": [
      2.24342132,
      0.8453927,
      -0.560916662
    ]
  },
  {
    "timeStamp": 135083,
    "rotation": [
      [
        0.000631375064,
        0.7190484,
        0.6949598
      ],
      [
        -0.9983362,
        0.0405235738,
        -0.041021198
      ],
      [
        -0.05765848,
        -0.6937776,
        0.717877567
      ]
    ],
    "translation": [
      2.24191236,
      0.84211123,
      -0.557351768
    ]
  },
  {
    "timeStamp": 135127,
    "rotation": [
      [
        -0.007662902,
        0.7217696,
        0.692091
      ],
      [
        -0.9979922,
        0.03799546,
        -0.0506746769
      ],
      [
        -0.0628717542,
        -0.6910897,
        0.7200293
      ]
    ],
    "translation": [
      2.23965931,
      0.839067936,
      -0.558125556
    ]
  },
  {
    "timeStamp": 135183,
    "rotation": [
      [
        0.0105364686,
        0.7199039,
        0.693993866
      ],
      [
        -0.997763932,
        0.053378582,
        -0.0402230322
      ],
      [
        -0.0660011247,
        -0.6920182,
        0.7188565
      ]
    ],
    "translation": [
      2.24238443,
      0.8316422,
      -0.5571048
    ]
  },
  {
    "timeStamp": 135228,
    "rotation": [
      [
        0.003640217,
        0.719509959,
        0.6944726
      ],
      [
        -0.9979196,
        0.0473163463,
        -0.0437914133
      ],
      [
        -0.06436826,
        -0.6928684,
        0.7181853
      ]
    ],
    "translation": [
      2.24175715,
      0.8280393,
      -0.556249142
    ]
  },
  {
    "timeStamp": 135282,
    "rotation": [
      [
        0.00653847726,
        0.7169319,
        0.69711256
      ],
      [
        -0.997026563,
        0.0582007356,
        -0.05050394
      ],
      [
        -0.07678035,
        -0.694709539,
        0.7151807
      ]
    ],
    "translation": [
      2.24392414,
      0.822320163,
      -0.5561036
    ]
  },
  {
    "timeStamp": 135327,
    "rotation": [
      [
        0.0104971826,
        0.7156535,
        0.698376656
      ],
      [
        -0.997045,
        0.06064274,
        -0.0471565425
      ],
      [
        -0.07609922,
        -0.6958179,
        0.714175344
      ]
    ],
    "translation": [
      2.24552584,
      0.818568,
      -0.5554305
    ]
  },
  {
    "timeStamp": 135383,
    "rotation": [
      [
        0.00248361379,
        0.7100143,
        0.704182863
      ],
      [
        -0.997332752,
        0.0531265959,
        -0.0500490069
      ],
      [
        -0.07294635,
        -0.7021803,
        0.7082525
      ]
    ],
    "translation": [
      2.246114,
      0.817565441,
      -0.5529731
    ]
  },
  {
    "timeStamp": 135427,
    "rotation": [
      [
        -0.0003778963,
        0.713764369,
        0.700385869
      ],
      [
        -0.99661845,
        0.05728049,
        -0.0589123666
      ],
      [
        -0.08216799,
        -0.6980397,
        0.7113291
      ]
    ],
    "translation": [
      2.2458992,
      0.8157612,
      -0.5549738
    ]
  },
  {
    "timeStamp": 135483,
    "rotation": [
      [
        0.005969834,
        0.715516865,
        0.69857
      ],
      [
        -0.996710658,
        0.0607197173,
        -0.0536750555
      ],
      [
        -0.08082238,
        -0.6959517,
        0.7135257
      ]
    ],
    "translation": [
      2.24633121,
      0.8130467,
      -0.555476844
    ]
  },
  {
    "timeStamp": 135527,
    "rotation": [
      [
        0.00515414169,
        0.718188345,
        0.69582963
      ],
      [
        -0.995973,
        0.06596911,
        -0.060711503
      ],
      [
        -0.08950555,
        -0.6927146,
        0.715636253
      ]
    ],
    "translation": [
      2.244657,
      0.8113731,
      -0.557844162
    ]
  },
  {
    "timeStamp": 135583,
    "rotation": [
      [
        -0.0004328565,
        0.717161953,
        0.6969064
      ],
      [
        -0.9956019,
        0.06497998,
        -0.067487
      ],
      [
        -0.09368407,
        -0.6938705,
        0.7139797
      ]
    ],
    "translation": [
      2.24342036,
      0.8100959,
      -0.5579239
    ]
  },
  {
    "timeStamp": 135627,
    "rotation": [
      [
        0.007383297,
        0.720855355,
        0.6930463
      ],
      [
        -0.9953709,
        0.07171212,
        -0.06398556
      ],
      [
        -0.09582415,
        -0.6893656,
        0.718048
      ]
    ],
    "translation": [
      2.24322271,
      0.8084415,
      -0.5586977
    ]
  }
]