[
  {
    "timeStamp": 138602,
    "rotation": [
      [
        0.9994247,
        -0.00234513963,
        -0.03383364
      ],
      [
        9.510795E-05,
        0.9977963,
        -0.06635166
      ],
      [
        0.03391469,
        0.06631027,
        0.9972225
      ]
    ],
    "translation": [
      1.15512812,
      0.6982497,
      -0.4908134
    ]
  },
  {
    "timeStamp": 138648,
    "rotation": [
      [
        0.9994162,
        0.001716567,
        -0.03412261
      ],
      [
        -0.00383427925,
        0.9980629,
        -0.0620936938
      ],
      [
        0.0339499265,
        0.0621882752,
        0.9974868
      ]
    ],
    "translation": [
      1.15550685,
      0.697976351,
      -0.490787446
    ]
  },
  {
    "timeStamp": 138702,
    "rotation": [
      [
        0.9994177,
        0.00184823014,
        -0.03407113
      ],
      [
        -0.004009542,
        0.9979753,
        -0.06347659
      ],
      [
        0.0338848233,
        0.0635762438,
        0.9974016
      ]
    ],
    "translation": [
      1.16034329,
      0.698032558,
      -0.4906721
    ]
  },
  {
    "timeStamp": 138747,
    "rotation": [
      [
        0.999448657,
        0.0022588775,
        -0.033125
      ],
      [
        -0.00439846935,
        0.9978975,
        -0.0646616146
      ],
      [
        0.0329092927,
        0.06477166,
        0.997357249
      ]
    ],
    "translation": [
      1.16316748,
      0.6980709,
      -0.489820451
    ]
  },
  {
    "timeStamp": 138802,
    "rotation": [
      [
        0.999454141,
        0.0202027336,
        -0.0261409767
      ],
      [
        -0.02203388,
        0.997177839,
        -0.07176985
      ],
      [
        0.0246172547,
        0.0723066553,
        0.9970786
      ]
    ],
    "translation": [
      1.165704,
      0.699507356,
      -0.486788273
    ]
  },
  {
    "timeStamp": 138846,
    "rotation": [
      [
        0.9961201,
        0.0852721557,
        -0.0217585918
      ],
      [
        -0.086133875,
        0.9953837,
        -0.04233587
      ],
      [
        0.018048076,
        0.044045765,
        0.9988665
      ]
    ],
    "translation": [
      1.163127,
      0.7027812,
      -0.484226674
    ]
  },
  {
    "timeStamp": 138902,
    "rotation": [
      [
        0.9784323,
        0.202224672,
        -0.04213608
      ],
      [
        -0.204270244,
        0.9775453,
        -0.0517565981
      ],
      [
        0.03072347,
        0.0592474751,
        0.9977704
      ]
    ],
    "translation": [
      1.15918386,
      0.711299,
      -0.481855184
    ]
  },
  {
    "timeStamp": 138947,
    "rotation": [
      [
        0.9468873,
        0.3167695,
        -0.0553311259
      ],
      [
        -0.319472671,
        0.946293354,
        -0.0496599227
      ],
      [
        0.0366287231,
        0.0646991357,
        0.9972324
      ]
    ],
    "translation": [
      1.15597785,
      0.719807744,
      -0.478713
    ]
  },
  {
    "timeStamp": 139002,
    "rotation": [
      [
        0.8618759,
        0.500612,
        -0.08097858
      ],
      [
        -0.504177332,
        0.863056,
        -0.0306507014
      ],
      [
        0.0545449443,
        0.0672446638,
        0.996244431
      ]
    ],
    "translation": [
      1.1521405,
      0.733109355,
      -0.475434452
    ]
  },
  {
    "timeStamp": 139047,
    "rotation": [
      [
        0.745321453,
        0.653780162,
        -0.130642518
      ],
      [
        -0.6605199,
        0.750721633,
        -0.0114260837
      ],
      [
        0.09060601,
        0.09480808,
        0.9913637
      ]
    ],
    "translation": [
      1.1509434,
      0.7454406,
      -0.472516984
    ]
  },
  {
    "timeStamp": 139102,
    "rotation": [
      [
        0.679364,
        0.7243736,
        -0.117249228
      ],
      [
        -0.7283994,
        0.685050964,
        0.0118084233
      ],
      [
        0.08887541,
        0.07738205,
        0.9930323
      ]
    ],
    "translation": [
      1.15641892,
      0.778975368,
      -0.4664683
    ]
  },
  {
    "timeStamp": 139147,
    "rotation": [
      [
        0.6154753,
        0.7808509,
        -0.107060939
      ],
      [
        -0.7836269,
        0.6208081,
        0.0229360647
      ],
      [
        0.08437395,
        0.06977926,
        0.9939878
      ]
    ],
    "translation": [
      1.1645962,
      0.811182737,
      -0.462371349
    ]
  },
  {
    "timeStamp": 139202,
    "rotation": [
      [
        0.526784837,
        0.8453846,
        -0.08844505
      ],
      [
        -0.848930836,
        0.5284812,
        -0.004907217
      ],
      [
        0.0425930619,
        0.07766878,
        0.996068954
      ]
    ],
    "translation": [
      1.18244636,
      0.856652558,
      -0.465405583
    ]
  },
  {
    "timeStamp": 139247,
    "rotation": [
      [
        0.449535161,
        0.8905036,
        -0.07015283
      ],
      [
        -0.8927862,
        0.450472265,
        -0.00273125619
      ],
      [
        0.02916971,
        0.06385927,
        0.9975325
      ]
    ],
    "translation": [
      1.20282149,
      0.8946268,
      -0.465242654
    ]
  },
  {
    "timeStamp": 139302,
    "rotation": [
      [
        0.355556428,
        0.932874143,
        -0.0576664433
      ],
      [
        -0.934023142,
        0.35690704,
        0.0147645511
      ],
      [
        0.03435503,
        0.0486121662,
        0.9982267
      ]
    ],
    "translation": [
      1.23547506,
      0.940583944,
      -0.464968055
    ]
  },
  {
    "timeStamp": 139347,
    "rotation": [
      [
        0.292845577,
        0.955215454,
        -0.04248586
      ],
      [
        -0.955222547,
        0.294236481,
        0.03122234
      ],
      [
        0.04232495,
        0.0314401276,
        0.9986091
      ]
    ],
    "translation": [
      1.26941073,
      0.9759457,
      -0.467251152
    ]
  },
  {
    "timeStamp": 139403,
    "rotation": [
      [
        0.158714652,
        0.9873122,
        -0.00492389966
      ],
      [
        -0.9864571,
        0.158364251,
        -0.042697262
      ],
      [
        -0.0413757563,
        0.0116338972,
        0.9990759
      ]
    ],
    "translation": [
      1.30908,
      1.02518439,
      -0.48488003
    ]
  },
  {
    "timeStamp": 139447,
    "rotation": [
      [
        0.127548441,
        0.9918194,
        -0.00507427147
      ],
      [
        -0.9918234,
        0.127567425,
        0.00361281238
      ],
      [
        0.004230569,
        0.00457197241,
        0.9999806
      ]
    ],
    "translation": [
      1.35503,
      1.050367,
      -0.492710739
    ]
  },
  {
    "timeStamp": 139503,
    "rotation": [
      [
        0.04547149,
        0.998178542,
        0.0396484025
      ],
      [
        -0.9989072,
        0.0450037122,
        0.01261231
      ],
      [
        0.0108050117,
        -0.0401785746,
        0.9991341
      ]
    ],
    "translation": [
      1.40654755,
      1.082528,
      -0.5020367
    ]
  },
  {
    "timeStamp": 139547,
    "rotation": [
      [
        0.0193123426,
        0.9984504,
        0.0521906279
      ],
      [
        -0.9995561,
        0.0180966,
        0.0236673355
      ],
      [
        0.0226861872,
        -0.05262453,
        0.99835664
      ]
    ],
    "translation": [
      1.45436907,
      1.10025907,
      -0.515961
    ]
  },
  {
    "timeStamp": 139603,
    "rotation": [
      [
        -0.0298547074,
        0.9958946,
        0.08545489
      ],
      [
        -0.9992841,
        -0.0317247733,
        0.0206096526
      ],
      [
        0.02323608,
        -0.08477842,
        0.9961288
      ]
    ],
    "translation": [
      1.51193583,
      1.12189913,
      -0.5351681
    ]
  },
  {
    "timeStamp": 139647,
    "rotation": [
      [
        -0.0382406861,
        0.9931529,
        0.110385433
      ],
      [
        -0.9989011,
        -0.04098828,
        0.0227291714
      ],
      [
        0.0270980522,
        -0.109394945,
        0.9936289
      ]
    ],
    "translation": [
      1.56161845,
      1.13296926,
      -0.5513778
    ]
  },
  {
    "timeStamp": 139703,
    "rotation": [
      [
        -0.0446940623,
        0.988203645,
        0.146478668
      ],
      [
        -0.997778058,
        -0.05140894,
        0.04237986
      ],
      [
        0.0494102426,
        -0.144259065,
        0.9883056
      ]
    ],
    "translation": [
      1.62270236,
      1.1427176,
      -0.5683993
    ]
  },
  {
    "timeStamp": 139747,
    "rotation": [
      [
        -0.05635652,
        0.9812754,
        0.184180915
      ],
      [
        -0.9973141,
        -0.06397233,
        0.0356677845
      ],
      [
        0.0467824,
        -0.1816761,
        0.982245
      ]
    ],
    "translation": [
      1.66925049,
      1.14998913,
      -0.582059443
    ]
  },
  {
    "timeStamp": 139803,
    "rotation": [
      [
        -0.0614623,
        0.9713013,
        0.2297743
      ],
      [
        -0.9969349,
        -0.0709059462,
        0.033063408
      ],
      [
        0.0484068953,
        -0.227037862,
        0.9726822
      ]
    ],
    "translation": [
      1.72736239,
      1.1557864,
      -0.5991252
    ]
  },
  {
    "timeStamp": 139847,
    "rotation": [
      [
        -0.0803036839,
        0.950459957,
        0.300295085
      ],
      [
        -0.994993031,
        -0.09441934,
        0.032768406
      ],
      [
        0.05949872,
        -0.2961601,
        0.9532833
      ]
    ],
    "translation": [
      1.77034557,
      1.16114175,
      -0.6047164
    ]
  },
  {
    "timeStamp": 139903,
    "rotation": [
      [
        -0.07773847,
        0.9323978,
        0.3529746
      ],
      [
        -0.995965,
        -0.0885522962,
        0.0145652546
      ],
      [
        0.0448373221,
        -0.3504181,
        0.9355195
      ]
    ],
    "translation": [
      1.824258,
      1.16011274,
      -0.6191696
    ]
  },
  {
    "timeStamp": 139947,
    "rotation": [
      [
        -0.07466973,
        0.9093512,
        0.409273475
      ],
      [
        -0.9950181,
        -0.0951278955,
        0.0298258569
      ],
      [
        0.06605551,
        -0.405007422,
        0.9119241
      ]
    ],
    "translation": [
      1.86407292,
      1.15840721,
      -0.623703957
    ]
  },
  {
    "timeStamp": 140003,
    "rotation": [
      [
        -0.0648505241,
        0.884435236,
        0.4621349
      ],
      [
        -0.996976852,
        -0.07728575,
        0.008005835
      ],
      [
        0.04279709,
        -0.4602186,
        0.886773467
      ]
    ],
    "translation": [
      1.911012,
      1.15234065,
      -0.633850157
    ]
  },
  {
    "timeStamp": 140047,
    "rotation": [
      [
        -0.03924227,
        0.853093743,
        0.520279944
      ],
      [
        -0.996736646,
        -0.0701777339,
        0.0398900174
      ],
      [
        0.07054199,
        -0.5170167,
        0.8530637
      ]
    ],
    "translation": [
      1.94884777,
      1.14500213,
      -0.6328405
    ]
  },
  {
    "timeStamp": 140103,
    "rotation": [
      [
        -0.0385916159,
        0.8178796,
        0.5740938
      ],
      [
        -0.997980952,
        -0.0605506226,
        0.01917704
      ],
      [
        0.0504462458,
        -0.5721946,
        0.818564951
      ]
    ],
    "translation": [
      1.99043071,
      1.13644671,
      -0.63614434
    ]
  },
  {
    "timeStamp": 140147,
    "rotation": [
      [
        -0.02921159,
        0.7845694,
        0.6193525
      ],
      [
        -0.9981026,
        -0.05649341,
        0.02448821
      ],
      [
        0.0542020351,
        -0.617462039,
        0.78473103
      ]
    ],
    "translation": [
      2.02224612,
      1.12674809,
      -0.634864867
    ]
  },
  {
    "timeStamp": 140202,
    "rotation": [
      [
        -0.0359198079,
        0.740965068,
        0.670582235
      ],
      [
        -0.9983999,
        -0.055931408,
        0.008322445
      ],
      [
        0.04367325,
        -0.6692103,
        0.7417885
      ]
    ],
    "translation": [
      2.05680776,
      1.11468589,
      -0.6320882
    ]
  },
  {
    "timeStamp": 140247,
    "rotation": [
      [
        -0.0213966463,
        0.714437068,
        0.6993725
      ],
      [
        -0.9993401,
        -0.0358197875,
        0.006017474
      ],
      [
        0.02935048,
        -0.698782265,
        0.714732051
      ]
    ],
    "translation": [
      2.08353281,
      1.10108352,
      -0.6308844
    ]
  },
  {
    "timeStamp": 140302,
    "rotation": [
      [
        -0.0078305,
        0.67603153,
        0.736831069
      ],
      [
        -0.999374747,
        -0.0306977965,
        0.0175441485
      ],
      [
        0.0344794877,
        -0.736233,
        0.6758492
      ]
    ],
    "translation": [
      2.1134212,
      1.087096,
      -0.6253261
    ]
  },
  {
    "timeStamp": 140347,
    "rotation": [
      [
        -0.0173157267,
        0.6595142,
        0.7514927
      ],
      [
        -0.9998134,
        -0.01786421,
        -0.00735974358
      ],
      [
        0.008570968,
        -0.7514798,
        0.6597004
      ]
    ],
    "translation": [
      2.13067865,
      1.07465482,
      -0.6267062
    ]
  },
  {
    "timeStamp": 140402,
    "rotation": [
      [
        -0.00449392246,
        0.634219468,
        0.77314
      ],
      [
        -0.9999736,
        -0.007267876,
        0.000149552026
      ],
      [
        0.00571393454,
        -0.7731189,
        0.6342354
      ]
    ],
    "translation": [
      2.152126,
      1.059765,
      -0.62375015
    ]
  },
  {
    "timeStamp": 140447,
    "rotation": [
      [
        0.00435880339,
        0.6320603,
        0.774906933
      ],
      [
        -0.9999029,
        0.0130104618,
        -0.00498771667
      ],
      [
        -0.0132344356,
        -0.774809957,
        0.63205564
      ]
    ],
    "translation": [
      2.166397,
      1.04636323,
      -0.624860644
    ]
  },
  {
    "timeStamp": 140502,
    "rotation": [
      [
        -0.00774797844,
        0.605362952,
        0.7959118
      ],
      [
        -0.999482751,
        0.020155374,
        -0.02505967
      ],
      [
        -0.031212097,
        -0.7956943,
        0.6048937
      ]
    ],
    "translation": [
      2.18336344,
      1.03177941,
      -0.6203117
    ]
  },
  {
    "timeStamp": 140547,
    "rotation": [
      [
        0.0201040376,
        0.6034244,
        0.797166765
      ],
      [
        -0.998847544,
        0.0468787029,
        -0.0102950633
      ],
      [
        -0.0435824357,
        -0.7960411,
        0.6036714
      ]
    ],
    "translation": [
      2.198637,
      1.017443,
      -0.6196649
    ]
  },
  {
    "timeStamp": 140602,
    "rotation": [
      [
        0.00510185352,
        0.586243033,
        0.810119152
      ],
      [
        -0.9992607,
        0.03385862,
        -0.0182088017
      ],
      [
        -0.0381043,
        -0.8094274,
        0.585982442
      ]
    ],
    "translation": [
      2.210314,
      1.00565052,
      -0.612644
    ]
  },
  {
    "timeStamp": 140647,
    "rotation": [
      [
        0.0335626081,
        0.58373934,
        0.8112471
      ],
      [
        -0.9989886,
        0.04389432,
        0.009745269
      ],
      [
        -0.0299204476,
        -0.810753763,
        0.5846222
      ]
    ],
    "translation": [
      2.22115159,
      0.99282366,
      -0.6074003
    ]
  },
  {
    "timeStamp": 140702,
    "rotation": [
      [
        0.05985544,
        0.610084534,
        0.790072262
      ],
      [
        -0.9976893,
        0.06205198,
        0.0276685841
      ],
      [
        -0.0321453735,
        -0.7899028,
        0.612388968
      ]
    ],
    "translation": [
      2.22824883,
      0.9691609,
      -0.6086881
    ]
  },
  {
    "timeStamp": 140747,
    "rotation": [
      [
        0.0346390232,
        0.6084321,
        0.7928496
      ],
      [
        -0.9988482,
        0.0474315062,
        0.00724005746
      ],
      [
        -0.0332009681,
        -0.7921872,
        0.609374344
      ]
    ],
    "translation": [
      2.22845936,
      0.9590824,
      -0.604543746
    ]
  },
  {
    "timeStamp": 140802,
    "rotation": [
      [
        0.0428759567,
        0.6664057,
        0.74435544
      ],
      [
        -0.9988935,
        0.0141830817,
        0.0448399037
      ],
      [
        0.019324312,
        -0.7454544,
        0.6662764
      ]
    ],
    "translation": [
      2.22755647,
      0.9472814,
      -0.600178
    ]
  },
  {
    "timeStamp": 140847,
    "rotation": [
      [
        0.03039015,
        0.653210938,
        0.756565869
      ],
      [
        -0.9995085,
        0.0256859753,
        0.0179718044
      ],
      [
        -0.007693755,
        -0.7567402,
        0.65367043
      ]
    ],
    "translation": [
      2.22774673,
      0.9369404,
      -0.600201964
    ]
  },
  {
    "timeStamp": 140902,
    "rotation": [
      [
        0.0656754,
        0.681131363,
        0.7292097
      ],
      [
        -0.9977097,
        0.0329654329,
        0.0590655766
      ],
      [
        0.0161927026,
        -0.7314188,
        0.6817363
      ]
    ],
    "translation": [
      2.23162913,
      0.924250841,
      -0.5979161
    ]
  },
  {
    "timeStamp": 140947,
    "rotation": [
      [
        0.03716265,
        0.6707848,
        0.7407204
      ],
      [
        -0.999304235,
        0.0272790957,
        0.02543253
      ],
      [
        -0.00314642861,
        -0.7411502,
        0.6713319
      ]
    ],
    "translation": [
      2.23015285,
      0.9188155,
      -0.5965658
    ]
  },
  {
    "timeStamp": 141002,
    "rotation": [
      [
        0.06322806,
        0.6808223,
        0.7297145
      ],
      [
        -0.997999132,
        0.04311564,
        0.0462474935
      ],
      [
        2.4218969E-05,
        -0.7311785,
        0.6821862
      ]
    ],
    "translation": [
      2.23508573,
      0.9100304,
      -0.5943511
    ]
  },
  {
    "timeStamp": 141047,
    "rotation": [
      [
        0.0407579541,
        0.6702655,
        0.741001248
      ],
      [
        -0.9991364,
        0.021349499,
        0.03564491
      ],
      [
        0.008071547,
        -0.7418142,
        0.670556843
      ]
    ],
    "translation": [
      2.23490715,
      0.9084515,
      -0.5889434
    ]
  },
  {
    "timeStamp": 141102,
    "rotation": [
      [
        0.041705288,
        0.6718634,
        0.739500046
      ],
      [
        -0.999038339,
        0.01802051,
        0.0399700627
      ],
      [
        0.0135282539,
        -0.740455866,
        0.6719689
      ]
    ],
    "translation": [
      2.236666,
      0.9048919,
      -0.584411
    ]
  },
  {
    "timeStamp": 141147,
    "rotation": [
      [
        0.0493563749,
        0.6695827,
        0.7410957
      ],
      [
        -0.9985802,
        0.0181965809,
        0.0500639565
      ],
      [
        0.02003655,
        -0.7425145,
        0.6695302
      ]
    ],
    "translation": [
      2.239189,
      0.900817,
      -0.580772936
    ]
  },
  {
    "timeStamp": 141202,
    "rotation": [
      [
        0.0227687545,
        0.663345754,
        0.7479666
      ],
      [
        -0.9993856,
        -0.00483742636,
        0.03471232
      ],
      [
        0.0266445018,
        -0.7482974,
        0.6628281
      ]
    ],
    "translation": [
      2.23783231,
      0.8996175,
      -0.5748497
    ]
  },
  {
    "timeStamp": 141246,
    "rotation": [
      [
        0.0389038064,
        0.666139841,
        0.7448115
      ],
      [
        -0.9990354,
        0.0107384445,
        0.0425785221
      ],
      [
        0.0203651339,
        -0.745749533,
        0.6659151
      ]
    ],
    "translation": [
      2.240253,
      0.8935729,
      -0.5737645
    ]
  },
  {
    "timeStamp": 141302,
    "rotation": [
      [
        0.0108516552,
        0.6580323,
        0.7529115
      ],
      [
        -0.9997274,
        -0.008424557,
        0.021771919
      ],
      [
        0.0206695721,
        -0.752942562,
        0.6577615
      ]
    ],
    "translation": [
      2.23781013,
      0.8903628,
      -0.569772
    ]
  },
  {
    "timeStamp": 141347,
    "rotation": [
      [
        0.0385983363,
        0.6757917,
        0.7360813
      ],
      [
        -0.9991855,
        0.01742837,
        0.03639401
      ],
      [
        0.0117660733,
        -0.736886561,
        0.675914
      ]
    ],
    "translation": [
      2.23975658,
      0.88199985,
      -0.571280539
    ]
  },
  {
    "timeStamp": 141402,
    "rotation": [
      [
        0.011789564,
        0.6639986,
        0.7476409
      ],
      [
        -0.9998861,
        0.0007800288,
        0.0150744608
      ],
      [
        0.00942624,
        -0.7477334,
        0.663932145
      ]
    ],
    "translation": [
      2.23706079,
      0.8780479,
      -0.5673418
    ]
  },
  {
    "timeStamp": 141447,
    "rotation": [
      [
        0.0249592364,
        0.669811845,
        0.742111266
      ],
      [
        -0.9996852,
        0.0186010581,
        0.0168332886
      ],
      [
        -0.00252891774,
        -0.7422978,
        0.670065343
      ]
    ],
    "translation": [
      2.23857784,
      0.8701872,
      -0.567862
    ]
  },
  {
    "timeStamp": 141502,
    "rotation": [
      [
        0.0233743787,
        0.661964655,
        0.749170542
      ],
      [
        -0.999702752,
        0.0102812648,
        0.0221065786
      ],
      [
        0.006931353,
        -0.7494646,
        0.662008166
      ]
    ],
    "translation": [
      2.239427,
      0.8635671,
      -0.562981367
    ]
  },
  {
    "timeStamp": 141547,
    "rotation": [
      [
        0.0251574162,
        0.6659473,
        0.7455745
      ],
      [
        -0.9996047,
        0.0261201058,
        0.0103985025
      ],
      [
        -0.0125496285,
        -0.745541334,
        0.666341245
      ]
    ],
    "translation": [
      2.24025583,
      0.857059956,
      -0.56441617
    ]
  },
  {
    "timeStamp": 141602,
    "rotation": [
      [
        0.0198125616,
        0.6562018,
        0.7543253
      ],
      [
        -0.999799669,
        0.015138193,
        0.0130910156
      ],
      [
        -0.002828774,
        -0.7544336,
        0.6563703
      ]
    ],
    "translation": [
      2.24042535,
      0.8530273,
      -0.5602036
    ]
  },
  {
    "timeStamp": 141646,
    "rotation": [
      [
        0.0204147361,
        0.6626527,
        0.7486486
      ],
      [
        -0.999508262,
        0.03135359,
        -0.0004966855
      ],
      [
        -0.0238019489,
        -0.7482703,
        0.6629669
      ]
    ],
    "translation": [
      2.240587,
      0.848616838,
      -0.56275177
    ]
  },
  {
    "timeStamp": 141702,
    "rotation": [
      [
        0.0136084491,
        0.654145658,
        0.7562462
      ],
      [
        -0.99981153,
        0.01937411,
        0.00123292569
      ],
      [
        -0.0138450842,
        -0.7561205,
        0.654285967
      ]
    ],
    "translation": [
      2.240402,
      0.8461189,
      -0.559118152
    ]
  },
  {
    "timeStamp": 141747,
    "rotation": [
      [
        0.008611234,
        0.6592654,
        0.751861
      ],
      [
        -0.9994487,
        0.0297837574,
        -0.0146688223
      ],
      [
        -0.03206389,
        -0.7513201,
        0.659158468
      ]
    ],
    "translation": [
      2.2393477,
      0.8429035,
      -0.5610532
    ]
  },
  {
    "timeStamp": 141802,
    "rotation": [
      [
        0.0127686858,
        0.6571917,
        0.75361526
      ],
      [
        -0.9996044,
        0.027277749,
        -0.006851077
      ],
      [
        -0.0250594,
        -0.7532297,
        0.65728
      ]
    ],
    "translation": [
      2.23923779,
      0.8389219,
      -0.5586264
    ]
  },
  {
    "timeStamp": 141846,
    "rotation": [
      [
        0.007979523,
        0.662767351,
        0.7487829
      ],
      [
        -0.999011338,
        0.03803283,
        -0.0230177343
      ],
      [
        -0.0437337346,
        -0.7478589,
        0.6624156
      ]
    ],
    "translation": [
      2.23812866,
      0.835837841,
      -0.56085515
    ]
  },
  {
    "timeStamp": 141902,
    "rotation": [
      [
        0.0227579586,
        0.660502434,
        0.7504789
      ],
      [
        -0.9990268,
        0.0433943756,
        -0.007896662
      ],
      [
        -0.03778233,
        -0.7495689,
        0.6608472
      ]
    ],
    "translation": [
      2.23941088,
      0.831370831,
      -0.558894753
    ]
  },
  {
    "timeStamp": 141946,
    "rotation": [
      [
        0.0156824384,
        0.6619036,
        0.7494249
      ],
      [
        -0.99880904,
        0.04500263,
        -0.0188459754
      ],
      [
        -0.0462003127,
        -0.748236835,
        0.661821067
      ]
    ],
    "translation": [
      2.23914433,
      0.8289981,
      -0.5588027
    ]
  },
  {
    "timeStamp": 142002,
    "rotation": [
      [
        0.0267888568,
        0.6574233,
        0.7530451
      ],
      [
        -0.9984956,
        0.0536516942,
        -0.011318475
      ],
      [
        -0.0478431769,
        -0.751609,
        0.657871544
      ]
    ],
    "translation": [
      2.241792,
      0.8241794,
      -0.5568545
    ]
  },
  {
    "timeStamp": 142047,
    "rotation": [
      [
        0.0274519417,
        0.660270154,
        0.750526369
      ],
      [
        -0.998207152,
        0.058055684,
        -0.014562726
      ],
      [
        -0.0531876534,
        -0.748780966,
        0.6606801
      ]
    ],
    "translation": [
      2.24215221,
      0.8211858,
      -0.5561728
    ]
  },
  {
    "timeStamp": 142102,
    "rotation": [
      [
        0.0315656774,
        0.651181161,
        0.758265555
      ],
      [
        -0.9982464,
        0.05854944,
        -0.00872513652
      ],
      [
        -0.050077673,
        -0.756660461,
        0.651887357
      ]
    ],
    "translation": [
      2.24347973,
      0.8174353,
      -0.5525954
    ]
  }
]