[
  {
    "timeStamp": 144811,
    "rotation": [
      [
        0.999994457,
        0.00333438115,
        -1.28765714E-05
      ],
      [
        -0.00333432551,
        0.9999897,
        0.00309163239
      ],
      [
        2.31851191E-05,
        -0.00309157232,
        0.999995232
      ]
    ],
    "translation": [
      1.15397942,
      0.695766449,
      -0.619981647
    ]
  },
  {
    "timeStamp": 144857,
    "rotation": [
      [
        0.999984,
        0.005656489,
        9.172333E-06
      ],
      [
        -0.00565649336,
        0.99998033,
        0.00272637676
      ],
      [
        6.24956874E-06,
        -0.00272638514,
        0.9999963
      ]
    ],
    "translation": [
      1.153959,
      0.695916533,
      -0.619999945
    ]
  },
  {
    "timeStamp": 144911,
    "rotation": [
      [
        0.99998,
        0.006319421,
        0.000337872072
      ],
      [
        -0.00632024,
        0.999976933,
        0.00248128315
      ],
      [
        -0.000322184031,
        -0.00248336885,
        0.999996841
      ]
    ],
    "translation": [
      1.1552881,
      0.695899248,
      -0.6205645
    ]
  },
  {
    "timeStamp": 144967,
    "rotation": [
      [
        0.999982059,
        0.005983116,
        0.0003662944
      ],
      [
        -0.00598361343,
        0.999981165,
        0.001372162
      ],
      [
        -0.000358077727,
        -0.00137432921,
        0.999999
      ]
    ],
    "translation": [
      1.156461,
      0.695952654,
      -0.6206885
    ]
  },
  {
    "timeStamp": 145011,
    "rotation": [
      [
        0.9999839,
        0.00565458229,
        0.0005303801
      ],
      [
        -0.00565508148,
        0.9999836,
        0.0009439626
      ],
      [
        -0.0005250337,
        -0.000946946733,
        0.999999464
      ]
    ],
    "translation": [
      1.15963888,
      0.6959839,
      -0.620643
    ]
  },
  {
    "timeStamp": 145067,
    "rotation": [
      [
        0.9993697,
        0.0337872244,
        0.0108972536
      ],
      [
        -0.03368037,
        0.999384165,
        -0.009844805
      ],
      [
        -0.0112231718,
        0.009471577,
        0.9998922
      ]
    ],
    "translation": [
      1.16255128,
      0.698151946,
      -0.6182911
    ]
  },
  {
    "timeStamp": 145111,
    "rotation": [
      [
        0.9940652,
        0.108275428,
        0.010524747
      ],
      [
        -0.108053051,
        0.993948,
        -0.0197977
      ],
      [
        -0.0126046548,
        0.0185429733,
        0.9997486
      ]
    ],
    "translation": [
      1.16331053,
      0.7034442,
      -0.6182721
    ]
  },
  {
    "timeStamp": 145167,
    "rotation": [
      [
        0.973221362,
        0.2286145,
        0.0239920411
      ],
      [
        -0.227743179,
        0.9731156,
        -0.03433702
      ],
      [
        -0.03119697,
        0.0279534981,
        0.9991223
      ]
    ],
    "translation": [
      1.15903628,
      0.712605834,
      -0.6169492
    ]
  },
  {
    "timeStamp": 145211,
    "rotation": [
      [
        0.930346549,
        0.365444332,
        0.0300949011
      ],
      [
        -0.3634351,
        0.929896,
        -0.0566417873
      ],
      [
        -0.04868455,
        0.0417589471,
        0.997940838
      ]
    ],
    "translation": [
      1.15609479,
      0.723237753,
      -0.6147415
    ]
  },
  {
    "timeStamp": 145266,
    "rotation": [
      [
        0.82878083,
        0.559485,
        -0.009944895
      ],
      [
        -0.5590853,
        0.827185035,
        -0.056467
      ],
      [
        -0.0233661719,
        0.0523588136,
        0.9983549
      ]
    ],
    "translation": [
      1.14412427,
      0.7382201,
      -0.6033278
    ]
  },
  {
    "timeStamp": 145311,
    "rotation": [
      [
        0.7410277,
        0.6710634,
        -0.0234898031
      ],
      [
        -0.6713775,
        0.7398727,
        -0.0429039747
      ],
      [
        -0.0114118252,
        0.04756356,
        0.998803
      ]
    ],
    "translation": [
      1.139286,
      0.763829,
      -0.5922912
    ]
  },
  {
    "timeStamp": 145366,
    "rotation": [
      [
        0.649595439,
        0.7594746,
        -0.034986183
      ],
      [
        -0.760279536,
        0.6489606,
        -0.0287271459
      ],
      [
        0.000887116941,
        0.0452603027,
        0.9989748
      ]
    ],
    "translation": [
      1.14295292,
      0.803357,
      -0.579046667
    ]
  },
  {
    "timeStamp": 145411,
    "rotation": [
      [
        0.588759959,
        0.8075177,
        -0.03573316
      ],
      [
        -0.8082616,
        0.58862406,
        -0.0153278233
      ],
      [
        0.00865590852,
        0.0379061475,
        0.9992438
      ]
    ],
    "translation": [
      1.15494776,
      0.8403046,
      -0.568663359
    ]
  },
  {
    "timeStamp": 145466,
    "rotation": [
      [
        0.5061252,
        0.8622381,
        -0.0195630267
      ],
      [
        -0.8624553,
        0.5060669,
        -0.008189031
      ],
      [
        0.00283930614,
        0.0210169125,
        0.999775052
      ]
    ],
    "translation": [
      1.174225,
      0.8876208,
      -0.557462156
    ]
  },
  {
    "timeStamp": 145511,
    "rotation": [
      [
        0.44631362,
        0.894876242,
        -0.000816646439
      ],
      [
        -0.894876242,
        0.446312457,
        -0.00131468137
      ],
      [
        -0.0008119976,
        0.00131755765,
        0.9999988
      ]
    ],
    "translation": [
      1.19739234,
      0.9252901,
      -0.54939
    ]
  },
  {
    "timeStamp": 145566,
    "rotation": [
      [
        0.363877,
        0.9309369,
        0.030821465
      ],
      [
        -0.9314468,
        0.363696873,
        0.0114608323
      ],
      [
        -0.0005403593,
        -0.03287889,
        0.9994592
      ]
    ],
    "translation": [
      1.22905266,
      0.9699187,
      -0.5397005
    ]
  },
  {
    "timeStamp": 145611,
    "rotation": [
      [
        0.323961049,
        0.94420135,
        0.05943899
      ],
      [
        -0.945906758,
        0.3244335,
        0.0017898709
      ],
      [
        -0.0175940022,
        -0.05680359,
        0.998230338
      ]
    ],
    "translation": [
      1.2644639,
      1.00216424,
      -0.5369286
    ]
  },
  {
    "timeStamp": 145670,
    "rotation": [
      [
        0.2608759,
        0.9598631,
        0.102988213
      ],
      [
        -0.965313,
        0.2605541,
        0.0168042053
      ],
      [
        -0.0107042659,
        -0.103799671,
        0.994540632
      ]
    ],
    "translation": [
      1.309053,
      1.03655624,
      -0.532000542
    ]
  },
  {
    "timeStamp": 145711,
    "rotation": [
      [
        0.2391097,
        0.961975157,
        0.132023752
      ],
      [
        -0.9709069,
        0.238674253,
        0.0193491466
      ],
      [
        -0.0128972707,
        -0.132809341,
        0.9910577
      ]
    ],
    "translation": [
      1.35187411,
      1.0593977,
      -0.5321547
    ]
  },
  {
    "timeStamp": 145767,
    "rotation": [
      [
        0.203736752,
        0.9612897,
        0.185508549
      ],
      [
        -0.979020953,
        0.199456155,
        0.04165523
      ],
      [
        0.00304192118,
        -0.190103456,
        0.9817593
      ]
    ],
    "translation": [
      1.40323114,
      1.08418512,
      -0.5294203
    ]
  },
  {
    "timeStamp": 145811,
    "rotation": [
      [
        0.188471287,
        0.9552337,
        0.228050649
      ],
      [
        -0.9820725,
        0.182491511,
        0.04722823
      ],
      [
        0.00349668972,
        -0.232863411,
        0.9725031
      ]
    ],
    "translation": [
      1.44705427,
      1.09983158,
      -0.5307165
    ]
  },
  {
    "timeStamp": 145866,
    "rotation": [
      [
        0.16229,
        0.9417362,
        0.294609576
      ],
      [
        -0.98664844,
        0.150736645,
        0.0616715
      ],
      [
        0.0136698261,
        -0.30068475,
        0.9536256
      ]
    ],
    "translation": [
      1.50086927,
      1.11683929,
      -0.530288
    ]
  },
  {
    "timeStamp": 145911,
    "rotation": [
      [
        0.149285972,
        0.925371766,
        0.348426044
      ],
      [
        -0.9886042,
        0.132779,
        0.07093268
      ],
      [
        0.0193754379,
        -0.3550447,
        0.9346485
      ]
    ],
    "translation": [
      1.54468358,
      1.12680566,
      -0.5309709
    ]
  },
  {
    "timeStamp": 145966,
    "rotation": [
      [
        0.133433238,
        0.9000492,
        0.414857835
      ],
      [
        -0.990963459,
        0.11539083,
        0.0683849454
      ],
      [
        0.0136790257,
        -0.420233756,
        0.9073128
      ]
    ],
    "translation": [
      1.6003741,
      1.13548219,
      -0.535171151
    ]
  },
  {
    "timeStamp": 146011,
    "rotation": [
      [
        0.121495359,
        0.8739074,
        0.470664054
      ],
      [
        -0.9924451,
        0.0987946242,
        0.0727485344
      ],
      [
        0.0170764048,
        -0.4759468,
        0.8793082
      ]
    ],
    "translation": [
      1.64416528,
      1.1401701,
      -0.5375903
    ]
  },
  {
    "timeStamp": 146067,
    "rotation": [
      [
        0.125887945,
        0.8437438,
        0.5217746
      ],
      [
        -0.991984069,
        0.101258256,
        0.0755936
      ],
      [
        0.0109476475,
        -0.5271084,
        0.849727631
      ]
    ],
    "translation": [
      1.69985878,
      1.14025211,
      -0.5450228
    ]
  },
  {
    "timeStamp": 146111,
    "rotation": [
      [
        0.105543815,
        0.8126955,
        0.5730502
      ],
      [
        -0.9943658,
        0.0805439949,
        0.06891441
      ],
      [
        0.009850673,
        -0.5770951,
        0.816617548
      ]
    ],
    "translation": [
      1.73910081,
      1.14226544,
      -0.549121141
    ]
  },
  {
    "timeStamp": 146166,
    "rotation": [
      [
        0.101545915,
        0.7825425,
        0.614260256
      ],
      [
        -0.994819164,
        0.08286589,
        0.0588899329
      ],
      [
        -0.00481734565,
        -0.6170579,
        0.786903
      ]
    ],
    "translation": [
      1.78820539,
      1.1398226,
      -0.558939636
    ]
  },
  {
    "timeStamp": 146211,
    "rotation": [
      [
        0.09253009,
        0.7523541,
        0.6522281
      ],
      [
        -0.9956987,
        0.0668041,
        0.06419801
      ],
      [
        0.00472812075,
        -0.6553629,
        0.7552994
      ]
    ],
    "translation": [
      1.8239361,
      1.1393044,
      -0.5623627
    ]
  },
  {
    "timeStamp": 146267,
    "rotation": [
      [
        0.09289337,
        0.724203944,
        0.683300436
      ],
      [
        -0.9955501,
        0.0784743,
        0.0521712
      ],
      [
        -0.0158389285,
        -0.685106158,
        0.728271067
      ]
    ],
    "translation": [
      1.86692774,
      1.13424885,
      -0.572257757
    ]
  },
  {
    "timeStamp": 146311,
    "rotation": [
      [
        0.07921624,
        0.700006068,
        0.709729731
      ],
      [
        -0.9967385,
        0.0666203648,
        0.0455429964
      ],
      [
        -0.0154020768,
        -0.7110227,
        0.703000367
      ]
    ],
    "translation": [
      1.89618611,
      1.13149965,
      -0.5755668
    ]
  },
  {
    "timeStamp": 146366,
    "rotation": [
      [
        0.0761868358,
        0.683991551,
        0.725500643
      ],
      [
        -0.996605158,
        0.0750085,
        0.0339393429
      ],
      [
        -0.0312044844,
        -0.725623369,
        0.687384248
      ]
    ],
    "translation": [
      1.93049455,
      1.1257503,
      -0.5831386
    ]
  },
  {
    "timeStamp": 146411,
    "rotation": [
      [
        0.06295313,
        0.663364947,
        0.7456432
      ],
      [
        -0.9976113,
        0.06311402,
        0.0280765984
      ],
      [
        -0.02843551,
        -0.7456296,
        0.6657536
      ]
    ],
    "translation": [
      1.95455265,
      1.12187707,
      -0.5841594
    ]
  },
  {
    "timeStamp": 146466,
    "rotation": [
      [
        0.0542128347,
        0.643553,
        0.763479233
      ],
      [
        -0.9976698,
        0.06663005,
        0.0146782529
      ],
      [
        -0.0414244235,
        -0.762495935,
        0.6456656
      ]
    ],
    "translation": [
      1.98375285,
      1.11562669,
      -0.587037444
    ]
  },
  {
    "timeStamp": 146511,
    "rotation": [
      [
        0.0415872261,
        0.6270576,
        0.777861953
      ],
      [
        -0.998238266,
        0.0590514541,
        0.005766185
      ],
      [
        -0.04231815,
        -0.7767314,
        0.62840873
      ]
    ],
    "translation": [
      2.0058,
      1.112141,
      -0.587562859
    ]
  },
  {
    "timeStamp": 146566,
    "rotation": [
      [
        0.0334140249,
        0.600225568,
        0.7991325
      ],
      [
        -0.9982858,
        0.0584867969,
        -0.002188027
      ],
      [
        -0.04805201,
        -0.7976895,
        0.60115093
      ]
    ],
    "translation": [
      2.03513932,
      1.10631919,
      -0.5871573
    ]
  },
  {
    "timeStamp": 146610,
    "rotation": [
      [
        0.0251499973,
        0.579902351,
        0.8142977
      ],
      [
        -0.9980999,
        0.0603988,
        -0.0121861994
      ],
      [
        -0.05624941,
        -0.812444031,
        0.5803195
      ]
    ],
    "translation": [
      2.05773616,
      1.09939992,
      -0.5874879
    ]
  },
  {
    "timeStamp": 146666,
    "rotation": [
      [
        0.0271451138,
        0.5568814,
        0.8301483
      ],
      [
        -0.997024655,
        0.07501807,
        -0.0177219212
      ],
      [
        -0.0721451342,
        -0.8271973,
        0.5572609
      ]
    ],
    "translation": [
      2.086061,
      1.08819711,
      -0.588462949
    ]
  },
  {
    "timeStamp": 146711,
    "rotation": [
      [
        0.0309447646,
        0.5382165,
        0.842238367
      ],
      [
        -0.9959172,
        0.08809481,
        -0.0197042227
      ],
      [
        -0.0848019645,
        -0.8381899,
        0.5387451
      ]
    ],
    "translation": [
      2.10736942,
      1.07783413,
      -0.5891459
    ]
  },
  {
    "timeStamp": 146766,
    "rotation": [
      [
        0.0248479415,
        0.5235941,
        0.8516055
      ],
      [
        -0.9936981,
        0.106074713,
        -0.0362242162
      ],
      [
        -0.109300591,
        -0.845338643,
        0.5229302
      ]
    ],
    "translation": [
      2.12970448,
      1.0668788,
      -0.5909961
    ]
  },
  {
    "timeStamp": 146811,
    "rotation": [
      [
        0.0302439462,
        0.5106086,
        0.8592812
      ],
      [
        -0.992866933,
        0.114536777,
        -0.03311518
      ],
      [
        -0.115328193,
        -0.8521503,
        0.5104304
      ]
    ],
    "translation": [
      2.14793444,
      1.05678892,
      -0.5897888
    ]
  },
  {
    "timeStamp": 146866,
    "rotation": [
      [
        0.0176203,
        0.498777866,
        0.8665507
      ],
      [
        -0.990910947,
        0.124310523,
        -0.0514028668
      ],
      [
        -0.13336,
        -0.857768953,
        0.496434867
      ]
    ],
    "translation": [
      2.165915,
      1.04385769,
      -0.5896588
    ]
  },
  {
    "timeStamp": 146911,
    "rotation": [
      [
        0.0180651732,
        0.4921538,
        0.8703208
      ],
      [
        -0.990203559,
        0.129348621,
        -0.0525912046
      ],
      [
        -0.13845776,
        -0.8608447,
        0.4896691
      ]
    ],
    "translation": [
      2.17949271,
      1.03247428,
      -0.58810997
    ]
  },
  {
    "timeStamp": 146966,
    "rotation": [
      [
        0.008234763,
        0.48750183,
        0.8730831
      ],
      [
        -0.987204134,
        0.143010333,
        -0.07054129
      ],
      [
        -0.159248918,
        -0.86133033,
        0.482441485
      ]
    ],
    "translation": [
      2.19315434,
      1.01720893,
      -0.5888821
    ]
  },
  {
    "timeStamp": 147010,
    "rotation": [
      [
        0.006608811,
        0.481060475,
        0.8766625
      ],
      [
        -0.9870278,
        0.143772468,
        -0.07145301
      ],
      [
        -0.160413146,
        -0.864818037,
        0.475770265
      ]
    ],
    "translation": [
      2.20369434,
      1.00616133,
      -0.586863458
    ]
  },
  {
    "timeStamp": 147066,
    "rotation": [
      [
        -0.003974448,
        0.4825578,
        0.875855148
      ],
      [
        -0.984366536,
        0.152341649,
        -0.08840042
      ],
      [
        -0.176087528,
        -0.8625138,
        0.474408269
      ]
    ],
    "translation": [
      2.21285653,
      0.9926336,
      -0.587345
    ]
  },
  {
    "timeStamp": 147110,
    "rotation": [
      [
        -0.005133623,
        0.481019348,
        0.8766949
      ],
      [
        -0.984089434,
        0.153274789,
        -0.08986032
      ],
      [
        -0.177599788,
        -0.8632075,
        0.4725792
      ]
    ],
    "translation": [
      2.21998739,
      0.9827294,
      -0.5852307
    ]
  },
  {
    "timeStamp": 147166,
    "rotation": [
      [
        -0.0186154414,
        0.48272872,
        0.875572
      ],
      [
        -0.9827378,
        0.152383745,
        -0.104907542
      ],
      [
        -0.184064835,
        -0.862410665,
        0.471559078
      ]
    ],
    "translation": [
      2.22549748,
      0.971435,
      -0.5825317
    ]
  },
  {
    "timeStamp": 147210,
    "rotation": [
      [
        -0.0134551656,
        0.4827078,
        0.875678062
      ],
      [
        -0.9826965,
        0.155412868,
        -0.100769162
      ],
      [
        -0.1847337,
        -0.8618817,
        0.472264171
      ]
    ],
    "translation": [
      2.23076582,
      0.9612191,
      -0.578858
    ]
  },
  {
    "timeStamp": 147266,
    "rotation": [
      [
        -0.0217994358,
        0.491121948,
        0.870817959
      ],
      [
        -0.9802812,
        0.160611421,
        -0.115120918
      ],
      [
        -0.19640173,
        -0.856156051,
        0.477936327
      ]
    ],
    "translation": [
      2.233231,
      0.9498236,
      -0.5755919
    ]
  },
  {
    "timeStamp": 147310,
    "rotation": [
      [
        -0.017730359,
        0.491801083,
        0.870527
      ],
      [
        -0.9810347,
        0.159524173,
        -0.110103726
      ],
      [
        -0.193019241,
        -0.8559694,
        0.47964555
      ]
    ],
    "translation": [
      2.23621345,
      0.941429,
      -0.570370138
    ]
  },
  {
    "timeStamp": 147366,
    "rotation": [
      [
        -0.0245288219,
        0.5018778,
        0.864590645
      ],
      [
        -0.9794732,
        0.161023423,
        -0.121259004
      ],
      [
        -0.20007655,
        -0.8498177,
        0.4876261
      ]
    ],
    "translation": [
      2.2369523,
      0.933009863,
      -0.565982938
    ]
  },
  {
    "timeStamp": 147410,
    "rotation": [
      [
        -0.0276424419,
        0.5030506,
        0.8638148
      ],
      [
        -0.9798883,
        0.157203779,
        -0.12290594
      ],
      [
        -0.197622851,
        -0.8498394,
        0.488587946
      ]
    ],
    "translation": [
      2.2375896,
      0.92726326,
      -0.5612726
    ]
  },
  {
    "timeStamp": 147466,
    "rotation": [
      [
        -0.02232436,
        0.512798965,
        0.858218431
      ],
      [
        -0.980637133,
        0.155823946,
        -0.118616015
      ],
      [
        -0.19455716,
        -0.8442489,
        0.499391
      ]
    ],
    "translation": [
      2.2393496,
      0.920009732,
      -0.5561778
    ]
  },
  {
    "timeStamp": 147510,
    "rotation": [
      [
        -0.03599781,
        0.5172391,
        0.8550836
      ],
      [
        -0.9785925,
        0.155249819,
        -0.135107815
      ],
      [
        -0.202634618,
        -0.841641963,
        0.5005777
      ]
    ],
    "translation": [
      2.23845363,
      0.912004,
      -0.555326462
    ]
  },
  {
    "timeStamp": 147566,
    "rotation": [
      [
        -0.0342449322,
        0.5279841,
        0.848563552
      ],
      [
        -0.9782203,
        0.156218573,
        -0.13667804
      ],
      [
        -0.2047252,
        -0.8347626,
        0.511135042
      ]
    ],
    "translation": [
      2.23844934,
      0.905844867,
      -0.553045
    ]
  },
  {
    "timeStamp": 147610,
    "rotation": [
      [
        -0.03739478,
        0.535487533,
        0.8437149
      ],
      [
        -0.9760354,
        0.161552578,
        -0.145793349
      ],
      [
        -0.214374825,
        -0.8289475,
        0.516613543
      ]
    ],
    "translation": [
      2.238117,
      0.902238131,
      -0.5522483
    ]
  },
  {
    "timeStamp": 147666,
    "rotation": [
      [
        -0.0450381748,
        0.5403662,
        0.8402237
      ],
      [
        -0.9752702,
        0.158392072,
        -0.15414241
      ],
      [
        -0.216378137,
        -0.8263875,
        0.5198694
      ]
    ],
    "translation": [
      2.23675251,
      0.8982194,
      -0.5498626
    ]
  },
  {
    "timeStamp": 147710,
    "rotation": [
      [
        -0.03902709,
        0.5500842,
        0.834196746
      ],
      [
        -0.974118531,
        0.165066972,
        -0.1544213
      ],
      [
        -0.222643048,
        -0.818633139,
        0.5294052
      ]
    ],
    "translation": [
      2.2369628,
      0.894553661,
      -0.5499517
    ]
  },
  {
    "timeStamp": 147766,
    "rotation": [
      [
        -0.05143053,
        0.554384232,
        0.830670238
      ],
      [
        -0.971926033,
        0.163439915,
        -0.169255108
      ],
      [
        -0.229597047,
        -0.8160549,
        0.530414641
      ]
    ],
    "translation": [
      2.23533273,
      0.8907691,
      -0.5489923
    ]
  },
  {
    "timeStamp": 147810,
    "rotation": [
      [
        -0.0431913026,
        0.55917877,
        0.8279213
      ],
      [
        -0.971124,
        0.171122655,
        -0.166238368
      ],
      [
        -0.234633058,
        -0.811194241,
        0.535640955
      ]
    ],
    "translation": [
      2.23693871,
      0.885757446,
      -0.5490489
    ]
  },
  {
    "timeStamp": 147866,
    "rotation": [
      [
        -0.05564785,
        0.5570468,
        0.828614652
      ],
      [
        -0.969101131,
        0.169604376,
        -0.179101318
      ],
      [
        -0.240304485,
        -0.812978,
        0.5303966
      ]
    ],
    "translation": [
      2.23703146,
      0.881288648,
      -0.5480931
    ]
  },
  {
    "timeStamp": 147910,
    "rotation": [
      [
        -0.043259874,
        0.562723637,
        0.8255124
      ],
      [
        -0.9687196,
        0.178472891,
        -0.172423333
      ],
      [
        -0.244358256,
        -0.807149053,
        0.5374007
      ]
    ],
    "translation": [
      2.23879957,
      0.8765222,
      -0.5492749
    ]
  },
  {
    "timeStamp": 147966,
    "rotation": [
      [
        -0.0564527363,
        0.557474256,
        0.828272641
      ],
      [
        -0.9670738,
        0.175665781,
        -0.184146032
      ],
      [
        -0.248155832,
        -0.8113963,
        0.529202
      ]
    ],
    "translation": [
      2.23908067,
      0.873221,
      -0.5487365
    ]
  },
  {
    "timeStamp": 148010,
    "rotation": [
      [
        -0.0499017,
        0.5643891,
        0.8239992
      ],
      [
        -0.9670668,
        0.17886506,
        -0.18107757
      ],
      [
        -0.249582872,
        -0.805898368,
        0.5368763
      ]
    ],
    "translation": [
      2.23973513,
      0.8686568,
      -0.5500091
    ]
  },
  {
    "timeStamp": 148066,
    "rotation": [
      [
        -0.0506283157,
        0.562064052,
        0.825542748
      ],
      [
        -0.966401,
        0.181003749,
        -0.1825017
      ],
      [
        -0.252003968,
        -0.807045,
        0.534015357
      ]
    ],
    "translation": [
      2.240083,
      0.863653,
      -0.550675333
    ]
  },
  {
    "timeStamp": 148111,
    "rotation": [
      [
        -0.04654831,
        0.5696849,
        0.820543945
      ],
      [
        -0.9652893,
        0.185685873,
        -0.183676988
      ],
      [
        -0.25700143,
        -0.800612152,
        0.5412674
      ]
    ],
    "translation": [
      2.23969626,
      0.860138834,
      -0.5525066
    ]
  },
  {
    "timeStamp": 148166,
    "rotation": [
      [
        -0.04348033,
        0.571901858,
        0.819168866
      ],
      [
        -0.964385331,
        0.19010213,
        -0.1839078
      ],
      [
        -0.260902971,
        -0.797990859,
        0.543268
      ]
    ],
    "translation": [
      2.239008,
      0.8565395,
      -0.5537925
    ]
  },
  {
    "timeStamp": 148210,
    "rotation": [
      [
        -0.0453250073,
        0.5721182,
        0.8189179
      ],
      [
        -0.9645453,
        0.188290492,
        -0.184929952
      ],
      [
        -0.259996235,
        -0.7982653,
        0.5432997
      ]
    ],
    "translation": [
      2.23797226,
      0.854746,
      -0.553748965
    ]
  },
  {
    "timeStamp": 148266,
    "rotation": [
      [
        -0.0451097,
        0.573409736,
        0.8180259
      ],
      [
        -0.9646287,
        0.187891871,
        -0.1849002
      ],
      [
        -0.259724,
        -0.797432,
        0.5446518
      ]
    ],
    "translation": [
      2.23768425,
      0.852814138,
      -0.55328685
    ]
  },
  {
    "timeStamp": 148310,
    "rotation": [
      [
        -0.04841324,
        0.572632,
        0.8183818
      ],
      [
        -0.9656335,
        0.182638809,
        -0.18491891
      ],
      [
        -0.255358756,
        -0.7992094,
        0.5441105
      ]
    ],
    "translation": [
      2.23721766,
      0.8521082,
      -0.5514443
    ]
  },
  {
    "timeStamp": 148366,
    "rotation": [
      [
        -0.04535009,
        0.5705068,
        0.820039868
      ],
      [
        -0.96534276,
        0.186169714,
        -0.182905078
      ],
      [
        -0.257015169,
        -0.7999143,
        0.54229176
      ]
    ],
    "translation": [
      2.23821688,
      0.849660039,
      -0.5502906
    ]
  },
  {
    "timeStamp": 148410,
    "rotation": [
      [
        -0.04723573,
        0.5666804,
        0.8225826
      ],
      [
        -0.966102362,
        0.183321133,
        -0.181767821
      ],
      [
        -0.253801048,
        -0.803284943,
        0.538812
      ]
    ],
    "translation": [
      2.238657,
      0.848256767,
      -0.548345864
    ]
  },
  {
    "timeStamp": 148466,
    "rotation": [
      [
        -0.0422438942,
        0.571430862,
        0.8195622
      ],
      [
        -0.9645685,
        0.190493286,
        -0.182537526
      ],
      [
        -0.260428667,
        -0.798235,
        0.543137
      ]
    ],
    "translation": [
      2.23880219,
      0.8445744,
      -0.549886
    ]
  },
  {
    "timeStamp": 148510,
    "rotation": [
      [
        -0.0369250923,
        0.5657577,
        0.823744357
      ],
      [
        -0.965829551,
        0.191402748,
        -0.174751937
      ],
      [
        -0.2565342,
        -0.8020494,
        0.5393579
      ]
    ],
    "translation": [
      2.24000287,
      0.8416768,
      -0.5488565
    ]
  },
  {
    "timeStamp": 148566,
    "rotation": [
      [
        -0.0380469374,
        0.5688843,
        0.8215371
      ],
      [
        -0.9647722,
        0.1932614,
        -0.178506851
      ],
      [
        -0.26032114,
        -0.799387753,
        0.541490734
      ]
    ],
    "translation": [
      2.23983645,
      0.8381291,
      -0.549978554
    ]
  },
  {
    "timeStamp": 148611,
    "rotation": [
      [
        -0.0363440961,
        0.56408,
        0.8249199
      ],
      [
        -0.9651114,
        0.194376886,
        -0.175435483
      ],
      [
        -0.259305,
        -0.8025156,
        0.5373356
      ]
    ],
    "translation": [
      2.24019051,
      0.836062,
      -0.54986
    ]
  },
  {
    "timeStamp": 148666,
    "rotation": [
      [
        -0.03726863,
        0.569507539,
        0.8211408
      ],
      [
        -0.9648056,
        0.193542272,
        -0.17802155
      ],
      [
        -0.260310084,
        -0.798875868,
        0.542251
      ]
    ],
    "translation": [
      2.23911762,
      0.834089041,
      -0.551102936
    ]
  },
  {
    "timeStamp": 148710,
    "rotation": [
      [
        -0.0424479172,
        0.5648233,
        0.8241194
      ],
      [
        -0.9640811,
        0.193313256,
        -0.182147235
      ],
      [
        -0.262194216,
        -0.8022497,
        0.536329746
      ]
    ],
    "translation": [
      2.238305,
      0.8334376,
      -0.5510537
    ]
  },
  {
    "timeStamp": 148766,
    "rotation": [
      [
        -0.0381690562,
        0.5680864,
        0.8220833
      ],
      [
        -0.9638829,
        0.196067646,
        -0.180241913
      ],
      [
        -0.263576925,
        -0.799271762,
        0.5400851
      ]
    ],
    "translation": [
      2.23826575,
      0.8309948,
      -0.5518344
    ]
  },
  {
    "timeStamp": 148810,
    "rotation": [
      [
        -0.0344445631,
        0.5662102,
        0.823540866
      ],
      [
        -0.9633048,
        0.200669646,
        -0.178256869
      ],
      [
        -0.266190529,
        -0.7994609,
        0.538521051
      ]
    ],
    "translation": [
      2.23874021,
      0.82929343,
      -0.552553535
    ]
  },
  {
    "timeStamp": 148865,
    "rotation": [
      [
        -0.0329557173,
        0.5677064,
        0.8225712
      ],
      [
        -0.963449955,
        0.2008763,
        -0.177236885
      ],
      [
        -0.265853584,
        -0.7983471,
        0.5403367
      ]
    ],
    "translation": [
      2.23963428,
      0.8291036,
      -0.5528233
    ]
  }
]