[
  {
    "timeStamp": 25348,
    "rotation": [
      [
        0.999288142,
        -0.0143901827,
        0.0348733924
      ],
      [
        -0.0342363045,
        0.04236794,
        0.9985153
      ],
      [
        -0.0158463381,
        -0.9989984,
        0.041845113
      ]
    ],
    "translation": [
      1.61094666,
      0.690279841,
      -0.7539483
    ]
  },
  {
    "timeStamp": 25392,
    "rotation": [
      [
        0.999160945,
        -0.0168302674,
        0.0373378322
      ],
      [
        -0.0366730578,
        0.0382131562,
        0.99859643
      ],
      [
        -0.0182334483,
        -0.9991278,
        0.03756388
      ]
    ],
    "translation": [
      1.6112982,
      0.6987847,
      -0.7538602
    ]
  },
  {
    "timeStamp": 25449,
    "rotation": [
      [
        0.996183336,
        -0.07450795,
        0.0454683565
      ],
      [
        -0.0485132635,
        -0.03957903,
        0.998038054
      ],
      [
        -0.07256218,
        -0.9964347,
        -0.0430425927
      ]
    ],
    "translation": [
      1.62391126,
      0.7202015,
      -0.734974742
    ]
  },
  {
    "timeStamp": 25493,
    "rotation": [
      [
        0.9908336,
        -0.103585906,
        0.08671105
      ],
      [
        -0.091903396,
        -0.0464431,
        0.9946843
      ],
      [
        -0.09900815,
        -0.9935356,
        -0.05553728
      ]
    ],
    "translation": [
      1.62783611,
      0.7413446,
      -0.7277554
    ]
  },
  {
    "timeStamp": 25548,
    "rotation": [
      [
        0.9769049,
        -0.154670477,
        0.147424042
      ],
      [
        -0.15728873,
        -0.0535413064,
        0.9861002
      ],
      [
        -0.144627318,
        -0.9865143,
        -0.076632686
      ]
    ],
    "translation": [
      1.64179671,
      0.7717961,
      -0.7159863
    ]
  },
  {
    "timeStamp": 25604,
    "rotation": [
      [
        0.952477336,
        -0.229436278,
        0.200364724
      ],
      [
        -0.221487924,
        -0.07008116,
        0.972641647
      ],
      [
        -0.2091175,
        -0.9707974,
        -0.117568083
      ]
    ],
    "translation": [
      1.66744363,
      0.8078499,
      -0.6943116
    ]
  },
  {
    "timeStamp": 25648,
    "rotation": [
      [
        0.923856854,
        -0.3055738,
        0.230463162
      ],
      [
        -0.268068016,
        -0.0868261158,
        0.959479451
      ],
      [
        -0.273181558,
        -0.9482014,
        -0.162129447
      ]
    ],
    "translation": [
      1.70084286,
      0.8368565,
      -0.6729515
    ]
  },
  {
    "timeStamp": 25703,
    "rotation": [
      [
        0.8797981,
        -0.411732644,
        0.237553254
      ],
      [
        -0.310767978,
        -0.120054737,
        0.942873359
      ],
      [
        -0.359692365,
        -0.903362155,
        -0.233577251
      ]
    ],
    "translation": [
      1.75589442,
      0.8727074,
      -0.6393065
    ]
  },
  {
    "timeStamp": 25748,
    "rotation": [
      [
        0.8376203,
        -0.496806949,
        0.227101669
      ],
      [
        -0.337826669,
        -0.144426316,
        0.9300614
      ],
      [
        -0.4292615,
        -0.8557593,
        -0.288809031
      ]
    ],
    "translation": [
      1.80733514,
      0.8985,
      -0.615654051
    ]
  },
  {
    "timeStamp": 25803,
    "rotation": [
      [
        0.7762642,
        -0.5987587,
        0.197235987
      ],
      [
        -0.368569583,
        -0.177233234,
        0.912548542
      ],
      [
        -0.5114396,
        -0.7810739,
        -0.358264029
      ]
    ],
    "translation": [
      1.88070953,
      0.9304367,
      -0.587060332
    ]
  },
  {
    "timeStamp": 25848,
    "rotation": [
      [
        0.729964137,
        -0.667002261,
        0.1491988
      ],
      [
        -0.3808317,
        -0.21565479,
        0.8991442
      ],
      [
        -0.5675558,
        -0.7131626,
        -0.411435872
      ]
    ],
    "translation": [
      1.941526,
      0.953816,
      -0.5709002
    ]
  },
  {
    "timeStamp": 25893,
    "rotation": [
      [
        0.684157,
        -0.723944962,
        0.08850366
      ],
      [
        -0.3782341,
        -0.248427942,
        0.891752541
      ],
      [
        -0.623593,
        -0.6435739,
        -0.4437844
      ]
    ],
    "translation": [
      2.00558853,
      0.971155047,
      -0.558609962
    ]
  },
  {
    "timeStamp": 25943,
    "rotation": [
      [
        0.6339714,
        -0.7733063,
        0.008814228
      ],
      [
        -0.35118413,
        -0.277715623,
        0.894172132
      ],
      [
        -0.6890211,
        -0.569974959,
        -0.447636664
      ]
    ],
    "translation": [
      2.071726,
      0.9796443,
      -0.5542911
    ]
  },
  {
    "timeStamp": 25998,
    "rotation": [
      [
        0.5325409,
        -0.843221664,
        -0.0733312
      ],
      [
        -0.3029201,
        -0.270774573,
        0.91373986
      ],
      [
        -0.7903415,
        -0.464390367,
        -0.399627328
      ]
    ],
    "translation": [
      2.16267419,
      0.9756766,
      -0.5589901
    ]
  },
  {
    "timeStamp": 26043,
    "rotation": [
      [
        0.479914218,
        -0.8707903,
        -0.106801338
      ],
      [
        -0.25927332,
        -0.2570733,
        0.9309622
      ],
      [
        -0.8381286,
        -0.419091254,
        -0.34914583
      ]
    ],
    "translation": [
      2.210956,
      0.9616555,
      -0.566863537
    ]
  },
  {
    "timeStamp": 26097,
    "rotation": [
      [
        0.4324761,
        -0.894961,
        -0.109586447
      ],
      [
        -0.237927347,
        -0.230508834,
        0.9435339
      ],
      [
        -0.869686663,
        -0.381982237,
        -0.312625259
      ]
    ],
    "translation": [
      2.248186,
      0.9445293,
      -0.5701706
    ]
  },
  {
    "timeStamp": 26153,
    "rotation": [
      [
        0.4117113,
        -0.9037887,
        -0.116874672
      ],
      [
        -0.1820269,
        -0.207220674,
        0.9612106
      ],
      [
        -0.8929501,
        -0.374466956,
        -0.24982895
      ]
    ],
    "translation": [
      2.28323531,
      0.9162602,
      -0.5675739
    ]
  },
  {
    "timeStamp": 26198,
    "rotation": [
      [
        0.421616733,
        -0.900010765,
        -0.110543877
      ],
      [
        -0.160846755,
        -0.194205716,
        0.9676841
      ],
      [
        -0.8923943,
        -0.3902112,
        -0.226644188
      ]
    ],
    "translation": [
      2.29380274,
      0.9016744,
      -0.558552265
    ]
  },
  {
    "timeStamp": 26254,
    "rotation": [
      [
        0.438233763,
        -0.894983232,
        -0.08340421
      ],
      [
        -0.147557631,
        -0.163160339,
        0.97550267
      ],
      [
        -0.8866668,
        -0.415191263,
        -0.203563973
      ]
    ],
    "translation": [
      2.294589,
      0.8839054,
      -0.5448408
    ]
  },
  {
    "timeStamp": 26298,
    "rotation": [
      [
        0.464232445,
        -0.8829477,
        -0.0699399561
      ],
      [
        -0.132222489,
        -0.1471656,
        0.9802344
      ],
      [
        -0.87578845,
        -0.445808947,
        -0.185064569
      ]
    ],
    "translation": [
      2.29104257,
      0.8724398,
      -0.531497359
    ]
  },
  {
    "timeStamp": 26354,
    "rotation": [
      [
        0.4866715,
        -0.8721128,
        -0.05069625
      ],
      [
        -0.125785738,
        -0.127384424,
        0.9838451
      ],
      [
        -0.8644818,
        -0.472432524,
        -0.171693727
      ]
    ],
    "translation": [
      2.28358078,
      0.86225903,
      -0.516773
    ]
  },
  {
    "timeStamp": 26398,
    "rotation": [
      [
        0.5020172,
        -0.8635502,
        -0.04753729
      ],
      [
        -0.11446549,
        -0.120824352,
        0.9860523
      ],
      [
        -0.8572493,
        -0.4895738,
        -0.1595026
      ]
    ],
    "translation": [
      2.27966,
      0.8566422,
      -0.5059053
    ]
  },
  {
    "timeStamp": 26453,
    "rotation": [
      [
        0.5084341,
        -0.8607314,
        -0.02522226
      ],
      [
        -0.112491354,
        -0.0954313353,
        0.989059448
      ],
      [
        -0.853721559,
        -0.5000343,
        -0.14534539
      ]
    ],
    "translation": [
      2.2742362,
      0.849589467,
      -0.495661676
    ]
  },
  {
    "timeStamp": 26498,
    "rotation": [
      [
        0.515660942,
        -0.8561204,
        -0.03393495
      ],
      [
        -0.0959636644,
        -0.09706818,
        0.9906406
      ],
      [
        -0.8514016,
        -0.507578135,
        -0.132210732
      ]
    ],
    "translation": [
      2.27493,
      0.8443848,
      -0.488414437
    ]
  },
  {
    "timeStamp": 26543,
    "rotation": [
      [
        0.5162661,
        -0.8562952,
        -0.015093971
      ],
      [
        -0.08286453,
        -0.0674857,
        0.9942732
      ],
      [
        -0.85241,
        -0.5120588,
        -0.105797067
      ]
    ],
    "translation": [
      2.2727778,
      0.8343056,
      -0.485407621
    ]
  },
  {
    "timeStamp": 26600,
    "rotation": [
      [
        0.526468456,
        -0.8499413,
        -0.02075373
      ],
      [
        -0.0710321,
        -0.06829752,
        0.9951331
      ],
      [
        -0.847222149,
        -0.522432,
        -0.09632961
      ]
    ],
    "translation": [
      2.273215,
      0.8302522,
      -0.479565263
    ]
  },
  {
    "timeStamp": 26646,
    "rotation": [
      [
        0.529556632,
        -0.8482047,
        -0.0108933281
      ],
      [
        -0.06825038,
        -0.0554036126,
        0.9961287
      ],
      [
        -0.8455245,
        -0.5267631,
        -0.08722964
      ]
    ],
    "translation": [
      2.27122235,
      0.8272543,
      -0.476607442
    ]
  },
  {
    "timeStamp": 26702,
    "rotation": [
      [
        0.535278857,
        -0.8445126,
        -0.0165808611
      ],
      [
        -0.048754774,
        -0.0504875481,
        0.997534
      ],
      [
        -0.843267143,
        -0.5331505,
        -0.06819894
      ]
    ],
    "translation": [
      2.26935816,
      0.823935747,
      -0.4760672
    ]
  },
  {
    "timeStamp": 26748,
    "rotation": [
      [
        0.5310938,
        -0.847120345,
        -0.0180704929
      ],
      [
        -0.03852087,
        -0.0454440638,
        0.9982239
      ],
      [
        -0.846437,
        -0.5294544,
        -0.05676687
      ]
    ],
    "translation": [
      2.268369,
      0.821135044,
      -0.476432323
    ]
  },
  {
    "timeStamp": 26803,
    "rotation": [
      [
        0.549042642,
        -0.8355051,
        -0.0219862461
      ],
      [
        -0.0240946673,
        -0.04211745,
        0.9988221
      ],
      [
        -0.835446954,
        -0.547866166,
        -0.0432554968
      ]
    ],
    "translation": [
      2.26361227,
      0.8187692,
      -0.47507903
    ]
  },
  {
    "timeStamp": 26847,
    "rotation": [
      [
        0.557207346,
        -0.830096364,
        -0.0214480367
      ],
      [
        -0.02266143,
        -0.0410212465,
        0.998901248
      ],
      [
        -0.8300641,
        -0.5561091,
        -0.04166851
      ]
    ],
    "translation": [
      2.25968766,
      0.8174015,
      -0.47440365
    ]
  },
  {
    "timeStamp": 26903,
    "rotation": [
      [
        0.5824288,
        -0.8128808,
        -0.00118566444
      ],
      [
        -0.0305576213,
        -0.02335204,
        0.9992602
      ],
      [
        -0.8123071,
        -0.5819617,
        -0.0384406075
      ]
    ],
    "translation": [
      2.25350928,
      0.813635945,
      -0.4726025
    ]
  }
]