[
  {
    "timeStamp": 17786,
    "rotation": [
      [
        0.9992792,
        0.0181369372,
        -0.03334874
      ],
      [
        0.03341576,
        -0.00340484688,
        0.9994357
      ],
      [
        0.0180131532,
        -0.999829769,
        -0.004008452
      ]
    ],
    "translation": [
      1.76699972,
      0.7042397,
      -0.7517447
    ]
  },
  {
    "timeStamp": 17833,
    "rotation": [
      [
        0.994947553,
        0.009357548,
        -0.0999596938
      ],
      [
        0.100110248,
        -0.0173073653,
        0.99482584
      ],
      [
        0.00757910172,
        -0.999806464,
        -0.0181567073
      ]
    ],
    "translation": [
      1.77864575,
      0.7057356,
      -0.747942567
    ]
  },
  {
    "timeStamp": 17884,
    "rotation": [
      [
        0.995492,
        -0.00201591151,
        -0.09482451
      ],
      [
        0.0945415348,
        -0.05894432,
        0.993774354
      ],
      [
        -0.0075927265,
        -0.998259246,
        -0.0584880076
      ]
    ],
    "translation": [
      1.78106141,
      0.719420433,
      -0.743195951
    ]
  },
  {
    "timeStamp": 17940,
    "rotation": [
      [
        0.9986273,
        0.0131297465,
        -0.050706204
      ],
      [
        0.0520529374,
        -0.141000077,
        0.9886402
      ],
      [
        0.005831002,
        -0.9899225,
        -0.141489983
      ]
    ],
    "translation": [
      1.78024757,
      0.75163877,
      -0.7355818
    ]
  },
  {
    "timeStamp": 17984,
    "rotation": [
      [
        0.9997638,
        0.0216609668,
        -0.00177756906
      ],
      [
        0.006297313,
        -0.210428923,
        0.9775889
      ],
      [
        0.0208014678,
        -0.9773691,
        -0.210515618
      ]
    ],
    "translation": [
      1.78337848,
      0.7840675,
      -0.7302842
    ]
  },
  {
    "timeStamp": 18039,
    "rotation": [
      [
        0.9988329,
        0.008517987,
        0.0475425459
      ],
      [
        -0.0429867171,
        -0.2920351,
        0.955441058
      ],
      [
        0.02202253,
        -0.956369638,
        -0.291328132
      ]
    ],
    "translation": [
      1.79853487,
      0.827016532,
      -0.7224538
    ]
  },
  {
    "timeStamp": 18084,
    "rotation": [
      [
        0.997105,
        -0.0148769384,
        0.07456714
      ],
      [
        -0.07498985,
        -0.354572684,
        0.9320165
      ],
      [
        0.0125739155,
        -0.934910059,
        -0.354661822
      ]
    ],
    "translation": [
      1.819097,
      0.861659169,
      -0.714384437
    ]
  },
  {
    "timeStamp": 18139,
    "rotation": [
      [
        0.995087,
        -0.06347674,
        0.075977616
      ],
      [
        -0.09595112,
        -0.429204017,
        0.8980965
      ],
      [
        -0.0243983474,
        -0.9009743,
        -0.433186
      ]
    ],
    "translation": [
      1.85774875,
      0.903458,
      -0.701043
    ]
  },
  {
    "timeStamp": 18184,
    "rotation": [
      [
        0.992599964,
        -0.111143537,
        0.04891283
      ],
      [
        -0.0967883244,
        -0.4808964,
        0.8714188
      ],
      [
        -0.07333056,
        -0.8697044,
        -0.488095164
      ]
    ],
    "translation": [
      1.896451,
      0.9318277,
      -0.6878582
    ]
  },
  {
    "timeStamp": 18240,
    "rotation": [
      [
        0.987197936,
        -0.159417853,
        0.00511987228
      ],
      [
        -0.08852026,
        -0.520896137,
        0.8490179
      ],
      [
        -0.1326817,
        -0.838601947,
        -0.5283393
      ]
    ],
    "translation": [
      1.94769228,
      0.9579003,
      -0.6709723
    ]
  },
  {
    "timeStamp": 18285,
    "rotation": [
      [
        0.9808107,
        -0.187605485,
        -0.0530518
      ],
      [
        -0.05708275,
        -0.5365222,
        0.841953337
      ],
      [
        -0.186418533,
        -0.8227685,
        -0.5369358
      ]
    ],
    "translation": [
      1.99043262,
      0.968657732,
      -0.655842066
    ]
  },
  {
    "timeStamp": 18335,
    "rotation": [
      [
        0.9703863,
        -0.224492446,
        -0.08918218
      ],
      [
        -0.0384728573,
        -0.508116961,
        0.8604284
      ],
      [
        -0.238474652,
        -0.831516862,
        -0.5017066
      ]
    ],
    "translation": [
      2.038401,
      0.972497,
      -0.638038933
    ]
  },
  {
    "timeStamp": 18390,
    "rotation": [
      [
        0.9721583,
        -0.222592682,
        -0.0732169151
      ],
      [
        -0.0283535924,
        -0.421905518,
        0.906196356
      ],
      [
        -0.2326033,
        -0.8788904,
        -0.416470259
      ]
    ],
    "translation": [
      2.07375121,
      0.960810959,
      -0.6223433
    ]
  },
  {
    "timeStamp": 18435,
    "rotation": [
      [
        0.993001938,
        -0.08456685,
        -0.08243535
      ],
      [
        0.04749711,
        -0.353105158,
        0.9343772
      ],
      [
        -0.108125687,
        -0.9317538,
        -0.3466174
      ]
    ],
    "translation": [
      2.090643,
      0.9457536,
      -0.6152056
    ]
  },
  {
    "timeStamp": 18491,
    "rotation": [
      [
        0.9867711,
        0.157199308,
        -0.03963841
      ],
      [
        0.08865283,
        -0.318518072,
        0.9437621
      ],
      [
        0.1357332,
        -0.934791267,
        -0.3282406
      ]
    ],
    "translation": [
      2.10369277,
      0.9367624,
      -0.6123858
    ]
  },
  {
    "timeStamp": 18535,
    "rotation": [
      [
        0.9663853,
        0.256250918,
        -0.0208559763
      ],
      [
        0.096442394,
        -0.286117673,
        0.953328669
      ],
      [
        0.238324076,
        -0.923294246,
        -0.301213354
      ]
    ],
    "translation": [
      2.11498857,
      0.927488863,
      -0.605426133
    ]
  },
  {
    "timeStamp": 18590,
    "rotation": [
      [
        0.8950965,
        0.443772852,
        -0.0432197638
      ],
      [
        0.160149187,
        -0.229523748,
        0.960037053
      ],
      [
        0.4161184,
        -0.8662474,
        -0.276515782
      ]
    ],
    "translation": [
      2.12662888,
      0.9103434,
      -0.6003773
    ]
  },
  {
    "timeStamp": 18635,
    "rotation": [
      [
        0.81320256,
        0.5783613,
        -0.06480617
      ],
      [
        0.213941947,
        -0.193524763,
        0.9574847
      ],
      [
        0.54123044,
        -0.7924938,
        -0.281110555
      ]
    ],
    "translation": [
      2.13236,
      0.8972135,
      -0.596815944
    ]
  },
  {
    "timeStamp": 18690,
    "rotation": [
      [
        0.7760287,
        0.63039434,
        -0.01955706
      ],
      [
        0.153609022,
        -0.158839256,
        0.975281656
      ],
      [
        0.6117056,
        -0.7598507,
        -0.220098078
      ]
    ],
    "translation": [
      2.132045,
      0.8860379,
      -0.5938316
    ]
  },
  {
    "timeStamp": 18735,
    "rotation": [
      [
        0.732745469,
        0.6750951,
        -0.0856193453
      ],
      [
        0.188459486,
        -0.08041844,
        0.9787829
      ],
      [
        0.653886139,
        -0.7333345,
        -0.186154336
      ]
    ],
    "translation": [
      2.13601,
      0.87201184,
      -0.5911266
    ]
  },
  {
    "timeStamp": 18792,
    "rotation": [
      [
        0.6949435,
        0.7158628,
        -0.067778945
      ],
      [
        0.173471108,
        -0.075429745,
        0.9819461
      ],
      [
        0.697826147,
        -0.6941547,
        -0.176600933
      ]
    ],
    "translation": [
      2.13343048,
      0.86205864,
      -0.585972548
    ]
  },
  {
    "timeStamp": 18838,
    "rotation": [
      [
        0.6651358,
        0.744835138,
        -0.0530573279
      ],
      [
        0.159940049,
        -0.07270036,
        0.9844459
      ],
      [
        0.7293926,
        -0.6632762,
        -0.167484581
      ]
    ],
    "translation": [
      2.13066554,
      0.856367,
      -0.583050668
    ]
  },
  {
    "timeStamp": 18883,
    "rotation": [
      [
        0.615881741,
        0.784463763,
        -0.07284494
      ],
      [
        0.1671112,
        -0.039719414,
        0.985137641
      ],
      [
        0.7699114,
        -0.6189015,
        -0.155555129
      ]
    ],
    "translation": [
      2.12983632,
      0.8497544,
      -0.5829144
    ]
  },
  {
    "timeStamp": 18939,
    "rotation": [
      [
        0.5840664,
        0.8098961,
        -0.0541743934
      ],
      [
        0.1450938,
        -0.0385035649,
        0.988668442
      ],
      [
        0.7986328,
        -0.5853084,
        -0.139999524
      ]
    ],
    "translation": [
      2.125873,
      0.8449607,
      -0.582477868
    ]
  },
  {
    "timeStamp": 18984,
    "rotation": [
      [
        0.5482261,
        0.834414959,
        -0.0565665662
      ],
      [
        0.137277037,
        -0.023061676,
        0.9902642
      ],
      [
        0.8249867,
        -0.550654,
        -0.12718901
      ]
    ],
    "translation": [
      2.12431145,
      0.8420174,
      -0.58317107
    ]
  },
  {
    "timeStamp": 19040,
    "rotation": [
      [
        0.5039353,
        0.86149025,
        -0.06231909
      ],
      [
        0.139153853,
        -0.00976769347,
        0.9902226
      ],
      [
        0.852458358,
        -0.507680058,
        -0.124801986
      ]
    ],
    "translation": [
      2.123199,
      0.8372103,
      -0.584253669
    ]
  },
  {
    "timeStamp": 19084,
    "rotation": [
      [
        0.4891807,
        0.8707204,
        -0.0504804254
      ],
      [
        0.128702089,
        -0.0148194209,
        0.991572559
      ],
      [
        0.862634361,
        -0.4915551,
        -0.119312905
      ]
    ],
    "translation": [
      2.12154484,
      0.8345161,
      -0.5830798
    ]
  },
  {
    "timeStamp": 19140,
    "rotation": [
      [
        0.483728826,
        0.8733286,
        -0.0574761778
      ],
      [
        0.1352562,
        -0.009712321,
        0.990763068
      ],
      [
        0.864703536,
        -0.487034649,
        -0.122821242
      ]
    ],
    "translation": [
      2.12213,
      0.830097556,
      -0.579452157
    ]
  },
  {
    "timeStamp": 19184,
    "rotation": [
      [
        0.476503938,
        0.8775327,
        -0.0536680371
      ],
      [
        0.131794825,
        -0.0109444475,
        0.9912166
      ],
      [
        0.869237661,
        -0.479391783,
        -0.120869361
      ]
    ],
    "translation": [
      2.12120986,
      0.826467335,
      -0.578621745
    ]
  }
]