[
  {
    "timeStamp": 13123,
    "rotation": [
      [
        0.9999816,
        -0.0030940366,
        -0.005232788
      ],
      [
        0.005243325,
        0.00340737752,
        0.99998045
      ],
      [
        -0.003076147,
        -0.99998945,
        0.00342353759
      ]
    ],
    "translation": [
      1.30533755,
      0.7042369,
      -0.6200964
    ]
  },
  {
    "timeStamp": 13167,
    "rotation": [
      [
        0.9999742,
        -0.00312266522,
        0.00646721059
      ],
      [
        -0.00647545,
        -0.0026357912,
        0.999975562
      ],
      [
        -0.00310554379,
        -0.999991655,
        -0.002655944
      ]
    ],
    "translation": [
      1.30535984,
      0.7042846,
      -0.6200896
    ]
  },
  {
    "timeStamp": 13222,
    "rotation": [
      [
        0.999224,
        -0.00161032763,
        0.0393534154
      ],
      [
        -0.03936424,
        -0.007357931,
        0.999197841
      ],
      [
        -0.00131947757,
        -0.999971569,
        -0.0074156113
      ]
    ],
    "translation": [
      1.30560613,
      0.712394059,
      -0.622530758
    ]
  },
  {
    "timeStamp": 13266,
    "rotation": [
      [
        0.994912148,
        -0.0276933573,
        0.09686507
      ],
      [
        -0.09723922,
        -0.0124955531,
        0.9951826
      ],
      [
        -0.02634956,
        -0.999538362,
        -0.0151248574
      ]
    ],
    "translation": [
      1.31126392,
      0.7327413,
      -0.6247766
    ]
  },
  {
    "timeStamp": 13322,
    "rotation": [
      [
        0.986667,
        -0.0132401669,
        0.1622125
      ],
      [
        -0.162536547,
        -0.0288992915,
        0.986279249
      ],
      [
        -0.008370685,
        -0.9994946,
        -0.03066599
      ]
    ],
    "translation": [
      1.32093358,
      0.762391269,
      -0.6391213
    ]
  },
  {
    "timeStamp": 13366,
    "rotation": [
      [
        0.9794781,
        0.0359307677,
        0.1983223
      ],
      [
        -0.1964385,
        -0.0500320867,
        0.979238868
      ],
      [
        0.0451072678,
        -0.9981011,
        -0.041947145
      ]
    ],
    "translation": [
      1.33180308,
      0.7834084,
      -0.6615816
    ]
  },
  {
    "timeStamp": 13422,
    "rotation": [
      [
        0.9692332,
        0.104034379,
        0.2230784
      ],
      [
        -0.214284226,
        -0.0893193856,
        0.972678959
      ],
      [
        0.121117264,
        -0.990554869,
        -0.06427839
      ]
    ],
    "translation": [
      1.35179365,
      0.8042924,
      -0.6936797
    ]
  },
  {
    "timeStamp": 13466,
    "rotation": [
      [
        0.958113134,
        0.111280553,
        0.263886273
      ],
      [
        -0.255992681,
        -0.0803437158,
        0.963334143
      ],
      [
        0.12840195,
        -0.990536,
        -0.0484913625
      ]
    ],
    "translation": [
      1.372806,
      0.8226033,
      -0.714422345
    ]
  },
  {
    "timeStamp": 13522,
    "rotation": [
      [
        0.950238,
        0.117645986,
        0.288456768
      ],
      [
        -0.277734667,
        -0.09948711,
        0.955492437
      ],
      [
        0.141107574,
        -0.98805964,
        -0.06186206
      ]
    ],
    "translation": [
      1.40498292,
      0.847286046,
      -0.7331496
    ]
  },
  {
    "timeStamp": 13566,
    "rotation": [
      [
        0.9449404,
        0.07513841,
        0.318499625
      ],
      [
        -0.311912447,
        -0.08760215,
        0.9460637
      ],
      [
        0.09898697,
        -0.9933178,
        -0.0593422
      ]
    ],
    "translation": [
      1.43651009,
      0.8686227,
      -0.739546835
    ]
  },
  {
    "timeStamp": 13622,
    "rotation": [
      [
        0.945112348,
        0.0178289842,
        0.326258957
      ],
      [
        -0.321439266,
        -0.1284906,
        0.938172162
      ],
      [
        0.05864785,
        -0.9915505,
        -0.115707107
      ]
    ],
    "translation": [
      1.48306847,
      0.893478155,
      -0.736573637
    ]
  },
  {
    "timeStamp": 13666,
    "rotation": [
      [
        0.944828868,
        -0.05227927,
        0.323365569
      ],
      [
        -0.327563435,
        -0.1531313,
        0.9323374
      ],
      [
        0.0007754567,
        -0.986822,
        -0.161807656
      ]
    ],
    "translation": [
      1.52654779,
      0.9107483,
      -0.726596653
    ]
  },
  {
    "timeStamp": 13722,
    "rotation": [
      [
        0.9419347,
        -0.174698472,
        0.286774129
      ],
      [
        -0.3175275,
        -0.185536742,
        0.9299207
      ],
      [
        -0.1092486,
        -0.9669832,
        -0.23023507
      ]
    ],
    "translation": [
      1.59500647,
      0.927381158,
      -0.6987038
    ]
  },
  {
    "timeStamp": 13766,
    "rotation": [
      [
        0.9285992,
        -0.282713473,
        0.24036783
      ],
      [
        -0.30592972,
        -0.216636613,
        0.9270791
      ],
      [
        -0.2100253,
        -0.9344205,
        -0.287659019
      ]
    ],
    "translation": [
      1.65755677,
      0.9395616,
      -0.6740799
    ]
  },
  {
    "timeStamp": 13822,
    "rotation": [
      [
        0.8876867,
        -0.429252446,
        0.166597039
      ],
      [
        -0.2909065,
        -0.24237816,
        0.925541043
      ],
      [
        -0.356911272,
        -0.870054662,
        -0.3400282
      ]
    ],
    "translation": [
      1.74800944,
      0.953481138,
      -0.6418414
    ]
  },
  {
    "timeStamp": 13866,
    "rotation": [
      [
        0.8388328,
        -0.5333501,
        0.109073773
      ],
      [
        -0.2870666,
        -0.263123572,
        0.9210639
      ],
      [
        -0.462549627,
        -0.803930044,
        -0.3738237
      ]
    ],
    "translation": [
      1.82102776,
      0.9665561,
      -0.622252762
    ]
  },
  {
    "timeStamp": 13922,
    "rotation": [
      [
        0.7721087,
        -0.635305345,
        0.0153416647
      ],
      [
        -0.2714959,
        -0.3079387,
        0.91184634
      ],
      [
        -0.574576557,
        -0.708209634,
        -0.4102449
      ]
    ],
    "translation": [
      1.91391683,
      0.9816936,
      -0.605763555
    ]
  },
  {
    "timeStamp": 13966,
    "rotation": [
      [
        0.727080762,
        -0.6847314,
        -0.0499638133
      ],
      [
        -0.235829428,
        -0.317435682,
        0.91848737
      ],
      [
        -0.6447774,
        -0.6560316,
        -0.3922812
      ]
    ],
    "translation": [
      1.97772276,
      0.983996,
      -0.599977732
    ]
  },
  {
    "timeStamp": 14022,
    "rotation": [
      [
        0.666222036,
        -0.7444652,
        -0.04381558
      ],
      [
        -0.220537543,
        -0.252803415,
        0.9420476
      ],
      [
        -0.71239835,
        -0.6179499,
        -0.33260572
      ]
    ],
    "translation": [
      2.04185176,
      0.976517439,
      -0.5977904
    ]
  },
  {
    "timeStamp": 14066,
    "rotation": [
      [
        0.6622091,
        -0.747245,
        -0.05571325
      ],
      [
        -0.148448467,
        -0.203706041,
        0.9677122
      ],
      [
        -0.7344672,
        -0.632557333,
        -0.245823368
      ]
    ],
    "translation": [
      2.07380772,
      0.961343646,
      -0.59652704
    ]
  },
  {
    "timeStamp": 14118,
    "rotation": [
      [
        0.71696955,
        -0.6959979,
        -0.03926375
      ],
      [
        -0.09871219,
        -0.157120466,
        0.9826337
      ],
      [
        -0.690080166,
        -0.7006426,
        -0.181354061
      ]
    ],
    "translation": [
      2.08549929,
      0.9440469,
      -0.5942677
    ]
  },
  {
    "timeStamp": 14172,
    "rotation": [
      [
        0.748529136,
        -0.6625587,
        -0.0268346947
      ],
      [
        -0.07398439,
        -0.123663135,
        0.9895624
      ],
      [
        -0.6589616,
        -0.738730967,
        -0.141584456
      ]
    ],
    "translation": [
      2.08865047,
      0.931808949,
      -0.5891388
    ]
  },
  {
    "timeStamp": 14216,
    "rotation": [
      [
        0.7872142,
        -0.616030455,
        -0.0282872822
      ],
      [
        -0.0450984463,
        -0.103256725,
        0.99363184
      ],
      [
        -0.6150283,
        -0.780925453,
        -0.109067179
      ]
    ],
    "translation": [
      2.08436775,
      0.920191765,
      -0.583276868
    ]
  },
  {
    "timeStamp": 14272,
    "rotation": [
      [
        0.800042033,
        -0.598816037,
        -0.0367689468
      ],
      [
        -0.0312268715,
        -0.102767862,
        0.9942151
      ],
      [
        -0.59913063,
        -0.7942657,
        -0.100917771
      ]
    ],
    "translation": [
      2.08336735,
      0.911633432,
      -0.5722878
    ]
  },
  {
    "timeStamp": 14316,
    "rotation": [
      [
        0.8176327,
        -0.574074447,
        -0.04376502
      ],
      [
        -0.01492143,
        -0.0971189141,
        0.995160937
      ],
      [
        -0.575546861,
        -0.813023031,
        -0.0879736
      ]
    ],
    "translation": [
      2.08124256,
      0.9047488,
      -0.565129757
    ]
  },
  {
    "timeStamp": 14372,
    "rotation": [
      [
        0.8269127,
        -0.5612406,
        -0.0349894874
      ],
      [
        -0.00405425,
        -0.0681709647,
        0.9976654
      ],
      [
        -0.562315643,
        -0.824840367,
        -0.0586468428
      ]
    ],
    "translation": [
      2.07821918,
      0.8934771,
      -0.559282064
    ]
  },
  {
    "timeStamp": 14416,
    "rotation": [
      [
        0.8373214,
        -0.544175744,
        -0.0525895022
      ],
      [
        0.018435508,
        -0.0680336356,
        0.9975127
      ],
      [
        -0.5464,
        -0.8362082,
        -0.0469338633
      ]
    ],
    "translation": [
      2.07655787,
      0.885658741,
      -0.5553137
    ]
  },
  {
    "timeStamp": 14472,
    "rotation": [
      [
        0.836498559,
        -0.5463549,
        -0.0420300774
      ],
      [
        0.02216648,
        -0.04290035,
        0.9988334
      ],
      [
        -0.547520638,
        -0.836454332,
        -0.0237753168
      ]
    ],
    "translation": [
      2.07671213,
      0.8797852,
      -0.5527476
    ]
  },
  {
    "timeStamp": 14516,
    "rotation": [
      [
        0.8430384,
        -0.535074949,
        -0.05459927
      ],
      [
        0.03591508,
        -0.04528376,
        0.9983283
      ],
      [
        -0.5366529,
        -0.84359,
        -0.0189586878
      ]
    ],
    "translation": [
      2.07700539,
      0.876411438,
      -0.551412
    ]
  },
  {
    "timeStamp": 14562,
    "rotation": [
      [
        0.8578134,
        -0.5106968,
        -0.0578344055
      ],
      [
        0.04287646,
        -0.04102723,
        0.9982376
      ],
      [
        -0.5121696,
        -0.8587814,
        -0.0132968379
      ]
    ],
    "translation": [
      2.07724333,
      0.8755959,
      -0.5507478
    ]
  }
]