[
  {
    "timeStamp": 36200,
    "rotation": [
      [
        -0.538981438,
        0.480576962,
        0.691769361
      ],
      [
        0.7050551,
        0.7067479,
        0.0583501272
      ],
      [
        -0.460864782,
        0.5191851,
        -0.719757259
      ]
    ],
    "translation": [
      1.10487926,
      0.7039652,
      -0.732931137
    ]
  },
  {
    "timeStamp": 36244,
    "rotation": [
      [
        -0.5363708,
        0.537895143,
        0.6503655
      ],
      [
        0.6947423,
        0.7189333,
        -0.021635877
      ],
      [
        -0.479207218,
        0.440231562,
        -0.7593133
      ]
    ],
    "translation": [
      1.106149,
      0.7114605,
      -0.7228282
    ]
  },
  {
    "timeStamp": 36300,
    "rotation": [
      [
        -0.5023971,
        0.609369159,
        0.6134055
      ],
      [
        0.7389234,
        0.6709885,
        -0.0613733381
      ],
      [
        -0.448987067,
        0.4224259,
        -0.787379861
      ]
    ],
    "translation": [
      1.11228549,
      0.73250854,
      -0.7172538
    ]
  },
  {
    "timeStamp": 36344,
    "rotation": [
      [
        -0.4679135,
        0.63148576,
        0.618290067
      ],
      [
        0.7622384,
        0.642422736,
        -0.0792817846
      ],
      [
        -0.447268933,
        0.434187442,
        -0.781941
      ]
    ],
    "translation": [
      1.12692368,
      0.751867652,
      -0.7244399
    ]
  },
  {
    "timeStamp": 36400,
    "rotation": [
      [
        -0.433933258,
        0.647333562,
        0.626626849
      ],
      [
        0.784941852,
        0.613037348,
        -0.08973013
      ],
      [
        -0.442231,
        0.452928752,
        -0.774136543
      ]
    ],
    "translation": [
      1.15746546,
      0.7742888,
      -0.7371877
    ]
  },
  {
    "timeStamp": 36444,
    "rotation": [
      [
        -0.413923,
        0.6536707,
        0.6335475
      ],
      [
        0.797802031,
        0.5956515,
        -0.09333372
      ],
      [
        -0.438383043,
        0.4668125,
        -0.768053651
      ]
    ],
    "translation": [
      1.18929946,
      0.7902727,
      -0.747857332
    ]
  },
  {
    "timeStamp": 36500,
    "rotation": [
      [
        -0.404905647,
        0.652397335,
        0.640647352
      ],
      [
        0.807144761,
        0.584230065,
        -0.08480902
      ],
      [
        -0.429614633,
        0.4827555,
        -0.7631371
      ]
    ],
    "translation": [
      1.23625708,
      0.806814849,
      -0.76234144
    ]
  },
  {
    "timeStamp": 36545,
    "rotation": [
      [
        -0.405533284,
        0.649167061,
        0.643525362
      ],
      [
        0.806827962,
        0.585098147,
        -0.08178522
      ],
      [
        -0.429617733,
        0.4860476,
        -0.761042953
      ]
    ],
    "translation": [
      1.27807117,
      0.818238139,
      -0.7715882
    ]
  },
  {
    "timeStamp": 36600,
    "rotation": [
      [
        -0.433156669,
        0.6654121,
        0.607949
      ],
      [
        0.8042103,
        0.5898876,
        -0.07265298
      ],
      [
        -0.406965733,
        0.457448721,
        -0.790645
      ]
    ],
    "translation": [
      1.33385825,
      0.8296556,
      -0.7746848
    ]
  },
  {
    "timeStamp": 36644,
    "rotation": [
      [
        -0.469604582,
        0.68985647,
        0.5509715
      ],
      [
        0.804758668,
        0.5911212,
        -0.054214105
      ],
      [
        -0.3630909,
        0.417939931,
        -0.832761168
      ]
    ],
    "translation": [
      1.38054371,
      0.8363277,
      -0.771078765
    ]
  },
  {
    "timeStamp": 36700,
    "rotation": [
      [
        -0.522293,
        0.723401368,
        0.451553464
      ],
      [
        0.794367,
        0.6053018,
        -0.050899446
      ],
      [
        -0.310146868,
        0.332114756,
        -0.890791059
      ]
    ],
    "translation": [
      1.44072986,
      0.8452581,
      -0.7601279
    ]
  },
  {
    "timeStamp": 36744,
    "rotation": [
      [
        -0.5565523,
        0.759911,
        0.335834533
      ],
      [
        0.792169034,
        0.607225358,
        -0.0612018928
      ],
      [
        -0.250435233,
        0.23197566,
        -0.9399306
      ]
    ],
    "translation": [
      1.49221981,
      0.856449962,
      -0.745573759
    ]
  },
  {
    "timeStamp": 36800,
    "rotation": [
      [
        -0.588343263,
        0.7953334,
        0.1459352
      ],
      [
        0.7930345,
        0.60278827,
        -0.08799215
      ],
      [
        -0.157951117,
        0.06396204,
        -0.9853732
      ]
    ],
    "translation": [
      1.56435883,
      0.8760243,
      -0.7236742
    ]
  },
  {
    "timeStamp": 36844,
    "rotation": [
      [
        -0.5940251,
        0.8040229,
        -0.0261013489
      ],
      [
        0.8009134,
        0.5880672,
        -0.112759665
      ],
      [
        -0.07531201,
        -0.08788699,
        -0.9932794
      ]
    ],
    "translation": [
      1.6283288,
      0.8951313,
      -0.708946168
    ]
  },
  {
    "timeStamp": 36900,
    "rotation": [
      [
        -0.5900757,
        0.7722641,
        -0.235412166
      ],
      [
        0.8073259,
        0.5665723,
        -0.164986879
      ],
      [
        0.00596457161,
        -0.2874091,
        -0.957789361
      ]
    ],
    "translation": [
      1.713911,
      0.92283535,
      -0.6972547
    ]
  },
  {
    "timeStamp": 36944,
    "rotation": [
      [
        -0.582432866,
        0.714489,
        -0.3876563
      ],
      [
        0.8103195,
        0.548137367,
        -0.207190216
      ],
      [
        0.06445377,
        -0.43479982,
        -0.898217559
      ]
    ],
    "translation": [
      1.78573537,
      0.9440377,
      -0.6946096
    ]
  },
  {
    "timeStamp": 37000,
    "rotation": [
      [
        -0.569522858,
        0.612611949,
        -0.548042238
      ],
      [
        0.8104477,
        0.52978003,
        -0.250015259
      ],
      [
        0.137179524,
        -0.586549044,
        -0.798211753
      ]
    ],
    "translation": [
      1.87588584,
      0.965412438,
      -0.6997649
    ]
  },
  {
    "timeStamp": 37044,
    "rotation": [
      [
        -0.5562383,
        0.5271523,
        -0.6424246
      ],
      [
        0.8096382,
        0.518008769,
        -0.275958061
      ],
      [
        0.187309653,
        -0.67362994,
        -0.714939
      ]
    ],
    "translation": [
      1.94222713,
      0.97757715,
      -0.707543969
    ]
  },
  {
    "timeStamp": 37100,
    "rotation": [
      [
        -0.5568785,
        0.42405498,
        -0.714187443
      ],
      [
        0.7964194,
        0.5167211,
        -0.314190179
      ],
      [
        0.235801831,
        -0.74375844,
        -0.6254765
      ]
    ],
    "translation": [
      2.01572585,
      0.9858857,
      -0.7171122
    ]
  },
  {
    "timeStamp": 37144,
    "rotation": [
      [
        -0.54317975,
        0.360431075,
        -0.758317351
      ],
      [
        0.787570357,
        0.531763852,
        -0.3113842
      ],
      [
        0.2910132,
        -0.7663658,
        -0.5727082
      ]
    ],
    "translation": [
      2.066349,
      0.980267167,
      -0.723456
    ]
  },
  {
    "timeStamp": 37200,
    "rotation": [
      [
        -0.480633944,
        0.358156323,
        -0.800446749
      ],
      [
        0.8020933,
        0.5485047,
        -0.236196667
      ],
      [
        0.3544535,
        -0.7555571,
        -0.5509048
      ]
    ],
    "translation": [
      2.10926151,
      0.958606362,
      -0.725383639
    ]
  },
  {
    "timeStamp": 37250,
    "rotation": [
      [
        -0.408029556,
        0.436260462,
        -0.801990449
      ],
      [
        0.8309802,
        0.5412984,
        -0.128327459
      ],
      [
        0.378131956,
        -0.7187996,
        -0.5833895
      ]
    ],
    "translation": [
      2.11979342,
      0.9343092,
      -0.7204982
    ]
  },
  {
    "timeStamp": 37295,
    "rotation": [
      [
        -0.279760122,
        0.4860894,
        -0.8279199
      ],
      [
        0.8897205,
        0.455287,
        -0.033334285
      ],
      [
        0.360737741,
        -0.74594295,
        -0.559854865
      ]
    ],
    "translation": [
      2.13126063,
      0.91744864,
      -0.7117104
    ]
  },
  {
    "timeStamp": 37350,
    "rotation": [
      [
        -0.334923029,
        0.488627017,
        -0.8056489
      ],
      [
        0.8622914,
        0.5036294,
        -0.05301851
      ],
      [
        0.379842222,
        -0.7124613,
        -0.590015948
      ]
    ],
    "translation": [
      2.13959479,
      0.9041775,
      -0.7044733
    ]
  },
  {
    "timeStamp": 37394,
    "rotation": [
      [
        -0.3373342,
        0.500444531,
        -0.7973462
      ],
      [
        0.857645154,
        0.5125952,
        -0.0411209166
      ],
      [
        0.388137072,
        -0.697711647,
        -0.6021197
      ]
    ],
    "translation": [
      2.141303,
      0.8943094,
      -0.697574735
    ]
  },
  {
    "timeStamp": 37450,
    "rotation": [
      [
        -0.379634321,
        0.495209217,
        -0.7814382
      ],
      [
        0.832380056,
        0.5514792,
        -0.0549018681
      ],
      [
        0.403759,
        -0.6712961,
        -0.62156266
      ]
    ],
    "translation": [
      2.14612317,
      0.883536458,
      -0.690742731
    ]
  },
  {
    "timeStamp": 37494,
    "rotation": [
      [
        -0.405805558,
        0.504991949,
        -0.7617775
      ],
      [
        0.8193831,
        0.5702575,
        -0.0584616363
      ],
      [
        0.404886723,
        -0.647911668,
        -0.6451955
      ]
    ],
    "translation": [
      2.14770246,
      0.8755205,
      -0.6857518
    ]
  },
  {
    "timeStamp": 37550,
    "rotation": [
      [
        -0.398845136,
        0.5151334,
        -0.7586568
      ],
      [
        0.825022757,
        0.5627357,
        -0.0516338646
      ],
      [
        0.4003249,
        -0.646503031,
        -0.6494412
      ]
    ],
    "translation": [
      2.15083265,
      0.870552957,
      -0.679746
    ]
  }
]