[
  {
    "timeStamp": 22162,
    "rotation": [
      [
        0.729461849,
        0.385473579,
        0.565062463
      ],
      [
        0.10095457,
        0.7563706,
        -0.6463062
      ],
      [
        -0.6765306,
        0.528501332,
        0.5128281
      ]
    ],
    "translation": [
      1.61270154,
      0.769797564,
      -0.671006143
    ]
  },
  {
    "timeStamp": 22207,
    "rotation": [
      [
        0.7122227,
        0.452173,
        0.53691566
      ],
      [
        0.07109471,
        0.7144879,
        -0.696026266
      ],
      [
        -0.698344,
        0.5338975,
        0.4767274
      ]
    ],
    "translation": [
      1.61771846,
      0.772744536,
      -0.6684049
    ]
  },
  {
    "timeStamp": 22262,
    "rotation": [
      [
        0.6893023,
        0.442166358,
        0.5738913
      ],
      [
        0.004050986,
        0.7897843,
        -0.613371253
      ],
      [
        -0.7244625,
        0.425123036,
        0.542609
      ]
    ],
    "translation": [
      1.62827063,
      0.7902135,
      -0.6580381
    ]
  },
  {
    "timeStamp": 22307,
    "rotation": [
      [
        0.661338866,
        0.496709019,
        0.5620596
      ],
      [
        -0.0697029456,
        0.786779463,
        -0.61328584
      ],
      [
        -0.7468416,
        0.36641255,
        0.5549499
      ]
    ],
    "translation": [
      1.63700318,
      0.813958168,
      -0.654096365
    ]
  },
  {
    "timeStamp": 22362,
    "rotation": [
      [
        0.624252856,
        0.5589562,
        0.54578054
      ],
      [
        -0.153174266,
        0.7726373,
        -0.6160919
      ],
      [
        -0.766058743,
        0.300997585,
        0.5679388
      ]
    ],
    "translation": [
      1.65217459,
      0.8456189,
      -0.6512758
    ]
  },
  {
    "timeStamp": 22406,
    "rotation": [
      [
        0.5813185,
        0.6033812,
        0.545893669
      ],
      [
        -0.2053013,
        0.7579578,
        -0.6191537
      ],
      [
        -0.7873501,
        0.247852817,
        0.564489841
      ]
    ],
    "translation": [
      1.67195666,
      0.8685003,
      -0.652653635
    ]
  },
  {
    "timeStamp": 22452,
    "rotation": [
      [
        0.5474564,
        0.6368279,
        0.5429012
      ],
      [
        -0.251170635,
        0.7438881,
        -0.6193092
      ],
      [
        -0.7982511,
        0.202683926,
        0.5671987
      ]
    ],
    "translation": [
      1.6924634,
      0.889954269,
      -0.6555166
    ]
  },
  {
    "timeStamp": 22507,
    "rotation": [
      [
        0.492103726,
        0.68006283,
        0.543459654
      ],
      [
        -0.304255724,
        0.7192711,
        -0.624561846
      ],
      [
        -0.815636158,
        0.1419985,
        0.560869
      ]
    ],
    "translation": [
      1.724115,
      0.914664268,
      -0.6623507
    ]
  },
  {
    "timeStamp": 22551,
    "rotation": [
      [
        0.4525686,
        0.712038159,
        0.536827
      ],
      [
        -0.3384878,
        0.694121957,
        -0.6353115
      ],
      [
        -0.8249895,
        0.1058126,
        0.555154
      ]
    ],
    "translation": [
      1.74960542,
      0.9323201,
      -0.669293761
    ]
  },
  {
    "timeStamp": 22606,
    "rotation": [
      [
        0.413040072,
        0.7260981,
        0.5497085
      ],
      [
        -0.375561446,
        0.685690343,
        -0.6235241
      ],
      [
        -0.829669535,
        0.0510911234,
        0.555912
      ]
    ],
    "translation": [
      1.78269529,
      0.9513011,
      -0.6806753
    ]
  },
  {
    "timeStamp": 22662,
    "rotation": [
      [
        0.348915726,
        0.7511162,
        0.560430467
      ],
      [
        -0.420901954,
        0.6599044,
        -0.6223887
      ],
      [
        -0.837316751,
        -0.0187250581,
        0.546397269
      ]
    ],
    "translation": [
      1.819863,
      0.9708324,
      -0.690711737
    ]
  },
  {
    "timeStamp": 22707,
    "rotation": [
      [
        0.302821457,
        0.7489522,
        0.58938086
      ],
      [
        -0.4483648,
        0.6576615,
        -0.605351448
      ],
      [
        -0.840992451,
        -0.08094423,
        0.534957767
      ]
    ],
    "translation": [
      1.85257673,
      0.984820366,
      -0.6988323
    ]
  },
  {
    "timeStamp": 22762,
    "rotation": [
      [
        0.223632574,
        0.740359843,
        0.633920968
      ],
      [
        -0.478584975,
        0.649998665,
        -0.5903034
      ],
      [
        -0.849084735,
        -0.171373978,
        0.499685973
      ]
    ],
    "translation": [
      1.89987552,
      1.00001764,
      -0.7066975
    ]
  },
  {
    "timeStamp": 22807,
    "rotation": [
      [
        0.151735961,
        0.721860051,
        0.675199449
      ],
      [
        -0.494191676,
        0.6470029,
        -0.5806564
      ],
      [
        -0.856008649,
        -0.245571464,
        0.4549108
      ]
    ],
    "translation": [
      1.94000828,
      1.00877273,
      -0.7137092
    ]
  },
  {
    "timeStamp": 22862,
    "rotation": [
      [
        0.08437435,
        0.679139137,
        0.729144037
      ],
      [
        -0.489826262,
        0.665504158,
        -0.5631825
      ],
      [
        -0.867727637,
        -0.309635729,
        0.388811678
      ]
    ],
    "translation": [
      1.99011171,
      1.01238883,
      -0.721898139
    ]
  },
  {
    "timeStamp": 22906,
    "rotation": [
      [
        0.0270180162,
        0.661722362,
        0.749262035
      ],
      [
        -0.490046859,
        0.662059546,
        -0.5670373
      ],
      [
        -0.8712773,
        -0.351853251,
        0.3421625
      ]
    ],
    "translation": [
      2.02591753,
      1.01178026,
      -0.728798449
    ]
  },
  {
    "timeStamp": 22958,
    "rotation": [
      [
        -0.021505978,
        0.6400699,
        0.7680157
      ],
      [
        -0.4804838,
        0.667044461,
        -0.569374263
      ],
      [
        -0.8767399,
        -0.381264031,
        0.293197781
      ]
    ],
    "translation": [
      2.0583837,
      1.00780249,
      -0.735684037
    ]
  },
  {
    "timeStamp": 23012,
    "rotation": [
      [
        -0.0568387248,
        0.611168265,
        0.789457262
      ],
      [
        -0.46186617,
        0.6849381,
        -0.5635065
      ],
      [
        -0.885126531,
        -0.39665255,
        0.24334693
      ]
    ],
    "translation": [
      2.09652829,
      0.9983675,
      -0.743890762
    ]
  },
  {
    "timeStamp": 23057,
    "rotation": [
      [
        -0.0815666541,
        0.604863346,
        0.792140961
      ],
      [
        -0.451512218,
        0.6861289,
        -0.570406735
      ],
      [
        -0.888528943,
        -0.4041875,
        0.217137933
      ]
    ],
    "translation": [
      2.11639738,
      0.991756558,
      -0.747826338
    ]
  },
  {
    "timeStamp": 23112,
    "rotation": [
      [
        -0.09468045,
        0.598611355,
        0.7954244
      ],
      [
        -0.4364721,
        0.693159759,
        -0.573604047
      ],
      [
        -0.894722164,
        -0.401489675,
        0.195648462
      ]
    ],
    "translation": [
      2.13560581,
      0.9843395,
      -0.749914348
    ]
  },
  {
    "timeStamp": 23157,
    "rotation": [
      [
        -0.104678795,
        0.606169939,
        0.7884163
      ],
      [
        -0.425751179,
        0.689137,
        -0.5863669
      ],
      [
        -0.898764849,
        -0.397049367,
        0.185939535
      ]
    ],
    "translation": [
      2.14623427,
      0.97923255,
      -0.74859345
    ]
  },
  {
    "timeStamp": 23212,
    "rotation": [
      [
        -0.08275893,
        0.60996,
        0.7880989
      ],
      [
        -0.419781327,
        0.695894539,
        -0.582678735
      ],
      [
        -0.903844357,
        -0.379051059,
        0.198458329
      ]
    ],
    "translation": [
      2.15299582,
      0.9757824,
      -0.743025362
    ]
  },
  {
    "timeStamp": 23257,
    "rotation": [
      [
        -0.06953303,
        0.618196368,
        0.7829421
      ],
      [
        -0.406077772,
        0.6993344,
        -0.588245034
      ],
      [
        -0.9111893,
        -0.358837843,
        0.202408969
      ]
    ],
    "translation": [
      2.15690422,
      0.972049057,
      -0.739605546
    ]
  },
  {
    "timeStamp": 23312,
    "rotation": [
      [
        -0.06680467,
        0.6258284,
        0.777094543
      ],
      [
        -0.389635921,
        0.7006315,
        -0.59774524
      ],
      [
        -0.9185428,
        -0.342716128,
        0.197039753
      ]
    ],
    "translation": [
      2.16173744,
      0.9651537,
      -0.7372586
    ]
  },
  {
    "timeStamp": 23356,
    "rotation": [
      [
        -0.04593428,
        0.6470713,
        0.761044562
      ],
      [
        -0.346493363,
        0.7042304,
        -0.619678855
      ],
      [
        -0.93692714,
        -0.292161375,
        0.191857591
      ]
    ],
    "translation": [
      2.16047144,
      0.954476655,
      -0.736489356
    ]
  },
  {
    "timeStamp": 23401,
    "rotation": [
      [
        -0.008154542,
        0.6895529,
        0.7241894
      ],
      [
        -0.254385352,
        0.6989569,
        -0.668391645
      ],
      [
        -0.967068553,
        -0.189673588,
        0.169712469
      ]
    ],
    "translation": [
      2.1513555,
      0.933832049,
      -0.7391799
    ]
  },
  {
    "timeStamp": 23458,
    "rotation": [
      [
        0.05367119,
        0.7221125,
        0.6896906
      ],
      [
        -0.21548453,
        0.682788134,
        -0.69811666
      ],
      [
        -0.975031257,
        -0.111148886,
        0.1922501
      ]
    ],
    "translation": [
      2.13788438,
      0.91423583,
      -0.7405824
    ]
  },
  {
    "timeStamp": 23505,
    "rotation": [
      [
        0.07262322,
        0.7325912,
        0.676783562
      ],
      [
        -0.206498533,
        0.6749162,
        -0.7084112
      ],
      [
        -0.975748062,
        -0.08830771,
        0.2002936
      ]
    ],
    "translation": [
      2.132112,
      0.900025249,
      -0.741453648
    ]
  },
  {
    "timeStamp": 23561,
    "rotation": [
      [
        0.112516433,
        0.7201112,
        0.6846751
      ],
      [
        -0.176908329,
        0.692559659,
        -0.6993315
      ],
      [
        -0.977774739,
        -0.0424384326,
        0.205318
      ]
    ],
    "translation": [
      2.12584853,
      0.880880952,
      -0.74130553
    ]
  },
  {
    "timeStamp": 23606,
    "rotation": [
      [
        0.129228726,
        0.7170091,
        0.684980154
      ],
      [
        -0.16281803,
        0.696739852,
        -0.698601365
      ],
      [
        -0.9781565,
        -0.0212477539,
        0.2067808
      ]
    ],
    "translation": [
      2.124219,
      0.8676999,
      -0.7382341
    ]
  },
  {
    "timeStamp": 23661,
    "rotation": [
      [
        0.126868308,
        0.7117136,
        0.6909183
      ],
      [
        -0.1586479,
        0.7021392,
        -0.6941408
      ],
      [
        -0.9791503,
        -0.0215482656,
        0.201991066
      ]
    ],
    "translation": [
      2.12641883,
      0.855307162,
      -0.7329672
    ]
  },
  {
    "timeStamp": 23706,
    "rotation": [
      [
        0.127340019,
        0.7034996,
        0.6991944
      ],
      [
        -0.151826322,
        0.7104509,
        -0.6871742
      ],
      [
        -0.9801701,
        -0.018651329,
        0.197278574
      ]
    ],
    "translation": [
      2.12939978,
      0.8463851,
      -0.727722466
    ]
  },
  {
    "timeStamp": 23761,
    "rotation": [
      [
        0.123444542,
        0.704421341,
        0.698964953
      ],
      [
        -0.141018659,
        0.7096564,
        -0.690290868
      ],
      [
        -0.9822806,
        -0.0133544663,
        0.186939761
      ]
    ],
    "translation": [
      2.13221765,
      0.8363233,
      -0.721832037
    ]
  },
  {
    "timeStamp": 23806,
    "rotation": [
      [
        0.149558023,
        0.6895348,
        0.708642542
      ],
      [
        -0.13406615,
        0.7242265,
        -0.676404
      ],
      [
        -0.9796217,
        0.00615667272,
        0.200757146
      ]
    ],
    "translation": [
      2.131533,
      0.830395937,
      -0.716763556
    ]
  },
  {
    "timeStamp": 23861,
    "rotation": [
      [
        0.141151026,
        0.6879607,
        0.7118893
      ],
      [
        -0.133207753,
        0.725747764,
        -0.674941361
      ],
      [
        -0.9809852,
        0.000439478841,
        0.194081739
      ]
    ],
    "translation": [
      2.13373852,
      0.8261304,
      -0.710654259
    ]
  },
  {
    "timeStamp": 23906,
    "rotation": [
      [
        0.131770208,
        0.6899607,
        0.711751938
      ],
      [
        -0.135582015,
        0.7238094,
        -0.6765481
      ],
      [
        -0.9819644,
        -0.007351875,
        0.1889228
      ]
    ],
    "translation": [
      2.135582,
      0.8241529,
      -0.706423044
    ]
  },
  {
    "timeStamp": 23961,
    "rotation": [
      [
        0.1488603,
        0.6764053,
        0.7213296
      ],
      [
        -0.131136283,
        0.736517668,
        -0.663584948
      ],
      [
        -0.9801244,
        0.004188965,
        0.198339537
      ]
    ],
    "translation": [
      2.13461947,
      0.819330454,
      -0.702120066
    ]
  }
]