[
  {
    "timeStamp": 41698,
    "rotation": [
      [
        0.9960444,
        -0.07029572,
        -0.0543519855
      ],
      [
        0.07045584,
        0.997514367,
        0.00103313115
      ],
      [
        0.0541442633,
        -0.00485845935,
        0.9985213
      ]
    ],
    "translation": [
      1.77023685,
      0.697491169,
      -0.7558568
    ]
  },
  {
    "timeStamp": 41743,
    "rotation": [
      [
        0.9971511,
        -0.05272842,
        -0.053939227
      ],
      [
        0.0531931967,
        0.998558164,
        0.007216693
      ],
      [
        0.05348093,
        -0.010065333,
        0.998518169
      ]
    ],
    "translation": [
      1.77023327,
      0.699614465,
      -0.7559629
    ]
  },
  {
    "timeStamp": 41798,
    "rotation": [
      [
        0.9978674,
        -0.06293005,
        -0.017332809
      ],
      [
        0.0624891445,
        0.9977349,
        -0.024902299
      ],
      [
        0.018860653,
        0.02376608,
        0.9995396
      ]
    ],
    "translation": [
      1.77569735,
      0.7112384,
      -0.7716114
    ]
  },
  {
    "timeStamp": 41843,
    "rotation": [
      [
        0.9991944,
        -0.0393845,
        0.00770163862
      ],
      [
        0.0394097939,
        0.9992181,
        -0.003160565
      ],
      [
        -0.00757114,
        0.00346153881,
        0.9999653
      ]
    ],
    "translation": [
      1.78220153,
      0.732060969,
      -0.777878463
    ]
  },
  {
    "timeStamp": 41898,
    "rotation": [
      [
        0.9998099,
        0.018992167,
        0.004404962
      ],
      [
        -0.0186954737,
        0.9980405,
        -0.0597127266
      ],
      [
        -0.005530405,
        0.0596190244,
        0.9982059
      ]
    ],
    "translation": [
      1.78809857,
      0.7513039,
      -0.7995739
    ]
  },
  {
    "timeStamp": 41943,
    "rotation": [
      [
        0.9980459,
        0.0598816127,
        0.0178491455
      ],
      [
        -0.0582040064,
        0.994843364,
        -0.08306029
      ],
      [
        -0.0227308869,
        0.08185909,
        0.9963847
      ]
    ],
    "translation": [
      1.79740548,
      0.7683076,
      -0.816000044
    ]
  },
  {
    "timeStamp": 41997,
    "rotation": [
      [
        0.9950697,
        0.09142827,
        0.0384338647
      ],
      [
        -0.08742548,
        0.9915954,
        -0.095369406
      ],
      [
        -0.046830304,
        0.09153911,
        0.9946997
      ]
    ],
    "translation": [
      1.81635082,
      0.789593458,
      -0.8288789
    ]
  },
  {
    "timeStamp": 42042,
    "rotation": [
      [
        0.98924613,
        0.1336359,
        0.0594433546
      ],
      [
        -0.1288662,
        0.9885963,
        -0.0779156461
      ],
      [
        -0.06917781,
        0.0694175139,
        0.995186269
      ]
    ],
    "translation": [
      1.83143139,
      0.810083151,
      -0.8330338
    ]
  },
  {
    "timeStamp": 42097,
    "rotation": [
      [
        0.9837949,
        0.151648775,
        0.09565668
      ],
      [
        -0.152685732,
        0.9882683,
        0.00357275829
      ],
      [
        -0.09399266,
        -0.01812027,
        0.995407939
      ]
    ],
    "translation": [
      1.86167932,
      0.84259,
      -0.8259781
    ]
  },
  {
    "timeStamp": 42143,
    "rotation": [
      [
        0.972452164,
        0.165970266,
        0.163678631
      ],
      [
        -0.188416779,
        0.973079443,
        0.132723764
      ],
      [
        -0.13724412,
        -0.159907311,
        0.9775447
      ]
    ],
    "translation": [
      1.89555418,
      0.876875341,
      -0.8057277
    ]
  },
  {
    "timeStamp": 42197,
    "rotation": [
      [
        0.964112,
        0.141637564,
        0.224559084
      ],
      [
        -0.214116335,
        0.9148998,
        0.342217058
      ],
      [
        -0.156978279,
        -0.378017336,
        0.9123928
      ]
    ],
    "translation": [
      1.94691277,
      0.9283867,
      -0.780580163
    ]
  },
  {
    "timeStamp": 42242,
    "rotation": [
      [
        0.9765446,
        0.05025174,
        0.2093691
      ],
      [
        -0.151113421,
        0.852632642,
        0.5001823
      ],
      [
        -0.1533799,
        -0.5200888,
        0.8402275
      ]
    ],
    "translation": [
      1.996393,
      0.9690463,
      -0.7590726
    ]
  },
  {
    "timeStamp": 42297,
    "rotation": [
      [
        0.9740258,
        -0.00193253963,
        0.22642915
      ],
      [
        -0.14041236,
        0.7793447,
        0.6106606
      ],
      [
        -0.177646458,
        -0.626592636,
        0.758830369
      ]
    ],
    "translation": [
      2.05326462,
      1.00293124,
      -0.7430728
    ]
  },
  {
    "timeStamp": 42342,
    "rotation": [
      [
        0.978485763,
        -0.0833603,
        0.1887239
      ],
      [
        -0.05215519,
        0.7850855,
        0.6171877
      ],
      [
        -0.199613333,
        -0.613752246,
        0.7638473
      ]
    ],
    "translation": [
      2.10078025,
      1.00654209,
      -0.733262658
    ]
  },
  {
    "timeStamp": 42397,
    "rotation": [
      [
        0.9811798,
        -0.140216216,
        0.132761538
      ],
      [
        0.04098222,
        0.823091567,
        0.566428065
      ],
      [
        -0.1886973,
        -0.5503269,
        0.8133472
      ]
    ],
    "translation": [
      2.146604,
      0.9887222,
      -0.723340154
    ]
  },
  {
    "timeStamp": 42442,
    "rotation": [
      [
        0.9784843,
        -0.18216823,
        0.09686708
      ],
      [
        0.107772782,
        0.8516341,
        0.51293695
      ],
      [
        -0.175936118,
        -0.4914611,
        0.8529434
      ]
    ],
    "translation": [
      2.180605,
      0.9635233,
      -0.720345259
    ]
  },
  {
    "timeStamp": 42497,
    "rotation": [
      [
        0.976378,
        -0.1984232,
        0.08552311
      ],
      [
        0.14061,
        0.884032547,
        0.4457749
      ],
      [
        -0.1640573,
        -0.4232194,
        0.89105016
      ]
    ],
    "translation": [
      2.212464,
      0.9311708,
      -0.7196671
    ]
  },
  {
    "timeStamp": 42547,
    "rotation": [
      [
        0.9682894,
        -0.247237369,
        0.03590833
      ],
      [
        0.213879332,
        0.894622862,
        0.392308027
      ],
      [
        -0.129117623,
        -0.372187644,
        0.9191327
      ]
    ],
    "translation": [
      2.23308635,
      0.910160065,
      -0.721295
    ]
  },
  {
    "timeStamp": 42594,
    "rotation": [
      [
        0.9737149,
        -0.225900054,
        0.0291273743
      ],
      [
        0.20063,
        0.911188543,
        0.359837562
      ],
      [
        -0.10782785,
        -0.344535381,
        0.9325602
      ]
    ],
    "translation": [
      2.24441266,
      0.8898012,
      -0.7226776
    ]
  },
  {
    "timeStamp": 42648,
    "rotation": [
      [
        0.9757647,
        -0.218804121,
        0.002840493
      ],
      [
        0.20590204,
        0.922467053,
        0.326586753
      ],
      [
        -0.07407879,
        -0.318086952,
        0.945162952
      ]
    ],
    "translation": [
      2.24807143,
      0.8742203,
      -0.7236511
    ]
  },
  {
    "timeStamp": 42692,
    "rotation": [
      [
        0.969135046,
        -0.246383533,
        -0.008512796
      ],
      [
        0.2360767,
        0.917537868,
        0.319987535
      ],
      [
        -0.07102884,
        -0.3121208,
        0.9473835
      ]
    ],
    "translation": [
      2.25449252,
      0.867029846,
      -0.723527968
    ]
  }
]