[
  {
    "timeStamp": 134708,
    "rotation": [
      [
        0.9986564,
        0.00314384932,
        -0.05172473
      ],
      [
        0.0518183336,
        -0.0521522127,
        0.99729383
      ],
      [
        0.00043777065,
        -0.99863416,
        -0.05224505
      ]
    ],
    "translation": [
      1.15377307,
      0.699822247,
      -0.7494269
    ]
  },
  {
    "timeStamp": 134763,
    "rotation": [
      [
        0.9986106,
        -0.0203246139,
        -0.04861855
      ],
      [
        0.0477325059,
        -0.0420162119,
        0.997976065
      ],
      [
        -0.0223262552,
        -0.9989102,
        -0.0409876928
      ]
    ],
    "translation": [
      1.15380681,
      0.702376842,
      -0.7499421
    ]
  },
  {
    "timeStamp": 134810,
    "rotation": [
      [
        0.996337,
        -0.048672013,
        -0.0703109652
      ],
      [
        0.0676600263,
        -0.0541247651,
        0.996239245
      ],
      [
        -0.05229453,
        -0.997347236,
        -0.050633356
      ]
    ],
    "translation": [
      1.15453017,
      0.7033193,
      -0.7506518
    ]
  },
  {
    "timeStamp": 134864,
    "rotation": [
      [
        0.988584936,
        -0.0417306237,
        -0.144770235
      ],
      [
        0.142653361,
        -0.0499019362,
        0.988513947
      ],
      [
        -0.0484756157,
        -0.997881949,
        -0.04337929
      ]
    ],
    "translation": [
      1.16160488,
      0.7049799,
      -0.7520262
    ]
  },
  {
    "timeStamp": 134907,
    "rotation": [
      [
        0.9834595,
        -0.005375391,
        -0.181048647
      ],
      [
        0.180439577,
        -0.058017198,
        0.9818735
      ],
      [
        -0.0157818813,
        -0.9983011,
        -0.056087628
      ]
    ],
    "translation": [
      1.16809165,
      0.7087162,
      -0.7539722
    ]
  },
  {
    "timeStamp": 134963,
    "rotation": [
      [
        0.9864578,
        -0.0196023062,
        -0.1628395
      ],
      [
        0.16166909,
        -0.05111278,
        0.9855205
      ],
      [
        -0.0276416447,
        -0.998500466,
        -0.0472515151
      ]
    ],
    "translation": [
      1.16780818,
      0.719344437,
      -0.7526766
    ]
  },
  {
    "timeStamp": 135007,
    "rotation": [
      [
        0.989193738,
        -0.0290958937,
        -0.143697917
      ],
      [
        0.1424033,
        -0.0425352752,
        0.988894343
      ],
      [
        -0.0348850042,
        -0.9986712,
        -0.0379322767
      ]
    ],
    "translation": [
      1.16862869,
      0.7308432,
      -0.7510408
    ]
  },
  {
    "timeStamp": 135063,
    "rotation": [
      [
        0.99157846,
        -0.058665406,
        -0.115458034
      ],
      [
        0.113300055,
        -0.0388786122,
        0.9927999
      ],
      [
        -0.06273184,
        -0.9975203,
        -0.0319044031
      ]
    ],
    "translation": [
      1.1723547,
      0.749145,
      -0.74547255
    ]
  },
  {
    "timeStamp": 135107,
    "rotation": [
      [
        0.9932271,
        -0.07721907,
        -0.08681607
      ],
      [
        0.08459152,
        -0.03163339,
        0.995913446
      ],
      [
        -0.0796498,
        -0.9965122,
        -0.02488706
      ]
    ],
    "translation": [
      1.17793381,
      0.7670881,
      -0.7415581
    ]
  },
  {
    "timeStamp": 135163,
    "rotation": [
      [
        0.9910211,
        -0.127164587,
        -0.0413067043
      ],
      [
        0.04000803,
        -0.0127509255,
        0.999118
      ],
      [
        -0.127579138,
        -0.9917996,
        -0.0075488314
      ]
    ],
    "translation": [
      1.18971562,
      0.794125736,
      -0.7326745
    ]
  },
  {
    "timeStamp": 135207,
    "rotation": [
      [
        0.9843697,
        -0.175955936,
        -0.007470956
      ],
      [
        0.008221536,
        0.00353710167,
        0.999959946
      ],
      [
        -0.175922468,
        -0.9843917,
        0.00492844358
      ]
    ],
    "translation": [
      1.20379269,
      0.8167239,
      -0.722143233
    ]
  },
  {
    "timeStamp": 135263,
    "rotation": [
      [
        0.9696188,
        -0.242052048,
        0.0353568457
      ],
      [
        -0.02925296,
        0.0287659429,
        0.999158
      ],
      [
        -0.242865339,
        -0.9698367,
        0.0208112616
      ]
    ],
    "translation": [
      1.22783041,
      0.8459422,
      -0.707074
    ]
  },
  {
    "timeStamp": 135307,
    "rotation": [
      [
        0.950113833,
        -0.3061932,
        0.0594092421
      ],
      [
        -0.05520966,
        0.0223659016,
        0.998224258
      ],
      [
        -0.306978226,
        -0.951706648,
        0.00434533
      ]
    ],
    "translation": [
      1.25342274,
      0.8701113,
      -0.6904605
    ]
  },
  {
    "timeStamp": 135363,
    "rotation": [
      [
        0.921664,
        -0.376366854,
        0.09425237
      ],
      [
        -0.09379542,
        0.0195841938,
        0.9953989
      ],
      [
        -0.376481,
        -0.92626375,
        -0.01725144
      ]
    ],
    "translation": [
      1.29031157,
      0.9016664,
      -0.671261251
    ]
  },
  {
    "timeStamp": 135407,
    "rotation": [
      [
        0.8964892,
        -0.4305481,
        0.104573049
      ],
      [
        -0.114107125,
        0.00370110478,
        0.993461549
      ],
      [
        -0.428120017,
        -0.9025601,
        -0.0458106026
      ]
    ],
    "translation": [
      1.32491219,
      0.9246938,
      -0.65668726
    ]
  },
  {
    "timeStamp": 135463,
    "rotation": [
      [
        0.839080453,
        -0.536794543,
        0.08829239
      ],
      [
        -0.121662326,
        -0.0269755647,
        0.9922049
      ],
      [
        -0.530228436,
        -0.843281567,
        -0.08794235
      ]
    ],
    "translation": [
      1.37790394,
      0.9486967,
      -0.6338192
    ]
  },
  {
    "timeStamp": 135507,
    "rotation": [
      [
        0.8077536,
        -0.579899549,
        0.106068581
      ],
      [
        -0.155931413,
        -0.0366532356,
        0.9870876
      ],
      [
        -0.5685239,
        -0.813863039,
        -0.120031349
      ]
    ],
    "translation": [
      1.41768479,
      0.9724233,
      -0.6249111
    ]
  },
  {
    "timeStamp": 135563,
    "rotation": [
      [
        0.745068967,
        -0.659317,
        0.10086228
      ],
      [
        -0.179361373,
        -0.0524040051,
        0.9823865
      ],
      [
        -0.642418563,
        -0.750036538,
        -0.1573006
      ]
    ],
    "translation": [
      1.47399342,
      0.997116,
      -0.612664044
    ]
  },
  {
    "timeStamp": 135607,
    "rotation": [
      [
        0.687969863,
        -0.72191143,
        0.07444096
      ],
      [
        -0.190675735,
        -0.08083,
        0.978319645
      ],
      [
        -0.700243056,
        -0.687248468,
        -0.1932596
      ]
    ],
    "translation": [
      1.52329719,
      1.01421869,
      -0.6045346
    ]
  },
  {
    "timeStamp": 135663,
    "rotation": [
      [
        0.628159,
        -0.77553165,
        0.06298386
      ],
      [
        -0.213796958,
        -0.09420334,
        0.9723253
      ],
      [
        -0.7481358,
        -0.624240637,
        -0.22498098
      ]
    ],
    "translation": [
      1.579803,
      1.03440464,
      -0.6018335
    ]
  },
  {
    "timeStamp": 135708,
    "rotation": [
      [
        0.5766827,
        -0.8165529,
        0.0260473769
      ],
      [
        -0.219748914,
        -0.124329872,
        0.9676014
      ],
      [
        -0.7868593,
        -0.563722849,
        -0.2511355
      ]
    ],
    "translation": [
      1.62609231,
      1.04628038,
      -0.602182
    ]
  },
  {
    "timeStamp": 135763,
    "rotation": [
      [
        0.504949152,
        -0.8630768,
        0.0111693032
      ],
      [
        -0.245988041,
        -0.131489366,
        0.960312665
      ],
      [
        -0.827354968,
        -0.487656564,
        -0.278702021
      ]
    ],
    "translation": [
      1.68076873,
      1.06155777,
      -0.6056478
    ]
  },
  {
    "timeStamp": 135807,
    "rotation": [
      [
        0.44646284,
        -0.8946455,
        -0.0167425778
      ],
      [
        -0.249248713,
        -0.142311618,
        0.957926154
      ],
      [
        -0.859387,
        -0.423505366,
        -0.2865261
      ]
    ],
    "translation": [
      1.72324586,
      1.068789,
      -0.610798359
    ]
  },
  {
    "timeStamp": 135863,
    "rotation": [
      [
        0.3780389,
        -0.9248896,
        -0.0408150144
      ],
      [
        -0.266302615,
        -0.15086025,
        0.9520106
      ],
      [
        -0.886662,
        -0.3490279,
        -0.303331554
      ]
    ],
    "translation": [
      1.7723583,
      1.07746673,
      -0.6189056
    ]
  },
  {
    "timeStamp": 135907,
    "rotation": [
      [
        0.321143031,
        -0.9450023,
        -0.0619500466
      ],
      [
        -0.267184317,
        -0.153167188,
        0.951395
      ],
      [
        -0.908559144,
        -0.2889818,
        -0.30167836
      ]
    ],
    "translation": [
      1.80911052,
      1.08009517,
      -0.62758553
    ]
  },
  {
    "timeStamp": 135963,
    "rotation": [
      [
        0.2583463,
        -0.9617047,
        -0.0915496051
      ],
      [
        -0.270482,
        -0.162984431,
        0.9488285
      ],
      [
        -0.927414,
        -0.2203638,
        -0.3022302
      ]
    ],
    "translation": [
      1.85122,
      1.08045864,
      -0.6395678
    ]
  },
  {
    "timeStamp": 136007,
    "rotation": [
      [
        0.221630424,
        -0.970121145,
        -0.09871644
      ],
      [
        -0.2678137,
        -0.157897934,
        0.950444162
      ],
      [
        -0.9376331,
        -0.184209734,
        -0.294806719
      ]
    ],
    "translation": [
      1.87833548,
      1.07724476,
      -0.6493851
    ]
  },
  {
    "timeStamp": 136063,
    "rotation": [
      [
        0.171603039,
        -0.977722943,
        -0.120872863
      ],
      [
        -0.262077183,
        -0.163577318,
        0.9510825
      ],
      [
        -0.9496673,
        -0.131530613,
        -0.284309238
      ]
    ],
    "translation": [
      1.91067493,
      1.070666,
      -0.659999251
    ]
  },
  {
    "timeStamp": 136107,
    "rotation": [
      [
        0.13916,
        -0.984742343,
        -0.104484133
      ],
      [
        -0.259090573,
        -0.138041541,
        0.955937564
      ],
      [
        -0.9557754,
        -0.105957426,
        -0.2743473
      ]
    ],
    "translation": [
      1.93074417,
      1.0648073,
      -0.667818964
    ]
  },
  {
    "timeStamp": 136163,
    "rotation": [
      [
        0.109386906,
        -0.9876146,
        -0.112481013
      ],
      [
        -0.252440542,
        -0.13705188,
        0.957857251
      ],
      [
        -0.9614095,
        -0.07638226,
        -0.264305651
      ]
    ],
    "translation": [
      1.95390761,
      1.056441,
      -0.6759076
    ]
  },
  {
    "timeStamp": 136207,
    "rotation": [
      [
        0.0907665044,
        -0.9905393,
        -0.10292346
      ],
      [
        -0.250982016,
        -0.122766763,
        0.960175157
      ],
      [
        -0.9637268,
        -0.0613198,
        -0.2597507
      ]
    ],
    "translation": [
      1.96867609,
      1.05020046,
      -0.6810444
    ]
  },
  {
    "timeStamp": 136263,
    "rotation": [
      [
        0.07808326,
        -0.99094975,
        -0.1091858
      ],
      [
        -0.24374561,
        -0.125172287,
        0.9617276
      ],
      [
        -0.9666908,
        -0.0484812856,
        -0.251313537
      ]
    ],
    "translation": [
      1.98561192,
      1.04195762,
      -0.685692132
    ]
  },
  {
    "timeStamp": 136307,
    "rotation": [
      [
        0.06273851,
        -0.99233377,
        -0.1064774
      ],
      [
        -0.239735141,
        -0.118548214,
        0.9635732
      ],
      [
        -0.968808949,
        -0.0349267535,
        -0.245334834
      ]
    ],
    "translation": [
      1.99903643,
      1.035835,
      -0.6882202
    ]
  },
  {
    "timeStamp": 136362,
    "rotation": [
      [
        0.0461127348,
        -0.9958648,
        -0.0782740042
      ],
      [
        -0.232011691,
        -0.0868917555,
        0.9688242
      ],
      [
        -0.9716193,
        -0.0265146345,
        -0.2350591
      ]
    ],
    "translation": [
      2.011753,
      1.02778912,
      -0.6900278
    ]
  },
  {
    "timeStamp": 136407,
    "rotation": [
      [
        0.0524524525,
        -0.994732738,
        -0.08806548
      ],
      [
        -0.229737714,
        -0.09784141,
        0.9683221
      ],
      [
        -0.9718381,
        -0.0305589214,
        -0.233659655
      ]
    ],
    "translation": [
      2.02152634,
      1.02192879,
      -0.690600634
    ]
  },
  {
    "timeStamp": 136462,
    "rotation": [
      [
        0.0464431643,
        -0.9932773,
        -0.106034487
      ],
      [
        -0.218324244,
        -0.113675989,
        0.969232857
      ],
      [
        -0.974770546,
        -0.0218643565,
        -0.222135976
      ]
    ],
    "translation": [
      2.03666425,
      1.012958,
      -0.6905
    ]
  },
  {
    "timeStamp": 136507,
    "rotation": [
      [
        0.04867858,
        -0.9929491,
        -0.108085737
      ],
      [
        -0.211055368,
        -0.115996212,
        0.9705671
      ],
      [
        -0.976261258,
        -0.0244337544,
        -0.215213761
      ]
    ],
    "translation": [
      2.04588723,
      1.00622237,
      -0.6899929
    ]
  },
  {
    "timeStamp": 136562,
    "rotation": [
      [
        0.0477178954,
        -0.993490756,
        -0.103435919
      ],
      [
        -0.197064862,
        -0.110882193,
        0.9740999
      ],
      [
        -0.979228437,
        -0.0260984059,
        -0.2010732
      ]
    ],
    "translation": [
      2.05801558,
      0.998851359,
      -0.6906464
    ]
  },
  {
    "timeStamp": 136607,
    "rotation": [
      [
        0.05236339,
        -0.995374441,
        -0.0805468261
      ],
      [
        -0.196189582,
        -0.0893393755,
        0.976487637
      ],
      [
        -0.9791668,
        -0.0353297442,
        -0.199960217
      ]
    ],
    "translation": [
      2.06288528,
      0.994653463,
      -0.6905023
    ]
  },
  {
    "timeStamp": 136662,
    "rotation": [
      [
        0.059089195,
        -0.9929174,
        -0.10306973
      ],
      [
        -0.192266539,
        -0.112636894,
        0.974857152
      ],
      [
        -0.9795621,
        -0.0377866477,
        -0.19756043
      ]
    ],
    "translation": [
      2.07437658,
      0.99026835,
      -0.6895441
    ]
  },
  {
    "timeStamp": 136707,
    "rotation": [
      [
        0.0435708836,
        -0.9963333,
        -0.0736308545
      ],
      [
        -0.182476074,
        -0.08039762,
        0.9799177
      ],
      [
        -0.9822444,
        -0.0292600133,
        -0.185309991
      ]
    ],
    "translation": [
      2.082509,
      0.984885931,
      -0.6883064
    ]
  },
  {
    "timeStamp": 136762,
    "rotation": [
      [
        0.0293906517,
        -0.991281,
        -0.128445476
      ],
      [
        -0.150684983,
        -0.131426364,
        0.979806662
      ],
      [
        -0.9881448,
        -0.00944232848,
        -0.153233871
      ]
    ],
    "translation": [
      2.09822273,
      0.975596666,
      -0.6863385
    ]
  },
  {
    "timeStamp": 136807,
    "rotation": [
      [
        -0.0388224833,
        -0.9917573,
        -0.122107863
      ],
      [
        -0.0864414647,
        -0.118408665,
        0.9891953
      ],
      [
        -0.9955002,
        0.0489581749,
        -0.08113203
      ]
    ],
    "translation": [
      2.11409521,
      0.9607886,
      -0.687481642
    ]
  },
  {
    "timeStamp": 136862,
    "rotation": [
      [
        -0.0151938824,
        -0.9967707,
        -0.07884977
      ],
      [
        -0.0784215555,
        -0.077428,
        0.993908942
      ],
      [
        -0.9968045,
        0.0212848466,
        -0.07699188
      ]
    ],
    "translation": [
      2.11290383,
      0.9513982,
      -0.6828165
    ]
  },
  {
    "timeStamp": 136907,
    "rotation": [
      [
        -0.04588851,
        -0.9957525,
        -0.07981942
      ],
      [
        -0.0739117,
        -0.07630016,
        0.9943417
      ],
      [
        -0.9962084,
        0.05152844,
        -0.07009646
      ]
    ],
    "translation": [
      2.11979437,
      0.9455842,
      -0.67993927
    ]
  },
  {
    "timeStamp": 136962,
    "rotation": [
      [
        -0.0553322174,
        -0.997427166,
        -0.0455787852
      ],
      [
        -0.0496728681,
        -0.042842336,
        0.997846246
      ],
      [
        -0.997231662,
        0.05747708,
        -0.0471745059
      ]
    ],
    "translation": [
      2.11958,
      0.935952663,
      -0.676786065
    ]
  },
  {
    "timeStamp": 137007,
    "rotation": [
      [
        -0.0428992659,
        -0.9949084,
        -0.09119714
      ],
      [
        -0.0618877746,
        -0.08845958,
        0.994155347
      ],
      [
        -0.997160733,
        0.0482925,
        -0.0577778146
      ]
    ],
    "translation": [
      2.12283015,
      0.9336339,
      -0.6720152
    ]
  },
  {
    "timeStamp": 137062,
    "rotation": [
      [
        -0.04282234,
        -0.9980281,
        -0.0458925851
      ],
      [
        -0.04738567,
        -0.0438541435,
        0.997913539
      ],
      [
        -0.997958362,
        0.0449076332,
        -0.045414295
      ]
    ],
    "translation": [
      2.117378,
      0.925497055,
      -0.6677825
    ]
  },
  {
    "timeStamp": 137107,
    "rotation": [
      [
        -0.0339670926,
        -0.9959104,
        -0.08371789
      ],
      [
        -0.04054944,
        -0.08232396,
        0.995780349
      ],
      [
        -0.9986,
        0.03721848,
        -0.0375873037
      ]
    ],
    "translation": [
      2.11766219,
      0.9184643,
      -0.663118064
    ]
  },
  {
    "timeStamp": 137162,
    "rotation": [
      [
        -0.0229812525,
        -0.9987846,
        -0.04360228
      ],
      [
        -0.0109778717,
        -0.04335906,
        0.998999238
      ],
      [
        -0.999675632,
        0.0234369151,
        -0.009968084
      ]
    ],
    "translation": [
      2.11138964,
      0.9060557,
      -0.657852769
    ]
  },
  {
    "timeStamp": 137206,
    "rotation": [
      [
        -0.008358611,
        -0.9983721,
        -0.056421224
      ],
      [
        -0.009190928,
        -0.0563441068,
        0.9983691
      ],
      [
        -0.9999229,
        0.008863544,
        -0.008705008
      ]
    ],
    "translation": [
      2.109543,
      0.899579346,
      -0.6523664
    ]
  },
  {
    "timeStamp": 137262,
    "rotation": [
      [
        -0.00488285068,
        -0.9994514,
        -0.032758303
      ],
      [
        0.0173152946,
        -0.032838285,
        0.9993107
      ],
      [
        -0.9998382,
        0.004312262,
        0.017466139
      ]
    ],
    "translation": [
      2.10602355,
      0.8891181,
      -0.645908535
    ]
  },
  {
    "timeStamp": 137306,
    "rotation": [
      [
        0.005357407,
        -0.999495268,
        -0.0313144065
      ],
      [
        0.0206704829,
        -0.031197479,
        0.999299467
      ],
      [
        -0.999772,
        -0.006000949,
        0.02049291
      ]
    ],
    "translation": [
      2.10449362,
      0.882739067,
      -0.6395156
    ]
  },
  {
    "timeStamp": 137362,
    "rotation": [
      [
        0.0130635537,
        -0.999758244,
        -0.0176866036
      ],
      [
        0.0492868833,
        -0.017022796,
        0.9986396
      ],
      [
        -0.998699248,
        -0.013917502,
        0.04905259
      ]
    ],
    "translation": [
      2.100987,
      0.8721491,
      -0.6340274
    ]
  },
  {
    "timeStamp": 137406,
    "rotation": [
      [
        0.0233654547,
        -0.9997252,
        0.00186600466
      ],
      [
        0.0515329726,
        0.003068451,
        0.9986666
      ],
      [
        -0.9983979,
        -0.02323814,
        0.051590506
      ]
    ],
    "translation": [
      2.0985992,
      0.865709,
      -0.627582967
    ]
  },
  {
    "timeStamp": 137462,
    "rotation": [
      [
        0.02758228,
        -0.9995801,
        -0.00888411049
      ],
      [
        0.0726237446,
        -0.00686019333,
        0.9973358
      ],
      [
        -0.9969779,
        -0.0281539988,
        0.07240403
      ]
    ],
    "translation": [
      2.10044217,
      0.856366634,
      -0.6221443
    ]
  },
  {
    "timeStamp": 137506,
    "rotation": [
      [
        0.0295229722,
        -0.999351,
        0.02063875
      ],
      [
        0.0842765,
        0.0230628774,
        0.996175468
      ],
      [
        -0.996005,
        -0.0276706945,
        0.08490269
      ]
    ],
    "translation": [
      2.10004449,
      0.8489797,
      -0.6173482
    ]
  },
  {
    "timeStamp": 137562,
    "rotation": [
      [
        0.0304968785,
        -0.9995198,
        0.005478508
      ],
      [
        0.102066547,
        0.008566519,
        0.994740665
      ],
      [
        -0.994309962,
        -0.02977731,
        0.102278784
      ]
    ],
    "translation": [
      2.10373449,
      0.8405248,
      -0.6141475
    ]
  },
  {
    "timeStamp": 137606,
    "rotation": [
      [
        0.03348388,
        -0.998409867,
        0.0453488529
      ],
      [
        0.111923359,
        0.04883475,
        0.99251616
      ],
      [
        -0.993152559,
        -0.028157698,
        0.113380566
      ]
    ],
    "translation": [
      2.10250044,
      0.833949447,
      -0.611250758
    ]
  },
  {
    "timeStamp": 137662,
    "rotation": [
      [
        0.0249372,
        -0.998256147,
        0.0535053238
      ],
      [
        0.131887019,
        0.05633935,
        0.9896624
      ],
      [
        -0.990951061,
        -0.0176227484,
        0.133061975
      ]
    ],
    "translation": [
      2.105029,
      0.824945152,
      -0.6110397
    ]
  },
  {
    "timeStamp": 137706,
    "rotation": [
      [
        0.0354888961,
        -0.9945349,
        0.09818725
      ],
      [
        0.1288559,
        0.101982735,
        0.986405432
      ],
      [
        -0.9910281,
        -0.0223544315,
        0.131770954
      ]
    ],
    "translation": [
      2.099878,
      0.822130442,
      -0.608292043
    ]
  },
  {
    "timeStamp": 137762,
    "rotation": [
      [
        0.0523737557,
        -0.992217839,
        0.112963341
      ],
      [
        0.129088759,
        0.118896216,
        0.9844794
      ],
      [
        -0.990249,
        -0.0369785726,
        0.134311229
      ]
    ],
    "translation": [
      2.09572625,
      0.8184121,
      -0.607129335
    ]
  },
  {
    "timeStamp": 137806,
    "rotation": [
      [
        0.050599318,
        -0.9908131,
        0.125415832
      ],
      [
        0.139974892,
        0.13137278,
        0.981401145
      ],
      [
        -0.9888613,
        -0.03210316,
        0.14533633
      ]
    ],
    "translation": [
      2.092905,
      0.813774645,
      -0.606718659
    ]
  },
  {
    "timeStamp": 137862,
    "rotation": [
      [
        0.06263342,
        -0.991639435,
        0.112819605
      ],
      [
        0.141249537,
        0.120711237,
        0.9825871
      ],
      [
        -0.9879907,
        -0.04560709,
        0.147629172
      ]
    ],
    "translation": [
      2.09277487,
      0.808803439,
      -0.6059487
    ]
  },
  {
    "timeStamp": 137906,
    "rotation": [
      [
        0.08845827,
        -0.991085,
        0.099627845
      ],
      [
        0.13902612,
        0.111325413,
        0.984011352
      ],
      [
        -0.98633,
        -0.07319305,
        0.147634342
      ]
    ],
    "translation": [
      2.09244037,
      0.8073577,
      -0.605262935
    ]
  },
  {
    "timeStamp": 137962,
    "rotation": [
      [
        0.09162794,
        -0.991597533,
        0.0913163
      ],
      [
        0.155476764,
        0.104823336,
        0.9822622
      ],
      [
        -0.9835808,
        -0.07580509,
        0.163775116
      ]
    ],
    "translation": [
      2.09251237,
      0.8019648,
      -0.6049177
    ]
  },
  {
    "timeStamp": 138006,
    "rotation": [
      [
        0.110725142,
        -0.9896683,
        0.0910851
      ],
      [
        0.159546316,
        0.108160272,
        0.9812473
      ],
      [
        -0.9809612,
        -0.0941164345,
        0.169874012
      ]
    ],
    "translation": [
      2.09208965,
      0.800268233,
      -0.6045899
    ]
  },
  {
    "timeStamp": 138062,
    "rotation": [
      [
        0.123292372,
        -0.988955557,
        0.08225511
      ],
      [
        0.163579315,
        0.102006875,
        0.9812423
      ],
      [
        -0.978795648,
        -0.107524469,
        0.174349353
      ]
    ],
    "translation": [
      2.09206128,
      0.7973094,
      -0.60414
    ]
  },
  {
    "timeStamp": 138106,
    "rotation": [
      [
        0.130589157,
        -0.987860739,
        0.08412839
      ],
      [
        0.164923653,
        0.105317675,
        0.9806673
      ],
      [
        -0.9776229,
        -0.114189737,
        0.176674947
      ]
    ],
    "translation": [
      2.09185672,
      0.7948688,
      -0.6040881
    ]
  },
  {
    "timeStamp": 138162,
    "rotation": [
      [
        0.135611,
        -0.9867182,
        0.0894258842
      ],
      [
        0.165808156,
        0.111589178,
        0.979824245
      ],
      [
        -0.9767893,
        -0.118047416,
        0.178738624
      ]
    ],
    "translation": [
      2.09157443,
      0.7920692,
      -0.6041407
    ]
  },
  {
    "timeStamp": 138206,
    "rotation": [
      [
        0.136351675,
        -0.9866293,
        0.0892797559
      ],
      [
        0.16479218,
        0.111455053,
        0.980010867
      ],
      [
        -0.9768581,
        -0.118913516,
        0.177785873
      ]
    ],
    "translation": [
      2.09155655,
      0.7919855,
      -0.604074061
    ]
  },
  {
    "timeStamp": 138262,
    "rotation": [
      [
        0.129961357,
        -0.988132358,
        0.08188104
      ],
      [
        0.166574821,
        0.103166565,
        0.980616868
      ],
      [
        -0.977426648,
        -0.113802969,
        0.178005636
      ]
    ],
    "translation": [
      2.09201,
      0.7881803,
      -0.6044072
    ]
  },
  {
    "timeStamp": 138306,
    "rotation": [
      [
        0.130596653,
        -0.987778,
        0.0850829
      ],
      [
        0.16579558,
        0.106368236,
        0.9804069
      ],
      [
        -0.977474451,
        -0.1139315,
        0.17766057
      ]
    ],
    "translation": [
      2.09184957,
      0.787801147,
      -0.6044249
    ]
  },
  {
    "timeStamp": 138362,
    "rotation": [
      [
        0.121272914,
        -0.9882799,
        0.09271293
      ],
      [
        0.169102386,
        0.11260666,
        0.9791446
      ],
      [
        -0.978109,
        -0.103065729,
        0.180776626
      ]
    ],
    "translation": [
      2.09225273,
      0.785420954,
      -0.604794741
    ]
  },
  {
    "timeStamp": 138406,
    "rotation": [
      [
        0.11720816,
        -0.9888252,
        0.09212483
      ],
      [
        0.163928717,
        0.110755436,
        0.980235
      ],
      [
        -0.9794844,
        -0.0997896343,
        0.175078273
      ]
    ],
    "translation": [
      2.09207845,
      0.78527683,
      -0.604904
    ]
  },
  {
    "timeStamp": 138462,
    "rotation": [
      [
        0.115968607,
        -0.9777181,
        0.174981669
      ],
      [
        0.145782292,
        0.191017225,
        0.970700741
      ],
      [
        -0.9824962,
        -0.08706158,
        0.164686
      ]
    ],
    "translation": [
      2.09238267,
      0.7790579,
      -0.6060805
    ]
  },
  {
    "timeStamp": 138506,
    "rotation": [
      [
        0.0999008939,
        -0.97907716,
        0.177278563
      ],
      [
        0.139022678,
        0.19015716,
        0.9718606
      ],
      [
        -0.9852373,
        -0.07244403,
        0.1551108
      ]
    ],
    "translation": [
      2.09252048,
      0.7786951,
      -0.606065631
    ]
  },
  {
    "timeStamp": 138562,
    "rotation": [
      [
        0.076870814,
        -0.976617,
        0.20077385
      ],
      [
        0.137621045,
        0.209835291,
        0.9680029
      ],
      [
        -0.987497449,
        -0.0467804857,
        0.150533259
      ]
    ],
    "translation": [
      2.09236169,
      0.778088331,
      -0.6066689
    ]
  },
  {
    "timeStamp": 138606,
    "rotation": [
      [
        0.06008733,
        -0.977156043,
        0.203852
      ],
      [
        0.13791649,
        0.210389391,
        0.967840552
      ],
      [
        -0.988619566,
        -0.0300403964,
        0.147407666
      ]
    ],
    "translation": [
      2.09242725,
      0.778005362,
      -0.607084751
    ]
  },
  {
    "timeStamp": 138662,
    "rotation": [
      [
        0.03797841,
        -0.9770606,
        0.209547788
      ],
      [
        0.138101876,
        0.2128188,
        0.967282832
      ],
      [
        -0.9896896,
        -0.00779694272,
        0.143016428
      ]
    ],
    "translation": [
      2.092377,
      0.777822435,
      -0.6076432
    ]
  },
  {
    "timeStamp": 138707,
    "rotation": [
      [
        0.0255650971,
        -0.976748943,
        0.212856561
      ],
      [
        0.13832,
        0.214334279,
        0.966917
      ],
      [
        -0.9900576,
        0.00472297054,
        0.1405834
      ]
    ],
    "translation": [
      2.09229851,
      0.777642548,
      -0.60796994
    ]
  },
  {
    "timeStamp": 138762,
    "rotation": [
      [
        0.00746479,
        -0.976475656,
        0.215498284
      ],
      [
        0.1388471,
        0.2144289,
        0.9668204
      ],
      [
        -0.9902857,
        0.0227042045,
        0.137181476
      ]
    ],
    "translation": [
      2.09223247,
      0.7772658,
      -0.6084474
    ]
  },
  {
    "timeStamp": 138807,
    "rotation": [
      [
        0.007629077,
        -0.976418853,
        0.21574983
      ],
      [
        0.130548045,
        0.214882091,
        0.9678755
      ],
      [
        -0.99141264,
        0.0207816977,
        0.129108921
      ]
    ],
    "translation": [
      2.0921526,
      0.7771483,
      -0.608378947
    ]
  },
  {
    "timeStamp": 138862,
    "rotation": [
      [
        -0.00137575984,
        -0.9784079,
        0.206678569
      ],
      [
        0.1270337,
        0.204833344,
        0.9705183
      ],
      [
        -0.991897464,
        0.0275903381,
        0.124008976
      ]
    ],
    "translation": [
      2.092755,
      0.775699556,
      -0.6087328
    ]
  },
  {
    "timeStamp": 138906,
    "rotation": [
      [
        -0.02085886,
        -0.976116,
        0.216246158
      ],
      [
        0.126749754,
        0.211966157,
        0.969022632
      ],
      [
        -0.9917154,
        0.0476218462,
        0.119301096
      ]
    ],
    "translation": [
      2.09215879,
      0.7755308,
      -0.609209239
    ]
  },
  {
    "timeStamp": 138961,
    "rotation": [
      [
        -0.0311392676,
        -0.9768126,
        0.2118195
      ],
      [
        0.126902655,
        0.206343487,
        0.9702155
      ],
      [
        -0.9914263,
        0.0570922419,
        0.117534727
      ]
    ],
    "translation": [
      2.0923264,
      0.7748294,
      -0.609562755
    ]
  },
  {
    "timeStamp": 139006,
    "rotation": [
      [
        -0.04222193,
        -0.9754404,
        0.216179281
      ],
      [
        0.126400337,
        0.20941858,
        0.969622
      ],
      [
        -0.9910804,
        0.06826443,
        0.114453927
      ]
    ],
    "translation": [
      2.09182644,
      0.7741265,
      -0.609903038
    ]
  },
  {
    "timeStamp": 139062,
    "rotation": [
      [
        -0.0515363,
        -0.9763128,
        0.210136488
      ],
      [
        0.123669013,
        0.202557489,
        0.9714301
      ],
      [
        -0.9909844,
        0.076051265,
        0.110300571
      ]
    ],
    "translation": [
      2.092654,
      0.7717979,
      -0.6103455
    ]
  },
  {
    "timeStamp": 139107,
    "rotation": [
      [
        -0.0569555648,
        -0.9747009,
        0.216134667
      ],
      [
        0.12196362,
        0.208071843,
        0.9704798
      ],
      [
        -0.990899,
        0.0816347748,
        0.10702721
      ]
    ],
    "translation": [
      2.092369,
      0.7717989,
      -0.6104526
    ]
  }
]