[
  {
    "timeStamp": 191582,
    "rotation": [
      [
        0.91836524,
        -0.337920338,
        -0.205949411
      ],
      [
        0.217590064,
        -0.0035110733,
        0.9760339
      ],
      [
        -0.330544829,
        -0.9411682,
        0.07030366
      ]
    ],
    "translation": [
      1.76573086,
      0.6951653,
      -0.236192241
    ]
  },
  {
    "timeStamp": 191627,
    "rotation": [
      [
        0.916918039,
        -0.339319021,
        -0.2100571
      ],
      [
        0.222104326,
        -0.00341209117,
        0.975016952
      ],
      [
        -0.331558526,
        -0.9406652,
        0.07223561
      ]
    ],
    "translation": [
      1.76577187,
      0.6954516,
      -0.236192346
    ]
  },
  {
    "timeStamp": 191681,
    "rotation": [
      [
        0.9175598,
        -0.340780824,
        -0.204822972
      ],
      [
        0.2162028,
        -0.00468722032,
        0.976337254
      ],
      [
        -0.333677053,
        -0.940131068,
        0.06937696
      ]
    ],
    "translation": [
      1.7657758,
      0.695331931,
      -0.23619765
    ]
  },
  {
    "timeStamp": 191726,
    "rotation": [
      [
        0.9170035,
        -0.3414303,
        -0.206227988
      ],
      [
        0.213664845,
        -0.0161283333,
        0.976773858
      ],
      [
        -0.3368263,
        -0.939768732,
        0.05816191
      ]
    ],
    "translation": [
      1.7657721,
      0.6958101,
      -0.236096144
    ]
  },
  {
    "timeStamp": 191781,
    "rotation": [
      [
        0.9208875,
        -0.34119916,
        -0.1885453
      ],
      [
        0.192241356,
        -0.0232818611,
        0.9810715
      ],
      [
        -0.339130431,
        -0.93970263,
        0.0441526137
      ]
    ],
    "translation": [
      1.765653,
      0.696476758,
      -0.236056045
    ]
  },
  {
    "timeStamp": 191826,
    "rotation": [
      [
        0.923622847,
        -0.339828223,
        -0.1773064
      ],
      [
        0.19924964,
        0.0304992963,
        0.979474
      ],
      [
        -0.3274452,
        -0.939992845,
        0.0958805
      ]
    ],
    "translation": [
      1.76537657,
      0.6983853,
      -0.244086757
    ]
  },
  {
    "timeStamp": 191882,
    "rotation": [
      [
        0.928685069,
        -0.328021735,
        -0.173048392
      ],
      [
        0.188321412,
        0.0151188346,
        0.981991053
      ],
      [
        -0.319498122,
        -0.9445492,
        0.07581415
      ]
    ],
    "translation": [
      1.76510346,
      0.7109103,
      -0.2469985
    ]
  },
  {
    "timeStamp": 191926,
    "rotation": [
      [
        0.9321148,
        -0.320511878,
        -0.1686246
      ],
      [
        0.179841116,
        0.00549078453,
        0.983680367
      ],
      [
        -0.314355344,
        -0.9472286,
        0.06275926
      ]
    ],
    "translation": [
      1.76684237,
      0.723683536,
      -0.2510738
    ]
  },
  {
    "timeStamp": 191981,
    "rotation": [
      [
        0.9348238,
        -0.314175367,
        -0.165524617
      ],
      [
        0.164438218,
        -0.0301561616,
        0.98592633
      ],
      [
        -0.314745337,
        -0.9488859,
        0.02347174
      ]
    ],
    "translation": [
      1.77185953,
      0.746787667,
      -0.254965365
    ]
  },
  {
    "timeStamp": 192026,
    "rotation": [
      [
        0.941314638,
        -0.294914067,
        -0.16417174
      ],
      [
        0.155656308,
        -0.0522922724,
        0.9864262
      ],
      [
        -0.299495876,
        -0.9540918,
        -0.00331824762
      ]
    ],
    "translation": [
      1.77554452,
      0.7676449,
      -0.262042075
    ]
  },
  {
    "timeStamp": 192082,
    "rotation": [
      [
        0.948680639,
        -0.2758229,
        -0.154682979
      ],
      [
        0.134163529,
        -0.0918913,
        0.9866895
      ],
      [
        -0.286365569,
        -0.956806,
        -0.0501701273
      ]
    ],
    "translation": [
      1.78205848,
      0.798142,
      -0.274945378
    ]
  },
  {
    "timeStamp": 192126,
    "rotation": [
      [
        0.9563397,
        -0.2558058,
        -0.141342327
      ],
      [
        0.1119403,
        -0.126130879,
        0.9856776
      ],
      [
        -0.2699697,
        -0.958464563,
        -0.0919889957
      ]
    ],
    "translation": [
      1.78834784,
      0.825971365,
      -0.289030552
    ]
  },
  {
    "timeStamp": 192181,
    "rotation": [
      [
        0.960333467,
        -0.248365417,
        -0.126783893
      ],
      [
        0.09001023,
        -0.154232889,
        0.983926
      ],
      [
        -0.26392743,
        -0.9563089,
        -0.125759587
      ]
    ],
    "translation": [
      1.80383193,
      0.860762,
      -0.312575251
    ]
  },
  {
    "timeStamp": 192226,
    "rotation": [
      [
        0.9682829,
        -0.229033157,
        -0.09985997
      ],
      [
        0.0558165349,
        -0.191287354,
        0.9799457
      ],
      [
        -0.24354203,
        -0.9544385,
        -0.172436446
      ]
    ],
    "translation": [
      1.81630182,
      0.893634439,
      -0.334390521
    ]
  },
  {
    "timeStamp": 192281,
    "rotation": [
      [
        0.970390856,
        -0.219211891,
        -0.101428412
      ],
      [
        0.05216015,
        -0.219832733,
        0.974142134
      ],
      [
        -0.235840812,
        -0.9505892,
        -0.20188956
      ]
    ],
    "translation": [
      1.84164488,
      0.929687262,
      -0.366960555
    ]
  },
  {
    "timeStamp": 192326,
    "rotation": [
      [
        0.9677074,
        -0.251892656,
        0.009615004
      ],
      [
        -0.06363676,
        -0.207212731,
        0.976223946
      ],
      [
        -0.2439113,
        -0.945311,
        -0.216550931
      ]
    ],
    "translation": [
      1.85940742,
      0.964836359,
      -0.395026118
    ]
  },
  {
    "timeStamp": 192382,
    "rotation": [
      [
        0.97612077,
        -0.217227027,
        -0.0007616057
      ],
      [
        -0.0591859557,
        -0.269325227,
        0.961228848
      ],
      [
        -0.20901,
        -0.9382304,
        -0.275750756
      ]
    ],
    "translation": [
      1.88838077,
      1.0034585,
      -0.432515681
    ]
  },
  {
    "timeStamp": 192426,
    "rotation": [
      [
        0.9697936,
        -0.23531808,
        0.06423282
      ],
      [
        -0.125974685,
        -0.257674158,
        0.957984567
      ],
      [
        -0.208879963,
        -0.937139034,
        -0.279534847
      ]
    ],
    "translation": [
      1.91141963,
      1.03106213,
      -0.4639468
    ]
  },
  {
    "timeStamp": 192481,
    "rotation": [
      [
        0.9723215,
        -0.233636275,
        -0.00221798313
      ],
      [
        -0.07394985,
        -0.31673342,
        0.9456275
      ],
      [
        -0.2216354,
        -0.919289947,
        -0.3252441
      ]
    ],
    "translation": [
      1.94979548,
      1.05449545,
      -0.498301953
    ]
  },
  {
    "timeStamp": 192526,
    "rotation": [
      [
        0.967989564,
        -0.250990331,
        -0.000149916857
      ],
      [
        -0.08103149,
        -0.3130778,
        0.9462643
      ],
      [
        -0.237550125,
        -0.915961862,
        -0.323394179
      ]
    ],
    "translation": [
      1.97815,
      1.0653609,
      -0.525198758
    ]
  },
  {
    "timeStamp": 192581,
    "rotation": [
      [
        0.9620245,
        -0.264487863,
        -0.0674905
      ],
      [
        -0.0237002131,
        -0.327252775,
        0.944639564
      ],
      [
        -0.271932155,
        -0.9071669,
        -0.321093619
      ]
    ],
    "translation": [
      2.014753,
      1.06688166,
      -0.5541814
    ]
  },
  {
    "timeStamp": 192626,
    "rotation": [
      [
        0.9569596,
        -0.2785566,
        -0.08145243
      ],
      [
        -0.0108698541,
        -0.314860731,
        0.949075639
      ],
      [
        -0.290017426,
        -0.907341659,
        -0.304336876
      ]
    ],
    "translation": [
      2.04053974,
      1.06266975,
      -0.5764685
    ]
  },
  {
    "timeStamp": 192681,
    "rotation": [
      [
        0.946225,
        -0.304037869,
        -0.110541329
      ],
      [
        0.0170268789,
        -0.2944166,
        0.955525458
      ],
      [
        -0.323061138,
        -0.9060242,
        -0.273407519
      ]
    ],
    "translation": [
      2.07033873,
      1.0503583,
      -0.6007189
    ]
  },
  {
    "timeStamp": 192726,
    "rotation": [
      [
        0.9408955,
        -0.311058432,
        -0.13400881
      ],
      [
        0.04547749,
        -0.276050448,
        0.9600666
      ],
      [
        -0.335630029,
        -0.909416735,
        -0.245588452
      ]
    ],
    "translation": [
      2.088174,
      1.03753722,
      -0.620336533
    ]
  },
  {
    "timeStamp": 192781,
    "rotation": [
      [
        0.945949,
        -0.292511046,
        -0.140063435
      ],
      [
        0.06724592,
        -0.245583087,
        0.9670403
      ],
      [
        -0.317267179,
        -0.9241895,
        -0.2126389
      ]
    ],
    "translation": [
      2.09861016,
      1.02042174,
      -0.643218756
    ]
  },
  {
    "timeStamp": 192826,
    "rotation": [
      [
        0.9425325,
        -0.307771116,
        -0.130036488
      ],
      [
        0.0621699877,
        -0.220847622,
        0.973324835
      ],
      [
        -0.328279525,
        -0.925474644,
        -0.18902193
      ]
    ],
    "translation": [
      2.10618,
      1.0083884,
      -0.6578322
    ]
  },
  {
    "timeStamp": 192881,
    "rotation": [
      [
        0.952673435,
        -0.270859271,
        -0.138016522
      ],
      [
        0.08457868,
        -0.199918225,
        0.9761553
      ],
      [
        -0.291992724,
        -0.9416305,
        -0.167547852
      ]
    ],
    "translation": [
      2.10969234,
      0.9925127,
      -0.673718452
    ]
  },
  {
    "timeStamp": 192925,
    "rotation": [
      [
        0.9520107,
        -0.275320768,
        -0.133693933
      ],
      [
        0.08155328,
        -0.192833975,
        0.97783643
      ],
      [
        -0.29499945,
        -0.941813946,
        -0.161126688
      ]
    ],
    "translation": [
      2.11421776,
      0.983092844,
      -0.681691945
    ]
  },
  {
    "timeStamp": 192981,
    "rotation": [
      [
        0.9579371,
        -0.262973666,
        -0.114897281
      ],
      [
        0.0734816939,
        -0.162256166,
        0.984008849
      ],
      [
        -0.277411163,
        -0.9510614,
        -0.13610746
      ]
    ],
    "translation": [
      2.116898,
      0.970335543,
      -0.690833
    ]
  },
  {
    "timeStamp": 193026,
    "rotation": [
      [
        0.9608016,
        -0.2510189,
        -0.117685
      ],
      [
        0.08120377,
        -0.151066333,
        0.9851827
      ],
      [
        -0.2650777,
        -0.956121564,
        -0.1247611
      ]
    ],
    "translation": [
      2.11883116,
      0.961381435,
      -0.6965405
    ]
  },
  {
    "timeStamp": 193081,
    "rotation": [
      [
        0.9645265,
        -0.2480595,
        -0.09030539
      ],
      [
        0.0594918877,
        -0.129032224,
        0.9898542
      ],
      [
        -0.257195055,
        -0.960113049,
        -0.109697476
      ]
    ],
    "translation": [
      2.11976814,
      0.9503667,
      -0.7017794
    ]
  },
  {
    "timeStamp": 193126,
    "rotation": [
      [
        0.9702795,
        -0.219515845,
        -0.101835348
      ],
      [
        0.07467807,
        -0.128663078,
        0.9888726
      ],
      [
        -0.230175659,
        -0.9670877,
        -0.108446129
      ]
    ],
    "translation": [
      2.12013483,
      0.9398332,
      -0.705862463
    ]
  },
  {
    "timeStamp": 193181,
    "rotation": [
      [
        0.970132053,
        -0.233639568,
        -0.06524099
      ],
      [
        0.04355982,
        -0.096788764,
        0.994351268
      ],
      [
        -0.238634408,
        -0.967493951,
        -0.08372058
      ]
    ],
    "translation": [
      2.12164521,
      0.926808655,
      -0.7087786
    ]
  },
  {
    "timeStamp": 193225,
    "rotation": [
      [
        0.9747045,
        -0.211812466,
        -0.07131999
      ],
      [
        0.0526321977,
        -0.09259817,
        0.9943115
      ],
      [
        -0.2172117,
        -0.9729136,
        -0.0791076943
      ]
    ],
    "translation": [
      2.121169,
      0.9173608,
      -0.711893857
    ]
  },
  {
    "timeStamp": 193281,
    "rotation": [
      [
        0.9760785,
        -0.211964175,
        -0.0483930148
      ],
      [
        0.0332039,
        -0.074643,
        0.9966574
      ],
      [
        -0.21486786,
        -0.9744227,
        -0.06581939
      ]
    ],
    "translation": [
      2.1200552,
      0.9088655,
      -0.7136839
    ]
  },
  {
    "timeStamp": 193325,
    "rotation": [
      [
        0.978832543,
        -0.198518753,
        -0.0497702
      ],
      [
        0.0364069119,
        -0.07040813,
        0.99685365
      ],
      [
        -0.201398388,
        -0.9775648,
        -0.0616903119
      ]
    ],
    "translation": [
      2.11932588,
      0.9024641,
      -0.7146954
    ]
  },
  {
    "timeStamp": 193381,
    "rotation": [
      [
        0.9782753,
        -0.204032049,
        -0.03672067
      ],
      [
        0.023969667,
        -0.06461935,
        0.9976221
      ],
      [
        -0.205919743,
        -0.976829231,
        -0.0583249331
      ]
    ],
    "translation": [
      2.11920524,
      0.8977418,
      -0.7123702
    ]
  },
  {
    "timeStamp": 193425,
    "rotation": [
      [
        0.98212,
        -0.181661323,
        -0.04939142
      ],
      [
        0.03588808,
        -0.0768843442,
        0.9963939
      ],
      [
        -0.184803665,
        -0.980351,
        -0.06899018
      ]
    ],
    "translation": [
      2.11852169,
      0.8952654,
      -0.707799435
    ]
  },
  {
    "timeStamp": 193481,
    "rotation": [
      [
        0.9794874,
        -0.198719263,
        -0.0333935656
      ],
      [
        0.0167594869,
        -0.08480732,
        0.9962564
      ],
      [
        -0.200807363,
        -0.9763803,
        -0.0797372758
      ]
    ],
    "translation": [
      2.119537,
      0.8953345,
      -0.695450366
    ]
  },
  {
    "timeStamp": 193526,
    "rotation": [
      [
        0.98332876,
        -0.17130205,
        -0.060992945
      ],
      [
        0.0438055061,
        -0.102382667,
        0.9937801
      ],
      [
        -0.176481187,
        -0.9798844,
        -0.09317185
      ]
    ],
    "translation": [
      2.12003827,
      0.892321646,
      -0.6854867
    ]
  },
  {
    "timeStamp": 193581,
    "rotation": [
      [
        0.97944814,
        -0.197677448,
        -0.0400607027
      ],
      [
        0.0221966244,
        -0.09177219,
        0.995532632
      ],
      [
        -0.20047079,
        -0.9759618,
        -0.08549833
      ]
    ],
    "translation": [
      2.121934,
      0.888535142,
      -0.6715921
    ]
  },
  {
    "timeStamp": 193625,
    "rotation": [
      [
        0.983108342,
        -0.171727985,
        -0.06330501
      ],
      [
        0.0432624631,
        -0.11804162,
        0.9920658
      ],
      [
        -0.177838087,
        -0.9780469,
        -0.108618326
      ]
    ],
    "translation": [
      2.12196422,
      0.886092663,
      -0.6616368
    ]
  },
  {
    "timeStamp": 193681,
    "rotation": [
      [
        0.9806269,
        -0.1914142,
        -0.0416107327
      ],
      [
        0.020571949,
        -0.110614136,
        0.9936505
      ],
      [
        -0.194801554,
        -0.975256443,
        -0.104533434
      ]
    ],
    "translation": [
      2.12297082,
      0.882182956,
      -0.6493528
    ]
  },
  {
    "timeStamp": 193725,
    "rotation": [
      [
        0.983656645,
        -0.173020124,
        -0.04983615
      ],
      [
        0.0295123849,
        -0.118110016,
        0.9925619
      ],
      [
        -0.177619308,
        -0.97781086,
        -0.111073464
      ]
    ],
    "translation": [
      2.12320471,
      0.8773668,
      -0.6413826
    ]
  },
  {
    "timeStamp": 193781,
    "rotation": [
      [
        0.9819899,
        -0.181978688,
        -0.0507890023
      ],
      [
        0.0309490785,
        -0.110250406,
        0.993421853
      ],
      [
        -0.186381117,
        -0.97710216,
        -0.102632716
      ]
    ],
    "translation": [
      2.12497663,
      0.869480133,
      -0.632500648
    ]
  },
  {
    "timeStamp": 193825,
    "rotation": [
      [
        0.982798755,
        -0.181173459,
        -0.0358158574
      ],
      [
        0.01711994,
        -0.103723451,
        0.9944588
      ],
      [
        -0.1838845,
        -0.977966,
        -0.0988376
      ]
    ],
    "translation": [
      2.12543273,
      0.8648371,
      -0.6270231
    ]
  },
  {
    "timeStamp": 193881,
    "rotation": [
      [
        0.9815327,
        -0.18655327,
        -0.04232575
      ],
      [
        0.0232631881,
        -0.103212379,
        0.994387269
      ],
      [
        -0.189874738,
        -0.9770082,
        -0.0969665051
      ]
    ],
    "translation": [
      2.12732244,
      0.8602554,
      -0.622030139
    ]
  },
  {
    "timeStamp": 193925,
    "rotation": [
      [
        0.9817936,
        -0.188500792,
        -0.0234269854
      ],
      [
        0.005229924,
        -0.09645962,
        0.9953232
      ],
      [
        -0.189878955,
        -0.9773244,
        -0.0937176
      ]
    ],
    "translation": [
      2.12617946,
      0.8616088,
      -0.6215006
    ]
  },
  {
    "timeStamp": 193980,
    "rotation": [
      [
        0.9808201,
        -0.1933793,
        -0.0244193953
      ],
      [
        0.008785184,
        -0.0812958553,
        0.9966513
      ],
      [
        -0.19471693,
        -0.9777501,
        -0.07803774
      ]
    ],
    "translation": [
      2.123851,
      0.863722861,
      -0.6269529
    ]
  },
  {
    "timeStamp": 194025,
    "rotation": [
      [
        0.9827421,
        -0.1848916,
        -0.005756765
      ],
      [
        -0.00404341239,
        -0.0525842458,
        0.9986083
      ],
      [
        -0.184937,
        -0.9813511,
        -0.05242434
      ]
    ],
    "translation": [
      2.11797023,
      0.865822434,
      -0.6376
    ]
  },
  {
    "timeStamp": 194080,
    "rotation": [
      [
        0.9874683,
        -0.157745913,
        -0.00476312824
      ],
      [
        -0.00230439636,
        -0.04459004,
        0.9990027
      ],
      [
        -0.157800972,
        -0.9864725,
        -0.0443947576
      ]
    ],
    "translation": [
      2.11168361,
      0.8667571,
      -0.653578
    ]
  },
  {
    "timeStamp": 194125,
    "rotation": [
      [
        0.98638,
        -0.164299548,
        0.007760005
      ],
      [
        -0.0100294687,
        -0.0129879015,
        0.999865353
      ],
      [
        -0.164176628,
        -0.986324966,
        -0.0144588435
      ]
    ],
    "translation": [
      2.10994887,
      0.862202644,
      -0.6674433
    ]
  },
  {
    "timeStamp": 194180,
    "rotation": [
      [
        0.9927587,
        -0.120058842,
        0.004005548
      ],
      [
        -0.006623709,
        -0.021416191,
        0.9997487
      ],
      [
        -0.119942889,
        -0.9925357,
        -0.0220563449
      ]
    ],
    "translation": [
      2.10594344,
      0.856498837,
      -0.681641757
    ]
  },
  {
    "timeStamp": 194236,
    "rotation": [
      [
        0.9925238,
        -0.121917307,
        -0.00571197551
      ],
      [
        0.005133041,
        -0.005062131,
        0.999974
      ],
      [
        -0.121943057,
        -0.9925273,
        -0.00439847959
      ]
    ],
    "translation": [
      2.10837364,
      0.848659039,
      -0.69109267
    ]
  },
  {
    "timeStamp": 194280,
    "rotation": [
      [
        0.993778348,
        -0.109506257,
        0.02032244
      ],
      [
        -0.02107776,
        -0.005744258,
        0.999761343
      ],
      [
        -0.109363392,
        -0.99396956,
        -0.00801666547
      ]
    ],
    "translation": [
      2.10603118,
      0.8496433,
      -0.6959461
    ]
  },
  {
    "timeStamp": 194336,
    "rotation": [
      [
        0.994681239,
        -0.102081418,
        0.0137354154
      ],
      [
        -0.0128802713,
        0.009031526,
        0.999876261
      ],
      [
        -0.102192841,
        -0.994735062,
        0.00766865257
      ]
    ],
    "translation": [
      2.106519,
      0.8464271,
      -0.7030065
    ]
  },
  {
    "timeStamp": 194380,
    "rotation": [
      [
        0.9956452,
        -0.08764589,
        0.03176141
      ],
      [
        -0.0296136588,
        0.0256975889,
        0.99923104
      ],
      [
        -0.08839468,
        -0.995820165,
        0.0229901671
      ]
    ],
    "translation": [
      2.10310149,
      0.8449156,
      -0.709603667
    ]
  },
  {
    "timeStamp": 194436,
    "rotation": [
      [
        0.9970839,
        -0.07354271,
        0.0203743763
      ],
      [
        -0.01774065,
        0.0362895243,
        0.999183834
      ],
      [
        -0.07422206,
        -0.9966316,
        0.0348790064
      ]
    ],
    "translation": [
      2.1015,
      0.840200245,
      -0.717458963
    ]
  },
  {
    "timeStamp": 194481,
    "rotation": [
      [
        0.9977528,
        -0.06654244,
        0.007839311
      ],
      [
        -0.004868738,
        0.04468711,
        0.998989165
      ],
      [
        -0.0668254942,
        -0.996782362,
        0.04426271
      ]
    ],
    "translation": [
      2.100744,
      0.835351348,
      -0.72264117
    ]
  },
  {
    "timeStamp": 194537,
    "rotation": [
      [
        0.997962236,
        -0.06372438,
        -0.003251988
      ],
      [
        0.00556113338,
        0.0360926539,
        0.999332964
      ],
      [
        -0.0635645,
        -0.997314632,
        0.0363734849
      ]
    ],
    "translation": [
      2.10142565,
      0.8314233,
      -0.725525737
    ]
  },
  {
    "timeStamp": 194581,
    "rotation": [
      [
        0.9988223,
        -0.04590854,
        -0.01569842
      ],
      [
        0.01784216,
        0.04666523,
        0.9987512
      ],
      [
        -0.0451186374,
        -0.997855067,
        0.0474293754
      ]
    ],
    "translation": [
      2.10084629,
      0.827643156,
      -0.728934
    ]
  },
  {
    "timeStamp": 194636,
    "rotation": [
      [
        0.996718,
        -0.06596585,
        -0.04692395
      ],
      [
        0.0493964069,
        0.0363625549,
        0.9981171
      ],
      [
        -0.06413535,
        -0.9971591,
        0.0395016856
      ]
    ],
    "translation": [
      2.104755,
      0.823682,
      -0.7281552
    ]
  },
  {
    "timeStamp": 194680,
    "rotation": [
      [
        0.9952166,
        -0.06867419,
        -0.0694823
      ],
      [
        0.07209647,
        0.03634776,
        0.996735156
      ],
      [
        -0.0659244657,
        -0.9969768,
        0.0411250629
      ]
    ],
    "translation": [
      2.106428,
      0.8211504,
      -0.7282439
    ]
  },
  {
    "timeStamp": 194736,
    "rotation": [
      [
        0.9951185,
        -0.0711365342,
        -0.0684010461
      ],
      [
        0.0705605745,
        0.0282982849,
        0.997106
      ],
      [
        -0.0689950362,
        -0.997065067,
        0.0331795849
      ]
    ],
    "translation": [
      2.10602021,
      0.8217731,
      -0.7274215
    ]
  },
  {
    "timeStamp": 194781,
    "rotation": [
      [
        0.9956863,
        -0.0695340857,
        -0.0614315569
      ],
      [
        0.06406798,
        0.036340788,
        0.997283638
      ],
      [
        -0.0671127439,
        -0.9969174,
        0.04063893
      ]
    ],
    "translation": [
      2.10501361,
      0.822406232,
      -0.728055954
    ]
  }
]