[
  {
    "timeStamp": 4907,
    "rotation": [
      [
        -0.0001516655,
        1.0,
        -4.39811629E-05
      ],
      [
        -0.0334472135,
        3.88837725E-05,
        0.9994405
      ],
      [
        0.9994405,
        0.000153051675,
        0.033447206
      ]
    ],
    "translation": [
      1.61599791,
      0.706458747,
      -0.6198779
    ]
  },
  {
    "timeStamp": 4953,
    "rotation": [
      [
        -0.0134513341,
        0.9999095,
        -0.000325334055
      ],
      [
        -0.0271529965,
        -4.00335557E-05,
        0.9996313
      ],
      [
        0.9995408,
        0.0134552084,
        0.027151078
      ]
    ],
    "translation": [
      1.617462,
      0.7067631,
      -0.6203212
    ]
  },
  {
    "timeStamp": 5007,
    "rotation": [
      [
        -0.0425334573,
        0.998761833,
        0.0258022323
      ],
      [
        -0.029862348,
        -0.02708494,
        0.999187
      ],
      [
        0.998648643,
        0.0417283624,
        0.0309773888
      ]
    ],
    "translation": [
      1.6171087,
      0.7232394,
      -0.627012432
    ]
  },
  {
    "timeStamp": 5063,
    "rotation": [
      [
        -0.05066658,
        0.9954185,
        0.08108545
      ],
      [
        -0.0387238339,
        -0.0830867141,
        0.995789647
      ],
      [
        0.9979646,
        0.0473133028,
        0.04275614
      ]
    ],
    "translation": [
      1.6157161,
      0.7568966,
      -0.63532865
    ]
  },
  {
    "timeStamp": 5107,
    "rotation": [
      [
        -0.03585722,
        0.990205348,
        0.134935424
      ],
      [
        -0.0336219147,
        -0.136141136,
        0.990118742
      ],
      [
        0.9987912,
        0.03096611,
        0.0381742455
      ]
    ],
    "translation": [
      1.62190461,
      0.7894846,
      -0.637070954
    ]
  },
  {
    "timeStamp": 5162,
    "rotation": [
      [
        0.0105071571,
        0.974356651,
        0.224763572
      ],
      [
        -0.0420790352,
        -0.224146023,
        0.9736467
      ],
      [
        0.999059,
        -0.0196880959,
        0.038644854
      ]
    ],
    "translation": [
      1.62849283,
      0.837094963,
      -0.64015317
    ]
  },
  {
    "timeStamp": 5207,
    "rotation": [
      [
        0.0570293255,
        0.9574133,
        0.283032656
      ],
      [
        -0.0175118111,
        -0.282491148,
        0.9591101
      ],
      [
        0.998218954,
        -0.0596538149,
        0.000655761745
      ]
    ],
    "translation": [
      1.6467768,
      0.8738715,
      -0.633199334
    ]
  },
  {
    "timeStamp": 5262,
    "rotation": [
      [
        0.141649961,
        0.9198316,
        0.365848452
      ],
      [
        0.018757686,
        -0.372002631,
        0.9280421
      ],
      [
        0.98973906,
        -0.124594659,
        -0.06994808
      ]
    ],
    "translation": [
      1.66968262,
      0.9240049,
      -0.6126143
    ]
  },
  {
    "timeStamp": 5307,
    "rotation": [
      [
        0.251226336,
        0.8795719,
        0.404028177
      ],
      [
        0.06241637,
        -0.431267977,
        0.9000623
      ],
      [
        0.9659139,
        -0.200901389,
        -0.163245544
      ]
    ],
    "translation": [
      1.70447016,
      0.9637468,
      -0.587853134
    ]
  },
  {
    "timeStamp": 5363,
    "rotation": [
      [
        0.411418945,
        0.8169689,
        0.404099315
      ],
      [
        0.107232034,
        -0.483667642,
        0.8686581
      ],
      [
        0.905116439,
        -0.314050019,
        -0.286595255
      ]
    ],
    "translation": [
      1.76273155,
      1.00978,
      -0.5479763
    ]
  },
  {
    "timeStamp": 5407,
    "rotation": [
      [
        0.5474344,
        0.7391557,
        0.392382979
      ],
      [
        0.121237263,
        -0.533985436,
        0.8367563
      ],
      [
        0.828020036,
        -0.410497725,
        -0.381935179
      ]
    ],
    "translation": [
      1.81901526,
      1.04499888,
      -0.5252903
    ]
  },
  {
    "timeStamp": 5462,
    "rotation": [
      [
        0.735009968,
        0.5806918,
        0.3500818
      ],
      [
        0.0911018252,
        -0.5961942,
        0.7976546
      ],
      [
        0.671908259,
        -0.554391,
        -0.4911108
      ]
    ],
    "translation": [
      1.90107667,
      1.08289146,
      -0.496832252
    ]
  },
  {
    "timeStamp": 5507,
    "rotation": [
      [
        0.815477252,
        0.4973704,
        0.296006083
      ],
      [
        0.08260538,
        -0.6062012,
        0.7910098
      ],
      [
        0.572864056,
        -0.6205988,
        -0.5354287
      ]
    ],
    "translation": [
      1.9629935,
      1.094475,
      -0.497481138
    ]
  },
  {
    "timeStamp": 5562,
    "rotation": [
      [
        0.853429258,
        0.48148334,
        0.1995801
      ],
      [
        0.09436366,
        -0.519324839,
        0.849351048
      ],
      [
        0.5125953,
        -0.7060279,
        -0.4886416
      ]
    ],
    "translation": [
      2.04063177,
      1.0746659,
      -0.5279461
    ]
  },
  {
    "timeStamp": 5607,
    "rotation": [
      [
        0.901603758,
        0.403409839,
        0.156112611
      ],
      [
        0.0698702261,
        -0.491979867,
        0.8677983
      ],
      [
        0.426882654,
        -0.7715026,
        -0.471757233
      ]
    ],
    "translation": [
      2.08491278,
      1.059182,
      -0.5454548
    ]
  },
  {
    "timeStamp": 5662,
    "rotation": [
      [
        0.934219658,
        0.327626169,
        0.141048715
      ],
      [
        0.0134744644,
        -0.4275608,
        0.9038862
      ],
      [
        0.356443644,
        -0.8425277,
        -0.4038503
      ]
    ],
    "translation": [
      2.120725,
      1.028137,
      -0.576864958
    ]
  },
  {
    "timeStamp": 5707,
    "rotation": [
      [
        0.9613165,
        0.266526222,
        0.06952948
      ],
      [
        0.0303296316,
        -0.353313655,
        0.9350131
      ],
      [
        0.273771226,
        -0.8967347,
        -0.3477299
      ]
    ],
    "translation": [
      2.15519977,
      0.995642662,
      -0.596799254
    ]
  },
  {
    "timeStamp": 5754,
    "rotation": [
      [
        0.972711146,
        0.227520362,
        0.04546987
      ],
      [
        0.0194720533,
        -0.2753341,
        0.961151361
      ],
      [
        0.231200919,
        -0.934037268,
        -0.272250831
      ]
    ],
    "translation": [
      2.1741116,
      0.961997,
      -0.619907856
    ]
  },
  {
    "timeStamp": 5813,
    "rotation": [
      [
        0.9860901,
        0.154592112,
        0.0610537
      ],
      [
        -0.0281368755,
        -0.206764609,
        0.977986038
      ],
      [
        0.163812682,
        -0.9661002,
        -0.199538782
      ]
    ],
    "translation": [
      2.18402839,
      0.9185812,
      -0.6410536
    ]
  },
  {
    "timeStamp": 5857,
    "rotation": [
      [
        0.9891399,
        0.146670848,
        0.009481892
      ],
      [
        0.012626647,
        -0.149073243,
        0.9887455
      ],
      [
        0.146433637,
        -0.9778879,
        -0.149306253
      ]
    ],
    "translation": [
      2.19887733,
      0.8894417,
      -0.648691535
    ]
  },
  {
    "timeStamp": 5912,
    "rotation": [
      [
        0.9940776,
        0.0932092145,
        0.0558715574
      ],
      [
        -0.0452060327,
        -0.112851985,
        0.9925829
      ],
      [
        0.0988230854,
        -0.9892302,
        -0.107970014
      ]
    ],
    "translation": [
      2.19223785,
      0.8630512,
      -0.6508962
    ]
  },
  {
    "timeStamp": 5957,
    "rotation": [
      [
        0.9957399,
        0.09035621,
        0.0183814913
      ],
      [
        -0.014329182,
        -0.04529403,
        0.9988709
      ],
      [
        0.0910867751,
        -0.994878948,
        -0.0438063443
      ]
    ],
    "translation": [
      2.20073557,
      0.8378612,
      -0.6550642
    ]
  },
  {
    "timeStamp": 6013,
    "rotation": [
      [
        0.9985672,
        0.0441532955,
        0.0302339531
      ],
      [
        -0.0291026272,
        -0.0260447133,
        0.999237061
      ],
      [
        0.04490705,
        -0.998685241,
        -0.02472242
      ]
    ],
    "translation": [
      2.204607,
      0.8169031,
      -0.64658314
    ]
  },
  {
    "timeStamp": 6057,
    "rotation": [
      [
        0.999713063,
        0.02383535,
        -0.002373304
      ],
      [
        0.002085272,
        0.0121018244,
        0.9999246
      ],
      [
        0.0238622725,
        -0.9996426,
        0.0120486487
      ]
    ],
    "translation": [
      2.21522975,
      0.799652159,
      -0.642582655
    ]
  },
  {
    "timeStamp": 6112,
    "rotation": [
      [
        0.9999113,
        0.005843305,
        -0.0119704241
      ],
      [
        0.0118305366,
        0.0234144572,
        0.999655843
      ],
      [
        0.006121574,
        -0.999708831,
        0.02334325
      ]
    ],
    "translation": [
      2.223449,
      0.782977,
      -0.63621366
    ]
  },
  {
    "timeStamp": 6157,
    "rotation": [
      [
        0.9999232,
        -0.000406408217,
        -0.0123891523
      ],
      [
        0.0123957237,
        0.036639452,
        0.999251664
      ],
      [
        4.783048E-05,
        -0.9993285,
        0.036641676
      ]
    ],
    "translation": [
      2.2233963,
      0.773689449,
      -0.63087225
    ]
  },
  {
    "timeStamp": 6213,
    "rotation": [
      [
        0.9997257,
        -0.0163759775,
        -0.01674256
      ],
      [
        0.0173317157,
        0.036522463,
        0.9991825
      ],
      [
        -0.0157511067,
        -0.9991986,
        0.0367962681
      ]
    ],
    "translation": [
      2.2294004,
      0.7625448,
      -0.623243034
    ]
  },
  {
    "timeStamp": 6259,
    "rotation": [
      [
        0.9995474,
        -0.0241226256,
        -0.0179741252
      ],
      [
        0.0187583528,
        0.0326874256,
        0.9992896
      ],
      [
        -0.023517957,
        -0.9991745,
        0.033125136
      ]
    ],
    "translation": [
      2.23068762,
      0.754915059,
      -0.6167527
    ]
  },
  {
    "timeStamp": 6304,
    "rotation": [
      [
        0.9994054,
        -0.0159923062,
        -0.0305480771
      ],
      [
        0.0311176647,
        0.0366696455,
        0.998842835
      ],
      [
        -0.0148536051,
        -0.99919945,
        0.0371454842
      ]
    ],
    "translation": [
      2.23494434,
      0.7450263,
      -0.6134078
    ]
  },
  {
    "timeStamp": 6361,
    "rotation": [
      [
        0.9985995,
        -0.0348669142,
        -0.0397905037
      ],
      [
        0.0401908047,
        0.010855848,
        0.99913305
      ],
      [
        -0.03440473,
        -0.999332964,
        0.0122419735
      ]
    ],
    "translation": [
      2.24054,
      0.736072063,
      -0.6038885
    ]
  },
  {
    "timeStamp": 6406,
    "rotation": [
      [
        0.9981812,
        -0.02303062,
        -0.05571165
      ],
      [
        0.0557661168,
        0.00172918243,
        0.998442352
      ],
      [
        -0.02289841,
        -0.999733269,
        0.00301036588
      ]
    ],
    "translation": [
      2.2451582,
      0.732279062,
      -0.599734366
    ]
  }
]