[
  {
    "timeStamp": 10437,
    "rotation": [
      [
        0.06123092,
        0.9980439,
        -0.0126183731
      ],
      [
        0.09723681,
        0.006617345,
        0.995239258
      ],
      [
        0.993375957,
        -0.06216639,
        -0.09664142
      ]
    ],
    "translation": [
      1.15439963,
      0.6997529,
      -0.6136639
    ]
  },
  {
    "timeStamp": 10482,
    "rotation": [
      [
        0.0780836,
        0.996868,
        -0.0125335054
      ],
      [
        0.182200134,
        -0.001909131,
        0.9832596
      ],
      [
        0.9801561,
        -0.07906005,
        -0.18177855
      ]
    ],
    "translation": [
      1.15916526,
      0.7047359,
      -0.594759
    ]
  },
  {
    "timeStamp": 10539,
    "rotation": [
      [
        0.0970420539,
        0.9936341,
        0.0572198369
      ],
      [
        0.195743769,
        -0.07542223,
        0.9777504
      ],
      [
        0.975841761,
        -0.08368249,
        -0.201816812
      ]
    ],
    "translation": [
      1.15591156,
      0.724814057,
      -0.5896885
    ]
  },
  {
    "timeStamp": 10593,
    "rotation": [
      [
        0.118691333,
        0.9842571,
        0.130959243
      ],
      [
        0.19531855,
        -0.15245834,
        0.968817353
      ],
      [
        0.9735312,
        -0.08941143,
        -0.210339159
      ]
    ],
    "translation": [
      1.16117489,
      0.756769657,
      -0.591248035
    ]
  },
  {
    "timeStamp": 10638,
    "rotation": [
      [
        0.153610453,
        0.969028533,
        0.1933589
      ],
      [
        0.16880779,
        -0.218539521,
        0.961116254
      ],
      [
        0.9736056,
        -0.114997029,
        -0.1971495
      ]
    ],
    "translation": [
      1.17594647,
      0.785209835,
      -0.594597459
    ]
  },
  {
    "timeStamp": 10682,
    "rotation": [
      [
        0.180431664,
        0.9494538,
        0.256869644
      ],
      [
        0.157904163,
        -0.285729617,
        0.9452115
      ],
      [
        0.9708299,
        -0.129985288,
        -0.201477364
      ]
    ],
    "translation": [
      1.195415,
      0.817550063,
      -0.5961673
    ]
  },
  {
    "timeStamp": 10737,
    "rotation": [
      [
        0.2231318,
        0.9206178,
        0.320429534
      ],
      [
        0.143489361,
        -0.3561561,
        0.9233437
      ],
      [
        0.9641696,
        -0.160049111,
        -0.211568609
      ]
    ],
    "translation": [
      1.23550725,
      0.8539825,
      -0.596582651
    ]
  },
  {
    "timeStamp": 10782,
    "rotation": [
      [
        0.266921818,
        0.8953381,
        0.356542319
      ],
      [
        0.121196777,
        -0.398214281,
        0.9092507
      ],
      [
        0.956067,
        -0.199487075,
        -0.214804173
      ]
    ],
    "translation": [
      1.27085876,
      0.879940569,
      -0.594594061
    ]
  },
  {
    "timeStamp": 10838,
    "rotation": [
      [
        0.346533537,
        0.854467452,
        0.387039781
      ],
      [
        0.113512777,
        -0.447772056,
        0.8869132
      ],
      [
        0.931144059,
        -0.2634112,
        -0.252161
      ]
    ],
    "translation": [
      1.32914567,
      0.9112717,
      -0.582630634
    ]
  },
  {
    "timeStamp": 10882,
    "rotation": [
      [
        0.427443743,
        0.803457141,
        0.414425552
      ],
      [
        0.09158251,
        -0.4945395,
        0.8643167
      ],
      [
        0.8993912,
        -0.331492633,
        -0.284970433
      ]
    ],
    "translation": [
      1.37837934,
      0.9395653,
      -0.5667378
    ]
  },
  {
    "timeStamp": 10938,
    "rotation": [
      [
        0.5509737,
        0.723846436,
        0.415300339
      ],
      [
        0.08631609,
        -0.5444113,
        0.834365547
      ],
      [
        0.8300467,
        -0.4238664,
        -0.362435937
      ]
    ],
    "translation": [
      1.45098531,
      0.9711232,
      -0.54008913
    ]
  },
  {
    "timeStamp": 10982,
    "rotation": [
      [
        0.6555376,
        0.654634356,
        0.376462847
      ],
      [
        0.1167197,
        -0.5803617,
        0.8059509
      ],
      [
        0.74608773,
        -0.4843905,
        -0.456857651
      ]
    ],
    "translation": [
      1.52210116,
      0.996416569,
      -0.5089759
    ]
  },
  {
    "timeStamp": 11037,
    "rotation": [
      [
        0.779699266,
        0.552193761,
        0.29521355
      ],
      [
        0.1338901,
        -0.607596,
        0.782879651
      ],
      [
        0.611671865,
        -0.5708845,
        -0.547675431
      ]
    ],
    "translation": [
      1.61713827,
      1.01850617,
      -0.4817565
    ]
  },
  {
    "timeStamp": 11082,
    "rotation": [
      [
        0.8601095,
        0.472086877,
        0.19325006
      ],
      [
        0.167085111,
        -0.618669033,
        0.7676791
      ],
      [
        0.481969059,
        -0.6279989,
        -0.6110018
      ]
    ],
    "translation": [
      1.70791352,
      1.03226447,
      -0.459976852
    ]
  },
  {
    "timeStamp": 11137,
    "rotation": [
      [
        0.9204823,
        0.382165432,
        0.0816210359
      ],
      [
        0.1760467,
        -0.591997445,
        0.7864773
      ],
      [
        0.3488839,
        -0.709569335,
        -0.6122021
      ]
    ],
    "translation": [
      1.80668378,
      1.03325558,
      -0.4568063
    ]
  },
  {
    "timeStamp": 11193,
    "rotation": [
      [
        0.9592756,
        0.28247118,
        0.0006053076
      ],
      [
        0.162194818,
        -0.5525675,
        0.8175341
      ],
      [
        0.2312643,
        -0.7841423,
        -0.5758799
      ]
    ],
    "translation": [
      1.90032816,
      1.02519584,
      -0.468503058
    ]
  },
  {
    "timeStamp": 11237,
    "rotation": [
      [
        0.976419,
        0.21560578,
        -0.0109610967
      ],
      [
        0.119402014,
        -0.497044444,
        0.8594707
      ],
      [
        0.1798587,
        -0.840512335,
        -0.5110674
      ]
    ],
    "translation": [
      1.95236981,
      1.01157832,
      -0.485397935
    ]
  },
  {
    "timeStamp": 11293,
    "rotation": [
      [
        0.9894116,
        0.145135045,
        -0.000743155833
      ],
      [
        0.057620924,
        -0.3881023,
        0.9198133
      ],
      [
        0.133208722,
        -0.910116732,
        -0.3923557
      ]
    ],
    "translation": [
      2.00490522,
      0.979400754,
      -0.519290745
    ]
  },
  {
    "timeStamp": 11339,
    "rotation": [
      [
        0.9914865,
        0.104168721,
        -0.0781245
      ],
      [
        0.110343076,
        -0.3536328,
        0.9288532
      ],
      [
        0.06913007,
        -0.9295659,
        -0.362116456
      ]
    ],
    "translation": [
      2.052917,
      0.967065334,
      -0.531068265
    ]
  },
  {
    "timeStamp": 11392,
    "rotation": [
      [
        0.9969499,
        0.0682805851,
        -0.0377970636
      ],
      [
        0.0545543432,
        -0.263380468,
        0.963148236
      ],
      [
        0.0558093153,
        -0.9622726,
        -0.266302139
      ]
    ],
    "translation": [
      2.07653165,
      0.936014652,
      -0.5595782
    ]
  },
  {
    "timeStamp": 11436,
    "rotation": [
      [
        0.993529856,
        0.06074872,
        -0.09595807
      ],
      [
        0.107962757,
        -0.242965892,
        0.9640081
      ],
      [
        0.0352477133,
        -0.968130767,
        -0.247952476
      ]
    ],
    "translation": [
      2.102787,
      0.920735538,
      -0.5652763
    ]
  },
  {
    "timeStamp": 11486,
    "rotation": [
      [
        0.9961301,
        0.04913577,
        -0.07287295
      ],
      [
        0.08176052,
        -0.213821813,
        0.9734451
      ],
      [
        0.032249134,
        -0.9756361,
        -0.2170117
      ]
    ],
    "translation": [
      2.11380458,
      0.9021691,
      -0.5710651
    ]
  },
  {
    "timeStamp": 11532,
    "rotation": [
      [
        0.9974152,
        0.0390568823,
        -0.06031246
      ],
      [
        0.06630837,
        -0.17695035,
        0.9819836
      ],
      [
        0.0276809148,
        -0.9834446,
        -0.179082751
      ]
    ],
    "translation": [
      2.12157965,
      0.876921833,
      -0.576483369
    ]
  },
  {
    "timeStamp": 11588,
    "rotation": [
      [
        0.9969966,
        0.0427008644,
        -0.06461022
      ],
      [
        0.06990756,
        -0.1371822,
        0.9880759
      ],
      [
        0.0333283357,
        -0.989625037,
        -0.1397553
      ]
    ],
    "translation": [
      2.13150382,
      0.8483336,
      -0.577040434
    ]
  },
  {
    "timeStamp": 11632,
    "rotation": [
      [
        0.9975186,
        0.0475223549,
        -0.0519450828
      ],
      [
        0.0565576963,
        -0.101514138,
        0.9932251
      ],
      [
        0.04192723,
        -0.9936984,
        -0.103949994
      ]
    ],
    "translation": [
      2.131188,
      0.825654,
      -0.5794527
    ]
  },
  {
    "timeStamp": 11688,
    "rotation": [
      [
        0.9973525,
        0.0567825548,
        -0.0454273224
      ],
      [
        0.0491133668,
        -0.0653002858,
        0.9966563
      ],
      [
        0.0536262877,
        -0.9962487,
        -0.06791619
      ]
    ],
    "translation": [
      2.133293,
      0.802118659,
      -0.580001235
    ]
  },
  {
    "timeStamp": 11732,
    "rotation": [
      [
        0.9963324,
        0.06709666,
        -0.0531013459
      ],
      [
        0.0560647,
        -0.04308154,
        0.997497261
      ],
      [
        0.0646410659,
        -0.9968159,
        -0.0466852859
      ]
    ],
    "translation": [
      2.136346,
      0.7850449,
      -0.5807178
    ]
  },
  {
    "timeStamp": 11788,
    "rotation": [
      [
        0.9943851,
        0.07787996,
        -0.07164443
      ],
      [
        0.0737947151,
        -0.0250884816,
        0.996957839
      ],
      [
        0.07584559,
        -0.996647,
        -0.0306947436
      ]
    ],
    "translation": [
      2.14423728,
      0.767440259,
      -0.5785139
    ]
  },
  {
    "timeStamp": 11843,
    "rotation": [
      [
        0.9908572,
        0.0619468167,
        -0.119852223
      ],
      [
        0.121168539,
        -0.0179347117,
        0.9924699
      ],
      [
        0.0593308359,
        -0.9979183,
        -0.0252767447
      ]
    ],
    "translation": [
      2.16111135,
      0.7532109,
      -0.5746956
    ]
  }
]