[
  {
    "timeStamp": 7739,
    "rotation": [
      [
        0.0462309979,
        0.9989107,
        -0.00633517746
      ],
      [
        0.04328806,
        0.004332649,
        0.99905324
      ],
      [
        0.9979924,
        -0.0464614667,
        -0.0430406034
      ]
    ],
    "translation": [
      1.30777085,
      0.700627148,
      -0.616817653
    ]
  },
  {
    "timeStamp": 7784,
    "rotation": [
      [
        0.0368487835,
        0.9990426,
        0.0235796049
      ],
      [
        0.0594021529,
        -0.02574368,
        0.9979021
      ],
      [
        0.9975537,
        -0.035370782,
        -0.0602939054
      ]
    ],
    "translation": [
      1.3040123,
      0.7101882,
      -0.6123897
    ]
  },
  {
    "timeStamp": 7839,
    "rotation": [
      [
        0.0571572632,
        0.9925493,
        0.107605293
      ],
      [
        0.0376769528,
        -0.109849185,
        0.9932339
      ],
      [
        0.997654,
        -0.0527163,
        -0.043674916
      ]
    ],
    "translation": [
      1.295047,
      0.7408013,
      -0.6194503
    ]
  },
  {
    "timeStamp": 7884,
    "rotation": [
      [
        0.06144781,
        0.98562026,
        0.157406971
      ],
      [
        0.04536995,
        -0.16030018,
        0.986025035
      ],
      [
        0.997078657,
        -0.05344752,
        -0.05456763
      ]
    ],
    "translation": [
      1.30002773,
      0.767055631,
      -0.621359348
    ]
  },
  {
    "timeStamp": 7939,
    "rotation": [
      [
        0.102565296,
        0.9689754,
        0.224871129
      ],
      [
        0.028123429,
        -0.228797674,
        0.9730677
      ],
      [
        0.9943287,
        -0.0934788361,
        -0.05071761
      ]
    ],
    "translation": [
      1.318431,
      0.802884638,
      -0.6262294
    ]
  },
  {
    "timeStamp": 7983,
    "rotation": [
      [
        0.1324923,
        0.9526322,
        0.273747534
      ],
      [
        0.000512651633,
        -0.276248157,
        0.9610862
      ],
      [
        0.991183937,
        -0.1271962,
        -0.0370891243
      ]
    ],
    "translation": [
      1.33981347,
      0.8296312,
      -0.633307338
    ]
  },
  {
    "timeStamp": 8039,
    "rotation": [
      [
        0.204791665,
        0.922876537,
        0.326127648
      ],
      [
        0.0142320674,
        -0.335961729,
        0.9417681
      ],
      [
        0.978702068,
        -0.188224792,
        -0.08193661
      ]
    ],
    "translation": [
      1.37938857,
      0.86305666,
      -0.6254475
    ]
  },
  {
    "timeStamp": 8083,
    "rotation": [
      [
        0.2998949,
        0.8760814,
        0.3775505
      ],
      [
        -0.0005222968,
        -0.3956159,
        0.9184159
      ],
      [
        0.9539721,
        -0.275625437,
        -0.118185624
      ]
    ],
    "translation": [
      1.41686082,
      0.892738461,
      -0.612677932
    ]
  },
  {
    "timeStamp": 8139,
    "rotation": [
      [
        0.4410485,
        0.800425053,
        0.405950576
      ],
      [
        0.0170116089,
        -0.4596957,
        0.8879135
      ],
      [
        0.897322,
        -0.384707063,
        -0.216364622
      ]
    ],
    "translation": [
      1.47778511,
      0.930297732,
      -0.5811197
    ]
  },
  {
    "timeStamp": 8183,
    "rotation": [
      [
        0.5614743,
        0.713021159,
        0.419937462
      ],
      [
        0.009811953,
        -0.5131818,
        0.858223855
      ],
      [
        0.827436,
        -0.477750242,
        -0.295134544
      ]
    ],
    "translation": [
      1.5368731,
      0.962429,
      -0.5564662
    ]
  },
  {
    "timeStamp": 8239,
    "rotation": [
      [
        0.704240561,
        0.597013652,
        0.384213418
      ],
      [
        0.02274852,
        -0.559872448,
        0.828266442
      ],
      [
        0.7095969,
        -0.574558556,
        -0.4078661
      ]
    ],
    "translation": [
      1.62547457,
      0.9970912,
      -0.52330935
    ]
  },
  {
    "timeStamp": 8283,
    "rotation": [
      [
        0.8095266,
        0.497852117,
        0.311142862
      ],
      [
        0.0507875867,
        -0.5873808,
        0.8077155
      ],
      [
        0.584882259,
        -0.638065,
        -0.5007852
      ]
    ],
    "translation": [
      1.70910215,
      1.01943731,
      -0.499587834
    ]
  },
  {
    "timeStamp": 8339,
    "rotation": [
      [
        0.900193632,
        0.394177645,
        0.18513611
      ],
      [
        0.0931731,
        -0.5896038,
        0.8023005
      ],
      [
        0.4254059,
        -0.704976141,
        -0.5674843
      ]
    ],
    "translation": [
      1.81703317,
      1.03572822,
      -0.4844049
    ]
  },
  {
    "timeStamp": 8383,
    "rotation": [
      [
        0.9436771,
        0.317546576,
        0.09293887
      ],
      [
        0.109533012,
        -0.564880252,
        0.8178709
      ],
      [
        0.312211424,
        -0.7616262,
        -0.5678464
      ]
    ],
    "translation": [
      1.89724517,
      1.036701,
      -0.487462223
    ]
  },
  {
    "timeStamp": 8439,
    "rotation": [
      [
        0.96783036,
        0.2503987,
        -0.0245950185
      ],
      [
        0.150570065,
        -0.4980994,
        0.8539471
      ],
      [
        0.201576471,
        -0.8301792,
        -0.519778252
      ]
    ],
    "translation": [
      1.98739147,
      1.02316,
      -0.5044948
    ]
  },
  {
    "timeStamp": 8483,
    "rotation": [
      [
        0.9798298,
        0.187299177,
        -0.06966114
      ],
      [
        0.146744281,
        -0.437762737,
        0.8870343
      ],
      [
        0.135645732,
        -0.879364967,
        -0.456418037
      ]
    ],
    "translation": [
      2.04154682,
      1.00422931,
      -0.523642063
    ]
  },
  {
    "timeStamp": 8536,
    "rotation": [
      [
        0.987635553,
        0.132624611,
        -0.08358658
      ],
      [
        0.125579864,
        -0.3501543,
        0.928235769
      ],
      [
        0.0938387,
        -0.9272554,
        -0.362479836
      ]
    ],
    "translation": [
      2.07924747,
      0.973091,
      -0.5475574
    ]
  },
  {
    "timeStamp": 8590,
    "rotation": [
      [
        0.9884366,
        0.09671497,
        -0.1167875
      ],
      [
        0.137440756,
        -0.246071726,
        0.9594575
      ],
      [
        0.0640558,
        -0.964414239,
        -0.256518871
      ]
    ],
    "translation": [
      2.12403536,
      0.9288582,
      -0.5756084
    ]
  },
  {
    "timeStamp": 8634,
    "rotation": [
      [
        0.990027547,
        0.06393608,
        -0.125529364
      ],
      [
        0.1359918,
        -0.201203346,
        0.9700636
      ],
      [
        0.0367651358,
        -0.9774607,
        -0.207891628
      ]
    ],
    "translation": [
      2.14263916,
      0.9006561,
      -0.588488936
    ]
  },
  {
    "timeStamp": 8690,
    "rotation": [
      [
        0.992845953,
        0.0571921021,
        -0.104813591
      ],
      [
        0.112324327,
        -0.149639785,
        0.9823396
      ],
      [
        0.04049776,
        -0.987085044,
        -0.154993325
      ]
    ],
    "translation": [
      2.152109,
      0.866301656,
      -0.597423434
    ]
  },
  {
    "timeStamp": 8733,
    "rotation": [
      [
        0.9935197,
        0.054554414,
        -0.09971166
      ],
      [
        0.1059007,
        -0.125733227,
        0.986395538
      ],
      [
        0.0412751473,
        -0.990563,
        -0.13069579
      ]
    ],
    "translation": [
      2.15539527,
      0.8449323,
      -0.5977054
    ]
  },
  {
    "timeStamp": 8789,
    "rotation": [
      [
        0.9944809,
        0.0503984727,
        -0.0920200944
      ],
      [
        0.09677229,
        -0.101793826,
        0.99008745
      ],
      [
        0.0405318253,
        -0.993528,
        -0.106109194
      ]
    ],
    "translation": [
      2.16256428,
      0.8202393,
      -0.5947862
    ]
  },
  {
    "timeStamp": 8833,
    "rotation": [
      [
        0.9931516,
        0.05212561,
        -0.104560338
      ],
      [
        0.108622685,
        -0.08239264,
        0.9906627
      ],
      [
        0.0430239,
        -0.99523586,
        -0.08749041
      ]
    ],
    "translation": [
      2.168518,
      0.8025932,
      -0.5902792
    ]
  },
  {
    "timeStamp": 8889,
    "rotation": [
      [
        0.9953822,
        0.0464955,
        -0.08397921
      ],
      [
        0.0869169161,
        -0.06524921,
        0.994076431
      ],
      [
        0.0407404862,
        -0.9967852,
        -0.06898914
      ]
    ],
    "translation": [
      2.17209029,
      0.782052,
      -0.584404349
    ]
  },
  {
    "timeStamp": 8933,
    "rotation": [
      [
        0.9930575,
        0.0652326941,
        -0.09788524
      ],
      [
        0.101025917,
        -0.0467177741,
        0.9937863
      ],
      [
        0.0602543578,
        -0.996775866,
        -0.05298363
      ]
    ],
    "translation": [
      2.17900014,
      0.766409755,
      -0.5814554
    ]
  },
  {
    "timeStamp": 8992,
    "rotation": [
      [
        0.991406143,
        0.06030939,
        -0.116088852
      ],
      [
        0.118281849,
        -0.034151,
        0.9923926
      ],
      [
        0.05588603,
        -0.99759537,
        -0.0409910157
      ]
    ],
    "translation": [
      2.191843,
      0.7491241,
      -0.575736046
    ]
  },
  {
    "timeStamp": 9034,
    "rotation": [
      [
        0.989805043,
        0.05734436,
        -0.130374923
      ],
      [
        0.132509679,
        -0.0351335481,
        0.990558863
      ],
      [
        0.0522224419,
        -0.9977361,
        -0.0423740447
      ]
    ],
    "translation": [
      2.201123,
      0.7383098,
      -0.5701364
    ]
  }
]