[
  {
    "timeStamp": 14225,
    "rotation": [
      [
        0.9788157,
        0.19348377,
        -0.0669615045
      ],
      [
        0.07518255,
        -0.03545566,
        0.996539235
      ],
      [
        0.19044,
        -0.9804626,
        -0.0492511578
      ]
    ],
    "translation": [
      1.74995124,
      0.7020628,
      -0.482073545
    ]
  },
  {
    "timeStamp": 14280,
    "rotation": [
      [
        0.987000644,
        0.159617558,
        0.0187611841
      ],
      [
        0.00243246253,
        -0.131557629,
        0.99130553
      ],
      [
        0.160697937,
        -0.9783736,
        -0.130235732
      ]
    ],
    "translation": [
      1.74418581,
      0.724902,
      -0.472992063
    ]
  },
  {
    "timeStamp": 14325,
    "rotation": [
      [
        0.9867734,
        0.1439462,
        0.07455017
      ],
      [
        -0.0458161,
        -0.193485484,
        0.9800328
      ],
      [
        0.155496359,
        -0.970485866,
        -0.184331283
      ]
    ],
    "translation": [
      1.74584424,
      0.7607068,
      -0.470937073
    ]
  },
  {
    "timeStamp": 14380,
    "rotation": [
      [
        0.981798768,
        0.08697334,
        0.168839723
      ],
      [
        -0.139263511,
        -0.2747909,
        0.9513651
      ],
      [
        0.129139051,
        -0.957562268,
        -0.257677168
      ]
    ],
    "translation": [
      1.76108134,
      0.8245019,
      -0.469407856
    ]
  },
  {
    "timeStamp": 14425,
    "rotation": [
      [
        0.9758886,
        0.0447705723,
        0.213628024
      ],
      [
        -0.186134174,
        -0.3404739,
        0.9216461
      ],
      [
        0.1139974,
        -0.9391874,
        -0.323931277
      ]
    ],
    "translation": [
      1.784475,
      0.875941,
      -0.4723218
    ]
  },
  {
    "timeStamp": 14480,
    "rotation": [
      [
        0.9670464,
        -0.0384282544,
        0.251683444
      ],
      [
        -0.244586349,
        -0.414738327,
        0.876452863
      ],
      [
        0.070702225,
        -0.9091289,
        -0.410470217
      ]
    ],
    "translation": [
      1.83398151,
      0.9406976,
      -0.479417324
    ]
  },
  {
    "timeStamp": 14525,
    "rotation": [
      [
        0.970008433,
        -0.08243785,
        0.228664875
      ],
      [
        -0.2398986,
        -0.476181626,
        0.84599036
      ],
      [
        0.0391443968,
        -0.875474155,
        -0.481676936
      ]
    ],
    "translation": [
      1.883142,
      0.9818704,
      -0.4866333
    ]
  },
  {
    "timeStamp": 14580,
    "rotation": [
      [
        0.9744191,
        -0.126807749,
        0.185545549
      ],
      [
        -0.224509686,
        -0.5120125,
        0.829119146
      ],
      [
        -0.01013708,
        -0.84956634,
        -0.527384341
      ]
    ],
    "translation": [
      1.94689822,
      1.00974059,
      -0.495145917
    ]
  },
  {
    "timeStamp": 14625,
    "rotation": [
      [
        0.980930865,
        -0.156324983,
        0.115486458
      ],
      [
        -0.1813009,
        -0.521873057,
        0.833533764
      ],
      [
        -0.07003289,
        -0.8385768,
        -0.540263236
      ]
    ],
    "translation": [
      2.00242829,
      1.01618469,
      -0.499593019
    ]
  },
  {
    "timeStamp": 14680,
    "rotation": [
      [
        0.9932845,
        -0.104775771,
        0.0490711443
      ],
      [
        -0.0955321044,
        -0.503482759,
        0.858707547
      ],
      [
        -0.06526526,
        -0.857628763,
        -0.5101111
      ]
    ],
    "translation": [
      2.04576921,
      1.0072099,
      -0.5071355
    ]
  },
  {
    "timeStamp": 14734,
    "rotation": [
      [
        0.9996035,
        -0.00301537081,
        -0.0279953349
      ],
      [
        0.0231131222,
        -0.479976267,
        0.876976967
      ],
      [
        -0.0160815064,
        -0.877276361,
        -0.479716241
      ]
    ],
    "translation": [
      2.06890249,
      0.995995164,
      -0.516375363
    ]
  },
  {
    "timeStamp": 14778,
    "rotation": [
      [
        0.9906764,
        0.1362171,
        -0.00227885554
      ],
      [
        0.0623034947,
        -0.438116968,
        0.8967563
      ],
      [
        0.121155143,
        -0.8885373,
        -0.44251895
      ]
    ],
    "translation": [
      2.07009721,
      0.986351848,
      -0.5308894
    ]
  },
  {
    "timeStamp": 14830,
    "rotation": [
      [
        0.9682729,
        0.241622657,
        -0.06376533
      ],
      [
        0.160028726,
        -0.403556526,
        0.90085125
      ],
      [
        0.191933155,
        -0.8824742,
        -0.429419428
      ]
    ],
    "translation": [
      2.079198,
      0.9736002,
      -0.538493752
    ]
  },
  {
    "timeStamp": 14875,
    "rotation": [
      [
        0.9404107,
        0.33665514,
        -0.0478655435
      ],
      [
        0.175868779,
        -0.3610615,
        0.91580826
      ],
      [
        0.291029155,
        -0.8696539,
        -0.398753226
      ]
    ],
    "translation": [
      2.07337737,
      0.9588381,
      -0.5463676
    ]
  },
  {
    "timeStamp": 14930,
    "rotation": [
      [
        0.901019454,
        0.427337646,
        -0.0744744539
      ],
      [
        0.235724047,
        -0.338236719,
        0.911059856
      ],
      [
        0.364140153,
        -0.8384381,
        -0.40549162
      ]
    ],
    "translation": [
      2.07187462,
      0.9444939,
      -0.5458139
    ]
  },
  {
    "timeStamp": 14975,
    "rotation": [
      [
        0.8814699,
        0.467761844,
        -0.0648825243
      ],
      [
        0.2493106,
        -0.3442566,
        0.905169368
      ],
      [
        0.401067466,
        -0.814055443,
        -0.4200698
      ]
    ],
    "translation": [
      2.06726861,
      0.9396055,
      -0.540612936
    ]
  },
  {
    "timeStamp": 15030,
    "rotation": [
      [
        0.864181161,
        0.5026746,
        -0.0225656927
      ],
      [
        0.219280049,
        -0.335857,
        0.9160329
      ],
      [
        0.4528876,
        -0.7965666,
        -0.400467783
      ]
    ],
    "translation": [
      2.05907869,
      0.9308865,
      -0.534852743
    ]
  },
  {
    "timeStamp": 15075,
    "rotation": [
      [
        0.8438708,
        0.5339031,
        -0.05319326
      ],
      [
        0.252971053,
        -0.308479,
        0.91697675
      ],
      [
        0.473167777,
        -0.787266254,
        -0.39537847
      ]
    ],
    "translation": [
      2.05954075,
      0.9181925,
      -0.528526247
    ]
  },
  {
    "timeStamp": 15130,
    "rotation": [
      [
        0.833156049,
        0.5522865,
        -0.0288196262
      ],
      [
        0.224504843,
        -0.290134341,
        0.9302793
      ],
      [
        0.505419135,
        -0.781538,
        -0.3657182
      ]
    ],
    "translation": [
      2.05626154,
      0.9066726,
      -0.5227741
    ]
  },
  {
    "timeStamp": 15175,
    "rotation": [
      [
        0.8232551,
        0.5672697,
        -0.02135382
      ],
      [
        0.2158869,
        -0.278074354,
        0.9359848
      ],
      [
        0.525017858,
        -0.7751643,
        -0.351392269
      ]
    ],
    "translation": [
      2.053355,
      0.899215639,
      -0.5188112
    ]
  },
  {
    "timeStamp": 15231,
    "rotation": [
      [
        0.8060692,
        0.5909173,
        -0.0327005722
      ],
      [
        0.218276083,
        -0.245482221,
        0.9445073
      ],
      [
        0.5500983,
        -0.76847595,
        -0.326858759
      ]
    ],
    "translation": [
      2.05312181,
      0.8834933,
      -0.516042352
    ]
  },
  {
    "timeStamp": 15277,
    "rotation": [
      [
        0.797866464,
        0.6022725,
        -0.0260194521
      ],
      [
        0.2016837,
        -0.226010084,
        0.9530179
      ],
      [
        0.5680958,
        -0.765628755,
        -0.3017944
      ]
    ],
    "translation": [
      2.05343056,
      0.871820748,
      -0.512802839
    ]
  },
  {
    "timeStamp": 15323,
    "rotation": [
      [
        0.795013666,
        0.6063146,
        -0.01832813
      ],
      [
        0.190957785,
        -0.221480936,
        0.9562852
      ],
      [
        0.575750351,
        -0.7637597,
        -0.291860849
      ]
    ],
    "translation": [
      2.05151439,
      0.8633983,
      -0.508001745
    ]
  },
  {
    "timeStamp": 15380,
    "rotation": [
      [
        0.7792909,
        0.6261698,
        -0.0248398464
      ],
      [
        0.181963384,
        -0.188173681,
        0.9651321
      ],
      [
        0.599662364,
        -0.7566386,
        -0.26058203
      ]
    ],
    "translation": [
      2.05059743,
      0.844152331,
      -0.5033762
    ]
  },
  {
    "timeStamp": 15424,
    "rotation": [
      [
        0.774399161,
        0.6322889,
        -0.022732364
      ],
      [
        0.173688084,
        -0.177901879,
        0.968598664
      ],
      [
        0.608390033,
        -0.754030347,
        -0.2475881
      ]
    ],
    "translation": [
      2.04901385,
      0.8317959,
      -0.4971339
    ]
  },
  {
    "timeStamp": 15480,
    "rotation": [
      [
        0.7655907,
        0.6425266,
        -0.0320990719
      ],
      [
        0.163589358,
        -0.146181375,
        0.975638032
      ],
      [
        0.6221811,
        -0.7521905,
        -0.217025638
      ]
    ],
    "translation": [
      2.04777265,
      0.810982049,
      -0.490980625
    ]
  },
  {
    "timeStamp": 15525,
    "rotation": [
      [
        0.7518796,
        0.657152057,
        -0.0531823337
      ],
      [
        0.157047242,
        -0.100173309,
        0.9824976
      ],
      [
        0.640322864,
        -0.747072,
        -0.178522184
      ]
    ],
    "translation": [
      2.04958558,
      0.790994,
      -0.489746928
    ]
  }
]