[
  {
    "timeStamp": 34616,
    "rotation": [
      [
        0.9554151,
        -0.01429648,
        0.29491955
      ],
      [
        -0.294478059,
        -0.119052067,
        0.9482137
      ],
      [
        0.0215546843,
        -0.9927851,
        -0.117954142
      ]
    ],
    "translation": [
      1.61752915,
      0.7064289,
      -0.7503891
    ]
  },
  {
    "timeStamp": 34671,
    "rotation": [
      [
        0.9542384,
        -0.07694707,
        0.288977742
      ],
      [
        -0.294775784,
        -0.07929157,
        0.952271044
      ],
      [
        -0.0503609851,
        -0.993877232,
        -0.0983452
      ]
    ],
    "translation": [
      1.61962509,
      0.711158454,
      -0.7530606
    ]
  },
  {
    "timeStamp": 34715,
    "rotation": [
      [
        0.925371945,
        -0.150810927,
        0.3477684
      ],
      [
        -0.361269146,
        -0.0731114,
        0.92959094
      ],
      [
        -0.114766628,
        -0.985855341,
        -0.122138575
      ]
    ],
    "translation": [
      1.61592889,
      0.728556931,
      -0.7502928
    ]
  },
  {
    "timeStamp": 34771,
    "rotation": [
      [
        0.8520232,
        -0.294456422,
        0.432841718
      ],
      [
        -0.459662944,
        -0.0251081623,
        0.887738466
      ],
      [
        -0.250532448,
        -0.955335,
        -0.156743452
      ]
    ],
    "translation": [
      1.61564028,
      0.7614832,
      -0.741871834
    ]
  },
  {
    "timeStamp": 34816,
    "rotation": [
      [
        0.7394504,
        -0.4397542,
        0.509734631
      ],
      [
        -0.5459426,
        0.051319208,
        0.8362494
      ],
      [
        -0.393903345,
        -0.896650732,
        -0.202132538
      ]
    ],
    "translation": [
      1.62366807,
      0.7956593,
      -0.7301124
    ]
  },
  {
    "timeStamp": 34871,
    "rotation": [
      [
        0.520722866,
        -0.622488439,
        0.5842567
      ],
      [
        -0.6136489,
        0.202876031,
        0.763070345
      ],
      [
        -0.5935341,
        -0.75587666,
        -0.27634716
      ]
    ],
    "translation": [
      1.64988267,
      0.841430545,
      -0.712644
    ]
  },
  {
    "timeStamp": 34915,
    "rotation": [
      [
        0.300888836,
        -0.732659,
        0.6104725
      ],
      [
        -0.6343867,
        0.3241891,
        0.701751351
      ],
      [
        -0.712053,
        -0.5984248,
        -0.3672442
      ]
    ],
    "translation": [
      1.68356574,
      0.875602961,
      -0.697905242
    ]
  },
  {
    "timeStamp": 34971,
    "rotation": [
      [
        0.0157005917,
        -0.7976685,
        0.602891743
      ],
      [
        -0.627030849,
        0.4618149,
        0.627343059
      ],
      [
        -0.7788362,
        -0.387881368,
        -0.492912
      ]
    ],
    "translation": [
      1.73838341,
      0.9129657,
      -0.6837312
    ]
  },
  {
    "timeStamp": 35015,
    "rotation": [
      [
        -0.191287056,
        -0.8103151,
        0.5538942
      ],
      [
        -0.623277843,
        0.536217332,
        0.569206238
      ],
      [
        -0.758244038,
        -0.236348167,
        -0.607622862
      ]
    ],
    "translation": [
      1.79166186,
      0.939763069,
      -0.6765568
    ]
  },
  {
    "timeStamp": 35071,
    "rotation": [
      [
        -0.392085344,
        -0.8066943,
        0.442168921
      ],
      [
        -0.6190816,
        0.5869095,
        0.5217999
      ],
      [
        -0.6804462,
        -0.06914858,
        -0.729528248
      ]
    ],
    "translation": [
      1.86388946,
      0.966616631,
      -0.674228
    ]
  },
  {
    "timeStamp": 35115,
    "rotation": [
      [
        -0.536626935,
        -0.769323945,
        0.346658677
      ],
      [
        -0.6036499,
        0.637055635,
        0.479340017
      ],
      [
        -0.5896086,
        0.04796626,
        -0.806263566
      ]
    ],
    "translation": [
      1.92418611,
      0.9845855,
      -0.6785317
    ]
  },
  {
    "timeStamp": 35171,
    "rotation": [
      [
        -0.687217236,
        -0.69020164,
        0.2266145
      ],
      [
        -0.562562466,
        0.7029919,
        0.4351159
      ],
      [
        -0.45962587,
        0.171534345,
        -0.871389747
      ]
    ],
    "translation": [
      1.99584651,
      0.9988269,
      -0.6894939
    ]
  },
  {
    "timeStamp": 35214,
    "rotation": [
      [
        -0.7924781,
        -0.5902981,
        0.153383657
      ],
      [
        -0.492627263,
        0.7677964,
        0.409642577
      ],
      [
        -0.359578669,
        0.249071792,
        -0.8992588
      ]
    ],
    "translation": [
      2.04865718,
      1.0020225,
      -0.701354
    ]
  },
  {
    "timeStamp": 35268,
    "rotation": [
      [
        -0.8621219,
        -0.499755949,
        0.0836061537
      ],
      [
        -0.433790028,
        0.813224,
        0.387934148
      ],
      [
        -0.261862934,
        0.298179,
        -0.91788733
      ]
    ],
    "translation": [
      2.093629,
      0.9988136,
      -0.711622953
    ]
  },
  {
    "timeStamp": 35313,
    "rotation": [
      [
        -0.9172063,
        -0.398199439,
        0.0130311437
      ],
      [
        -0.362668425,
        0.848011553,
        0.386455655
      ],
      [
        -0.16493699,
        0.349733561,
        -0.9222159
      ]
    ],
    "translation": [
      2.145148,
      0.984683931,
      -0.723944664
    ]
  },
  {
    "timeStamp": 35366,
    "rotation": [
      [
        -0.9490114,
        -0.3151016,
        -0.009402159
      ],
      [
        -0.2957724,
        0.8796849,
        0.372388333
      ],
      [
        -0.109069213,
        0.356181681,
        -0.928029358
      ]
    ],
    "translation": [
      2.17853069,
      0.9665606,
      -0.7301514
    ]
  },
  {
    "timeStamp": 35421,
    "rotation": [
      [
        -0.956533253,
        -0.2915819,
        -0.004920394
      ],
      [
        -0.27053985,
        0.880953431,
        0.3882387
      ],
      [
        -0.108868733,
        0.372694373,
        -0.921545744
      ]
    ],
    "translation": [
      2.201885,
      0.94360584,
      -0.7296155
    ]
  },
  {
    "timeStamp": 35465,
    "rotation": [
      [
        -0.9556628,
        -0.2942024,
        0.0123964455
      ],
      [
        -0.267107666,
        0.883832633,
        0.384048671
      ],
      [
        -0.123944424,
        0.363709837,
        -0.923229635
      ]
    ],
    "translation": [
      2.210043,
      0.9302579,
      -0.725446463
    ]
  },
  {
    "timeStamp": 35521,
    "rotation": [
      [
        -0.9775636,
        -0.194627851,
        0.08055601
      ],
      [
        -0.155659959,
        0.9251441,
        0.346234679
      ],
      [
        -0.141912833,
        0.325927079,
        -0.934683
      ]
    ],
    "translation": [
      2.21171975,
      0.9141941,
      -0.715436637
    ]
  },
  {
    "timeStamp": 35566,
    "rotation": [
      [
        -0.9826455,
        -0.154563934,
        0.102556467
      ],
      [
        -0.113144219,
        0.937558234,
        0.328911781
      ],
      [
        -0.146990553,
        0.3116,
        -0.9387754
      ]
    ],
    "translation": [
      2.21359015,
      0.9038076,
      -0.708531737
    ]
  },
  {
    "timeStamp": 35621,
    "rotation": [
      [
        -0.9874927,
        -0.110109583,
        0.112844944
      ],
      [
        -0.07381735,
        0.9553226,
        0.286198765
      ],
      [
        -0.139316544,
        0.27428928,
        -0.951502144
      ]
    ],
    "translation": [
      2.21657562,
      0.8947652,
      -0.7029832
    ]
  },
  {
    "timeStamp": 35666,
    "rotation": [
      [
        -0.990247548,
        -0.0689600259,
        0.121054985
      ],
      [
        -0.0347659327,
        0.9637296,
        0.2646065
      ],
      [
        -0.134911537,
        0.257817358,
        -0.956728339
      ]
    ],
    "translation": [
      2.21825314,
      0.8865735,
      -0.6994557
    ]
  },
  {
    "timeStamp": 35722,
    "rotation": [
      [
        -0.9893877,
        -0.06170898,
        0.131544337
      ],
      [
        -0.0267942026,
        0.9672935,
        0.252240747
      ],
      [
        -0.142807484,
        0.246039271,
        -0.958681762
      ]
    ],
    "translation": [
      2.21813631,
      0.8768851,
      -0.6976389
    ]
  },
  {
    "timeStamp": 35767,
    "rotation": [
      [
        -0.9911753,
        -0.03374335,
        0.128191143
      ],
      [
        -0.00138738332,
        0.9696459,
        0.244509563
      ],
      [
        -0.1325506,
        0.242173985,
        -0.961135864
      ]
    ],
    "translation": [
      2.21901846,
      0.8680956,
      -0.697861969
    ]
  },
  {
    "timeStamp": 35813,
    "rotation": [
      [
        -0.9922614,
        0.00775857,
        0.123923942
      ],
      [
        0.0379040465,
        0.9693328,
        0.24281092
      ],
      [
        -0.118239678,
        0.245629117,
        -0.962125659
      ]
    ],
    "translation": [
      2.21950674,
      0.8584138,
      -0.698246658
    ]
  }
]