[
  {
    "timeStamp": 45643,
    "rotation": [
      [
        -0.863373,
        0.5037821,
        -0.0281199124
      ],
      [
        -0.04628373,
        -0.0235779956,
        0.99865
      ],
      [
        0.502438962,
        0.863509,
        0.0436735153
      ]
    ],
    "translation": [
      1.47020614,
      0.7003377,
      -0.480656
    ]
  },
  {
    "timeStamp": 45690,
    "rotation": [
      [
        -0.8282233,
        0.5603983,
        -7.776529E-05
      ],
      [
        -0.01139549,
        -0.0167028718,
        0.999795556
      ],
      [
        0.5602824,
        0.828054845,
        0.020219719
      ]
    ],
    "translation": [
      1.4791584,
      0.711341441,
      -0.4800588
    ]
  },
  {
    "timeStamp": 45732,
    "rotation": [
      [
        -0.8092052,
        0.584105253,
        0.06330936
      ],
      [
        0.06969738,
        -0.0115590142,
        0.9975012
      ],
      [
        0.5833775,
        0.8115957,
        -0.03135699
      ]
    ],
    "translation": [
      1.48522639,
      0.735138357,
      -0.4816885
    ]
  },
  {
    "timeStamp": 45788,
    "rotation": [
      [
        -0.7896144,
        0.5988808,
        0.133607328
      ],
      [
        0.16436933,
        -0.00334118656,
        0.9863932
      ],
      [
        0.5911784,
        0.8008312,
        -0.095799394
      ]
    ],
    "translation": [
      1.50234592,
      0.766859055,
      -0.4929968
    ]
  },
  {
    "timeStamp": 45833,
    "rotation": [
      [
        -0.7731331,
        0.6099158,
        0.173976734
      ],
      [
        0.226156622,
        0.008832331,
        0.9740509
      ],
      [
        0.592552364,
        0.792417,
        -0.144765064
      ]
    ],
    "translation": [
      1.52657652,
      0.79338,
      -0.5064225
    ]
  },
  {
    "timeStamp": 45888,
    "rotation": [
      [
        -0.741519,
        0.6417041,
        0.1958711
      ],
      [
        0.2790447,
        0.0294759143,
        0.959825635
      ],
      [
        0.6101506,
        0.7663857,
        -0.200921059
      ]
    ],
    "translation": [
      1.574168,
      0.8238619,
      -0.526677549
    ]
  },
  {
    "timeStamp": 45933,
    "rotation": [
      [
        -0.707777262,
        0.68342185,
        0.178846374
      ],
      [
        0.2988169,
        0.0602279231,
        0.952408
      ],
      [
        0.640124857,
        0.727535069,
        -0.246845931
      ]
    ],
    "translation": [
      1.62328649,
      0.844005942,
      -0.539940834
    ]
  },
  {
    "timeStamp": 45988,
    "rotation": [
      [
        -0.633121252,
        0.7618693,
        0.1367942
      ],
      [
        0.309826165,
        0.08747717,
        0.946760535
      ],
      [
        0.709341466,
        0.6417966,
        -0.2914307
      ]
    ],
    "translation": [
      1.69960308,
      0.8654187,
      -0.5593569
    ]
  },
  {
    "timeStamp": 46032,
    "rotation": [
      [
        -0.555076838,
        0.8280226,
        0.07917239
      ],
      [
        0.315444738,
        0.121474974,
        0.9411368
      ],
      [
        0.769665062,
        0.547377765,
        -0.3286233
      ]
    ],
    "translation": [
      1.7696687,
      0.88161,
      -0.575295448
    ]
  },
  {
    "timeStamp": 46088,
    "rotation": [
      [
        -0.437415451,
        0.8988988,
        -0.0254684165
      ],
      [
        0.3207961,
        0.182436362,
        0.929412067
      ],
      [
        0.840093732,
        0.398369,
        -0.368163735
      ]
    ],
    "translation": [
      1.85814,
      0.903784037,
      -0.5983895
    ]
  },
  {
    "timeStamp": 46133,
    "rotation": [
      [
        -0.317217678,
        0.9425121,
        -0.105090171
      ],
      [
        0.336459547,
        0.21545516,
        0.9167192
      ],
      [
        0.8866611,
        0.25544095,
        -0.3854634
      ]
    ],
    "translation": [
      1.93102729,
      0.9236455,
      -0.62240994
    ]
  },
  {
    "timeStamp": 46192,
    "rotation": [
      [
        -0.176266432,
        0.9625857,
        -0.205812871
      ],
      [
        0.364781231,
        0.258077174,
        0.894612134
      ],
      [
        0.914256454,
        0.08261342,
        -0.396623552
      ]
    ],
    "translation": [
      2.00973415,
      0.9450593,
      -0.655232
    ]
  },
  {
    "timeStamp": 46241,
    "rotation": [
      [
        -0.0575875267,
        0.9544269,
        -0.29283607
      ],
      [
        0.356538951,
        0.293641061,
        0.886935651
      ],
      [
        0.932503939,
        -0.05333105,
        -0.357200444
      ]
    ],
    "translation": [
      2.072397,
      0.9531805,
      -0.688016
    ]
  },
  {
    "timeStamp": 46286,
    "rotation": [
      [
        0.0276703238,
        0.9410672,
        -0.3370857
      ],
      [
        0.337433577,
        0.308627933,
        0.889318466
      ],
      [
        0.9409426,
        -0.138351783,
        -0.309007853
      ]
    ],
    "translation": [
      2.11316228,
      0.951246738,
      -0.7131552
    ]
  },
  {
    "timeStamp": 46340,
    "rotation": [
      [
        0.104936466,
        0.931602061,
        -0.3480028
      ],
      [
        0.282283366,
        0.307638466,
        0.908666432
      ],
      [
        0.9535746,
        -0.193587631,
        -0.230693266
      ]
    ],
    "translation": [
      2.1463306,
      0.937847,
      -0.7367442
    ]
  },
  {
    "timeStamp": 46383,
    "rotation": [
      [
        0.1494039,
        0.9366025,
        -0.316945225
      ],
      [
        0.204004884,
        0.28444767,
        0.9367345
      ],
      [
        0.9675022,
        -0.204610169,
        -0.14857389
      ]
    ],
    "translation": [
      2.16177249,
      0.9168049,
      -0.7542833
    ]
  },
  {
    "timeStamp": 46438,
    "rotation": [
      [
        0.152967587,
        0.955115438,
        -0.2536836
      ],
      [
        0.154982239,
        0.230342522,
        0.9606887
      ],
      [
        0.976002753,
        -0.1862707,
        -0.112790994
      ]
    ],
    "translation": [
      2.16453838,
      0.8973506,
      -0.761125267
    ]
  },
  {
    "timeStamp": 46483,
    "rotation": [
      [
        0.09035333,
        0.9765541,
        -0.195392892
      ],
      [
        0.06372837,
        0.190123945,
        0.979689538
      ],
      [
        0.9938687,
        -0.100970283,
        -0.0450558662
      ]
    ],
    "translation": [
      2.153033,
      0.875658035,
      -0.763907969
    ]
  },
  {
    "timeStamp": 46538,
    "rotation": [
      [
        0.06565974,
        0.9910906,
        -0.11588
      ],
      [
        -0.0110169016,
        0.116843551,
        0.9930892
      ],
      [
        0.9977813,
        -0.0639293343,
        0.0185906626
      ]
    ],
    "translation": [
      2.13983,
      0.853436649,
      -0.768732369
    ]
  },
  {
    "timeStamp": 46583,
    "rotation": [
      [
        0.008464425,
        0.9935106,
        -0.113423951
      ],
      [
        -0.102814957,
        0.113691546,
        0.9881818
      ],
      [
        0.9946645,
        0.00329728238,
        0.103110082
      ]
    ],
    "translation": [
      2.12985039,
      0.8396834,
      -0.776670456
    ]
  },
  {
    "timeStamp": 46638,
    "rotation": [
      [
        -0.020648079,
        0.998586,
        -0.0489859879
      ],
      [
        -0.119255535,
        0.0461866632,
        0.991788745
      ],
      [
        0.99264884,
        0.0263203811,
        0.118133247
      ]
    ],
    "translation": [
      2.11566973,
      0.8314246,
      -0.7776225
    ]
  },
  {
    "timeStamp": 46682,
    "rotation": [
      [
        -0.06415461,
        0.9975129,
        -0.0291941483
      ],
      [
        -0.150221452,
        0.0192679055,
        0.9884646
      ],
      [
        0.9865687,
        0.06780015,
        0.148611709
      ]
    ],
    "translation": [
      2.10595322,
      0.827349842,
      -0.7800886
    ]
  }
]