[
  {
    "timeStamp": 39779,
    "rotation": [
      [
        -0.9987239,
        0.010947274,
        -0.04930259
      ],
      [
        0.0107199624,
        0.9999307,
        0.00487260474
      ],
      [
        0.04935251,
        0.004337865,
        -0.998772
      ]
    ],
    "translation": [
      1.13368547,
      0.734074235,
      -0.48512736
    ]
  },
  {
    "timeStamp": 39823,
    "rotation": [
      [
        -0.998554468,
        0.0228732023,
        -0.04864041
      ],
      [
        0.0215020962,
        0.999361753,
        0.0285275057
      ],
      [
        0.04926188,
        0.0274403971,
        -0.9984089
      ]
    ],
    "translation": [
      1.13414311,
      0.736338556,
      -0.4842465
    ]
  },
  {
    "timeStamp": 39879,
    "rotation": [
      [
        -0.994233966,
        0.0435269773,
        -0.09800097
      ],
      [
        0.0407767855,
        0.998721,
        0.0298940148
      ],
      [
        0.0991768241,
        0.02572548,
        -0.9947372
      ]
    ],
    "translation": [
      1.14067912,
      0.7459514,
      -0.474050343
    ]
  },
  {
    "timeStamp": 39926,
    "rotation": [
      [
        -0.9907772,
        0.08704836,
        -0.103841804
      ],
      [
        0.08324215,
        0.9957081,
        0.0404493734
      ],
      [
        0.10691718,
        0.0314323,
        -0.9937709
      ]
    ],
    "translation": [
      1.14581347,
      0.7657111,
      -0.476868182
    ]
  },
  {
    "timeStamp": 39980,
    "rotation": [
      [
        -0.980879545,
        0.169022262,
        -0.0964716747
      ],
      [
        0.166925758,
        0.9855292,
        0.0294626672
      ],
      [
        0.100055493,
        0.0127957212,
        -0.9948996
      ]
    ],
    "translation": [
      1.15722036,
      0.8051102,
      -0.4859511
    ]
  },
  {
    "timeStamp": 40024,
    "rotation": [
      [
        -0.961395264,
        0.2435778,
        -0.128019527
      ],
      [
        0.239544556,
        0.969783247,
        0.04624797
      ],
      [
        0.13541618,
        0.0137961973,
        -0.990692735
      ]
    ],
    "translation": [
      1.1734587,
      0.83981,
      -0.490885258
    ]
  },
  {
    "timeStamp": 40079,
    "rotation": [
      [
        -0.93582356,
        0.3207872,
        -0.146047384
      ],
      [
        0.315478563,
        0.947109,
        0.0588037744
      ],
      [
        0.157186285,
        0.008955135,
        -0.9875283
      ]
    ],
    "translation": [
      1.20586908,
      0.881845832,
      -0.506439
    ]
  },
  {
    "timeStamp": 40124,
    "rotation": [
      [
        -0.9145516,
        0.3688782,
        -0.1659042
      ],
      [
        0.361858,
        0.9294604,
        0.0718477741
      ],
      [
        0.18070446,
        0.005674736,
        -0.983521044
      ]
    ],
    "translation": [
      1.23802876,
      0.909930766,
      -0.51962
    ]
  },
  {
    "timeStamp": 40180,
    "rotation": [
      [
        -0.8813906,
        0.429879338,
        -0.1958425
      ],
      [
        0.4189169,
        0.902881265,
        0.09650904
      ],
      [
        0.218309775,
        0.00302042067,
        -0.975874841
      ]
    ],
    "translation": [
      1.287502,
      0.9433585,
      -0.537050366
    ]
  },
  {
    "timeStamp": 40224,
    "rotation": [
      [
        -0.8552902,
        0.4576597,
        -0.242953226
      ],
      [
        0.444456726,
        0.889018953,
        0.110015705
      ],
      [
        0.266339779,
        -0.0138868429,
        -0.963779151
      ]
    ],
    "translation": [
      1.33264315,
      0.9624367,
      -0.5467976
    ]
  },
  {
    "timeStamp": 40280,
    "rotation": [
      [
        -0.8163787,
        0.485749364,
        -0.3123673
      ],
      [
        0.469299853,
        0.873212159,
        0.13137053
      ],
      [
        0.336576074,
        -0.0393458121,
        -0.9408339
      ]
    ],
    "translation": [
      1.39366055,
      0.9814862,
      -0.5555361
    ]
  },
  {
    "timeStamp": 40324,
    "rotation": [
      [
        -0.781935036,
        0.492854118,
        -0.381670475
      ],
      [
        0.482626855,
        0.8661661,
        0.129721075
      ],
      [
        0.394523621,
        -0.08277097,
        -0.9151503
      ]
    ],
    "translation": [
      1.44738972,
      0.993885458,
      -0.561259449
    ]
  },
  {
    "timeStamp": 40379,
    "rotation": [
      [
        -0.734407246,
        0.493027329,
        -0.466444
      ],
      [
        0.501113534,
        0.857399,
        0.117269725
      ],
      [
        0.457745761,
        -0.147617638,
        -0.8767427
      ]
    ],
    "translation": [
      1.51585877,
      1.00812185,
      -0.566559553
    ]
  },
  {
    "timeStamp": 40425,
    "rotation": [
      [
        -0.685316861,
        0.480686069,
        -0.54706645
      ],
      [
        0.5313267,
        0.8437701,
        0.0757885352
      ],
      [
        0.498028845,
        -0.238731876,
        -0.833651245
      ]
    ],
    "translation": [
      1.57521439,
      1.0225811,
      -0.5706897
    ]
  },
  {
    "timeStamp": 40479,
    "rotation": [
      [
        -0.640017,
        0.456974119,
        -0.6176997
      ],
      [
        0.5730469,
        0.8194278,
        0.0124616418
      ],
      [
        0.511854947,
        -0.345995277,
        -0.786315262
      ]
    ],
    "translation": [
      1.64802194,
      1.04423833,
      -0.5784396
    ]
  },
  {
    "timeStamp": 40524,
    "rotation": [
      [
        -0.6226398,
        0.4091958,
        -0.6669922
      ],
      [
        0.588901,
        0.8063272,
        -0.05506432
      ],
      [
        0.5152818,
        -0.4270776,
        -0.7430272
      ]
    ],
    "translation": [
      1.70707846,
      1.06000829,
      -0.5883344
    ]
  },
  {
    "timeStamp": 40580,
    "rotation": [
      [
        -0.6005456,
        0.321622282,
        -0.7320547
      ],
      [
        0.5744454,
        0.810394466,
        -0.115209624
      ],
      [
        0.5561991,
        -0.4897141,
        -0.67143327
      ]
    ],
    "translation": [
      1.78754759,
      1.06954372,
      -0.595965
    ]
  },
  {
    "timeStamp": 40624,
    "rotation": [
      [
        -0.594528854,
        0.238946676,
        -0.767749846
      ],
      [
        0.518137038,
        0.8440001,
        -0.138556063
      ],
      [
        0.614873469,
        -0.4801752,
        -0.62558955
      ]
    ],
    "translation": [
      1.84898722,
      1.06289029,
      -0.601603
    ]
  },
  {
    "timeStamp": 40679,
    "rotation": [
      [
        -0.5835946,
        0.142682061,
        -0.7994118
      ],
      [
        0.447239071,
        0.8781562,
        -0.169761285
      ],
      [
        0.6777865,
        -0.456599951,
        -0.5763002
      ]
    ],
    "translation": [
      1.92957211,
      1.05094135,
      -0.6143636
    ]
  },
  {
    "timeStamp": 40724,
    "rotation": [
      [
        -0.5813915,
        0.103222057,
        -0.807049632
      ],
      [
        0.412333846,
        0.892486,
        -0.182892308
      ],
      [
        0.701401949,
        -0.439105928,
        -0.5614457
      ]
    ],
    "translation": [
      1.98487043,
      1.04783058,
      -0.6280831
    ]
  },
  {
    "timeStamp": 40779,
    "rotation": [
      [
        -0.5934771,
        0.0431577228,
        -0.803693
      ],
      [
        0.348610073,
        0.9138156,
        -0.208355516
      ],
      [
        0.7254351,
        -0.4038297,
        -0.5573738
      ]
    ],
    "translation": [
      2.04268932,
      1.03629577,
      -0.644653261
    ]
  },
  {
    "timeStamp": 40824,
    "rotation": [
      [
        -0.6505083,
        0.00369358482,
        -0.7594902
      ],
      [
        0.278041422,
        0.9317284,
        -0.233613074
      ],
      [
        0.7067757,
        -0.363136977,
        -0.607124031
      ]
    ],
    "translation": [
      2.07331848,
      1.02173185,
      -0.66143924
    ]
  },
  {
    "timeStamp": 40875,
    "rotation": [
      [
        -0.688340545,
        -0.02930545,
        -0.7247955
      ],
      [
        0.165366039,
        0.9665339,
        -0.196128219
      ],
      [
        0.7062871,
        -0.254859567,
        -0.6604583
      ]
    ],
    "translation": [
      2.09479022,
      0.9939091,
      -0.6770514
    ]
  },
  {
    "timeStamp": 40930,
    "rotation": [
      [
        -0.7531578,
        -0.0397977866,
        -0.6566349
      ],
      [
        0.0751415938,
        0.9864307,
        -0.1459734
      ],
      [
        0.6535343,
        -0.159281611,
        -0.7399475
      ]
    ],
    "translation": [
      2.10809278,
      0.9632578,
      -0.7019488
    ]
  },
  {
    "timeStamp": 40974,
    "rotation": [
      [
        -0.7860501,
        -0.0486276373,
        -0.6162472
      ],
      [
        0.0316253863,
        0.9924322,
        -0.118651696
      ],
      [
        0.617353261,
        -0.112755232,
        -0.778563559
      ]
    ],
    "translation": [
      2.10687876,
      0.9452152,
      -0.7161352
    ]
  },
  {
    "timeStamp": 41029,
    "rotation": [
      [
        -0.7892866,
        -0.0442044549,
        -0.612431765
      ],
      [
        0.0236121267,
        0.994482458,
        -0.102211043
      ],
      [
        0.613570869,
        -0.09513462,
        -0.783887863
      ]
    ],
    "translation": [
      2.106464,
      0.9315743,
      -0.719237864
    ]
  },
  {
    "timeStamp": 41074,
    "rotation": [
      [
        -0.73786366,
        0.00716128759,
        -0.6749118
      ],
      [
        0.06816469,
        0.99562186,
        -0.06395845
      ],
      [
        0.6714989,
        -0.09319777,
        -0.735121369
      ]
    ],
    "translation": [
      2.107089,
      0.9327018,
      -0.710123837
    ]
  },
  {
    "timeStamp": 41129,
    "rotation": [
      [
        -0.5864306,
        0.0358171873,
        -0.8092072
      ],
      [
        0.149653524,
        0.98661387,
        -0.06478399
      ],
      [
        0.796054661,
        -0.159092039,
        -0.5839407
      ]
    ],
    "translation": [
      2.118832,
      0.9432786,
      -0.686354935
    ]
  },
  {
    "timeStamp": 41174,
    "rotation": [
      [
        -0.3852983,
        0.0584154651,
        -0.9209413
      ],
      [
        0.185710266,
        0.9824842,
        -0.0153772905
      ],
      [
        0.903912,
        -0.176953092,
        -0.38939786
      ]
    ],
    "translation": [
      2.14168262,
      0.9468999,
      -0.671113253
    ]
  },
  {
    "timeStamp": 41230,
    "rotation": [
      [
        -0.248043552,
        0.044911284,
        -0.9677073
      ],
      [
        0.214244321,
        0.9767331,
        -0.009585112
      ],
      [
        0.9447613,
        -0.209703326,
        -0.251894325
      ]
    ],
    "translation": [
      2.14707232,
      0.9482859,
      -0.668047547
    ]
  },
  {
    "timeStamp": 41274,
    "rotation": [
      [
        -0.189010352,
        0.04235117,
        -0.9810614
      ],
      [
        0.219131827,
        0.975695252,
        -9.82061E-05
      ],
      [
        0.9572128,
        -0.215000331,
        -0.193696991
      ]
    ],
    "translation": [
      2.14016128,
      0.944189,
      -0.6728431
    ]
  },
  {
    "timeStamp": 41330,
    "rotation": [
      [
        -0.109951869,
        0.0417329147,
        -0.9930604
      ],
      [
        0.217719555,
        0.975865,
        0.016904328
      ],
      [
        0.9697983,
        -0.214350015,
        -0.116384253
      ]
    ],
    "translation": [
      2.13479686,
      0.9328226,
      -0.6766363
    ]
  },
  {
    "timeStamp": 41376,
    "rotation": [
      [
        -0.0526117571,
        0.0221664123,
        -0.998369
      ],
      [
        0.184671134,
        0.982726038,
        0.0120873526
      ],
      [
        0.9813912,
        -0.183734,
        -0.055796437
      ]
    ],
    "translation": [
      2.13815141,
      0.9146251,
      -0.6827647
    ]
  },
  {
    "timeStamp": 41433,
    "rotation": [
      [
        -0.00107113644,
        -0.0497952774,
        -0.9987589
      ],
      [
        0.172316164,
        0.9838105,
        -0.0492347963
      ],
      [
        0.985041142,
        -0.172155038,
        0.00752673531
      ]
    ],
    "translation": [
      2.14436,
      0.9031895,
      -0.6858654
    ]
  },
  {
    "timeStamp": 41478,
    "rotation": [
      [
        0.00571155129,
        -0.0868058354,
        -0.996208847
      ],
      [
        0.158934385,
        0.9836407,
        -0.08479947
      ],
      [
        0.9872727,
        -0.157847509,
        0.019414546
      ]
    ],
    "translation": [
      2.14459419,
      0.892850757,
      -0.6879787
    ]
  },
  {
    "timeStamp": 41523,
    "rotation": [
      [
        0.0387575142,
        -0.08019854,
        -0.996025145
      ],
      [
        0.139723569,
        0.987416446,
        -0.0740684345
      ],
      [
        0.989431739,
        -0.136297479,
        0.0494754352
      ]
    ],
    "translation": [
      2.14941287,
      0.881604552,
      -0.6901944
    ]
  },
  {
    "timeStamp": 41579,
    "rotation": [
      [
        0.0240947567,
        -0.127199471,
        -0.9915845
      ],
      [
        0.135580361,
        0.983124256,
        -0.122819707
      ],
      [
        0.99047333,
        -0.131480068,
        0.0409338921
      ]
    ],
    "translation": [
      2.14978123,
      0.8711035,
      -0.6910154
    ]
  },
  {
    "timeStamp": 41624,
    "rotation": [
      [
        0.0217056088,
        -0.131155,
        -0.9911242
      ],
      [
        0.09795303,
        0.98686713,
        -0.12844649
      ],
      [
        0.9949543,
        -0.09429561,
        0.034267582
      ]
    ],
    "translation": [
      2.14984441,
      0.859504342,
      -0.6929425
    ]
  },
  {
    "timeStamp": 41679,
    "rotation": [
      [
        0.0263179857,
        -0.130582914,
        -0.991088033
      ],
      [
        0.08989793,
        0.98772347,
        -0.127752408
      ],
      [
        0.995603144,
        -0.085734576,
        0.037734028
      ]
    ],
    "translation": [
      2.149888,
      0.852403641,
      -0.694889247
    ]
  },
  {
    "timeStamp": 41724,
    "rotation": [
      [
        0.016240377,
        -0.131694674,
        -0.991157234
      ],
      [
        0.08876897,
        0.98756355,
        -0.129762679
      ],
      [
        0.9959198,
        -0.0858766139,
        0.0277288053
      ]
    ],
    "translation": [
      2.1448338,
      0.8507131,
      -0.6952902
    ]
  },
  {
    "timeStamp": 41782,
    "rotation": [
      [
        0.01799691,
        -0.119938374,
        -0.9926182
      ],
      [
        0.08597609,
        0.9892874,
        -0.1179771
      ],
      [
        0.996134639,
        -0.08321821,
        0.0281159449
      ]
    ],
    "translation": [
      2.13940215,
      0.849027634,
      -0.6953749
    ]
  },
  {
    "timeStamp": 41823,
    "rotation": [
      [
        0.0211449247,
        -0.11909572,
        -0.992657542
      ],
      [
        0.08532542,
        0.989472032,
        -0.116895981
      ],
      [
        0.996128738,
        -0.08222716,
        0.0310842022
      ]
    ],
    "translation": [
      2.13545656,
      0.8485589,
      -0.695110142
    ]
  },
  {
    "timeStamp": 41879,
    "rotation": [
      [
        0.01923421,
        -0.1278259,
        -0.9916101
      ],
      [
        0.08575879,
        0.9883493,
        -0.125742108
      ],
      [
        0.9961302,
        -0.08262073,
        0.0299723148
      ]
    ],
    "translation": [
      2.13034916,
      0.846753955,
      -0.69471693
    ]
  },
  {
    "timeStamp": 41923,
    "rotation": [
      [
        0.023340825,
        -0.141951412,
        -0.9895984
      ],
      [
        0.0761247352,
        0.9872466,
        -0.139818579
      ],
      [
        0.996825039,
        -0.07206943,
        0.0338491648
      ]
    ],
    "translation": [
      2.12986612,
      0.8414883,
      -0.6952941
    ]
  },
  {
    "timeStamp": 41978,
    "rotation": [
      [
        0.0292178765,
        -0.176970139,
        -0.9837824
      ],
      [
        0.0567816235,
        0.982907236,
        -0.175126314
      ],
      [
        0.997959,
        -0.0507439449,
        0.0387671143
      ]
    ],
    "translation": [
      2.13044739,
      0.8329305,
      -0.6955544
    ]
  },
  {
    "timeStamp": 42023,
    "rotation": [
      [
        0.0360919461,
        -0.202460751,
        -0.978625059
      ],
      [
        0.00156818319,
        0.97927326,
        -0.202537045
      ],
      [
        0.9993472,
        0.005775293,
        0.035661377
      ]
    ],
    "translation": [
      2.131857,
      0.8241901,
      -0.6956287
    ]
  },
  {
    "timeStamp": 42078,
    "rotation": [
      [
        0.03773068,
        -0.216567308,
        -0.9755383
      ],
      [
        -0.0722885,
        0.973084152,
        -0.2188184
      ],
      [
        0.9966698,
        0.07877637,
        0.0210598
      ]
    ],
    "translation": [
      2.13225865,
      0.8130616,
      -0.6964916
    ]
  },
  {
    "timeStamp": 42123,
    "rotation": [
      [
        0.05840211,
        -0.2186933,
        -0.9740444
      ],
      [
        -0.132695973,
        0.9653511,
        -0.224697709
      ],
      [
        0.989434659,
        0.14237459,
        0.02735882
      ]
    ],
    "translation": [
      2.13549948,
      0.8037535,
      -0.6978898
    ]
  },
  {
    "timeStamp": 42179,
    "rotation": [
      [
        0.02004344,
        -0.202211022,
        -0.9791369
      ],
      [
        -0.213261247,
        0.9559304,
        -0.201783985
      ],
      [
        0.976789653,
        0.2128564,
        -0.02396364
      ]
    ],
    "translation": [
      2.12976336,
      0.7919039,
      -0.6998144
    ]
  },
  {
    "timeStamp": 42223,
    "rotation": [
      [
        0.0304601528,
        -0.18495658,
        -0.982274532
      ],
      [
        -0.309917539,
        0.93255055,
        -0.185204327
      ],
      [
        0.950275362,
        0.310065448,
        -0.028915653
      ]
    ],
    "translation": [
      2.13046312,
      0.778621,
      -0.7039477
    ]
  },
  {
    "timeStamp": 42279,
    "rotation": [
      [
        0.009652082,
        -0.2183294,
        -0.9758274
      ],
      [
        -0.405651778,
        0.8911117,
        -0.203387678
      ],
      [
        0.9139767,
        0.397809237,
        -0.07996462
      ]
    ],
    "translation": [
      2.12579632,
      0.7680543,
      -0.7095804
    ]
  }
]