[
  {
    "timeStamp": 6659,
    "rotation": [
      [
        0.04560467,
        0.9989537,
        -0.003418411
      ],
      [
        0.08433878,
        -0.000440471951,
        0.996437
      ],
      [
        0.995393,
        -0.0457304865,
        -0.08427063
      ]
    ],
    "translation": [
      1.46075082,
      0.702233732,
      -0.744688869
    ]
  },
  {
    "timeStamp": 6713,
    "rotation": [
      [
        0.0456808,
        0.998858,
        -0.0139960749
      ],
      [
        0.07680688,
        0.0104573052,
        0.996991158
      ],
      [
        0.995999,
        -0.0466183424,
        -0.07624147
      ]
    ],
    "translation": [
      1.46057844,
      0.7063185,
      -0.744652152
    ]
  },
  {
    "timeStamp": 6761,
    "rotation": [
      [
        0.04538958,
        0.998643935,
        -0.0254975669
      ],
      [
        0.102187611,
        0.0207484569,
        0.994548738
      ],
      [
        0.9937291,
        -0.0477476865,
        -0.10110727
      ]
    ],
    "translation": [
      1.46032739,
      0.70694375,
      -0.7446253
    ]
  },
  {
    "timeStamp": 6811,
    "rotation": [
      [
        0.139243647,
        0.989024,
        0.0494240969
      ],
      [
        0.108252667,
        -0.06481401,
        0.9920083
      ],
      [
        0.984323442,
        -0.132780582,
        -0.116089426
      ]
    ],
    "translation": [
      1.43362737,
      0.7144503,
      -0.744650364
    ]
  },
  {
    "timeStamp": 6856,
    "rotation": [
      [
        0.2174358,
        0.9664369,
        0.136825621
      ],
      [
        0.094789736,
        -0.160424292,
        0.9824861
      ],
      [
        0.971461,
        -0.200658008,
        -0.1264903
      ]
    ],
    "translation": [
      1.41214609,
      0.751524448,
      -0.74392724
    ]
  },
  {
    "timeStamp": 6911,
    "rotation": [
      [
        0.363777161,
        0.8959874,
        0.254701346
      ],
      [
        0.03725799,
        -0.2872127,
        0.957141936
      ],
      [
        0.9307406,
        -0.338696718,
        -0.137864113
      ]
    ],
    "translation": [
      1.392739,
      0.8143183,
      -0.739200234
    ]
  },
  {
    "timeStamp": 6956,
    "rotation": [
      [
        0.508599341,
        0.7861338,
        0.351169735
      ],
      [
        -0.06546595,
        -0.371372,
        0.9261733
      ],
      [
        0.8585108,
        -0.494040817,
        -0.137414575
      ]
    ],
    "translation": [
      1.38985455,
      0.871209741,
      -0.733059764
    ]
  },
  {
    "timeStamp": 7011,
    "rotation": [
      [
        0.655072868,
        0.5876183,
        0.474957049
      ],
      [
        -0.2491227,
        -0.4254807,
        0.8700023
      ],
      [
        0.713314354,
        -0.6882375,
        -0.1323318
      ]
    ],
    "translation": [
      1.40304935,
      0.942418337,
      -0.726594269
    ]
  },
  {
    "timeStamp": 7056,
    "rotation": [
      [
        0.7309205,
        0.465070069,
        0.49946478
      ],
      [
        -0.2889875,
        -0.452087641,
        0.843861938
      ],
      [
        0.6182568,
        -0.761135042,
        -0.19604069
      ]
    ],
    "translation": [
      1.43487763,
      0.988674045,
      -0.71461004
    ]
  },
  {
    "timeStamp": 7111,
    "rotation": [
      [
        0.7935738,
        0.3453307,
        0.5009864
      ],
      [
        -0.309275657,
        -0.4801408,
        0.8208614
      ],
      [
        0.5240126,
        -0.806356966,
        -0.274224758
      ]
    ],
    "translation": [
      1.49002957,
      1.03602493,
      -0.6990759
    ]
  },
  {
    "timeStamp": 7156,
    "rotation": [
      [
        0.8498184,
        0.277349681,
        0.448202848
      ],
      [
        -0.262194723,
        -0.51522845,
        0.8159617
      ],
      [
        0.4572336,
        -0.810935736,
        -0.365131021
      ]
    ],
    "translation": [
      1.54659569,
      1.06699312,
      -0.6818472
    ]
  },
  {
    "timeStamp": 7212,
    "rotation": [
      [
        0.8950878,
        0.2090785,
        0.393832564
      ],
      [
        -0.24466072,
        -0.5081188,
        0.825806558
      ],
      [
        0.3727721,
        -0.835524738,
        -0.403657615
      ]
    ],
    "translation": [
      1.62160039,
      1.086987,
      -0.669298947
    ]
  },
  {
    "timeStamp": 7257,
    "rotation": [
      [
        0.934467256,
        0.176887944,
        0.3090011
      ],
      [
        -0.188064381,
        -0.491703063,
        0.8502117
      ],
      [
        0.302328974,
        -0.8526071,
        -0.426214069
      ]
    ],
    "translation": [
      1.68578,
      1.09003448,
      -0.6615446
    ]
  },
  {
    "timeStamp": 7312,
    "rotation": [
      [
        0.9681992,
        0.149047136,
        0.200936064
      ],
      [
        -0.112474613,
        -0.4581011,
        0.881755531
      ],
      [
        0.223472178,
        -0.876315236,
        -0.426769078
      ]
    ],
    "translation": [
      1.77560627,
      1.08141732,
      -0.6545338
    ]
  },
  {
    "timeStamp": 7357,
    "rotation": [
      [
        0.9848429,
        0.122293971,
        0.122998655
      ],
      [
        -0.06264445,
        -0.410477668,
        0.9097163
      ],
      [
        0.161741018,
        -0.9036328,
        -0.396594942
      ]
    ],
    "translation": [
      1.83927977,
      1.06925941,
      -0.654702365
    ]
  },
  {
    "timeStamp": 7412,
    "rotation": [
      [
        0.992798746,
        0.1196498,
        0.00588033162
      ],
      [
        0.03953722,
        -0.3736075,
        0.926743865
      ],
      [
        0.113081656,
        -0.919837654,
        -0.3756477
      ]
    ],
    "translation": [
      1.927586,
      1.05202043,
      -0.654216766
    ]
  },
  {
    "timeStamp": 7457,
    "rotation": [
      [
        0.996925235,
        0.0743628144,
        -0.02470383
      ],
      [
        0.04868495,
        -0.340778857,
        0.938882053
      ],
      [
        0.061399363,
        -0.9371979,
        -0.3433514
      ]
    ],
    "translation": [
      1.9792484,
      1.038722,
      -0.656281531
    ]
  },
  {
    "timeStamp": 7513,
    "rotation": [
      [
        0.9949891,
        0.0380159132,
        -0.0924738646
      ],
      [
        0.09973266,
        -0.311945766,
        0.9448509
      ],
      [
        0.00707254931,
        -0.949339032,
        -0.3141741
      ]
    ],
    "translation": [
      2.05134678,
      1.02000034,
      -0.6577452
    ]
  },
  {
    "timeStamp": 7553,
    "rotation": [
      [
        0.9938112,
        0.0074473815,
        -0.110832714
      ],
      [
        0.108480774,
        -0.279751539,
        0.953924
      ],
      [
        -0.023901388,
        -0.96004355,
        -0.278828084
      ]
    ],
    "translation": [
      2.09385324,
      1.0020802,
      -0.66047883
    ]
  },
  {
    "timeStamp": 7607,
    "rotation": [
      [
        0.9897931,
        -0.0231998917,
        -0.140610516
      ],
      [
        0.131413743,
        -0.233143449,
        0.963521957
      ],
      [
        -0.055136025,
        -0.9721655,
        -0.227715
      ]
    ],
    "translation": [
      2.14372253,
      0.9785373,
      -0.667407751
    ]
  },
  {
    "timeStamp": 7663,
    "rotation": [
      [
        0.9899092,
        -0.03361253,
        -0.137659192
      ],
      [
        0.128376856,
        -0.198564589,
        0.9716437
      ],
      [
        -0.0599936619,
        -0.979511261,
        -0.192245841
      ]
    ],
    "translation": [
      2.17439032,
      0.9579529,
      -0.6713352
    ]
  },
  {
    "timeStamp": 7707,
    "rotation": [
      [
        0.990385652,
        -0.0375182219,
        -0.133148536
      ],
      [
        0.123739392,
        -0.190039441,
        0.9739474
      ],
      [
        -0.0618442558,
        -0.981059253,
        -0.183569863
      ]
    ],
    "translation": [
      2.1916635,
      0.943557143,
      -0.6672507
    ]
  },
  {
    "timeStamp": 7763,
    "rotation": [
      [
        0.992406845,
        -0.06878243,
        -0.101968594
      ],
      [
        0.08885991,
        -0.172273338,
        0.981033
      ],
      [
        -0.08504431,
        -0.9826448,
        -0.164853245
      ]
    ],
    "translation": [
      2.201931,
      0.923061252,
      -0.661346853
    ]
  },
  {
    "timeStamp": 7807,
    "rotation": [
      [
        0.9939665,
        -0.06474124,
        -0.08853921
      ],
      [
        0.0767896,
        -0.1656529,
        0.98318994
      ],
      [
        -0.07831972,
        -0.9840568,
        -0.159681976
      ]
    ],
    "translation": [
      2.205805,
      0.9060775,
      -0.6543486
    ]
  },
  {
    "timeStamp": 7863,
    "rotation": [
      [
        0.996814549,
        -0.0514495075,
        -0.0609405749
      ],
      [
        0.05325258,
        -0.139453784,
        0.988795638
      ],
      [
        -0.0593714379,
        -0.988891065,
        -0.136269733
      ]
    ],
    "translation": [
      2.20203686,
      0.883243263,
      -0.651018262
    ]
  },
  {
    "timeStamp": 7907,
    "rotation": [
      [
        0.9970914,
        -0.0359285362,
        -0.06721509
      ],
      [
        0.0621935725,
        -0.126192391,
        0.99005425
      ],
      [
        -0.04405324,
        -0.991354942,
        -0.123590827
      ]
    ],
    "translation": [
      2.20443249,
      0.867021,
      -0.646328568
    ]
  },
  {
    "timeStamp": 7953,
    "rotation": [
      [
        0.9976962,
        -0.0356938355,
        -0.0576904863
      ],
      [
        0.0532896742,
        -0.113902435,
        0.992061734
      ],
      [
        -0.04198156,
        -0.992850542,
        -0.111737922
      ]
    ],
    "translation": [
      2.2060554,
      0.8519774,
      -0.6430708
    ]
  },
  {
    "timeStamp": 8010,
    "rotation": [
      [
        0.997233033,
        -0.0253642276,
        -0.0698781
      ],
      [
        0.06700979,
        -0.100283176,
        0.992699862
      ],
      [
        -0.0321866423,
        -0.9946356,
        -0.09830604
      ]
    ],
    "translation": [
      2.21267581,
      0.835123062,
      -0.638094068
    ]
  },
  {
    "timeStamp": 8055,
    "rotation": [
      [
        0.995431662,
        -0.014122487,
        -0.0944261253
      ],
      [
        0.0926207,
        -0.09723796,
        0.990942061
      ],
      [
        -0.02317638,
        -0.995160937,
        -0.09548571
      ]
    ],
    "translation": [
      2.22004938,
      0.822411,
      -0.634497046
    ]
  },
  {
    "timeStamp": 8112,
    "rotation": [
      [
        0.9953642,
        -0.0159630682,
        -0.094843775
      ],
      [
        0.0929573253,
        -0.09337461,
        0.991282046
      ],
      [
        -0.024679916,
        -0.995503068,
        -0.09145786
      ]
    ],
    "translation": [
      2.22273874,
      0.808858,
      -0.6286492
    ]
  },
  {
    "timeStamp": 8157,
    "rotation": [
      [
        0.995399058,
        -0.0144559629,
        -0.0947186947
      ],
      [
        0.09293368,
        -0.09496189,
        0.991133451
      ],
      [
        -0.0233224817,
        -0.9953759,
        -0.0931815356
      ]
    ],
    "translation": [
      2.22310376,
      0.799034834,
      -0.6236835
    ]
  },
  {
    "timeStamp": 8212,
    "rotation": [
      [
        0.995328,
        -0.0106082829,
        -0.0959667
      ],
      [
        0.09455803,
        -0.09381823,
        0.991088748
      ],
      [
        -0.0195171814,
        -0.9955328,
        -0.09237682
      ]
    ],
    "translation": [
      2.221712,
      0.7867522,
      -0.618714
    ]
  },
  {
    "timeStamp": 8256,
    "rotation": [
      [
        0.9941467,
        -0.00915547647,
        -0.107649639
      ],
      [
        0.106419079,
        -0.08887677,
        0.9903413
      ],
      [
        -0.0186345987,
        -0.9960005,
        -0.08738223
      ]
    ],
    "translation": [
      2.22376537,
      0.776523,
      -0.6166648
    ]
  },
  {
    "timeStamp": 8312,
    "rotation": [
      [
        0.9926497,
        -0.0128409173,
        -0.1203402
      ],
      [
        0.118833333,
        -0.0848922357,
        0.9892785
      ],
      [
        -0.0229191948,
        -0.996307433,
        -0.082742326
      ]
    ],
    "translation": [
      2.22709274,
      0.7650128,
      -0.614026666
    ]
  },
  {
    "timeStamp": 8356,
    "rotation": [
      [
        0.9901128,
        -0.02221008,
        -0.138504043
      ],
      [
        0.136196524,
        -0.08411008,
        0.987104833
      ],
      [
        -0.0335732847,
        -0.9962089,
        -0.080253534
      ]
    ],
    "translation": [
      2.23021483,
      0.745788,
      -0.61525023
    ]
  }
]