[
  {
    "timeStamp": 27568,
    "rotation": [
      [
        0.9999052,
        -0.000402580743,
        -0.0137579106
      ],
      [
        0.0137517927,
        -0.0125216031,
        0.999827
      ],
      [
        -0.0005747887,
        -0.9999215,
        -0.0125148809
      ]
    ],
    "translation": [
      1.46193969,
      0.70444566,
      -0.490042955
    ]
  },
  {
    "timeStamp": 27613,
    "rotation": [
      [
        0.999552667,
        -0.005693135,
        -0.029358957
      ],
      [
        0.0294068065,
        0.008511771,
        0.999531269
      ],
      [
        -0.005440561,
        -0.999947548,
        0.008675382
      ]
    ],
    "translation": [
      1.46172178,
      0.704835,
      -0.490007073
    ]
  },
  {
    "timeStamp": 27669,
    "rotation": [
      [
        0.997600436,
        -0.05764799,
        0.03834244
      ],
      [
        -0.03783406,
        0.009884819,
        0.999235153
      ],
      [
        -0.0579829,
        -0.998288035,
        0.00768004265
      ]
    ],
    "translation": [
      1.44889259,
      0.715857744,
      -0.484465241
    ]
  },
  {
    "timeStamp": 27714,
    "rotation": [
      [
        0.9888032,
        -0.101940155,
        0.108978875
      ],
      [
        -0.110089824,
        -0.00531940069,
        0.9939074
      ],
      [
        -0.100739367,
        -0.9947763,
        -0.0164824147
      ]
    ],
    "translation": [
      1.44602776,
      0.745304465,
      -0.4819377
    ]
  },
  {
    "timeStamp": 27770,
    "rotation": [
      [
        0.9731351,
        -0.13120243,
        0.189192876
      ],
      [
        -0.19613345,
        -0.0420476869,
        0.9796753
      ],
      [
        -0.120580666,
        -0.990463436,
        -0.06665126
      ]
    ],
    "translation": [
      1.45287549,
      0.798069,
      -0.4859907
    ]
  },
  {
    "timeStamp": 27814,
    "rotation": [
      [
        0.9415398,
        -0.188058019,
        0.2795301
      ],
      [
        -0.2914674,
        -0.03856478,
        0.9558031
      ],
      [
        -0.168966427,
        -0.981400549,
        -0.09112305
      ]
    ],
    "translation": [
      1.4709605,
      0.8478111,
      -0.49693954
    ]
  },
  {
    "timeStamp": 27870,
    "rotation": [
      [
        0.899333835,
        -0.258928746,
        0.352355659
      ],
      [
        -0.37228,
        -0.0307216533,
        0.9276119
      ],
      [
        -0.229360446,
        -0.96540767,
        -0.124023028
      ]
    ],
    "translation": [
      1.511075,
      0.9030997,
      -0.515188
    ]
  },
  {
    "timeStamp": 27914,
    "rotation": [
      [
        0.866234064,
        -0.3385382,
        0.367464781
      ],
      [
        -0.395677119,
        -0.0157223176,
        0.9182551
      ],
      [
        -0.30508703,
        -0.9408213,
        -0.147571027
      ]
    ],
    "translation": [
      1.56023109,
      0.9373868,
      -0.530240059
    ]
  },
  {
    "timeStamp": 27970,
    "rotation": [
      [
        0.8345248,
        -0.410940737,
        0.36700958
      ],
      [
        -0.4155251,
        -0.031993296,
        0.9090189
      ],
      [
        -0.361811042,
        -0.9111005,
        -0.197455376
      ]
    ],
    "translation": [
      1.62731862,
      0.978467345,
      -0.5533091
    ]
  },
  {
    "timeStamp": 28014,
    "rotation": [
      [
        0.8008376,
        -0.4843629,
        0.3522097
      ],
      [
        -0.4242466,
        -0.04373264,
        0.904490054
      ],
      [
        -0.422698349,
        -0.873773456,
        -0.240512043
      ]
    ],
    "translation": [
      1.68550348,
      1.00787878,
      -0.5706077
    ]
  },
  {
    "timeStamp": 28070,
    "rotation": [
      [
        0.7771543,
        -0.5651471,
        0.276839048
      ],
      [
        -0.387127072,
        -0.0825070441,
        0.9183274
      ],
      [
        -0.4961489,
        -0.820854,
        -0.282904476
      ]
    ],
    "translation": [
      1.76613879,
      1.03022122,
      -0.5941744
    ]
  },
  {
    "timeStamp": 28114,
    "rotation": [
      [
        0.7533875,
        -0.624513,
        0.2058904
      ],
      [
        -0.3580254,
        -0.126937926,
        0.925043046
      ],
      [
        -0.551566064,
        -0.7706299,
        -0.319224924
      ]
    ],
    "translation": [
      1.82966268,
      1.0438087,
      -0.6119417
    ]
  },
  {
    "timeStamp": 28169,
    "rotation": [
      [
        0.694092453,
        -0.7146797,
        0.08642079
      ],
      [
        -0.2936809,
        -0.1715066,
        0.940391958
      ],
      [
        -0.6572573,
        -0.6780991,
        -0.328929245
      ]
    ],
    "translation": [
      1.91512513,
      1.04843366,
      -0.6349735
    ]
  },
  {
    "timeStamp": 28214,
    "rotation": [
      [
        0.6249825,
        -0.7806007,
        0.007704799
      ],
      [
        -0.254083633,
        -0.194078028,
        0.94751
      ],
      [
        -0.738131642,
        -0.5941348,
        -0.319633275
      ]
    ],
    "translation": [
      1.97808206,
      1.045606,
      -0.6559358
    ]
  },
  {
    "timeStamp": 28269,
    "rotation": [
      [
        0.499373019,
        -0.863830447,
        -0.0665097
      ],
      [
        -0.210088328,
        -0.195210129,
        0.9579958
      ],
      [
        -0.8405293,
        -0.464424342,
        -0.278963357
      ]
    ],
    "translation": [
      2.04649353,
      1.03449929,
      -0.6843083
    ]
  },
  {
    "timeStamp": 28314,
    "rotation": [
      [
        0.375476718,
        -0.9205092,
        -0.108073808
      ],
      [
        -0.189574614,
        -0.190416649,
        0.9632253
      ],
      [
        -0.9072368,
        -0.341180623,
        -0.2460022
      ]
    ],
    "translation": [
      2.09537983,
      1.02304542,
      -0.707281768
    ]
  },
  {
    "timeStamp": 28376,
    "rotation": [
      [
        0.183464438,
        -0.9744798,
        -0.12934415
      ],
      [
        -0.177888766,
        -0.162316337,
        0.970571458
      ],
      [
        -0.966796935,
        -0.155056462,
        -0.203128278
      ]
    ],
    "translation": [
      2.142975,
      1.00397182,
      -0.73369
    ]
  },
  {
    "timeStamp": 28420,
    "rotation": [
      [
        0.00737664849,
        -0.996044457,
        -0.08854993
      ],
      [
        -0.180314273,
        -0.08842573,
        0.9796263
      ],
      [
        -0.9835814,
        0.008740446,
        -0.180253312
      ]
    ],
    "translation": [
      2.16872048,
      0.981212258,
      -0.7495477
    ]
  },
  {
    "timeStamp": 28464,
    "rotation": [
      [
        -0.140946358,
        -0.985861242,
        -0.0906184
      ],
      [
        -0.157154709,
        -0.06809175,
        0.98522377
      ],
      [
        -0.977464259,
        0.153104827,
        -0.145335451
      ]
    ],
    "translation": [
      2.18941975,
      0.9613105,
      -0.761567831
    ]
  },
  {
    "timeStamp": 28520,
    "rotation": [
      [
        -0.271229059,
        -0.96117425,
        -0.0507830232
      ],
      [
        -0.14441061,
        -0.01152647,
        0.9894507
      ],
      [
        -0.951619864,
        0.2757014,
        -0.135677442
      ]
    ],
    "translation": [
      2.19982338,
      0.9373155,
      -0.7674557
    ]
  },
  {
    "timeStamp": 28564,
    "rotation": [
      [
        -0.362663031,
        -0.931050837,
        -0.04024761
      ],
      [
        -0.116130911,
        0.002299771,
        0.993231237
      ],
      [
        -0.9246562,
        0.364882261,
        -0.108957827
      ]
    ],
    "translation": [
      2.206086,
      0.917947948,
      -0.770699561
    ]
  },
  {
    "timeStamp": 28620,
    "rotation": [
      [
        -0.479962915,
        -0.8762473,
        -0.04273546
      ],
      [
        -0.0930999443,
        0.00243629585,
        0.9956538
      ],
      [
        -0.8723348,
        0.481855541,
        -0.08274791
      ]
    ],
    "translation": [
      2.217911,
      0.8980251,
      -0.7780542
    ]
  },
  {
    "timeStamp": 28664,
    "rotation": [
      [
        -0.53840363,
        -0.8426721,
        0.00501695462
      ],
      [
        -0.08053632,
        0.05738105,
        0.99509865
      ],
      [
        -0.838829756,
        0.5353607,
        -0.09875988
      ]
    ],
    "translation": [
      2.21536016,
      0.8807086,
      -0.772892952
    ]
  },
  {
    "timeStamp": 28719,
    "rotation": [
      [
        -0.5900757,
        -0.8059155,
        -0.04807048
      ],
      [
        -0.06602309,
        -0.0111723393,
        0.9977555
      ],
      [
        -0.8046437,
        0.5919251,
        -0.04661651
      ]
    ],
    "translation": [
      2.22683978,
      0.86655724,
      -0.778116465
    ]
  },
  {
    "timeStamp": 28764,
    "rotation": [
      [
        -0.603173435,
        -0.7967808,
        -0.0363615863
      ],
      [
        -0.07469748,
        0.0110416282,
        0.9971451
      ],
      [
        -0.7941046,
        0.6041676,
        -0.06617753
      ]
    ],
    "translation": [
      2.23075175,
      0.8583495,
      -0.7733747
    ]
  },
  {
    "timeStamp": 28821,
    "rotation": [
      [
        -0.625537336,
        -0.7798491,
        -0.02320383
      ],
      [
        -0.0536116324,
        0.013294463,
        0.998473346
      ],
      [
        -0.778350055,
        0.625826359,
        -0.0501251668
      ]
    ],
    "translation": [
      2.22988963,
      0.845801234,
      -0.7711699
    ]
  },
  {
    "timeStamp": 28867,
    "rotation": [
      [
        -0.625229836,
        -0.7787695,
        -0.0510460734
      ],
      [
        -0.0574916676,
        -0.01926968,
        0.99816
      ],
      [
        -0.7783202,
        0.62701416,
        -0.03272478
      ]
    ],
    "translation": [
      2.236951,
      0.8389485,
      -0.7725392
    ]
  },
  {
    "timeStamp": 28912,
    "rotation": [
      [
        -0.6147957,
        -0.78815794,
        -0.0288680959
      ],
      [
        -0.05326217,
        0.00497183343,
        0.9985682
      ],
      [
        -0.7868859,
        0.615453,
        -0.04503566
      ]
    ],
    "translation": [
      2.23366165,
      0.8283855,
      -0.7653943
    ]
  },
  {
    "timeStamp": 28969,
    "rotation": [
      [
        -0.6109948,
        -0.79037,
        -0.04472925
      ],
      [
        -0.042098213,
        -0.0239823535,
        0.9988256
      ],
      [
        -0.790514469,
        0.6121603,
        -0.0186200682
      ]
    ],
    "translation": [
      2.23658872,
      0.818441,
      -0.7666421
    ]
  },
  {
    "timeStamp": 29014,
    "rotation": [
      [
        -0.6010844,
        -0.7970939,
        -0.0577833876
      ],
      [
        -0.03668517,
        -0.0447071455,
        0.998326361
      ],
      [
        -0.7983431,
        0.6021982,
        -0.00236875657
      ]
    ],
    "translation": [
      2.23996782,
      0.810614049,
      -0.7662949
    ]
  },
  {
    "timeStamp": 29069,
    "rotation": [
      [
        -0.60439086,
        -0.7961026,
        -0.03053403
      ],
      [
        -0.0160145368,
        -0.0261782948,
        0.999529
      ],
      [
        -0.796526968,
        0.6045952,
        0.003072708
      ]
    ],
    "translation": [
      2.235165,
      0.7967483,
      -0.7650766
    ]
  },
  {
    "timeStamp": 29113,
    "rotation": [
      [
        -0.610298,
        -0.7914672,
        -0.0334079936
      ],
      [
        -0.008639407,
        -0.03552017,
        0.9993316
      ],
      [
        -0.792124867,
        0.610178649,
        0.01484008
      ]
    ],
    "translation": [
      2.236496,
      0.788890362,
      -0.768966854
    ]
  },
  {
    "timeStamp": 29169,
    "rotation": [
      [
        -0.610673249,
        -0.79131645,
        -0.0299416147
      ],
      [
        -0.006884274,
        -0.0325041153,
        0.9994479
      ],
      [
        -0.7918528,
        0.610542238,
        0.0144017544
      ]
    ],
    "translation": [
      2.23545265,
      0.778922558,
      -0.7690138
    ]
  },
  {
    "timeStamp": 29213,
    "rotation": [
      [
        -0.6095655,
        -0.792498052,
        -0.01940745
      ],
      [
        0.006153035,
        -0.0292107686,
        0.999554336
      ],
      [
        -0.7927118,
        0.60917443,
        0.0226821452
      ]
    ],
    "translation": [
      2.23331976,
      0.770257056,
      -0.7703783
    ]
  },
  {
    "timeStamp": 29269,
    "rotation": [
      [
        -0.6111006,
        -0.7915333,
        -0.00557542359
      ],
      [
        0.009072981,
        -0.0140476059,
        0.999860168
      ],
      [
        -0.7915009,
        0.610964537,
        0.0157660674
      ]
    ],
    "translation": [
      2.231056,
      0.7607093,
      -0.7699478
    ]
  },
  {
    "timeStamp": 29313,
    "rotation": [
      [
        -0.6102012,
        -0.792239845,
        -0.00324225053
      ],
      [
        0.0164574683,
        -0.0167672969,
        0.999724
      ],
      [
        -0.7920756,
        0.6099794,
        0.0232696868
      ]
    ],
    "translation": [
      2.230644,
      0.754822731,
      -0.771914661
    ]
  },
  {
    "timeStamp": 29369,
    "rotation": [
      [
        -0.5916461,
        -0.80608654,
        0.013395221
      ],
      [
        0.00678490661,
        0.0116361482,
        0.9999093
      ],
      [
        -0.806169331,
        0.591683269,
        -0.00141525909
      ]
    ],
    "translation": [
      2.225809,
      0.751187563,
      -0.7666286
    ]
  }
]