[
  {
    "timeStamp": 41830,
    "rotation": [
      [
        0.9571836,
        -0.0111956289,
        0.289264977
      ],
      [
        -0.28388828,
        -0.231784269,
        0.9304211
      ],
      [
        0.0566304438,
        -0.9727028,
        -0.2250384
      ]
    ],
    "translation": [
      1.14235246,
      0.7035334,
      -0.483861029
    ]
  },
  {
    "timeStamp": 41874,
    "rotation": [
      [
        0.945039868,
        -0.0441773646,
        0.323956728
      ],
      [
        -0.326383561,
        -0.186025739,
        0.926751435
      ],
      [
        0.0193228442,
        -0.9815512,
        -0.19022052
      ]
    ],
    "translation": [
      1.14371789,
      0.710902452,
      -0.484861761
    ]
  },
  {
    "timeStamp": 41923,
    "rotation": [
      [
        0.9545124,
        0.006891408,
        0.29809168
      ],
      [
        -0.271902561,
        -0.390184641,
        0.879673243
      ],
      [
        0.122372948,
        -0.920710862,
        -0.370562255
      ]
    ],
    "translation": [
      1.149638,
      0.729437947,
      -0.480591834
    ]
  },
  {
    "timeStamp": 41983,
    "rotation": [
      [
        0.9050033,
        -0.0006281314,
        0.425404072
      ],
      [
        -0.386985034,
        -0.416509241,
        0.8226558
      ],
      [
        0.176668018,
        -0.9091312,
        -0.3771853
      ]
    ],
    "translation": [
      1.15648246,
      0.769608259,
      -0.497315377
    ]
  },
  {
    "timeStamp": 42028,
    "rotation": [
      [
        0.8556123,
        0.0141684944,
        0.5174233
      ],
      [
        -0.4543607,
        -0.458302766,
        0.7638815
      ],
      [
        0.247959554,
        -0.8886832,
        -0.385691851
      ]
    ],
    "translation": [
      1.17221081,
      0.80932945,
      -0.5186134
    ]
  },
  {
    "timeStamp": 42072,
    "rotation": [
      [
        0.8116045,
        0.0523906127,
        0.581853449
      ],
      [
        -0.475428849,
        -0.519570351,
        0.709939539
      ],
      [
        0.339507937,
        -0.85282,
        -0.39677757
      ]
    ],
    "translation": [
      1.19657362,
      0.84992224,
      -0.5455088
    ]
  },
  {
    "timeStamp": 42128,
    "rotation": [
      [
        0.7862228,
        0.08853179,
        0.6115683
      ],
      [
        -0.481039584,
        -0.533541858,
        0.6956536
      ],
      [
        0.387884766,
        -0.8411273,
        -0.376895517
      ]
    ],
    "translation": [
      1.24515069,
      0.879192948,
      -0.5834595
    ]
  },
  {
    "timeStamp": 42173,
    "rotation": [
      [
        0.7776301,
        0.07736964,
        0.6239434
      ],
      [
        -0.5111325,
        -0.5000826,
        0.6990429
      ],
      [
        0.3661079,
        -0.8625145,
        -0.349333167
      ]
    ],
    "translation": [
      1.29143918,
      0.8900532,
      -0.613430858
    ]
  },
  {
    "timeStamp": 42228,
    "rotation": [
      [
        0.792458057,
        0.1187288,
        0.598258853
      ],
      [
        -0.469242662,
        -0.50793606,
        0.7223658
      ],
      [
        0.389642864,
        -0.8531732,
        -0.3468054
      ]
    ],
    "translation": [
      1.35107064,
      0.9047953,
      -0.6480172
    ]
  },
  {
    "timeStamp": 42272,
    "rotation": [
      [
        0.8347319,
        0.16044198,
        0.52676487
      ],
      [
        -0.376042634,
        -0.5327292,
        0.75815016
      ],
      [
        0.402262062,
        -0.8309381,
        -0.384352982
      ]
    ],
    "translation": [
      1.40588224,
      0.916772246,
      -0.668868542
    ]
  },
  {
    "timeStamp": 42328,
    "rotation": [
      [
        0.8769404,
        0.20546858,
        0.434463173
      ],
      [
        -0.270200461,
        -0.5368191,
        0.799260259
      ],
      [
        0.397451,
        -0.8182958,
        -0.415240645
      ]
    ],
    "translation": [
      1.47369719,
      0.9273384,
      -0.691384137
    ]
  },
  {
    "timeStamp": 42373,
    "rotation": [
      [
        0.908239067,
        0.238864377,
        0.3435776
      ],
      [
        -0.175819576,
        -0.527241,
        0.8313269
      ],
      [
        0.379722565,
        -0.815451264,
        -0.4368638
      ]
    ],
    "translation": [
      1.52957129,
      0.9325348,
      -0.704579055
    ]
  },
  {
    "timeStamp": 42429,
    "rotation": [
      [
        0.940299749,
        0.230094239,
        0.250784874
      ],
      [
        -0.104060575,
        -0.5072007,
        0.8555225
      ],
      [
        0.3240491,
        -0.8305444,
        -0.452977
      ]
    ],
    "translation": [
      1.6029017,
      0.941357,
      -0.7121378
    ]
  },
  {
    "timeStamp": 42474,
    "rotation": [
      [
        0.9624197,
        0.227738589,
        0.147930682
      ],
      [
        -0.009384141,
        -0.51651603,
        0.8562261
      ],
      [
        0.2714043,
        -0.825437069,
        -0.494968057
      ]
    ],
    "translation": [
      1.66599727,
      0.953641832,
      -0.712438464
    ]
  },
  {
    "timeStamp": 42529,
    "rotation": [
      [
        0.9708262,
        0.239588171,
        0.009693299
      ],
      [
        0.121055081,
        -0.524616361,
        0.842688143
      ],
      [
        0.206983373,
        -0.8169303,
        -0.5383147
      ]
    ],
    "translation": [
      1.7466644,
      0.9724004,
      -0.710503042
    ]
  },
  {
    "timeStamp": 42574,
    "rotation": [
      [
        0.9672068,
        0.235174254,
        -0.09593823
      ],
      [
        0.207967609,
        -0.516438544,
        0.830686867
      ],
      [
        0.145809963,
        -0.823398,
        -0.5484115
      ]
    ],
    "translation": [
      1.8115325,
      0.9842895,
      -0.7097709
    ]
  },
  {
    "timeStamp": 42629,
    "rotation": [
      [
        0.9419107,
        0.2555431,
        -0.2179495
      ],
      [
        0.32359,
        -0.5166456,
        0.7926959
      ],
      [
        0.0899653062,
        -0.817175031,
        -0.5693252
      ]
    ],
    "translation": [
      1.88689148,
      1.00463748,
      -0.709208846
    ]
  },
  {
    "timeStamp": 42674,
    "rotation": [
      [
        0.9214978,
        0.2838022,
        -0.265138
      ],
      [
        0.376075685,
        -0.4815253,
        0.791644156
      ],
      [
        0.0969997048,
        -0.8292103,
        -0.5504556
      ]
    ],
    "translation": [
      1.93653786,
      1.012605,
      -0.710378647
    ]
  },
  {
    "timeStamp": 42730,
    "rotation": [
      [
        0.9186658,
        0.2685557,
        -0.289708346
      ],
      [
        0.387893617,
        -0.4744204,
        0.7902302
      ],
      [
        0.0747772753,
        -0.8383335,
        -0.540004849
      ]
    ],
    "translation": [
      1.99336159,
      1.02450061,
      -0.7089636
    ]
  },
  {
    "timeStamp": 42774,
    "rotation": [
      [
        0.9257605,
        0.238250628,
        -0.293605238
      ],
      [
        0.373373032,
        -0.4534894,
        0.809283555
      ],
      [
        0.0596654266,
        -0.858827055,
        -0.508779
      ]
    ],
    "translation": [
      2.0367918,
      1.027978,
      -0.708229542
    ]
  },
  {
    "timeStamp": 42830,
    "rotation": [
      [
        0.923874,
        0.187611192,
        -0.333555
      ],
      [
        0.382586867,
        -0.431887835,
        0.81676203
      ],
      [
        0.009175358,
        -0.882199,
        -0.4707875
      ]
    ],
    "translation": [
      2.09172249,
      1.02799714,
      -0.70788604
    ]
  },
  {
    "timeStamp": 42880,
    "rotation": [
      [
        0.9472463,
        0.124204636,
        -0.2954617
      ],
      [
        0.3203865,
        -0.392170072,
        0.862296462
      ],
      [
        -0.00876999553,
        -0.911469042,
        -0.411275148
      ]
    ],
    "translation": [
      2.129505,
      1.02008545,
      -0.7109237
    ]
  },
  {
    "timeStamp": 42924,
    "rotation": [
      [
        0.964880645,
        0.140364811,
        -0.222042918
      ],
      [
        0.2569318,
        -0.328283519,
        0.9089642
      ],
      [
        0.0546935461,
        -0.934091866,
        -0.3528186
      ]
    ],
    "translation": [
      2.13879132,
      1.00187957,
      -0.717736959
    ]
  },
  {
    "timeStamp": 42980,
    "rotation": [
      [
        0.95523113,
        0.223894954,
        -0.193402365
      ],
      [
        0.243770435,
        -0.225170776,
        0.943331361
      ],
      [
        0.167658553,
        -0.9482453,
        -0.2696691
      ]
    ],
    "translation": [
      2.14254451,
      0.976001441,
      -0.7291719
    ]
  },
  {
    "timeStamp": 43024,
    "rotation": [
      [
        0.964415967,
        0.20614545,
        -0.165547252
      ],
      [
        0.202806622,
        -0.175097927,
        0.963436663
      ],
      [
        0.16962111,
        -0.9627278,
        -0.2106749
      ]
    ],
    "translation": [
      2.150879,
      0.9565854,
      -0.7380658
    ]
  },
  {
    "timeStamp": 43080,
    "rotation": [
      [
        0.9644871,
        0.188822284,
        -0.184691265
      ],
      [
        0.218986392,
        -0.1806884,
        0.958851755
      ],
      [
        0.147681013,
        -0.965245,
        -0.215621129
      ]
    ],
    "translation": [
      2.16224456,
      0.9452777,
      -0.738190353
    ]
  },
  {
    "timeStamp": 43124,
    "rotation": [
      [
        0.98019,
        0.08512696,
        -0.178832456
      ],
      [
        0.194639012,
        -0.246927857,
        0.94928515
      ],
      [
        0.03665105,
        -0.965287566,
        -0.258605242
      ]
    ],
    "translation": [
      2.17069244,
      0.944846869,
      -0.7332989
    ]
  },
  {
    "timeStamp": 43180,
    "rotation": [
      [
        0.98764503,
        0.0158133041,
        -0.155907512
      ],
      [
        0.152384266,
        -0.3289901,
        0.931957364
      ],
      [
        -0.0365547054,
        -0.944200933,
        -0.327335179
      ]
    ],
    "translation": [
      2.16770148,
      0.946464539,
      -0.729675055
    ]
  },
  {
    "timeStamp": 43224,
    "rotation": [
      [
        0.98350203,
        0.0420452133,
        -0.175943285
      ],
      [
        0.179029837,
        -0.365625322,
        0.9133819
      ],
      [
        -0.0259259827,
        -0.929812,
        -0.3671206
      ]
    ],
    "translation": [
      2.1596458,
      0.9467493,
      -0.7277011
    ]
  },
  {
    "timeStamp": 43281,
    "rotation": [
      [
        0.936413169,
        0.0216473415,
        -0.350230932
      ],
      [
        0.313333333,
        -0.5008947,
        0.8068003
      ],
      [
        -0.157963738,
        -0.8652375,
        -0.475827247
      ]
    ],
    "translation": [
      2.17693567,
      0.9635707,
      -0.723867357
    ]
  },
  {
    "timeStamp": 43327,
    "rotation": [
      [
        0.9063516,
        -0.00562206563,
        -0.422486931
      ],
      [
        0.3491329,
        -0.5532117,
        0.7563485
      ],
      [
        -0.237976953,
        -0.83302176,
        -0.499441445
      ]
    ],
    "translation": [
      2.18843246,
      0.9722405,
      -0.726554155
    ]
  },
  {
    "timeStamp": 43372,
    "rotation": [
      [
        0.8436259,
        0.04982662,
        -0.534614563
      ],
      [
        0.453113377,
        -0.600261,
        0.6590714
      ],
      [
        -0.28806898,
        -0.798250735,
        -0.528972745
      ]
    ],
    "translation": [
      2.1941936,
      0.9890077,
      -0.727867067
    ]
  },
  {
    "timeStamp": 43429,
    "rotation": [
      [
        0.841244757,
        0.05904264,
        -0.537420869
      ],
      [
        0.455932826,
        -0.6117047,
        0.646484852
      ],
      [
        -0.290572673,
        -0.7888798,
        -0.5415128
      ]
    ],
    "translation": [
      2.18921232,
      0.991515338,
      -0.7262391
    ]
  },
  {
    "timeStamp": 43476,
    "rotation": [
      [
        0.838190734,
        0.09325615,
        -0.5373449
      ],
      [
        0.474532664,
        -0.610323668,
        0.63429
      ],
      [
        -0.268802822,
        -0.7866437,
        -0.555820763
      ]
    ],
    "translation": [
      2.18344355,
      0.99353075,
      -0.7225601
    ]
  },
  {
    "timeStamp": 43524,
    "rotation": [
      [
        0.8516716,
        0.115075812,
        -0.5112857
      ],
      [
        0.469288379,
        -0.6017392,
        0.6462804
      ],
      [
        -0.233289421,
        -0.7903591,
        -0.5664879
      ]
    ],
    "translation": [
      2.17691278,
      0.9941528,
      -0.717521667
    ]
  },
  {
    "timeStamp": 43580,
    "rotation": [
      [
        0.869732261,
        0.118722349,
        -0.4790311
      ],
      [
        0.451693922,
        -0.5825621,
        0.6757174
      ],
      [
        -0.198842585,
        -0.8040687,
        -0.5602992
      ]
    ],
    "translation": [
      2.17375517,
      0.9892063,
      -0.7142794
    ]
  },
  {
    "timeStamp": 43624,
    "rotation": [
      [
        0.896188438,
        0.137575984,
        -0.421804726
      ],
      [
        0.423876673,
        -0.5463158,
        0.722404063
      ],
      [
        -0.13105312,
        -0.826203346,
        -0.5479171
      ]
    ],
    "translation": [
      2.16788483,
      0.9859164,
      -0.709343851
    ]
  },
  {
    "timeStamp": 43680,
    "rotation": [
      [
        0.942334,
        0.177913636,
        -0.283466727
      ],
      [
        0.333897173,
        -0.4421112,
        0.832496464
      ],
      [
        0.0227886513,
        -0.87913847,
        -0.47602126
      ]
    ],
    "translation": [
      2.15426326,
      0.972164,
      -0.7041007
    ]
  },
  {
    "timeStamp": 43724,
    "rotation": [
      [
        0.9267836,
        0.300371051,
        -0.225498065
      ],
      [
        0.330192924,
        -0.365431577,
        0.870305955
      ],
      [
        0.179010615,
        -0.881043136,
        -0.437856376
      ]
    ],
    "translation": [
      2.14438343,
      0.9719242,
      -0.701870263
    ]
  },
  {
    "timeStamp": 43774,
    "rotation": [
      [
        0.904415131,
        0.38674435,
        -0.180172518
      ],
      [
        0.297116846,
        -0.267846465,
        0.916504145
      ],
      [
        0.306194216,
        -0.8824325,
        -0.357152671
      ]
    ],
    "translation": [
      2.14208412,
      0.971250534,
      -0.705859959
    ]
  },
  {
    "timeStamp": 43824,
    "rotation": [
      [
        0.78770113,
        0.5194365,
        -0.331229061
      ],
      [
        0.4979525,
        -0.22026667,
        0.838764548
      ],
      [
        0.362726182,
        -0.8256321,
        -0.432158977
      ]
    ],
    "translation": [
      2.16623163,
      0.9927462,
      -0.694701433
    ]
  },
  {
    "timeStamp": 43880,
    "rotation": [
      [
        0.796963453,
        0.434895247,
        -0.419184238
      ],
      [
        0.565232038,
        -0.2922509,
        0.771428645
      ],
      [
        0.212983683,
        -0.8517368,
        -0.47873
      ]
    ],
    "translation": [
      2.20483017,
      1.02199709,
      -0.679837346
    ]
  },
  {
    "timeStamp": 43931,
    "rotation": [
      [
        0.787757158,
        0.423757523,
        -0.447066277
      ],
      [
        0.5978087,
        -0.3509215,
        0.7207488
      ],
      [
        0.148537561,
        -0.8350351,
        -0.529766858
      ]
    ],
    "translation": [
      2.22067332,
      1.03579414,
      -0.6784255
    ]
  },
  {
    "timeStamp": 43979,
    "rotation": [
      [
        0.687838137,
        0.444162875,
        -0.5741063
      ],
      [
        0.725441039,
        -0.39364922,
        0.564602137
      ],
      [
        0.0247788038,
        -0.804835141,
        -0.5929809
      ]
    ],
    "translation": [
      2.242243,
      1.05372524,
      -0.683246136
    ]
  },
  {
    "timeStamp": 44024,
    "rotation": [
      [
        0.712178767,
        0.325829834,
        -0.6218009
      ],
      [
        0.68576014,
        -0.5123189,
        0.5169742
      ],
      [
        -0.15011473,
        -0.794584334,
        -0.588303745
      ]
    ],
    "translation": [
      2.26229787,
      1.06081331,
      -0.6985728
    ]
  },
  {
    "timeStamp": 44079,
    "rotation": [
      [
        0.666825,
        0.211391017,
        -0.714603543
      ],
      [
        0.671247363,
        -0.5868887,
        0.4527567
      ],
      [
        -0.323684037,
        -0.7815853,
        -0.5332477
      ]
    ],
    "translation": [
      2.281319,
      1.05618048,
      -0.7281941
    ]
  },
  {
    "timeStamp": 44124,
    "rotation": [
      [
        0.643853843,
        0.103694446,
        -0.758089542
      ],
      [
        0.6392782,
        -0.6173301,
        0.4585052
      ],
      [
        -0.420447,
        -0.7798404,
        -0.4637599
      ]
    ],
    "translation": [
      2.28521776,
      1.04211986,
      -0.7528597
    ]
  },
  {
    "timeStamp": 44179,
    "rotation": [
      [
        0.613441348,
        0.0222454332,
        -0.7894269
      ],
      [
        0.6145291,
        -0.641286552,
        0.459462225
      ],
      [
        -0.496027946,
        -0.7669789,
        -0.407062173
      ]
    ],
    "translation": [
      2.27842832,
      1.02672541,
      -0.776560366
    ]
  },
  {
    "timeStamp": 44224,
    "rotation": [
      [
        0.608132958,
        0.009438776,
        -0.7937791
      ],
      [
        0.6031257,
        -0.655649066,
        0.4542726
      ],
      [
        -0.5161528,
        -0.755006731,
        -0.404414564
      ]
    ],
    "translation": [
      2.26455712,
      1.0188477,
      -0.785747766
    ]
  },
  {
    "timeStamp": 44279,
    "rotation": [
      [
        0.6701836,
        0.0219056588,
        -0.741871953
      ],
      [
        0.5440477,
        -0.69440484,
        0.470971346
      ],
      [
        -0.5048426,
        -0.719251,
        -0.477296442
      ]
    ],
    "translation": [
      2.24183059,
      1.01109743,
      -0.785106242
    ]
  },
  {
    "timeStamp": 44324,
    "rotation": [
      [
        0.7647815,
        0.05115501,
        -0.6422558
      ],
      [
        0.4635102,
        -0.7360742,
        0.493308336
      ],
      [
        -0.447512716,
        -0.6749652,
        -0.586646736
      ]
    ],
    "translation": [
      2.21733,
      1.01023793,
      -0.7759111
    ]
  },
  {
    "timeStamp": 44379,
    "rotation": [
      [
        0.8579174,
        0.145905718,
        -0.492635041
      ],
      [
        0.441338658,
        -0.7001905,
        0.5612072
      ],
      [
        -0.263055027,
        -0.6988883,
        -0.6650994
      ]
    ],
    "translation": [
      2.1803236,
      1.00095189,
      -0.7585457
    ]
  },
  {
    "timeStamp": 44424,
    "rotation": [
      [
        0.9267669,
        0.0828682855,
        -0.366382241
      ],
      [
        0.324742258,
        -0.6669815,
        0.6705804
      ],
      [
        -0.188800365,
        -0.7404515,
        -0.645047247
      ]
    ],
    "translation": [
      2.16527843,
      0.98934,
      -0.7494658
    ]
  },
  {
    "timeStamp": 44479,
    "rotation": [
      [
        0.9682492,
        -0.0846366659,
        -0.235223338
      ],
      [
        0.135125428,
        -0.6144446,
        0.7773023
      ],
      [
        -0.210319981,
        -0.784407,
        -0.583499
      ]
    ],
    "translation": [
      2.162138,
      0.9728646,
      -0.743923366
    ]
  },
  {
    "timeStamp": 44524,
    "rotation": [
      [
        0.9677258,
        -0.07923829,
        -0.239223808
      ],
      [
        0.131952032,
        -0.649423361,
        0.7488911
      ],
      [
        -0.2146984,
        -0.756287336,
        -0.6180081
      ]
    ],
    "translation": [
      2.16035843,
      0.977378368,
      -0.7369972
    ]
  },
  {
    "timeStamp": 44579,
    "rotation": [
      [
        0.9655737,
        -0.0941731259,
        -0.242484614
      ],
      [
        0.128198519,
        -0.6388336,
        0.7585887
      ],
      [
        -0.226345986,
        -0.763559461,
        -0.604768038
      ]
    ],
    "translation": [
      2.159861,
      0.9668336,
      -0.732099533
    ]
  },
  {
    "timeStamp": 44624,
    "rotation": [
      [
        0.968320131,
        -0.138381988,
        -0.207861945
      ],
      [
        0.08447494,
        -0.6017999,
        0.7941668
      ],
      [
        -0.234989658,
        -0.7865668,
        -0.57104516
      ]
    ],
    "translation": [
      2.15728545,
      0.9478081,
      -0.730309665
    ]
  },
  {
    "timeStamp": 44681,
    "rotation": [
      [
        0.973019,
        -0.103842869,
        -0.2060356
      ],
      [
        0.112877548,
        -0.5645797,
        0.8176236
      ],
      [
        -0.2012279,
        -0.8188201,
        -0.5376253
      ]
    ],
    "translation": [
      2.14876723,
      0.9234822,
      -0.7301978
    ]
  },
  {
    "timeStamp": 44726,
    "rotation": [
      [
        0.977432668,
        -0.0894491,
        -0.191374481
      ],
      [
        0.117155537,
        -0.524311066,
        0.843429
      ],
      [
        -0.175783724,
        -0.8468157,
        -0.501999259
      ]
    ],
    "translation": [
      2.14067531,
      0.906308234,
      -0.730644763
    ]
  },
  {
    "timeStamp": 44784,
    "rotation": [
      [
        0.973959267,
        -0.04545836,
        -0.222119316
      ],
      [
        0.171216086,
        -0.494739175,
        0.852008343
      ],
      [
        -0.148622021,
        -0.8678518,
        -0.474072576
      ]
    ],
    "translation": [
      2.13754249,
      0.8903715,
      -0.734500766
    ]
  },
  {
    "timeStamp": 44828,
    "rotation": [
      [
        0.9778049,
        -0.0569556,
        -0.201627612
      ],
      [
        0.151743487,
        -0.471057355,
        0.868952751
      ],
      [
        -0.1444699,
        -0.8802619,
        -0.451959521
      ]
    ],
    "translation": [
      2.13841534,
      0.878454864,
      -0.736337364
    ]
  },
  {
    "timeStamp": 44873,
    "rotation": [
      [
        0.982880652,
        -0.06770265,
        -0.171353236
      ],
      [
        0.125496134,
        -0.434916645,
        0.8916828
      ],
      [
        -0.134893671,
        -0.8979219,
        -0.418974727
      ]
    ],
    "translation": [
      2.139501,
      0.8650008,
      -0.739962459
    ]
  },
  {
    "timeStamp": 44929,
    "rotation": [
      [
        0.9850413,
        -0.0482696965,
        -0.165419355
      ],
      [
        0.1316463,
        -0.408613622,
        0.903163433
      ],
      [
        -0.111188017,
        -0.9114302,
        -0.396146774
      ]
    ],
    "translation": [
      2.14146328,
      0.855249345,
      -0.7405005
    ]
  },
  {
    "timeStamp": 44973,
    "rotation": [
      [
        0.9854625,
        -0.06630528,
        -0.156420529
      ],
      [
        0.119982615,
        -0.3802298,
        0.9170766
      ],
      [
        -0.120282769,
        -0.9225123,
        -0.366746724
      ]
    ],
    "translation": [
      2.14493823,
      0.848211,
      -0.741998434
    ]
  },
  {
    "timeStamp": 45028,
    "rotation": [
      [
        0.985994339,
        -0.058805868,
        -0.156067282
      ],
      [
        0.126086608,
        -0.3496842,
        0.9283443
      ],
      [
        -0.109166346,
        -0.9350202,
        -0.337372
      ]
    ],
    "translation": [
      2.146417,
      0.843130052,
      -0.742066264
    ]
  }
]