[
  {
    "timeStamp": 23483,
    "rotation": [
      [
        0.402223319,
        -0.210587651,
        -0.8909934
      ],
      [
        0.6091357,
        0.7880881,
        0.0887177959
      ],
      [
        0.683498442,
        -0.5784203,
        0.445263863
      ]
    ],
    "translation": [
      1.6385448,
      0.7022288,
      -0.7354886
    ]
  },
  {
    "timeStamp": 23537,
    "rotation": [
      [
        0.419803858,
        -0.281179845,
        -0.8629615
      ],
      [
        0.6310627,
        0.773789,
        0.05486766
      ],
      [
        0.6523224,
        -0.567616463,
        0.5022817
      ]
    ],
    "translation": [
      1.63735914,
      0.702955365,
      -0.736945868
    ]
  },
  {
    "timeStamp": 23589,
    "rotation": [
      [
        0.4156202,
        -0.31477803,
        -0.8533315
      ],
      [
        0.644241,
        0.764157057,
        0.0318981558
      ],
      [
        0.642038465,
        -0.563008666,
        0.52039206
      ]
    ],
    "translation": [
      1.63686121,
      0.703547657,
      -0.7374179
    ]
  },
  {
    "timeStamp": 23633,
    "rotation": [
      [
        0.4706217,
        -0.168558657,
        -0.866085
      ],
      [
        0.5912188,
        0.78887707,
        0.167729884
      ],
      [
        0.654962242,
        -0.5909831,
        0.4709177
      ]
    ],
    "translation": [
      1.62706029,
      0.7100696,
      -0.7365381
    ]
  },
  {
    "timeStamp": 23689,
    "rotation": [
      [
        0.5078063,
        -0.134728581,
        -0.8508707
      ],
      [
        0.6003682,
        0.7636805,
        0.237381712
      ],
      [
        0.617811263,
        -0.6313796,
        0.468688548
      ]
    ],
    "translation": [
      1.639201,
      0.745882869,
      -0.735368967
    ]
  },
  {
    "timeStamp": 23733,
    "rotation": [
      [
        0.53892535,
        -0.118356846,
        -0.83399713
      ],
      [
        0.608839631,
        0.7389497,
        0.288561374
      ],
      [
        0.5821287,
        -0.6632835,
        0.470299065
      ]
    ],
    "translation": [
      1.66023362,
      0.782113552,
      -0.736971736
    ]
  },
  {
    "timeStamp": 23788,
    "rotation": [
      [
        0.561717749,
        -0.1229746,
        -0.818138361
      ],
      [
        0.632424235,
        0.7013844,
        0.3287848
      ],
      [
        0.5333973,
        -0.7020948,
        0.4717522
      ]
    ],
    "translation": [
      1.70011854,
      0.829885244,
      -0.744251549
    ]
  },
  {
    "timeStamp": 23833,
    "rotation": [
      [
        0.6068212,
        -0.132160679,
        -0.7837739
      ],
      [
        0.619817734,
        0.6959908,
        0.3625228
      ],
      [
        0.4975882,
        -0.705783546,
        0.5042575
      ]
    ],
    "translation": [
      1.73804426,
      0.8672967,
      -0.7529839
    ]
  },
  {
    "timeStamp": 23888,
    "rotation": [
      [
        0.636351168,
        -0.172444209,
        -0.7518778
      ],
      [
        0.6331805,
        0.6734967,
        0.381424427
      ],
      [
        0.4406128,
        -0.7187943,
        0.5377688
      ]
    ],
    "translation": [
      1.79600859,
      0.912527859,
      -0.763323545
    ]
  },
  {
    "timeStamp": 23933,
    "rotation": [
      [
        0.6525387,
        -0.230869621,
        -0.721728742
      ],
      [
        0.6555659,
        0.6496838,
        0.384895146
      ],
      [
        0.3800349,
        -0.7242998,
        0.5752941
      ]
    ],
    "translation": [
      1.84851813,
      0.9453625,
      -0.7691157
    ]
  },
  {
    "timeStamp": 23989,
    "rotation": [
      [
        0.6572768,
        -0.315313041,
        -0.684518
      ],
      [
        0.6886097,
        0.6203716,
        0.375440747
      ],
      [
        0.306274146,
        -0.7181342,
        0.6248835
      ]
    ],
    "translation": [
      1.91399121,
      0.9769157,
      -0.776959956
    ]
  },
  {
    "timeStamp": 24035,
    "rotation": [
      [
        0.653563261,
        -0.386072457,
        -0.651001632
      ],
      [
        0.7131901,
        0.6021109,
        0.35891825
      ],
      [
        0.253406763,
        -0.698863745,
        0.6688606
      ]
    ],
    "translation": [
      1.965349,
      0.992304,
      -0.7824458
    ]
  },
  {
    "timeStamp": 24091,
    "rotation": [
      [
        0.6482099,
        -0.4614104,
        -0.605742753
      ],
      [
        0.7310074,
        0.599800766,
        0.325372338
      ],
      [
        0.213194788,
        -0.653712034,
        0.726091266
      ]
    ],
    "translation": [
      2.021047,
      0.9951785,
      -0.7886169
    ]
  },
  {
    "timeStamp": 24137,
    "rotation": [
      [
        0.646476448,
        -0.5064899,
        -0.570557833
      ],
      [
        0.7357753,
        0.6116596,
        0.290701419
      ],
      [
        0.201749846,
        -0.607733965,
        0.7680862
      ]
    ],
    "translation": [
      2.05785656,
      0.986148,
      -0.7916403
    ]
  },
  {
    "timeStamp": 24186,
    "rotation": [
      [
        0.648702562,
        -0.5317933,
        -0.544408739
      ],
      [
        0.7367419,
        0.618143439,
        0.2740622
      ],
      [
        0.19077827,
        -0.5788736,
        0.7927856
      ]
    ],
    "translation": [
      2.08436275,
      0.9699269,
      -0.7905085
    ]
  },
  {
    "timeStamp": 24233,
    "rotation": [
      [
        0.60580194,
        -0.5599689,
        -0.5651892
      ],
      [
        0.7624026,
        0.6116836,
        0.211152673
      ],
      [
        0.227478,
        -0.5588184,
        0.7974809
      ]
    ],
    "translation": [
      2.10987544,
      0.939623952,
      -0.789483
    ]
  },
  {
    "timeStamp": 24289,
    "rotation": [
      [
        0.6699222,
        -0.525424,
        -0.52453196
      ],
      [
        0.698988438,
        0.6844965,
        0.207074
      ],
      [
        0.250238627,
        -0.5053652,
        0.8258248
      ]
    ],
    "translation": [
      2.12010884,
      0.897751749,
      -0.79158
    ]
  },
  {
    "timeStamp": 24333,
    "rotation": [
      [
        0.633926749,
        -0.548585534,
        -0.5451521
      ],
      [
        0.720342934,
        0.6753799,
        0.158012837
      ],
      [
        0.281501234,
        -0.492865026,
        0.8233111
      ]
    ],
    "translation": [
      2.13325,
      0.8693606,
      -0.7933603
    ]
  },
  {
    "timeStamp": 24388,
    "rotation": [
      [
        0.6452031,
        -0.5747822,
        -0.50332725
      ],
      [
        0.7103553,
        0.693839252,
        0.118247069
      ],
      [
        0.2812619,
        -0.433834553,
        0.855966866
      ]
    ],
    "translation": [
      2.14927816,
      0.838532031,
      -0.7971066
    ]
  },
  {
    "timeStamp": 24433,
    "rotation": [
      [
        0.6460192,
        -0.5805633,
        -0.495585948
      ],
      [
        0.703963757,
        0.7041528,
        0.09275656
      ],
      [
        0.2951172,
        -0.4087971,
        0.8635918
      ]
    ],
    "translation": [
      2.15638041,
      0.82006973,
      -0.7999314
    ]
  },
  {
    "timeStamp": 24488,
    "rotation": [
      [
        0.644636,
        -0.582650959,
        -0.494936764
      ],
      [
        0.693870068,
        0.7176909,
        0.05885661
      ],
      [
        0.320918739,
        -0.3813629,
        0.8669334
      ]
    ],
    "translation": [
      2.15814,
      0.802312732,
      -0.8031825
    ]
  },
  {
    "timeStamp": 24533,
    "rotation": [
      [
        0.63227427,
        -0.5755066,
        -0.5186727
      ],
      [
        0.686536252,
        0.7264403,
        0.0308634527
      ],
      [
        0.3590226,
        -0.375601739,
        0.854415655
      ]
    ],
    "translation": [
      2.153914,
      0.79203546,
      -0.805927038
    ]
  },
  {
    "timeStamp": 24589,
    "rotation": [
      [
        0.6260184,
        -0.5562604,
        -0.546511948
      ],
      [
        0.668681443,
        0.743492,
        0.009206944
      ],
      [
        0.401205838,
        -0.3712061,
        0.837400734
      ]
    ],
    "translation": [
      2.14608455,
      0.7829504,
      -0.8086727
    ]
  }
]