[
  {
    "timeStamp": 36110,
    "rotation": [
      [
        -0.08284414,
        0.6588374,
        0.74770993
      ],
      [
        -0.994179845,
        -0.106490046,
        -0.0163196325
      ],
      [
        0.06887168,
        -0.7447101,
        0.663825
      ]
    ],
    "translation": [
      1.08836591,
      0.7227712,
      -0.737374961
    ]
  },
  {
    "timeStamp": 36156,
    "rotation": [
      [
        -0.05452414,
        0.674590766,
        0.7361755
      ],
      [
        -0.996071,
        -0.0882721,
        0.00711465254
      ],
      [
        0.06978324,
        -0.732895136,
        0.6767532
      ]
    ],
    "translation": [
      1.09095836,
      0.728182137,
      -0.7381214
    ]
  },
  {
    "timeStamp": 36210,
    "rotation": [
      [
        -0.111268617,
        0.657243133,
        0.74541986
      ],
      [
        -0.9919033,
        -0.11964947,
        -0.04256517
      ],
      [
        0.0612134151,
        -0.744120538,
        0.6652349
      ]
    ],
    "translation": [
      1.09149325,
      0.750399053,
      -0.7424609
    ]
  },
  {
    "timeStamp": 36254,
    "rotation": [
      [
        -0.169728354,
        0.6547777,
        0.7365178
      ],
      [
        -0.983416438,
        -0.160999909,
        -0.08349356
      ],
      [
        0.0639095753,
        -0.7384749,
        0.6712454
      ]
    ],
    "translation": [
      1.09738445,
      0.7763523,
      -0.747898459
    ]
  },
  {
    "timeStamp": 36310,
    "rotation": [
      [
        -0.258407742,
        0.625546753,
        0.7361499
      ],
      [
        -0.964284658,
        -0.212890446,
        -0.157584324
      ],
      [
        0.0581429265,
        -0.750579059,
        0.6582176
      ]
    ],
    "translation": [
      1.11661935,
      0.8173163,
      -0.754144669
    ]
  },
  {
    "timeStamp": 36354,
    "rotation": [
      [
        -0.316150784,
        0.5931996,
        0.7403802
      ],
      [
        -0.94671756,
        -0.247803465,
        -0.2057167
      ],
      [
        0.0614377148,
        -0.765968442,
        0.639935732
      ]
    ],
    "translation": [
      1.14375579,
      0.851987541,
      -0.757779241
    ]
  },
  {
    "timeStamp": 36410,
    "rotation": [
      [
        -0.3787442,
        0.536475658,
        0.754152954
      ],
      [
        -0.9228062,
        -0.281045258,
        -0.263518929
      ],
      [
        0.0705796257,
        -0.795743346,
        0.6015073
      ]
    ],
    "translation": [
      1.19025421,
      0.897397041,
      -0.7599959
    ]
  },
  {
    "timeStamp": 36454,
    "rotation": [
      [
        -0.426599,
        0.478209645,
        0.767677546
      ],
      [
        -0.9018493,
        -0.2891199,
        -0.321056783
      ],
      [
        0.06841841,
        -0.829292,
        0.5546113
      ]
    ],
    "translation": [
      1.235218,
      0.932746053,
      -0.7607344
    ]
  },
  {
    "timeStamp": 36510,
    "rotation": [
      [
        -0.429706484,
        0.4109653,
        0.8040273
      ],
      [
        -0.890811741,
        -0.338558257,
        -0.303039283
      ],
      [
        0.147671461,
        -0.846454859,
        0.5115734
      ]
    ],
    "translation": [
      1.30107784,
      0.970058262,
      -0.759474
    ]
  },
  {
    "timeStamp": 36554,
    "rotation": [
      [
        -0.4295225,
        0.349755049,
        0.8325755
      ],
      [
        -0.8853246,
        -0.344890118,
        -0.311851323
      ],
      [
        0.178075463,
        -0.871046662,
        0.4577848
      ]
    ],
    "translation": [
      1.35844421,
      0.995754,
      -0.758867264
    ]
  },
  {
    "timeStamp": 36610,
    "rotation": [
      [
        -0.375886232,
        0.27314046,
        0.8854963
      ],
      [
        -0.8927882,
        -0.362760365,
        -0.26708442
      ],
      [
        0.2482714,
        -0.8909541,
        0.380213231
      ]
    ],
    "translation": [
      1.43565261,
      1.01840818,
      -0.7586154
    ]
  },
  {
    "timeStamp": 36654,
    "rotation": [
      [
        -0.3126589,
        0.219685525,
        0.924111843
      ],
      [
        -0.9039767,
        -0.367556125,
        -0.218468815
      ],
      [
        0.291668534,
        -0.903681755,
        0.3135103
      ]
    ],
    "translation": [
      1.49954486,
      1.03028953,
      -0.760023
    ]
  },
  {
    "timeStamp": 36710,
    "rotation": [
      [
        -0.215033755,
        0.141427338,
        0.966312
      ],
      [
        -0.9207449,
        -0.359203428,
        -0.152321458
      ],
      [
        0.325560123,
        -0.922481,
        0.207459345
      ]
    ],
    "translation": [
      1.58307409,
      1.03894448,
      -0.764024
    ]
  },
  {
    "timeStamp": 36754,
    "rotation": [
      [
        -0.135115713,
        0.07616554,
        0.987898052
      ],
      [
        -0.932505846,
        -0.346802354,
        -0.100801706
      ],
      [
        0.334927768,
        -0.93484056,
        0.117883272
      ]
    ],
    "translation": [
      1.649841,
      1.04200482,
      -0.76929754
    ]
  },
  {
    "timeStamp": 36810,
    "rotation": [
      [
        -0.050872568,
        -0.0372530259,
        0.998010039
      ],
      [
        -0.944661736,
        -0.322476774,
        -0.06019038
      ],
      [
        0.324077338,
        -0.945844,
        -0.0187862869
      ]
    ],
    "translation": [
      1.733264,
      1.04298317,
      -0.777141
    ]
  },
  {
    "timeStamp": 36854,
    "rotation": [
      [
        0.0260795411,
        -0.146964356,
        0.988797963
      ],
      [
        -0.9521455,
        -0.3049758,
        -0.0202155113
      ],
      [
        0.304530382,
        -0.9409523,
        -0.1478851
      ]
    ],
    "translation": [
      1.79923141,
      1.04064167,
      -0.7847444
    ]
  },
  {
    "timeStamp": 36910,
    "rotation": [
      [
        0.09418184,
        -0.267869741,
        0.9588407
      ],
      [
        -0.957699656,
        -0.2874402,
        0.0137680629
      ],
      [
        0.271921337,
        -0.919578135,
        -0.2836104
      ]
    ],
    "translation": [
      1.87378919,
      1.03627789,
      -0.796122
    ]
  },
  {
    "timeStamp": 36954,
    "rotation": [
      [
        0.151342779,
        -0.3448947,
        0.9263601
      ],
      [
        -0.956919134,
        -0.2860454,
        0.0498372652
      ],
      [
        0.247792438,
        -0.8939942,
        -0.373327255
      ]
    ],
    "translation": [
      1.92690682,
      1.02891183,
      -0.804586351
    ]
  },
  {
    "timeStamp": 37010,
    "rotation": [
      [
        0.209510729,
        -0.4301866,
        0.8780915
      ],
      [
        -0.954534352,
        -0.284737647,
        0.08825375
      ],
      [
        0.212060124,
        -0.8566586,
        -0.470283478
      ]
    ],
    "translation": [
      1.9853636,
      1.01704848,
      -0.812586069
    ]
  },
  {
    "timeStamp": 37054,
    "rotation": [
      [
        0.212614372,
        -0.500340939,
        0.8393176
      ],
      [
        -0.95817405,
        -0.275153369,
        0.07869616
      ],
      [
        0.191566154,
        -0.8209443,
        -0.5379153
      ]
    ],
    "translation": [
      2.02190161,
      1.00658774,
      -0.815113664
    ]
  },
  {
    "timeStamp": 37109,
    "rotation": [
      [
        0.250708729,
        -0.531238139,
        0.8092782
      ],
      [
        -0.952622831,
        -0.284095228,
        0.108626
      ],
      [
        0.172205791,
        -0.7981704,
        -0.5772947
      ]
    ],
    "translation": [
      2.05911446,
      0.990292549,
      -0.814747036
    ]
  },
  {
    "timeStamp": 37161,
    "rotation": [
      [
        0.240525037,
        -0.5556416,
        0.7958707
      ],
      [
        -0.9570256,
        -0.2726193,
        0.09889796
      ],
      [
        0.1620179,
        -0.785456061,
        -0.597335
      ]
    ],
    "translation": [
      2.08187,
      0.971479,
      -0.8097814
    ]
  },
  {
    "timeStamp": 37205,
    "rotation": [
      [
        0.257188469,
        -0.530845,
        0.807500839
      ],
      [
        -0.9548257,
        -0.2683198,
        0.1277199
      ],
      [
        0.148869008,
        -0.8038707,
        -0.5758732
      ]
    ],
    "translation": [
      2.0927062,
      0.9529931,
      -0.8064004
    ]
  },
  {
    "timeStamp": 37260,
    "rotation": [
      [
        0.24370268,
        -0.522377,
        0.817148268
      ],
      [
        -0.9614098,
        -0.24103424,
        0.132641047
      ],
      [
        0.127672091,
        -0.817939341,
        -0.5609591
      ]
    ],
    "translation": [
      2.09986687,
      0.929144859,
      -0.8029522
    ]
  },
  {
    "timeStamp": 37305,
    "rotation": [
      [
        0.2516622,
        -0.514296353,
        0.819856942
      ],
      [
        -0.963615537,
        -0.211983889,
        0.162812635
      ],
      [
        0.09006252,
        -0.8310007,
        -0.548932254
      ]
    ],
    "translation": [
      2.10390544,
      0.9095102,
      -0.8032559
    ]
  },
  {
    "timeStamp": 37360,
    "rotation": [
      [
        0.2221497,
        -0.515414536,
        0.827645659
      ],
      [
        -0.9720283,
        -0.183437362,
        0.146668449
      ],
      [
        0.0762261,
        -0.837077439,
        -0.5417481
      ]
    ],
    "translation": [
      2.10269761,
      0.891418934,
      -0.8035554
    ]
  },
  {
    "timeStamp": 37405,
    "rotation": [
      [
        0.216515765,
        -0.504120767,
        0.8360521
      ],
      [
        -0.9743595,
        -0.165258333,
        0.1526867
      ],
      [
        0.061192058,
        -0.8476744,
        -0.52697587
      ]
    ],
    "translation": [
      2.100637,
      0.879656434,
      -0.8043858
    ]
  },
  {
    "timeStamp": 37461,
    "rotation": [
      [
        0.189666882,
        -0.510460436,
        0.8387232
      ],
      [
        -0.9804464,
        -0.144102126,
        0.134012952
      ],
      [
        0.0524534956,
        -0.847740948,
        -0.527810454
      ]
    ],
    "translation": [
      2.09736538,
      0.8694273,
      -0.8044043
    ]
  },
  {
    "timeStamp": 37506,
    "rotation": [
      [
        0.191994876,
        -0.5062409,
        0.840748549
      ],
      [
        -0.980597734,
        -0.13350153,
        0.143545672
      ],
      [
        0.0395725369,
        -0.8519962,
        -0.5220503
      ]
    ],
    "translation": [
      2.09618616,
      0.8619966,
      -0.8045684
    ]
  },
  {
    "timeStamp": 37563,
    "rotation": [
      [
        0.171174318,
        -0.50611347,
        0.845309734
      ],
      [
        -0.9848512,
        -0.112023436,
        0.132359356
      ],
      [
        0.02770565,
        -0.8551608,
        -0.517621934
      ]
    ],
    "translation": [
      2.09409761,
      0.8560158,
      -0.8048466
    ]
  }
]