[
  {
    "timeStamp": 0,
    "rotation": [
      [
        -0.9648455,
        0.126384929,
        0.230434388
      ],
      [
        -0.0228077434,
        0.8332114,
        -0.552484
      ],
      [
        -0.261826217,
        -0.5383174,
        -0.8010377
      ]
    ],
    "translation": [
      1.16132522,
      1.60479784,
      -1.4783318
    ]
  },
  {
    "timeStamp": 13,
    "rotation": [
      [
        -0.964736462,
        0.125307366,
        0.231477082
      ],
      [
        -0.0238261074,
        0.834230065,
        -0.550901532
      ],
      [
        -0.262137175,
        -0.53699,
        -0.801826537
      ]
    ],
    "translation": [
      1.16137886,
      1.60453248,
      -1.47754633
    ]
  },
  {
    "timeStamp": 14,
    "rotation": [
      [
        -0.9726845,
        0.10417977,
        0.207440168
      ],
      [
        -0.0284138769,
        0.8334796,
        -0.551819146
      ],
      [
        -0.230385542,
        -0.5426401,
        -0.80775255
      ]
    ],
    "translation": [
      1.15274835,
      1.60376191,
      -1.47937047
    ]
  },
  {
    "timeStamp": 68,
    "rotation": [
      [
        -0.971136034,
        -0.190753788,
        -0.1432058
      ],
      [
        -0.078064926,
        0.8214893,
        -0.5648551
      ],
      [
        0.225390285,
        -0.537371755,
        -0.812669
      ]
    ],
    "translation": [
      1.044291,
      1.598495,
      -1.47801054
    ]
  },
  {
    "timeStamp": 111,
    "rotation": [
      [
        -0.938113153,
        -0.247458026,
        -0.242297724
      ],
      [
        -0.07518118,
        0.8284429,
        -0.5550047
      ],
      [
        0.338070184,
        -0.502441,
        -0.7957773
      ]
    ],
    "translation": [
      1.01935768,
      1.60456252,
      -1.47008491
    ]
  },
  {
    "timeStamp": 166,
    "rotation": [
      [
        -0.8845857,
        -0.300900429,
        -0.356324464
      ],
      [
        -0.0719685555,
        0.842944264,
        -0.5331656
      ],
      [
        0.4607914,
        -0.44598648,
        -0.7673118
      ]
    ],
    "translation": [
      0.992483556,
      1.61317682,
      -1.45919788
    ]
  },
  {
    "timeStamp": 211,
    "rotation": [
      [
        -0.829473853,
        -0.342267871,
        -0.441390842
      ],
      [
        -0.07260306,
        0.849616051,
        -0.5223804
      ],
      [
        0.5538068,
        -0.401254565,
        -0.729584
      ]
    ],
    "translation": [
      0.973957,
      1.61691749,
      -1.45053554
    ]
  },
  {
    "timeStamp": 346,
    "rotation": [
      [
        -0.8134063,
        -0.3541139,
        -0.461490631
      ],
      [
        -0.07229667,
        0.848745,
        -0.5238369
      ],
      [
        0.5771858,
        -0.392728,
        -0.715975761
      ]
    ],
    "translation": [
      0.9707666,
      1.61613274,
      -1.44868338
    ]
  },
  {
    "timeStamp": 348,
    "rotation": [
      [
        -0.8134063,
        -0.3541139,
        -0.461490631
      ],
      [
        -0.07229667,
        0.848745,
        -0.5238369
      ],
      [
        0.5771858,
        -0.392728,
        -0.715975761
      ]
    ],
    "translation": [
      0.9707666,
      1.61613274,
      -1.44868338
    ]
  },
  {
    "timeStamp": 388,
    "rotation": [
      [
        -0.5021549,
        -0.5018292,
        -0.7042783
      ],
      [
        0.00777266966,
        0.811751842,
        -0.5839508
      ],
      [
        0.864742756,
        -0.298707873,
        -0.403724581
      ]
    ],
    "translation": [
      0.92422,
      1.59467137,
      -1.4302597
    ]
  },
  {
    "timeStamp": 433,
    "rotation": [
      [
        -0.409455866,
        -0.5410844,
        -0.7345567
      ],
      [
        0.03995832,
        0.793735147,
        -0.606949568
      ],
      [
        0.911454439,
        -0.2778707,
        -0.3033787
      ]
    ],
    "translation": [
      0.917184651,
      1.58809447,
      -1.42986667
    ]
  },
  {
    "timeStamp": 489,
    "rotation": [
      [
        -0.300114036,
        -0.5839664,
        -0.7542644
      ],
      [
        0.04517665,
        0.781125247,
        -0.6227379
      ],
      [
        0.952832937,
        -0.220967531,
        -0.208045
      ]
    ],
    "translation": [
      0.9096647,
      1.58092117,
      -1.42828178
    ]
  },
  {
    "timeStamp": 534,
    "rotation": [
      [
        -0.235009611,
        -0.6006441,
        -0.764197052
      ],
      [
        0.04754824,
        0.7781712,
        -0.6262498
      ],
      [
        0.970829368,
        -0.183510944,
        -0.154318139
      ]
    ],
    "translation": [
      0.9049441,
      1.57565045,
      -1.4228251
    ]
  },
  {
    "timeStamp": 591,
    "rotation": [
      [
        -0.159931272,
        -0.6299283,
        -0.7600081
      ],
      [
        0.03529533,
        0.7657769,
        -0.642137051
      ],
      [
        0.986497,
        -0.129522532,
        -0.100238144
      ]
    ],
    "translation": [
      0.903583467,
      1.57284129,
      -1.41002858
    ]
  },
  {
    "timeStamp": 636,
    "rotation": [
      [
        -0.0936757,
        -0.6412646,
        -0.761580348
      ],
      [
        0.0225016735,
        0.7633849,
        -0.64555186
      ],
      [
        0.995348454,
        -0.07760935,
        -0.05708109
      ]
    ],
    "translation": [
      0.90450114,
      1.576097,
      -1.39594257
    ]
  },
  {
    "timeStamp": 693,
    "rotation": [
      [
        -0.0308903474,
        -0.628821135,
        -0.7769361
      ],
      [
        0.00698003126,
        0.7771524,
        -0.6292737
      ],
      [
        0.999498367,
        -0.024861522,
        -0.0196173172
      ]
    ],
    "translation": [
      0.905864537,
      1.5840627,
      -1.37929344
    ]
  },
  {
    "timeStamp": 737,
    "rotation": [
      [
        0.04722447,
        -0.6011118,
        -0.7977684
      ],
      [
        -0.0140923308,
        0.79817903,
        -0.6022554
      ],
      [
        0.9987849,
        0.03968361,
        0.0292225126
      ]
    ],
    "translation": [
      0.9074132,
      1.59324765,
      -1.35655773
    ]
  },
  {
    "timeStamp": 793,
    "rotation": [
      [
        0.11232309,
        -0.579983354,
        -0.8068474
      ],
      [
        -0.03215499,
        0.8094391,
        -0.5863227
      ],
      [
        0.993151367,
        0.0918017551,
        0.07226934
      ]
    ],
    "translation": [
      0.90952307,
      1.59646285,
      -1.33563721
    ]
  },
  {
    "timeStamp": 837,
    "rotation": [
      [
        0.1985744,
        -0.5651556,
        -0.8007292
      ],
      [
        -0.0487832539,
        0.810286939,
        -0.583999336
      ],
      [
        0.978871,
        0.155029491,
        0.1333321
      ]
    ],
    "translation": [
      0.913171232,
      1.59621668,
      -1.306489
    ]
  },
  {
    "timeStamp": 893,
    "rotation": [
      [
        0.274918854,
        -0.561797,
        -0.7802587
      ],
      [
        -0.0571035333,
        0.8005558,
        -0.5965313
      ],
      [
        0.959770143,
        0.20855321,
        0.18800728
      ]
    ],
    "translation": [
      0.9195766,
      1.5920434,
      -1.27954006
    ]
  },
  {
    "timeStamp": 937,
    "rotation": [
      [
        0.3784407,
        -0.5611863,
        -0.7361064
      ],
      [
        -0.06001029,
        0.7787047,
        -0.624514
      ],
      [
        0.9236782,
        0.280515462,
        0.2610166
      ]
    ],
    "translation": [
      0.931486666,
      1.58539367,
      -1.24399376
    ]
  },
  {
    "timeStamp": 993,
    "rotation": [
      [
        0.465769827,
        -0.53847754,
        -0.702211142
      ],
      [
        -0.0694762543,
        0.7688411,
        -0.6356544
      ],
      [
        0.8821743,
        0.344855636,
        0.3206916
      ]
    ],
    "translation": [
      0.9439371,
      1.58075714,
      -1.21536982
    ]
  },
  {
    "timeStamp": 1037,
    "rotation": [
      [
        0.5766393,
        -0.5024504,
        -0.6442288
      ],
      [
        -0.070724085,
        0.754871964,
        -0.6520479
      ],
      [
        0.813932,
        0.421558917,
        0.399753481
      ]
    ],
    "translation": [
      0.964701951,
      1.57433343,
      -1.18174255
    ]
  },
  {
    "timeStamp": 1093,
    "rotation": [
      [
        0.662722647,
        -0.462742537,
        -0.5887852
      ],
      [
        -0.06151221,
        0.7499423,
        -0.658637047
      ],
      [
        0.7463343,
        0.472711176,
        0.468539447
      ]
    ],
    "translation": [
      0.983423769,
      1.56970191,
      -1.15991437
    ]
  },
  {
    "timeStamp": 1137,
    "rotation": [
      [
        0.755541,
        -0.419163018,
        -0.5034482
      ],
      [
        -0.03610943,
        0.740689158,
        -0.670876741
      ],
      [
        0.654105365,
        0.525054157,
        0.5444854
      ]
    ],
    "translation": [
      1.00694466,
      1.56723881,
      -1.13828468
    ]
  },
  {
    "timeStamp": 1193,
    "rotation": [
      [
        0.819850564,
        -0.387169033,
        -0.4218355
      ],
      [
        -0.004809051,
        0.732048631,
        -0.6812354
      ],
      [
        0.5725574,
        0.560539842,
        0.598308563
      ]
    ],
    "translation": [
      1.02538037,
      1.57064807,
      -1.12710333
    ]
  },
  {
    "timeStamp": 1237,
    "rotation": [
      [
        0.886115134,
        -0.342502,
        -0.312237531
      ],
      [
        0.0410209745,
        0.7290179,
        -0.6832644
      ],
      [
        0.461646169,
        0.5926426,
        0.6600436
      ]
    ],
    "translation": [
      1.04652,
      1.57830286,
      -1.11653006
    ]
  },
  {
    "timeStamp": 1293,
    "rotation": [
      [
        0.9229535,
        -0.309693426,
        -0.228575721
      ],
      [
        0.08251361,
        0.739224255,
        -0.6683854
      ],
      [
        0.375963241,
        0.598028,
        0.7078235
      ]
    ],
    "translation": [
      1.06085539,
      1.5848676,
      -1.11113608
    ]
  },
  {
    "timeStamp": 1337,
    "rotation": [
      [
        0.955702066,
        -0.269638032,
        -0.118020937
      ],
      [
        0.130580157,
        0.7477676,
        -0.650993347
      ],
      [
        0.2637848,
        0.6067445,
        0.7498524
      ]
    ],
    "translation": [
      1.0774672,
      1.58907151,
      -1.107492
    ]
  },
  {
    "timeStamp": 1393,
    "rotation": [
      [
        0.972968161,
        -0.229505837,
        -0.0256904773
      ],
      [
        0.159679815,
        0.748936534,
        -0.6431146
      ],
      [
        0.166839108,
        0.6216278,
        0.765338838
      ]
    ],
    "translation": [
      1.08849883,
      1.58862042,
      -1.10810709
    ]
  },
  {
    "timeStamp": 1438,
    "rotation": [
      [
        0.9820089,
        -0.166872829,
        0.08838571
      ],
      [
        0.184318081,
        0.745283365,
        -0.640764832
      ],
      [
        0.04105384,
        0.64552784,
        0.762632549
      ]
    ],
    "translation": [
      1.09943748,
      1.58558083,
      -1.112407
    ]
  },
  {
    "timeStamp": 1493,
    "rotation": [
      [
        0.9789625,
        -0.122586675,
        0.163110211
      ],
      [
        0.1995956,
        0.74129045,
        -0.640819848
      ],
      [
        -0.0423560664,
        0.6598947,
        0.7501633
      ]
    ],
    "translation": [
      1.10432887,
      1.58395529,
      -1.11781991
    ]
  },
  {
    "timeStamp": 1537,
    "rotation": [
      [
        0.966382742,
        -0.08350665,
        0.24316892
      ],
      [
        0.223397419,
        0.7408959,
        -0.6333773
      ],
      [
        -0.127271637,
        0.6664082,
        0.7346442
      ]
    ],
    "translation": [
      1.10724068,
      1.58513761,
      -1.12484741
    ]
  },
  {
    "timeStamp": 1593,
    "rotation": [
      [
        0.9510053,
        -0.07078654,
        0.30096218
      ],
      [
        0.250606865,
        0.746578753,
        -0.6162925
      ],
      [
        -0.181066737,
        0.6615206,
        0.72773993
      ]
    ],
    "translation": [
      1.10832453,
      1.58886433,
      -1.12984109
    ]
  },
  {
    "timeStamp": 1637,
    "rotation": [
      [
        0.931027234,
        -0.0449556857,
        0.362170249
      ],
      [
        0.267753452,
        0.758471,
        -0.59416306
      ],
      [
        -0.247984648,
        0.650154352,
        0.718194246
      ]
    ],
    "translation": [
      1.109005,
      1.59242761,
      -1.1348896
    ]
  },
  {
    "timeStamp": 1693,
    "rotation": [
      [
        0.9143513,
        -0.0187451616,
        0.404487759
      ],
      [
        0.273662031,
        0.7648661,
        -0.583171368
      ],
      [
        -0.298447371,
        0.6439164,
        0.7044862
      ]
    ],
    "translation": [
      1.10987687,
      1.592732,
      -1.13783479
    ]
  },
  {
    "timeStamp": 1738,
    "rotation": [
      [
        0.8898978,
        0.009050163,
        0.4560701
      ],
      [
        0.287693679,
        0.764750242,
        -0.576532245
      ],
      [
        -0.3539974,
        0.644263268,
        0.6779459
      ]
    ],
    "translation": [
      1.11294675,
      1.59130311,
      -1.1405108
    ]
  },
  {
    "timeStamp": 1793,
    "rotation": [
      [
        0.865406,
        0.0327786952,
        0.499998122
      ],
      [
        0.301199377,
        0.7634237,
        -0.571369648
      ],
      [
        -0.400439143,
        0.645065844,
        0.65079844
      ]
    ],
    "translation": [
      1.11868429,
      1.58952546,
      -1.14238155
    ]
  },
  {
    "timeStamp": 1837,
    "rotation": [
      [
        0.8297994,
        0.0646507144,
        0.554304242
      ],
      [
        0.31249994,
        0.769100964,
        -0.5575191
      ],
      [
        -0.462359935,
        0.635849059,
        0.617996156
      ]
    ],
    "translation": [
      1.128861,
      1.58905089,
      -1.14426255
    ]
  },
  {
    "timeStamp": 1893,
    "rotation": [
      [
        0.8031129,
        0.09716529,
        0.587850869
      ],
      [
        0.306534439,
        0.778650641,
        -0.547485054
      ],
      [
        -0.510926962,
        0.619888842,
        0.595559835
      ]
    ],
    "translation": [
      1.13996029,
      1.58967555,
      -1.14512157
    ]
  },
  {
    "timeStamp": 1937,
    "rotation": [
      [
        0.7739693,
        0.1330241,
        0.61909306
      ],
      [
        0.296024442,
        0.7882636,
        -0.539453447
      ],
      [
        -0.5597688,
        0.600787044,
        0.57071346
      ]
    ],
    "translation": [
      1.15603948,
      1.59175539,
      -1.14475536
    ]
  },
  {
    "timeStamp": 1993,
    "rotation": [
      [
        0.756123364,
        0.156267062,
        0.6354982
      ],
      [
        0.288614,
        0.791911364,
        -0.5381249
      ],
      [
        -0.5873495,
        0.5903025,
        0.5536818
      ]
    ],
    "translation": [
      1.17166924,
      1.59380507,
      -1.14433217
    ]
  },
  {
    "timeStamp": 2037,
    "rotation": [
      [
        0.7359729,
        0.196195856,
        0.647959232
      ],
      [
        0.274268031,
        0.7886281,
        -0.5503115
      ],
      [
        -0.618967652,
        0.582728863,
        0.5265987
      ]
    ],
    "translation": [
      1.192132,
      1.59408259,
      -1.1451124
    ]
  },
  {
    "timeStamp": 2093,
    "rotation": [
      [
        0.7248723,
        0.228073642,
        0.6500327
      ],
      [
        0.255755216,
        0.7870647,
        -0.56135416
      ],
      [
        -0.639647841,
        0.573159337,
        0.512190342
      ]
    ],
    "translation": [
      1.211154,
      1.59233546,
      -1.14445388
    ]
  },
  {
    "timeStamp": 2138,
    "rotation": [
      [
        0.7119152,
        0.259013861,
        0.6527546
      ],
      [
        0.237577721,
        0.785864055,
        -0.5709418
      ],
      [
        -0.660858154,
        0.5615421,
        0.497932673
      ]
    ],
    "translation": [
      1.237236,
      1.58957863,
      -1.14270163
    ]
  },
  {
    "timeStamp": 2193,
    "rotation": [
      [
        0.710222244,
        0.285808027,
        0.6433492
      ],
      [
        0.221097454,
        0.7770757,
        -0.589295566
      ],
      [
        -0.6683564,
        0.5607737,
        0.488705039
      ]
    ],
    "translation": [
      1.26001692,
      1.58568978,
      -1.14191151
    ]
  },
  {
    "timeStamp": 2237,
    "rotation": [
      [
        0.713963866,
        0.312975347,
        0.626340151
      ],
      [
        0.201938048,
        0.764486253,
        -0.61219424
      ],
      [
        -0.6704301,
        0.563566446,
        0.482613921
      ]
    ],
    "translation": [
      1.29082108,
      1.581095,
      -1.14077806
    ]
  },
  {
    "timeStamp": 2293,
    "rotation": [
      [
        0.718764067,
        0.3382698,
        0.607414
      ],
      [
        0.183135584,
        0.7506879,
        -0.634766936
      ],
      [
        -0.6707008,
        0.5674868,
        0.477618247
      ]
    ],
    "translation": [
      1.31764579,
      1.57812715,
      -1.14089966
    ]
  },
  {
    "timeStamp": 2337,
    "rotation": [
      [
        0.72551477,
        0.365063071,
        0.583401442
      ],
      [
        0.159695119,
        0.7352709,
        -0.6586912
      ],
      [
        -0.669422,
        0.571056545,
        0.4751511
      ]
    ],
    "translation": [
      1.35251737,
      1.57554924,
      -1.14119124
    ]
  },
  {
    "timeStamp": 2393,
    "rotation": [
      [
        0.734981656,
        0.379548132,
        0.56191206
      ],
      [
        0.140717432,
        0.7252598,
        -0.673941255
      ],
      [
        -0.6633254,
        0.574405253,
        0.479643583
      ]
    ],
    "translation": [
      1.38102913,
      1.57428765,
      -1.1415472
    ]
  },
  {
    "timeStamp": 2437,
    "rotation": [
      [
        0.7507918,
        0.3900061,
        0.5331107
      ],
      [
        0.117051706,
        0.7157566,
        -0.688470364
      ],
      [
        -0.6500851,
        0.5792994,
        0.491733283
      ]
    ],
    "translation": [
      1.41585517,
      1.57310355,
      -1.1414063
    ]
  },
  {
    "timeStamp": 2493,
    "rotation": [
      [
        0.765672743,
        0.393785179,
        0.508604467
      ],
      [
        0.09992887,
        0.7082817,
        -0.698821366
      ],
      [
        -0.6354207,
        0.585892737,
        0.5029615
      ]
    ],
    "translation": [
      1.44223928,
      1.57146,
      -1.14187765
    ]
  },
  {
    "timeStamp": 2537,
    "rotation": [
      [
        0.784000337,
        0.3947806,
        0.47905305
      ],
      [
        0.0817844,
        0.6993034,
        -0.710131
      ],
      [
        -0.6153494,
        0.595922,
        0.5159672
      ]
    ],
    "translation": [
      1.47304535,
      1.568835,
      -1.14267623
    ]
  },
  {
    "timeStamp": 2592,
    "rotation": [
      [
        0.797457159,
        0.390707761,
        0.4597928
      ],
      [
        0.07272645,
        0.69423753,
        -0.7160622
      ],
      [
        -0.5989765,
        0.604468048,
        0.525209963
      ]
    ],
    "translation": [
      1.49423635,
      1.5667634,
      -1.14388669
    ]
  },
  {
    "timeStamp": 2637,
    "rotation": [
      [
        0.814952731,
        0.379033178,
        0.438390166
      ],
      [
        0.06332115,
        0.6936938,
        -0.717481256
      ],
      [
        -0.576057732,
        0.612472653,
        0.5413269
      ]
    ],
    "translation": [
      1.51710284,
      1.5648942,
      -1.145838
    ]
  },
  {
    "timeStamp": 2693,
    "rotation": [
      [
        0.825834453,
        0.372442216,
        0.4234198
      ],
      [
        0.05773495,
        0.6910721,
        -0.72047627
      ],
      [
        -0.5609494,
        0.619440258,
        0.549208164
      ]
    ],
    "translation": [
      1.53073883,
      1.56513977,
      -1.147757
    ]
  },
  {
    "timeStamp": 2737,
    "rotation": [
      [
        0.836457849,
        0.3678055,
        0.4062726
      ],
      [
        0.0492928661,
        0.687832654,
        -0.7241937
      ],
      [
        -0.54581,
        0.625783861,
        0.5572128
      ]
    ],
    "translation": [
      1.54432893,
      1.56693137,
      -1.149646
    ]
  },
  {
    "timeStamp": 2793,
    "rotation": [
      [
        0.8456147,
        0.36106804,
        0.3931485
      ],
      [
        0.04394544,
        0.6869273,
        -0.725396156
      ],
      [
        -0.5319818,
        0.6306827,
        0.5650086
      ]
    ],
    "translation": [
      1.5514425,
      1.56928635,
      -1.1505127
    ]
  },
  {
    "timeStamp": 2837,
    "rotation": [
      [
        0.856748044,
        0.350857675,
        0.377996951
      ],
      [
        0.03113636,
        0.6964031,
        -0.7169751
      ],
      [
        -0.514794469,
        0.626036465,
        0.585717559
      ]
    ],
    "translation": [
      1.55813408,
      1.57220876,
      -1.14944577
    ]
  },
  {
    "timeStamp": 2892,
    "rotation": [
      [
        0.862631261,
        0.346245825,
        0.368756145
      ],
      [
        0.02388556,
        0.7003117,
        -0.713437438
      ],
      [
        -0.505269,
        0.6242414,
        0.5958405
      ]
    ],
    "translation": [
      1.56036055,
      1.573281,
      -1.14867461
    ]
  },
  {
    "timeStamp": 2937,
    "rotation": [
      [
        0.8716127,
        0.33695814,
        0.356020361
      ],
      [
        0.01956905,
        0.701785564,
        -0.7121194
      ],
      [
        -0.4898044,
        0.6276593,
        0.6050913
      ]
    ],
    "translation": [
      1.56050467,
      1.57374823,
      -1.14712524
    ]
  },
  {
    "timeStamp": 2992,
    "rotation": [
      [
        0.879325032,
        0.3249047,
        0.348173052
      ],
      [
        0.021585742,
        0.7031706,
        -0.7106934
      ],
      [
        -0.4757327,
        0.6324461,
        0.6113022
      ]
    ],
    "translation": [
      1.5578146,
      1.57372,
      -1.14531207
    ]
  },
  {
    "timeStamp": 3037,
    "rotation": [
      [
        0.8879249,
        0.308920354,
        0.340818971
      ],
      [
        0.0249976628,
        0.707428336,
        -0.7063429
      ],
      [
        -0.4593087,
        0.6356991,
        0.620420933
      ]
    ],
    "translation": [
      1.55154157,
      1.57394528,
      -1.1424942
    ]
  },
  {
    "timeStamp": 3092,
    "rotation": [
      [
        0.8940598,
        0.2924343,
        0.339321733
      ],
      [
        0.0340296775,
        0.710973859,
        -0.702394545
      ],
      [
        -0.446653157,
        0.6395297,
        0.6257017
      ]
    ],
    "translation": [
      1.54396439,
      1.57493639,
      -1.13933182
    ]
  },
  {
    "timeStamp": 3136,
    "rotation": [
      [
        0.90361464,
        0.2640543,
        0.3372771
      ],
      [
        0.05309339,
        0.7122775,
        -0.699887037
      ],
      [
        -0.425043076,
        0.6503354,
        0.6296048
      ]
    ],
    "translation": [
      1.53223515,
      1.57671738,
      -1.13570762
    ]
  },
  {
    "timeStamp": 3192,
    "rotation": [
      [
        0.916318536,
        0.2260426,
        0.330552727
      ],
      [
        0.07016315,
        0.7220587,
        -0.6882648
      ],
      [
        -0.394255638,
        0.6538624,
        0.6457759
      ]
    ],
    "translation": [
      1.51879191,
      1.57904673,
      -1.13061166
    ]
  },
  {
    "timeStamp": 3236,
    "rotation": [
      [
        0.922393739,
        0.201867238,
        0.329301327
      ],
      [
        0.08271738,
        0.7295405,
        -0.6789171
      ],
      [
        -0.3772898,
        0.653467834,
        0.6562257
      ]
    ],
    "translation": [
      1.50667453,
      1.58085966,
      -1.126801
    ]
  },
  {
    "timeStamp": 3292,
    "rotation": [
      [
        0.9270332,
        0.168946564,
        0.334763467
      ],
      [
        0.103296652,
        0.7431523,
        -0.6611009
      ],
      [
        -0.360471,
        0.64744246,
        0.6714752
      ]
    ],
    "translation": [
      1.49139118,
      1.58281529,
      -1.12160778
    ]
  },
  {
    "timeStamp": 3336,
    "rotation": [
      [
        0.9292202,
        0.139524579,
        0.342173338
      ],
      [
        0.1274324,
        0.748183,
        -0.651139855
      ],
      [
        -0.346858323,
        0.6486563,
        0.677446842
      ]
    ],
    "translation": [
      1.47939861,
      1.58092153,
      -1.1196208
    ]
  },
  {
    "timeStamp": 3392,
    "rotation": [
      [
        0.93317306,
        0.100990705,
        0.344947666
      ],
      [
        0.159947053,
        0.7427709,
        -0.6501602
      ],
      [
        -0.321877241,
        0.6618853,
        0.6769807
      ]
    ],
    "translation": [
      1.46709132,
      1.57466245,
      -1.11822224
    ]
  },
  {
    "timeStamp": 3437,
    "rotation": [
      [
        0.938037753,
        0.0774011537,
        0.3377784
      ],
      [
        0.17381759,
        0.7381571,
        -0.6518524
      ],
      [
        -0.299787641,
        0.670174,
        0.6789655
      ]
    ],
    "translation": [
      1.45908475,
      1.57019639,
      -1.11599326
    ]
  },
  {
    "timeStamp": 3492,
    "rotation": [
      [
        0.948843837,
        0.05868102,
        0.310245037
      ],
      [
        0.172092766,
        0.7276938,
        -0.6639622
      ],
      [
        -0.264725357,
        0.683387339,
        0.6803692
      ]
    ],
    "translation": [
      1.45246494,
      1.56864321,
      -1.11377871
    ]
  },
  {
    "timeStamp": 3536,
    "rotation": [
      [
        0.957708359,
        0.0458518527,
        0.284064
      ],
      [
        0.163701132,
        0.725061238,
        -0.668945551
      ],
      [
        -0.236636177,
        0.6871563,
        0.6868912
      ]
    ],
    "translation": [
      1.44967067,
      1.57135916,
      -1.11101449
    ]
  },
  {
    "timeStamp": 3592,
    "rotation": [
      [
        0.9693659,
        0.035461396,
        0.243047789
      ],
      [
        0.140094727,
        0.7329588,
        -0.665691257
      ],
      [
        -0.201750368,
        0.6793481,
        0.7055373
      ]
    ],
    "translation": [
      1.4493283,
      1.57532883,
      -1.10598016
    ]
  },
  {
    "timeStamp": 3636,
    "rotation": [
      [
        0.9779039,
        0.0267894175,
        0.207331046
      ],
      [
        0.121450469,
        0.7344266,
        -0.6677329
      ],
      [
        -0.170157626,
        0.678159058,
        0.714945138
      ]
    ],
    "translation": [
      1.45116329,
      1.576035,
      -1.10159469
    ]
  },
  {
    "timeStamp": 3692,
    "rotation": [
      [
        0.9878359,
        0.0132842232,
        0.154931813
      ],
      [
        0.0971062,
        0.7254893,
        -0.681348443
      ],
      [
        -0.121452555,
        0.6881053,
        0.715374351
      ]
    ],
    "translation": [
      1.45623565,
      1.573621,
      -1.09597671
    ]
  },
  {
    "timeStamp": 3736,
    "rotation": [
      [
        0.9938598,
        -0.00135883235,
        0.110638104
      ],
      [
        0.07793351,
        0.7183989,
        -0.691251934
      ],
      [
        -0.0785430148,
        0.695629954,
        0.7140938
      ]
    ],
    "translation": [
      1.46281981,
      1.57078481,
      -1.09065235
    ]
  },
  {
    "timeStamp": 3792,
    "rotation": [
      [
        0.998347461,
        -0.01782777,
        0.0546309575
      ],
      [
        0.0507081151,
        0.720583856,
        -0.6915111
      ],
      [
        -0.0270380862,
        0.6931386,
        0.7202971
      ]
    ],
    "translation": [
      1.47453165,
      1.56855845,
      -1.08253193
    ]
  },
  {
    "timeStamp": 3836,
    "rotation": [
      [
        0.9994562,
        -0.0301231369,
        0.0134115694
      ],
      [
        0.031040173,
        0.722270668,
        -0.6909136
      ],
      [
        0.0111257033,
        0.6909542,
        0.722812951
      ]
    ],
    "translation": [
      1.48670554,
      1.56805563,
      -1.076638
    ]
  },
  {
    "timeStamp": 3892,
    "rotation": [
      [
        0.9980526,
        -0.0487986319,
        -0.03885426
      ],
      [
        0.008862214,
        0.727499247,
        -0.68605125
      ],
      [
        0.06174481,
        0.684370935,
        0.726515055
      ]
    ],
    "translation": [
      1.5058763,
      1.56874442,
      -1.06889129
    ]
  },
  {
    "timeStamp": 3936,
    "rotation": [
      [
        0.9950911,
        -0.060525354,
        -0.0782968849
      ],
      [
        -0.009603117,
        0.728381634,
        -0.6851043
      ],
      [
        0.0984962,
        0.6824931,
        0.724224865
      ]
    ],
    "translation": [
      1.52323055,
      1.56960714,
      -1.06250525
    ]
  },
  {
    "timeStamp": 3992,
    "rotation": [
      [
        0.9907569,
        -0.06678641,
        -0.1180693
      ],
      [
        -0.0334793255,
        0.723082244,
        -0.689950168
      ],
      [
        0.131453112,
        0.6875258,
        0.7141627
      ]
    ],
    "translation": [
      1.5458566,
      1.572151,
      -1.05258989
    ]
  },
  {
    "timeStamp": 4036,
    "rotation": [
      [
        0.987531364,
        -0.06358858,
        -0.1440079
      ],
      [
        -0.05441796,
        0.720500052,
        -0.691316366
      ],
      [
        0.147717535,
        0.6905332,
        0.708056033
      ]
    ],
    "translation": [
      1.56389093,
      1.57275367,
      -1.04541075
    ]
  },
  {
    "timeStamp": 4092,
    "rotation": [
      [
        0.982650042,
        -0.07423848,
        -0.169963241
      ],
      [
        -0.0656211749,
        0.7179558,
        -0.6929887
      ],
      [
        0.173472524,
        0.6921186,
        0.7006277
      ]
    ],
    "translation": [
      1.58626831,
      1.57162166,
      -1.03595018
    ]
  },
  {
    "timeStamp": 4136,
    "rotation": [
      [
        0.9793001,
        -0.08191271,
        -0.185099021
      ],
      [
        -0.07298107,
        0.7100622,
        -0.7003467
      ],
      [
        0.1887991,
        0.6993583,
        0.6893859
      ]
    ],
    "translation": [
      1.603289,
      1.56918788,
      -1.02973878
    ]
  },
  {
    "timeStamp": 4192,
    "rotation": [
      [
        0.9745774,
        -0.09289854,
        -0.203883842
      ],
      [
        -0.08094485,
        0.7025372,
        -0.7070286
      ],
      [
        0.208917886,
        0.705557466,
        0.6771572
      ]
    ],
    "translation": [
      1.62237918,
      1.56616,
      -1.02231383
    ]
  },
  {
    "timeStamp": 4236,
    "rotation": [
      [
        0.9704545,
        -0.101753809,
        -0.218778834
      ],
      [
        -0.0876674652,
        0.6960607,
        -0.7126106
      ],
      [
        0.224794209,
        0.710736,
        0.6665748
      ]
    ],
    "translation": [
      1.63539732,
      1.56423116,
      -1.01683617
    ]
  },
  {
    "timeStamp": 4291,
    "rotation": [
      [
        0.964551151,
        -0.109326579,
        -0.240184784
      ],
      [
        -0.09976259,
        0.6915464,
        -0.7154097
      ],
      [
        0.244312212,
        0.7140107,
        0.6561252
      ]
    ],
    "translation": [
      1.64815331,
      1.56218672,
      -1.01022279
    ]
  },
  {
    "timeStamp": 4336,
    "rotation": [
      [
        0.960138142,
        -0.111408055,
        -0.25636518
      ],
      [
        -0.110786952,
        0.690364242,
        -0.714929
      ],
      [
        0.256634235,
        0.7148325,
        0.650502443
      ]
    ],
    "translation": [
      1.65488362,
      1.56087148,
      -1.00521481
    ]
  },
  {
    "timeStamp": 4391,
    "rotation": [
      [
        0.9563832,
        -0.117301024,
        -0.267528623
      ],
      [
        -0.116240054,
        0.6873812,
        -0.7169347
      ],
      [
        0.267991334,
        0.7167619,
        0.6437648
      ]
    ],
    "translation": [
      1.65926576,
      1.55986893,
      -0.9996884
    ]
  },
  {
    "timeStamp": 4436,
    "rotation": [
      [
        0.9544439,
        -0.125097841,
        -0.270901054
      ],
      [
        -0.114567272,
        0.684653759,
        -0.719808
      ],
      [
        0.275519848,
        0.718052745,
        0.6391315
      ]
    ],
    "translation": [
      1.66005242,
      1.559538,
      -0.995545566
    ]
  },
  {
    "timeStamp": 4491,
    "rotation": [
      [
        0.9528688,
        -0.14077802,
        -0.2687426
      ],
      [
        -0.102739938,
        0.6837444,
        -0.7224529
      ],
      [
        0.285456717,
        0.716013432,
        0.6370551
      ]
    ],
    "translation": [
      1.65805149,
      1.55965042,
      -0.9905442
    ]
  },
  {
    "timeStamp": 4536,
    "rotation": [
      [
        0.9516384,
        -0.152509242,
        -0.2666933
      ],
      [
        -0.09171357,
        0.687474132,
        -0.720394254
      ],
      [
        0.29321155,
        0.7100142,
        0.640239656
      ]
    ],
    "translation": [
      1.65414286,
      1.56018853,
      -0.987292
    ]
  },
  {
    "timeStamp": 4592,
    "rotation": [
      [
        0.9501756,
        -0.16146788,
        -0.266635358
      ],
      [
        -0.08161185,
        0.6966813,
        -0.7127234
      ],
      [
        0.3008418,
        0.69897294,
        0.6487919
      ]
    ],
    "translation": [
      1.64664912,
      1.56139016,
      -0.9843796
    ]
  },
  {
    "timeStamp": 4636,
    "rotation": [
      [
        0.9507841,
        -0.161825091,
        -0.264238954
      ],
      [
        -0.0759761855,
        0.7049956,
        -0.7051304
      ],
      [
        0.300395072,
        0.690502644,
        0.6580037
      ]
    ],
    "translation": [
      1.639081,
      1.56252325,
      -0.9832096
    ]
  },
  {
    "timeStamp": 4691,
    "rotation": [
      [
        0.9514025,
        -0.1676445,
        -0.258318961
      ],
      [
        -0.06574979,
        0.708908439,
        -0.702229142
      ],
      [
        0.300849348,
        0.685086966,
        0.6634346
      ]
    ],
    "translation": [
      1.62775934,
      1.56440759,
      -0.9827762
    ]
  },
  {
    "timeStamp": 4736,
    "rotation": [
      [
        0.949788451,
        -0.178010479,
        -0.2573209
      ],
      [
        -0.0548362732,
        0.7149655,
        -0.697006
      ],
      [
        0.308049917,
        0.6761188,
        0.66930455
      ]
    ],
    "translation": [
      1.61747956,
      1.56654072,
      -0.9827402
    ]
  },
  {
    "timeStamp": 4791,
    "rotation": [
      [
        0.9467476,
        -0.189197868,
        -0.26052472
      ],
      [
        -0.0441267379,
        0.7252631,
        -0.687056243
      ],
      [
        0.318938524,
        0.661964953,
        0.678292453
      ]
    ],
    "translation": [
      1.60418081,
      1.568816,
      -0.9832963
    ]
  },
  {
    "timeStamp": 4835,
    "rotation": [
      [
        0.94444555,
        -0.197173029,
        -0.26295504
      ],
      [
        -0.03697414,
        0.731245,
        -0.681112051
      ],
      [
        0.3265815,
        0.652995765,
        0.6833308
      ]
    ],
    "translation": [
      1.59342825,
      1.56986141,
      -0.9843978
    ]
  },
  {
    "timeStamp": 4892,
    "rotation": [
      [
        0.9409755,
        -0.209195748,
        -0.2660869
      ],
      [
        -0.0276617743,
        0.735976636,
        -0.67644155
      ],
      [
        0.337342441,
        0.64387536,
        0.6867493
      ]
    ],
    "translation": [
      1.58129025,
      1.57016528,
      -0.9862979
    ]
  },
  {
    "timeStamp": 4936,
    "rotation": [
      [
        0.9383894,
        -0.219983682,
        -0.266519219
      ],
      [
        -0.01820718,
        0.73868084,
        -0.6738094
      ],
      [
        0.345099717,
        0.6371482,
        0.689165
      ]
    ],
    "translation": [
      1.57222652,
      1.57000792,
      -0.988268
    ]
  },
  {
    "timeStamp": 4991,
    "rotation": [
      [
        0.9360503,
        -0.23279728,
        -0.263847053
      ],
      [
        -0.00724907126,
        0.7369327,
        -0.6759273
      ],
      [
        0.351791531,
        0.6346146,
        0.6881185
      ]
    ],
    "translation": [
      1.56229925,
      1.56918383,
      -0.9908875
    ]
  },
  {
    "timeStamp": 5036,
    "rotation": [
      [
        0.934899569,
        -0.2431049,
        -0.258578569
      ],
      [
        0.00140338368,
        0.7310964,
        -0.682272732
      ],
      [
        0.354909718,
        0.6374936,
        0.6838429
      ]
    ],
    "translation": [
      1.55509436,
      1.56782579,
      -0.9932954
    ]
  },
  {
    "timeStamp": 5091,
    "rotation": [
      [
        0.934560239,
        -0.2537862,
        -0.249378741
      ],
      [
        0.0103277471,
        0.7199396,
        -0.693959832
      ],
      [
        0.355655074,
        0.6459717,
        0.675447941
      ]
    ],
    "translation": [
      1.54703891,
      1.56604826,
      -0.9963147
    ]
  },
  {
    "timeStamp": 5136,
    "rotation": [
      [
        0.9348899,
        -0.259346366,
        -0.242322639
      ],
      [
        0.0144767677,
        0.7100123,
        -0.7040404
      ],
      [
        0.3546424,
        0.654692233,
        0.667537868
      ]
    ],
    "translation": [
      1.54126644,
      1.56446838,
      -0.99873215
    ]
  },
  {
    "timeStamp": 5191,
    "rotation": [
      [
        0.9349253,
        -0.268706948,
        -0.231756717
      ],
      [
        0.0227437522,
        0.6971566,
        -0.716558
      ],
      [
        0.35411486,
        0.6646572,
        0.6579008
      ]
    ],
    "translation": [
      1.53478515,
      1.56267214,
      -1.001521
    ]
  },
  {
    "timeStamp": 5235,
    "rotation": [
      [
        0.934461,
        -0.273948967,
        -0.227452531
      ],
      [
        0.02480836,
        0.687333643,
        -0.725918055
      ],
      [
        0.355200261,
        0.6726994,
        0.6490827
      ]
    ],
    "translation": [
      1.53015828,
      1.56089067,
      -1.0028863
    ]
  },
  {
    "timeStamp": 5291,
    "rotation": [
      [
        0.936427355,
        -0.277042627,
        -0.215293244
      ],
      [
        0.029683413,
        0.6739685,
        -0.738163531
      ],
      [
        0.349603623,
        0.684845865,
        0.639346063
      ]
    ],
    "translation": [
      1.52527463,
      1.55751574,
      -1.0042665
    ]
  },
  {
    "timeStamp": 5336,
    "rotation": [
      [
        0.940213859,
        -0.277519166,
        -0.197436124
      ],
      [
        0.0388919637,
        0.663389742,
        -0.7472626
      ],
      [
        0.338356823,
        0.694907963,
