[
  {
    "timeStamp": 5944,
    "rotation": [
      [
        0.0481088161,
        0.9988404,
        -0.00184077863
      ],
      [
        0.033404965,
        0.000232948034,
        0.999441862
      ],
      [
        0.9982833,
        -0.0481434539,
        -0.03335502
      ]
    ],
    "translation": [
      1.62891889,
      0.7035743,
      -0.620432854
    ]
  },
  {
    "timeStamp": 6002,
    "rotation": [
      [
        0.0553575158,
        0.998446345,
        -0.00635998929
      ],
      [
        0.0194232557,
        0.0052916985,
        0.999797344
      ],
      [
        0.9982776,
        -0.0554698333,
        -0.0191001426
      ]
    ],
    "translation": [
      1.6315552,
      0.705889761,
      -0.6220603
    ]
  },
  {
    "timeStamp": 6044,
    "rotation": [
      [
        0.04244239,
        0.9990951,
        -0.002762572
      ],
      [
        0.0234963614,
        0.00176616141,
        0.999722362
      ],
      [
        0.99882257,
        -0.0424955152,
        -0.0234001391
      ]
    ],
    "translation": [
      1.63344288,
      0.7124791,
      -0.624795258
    ]
  },
  {
    "timeStamp": 6099,
    "rotation": [
      [
        0.02923289,
        0.999305367,
        0.0231125541
      ],
      [
        0.03030097,
        -0.0239977352,
        0.9992527
      ],
      [
        0.999113262,
        -0.0285106879,
        -0.0309814457
      ]
    ],
    "translation": [
      1.63061869,
      0.7301866,
      -0.630392134
    ]
  },
  {
    "timeStamp": 6144,
    "rotation": [
      [
        0.0376784168,
        0.997928441,
        0.0521457754
      ],
      [
        0.0196903814,
        -0.0529141165,
        0.9984049
      ],
      [
        0.9990959,
        -0.03659155,
        -0.02164331
      ]
    ],
    "translation": [
      1.62774742,
      0.7524569,
      -0.6394838
    ]
  },
  {
    "timeStamp": 6200,
    "rotation": [
      [
        0.06695292,
        0.9928693,
        0.09862978
      ],
      [
        0.023257155,
        -0.100377724,
        0.994677544
      ],
      [
        0.997485042,
        -0.06430272,
        -0.0298118982
      ]
    ],
    "translation": [
      1.62709677,
      0.7842996,
      -0.64647
    ]
  },
  {
    "timeStamp": 6244,
    "rotation": [
      [
        0.121329695,
        0.9808931,
        0.1520785
      ],
      [
        0.0208858866,
        -0.155699253,
        0.9875837
      ],
      [
        0.9923925,
        -0.116646938,
        -0.0393777639
      ]
    ],
    "translation": [
      1.62583578,
      0.813267469,
      -0.6499704
    ]
  },
  {
    "timeStamp": 6300,
    "rotation": [
      [
        0.238610163,
        0.937478542,
        0.253375649
      ],
      [
        -0.007947571,
        -0.259018123,
        0.965839744
      ],
      [
        0.9710829,
        -0.232472911,
        -0.05435368
      ]
    ],
    "translation": [
      1.62286568,
      0.856505454,
      -0.6487567
    ]
  },
  {
    "timeStamp": 6344,
    "rotation": [
      [
        0.348786563,
        0.858254254,
        0.376493782
      ],
      [
        -0.07175968,
        -0.37608546,
        0.9238021
      ],
      [
        0.934450865,
        -0.349226832,
        -0.06958551
      ]
    ],
    "translation": [
      1.617532,
      0.901441932,
      -0.645656
    ]
  },
  {
    "timeStamp": 6399,
    "rotation": [
      [
        0.476741254,
        0.7321579,
        0.4864799
      ],
      [
        -0.174554825,
        -0.4635493,
        0.8687075
      ],
      [
        0.8615384,
        -0.499066085,
        -0.09319137
      ]
    ],
    "translation": [
      1.62789035,
      0.954903245,
      -0.639504969
    ]
  },
  {
    "timeStamp": 6444,
    "rotation": [
      [
        0.5842372,
        0.628164947,
        0.513882935
      ],
      [
        -0.157804981,
        -0.533175,
        0.831157
      ],
      [
        0.7960932,
        -0.566686153,
        -0.212373123
      ]
    ],
    "translation": [
      1.65608239,
      0.9929065,
      -0.616271257
    ]
  },
  {
    "timeStamp": 6499,
    "rotation": [
      [
        0.695137858,
        0.469621271,
        0.5442786
      ],
      [
        -0.180172235,
        -0.6191442,
        0.7643288
      ],
      [
        0.695932,
        -0.6293778,
        -0.345777869
      ]
    ],
    "translation": [
      1.701313,
      1.04702377,
      -0.590937
    ]
  },
  {
    "timeStamp": 6544,
    "rotation": [
      [
        0.81496197,
        0.3219466,
        0.481858224
      ],
      [
        -0.185608849,
        -0.6426772,
        0.7433138
      ],
      [
        0.5489867,
        -0.6952096,
        -0.4640013
      ]
    ],
    "translation": [
      1.75642681,
      1.07871675,
      -0.5662885
    ]
  },
  {
    "timeStamp": 6599,
    "rotation": [
      [
        0.9128751,
        0.198928431,
        0.356492
      ],
      [
        -0.157081544,
        -0.6348507,
        0.7564985
      ],
      [
        0.376808256,
        -0.746587,
        -0.5482914
      ]
    ],
    "translation": [
      1.84507215,
      1.09519589,
      -0.5511447
    ]
  },
  {
    "timeStamp": 6644,
    "rotation": [
      [
        0.9558305,
        0.115988053,
        0.2700643
      ],
      [
        -0.146749139,
        -0.607790053,
        0.780420363
      ],
      [
        0.254661828,
        -0.7855813,
        -0.5639231
      ]
    ],
    "translation": [
      1.90733159,
      1.10078311,
      -0.557519436
    ]
  },
  {
    "timeStamp": 6699,
    "rotation": [
      [
        0.9868869,
        0.0319536775,
        0.1582187
      ],
      [
        -0.112625971,
        -0.5658482,
        0.816781
      ],
      [
        0.115626931,
        -0.82389003,
        -0.554829359
      ]
    ],
    "translation": [
      1.98114657,
      1.09493315,
      -0.5731136
    ]
  },
  {
    "timeStamp": 6744,
    "rotation": [
      [
        0.999067366,
        0.013213085,
        0.04110769
      ],
      [
        -0.0282086842,
        -0.521057,
        0.8530556
      ],
      [
        0.03269095,
        -0.8534196,
        -0.5201983
      ]
    ],
    "translation": [
      2.04349947,
      1.07795751,
      -0.587846935
    ]
  },
  {
    "timeStamp": 6799,
    "rotation": [
      [
        0.9989705,
        -0.04416408,
        -0.01036311
      ],
      [
        -0.009121718,
        -0.419340432,
        0.9077832
      ],
      [
        -0.0444370843,
        -0.906754136,
        -0.419311583
      ]
    ],
    "translation": [
      2.09896231,
      1.044165,
      -0.6164423
    ]
  },
  {
    "timeStamp": 6844,
    "rotation": [
      [
        0.999386,
        -0.0345049873,
        -0.00608526031
      ],
      [
        -0.005306014,
        -0.320720732,
        0.947158933
      ],
      [
        -0.0346333757,
        -0.946545064,
        -0.3207069
      ]
    ],
    "translation": [
      2.12174058,
      1.01030135,
      -0.6419625
    ]
  },
  {
    "timeStamp": 6899,
    "rotation": [
      [
        0.9982432,
        -0.0370429121,
        -0.0462417044
      ],
      [
        0.0363475122,
        -0.233475745,
        0.971683
      ],
      [
        -0.04679029,
        -0.9716568,
        -0.231719166
      ]
    ],
    "translation": [
      2.154328,
      0.969929934,
      -0.663127542
    ]
  },
  {
    "timeStamp": 6943,
    "rotation": [
      [
        0.997700036,
        -0.0555445179,
        -0.0388515778
      ],
      [
        0.0270250812,
        -0.199689731,
        0.9794864
      ],
      [
        -0.0621633679,
        -0.9782836,
        -0.197729364
      ]
    ],
    "translation": [
      2.16586065,
      0.949210644,
      -0.669445038
    ]
  },
  {
    "timeStamp": 6994,
    "rotation": [
      [
        0.9965145,
        -0.0570494644,
        -0.0608618222
      ],
      [
        0.0532001331,
        -0.127341151,
        0.9904312
      ],
      [
        -0.0642538,
        -0.9902169,
        -0.123862267
      ]
    ],
    "translation": [
      2.18673086,
      0.9077306,
      -0.6759082
    ]
  },
  {
    "timeStamp": 7049,
    "rotation": [
      [
        0.995711148,
        -0.0651257038,
        -0.06571082
      ],
      [
        0.0595756136,
        -0.0920457244,
        0.993971
      ],
      [
        -0.07078146,
        -0.9936228,
        -0.08777105
      ]
    ],
    "translation": [
      2.19837618,
      0.8782505,
      -0.67349577
    ]
  },
  {
    "timeStamp": 7094,
    "rotation": [
      [
        0.9977334,
        -0.0528814159,
        -0.041611407
      ],
      [
        0.0386154056,
        -0.0564667955,
        0.9976574
      ],
      [
        -0.0551072136,
        -0.997002959,
        -0.0542967767
      ]
    ],
    "translation": [
      2.19310641,
      0.8553875,
      -0.6733829
    ]
  },
  {
    "timeStamp": 7150,
    "rotation": [
      [
        0.996264935,
        -0.04450079,
        -0.07399869
      ],
      [
        0.0717878044,
        -0.04938279,
        0.9961967
      ],
      [
        -0.0479858071,
        -0.997788,
        -0.04600373
      ]
    ],
    "translation": [
      2.201938,
      0.832550049,
      -0.6625948
    ]
  },
  {
    "timeStamp": 7194,
    "rotation": [
      [
        0.997399151,
        -0.0431340151,
        -0.0577439331
      ],
      [
        0.0557106845,
        -0.04694013,
        0.997342944
      ],
      [
        -0.04572991,
        -0.997966,
        -0.0444150157
      ]
    ],
    "translation": [
      2.20192647,
      0.8187413,
      -0.6524264
    ]
  },
  {
    "timeStamp": 7250,
    "rotation": [
      [
        0.9981959,
        -0.03491754,
        -0.0488451421
      ],
      [
        0.047637254,
        -0.0346260369,
        0.9982644
      ],
      [
        -0.03654824,
        -0.9987902,
        -0.03290019
      ]
    ],
    "translation": [
      2.2006557,
      0.8012798,
      -0.6423787
    ]
  },
  {
    "timeStamp": 7294,
    "rotation": [
      [
        0.9965404,
        -0.0324244648,
        -0.0765230358
      ],
      [
        0.07548917,
        -0.0319939442,
        0.996633232
      ],
      [
        -0.0347635634,
        -0.998962,
        -0.0294355657
      ]
    ],
    "translation": [
      2.2105875,
      0.7879892,
      -0.633546054
    ]
  },
  {
    "timeStamp": 7349,
    "rotation": [
      [
        0.998626,
        -0.035391897,
        -0.03864814
      ],
      [
        0.0379187539,
        -0.0210534856,
        0.999059
      ],
      [
        -0.036172267,
        -0.999151766,
        -0.0196825415
      ]
    ],
    "translation": [
      2.20491076,
      0.7740933,
      -0.6278441
    ]
  },
  {
    "timeStamp": 7395,
    "rotation": [
      [
        0.997810364,
        -0.0273555964,
        -0.06021723
      ],
      [
        0.059483,
        -0.02690548,
        0.997866631
      ],
      [
        -0.0289174318,
        -0.9992636,
        -0.0252193734
      ]
    ],
    "translation": [
      2.211176,
      0.76521945,
      -0.620315433
    ]
  },
  {
    "timeStamp": 7452,
    "rotation": [
      [
        0.997861266,
        -0.0379662924,
        -0.0532116145
      ],
      [
        0.0521933548,
        -0.0273258854,
        0.998263061
      ],
      [
        -0.0393544063,
        -0.998905361,
        -0.0252858549
      ]
    ],
    "translation": [
      2.215292,
      0.7566156,
      -0.6153252
    ]
  },
  {
    "timeStamp": 7497,
    "rotation": [
      [
        0.997612,
        -0.0392680764,
        -0.056817852
      ],
      [
        0.0559252426,
        -0.02346848,
        0.9981591
      ],
      [
        -0.04052921,
        -0.998953044,
        -0.02121636
      ]
    ],
    "translation": [
      2.21928763,
      0.7504741,
      -0.613420546
    ]
  },
  {
    "timeStamp": 7543,
    "rotation": [
      [
        0.997433662,
        -0.048646275,
        -0.05253273
      ],
      [
        0.05109079,
        -0.0304256342,
        0.998230457
      ],
      [
        -0.05015852,
        -0.9983525,
        -0.0278621744
      ]
    ],
    "translation": [
      2.22287583,
      0.746078849,
      -0.608585
    ]
  },
  {
    "timeStamp": 7599,
    "rotation": [
      [
        0.997512937,
        -0.0510346778,
        -0.0486140922
      ],
      [
        0.0469005778,
        -0.0342532061,
        0.9983121
      ],
      [
        -0.0526137128,
        -0.9981093,
        -0.03177446
      ]
    ],
    "translation": [
      2.22731972,
      0.7418678,
      -0.6047173
    ]
  },
  {
    "timeStamp": 7643,
    "rotation": [
      [
        0.996919155,
        -0.05261953,
        -0.05816745
      ],
      [
        0.05648713,
        -0.0328771845,
        0.997861862
      ],
      [
        -0.0544194058,
        -0.9980733,
        -0.0298035666
      ]
    ],
    "translation": [
      2.23114181,
      0.7389881,
      -0.6025919
    ]
  },
  {
    "timeStamp": 7699,
    "rotation": [
      [
        0.9966703,
        -0.0549607575,
        -0.0602305532
      ],
      [
        0.0585317425,
        -0.0320140049,
        0.9977721
      ],
      [
        -0.05676652,
        -0.9979752,
        -0.02869046
      ]
    ],
    "translation": [
      2.23657441,
      0.737240553,
      -0.600091636
    ]
  },
  {
    "timeStamp": 7743,
    "rotation": [
      [
        0.996246,
        -0.05366103,
        -0.0679300353
      ],
      [
        0.06625389,
        -0.0324222669,
        0.9972759
      ],
      [
        -0.0557173043,
        -0.998032749,
        -0.0287453
      ]
    ],
    "translation": [
      2.24073529,
      0.736466646,
      -0.598434746
    ]
  },
  {
    "timeStamp": 7799,
    "rotation": [
      [
        0.9968239,
        -0.04370878,
        -0.0665708557
      ],
      [
        0.06529858,
        -0.0299190413,
        0.997417152
      ],
      [
        -0.0455876142,
        -0.9985962,
        -0.0269698948
      ]
    ],
    "translation": [
      2.24321485,
      0.7355794,
      -0.5980578
    ]
  },
  {
    "timeStamp": 7843,
    "rotation": [
      [
        0.9973531,
        -0.03581091,
        -0.0632806942
      ],
      [
        0.0622533076,
        -0.0291128326,
        0.997635663
      ],
      [
        -0.0375685431,
        -0.998934448,
        -0.0268064234
      ]
    ],
    "translation": [
      2.24397922,
      0.7343269,
      -0.597317338
    ]
  },
  {
    "timeStamp": 7900,
    "rotation": [
      [
        0.997785449,
        -0.0351155363,
        -0.05649058
      ],
      [
        0.0554223433,
        -0.0306847133,
        0.9979914
      ],
      [
        -0.0367784053,
        -0.9989121,
        -0.0286705736
      ]
    ],
    "translation": [
      2.24406457,
      0.7323377,
      -0.5951641
    ]
  },
  {
    "timeStamp": 7943,
    "rotation": [
      [
        0.9982192,
        -0.02553096,
        -0.0539126433
      ],
      [
        0.05321057,
        -0.02742352,
        0.9982067
      ],
      [
        -0.0269636568,
        -0.9992978,
        -0.0260161683
      ]
    ],
    "translation": [
      2.24504542,
      0.7307265,
      -0.5938427
    ]
  },
  {
    "timeStamp": 7999,
    "rotation": [
      [
        0.9984881,
        -0.0114147654,
        -0.0537697449
      ],
      [
        0.053437762,
        -0.02762987,
        0.998188853
      ],
      [
        -0.012879746,
        -0.9995531,
        -0.0269781183
      ]
    ],
    "translation": [
      2.2472527,
      0.7289055,
      -0.592523932
    ]
  }
]