[
  {
    "timeStamp": 34753,
    "rotation": [
      [
        0.9999373,
        0.005117971,
        -0.009959692
      ],
      [
        0.01002205,
        -0.0123062208,
        0.999874055
      ],
      [
        0.00499476539,
        -0.9999112,
        -0.0123567423
      ]
    ],
    "translation": [
      1.30739939,
      0.702347159,
      -0.7500511
    ]
  },
  {
    "timeStamp": 34808,
    "rotation": [
      [
        0.9996545,
        -0.0185470581,
        0.0186263137
      ],
      [
        -0.0191061683,
        -0.0260403045,
        0.9994783
      ],
      [
        -0.0180523358,
        -0.999488831,
        -0.02638567
      ]
    ],
    "translation": [
      1.30804563,
      0.705170631,
      -0.7462871
    ]
  },
  {
    "timeStamp": 34853,
    "rotation": [
      [
        0.9992175,
        -0.0204773229,
        0.0338372365
      ],
      [
        -0.0341326445,
        -0.0142527372,
        0.9993157
      ],
      [
        -0.0199810378,
        -0.9996887,
        -0.014940531
      ]
    ],
    "translation": [
      1.309612,
      0.709825456,
      -0.748105764
    ]
  },
  {
    "timeStamp": 34908,
    "rotation": [
      [
        0.9972469,
        -0.0201185215,
        0.0713717341
      ],
      [
        -0.07157637,
        -0.009640875,
        0.997388542
      ],
      [
        -0.0193779,
        -0.999751151,
        -0.0110543435
      ]
    ],
    "translation": [
      1.31255186,
      0.723953545,
      -0.748718143
    ]
  },
  {
    "timeStamp": 34953,
    "rotation": [
      [
        0.9936189,
        -0.02584421,
        0.109788477
      ],
      [
        -0.110002361,
        -0.007000706,
        0.9939067
      ],
      [
        -0.0249181371,
        -0.9996415,
        -0.009798959
      ]
    ],
    "translation": [
      1.31853783,
      0.739589632,
      -0.7478342
    ]
  },
  {
    "timeStamp": 35008,
    "rotation": [
      [
        0.9869854,
        -0.0237581879,
        0.159044743
      ],
      [
        -0.1591246,
        -0.00149716192,
        0.987257361
      ],
      [
        -0.02321733,
        -0.9997166,
        -0.00525818951
      ]
    ],
    "translation": [
      1.33120465,
      0.76059556,
      -0.7482633
    ]
  },
  {
    "timeStamp": 35053,
    "rotation": [
      [
        0.9804165,
        -0.028920861,
        0.194800287
      ],
      [
        -0.194475472,
        0.0136756692,
        0.9808121
      ],
      [
        -0.031029949,
        -0.9994881,
        0.00778345438
      ]
    ],
    "translation": [
      1.34843087,
      0.7765106,
      -0.749061346
    ]
  },
  {
    "timeStamp": 35109,
    "rotation": [
      [
        0.9707993,
        -0.02924295,
        0.238104016
      ],
      [
        -0.2366582,
        0.0457023978,
        0.970517457
      ],
      [
        -0.0392627269,
        -0.998527,
        0.0374472737
      ]
    ],
    "translation": [
      1.37437332,
      0.795788169,
      -0.7510769
    ]
  },
  {
    "timeStamp": 35153,
    "rotation": [
      [
        0.961522937,
        -0.04513106,
        0.270992249
      ],
      [
        -0.2685159,
        0.0541385561,
        0.9617527
      ],
      [
        -0.05807604,
        -0.997513,
        0.0399370529
      ]
    ],
    "translation": [
      1.40140212,
      0.8123256,
      -0.7474274
    ]
  },
  {
    "timeStamp": 35208,
    "rotation": [
      [
        0.946755767,
        -0.0857425258,
        0.310325235
      ],
      [
        -0.3051998,
        0.06785715,
        0.9498676
      ],
      [
        -0.102501839,
        -0.994003832,
        0.0380755439
      ]
    ],
    "translation": [
      1.44081914,
      0.829727769,
      -0.7362397
    ]
  },
  {
    "timeStamp": 35253,
    "rotation": [
      [
        0.9345004,
        -0.146915168,
        0.3242298
      ],
      [
        -0.3193138,
        0.0565597229,
        0.9459597
      ],
      [
        -0.157314166,
        -0.9875307,
        0.00594304269
      ]
    ],
    "translation": [
      1.47915089,
      0.842188954,
      -0.718074739
    ]
  },
  {
    "timeStamp": 35308,
    "rotation": [
      [
        0.9018565,
        -0.257732779,
        0.346740127
      ],
      [
        -0.347006828,
        0.04598962,
        0.9367343
      ],
      [
        -0.257373571,
        -0.96512115,
        -0.0479589961
      ]
    ],
    "translation": [
      1.5354712,
      0.860716,
      -0.6865933
    ]
  },
  {
    "timeStamp": 35353,
    "rotation": [
      [
        0.8545667,
        -0.368605852,
        0.3658488
      ],
      [
        -0.381720752,
        0.0318476781,
        0.9237288
      ],
      [
        -0.3521433,
        -0.92904,
        -0.11348854
      ]
    ],
    "translation": [
      1.58802509,
      0.8809492,
      -0.6568027
    ]
  },
  {
    "timeStamp": 35408,
    "rotation": [
      [
        0.777992547,
        -0.508152246,
        0.3694711
      ],
      [
        -0.422800124,
        0.0115333637,
        0.906149566
      ],
      [
        -0.46472317,
        -0.86119,
        -0.205873966
      ]
    ],
    "translation": [
      1.66083026,
      0.9070387,
      -0.622084737
    ]
  },
  {
    "timeStamp": 35453,
    "rotation": [
      [
        0.7056685,
        -0.614180565,
        0.353290468
      ],
      [
        -0.453528345,
        -0.008446324,
        0.891201854
      ],
      [
        -0.5443749,
        -0.7891203,
        -0.284508616
      ]
    ],
    "translation": [
      1.7247721,
      0.9279567,
      -0.5989214
    ]
  },
  {
    "timeStamp": 35508,
    "rotation": [
      [
        0.605574965,
        -0.731547236,
        0.313237548
      ],
      [
        -0.488927335,
        -0.0314608477,
        0.87175703
      ],
      [
        -0.6278767,
        -0.6810646,
        -0.3767253
      ]
    ],
    "translation": [
      1.81015646,
      0.953509,
      -0.579735339
    ]
  },
  {
    "timeStamp": 35553,
    "rotation": [
      [
        0.5339145,
        -0.805574059,
        0.256876975
      ],
      [
        -0.504210234,
        -0.0594575778,
        0.8615317
      ],
      [
        -0.67875427,
        -0.5895043,
        -0.4379239
      ]
    ],
    "translation": [
      1.879755,
      0.970983148,
      -0.574126542
    ]
  },
  {
    "timeStamp": 35608,
    "rotation": [
      [
        0.4518976,
        -0.8744687,
        0.176332489
      ],
      [
        -0.5082747,
        -0.08995416,
        0.8564842
      ],
      [
        -0.733106732,
        -0.476668447,
        -0.485120326
      ]
    ],
    "translation": [
      1.9650569,
      0.984016061,
      -0.579045236
    ]
  },
  {
    "timeStamp": 35653,
    "rotation": [
      [
        0.4023658,
        -0.909476042,
        0.104666606
      ],
      [
        -0.485744685,
        -0.115182452,
        0.866478562
      ],
      [
        -0.7759857,
        -0.399482578,
        -0.488118649
      ]
    ],
    "translation": [
      2.02828836,
      0.9840191,
      -0.5916427
    ]
  },
  {
    "timeStamp": 35708,
    "rotation": [
      [
        0.320102423,
        -0.9461842,
        0.0476427525
      ],
      [
        -0.437212348,
        -0.10292536,
        0.893449366
      ],
      [
        -0.840464056,
        -0.3068253,
        -0.4466301
      ]
    ],
    "translation": [
      2.09938121,
      0.9687942,
      -0.6169883
    ]
  },
  {
    "timeStamp": 35753,
    "rotation": [
      [
        0.265990645,
        -0.963972449,
        -0.00245203241
      ],
      [
        -0.401509821,
        -0.113101125,
        0.908844352
      ],
      [
        -0.876378238,
        -0.240759566,
        -0.417128265
      ]
    ],
    "translation": [
      2.14951825,
      0.9573313,
      -0.640746832
    ]
  },
  {
    "timeStamp": 35808,
    "rotation": [
      [
        0.223860815,
        -0.9732431,
        -0.05180939
      ],
      [
        -0.3349584,
        -0.126748264,
        0.933669
      ],
      [
        -0.915253639,
        -0.191657916,
        -0.3543699
      ]
    ],
    "translation": [
      2.19961762,
      0.9382173,
      -0.6724123
    ]
  },
  {
    "timeStamp": 35853,
    "rotation": [
      [
        0.167633191,
        -0.9850085,
        -0.04071236
      ],
      [
        -0.272331655,
        -0.08595741,
        0.9583563
      ],
      [
        -0.9474886,
        -0.149565071,
        -0.282658279
      ]
    ],
    "translation": [
      2.22985959,
      0.9123922,
      -0.7000482
    ]
  },
  {
    "timeStamp": 35905,
    "rotation": [
      [
        0.144147053,
        -0.9873952,
        -0.0653626248
      ],
      [
        -0.193332985,
        -0.09288056,
        0.976726949
      ],
      [
        -0.970486462,
        -0.128155559,
        -0.204284534
      ]
    ],
    "translation": [
      2.262077,
      0.884893537,
      -0.727747262
    ]
  },
  {
    "timeStamp": 35959,
    "rotation": [
      [
        0.115097351,
        -0.991284966,
        -0.06408404
      ],
      [
        -0.143350214,
        -0.08041251,
        0.98639977
      ],
      [
        -0.9829564,
        -0.104345523,
        -0.151356176
      ]
    ],
    "translation": [
      2.286003,
      0.857588649,
      -0.749197364
    ]
  },
  {
    "timeStamp": 36003,
    "rotation": [
      [
        0.1116308,
        -0.99103874,
        -0.0733538
      ],
      [
        -0.106868334,
        -0.08535916,
        0.9906023
      ],
      [
        -0.9879867,
        -0.102742516,
        -0.115439363
      ]
    ],
    "translation": [
      2.299761,
      0.8390674,
      -0.7571604
    ]
  },
  {
    "timeStamp": 36058,
    "rotation": [
      [
        0.09964873,
        -0.993521,
        -0.05464538
      ],
      [
        -0.09560427,
        -0.06422469,
        0.9933454
      ],
      [
        -0.99041903,
        -0.09376129,
        -0.101384759
      ]
    ],
    "translation": [
      2.30916524,
      0.817084,
      -0.759439468
    ]
  },
  {
    "timeStamp": 36103,
    "rotation": [
      [
        0.101234689,
        -0.993027568,
        -0.06039707
      ],
      [
        -0.0780835152,
        -0.0684526041,
        0.994594
      ],
      [
        -0.9917936,
        -0.09597138,
        -0.08446886
      ]
    ],
    "translation": [
      2.31678629,
      0.802437544,
      -0.7569237
    ]
  },
  {
    "timeStamp": 36158,
    "rotation": [
      [
        0.08374176,
        -0.995946348,
        -0.0328365751
      ],
      [
        -0.09375618,
        -0.0406808481,
        0.994763732
      ],
      [
        -0.9920671,
        -0.08022465,
        -0.09678281
      ]
    ],
    "translation": [
      2.32052159,
      0.7865807,
      -0.7493219
    ]
  },
  {
    "timeStamp": 36203,
    "rotation": [
      [
        0.09365907,
        -0.9933899,
        -0.0663663149
      ],
      [
        -0.0809535161,
        -0.07403717,
        0.9939643
      ],
      [
        -0.992307663,
        -0.0877212062,
        -0.0873526558
      ]
    ],
    "translation": [
      2.326671,
      0.7797823,
      -0.7425999
    ]
  },
  {
    "timeStamp": 36258,
    "rotation": [
      [
        0.07739851,
        -0.9948176,
        -0.06593527
      ],
      [
        -0.07997542,
        -0.07211555,
        0.994184732
      ],
      [
        -0.993787467,
        -0.07167522,
        -0.08514258
      ]
    ],
    "translation": [
      2.330169,
      0.7690274,
      -0.7344812
    ]
  },
  {
    "timeStamp": 36304,
    "rotation": [
      [
        0.07617902,
        -0.9941469,
        -0.07660703
      ],
      [
        -0.07374424,
        -0.0822373554,
        0.9938807
      ],
      [
        -0.9943633,
        -0.07006354,
        -0.07957737
      ]
    ],
    "translation": [
      2.33269119,
      0.762837,
      -0.7277318
    ]
  },
  {
    "timeStamp": 36360,
    "rotation": [
      [
        0.05503526,
        -0.9947656,
        -0.08609645
      ],
      [
        -0.05921381,
        -0.08932701,
        0.994240642
      ],
      [
        -0.9967271,
        -0.04962021,
        -0.06381999
      ]
    ],
    "translation": [
      2.33656359,
      0.7556027,
      -0.7238799
    ]
  },
  {
    "timeStamp": 36406,
    "rotation": [
      [
        0.0560860261,
        -0.993541062,
        -0.09864281
      ],
      [
        -0.0521780625,
        -0.101580046,
        0.9934581
      ],
      [
        -0.997061551,
        -0.05057214,
        -0.0575382747
      ]
    ],
    "translation": [
      2.33735323,
      0.7517822,
      -0.7178294
    ]
  },
  {
    "timeStamp": 36451,
    "rotation": [
      [
        0.05029312,
        -0.9929964,
        -0.106905945
      ],
      [
        -0.0435124338,
        -0.109118335,
        0.993075967
      ],
      [
        -0.9977862,
        -0.04529316,
        -0.0486955866
      ]
    ],
    "translation": [
      2.33989358,
      0.747733,
      -0.714244843
    ]
  },
  {
    "timeStamp": 36508,
    "rotation": [
      [
        0.0389409,
        -0.9951758,
        -0.0900482759
      ],
      [
        -0.0390471667,
        -0.09156329,
        0.9950334
      ],
      [
        -0.9984783,
        -0.0352313481,
        -0.04242435
      ]
    ],
    "translation": [
      2.34058547,
      0.742073536,
      -0.7090864
    ]
  },
  {
    "timeStamp": 36552,
    "rotation": [
      [
        0.0450685322,
        -0.993875563,
        -0.100896865
      ],
      [
        -0.0346642062,
        -0.102494523,
        0.9941294
      ],
      [
        -0.9983823,
        -0.0413064547,
        -0.0390711874
      ]
    ],
    "translation": [
      2.34248567,
      0.74138546,
      -0.704260468
    ]
  },
  {
    "timeStamp": 36608,
    "rotation": [
      [
        0.0415412858,
        -0.9941669,
        -0.09953117
      ],
      [
        -0.02826192,
        -0.100746512,
        0.994510651
      ],
      [
        -0.998737,
        -0.0385003164,
        -0.0322822072
      ]
    ],
    "translation": [
      2.34520388,
      0.7391119,
      -0.699481964
    ]
  },
  {
    "timeStamp": 36652,
    "rotation": [
      [
        0.0377675481,
        -0.9946946,
        -0.0956889242
      ],
      [
        -0.0273280255,
        -0.09674952,
        0.994933546
      ],
      [
        -0.9989128,
        -0.0349612236,
        -0.0308370311
      ]
    ],
    "translation": [
      2.346899,
      0.738119066,
      -0.695880651
    ]
  },
  {
    "timeStamp": 36708,
    "rotation": [
      [
        0.0333598,
        -0.99622333,
        -0.08016296
      ],
      [
        -0.0248511955,
        -0.08100963,
        0.996403456
      ],
      [
        -0.999134362,
        -0.03124767,
        -0.0274598058
      ]
    ],
    "translation": [
      2.34754157,
      0.7353391,
      -0.692700744
    ]
  },
  {
    "timeStamp": 36752,
    "rotation": [
      [
        0.0262221135,
        -0.998138,
        -0.05507097
      ],
      [
        -0.0241230354,
        -0.0557056852,
        0.9981558
      ],
      [
        -0.999365032,
        -0.0248452723,
        -0.0255388413
      ]
    ],
    "translation": [
      2.347492,
      0.7314108,
      -0.6906643
    ]
  },
  {
    "timeStamp": 36808,
    "rotation": [
      [
        0.0370679051,
        -0.9986907,
        -0.03525335
      ],
      [
        -0.02294245,
        -0.03611878,
        0.9990841
      ],
      [
        -0.999049366,
        -0.03622515,
        -0.024251258
      ]
    ],
    "translation": [
      2.345842,
      0.728111744,
      -0.686138034
    ]
  }
]