[
  {
    "timeStamp": 30493,
    "rotation": [
      [
        0.9999985,
        0.00118336023,
        0.0012714722
      ],
      [
        -0.00129723188,
        0.0220280811,
        0.9997565
      ],
      [
        0.00115506456,
        -0.999756634,
        0.0220295824
      ]
    ],
    "translation": [
      1.15403438,
      0.705474734,
      -0.619927347
    ]
  },
  {
    "timeStamp": 30538,
    "rotation": [
      [
        0.9999097,
        0.0130306194,
        -0.00327892741
      ],
      [
        0.00286742323,
        0.0314739347,
        0.999500453
      ],
      [
        0.0131273121,
        -0.99941957,
        0.0314337276
      ]
    ],
    "translation": [
      1.15486515,
      0.7055131,
      -0.619569838
    ]
  },
  {
    "timeStamp": 30593,
    "rotation": [
      [
        0.9998875,
        0.0147428764,
        -0.002746509
      ],
      [
        0.00231549446,
        0.0291733053,
        0.9995717
      ],
      [
        0.0148166874,
        -0.999465644,
        0.0291358866
      ]
    ],
    "translation": [
      1.15495014,
      0.7055403,
      -0.6195713
    ]
  },
  {
    "timeStamp": 30637,
    "rotation": [
      [
        0.999867737,
        0.0162265878,
        -0.00108772062
      ],
      [
        0.0006180582,
        0.0289209913,
        0.9995815
      ],
      [
        0.0162512548,
        -0.999449968,
        0.028907137
      ]
    ],
    "translation": [
      1.15502286,
      0.7055691,
      -0.6195868
    ]
  },
  {
    "timeStamp": 30693,
    "rotation": [
      [
        0.9998269,
        0.0184505768,
        0.00238137436
      ],
      [
        -0.002904938,
        0.0284019224,
        0.999592364
      ],
      [
        0.01837542,
        -0.999426246,
        0.0284506045
      ]
    ],
    "translation": [
      1.15512729,
      0.705650866,
      -0.6195957
    ]
  },
  {
    "timeStamp": 30737,
    "rotation": [
      [
        0.999697864,
        0.021989543,
        0.01098784
      ],
      [
        -0.0117095336,
        0.03296478,
        0.9993879
      ],
      [
        0.0216138717,
        -0.9992146,
        0.0332123041
      ]
    ],
    "translation": [
      1.155396,
      0.7061449,
      -0.61958456
    ]
  },
  {
    "timeStamp": 30793,
    "rotation": [
      [
        0.999209344,
        0.0253350977,
        0.030638596
      ],
      [
        -0.0318760127,
        0.0499735624,
        0.9982417
      ],
      [
        0.02375942,
        -0.9984291,
        0.05074163
      ]
    ],
    "translation": [
      1.15278769,
      0.7114177,
      -0.625377
    ]
  },
  {
    "timeStamp": 30837,
    "rotation": [
      [
        0.9983843,
        0.0198880471,
        0.0532281138
      ],
      [
        -0.0542367473,
        0.05418658,
        0.9970568
      ],
      [
        0.01694528,
        -0.998332739,
        0.0551776923
      ]
    ],
    "translation": [
      1.151828,
      0.719561636,
      -0.6257867
    ]
  },
  {
    "timeStamp": 30893,
    "rotation": [
      [
        0.9967606,
        0.0160537176,
        0.0788072944
      ],
      [
        -0.07944217,
        0.0437465161,
        0.9958791
      ],
      [
        0.0125400284,
        -0.998913646,
        0.044880148
      ]
    ],
    "translation": [
      1.1506145,
      0.7309834,
      -0.622568667
    ]
  },
  {
    "timeStamp": 30937,
    "rotation": [
      [
        0.995322764,
        0.0135081625,
        0.09565652
      ],
      [
        -0.0961808041,
        0.0458079427,
        0.994309247
      ],
      [
        0.00904946,
        -0.998859,
        0.0468929149
      ]
    ],
    "translation": [
      1.15274847,
      0.7405228,
      -0.623316467
    ]
  },
  {
    "timeStamp": 30993,
    "rotation": [
      [
        0.9932159,
        0.00717841042,
        0.11606288
      ],
      [
        -0.116248541,
        0.0364177637,
        0.9925523
      ],
      [
        0.00289819855,
        -0.999310851,
        0.0370051824
      ]
    ],
    "translation": [
      1.15681744,
      0.75353235,
      -0.621764243
    ]
  },
  {
    "timeStamp": 31037,
    "rotation": [
      [
        0.9913692,
        0.00128769421,
        0.1310933
      ],
      [
        -0.131044075,
        0.03883963,
        0.9906154
      ],
      [
        -0.00381600787,
        -0.99924463,
        0.03867316
      ]
    ],
    "translation": [
      1.16350985,
      0.7651344,
      -0.6240263
    ]
  },
  {
    "timeStamp": 31093,
    "rotation": [
      [
        0.9888202,
        -0.00480095856,
        0.149035454
      ],
      [
        -0.148762032,
        0.03674927,
        0.988189936
      ],
      [
        -0.0102212029,
        -0.999313,
        0.0356242172
      ]
    ],
    "translation": [
      1.17416668,
      0.7821312,
      -0.627844453
    ]
  },
  {
    "timeStamp": 31137,
    "rotation": [
      [
        0.9839757,
        -0.0259221978,
        0.176408261
      ],
      [
        -0.17554377,
        0.0325310342,
        0.983934
      ],
      [
        -0.03124448,
        -0.999134541,
        0.0274592657
      ]
    ],
    "translation": [
      1.18515563,
      0.7991296,
      -0.629171968
    ]
  },
  {
    "timeStamp": 31192,
    "rotation": [
      [
        0.9770965,
        -0.0584329665,
        0.2046167
      ],
      [
        -0.20380865,
        0.0195326284,
        0.978815854
      ],
      [
        -0.06119182,
        -0.9981002,
        0.00717611937
      ]
    ],
    "translation": [
      1.20377624,
      0.8230246,
      -0.628906131
    ]
  },
  {
    "timeStamp": 31237,
    "rotation": [
      [
        0.9694684,
        -0.08924548,
        0.228399232
      ],
      [
        -0.227742046,
        0.0176158119,
        0.9735621
      ],
      [
        -0.0909094661,
        -0.995853841,
        -0.00324697653
      ]
    ],
    "translation": [
      1.22253728,
      0.843216062,
      -0.632156134
    ]
  },
  {
    "timeStamp": 31293,
    "rotation": [
      [
        0.9603521,
        -0.12871933,
        0.2472957
      ],
      [
        -0.249857545,
        -0.00389254116,
        0.9682748
      ],
      [
        -0.123673074,
        -0.9916734,
        -0.03589971
      ]
    ],
    "translation": [
      1.2524004,
      0.8681458,
      -0.633294165
    ]
  },
  {
    "timeStamp": 31337,
    "rotation": [
      [
        0.952949166,
        -0.16538547,
        0.2540383
      ],
      [
        -0.259441882,
        -0.01156577,
        0.9656895
      ],
      [
        -0.156772867,
        -0.9861612,
        -0.0539295077
      ]
    ],
    "translation": [
      1.28188443,
      0.886040449,
      -0.638438463
    ]
  },
  {
    "timeStamp": 31392,
    "rotation": [
      [
        0.9378189,
        -0.22578685,
        0.263659
      ],
      [
        -0.278398,
        -0.03554189,
        0.959808
      ],
      [
        -0.20734109,
        -0.973528147,
        -0.09619047
      ]
    ],
    "translation": [
      1.32297194,
      0.9107339,
      -0.6412198
    ]
  },
  {
    "timeStamp": 31438,
    "rotation": [
      [
        0.9232082,
        -0.278625667,
        0.264677852
      ],
      [
        -0.288787216,
        -0.0485826656,
        0.95615983
      ],
      [
        -0.2535519,
        -0.9591702,
        -0.125315443
      ]
    ],
    "translation": [
      1.35967755,
      0.929111,
      -0.6452187
    ]
  },
  {
    "timeStamp": 31493,
    "rotation": [
      [
        0.903326333,
        -0.346903563,
        0.252308249
      ],
      [
        -0.29676643,
        -0.08070585,
        0.9515336
      ],
      [
        -0.309727639,
        -0.934422,
        -0.175853059
      ]
    ],
    "translation": [
      1.4110285,
      0.948923469,
      -0.6475857
    ]
  },
  {
    "timeStamp": 31537,
    "rotation": [
      [
        0.880052745,
        -0.407903671,
        0.243149519
      ],
      [
        -0.304446638,
        -0.09168187,
        0.9481069
      ],
      [
        -0.364443868,
        -0.908410132,
        -0.204869792
      ]
    ],
    "translation": [
      1.45216453,
      0.962933958,
      -0.6530855
    ]
  },
  {
    "timeStamp": 31593,
    "rotation": [
      [
        0.8529637,
        -0.476705551,
        0.212614089
      ],
      [
        -0.3035005,
        -0.121552542,
        0.945046246
      ],
      [
        -0.424665,
        -0.870618641,
        -0.248360276
      ]
    ],
    "translation": [
      1.509969,
      0.9779332,
      -0.657749236
    ]
  },
  {
    "timeStamp": 31637,
    "rotation": [
      [
        0.820019662,
        -0.541359246,
        0.185736269
      ],
      [
        -0.307444572,
        -0.14292793,
        0.9407707
      ],
      [
        -0.482748032,
        -0.828554034,
        -0.283641666
      ]
    ],
    "translation": [
      1.55686855,
      0.9904652,
      -0.662656248
    ]
  },
  {
    "timeStamp": 31693,
    "rotation": [
      [
        0.7782353,
        -0.61082983,
        0.145728216
      ],
      [
        -0.307127178,
        -0.167813435,
        0.936755836
      ],
      [
        -0.547743261,
        -0.773773551,
        -0.3182008
      ]
    ],
    "translation": [
      1.61815107,
      1.00404966,
      -0.669619441
    ]
  },
  {
    "timeStamp": 31737,
    "rotation": [
      [
        0.7428381,
        -0.6619121,
        0.100319289
      ],
      [
        -0.299550265,
        -0.194613516,
        0.934021
      ],
      [
        -0.5987163,
        -0.7238771,
        -0.342842281
      ]
    ],
    "translation": [
      1.66831565,
      1.0127449,
      -0.6782924
    ]
  },
  {
    "timeStamp": 31793,
    "rotation": [
      [
        0.6856838,
        -0.726056159,
        0.0517705046
      ],
      [
        -0.295949042,
        -0.213099763,
        0.931129754
      ],
      [
        -0.6650202,
        -0.653782,
        -0.360994667
      ]
    ],
    "translation": [
      1.73315942,
      1.02253711,
      -0.6904807
    ]
  },
  {
    "timeStamp": 31837,
    "rotation": [
      [
        0.6407245,
        -0.7677032,
        0.010197076
      ],
      [
        -0.290992349,
        -0.230528638,
        0.9285365
      ],
      [
        -0.7104897,
        -0.5979033,
        -0.3711011
      ]
    ],
    "translation": [
      1.78062344,
      1.02872336,
      -0.7020479
    ]
  },
  {
    "timeStamp": 31893,
    "rotation": [
      [
        0.5756242,
        -0.816998959,
        -0.0341983177
      ],
      [
        -0.290015876,
        -0.243079126,
        0.9256367
      ],
      [
        -0.7645571,
        -0.5229009,
        -0.37686488
      ]
    ],
    "translation": [
      1.84079945,
      1.03600276,
      -0.7163726
    ]
  },
  {
    "timeStamp": 31937,
    "rotation": [
      [
        0.528969467,
        -0.8455374,
        -0.0725101456
      ],
      [
        -0.2867463,
        -0.258496732,
        0.9224728
      ],
      [
        -0.7987289,
        -0.4671679,
        -0.3791916
      ]
    ],
    "translation": [
      1.88377392,
      1.03976464,
      -0.726838
    ]
  },
  {
    "timeStamp": 31992,
    "rotation": [
      [
        0.471924931,
        -0.874196947,
        -0.114309154
      ],
      [
        -0.2877605,
        -0.27528736,
        0.9172844
      ],
      [
        -0.8333551,
        -0.3999957,
        -0.381474316
      ]
    ],
    "translation": [
      1.9353323,
      1.04461241,
      -0.737728357
    ]
  },
  {
    "timeStamp": 32037,
    "rotation": [
      [
        0.4300729,
        -0.891392,
        -0.143030241
      ],
      [
        -0.287877232,
        -0.285566956,
        0.9140997
      ],
      [
        -0.855665863,
        -0.351954341,
        -0.379426062
      ]
    ],
    "translation": [
      1.97174621,
      1.04678643,
      -0.7452688
    ]
  },
  {
    "timeStamp": 32092,
    "rotation": [
      [
        0.392159045,
        -0.902541,
        -0.17785117
      ],
      [
        -0.279842168,
        -0.301222652,
        0.9115664
      ],
      [
        -0.8762988,
        -0.30770874,
        -0.370696217
      ]
    ],
    "translation": [
      2.01304126,
      1.04630566,
      -0.7528199
    ]
  },
  {
    "timeStamp": 32137,
    "rotation": [
      [
        0.358451962,
        -0.914785743,
        -0.186223969
      ],
      [
        -0.280935138,
        -0.2959349,
        0.9129611
      ],
      [
        -0.890274,
        -0.274935842,
        -0.3630739
      ]
    ],
    "translation": [
      2.0418973,
      1.04352164,
      -0.7573674
    ]
  },
  {
    "timeStamp": 32192,
    "rotation": [
      [
        0.330553949,
        -0.9206687,
        -0.207612917
      ],
      [
        -0.267525166,
        -0.302359372,
        0.914882
      ],
      [
        -0.9050769,
        -0.246876165,
        -0.34624815
      ]
    ],
    "translation": [
      2.07695723,
      1.035154,
      -0.76185447
    ]
  },
  {
    "timeStamp": 32237,
    "rotation": [
      [
        0.309660882,
        -0.9261455,
        -0.2153244
      ],
      [
        -0.2594236,
        -0.300155133,
        0.9179359
      ],
      [
        -0.9147729,
        -0.228388637,
        -0.333210349
      ]
    ],
    "translation": [
      2.103383,
      1.02600217,
      -0.763703167
    ]
  },
  {
    "timeStamp": 32292,
    "rotation": [
      [
        0.294631839,
        -0.9276898,
        -0.229311436
      ],
      [
        -0.238661379,
        -0.3037926,
        0.922361553
      ],
      [
        -0.9253285,
        -0.2170293,
        -0.3109107
      ]
    ],
    "translation": [
      2.13290381,
      1.01163971,
      -0.7646795
    ]
  },
  {
    "timeStamp": 32337,
    "rotation": [
      [
        0.281718731,
        -0.9352292,
        -0.214431658
      ],
      [
        -0.227618292,
        -0.2822448,
        0.931948364
      ],
      [
        -0.932107568,
        -0.213738739,
        -0.292388916
      ]
    ],
    "translation": [
      2.15080738,
      0.997406065,
      -0.763984561
    ]
  },
  {
    "timeStamp": 32401,
    "rotation": [
      [
        0.283560783,
        -0.9388384,
        -0.195386261
      ],
      [
        -0.208020076,
        -0.259118527,
        0.9431783
      ],
      [
        -0.936120152,
        -0.226804122,
        -0.268773079
      ]
    ],
    "translation": [
      2.16548634,
      0.9767977,
      -0.7614536
    ]
  },
  {
    "timeStamp": 32438,
    "rotation": [
      [
        0.296798348,
        -0.934533,
        -0.196364
      ],
      [
        -0.187137857,
        -0.2585626,
        0.9476945
      ],
      [
        -0.936424136,
        -0.244527042,
        -0.251627445
      ]
    ],
    "translation": [
      2.17980552,
      0.961739242,
      -0.7564345
    ]
  },
  {
    "timeStamp": 32487,
    "rotation": [
      [
        0.301676244,
        -0.93658644,
        -0.178317651
      ],
      [
        -0.178235218,
        -0.239135727,
        0.954487443
      ],
      [
        -0.9366022,
        -0.256163716,
        -0.239074275
      ]
    ],
    "translation": [
      2.1935184,
      0.942629337,
      -0.747820437
    ]
  },
  {
    "timeStamp": 32543,
    "rotation": [
      [
        0.326684833,
        -0.9272247,
        -0.183115467
      ],
      [
        -0.154645219,
        -0.243574739,
        0.9574739
      ],
      [
        -0.932395756,
        -0.284474283,
        -0.22296305
      ]
    ],
    "translation": [
      2.20758224,
      0.923258841,
      -0.7393471
    ]
  },
  {
    "timeStamp": 32587,
    "rotation": [
      [
        0.3338643,
        -0.926789165,
        -0.1720361
      ],
      [
        -0.149862781,
        -0.232374847,
        0.961011469
      ],
      [
        -0.930631936,
        -0.2950656,
        -0.216472879
      ]
    ],
    "translation": [
      2.21556234,
      0.908749461,
      -0.7310933
    ]
  },
  {
    "timeStamp": 32642,
    "rotation": [
      [
        0.3348645,
        -0.93185,
        -0.13971886
      ],
      [
        -0.142328352,
        -0.196600065,
        0.9700985
      ],
      [
        -0.931455,
        -0.304965615,
        -0.198463053
      ]
    ],
    "translation": [
      2.21792388,
      0.8873959,
      -0.7228039
    ]
  },
  {
    "timeStamp": 32687,
    "rotation": [
      [
        0.349448681,
        -0.929157138,
        -0.12063428
      ],
      [
        -0.13734746,
        -0.17815952,
        0.97436893
      ],
      [
        -0.926834047,
        -0.3239231,
        -0.189874977
      ]
    ],
    "translation": [
      2.21809673,
      0.871969163,
      -0.715459943
    ]
  },
  {
    "timeStamp": 32742,
    "rotation": [
      [
        0.3580409,
        -0.927752435,
        -0.105271555
      ],
      [
        -0.11894042,
        -0.157145783,
        0.980386853
      ],
      [
        -0.9260993,
        -0.338497549,
        -0.16661188
      ]
    ],
    "translation": [
      2.21711874,
      0.853067636,
      -0.710148156
    ]
  },
  {
    "timeStamp": 32787,
    "rotation": [
      [
        0.366255552,
        -0.924608946,
        -0.104667261
      ],
      [
        -0.1092428,
        -0.15443106,
        0.9819456
      ],
      [
        -0.924079537,
        -0.3482089,
        -0.1575681
      ]
    ],
    "translation": [
      2.218541,
      0.8400275,
      -0.7041625
    ]
  },
  {
    "timeStamp": 32843,
    "rotation": [
      [
        0.36964345,
        -0.9231301,
        -0.105803989
      ],
      [
        -0.102116205,
        -0.153538749,
        0.982852042
      ],
      [
        -0.9235453,
        -0.3525005,
        -0.151021138
      ]
    ],
    "translation": [
      2.22183537,
      0.8263446,
      -0.6959816
    ]
  },
  {
    "timeStamp": 32887,
    "rotation": [
      [
        0.368823558,
        -0.9229556,
        -0.110100694
      ],
      [
        -0.09693101,
        -0.155997023,
        0.982989967
      ],
      [
        -0.9244315,
        -0.3518777,
        -0.146998391
      ]
    ],
    "translation": [
      2.22494316,
      0.8167099,
      -0.688452244
    ]
  },
  {
    "timeStamp": 32933,
    "rotation": [
      [
        0.3729899,
        -0.921269953,
        -0.110182449
      ],
      [
        -0.08543409,
        -0.152349129,
        0.9846272
      ],
      [
        -0.923893631,
        -0.357842624,
        -0.135532543
      ]
    ],
    "translation": [
      2.22607756,
      0.80746454,
      -0.6833827
    ]
  },
  {
    "timeStamp": 32990,
    "rotation": [
      [
        0.374654979,
        -0.9194967,
        -0.118993856
      ],
      [
        -0.07193508,
        -0.156782478,
        0.985009968
      ],
      [
        -0.9243696,
        -0.3604791,
        -0.124883406
      ]
    ],
    "translation": [
      2.22960782,
      0.79867667,
      -0.67718935
    ]
  },
  {
    "timeStamp": 33036,
    "rotation": [
      [
        0.3750236,
        -0.918140948,
        -0.127962366
      ],
      [
        -0.0573428236,
        -0.160748556,
        0.9853282
      ],
      [
        -0.92524,
        -0.3621836,
        -0.112933308
      ]
    ],
    "translation": [
      2.23390985,
      0.791083157,
      -0.6736422
    ]
  },
  {
    "timeStamp": 33092,
    "rotation": [
      [
        0.3736908,
        -0.918556631,
        -0.128875524
      ],
      [
        -0.04118059,
        -0.155234188,
        0.987019
      ],
      [
        -0.9266387,
        -0.363532752,
        -0.0958363
      ]
    ],
    "translation": [
      2.236775,
      0.7803849,
      -0.670734465
    ]
  },
  {
    "timeStamp": 33136,
    "rotation": [
      [
        0.3760732,
        -0.917082965,
        -0.132392526
      ],
      [
        -0.0330865234,
        -0.156081319,
        0.9871899
      ],
      [
        -0.925999045,
        -0.366875261,
        -0.08904109
      ]
    ],
    "translation": [
      2.23869133,
      0.7728187,
      -0.6668967
    ]
  },
  {
    "timeStamp": 33192,
    "rotation": [
      [
        0.382127523,
        -0.9130561,
        -0.142503113
      ],
      [
        -0.0179110877,
        -0.161494687,
        0.986711
      ],
      [
        -0.923936,
        -0.374497056,
        -0.0780653954
      ]
    ],
    "translation": [
      2.24106741,
      0.7652795,
      -0.6635274
    ]
  },
  {
    "timeStamp": 33236,
    "rotation": [
      [
        0.3884017,
        -0.910456836,
        -0.142170221
      ],
      [
        -0.0135460747,
        -0.15990749,
        0.987039
      ],
      [
        -0.921390533,
        -0.381441772,
        -0.07444146
      ]
    ],
    "translation": [
      2.24129224,
      0.760608137,
      -0.6599622
    ]
  },
  {
    "timeStamp": 33292,
    "rotation": [
      [
        0.383726627,
        -0.913488448,
        -0.135250881
      ],
      [
        -0.0128967352,
        -0.151750118,
        0.9883348
      ],
      [
        -0.9233567,
        -0.377506077,
        -0.07001158
      ]
    ],
    "translation": [
      2.24127364,
      0.754903138,
      -0.65662235
    ]
  },
  {
    "timeStamp": 33337,
    "rotation": [
      [
        0.3817383,
        -0.916098535,
        -0.122635022
      ],
      [
        -0.0117685776,
        -0.13748993,
        0.9904333
      ],
      [
        -0.9241955,
        -0.3766431,
        -0.06326635
      ]
    ],
    "translation": [
      2.24119639,
      0.7508178,
      -0.655373752
    ]
  },
  {
    "timeStamp": 33392,
    "rotation": [
      [
        0.3756158,
        -0.919611335,
        -0.115011759
      ],
      [
        -0.00513961073,
        -0.12616387,
        0.9919961
      ],
      [
        -0.9267612,
        -0.3720183,
        -0.05211559
      ]
    ],
    "translation": [
      2.241184,
      0.744511068,
      -0.654311955
    ]
  },
  {
    "timeStamp": 33439,
    "rotation": [
      [
        0.3743215,
        -0.92216444,
        -0.09744849
      ],
      [
        -0.00296772,
        -0.106279336,
        0.9943319
      ],
      [
        -0.927294254,
        -0.3719106,
        -0.0425193645
      ]
    ],
    "translation": [
      2.24108815,
      0.7389487,
      -0.6541365
    ]
  },
  {
    "timeStamp": 33490,
    "rotation": [
      [
        0.375771672,
        -0.922616661,
        -0.08702902
      ],
      [
        0.00746115856,
        -0.09089649,
        0.9958324
      ],
      [
        -0.926682234,
        -0.374854922,
        -0.0272725374
      ]
    ],
    "translation": [
      2.24102569,
      0.7307124,
      -0.6555957
    ]
  },
  {
    "timeStamp": 33535,
    "rotation": [
      [
        0.3680459,
        -0.9271139,
        -0.0707257
      ],
      [
        0.00299875718,
        -0.07488092,
        0.997188
      ],
      [
        -0.929802835,
        -0.367223024,
        -0.0247794259
      ]
    ],
    "translation": [
      2.2410388,
      0.7278844,
      -0.6559844
    ]
  }
]