[
  {
    "timeStamp": 25040,
    "rotation": [
      [
        -0.896434247,
        0.443161577,
        -0.00366881234
      ],
      [
        0.435964853,
        0.8803288,
        -0.186964989
      ],
      [
        -0.07962594,
        -0.1692013,
        -0.9823597
      ]
    ],
    "translation": [
      1.46179926,
      0.7301236,
      -0.7526315
    ]
  },
  {
    "timeStamp": 25084,
    "rotation": [
      [
        -0.8927777,
        0.4504765,
        -0.00434954045
      ],
      [
        0.448474318,
        0.887812853,
        -0.103243284
      ],
      [
        -0.0426470935,
        -0.09412396,
        -0.994646668
      ]
    ],
    "translation": [
      1.46193254,
      0.7322862,
      -0.750354
    ]
  },
  {
    "timeStamp": 25140,
    "rotation": [
      [
        -0.8910736,
        0.452162534,
        0.03920402
      ],
      [
        0.436774641,
        0.8778031,
        -0.196697071
      ],
      [
        -0.123352453,
        -0.158148244,
        -0.97968024
      ]
    ],
    "translation": [
      1.46175146,
      0.735819936,
      -0.748427868
    ]
  },
  {
    "timeStamp": 25184,
    "rotation": [
      [
        -0.8751672,
        0.466190368,
        0.129417747
      ],
      [
        0.383813083,
        0.83182615,
        -0.400939852
      ],
      [
        -0.294567376,
        -0.301217169,
        -0.9069169
      ]
    ],
    "translation": [
      1.46197081,
      0.750714958,
      -0.7250589
    ]
  },
  {
    "timeStamp": 25240,
    "rotation": [
      [
        -0.868735731,
        0.486538172,
        0.09262216
      ],
      [
        0.410132825,
        0.811537,
        -0.416171461
      ],
      [
        -0.2776496,
        -0.323555619,
        -0.904556453
      ]
    ],
    "translation": [
      1.46493268,
      0.7656094,
      -0.7226178
    ]
  },
  {
    "timeStamp": 25284,
    "rotation": [
      [
        -0.8671247,
        0.496854365,
        0.0350794047
      ],
      [
        0.4385146,
        0.794912755,
        -0.419307321
      ],
      [
        -0.236219734,
        -0.3482089,
        -0.9071664
      ]
    ],
    "translation": [
      1.46941257,
      0.7817512,
      -0.719147265
    ]
  },
  {
    "timeStamp": 25340,
    "rotation": [
      [
        -0.8586256,
        0.511667669,
        -0.0309564788
      ],
      [
        0.4743155,
        0.7701411,
        -0.426506072
      ],
      [
        -0.1943885,
        -0.3808922,
        -0.9039548
      ]
    ],
    "translation": [
      1.47881389,
      0.8056412,
      -0.7171701
    ]
  },
  {
    "timeStamp": 25385,
    "rotation": [
      [
        -0.84964335,
        0.5205605,
        -0.08439775
      ],
      [
        0.501298547,
        0.7475621,
        -0.435718626
      ],
      [
        -0.163725346,
        -0.4125139,
        -0.8961174
      ]
    ],
    "translation": [
      1.49036157,
      0.8268323,
      -0.716169834
    ]
  },
  {
    "timeStamp": 25440,
    "rotation": [
      [
        -0.839527845,
        0.5216513,
        -0.15189755
      ],
      [
        0.527366042,
        0.7151413,
        -0.458757
      ],
      [
        -0.13068299,
        -0.4652449,
        -0.875482261
      ]
    ],
    "translation": [
      1.51019454,
      0.8531264,
      -0.714967251
    ]
  },
  {
    "timeStamp": 25485,
    "rotation": [
      [
        -0.8329175,
        0.5111809,
        -0.211996347
      ],
      [
        0.5449953,
        0.6911973,
        -0.474580258
      ],
      [
        -0.09606507,
        -0.5108232,
        -0.8543015
      ]
    ],
    "translation": [
      1.53044653,
      0.8737235,
      -0.714137256
    ]
  },
  {
    "timeStamp": 25540,
    "rotation": [
      [
        -0.8277405,
        0.478170574,
        -0.293596029
      ],
      [
        0.5595585,
        0.6645382,
        -0.4952608
      ],
      [
        -0.04171337,
        -0.574231565,
        -0.8176296
      ]
    ],
    "translation": [
      1.56218386,
      0.900031,
      -0.7128646
    ]
  },
  {
    "timeStamp": 25584,
    "rotation": [
      [
        -0.8185311,
        0.449876964,
        -0.357235938
      ],
      [
        0.5743483,
        0.6285029,
        -0.5245075
      ],
      [
        -0.0114400191,
        -0.6345036,
        -0.772835255
      ]
    ],
    "translation": [
      1.589072,
      0.924305558,
      -0.712669253
    ]
  },
  {
    "timeStamp": 25640,
    "rotation": [
      [
        -0.8095022,
        0.4050572,
        -0.425011754
      ],
      [
        0.586523831,
        0.590448439,
        -0.554401
      ],
      [
        0.0263834167,
        -0.6980683,
        -0.715544939
      ]
    ],
    "translation": [
      1.62709427,
      0.95275414,
      -0.715563655
    ]
  },
  {
    "timeStamp": 25684,
    "rotation": [
      [
        -0.8037969,
        0.354210883,
        -0.477959365
      ],
      [
        0.5915868,
        0.560642,
        -0.579401
      ],
      [
        0.06273396,
        -0.7484752,
        -0.660188854
      ]
    ],
    "translation": [
      1.66157293,
      0.9742328,
      -0.718383551
    ]
  },
  {
    "timeStamp": 25740,
    "rotation": [
      [
        -0.788008,
        0.2823231,
        -0.5471171
      ],
      [
        0.6020634,
        0.5391346,
        -0.5889427
      ],
      [
        0.128697664,
        -0.793490767,
        -0.5948188
      ]
    ],
    "translation": [
      1.70830023,
      0.9978535,
      -0.7250562
    ]
  },
  {
    "timeStamp": 25784,
    "rotation": [
      [
        -0.7753752,
        0.224401608,
        -0.5902857
      ],
      [
        0.606259048,
        0.52614665,
        -0.5963385
      ],
      [
        0.176757529,
        -0.8202521,
        -0.5440066
      ]
    ],
    "translation": [
      1.74623835,
      1.01419222,
      -0.7328403
    ]
  },
  {
    "timeStamp": 25840,
    "rotation": [
      [
        -0.7384872,
        0.146269977,
        -0.658211052
      ],
      [
        0.6251784,
        0.514193833,
        -0.5871599
      ],
      [
        0.2525642,
        -0.845109344,
        -0.471170366
      ]
    ],
    "translation": [
      1.79580081,
      1.0322448,
      -0.743273556
    ]
  },
  {
    "timeStamp": 25884,
    "rotation": [
      [
        -0.7303769,
        0.0793789849,
        -0.678416252
      ],
      [
        0.6163581,
        0.504636943,
        -0.6045199
      ],
      [
        0.2943677,
        -0.8596747,
        -0.417501
      ]
    ],
    "translation": [
      1.83442569,
      1.042948,
      -0.7527437
    ]
  },
  {
    "timeStamp": 25940,
    "rotation": [
      [
        -0.7208811,
        0.00700263632,
        -0.6930234
      ],
      [
        0.6053089,
        0.493362725,
        -0.6246555
      ],
      [
        0.337537646,
        -0.8697955,
        -0.3598946
      ]
    ],
    "translation": [
      1.88002038,
      1.05471539,
      -0.764552355
    ]
  },
  {
    "timeStamp": 25984,
    "rotation": [
      [
        -0.700413346,
        -0.05067404,
        -0.7119363
      ],
      [
        0.604644537,
        0.487881452,
        -0.6295845
      ],
      [
        0.379244119,
        -0.8714378,
        -0.3110789
      ]
    ],
    "translation": [
      1.91594911,
      1.0620985,
      -0.772587
    ]
  },
  {
    "timeStamp": 26040,
    "rotation": [
      [
        -0.6626089,
        -0.113227151,
        -0.740357339
      ],
      [
        0.6085405,
        0.494859457,
        -0.6203165
      ],
      [
        0.4366095,
        -0.8615647,
        -0.258995
      ]
    ],
    "translation": [
      1.95849967,
      1.06574643,
      -0.7823173
    ]
  },
  {
    "timeStamp": 26084,
    "rotation": [
      [
        -0.632145166,
        -0.158373222,
        -0.758492231
      ],
      [
        0.612474442,
        0.4974755,
        -0.6143234
      ],
      [
        0.47462368,
        -0.852898657,
        -0.217477173
      ]
    ],
    "translation": [
      1.99025977,
      1.06539714,
      -0.7873041
    ]
  },
  {
    "timeStamp": 26140,
    "rotation": [
      [
        -0.560525656,
        -0.195250988,
        -0.8047907
      ],
      [
        0.6338088,
        0.5243336,
        -0.56864816
      ],
      [
        0.5330079,
        -0.828825235,
        -0.170150667
      ]
    ],
    "translation": [
      2.02681136,
      1.05859578,
      -0.791458
    ]
  },
  {
    "timeStamp": 26192,
    "rotation": [
      [
        -0.5071292,
        -0.208778426,
        -0.836200655
      ],
      [
        0.643221259,
        0.5540946,
        -0.5284369
      ],
      [
        0.5736605,
        -0.8058478,
        -0.14670682
      ]
    ],
    "translation": [
      2.05079246,
      1.04724956,
      -0.7920464
    ]
  },
  {
    "timeStamp": 26236,
    "rotation": [
      [
        -0.4588266,
        -0.21428144,
        -0.8623002
      ],
      [
        0.6447304,
        0.5874961,
        -0.4890512
      ],
      [
        0.6113926,
        -0.78034085,
        -0.13140507
      ]
    ],
    "translation": [
      2.07724524,
      1.03130841,
      -0.7881358
    ]
  },
  {
    "timeStamp": 26290,
    "rotation": [
      [
        -0.400582939,
        -0.189844579,
        -0.8963773
      ],
      [
        0.6432451,
        0.638422668,
        -0.4226726
      ],
      [
        0.6525097,
        -0.7459058,
        -0.133624628
      ]
    ],
    "translation": [
      2.096005,
      1.00880444,
      -0.780375361
    ]
  },
  {
    "timeStamp": 26334,
    "rotation": [
      [
        -0.359604657,
        -0.179010034,
        -0.915772855
      ],
      [
        0.646089435,
        0.6603366,
        -0.382784516
      ],
      [
        0.673240542,
        -0.729322255,
        -0.121803619
      ]
    ],
    "translation": [
      2.10949826,
      0.9905814,
      -0.7708082
    ]
  },
  {
    "timeStamp": 26390,
    "rotation": [
      [
        -0.3100438,
        -0.127317756,
        -0.9421587
      ],
      [
        0.6258088,
        0.718692,
        -0.303059757
      ],
      [
        0.7157068,
        -0.683573,
        -0.14314945
      ]
    ],
    "translation": [
      2.115986,
      0.9630467,
      -0.7623835
    ]
  },
  {
    "timeStamp": 26434,
    "rotation": [
      [
        -0.330464423,
        -0.109904617,
        -0.9373976
      ],
      [
        0.6132375,
        0.7299813,
        -0.30177322
      ],
      [
        0.717449,
        -0.674572647,
        -0.173835218
      ]
    ],
    "translation": [
      2.12064266,
      0.94735384,
      -0.7526508
    ]
  },
  {
    "timeStamp": 26490,
    "rotation": [
      [
        -0.270569175,
        -0.0521384962,
        -0.9612876
      ],
      [
        0.5855716,
        0.783660233,
        -0.207322448
      ],
      [
        0.7641323,
        -0.618997753,
        -0.18150349
      ]
    ],
    "translation": [
      2.125796,
      0.9227698,
      -0.746070445
    ]
  },
  {
    "timeStamp": 26534,
    "rotation": [
      [
        -0.22800453,
        -0.02754081,
        -0.9732705
      ],
      [
        0.5712949,
        0.8056601,
        -0.156633079
      ],
      [
        0.788439035,
        -0.5917375,
        -0.167960227
      ]
    ],
    "translation": [
      2.13022161,
      0.907028437,
      -0.7412767
    ]
  },
  {
    "timeStamp": 26590,
    "rotation": [
      [
        -0.1804269,
        0.008498576,
        -0.9835517
      ],
      [
        0.5239794,
        0.847089,
        -0.08880158
      ],
      [
        0.8324011,
        -0.531383038,
        -0.157290727
      ]
    ],
    "translation": [
      2.13573885,
      0.885728955,
      -0.735420942
    ]
  },
  {
    "timeStamp": 26635,
    "rotation": [
      [
        -0.158536673,
        0.0418728478,
        -0.9864648
      ],
      [
        0.49311927,
        0.8689295,
        -0.04236637
      ],
      [
        0.855394363,
        -0.49316144,
        -0.1584055
      ]
    ],
    "translation": [
      2.13457227,
      0.872174,
      -0.731568038
    ]
  },
  {
    "timeStamp": 26691,
    "rotation": [
      [
        -0.126091361,
        0.088547,
        -0.988058865
      ],
      [
        0.434793264,
        0.9001781,
        0.02518513
      ],
      [
        0.891659,
        -0.426425725,
        -0.1520043
      ]
    ],
    "translation": [
      2.132667,
      0.855412841,
      -0.7282835
    ]
  },
  {
    "timeStamp": 26737,
    "rotation": [
      [
        -0.08518493,
        0.09709677,
        -0.9916228
      ],
      [
        0.3982162,
        0.915614367,
        0.05544566
      ],
      [
        0.913327634,
        -0.3901571,
        -0.116662048
      ]
    ],
    "translation": [
      2.13534379,
      0.8456547,
      -0.7241662
    ]
  },
  {
    "timeStamp": 26783,
    "rotation": [
      [
        -0.0584196523,
        0.113977171,
        -0.9917642
      ],
      [
        0.365050524,
        0.9270954,
        0.08504198
      ],
      [
        0.929152966,
        -0.35707593,
        -0.09576802
      ]
    ],
    "translation": [
      2.13599586,
      0.838449359,
      -0.7206836
    ]
  },
  {
    "timeStamp": 26839,
    "rotation": [
      [
        -0.045331914,
        0.1340103,
        -0.989942551
      ],
      [
        0.3391117,
        0.9341826,
        0.110933214
      ],
      [
        0.9396532,
        -0.330672264,
        -0.08779275
      ]
    ],
    "translation": [
      2.13511276,
      0.8297325,
      -0.7146105
    ]
  },
  {
    "timeStamp": 26884,
    "rotation": [
      [
        -0.0248535182,
        0.1358169,
        -0.9904222
      ],
      [
        0.313839555,
        0.941701,
        0.121260293
      ],
      [
        0.949150741,
        -0.3078199,
        -0.0660292953
      ]
    ],
    "translation": [
      2.13760138,
      0.8205239,
      -0.7109319
    ]
  },
  {
    "timeStamp": 26939,
    "rotation": [
      [
        -0.01743652,
        0.141175225,
        -0.9898311
      ],
      [
        0.3031311,
        0.9441337,
        0.12931776
      ],
      [
        0.952789366,
        -0.297793716,
        -0.0592570081
      ]
    ],
    "translation": [
      2.13717842,
      0.8114784,
      -0.7059052
    ]
  },
  {
    "timeStamp": 26984,
    "rotation": [
      [
        -0.0401946232,
        0.138221264,
        -0.989585459
      ],
      [
        0.291617751,
        0.9488901,
        0.12069229
      ],
      [
        0.9556901,
        -0.2837295,
        -0.07844806
      ]
    ],
    "translation": [
      2.1363976,
      0.8043804,
      -0.703169048
    ]
  },
  {
    "timeStamp": 27039,
    "rotation": [
      [
        -0.0361868925,
        0.127845213,
        -0.991133749
      ],
      [
        0.289218515,
        0.9506805,
        0.112067647
      ],
      [
        0.9565789,
        -0.282598853,
        -0.0713773742
      ]
    ],
    "translation": [
      2.135661,
      0.7972033,
      -0.69714886
    ]
  },
  {
    "timeStamp": 27084,
    "rotation": [
      [
        -0.0560065657,
        0.122026473,
        -0.9909454
      ],
      [
        0.283167779,
        0.9536912,
        0.101434775
      ],
      [
        0.9574337,
        -0.2749228,
        -0.0879669338
      ]
    ],
    "translation": [
      2.13418555,
      0.7913666,
      -0.693600953
    ]
  },
  {
    "timeStamp": 27139,
    "rotation": [
      [
        -0.0774564445,
        0.113286883,
        -0.990538538
      ],
      [
        0.281930834,
        0.955461144,
        0.08722918
      ],
      [
        0.956303,
        -0.2725069,
        -0.1059457
      ]
    ],
    "translation": [
      2.1297,
      0.783074856,
      -0.6904022
    ]
  },
  {
    "timeStamp": 27184,
    "rotation": [
      [
        -0.0833336562,
        0.0990378261,
        -0.9915882
      ],
      [
        0.302615464,
        0.950574756,
        0.0695095062
      ],
      [
        0.9494627,
        -0.29427743,
        -0.109185241
      ]
    ],
    "translation": [
      2.12872672,
      0.7782013,
      -0.6842779
    ]
  },
  {
    "timeStamp": 27239,
    "rotation": [
      [
        -0.125531152,
        0.104066879,
        -0.986616433
      ],
      [
        0.274276376,
        0.959363043,
        0.06629495
      ],
      [
        0.9534224,
        -0.2622835,
        -0.148973033
      ]
    ],
    "translation": [
      2.124603,
      0.772982955,
      -0.683572531
    ]
  },
  {
    "timeStamp": 27285,
    "rotation": [
      [
        -0.117491476,
        0.08621707,
        -0.9893242
      ],
      [
        0.312778175,
        0.9487341,
        0.04553442
      ],
      [
        0.942531466,
        -0.3040891,
        -0.138434991
      ]
    ],
    "translation": [
      2.12619257,
      0.770364761,
      -0.677744865
    ]
  },
  {
    "timeStamp": 27339,
    "rotation": [
      [
        -0.122722588,
        0.09637732,
        -0.9877503
      ],
      [
        0.3127025,
        0.948333144,
        0.0536797047
      ],
      [
        0.941889763,
        -0.302284271,
        -0.146519318
      ]
    ],
    "translation": [
      2.122308,
      0.766315758,
      -0.6740907
    ]
  },
  {
    "timeStamp": 27384,
    "rotation": [
      [
        -0.113503873,
        0.102038592,
        -0.9882838
      ],
      [
        0.2766056,
        0.9586304,
        0.0672089159
      ],
      [
        0.9542569,
        -0.2657364,
        -0.137032717
      ]
    ],
    "translation": [
      2.12073636,
      0.7611519,
      -0.6757362
    ]
  },
  {
    "timeStamp": 27439,
    "rotation": [
      [
        -0.11732401,
        0.08848269,
        -0.9891441
      ],
      [
        0.275226265,
        0.9599052,
        0.05322212
      ],
      [
        0.9541937,
        -0.2659942,
        -0.136972681
      ]
    ],
    "translation": [
      2.11937571,
      0.757660866,
      -0.675897241
    ]
  },
  {
    "timeStamp": 27484,
    "rotation": [
      [
        -0.18402949,
        0.102231964,
        -0.9775897
      ],
      [
        0.296678632,
        0.9539672,
        0.0439124145
      ],
      [
        0.9370779,
        -0.281948835,
        -0.205888137
      ]
    ],
    "translation": [
      2.12118864,
      0.756120443,
      -0.675183654
    ]
  },
  {
    "timeStamp": 27539,
    "rotation": [
      [
        -0.2143725,
        0.106015824,
        -0.9709815
      ],
      [
        0.337952733,
        0.940743446,
        0.0281013846
      ],
      [
        0.9164237,
        -0.32212168,
        -0.237497866
      ]
    ],
    "translation": [
      2.12164354,
      0.7540997,
      -0.6761588
    ]
  }
]