[
  {
    "timeStamp": 60173,
    "rotation": [
      [
        0.6462184,
        -0.3159056,
        -0.6946981
      ],
      [
        0.311350346,
        0.940231144,
        -0.13793613
      ],
      [
        0.6967516,
        -0.127157629,
        0.705952
      ]
    ],
    "translation": [
      1.33688188,
      0.7086898,
      -0.744078338
    ]
  },
  {
    "timeStamp": 60233,
    "rotation": [
      [
        0.6516862,
        -0.314441234,
        -0.6902404
      ],
      [
        0.315391034,
        0.9399562,
        -0.130425587
      ],
      [
        0.6898069,
        -0.132699072,
        0.711728454
      ]
    ],
    "translation": [
      1.33819294,
      0.7085719,
      -0.7469954
    ]
  },
  {
    "timeStamp": 60278,
    "rotation": [
      [
        0.6480106,
        -0.277333617,
        -0.7093436
      ],
      [
        0.301999,
        0.948565364,
        -0.09497586
      ],
      [
        0.6991988,
        -0.152675688,
        0.6984348
      ]
    ],
    "translation": [
      1.34006965,
      0.707857966,
      -0.7483732
    ]
  },
  {
    "timeStamp": 60333,
    "rotation": [
      [
        0.6563933,
        -0.272736043,
        -0.703393757
      ],
      [
        0.283735126,
        0.9531581,
        -0.104804367
      ],
      [
        0.699029446,
        -0.130784646,
        0.7030314
      ]
    ],
    "translation": [
      1.34372079,
      0.7079357,
      -0.7514472
    ]
  },
  {
    "timeStamp": 60377,
    "rotation": [
      [
        0.675736368,
        -0.330445051,
        -0.6589282
      ],
      [
        0.297064483,
        0.9401683,
        -0.166841686
      ],
      [
        0.67463547,
        -0.08300318,
        0.7334694
      ]
    ],
    "translation": [
      1.35153222,
      0.7145194,
      -0.753490865
    ]
  },
  {
    "timeStamp": 60433,
    "rotation": [
      [
        0.724951,
        -0.3060407,
        -0.617077768
      ],
      [
        0.273756236,
        0.9500951,
        -0.1495888
      ],
      [
        0.632062852,
        -0.06048433,
        0.772553
      ]
    ],
    "translation": [
      1.3583,
      0.7281858,
      -0.7516723
    ]
  },
  {
    "timeStamp": 60477,
    "rotation": [
      [
        0.7744217,
        -0.2731791,
        -0.570652366
      ],
      [
        0.2477807,
        0.960882843,
        -0.1237292
      ],
      [
        0.5821303,
        -0.04557807,
        0.811817
      ]
    ],
    "translation": [
      1.36628056,
      0.743898,
      -0.7496325
    ]
  },
  {
    "timeStamp": 60533,
    "rotation": [
      [
        0.8322635,
        -0.230625,
        -0.50413245
      ],
      [
        0.217889279,
        0.972259,
        -0.0850687847
      ],
      [
        0.5097663,
        -0.03904541,
        0.859426439
      ]
    ],
    "translation": [
      1.38228965,
      0.7678898,
      -0.7471341
    ]
  },
  {
    "timeStamp": 60578,
    "rotation": [
      [
        0.87437433,
        -0.1951517,
        -0.444280744
      ],
      [
        0.188224509,
        0.9802822,
        -0.0601535365
      ],
      [
        0.447259545,
        -0.0310278088,
        0.8938659
      ]
    ],
    "translation": [
      1.400361,
      0.7903519,
      -0.7458077
    ]
  },
  {
    "timeStamp": 60623,
    "rotation": [
      [
        0.915307939,
        -0.164578184,
        -0.367594033
      ],
      [
        0.16954653,
        0.985339344,
        -0.0189830773
      ],
      [
        0.365329057,
        -0.04494893,
        0.929792643
      ]
    ],
    "translation": [
      1.42182422,
      0.813863158,
      -0.7408964
    ]
  },
  {
    "timeStamp": 60679,
    "rotation": [
      [
        0.9534882,
        -0.13960126,
        -0.267154962
      ],
      [
        0.153360233,
        0.9876764,
        0.0312414039
      ],
      [
        0.2595013,
        -0.07075925,
        0.963147044
      ]
    ],
    "translation": [
      1.45512974,
      0.8438951,
      -0.733662069
    ]
  },
  {
    "timeStamp": 60724,
    "rotation": [
      [
        0.9771402,
        -0.130056962,
        -0.16817309
      ],
      [
        0.145228654,
        0.9860557,
        0.0812576041
      ],
      [
        0.155259922,
        -0.103823617,
        0.9824026
      ]
    ],
    "translation": [
      1.48528564,
      0.868643343,
      -0.724947
    ]
  },
  {
    "timeStamp": 60779,
    "rotation": [
      [
        0.9917926,
        -0.118723005,
        -0.04745678
      ],
      [
        0.123530388,
        0.985518,
        0.116166286
      ],
      [
        0.0329778939,
        -0.12107522,
        0.9920954
      ]
    ],
    "translation": [
      1.52806282,
      0.901003957,
      -0.7172142
    ]
  },
  {
    "timeStamp": 60824,
    "rotation": [
      [
        0.990892053,
        -0.122613378,
        0.05566702
      ],
      [
        0.112246171,
        0.980458736,
        0.161559165
      ],
      [
        -0.0743885338,
        -0.153839275,
        0.9852917
      ]
    ],
    "translation": [
      1.56515741,
      0.9259634,
      -0.7099325
    ]
  },
  {
    "timeStamp": 60879,
    "rotation": [
      [
        0.974467,
        -0.118560262,
        0.1906765
      ],
      [
        0.08024558,
        0.9770322,
        0.197405145
      ],
      [
        -0.209701478,
        -0.177063853,
        0.9615995
      ]
    ],
    "translation": [
      1.61520326,
      0.958410144,
      -0.70275265
    ]
  },
  {
    "timeStamp": 60924,
    "rotation": [
      [
        0.949578166,
        -0.139986441,
        0.280544341
      ],
      [
        0.07023654,
        0.9670277,
        0.244794369
      ],
      [
        -0.305562049,
        -0.212746933,
        0.9281006
      ]
    ],
    "translation": [
      1.65855312,
      0.982904553,
      -0.698289156
    ]
  },
  {
    "timeStamp": 60979,
    "rotation": [
      [
        0.9069284,
        -0.15319179,
        0.3924449
      ],
      [
        0.04310873,
        0.960399568,
        0.275271237
      ],
      [
        -0.419073224,
        -0.2327335,
        0.8776176
      ]
    ],
    "translation": [
      1.71301317,
      1.01042628,
      -0.6977203
    ]
  },
  {
    "timeStamp": 61024,
    "rotation": [
      [
        0.8681718,
        -0.1888423,
        0.458929539
      ],
      [
        0.049388,
        0.953056157,
        0.298738748
      ],
      [
        -0.493800133,
        -0.236690953,
        0.836743
      ]
    ],
    "translation": [
      1.75778282,
      1.02589476,
      -0.700690567
    ]
  },
  {
    "timeStamp": 61079,
    "rotation": [
      [
        0.8228232,
        -0.255677372,
        0.507534146
      ],
      [
        0.0731663257,
        0.9333065,
        0.351547569
      ],
      [
        -0.5635677,
        -0.2521271,
        0.7866533
      ]
    ],
    "translation": [
      1.81320477,
      1.03997433,
      -0.709199548
    ]
  },
  {
    "timeStamp": 61124,
    "rotation": [
      [
        0.777265847,
        -0.2829778,
        0.5619443
      ],
      [
        0.0855338052,
        0.932381451,
        0.3512105
      ],
      [
        -0.6233312,
        -0.2249187,
        0.7489124
      ]
    ],
    "translation": [
      1.85825,
      1.04606032,
      -0.7194714
    ]
  },
  {
    "timeStamp": 61179,
    "rotation": [
      [
        0.7197445,
        -0.2954325,
        0.628241539
      ],
      [
        0.08851574,
        0.9366015,
        0.339031726
      ],
      [
        -0.688573,
        -0.188406959,
        0.7002643
      ]
    ],
    "translation": [
      1.91087294,
      1.04832625,
      -0.733875632
    ]
  },
  {
    "timeStamp": 61224,
    "rotation": [
      [
        0.677613437,
        -0.3187353,
        0.662757754
      ],
      [
        0.11378973,
        0.9357862,
        0.3337006
      ],
      [
        -0.7265617,
        -0.15070498,
        0.6703701
      ]
    ],
    "translation": [
      1.95203364,
      1.04385185,
      -0.747422338
    ]
  },
  {
    "timeStamp": 61279,
    "rotation": [
      [
        0.62265,
        -0.319393337,
        0.71434927
      ],
      [
        0.124187276,
        0.941670239,
        0.312785357
      ],
      [
        -0.772583,
        -0.106042728,
        0.625995636
      ]
    ],
    "translation": [
      1.99916291,
      1.03726232,
      -0.7634397
    ]
  },
  {
    "timeStamp": 61324,
    "rotation": [
      [
        0.583638847,
        -0.318926871,
        0.746760547
      ],
      [
        0.15062283,
        0.9462015,
        0.286383331
      ],
      [
        -0.7979213,
        -0.05466524,
        0.6002776
      ]
    ],
    "translation": [
      2.03281856,
      1.02900875,
      -0.77595675
    ]
  },
  {
    "timeStamp": 61379,
    "rotation": [
      [
        0.529574335,
        -0.319711864,
        0.7857069
      ],
      [
        0.165443629,
        0.9473943,
        0.2739934
      ],
      [
        -0.831973255,
        -0.0151096629,
        0.554609954
      ]
    ],
    "translation": [
      2.073135,
      1.01942611,
      -0.786781
    ]
  },
  {
    "timeStamp": 61423,
    "rotation": [
      [
        0.497929215,
        -0.298372716,
        0.8142728
      ],
      [
        0.2044003,
        0.952874,
        0.224169
      ],
      [
        -0.842785239,
        0.0548173077,
        0.535451233
      ]
    ],
    "translation": [
      2.0995307,
      1.00695133,
      -0.794507
    ]
  },
  {
    "timeStamp": 61477,
    "rotation": [
      [
        0.492826462,
        -0.289777637,
        0.8204578
      ],
      [
        0.243340462,
        0.9511927,
        0.189783975
      ],
      [
        -0.835408568,
        0.10612,
        0.539287567
      ]
    ],
    "translation": [
      2.11993718,
      0.9946424,
      -0.79806155
    ]
  },
  {
    "timeStamp": 61529,
    "rotation": [
      [
        0.481004745,
        -0.3054811,
        0.821776
      ],
      [
        0.2895027,
        0.9400977,
        0.18001245
      ],
      [
        -0.8275401,
        0.151319534,
        0.5406291
      ]
    ],
    "translation": [
      2.14528012,
      0.981412947,
      -0.795812368
    ]
  },
  {
    "timeStamp": 61574,
    "rotation": [
      [
        0.498589784,
        -0.298657119,
        0.8137642
      ],
      [
        0.33868137,
        0.931270838,
        0.134274259
      ],
      [
        -0.797936857,
        0.208659008,
        0.5654717
      ]
    ],
    "translation": [
      2.1553874,
      0.9680921,
      -0.7937374
    ]
  },
  {
    "timeStamp": 61629,
    "rotation": [
      [
        0.535952449,
        -0.333309829,
        0.775667131
      ],
      [
        0.349317878,
        0.9239813,
        0.155677944
      ],
      [
        -0.7685909,
        0.187518418,
        0.6116411
      ]
    ],
    "translation": [
      2.16042924,
      0.9577386,
      -0.7823004
    ]
  },
  {
    "timeStamp": 61674,
    "rotation": [
      [
        0.5556394,
        -0.3288947,
        0.763605356
      ],
      [
        0.391700566,
        0.91367203,
        0.108508445
      ],
      [
        -0.733372748,
        0.238813087,
        0.636500359
      ]
    ],
    "translation": [
      2.160846,
      0.94274044,
      -0.776661932
    ]
  },
  {
    "timeStamp": 61729,
    "rotation": [
      [
        0.6042427,
        -0.378943264,
        0.7009228
      ],
      [
        0.441978782,
        0.8913359,
        0.100871675
      ],
      [
        -0.6629823,
        0.248842046,
        0.7060681
      ]
    ],
    "translation": [
      2.15733719,
      0.9250661,
      -0.767608643
    ]
  },
  {
    "timeStamp": 61773,
    "rotation": [
      [
        0.6243595,
        -0.337058634,
        0.7046749
      ],
      [
        0.4514542,
        0.8918974,
        0.0266108718
      ],
      [
        -0.6374671,
        0.301513672,
        0.709031165
      ]
    ],
    "translation": [
      2.15326047,
      0.911534369,
      -0.761681437
    ]
  },
  {
    "timeStamp": 61829,
    "rotation": [
      [
        0.6530409,
        -0.330150366,
        0.6815705
      ],
      [
        0.484336138,
        0.8739333,
        -0.04073225
      ],
      [
        -0.582199335,
        0.356709,
        0.73061794
      ]
    ],
    "translation": [
      2.14803028,
      0.8935052,
      -0.756554246
    ]
  },
  {
    "timeStamp": 61874,
    "rotation": [
      [
        0.656257749,
        -0.260710448,
        0.708064854
      ],
      [
        0.479780525,
        0.868451357,
        -0.12491136
      ],
      [
        -0.5823542,
        0.4216898,
        0.695011735
      ]
    ],
    "translation": [
      2.14313912,
      0.8821257,
      -0.7506235
    ]
  },
  {
    "timeStamp": 61930,
    "rotation": [
      [
        0.666415632,
        -0.218065858,
        0.7129779
      ],
      [
        0.481155723,
        0.8562742,
        -0.187839657
      ],
      [
        -0.5695431,
        0.468232661,
        0.67555815
      ]
    ],
    "translation": [
      2.13731027,
      0.8669188,
      -0.742229
    ]
  },
  {
    "timeStamp": 61975,
    "rotation": [
      [
        0.6677119,
        -0.163341478,
        0.726278365
      ],
      [
        0.465552866,
        0.852922142,
        -0.236187145
      ],
      [
        -0.580879748,
        0.495825946,
        0.6455504
      ]
    ],
    "translation": [
      2.13108516,
      0.8608268,
      -0.733781636
    ]
  }
]