[
  {
    "timeStamp": 41810,
    "rotation": [
      [
        0.9390731,
        0.1882076,
        0.287610233
      ],
      [
        -0.343460172,
        0.481443822,
        0.8063789
      ],
      [
        0.0132984547,
        -0.856031358,
        0.5167528
      ]
    ],
    "translation": [
      1.77844191,
      0.7229578,
      -0.6203482
    ]
  },
  {
    "timeStamp": 41855,
    "rotation": [
      [
        0.935542941,
        0.199369922,
        0.291566432
      ],
      [
        -0.3524186,
        0.4715486,
        0.808358252
      ],
      [
        0.0236745868,
        -0.8590073,
        0.51141566
      ]
    ],
    "translation": [
      1.77971,
      0.722670853,
      -0.620870233
    ]
  },
  {
    "timeStamp": 41910,
    "rotation": [
      [
        0.9322048,
        0.1932177,
        0.306041062
      ],
      [
        -0.361718327,
        0.468367159,
        0.8060968
      ],
      [
        0.012412576,
        -0.8621479,
        0.5065045
      ]
    ],
    "translation": [
      1.78143322,
      0.7253822,
      -0.6234375
    ]
  },
  {
    "timeStamp": 41954,
    "rotation": [
      [
        0.925201535,
        0.198550686,
        0.3233879
      ],
      [
        -0.37907216,
        0.444261283,
        0.811748862
      ],
      [
        0.0175045766,
        -0.873618662,
        0.486296266
      ]
    ],
    "translation": [
      1.78195357,
      0.7354701,
      -0.6248088
    ]
  },
  {
    "timeStamp": 42010,
    "rotation": [
      [
        0.9166609,
        0.207661256,
        0.341481447
      ],
      [
        -0.398227841,
        0.402157634,
        0.8244294
      ],
      [
        0.0338726677,
        -0.8917096,
        0.451338679
      ]
    ],
    "translation": [
      1.78269243,
      0.755036354,
      -0.627054751
    ]
  },
  {
    "timeStamp": 42054,
    "rotation": [
      [
        0.9046537,
        0.222533166,
        0.36342895
      ],
      [
        -0.4225279,
        0.3574799,
        0.8328735
      ],
      [
        0.0554234535,
        -0.907021,
        0.417422026
      ]
    ],
    "translation": [
      1.78247368,
      0.7773856,
      -0.631601751
    ]
  },
  {
    "timeStamp": 42110,
    "rotation": [
      [
        0.8978301,
        0.2506544,
        0.362040639
      ],
      [
        -0.428071022,
        0.304083645,
        0.8510513
      ],
      [
        0.103229083,
        -0.9190786,
        0.380313337
      ]
    ],
    "translation": [
      1.78577948,
      0.809671164,
      -0.641039133
    ]
  },
  {
    "timeStamp": 42155,
    "rotation": [
      [
        0.8882389,
        0.282270283,
        0.362429529
      ],
      [
        -0.4351731,
        0.264287055,
        0.8606839
      ],
      [
        0.147160083,
        -0.9222125,
        0.357586473
      ]
    ],
    "translation": [
      1.7909528,
      0.837490857,
      -0.652590036
    ]
  },
  {
    "timeStamp": 42210,
    "rotation": [
      [
        0.887015462,
        0.305807739,
        0.3459552
      ],
      [
        -0.41628167,
        0.205453038,
        0.88571924
      ],
      [
        0.199782252,
        -0.9296615,
        0.3095422
      ]
    ],
    "translation": [
      1.80550015,
      0.873761356,
      -0.668923
    ]
  },
  {
    "timeStamp": 42254,
    "rotation": [
      [
        0.891434252,
        0.3066021,
        0.333676577
      ],
      [
        -0.395047158,
        0.165075421,
        0.9037078
      ],
      [
        0.221996889,
        -0.9374141,
        0.268276185
      ]
    ],
    "translation": [
      1.82454443,
      0.900599658,
      -0.683854938
    ]
  },
  {
    "timeStamp": 42310,
    "rotation": [
      [
        0.9030589,
        0.283911079,
        0.3223029
      ],
      [
        -0.3676095,
        0.122791745,
        0.9218381
      ],
      [
        0.222143933,
        -0.9509557,
        0.215256587
      ]
    ],
    "translation": [
      1.8554076,
      0.9294878,
      -0.702349544
    ]
  },
  {
    "timeStamp": 42354,
    "rotation": [
      [
        0.919045448,
        0.251507133,
        0.303479165
      ],
      [
        -0.334007233,
        0.08815283,
        0.93843925
      ],
      [
        0.20927161,
        -0.963832557,
        0.165021658
      ]
    ],
    "translation": [
      1.8860954,
      0.950333238,
      -0.7171128
    ]
  },
  {
    "timeStamp": 42410,
    "rotation": [
      [
        0.937778533,
        0.194662765,
        0.287537515
      ],
      [
        -0.305616945,
        0.0696274042,
        0.949605346
      ],
      [
        0.164832309,
        -0.9783959,
        0.124787323
      ]
    ],
    "translation": [
      1.92745173,
      0.969501436,
      -0.7356366
    ]
  },
  {
    "timeStamp": 42454,
    "rotation": [
      [
        0.9475971,
        0.127454,
        0.2929425
      ],
      [
        -0.301447451,
        0.05310692,
        0.9520027
      ],
      [
        0.10577929,
        -0.9904217,
        0.08874465
      ]
    ],
    "translation": [
      1.96169937,
      0.980677247,
      -0.7486696
    ]
  },
  {
    "timeStamp": 42510,
    "rotation": [
      [
        0.960272,
        0.05269248,
        0.274046
      ],
      [
        -0.2761151,
        0.03697312,
        0.960413158
      ],
      [
        0.0404742137,
        -0.9979261,
        0.05005344
      ]
    ],
    "translation": [
      2.00505376,
      0.990918636,
      -0.76356864
    ]
  },
  {
    "timeStamp": 42554,
    "rotation": [
      [
        0.9625247,
        0.01202066,
        0.2709276
      ],
      [
        -0.271147519,
        0.0611738041,
        0.9605919
      ],
      [
        -0.005026714,
        -0.998054743,
        0.06214067
      ]
    ],
    "translation": [
      2.03665924,
      0.99131906,
      -0.7752657
    ]
  },
  {
    "timeStamp": 42610,
    "rotation": [
      [
        0.9442959,
        -0.0681285262,
        0.3219686
      ],
      [
        -0.316644967,
        0.07849061,
        0.945291042
      ],
      [
        -0.0896728039,
        -0.9945842,
        0.0525458
      ]
    ],
    "translation": [
      2.0715847,
      0.9846542,
      -0.7843965
    ]
  },
  {
    "timeStamp": 42663,
    "rotation": [
      [
        0.9414533,
        -0.110344633,
        0.3185745
      ],
      [
        -0.309249878,
        0.09370313,
        0.946353137
      ],
      [
        -0.1342764,
        -0.989466369,
        0.05409306
      ]
    ],
    "translation": [
      2.09847641,
      0.9768063,
      -0.7875552
    ]
  },
  {
    "timeStamp": 42706,
    "rotation": [
      [
        0.9373518,
        -0.122055836,
        0.3263036
      ],
      [
        -0.316124856,
        0.0956355259,
        0.943885
      ],
      [
        -0.146412879,
        -0.987904966,
        0.0510592461
      ]
    ],
    "translation": [
      2.1202035,
      0.9675616,
      -0.7832279
    ]
  },
  {
    "timeStamp": 42760,
    "rotation": [
      [
        0.951979041,
        -0.114791244,
        0.283829063
      ],
      [
        -0.273942947,
        0.09460369,
        0.957081735
      ],
      [
        -0.136715859,
        -0.988874733,
        0.0586144738
      ]
    ],
    "translation": [
      2.13794351,
      0.9581896,
      -0.77450645
    ]
  },
  {
    "timeStamp": 42804,
    "rotation": [
      [
        0.955996335,
        -0.09366904,
        0.27802363
      ],
      [
        -0.2686651,
        0.101179153,
        0.957904935
      ],
      [
        -0.117856227,
        -0.990448833,
        0.0715613
      ]
    ],
    "translation": [
      2.14529443,
      0.9497459,
      -0.7660855
    ]
  },
  {
    "timeStamp": 42860,
    "rotation": [
      [
        0.963259459,
        -0.08494834,
        0.2547843
      ],
      [
        -0.245882571,
        0.102693886,
        0.96384424
      ],
      [
        -0.108041763,
        -0.9910791,
        0.07803354
      ]
    ],
    "translation": [
      2.154473,
      0.9389092,
      -0.7547748
    ]
  },
  {
    "timeStamp": 42905,
    "rotation": [
      [
        0.9662222,
        -0.06950798,
        0.24816
      ],
      [
        -0.23891978,
        0.119356595,
        0.963676
      ],
      [
        -0.0966026857,
        -0.9904154,
        0.09871816
      ]
    ],
    "translation": [
      2.159836,
      0.9263086,
      -0.7470009
    ]
  },
  {
    "timeStamp": 42960,
    "rotation": [
      [
        0.9652988,
        -0.07769679,
        0.249322236
      ],
      [
        -0.235531375,
        0.153346762,
        0.959692538
      ],
      [
        -0.112797782,
        -0.9851132,
        0.1297254
      ]
    ],
    "translation": [
      2.16780519,
      0.9074877,
      -0.7395164
    ]
  },
  {
    "timeStamp": 43004,
    "rotation": [
      [
        0.9632257,
        -0.0722886547,
        0.2587868
      ],
      [
        -0.237991452,
        0.217542663,
        0.9465914
      ],
      [
        -0.124725,
        -0.9733702,
        0.1923386
      ]
    ],
    "translation": [
      2.172548,
      0.8890767,
      -0.73544383
    ]
  },
  {
    "timeStamp": 43064,
    "rotation": [
      [
        0.96833694,
        -0.07694122,
        0.237494454
      ],
      [
        -0.2139228,
        0.23465234,
        0.948248565
      ],
      [
        -0.128688022,
        -0.9690296,
        0.210763052
      ]
    ],
    "translation": [
      2.17951369,
      0.8733563,
      -0.7272918
    ]
  },
  {
    "timeStamp": 43105,
    "rotation": [
      [
        0.967024,
        -0.06036562,
        0.247427538
      ],
      [
        -0.219372168,
        0.296115279,
        0.9296191
      ],
      [
        -0.129384086,
        -0.9532427,
        0.273108065
      ]
    ],
    "translation": [
      2.18128562,
      0.859844863,
      -0.7245027
    ]
  },
  {
    "timeStamp": 43162,
    "rotation": [
      [
        0.965168,
        -0.05849819,
        0.255007446
      ],
      [
        -0.223074973,
        0.3252842,
        0.9189275
      ],
      [
        -0.136705488,
        -0.943805158,
        0.300904423
      ]
    ],
    "translation": [
      2.18419051,
      0.848741055,
      -0.720939338
    ]
  },
  {
    "timeStamp": 43207,
    "rotation": [
      [
        0.966881752,
        -0.0576003268,
        0.2486401
      ],
      [
        -0.212523356,
        0.3577502,
        0.9093122
      ],
      [
        -0.141327709,
        -0.9320392,
        0.333660722
      ]
    ],
    "translation": [
      2.18828678,
      0.8407207,
      -0.7191782
    ]
  },
  {
    "timeStamp": 43253,
    "rotation": [
      [
        0.969337642,
        -0.05997678,
        0.238301039
      ],
      [
        -0.199313045,
        0.3753256,
        0.9052099
      ],
      [
        -0.143732071,
        -0.92495054,
        0.3518631
      ]
    ],
    "translation": [
      2.19145823,
      0.8333438,
      -0.718306541
    ]
  },
  {
    "timeStamp": 43309,
    "rotation": [
      [
        0.9790249,
        -0.0631390437,
        0.19371061
      ],
      [
        -0.1558891,
        0.380032182,
        0.9117424
      ],
      [
        -0.13118279,
        -0.922815859,
        0.362218261
      ]
    ],
    "translation": [
      2.19627976,
      0.825642645,
      -0.7171272
    ]
  },
  {
    "timeStamp": 43353,
    "rotation": [
      [
        0.9843805,
        -0.05184847,
        0.168246135
      ],
      [
        -0.134028569,
        0.3989514,
        0.9071241
      ],
      [
        -0.114155024,
        -0.915505052,
        0.385770828
      ]
    ],
    "translation": [
      2.19832015,
      0.8209088,
      -0.7192659
    ]
  }
]