[
  {
    "timeStamp": 2570,
    "rotation": [
      [
        0.9999421,
        -0.00437111128,
        0.009832222
      ],
      [
        -0.0100244926,
        -0.0463886447,
        0.9988732
      ],
      [
        -0.003910085,
        -0.998913944,
        -0.04642978
      ]
    ],
    "translation": [
      1.7696104,
      0.704857051,
      -0.619985461
    ]
  },
  {
    "timeStamp": 2617,
    "rotation": [
      [
        0.999498665,
        0.03165149,
        0.0006946167
      ],
      [
        0.0003288987,
        -0.03232036,
        0.9994775
      ],
      [
        0.0316574,
        -0.998976231,
        -0.03231457
      ]
    ],
    "translation": [
      1.76971138,
      0.704604,
      -0.6209874
    ]
  },
  {
    "timeStamp": 2663,
    "rotation": [
      [
        0.999873042,
        0.0147685828,
        -0.0059827
      ],
      [
        0.00637773471,
        -0.0268477648,
        0.9996192
      ],
      [
        0.0146023361,
        -0.999530435,
        -0.0269385464
      ]
    ],
    "translation": [
      1.76965833,
      0.704232,
      -0.6204995
    ]
  },
  {
    "timeStamp": 2719,
    "rotation": [
      [
        0.999695957,
        -0.0145597477,
        0.01990061
      ],
      [
        -0.0203301385,
        -0.0299730934,
        0.999343932
      ],
      [
        -0.01395371,
        -0.999444664,
        -0.0302599818
      ]
    ],
    "translation": [
      1.76966727,
      0.7040978,
      -0.6196689
    ]
  },
  {
    "timeStamp": 2763,
    "rotation": [
      [
        0.987197042,
        -0.158668429,
        -0.0163207818
      ],
      [
        0.0151830558,
        -0.008380113,
        0.9998496
      ],
      [
        -0.158781335,
        -0.9872964,
        -0.00586375128
      ]
    ],
    "translation": [
      1.78488743,
      0.711362362,
      -0.619084
    ]
  },
  {
    "timeStamp": 2819,
    "rotation": [
      [
        0.948899,
        -0.310818553,
        0.0546132624
      ],
      [
        -0.0553973876,
        0.00631167274,
        0.998444438
      ],
      [
        -0.310679734,
        -0.950448334,
        -0.0112293959
      ]
    ],
    "translation": [
      1.78601158,
      0.7477262,
      -0.6108879
    ]
  },
  {
    "timeStamp": 2863,
    "rotation": [
      [
        0.87852174,
        -0.469257951,
        0.08942375
      ],
      [
        -0.09315134,
        0.0153197786,
        0.9955341
      ],
      [
        -0.468532234,
        -0.882928252,
        -0.0302532464
      ]
    ],
    "translation": [
      1.799158,
      0.7822485,
      -0.599638462
    ]
  },
  {
    "timeStamp": 2919,
    "rotation": [
      [
        0.7742849,
        -0.6113692,
        0.1634339
      ],
      [
        -0.154744908,
        0.06750623,
        0.9856454
      ],
      [
        -0.613626063,
        -0.78846097,
        -0.04233721
      ]
    ],
    "translation": [
      1.8157984,
      0.829399467,
      -0.5954984
    ]
  },
  {
    "timeStamp": 2963,
    "rotation": [
      [
        0.710352957,
        -0.6808982,
        0.178259283
      ],
      [
        -0.170921609,
        0.0788058639,
        0.982128
      ],
      [
        -0.682777047,
        -0.72812593,
        -0.0604002364
      ]
    ],
    "translation": [
      1.8379817,
      0.8631278,
      -0.5962175
    ]
  },
  {
    "timeStamp": 3020,
    "rotation": [
      [
        0.645793,
        -0.7319828,
        0.217146337
      ],
      [
        -0.1937462,
        0.117988519,
        0.9739308
      ],
      [
        -0.738521338,
        -0.671029,
        -0.06562272
      ]
    ],
    "translation": [
      1.86173165,
      0.9018402,
      -0.6028999
    ]
  },
  {
    "timeStamp": 3065,
    "rotation": [
      [
        0.6171369,
        -0.764115036,
        0.1878037
      ],
      [
        -0.199038848,
        0.07931792,
        0.9767764
      ],
      [
        -0.761265755,
        -0.640185,
        -0.103138559
      ]
    ],
    "translation": [
      1.89031315,
      0.9279604,
      -0.60328424
    ]
  },
  {
    "timeStamp": 3122,
    "rotation": [
      [
        0.5841539,
        -0.800576866,
        0.133569628
      ],
      [
        -0.191529125,
        0.0239518732,
        0.9811946
      ],
      [
        -0.788720965,
        -0.5987511,
        -0.139342219
      ]
    ],
    "translation": [
      1.93464184,
      0.95311296,
      -0.6026781
    ]
  },
  {
    "timeStamp": 3167,
    "rotation": [
      [
        0.5535253,
        -0.8276153,
        0.0930733755
      ],
      [
        -0.182902783,
        -0.0117742652,
        0.9830605
      ],
      [
        -0.8125,
        -0.5611723,
        -0.157890484
      ]
    ],
    "translation": [
      1.96731818,
      0.967627,
      -0.6035504
    ]
  },
  {
    "timeStamp": 3212,
    "rotation": [
      [
        0.52920717,
        -0.8481762,
        0.0231713969
      ],
      [
        -0.169116735,
        -0.07867827,
        0.982450664
      ],
      [
        -0.831468165,
        -0.5238386,
        -0.1850779
      ]
    ],
    "translation": [
      2.00891042,
      0.9755775,
      -0.5988517
    ]
  },
  {
    "timeStamp": 3267,
    "rotation": [
      [
        0.4663222,
        -0.884604335,
        -0.00434440747
      ],
      [
        -0.158178166,
        -0.08821408,
        0.9834622
      ],
      [
        -0.870358169,
        -0.457923084,
        -0.181061268
      ]
    ],
    "translation": [
      2.048802,
      0.9751422,
      -0.5970507
    ]
  },
  {
    "timeStamp": 3322,
    "rotation": [
      [
        0.44155848,
        -0.8964096,
        -0.038418036
      ],
      [
        -0.152525291,
        -0.117189169,
        0.981327
      ],
      [
        -0.8841731,
        -0.427453518,
        -0.188471
      ]
    ],
    "translation": [
      2.08087635,
      0.969487667,
      -0.5912011
    ]
  },
  {
    "timeStamp": 3364,
    "rotation": [
      [
        0.394563258,
        -0.917467356,
        -0.0507296361
      ],
      [
        -0.1407956,
        -0.114922412,
        0.983346045
      ],
      [
        -0.9080179,
        -0.380849719,
        -0.174519539
      ]
    ],
    "translation": [
      2.11309934,
      0.9532164,
      -0.584307253
    ]
  },
  {
    "timeStamp": 3417,
    "rotation": [
      [
        0.35395667,
        -0.9329314,
        -0.06598204
      ],
      [
        -0.132535279,
        -0.119871274,
        0.9839031
      ],
      [
        -0.92582345,
        -0.3395141,
        -0.166075557
      ]
    ],
    "translation": [
      2.14529538,
      0.932315946,
      -0.5736191
    ]
  },
  {
    "timeStamp": 3462,
    "rotation": [
      [
        0.339727223,
        -0.938023746,
        -0.06853455
      ],
      [
        -0.117880918,
        -0.1147605,
        0.9863742
      ],
      [
        -0.9331075,
        -0.327019244,
        -0.149562359
      ]
    ],
    "translation": [
      2.16248441,
      0.9103043,
      -0.567434967
    ]
  },
  {
    "timeStamp": 3517,
    "rotation": [
      [
        0.332434744,
        -0.939148664,
        -0.08652698
      ],
      [
        -0.0884652659,
        -0.122391239,
        0.988531351
      ],
      [
        -0.938968062,
        -0.3209675,
        -0.123769134
      ]
    ],
    "translation": [
      2.1838882,
      0.8835414,
      -0.5600564
    ]
  },
  {
    "timeStamp": 3562,
    "rotation": [
      [
        0.329482645,
        -0.9406896,
        -0.08089627
      ],
      [
        -0.08160312,
        -0.113732114,
        0.9901545
      ],
      [
        -0.9406285,
        -0.319637358,
        -0.114235967
      ]
    ],
    "translation": [
      2.19008613,
      0.866330445,
      -0.554514766
    ]
  },
  {
    "timeStamp": 3617,
    "rotation": [
      [
        0.3372193,
        -0.936746836,
        -0.09374702
      ],
      [
        -0.0611806028,
        -0.121175282,
        0.9907439
      ],
      [
        -0.9394361,
        -0.328362435,
        -0.09817338
      ]
    ],
    "translation": [
      2.19954,
      0.8482898,
      -0.5491577
    ]
  },
  {
    "timeStamp": 3662,
    "rotation": [
      [
        0.3391678,
        -0.937233,
        -0.08099046
      ],
      [
        -0.0623996072,
        -0.108317904,
        0.992155969
      ],
      [
        -0.938654065,
        -0.331453562,
        -0.095220916
      ]
    ],
    "translation": [
      2.1993928,
      0.8379254,
      -0.54435575
    ]
  },
  {
    "timeStamp": 3718,
    "rotation": [
      [
        0.349546045,
        -0.9334513,
        -0.08053688
      ],
      [
        -0.05410582,
        -0.1059269,
        0.992900848
      ],
      [
        -0.9353556,
        -0.342707068,
        -0.08753148
      ]
    ],
    "translation": [
      2.20184731,
      0.8264237,
      -0.5406895
    ]
  },
  {
    "timeStamp": 3763,
    "rotation": [
      [
        0.351069748,
        -0.9331397,
        -0.07746163
      ],
      [
        -0.0495070927,
        -0.101109862,
        0.9936427
      ],
      [
        -0.9350396,
        -0.345002949,
        -0.08169364
      ]
    ],
    "translation": [
      2.20334721,
      0.81867677,
      -0.538591266
    ]
  },
  {
    "timeStamp": 3819,
    "rotation": [
      [
        0.3549458,
        -0.9314252,
        -0.08037781
      ],
      [
        -0.042374786,
        -0.10191635,
        0.993890047
      ],
      [
        -0.933926046,
        -0.349371135,
        -0.0756437257
      ]
    ],
    "translation": [
      2.205961,
      0.8095436,
      -0.53684324
    ]
  },
  {
    "timeStamp": 3865,
    "rotation": [
      [
        0.3593583,
        -0.929293454,
        -0.08529567
      ],
      [
        -0.0347812623,
        -0.104675375,
        0.993898034
      ],
      [
        -0.9325513,
        -0.3541988,
        -0.06993796
      ]
    ],
    "translation": [
      2.20912862,
      0.801535964,
      -0.5370346
    ]
  },
  {
    "timeStamp": 3922,
    "rotation": [
      [
        0.360782683,
        -0.927780747,
        -0.095177114
      ],
      [
        -0.0248487983,
        -0.1115762,
        0.993445158
      ],
      [
        -0.9323188,
        -0.356052756,
        -0.063309
      ]
    ],
    "translation": [
      2.213293,
      0.7927335,
      -0.5371436
    ]
  },
  {
    "timeStamp": 3967,
    "rotation": [
      [
        0.366110325,
        -0.92595917,
        -0.09253554
      ],
      [
        -0.01880361,
        -0.106780328,
        0.9941048
      ],
      [
        -0.9303814,
        -0.362212032,
        -0.0565047525
      ]
    ],
    "translation": [
      2.21364117,
      0.785136938,
      -0.5375552
    ]
  },
  {
    "timeStamp": 4011,
    "rotation": [
      [
        0.368313968,
        -0.924092531,
        -0.101969816
      ],
      [
        -0.00745063554,
        -0.112610519,
        0.9936113
      ],
      [
        -0.929671645,
        -0.365201145,
        -0.0483611
      ]
    ],
    "translation": [
      2.216944,
      0.7781046,
      -0.538795
    ]
  },
  {
    "timeStamp": 4067,
    "rotation": [
      [
        0.3684192,
        -0.9246927,
        -0.09597199
      ],
      [
        -0.007213761,
        -0.106073849,
        0.9943321
      ],
      [
        -0.92963177,
        -0.3656387,
        -0.045750156
      ]
    ],
    "translation": [
      2.21699429,
      0.77226305,
      -0.538538158
    ]
  },
  {
    "timeStamp": 4111,
    "rotation": [
      [
        0.3708568,
        -0.923443556,
        -0.09857604
      ],
      [
        -0.00042673503,
        -0.106314689,
        0.994332433
      ],
      [
        -0.928689957,
        -0.368712872,
        -0.0398215875
      ]
    ],
    "translation": [
      2.218849,
      0.768105567,
      -0.539143
    ]
  }
]