[
  {
    "timeStamp": 29755,
    "rotation": [
      [
        -0.8801748,
        0.4746329,
        -0.0039854385
      ],
      [
        0.47464785,
        0.8801634,
        -0.00466899667
      ],
      [
        0.00129177747,
        -0.006001213,
        -0.999981165
      ]
    ],
    "translation": [
      1.30651546,
      0.725495934,
      -0.3610526
    ]
  },
  {
    "timeStamp": 29810,
    "rotation": [
      [
        -0.885053,
        0.465469956,
        -0.00434905151
      ],
      [
        0.465462416,
        0.8850636,
        0.00267058681
      ],
      [
        0.005092265,
        0.000339290738,
        -0.999986947
      ]
    ],
    "translation": [
      1.3062923,
      0.729148269,
      -0.360785365
    ]
  },
  {
    "timeStamp": 29855,
    "rotation": [
      [
        -0.88235575,
        0.470565468,
        -0.00405032327
      ],
      [
        0.470575422,
        0.8823576,
        -0.00195481884
      ],
      [
        0.0026539634,
        -0.00363082835,
        -0.999989867
      ]
    ],
    "translation": [
      1.30648625,
      0.7291866,
      -0.360894084
    ]
  },
  {
    "timeStamp": 29914,
    "rotation": [
      [
        -0.8305,
        0.538006246,
        -0.144288391
      ],
      [
        0.5436094,
        0.8393381,
        0.000703636731
      ],
      [
        0.1214853,
        -0.0778521448,
        -0.989535451
      ]
    ],
    "translation": [
      1.31298673,
      0.7502313,
      -0.3586236
    ]
  },
  {
    "timeStamp": 29954,
    "rotation": [
      [
        -0.785582542,
        0.5961163,
        -0.165847257
      ],
      [
        0.6058547,
        0.795506537,
        -0.0104583018
      ],
      [
        0.125698224,
        -0.1086952,
        -0.986095965
      ]
    ],
    "translation": [
      1.31736445,
      0.7801535,
      -0.367400348
    ]
  },
  {
    "timeStamp": 30010,
    "rotation": [
      [
        -0.727871835,
        0.6527707,
        -0.2099835
      ],
      [
        0.6720857,
        0.7398807,
        -0.0296205077
      ],
      [
        0.136027336,
        -0.16268684,
        -0.9772561
      ]
    ],
    "translation": [
      1.33289945,
      0.824730158,
      -0.384225339
    ]
  },
  {
    "timeStamp": 30055,
    "rotation": [
      [
        -0.6907449,
        0.6738372,
        -0.262326
      ],
      [
        0.7052488,
        0.707906842,
        -0.0386277139
      ],
      [
        0.159673572,
        -0.211686984,
        -0.964205861
      ]
    ],
    "translation": [
      1.35745466,
      0.8578729,
      -0.400751621
    ]
  },
  {
    "timeStamp": 30110,
    "rotation": [
      [
        -0.636155069,
        0.6992132,
        -0.3262018
      ],
      [
        0.74207443,
        0.6702346,
        -0.0105379671
      ],
      [
        0.211263463,
        -0.2487698,
        -0.9452414
      ]
    ],
    "translation": [
      1.39758289,
      0.89769423,
      -0.430160075
    ]
  },
  {
    "timeStamp": 30154,
    "rotation": [
      [
        -0.5705229,
        0.704221666,
        -0.422581881
      ],
      [
        0.7670737,
        0.6407515,
        0.0321783945
      ],
      [
        0.2934307,
        -0.305792928,
        -0.9057534
      ]
    ],
    "translation": [
      1.44040978,
      0.9284388,
      -0.4518343
    ]
  },
  {
    "timeStamp": 30210,
    "rotation": [
      [
        -0.5104934,
        0.709538639,
        -0.485748351
      ],
      [
        0.7873434,
        0.6127909,
        0.0676589757
      ],
      [
        0.345668823,
        -0.3479113,
        -0.871476233
      ]
    ],
    "translation": [
      1.49562943,
      0.963201463,
      -0.487867653
    ]
  },
  {
    "timeStamp": 30254,
    "rotation": [
      [
        -0.451388,
        0.682340562,
        -0.5750306
      ],
      [
        0.799468338,
        0.5954849,
        0.0790445954
      ],
      [
        0.396357417,
        -0.424039036,
        -0.8143044
      ]
    ],
    "translation": [
      1.54975688,
      0.9905549,
      -0.5115156
    ]
  },
  {
    "timeStamp": 30310,
    "rotation": [
      [
        -0.383448362,
        0.63459,
        -0.6710162
      ],
      [
        0.809845746,
        0.5803022,
        0.08601876
      ],
      [
        0.443978816,
        -0.5104359,
        -0.736436
      ]
    ],
    "translation": [
      1.61945939,
      1.01991,
      -0.54207015
    ]
  },
  {
    "timeStamp": 30355,
    "rotation": [
      [
        -0.336469233,
        0.560946345,
        -0.7563912
      ],
      [
        0.8144404,
        0.5765621,
        0.0652919561
      ],
      [
        0.472731769,
        -0.594066858,
        -0.65085274
      ]
    ],
    "translation": [
      1.67931688,
      1.040311,
      -0.5641037
    ]
  },
  {
    "timeStamp": 30410,
    "rotation": [
      [
        -0.2769368,
        0.466008157,
        -0.8403228
      ],
      [
        0.810191751,
        0.5834317,
        0.0565401874
      ],
      [
        0.516619146,
        -0.66516453,
        -0.5391297
      ]
    ],
    "translation": [
      1.75314331,
      1.05653179,
      -0.590465963
    ]
  },
  {
    "timeStamp": 30455,
    "rotation": [
      [
        -0.258143157,
        0.3500207,
        -0.9004708
      ],
      [
        0.806059241,
        0.591834,
        -0.00102671981
      ],
      [
        0.5325698,
        -0.7260978,
        -0.4349153
      ]
    ],
    "translation": [
      1.81411862,
      1.06824815,
      -0.6088923
    ]
  },
  {
    "timeStamp": 30510,
    "rotation": [
      [
        -0.1942595,
        0.218406737,
        -0.95632726
      ],
      [
        0.8068898,
        0.5899817,
        -0.0291636884
      ],
      [
        0.557846,
        -0.777316,
        -0.2908397
      ]
    ],
    "translation": [
      1.887879,
      1.08090293,
      -0.6304982
    ]
  },
  {
    "timeStamp": 30555,
    "rotation": [
      [
        -0.155693635,
        0.111372627,
        -0.9815069
      ],
      [
        0.815812767,
        0.5747424,
        -0.06419343
      ],
      [
        0.556964159,
        -0.8107203,
        -0.180342942
      ]
    ],
    "translation": [
      1.94097757,
      1.09058774,
      -0.6464039
    ]
  },
  {
    "timeStamp": 30610,
    "rotation": [
      [
        -0.129437551,
        -0.00509735,
        -0.9915745
      ],
      [
        0.8205057,
        0.560956836,
        -0.109990358
      ],
      [
        0.5567911,
        -0.8278294,
        -0.06842647
      ]
    ],
    "translation": [
      1.99853992,
      1.09741616,
      -0.6628959
    ]
  },
  {
    "timeStamp": 30655,
    "rotation": [
      [
        -0.111023106,
        -0.0595115945,
        -0.9920344
      ],
      [
        0.8126552,
        0.5691604,
        -0.125091583
      ],
      [
        0.5720711,
        -0.820069969,
        -0.0148275495
      ]
    ],
    "translation": [
      2.03615379,
      1.09366274,
      -0.670765162
    ]
  },
  {
    "timeStamp": 30710,
    "rotation": [
      [
        -0.108938679,
        -0.143721834,
        -0.9836038
      ],
      [
        0.80556035,
        0.566979766,
        -0.172065273
      ],
      [
        0.582412958,
        -0.8110968,
        0.0540105924
      ]
    ],
    "translation": [
      2.07625675,
      1.08773458,
      -0.6762534
    ]
  },
  {
    "timeStamp": 30755,
    "rotation": [
      [
        -0.12122488,
        -0.1927912,
        -0.9737228
      ],
      [
        0.794638336,
        0.5690159,
        -0.211591214
      ],
      [
        0.5948567,
        -0.799407542,
        0.08422038
      ]
    ],
    "translation": [
      2.102673,
      1.07991648,
      -0.676229954
    ]
  },
  {
    "timeStamp": 30811,
    "rotation": [
      [
        -0.07449092,
        -0.190133616,
        -0.9789281
      ],
      [
        0.7811448,
        0.599088669,
        -0.175799519
      ],
      [
        0.619890153,
        -0.7777801,
        0.103895217
      ]
    ],
    "translation": [
      2.12167525,
      1.05531013,
      -0.669335365
    ]
  },
  {
    "timeStamp": 30852,
    "rotation": [
      [
        -0.09715386,
        -0.206683114,
        -0.9735724
      ],
      [
        0.767168,
        0.6076202,
        -0.205550373
      ],
      [
        0.6340461,
        -0.7668636,
        0.09952802
      ]
    ],
    "translation": [
      2.130015,
      1.04187942,
      -0.662444949
    ]
  },
  {
    "timeStamp": 30905,
    "rotation": [
      [
        -0.08475513,
        -0.172993034,
        -0.981269538
      ],
      [
        0.74157685,
        0.646800756,
        -0.178079993
      ],
      [
        0.665492535,
        -0.74278,
        0.073467955
      ]
    ],
    "translation": [
      2.137227,
      1.00466454,
      -0.646266639
    ]
  },
  {
    "timeStamp": 30960,
    "rotation": [
      [
        -0.0678973943,
        -0.157439992,
        -0.9851917
      ],
      [
        0.7164642,
        0.679504037,
        -0.157966375
      ],
      [
        0.6943119,
        -0.716580033,
        0.06666356
      ]
    ],
    "translation": [
      2.14242458,
      0.9733227,
      -0.634016037
    ]
  },
  {
    "timeStamp": 31005,
    "rotation": [
      [
        -0.0245615821,
        -0.09614805,
        -0.995063961
      ],
      [
        0.7127253,
        0.696289837,
        -0.0848715
      ],
      [
        0.701013148,
        -0.7112918,
        0.0514251627
      ]
    ],
    "translation": [
      2.14226842,
      0.949305236,
      -0.6222557
    ]
  },
  {
    "timeStamp": 31060,
    "rotation": [
      [
        -0.0157789737,
        -0.06944449,
        -0.997461
      ],
      [
        0.677642345,
        0.732795537,
        -0.0617378652
      ],
      [
        0.73522234,
        -0.676896,
        0.03549577
      ]
    ],
    "translation": [
      2.14125824,
      0.9216255,
      -0.612534344
    ]
  },
  {
    "timeStamp": 31105,
    "rotation": [
      [
        0.0493568219,
        0.00755430572,
        -0.9987526
      ],
      [
        0.6630066,
        0.74762696,
        0.0384196267
      ],
      [
        0.746984661,
        -0.6640759,
        0.03189194
      ]
    ],
    "translation": [
      2.135423,
      0.9018003,
      -0.604570448
    ]
  },
  {
    "timeStamp": 31160,
    "rotation": [
      [
        0.0347467735,
        0.00570622832,
        -0.9993799
      ],
      [
        0.6433795,
        0.765080333,
        0.0267376658
      ],
      [
        0.764758468,
        -0.6439095,
        0.022912804
      ]
    ],
    "translation": [
      2.13607359,
      0.88656044,
      -0.598894954
    ]
  },
  {
    "timeStamp": 31205,
    "rotation": [
      [
        0.0309413858,
        0.00576313538,
        -0.999504566
      ],
      [
        0.62261647,
        0.7821656,
        0.0237841271
      ],
      [
        0.7819151,
        -0.623043954,
        0.020613065
      ]
    ],
    "translation": [
      2.134755,
      0.8754209,
      -0.595709
    ]
  },
  {
    "timeStamp": 31260,
    "rotation": [
      [
        0.0430682674,
        0.0184672158,
        -0.9989015
      ],
      [
        0.615789831,
        0.7868379,
        0.041096855
      ],
      [
        0.786732435,
        -0.616883337,
        0.02251582
      ]
    ],
    "translation": [
      2.13505459,
      0.8648883,
      -0.5919244
    ]
  },
  {
    "timeStamp": 31305,
    "rotation": [
      [
        0.0256508812,
        0.00112346024,
        -0.9996703
      ],
      [
        0.6081705,
        0.793635,
        0.016497165
      ],
      [
        0.7933919,
        -0.6083932,
        0.01967418
      ]
    ],
    "translation": [
      2.13642454,
      0.8586522,
      -0.589792
    ]
  },
  {
    "timeStamp": 31362,
    "rotation": [
      [
        0.03665978,
        0.008801914,
        -0.999289036
      ],
      [
        0.6043753,
        0.796165,
        0.02918479
      ],
      [
        0.7958559,
        -0.6050155,
        0.0238675755
      ]
    ],
    "translation": [
      2.135266,
      0.850430965,
      -0.5861454
    ]
  },
  {
    "timeStamp": 31408,
    "rotation": [
      [
        0.0298459847,
        0.002074798,
        -0.999552369
      ],
      [
        0.601277053,
        0.7987999,
        0.0196118336
      ],
      [
        0.798483,
        -0.601593256,
        0.0225934386
      ]
    ],
    "translation": [
      2.135224,
      0.8450775,
      -0.582887232
    ]
  },
  {
    "timeStamp": 31453,
    "rotation": [
      [
        0.0367362723,
        -0.00614210824,
        -0.999306142
      ],
      [
        0.594284654,
        0.8040771,
        0.0169048049
      ],
      [
        0.803415358,
        -0.5944933,
        0.0331889577
      ]
    ],
    "translation": [
      2.13572264,
      0.8383739,
      -0.5809758
    ]
  },
  {
    "timeStamp": 31509,
    "rotation": [
      [
        0.0287122168,
        -0.009062385,
        -0.999546647
      ],
      [
        0.585000455,
        0.810977936,
        0.00945155
      ],
      [
        0.8105246,
        -0.5850066,
        0.0285864733
      ]
    ],
    "translation": [
      2.13450456,
      0.8302757,
      -0.5781991
    ]
  },
  {
    "timeStamp": 31554,
    "rotation": [
      [
        0.0286749769,
        -0.00600525038,
        -0.9995707
      ],
      [
        0.580779254,
        0.813976,
        0.0117707551
      ],
      [
        0.8135559,
        -0.580867469,
        0.0268284678
      ]
    ],
    "translation": [
      2.132418,
      0.8258731,
      -0.5763009
    ]
  }
]