[
  {
    "timeStamp": 64828,
    "rotation": [
      [
        0.99595356,
        0.08742949,
        -0.0207971539
      ],
      [
        0.0228658151,
        -0.0227262769,
        0.9994802
      ],
      [
        0.0869113952,
        -0.9959114,
        -0.0246334635
      ]
    ],
    "translation": [
      1.60512507,
      0.7000258,
      -0.351914316
    ]
  },
  {
    "timeStamp": 64872,
    "rotation": [
      [
        0.994436264,
        0.08718538,
        0.059120588
      ],
      [
        -0.0563144833,
        -0.0343034342,
        0.9978236
      ],
      [
        0.08902368,
        -0.9956013,
        -0.029202776
      ]
    ],
    "translation": [
      1.60513651,
      0.702736437,
      -0.351966172
    ]
  },
  {
    "timeStamp": 64921,
    "rotation": [
      [
        0.983515441,
        0.180500761,
        0.010807761
      ],
      [
        -0.0161362886,
        0.0280785449,
        0.9994755
      ],
      [
        0.180102631,
        -0.983173966,
        0.0305282958
      ]
    ],
    "translation": [
      1.60861754,
      0.711207449,
      -0.362165421
    ]
  },
  {
    "timeStamp": 64982,
    "rotation": [
      [
        0.962132752,
        0.247393087,
        0.114442855
      ],
      [
        -0.0865681544,
        -0.120787837,
        0.9888965
      ],
      [
        0.258469462,
        -0.9613568,
        -0.094797574
      ]
    ],
    "translation": [
      1.606285,
      0.773006141,
      -0.371997476
    ]
  },
  {
    "timeStamp": 65026,
    "rotation": [
      [
        0.929739952,
        0.277402341,
        0.2421398
      ],
      [
        -0.187392175,
        -0.209608987,
        0.9596605
      ],
      [
        0.316966772,
        -0.9376098,
        -0.1428988
      ]
    ],
    "translation": [
      1.61302519,
      0.818643153,
      -0.394651622
    ]
  },
  {
    "timeStamp": 65071,
    "rotation": [
      [
        0.9038428,
        0.308828,
        0.296130925
      ],
      [
        -0.205680177,
        -0.293289661,
        0.933636367
      ],
      [
        0.375185162,
        -0.904768765,
        -0.201567963
      ]
    ],
    "translation": [
      1.6295737,
      0.8687879,
      -0.423462033
    ]
  },
  {
    "timeStamp": 65126,
    "rotation": [
      [
        0.8751601,
        0.33706966,
        0.347100735
      ],
      [
        -0.22677812,
        -0.347943962,
        0.9096739
      ],
      [
        0.427395135,
        -0.8748252,
        -0.228066623
      ]
    ],
    "translation": [
      1.66373253,
      0.91838,
      -0.4675486
    ]
  },
  {
    "timeStamp": 65181,
    "rotation": [
      [
        0.866607368,
        0.3711365,
        0.333540857
      ],
      [
        -0.186793342,
        -0.3785436,
        0.906539
      ],
      [
        0.462709457,
        -0.8479166,
        -0.2587228
      ]
    ],
    "translation": [
      1.70969367,
      0.959901333,
      -0.510425448
    ]
  },
  {
    "timeStamp": 65226,
    "rotation": [
      [
        0.8869605,
        0.377459377,
        0.2661307
      ],
      [
        -0.115851268,
        -0.3759728,
        0.9193601
      ],
      [
        0.447078943,
        -0.846267641,
        -0.28974387
      ]
    ],
    "translation": [
      1.75935686,
      0.9866052,
      -0.541454554
    ]
  },
  {
    "timeStamp": 65281,
    "rotation": [
      [
        0.9064778,
        0.398811638,
        0.138734341
      ],
      [
        0.0109852832,
        -0.350719452,
        0.936416149
      ],
      [
        0.4221105,
        -0.847316444,
        -0.322300464
      ]
    ],
    "translation": [
      1.82843029,
      1.01450551,
      -0.576796651
    ]
  },
  {
    "timeStamp": 65326,
    "rotation": [
      [
        0.909747362,
        0.413229525,
        -0.04001253
      ],
      [
        0.175108388,
        -0.2945441,
        0.9394577
      ],
      [
        0.37642622,
        -0.861675739,
        -0.340320677
      ]
    ],
    "translation": [
      1.88809633,
      1.03277481,
      -0.6025244
    ]
  },
  {
    "timeStamp": 65371,
    "rotation": [
      [
        0.905475259,
        0.391307145,
        -0.164296478
      ],
      [
        0.2702446,
        -0.233125389,
        0.9341415
      ],
      [
        0.327234566,
        -0.8902423,
        -0.3168379
      ]
    ],
    "translation": [
      1.94978106,
      1.04836833,
      -0.6274717
    ]
  },
  {
    "timeStamp": 65427,
    "rotation": [
      [
        0.8422783,
        0.385106772,
        -0.377173722
      ],
      [
        0.445721954,
        -0.104064569,
        0.8891021
      ],
      [
        0.3031488,
        -0.916986,
        -0.259301871
      ]
    ],
    "translation": [
      2.018711,
      1.06066036,
      -0.658155441
    ]
  },
  {
    "timeStamp": 65472,
    "rotation": [
      [
        0.6949059,
        0.419968933,
        -0.5837225
      ],
      [
        0.6290057,
        0.0384129062,
        0.7764511
      ],
      [
        0.348507822,
        -0.906725168,
        -0.2374695
      ]
    ],
    "translation": [
      2.062262,
      1.06859648,
      -0.6811462
    ]
  },
  {
    "timeStamp": 65527,
    "rotation": [
      [
        0.502527,
        0.412262,
        -0.7599386
      ],
      [
        0.728262961,
        0.271863818,
        0.6290652
      ],
      [
        0.4659395,
        -0.86955744,
        -0.16361624
      ]
    ],
    "translation": [
      2.11278868,
      1.06554973,
      -0.7094691
    ]
  },
  {
    "timeStamp": 65572,
    "rotation": [
      [
        0.286703169,
        0.397498429,
        -0.8716629
      ],
      [
        0.7340803,
        0.493474424,
        0.4664859
      ],
      [
        0.6155708,
        -0.7736136,
        -0.150315076
      ]
    ],
    "translation": [
      2.14244485,
      1.059089,
      -0.72989
    ]
  },
  {
    "timeStamp": 65627,
    "rotation": [
      [
        0.262280077,
        0.371629864,
        -0.8905619
      ],
      [
        0.6213081,
        0.641103745,
        0.450513363
      ],
      [
        0.7383667,
        -0.671474,
        -0.0627478957
      ]
    ],
    "translation": [
      2.1692903,
      1.04898751,
      -0.7509023
    ]
  },
  {
    "timeStamp": 65672,
    "rotation": [
      [
        0.137982637,
        0.33465156,
        -0.9321851
      ],
      [
        0.5838025,
        0.732821643,
        0.3494955
      ],
      [
        0.800084651,
        -0.5924363,
        -0.09425374
      ]
    ],
    "translation": [
      2.18776536,
      1.05006278,
      -0.755228937
    ]
  },
  {
    "timeStamp": 65738,
    "rotation": [
      [
        0.0672884062,
        0.2981754,
        -0.9521364
      ],
      [
        0.5007235,
        0.8153274,
        0.290718317
      ],
      [
        0.862987936,
        -0.496319,
        -0.09444134
      ]
    ],
    "translation": [
      2.19966817,
      1.04592955,
      -0.756735563
    ]
  },
  {
    "timeStamp": 65772,
    "rotation": [
      [
        0.028551545,
        0.289166331,
        -0.956853
      ],
      [
        0.4023043,
        0.872968733,
        0.275820374
      ],
      [
        0.9150607,
        -0.3928212,
        -0.0914082453
      ]
    ],
    "translation": [
      2.2030735,
      1.03665984,
      -0.7581825
    ]
  },
  {
    "timeStamp": 65822,
    "rotation": [
      [
        -0.0225383434,
        0.247973591,
        -0.9685046
      ],
      [
        0.269558,
        0.9343803,
        0.232963517
      ],
      [
        0.9627204,
        -0.255817562,
        -0.08790265
      ]
    ],
    "translation": [
      2.21241426,
      1.02249122,
      -0.7617527
    ]
  },
  {
    "timeStamp": 65878,
    "rotation": [
      [
        -0.0373757519,
        0.246183351,
        -0.9685024
      ],
      [
        0.18000254,
        0.9549853,
        0.235800937
      ],
      [
        0.9829558,
        -0.165519655,
        -0.08000693
      ]
    ],
    "translation": [
      2.21617961,
      1.01036954,
      -0.7555884
    ]
  },
  {
    "timeStamp": 65922,
    "rotation": [
      [
        0.0124671319,
        0.245845288,
        -0.9692289
      ],
      [
        0.09793337,
        0.9643438,
        0.2458659
      ],
      [
        0.995114863,
        -0.0979851,
        -0.0120538557
      ]
    ],
    "translation": [
      2.22300267,
      0.998677135,
      -0.754109442
    ]
  },
  {
    "timeStamp": 65978,
    "rotation": [
      [
        0.130020738,
        0.257621825,
        -0.9574579
      ],
      [
        0.03515984,
        0.9638498,
        0.2641163
      ],
      [
        0.990887761,
        -0.06800466,
        0.11626251
      ]
    ],
    "translation": [
      2.23646379,
      0.9839065,
      -0.746182561
    ]
  },
  {
    "timeStamp": 66022,
    "rotation": [
      [
        0.2822713,
        0.277107656,
        -0.9184412
      ],
      [
        -0.0154133337,
        0.9585596,
        0.2844749
      ],
      [
        0.959210753,
        -0.0661428645,
        0.274845034
      ]
    ],
    "translation": [
      2.24790287,
      0.971163,
      -0.7409187
    ]
  },
  {
    "timeStamp": 66077,
    "rotation": [
      [
        0.423768282,
        0.2969313,
        -0.8557174
      ],
      [
        -0.10696426,
        0.954534352,
        0.278249621
      ],
      [
        0.899432659,
        -0.0263821874,
        0.436262429
      ]
    ],
    "translation": [
      2.25639534,
      0.9549812,
      -0.7409539
    ]
  },
  {
    "timeStamp": 66122,
    "rotation": [
      [
        0.4858912,
        0.2727639,
        -0.8303671
      ],
      [
        -0.124254592,
        0.961963534,
        0.243283644
      ],
      [
        0.865141869,
        -0.0150324553,
        0.5013018
      ]
    ],
    "translation": [
      2.26480722,
      0.946676,
      -0.734712064
    ]
  },
  {
    "timeStamp": 66178,
    "rotation": [
      [
        0.5577271,
        0.303345621,
        -0.7726072
      ],
      [
        -0.18076922,
        0.952873051,
        0.24362959
      ],
      [
        0.810100555,
        0.00378477038,
        0.586278737
      ]
    ],
    "translation": [
      2.26023364,
      0.938408732,
      -0.7294663
    ]
  },
  {
    "timeStamp": 66223,
    "rotation": [
      [
        0.6249195,
        0.345872074,
        -0.6998915
      ],
      [
        -0.238378048,
        0.938227236,
        0.2508096
      ],
      [
        0.7434054,
        0.0101029752,
        0.6687648
      ]
    ],
    "translation": [
      2.24887466,
      0.931881666,
      -0.7306867
    ]
  },
  {
    "timeStamp": 66280,
    "rotation": [
      [
        0.65573585,
        0.3409645,
        -0.6736125
      ],
      [
        -0.264648765,
        0.939409435,
        0.217878371
      ],
      [
        0.7070867,
        0.0354000367,
        0.706240237
      ]
    ],
    "translation": [
      2.24648571,
      0.925757,
      -0.730380237
    ]
  },
  {
    "timeStamp": 66326,
    "rotation": [
      [
        0.6730139,
        0.343662858,
        -0.654941261
      ],
      [
        -0.287834078,
        0.937389433,
        0.196093291
      ],
      [
        0.681325,
        0.0565409139,
        0.729794
      ]
    ],
    "translation": [
      2.24388885,
      0.919926345,
      -0.732481837
    ]
  },
  {
    "timeStamp": 66372,
    "rotation": [
      [
        0.684353232,
        0.34087956,
        -0.644563258
      ],
      [
        -0.29952,
        0.937389553,
        0.177731931
      ],
      [
        0.664792,
        0.07142815,
        0.7436058
      ]
    ],
    "translation": [
      2.24192786,
      0.9140735,
      -0.7338081
    ]
  },
  {
    "timeStamp": 66427,
    "rotation": [
      [
        0.698154032,
        0.329875022,
        -0.6354238
      ],
      [
        -0.297696471,
        0.940920532,
        0.161385521
      ],
      [
        0.651120365,
        0.07649147,
        0.755110145
      ]
    ],
    "translation": [
      2.24381542,
      0.9080506,
      -0.7322209
    ]
  },
  {
    "timeStamp": 66472,
    "rotation": [
      [
        0.7033367,
        0.3180208,
        -0.6357517
      ],
      [
        -0.300790459,
        0.943478644,
        0.139187723
      ],
      [
        0.6440828,
        0.0933322161,
        0.759240746
      ]
    ],
    "translation": [
      2.24697375,
      0.904896736,
      -0.733731866
    ]
  },
  {
    "timeStamp": 66527,
    "rotation": [
      [
        0.7056756,
        0.299407035,
        -0.642166138
      ],
      [
        -0.305008382,
        0.9464219,
        0.106091566
      ],
      [
        0.639524639,
        0.120999821,
        0.759188533
      ]
    ],
    "translation": [
      2.25091267,
      0.902330935,
      -0.736213744
    ]
  },
  {
    "timeStamp": 66571,
    "rotation": [
      [
        0.707648337,
        0.285580963,
        -0.6462796
      ],
      [
        -0.312725216,
        0.9468017,
        0.0759563744
      ],
      [
        0.633590341,
        0.148357525,
        0.7593111
      ]
    ],
    "translation": [
      2.25436926,
      0.9019232,
      -0.7397289
    ]
  },
  {
    "timeStamp": 66627,
    "rotation": [
      [
        0.704339564,
        0.2659012,
        -0.658181131
      ],
      [
        -0.309371561,
        0.9494898,
        0.0525202453
      ],
      [
        0.6389015,
        0.166630432,
        0.7510255
      ]
    ],
    "translation": [
      2.258313,
      0.898809433,
      -0.7398744
    ]
  },
  {
    "timeStamp": 66671,
    "rotation": [
      [
        0.693590939,
        0.254171968,
        -0.674038768
      ],
      [
        -0.312412918,
        0.9492459,
        0.0364740677
      ],
      [
        0.649099231,
        0.185280338,
        0.737794936
      ]
    ],
    "translation": [
      2.26058459,
      0.895574749,
      -0.7394504
    ]
  },
  {
    "timeStamp": 66727,
    "rotation": [
      [
        0.6925387,
        0.265585,
        -0.6707121
      ],
      [
        -0.317202032,
        0.947166145,
        0.0475292541
      ],
      [
        0.6478989,
        0.179835409,
        0.740193367
      ]
    ],
    "translation": [
      2.25719833,
      0.888926268,
      -0.7371176
    ]
  },
  {
    "timeStamp": 66771,
    "rotation": [
      [
        0.6940723,
        0.279695749,
        -0.6633506
      ],
      [
        -0.3172344,
        0.94598186,
        0.06693821
      ],
      [
        0.6462399,
        0.163977653,
        0.745308936
      ]
    ],
    "translation": [
      2.25242114,
      0.88139,
      -0.7338611
    ]
  },
  {
    "timeStamp": 66827,
    "rotation": [
      [
        0.6875366,
        0.285170645,
        -0.6678107
      ],
      [
        -0.325909376,
        0.943013,
        0.0671523
      ],
      [
        0.6489041,
        0.171476111,
        0.741295755
      ]
    ],
    "translation": [
      2.24964976,
      0.876445353,
      -0.733536243
    ]
  },
  {
    "timeStamp": 66871,
    "rotation": [
      [
        0.6838096,
        0.287167221,
        -0.670775235
      ],
      [
        -0.330826521,
        0.941397,
        0.06576872
      ],
      [
        0.6503524,
        0.176936939,
        0.738738835
      ]
    ],
    "translation": [
      2.24843979,
      0.8719628,
      -0.734688461
    ]
  },
  {
    "timeStamp": 66927,
    "rotation": [
      [
        0.6811016,
        0.285628676,
        -0.67417866
      ],
      [
        -0.330608457,
        0.941534162,
        0.06489559
      ],
      [
        0.653298259,
        0.17868866,
        0.735711753
      ]
    ],
    "translation": [
      2.24878216,
      0.8687836,
      -0.733401954
    ]
  },
  {
    "timeStamp": 66972,
    "rotation": [
      [
        0.6790929,
        0.282392442,
        -0.6775599
      ],
      [
        -0.3339139,
        0.9408508,
        0.057457082
      ],
      [
        0.6537082,
        0.18722795,
        0.7332198
      ]
    ],
    "translation": [
      2.24986625,
      0.865138531,
      -0.735333741
    ]
  },
  {
    "timeStamp": 67027,
    "rotation": [
      [
        0.676385,
        0.274488449,
        -0.683490634
      ],
      [
        -0.318770021,
        0.9456476,
        0.06431412
      ],
      [
        0.6639948,
        0.174375221,
        0.7271205
      ]
    ],
    "translation": [
      2.25338578,
      0.8602166,
      -0.7337758
    ]
  }
]