[
  {
    "timeStamp": 68914,
    "rotation": [
      [
        0.998837948,
        -0.00144986052,
        0.04817293
      ],
      [
        -0.0481802225,
        -0.0545707233,
        0.9973468
      ],
      [
        0.00118283054,
        -0.9985088,
        -0.0545771681
      ]
    ],
    "translation": [
      1.1526475,
      0.7022976,
      -0.3591764
    ]
  },
  {
    "timeStamp": 68970,
    "rotation": [
      [
        0.996481836,
        0.0164183769,
        0.08218519
      ],
      [
        -0.081280306,
        -0.04974966,
        0.9954489
      ],
      [
        0.0204323381,
        -0.998626769,
        -0.04824014
      ]
    ],
    "translation": [
      1.14596081,
      0.7062218,
      -0.36063683
    ]
  },
  {
    "timeStamp": 69014,
    "rotation": [
      [
        0.988761961,
        0.0377480946,
        0.144654408
      ],
      [
        -0.143814385,
        -0.0241077263,
        0.989311
      ],
      [
        0.0408318974,
        -0.9989965,
        -0.0184080843
      ]
    ],
    "translation": [
      1.13991225,
      0.714124858,
      -0.366328776
    ]
  },
  {
    "timeStamp": 69070,
    "rotation": [
      [
        0.9743653,
        0.08752071,
        0.20724985
      ],
      [
        -0.2043323,
        -0.0411717035,
        0.9780354
      ],
      [
        0.09413117,
        -0.995311558,
        -0.02223297
      ]
    ],
    "translation": [
      1.13599312,
      0.73542887,
      -0.3773951
    ]
  },
  {
    "timeStamp": 69114,
    "rotation": [
      [
        0.9444447,
        0.140738159,
        0.297013223
      ],
      [
        -0.287450224,
        -0.08447294,
        0.954063237
      ],
      [
        0.159362689,
        -0.986436546,
        -0.03932481
      ]
    ],
    "translation": [
      1.135536,
      0.7689675,
      -0.392766029
    ]
  },
  {
    "timeStamp": 69171,
    "rotation": [
      [
        0.8996712,
        0.2382612,
        0.36581862
      ],
      [
        -0.325320154,
        -0.192911431,
        0.925717
      ],
      [
        0.291133016,
        -0.9518491,
        -0.0960456952
      ]
    ],
    "translation": [
      1.14473093,
      0.8238185,
      -0.42291522
    ]
  },
  {
    "timeStamp": 69215,
    "rotation": [
      [
        0.8561115,
        0.2749369,
        0.437587351
      ],
      [
        -0.380411237,
        -0.2378686,
        0.8937034
      ],
      [
        0.349800348,
        -0.931573,
        -0.0990529656
      ]
    ],
    "translation": [
      1.16997409,
      0.8619191,
      -0.4554552
    ]
  },
  {
    "timeStamp": 69271,
    "rotation": [
      [
        0.8200632,
        0.297755539,
        0.488710642
      ],
      [
        -0.422393978,
        -0.261242151,
        0.867949247
      ],
      [
        0.386108518,
        -0.9182016,
        -0.0884649
      ]
    ],
    "translation": [
      1.21544039,
      0.9006339,
      -0.497021258
    ]
  },
  {
    "timeStamp": 69315,
    "rotation": [
      [
        0.7878661,
        0.296091259,
        0.5399971
      ],
      [
        -0.484430373,
        -0.243439972,
        0.840276241
      ],
      [
        0.380255342,
        -0.92361623,
        -0.0483625121
      ]
    ],
    "translation": [
      1.260775,
      0.924732566,
      -0.532105863
    ]
  },
  {
    "timeStamp": 69370,
    "rotation": [
      [
        0.779813349,
        0.30061838,
        0.5491081
      ],
      [
        -0.49574396,
        -0.239074558,
        0.8349139
      ],
      [
        0.38226825,
        -0.923294067,
        -0.0374037847
      ]
    ],
    "translation": [
      1.32267368,
      0.9471626,
      -0.57608974
    ]
  },
  {
    "timeStamp": 69415,
    "rotation": [
      [
        0.7921791,
        0.270318329,
        0.5471566
      ],
      [
        -0.50597465,
        -0.210388824,
        0.8364964
      ],
      [
        0.3412359,
        -0.9395023,
        -0.02989141
      ]
    ],
    "translation": [
      1.37887883,
      0.958563566,
      -0.607685268
    ]
  },
  {
    "timeStamp": 69471,
    "rotation": [
      [
        0.8292415,
        0.220184013,
        0.513690054
      ],
      [
        -0.4781912,
        -0.196239784,
        0.8560509
      ],
      [
        0.289295137,
        -0.955515,
        -0.0574401245
      ]
    ],
    "translation": [
      1.45334089,
      0.9697194,
      -0.6423952
    ]
  },
  {
    "timeStamp": 69514,
    "rotation": [
      [
        0.8730906,
        0.164679572,
        0.458904535
      ],
      [
        -0.42962876,
        -0.185126841,
        0.8838253
      ],
      [
        0.230503529,
        -0.9688182,
        -0.09088144
      ]
    ],
    "translation": [
      1.51755762,
      0.976576746,
      -0.66514945
    ]
  },
  {
    "timeStamp": 69571,
    "rotation": [
      [
        0.9257734,
        0.06255396,
        0.372868031
      ],
      [
        -0.357549757,
        -0.175701737,
        0.917217
      ],
      [
        0.122889116,
        -0.982454,
        -0.140293851
      ]
    ],
    "translation": [
      1.60153365,
      0.984056056,
      -0.6895362
    ]
  },
  {
    "timeStamp": 69615,
    "rotation": [
      [
        0.9603988,
        -0.009472196,
        0.278468072
      ],
      [
        -0.275524557,
        -0.181063771,
        0.944088
      ],
      [
        0.0414779037,
        -0.983425736,
        -0.176503241
      ]
    ],
    "translation": [
      1.669831,
      0.991649,
      -0.706924736
    ]
  },
  {
    "timeStamp": 69671,
    "rotation": [
      [
        0.9908842,
        -0.044944115,
        0.1269983
      ],
      [
        -0.1336606,
        -0.210186452,
        0.968481541
      ],
      [
        -0.0168342181,
        -0.9766277,
        -0.214277685
      ]
    ],
    "translation": [
      1.74798107,
      1.00450754,
      -0.7273257
    ]
  },
  {
    "timeStamp": 69715,
    "rotation": [
      [
        0.9992545,
        -0.0368294157,
        0.0115713011
      ],
      [
        -0.0195462927,
        -0.224202991,
        0.9743464
      ],
      [
        -0.0332902856,
        -0.973846257,
        -0.224755734
      ]
    ],
    "translation": [
      1.80439925,
      1.01705158,
      -0.740593135
    ]
  },
  {
    "timeStamp": 69770,
    "rotation": [
      [
        0.9961304,
        -0.0341724232,
        -0.08097155
      ],
      [
        0.07187856,
        -0.213383466,
        0.974320769
      ],
      [
        -0.05057289,
        -0.976370633,
        -0.2101015
      ]
    ],
    "translation": [
      1.86953747,
      1.02927446,
      -0.752677441
    ]
  },
  {
    "timeStamp": 69822,
    "rotation": [
      [
        0.9744888,
        0.02251508,
        -0.223303914
      ],
      [
        0.223346531,
        -0.195205227,
        0.9549928
      ],
      [
        -0.0220883787,
        -0.9805039,
        -0.195253968
      ]
    ],
    "translation": [
      1.92003179,
      1.03732753,
      -0.758468449
    ]
  },
  {
    "timeStamp": 69865,
    "rotation": [
      [
        0.961649537,
        0.025636388,
        -0.273080349
      ],
      [
        0.2738988,
        -0.142302468,
        0.95117265
      ],
      [
        -0.0144753912,
        -0.989491165,
        -0.143866882
      ]
    ],
    "translation": [
      1.97415841,
      1.04491127,
      -0.761910439
    ]
  },
  {
    "timeStamp": 69921,
    "rotation": [
      [
        0.917681634,
        0.115560278,
        -0.380139679
      ],
      [
        0.387864232,
        -0.053106185,
        0.9201853
      ],
      [
        0.0861491039,
        -0.991879761,
        -0.09355628
      ]
    ],
    "translation": [
      2.0198586,
      1.04499459,
      -0.7632074
    ]
  },
  {
    "timeStamp": 69965,
    "rotation": [
      [
        0.8396133,
        0.254210442,
        -0.4800277
      ],
      [
        0.46490097,
        0.12073265,
        0.8770922
      ],
      [
        0.280921,
        -0.95958364,
        -0.0168139413
      ]
    ],
    "translation": [
      2.04518771,
      1.0342741,
      -0.7729107
    ]
  },
  {
    "timeStamp": 70021,
    "rotation": [
      [
        0.8254162,
        0.248031735,
        -0.5071176
      ],
      [
        0.433083236,
        0.298002422,
        0.850666463
      ],
      [
        0.362114578,
        -0.9217781,
        0.138557643
      ]
    ],
    "translation": [
      2.08045363,
      1.01902723,
      -0.781141043
    ]
  },
  {
    "timeStamp": 70065,
    "rotation": [
      [
        0.767136037,
        0.282485127,
        -0.5759378
      ],
      [
        0.461449951,
        0.380663782,
        0.801348269
      ],
      [
        0.4456076,
        -0.8805096,
        0.161668181
      ]
    ],
    "translation": [
      2.10923,
      1.01567626,
      -0.7758934
    ]
  },
  {
    "timeStamp": 70112,
    "rotation": [
      [
        0.775589,
        0.271163285,
        -0.5700283
      ],
      [
        0.412915975,
        0.465091884,
        0.7830645
      ],
      [
        0.477453858,
        -0.842709959,
        0.248752475
      ]
    ],
    "translation": [
      2.13165855,
      1.0082413,
      -0.7758411
    ]
  },
  {
    "timeStamp": 70165,
    "rotation": [
      [
        0.762695253,
        0.296548724,
        -0.574765
      ],
      [
        0.337173432,
        0.576053262,
        0.744631946
      ],
      [
        0.55191493,
        -0.761722744,
        0.3393647
      ]
    ],
    "translation": [
      2.150028,
      0.9985191,
      -0.7789984
    ]
  },
  {
    "timeStamp": 70220,
    "rotation": [
      [
        0.770012736,
        0.3151207,
        -0.554778636
      ],
      [
        0.251382738,
        0.6493445,
        0.717745364
      ],
      [
        0.586418867,
        -0.692134857,
        0.420787662
      ]
    ],
    "translation": [
      2.15977859,
      0.9893691,
      -0.7789268
    ]
  },
  {
    "timeStamp": 70265,
    "rotation": [
      [
        0.779219449,
        0.336790323,
        -0.528572857
      ],
      [
        0.1678567,
        0.700403154,
        0.693728745
      ],
      [
        0.603855252,
        -0.6292914,
        0.489235222
      ]
    ],
    "translation": [
      2.16190076,
      0.981286466,
      -0.780986
    ]
  },
  {
    "timeStamp": 70320,
    "rotation": [
      [
        0.7545997,
        0.3244481,
        -0.570361853
      ],
      [
        0.131797969,
        0.7765542,
        0.61611104
      ],
      [
        0.642813,
        -0.5400898,
        0.543226
      ]
    ],
    "translation": [
      2.17517781,
      0.9754485,
      -0.7828396
    ]
  },
  {
    "timeStamp": 70364,
    "rotation": [
      [
        0.695815742,
        0.280294538,
        -0.661268055
      ],
      [
        0.172026411,
        0.828862548,
        0.532347441
      ],
      [
        0.6973144,
        -0.4841713,
        0.528517544
      ]
    ],
    "translation": [
      2.19732785,
      0.9764458,
      -0.776417851
    ]
  },
  {
    "timeStamp": 70414,
    "rotation": [
      [
        0.6515061,
        0.252370626,
        -0.715436161
      ],
      [
        0.18670252,
        0.860705256,
        0.473633528
      ],
      [
        0.7353108,
        -0.442148864,
        0.5136365
      ]
    ],
    "translation": [
      2.21083713,
      0.98157084,
      -0.7677817
    ]
  },
  {
    "timeStamp": 70465,
    "rotation": [
      [
        0.7041677,
        0.2517446,
        -0.663906932
      ],
      [
        0.133404225,
        0.8714758,
        0.4719461
      ],
      [
        0.697388768,
        -0.420897216,
        0.5800814
      ]
    ],
    "translation": [
      2.20867062,
      0.98884815,
      -0.7613707
    ]
  },
  {
    "timeStamp": 70520,
    "rotation": [
      [
        0.7541673,
        0.266336,
        -0.6002473
      ],
      [
        0.06929183,
        0.8766824,
        0.476053238
      ],
      [
        0.6530164,
        -0.40061602,
        0.6427102
      ]
    ],
    "translation": [
      2.20513129,
      0.993811369,
      -0.757766664
    ]
  },
  {
    "timeStamp": 70564,
    "rotation": [
      [
        0.7897746,
        0.258969873,
        -0.556049168
      ],
      [
        0.0230576843,
        0.893333,
        0.448803335
      ],
      [
        0.6129636,
        -0.367274672,
        0.6995605
      ]
    ],
    "translation": [
      2.2079072,
      0.9929147,
      -0.7632433
    ]
  },
  {
    "timeStamp": 70620,
    "rotation": [
      [
        0.7968442,
        0.2320519,
        -0.5578451
      ],
      [
        0.00442754524,
        0.9210346,
        0.3894556
      ],
      [
        0.604168534,
        -0.3128053,
        0.732893646
      ]
    ],
    "translation": [
      2.22061634,
      0.9873742,
      -0.772807
    ]
  },
  {
    "timeStamp": 70664,
    "rotation": [
      [
        0.8069706,
        0.206829607,
        -0.553190768
      ],
      [
        -0.0061364,
        0.93955797,
        0.3423349
      ],
      [
        0.5905598,
        -0.2728596,
        0.75946486
      ]
    ],
    "translation": [
      2.230333,
      0.987086,
      -0.7760352
    ]
  },
  {
    "timeStamp": 70716,
    "rotation": [
      [
        0.8035264,
        0.186106071,
        -0.565429
      ],
      [
        -0.02843334,
        0.960786343,
        0.275828183
      ],
      [
        0.5945897,
        -0.2055582,
        0.7773088
      ]
    ],
    "translation": [
      2.23607159,
      0.9851545,
      -0.7843041
    ]
  },
  {
    "timeStamp": 70764,
    "rotation": [
      [
        0.7983884,
        0.164368466,
        -0.5792745
      ],
      [
        -0.0547990166,
        0.9778635,
        0.201940581
      ],
      [
        0.599644065,
        -0.129483357,
        0.789722145
      ]
    ],
    "translation": [
      2.240547,
      0.986559153,
      -0.7889164
    ]
  },
  {
    "timeStamp": 70820,
    "rotation": [
      [
        0.8067932,
        0.153650284,
        -0.570505261
      ],
      [
        -0.06423385,
        0.9826802,
        0.173820779
      ],
      [
        0.587331831,
        -0.103591681,
        0.8026893
      ]
    ],
    "translation": [
      2.239961,
      0.9831424,
      -0.783741832
    ]
  },
  {
    "timeStamp": 70864,
    "rotation": [
      [
        0.8073751,
        0.14921023,
        -0.570860565
      ],
      [
        -0.07967409,
        0.986205637,
        0.145088136
      ],
      [
        0.5846345,
        -0.0716577545,
        0.808126032
      ]
    ],
    "translation": [
      2.23951244,
      0.9804352,
      -0.780331254
    ]
  },
  {
    "timeStamp": 70920,
    "rotation": [
      [
        0.8129993,
        0.14179565,
        -0.5647354
      ],
      [
        -0.07858182,
        0.987741232,
        0.134878114
      ],
      [
        0.576937556,
        -0.06527788,
        0.814175546
      ]
    ],
    "translation": [
      2.24001861,
      0.9761679,
      -0.771257341
    ]
  },
  {
    "timeStamp": 70966,
    "rotation": [
      [
        0.819849849,
        0.133506685,
        -0.5567964
      ],
      [
        -0.08124992,
        0.98972255,
        0.117676489
      ],
      [
        0.5667845,
        -0.05123739,
        0.8222713
      ]
    ],
    "translation": [
      2.2419188,
      0.97258997,
      -0.7667583
    ]
  },
  {
    "timeStamp": 71020,
    "rotation": [
      [
        0.821881354,
        0.122110687,
        -0.5564171
      ],
      [
        -0.09064011,
        0.9923437,
        0.0838945359
      ],
      [
        0.5624015,
        -0.0185176451,
        0.826656938
      ]
    ],
    "translation": [
      2.24654841,
      0.9690676,
      -0.766231656
    ]
  },
  {
    "timeStamp": 71064,
    "rotation": [
      [
        0.8233958,
        0.110128641,
        -0.556678534
      ],
      [
        -0.0899946839,
        0.9939149,
        0.0635146648
      ],
      [
        0.5602859,
        -0.00219959649,
        0.828296363
      ]
    ],
    "translation": [
      2.25151682,
      0.964598238,
      -0.7653049
    ]
  },
  {
    "timeStamp": 71120,
    "rotation": [
      [
        0.828371644,
        0.110373013,
        -0.5491978
      ],
      [
        -0.10339427,
        0.993677855,
        0.0437480658
      ],
      [
        0.550554335,
        0.0205442477,
        0.8345465
      ]
    ],
    "translation": [
      2.254844,
      0.958989561,
      -0.765738845
    ]
  },
  {
    "timeStamp": 71165,
    "rotation": [
      [
        0.826036751,
        0.114158973,
        -0.5519339
      ],
      [
        -0.117120266,
        0.9926635,
        0.0300322343
      ],
      [
        0.5513131,
        0.0398349166,
        0.833346844
      ]
    ],
    "translation": [
      2.25727463,
      0.9546185,
      -0.7681471
    ]
  },
  {
    "timeStamp": 71211,
    "rotation": [
      [
        0.825626433,
        0.117581725,
        -0.5518293
      ],
      [
        -0.124846026,
        0.9918723,
        0.02455447
      ],
      [
        0.5502313,
        0.04862087,
        0.8335955
      ]
    ],
    "translation": [
      2.25924182,
      0.9500454,
      -0.76873225
    ]
  },
  {
    "timeStamp": 71268,
    "rotation": [
      [
        0.8308473,
        0.125766963,
        -0.542102754
      ],
      [
        -0.131319523,
        0.9909267,
        0.0286280774
      ],
      [
        0.5407845,
        0.04740311,
        0.839824438
      ]
    ],
    "translation": [
      2.26039219,
      0.944340348,
      -0.7665389
    ]
  },
  {
    "timeStamp": 71314,
    "rotation": [
      [
        0.830809653,
        0.13240242,
        -0.5405783
      ],
      [
        -0.139048561,
        0.9898683,
        0.0287434235
      ],
      [
        0.538907051,
        0.05128632,
        0.84080255
      ]
    ],
    "translation": [
      2.26183462,
      0.941206753,
      -0.7639457
    ]
  },
  {
    "timeStamp": 71369,
    "rotation": [
      [
        0.8363021,
        0.141942784,
        -0.5295763
      ],
      [
        -0.141078636,
        0.989093542,
        0.04231745
      ],
      [
        0.52980715,
        0.03932173,
        0.8472061
      ]
    ],
    "translation": [
      2.26176643,
      0.9367555,
      -0.7596596
    ]
  },
  {
    "timeStamp": 71414,
    "rotation": [
      [
        0.8337846,
        0.147722974,
        -0.5319598
      ],
      [
        -0.14783822,
        0.988090634,
        0.0426695161
      ],
      [
        0.531927764,
        0.0430668034,
        0.8456939
      ]
    ],
    "translation": [
      2.26262021,
      0.9347122,
      -0.7582762
    ]
  },
  {
    "timeStamp": 71469,
    "rotation": [
      [
        0.831288159,
        0.152763963,
        -0.534437239
      ],
      [
        -0.155385882,
        0.987025857,
        0.0404379368
      ],
      [
        0.533680856,
        0.04942842,
        0.844240248
      ]
    ],
    "translation": [
      2.263471,
      0.932206452,
      -0.7580254
    ]
  },
  {
    "timeStamp": 71514,
    "rotation": [
      [
        0.835014462,
        0.1599852,
        -0.5264557
      ],
      [
        -0.16135554,
        0.985928833,
        0.04368804
      ],
      [
        0.526037335,
        0.0484664,
        0.8490794
      ]
    ],
    "translation": [
      2.2627666,
      0.92965126,
      -0.757665753
    ]
  },
  {
    "timeStamp": 71569,
    "rotation": [
      [
        0.8340324,
        0.164623186,
        -0.5265824
      ],
      [
        -0.167952716,
        0.984904468,
        0.0418929644
      ],
      [
        0.5255299,
        0.0535008647,
        0.849091232
      ]
    ],
    "translation": [
      2.26324,
      0.926958,
      -0.75895673
    ]
  },
  {
    "timeStamp": 71613,
    "rotation": [
      [
        0.8334369,
        0.170670748,
        -0.5255991
      ],
      [
        -0.172644347,
        0.9839218,
        0.0457354374
      ],
      [
        0.52495414,
        0.0526241139,
        0.849502146
      ]
    ],
    "translation": [
      2.263167,
      0.92462796,
      -0.759358346
    ]
  },
  {
    "timeStamp": 71669,
    "rotation": [
      [
        0.831816256,
        0.177709535,
        -0.525833666
      ],
      [
        -0.175863892,
        0.9829328,
        0.05399063
      ],
      [
        0.5264538,
        0.0475648679,
        0.8488722
      ]
    ],
    "translation": [
      2.2624507,
      0.9211821,
      -0.759482145
    ]
  },
  {
    "timeStamp": 71713,
    "rotation": [
      [
        0.8347129,
        0.180425778,
        -0.520289242
      ],
      [
        -0.183167636,
        0.98197335,
        0.0466680862
      ],
      [
        0.5193303,
        0.0563456975,
        0.852714
      ]
    ],
    "translation": [
      2.26453471,
      0.9163144,
      -0.760744
    ]
  },
  {
    "timeStamp": 71769,
    "rotation": [
      [
        0.833547831,
        0.17985566,
        -0.5223504
      ],
      [
        -0.179546952,
        0.9823877,
        0.0517411977
      ],
      [
        0.5224566,
        0.05065766,
        0.8511597
      ]
    ],
    "translation": [
      2.26740837,
      0.906461954,
      -0.764938831
    ]
  },
  {
    "timeStamp": 71813,
    "rotation": [
      [
        0.8363156,
        0.181338742,
        -0.5173901
      ],
      [
        -0.1801305,
        0.9822091,
        0.053086888
      ],
      [
        0.517812,
        0.0488003455,
        0.8541014
      ]
    ],
    "translation": [
      2.26828957,
      0.900236964,
      -0.767809451
    ]
  },
  {
    "timeStamp": 71869,
    "rotation": [
      [
        0.830119431,
        0.180041358,
        -0.527718544
      ],
      [
        -0.182015389,
        0.9820869,
        0.0487413965
      ],
      [
        0.527040958,
        0.0555917248,
        0.8480197
      ]
    ],
    "translation": [
      2.27081275,
      0.8939764,
      -0.7722801
    ]
  },
  {
    "timeStamp": 71913,
    "rotation": [
      [
        0.8324829,
        0.181654036,
        -0.5234252
      ],
      [
        -0.179948971,
        0.982156336,
        0.0546557866
      ],
      [
        0.5240138,
        0.0486898236,
        0.8503168
      ]
    ],
    "translation": [
      2.27112055,
      0.883032262,
      -0.7779238
    ]
  },
  {
    "timeStamp": 71969,
    "rotation": [
      [
        0.8328757,
        0.190279216,
        -0.5197229
      ],
      [
        -0.181630328,
        0.9810065,
        0.06809332
      ],
      [
        0.5228083,
        0.03768417,
        0.8516169
      ]
    ],
    "translation": [
      2.26263571,
      0.8761869,
      -0.773767352
    ]
  },
  {
    "timeStamp": 72013,
    "rotation": [
      [
        0.82685864,
        0.2035131,
        -0.5242969
      ],
      [
        -0.1818043,
        0.9789028,
        0.093254596
      ],
      [
        0.5322142,
        0.0182110611,
        0.846413851
      ]
    ],
    "translation": [
      2.262863,
      0.870794237,
      -0.7704216
    ]
  }
]