[
  {
    "timeStamp": 41105,
    "rotation": [
      [
        0.0703642741,
        -0.375908345,
        -0.9239815
      ],
      [
        0.5339292,
        0.7966102,
        -0.283428669
      ],
      [
        0.8425963,
        -0.4733975,
        0.256761342
      ]
    ],
    "translation": [
      1.1769284,
      0.7102142,
      -0.7276647
    ]
  },
  {
    "timeStamp": 41163,
    "rotation": [
      [
        0.07371563,
        -0.323186517,
        -0.943459868
      ],
      [
        0.506065249,
        0.827304065,
        -0.243856281
      ],
      [
        0.859339237,
        -0.459476233,
        0.224538714
      ]
    ],
    "translation": [
      1.17777348,
      0.7110722,
      -0.7263111
    ]
  },
  {
    "timeStamp": 41205,
    "rotation": [
      [
        0.0854121745,
        -0.343303829,
        -0.9353327
      ],
      [
        0.544089258,
        0.8025012,
        -0.244864613
      ],
      [
        0.8346686,
        -0.487990081,
        0.2553313
      ]
    ],
    "translation": [
      1.18151128,
      0.7152255,
      -0.722727954
    ]
  },
  {
    "timeStamp": 41260,
    "rotation": [
      [
        0.140830725,
        -0.260928035,
        -0.9550305
      ],
      [
        0.589247465,
        0.797272563,
        -0.130934671
      ],
      [
        0.795584142,
        -0.5443097,
        0.266031653
      ]
    ],
    "translation": [
      1.18814552,
      0.758069932,
      -0.7110325
    ]
  },
  {
    "timeStamp": 41305,
    "rotation": [
      [
        0.187548667,
        -0.17521143,
        -0.9665022
      ],
      [
        0.6039888,
        0.7965287,
        -0.02719459
      ],
      [
        0.774611533,
        -0.5786562,
        0.255213648
      ]
    ],
    "translation": [
      1.20184863,
      0.8007453,
      -0.7069569
    ]
  },
  {
    "timeStamp": 41361,
    "rotation": [
      [
        0.225548685,
        -0.106595829,
        -0.9683827
      ],
      [
        0.638224542,
        0.767168343,
        0.06420372
      ],
      [
        0.7360687,
        -0.632526755,
        0.24106589
      ]
    ],
    "translation": [
      1.23661232,
      0.854460239,
      -0.7039021
    ]
  },
  {
    "timeStamp": 41405,
    "rotation": [
      [
        0.25869897,
        -0.0606221072,
        -0.9640538
      ],
      [
        0.655907154,
        0.743694663,
        0.129244
      ],
      [
        0.709126651,
        -0.6657651,
        0.232155517
      ]
    ],
    "translation": [
      1.27660239,
      0.894118667,
      -0.703647554
    ]
  },
  {
    "timeStamp": 41461,
    "rotation": [
      [
        0.3039108,
        -0.07487065,
        -0.949754
      ],
      [
        0.694727063,
        0.699580848,
        0.167155877
      ],
      [
        0.6519146,
        -0.7106202,
        0.2646248
      ]
    ],
    "translation": [
      1.34154892,
      0.9363408,
      -0.6995582
    ]
  },
  {
    "timeStamp": 41505,
    "rotation": [
      [
        0.339142144,
        -0.11765819,
        -0.933348358
      ],
      [
        0.7097032,
        0.683245242,
        0.171748146
      ],
      [
        0.6174982,
        -0.720647335,
        0.315219641
      ]
    ],
    "translation": [
      1.40216017,
      0.9588977,
      -0.698387563
    ]
  },
  {
    "timeStamp": 41561,
    "rotation": [
      [
        0.382301182,
        -0.225608379,
        -0.8960729
      ],
      [
        0.7348572,
        0.6621419,
        0.146809489
      ],
      [
        0.560206,
        -0.7146111,
        0.41892755
      ]
    ],
    "translation": [
      1.48801064,
      0.9779046,
      -0.6957504
    ]
  },
  {
    "timeStamp": 41605,
    "rotation": [
      [
        0.437910557,
        -0.3171941,
        -0.841202855
      ],
      [
        0.7260796,
        0.676542938,
        0.122874618
      ],
      [
        0.5301347,
        -0.6645883,
        0.5265734
      ]
    ],
    "translation": [
      1.55892217,
      0.986186147,
      -0.698998868
    ]
  },
  {
    "timeStamp": 41661,
    "rotation": [
      [
        0.483958632,
        -0.441699117,
        -0.755437553
      ],
      [
        0.7387401,
        0.6689689,
        0.08212017
      ],
      [
        0.469091833,
        -0.597814739,
        0.6500541
      ]
    ],
    "translation": [
      1.650613,
      0.995484352,
      -0.7060402
    ]
  },
  {
    "timeStamp": 41705,
    "rotation": [
      [
        0.524545968,
        -0.5175382,
        -0.676022053
      ],
      [
        0.744197845,
        0.6644066,
        0.0687997639
      ],
      [
        0.413547,
        -0.5391828,
        0.7336626
      ]
    ],
    "translation": [
      1.71768034,
      1.00588441,
      -0.7142099
    ]
  },
  {
    "timeStamp": 41761,
    "rotation": [
      [
        0.565299332,
        -0.5858732,
        -0.58068
      ],
      [
        0.752296567,
        0.654923558,
        0.0715895146
      ],
      [
        0.338358641,
        -0.477313071,
        0.810978234
      ]
    ],
    "translation": [
      1.79546559,
      1.02156365,
      -0.7234494
    ]
  },
  {
    "timeStamp": 41805,
    "rotation": [
      [
        0.599550843,
        -0.6194788,
        -0.5067393
      ],
      [
        0.751500368,
        0.6535367,
        0.09020526
      ],
      [
        0.275292456,
        -0.4348974,
        0.8573671
      ]
    ],
    "translation": [
      1.850352,
      1.03417408,
      -0.728541136
    ]
  },
  {
    "timeStamp": 41860,
    "rotation": [
      [
        0.6170986,
        -0.660564363,
        -0.427602679
      ],
      [
        0.7618914,
        0.637452,
        0.11478892
      ],
      [
        0.1967507,
        -0.396622866,
        0.896649
      ]
    ],
    "translation": [
      1.91228652,
      1.05000043,
      -0.7313066
    ]
  },
  {
    "timeStamp": 41905,
    "rotation": [
      [
        0.6400131,
        -0.675578952,
        -0.366027862
      ],
      [
        0.7555358,
        0.6400168,
        0.139800608
      ],
      [
        0.13981764,
        -0.366021365,
        0.9200431
      ]
    ],
    "translation": [
      1.95507681,
      1.06009316,
      -0.731826067
    ]
  },
  {
    "timeStamp": 41961,
    "rotation": [
      [
        0.633484066,
        -0.7063694,
        -0.3158167
      ],
      [
        0.768511355,
        0.621835232,
        0.150702447
      ],
      [
        0.08993434,
        -0.3381763,
        0.9367756
      ]
    ],
    "translation": [
      2.003366,
      1.068278,
      -0.7288551
    ]
  },
  {
    "timeStamp": 42005,
    "rotation": [
      [
        0.634134233,
        -0.7190364,
        -0.284359872
      ],
      [
        0.770839155,
        0.6167325,
        0.159524545
      ],
      [
        0.0606700145,
        -0.320355684,
        0.9453525
      ]
    ],
    "translation": [
      2.03500748,
      1.06859362,
      -0.724951446
    ]
  },
  {
    "timeStamp": 42053,
    "rotation": [
      [
        0.6472528,
        -0.7176763,
        -0.256913751
      ],
      [
        0.760956168,
        0.628149331,
        0.162401438
      ],
      [
        0.0448285379,
        -0.3006149,
        0.952691555
      ]
    ],
    "translation": [
      2.061679,
      1.06015491,
      -0.72067976
    ]
  },
  {
    "timeStamp": 42104,
    "rotation": [
      [
        0.6319742,
        -0.741076052,
        -0.2267486
      ],
      [
        0.7743255,
        0.615909755,
        0.145173058
      ],
      [
        0.0320724025,
        -0.267322868,
        0.963073134
      ]
    ],
    "translation": [
      2.093839,
      1.04216623,
      -0.715174735
    ]
  },
  {
    "timeStamp": 42160,
    "rotation": [
      [
        0.6539264,
        -0.7275682,
        -0.207424074
      ],
      [
        0.7558274,
        0.6403089,
        0.13685517
      ],
      [
        0.033244025,
        -0.246270016,
        0.9686309
      ]
    ],
    "translation": [
      2.1172893,
      1.01323223,
      -0.7081721
    ]
  },
  {
    "timeStamp": 42204,
    "rotation": [
      [
        0.6474461,
        -0.7356242,
        -0.199174851
      ],
      [
        0.7606271,
        0.6400295,
        0.108667716
      ],
      [
        0.04753917,
        -0.22185427,
        0.973920345
      ]
    ],
    "translation": [
      2.13191962,
      0.98629427,
      -0.7038047
    ]
  },
  {
    "timeStamp": 42260,
    "rotation": [
      [
        0.623045,
        -0.7517634,
        -0.216024846
      ],
      [
        0.778784633,
        0.621936262,
        0.08179131
      ],
      [
        0.07286596,
        -0.219196483,
        0.972956061
      ]
    ],
    "translation": [
      2.143954,
      0.960784137,
      -0.6994596
    ]
  },
  {
    "timeStamp": 42302,
    "rotation": [
      [
        0.6903672,
        -0.695126057,
        -0.200481564
      ],
      [
        0.717629,
        0.693094552,
        0.06803338
      ],
      [
        0.09166091,
        -0.1908394,
        0.9773324
      ]
    ],
    "translation": [
      2.14717,
      0.925528944,
      -0.6964889
    ]
  },
  {
    "timeStamp": 42355,
    "rotation": [
      [
        0.666608453,
        -0.712555468,
        -0.218855843
      ],
      [
        0.7344694,
        0.6779923,
        0.0296833459
      ],
      [
        0.127231553,
        -0.180530086,
        0.975305557
      ]
    ],
    "translation": [
      2.153215,
      0.9003774,
      -0.6949288
    ]
  },
  {
    "timeStamp": 42411,
    "rotation": [
      [
        0.7069869,
        -0.6707273,
        -0.22426419
      ],
      [
        0.690864742,
        0.722803,
        0.0161801111
      ],
      [
        0.151246369,
        -0.166375339,
        0.9743941
      ]
    ],
    "translation": [
      2.1492877,
      0.876014352,
      -0.69506824
    ]
  },
  {
    "timeStamp": 42455,
    "rotation": [
      [
        0.6960441,
        -0.6788184,
        -0.233940631
      ],
      [
        0.6972364,
        0.71682024,
        -0.00548642129
      ],
      [
        0.171417668,
        -0.159293145,
        0.9722354
      ]
    ],
    "translation": [
      2.1502254,
      0.861165345,
      -0.694794059
    ]
  },
  {
    "timeStamp": 42511,
    "rotation": [
      [
        0.713017344,
        -0.659935057,
        -0.2368375
      ],
      [
        0.6763917,
        0.736377954,
        -0.0155491829
      ],
      [
        0.18466337,
        -0.149108082,
        0.9714249
      ]
    ],
    "translation": [
      2.14790416,
      0.844467938,
      -0.695247769
    ]
  },
  {
    "timeStamp": 42555,
    "rotation": [
      [
        0.706749,
        -0.6645179,
        -0.242738068
      ],
      [
        0.6790524,
        0.73344487,
        -0.0307638571
      ],
      [
        0.198478118,
        -0.143089548,
        0.969603956
      ]
    ],
    "translation": [
      2.14769959,
      0.834320068,
      -0.6949261
    ]
  },
  {
    "timeStamp": 42611,
    "rotation": [
      [
        0.7176734,
        -0.6490799,
        -0.25227
      ],
      [
        0.663973153,
        0.747021556,
        -0.03314233
      ],
      [
        0.209963158,
        -0.143715158,
        0.9670891
      ]
    ],
    "translation": [
      2.144145,
      0.8232411,
      -0.693639338
    ]
  },
  {
    "timeStamp": 42655,
    "rotation": [
      [
        0.6966968,
        -0.667914569,
        -0.261731923
      ],
      [
        0.6789882,
        0.7317047,
        -0.0598601438
      ],
      [
        0.231491938,
        -0.136008516,
        0.9632825
      ]
    ],
    "translation": [
      2.14415717,
      0.815294862,
      -0.693333
    ]
  },
  {
    "timeStamp": 42711,
    "rotation": [
      [
        0.699353039,
        -0.6653084,
        -0.261285424
      ],
      [
        0.6740221,
        0.735506535,
        -0.0687345
      ],
      [
        0.237906784,
        -0.128042459,
        0.9628113
      ]
    ],
    "translation": [
      2.14340162,
      0.805273831,
      -0.691809833
    ]
  },
  {
    "timeStamp": 42756,
    "rotation": [
      [
        0.693276048,
        -0.673613548,
        -0.256150454
      ],
      [
        0.679173052,
        0.729563534,
        -0.08038031
      ],
      [
        0.241023317,
        -0.11824476,
        0.9632891
      ]
    ],
    "translation": [
      2.14429522,
      0.7982936,
      -0.6900322
    ]
  },
  {
    "timeStamp": 42802,
    "rotation": [
      [
        0.682992756,
        -0.681248069,
        -0.263480365
      ],
      [
        0.6861207,
        0.722089767,
        -0.0884575546
      ],
      [
        0.250518024,
        -0.120363474,
        0.9606005
      ]
    ],
    "translation": [
      2.14521146,
      0.792095065,
      -0.686577141
    ]
  },
  {
    "timeStamp": 42859,
    "rotation": [
      [
        0.678855,
        -0.686235249,
        -0.261222422
      ],
      [
        0.689129531,
        0.7182538,
        -0.0959795862
      ],
      [
        0.25348857,
        -0.114859864,
        0.9604951
      ]
    ],
    "translation": [
      2.14593482,
      0.7848644,
      -0.6827262
    ]
  },
  {
    "timeStamp": 42905,
    "rotation": [
      [
        0.669007063,
        -0.695755,
        -0.261446834
      ],
      [
        0.6950085,
        0.710269332,
        -0.111716129
      ],
      [
        0.263424754,
        -0.10696891,
        0.958730936
      ]
    ],
    "translation": [
      2.1471076,
      0.77893883,
      -0.680521667
    ]
  },
  {
    "timeStamp": 42960,
    "rotation": [
      [
        0.6666763,
        -0.698747456,
        -0.259412229
      ],
      [
        0.6940715,
        0.7088582,
        -0.125637487
      ],
      [
        0.271675378,
        -0.096291095,
        0.957559645
      ]
    ],
    "translation": [
      2.14827323,
      0.7722817,
      -0.6794435
    ]
  },
  {
    "timeStamp": 43004,
    "rotation": [
      [
        0.657998264,
        -0.707660854,
        -0.257399172
      ],
      [
        0.699527562,
        0.70097,
        -0.138932392
      ],
      [
        0.2787461,
        -0.08864054,
        0.95626533
      ]
    ],
    "translation": [
      2.14929438,
      0.769280136,
      -0.6790829
    ]
  }
]