[
  {
    "timeStamp": 82442,
    "rotation": [
      [
        0.994187,
        -0.106748506,
        -0.0140368836
      ],
      [
        0.106708519,
        0.994284,
        -0.00356979226
      ],
      [
        0.0143377185,
        0.002051186,
        0.9998951
      ]
    ],
    "translation": [
      1.30760229,
      0.698302031,
      -0.6137174
    ]
  },
  {
    "timeStamp": 82486,
    "rotation": [
      [
        0.996269464,
        -0.08502138,
        -0.0147812376
      ],
      [
        0.08502513,
        0.9963787,
        -0.000375066244
      ],
      [
        0.0147595992,
        -0.000883109635,
        0.9998907
      ]
    ],
    "translation": [
      1.30759871,
      0.699897766,
      -0.6136816
    ]
  },
  {
    "timeStamp": 82532,
    "rotation": [
      [
        0.9975914,
        -0.06778334,
        -0.0147268856
      ],
      [
        0.06778786,
        0.997699738,
        -0.000192407926
      ],
      [
        0.014706051,
        -0.0008063596,
        0.9998916
      ]
    ],
    "translation": [
      1.30756354,
      0.6994812,
      -0.6136385
    ]
  },
  {
    "timeStamp": 82586,
    "rotation": [
      [
        0.997626066,
        -0.0673868358,
        -0.0141894994
      ],
      [
        0.06735714,
        0.997725666,
        -0.0025608975
      ],
      [
        0.0143297985,
        0.001599054,
        0.999896049
      ]
    ],
    "translation": [
      1.30755258,
      0.6994744,
      -0.613532841
    ]
  },
  {
    "timeStamp": 82642,
    "rotation": [
      [
        0.9982228,
        -0.05901812,
        0.008240205
      ],
      [
        0.05903657,
        0.998253763,
        -0.00201390847
      ],
      [
        -0.008106959,
        0.002496803,
        0.999964
      ]
    ],
    "translation": [
      1.31280422,
      0.710062146,
      -0.6075313
    ]
  },
  {
    "timeStamp": 82686,
    "rotation": [
      [
        0.999883831,
        -0.0112010436,
        0.0103356065
      ],
      [
        0.011006888,
        0.9997654,
        0.01865452
      ],
      [
        -0.010542131,
        -0.01853859,
        0.9997726
      ]
    ],
    "translation": [
      1.32189488,
      0.7310509,
      -0.6059296
    ]
  },
  {
    "timeStamp": 82742,
    "rotation": [
      [
        0.998376131,
        0.0556313135,
        0.01226251
      ],
      [
        -0.056080237,
        0.997626662,
        0.03995005
      ],
      [
        -0.0100109335,
        -0.04057286,
        0.999126434
      ]
    ],
    "translation": [
      1.34116817,
      0.7622232,
      -0.6078784
    ]
  },
  {
    "timeStamp": 82786,
    "rotation": [
      [
        0.993385,
        0.114323147,
        0.0107881138
      ],
      [
        -0.114710137,
        0.992260039,
        0.0475564
      ],
      [
        -0.0052678166,
        -0.0484793223,
        0.998810232
      ]
    ],
    "translation": [
      1.36458611,
      0.788226247,
      -0.614296138
    ]
  },
  {
    "timeStamp": 82831,
    "rotation": [
      [
        0.988757968,
        0.149475858,
        -0.00382924778
      ],
      [
        -0.148836389,
        0.986337066,
        0.0706187561
      ],
      [
        0.0143327285,
        -0.06925493,
        0.997496
      ]
    ],
    "translation": [
      1.39378512,
      0.8157005,
      -0.6221833
    ]
  },
  {
    "timeStamp": 82886,
    "rotation": [
      [
        0.984148443,
        0.177324146,
        -0.00282316748
      ],
      [
        -0.1760834,
        0.9789113,
        0.103572562
      ],
      [
        0.0211295467,
        -0.101433665,
        0.9946178
      ]
    ],
    "translation": [
      1.441125,
      0.8487638,
      -0.6351096
    ]
  },
  {
    "timeStamp": 82942,
    "rotation": [
      [
        0.984005332,
        0.17765145,
        -0.0131706148
      ],
      [
        -0.173805922,
        0.973650455,
        0.1476358
      ],
      [
        0.0390512869,
        -0.142985284,
        0.988954067
      ]
    ],
    "translation": [
      1.49696946,
      0.879051447,
      -0.6468139
    ]
  },
  {
    "timeStamp": 82986,
    "rotation": [
      [
        0.9853543,
        0.170338973,
        0.007837242
      ],
      [
        -0.169052631,
        0.96983254,
        0.175630242
      ],
      [
        0.0223158635,
        -0.174382925,
        0.984424949
      ]
    ],
    "translation": [
      1.5494231,
      0.900327742,
      -0.6564969
    ]
  },
  {
    "timeStamp": 83042,
    "rotation": [
      [
        0.9873144,
        0.157092974,
        0.02306536
      ],
      [
        -0.158532858,
        0.967280746,
        0.198079169
      ],
      [
        0.008806169,
        -0.199223042,
        0.9799146
      ]
    ],
    "translation": [
      1.61774278,
      0.9231025,
      -0.6685264
    ]
  },
  {
    "timeStamp": 83086,
    "rotation": [
      [
        0.9925079,
        0.117780596,
        0.0324945822
      ],
      [
        -0.122141011,
        0.9632449,
        0.239250779
      ],
      [
        -0.00312113832,
        -0.2414272,
        0.9704139
      ]
    ],
    "translation": [
      1.67424333,
      0.9417553,
      -0.6771088
    ]
  },
  {
    "timeStamp": 83131,
    "rotation": [
      [
        0.9959935,
        0.07815607,
        0.0434578657
      ],
      [
        -0.0866665244,
        0.9634034,
        0.253658861
      ],
      [
        -0.0220424775,
        -0.2564089,
        0.966317
      ]
    ],
    "translation": [
      1.73178494,
      0.956022,
      -0.6864981
    ]
  },
  {
    "timeStamp": 83186,
    "rotation": [
      [
        0.995235562,
        0.04540956,
        0.08627986
      ],
      [
        -0.0651888,
        0.967956245,
        0.242510244
      ],
      [
        -0.072502844,
        -0.2469793,
        0.96630466
      ]
    ],
    "translation": [
      1.79975224,
      0.969219148,
      -0.700257
    ]
  },
  {
    "timeStamp": 83242,
    "rotation": [
      [
        0.992905259,
        0.00448920531,
        0.118823349
      ],
      [
        -0.0340206921,
        0.9682389,
        0.247701317
      ],
      [
        -0.113937408,
        -0.24998638,
        0.9615222
      ]
    ],
    "translation": [
      1.86348784,
      0.9837357,
      -0.7128279
    ]
  },
  {
    "timeStamp": 83286,
    "rotation": [
      [
        0.988574266,
        -0.0359929539,
        0.146374151
      ],
      [
        -0.00293903355,
        0.9662855,
        0.257456154
      ],
      [
        -0.150705814,
        -0.254944742,
        0.9551392
      ]
    ],
    "translation": [
      1.9108696,
      0.994920731,
      -0.720909238
    ]
  },
  {
    "timeStamp": 83342,
    "rotation": [
      [
        0.9892738,
        -0.0566540323,
        0.134639233
      ],
      [
        0.0174385961,
        0.9609375,
        0.276215464
      ],
      [
        -0.1450286,
        -0.2709048,
        0.951618254
      ]
    ],
    "translation": [
      1.95955229,
      1.00557113,
      -0.7261154
    ]
  },
  {
    "timeStamp": 83386,
    "rotation": [
      [
        0.9835853,
        -0.148259416,
        0.102854468
      ],
      [
        0.111735441,
        0.9480069,
        0.297990084
      ],
      [
        -0.141686574,
        -0.281606168,
        0.949011564
      ]
    ],
    "translation": [
      2.000086,
      1.010911,
      -0.7275743
    ]
  },
  {
    "timeStamp": 83442,
    "rotation": [
      [
        0.983984947,
        -0.162686482,
        0.0728474557
      ],
      [
        0.136099726,
        0.949608445,
        0.2823485
      ],
      [
        -0.115110844,
        -0.267912179,
        0.956542
      ]
    ],
    "translation": [
      2.04098678,
      1.00721252,
      -0.7258249
    ]
  },
  {
    "timeStamp": 83486,
    "rotation": [
      [
        0.9738168,
        -0.212007746,
        0.08205776
      ],
      [
        0.182853281,
        0.944941461,
        0.2713858
      ],
      [
        -0.135075673,
        -0.2492755,
        0.958966255
      ]
    ],
    "translation": [
      2.07717562,
      0.998825431,
      -0.7220738
    ]
  },
  {
    "timeStamp": 83541,
    "rotation": [
      [
        0.9487024,
        -0.2682322,
        0.167377621
      ],
      [
        0.222339392,
        0.9423763,
        0.249984175
      ],
      [
        -0.22478652,
        -0.199945942,
        0.9536732
      ]
    ],
    "translation": [
      2.12732649,
      0.985094368,
      -0.718896866
    ]
  },
  {
    "timeStamp": 83586,
    "rotation": [
      [
        0.89144963,
        -0.312483817,
        0.328133047
      ],
      [
        0.238400325,
        0.93928045,
        0.246814683
      ],
      [
        -0.385334551,
        -0.141795844,
        0.9118175
      ]
    ],
    "translation": [
      2.166077,
      0.976225138,
      -0.7198896
    ]
  },
  {
    "timeStamp": 83636,
    "rotation": [
      [
        0.8332816,
        -0.285673976,
        0.473320335
      ],
      [
        0.174542576,
        0.9483007,
        0.26506725
      ],
      [
        -0.524572849,
        -0.13826111,
        0.8400638
      ]
    ],
    "translation": [
      2.190789,
      0.971622,
      -0.7217746
    ]
  },
  {
    "timeStamp": 83692,
    "rotation": [
      [
        0.7488943,
        -0.253051817,
        0.6124722
      ],
      [
        0.117190711,
        0.960226834,
        0.253437936
      ],
      [
        -0.6522451,
        -0.118022166,
        0.7487637
      ]
    ],
    "translation": [
      2.20492148,
      0.957203746,
      -0.7280155
    ]
  },
  {
    "timeStamp": 83737,
    "rotation": [
      [
        0.7697714,
        -0.191418469,
        0.608942568
      ],
      [
        0.06955878,
        0.973451138,
        0.21807009
      ],
      [
        -0.634518445,
        -0.125506818,
        0.7626496
      ]
    ],
    "translation": [
      2.19506025,
      0.9443462,
      -0.7233532
    ]
  },
  {
    "timeStamp": 83792,
    "rotation": [
      [
        0.7847692,
        -0.138385788,
        0.604141355
      ],
      [
        0.0326477252,
        0.982631266,
        0.182674572
      ],
      [
        -0.6189278,
        -0.123633534,
        0.775656641
      ]
    ],
    "translation": [
      2.181532,
      0.929224551,
      -0.7226758
    ]
  },
  {
    "timeStamp": 83836,
    "rotation": [
      [
        0.797367156,
        -0.149861857,
        0.5845913
      ],
      [
        0.021308817,
        0.9750645,
        0.220896244
      ],
      [
        -0.6031182,
        -0.163678467,
        0.7806778
      ]
    ],
    "translation": [
      2.17727256,
      0.9286276,
      -0.720205963
    ]
  },
  {
    "timeStamp": 83881,
    "rotation": [
      [
        0.7872903,
        -0.201917544,
        0.582583368
      ],
      [
        0.050018847,
        0.962659657,
        0.2660538
      ],
      [
        -0.614550352,
        -0.180321425,
        0.7679922
      ]
    ],
    "translation": [
      2.18302464,
      0.93033427,
      -0.722855
    ]
  },
  {
    "timeStamp": 83936,
    "rotation": [
      [
        0.812091649,
        -0.238322735,
        0.5326438
      ],
      [
        0.07112214,
        0.946415663,
        0.31502232
      ],
      [
        -0.579179347,
        -0.217944235,
        0.7855263
      ]
    ],
    "translation": [
      2.182068,
      0.931662142,
      -0.7216936
    ]
  },
  {
    "timeStamp": 83992,
    "rotation": [
      [
        0.845468462,
        -0.228887647,
        0.482486844
      ],
      [
        0.102604717,
        0.9562819,
        0.273856282
      ],
      [
        -0.524075747,
        -0.182031438,
        0.831991136
      ]
    ],
    "translation": [
      2.1785326,
      0.9204825,
      -0.7256879
    ]
  },
  {
    "timeStamp": 84036,
    "rotation": [
      [
        0.839471757,
        -0.193137363,
        0.507922351
      ],
      [
        0.0813479051,
        0.9688389,
        0.2339525
      ],
      [
        -0.5372799,
        -0.1550781,
        0.8290242
      ]
    ],
    "translation": [
      2.18135262,
      0.914583266,
      -0.7303737
    ]
  },
  {
    "timeStamp": 84092,
    "rotation": [
      [
        0.822775364,
        -0.157100573,
        0.546223462
      ],
      [
        0.054039672,
        0.9783098,
        0.19997406
      ],
      [
        -0.5657918,
        -0.135016,
        0.813418865
      ]
    ],
    "translation": [
      2.185033,
      0.9115337,
      -0.7353475
    ]
  },
  {
    "timeStamp": 84138,
    "rotation": [
      [
        0.800535262,
        -0.114707462,
        0.588205338
      ],
      [
        0.01984772,
        0.9860471,
        0.1652793
      ],
      [
        -0.5989569,
        -0.120637372,
        0.7916421
      ]
    ],
    "translation": [
      2.18559337,
      0.909231365,
      -0.7379257
    ]
  },
  {
    "timeStamp": 84183,
    "rotation": [
      [
        0.7656439,
        -0.152260333,
        0.624985
      ],
      [
        0.05114033,
        0.982915461,
        0.17681025
      ],
      [
        -0.6412286,
        -0.103411749,
        0.76034987
      ]
    ],
    "translation": [
      2.19073677,
      0.9127612,
      -0.741947234
    ]
  },
  {
    "timeStamp": 84234,
    "rotation": [
      [
        0.765156269,
        -0.134042546,
        0.629736841
      ],
      [
        0.0272267368,
        0.9839497,
        0.176356867
      ],
      [
        -0.6432687,
        -0.117794879,
        0.7565248
      ]
    ],
    "translation": [
      2.18759632,
      0.9173461,
      -0.7398996
    ]
  },
  {
    "timeStamp": 84283,
    "rotation": [
      [
        0.7152876,
        -0.125717029,
        0.68742913
      ],
      [
        -0.0003300243,
        0.9836247,
        0.180228665
      ],
      [
        -0.698830068,
        -0.12914221,
        0.7035331
      ]
    ],
    "translation": [
      2.18806314,
      0.9228638,
      -0.7413729
    ]
  },
  {
    "timeStamp": 84339,
    "rotation": [
      [
        0.6383074,
        -0.0925357044,
        0.764199436
      ],
      [
        -0.04850353,
        0.985941,
        0.159899235
      ],
      [
        -0.768251956,
        -0.139131233,
        0.6248451
      ]
    ],
    "translation": [
      2.187815,
      0.9233593,
      -0.7468875
    ]
  },
  {
    "timeStamp": 84383,
    "rotation": [
      [
        0.583595455,
        -0.089911744,
        0.807051539
      ],
      [
        -0.0404451229,
        0.9893995,
        0.1394734
      ],
      [
        -0.8110367,
        -0.114037342,
        0.57377255
      ]
    ],
    "translation": [
      2.18374729,
      0.9175983,
      -0.7522275
    ]
  },
  {
    "timeStamp": 84439,
    "rotation": [
      [
        0.5522616,
        -0.08899198,
        0.8289075
      ],
      [
        -0.02298991,
        0.9922824,
        0.121849075
      ],
      [
        -0.8333539,
        -0.08634908,
        0.5459535
      ]
    ],
    "translation": [
      2.17411661,
      0.9055455,
      -0.7529632
    ]
  },
  {
    "timeStamp": 84483,
    "rotation": [
      [
        0.512110054,
        -0.07106887,
        0.855974555
      ],
      [
        -0.02786065,
        0.9946721,
        0.09925287
      ],
      [
        -0.8584679,
        -0.0746764,
        0.5074015
      ]
    ],
    "translation": [
      2.16820669,
      0.8941362,
      -0.752482355
    ]
  },
  {
    "timeStamp": 84539,
    "rotation": [
      [
        0.475736082,
        -0.05952145,
        0.8775718
      ],
      [
        -0.02183239,
        0.996601343,
        0.07943009
      ],
      [
        -0.8793171,
        -0.05694725,
        0.472819716
      ]
    ],
    "translation": [
      2.16530943,
      0.881564736,
      -0.7496947
    ]
  },
  {
    "timeStamp": 84583,
    "rotation": [
      [
        0.4507895,
        -0.0525368862,
        0.8910829
      ],
      [
        -0.0190426521,
        0.9974733,
        0.06844298
      ],
      [
        -0.892427146,
        -0.0478219576,
        0.448650032
      ]
    ],
    "translation": [
      2.164442,
      0.8748573,
      -0.747054338
    ]
  },
  {
    "timeStamp": 84640,
    "rotation": [
      [
        0.4463543,
        -0.042681925,
        0.893837869
      ],
      [
        -0.00608449243,
        0.998694,
        0.050727345
      ],
      [
        -0.8948357,
        -0.0280809179,
        0.445511639
      ]
    ],
    "translation": [
      2.163478,
      0.8675794,
      -0.7428144
    ]
  }
]