[
  {
    "timeStamp": 0,
    "rotation": [
      [
        0.829071045,
        0.259962916,
        0.4950359
      ],
      [
        0.195913732,
        0.6941637,
        -0.692643166
      ],
      [
        -0.5236975,
        0.6712347,
        0.5245807
      ]
    ],
    "translation": [
      1.43781865,
      1.53940368,
      -1.07881212
    ]
  },
  {
    "timeStamp": 17,
    "rotation": [
      [
        0.829261,
        0.259117067,
        0.495161116
      ],
      [
        0.196334183,
        0.6944668,
        -0.692220151
      ],
      [
        -0.523239,
        0.671248257,
        0.5250207
      ]
    ],
    "translation": [
      1.43763208,
      1.53934884,
      -1.07889557
    ]
  },
  {
    "timeStamp": 24,
    "rotation": [
      [
        0.8272356,
        0.261485159,
        0.497299433
      ],
      [
        0.19576703,
        0.6954948,
        -0.691348135
      ],
      [
        -0.526646435,
        0.6692626,
        0.524147868
      ]
    ],
    "translation": [
      1.43856049,
      1.53948641,
      -1.07854211
    ]
  },
  {
    "timeStamp": 59,
    "rotation": [
      [
        0.7973709,
        0.286102653,
        0.531361341
      ],
      [
        0.201019138,
        0.7042843,
        -0.6808633
      ],
      [
        -0.5690263,
        0.6497144,
        0.5040638
      ]
    ],
    "translation": [
      1.45110917,
      1.54057932,
      -1.07604444
    ]
  },
  {
    "timeStamp": 109,
    "rotation": [
      [
        0.7846604,
        0.292535782,
        0.546562731
      ],
      [
        0.209293067,
        0.704885244,
        -0.6777413
      ],
      [
        -0.583527565,
        0.646188557,
        0.491869837
      ]
    ],
    "translation": [
      1.45599329,
      1.54079831,
      -1.07572877
    ]
  },
  {
    "timeStamp": 165,
    "rotation": [
      [
        0.777910054,
        0.297822177,
        0.553315461
      ],
      [
        0.213677481,
        0.702701747,
        -0.67864
      ],
      [
        -0.590929747,
        0.64615196,
        0.483000815
      ]
    ],
    "translation": [
      1.459907,
      1.54053521,
      -1.07502854
    ]
  },
  {
    "timeStamp": 208,
    "rotation": [
      [
        0.7863909,
        0.3050961,
        0.5371273
      ],
      [
        0.199418724,
        0.6975789,
        -0.6881975
      ],
      [
        -0.584655046,
        0.648305535,
        0.487727821
      ]
    ],
    "translation": [
      1.46118546,
      1.5390135,
      -1.07306874
    ]
  },
  {
    "timeStamp": 348,
    "rotation": [
      [
        0.7939282,
        0.306090355,
        0.5253444
      ],
      [
        0.191672981,
        0.6939804,
        -0.694012
      ],
      [
        -0.5770091,
        0.65169,
        0.492301375
      ]
    ],
    "translation": [
      1.46073222,
      1.53830338,
      -1.072169
    ]
  },
  {
    "timeStamp": 351,
    "rotation": [
      [
        0.7939282,
        0.306090355,
        0.5253444
      ],
      [
        0.191672981,
        0.6939804,
        -0.694012
      ],
      [
        -0.5770091,
        0.65169,
        0.492301375
      ]
    ],
    "translation": [
      1.46073222,
      1.53830338,
      -1.072169
    ]
  },
  {
    "timeStamp": 389,
    "rotation": [
      [
        0.880364537,
        0.2801402,
        0.38272664
      ],
      [
        0.114611022,
        0.6573701,
        -0.7448012
      ],
      [
        -0.460241824,
        0.6995613,
        0.546618164
      ]
    ],
    "translation": [
      1.45749,
      1.5285691,
      -1.05737472
    ]
  },
  {
    "timeStamp": 441,
    "rotation": [
      [
        0.9061551,
        0.2614563,
        0.332450718
      ],
      [
        0.0919688642,
        0.6454209,
        -0.7582701
      ],
      [
        -0.412825167,
        0.717685461,
        0.5608056
      ]
    ],
    "translation": [
      1.45705056,
      1.5253278,
      -1.05181158
    ]
  },
  {
    "timeStamp": 486,
    "rotation": [
      [
        0.919979334,
        0.249927178,
        0.301950961
      ],
      [
        0.07959176,
        0.635185957,
        -0.7682473
      ],
      [
        -0.3838009,
        0.730804443,
        0.5644658
      ]
    ],
    "translation": [
      1.45776725,
      1.52245748,
      -1.04789829
    ]
  },
  {
    "timeStamp": 542,
    "rotation": [
      [
        0.932783067,
        0.235733315,
        0.272663772
      ],
      [
        0.06895634,
        0.6257941,
        -0.7769342
      ],
      [
        -0.353780657,
        0.743513,
        0.567474842
      ]
    ],
    "translation": [
      1.4592886,
      1.51978469,
      -1.04413152
    ]
  },
  {
    "timeStamp": 586,
    "rotation": [
      [
        0.9478971,
        0.212547868,
        0.237306833
      ],
      [
        0.057407815,
        0.6187407,
        -0.783494949
      ],
      [
        -0.313361555,
        0.7562958,
        0.5743005
      ]
    ],
    "translation": [
      1.46181536,
      1.51699138,
      -1.03942549
    ]
  },
  {
    "timeStamp": 641,
    "rotation": [
      [
        0.959905,
        0.191198289,
        0.20500125
      ],
      [
        0.04588385,
        0.6142712,
        -0.78775984
      ],
      [
        -0.2765447,
        0.7655809,
        0.580869138
      ]
    ],
    "translation": [
      1.46593809,
      1.5155313,
      -1.03588283
    ]
  },
  {
    "timeStamp": 686,
    "rotation": [
      [
        0.9646667,
        0.1771663,
        0.195013344
      ],
      [
        0.0464577153,
        0.6141884,
        -0.7877908
      ],
      [
        -0.2593449,
        0.769015431,
        0.5842564
      ]
    ],
    "translation": [
      1.47236288,
      1.51523125,
      -1.03363407
    ]
  },
  {
    "timeStamp": 741,
    "rotation": [
      [
        0.9635068,
        0.165585235,
        0.2103239
      ],
      [
        0.06614227,
        0.6140854,
        -0.7864632
      ],
      [
        -0.2593835,
        0.771674,
        0.5807233
      ]
    ],
    "translation": [
      1.48398328,
      1.5146203,
      -1.03193283
    ]
  },
  {
    "timeStamp": 786,
    "rotation": [
      [
        0.961671233,
        0.161278412,
        0.221760526
      ],
      [
        0.07868732,
        0.612410545,
        -0.786614
      ],
      [
        -0.262672335,
        0.7739138,
        0.576247036
      ]
    ],
    "translation": [
      1.49435735,
      1.51377606,
      -1.03085506
    ]
  },
  {
    "timeStamp": 842,
    "rotation": [
      [
        0.961549163,
        0.1564516,
        0.225712582
      ],
      [
        0.08536554,
        0.6108914,
        -0.787098765
      ],
      [
        -0.2610287,
        0.776102245,
        0.574046552
      ]
    ],
    "translation": [
      1.50502145,
      1.512823,
      -1.02970946
    ]
  },
  {
    "timeStamp": 888,
    "rotation": [
      [
        0.9639038,
        0.149191037,
        0.220525712
      ],
      [
        0.08599359,
        0.6094271,
        -0.7881648
      ],
      [
        -0.251981467,
        0.778678834,
        0.574599564
      ]
    ],
    "translation": [
      1.5184629,
      1.51146269,
      -1.02738786
    ]
  },
  {
    "timeStamp": 933,
    "rotation": [
      [
        0.9659077,
        0.144997418,
        0.214471936
      ],
      [
        0.08484496,
        0.605388045,
        -0.791395366
      ],
      [
        -0.244589046,
        0.7826117,
        0.572446644
      ]
    ],
    "translation": [
      1.52958167,
      1.5096792,
      -1.02537429
    ]
  },
  {
    "timeStamp": 990,
    "rotation": [
      [
        0.9683827,
        0.138864085,
        0.207247928
      ],
      [
        0.08329105,
        0.603114545,
        -0.7932941
      ],
      [
        -0.235154286,
        0.7854741,
        0.572479546
      ]
    ],
    "translation": [
      1.54381776,
      1.506475,
      -1.0213691
    ]
  },
  {
    "timeStamp": 1035,
    "rotation": [
      [
        0.9704296,
        0.13486588,
        0.200193807
      ],
      [
        0.08031204,
        0.60171,
        -0.7946666
      ],
      [
        -0.227632031,
        0.7872459,
        0.5730859
      ]
    ],
    "translation": [
      1.55457783,
      1.50177014,
      -1.01778376
    ]
  },
  {
    "timeStamp": 1090,
    "rotation": [
      [
        0.9733984,
        0.132534027,
        0.186896652
      ],
      [
        0.07265662,
        0.5950627,
        -0.8003883
      ],
      [
        -0.217293918,
        0.7926759,
        0.5696036
      ]
    ],
    "translation": [
      1.56543922,
      1.49485636,
      -1.01350892
    ]
  },
  {
    "timeStamp": 1135,
    "rotation": [
      [
        0.9749357,
        0.131127477,
        0.179738536
      ],
      [
        0.0708745,
        0.582733154,
        -0.8095671
      ],
      [
        -0.2108961,
        0.802014768,
        0.5588338
      ]
    ],
    "translation": [
      1.57197022,
      1.49274993,
      -1.01073468
    ]
  },
  {
    "timeStamp": 1191,
    "rotation": [
      [
        0.9765019,
        0.121237047,
        0.17817311
      ],
      [
        0.07441997,
        0.5861967,
        -0.8067435
      ],
      [
        -0.202251688,
        0.8010462,
        0.563399732
      ]
    ],
    "translation": [
      1.57809711,
      1.49606419,
      -1.00443685
    ]
  },
  {
    "timeStamp": 1235,
    "rotation": [
      [
        0.9775457,
        0.112311989,
        0.178298533
      ],
      [
        0.07690774,
        0.5976045,
        -0.798094
      ],
      [
        -0.196187541,
        0.7938859,
        0.5755481
      ]
    ],
    "translation": [
      1.58160949,
      1.50067413,
      -0.997967839
    ]
  },
  {
    "timeStamp": 1290,
    "rotation": [
      [
        0.978120565,
        0.104088716,
        0.1801265
      ],
      [
        0.07867742,
        0.616446853,
        -0.7834559
      ],
      [
        -0.192587331,
        0.7804862,
        0.594769955
      ]
    ],
    "translation": [
      1.58372355,
      1.50507581,
      -0.98838675
    ]
  },
  {
    "timeStamp": 1335,
    "rotation": [
      [
        0.978411257,
        0.09841107,
        0.1817326
      ],
      [
        0.0812733248,
        0.6252792,
        -0.776157558
      ],
      [
        -0.1900161,
        0.7741713,
        0.603782
      ]
    ],
    "translation": [
      1.58266592,
      1.50687361,
      -0.9813248
    ]
  },
  {
    "timeStamp": 1390,
    "rotation": [
      [
        0.9778868,
        0.09348903,
        0.18707554
      ],
      [
        0.0871666744,
        0.63092,
        -0.7709358
      ],
      [
        -0.190103725,
        0.77019465,
        0.6088191
      ]
    ],
    "translation": [
      1.57785678,
      1.50783539,
      -0.9733405
    ]
  },
  {
    "timeStamp": 1436,
    "rotation": [
      [
        0.975761354,
        0.09208396,
        0.198520467
      ],
      [
        0.09567044,
        0.6363786,
        -0.765421152
      ],
      [
        -0.196817175,
        0.7658609,
        0.6121439
      ]
    ],
    "translation": [
      1.57159042,
      1.50812054,
      -0.966904759
    ]
  },
  {
    "timeStamp": 1490,
    "rotation": [
      [
        0.9706979,
        0.09269864,
        0.221703917
      ],
      [
        0.114467517,
        0.6328344,
        -0.765779257
      ],
      [
        -0.211288542,
        0.7687182,
        0.60368
      ]
    ],
    "translation": [
      1.56137359,
      1.50929832,
      -0.959143043
    ]
  },
  {
    "timeStamp": 1535,
    "rotation": [
      [
        0.964611948,
        0.09276343,
        0.24681735
      ],
      [
        0.136987,
        0.623517454,
        -0.7697146
      ],
      [
        -0.225296289,
        0.776286662,
        0.588745
      ]
    ],
    "translation": [
      1.55279362,
      1.511092,
      -0.9526979
    ]
  },
  {
    "timeStamp": 1591,
    "rotation": [
      [
        0.9554904,
        0.0891207159,
        0.2812394
      ],
      [
        0.165231332,
        0.6280914,
        -0.7603945
      ],
      [
        -0.244410947,
        0.7730192,
        0.58540976
      ]
    ],
    "translation": [
      1.544427,
      1.51083887,
      -0.9431542
    ]
  },
  {
    "timeStamp": 1634,
    "rotation": [
      [
        0.947588265,
        0.08890544,
        0.306875229
      ],
      [
        0.185642615,
        0.628507257,
        -0.7553248
      ],
      [
        -0.260025769,
        0.772706,
        0.5790614
      ]
    ],
    "translation": [
      1.54053259,
      1.50665176,
      -0.936768651
    ]
  },
  {
    "timeStamp": 1690,
    "rotation": [
      [
        0.939793348,
        0.08301629,
        0.331506848
      ],
      [
        0.215067878,
        0.610191643,
        -0.762503743
      ],
      [
        -0.265582949,
        0.787892461,
        0.5555999
      ]
    ],
    "translation": [
      1.53977323,
      1.50081372,
      -0.932028532
    ]
  },
  {
    "timeStamp": 1735,
    "rotation": [
      [
        0.936437666,
        0.07807163,
        0.342037052
      ],
      [
        0.23148869,
        0.5950801,
        -0.7696055
      ],
      [
        -0.2636238,
        0.7998653,
        0.5391827
      ]
    ],
    "translation": [
      1.54217243,
      1.49964237,
      -0.9289737
    ]
  },
  {
    "timeStamp": 1790,
    "rotation": [
      [
        0.9353701,
        0.0770977959,
        0.3451649
      ],
      [
        0.233100429,
        0.5995868,
        -0.7656108
      ],
      [
        -0.2659832,
        0.7965875,
        0.542863965
      ]
    ],
    "translation": [
      1.54765892,
      1.5034585,
      -0.9233345
    ]
  },
  {
    "timeStamp": 1834,
    "rotation": [
      [
        0.936288059,
        0.08111808,
        0.3417374
      ],
      [
        0.223515645,
        0.61291784,
        -0.757873654
      ],
      [
        -0.270934165,
        0.7859717,
        0.555736542
      ]
    ],
    "translation": [
      1.55359137,
      1.50698376,
      -0.9175416
    ]
  },
  {
    "timeStamp": 1890,
    "rotation": [
      [
        0.9419252,
        0.08264768,
        0.325493723
      ],
      [
        0.205702543,
        0.6241401,
        -0.7537477
      ],
      [
        -0.2654492,
        0.7769289,
        0.5708925
      ]
    ],
    "translation": [
      1.563221,
      1.50772619,
      -0.9093586
    ]
  },
  {
    "timeStamp": 1935,
    "rotation": [
      [
        0.9485066,
        0.07960691,
        0.306591
      ],
      [
        0.1925439,
        0.6236602,
        -0.7576113
      ],
      [
        -0.2515197,
        0.7776315,
        0.576217949
      ]
    ],
    "translation": [
      1.57333207,
      1.50554907,
      -0.902669549
    ]
  },
  {
    "timeStamp": 1990,
    "rotation": [
      [
        0.9571959,
        0.07666934,
        0.279101938
      ],
      [
        0.174319685,
        0.617078245,
        -0.7673507
      ],
      [
        -0.231060028,
        0.7831579,
        0.5772998
      ]
    ],
    "translation": [
      1.58940971,
      1.50127959,
      -0.8937069
    ]
  },
  {
    "timeStamp": 2035,
    "rotation": [
      [
        0.962881565,
        0.07572865,
        0.2590834
      ],
      [
        0.160835057,
        0.609875143,
        -0.776005447
      ],
      [
        -0.216774344,
        0.78887105,
        0.5750577
      ]
    ],
    "translation": [
      1.60464954,
      1.49796629,
      -0.886000156
    ]
  },
  {
    "timeStamp": 2090,
    "rotation": [
      [
        0.9689777,
        0.0718721449,
        0.236466676
      ],
      [
        0.147862419,
        0.598075867,
        -0.787681341
      ],
      [
        -0.198037386,
        0.7982102,
        0.568895042
      ]
    ],
    "translation": [
      1.62536752,
      1.49425066,
      -0.8763715
    ]
  },
  {
    "timeStamp": 2134,
    "rotation": [
      [
        0.9731853,
        0.0696013346,
        0.219239682
      ],
      [
        0.136814132,
        0.591053069,
        -0.794945359
      ],
      [
        -0.184911564,
        0.8036242,
        0.5656817
      ]
    ],
    "translation": [
      1.64206624,
      1.49103928,
      -0.8680544
    ]
  },
  {
    "timeStamp": 2190,
    "rotation": [
      [
        0.97745657,
        0.0685429,
        0.199700877
      ],
      [
        0.123175927,
        0.5830763,
        -0.803025365
      ],
      [
        -0.171482518,
        0.8095208,
        0.561489
      ]
    ],
    "translation": [
      1.66222692,
      1.48563671,
      -0.857249
    ]
  },
  {
    "timeStamp": 2234,
    "rotation": [
      [
        0.9810593,
        0.0630222559,
        0.1831689
      ],
      [
        0.114235759,
        0.5754269,
        -0.809835851
      ],
      [
        -0.156438,
        0.815421462,
        0.557328463
      ]
    ],
    "translation": [
      1.67754817,
      1.48066473,
      -0.84907794
    ]
  },
  {
    "timeStamp": 2290,
    "rotation": [
      [
        0.98563844,
        0.0568335839,
        0.159018174
      ],
      [
        0.09960208,
        0.5647738,
        -0.819213033
      ],
      [
        -0.1363681,
        0.823286355,
        0.551002
      ]
    ],
    "translation": [
      1.6950767,
      1.4740082,
      -0.839361548
    ]
  },
  {
    "timeStamp": 2334,
    "rotation": [
      [
        0.989106953,
        0.0508513525,
        0.138135821
      ],
      [
        0.0869342461,
        0.5554829,
        -0.826971054
      ],
      [
        -0.118784696,
        0.829971552,
        0.545011342
      ]
    ],
    "translation": [
      1.70778775,
      1.46899724,
      -0.8325914
    ]
  },
  {
    "timeStamp": 2390,
    "rotation": [
      [
        0.9929466,
        0.0439895727,
        0.110099107
      ],
      [
        0.06881315,
        0.54238236,
        -0.8373089
      ],
      [
        -0.09654867,
        0.8389793,
        0.5355297
      ]
    ],
    "translation": [
      1.721419,
      1.46353412,
      -0.8259461
    ]
  },
  {
    "timeStamp": 2434,
    "rotation": [
      [
        0.995027,
        0.03999449,
        0.0912228748
      ],
      [
        0.0556564741,
        0.536282539,
        -0.842201531
      ],
      [
        -0.0826046541,
        0.8430904,
        0.531389654
      ]
    ],
    "translation": [
      1.730745,
      1.46029878,
      -0.821690559
    ]
  },
  {
    "timeStamp": 2490,
    "rotation": [
      [
        0.996386051,
        0.03644261,
        0.0767250061
      ],
      [
        0.0454312377,
        0.534572542,
        -0.843900561
      ],
      [
        -0.07176902,
        0.84433645,
        0.530985057
      ]
    ],
    "translation": [
      1.74055767,
      1.45764256,
      -0.8175416
    ]
  },
  {
    "timeStamp": 2534,
    "rotation": [
      [
        0.997114,
        0.033962138,
        0.06789922
      ],
      [
        0.0391920134,
        0.535706,
        -0.8434946
      ],
      [
        -0.0650209,
        0.84372133,
        0.532828867
      ]
    ],
    "translation": [
      1.74684632,
      1.45629621,
      -0.8155469
    ]
  },
  {
    "timeStamp": 2595,
    "rotation": [
      [
        0.997751653,
        0.0295395758,
        0.06015813
      ],
      [
        0.0348596461,
        0.537897646,
        -0.8422891
      ],
      [
        -0.0572397821,
        0.842492461,
        0.535658538
      ]
    ],
    "translation": [
      1.75162029,
      1.455337,
      -0.814678431
    ]
  },
  {
    "timeStamp": 2634,
    "rotation": [
      [
        0.9984647,
        0.0254810639,
        0.04918378
      ],
      [
        0.02773117,
        0.53869164,
        -0.8420465
      ],
      [
        -0.0479511321,
        0.8421176,
        0.537157953
      ]
    ],
    "translation": [
      1.75623631,
      1.45485151,
      -0.814871669
    ]
  },
  {
    "timeStamp": 2688,
    "rotation": [
      [
        0.9986738,
        0.0265082661,
        0.04413503
      ],
      [
        0.0229723938,
        0.5377476,
        -0.8427928
      ],
      [
        -0.0460744873,
        0.842689,
        0.536425531
      ]
    ],
    "translation": [
      1.75961721,
      1.45549607,
      -0.8165684
    ]
  },
  {
    "timeStamp": 2741,
    "rotation": [
      [
        0.997762859,
        0.0352021,
        0.0568329729
      ],
      [
        0.0290194955,
        0.5377952,
        -0.842575967
      ],
      [
        -0.06022494,
        0.8423403,
        0.5355705
      ]
    ],
    "translation": [
      1.76259887,
      1.45748067,
      -0.819060564
    ]
  },
  {
    "timeStamp": 2786,
    "rotation": [
      [
        0.9952921,
        0.0456677228,
        0.0854875743
      ],
      [
        0.0474077873,
        0.5399255,
        -0.8403767
      ],
      [
        -0.08453501,
        0.840473056,
        0.535218537
      ]
    ],
    "translation": [
      1.76534581,
      1.45971012,
      -0.8211056
    ]
  },
  {
    "timeStamp": 2841,
    "rotation": [
      [
        0.9887978,
        0.0596344955,
        0.136830464
      ],
      [
        0.08222763,
        0.547433,
        -0.8327999
      ],
      [
        -0.124569118,
        0.8347219,
        0.536397
      ]
    ],
    "translation": [
      1.76878619,
      1.46286178,
      -0.823070049
    ]
  },
  {
    "timeStamp": 2885,
    "rotation": [
      [
        0.981096864,
        0.06665101,
        0.181677371
      ],
      [
        0.115603864,
        0.55103004,
        -0.826439142
      ],
      [
        -0.155192688,
        0.8318194,
        0.532908738
      ]
    ],
    "translation": [
      1.77175617,
      1.46525311,
      -0.8248271
    ]
  },
  {
    "timeStamp": 2941,
    "rotation": [
      [
        0.969703436,
        0.07581654,
        0.232222214
      ],
      [
        0.1521817,
        0.556133,
        -0.8170415
      ],
      [
        -0.191091686,
        0.8276279,
        0.5277462
      ]
    ],
    "translation": [
      1.77522635,
      1.468145,
      -0.826692462
    ]
  },
  {
    "timeStamp": 2986,
    "rotation": [
      [
        0.9597709,
        0.08495601,
        0.267623216
      ],
      [
        0.176228881,
        0.5597595,
        -0.8096991
      ],
      [
        -0.218593463,
        0.8242886,
        0.5222692
      ]
    ],
    "translation": [
      1.77829957,
      1.47006655,
      -0.8277323
    ]
  },
  {
    "timeStamp": 3042,
    "rotation": [
      [
        0.9494933,
        0.09808227,
        0.2980643
      ],
      [
        0.194373667,
        0.5618608,
        -0.8040717
      ],
      [
        -0.246335819,
        0.8213965,
        0.5144184
      ]
    ],
    "translation": [
      1.78148019,
      1.47129512,
      -0.8287641
    ]
  },
  {
    "timeStamp": 3088,
    "rotation": [
      [
        0.935586751,
        0.115425266,
        0.333698183
      ],
      [
        0.21524851,
        0.5627181,
        -0.7981331
      ],
      [
        -0.279902726,
        0.818550766,
        0.5016265
      ]
    ],
    "translation": [
      1.78591442,
      1.47224855,
      -0.8300847
    ]
  },
  {
    "timeStamp": 3133,
    "rotation": [
      [
        0.9240595,
        0.125891551,
        0.360922843
      ],
      [
        0.232497558,
        0.564364851,
        -0.7921093
      ],
      [
        -0.30341205,
        0.815869868,
        0.49223724
      ]
    ],
    "translation": [
      1.79016578,
      1.47257185,
      -0.8306997
    ]
  },
  {
    "timeStamp": 3189,
    "rotation": [
      [
        0.909376442,
        0.1383894,
        0.39227888
      ],
      [
        0.252496541,
        0.5657916,
        -0.7849365
      ],
      [
        -0.330575,
        0.812851846,
        0.47957477
      ]
    ],
    "translation": [
      1.79575849,
      1.47308969,
      -0.8315855
    ]
  },
  {
    "timeStamp": 3234,
    "rotation": [
      [
        0.8993423,
        0.145599872,
        0.4122913
      ],
      [
        0.264195681,
        0.5703858,
        -0.7777279
      ],
      [
        -0.348402172,
        0.80836916,
        0.4745052
      ]
    ],
    "translation": [
      1.80098855,
      1.47326756,
      -0.8314314
    ]
  },
  {
    "timeStamp": 3290,
    "rotation": [
      [
        0.889852762,
        0.15175274,
        0.430271029
      ],
      [
        0.2748002,
        0.574549735,
        -0.7709588
      ],
      [
        -0.3642072,
        0.8042784,
        0.469563
      ]
    ],
    "translation": [
      1.80827558,
      1.47342253,
      -0.831347942
    ]
  },
  {
    "timeStamp": 3339,
    "rotation": [
      [
        0.8864768,
        0.155256987,
        0.435951948
      ],
      [
        0.275470525,
        0.5799278,
        -0.766681
      ],
      [
        -0.371853232,
        0.799736857,
        0.471323818
      ]
    ],
    "translation": [
      1.81469953,
      1.47294545,
      -0.8303002
    ]
  },
  {
    "timeStamp": 3384,
    "rotation": [
      [
        0.8840697,
        0.161380664,
        0.43860805
      ],
      [
        0.273019969,
        0.583364666,
        -0.764948249
      ],
      [
        -0.379316241,
        0.796016335,
        0.4716749
      ]
    ],
    "translation": [
      1.82333159,
      1.471879,
      -0.8292558
    ]
  },
  {
    "timeStamp": 3440,
    "rotation": [
      [
        0.8826883,
        0.1698798,
        0.438180625
      ],
      [
        0.267326623,
        0.585343659,
        -0.76544714
      ],
      [
        -0.386520237,
        0.792788565,
        0.471262574
      ]
    ],
    "translation": [
      1.83177853,
      1.4703021,
      -0.8278065
    ]
  },
  {
    "timeStamp": 3484,
    "rotation": [
      [
        0.883615255,
        0.171188474,
        0.4357965
      ],
      [
        0.263158977,
        0.588258862,
        -0.764656
      ],
      [
        -0.38726148,
        0.7903455,
        0.4747447
      ]
    ],
    "translation": [
      1.838495,
      1.46881127,
      -0.825953245
    ]
  },
  {
    "timeStamp": 3540,
    "rotation": [
      [
        0.8867375,
        0.170333356,
        0.42974773
      ],
      [
        0.257561862,
        0.5899306,
        -0.7652737
      ],
      [
        -0.383872956,
        0.7892835,
        0.4792422
      ]
    ],
    "translation": [
      1.84647989,
      1.4667635,
      -0.8231641
    ]
  },
  {
    "timeStamp": 3584,
    "rotation": [
      [
        0.888552547,
        0.170643985,
        0.425857931
      ],
      [
        0.252742767,
        0.592609763,
        -0.764810264
      ],
      [
        -0.382877856,
        0.78720665,
        0.4834359
      ]
    ],
    "translation": [
      1.85234451,
      1.46489048,
      -0.82025373
    ]
  },
  {
    "timeStamp": 3639,
    "rotation": [
      [
        0.893332064,
        0.170722947,
        0.415705979
      ],
      [
        0.243208721,
        0.5941953,
        -0.7666691
      ],
      [
        -0.377898544,
        0.7859934,
        0.489292383
      ]
    ],
    "translation": [
      1.85845733,
      1.46202064,
      -0.81594646
    ]
  },
  {
    "timeStamp": 3684,
    "rotation": [
      [
        0.898426533,
        0.1703683,
        0.404727548
      ],
      [
        0.233667657,
        0.594869,
        -0.7691101
      ],
      [
        -0.37179184,
        0.785560668,
        0.494636536
      ]
    ],
    "translation": [
      1.86249471,
      1.45961571,
      -0.8122741
    ]
  },
  {
    "timeStamp": 3739,
    "rotation": [
      [
        0.9058044,
        0.169702843,
        0.388225943
      ],
      [
        0.219948992,
        0.5948119,
        -0.773189
      ],
      [
        -0.3621338,
        0.7857479,
        0.5014573
      ]
    ],
    "translation": [
      1.86600375,
      1.45683813,
      -0.8079357
    ]
  },
  {
    "timeStamp": 3785,
    "rotation": [
      [
        0.9118311,
        0.165214092,
        0.3758569
      ],
      [
        0.2137666,
        0.5905407,
        -0.7781809
      ],
      [
        -0.35052526,
        0.7899152,
        0.5031561
      ]
    ],
    "translation": [
      1.868018,
      1.45483923,
      -0.8054457
    ]
  },
  {
    "timeStamp": 3842,
    "rotation": [
      [
        0.916209638,
        0.160248235,
        0.367260575
      ],
      [
        0.212410033,
        0.5829408,
        -0.784258842
      ],
      [
        -0.3397673,
        0.79655534,
        0.5000577
      ]
    ],
    "translation": [
      1.86940181,
      1.452614,
      -0.803491831
    ]
  },
  {
    "timeStamp": 3888,
    "rotation": [
      [
        0.921363235,
        0.152603447,
        0.357494026
      ],
      [
        0.210065737,
        0.578349948,
        -0.788279
      ],
      [
        -0.327050716,
        0.8013885,
        0.5008136
      ]
    ],
    "translation": [
      1.8703531,
      1.44950819,
      -0.800473
    ]
  },
  {
    "timeStamp": 3933,
    "rotation": [
      [
        0.925385535,
        0.143866733,
        0.3506621
      ],
      [
        0.210544288,
        0.5741846,
        -0.791191
      ],
      [
        -0.315170825,
        0.8059866,
        0.5010518
      ]
    ],
    "translation": [
      1.87090516,
      1.447226,
      -0.7982666
    ]
  },
  {
    "timeStamp": 3989,
    "rotation": [
      [
        0.930290163,
        0.1359267,
        0.3407112
      ],
      [
        0.207684115,
        0.570442557,
        -0.7946462
      ],
      [
        -0.3023698,
        0.810011864,
        0.5024473
      ]
    ],
    "translation": [
      1.8716526,
      1.44467461,
      -0.795525432
    ]
  },
  {
    "timeStamp": 4033,
    "rotation": [
      [
        0.9319444,
        0.131534353,
        0.337903
      ],
      [
        0.208349377,
        0.568439066,
        -0.7959068
      ],
      [
        -0.296766341,
        0.8121427,
        0.5023485
      ]
    ],
    "translation": [
      1.87250674,
      1.44255507,
      -0.793728232
    ]
  },
  {
    "timeStamp": 4089,
    "rotation": [
      [
        0.9343052,
        0.129894659,
        0.331965536
      ],
      [
        0.205340028,
        0.565118551,
        -0.799047232
      ],
      [
        -0.29139185,
        0.8147198,
        0.5013206
      ]
    ],
    "translation": [
      1.87326634,
      1.44037008,
      -0.7919886
    ]
  },
  {
    "timeStamp": 4134,
    "rotation": [
      [
        0.9358687,
        0.127727449,
        0.328383267
      ],
      [
        0.204262629,
        0.562724769,
        -0.8010104
      ],
      [
        -0.2871004,
        0.816716969,
        0.5005465
      ]
    ],
    "translation": [
      1.87321746,
      1.43884456,
      -0.7908599
    ]
  },
  {
    "timeStamp": 4183,
    "rotation": [
      [
        0.9383226,
        0.125626564,
        0.322131485
      ],
      [
        0.2019672,
        0.5570532,
        -0.8055439
      ],
      [
        -0.2806421,
        0.82092005,
        0.497323155
      ]
    ],
    "translation": [
      1.871919,
      1.43729424,
      -0.7906267
    ]
  },
  {
    "timeStamp": 4241,
    "rotation": [
      [
        0.9408879,
        0.1232767,
        0.315488279
      ],
      [
        0.200430065,
        0.5482188,
        -0.811963
      ],
      [
        -0.273052722,
        0.8271995,
        0.491104066
      ]
    ],
    "translation": [
      1.86807323,
      1.436688,
      -0.790523946
    ]
  },
  {
    "timeStamp": 4284,
    "rotation": [
      [
        0.942070544,
        0.120945022,
        0.312850624
      ],
      [
        0.2004145,
        0.544944763,
        -0.814167857
      ],
      [
        -0.268955857,
        0.829703331,
        0.489137232
      ]
    ],
    "translation": [
      1.86340082,
      1.43752074,
      -0.790858567
    ]
  },
  {
    "timeStamp": 4339,
    "rotation": [
      [
        0.9443537,
        0.112639025,
        0.3090445
      ],
      [
        0.200756758,
        0.5468839,
        -0.8127821
      ],
      [
        -0.26056245,
        0.8295966,
        0.4938388
      ]
    ],
    "translation": [
      1.85547614,
      1.43984318,
      -0.7911332
    ]
  },
  {
    "timeStamp": 4384,
    "rotation": [
      [
        0.948702931,
        0.1029376,
        0.2989423
      ],
      [
        0.196381733,
        0.549155056,
        -0.812319458
      ],
      [
        -0.2477839,
        0.8293567,
        0.50077
      ]
    ],
    "translation": [
      1.84705567,
      1.44170213,
      -0.791548133
    ]
  },
  {
    "timeStamp": 4439,
    "rotation": [
      [
        0.9596173,
        0.09014392,
        0.2664746
      ],
      [
        0.174934864,
        0.5506066,
        -0.8162292
      ],
      [
        -0.220300779,
        0.8298834,
        0.51260227
      ]
    ],
    "translation": [
      1.833721,
      1.44381428,
      -0.7920268
    ]
  },
  {
    "timeStamp": 4484,
    "rotation": [
      [
        0.9722382,
        0.07540802,
        0.22150968
      ],
      [
        0.144494265,
        0.5511173,
        -0.821821868
      ],
      [
        -0.18404977,
        0.8310135,
        0.524921238
      ]
    ],
    "translation": [
      1.8204813,
      1.44555175,
      -0.792205036
    ]
  },
  {
    "timeStamp": 4540,
    "rotation": [
      [
        0.987174749,
        0.0517209657,
        0.151033208
      ],
      [
        0.0977044851,
        0.5524543,
        -0.8277972
      ],
      [
        -0.1262534,
        0.8319371,
        0.5403155
      ]
    ],
    "translation": [
      1.80227971,
      1.44776881,
      -0.7931749
    ]
  },
  {
    "timeStamp": 4584,
    "rotation": [
      [
        0.9931451,
        0.0375977345,
        0.110676087
      ],
      [
        0.07139315,
        0.5546037,
        -0.8290463
      ],
      [
        -0.0925516263,
        0.831264853,
        0.5481177
      ]
    ],
    "translation": [
      1.79154229,
      1.449331,
      -0.794589639
    ]
  },
  {
    "timeStamp": 4639,
    "rotation": [
      [
        0.999232054,
        0.008355849,
        0.0382815637
      ],
      [
        0.0270285383,
        0.5603518,
        -0.827813566
      ],
      [
        -0.02836823,
        0.828212559,
        0.5596956
      ]
    ],
    "translation": [
      1.77110589,
      1.45291257,
      -0.7980091
    ]
  },
  {
    "timeStamp": 4684,
    "rotation": [
      [
        0.9999165,
        -0.0128360325,
        -0.00153306266
      ],
      [
        0.00600516237,
        0.56623745,
        -0.8242203
      ],
      [
        0.0114477957,
        0.8241423,
        0.5662672
      ]
    ],
    "translation": [
      1.75867248,
      1.4557817,
      -0.80074203
    ]
  },
  {
    "timeStamp": 4739,
    "rotation": [
      [
        0.9984589,
        -0.04051471,
        -0.0379254
      ],
      [
        -0.008021272,
        0.570858955,
        -0.821009
      ],
      [
        0.0549129955,
        0.820048,
        0.5696542
      ]
    ],
    "translation": [
      1.74450707,
      1.45891166,
      -0.8044555
    ]
  },
  {
    "timeStamp": 4784,
    "rotation": [
      [
        0.9964663,
        -0.0602384321,
        -0.0585348569
      ],
      [
        -0.013391084,
        0.5740449,
        -0.8187143
      ],
      [
        0.0829197,
        0.8166051,
        0.5712097
      ]
    ],
    "translation": [
      1.73408461,
      1.46097231,
      -0.8071903
    ]
  },
  {
    "timeStamp": 4839,
    "rotation": [
      [
        0.9935026,
        -0.08062802,
        -0.08032244
      ],
      [
        -0.0184656214,
        0.58221215,
        -0.81282717
      ],
      [
        0.112301342,
        0.8090291,
        0.5769405
      ]
    ],
    "translation": [
      1.72197747,
      1.46327782,
      -0.8088732
    ]
  },
  {
    "timeStamp": 4884,
    "rotation": [
      [
        0.9905655,
        -0.101658605,
        -0.0918998346
      ],
      [
        -0.0153392656,
        0.5841403,
        -0.811507761
      ],
      [
        0.136179149,
        0.805261254,
        0.5770698
      ]
    ],
    "translation": [
      1.7135005,
      1.4645741,
      -0.8103019
    ]
  },
  {
    "timeStamp": 4939,
    "rotation": [
      [
        0.9867841,
        -0.123212047,
        -0.105242416
      ],
      [
        -0.0125808828,
        0.589265347,
        -0.8078416
      ],
      [
        0.161551535,
        0.798489332,
        0.579927564
      ]
    ],
    "translation": [
      1.70372689,
      1.46586514,
      -0.8111813
    ]
  },
  {
    "timeStamp": 4983,
    "rotation": [
      [
        0.983742535,
        -0.139170736,
        -0.11349979
      ],
      [
        -0.009433545,
        0.5910931,
        -0.8065482
      ],
      [
        0.179336846,
        0.794506431,
        0.5801706
      ]
    ],
    "translation": [
      1.69695425,
      1.46677482,
      -0.8117504
    ]
  },
  {
    "timeStamp": 5039,
    "rotation": [
      [
        0.979810655,
        -0.156029359,
        -0.12500371
      ],
      [
        -0.008248405,
        0.5931642,
        -0.8050393
      ],
      [
        0.199757472,
        0.789817154,
        0.579901636
      ]
    ],
    "translation": [
      1.689214,
      1.46742749,
      -0.812114358
    ]
  },
  {
    "timeStamp": 5085,
    "rotation": [
      [
        0.9777345,
        -0.165195107,
        -0.129405618
      ],
      [
        -0.00626819348,
        0.593403935,
        -0.80488044
      ],
      [
        0.209752113,
        0.7877705,
        0.579156041
      ]
    ],
    "translation": [
      1.68391252,
      1.46772027,
      -0.8120961
    ]
  },
  {
    "timeStamp": 5142,
    "rotation": [
      [
        0.976262033,
        -0.173309416,
        -0.129908592
      ],
      [
        -0.00178763957,
        0.5933151,
        -0.8049683
      ],
      [
        0.216585323,
        0.7860922,
        0.5789212
      ]
    ],
    "translation": [
      1.67965007,
      1.46758413,
      -0.8122437
    ]
  },
  {
    "timeStamp": 5188,
    "rotation": [
      [
        0.9746574,
        -0.183993,
        -0.127238184
      ],
      [
        0.00655478938,
        0.592027068,
        -0.8058914
      ],
      [
        0.223606825,
        0.784634,
        0.5782296
      ]
    ],
    "translation": [
      1.67592931,
      1.46733356,
      -0.812475562
    ]
  },
  {
    "timeStamp": 5233,
    "rotation": [
      [
        0.97474575,
        -0.189096928,
        -0.118797921
      ],
      [
        0.015986314,
        0.5896898,
        -0.8074716
      ],
      [
        0.222744331,
        0.78518033,
        0.5778206
      ]
    ],
    "translation": [
      1.67443562,
      1.4669373,
      -0.812867641
    ]
  },
  {
    "timeStamp": 5289,
    "rotation": [
      [
        0.9771955,
        -0.1874749,
        -0.09970967
      ],
      [
        0.0298668724,
        0.5862558,
        -0.80957526
      ],
      [
        0.21023041,
        0.7881353,
        0.578485847
      ]
    ],
    "translation": [
      1.67466354,
      1.46713448,
      -0.8137044
    ]
  },
  {
    "timeStamp": 5335,
    "rotation": [
      [
        0.9812122,
        -0.177934945,
        -0.0745774359
      ],
      [
        0.0449328721,
        0.586675644,
        -0.8085745
      ],
      [
        0.187626421,
        0.790032148,
        0.583648443
      ]
    ],
    "translation": [
      1.67664146,
      1.46833777,
      -0.8142743
    ]
  },
  {
    "timeStamp": 5388,
