[
  {
    "id": "006 mustard bottle(Clone)-12810",
    "pickRotation": [
      [
        -0.426300466,
        -0.0855457559,
        -0.900527537
      ],
      [
        0.902368,
        -0.1098189,
        -0.416739464
      ],
      [
        -0.0632446557,
        -0.990263462,
        0.1240096
      ]
    ],
    "pickTranslation": [
      -0.00127988576,
      -0.0226438325,
      0.170340955
    ],
    "placeRotation": [
      [
        0.382605433,
        -0.9164011,
        -0.117567874
      ],
      [
        0.0290030725,
        -0.115274429,
        0.9929102
      ],
      [
        -0.9234565,
        -0.383302659,
        -0.0175261758
      ]
    ],
    "placeTranslation": [
      -0.7215971,
      0.236963272,
      0.360741824
    ]
  },
  {
    "id": "021 bleach cleanser(Clone)-12822",
    "pickRotation": [
      [
        -0.03009081,
        0.21448952,
        0.9762626
      ],
      [
        -0.998692155,
        -0.046840366,
        -0.0204910934
      ],
      [
        0.0413333774,
        -0.975602448,
        0.215618476
      ]
    ],
    "pickTranslation": [
      0.0006759947,
      0.008990347,
      0.228471279
    ],
    "placeRotation": [
      [
        0.139920458,
        0.9885512,
        -0.0564703569
      ],
      [
        -0.03252113,
        0.06158872,
        0.997571647
      ],
      [
        0.989628553,
        -0.137744188,
        0.0407663174
      ]
    ],
    "placeTranslation": [
      -0.5047758,
      0.229543656,
      -0.0371473543
    ]
  },
  {
    "id": "002 masterchef can(Clone)-13218",
    "pickRotation": [
      [
        -0.6573275,
        -0.0753736049,
        -0.749826252
      ],
      [
        0.748370051,
        0.0517868437,
        -0.6612567
      ],
      [
        0.08867243,
        -0.9958097,
        0.02236643
      ]
    ],
    "pickTranslation": [
      0.01227156,
      0.005101205,
      0.157552823
    ],
    "placeRotation": [
      [
        0.517381251,
        -0.8557237,
        -0.007324687
      ],
      [
        0.09862963,
        0.0511260554,
        0.99381
      ],
      [
        -0.8500523,
        -0.5149011,
        0.11085137
      ]
    ],
    "placeTranslation": [
      0.678539932,
      0.1579168,
      0.430456579
    ]
  },
  {
    "id": "002 masterchef can(Clone)-13648",
    "pickRotation": [
      [
        -0.8134387,
        0.08883773,
        -0.5748263
      ],
      [
        0.573513448,
        0.2872303,
        -0.767190337
      ],
      [
        0.0969521,
        -0.953732967,
        -0.28459388
      ]
    ],
    "pickTranslation": [
      0.00698317261,
      -0.0154304737,
      0.1291901
    ],
    "placeRotation": [
      [
        0.723565042,
        -0.6881102,
        -0.05438732
      ],
      [
        0.113259204,
        0.04063047,
        0.9927344
      ],
      [
        -0.6809009,
        -0.724467754,
        0.1073336
      ]
    ],
    "placeTranslation": [
      0.7750353,
      0.5711275,
      0.396799773
    ]
  },
  {
    "id": "007 tuna fish can(Clone)-13254",
    "pickRotation": [
      [
        -0.9550238,
        -0.05736139,
        -0.290928036
      ],
      [
        0.293935537,
        -0.05365146,
        -0.9543183
      ],
      [
        0.0391323045,
        -0.9969108,
        0.06809898
      ]
    ],
    "pickTranslation": [
      0.0290785022,
      -0.0106076524,
      0.0330411643
    ],
    "placeRotation": [
      [
        0.742525935,
        -0.6674884,
        -0.05580737
      ],
      [
        0.07996089,
        0.0056109447,
        0.9967822
      ],
      [
        -0.66502744,
        -0.744599044,
        0.0575392358
      ]
    ],
    "placeTranslation": [
      -0.04905312,
      0.309268147,
      0.13296856
    ]
  },
  {
    "id": "007 tuna fish can(Clone)-12858",
    "pickRotation": [
      [
        -0.811763465,
        0.0100826528,
        -0.5838994
      ],
      [
        0.5828,
        -0.0497156344,
        -0.81109345
      ],
      [
        -0.0372069031,
        -0.99871254,
        0.0344811678
      ]
    ],
    "pickTranslation": [
      0.033298865,
      -0.0140569732,
      0.03143764
    ],
    "placeRotation": [
      [
        0.288047373,
        -0.9568195,
        -0.03905562
      ],
      [
        0.06111132,
        -0.0223343186,
        0.997881055
      ],
      [
        -0.9556643,
        -0.289823741,
        0.0520391539
      ]
    ],
    "placeTranslation": [
      -0.138360411,
      0.387053668,
      0.122321256
    ]
  },
  {
    "id": "008 pudding box(Clone)-13660",
    "pickRotation": [
      [
        0.336701661,
        -0.46306178,
        0.819881558
      ],
      [
        -0.291192055,
        -0.879246,
        -0.3770061
      ],
      [
        0.8954547,
        -0.111804426,
        -0.430883527
      ]
    ],
    "pickTranslation": [
      0.00245959335,
      0.07570334,
      0.0216038488
    ],
    "placeRotation": [
      [
        0.009320581,
        -0.007989467,
        -0.9999246
      ],
      [
        0.5746718,
        0.818383038,
        -0.00118225813
      ],
      [
        0.8183308,
        -0.5746175,
        0.0122191282
      ]
    ],
    "placeTranslation": [
      -0.5490557,
      0.6112735,
      -0.462229
    ]
  },
  {
    "id": "017 orange(Clone)-13242",
    "pickRotation": [
      [
        -0.175785944,
        0.302604884,
        0.936765432
      ],
      [
        0.90386194,
        -0.327415615,
        0.275377125
      ],
      [
        0.3900421,
        0.8951141,
        -0.215957969
      ]
    ],
    "pickTranslation": [
      -0.003185963,
      -0.00836615451,
      0.008857228
    ],
    "placeRotation": [
      [
        0.6194924,
        -0.7824552,
        -0.06319026
      ],
      [
        -0.08949162,
        0.009578076,
        -0.9959415
      ],
      [
        0.7798848,
        0.6226332,
        -0.06408964
      ]
    ],
    "placeTranslation": [
      -0.07804693,
      0.8985872,
      0.328097433
    ]
  },
  {
    "id": "014 lemon(Clone)-12798",
    "pickRotation": [
      [
        -0.447574079,
        -0.665146232,
        0.5977106
      ],
      [
        0.663463652,
        -0.695140958,
        -0.276758134
      ],
      [
        0.5995778,
        0.2726895,
        0.7524274
      ]
    ],
    "pickTranslation": [
      0.0335433148,
      0.0466382131,
      0.0186658837
    ],
    "placeRotation": [
      [
        0.650444448,
        -0.713650942,
        -0.260046661
      ],
      [
        0.703422546,
        0.695140541,
        -0.148244157
      ],
      [
        0.286563545,
        -0.08649809,
        0.954148531
      ]
    ],
    "placeTranslation": [
      0.05798831,
      0.276273549,
      -0.281789869
    ]
  },
  {
    "id": "013 apple(Clone)-12548",
    "pickRotation": [
      [
        -0.977817,
        -0.1034583,
        -0.182127208
      ],
      [
        0.155802935,
        0.221905634,
        -0.96254003
      ],
      [
        0.139997825,
        -0.969563961,
        -0.200863987
      ]
    ],
    "pickTranslation": [
      0.00649891328,
      -0.0146031361,
      0.07241628
    ],
    "placeRotation": [
      [
        0.820956945,
        -0.538399041,
        -0.190147877
      ],
      [
        0.07133842,
        -0.233690619,
        0.969690442
      ],
      [
        -0.566516161,
        -0.8096389,
        -0.1534414
      ]
    ],
    "placeTranslation": [
      0.3090329,
      0.03038436,
      -0.467390358
    ]
  },
  {
    "id": "100 half egg carton(Clone)-12834",
    "pickRotation": [
      [
        0.8419424,
        -0.498667061,
        0.206068292
      ],
      [
        -0.4873854,
        -0.866722047,
        -0.106058523
      ],
      [
        0.231491819,
        -0.0111395,
        -0.9727731
      ]
    ],
    "pickTranslation": [
      -0.00759070646,
      0.03832289,
      0.0130117666
    ],
    "placeRotation": [
      [
        0.0483527,
        0.05247962,
        -0.9974507
      ],
      [
        0.9933109,
        0.102310449,
        0.0535349548
      ],
      [
        0.104859121,
        -0.993367255,
        -0.0471815951
      ]
    ],
    "placeTranslation": [
      0.660709262,
      1.01620913,
      -0.344937176
    ]
  },
  {
    "id": "025 mug(Clone)-12560",
    "pickRotation": [
      [
        -0.9552217,
        -0.178311527,
        -0.236128315
      ],
      [
        0.237729758,
        0.0126452046,
        -0.971249044
      ],
      [
        0.1761708,
        -0.983892858,
        0.0303109828
      ]
    ],
    "pickTranslation": [
      0.05860703,
      0.008479856,
      0.0566784255
    ],
    "placeRotation": [
      [
        0.238172844,
        -0.9703128,
        -0.0420341119
      ],
      [
        -0.0141804768,
        -0.046749182,
        0.998806
      ],
      [
        -0.9711193,
        -0.2372924,
        -0.0248938818
      ]
    ],
    "placeTranslation": [
      -0.708422959,
      0.6591139,
      -0.4738195
    ]
  },
  {
    "id": "013 apple(Clone)-13206",
    "pickRotation": [
      [
        -0.9495071,
        0.0272684153,
        -0.3125582
      ],
      [
        0.311861128,
        -0.0269915834,
        -0.9497442
      ],
      [
        -0.0343344621,
        -0.9992637,
        0.0171247423
      ]
    ],
    "pickTranslation": [
      0.004319177,
      0.001660347,
      0.06258409
    ],
    "placeRotation": [
      [
        0.808202147,
        -0.584547043,
        -0.0715129748
      ],
      [
        -0.000159009069,
        -0.121650375,
        0.992573
      ],
      [
        -0.588905156,
        -0.8021883,
        -0.09841104
      ]
    ],
    "placeTranslation": [
      -0.5614492,
      1.00980675,
      -0.709939659
    ]
  },
  {
    "id": "012 strawberry(Clone)-13194",
    "pickRotation": [
      [
        -0.2776232,
        -0.22112301,
        0.9348957
      ],
      [
        0.217528656,
        -0.9623441,
        -0.163018644
      ],
      [
        0.935738564,
        0.15810886,
        0.315269649
      ]
    ],
    "pickTranslation": [
      -0.001921044,
      0.04240876,
      0.02136019
    ],
    "placeRotation": [
      [
        0.5249644,
        -0.253804743,
        -0.8124011
      ],
      [
        0.270370334,
        0.954792142,
        -0.123579331
      ],
      [
        0.807039142,
        -0.154774383,
        0.5698532
      ]
    ],
    "placeTranslation": [
      -0.06782581,
      0.510134339,
      -0.0584627725
    ]
  },
  {
    "id": "011 banana(Clone)-13590",
    "pickRotation": [
      [
        -0.949745,
        0.09337113,
        0.29877466
      ],
      [
        -0.29589045,
        0.0436672755,
        -0.9542233
      ],
      [
        -0.102143571,
        -0.9946733,
        -0.0138451522
      ]
    ],
    "pickTranslation": [
      -0.0152901728,
      0.0584306344,
      0.01787238
    ],
    "placeRotation": [
      [
        0.6612811,
        0.2641493,
        -0.7020915
      ],
      [
        -0.307424545,
        0.9491716,
        0.06755383
      ],
      [
        0.6842496,
        0.171168074,
        0.7088752
      ]
    ],
    "placeTranslation": [
      0.365376472,
      0.8200621,
      0.6611997
    ]
  },
  {
    "id": "011 banana(Clone)-13676",
    "pickRotation": [
      [
        -0.9741606,
        0.07594506,
        -0.212705046
      ],
      [
        0.218607262,
        0.08036552,
        -0.97249794
      ],
      [
        -0.0567622557,
        -0.993868053,
        -0.0948910639
      ]
    ],
    "pickTranslation": [
      -0.00589501159,
      0.0473607443,
      0.0358872339
    ],
    "placeRotation": [
      [
        0.823677659,
        0.203494832,
        -0.5292873
      ],
      [
        -0.1704304,
        0.9790751,
        0.111200489
      ],
      [
        0.5408407,
        -0.001386716,
        0.841123939
      ]
    ],
    "placeTranslation": [
      0.558308244,
      0.900182962,
      0.7222579
    ]
  },
  {
    "id": "013 apple(Clone)-12774",
    "pickRotation": [
      [
        -0.5952702,
        -0.09315702,
        -0.7981072
      ],
      [
        0.7988101,
        0.0388401,
        -0.600328
      ],
      [
        0.08692334,
        -0.994893551,
        0.0512944236
      ]
    ],
    "pickTranslation": [
      0.008251034,
      0.00405985443,
      0.05172868
    ],
    "placeRotation": [
      [
        0.180344835,
        -0.9826986,
        -0.0421817563
      ],
      [
        0.0577593744,
        -0.0322304145,
        0.9978101
      ],
      [
        -0.9819061,
        -0.1823863,
        0.050947465
      ]
    ],
    "placeTranslation": [
      0.03020801,
      0.481168538,
      -0.4626304
    ]
  },
  {
    "id": "016 pear(Clone)-13230",
    "pickRotation": [
      [
        -0.9804715,
        -0.184111089,
        -0.0691283047
      ],
      [
        0.180716991,
        -0.704837441,
        -0.6859632
      ],
      [
        0.07756922,
        -0.68506,
        0.724345
      ]
    ],
    "pickTranslation": [
      0.0183060747,
      0.05147744,
      0.0477002
    ],
    "placeRotation": [
      [
        0.956039548,
        -0.290682524,
        -0.038626574
      ],
      [
        0.222047254,
        0.631593943,
        0.742821753
      ],
      [
        -0.191528991,
        -0.7187439,
        0.668374062
      ]
    ],
    "placeTranslation": [
      -0.024119176,
      0.583693266,
      -0.199363962
    ]
  },
  {
    "id": "012 strawberry(Clone)-12786",
    "pickRotation": [
      [
        -0.679778039,
        -0.697855,
        -0.225610659
      ],
      [
        0.6403859,
        -0.7147154,
        0.281225324
      ],
      [
        -0.357501924,
        0.0466929041,
        0.9327444
      ]
    ],
    "pickTranslation": [
      0.0191635,
      0.0296566822,
      0.008375296
    ],
    "placeRotation": [
      [
        0.373387367,
        -0.218602285,
        0.901551366
      ],
      [
        0.6442934,
        0.7603172,
        -0.0824844241
      ],
      [
        -0.6674338,
        0.611662269,
        0.424736857
      ]
    ],
    "placeTranslation": [
      0.339270145,
      0.7658288,
      0.166008413
    ]
  },
  {
    "id": "101 bread(Clone)-12846",
    "pickRotation": [
      [
        -0.9944321,
        -0.08005968,
        -0.0685213
      ],
      [
        0.07854449,
        -0.996608734,
        0.0245325435
      ],
      [
        -0.07025299,
        0.0190139785,
        0.997348
      ]
    ],
    "pickTranslation": [
      -0.00347988843,
      0.049350448,
      -0.0072854883
    ],
    "placeRotation": [
      [
        0.45099628,
        -0.0381007269,
        0.8917122
      ],
      [
        -0.00144089712,
        0.999056041,
        0.043416027
      ],
      [
        -0.89252466,
        -0.0208653323,
        0.450515628
      ]
    ],
    "placeTranslation": [
      0.416303635,
      0.875344,
      -0.165721759
    ]
  }
]