[
  {
    "timeStamp": 35481,
    "rotation": [
      [
        0.999990463,
        -1.04668561E-05,
        -0.004370272
      ],
      [
        0.004370257,
        -0.00118491321,
        0.999989748
      ],
      [
        -1.56453261E-05,
        -0.999999344,
        -0.001184856
      ]
    ],
    "translation": [
      1.30798542,
      0.704633236,
      -0.360009
    ]
  },
  {
    "timeStamp": 35536,
    "rotation": [
      [
        0.9999786,
        -0.000541428337,
        0.006519047
      ],
      [
        -0.00651390571,
        0.00900958851,
        0.9999382
      ],
      [
        -0.0006001348,
        -0.9999593,
        0.00900587
      ]
    ],
    "translation": [
      1.30823672,
      0.705267668,
      -0.3595001
    ]
  },
  {
    "timeStamp": 35581,
    "rotation": [
      [
        0.9998453,
        -0.0001958389,
        0.0175893232
      ],
      [
        -0.0175902545,
        -0.00686289743,
        0.9998217
      ],
      [
        -7.508795E-05,
        -0.999976456,
        -0.00686528068
      ]
    ],
    "translation": [
      1.30824256,
      0.7090737,
      -0.355579674
    ]
  },
  {
    "timeStamp": 35636,
    "rotation": [
      [
        0.9984121,
        -0.0121171549,
        0.0550133772
      ],
      [
        -0.0551516935,
        -0.0113929054,
        0.998412967
      ],
      [
        -0.0114711542,
        -0.999861658,
        -0.0120430961
      ]
    ],
    "translation": [
      1.3076601,
      0.724862158,
      -0.356321841
    ]
  },
  {
    "timeStamp": 35692,
    "rotation": [
      [
        0.9953371,
        -0.008860057,
        0.0960498154
      ],
      [
        -0.09632756,
        -0.03961432,
        0.9945611
      ],
      [
        -0.005006929,
        -0.9991758,
        -0.04028307
      ]
    ],
    "translation": [
      1.30908072,
      0.7492476,
      -0.35616228
    ]
  },
  {
    "timeStamp": 35736,
    "rotation": [
      [
        0.988307059,
        -0.02971076,
        0.1495539
      ],
      [
        -0.15115808,
        -0.06220436,
        0.9865505
      ],
      [
        -0.0200082827,
        -0.9976211,
        -0.06596804
      ]
    ],
    "translation": [
      1.31520462,
      0.7762941,
      -0.35725528
    ]
  },
  {
    "timeStamp": 35792,
    "rotation": [
      [
        0.9710035,
        -0.0784776956,
        0.225817353
      ],
      [
        -0.231595844,
        -0.07451747,
        0.9699539
      ],
      [
        -0.0592924245,
        -0.9941269,
        -0.09053184
      ]
    ],
    "translation": [
      1.327263,
      0.8158419,
      -0.3605781
    ]
  },
  {
    "timeStamp": 35836,
    "rotation": [
      [
        0.953329146,
        -0.123140432,
        0.2756809
      ],
      [
        -0.2876238,
        -0.09262869,
        0.9532536
      ],
      [
        -0.0918481052,
        -0.988056839,
        -0.123723753
      ]
    ],
    "translation": [
      1.34974658,
      0.8459681,
      -0.3640549
    ]
  },
  {
    "timeStamp": 35881,
    "rotation": [
      [
        0.931693256,
        -0.180931747,
        0.3149786
      ],
      [
        -0.3392972,
        -0.123835325,
        0.9324925
      ],
      [
        -0.12971203,
        -0.9756683,
        -0.176766172
      ]
    ],
    "translation": [
      1.37786722,
      0.877625644,
      -0.3623658
    ]
  },
  {
    "timeStamp": 35936,
    "rotation": [
      [
        0.8947046,
        -0.2631238,
        0.3609287
      ],
      [
        -0.4040463,
        -0.1323323,
        0.9051159
      ],
      [
        -0.190395027,
        -0.955643237,
        -0.224712521
      ]
    ],
    "translation": [
      1.42561567,
      0.9127387,
      -0.3681086
    ]
  },
  {
    "timeStamp": 35981,
    "rotation": [
      [
        0.8633215,
        -0.3385138,
        0.374278545
      ],
      [
        -0.44173485,
        -0.1482804,
        0.8848069
      ],
      [
        -0.244021147,
        -0.9292047,
        -0.277546972
      ]
    ],
    "translation": [
      1.47186685,
      0.939465165,
      -0.367434025
    ]
  },
  {
    "timeStamp": 36036,
    "rotation": [
      [
        0.8309889,
        -0.420322865,
        0.3643983
      ],
      [
        -0.4690439,
        -0.1772173,
        0.865212
      ],
      [
        -0.2990907,
        -0.8899003,
        -0.344415516
      ]
    ],
    "translation": [
      1.53820145,
      0.9667642,
      -0.374194771
    ]
  },
  {
    "timeStamp": 36092,
    "rotation": [
      [
        0.8038034,
        -0.493548363,
        0.3321297
      ],
      [
        -0.479125172,
        -0.206164777,
        0.8531912
      ],
      [
        -0.3526177,
        -0.844929636,
        -0.402187377
      ]
    ],
    "translation": [
      1.61069775,
      0.989768744,
      -0.382107615
    ]
  },
  {
    "timeStamp": 36136,
    "rotation": [
      [
        0.794058561,
        -0.5505069,
        0.2577075
      ],
      [
        -0.45311,
        -0.253483772,
        0.8546562
      ],
      [
        -0.405169457,
        -0.795416951,
        -0.450721174
      ]
    ],
    "translation": [
      1.6754204,
      1.00130248,
      -0.388912648
    ]
  },
  {
    "timeStamp": 36191,
    "rotation": [
      [
        0.7428766,
        -0.636246741,
        0.208145216
      ],
      [
        -0.452343374,
        -0.247886479,
        0.8567017
      ],
      [
        -0.493477255,
        -0.730576754,
        -0.471951067
      ]
    ],
    "translation": [
      1.75577891,
      1.01737177,
      -0.399102867
    ]
  },
  {
    "timeStamp": 36236,
    "rotation": [
      [
        0.714995861,
        -0.6850313,
        0.13968876
      ],
      [
        -0.427443564,
        -0.270219922,
        0.8627127
      ],
      [
        -0.5532385,
        -0.6765451,
        -0.4860184
      ]
    ],
    "translation": [
      1.81849182,
      1.02605665,
      -0.410814673
    ]
  },
  {
    "timeStamp": 36292,
    "rotation": [
      [
        0.6537325,
        -0.75413847,
        0.06252206
      ],
      [
        -0.400397956,
        -0.2746111,
        0.8742255
      ],
      [
        -0.6421178,
        -0.5965433,
        -0.4814777
      ]
    ],
    "translation": [
      1.89839673,
      1.03098011,
      -0.4278464
    ]
  },
  {
    "timeStamp": 36336,
    "rotation": [
      [
        0.6167113,
        -0.786582053,
        0.0309146568
      ],
      [
        -0.360954463,
        -0.247665763,
        0.899095953
      ],
      [
        -0.699556231,
        -0.5656414,
        -0.4366586
      ]
    ],
    "translation": [
      1.94511557,
      1.02289021,
      -0.449040234
    ]
  },
  {
    "timeStamp": 36392,
    "rotation": [
      [
        0.5753557,
        -0.8179009,
        0.001968834
      ],
      [
        -0.33259657,
        -0.2317659,
        0.914146662
      ],
      [
        -0.747225046,
        -0.526614368,
        -0.405378848
      ]
    ],
    "translation": [
      1.99345982,
      1.0111798,
      -0.473155856
    ]
  },
  {
    "timeStamp": 36436,
    "rotation": [
      [
        0.55136013,
        -0.8341115,
        -0.01612584
      ],
      [
        -0.303080827,
        -0.218274772,
        0.927630365
      ],
      [
        -0.777267039,
        -0.506570935,
        -0.3731512
      ]
    ],
    "translation": [
      2.02308941,
      0.995740056,
      -0.488732219
    ]
  },
  {
    "timeStamp": 36486,
    "rotation": [
      [
        0.532223046,
        -0.8461207,
        -0.0286068115
      ],
      [
        -0.274007022,
        -0.2041292,
        0.939814568
      ],
      [
        -0.80103606,
        -0.492352545,
        -0.340485275
      ]
    ],
    "translation": [
      2.04646468,
      0.976809859,
      -0.503479362
    ]
  },
  {
    "timeStamp": 36531,
    "rotation": [
      [
        0.505399466,
        -0.862875,
        -0.00426334655
      ],
      [
        -0.265123576,
        -0.15998508,
        0.950849235
      ],
      [
        -0.8211461,
        -0.479428381,
        -0.309624881
      ]
    ],
    "translation": [
      2.06252956,
      0.9551764,
      -0.5178541
    ]
  },
  {
    "timeStamp": 36586,
    "rotation": [
      [
        0.5043012,
        -0.8633514,
        -0.01745698
      ],
      [
        -0.233452782,
        -0.155771911,
        0.95980984
      ],
      [
        -0.83137244,
        -0.479957879,
        -0.280107737
      ]
    ],
    "translation": [
      2.07690763,
      0.9313149,
      -0.5267552
    ]
  },
  {
    "timeStamp": 36631,
    "rotation": [
      [
        0.490482867,
        -0.871309638,
        -0.01568365
      ],
      [
        -0.227259666,
        -0.145263359,
        0.962939
      ],
      [
        -0.8412963,
        -0.468740821,
        -0.269262731
      ]
    ],
    "translation": [
      2.08566737,
      0.9150042,
      -0.5295353
    ]
  },
  {
    "timeStamp": 36686,
    "rotation": [
      [
        0.479505628,
        -0.877531648,
        -0.0035479127
      ],
      [
        -0.21183005,
        -0.119670905,
        0.969952
      ],
      [
        -0.85158813,
        -0.464345872,
        -0.243270442
      ]
    ],
    "translation": [
      2.09164429,
      0.893175244,
      -0.532739162
    ]
  },
  {
    "timeStamp": 36731,
    "rotation": [
      [
        0.467181385,
        -0.8838841,
        -0.022147676
      ],
      [
        -0.194494739,
        -0.12717244,
        0.9726248
      ],
      [
        -0.8625041,
        -0.450084567,
        -0.231323391
      ]
    ],
    "translation": [
      2.099583,
      0.8788697,
      -0.5332725
    ]
  },
  {
    "timeStamp": 36786,
    "rotation": [
      [
        0.481718779,
        -0.8762925,
        0.007647885
      ],
      [
        -0.245590314,
        -0.126619056,
        0.9610687
      ],
      [
        -0.841208935,
        -0.4648431,
        -0.276203722
      ]
    ],
    "translation": [
      2.10023713,
      0.877557635,
      -0.5332657
    ]
  },
  {
    "timeStamp": 36842,
    "rotation": [
      [
        0.504943848,
        -0.8630351,
        0.0142158614
      ],
      [
        -0.276976943,
        -0.146410763,
        0.9496566
      ],
      [
        -0.8175056,
        -0.483460754,
        -0.312970042
      ]
    ],
    "translation": [
      2.101349,
      0.875808358,
      -0.533614159
    ]
  },
  {
    "timeStamp": 36886,
    "rotation": [
      [
        0.533395946,
        -0.8458002,
        0.0105271237
      ],
      [
        -0.313876331,
        -0.186355665,
        0.9309958
      ],
      [
        -0.785474658,
        -0.4998936,
        -0.364878029
      ]
    ],
    "translation": [
      2.10272,
      0.8737129,
      -0.5342084
    ]
  },
  {
    "timeStamp": 36942,
    "rotation": [
      [
        0.431276441,
        -0.900774956,
        0.0510394834
      ],
      [
        -0.4027951,
        -0.141614333,
        0.9042685
      ],
      [
        -0.8073145,
        -0.410548151,
        -0.4239027
      ]
    ],
    "translation": [
      2.09856486,
      0.8744417,
      -0.529539645
    ]
  },
  {
    "timeStamp": 36987,
    "rotation": [
      [
        0.4371022,
        -0.8976899,
        0.0556291752
      ],
      [
        -0.4376141,
        -0.158231691,
        0.8851308
      ],
      [
        -0.7857707,
        -0.411236733,
        -0.462005168
      ]
    ],
    "translation": [
      2.09910679,
      0.873627,
      -0.5293135
    ]
  },
  {
    "timeStamp": 37033,
    "rotation": [
      [
        0.47397998,
        -0.878828645,
        0.0548007861
      ],
      [
        -0.427923322,
        -0.175506473,
        0.886611044
      ],
      [
        -0.7695613,
        -0.443686426,
        -0.459257841
      ]
    ],
    "translation": [
      2.1016345,
      0.873376,
      -0.5287607
    ]
  },
  {
    "timeStamp": 37090,
    "rotation": [
      [
        0.499758333,
        -0.8643899,
        0.05542327
      ],
      [
        -0.396302253,
        -0.171292588,
        0.901999652
      ],
      [
        -0.770185769,
        -0.4727462,
        -0.428164572
      ]
    ],
    "translation": [
      2.10378051,
      0.8751808,
      -0.5255622
    ]
  },
  {
    "timeStamp": 37135,
    "rotation": [
      [
        0.4947327,
        -0.8650346,
        0.08339492
      ],
      [
        -0.3981569,
        -0.140320361,
        0.9065215
      ],
      [
        -0.7724704,
        -0.4816901,
        -0.4138406
      ]
    ],
    "translation": [
      2.10425615,
      0.8799918,
      -0.5196874
    ]
  },
  {
    "timeStamp": 37191,
    "rotation": [
      [
        0.488854617,
        -0.8713863,
        0.04131598
      ],
      [
        -0.3527724,
        -0.1541485,
        0.922924638
      ],
      [
        -0.7978551,
        -0.4657511,
        -0.382757276
      ]
    ],
    "translation": [
      2.1039567,
      0.880895257,
      -0.5189483
    ]
  },
  {
    "timeStamp": 37245,
    "rotation": [
      [
        0.4851386,
        -0.874251068,
        0.0180471577
      ],
      [
        -0.331119448,
        -0.16456452,
        0.9291278
      ],
      [
        -0.809321046,
        -0.456731528,
        -0.3693181
      ]
    ],
    "translation": [
      2.1037066,
      0.881053,
      -0.5182885
    ]
  },
  {
    "timeStamp": 37287,
    "rotation": [
      [
        0.467992932,
        -0.8835924,
        0.0157167614
      ],
      [
        -0.312004775,
        -0.14856118,
        0.938393652
      ],
      [
        -0.826822639,
        -0.4440653,
        -0.345210642
      ]
    ],
    "translation": [
      2.103298,
      0.8819476,
      -0.518004656
    ]
  },
  {
    "timeStamp": 37341,
    "rotation": [
      [
        0.473136663,
        -0.876745,
        0.08637126
      ],
      [
        -0.251689672,
        -0.0405662768,
        0.96695745
      ],
      [
        -0.8442713,
        -0.479241759,
        -0.239861041
      ]
    ],
    "translation": [
      2.08443213,
      0.881845951,
      -0.5454831
    ]
  },
  {
    "timeStamp": 37386,
    "rotation": [
      [
        0.480561078,
        -0.8732796,
        0.08027298
      ],
      [
        -0.23970148,
        -0.0427515469,
        0.9699049
      ],
      [
        -0.843566358,
        -0.4853401,
        -0.229871154
      ]
    ],
    "translation": [
      2.08220959,
      0.884863257,
      -0.55194056
    ]
  },
  {
    "timeStamp": 37441,
    "rotation": [
      [
        0.493384451,
        -0.868313134,
        0.05102979
      ],
      [
        -0.2105453,
        -0.0622992665,
        0.975596964
      ],
      [
        -0.84394455,
        -0.492088467,
        -0.213556752
      ]
    ],
    "translation": [
      2.08665013,
      0.882022262,
      -0.560507059
    ]
  },
  {
    "timeStamp": 37486,
    "rotation": [
      [
        0.495462984,
        -0.8680379,
        0.03204186
      ],
      [
        -0.200092569,
        -0.0781586,
        0.9766546
      ],
      [
        -0.845268846,
        -0.49030754,
        -0.212412611
      ]
    ],
    "translation": [
      2.08939266,
      0.8794354,
      -0.5639123
    ]
  },
  {
    "timeStamp": 37542,
    "rotation": [
      [
        0.494613141,
        -0.8686092,
        0.0295964088
      ],
      [
        -0.192282557,
        -0.0761550143,
        0.9783802
      ],
      [
        -0.847576141,
        -0.489610583,
        -0.204685673
      ]
    ],
    "translation": [
      2.092196,
      0.8708502,
      -0.566174746
    ]
  },
  {
    "timeStamp": 37586,
    "rotation": [
      [
        0.499073982,
        -0.866540849,
        0.0056676534
      ],
      [
        -0.159956127,
        -0.08569288,
        0.983397543
      ],
      [
        -0.8516685,
        -0.4916947,
        -0.181375608
      ]
    ],
    "translation": [
      2.0970614,
      0.8567883,
      -0.568488836
    ]
  },
  {
    "timeStamp": 37641,
    "rotation": [
      [
        0.4918988,
        -0.870527267,
        0.0147600193
      ],
      [
        -0.15380311,
        -0.07019656,
        0.985604942
      ],
      [
        -0.8569598,
        -0.487088025,
        -0.1684194
      ]
    ],
    "translation": [
      2.09867144,
      0.8417463,
      -0.5687376
    ]
  },
  {
    "timeStamp": 37686,
    "rotation": [
      [
        0.490730375,
        -0.8708268,
        0.0290592257
      ],
      [
        -0.138782442,
        -0.0451946631,
        0.9892911
      ],
      [
        -0.8601878,
        -0.4895081,
        -0.143033847
      ]
    ],
    "translation": [
      2.097224,
      0.828024566,
      -0.5691795
    ]
  },
  {
    "timeStamp": 37732,
    "rotation": [
      [
        0.4922928,
        -0.870313346,
        0.0142294252
      ],
      [
        -0.116567187,
        -0.04971828,
        0.9919376
      ],
      [
        -0.862589061,
        -0.4899824,
        -0.125925928
      ]
    ],
    "translation": [
      2.101422,
      0.813704252,
      -0.569140255
    ]
  },
  {
    "timeStamp": 37786,
    "rotation": [
      [
        0.4925474,
        -0.870202661,
        0.0120199854
      ],
      [
        -0.09999916,
        -0.0428701229,
        0.994063556
      ],
      [
        -0.864521444,
        -0.490825385,
        -0.1081351
      ]
    ],
    "translation": [
      2.102796,
      0.7984159,
      -0.56796813
    ]
  },
  {
    "timeStamp": 37841,
    "rotation": [
      [
        0.490224153,
        -0.871586859,
        0.00407008175
      ],
      [
        -0.07977587,
        -0.0402188823,
        0.9960011
      ],
      [
        -0.8679378,
        -0.4885885,
        -0.08924787
      ]
    ],
    "translation": [
      2.10727763,
      0.784662366,
      -0.566785455
    ]
  },
  {
    "timeStamp": 37885,
    "rotation": [
      [
        0.4813838,
        -0.876453042,
        0.009982204
      ],
      [
        -0.0766293257,
        -0.0307375211,
        0.9965857
      ],
      [
        -0.873153746,
        -0.480505139,
        -0.0819585547
      ]
    ],
    "translation": [
      2.10932732,
      0.777021766,
      -0.5638863
    ]
  },
  {
    "timeStamp": 37941,
    "rotation": [
      [
        0.4775605,
        -0.878588557,
        0.004260917
      ],
      [
        -0.06698286,
        -0.0315723941,
        0.9972545
      ],
      [
        -0.8760419,
        -0.476534754,
        -0.0739280954
      ]
    ],
    "translation": [
      2.11262584,
      0.769491732,
      -0.5598019
    ]
  },
  {
    "timeStamp": 37986,
    "rotation": [
      [
        0.46671465,
        -0.8843156,
        0.0127763581
      ],
      [
        -0.06857076,
        -0.02177925,
        0.9974085
      ],
      [
        -0.8817457,
        -0.466381252,
        -0.07080289
      ]
    ],
    "translation": [
      2.11363769,
      0.76443,
      -0.5556841
    ]
  },
  {
    "timeStamp": 38041,
    "rotation": [
      [
        0.464891285,
        -0.8853389,
        0.00714557758
      ],
      [
        -0.0596694425,
        -0.0232779756,
        0.997946739
      ],
      [
        -0.8833547,
        -0.4643631,
        -0.06364941
      ]
    ],
    "translation": [
      2.11693048,
      0.758384168,
      -0.5520608
    ]
  },
  {
    "timeStamp": 38086,
    "rotation": [
      [
        0.461742729,
        -0.8869997,
        0.00500887446
      ],
      [
        -0.05551042,
        -0.02326014,
        0.9981871
      ],
      [
        -0.8852752,
        -0.4611837,
        -0.05997793
      ]
    ],
    "translation": [
      2.119381,
      0.75439316,
      -0.549103439
    ]
  },
  {
    "timeStamp": 38131,
    "rotation": [
      [
        0.4595042,
        -0.888175666,
        0.000114380535
      ],
      [
        -0.0488239825,
        -0.0251308586,
        0.998491168
      ],
      [
        -0.886832654,
        -0.458816469,
        -0.0549120046
      ]
    ],
    "translation": [
      2.12287712,
      0.750985563,
      -0.5475105
    ]
  },
  {
    "timeStamp": 38188,
    "rotation": [
      [
        0.455682218,
        -0.890129566,
        -0.00480752159
      ],
      [
        -0.04482894,
        -0.0283425115,
        0.998592556
      ],
      [
        -0.889013,
        -0.454825372,
        -0.0528187379
      ]
    ],
    "translation": [
      2.12635565,
      0.748574436,
      -0.5449587
    ]
  },
  {
    "timeStamp": 38233,
    "rotation": [
      [
        0.4507464,
        -0.8926512,
        -0.001248932
      ],
      [
        -0.04817738,
        -0.0257243235,
        0.9985075
      ],
      [
        -0.891351044,
        -0.4500135,
        -0.05460074
      ]
    ],
    "translation": [
      2.12719774,
      0.747660756,
      -0.542802751
    ]
  },
  {
    "timeStamp": 38290,
    "rotation": [
      [
        0.445992529,
        -0.8950334,
        -0.0024317184
      ],
      [
        -0.04827545,
        -0.0267682746,
        0.9984753
      ],
      [
        -0.893733859,
        -0.445195138,
        -0.0551465861
      ]
    ],
    "translation": [
      2.12970662,
      0.7460391,
      -0.5410301
    ]
  },
  {
    "timeStamp": 38335,
    "rotation": [
      [
        0.4441181,
        -0.8959616,
        -0.00344863953
      ],
      [
        -0.0464318655,
        -0.0268593039,
        0.9985603
      ],
      [
        -0.8947643,
        -0.443318576,
        -0.0535298735
      ]
    ],
    "translation": [
      2.13124,
      0.7446128,
      -0.539689958
    ]
  },
  {
    "timeStamp": 38391,
    "rotation": [
      [
        0.432966441,
        -0.9014074,
        0.00218907953
      ],
      [
        -0.0448733866,
        -0.0191280823,
        0.9988095
      ],
      [
        -0.900292456,
        -0.4325492,
        -0.0487310179
      ]
    ],
    "translation": [
      2.13137054,
      0.7423077,
      -0.5394006
    ]
  },
  {
    "timeStamp": 38435,
    "rotation": [
      [
        0.432204872,
        -0.9017724,
        0.00233504642
      ],
      [
        -0.0422424562,
        -0.0176594425,
        0.9989513
      ],
      [
        -0.9007855,
        -0.431850284,
        -0.04572558
      ]
    ],
    "translation": [
      2.13233614,
      0.74097383,
      -0.5394177
    ]
  },
  {
    "timeStamp": 38491,
    "rotation": [
      [
        0.429761559,
        -0.9028957,
        0.009187597
      ],
      [
        -0.0425952226,
        -0.0101085873,
        0.999041259
      ],
      [
        -0.9019372,
        -0.429740876,
        -0.04280332
      ]
    ],
    "translation": [
      2.13099265,
      0.7390039,
      -0.5393927
    ]
  },
  {
    "timeStamp": 38535,
    "rotation": [
      [
        0.431880176,
        -0.9018913,
        0.008460998
      ],
      [
        -0.0391487628,
        -0.009373008,
        0.999189436
      ],
      [
        -0.901080966,
        -0.431861341,
        -0.03935594
      ]
    ],
    "translation": [
      2.1297822,
      0.737957,
      -0.5394788
    ]
  }
]