[
  {
    "timeStamp": 97741,
    "rotation": [
      [
        0.9999859,
        -0.005319839,
        -2.48460856E-05
      ],
      [
        0.00531985331,
        0.9999479,
        0.008713437
      ],
      [
        -2.150929E-05,
        -0.008713447,
        0.999962032
      ]
    ],
    "translation": [
      1.30709028,
      0.851504266,
      -0.621491
    ]
  },
  {
    "timeStamp": 97796,
    "rotation": [
      [
        0.9983773,
        0.0491767228,
        0.0287115648
      ],
      [
        -0.0495700873,
        0.998684049,
        0.0131529989
      ],
      [
        -0.0280269589,
        -0.01455489,
        0.9995012
      ]
    ],
    "translation": [
      1.30881226,
      0.861101866,
      -0.6223244
    ]
  },
  {
    "timeStamp": 97841,
    "rotation": [
      [
        0.994894266,
        0.0950735,
        0.0338586271
      ],
      [
        -0.09545639,
        0.995384634,
        0.009874009
      ],
      [
        -0.0327636,
        -0.013055617,
        0.999377847
      ]
    ],
    "translation": [
      1.31350756,
      0.874263465,
      -0.6268531
    ]
  },
  {
    "timeStamp": 97896,
    "rotation": [
      [
        0.98799634,
        0.1451829,
        0.05277478
      ],
      [
        -0.145855784,
        0.9892639,
        0.00911015
      ],
      [
        -0.050885547,
        -0.0166983,
        0.9985649
      ]
    ],
    "translation": [
      1.32729137,
      0.893238664,
      -0.6337956
    ]
  },
  {
    "timeStamp": 97941,
    "rotation": [
      [
        0.9784608,
        0.193464071,
        0.07201477
      ],
      [
        -0.19429858,
        0.9809312,
        0.004701899
      ],
      [
        -0.06973188,
        -0.0185929909,
        0.9973925
      ]
    ],
    "translation": [
      1.343906,
      0.910892248,
      -0.640540242
    ]
  },
  {
    "timeStamp": 97996,
    "rotation": [
      [
        0.9656768,
        0.241421089,
        0.09583438
      ],
      [
        -0.2432564,
        0.9699308,
        0.00777696073
      ],
      [
        -0.0910752,
        -0.0308223572,
        0.995366931
      ]
    ],
    "translation": [
      1.37225962,
      0.9316319,
      -0.651343763
    ]
  },
  {
    "timeStamp": 98041,
    "rotation": [
      [
        0.9535071,
        0.27301088,
        0.127628878
      ],
      [
        -0.275462031,
        0.961310565,
        0.00162011711
      ],
      [
        -0.122248672,
        -0.0367017,
        0.991820633
      ]
    ],
    "translation": [
      1.40047824,
      0.946712852,
      -0.659418464
    ]
  },
  {
    "timeStamp": 98096,
    "rotation": [
      [
        0.937190354,
        0.299554527,
        0.1787211
      ],
      [
        -0.304579675,
        0.9524866,
        0.0007131735
      ],
      [
        -0.170015812,
        -0.05510319,
        0.983899534
      ]
    ],
    "translation": [
      1.441648,
      0.9635961,
      -0.6690269
    ]
  },
  {
    "timeStamp": 98141,
    "rotation": [
      [
        0.9206578,
        0.3118754,
        0.234782532
      ],
      [
        -0.321252584,
        0.9469918,
        0.0017898709
      ],
      [
        -0.221778914,
        -0.07707235,
        0.972046256
      ]
    ],
    "translation": [
      1.47877228,
      0.975488245,
      -0.6754006
    ]
  },
  {
    "timeStamp": 98196,
    "rotation": [
      [
        0.8855617,
        0.323517859,
        0.3333415
      ],
      [
        -0.343233436,
        0.939250052,
        0.00027066865
      ],
      [
        -0.31300348,
        -0.114653654,
        0.942806065
      ]
    ],
    "translation": [
      1.53084028,
      0.9897528,
      -0.6816258
    ]
  },
  {
    "timeStamp": 98241,
    "rotation": [
      [
        0.8447833,
        0.326238573,
        0.4241574
      ],
      [
        -0.3571789,
        0.9340097,
        -0.007005006
      ],
      [
        -0.398452461,
        -0.145582378,
        0.9055614
      ]
    ],
    "translation": [
      1.57558119,
      1.00060391,
      -0.685520232
    ]
  },
  {
    "timeStamp": 98296,
    "rotation": [
      [
        0.782263,
        0.314884067,
        0.537506
      ],
      [
        -0.369860947,
        0.9290678,
        -0.0059908554
      ],
      [
        -0.501265943,
        -0.194116056,
        0.843238652
      ]
    ],
    "translation": [
      1.63371,
      1.01339984,
      -0.691758931
    ]
  },
  {
    "timeStamp": 98341,
    "rotation": [
      [
        0.718618035,
        0.297050118,
        0.628768146
      ],
      [
        -0.380579472,
        0.9247462,
        -0.00191596162
      ],
      [
        -0.5820201,
        -0.2379194,
        0.777590454
      ]
    ],
    "translation": [
      1.6817472,
      1.02303958,
      -0.6967117
    ]
  },
  {
    "timeStamp": 98396,
    "rotation": [
      [
        0.6375007,
        0.2501834,
        0.7286982
      ],
      [
        -0.387217164,
        0.9217188,
        0.0223034639
      ],
      [
        -0.6660748,
        -0.296382934,
        0.684471667
      ]
    ],
    "translation": [
      1.74040568,
      1.03349769,
      -0.705720246
    ]
  },
  {
    "timeStamp": 98441,
    "rotation": [
      [
        0.5654661,
        0.202142879,
        0.7996164
      ],
      [
        -0.396148741,
        0.916912436,
        0.0483499
      ],
      [
        -0.723404646,
        -0.34410727,
        0.5985615
      ]
    ],
    "translation": [
      1.78690338,
      1.04161716,
      -0.71385777
    ]
  },
  {
    "timeStamp": 98496,
    "rotation": [
      [
        0.473465651,
        0.133506089,
        0.870635569
      ],
      [
        -0.407844841,
        0.9093297,
        0.0823530257
      ],
      [
        -0.7807002,
        -0.394075572,
        0.484986156
      ]
    ],
    "translation": [
      1.84225547,
      1.05114937,
      -0.726482
    ]
  },
  {
    "timeStamp": 98541,
    "rotation": [
      [
        0.40611133,
        0.07325409,
        0.9108828
      ],
      [
        -0.412614465,
        0.9040862,
        0.111254036
      ],
      [
        -0.815366745,
        -0.421024948,
        0.397385329
      ]
    ],
    "translation": [
      1.88412619,
      1.05715811,
      -0.7364124
    ]
  },
  {
    "timeStamp": 98596,
    "rotation": [
      [
        0.339330137,
        -0.009334101,
        0.940621
      ],
      [
        -0.414983749,
        0.8958994,
        0.158596188
      ],
      [
        -0.844182134,
        -0.444158882,
        0.3001322
      ]
    ],
    "translation": [
      1.93006551,
      1.06242251,
      -0.750670731
    ]
  },
  {
    "timeStamp": 98641,
    "rotation": [
      [
        0.288815379,
        -0.07028649,
        0.9548013
      ],
      [
        -0.412216485,
        0.8909945,
        0.190279737
      ],
      [
        -0.864096761,
        -0.448540539,
        0.228359669
      ]
    ],
    "translation": [
      1.96532428,
      1.06346583,
      -0.761442661
    ]
  },
  {
    "timeStamp": 98693,
    "rotation": [
      [
        0.255349636,
        -0.1292012,
        0.958177269
      ],
      [
        -0.393960983,
        0.8911245,
        0.225148484
      ],
      [
        -0.8829447,
        -0.434976041,
        0.17664808
      ]
    ],
    "translation": [
      1.99548948,
      1.05929911,
      -0.771308243
    ]
  },
  {
    "timeStamp": 98746,
    "rotation": [
      [
        0.203492612,
        -0.207043484,
        0.9569346
      ],
      [
        -0.346319944,
        0.8989765,
        0.26814872
      ],
      [
        -0.9157801,
        -0.3859718,
        0.1112318
      ]
    ],
    "translation": [
      2.03756976,
      1.04711163,
      -0.7817432
    ]
  },
  {
    "timeStamp": 98791,
    "rotation": [
      [
        0.163084656,
        -0.239370272,
        0.9571339
      ],
      [
        -0.3376913,
        0.8979839,
        0.282116145
      ],
      [
        -0.927021,
        -0.369224578,
        0.0656141341
      ]
    ],
    "translation": [
      2.06412625,
      1.03972435,
      -0.788815141
    ]
  },
  {
    "timeStamp": 98847,
    "rotation": [
      [
        0.114914447,
        -0.27016145,
        0.955932736
      ],
      [
        -0.307964385,
        0.9052065,
        0.2928464
      ],
      [
        -0.944432437,
        -0.328045547,
        0.0208211988
      ]
    ],
    "translation": [
      2.093388,
      1.02784765,
      -0.7931141
    ]
  },
  {
    "timeStamp": 98891,
    "rotation": [
      [
        0.09454044,
        -0.27429828,
        0.9569862
      ],
      [
        -0.27173394,
        0.9176778,
        0.289875984
      ],
      [
        -0.9577175,
        -0.287450641,
        0.012221504
      ]
    ],
    "translation": [
      2.11290145,
      1.01449037,
      -0.7931972
    ]
  },
  {
    "timeStamp": 98946,
    "rotation": [
      [
        0.115451604,
        -0.272263229,
        0.9552715
      ],
      [
        -0.1618591,
        0.9436922,
        0.288524866
      ],
      [
        -0.980037,
        -0.187930033,
        0.06488251
      ]
    ],
    "translation": [
      2.12894416,
      0.99260813,
      -0.784623563
    ]
  },
  {
    "timeStamp": 98991,
    "rotation": [
      [
        0.138236642,
        -0.314458936,
        0.9391519
      ],
      [
        -0.102675162,
        0.9385961,
        0.329385936
      ],
      [
        -0.985062659,
        -0.14196077,
        0.09746125
      ]
    ],
    "translation": [
      2.13651371,
      0.977321863,
      -0.7812364
    ]
  },
  {
    "timeStamp": 99046,
    "rotation": [
      [
        0.15479283,
        -0.398722351,
        0.903913558
      ],
      [
        0.008537649,
        0.915447056,
        0.402347833
      ],
      [
        -0.987910032,
        -0.0545632653,
        0.1451088
      ]
    ],
    "translation": [
      2.14276719,
      0.957405448,
      -0.775863
    ]
  },
  {
    "timeStamp": 99091,
    "rotation": [
      [
        0.186998621,
        -0.462968826,
        0.866424441
      ],
      [
        0.10615962,
        0.8863411,
        0.450698972
      ],
      [
        -0.9766072,
        0.00769921,
        0.214893162
      ]
    ],
    "translation": [
      2.14521027,
      0.942241132,
      -0.7756423
    ]
  },
  {
    "timeStamp": 99147,
    "rotation": [
      [
        0.212561265,
        -0.526724,
        0.823030651
      ],
      [
        0.212473154,
        0.84704,
        0.487214833
      ],
      [
        -0.953767657,
        0.0713089257,
        0.291962624
      ]
    ],
    "translation": [
      2.146156,
      0.924354136,
      -0.775539637
    ]
  },
  {
    "timeStamp": 99192,
    "rotation": [
      [
        0.202939987,
        -0.563197851,
        0.801014
      ],
      [
        0.279097259,
        0.8173732,
        0.503989756
      ],
      [
        -0.93857336,
        0.121281154,
        0.3230647
      ]
    ],
    "translation": [
      2.14770532,
      0.911523759,
      -0.776708364
    ]
  },
  {
    "timeStamp": 99249,
    "rotation": [
      [
        0.190601334,
        -0.554544032,
        0.8100321
      ],
      [
        0.316084743,
        0.81588316,
        0.484174579
      ],
      [
        -0.929387748,
        0.1637545,
        0.330791324
      ]
    ],
    "translation": [
      2.15335417,
      0.9008058,
      -0.7790166
    ]
  },
  {
    "timeStamp": 99295,
    "rotation": [
      [
        0.182128936,
        -0.5581936,
        0.809474468
      ],
      [
        0.354935229,
        0.8050593,
        0.475289851
      ],
      [
        -0.9169787,
        0.200746968,
        0.3447472
      ]
    ],
    "translation": [
      2.15659571,
      0.889448643,
      -0.7806584
    ]
  },
  {
    "timeStamp": 99351,
    "rotation": [
      [
        0.162196636,
        -0.5587364,
        0.8133301
      ],
      [
        0.3723947,
        0.7979547,
        0.473909825
      ],
      [
        -0.913791239,
        0.226013258,
        0.337496042
      ]
    ],
    "translation": [
      2.16087532,
      0.879538655,
      -0.781106234
    ]
  }
]