[
  {
    "timeStamp": 88501,
    "rotation": [
      [
        0.999994457,
        0.00333294249,
        -1.05473355E-05
      ],
      [
        -0.00333289569,
        0.9999899,
        0.003006279
      ],
      [
        2.05669858E-05,
        -0.003006227,
        0.99999547
      ]
    ],
    "translation": [
      1.46197915,
      0.695769131,
      -0.6199821
    ]
  },
  {
    "timeStamp": 88545,
    "rotation": [
      [
        0.9999676,
        0.00805417448,
        -6.79823E-05
      ],
      [
        -0.008053303,
        0.9996449,
        -0.02540184
      ],
      [
        -0.000136632691,
        0.0254015643,
        0.9996773
      ]
    ],
    "translation": [
      1.46195352,
      0.697032869,
      -0.6201376
    ]
  },
  {
    "timeStamp": 88600,
    "rotation": [
      [
        0.9974628,
        0.07089189,
        0.006504649
      ],
      [
        -0.0706464648,
        0.996977031,
        -0.0323398523
      ],
      [
        -0.008777619,
        0.03179827,
        0.99945575
      ]
    ],
    "translation": [
      1.46296966,
      0.7014171,
      -0.624313831
    ]
  },
  {
    "timeStamp": 88645,
    "rotation": [
      [
        0.9898199,
        0.133858949,
        0.0483557768
      ],
      [
        -0.131995738,
        0.9904478,
        -0.0398772
      ],
      [
        -0.0532317944,
        0.0330884866,
        0.9980338
      ]
    ],
    "translation": [
      1.46413362,
      0.7091538,
      -0.629499853
    ]
  },
  {
    "timeStamp": 88701,
    "rotation": [
      [
        0.980474532,
        0.17598103,
        0.08775175
      ],
      [
        -0.1717411,
        0.9836726,
        -0.05378761
      ],
      [
        -0.0957846045,
        0.0376668,
        0.994689167
      ]
    ],
    "translation": [
      1.474851,
      0.724375248,
      -0.638837
    ]
  },
  {
    "timeStamp": 88745,
    "rotation": [
      [
        0.9726374,
        0.206670478,
        0.106130667
      ],
      [
        -0.200607792,
        0.9775096,
        -0.0650494546
      ],
      [
        -0.117187545,
        0.0419789,
        0.99222225
      ]
    ],
    "translation": [
      1.48749352,
      0.7368896,
      -0.650364
    ]
  },
  {
    "timeStamp": 88801,
    "rotation": [
      [
        0.9540219,
        0.263241142,
        0.143339962
      ],
      [
        -0.2516318,
        0.9632299,
        -0.09417825
      ],
      [
        -0.16286093,
        0.0537792221,
        0.9851823
      ]
    ],
    "translation": [
      1.5068897,
      0.7533144,
      -0.6703928
    ]
  },
  {
    "timeStamp": 88845,
    "rotation": [
      [
        0.9406459,
        0.2922746,
        0.172513574
      ],
      [
        -0.2791182,
        0.955376148,
        -0.09669263
      ],
      [
        -0.193076164,
        0.0428018421,
        0.980249763
      ]
    ],
    "translation": [
      1.52667081,
      0.764738858,
      -0.687520266
    ]
  },
  {
    "timeStamp": 88900,
    "rotation": [
      [
        0.9216996,
        0.3145659,
        0.22697635
      ],
      [
        -0.3004579,
        0.94903487,
        -0.09517328
      ],
      [
        -0.245346725,
        0.019524334,
        0.9692388
      ]
    ],
    "translation": [
      1.55628836,
      0.775930047,
      -0.7093556
    ]
  },
  {
    "timeStamp": 88945,
    "rotation": [
      [
        0.9006789,
        0.3330777,
        0.2789926
      ],
      [
        -0.3196013,
        0.9428882,
        -0.09389818
      ],
      [
        -0.2943342,
        -0.00459428737,
        0.9556915
      ]
    ],
    "translation": [
      1.58203685,
      0.7842291,
      -0.726980865
    ]
  },
  {
    "timeStamp": 89001,
    "rotation": [
      [
        0.8671134,
        0.3457155,
        0.3586017
      ],
      [
        -0.340353161,
        0.9368698,
        -0.08021614
      ],
      [
        -0.363695085,
        -0.05249473,
        0.930037737
      ]
    ],
    "translation": [
      1.61688733,
      0.7923863,
      -0.74720794
    ]
  },
  {
    "timeStamp": 89045,
    "rotation": [
      [
        0.8295449,
        0.346017957,
        0.438322723
      ],
      [
        -0.352219373,
        0.933284342,
        -0.0701568
      ],
      [
        -0.4333552,
        -0.09618753,
        0.8960755
      ]
    ],
    "translation": [
      1.64655232,
      0.798354,
      -0.7612074
    ]
  },
  {
    "timeStamp": 89100,
    "rotation": [
      [
        0.7725881,
        0.3316813,
        0.5413827
      ],
      [
        -0.371564239,
        0.9276264,
        -0.0380696356
      ],
      [
        -0.514827847,
        -0.171746284,
        0.839914
      ]
    ],
    "translation": [
      1.68481791,
      0.8065853,
      -0.774540961
    ]
  },
  {
    "timeStamp": 89145,
    "rotation": [
      [
        0.719326437,
        0.308048636,
        0.6226359
      ],
      [
        -0.402644962,
        0.915273,
        0.012341965
      ],
      [
        -0.5660799,
        -0.259579122,
        0.7824143
      ]
    ],
    "translation": [
      1.714863,
      0.8138394,
      -0.781867266
    ]
  },
  {
    "timeStamp": 89200,
    "rotation": [
      [
        0.6215383,
        0.309689015,
        0.719571352
      ],
      [
        -0.456595361,
        0.88959986,
        0.01152377
      ],
      [
        -0.6365618,
        -0.3357154,
        0.6943229
      ]
    ],
    "translation": [
      1.74983072,
      0.826653659,
      -0.7883717
    ]
  },
  {
    "timeStamp": 89245,
    "rotation": [
      [
        0.541400969,
        0.306898028,
        0.782750666
      ],
      [
        -0.4946702,
        0.869079649,
        0.00140029541
      ],
      [
        -0.679842949,
        -0.387961566,
        0.6223339
      ]
    ],
    "translation": [
      1.777216,
      0.8381679,
      -0.7905399
    ]
  },
  {
    "timeStamp": 89300,
    "rotation": [
      [
        0.4341334,
        0.295559585,
        0.8509834
      ],
      [
        -0.5537566,
        0.8326517,
        -0.00669102371
      ],
      [
        -0.710550368,
        -0.4683329,
        0.52515
      ]
    ],
    "translation": [
      1.81313789,
      0.8551921,
      -0.786382854
    ]
  },
  {
    "timeStamp": 89345,
    "rotation": [
      [
        0.341122,
        0.2848851,
        0.8958104
      ],
      [
        -0.6030558,
        0.797340155,
        -0.02392778
      ],
      [
        -0.72108227,
        -0.532061338,
        0.443791866
      ]
    ],
    "translation": [
      1.84343946,
      0.8704285,
      -0.779773831
    ]
  },
  {
    "timeStamp": 89401,
    "rotation": [
      [
        0.221446455,
        0.24527207,
        0.943823636
      ],
      [
        -0.6639695,
        0.746779144,
        -0.0382808447
      ],
      [
        -0.714217,
        -0.618193,
        0.328224778
      ]
    ],
    "translation": [
      1.88409686,
      0.889303565,
      -0.767265141
    ]
  },
  {
    "timeStamp": 89445,
    "rotation": [
      [
        0.125049323,
        0.213495314,
        0.968907833
      ],
      [
        -0.716945052,
        0.6944995,
        -0.0604999661
      ],
      [
        -0.6858225,
        -0.6870882,
        0.2399111
      ]
    ],
    "translation": [
      1.91766489,
      0.9056588,
      -0.7572924
    ]
  },
  {
    "timeStamp": 89500,
    "rotation": [
      [
        0.0262776148,
        0.161440283,
        0.986532569
      ],
      [
        -0.7707675,
        0.6317074,
        -0.0828447938
      ],
      [
        -0.6365743,
        -0.7582103,
        0.1410327
      ]
    ],
    "translation": [
      1.95860755,
      0.9248173,
      -0.745317161
    ]
  },
  {
    "timeStamp": 89545,
    "rotation": [
      [
        -0.013859326,
        0.06520604,
        0.9977756
      ],
      [
        -0.8108807,
        0.5831251,
        -0.0493713655
      ],
      [
        -0.5850473,
        -0.8097612,
        0.0447926074
      ]
    ],
    "translation": [
      1.99334562,
      0.9366351,
      -0.7357141
    ]
  },
  {
    "timeStamp": 89600,
    "rotation": [
      [
        -0.08020097,
        -0.0120147569,
        0.9967063
      ],
      [
        -0.858356059,
        0.509180367,
        -0.062930584
      ],
      [
        -0.5067472,
        -0.860576,
        -0.0511497
      ]
    ],
    "translation": [
      2.034893,
      0.951076567,
      -0.724224448
    ]
  },
  {
    "timeStamp": 89654,
    "rotation": [
      [
        -0.169442385,
        0.0848801956,
        0.981878161
      ],
      [
        -0.8874428,
        0.420174927,
        -0.189468473
      ],
      [
        -0.4286427,
        -0.9034647,
        0.00413087429
      ]
    ],
    "translation": [
      2.05810523,
      0.966320753,
      -0.714530468
    ]
  },
  {
    "timeStamp": 89697,
    "rotation": [
      [
        -0.173233539,
        0.00664602,
        0.984858334
      ],
      [
        -0.912450254,
        0.37530762,
        -0.163029835
      ],
      [
        -0.370708346,
        -0.9268765,
        -0.0589517057
      ]
    ],
    "translation": [
      2.09581256,
      0.977085769,
      -0.6979146
    ]
  },
  {
    "timeStamp": 89751,
    "rotation": [
      [
        -0.2574695,
        0.04206073,
        0.9653706
      ],
      [
        -0.9245095,
        0.279862,
        -0.2587651
      ],
      [
        -0.281054378,
        -0.9591184,
        -0.03317038
      ]
    ],
    "translation": [
      2.12846041,
      0.9963412,
      -0.680931747
    ]
  },
  {
    "timeStamp": 89804,
    "rotation": [
      [
        -0.31178984,
        0.0170846283,
        0.9499974
      ],
      [
        -0.9264613,
        0.216406688,
        -0.307957083
      ],
      [
        -0.210847139,
        -0.9761538,
        -0.051645156
      ]
    ],
    "translation": [
      2.15804815,
      1.01097071,
      -0.669416964
    ]
  },
  {
    "timeStamp": 89850,
    "rotation": [
      [
        -0.318563133,
        -0.00889705,
        0.9478599
      ],
      [
        -0.940218747,
        0.130022258,
        -0.314774573
      ],
      [
        -0.120442308,
        -0.9914712,
        -0.049785465
      ]
    ],
    "translation": [
      2.19191241,
      1.02933073,
      -0.6597884
    ]
  },
  {
    "timeStamp": 89895,
    "rotation": [
      [
        -0.3193004,
        -0.00421414943,
        0.9476442
      ],
      [
        -0.9447414,
        0.07975064,
        -0.3179677
      ],
      [
        -0.07423527,
        -0.996805966,
        -0.0294456948
      ]
    ],
    "translation": [
      2.214216,
      1.03971636,
      -0.6541272
    ]
  },
  {
    "timeStamp": 89950,
    "rotation": [
      [
        -0.318170577,
        -0.005215331,
        0.9480191
      ],
      [
        -0.947146237,
        0.0450017229,
        -0.317630053
      ],
      [
        -0.0410059467,
        -0.99897325,
        -0.019257905
      ]
    ],
    "translation": [
      2.23709369,
      1.04599464,
      -0.646368
    ]
  },
  {
    "timeStamp": 89995,
    "rotation": [
      [
        -0.2985193,
        0.01903327,
        0.954213858
      ],
      [
        -0.953528345,
        0.0368618071,
        -0.2990401
      ],
      [
        -0.0408657528,
        -0.99913913,
        0.007144802
      ]
    ],
    "translation": [
      2.24900222,
      1.0435183,
      -0.6407643
    ]
  },
  {
    "timeStamp": 90050,
    "rotation": [
      [
        -0.283780336,
        0.0790695548,
        0.9556237
      ],
      [
        -0.9565955,
        0.0455476046,
        -0.2878376
      ],
      [
        -0.06628556,
        -0.995828,
        0.06271206
      ]
    ],
    "translation": [
      2.25600219,
      1.03242707,
      -0.634407043
    ]
  },
  {
    "timeStamp": 90095,
    "rotation": [
      [
        -0.273508728,
        0.105667666,
        0.9560478
      ],
      [
        -0.9577376,
        0.06211199,
        -0.280857146
      ],
      [
        -0.08905955,
        -0.9924598,
        0.08421373
      ]
    ],
    "translation": [
      2.25859571,
      1.0205524,
      -0.6294205
    ]
  },
  {
    "timeStamp": 90150,
    "rotation": [
      [
        -0.2627278,
        0.13316308,
        0.9556368
      ],
      [
        -0.9572603,
        0.08817181,
        -0.275460422
      ],
      [
        -0.120941386,
        -0.9871643,
        0.104306541
      ]
    ],
    "translation": [
      2.259243,
      1.00456858,
      -0.62590754
    ]
  },
  {
    "timeStamp": 90195,
    "rotation": [
      [
        -0.248282954,
        0.1458291,
        0.9576479
      ],
      [
        -0.9573293,
        0.114008315,
        -0.265561342
      ],
      [
        -0.1479064,
        -0.9827187,
        0.111300133
      ]
    ],
    "translation": [
      2.25865746,
      0.991768,
      -0.622681737
    ]
  },
  {
    "timeStamp": 90252,
    "rotation": [
      [
        -0.224247217,
        0.16581136,
        0.9603228
      ],
      [
        -0.9564522,
        0.151489556,
        -0.249499887
      ],
      [
        -0.186848775,
        -0.974452436,
        0.124619529
      ]
    ],
    "translation": [
      2.25608969,
      0.975748539,
      -0.6196819
    ]
  },
  {
    "timeStamp": 90297,
    "rotation": [
      [
        -0.2137448,
        0.176983535,
        0.9607237
      ],
      [
        -0.9574373,
        0.157326683,
        -0.2419962
      ],
      [
        -0.19397682,
        -0.9715581,
        0.135822877
      ]
    ],
    "translation": [
      2.254138,
      0.9667713,
      -0.6184483
    ]
  },
  {
    "timeStamp": 90343,
    "rotation": [
      [
        -0.189374462,
        0.173637077,
        0.9664303
      ],
      [
        -0.959248662,
        0.177495673,
        -0.219857574
      ],
      [
        -0.209712625,
        -0.968682349,
        0.132947981
      ]
    ],
    "translation": [
      2.253729,
      0.956194937,
      -0.617156148
    ]
  },
  {
    "timeStamp": 90399,
    "rotation": [
      [
        -0.178372189,
        0.1793769,
        0.9674747
      ],
      [
        -0.9584517,
        0.190769613,
        -0.212078691
      ],
      [
        -0.2226068,
        -0.9651067,
        0.1378961
      ]
    ],
    "translation": [
      2.25219846,
      0.94419533,
      -0.6149353
    ]
  },
  {
    "timeStamp": 90442,
    "rotation": [
      [
        -0.1772373,
        0.182410985,
        0.967115939
      ],
      [
        -0.9572633,
        0.196248412,
        -0.212446749
      ],
      [
        -0.228547573,
        -0.963438,
        0.1398328
      ]
    ],
    "translation": [
      2.25063848,
      0.9365564,
      -0.6152196
    ]
  },
  {
    "timeStamp": 90495,
    "rotation": [
      [
        -0.158571258,
        0.1890435,
        0.969080865
      ],
      [
        -0.9623142,
        0.190022334,
        -0.194532648
      ],
      [
        -0.220922142,
        -0.9634075,
        0.151787162
      ]
    ],
    "translation": [
      2.24928355,
      0.925696135,
      -0.614549756
    ]
  },
  {
    "timeStamp": 90551,
    "rotation": [
      [
        -0.1674811,
        0.2188878,
        0.9612691
      ],
      [
        -0.964190245,
        0.16701211,
        -0.206019878
      ],
      [
        -0.205638811,
        -0.9613507,
        0.18307811
      ]
    ],
    "translation": [
      2.24810886,
      0.9192337,
      -0.6161638
    ]
  },
  {
    "timeStamp": 90599,
    "rotation": [
      [
        -0.153299451,
        0.204319015,
        0.96682626
      ],
      [
        -0.9683285,
        0.164064452,
        -0.188209325
      ],
      [
        -0.197076559,
        -0.9650578,
        0.172696933
      ]
    ],
    "translation": [
      2.248478,
      0.913027763,
      -0.6163263
    ]
  },
  {
    "timeStamp": 90650,
    "rotation": [
      [
        -0.148641527,
        0.19203715,
        0.9700657
      ],
      [
        -0.969957352,
        0.162727,
        -0.180838853
      ],
      [
        -0.19258365,
        -0.9678025,
        0.162079856
      ]
    ],
    "translation": [
      2.24974132,
      0.906742752,
      -0.6166153
    ]
  },
  {
    "timeStamp": 90695,
    "rotation": [
      [
        -0.137012154,
        0.177790612,
        0.97448355
      ],
      [
        -0.9717569,
        0.166690975,
        -0.167040884
      ],
      [
        -0.1921359,
        -0.969847739,
        0.149930567
      ]
    ],
    "translation": [
      2.251397,
      0.902412653,
      -0.616486669
    ]
  }
]