[
  {
    "timeStamp": 0,
    "rotation": [
      [
        -0.914240241,
        -0.1074926,
        -0.390653372
      ],
      [
        0.06810598,
        0.9096766,
        -0.409695029
      ],
      [
        0.399407417,
        -0.401165515,
        -0.824342132
      ]
    ],
    "translation": [
      1.43762445,
      1.70015454,
      -2.44031525
    ]
  },
  {
    "timeStamp": 15,
    "rotation": [
      [
        -0.913977742,
        -0.106547192,
        -0.3915256
      ],
      [
        0.07003494,
        0.90900445,
        -0.410860121
      ],
      [
        0.399674475,
        -0.402937472,
        -0.8233478
      ]
    ],
    "translation": [
      1.44926286,
      1.69778824,
      -2.43499327
    ]
  },
  {
    "timeStamp": 17,
    "rotation": [
      [
        -0.9135229,
        -0.10624516,
        -0.3926677
      ],
      [
        0.0731705353,
        0.906628549,
        -0.415536731
      ],
      [
        0.4001525,
        -0.408334017,
        -0.8204519
      ]
    ],
    "translation": [
      1.44885492,
      1.69748712,
      -2.43462563
    ]
  },
  {
    "timeStamp": 62,
    "rotation": [
      [
        -0.936568141,
        -0.09714839,
        -0.3367527
      ],
      [
        0.09811266,
        0.849732637,
        -0.518004239
      ],
      [
        0.336473078,
        -0.518186,
        -0.786300957
      ]
    ],
    "translation": [
      1.49518561,
      1.6849587,
      -2.40304232
    ]
  },
  {
    "timeStamp": 106,
    "rotation": [
      [
        -0.951420546,
        -0.09144943,
        -0.2939999
      ],
      [
        0.090992704,
        0.828707635,
        -0.5522354
      ],
      [
        0.2941416,
        -0.552159965,
        -0.780128241
      ]
    ],
    "translation": [
      1.50945091,
      1.6815002,
      -2.39116
    ]
  },
  {
    "timeStamp": 162,
    "rotation": [
      [
        -0.9700376,
        -0.06806631,
        -0.233225226
      ],
      [
        0.08482415,
        0.8046623,
        -0.5876423
      ],
      [
        0.227666169,
        -0.589818239,
        -0.774779
      ]
    ],
    "translation": [
      1.53399837,
      1.67635584,
      -2.37265253
    ]
  },
  {
    "timeStamp": 206,
    "rotation": [
      [
        -0.9832903,
        -0.0220346134,
        -0.180705875
      ],
      [
        0.0942846239,
        0.787497342,
        -0.6090635
      ],
      [
        0.155725881,
        -0.61592406,
        -0.772260964
      ]
    ],
    "translation": [
      1.5802989,
      1.66424131,
      -2.34450769
    ]
  },
  {
    "timeStamp": 348,
    "rotation": [
      [
        -0.9877217,
        -0.009517913,
        -0.155933619
      ],
      [
        0.09001247,
        0.781134665,
        -0.6178401
      ],
      [
        0.1276857,
        -0.624290049,
        -0.7706869
      ]
    ],
    "translation": [
      1.5759151,
      1.665457,
      -2.34491825
    ]
  },
  {
    "timeStamp": 351,
    "rotation": [
      [
        -0.9877217,
        -0.009517913,
        -0.155933619
      ],
      [
        0.09001247,
        0.781134665,
        -0.6178401
      ],
      [
        0.1276857,
        -0.624290049,
        -0.7706869
      ]
    ],
    "translation": [
      1.5759151,
      1.665457,
      -2.34491825
    ]
  },
  {
    "timeStamp": 385,
    "rotation": [
      [
        -0.956412852,
        0.219654471,
        0.1924223
      ],
      [
        0.0319101177,
        0.7336073,
        -0.678824
      ],
      [
        -0.290269136,
        -0.6430958,
        -0.708640635
      ]
    ],
    "translation": [
      1.61913311,
      1.65907872,
      -2.29601145
    ]
  },
  {
    "timeStamp": 436,
    "rotation": [
      [
        -0.8972768,
        0.307748735,
        0.3165203
      ],
      [
        0.0123423031,
        0.7341785,
        -0.678844333
      ],
      [
        -0.4412959,
        -0.6052047,
        -0.6625596
      ]
    ],
    "translation": [
      1.62628126,
      1.65968812,
      -2.27297068
    ]
  },
  {
    "timeStamp": 491,
    "rotation": [
      [
        -0.8367315,
        0.372157276,
        0.4017205
      ],
      [
        0.00351345516,
        0.7372174,
        -0.6756464
      ],
      [
        -0.547602057,
        -0.5639232,
        -0.6181606
      ]
    ],
    "translation": [
      1.62951064,
      1.65997958,
      -2.25031757
    ]
  },
  {
    "timeStamp": 536,
    "rotation": [
      [
        -0.752290845,
        0.437295675,
        0.492778927
      ],
      [
        -0.004964656,
        0.7441753,
        -0.6679659
      ],
      [
        -0.6588125,
        -0.5049511,
        -0.5576652
      ]
    ],
    "translation": [
      1.63091981,
      1.66056633,
      -2.220005
    ]
  },
  {
    "timeStamp": 592,
    "rotation": [
      [
        -0.680138052,
        0.48007682,
        0.5540203
      ],
      [
        -0.0108146118,
        0.749086142,
        -0.6623843
      ],
      [
        -0.7330043,
        -0.4565043,
        -0.504290164
      ]
    ],
    "translation": [
      1.6275351,
      1.66015041,
      -2.193718
    ]
  },
  {
    "timeStamp": 635,
    "rotation": [
      [
        -0.5765366,
        0.5290822,
        0.6226376
      ],
      [
        -0.0188981239,
        0.753197253,
        -0.6575232
      ],
      [
        -0.8168528,
        -0.3908529,
        -0.424247116
      ]
    ],
    "translation": [
      1.623252,
      1.65744853,
      -2.16072655
    ]
  },
  {
    "timeStamp": 691,
    "rotation": [
      [
        -0.476575077,
        0.56812185,
        0.6709052
      ],
      [
        -0.0301557053,
        0.7521302,
        -0.6583242
      ],
      [
        -0.8786164,
        -0.3339725,
        -0.341314435
      ]
    ],
    "translation": [
      1.61762381,
      1.65171146,
      -2.133029
    ]
  },
  {
    "timeStamp": 736,
    "rotation": [
      [
        -0.3451559,
        0.608486235,
        0.7145711
      ],
      [
        -0.051412832,
        0.747958839,
        -0.6617509
      ],
      [
        -0.9371361,
        -0.265145361,
        -0.22687839
      ]
    ],
    "translation": [
      1.61140609,
      1.64396572,
      -2.09957933
    ]
  },
  {
    "timeStamp": 791,
    "rotation": [
      [
        -0.230387583,
        0.6510369,
        0.7232376
      ],
      [
        -0.06371624,
        0.7315438,
        -0.6788107
      ],
      [
        -0.971010745,
        -0.202471539,
        -0.127056971
      ]
    ],
    "translation": [
      1.60539126,
      1.6380322,
      -2.073183
    ]
  },
  {
    "timeStamp": 837,
    "rotation": [
      [
        -0.08158036,
        0.699616969,
        0.7098456
      ],
      [
        -0.07992965,
        0.705333,
        -0.7043555
      ],
      [
        -0.9934565,
        -0.114199281,
        -0.00162118743
      ]
    ],
    "translation": [
      1.59842384,
      1.63482642,
      -2.04167914
    ]
  },
  {
    "timeStamp": 883,
    "rotation": [
      [
        0.0101834657,
        0.720817,
        0.693050563
      ],
      [
        -0.112912215,
        0.6894826,
        -0.715447068
      ],
      [
        -0.993552744,
        -0.07096814,
        0.08841037
      ]
    ],
    "translation": [
      1.5940429,
      1.6343224,
      -2.0168097
    ]
  },
  {
    "timeStamp": 940,
    "rotation": [
      [
        0.112575419,
        0.73563695,
        0.667955935
      ],
      [
        -0.140407532,
        0.677261055,
        -0.722221
      ],
      [
        -0.983673,
        -0.012481709,
        0.179531917
      ]
    ],
    "translation": [
      1.58859789,
      1.63397932,
      -1.98599732
    ]
  },
  {
    "timeStamp": 985,
    "rotation": [
      [
        0.208479062,
        0.7338567,
        0.646522164
      ],
      [
        -0.150122985,
        0.6772251,
        -0.720298052
      ],
      [
        -0.966436565,
        0.0531092361,
        0.251356
      ]
    ],
    "translation": [
      1.58470845,
      1.63233066,
      -1.96073484
    ]
  },
  {
    "timeStamp": 1042,
    "rotation": [
      [
        0.306630045,
        0.725502431,
        0.616136551
      ],
      [
        -0.156212226,
        0.676899,
        -0.719309
      ],
      [
        -0.938922644,
        0.124313675,
        0.32088995
      ]
    ],
    "translation": [
      1.57971275,
      1.63080931,
      -1.93522179
    ]
  },
  {
    "timeStamp": 1085,
    "rotation": [
      [
        0.421628267,
        0.7069233,
        0.5678812
      ],
      [
        -0.167492524,
        0.6762086,
        -0.7174177
      ],
      [
        -0.8911655,
        0.207367733,
        0.403513
      ]
    ],
    "translation": [
      1.57343721,
      1.6291461,
      -1.90259063
    ]
  },
  {
    "timeStamp": 1141,
    "rotation": [
      [
        0.4959767,
        0.691574931,
        0.5251011
      ],
      [
        -0.178769082,
        0.6730908,
        -0.7176283
      ],
      [
        -0.8497345,
        0.262055069,
        0.457469583
      ]
    ],
    "translation": [
      1.56708908,
      1.629274,
      -1.877354
    ]
  },
  {
    "timeStamp": 1185,
    "rotation": [
      [
        0.5779532,
        0.6643729,
        0.4738974
      ],
      [
        -0.186716557,
        0.672957361,
        -0.7157271
      ],
      [
        -0.794422448,
        0.325172275,
        0.512987256
      ]
    ],
    "translation": [
      1.55847192,
      1.63029766,
      -1.84477055
    ]
  },
  {
    "timeStamp": 1241,
    "rotation": [
      [
        0.643626451,
        0.629267,
        0.4356238
      ],
      [
        -0.178286389,
        0.6768068,
        -0.714245439
      ],
      [
        -0.7442842,
        0.382041454,
        0.5478005
      ]
    ],
    "translation": [
      1.54931712,
      1.631738,
      -1.8186183
    ]
  },
  {
    "timeStamp": 1285,
    "rotation": [
      [
        0.7259216,
        0.569341362,
        0.3858605
      ],
      [
        -0.158021614,
        0.684081435,
        -0.7120827
      ],
      [
        -0.669378161,
        0.455941856,
        0.5865577
      ]
    ],
    "translation": [
      1.53639865,
      1.63358,
      -1.78601253
    ]
  },
  {
    "timeStamp": 1341,
    "rotation": [
      [
        0.780415058,
        0.5212029,
        0.345398039
      ],
      [
        -0.14147611,
        0.6852736,
        -0.7144121
      ],
      [
        -0.6090458,
        0.5086724,
        0.6085356
      ]
    ],
    "translation": [
      1.52470088,
      1.63502955,
      -1.76129341
    ]
  },
  {
    "timeStamp": 1385,
    "rotation": [
      [
        0.8346704,
        0.46372366,
        0.297129065
      ],
      [
        -0.123816,
        0.6836837,
        -0.719198346
      ],
      [
        -0.536651552,
        0.5635043,
        0.628066957
      ]
    ],
    "translation": [
      1.51089013,
      1.636379,
      -1.730962
    ]
  },
  {
    "timeStamp": 1442,
    "rotation": [
      [
        0.8666975,
        0.422947466,
        0.2644823
      ],
      [
        -0.113762528,
        0.683816254,
        -0.7207312
      ],
      [
        -0.4856887,
        0.5945678,
        0.6407774
      ]
    ],
    "translation": [
      1.50046182,
      1.63786137,
      -1.708178
    ]
  },
  {
    "timeStamp": 1486,
    "rotation": [
      [
        0.899478436,
        0.3735107,
        0.226778179
      ],
      [
        -0.101314962,
        0.6831098,
        -0.7232539
      ],
      [
        -0.425057471,
        0.6275753,
        0.6522848
      ]
    ],
    "translation": [
      1.4891696,
      1.63937688,
      -1.679143
    ]
  },
  {
    "timeStamp": 1541,
    "rotation": [
      [
        0.915680468,
        0.345311016,
        0.20564419
      ],
      [
        -0.0941959843,
        0.6818087,
        -0.725440562
      ],
      [
        -0.390712619,
        0.6449009,
        0.6568458
      ]
    ],
    "translation": [
      1.48141813,
      1.64003682,
      -1.65608346
    ]
  },
  {
    "timeStamp": 1585,
    "rotation": [
      [
        0.9281137,
        0.32417,
        0.183081388
      ],
      [
        -0.09213846,
        0.6764665,
        -0.730687
      ],
      [
        -0.36071524,
        0.6612918,
        0.657706439
      ]
    ],
    "translation": [
      1.472642,
      1.63933623,
      -1.62621331
    ]
  },
  {
    "timeStamp": 1641,
    "rotation": [
      [
        0.934483,
        0.3132672,
        0.169130489
      ],
      [
        -0.08927185,
        0.6660935,
        -0.74050653
      ],
      [
        -0.344633132,
        0.676892161,
        0.650419056
      ]
    ],
    "translation": [
      1.464806,
      1.63725162,
      -1.60301161
    ]
  },
  {
    "timeStamp": 1685,
    "rotation": [
      [
        0.9450783,
        0.2899555,
        0.150840282
      ],
      [
        -0.07971225,
        0.6520464,
        -0.7539771
      ],
      [
        -0.31697467,
        0.7005436,
        0.6393479
      ]
    ],
    "translation": [
      1.45468926,
      1.63380289,
      -1.5738709
    ]
  },
  {
    "timeStamp": 1741,
    "rotation": [
      [
        0.9544752,
        0.2672541,
        0.132485077
      ],
      [
        -0.07385897,
        0.642063141,
        -0.763085663
      ],
      [
        -0.289001554,
        0.7185611,
        0.6325725
      ]
    ],
    "translation": [
      1.44491458,
      1.63077581,
      -1.55136883
    ]
  },
  {
    "timeStamp": 1785,
    "rotation": [
      [
        0.9654571,
        0.240836471,
        0.09945017
      ],
      [
        -0.07602211,
        0.6254286,
        -0.7765691
      ],
      [
        -0.249225169,
        0.742183745,
        0.6221334
      ]
    ],
    "translation": [
      1.43112421,
      1.628242,
      -1.52504027
    ]
  },
  {
    "timeStamp": 1841,
    "rotation": [
      [
        0.9730642,
        0.217935279,
        0.0751681253
      ],
      [
        -0.07935622,
        0.622783542,
        -0.778359354
      ],
      [
        -0.216445431,
        0.751428545,
        0.623302937
      ]
    ],
    "translation": [
      1.4203608,
      1.62733173,
      -1.50609529
    ]
  },
  {
    "timeStamp": 1885,
    "rotation": [
      [
        0.9811543,
        0.186030284,
        0.05223907
      ],
      [
        -0.07564184,
        0.618564367,
        -0.7820847
      ],
      [
        -0.177804664,
        0.763394356,
        0.6209788
      ]
    ],
    "translation": [
      1.40849924,
      1.62633729,
      -1.48584485
    ]
  },
  {
    "timeStamp": 1941,
    "rotation": [
      [
        0.985861,
        0.16071941,
        0.0474054851
      ],
      [
        -0.06259776,
        0.615671158,
        -0.7855129
      ],
      [
        -0.155433357,
        0.7714391,
        0.6170269
      ]
    ],
    "translation": [
      1.40220964,
      1.62528431,
      -1.47266674
    ]
  },
  {
    "timeStamp": 1985,
    "rotation": [
      [
        0.9883042,
        0.14243643,
        0.054466892
      ],
      [
        -0.04343671,
        0.605315268,
        -0.794799745
      ],
      [
        -0.146178082,
        0.783138037,
        0.6044226
      ]
    ],
    "translation": [
      1.39698982,
      1.62279117,
      -1.459811
    ]
  },
  {
    "timeStamp": 2041,
    "rotation": [
      [
        0.989143968,
        0.131457791,
        0.0656742
      ],
      [
        -0.0253721084,
        0.5929832,
        -0.804815054
      ],
      [
        -0.144742891,
        0.794411659,
        0.589881063
      ]
    ],
    "translation": [
      1.39499283,
      1.61977208,
      -1.45270908
    ]
  },
  {
    "timeStamp": 2085,
    "rotation": [
      [
        0.991315663,
        0.114753224,
        0.0642256439
      ],
      [
        -0.0154106868,
        0.5864019,
        -0.809873641
      ],
      [
        -0.130597651,
        0.8018507,
        0.5830778
      ]
    ],
    "translation": [
      1.39246964,
      1.61765671,
      -1.44415832
    ]
  },
  {
    "timeStamp": 2141,
    "rotation": [
      [
        0.99319303,
        0.10206376,
        0.05613071
      ],
      [
        -0.0156010464,
        0.594109237,
        -0.8042331
      ],
      [
        -0.115430824,
        0.797883,
        0.5916574
      ]
    ],
    "translation": [
      1.39217973,
      1.616545,
      -1.439833
    ]
  },
  {
    "timeStamp": 2185,
    "rotation": [
      [
        0.9944698,
        0.09746447,
        0.0391209349
      ],
      [
        -0.0259300731,
        0.588831246,
        -0.80783993
      ],
      [
        -0.101771325,
        0.802358,
        0.588102162
      ]
    ],
    "translation": [
      1.39304185,
      1.61502814,
      -1.43691421
    ]
  },
  {
    "timeStamp": 2241,
    "rotation": [
      [
        0.9951666,
        0.09652688,
        0.0180545431
      ],
      [
        -0.0419914722,
        0.58448416,
        -0.8103178
      ],
      [
        -0.08877005,
        0.8056431,
        0.585712433
      ]
    ],
    "translation": [
      1.39720678,
      1.61395156,
      -1.43684924
    ]
  },
  {
    "timeStamp": 2285,
    "rotation": [
      [
        0.994227648,
        0.105497479,
        0.0195346586
      ],
      [
        -0.04585053,
        0.582388461,
        -0.81161654
      ],
      [
        -0.09700026,
        0.806035936,
        0.583863854
      ]
    ],
    "translation": [
      1.40494561,
      1.61359227,
      -1.43833458
    ]
  },
  {
    "timeStamp": 2341,
    "rotation": [
      [
        0.9906763,
        0.125385135,
        0.05328296
      ],
      [
        -0.0287807342,
        0.5748931,
        -0.8177222
      ],
      [
        -0.133162215,
        0.8085645,
        0.573141634
      ]
    ],
    "translation": [
      1.41921163,
      1.61332321,
      -1.442917
    ]
  },
  {
    "timeStamp": 2385,
    "rotation": [
      [
        0.986166358,
        0.151651174,
        0.06691611
      ],
      [
        -0.0323686637,
        0.5721101,
        -0.8195379
      ],
      [
        -0.162567258,
        0.806034744,
        0.5691045
      ]
    ],
    "translation": [
      1.43116474,
      1.61286044,
      -1.44838464
    ]
  },
  {
    "timeStamp": 2441,
    "rotation": [
      [
        0.9816566,
        0.176631823,
        0.07177407
      ],
      [
        -0.04457853,
        0.578660965,
        -0.814348936
      ],
      [
        -0.1853728,
        0.7962114,
        0.5759204
      ]
    ],
    "translation": [
      1.443571,
      1.61197042,
      -1.45486927
    ]
  },
  {
    "timeStamp": 2485,
    "rotation": [
      [
        0.983290434,
        0.173167929,
        0.0561499819
      ],
      [
        -0.0572366044,
        0.586883962,
        -0.80764544
      ],
      [
        -0.172811821,
        0.790936232,
        0.5869889
      ]
    ],
    "translation": [
      1.4587121,
      1.61097908,
      -1.4649756
    ]
  },
  {
    "timeStamp": 2540,
    "rotation": [
      [
        0.9887553,
        0.147405341,
        0.0251922328
      ],
      [
        -0.06851743,
        0.5962924,
        -0.799838
      ],
      [
        -0.132922336,
        0.789117932,
        0.59968704
      ]
    ],
    "translation": [
      1.47506917,
      1.60962343,
      -1.47804773
    ]
  },
  {
    "timeStamp": 2585,
    "rotation": [
      [
        0.991812348,
        0.127443552,
        0.0081430655
      ],
      [
        -0.0698121,
        0.594487965,
        -0.801068246
      ],
      [
        -0.106931932,
        0.7939409,
        0.5985176
      ]
    ],
    "translation": [
      1.49098527,
      1.61031508,
      -1.48800552
    ]
  },
  {
    "timeStamp": 2640,
    "rotation": [
      [
        0.9929875,
        0.118149474,
        -0.00405849144
      ],
      [
        -0.07357656,
        0.590774655,
        -0.803474844
      ],
      [
        -0.09253248,
        0.7981391,
        0.5953249
      ]
    ],
    "translation": [
      1.51259911,
      1.61283994,
      -1.50034058
    ]
  },
  {
    "timeStamp": 2687,
    "rotation": [
      [
        0.993266046,
        0.115135707,
        -0.0128965825
      ],
      [
        -0.0787617043,
        0.589414954,
        -0.8039817
      ],
      [
        -0.0849655643,
        0.7995835,
        0.594514132
      ]
    ],
    "translation": [
      1.52980387,
      1.61486053,
      -1.50809109
    ]
  },
  {
    "timeStamp": 2739,
    "rotation": [
      [
        0.994515359,
        0.102768682,
        -0.0194386132
      ],
      [
        -0.0759609938,
        0.5819421,
        -0.809674859
      ],
      [
        -0.0718970746,
        0.80671066,
        0.586556733
      ]
    ],
    "translation": [
      1.5511229,
      1.61589563,
      -1.51686192
    ]
  },
  {
    "timeStamp": 2784,
    "rotation": [
      [
        0.9954185,
        0.0916024148,
        -0.0274034962
      ],
      [
        -0.0753161162,
        0.5746487,
        -0.8149272
      ],
      [
        -0.0589019172,
        0.8132576,
        0.57891506
      ]
    ],
    "translation": [
      1.56791,
      1.61554623,
      -1.522853
    ]
  },
  {
    "timeStamp": 2839,
    "rotation": [
      [
        0.9958044,
        0.0816606954,
        -0.0412925258
      ],
      [
        -0.08029452,
        0.563329935,
        -0.822321236
      ],
      [
        -0.0438900068,
        0.8221867,
        0.5675233
      ]
    ],
    "translation": [
      1.588445,
      1.6138308,
      -1.52926469
    ]
  },
  {
    "timeStamp": 2883,
    "rotation": [
      [
        0.995351255,
        0.08334947,
        -0.04825648
      ],
      [
        -0.08636034,
        0.5505958,
        -0.8302928
      ],
      [
        -0.0426346548,
        0.830600441,
        0.5552344
      ]
    ],
    "translation": [
      1.60453916,
      1.61086154,
      -1.53361249
    ]
  },
  {
    "timeStamp": 2939,
    "rotation": [
      [
        0.99473083,
        0.08565455,
        -0.05633791
      ],
      [
        -0.0931042,
        0.524672866,
        -0.8461974
      ],
      [
        -0.0429216921,
        0.846983969,
        0.529883
      ]
    ],
    "translation": [
      1.62413192,
      1.60528672,
      -1.53790426
    ]
  },
  {
    "timeStamp": 2983,
    "rotation": [
      [
        0.9941503,
        0.08534209,
        -0.06619597
      ],
      [
        -0.100096285,
        0.4977973,
        -0.8614979
      ],
      [
        -0.04056985,
        0.8630844,
        0.503427744
      ]
    ],
    "translation": [
      1.63855076,
      1.59941947,
      -1.54066169
    ]
  },
  {
    "timeStamp": 3045,
    "rotation": [
      [
        0.992915332,
        0.09023994,
        -0.07730437
      ],
      [
        -0.110308029,
        0.458157063,
        -0.882000148
      ],
      [
        -0.0441741,
        0.8842787,
        0.4648654
      ]
    ],
    "translation": [
      1.65340722,
      1.59034848,
      -1.5432092
    ]
  },
  {
    "timeStamp": 3086,
    "rotation": [
      [
        0.992039561,
        0.09103209,
        -0.08700919
      ],
      [
        -0.117552839,
        0.421706825,
        -0.8990799
      ],
      [
        -0.0451527536,
        0.902151048,
        0.429050952
      ]
    ],
    "translation": [
      1.66279173,
      1.58264947,
      -1.54553914
    ]
  },
  {
    "timeStamp": 3135,
    "rotation": [
      [
        0.9921826,
        0.08752996,
        -0.08895072
      ],
      [
        -0.116021909,
        0.384462953,
        -0.9158205
      ],
      [
        -0.0459634662,
        0.918981433,
        0.391612858
      ]
    ],
    "translation": [
      1.67223036,
      1.57425237,
      -1.54753852
    ]
  },
  {
    "timeStamp": 3190,
    "rotation": [
      [
        0.992964745,
        0.08628638,
        -0.08109041
      ],
      [
        -0.106868856,
        0.358148843,
        -0.927528143
      ],
      [
        -0.0509906076,
        0.9296688,
        0.3648505
      ]
    ],
    "translation": [
      1.67851686,
      1.56698287,
      -1.55115163
    ]
  },
  {
    "timeStamp": 3235,
    "rotation": [
      [
        0.993797064,
        0.08849243,
        -0.06735412
      ],
      [
        -0.09391275,
        0.34341082,
        -0.934478164
      ],
      [
        -0.0595641136,
        0.935007036,
        0.3495912
      ]
    ],
    "translation": [
      1.68107677,
      1.5631634,
      -1.55448174
    ]
  },
  {
    "timeStamp": 3291,
    "rotation": [
      [
        0.9942836,
        0.0937136859,
        -0.051165238
      ],
      [
        -0.08008934,
        0.3376944,
        -0.9378423
      ],
      [
        -0.07061045,
        0.936579049,
        0.3432695
      ]
    ],
    "translation": [
      1.68120408,
      1.56120718,
      -1.55843031
    ]
  },
  {
    "timeStamp": 3335,
    "rotation": [
      [
        0.994711459,
        0.09927628,
        -0.026332546
      ],
      [
        -0.0584387071,
        0.336211264,
        -0.939971745
      ],
      [
        -0.0844636,
        0.936539531,
        0.340234756
      ]
    ],
    "translation": [
      1.67822862,
      1.5603081,
      -1.56453955
    ]
  },
  {
    "timeStamp": 3391,
    "rotation": [
      [
        0.9945831,
        0.103716567,
        -0.00688372646
      ],
      [
        -0.04189404,
        0.3393704,
        -0.939719439
      ],
      [
        -0.09512834,
        0.93491745,
        0.341877162
      ]
    ],
    "translation": [
      1.67235184,
      1.56167758,
      -1.57016313
    ]
  },
  {
    "timeStamp": 3435,
    "rotation": [
      [
        0.994985938,
        0.099525556,
        0.009882978
      ],
      [
        -0.0258700773,
        0.351557344,
        -0.935808837
      ],
      [
        -0.09661133,
        0.930860937,
        0.352369338
      ]
    ],
    "translation": [
      1.66154194,
      1.56460416,
      -1.57710338
    ]
  },
  {
    "timeStamp": 3491,
    "rotation": [
      [
        0.99592483,
        0.0893629938,
        0.0121640889
      ],
      [
        -0.0211744346,
        0.362796158,
        -0.9316279
      ],
      [
        -0.08766615,
        0.92757386,
        0.3632099
      ]
    ],
    "translation": [
      1.64972293,
      1.56740081,
      -1.58340847
    ]
  },
  {
    "timeStamp": 3535,
    "rotation": [
      [
        0.996407449,
        0.08198611,
        0.02122543
      ],
      [
        -0.0112303756,
        0.376327932,
        -0.9264185
      ],
      [
        -0.08394116,
        0.9228519,
        0.375896662
      ]
    ],
    "translation": [
      1.63419271,
      1.57071662,
      -1.59168065
    ]
  },
  {
    "timeStamp": 3581,
    "rotation": [
      [
        0.996454239,
        0.07704398,
        0.03381064
      ],
      [
        0.001754511,
        0.38274008,
        -0.9238544
      ],
      [
        -0.08411811,
        0.920637965,
        0.3812478
      ]
    ],
    "translation": [
      1.6213634,
      1.57344365,
      -1.59836364
    ]
  },
  {
    "timeStamp": 3639,
    "rotation": [
      [
        0.996289849,
        0.070885,
        0.0488047078
      ],
      [
        0.0172429625,
        0.39118,
        -0.920152664
      ],
      [
        -0.08431645,
        0.9175803,
        0.388506383
      ]
    ],
    "translation": [
      1.605145,
      1.5760181,
      -1.6074667
    ]
  },
  {
    "timeStamp": 3684,
    "rotation": [
      [
        0.996234834,
        0.06322463,
        0.0593186542
      ],
      [
        0.0294656921,
        0.396558642,
        -0.9175364
      ],
      [
        -0.08153422,
        0.9158296,
        0.3932026
      ]
    ],
    "translation": [
      1.59211946,
      1.57675791,
      -1.61481571
    ]
  },
  {
    "timeStamp": 3733,
    "rotation": [
      [
        0.9958141,
        0.0610689,
        0.0680067241
      ],
      [
        0.0383031778,
        0.396737665,
        -0.917132556
      ],
      [
        -0.0829891,
        0.9158984,
        0.392737836
      ]
    ],
    "translation": [
      1.8025198,
      1.47902727,
      -0.8858756
    ]
  },
  {
    "timeStamp": 3783,
    "rotation": [
      [
        0.994951,
        0.06508196,
        0.07639905
      ],
      [
        0.04500712,
        0.39106068,
        -0.9192638
      ],
      [
        -0.0897041559,
        0.918060958,
        0.3861571
      ]
    ],
    "translation": [
      1.78770471,
      1.47761667,
      -0.8965092
    ]
  },
  {
    "timeStamp": 3838,
    "rotation": [
      [
        0.9938517,
        0.07407082,
        0.0822933838
      ],
      [
        0.04812611,
        0.380370915,
        -0.923581
      ],
      [
        -0.0997124,
        0.921863,
        0.374467552
      ]
    ],
    "translation": [
      1.77424264,
      1.47546554,
      -0.907548547
    ]
  },
  {
    "timeStamp": 3882,
    "rotation": [
      [
        0.9933219,
        0.07270835,
        0.0895827338
      ],
      [
        0.0566326454,
        0.369205654,
        -0.9276206
      ],
      [
        -0.100520216,
        0.9264992,
        0.3626224
      ]
    ],
    "translation": [
      1.76498759,
      1.47342646,
      -0.9151423
    ]
  },
  {
    "timeStamp": 3938,
    "rotation": [
      [
        0.9927361,
        0.07331492,
        0.09539387
      ],
      [
        0.06316338,
        0.35723564,
        -0.9318761
      ],
      [
        -0.102398507,
        0.9311325,
        0.3500099
      ]
    ],
    "translation": [
      1.7545836,
      1.47047639,
      -0.924227953
    ]
  },
  {
    "timeStamp": 3982,
    "rotation": [
      [
        0.991635144,
        0.0807504058,
        0.1006929
      ],
      [
        0.0672049448,
        0.343015671,
        -0.9369225
      ],
      [
        -0.110196114,
        0.935852349,
        0.334719568
      ]
    ],
    "translation": [
      1.74663377,
      1.46796846,
      -0.9308604
    ]
  },
  {
    "timeStamp": 4038,
    "rotation": [
      [
        0.990623236,
        0.0854541659,
        0.10659837
      ],
      [
        0.0731423944,
        0.327292353,
        -0.942088068
      ],
      [
        -0.115394175,
        0.9410512,
        0.317973077
      ]
    ],
    "translation": [
      1.73767138,
      1.46492863,
      -0.9383974
    ]
  },
  {
    "timeStamp": 4083,
    "rotation": [
      [
        0.989797831,
        0.08843186,
        0.111714453
      ],
      [
        0.07858504,
        0.315189719,
        -0.9457694
      ],
      [
        -0.118847407,
        0.9448996,
        0.305024654
      ]
    ],
    "translation": [
      1.7312156,
      1.46306419,
      -0.9440322
    ]
  },
  {
    "timeStamp": 4139,
    "rotation": [
      [
        0.9885474,
        0.09494117,
        0.117304169
      ],
      [
        0.0834962055,
        0.303398252,
        -0.949198544
      ],
      [
        -0.125707909,
        0.9481222,
        0.29199633
      ]
    ],
    "translation": [
      1.72402477,
      1.4614675,
      -0.9500395
    ]
  },
  {
    "timeStamp": 4183,
    "rotation": [
      [
        0.9879296,
        0.0962078646,
        0.121405371
      ],
      [
        0.08785542,
        0.2974981,
        -0.9506715
      ],
      [
        -0.127579957,
        0.9498626,
        0.28545478
      ]
    ],
    "translation": [
      1.71929991,
      1.46033287,
      -0.95429194
    ]
  },
  {
    "timeStamp": 4240,
    "rotation": [
      [
        0.988600135,
        0.08816774,
        0.122050129
      ],
      [
        0.09206653,
        0.2874258,
        -0.9533678
      ],
      [
        -0.119136624,
        0.9537363,
        0.276031882
      ]
    ],
    "translation": [
      1.71408129,
      1.45891833,
      -0.960556149
    ]
  },
  {
    "timeStamp": 4284,
    "rotation": [
      [
        0.9905581,
        0.07237867,
        0.116430514
      ],
      [
        0.09195775,
        0.2790962,
        -0.955849946
      ],
      [
        -0.101678453,
        0.9575316,
        0.2698052
      ]
    ],
    "translation": [
      1.710114,
      1.45788836,
      -0.966392159
    ]
  },
  {
    "timeStamp": 4340,
    "rotation": [
      [
        0.994437337,
        0.04617517,
        0.0946696
      ],
      [
        0.07815218,
        0.27911523,
        -0.9570721
      ],
      [
        -0.0706166849,
        0.959146857,
        0.2739539
      ]
    ],
    "translation": [
      1.70479238,
      1.45773852,
      -0.974265456
    ]
  },
  {
    "timeStamp": 4384,
    "rotation": [
      [
        0.9976532,
        0.01846641,
        0.06593264
      ],
      [
        0.05799382,
        0.2839971,
        -0.9570697
      ],
      [
        -0.03639831,
        0.9586473,
        0.282259673
      ]
    ],
    "translation": [
      1.70040715,
      1.45855927,
      -0.981512547
    ]
  },
  {
    "timeStamp": 4440,
    "rotation": [
      [
        0.999474764,
        -0.0107246153,
        0.03058033
      ],
      [
        0.03238471,
        0.2960344,
        -0.9546281
      ],
      [
        0.00118518621,
        0.955117,
        0.296226233
      ]
    ],
    "translation": [
      1.69686854,
      1.46051025,
      -0.991043448
    ]
  },
  {
    "timeStamp": 4484,
    "rotation": [
      [
        0.999581754,
        -0.0279189833,
        0.00753829
      ],
      [
        0.015706785,
        0.305266351,
        -0.9521375
      ],
      [
        0.0242815241,
        0.9518576,
        0.3055772
      ]
    ],
    "translation": [
      1.69654977,
      1.46286118,
      -0.999872565
    ]
  },
  {
    "timeStamp": 4539,
    "rotation": [
      [
        0.998627841,
        -0.0514249168,
        -0.009895531
      ],
      [
        0.0068964907,
        0.316456527,
        -0.948581934
      ],
      [
        0.05191225,
        0.9472121,
        0.316376954
      ]
    ],
    "translation": [
      1.69962883,
      1.46554613,
      -1.01193011
    ]
  },
  {
    "timeStamp": 4584,
    "rotation": [
      [
        0.997187138,
        -0.07124194,
        -0.0232908837
      ],
      [
        0.00102727814,
        0.3237033,
        -0.9461581
      ],
      [
        0.07494547,
        0.943472743,
        0.3228659
      ]
    ],
    "translation": [
      1.70438266,
      1.46748292,
      -1.02225363
    ]
  },
  {
    "timeStamp": 4639,
    "rotation": [
      [
        0.9948103,
        -0.0936702341,
        -0.0397274569
      ],
      [
        -0.00634338241,
        0.332596838,
        -0.943047762
      ],
      [
        0.101548731,
        0.938405633,
        0.3302766
      ]
    ],
    "translation": [
      1.71206,
      1.46918678,
      -1.03549623
    ]
  },
  {
    "timeStamp": 4684,
    "rotation": [
      [
        0.9931331,
        -0.105886914,
        -0.049746085
      ],
      [
        -0.011759432,
        0.3327104,
        -0.942955732
      ],
      [
        0.116397709,
        0.937065542,
        0.3291805
      ]
    ],
    "translation": [
      1.72007787,
      1.47047234,
      -1.04596186
    ]
  },
  {
    "timeStamp": 4739,
    "rotation": [
      [
        0.9912756,
        -0.116998523,
        -0.0606958941
      ],
      [
        -0.0181480683,
        0.33495608,
        -0.9420589
      ],
      [
        0.130549967,
        0.93494153,
        0.329910517
      ]
    ],
    "translation": [
      1.73196232,
      1.47224045,
      -1.0590235
    ]
  },
  {
    "timeStamp": 4784,
    "rotation": [
      [
        0.9903421,
        -0.119905017,
        -0.06960892
      ],
      [
        -0.0254198238,
        0.3365229,
        -0.9413321
      ],
      [
        0.136295438,
        0.9340102,
        0.330224842
      ]
    ],
    "translation": [
      1.74205446,
      1.47284973,
      -1.07019341
    ]
  },
  {
    "timeStamp": 4839,
    "rotation": [
      [
        0.989687,
        -0.12001168,
        -0.07820984
      ],
      [
        -0.0335000642,
        0.33693102,
        -0.940933168
      ],
      [
        0.139274284,
        0.9338494,
        0.329435855
      ]
    ],
    "translation": [
      1.75485623,
      1.47218847,
      -1.08317089
    ]
  },
  {
    "timeStamp": 4884,
    "rotation": [
      [
        0.989283562,
        -0.117798753,
        -0.08626397
      ],
      [
        -0.04261157,
        0.3321609,
        -0.9422597
      ],
      [
        0.139650539,
        0.9358379,
        0.323581725
      ]
    ],
    "translation": [
      1.76409531,
      1.47129059,
      -1.09314382
    ]
  },
  {
    "timeStamp": 4939,
    "rotation": [
      [
        0.988569856,
        -0.116842791,
        -0.0952755138
      ],
      [
        -0.0523083843,
        0.326877,
        -0.9436182
      ],
      [
        0.141398355,
        0.9378162,
        0.31702888
      ]
    ],
    "translation": [
      1.7738409,
      1.468661,
      -1.1039362
    ]
  },
  {
    "timeStamp": 4984,
    "rotation": [
      [
        0.9886487,
        -0.1115923,
        -0.100602418
      ],
      [
        -0.0606438741,
        0.316231668,
        -0.9467417
      ],
      [
        0.137462765,
        0.9420959,
        0.305874616
      ]
    ],
    "translation": [
      1.78021955,
      1.4657588,
      -1.11150491
    ]
  },
  {
    "timeStamp": 5039,
    "rotation": [
      [
        0.99067086,
        -0.0955610052,
        -0.09715621
      ],
      [
        -0.06466915,
        0.297888041,
        -0.9524078
      ],
      [
        0.119954728,
        0.9498056,
        0.288929164
      ]
    ],
    "translation": [
      1.78841615,
      1.461796,
      -1.11956275
    ]
  },
  {
    "timeStamp": 5083,
    "rotation": [
      [
        0.992775738,
        -0.08033345,
        -0.08912287
      ],
      [
        -0.06273015,
        0.285669476,
        -0.9562729
      ],
      [
        0.102280386,
        0.9549552,
        0.2785664
      ]
    ],
    "translation": [
      1.793962,
      1.45927954,
      -1.124817
    ]
  },
  {
    "timeStamp": 5138,
    "rotation": [
      [
        0.9943416,
        -0.07180121,
        -0.07829013
      ],
      [
        -0.05559443,
        0.2762775,
        -0.9594686
      ],
      [
        0.09052081,
        0.9583921,
        0.2707225
      ]
    ],
    "translation": [
      1.79933071,
      1.45747733,
      -1.1301055
    ]
  },
  {
    "timeStamp": 5182,
    "rotation": [
      [
        0.994630337,
        -0.07062261,
        -0.07565021
      ],
      [
        -0.0534652881,
        0.2752328,
        -0.95988977
      ],
      [
        0.0886113346,
        0.9587801,
        0.26997903
      ]
    ],
    "translation": [
      1.80185509,
      1.4567163,
      -1.13308883
    ]
  },
  {
    "timeStamp": 5238,
    "rotation": [
      [
        0.9948727,
        -0.0702178851,
        -0.0727859959
      ],
      [
        -0.05107006,
        0.2723917,
        -0.960830152
      ],
      [
        0.08729377,
        0.959620833,
        0.267409056
      ]
    ],
    "translation": [
      1.804175,
      1.45573211,
      -1.13614678
    ]
  },
  {
    "timeStamp": 5282,
    "rotation": [
      [
        0.9952676,
        -0.06790289,
        -0.0695092157
      ],
      [
        -0.04901881,
        0.2667954,
        -0.962505758
      ],
      [
        0.08390167,
        0.9613581,
        0.262204319
      ]
    ],
    "translation": [
      1.80625248,
      1.45440984,
      -1.13819468
    ]
  },
  {
    "timeStamp": 5338,
    "rotation": [
      [
        0.9961306,
        -0.0657600462,
        -0.0583051369
