[
  {
    "timeStamp": 37780,
    "rotation": [
      [
        0.9975827,
        0.06925484,
        -0.00570070464
      ],
      [
        0.00481017865,
        0.0130186435,
        0.9999037
      ],
      [
        0.0693223849,
        -0.997514,
        0.0126540456
      ]
    ],
    "translation": [
      1.46653724,
      0.6998514,
      -0.351944327
    ]
  },
  {
    "timeStamp": 37825,
    "rotation": [
      [
        0.9981723,
        0.05974683,
        0.009074824
      ],
      [
        -0.0106141688,
        0.02549771,
        0.99961853
      ],
      [
        0.0594926551,
        -0.99788785,
        0.0260852724
      ]
    ],
    "translation": [
      1.4673506,
      0.699560046,
      -0.3514694
    ]
  },
  {
    "timeStamp": 37878,
    "rotation": [
      [
        0.9981564,
        0.0601160564,
        0.008360046
      ],
      [
        -0.0104933353,
        0.0352585055,
        0.9993231
      ],
      [
        0.0597806,
        -0.9975685,
        0.03582432
      ]
    ],
    "translation": [
      1.46733975,
      0.699179053,
      -0.35143292
    ]
  },
  {
    "timeStamp": 37937,
    "rotation": [
      [
        0.9980715,
        0.0609582551,
        0.0117217805
      ],
      [
        -0.0147575028,
        0.049590718,
        0.998660564
      ],
      [
        0.0602953024,
        -0.996907651,
        0.0503946729
      ]
    ],
    "translation": [
      1.46727693,
      0.6982357,
      -0.35150528
    ]
  },
  {
    "timeStamp": 37977,
    "rotation": [
      [
        0.997971952,
        0.0596960373,
        0.0220986642
      ],
      [
        -0.0251787528,
        0.05134664,
        0.998363435
      ],
      [
        0.058463648,
        -0.996895134,
        0.0527455769
      ]
    ],
    "translation": [
      1.46737444,
      0.697612047,
      -0.351420075
    ]
  },
  {
    "timeStamp": 38033,
    "rotation": [
      [
        0.9978611,
        0.0606799722,
        0.0243130829
      ],
      [
        -0.02746726,
        0.05169956,
        0.9982849
      ],
      [
        0.05931892,
        -0.99681747,
        0.0532556958
      ]
    ],
    "translation": [
      1.4672972,
      0.697651148,
      -0.351452172
    ]
  },
  {
    "timeStamp": 38078,
    "rotation": [
      [
        0.997997165,
        0.05888419,
        0.0231157336
      ],
      [
        -0.0258399565,
        0.0459307246,
        0.9986104
      ],
      [
        0.0577406473,
        -0.997207642,
        0.0473603
      ]
    ],
    "translation": [
      1.46751606,
      0.6985814,
      -0.35142827
    ]
  },
  {
    "timeStamp": 38133,
    "rotation": [
      [
        0.9992936,
        0.037577875,
        -0.000414715
      ],
      [
        -3.346853E-05,
        0.01192538,
        0.9999289
      ],
      [
        0.0375801474,
        -0.9992225,
        0.0119182132
      ]
    ],
    "translation": [
      1.47555614,
      0.7067655,
      -0.345917463
    ]
  },
  {
    "timeStamp": 38178,
    "rotation": [
      [
        0.99896884,
        0.0440241136,
        0.0110984808
      ],
      [
        -0.0112386812,
        0.00293838885,
        0.9999325
      ],
      [
        0.0439885333,
        -0.9990262,
        0.00343013182
      ]
    ],
    "translation": [
      1.47508287,
      0.7170583,
      -0.346175164
    ]
  },
  {
    "timeStamp": 38233,
    "rotation": [
      [
        0.998245,
        0.0491848364,
        0.032981962
      ],
      [
        -0.0320632271,
        -0.0193528961,
        0.999298453
      ],
      [
        0.0497886352,
        -0.9986022,
        -0.0177419074
      ]
    ],
    "translation": [
      1.47450423,
      0.7362151,
      -0.3458309
    ]
  },
  {
    "timeStamp": 38277,
    "rotation": [
      [
        0.9974349,
        0.053185042,
        0.0479045175
      ],
      [
        -0.0464961976,
        -0.0274091326,
        0.998542368
      ],
      [
        0.05442053,
        -0.9982084,
        -0.0248659253
      ]
    ],
    "translation": [
      1.47555363,
      0.751561046,
      -0.347283065
    ]
  },
  {
    "timeStamp": 38333,
    "rotation": [
      [
        0.995977342,
        0.05156439,
        0.07328191
      ],
      [
        -0.07147158,
        -0.03611961,
        0.996788442
      ],
      [
        0.0540456958,
        -0.998016238,
        -0.0322889276
      ]
    ],
    "translation": [
      1.47908366,
      0.772330165,
      -0.349731565
    ]
  },
  {
    "timeStamp": 38378,
    "rotation": [
      [
        0.994511068,
        0.05432486,
        0.08942351
      ],
      [
        -0.0866561159,
        -0.0513272062,
        0.9949152
      ],
      [
        0.05863849,
        -0.9972033,
        -0.0463378876
      ]
    ],
    "translation": [
      1.48277688,
      0.792919636,
      -0.352008641
    ]
  },
  {
    "timeStamp": 38424,
    "rotation": [
      [
        0.9920952,
        0.07065236,
        0.1037082
      ],
      [
        -0.09912383,
        -0.06557275,
        0.992912233
      ],
      [
        0.07695202,
        -0.9953434,
        -0.05805108
      ]
    ],
    "translation": [
      1.48658121,
      0.8151897,
      -0.3581536
    ]
  },
  {
    "timeStamp": 38480,
    "rotation": [
      [
        0.9886596,
        0.08789234,
        0.121766567
      ],
      [
        -0.114744477,
        -0.08096949,
        0.9900897
      ],
      [
        0.09688068,
        -0.9928338,
        -0.06996611
      ]
    ],
    "translation": [
      1.49694169,
      0.8449193,
      -0.3706345
    ]
  },
  {
    "timeStamp": 38524,
    "rotation": [
      [
        0.9854493,
        0.09516265,
        0.140832052
      ],
      [
        -0.132247552,
        -0.09120799,
        0.9870115
      ],
      [
        0.10677164,
        -0.9912745,
        -0.0772958249
      ]
    ],
    "translation": [
      1.50714684,
      0.8702096,
      -0.3841613
    ]
  },
  {
    "timeStamp": 38580,
    "rotation": [
      [
        0.9829065,
        0.11298544,
        0.145358279
      ],
      [
        -0.133753926,
        -0.104301229,
        0.9855106
      ],
      [
        0.1265094,
        -0.988107,
        -0.08740611
      ]
    ],
    "translation": [
      1.52528811,
      0.901621342,
      -0.408136517
    ]
  },
  {
    "timeStamp": 38624,
    "rotation": [
      [
        0.979851663,
        0.117698014,
        0.1613627
      ],
      [
        -0.14664714,
        -0.124522075,
        0.981319964
      ],
      [
        0.135592625,
        -0.9852114,
        -0.104753084
      ]
    ],
    "translation": [
      1.5415777,
      0.929528236,
      -0.42954582
    ]
  },
  {
    "timeStamp": 38680,
    "rotation": [
      [
        0.982750058,
        0.107705839,
        0.150338888
      ],
      [
        -0.134478644,
        -0.1418658,
        0.9807087
      ],
      [
        0.126956,
        -0.9840089,
        -0.124934494
      ]
    ],
    "translation": [
      1.57104349,
      0.9595072,
      -0.460615069
    ]
  },
  {
    "timeStamp": 38724,
    "rotation": [
      [
        0.9841296,
        0.100331895,
        0.1463643
      ],
      [
        -0.129344091,
        -0.159102857,
        0.9787525
      ],
      [
        0.121487044,
        -0.9821506,
        -0.1436005
      ]
    ],
    "translation": [
      1.59611523,
      0.9823261,
      -0.489731669
    ]
  },
  {
    "timeStamp": 38779,
    "rotation": [
      [
        0.9877545,
        0.06519719,
        0.141740292
      ],
      [
        -0.1294568,
        -0.164539665,
        0.9778382
      ],
      [
        0.0870742351,
        -0.984213352,
        -0.154084578
      ]
    ],
    "translation": [
      1.63204479,
      1.00566041,
      -0.5303263
    ]
  },
  {
    "timeStamp": 38824,
    "rotation": [
      [
        0.990751445,
        0.04289742,
        0.128729522
      ],
      [
        -0.119849049,
        -0.168171585,
        0.978444934
      ],
      [
        0.0636214241,
        -0.9848238,
        -0.161475033
      ]
    ],
    "translation": [
      1.66272593,
      1.02017939,
      -0.5655993
    ]
  },
  {
    "timeStamp": 38880,
    "rotation": [
      [
        0.992742836,
        -0.008207042,
        0.119976565
      ],
      [
        -0.11964976,
        -0.167536557,
        0.978578269
      ],
      [
        0.0120692318,
        -0.985831738,
        -0.167302683
      ]
    ],
    "translation": [
      1.70467865,
      1.0348208,
      -0.6112482
    ]
  },
  {
    "timeStamp": 38924,
    "rotation": [
      [
        0.995397031,
        -0.03678511,
        0.0884960741
      ],
      [
        -0.09331015,
        -0.161353782,
        0.9824755
      ],
      [
        -0.0218612831,
        -0.9862108,
        -0.1640435
      ]
    ],
    "translation": [
      1.741522,
      1.04048765,
      -0.649265
    ]
  },
  {
    "timeStamp": 38980,
    "rotation": [
      [
        0.9946329,
        -0.08171169,
        0.06347177
      ],
      [
        -0.07528032,
        -0.150667116,
        0.9857141
      ],
      [
        -0.0709812343,
        -0.985201836,
        -0.156009749
      ]
    ],
    "translation": [
      1.78625,
      1.04701519,
      -0.695442438
    ]
  },
  {
    "timeStamp": 39024,
    "rotation": [
      [
        0.9910346,
        -0.122712083,
        0.0528403632
      ],
      [
        -0.06996067,
        -0.139692336,
        0.9877204
      ],
      [
        -0.113823824,
        -0.9825618,
        -0.147024959
      ]
    ],
    "translation": [
      1.82199132,
      1.05210054,
      -0.7301315
    ]
  },
  {
    "timeStamp": 39079,
    "rotation": [
      [
        0.9874166,
        -0.15546149,
        0.0289853215
      ],
      [
        -0.0517798439,
        -0.144647285,
        0.9881275
      ],
      [
        -0.149423137,
        -0.9771944,
        -0.150876909
      ]
    ],
    "translation": [
      1.86327946,
      1.06137371,
      -0.7663281
    ]
  },
  {
    "timeStamp": 39124,
    "rotation": [
      [
        0.9830266,
        -0.181068316,
        0.029543858
      ],
      [
        -0.0570093133,
        -0.148416951,
        0.98728025
      ],
      [
        -0.174380347,
        -0.972207069,
        -0.1562204
      ]
    ],
    "translation": [
      1.8929615,
      1.06974,
      -0.7890581
    ]
  },
  {
    "timeStamp": 39179,
    "rotation": [
      [
        0.9830567,
        -0.183208421,
        0.005842376
      ],
      [
        -0.03647472,
        -0.164280981,
        0.985739
      ],
      [
        -0.1796359,
        -0.969250441,
        -0.16818
      ]
    ],
    "translation": [
      1.92878187,
      1.07866657,
      -0.8123768
    ]
  },
  {
    "timeStamp": 39235,
    "rotation": [
      [
        0.9814272,
        -0.191829637,
        0.00142675429
      ],
      [
        -0.0375355668,
        -0.184732944,
        0.9820717
      ],
      [
        -0.188126877,
        -0.9638854,
        -0.188502356
      ]
    ],
    "translation": [
      1.96403646,
      1.08833885,
      -0.826896369
    ]
  },
  {
    "timeStamp": 39280,
    "rotation": [
      [
        0.9836562,
        -0.180049181,
        0.00165692251
      ],
      [
        -0.0388192,
        -0.203075767,
        0.9783932
      ],
      [
        -0.175822422,
        -0.962466836,
        -0.2067461
      ]
    ],
    "translation": [
      1.98879945,
      1.09522629,
      -0.83512634
    ]
  },
  {
    "timeStamp": 39335,
    "rotation": [
      [
        0.989998043,
        -0.140932381,
        -0.00648386963
      ],
      [
        -0.0242783446,
        -0.21545893,
        0.9762111
      ],
      [
        -0.138976753,
        -0.966289639,
        -0.216725513
      ]
    ],
    "translation": [
      2.01812053,
      1.09752917,
      -0.843054831
    ]
  },
  {
    "timeStamp": 39379,
    "rotation": [
      [
        0.9946171,
        -0.102335855,
        -0.01625745
      ],
      [
        -0.00578169571,
        -0.2114616,
        0.9773692
      ],
      [
        -0.103457741,
        -0.9720141,
        -0.210914984
      ]
    ],
    "translation": [
      2.04073024,
      1.0924015,
      -0.849134266
    ]
  },
  {
    "timeStamp": 39424,
    "rotation": [
      [
        0.9982186,
        -0.0409757048,
        -0.04336591
      ],
      [
        0.0338003449,
        -0.210567236,
        0.9769949
      ],
      [
        -0.0491644926,
        -0.9767202,
        -0.208807126
      ]
    ],
    "translation": [
      2.0604043,
      1.08446479,
      -0.853583753
    ]
  },
  {
    "timeStamp": 39479,
    "rotation": [
      [
        0.9989854,
        0.004590737,
        -0.04479986
      ],
      [
        0.0448436551,
        -0.192879334,
        0.980197251
      ],
      [
        -0.00414113,
        -0.9812118,
        -0.192889526
      ]
    ],
    "translation": [
      2.08225083,
      1.07123244,
      -0.8563093
    ]
  },
  {
    "timeStamp": 39535,
    "rotation": [
      [
        0.9988877,
        0.0345329456,
        -0.032107912
      ],
      [
        0.0378313437,
        -0.180461466,
        0.982854247
      ],
      [
        0.0281466171,
        -0.9829757,
        -0.181567162
      ]
    ],
    "translation": [
      2.09973,
      1.06148314,
      -0.852487743
    ]
  },
  {
    "timeStamp": 39579,
    "rotation": [
      [
        0.997756839,
        0.0636267662,
        -0.0208063684
      ],
      [
        0.0314504057,
        -0.17117022,
        0.984739363
      ],
      [
        0.05909435,
        -0.9831848,
        -0.172787353
      ]
    ],
    "translation": [
      2.1093123,
      1.05418277,
      -0.8460051
    ]
  },
  {
    "timeStamp": 39635,
    "rotation": [
      [
        0.9937779,
        0.109494455,
        -0.0204074085
      ],
      [
        0.0377090722,
        -0.1583572,
        0.986661553
      ],
      [
        0.10480231,
        -0.98129195,
        -0.161500826
      ]
    ],
    "translation": [
      2.11979723,
      1.04215133,
      -0.8340534
    ]
  },
  {
    "timeStamp": 39679,
    "rotation": [
      [
        0.9906294,
        0.1359518,
        -0.0130590992
      ],
      [
        0.0338290632,
        -0.151608735,
        0.9878615
      ],
      [
        0.132321686,
        -0.9790464,
        -0.154787183
      ]
    ],
    "translation": [
      2.128024,
      1.031557,
      -0.819982767
    ]
  },
  {
    "timeStamp": 39735,
    "rotation": [
      [
        0.9853487,
        0.170273945,
        -0.009730793
      ],
      [
        0.0346331373,
        -0.143898085,
        0.9889863
      ],
      [
        0.166998357,
        -0.974833369,
        -0.147686914
      ]
    ],
    "translation": [
      2.136546,
      1.01614428,
      -0.7984254
    ]
  },
  {
    "timeStamp": 39779,
    "rotation": [
      [
        0.9790425,
        0.202866152,
        -0.0179194845
      ],
      [
        0.0474173464,
        -0.141496077,
        0.988802552
      ],
      [
        0.198059037,
        -0.9689294,
        -0.148150042
      ]
    ],
    "translation": [
      2.142376,
      1.0029037,
      -0.778423369
    ]
  },
  {
    "timeStamp": 39835,
    "rotation": [
      [
        0.9753405,
        0.220420748,
        -0.0112102525
      ],
      [
        0.04118256,
        -0.131858,
        0.9904128
      ],
      [
        0.21682936,
        -0.966451347,
        -0.137683943
      ]
    ],
    "translation": [
      2.14980221,
      0.986731231,
      -0.748779535
    ]
  },
  {
    "timeStamp": 39888,
    "rotation": [
      [
        0.969081,
        0.246263757,
        -0.0153704705
      ],
      [
        0.0491729453,
        -0.131707355,
        0.990068257
      ],
      [
        0.241793528,
        -0.9602121,
        -0.1397446
      ]
    ],
    "translation": [
      2.15433478,
      0.9746478,
      -0.7236477
    ]
  },
  {
    "timeStamp": 39924,
    "rotation": [
      [
        0.959806263,
        0.278610229,
        -0.03388572
      ],
      [
        0.06994966,
        -0.12053787,
        0.9902412
      ],
      [
        0.271806836,
        -0.95281,
        -0.1351817
      ]
    ],
    "translation": [
      2.159726,
      0.9600584,
      -0.698104739
    ]
  },
  {
    "timeStamp": 39985,
    "rotation": [
      [
        0.948069632,
        0.314647019,
        -0.046489086
      ],
      [
        0.08683488,
        -0.115443781,
        0.9895112
      ],
      [
        0.305979848,
        -0.9421624,
        -0.136771068
      ]
    ],
    "translation": [
      2.16665483,
      0.942933,
      -0.6624153
    ]
  },
  {
    "timeStamp": 40029,
    "rotation": [
      [
        0.937322,
        0.345474541,
        -0.0455489531
      ],
      [
        0.08643049,
        -0.103862867,
        0.9908291
      ],
      [
        0.3375754,
        -0.9326628,
        -0.1272125
      ]
    ],
    "translation": [
      2.16744614,
      0.927344143,
      -0.6438004
    ]
  },
  {
    "timeStamp": 40085,
    "rotation": [
      [
        0.9085734,
        0.409341037,
        -0.08327216
      ],
      [
        0.128123119,
        -0.08334257,
        0.9882502
      ],
      [
        0.397591233,
        -0.9085669,
        -0.1281689
      ]
    ],
    "translation": [
      2.17218757,
      0.9065695,
      -0.623771548
    ]
  },
  {
    "timeStamp": 40129,
    "rotation": [
      [
        0.90137434,
        0.4270133,
        -0.071999386
      ],
      [
        0.1141856,
        -0.07398868,
        0.9907004
      ],
      [
        0.417715132,
        -0.9012132,
        -0.115450263
      ]
    ],
    "translation": [
      2.17349219,
      0.895093441,
      -0.608201742
    ]
  },
  {
    "timeStamp": 40176,
    "rotation": [
      [
        0.882552,
        0.463842481,
        -0.0771502554
      ],
      [
        0.119988695,
        -0.0635135844,
        0.9907415
      ],
      [
        0.4546479,
        -0.8836381,
        -0.111709893
      ]
    ],
    "translation": [
      2.17472529,
      0.8842696,
      -0.595169067
    ]
  },
  {
    "timeStamp": 40229,
    "rotation": [
      [
        0.8622094,
        0.499512643,
        -0.08415509
      ],
      [
        0.129330978,
        -0.05644982,
        0.9899934
      ],
      [
        0.489763677,
        -0.8644655,
        -0.113274023
      ]
    ],
    "translation": [
      2.177072,
      0.870242059,
      -0.578268468
    ]
  },
  {
    "timeStamp": 40285,
    "rotation": [
      [
        0.8380207,
        0.538900733,
        -0.08548295
      ],
      [
        0.130280748,
        -0.0454866849,
        0.990433156
      ],
      [
        0.529856861,
        -0.8411403,
        -0.108327173
      ]
    ],
    "translation": [
      2.17841864,
      0.85560596,
      -0.56324327
    ]
  },
  {
    "timeStamp": 40329,
    "rotation": [
      [
        0.8112766,
        0.57657,
        -0.09694028
      ],
      [
        0.149900526,
        -0.04485932,
        0.9876829
      ],
      [
        0.5651196,
        -0.815815449,
        -0.12282145
      ]
    ],
    "translation": [
      2.17971444,
      0.8447498,
      -0.5505665
    ]
  },
  {
    "timeStamp": 40375,
    "rotation": [
      [
        0.8042779,
        0.587325156,
        -0.09047791
      ],
      [
        0.141356856,
        -0.04120105,
        0.989100933
      ],
      [
        0.577196062,
        -0.808301747,
        -0.116159528
      ]
    ],
    "translation": [
      2.18135619,
      0.835984647,
      -0.536291
    ]
  },
  {
    "timeStamp": 40432,
    "rotation": [
      [
        0.7890099,
        0.60936147,
        -0.07837088
      ],
      [
        0.139459953,
        -0.0534054376,
        0.9887865
      ],
      [
        0.598342955,
        -0.791092,
        -0.12711893
      ]
    ],
    "translation": [
      2.18072724,
      0.8293904,
      -0.5204415
    ]
  },
  {
    "timeStamp": 40477,
    "rotation": [
      [
        0.7819867,
        0.6187513,
        -0.07512445
      ],
      [
        0.1357908,
        -0.05148849,
        0.9893987
      ],
      [
        0.6083237,
        -0.7838978,
        -0.124284044
      ]
    ],
    "translation": [
      2.18039942,
      0.8238217,
      -0.5110523
    ]
  },
  {
    "timeStamp": 40533,
    "rotation": [
      [
        0.76902467,
        0.63277787,
        -0.09051569
      ],
      [
        0.145835891,
        -0.0358137153,
        0.988660336
      ],
      [
        0.6223607,
        -0.7735047,
        -0.119823359
      ]
    ],
    "translation": [
      2.18365765,
      0.8126517,
      -0.5032151
    ]
  },
  {
    "timeStamp": 40578,
    "rotation": [
      [
        0.761369765,
        0.6405546,
        -0.100029379
      ],
      [
        0.146708712,
        -0.0199399963,
        0.988978744
      ],
      [
        0.6315003,
        -0.7676537,
        -0.109156661
      ]
    ],
    "translation": [
      2.18791676,
      0.8039117,
      -0.4995059
    ]
  },
  {
    "timeStamp": 40634,
    "rotation": [
      [
        0.7631128,
        0.638086,
        -0.10249462
      ],
      [
        0.137714848,
        -0.0056035365,
        0.990456045
      ],
      [
        0.6314218,
        -0.7699447,
        -0.09215005
      ]
    ],
    "translation": [
      2.19133568,
      0.795628965,
      -0.496838927
    ]
  },
  {
    "timeStamp": 40678,
    "rotation": [
      [
        0.753427148,
        0.6488491,
        -0.106500559
      ],
      [
        0.138586625,
        0.00163026049,
        0.990349
      ],
      [
        0.6427607,
        -0.760915339,
        -0.08869354
      ]
    ],
    "translation": [
      2.19190526,
      0.7908909,
      -0.497973859
    ]
  },
  {
    "timeStamp": 40734,
    "rotation": [
      [
        0.7481599,
        0.655176163,
        -0.104885206
      ],
      [
        0.132843345,
        0.0069675534,
        0.99111253
      ],
      [
        0.650084138,
        -0.755444,
        -0.0818229541
      ]
    ],
    "translation": [
      2.19082069,
      0.78574127,
      -0.499716461
    ]
  },
  {
    "timeStamp": 40779,
    "rotation": [
      [
        0.7396743,
        0.6644034,
        -0.107005112
      ],
      [
        0.1307083,
        0.0141401086,
        0.99132
      ],
      [
        0.6601494,
        -0.7472404,
        -0.0763839558
      ]
    ],
    "translation": [
      2.18877339,
      0.781492352,
      -0.502121568
    ]
  },
  {
    "timeStamp": 40834,
    "rotation": [
      [
        0.7336,
        0.670834363,
        -0.108684137
      ],
      [
        0.127570525,
        0.021146642,
        0.99160403
      ],
      [
        0.6675004,
        -0.741305649,
        -0.07006552
      ]
    ],
    "translation": [
      2.18707633,
      0.7762112,
      -0.5033444
    ]
  },
  {
    "timeStamp": 40879,
    "rotation": [
      [
        0.7350604,
        0.6697296,
        -0.105586551
      ],
      [
        0.12520279,
        0.018970266,
        0.9919498
      ],
      [
        0.6663411,
        -0.742362738,
        -0.06990772
      ]
    ],
    "translation": [
      2.18640065,
      0.7736423,
      -0.501446247
    ]
  },
  {
    "timeStamp": 40934,
    "rotation": [
      [
        0.7403341,
        0.664424241,
        -0.102204762
      ],
      [
        0.124569654,
        0.013809979,
        0.9921148
      ],
      [
        0.66059655,
        -0.747227967,
        -0.0725431
      ]
    ],
    "translation": [
      2.186567,
      0.771640658,
      -0.496984363
    ]
  },
  {
    "timeStamp": 40979,
    "rotation": [
      [
        0.74147594,
        0.662930667,
        -0.103616029
      ],
      [
        0.126559272,
        0.0134745911,
        0.991867542
      ],
      [
        0.6589356,
        -0.7485595,
        -0.07390894
      ]
    ],
    "translation": [
      2.18776155,
      0.7696731,
      -0.495042175
    ]
  },
  {
    "timeStamp": 41034,
    "rotation": [
      [
        0.744963467,
        0.6578983,
        -0.110449933
      ],
      [
        0.127983257,
        0.0215427428,
        0.991542339
      ],
      [
        0.654713452,
        -0.752798557,
        -0.06815141
      ]
    ],
    "translation": [
      2.191334,
      0.7655343,
      -0.493483841
    ]
  },
  {
    "timeStamp": 41078,
    "rotation": [
      [
        0.744312167,
        0.658704638,
        -0.110035211
      ],
      [
        0.128243774,
        0.0207215771,
        0.9915262
      ],
      [
        0.655402958,
        -0.7521163,
        -0.06905144
      ]
    ],
    "translation": [
      2.192737,
      0.7646712,
      -0.4928221
    ]
  },
  {
    "timeStamp": 41134,
    "rotation": [
      [
        0.738848448,
        0.664637744,
        -0.1111739
      ],
      [
        0.130071521,
        0.02121614,
        0.9912776
      ],
      [
        0.6611992,
        -0.7468645,
        -0.0707749352
      ]
    ],
    "translation": [
      2.19353843,
      0.763380647,
      -0.493988872
    ]
  },
  {
    "timeStamp": 41178,
    "rotation": [
      [
        0.736097157,
        0.6671414,
        -0.114382379
      ],
      [
        0.134939358,
        0.0209586546,
        0.9906322
      ],
      [
        0.663289,
        -0.7446362,
        -0.074596025
      ]
    ],
    "translation": [
      2.1946,
      0.762550235,
      -0.493600368
    ]
  },
  {
    "timeStamp": 41234,
    "rotation": [
      [
        0.7340428,
        0.6688513,
        -0.117554113
      ],
      [
        0.139125749,
        0.0213195775,
        0.9900452
      ],
      [
        0.664699256,
        -0.7430904,
        -0.07740496
      ]
    ],
    "translation": [
      2.19607043,
      0.7608806,
      -0.493009478
    ]
  },
  {
    "timeStamp": 41278,
    "rotation": [
      [
        0.7313084,
        0.671793342,
        -0.117820755
      ],
      [
        0.144753546,
        0.0159353036,
        0.9893394
      ],
      [
        0.6665091,
        -0.740567148,
        -0.08559085
      ]
    ],
    "translation": [
      2.19580388,
      0.7612177,
      -0.4921588
    ]
  },
  {
    "timeStamp": 41334,
    "rotation": [
      [
        0.735178947,
        0.6679444,
        -0.115595281
      ],
      [
        0.147534132,
        0.00877592,
        0.989018
      ],
      [
        0.6616235,
        -0.7441595,
        -0.09209272
      ]
    ],
    "translation": [
      2.19586062,
      0.762322843,
      -0.4890017
    ]
  },
  {
    "timeStamp": 41378,
    "rotation": [
      [
        0.733565569,
        0.669570565,
        -0.116433717
      ],
      [
        0.149044812,
        0.008654295,
        0.9887926
      ],
      [
        0.6630741,
        -0.742698,
        -0.09344753
      ]
    ],
    "translation": [
      2.19515562,
      0.76207757,
      -0.4886416
    ]
  },
  {
    "timeStamp": 41434,
    "rotation": [
      [
        0.726459265,
        0.676129937,
        -0.122903183
      ],
      [
        0.1573081,
        0.0104835229,
        0.987493932
      ],
      [
        0.668962657,
        -0.736707747,
        -0.09874487
      ]
    ],
    "translation": [
      2.194469,
      0.7609519,
      -0.4887188
    ]
  },
  {
    "timeStamp": 41478,
    "rotation": [
      [
        0.7255343,
        0.6761869,
        -0.127949834
      ],
      [
        0.163804173,
        0.0108969072,
        0.9864327
      ],
      [
        0.668407142,
        -0.7366495,
        -0.102856159
      ]
    ],
    "translation": [
      2.19450831,
      0.7601652,
      -0.487024844
    ]
  },
  {
    "timeStamp": 41534,
    "rotation": [
      [
        0.7293716,
        0.6727363,
        -0.124270126
      ],
      [
        0.161729962,
        0.00694157369,
        0.9868106
      ],
      [
        0.6647259,
        -0.739849865,
        -0.103738621
      ]
    ],
    "translation": [
      2.19336581,
      0.7607196,
      -0.484748781
    ]
  },
  {
    "timeStamp": 41578,
    "rotation": [
      [
        0.726733267,
        0.675482631,
        -0.1248277
      ],
      [
        0.165161863,
        0.00456478866,
        0.9862559
      ],
      [
        0.6667685,
        -0.7373618,
        -0.10824658
      ]
    ],
    "translation": [
      2.192077,
      0.760804,
      -0.484491527
    ]
  },
  {
    "timeStamp": 41634,
    "rotation": [
      [
        0.72432965,
        0.677472532,
        -0.1279746
      ],
      [
        0.165726274,
        0.009091317,
        0.9861299
      ],
      [
        0.6692394,
        -0.7354919,
        -0.105689891
      ]
    ],
    "translation": [
      2.191428,
      0.7584034,
      -0.485478759
    ]
  },
  {
    "timeStamp": 41678,
    "rotation": [
      [
        0.719363868,
        0.682116,
        -0.13127625
      ],
      [
        0.16911307,
        0.0113222059,
        0.9855316
      ],
      [
        0.6737332,
        -0.731156349,
        -0.107209943
      ]
    ],
    "translation": [
      2.19083261,
      0.7569002,
      -0.486379325
    ]
  },
  {
    "timeStamp": 41734,
    "rotation": [
      [
        0.718661547,
        0.683113,
        -0.129931852
      ],
      [
        0.16705142,
        0.0117747765,
        0.9858779
      ],
      [
        0.6749959,
        -0.7302178,
        -0.105652913
      ]
    ],
    "translation": [
      2.18986416,
      0.7553164,
      -0.487341285
    ]
  },
  {
    "timeStamp": 41778,
    "rotation": [
      [
        0.7170349,
        0.6843556,
        -0.13235715
      ],
      [
        0.168754578,
        0.0137986736,
        0.9855615
      ],
      [
        0.6763009,
        -0.729017854,
        -0.105594009
      ]
    ],
    "translation": [
      2.18949056,
      0.754024267,
      -0.4879311
    ]
  },
  {
    "timeStamp": 41834,
    "rotation": [
      [
        0.718491,
        0.682366967,
        -0.134707063
      ],
      [
        0.168693125,
        0.01692995,
        0.9855232
      ],
      [
        0.674769044,
        -0.730813742,
        -0.102946594
      ]
    ],
    "translation": [
      2.18984246,
      0.7523148,
      -0.4879461
    ]
  },
  {
    "timeStamp": 41878,
    "rotation": [
      [
        0.7186197,
        0.682835937,
        -0.131608441
      ],
      [
        0.167598918,
        0.0136117842,
        0.9857613
      ],
      [
        0.674904644,
        -0.7304449,
        -0.104660876
      ]
    ],
    "translation": [
      2.188907,
      0.751954854,
      -0.487719536
    ]
  },
  {
    "timeStamp": 41934,
    "rotation": [
      [
        0.7203194,
        0.680860043,
        -0.132550284
      ],
      [
        0.171801284,
        0.0100181261,
        0.985080659
      ],
      [
        0.67203,
        -0.732345045,
        -0.109756373
      ]
    ],
    "translation": [
      2.189189,
      0.7512867,
      -0.485972345
    ]
  },
  {
    "timeStamp": 41978,
    "rotation": [
      [
        0.7231941,
        0.6778138,
        -0.1325093
      ],
      [
        0.17302455,
        0.007931628,
        0.9848856
      ],
      [
        0.6686201,
        -0.7351908,
        -0.111542329
      ]
    ],
    "translation": [
      2.18945765,
      0.7509015,
      -0.484400243
    ]
  },
  {
    "timeStamp": 42034,
    "rotation": [
      [
        0.7216148,
        0.679189861,
        -0.1340644
      ],
      [
        0.174771219,
        0.008655085,
        0.98457104
      ],
      [
        0.669871032,
        -0.7339116,
        -0.1124572
      ]
    ],
    "translation": [
      2.18954659,
      0.7501734,
      -0.484226346
    ]
  },
  {
    "timeStamp": 42078,
    "rotation": [
      [
        0.7197793,
        0.680478632,
        -0.137356073
      ],
      [
        0.181048185,
        0.007006833,
        0.9834493
      ],
      [
        0.670178652,
        -0.7327345,
        -0.118156038
      ]
    ],
    "translation": [
      2.1897645,
      0.7497283,
      -0.483813316
    ]
  },
  {
    "timeStamp": 42133,
    "rotation": [
      [
        0.7182815,
        0.6819653,
        -0.137822375
      ],
      [
        0.184469745,
        0.0043324125,
        0.9828286
      ],
      [
        0.670852065,
        -0.73137176,
        -0.122690067
      ]
    ],
    "translation": [
      2.18899727,
      0.749568939,
      -0.4836921
    ]
  },
  {
    "timeStamp": 42178,
    "rotation": [
      [
        0.7156639,
        0.6838523,
        -0.142024934
      ],
      [
        0.189064339,
        0.00607480342,
        0.981945932
      ],
      [
        0.672368765,
        -0.7295951,
        -0.124944575
      ]
    ],
    "translation": [
      2.189095,
      0.748726547,
      -0.483855426
    ]
  },
  {
    "timeStamp": 42233,
    "rotation": [
      [
        0.7139498,
        0.684554935,
        -0.14717409
      ],
      [
        0.194904849,
        0.00758887827,
        0.9807928
      ],
      [
        0.672523439,
        -0.7289218,
        -0.128005
      ]
    ],
    "translation": [
      2.18927836,
      0.7477158,
      -0.483537227
    ]
  },
  {
    "timeStamp": 42278,
    "rotation": [
      [
        0.7132377,
        0.6849911,
        -0.148590669
      ],
      [
        0.196369678,
        0.008225249,
        0.980495453
      ],
      [
        0.6728529,
        -0.728505,
        -0.128644913
      ]
    ],
    "translation": [
      2.18935442,
      0.7471745,
      -0.483412266
    ]
  },
  {
    "timeStamp": 42333,
    "rotation": [
      [
        0.7169456,
        0.681200445,
        -0.148171678
      ],
      [
        0.193974733,
        0.009221402,
        0.9809632
      ],
      [
        0.669598937,
        -0.7320388,
        -0.125524431
      ]
    ],
    "translation": [
      2.18961644,
      0.746625543,
      -0.482864
    ]
  },
  {
    "timeStamp": 42378,
    "rotation": [
      [
        0.7155518,
        0.681786835,
        -0.152159154
      ],
      [
        0.200527966,
        0.008177282,
        0.979653835
      ],
      [
        0.669159353,
        -0.7315053,
        -0.130866051
      ]
    ],
    "translation": [
      2.19022918,
      0.745919,
      -0.48209244
    ]
  },
  {
    "timeStamp": 42433,
    "rotation": [
      [
        0.7209403,
        0.675402,
        -0.155168355
      ],
      [
        0.208158389,
        0.00251574884,
        0.9780919
      ],
      [
        0.6609956,
        -0.7374455,
        -0.138776883
      ]
    ],
    "translation": [
      2.19189978,
      0.7457152,
      -0.479108781
    ]
  },
  {
    "timeStamp": 42478,
    "rotation": [
      [
        0.720784545,
        0.6746764,
        -0.1590013
      ],
      [
        0.2128942,
        0.00282318541,
        0.977071166
      ],
      [
        0.65965575,
        -0.7381083,
        -0.141599789
      ]
    ],
    "translation": [
      2.19316,
      0.7446868,
      -0.4781382
    ]
  },
  {
    "timeStamp": 42532,
    "rotation": [
      [
        0.726478636,
        0.667489469,
        -0.163360447
      ],
      [
        0.219196662,
        0.000218648653,
        0.975680649
      ],
      [
        0.651292264,
        -0.74461925,
        -0.146152616
      ]
    ],
    "translation": [
      2.19610953,
      0.744556665,
      -0.475043654
    ]
  },
  {
    "timeStamp": 42577,
    "rotation": [
      [
        0.728757262,
        0.664702535,
        -0.164570555
      ],
      [
        0.2188538,
        0.00163903576,
        0.9757563
      ],
      [
        0.6488574,
        -0.7471064,
        -0.1442782
      ]
    ],
    "translation": [
      2.19746137,
      0.744904757,
      -0.475039154
    ]
  },
  {
    "timeStamp": 42632,
    "rotation": [
      [
        0.7284998,
        0.6640986,
        -0.168109983
      ],
      [
        0.218633875,
        0.007173198,
        0.9757806
      ],
      [
        0.649220467,
        -0.7476105,
        -0.1399688
      ]
    ],
    "translation": [
      2.19951081,
      0.7438694,
      -0.47629264
    ]
  },
  {
    "timeStamp": 42677,
    "rotation": [
      [
        0.7302665,
        0.6620476,
        -0.1685343
      ],
      [
        0.218462631,
        0.00743554533,
        0.975816965
      ],
      [
        0.6472904,
        -0.749424934,
        -0.139202729
      ]
    ],
    "translation": [
      2.20093465,
      0.743561864,
      -0.476583421
    ]
  },
  {
    "timeStamp": 42732,
    "rotation": [
      [
        0.7304405,
        0.6623721,
        -0.166492552
      ],
      [
        0.213295773,
        0.010344889,
        0.9769329
      ],
      [
        0.648815453,
        -0.749103546,
        -0.133724853
      ]
    ],
    "translation": [
      2.20173979,
      0.743412852,
      -0.4782473
    ]
  },
  {
    "timeStamp": 42777,
    "rotation": [
      [
        0.7313346,
        0.66211,
        -0.163584858
      ],
      [
        0.210709408,
        0.008769905,
        0.9775094
      ],
      [
        0.6486533,
        -0.7493554,
        -0.133099064
      ]
    ],
    "translation": [
      2.20188928,
      0.743921041,
      -0.478678048
    ]
  },
  {
    "timeStamp": 42832,
    "rotation": [
      [
        0.7278453,
        0.666251838,
        -0.1623258
      ],
      [
        0.21094802,
        0.007700643,
        0.977466941
      ],
      [
        0.6524892,
        -0.745687,
        -0.134939641
      ]
    ],
    "translation": [
      2.20143342,
      0.744408548,
      -0.480187327
    ]
  },
  {
    "timeStamp": 42877,
    "rotation": [
      [
        0.7305799,
        0.664020538,
        -0.159153089
      ],
      [
        0.209086016,
        0.00433691358,
        0.97788763
      ],
      [
        0.6500277,
        -0.747701764,
        -0.135668948
      ]
    ],
    "translation": [
      2.200969,
      0.7445916,
      -0.479509354
    ]
  }
]