[
  {
    "timeStamp": 107292,
    "rotation": [
      [
        -0.9511861,
        0.220012873,
        0.216423929
      ],
      [
        0.198242635,
        0.973036945,
        -0.117893681
      ],
      [
        -0.236526623,
        -0.06923438,
        -0.9691552
      ]
    ],
    "translation": [
      1.76407969,
      0.7068462,
      -0.5760536
    ]
  },
  {
    "timeStamp": 107337,
    "rotation": [
      [
        -0.9524888,
        0.224322468,
        0.206020668
      ],
      [
        0.208371311,
        0.9732881,
        -0.09639348
      ],
      [
        -0.222140685,
        -0.0488849171,
        -0.9737884
      ]
    ],
    "translation": [
      1.76442778,
      0.7074274,
      -0.5758912
    ]
  },
  {
    "timeStamp": 107393,
    "rotation": [
      [
        -0.950539649,
        0.238504127,
        0.1989727
      ],
      [
        0.2235022,
        0.970056653,
        -0.0950623155
      ],
      [
        -0.215687558,
        -0.04588966,
        -0.975383461
      ]
    ],
    "translation": [
      1.76466823,
      0.7074091,
      -0.5758282
    ]
  },
  {
    "timeStamp": 107437,
    "rotation": [
      [
        -0.945100367,
        0.2635408,
        0.193213433
      ],
      [
        0.245703444,
        0.9629065,
        -0.111538552
      ],
      [
        -0.215441436,
        -0.0579419173,
        -0.974796236
      ]
    ],
    "translation": [
      1.76386142,
      0.709336162,
      -0.5760263
    ]
  },
  {
    "timeStamp": 107492,
    "rotation": [
      [
        -0.9426036,
        0.283653319,
        0.176179692
      ],
      [
        0.263678461,
        0.956017733,
        -0.128467247
      ],
      [
        -0.204871073,
        -0.0746388957,
        -0.975939
      ]
    ],
    "translation": [
      1.76608169,
      0.7206706,
      -0.5760181
    ]
  },
  {
    "timeStamp": 107536,
    "rotation": [
      [
        -0.9363165,
        0.31153366,
        0.162043527
      ],
      [
        0.287344933,
        0.944971,
        -0.156405523
      ],
      [
        -0.201852009,
        -0.09988269,
        -0.9743096
      ]
    ],
    "translation": [
      1.76727009,
      0.738340259,
      -0.5765002
    ]
  },
  {
    "timeStamp": 107592,
    "rotation": [
      [
        -0.919136345,
        0.3721697,
        0.1291438
      ],
      [
        0.3425661,
        0.916974843,
        -0.2044643
      ],
      [
        -0.194517046,
        -0.143690273,
        -0.9703176
      ]
    ],
    "translation": [
      1.76976478,
      0.7746986,
      -0.5799967
    ]
  },
  {
    "timeStamp": 107637,
    "rotation": [
      [
        -0.9037415,
        0.4186172,
        0.0895039961
      ],
      [
        0.38817355,
        0.889532864,
        -0.240941137
      ],
      [
        -0.180478841,
        -0.183005422,
        -0.966403842
      ]
    ],
    "translation": [
      1.776291,
      0.8094752,
      -0.586248755
    ]
  },
  {
    "timeStamp": 107692,
    "rotation": [
      [
        -0.880791545,
        0.470276535,
        0.0551929958
      ],
      [
        0.436329335,
        0.851381063,
        -0.291147828
      ],
      [
        -0.183910251,
        -0.232358217,
        -0.9550847
      ]
    ],
    "translation": [
      1.79132211,
      0.8584807,
      -0.601184666
    ]
  },
  {
    "timeStamp": 107737,
    "rotation": [
      [
        -0.865917146,
        0.499532074,
        0.0255972687
      ],
      [
        0.4659257,
        0.824161053,
        -0.321981043
      ],
      [
        -0.18193613,
        -0.266882479,
        -0.946400046
      ]
    ],
    "translation": [
      1.81028664,
      0.895512164,
      -0.61862123
    ]
  },
  {
    "timeStamp": 107785,
    "rotation": [
      [
        -0.861063063,
        0.5079485,
        0.0236378573
      ],
      [
        0.4704042,
        0.813349068,
        -0.342320353
      ],
      [
        -0.193106934,
        -0.283640057,
        -0.939285934
      ]
    ],
    "translation": [
      1.83430266,
      0.92583555,
      -0.6410143
    ]
  },
  {
    "timeStamp": 107836,
    "rotation": [
      [
        -0.861471534,
        0.5077977,
        -0.002878086
      ],
      [
        0.476632863,
        0.8066196,
        -0.349551141
      ],
      [
        -0.17517975,
        -0.302500129,
        -0.9369129
      ]
    ],
    "translation": [
      1.87374163,
      0.954183,
      -0.669445038
    ]
  },
  {
    "timeStamp": 107891,
    "rotation": [
      [
        -0.878819346,
        0.477154672,
        8.637623E-05
      ],
      [
        0.445929229,
        0.8213729,
        -0.355659455
      ],
      [
        -0.169775516,
        -0.312521875,
        -0.9346156
      ]
    ],
    "translation": [
      1.92271757,
      0.9723887,
      -0.6982519
    ]
  },
  {
    "timeStamp": 107936,
    "rotation": [
      [
        -0.88809824,
        0.458936572,
        -0.0256666876
      ],
      [
        0.438084722,
        0.828199744,
        -0.3495239
      ],
      [
        -0.139152154,
        -0.32165575,
        -0.93657583
      ]
    ],
    "translation": [
      1.96742475,
      0.9812858,
      -0.718128562
    ]
  },
  {
    "timeStamp": 107992,
    "rotation": [
      [
        -0.906030953,
        0.41801843,
        -0.06609426
      ],
      [
        0.4168978,
        0.8546878,
        -0.309362322
      ],
      [
        -0.0728292,
        -0.3078464,
        -0.9486445
      ]
    ],
    "translation": [
      2.026938,
      0.977634549,
      -0.737445831
    ]
  },
  {
    "timeStamp": 108036,
    "rotation": [
      [
        -0.9159321,
        0.391264141,
        -0.0893341154
      ],
      [
        0.400831819,
        0.8807158,
        -0.2523362
      ],
      [
        -0.020052148,
        -0.2669308,
        -0.963507056
      ]
    ],
    "translation": [
      2.068886,
      0.9621188,
      -0.7503901
    ]
  },
  {
    "timeStamp": 108091,
    "rotation": [
      [
        -0.9178003,
        0.378327131,
        -0.120462477
      ],
      [
        0.3944583,
        0.903405,
        -0.168113157
      ],
      [
        0.04522464,
        -0.201811731,
        -0.9783797
      ]
    ],
    "translation": [
      2.110371,
      0.9359923,
      -0.7612623
    ]
  },
  {
    "timeStamp": 108136,
    "rotation": [
      [
        -0.929638743,
        0.350651681,
        -0.113203794
      ],
      [
        0.36205703,
        0.9263548,
        -0.10383366
      ],
      [
        0.0684574246,
        -0.137514025,
        -0.9881313
      ]
    ],
    "translation": [
      2.13228488,
      0.9092059,
      -0.7662361
    ]
  },
  {
    "timeStamp": 108185,
    "rotation": [
      [
        -0.933947742,
        0.3414673,
        -0.105554409
      ],
      [
        0.3487364,
        0.9353025,
        -0.05993478
      ],
      [
        0.0782595351,
        -0.09278662,
        -0.992605746
      ]
    ],
    "translation": [
      2.14542651,
      0.885258436,
      -0.7668452
    ]
  },
  {
    "timeStamp": 108242,
    "rotation": [
      [
        -0.929208934,
        0.345455378,
        -0.131267875
      ],
      [
        0.340837747,
        0.9384002,
        0.05687534
      ],
      [
        0.142829672,
        0.008108036,
        -0.9897141
      ]
    ],
    "translation": [
      2.155257,
      0.8496147,
      -0.771115065
    ]
  },
  {
    "timeStamp": 108287,
    "rotation": [
      [
        -0.9404354,
        0.327589154,
        -0.09092116
      ],
      [
        0.319031835,
        0.9427736,
        0.09693618
      ],
      [
        0.117473312,
        0.0621554665,
        -0.991129
      ]
    ],
    "translation": [
      2.15478849,
      0.83295393,
      -0.7737566
    ]
  },
  {
    "timeStamp": 108342,
    "rotation": [
      [
        -0.938537359,
        0.336067975,
        -0.07877765
      ],
      [
        0.321639448,
        0.934290767,
        0.153781787
      ],
      [
        0.125282362,
        0.118991956,
        -0.9849595
      ]
    ],
    "translation": [
      2.150959,
      0.819577,
      -0.777191639
    ]
  },
  {
    "timeStamp": 108386,
    "rotation": [
      [
        -0.9500241,
        0.307418823,
        -0.05429386
      ],
      [
        0.296578944,
        0.943089545,
        0.150409713
      ],
      [
        0.0974427462,
        0.126790434,
        -0.9871317
      ]
    ],
    "translation": [
      2.15042186,
      0.8139506,
      -0.774654269
    ]
  },
  {
    "timeStamp": 108442,
    "rotation": [
      [
        -0.9576631,
        0.285439581,
        -0.03749235
      ],
      [
        0.276928484,
        0.9489463,
        0.151034772
      ],
      [
        0.07868953,
        0.134257734,
        -0.987817168
      ]
    ],
    "translation": [
      2.15020919,
      0.808044851,
      -0.7728801
    ]
  },
  {
    "timeStamp": 108487,
    "rotation": [
      [
        -0.96851027,
        0.247626171,
        -0.02586757
      ],
      [
        0.241876423,
        0.9604402,
        0.1380232
      ],
      [
        0.05902241,
        0.127420127,
        -0.990091145
      ]
    ],
    "translation": [
      2.15367651,
      0.8040551,
      -0.7704328
    ]
  },
  {
    "timeStamp": 108542,
    "rotation": [
      [
        -0.977091253,
        0.212820813,
        0.000103586593
      ],
      [
        0.210816488,
        0.967822254,
        0.137391746
      ],
      [
        0.029139569,
        0.134266108,
        -0.9905168
      ]
    ],
    "translation": [
      2.15483975,
      0.798901737,
      -0.770493269
    ]
  },
  {
    "timeStamp": 108587,
    "rotation": [
      [
        -0.982255042,
        0.1855733,
        0.0271603949
      ],
      [
        0.18754895,
        0.9724535,
        0.138418481
      ],
      [
        -0.000725446444,
        0.14105615,
        -0.9900014
      ]
    ],
    "translation": [
      2.154551,
      0.7950119,
      -0.7721202
    ]
  },
  {
    "timeStamp": 108643,
    "rotation": [
      [
        -0.985007346,
        0.166505679,
        0.0451274179
      ],
      [
        0.171312809,
        0.9748952,
        0.142236978
      ],
      [
        -0.0203112364,
        0.147835374,
        -0.9888034
      ]
    ],
    "translation": [
      2.15323186,
      0.7907114,
      -0.773355663
    ]
  },
  {
    "timeStamp": 108689,
    "rotation": [
      [
        -0.9872709,
        0.148544,
        0.05684124
      ],
      [
        0.155270487,
        0.9775962,
        0.142114729
      ],
      [
        -0.0344574936,
        0.1491315,
        -0.9882168
      ]
    ],
    "translation": [
      2.15264273,
      0.7876443,
      -0.773586869
    ]
  },
  {
    "timeStamp": 108735,
    "rotation": [
      [
        -0.989614248,
        0.13051939,
        0.0602363534
      ],
      [
        0.13788569,
        0.980345547,
        0.141103163
      ],
      [
        -0.0406357422,
        0.147943437,
        -0.98816067
      ]
    ],
    "translation": [
      2.15350676,
      0.784389257,
      -0.7734934
    ]
  },
  {
    "timeStamp": 108791,
    "rotation": [
      [
        -0.991758168,
        0.0963579044,
        0.08444502
      ],
      [
        0.10698875,
        0.985452533,
        0.132048354
      ],
      [
        -0.070492655,
        0.1399947,
        -0.9876398
      ]
    ],
    "translation": [
      2.15474248,
      0.781192958,
      -0.772991
    ]
  },
  {
    "timeStamp": 108836,
    "rotation": [
      [
        -0.993856,
        0.07602987,
        0.08043495
      ],
      [
        0.08588047,
        0.988166,
        0.127092764
      ],
      [
        -0.0698202252,
        0.133219689,
        -0.988624156
      ]
    ],
    "translation": [
      2.15682864,
      0.7796516,
      -0.771975458
    ]
  }
]