[
  {
    "timeStamp": 100585,
    "rotation": [
      [
        0.6005543,
        0.7079329,
        -0.371706367
      ],
      [
        -0.7874984,
        0.4431594,
        -0.4283177
      ],
      [
        -0.138495028,
        0.5499462,
        0.8236373
      ]
    ],
    "translation": [
      1.52917647,
      0.7618966,
      -0.820818961
    ]
  },
  {
    "timeStamp": 100629,
    "rotation": [
      [
        0.592588663,
        0.715438068,
        -0.370117724
      ],
      [
        -0.7992118,
        0.4648909,
        -0.380968541
      ],
      [
        -0.10049504,
        0.5215601,
        0.847275555
      ]
    ],
    "translation": [
      1.52970684,
      0.7649219,
      -0.8242782
    ]
  },
  {
    "timeStamp": 100677,
    "rotation": [
      [
        0.6011154,
        0.6976037,
        -0.3898837
      ],
      [
        -0.7966058,
        0.4840552,
        -0.362090856
      ],
      [
        -0.0638707057,
        0.528242,
        0.846688151
      ]
    ],
    "translation": [
      1.52958512,
      0.764467835,
      -0.825358033
    ]
  },
  {
    "timeStamp": 100726,
    "rotation": [
      [
        0.5716791,
        0.720787466,
        -0.391980171
      ],
      [
        -0.8187181,
        0.469873577,
        -0.3300296
      ],
      [
        -0.05370007,
        0.5095923,
        0.8587386
      ]
    ],
    "translation": [
      1.53160489,
      0.7632103,
      -0.8270217
    ]
  },
  {
    "timeStamp": 100782,
    "rotation": [
      [
        0.494689643,
        0.778310061,
        -0.386672378
      ],
      [
        -0.863984942,
        0.392376631,
        -0.315548033
      ],
      [
        -0.093873,
        0.490177453,
        0.8665528
      ]
    ],
    "translation": [
      1.536355,
      0.761705,
      -0.8266679
    ]
  },
  {
    "timeStamp": 100826,
    "rotation": [
      [
        0.4591737,
        0.809746444,
        -0.365335673
      ],
      [
        -0.868869841,
        0.323726028,
        -0.374521852
      ],
      [
        -0.184999079,
        0.489399731,
        0.85221076
      ]
    ],
    "translation": [
      1.543413,
      0.7753845,
      -0.8306439
    ]
  },
  {
    "timeStamp": 100881,
    "rotation": [
      [
        0.406157583,
        0.848444164,
        -0.33937946
      ],
      [
        -0.890458345,
        0.284062654,
        -0.355516851
      ],
      [
        -0.205231175,
        0.446599156,
        0.870878458
      ]
    ],
    "translation": [
      1.55431533,
      0.798360467,
      -0.8328442
    ]
  },
  {
    "timeStamp": 100926,
    "rotation": [
      [
        0.352684349,
        0.8826377,
        -0.3107484
      ],
      [
        -0.905164063,
        0.237596631,
        -0.352457
      ],
      [
        -0.237259045,
        0.4055843,
        0.8827285
      ]
    ],
    "translation": [
      1.56488216,
      0.815864,
      -0.834258556
    ]
  },
  {
    "timeStamp": 100981,
    "rotation": [
      [
        0.3368757,
        0.8978556,
        -0.283496439
      ],
      [
        -0.913684547,
        0.239026755,
        -0.3287047
      ],
      [
        -0.22736612,
        0.369758934,
        0.900879
      ]
    ],
    "translation": [
      1.57999289,
      0.830978036,
      -0.8349746
    ]
  },
  {
    "timeStamp": 101026,
    "rotation": [
      [
        0.304260075,
        0.915288568,
        -0.2639558
      ],
      [
        -0.9200456,
        0.210549831,
        -0.330431432
      ],
      [
        -0.246864274,
        0.343388468,
        0.9061691
      ]
    ],
    "translation": [
      1.59110379,
      0.8419497,
      -0.8350547
    ]
  },
  {
    "timeStamp": 101082,
    "rotation": [
      [
        0.2648888,
        0.9363073,
        -0.230570108
      ],
      [
        -0.9366311,
        0.192983076,
        -0.2923692
      ],
      [
        -0.22925128,
        0.29340446,
        0.928093553
      ]
    ],
    "translation": [
      1.60892725,
      0.861758947,
      -0.8301068
    ]
  },
  {
    "timeStamp": 101127,
    "rotation": [
      [
        0.216012761,
        0.958874464,
        -0.1841147
      ],
      [
        -0.9466258,
        0.159466252,
        -0.280125022
      ],
      [
        -0.23924464,
        0.2347983,
        0.942142069
      ]
    ],
    "translation": [
      1.62669539,
      0.8827308,
      -0.8253624
    ]
  },
  {
    "timeStamp": 101183,
    "rotation": [
      [
        0.189469337,
        0.972608447,
        -0.1346629
      ],
      [
        -0.9603154,
        0.154966116,
        -0.2319048
      ],
      [
        -0.204684392,
        0.173257709,
        0.963372231
      ]
    ],
    "translation": [
      1.6591202,
      0.9123398,
      -0.8166244
    ]
  },
  {
    "timeStamp": 101228,
    "rotation": [
      [
        0.151772991,
        0.9861356,
        -0.06709366
      ],
      [
        -0.968167663,
        0.134651914,
        -0.210998312
      ],
      [
        -0.199038655,
        0.09698176,
        0.9751811
      ]
    ],
    "translation": [
      1.69066918,
      0.9361597,
      -0.809098959
    ]
  },
  {
    "timeStamp": 101285,
    "rotation": [
      [
        0.137000248,
        0.990563,
        0.003994904
      ],
      [
        -0.9764551,
        0.13572526,
        -0.167672932
      ],
      [
        -0.1666328,
        0.0190703887,
        0.9858346
      ]
    ],
    "translation": [
      1.73792553,
      0.9652215,
      -0.801282465
    ]
  },
  {
    "timeStamp": 101329,
    "rotation": [
      [
        0.119140625,
        0.9898358,
        0.07765769
      ],
      [
        -0.980505943,
        0.1296043,
        -0.147684947
      ],
      [
        -0.156248614,
        -0.0585485473,
        0.985981
      ]
    ],
    "translation": [
      1.78040993,
      0.986897,
      -0.7988805
    ]
  },
  {
    "timeStamp": 101384,
    "rotation": [
      [
        0.117285423,
        0.979952,
        0.1610538
      ],
      [
        -0.9833616,
        0.13725169,
        -0.119004242
      ],
      [
        -0.138723344,
        -0.14441666,
        0.979744732
      ]
    ],
    "translation": [
      1.83568954,
      1.0103817,
      -0.798679531
    ]
  },
  {
    "timeStamp": 101428,
    "rotation": [
      [
        0.125107676,
        0.9681718,
        0.216775417
      ],
      [
        -0.9831899,
        0.150270134,
        -0.103714287
      ],
      [
        -0.13298811,
        -0.200155929,
        0.970696568
      ]
    ],
    "translation": [
      1.87897944,
      1.02484548,
      -0.803188
    ]
  },
  {
    "timeStamp": 101484,
    "rotation": [
      [
        0.133840173,
        0.948570967,
        0.2868797
      ],
      [
        -0.982041955,
        0.165792584,
        -0.09003556
      ],
      [
        -0.132967636,
        -0.26967752,
        0.9537262
      ]
    ],
    "translation": [
      1.93382466,
      1.03918588,
      -0.810771167
    ]
  },
  {
    "timeStamp": 101528,
    "rotation": [
      [
        0.13500534,
        0.932182252,
        0.3358718
      ],
      [
        -0.980347157,
        0.174879029,
        -0.09130575
      ],
      [
        -0.14385052,
        -0.316944182,
        0.9374718
      ]
    ],
    "translation": [
      1.97582173,
      1.04536378,
      -0.818422437
    ]
  },
  {
    "timeStamp": 101584,
    "rotation": [
      [
        0.141740829,
        0.907252,
        0.395984024
      ],
      [
        -0.976350963,
        0.194094628,
        -0.09521586
      ],
      [
        -0.16324316,
        -0.3731234,
        0.9133075
      ]
    ],
    "translation": [
      2.02708936,
      1.04679024,
      -0.8269326
    ]
  },
  {
    "timeStamp": 101639,
    "rotation": [
      [
        0.131397709,
        0.8924332,
        0.431622
      ],
      [
        -0.974146,
        0.19695498,
        -0.110672355
      ],
      [
        -0.183777779,
        -0.4059207,
        0.8952397
      ]
    ],
    "translation": [
      2.06276178,
      1.04256988,
      -0.8318266
    ]
  },
  {
    "timeStamp": 101675,
    "rotation": [
      [
        0.136090145,
        0.883743465,
        0.4477466
      ],
      [
        -0.9703451,
        0.210040674,
        -0.119638383
      ],
      [
        -0.199774638,
        -0.4181871,
        0.886120558
      ]
    ],
    "translation": [
      2.09218025,
      1.03311765,
      -0.8320981
    ]
  },
  {
    "timeStamp": 101735,
    "rotation": [
      [
        0.12754865,
        0.8903793,
        0.436985135
      ],
      [
        -0.964576662,
        0.213931948,
        -0.15435335
      ],
      [
        -0.230918109,
        -0.4018181,
        0.886125863
      ]
    ],
    "translation": [
      2.12046242,
      1.012949,
      -0.8245781
    ]
  },
  {
    "timeStamp": 101779,
    "rotation": [
      [
        0.149705231,
        0.9099359,
        0.38678807
      ],
      [
        -0.958213,
        0.229965031,
        -0.17012918
      ],
      [
        -0.243754372,
        -0.345156133,
        0.906339347
      ]
    ],
    "translation": [
      2.12990332,
      0.9926369,
      -0.813588262
    ]
  },
  {
    "timeStamp": 101834,
    "rotation": [
      [
        0.147848889,
        0.930425644,
        0.335333884
      ],
      [
        -0.943061531,
        0.234775409,
        -0.23561725
      ],
      [
        -0.297952473,
        -0.281404734,
        0.91215986
      ]
    ],
    "translation": [
      2.13732767,
      0.9621988,
      -0.8023253
    ]
  },
  {
    "timeStamp": 101879,
    "rotation": [
      [
        0.144464284,
        0.94477874,
        0.294148266
      ],
      [
        -0.9317628,
        0.229949817,
        -0.2809646
      ],
      [
        -0.333088726,
        -0.23348707,
        0.9135292
      ]
    ],
    "translation": [
      2.140008,
      0.938643157,
      -0.793087542
    ]
  },
  {
    "timeStamp": 101934,
    "rotation": [
      [
        0.149907634,
        0.964271665,
        0.21842131
      ],
      [
        -0.9091929,
        0.221243665,
        -0.352731317
      ],
      [
        -0.388453126,
        -0.14571,
        0.9098751
      ]
    ],
    "translation": [
      2.138687,
      0.914624035,
      -0.7879927
    ]
  },
  {
    "timeStamp": 101978,
    "rotation": [
      [
        0.146607772,
        0.972313046,
        0.181971222
      ],
      [
        -0.8986893,
        0.207792208,
        -0.3862381
      ],
      [
        -0.413356543,
        -0.106910087,
        0.9042713
      ]
    ],
    "translation": [
      2.13603067,
      0.9001908,
      -0.781596541
    ]
  },
  {
    "timeStamp": 102034,
    "rotation": [
      [
        0.162256733,
        0.977313,
        0.136132523
      ],
      [
        -0.8837178,
        0.205302492,
        -0.42058742
      ],
      [
        -0.4389939,
        -0.0520595945,
        0.8969806
      ]
    ],
    "translation": [
      2.13369036,
      0.884982049,
      -0.7769587
    ]
  },
  {
    "timeStamp": 102078,
    "rotation": [
      [
        0.178789422,
        0.9794042,
        0.0938173756
      ],
      [
        -0.878141,
        0.201851308,
        -0.4337331
      ],
      [
        -0.4437372,
        -0.00483799167,
        0.8961439
      ]
    ],
    "translation": [
      2.13035417,
      0.875977755,
      -0.774126232
    ]
  },
  {
    "timeStamp": 102135,
    "rotation": [
      [
        0.176078662,
        0.98067224,
        0.08531346
      ],
      [
        -0.8703367,
        0.195585534,
        -0.451951772
      ],
      [
        -0.4599026,
        0.00532762846,
        0.8879534
      ]
    ],
    "translation": [
      2.129866,
      0.8656429,
      -0.7703376
    ]
  },
  {
    "timeStamp": 102180,
    "rotation": [
      [
        0.185055643,
        0.979397953,
        0.08083323
      ],
      [
        -0.862996638,
        0.2013055,
        -0.463371128
      ],
      [
        -0.4700969,
        0.0159906372,
        0.8824699
      ]
    ],
    "translation": [
      2.13137,
      0.8567689,
      -0.7671362
    ]
  },
  {
    "timeStamp": 102226,
    "rotation": [
      [
        0.189229339,
        0.9788648,
        0.07756266
      ],
      [
        -0.8587988,
        0.203280687,
        -0.470256954
      ],
      [
        -0.476084948,
        0.0223756973,
        0.879114568
      ]
    ],
    "translation": [
      2.13173246,
      0.8487578,
      -0.7650345
    ]
  },
  {
    "timeStamp": 102283,
    "rotation": [
      [
        0.180371746,
        0.981099665,
        0.0700676441
      ],
      [
        -0.8544167,
        0.191574842,
        -0.4829815
      ],
      [
        -0.4872762,
        0.0272492468,
        0.872822642
      ]
    ],
    "translation": [
      2.13046718,
      0.8412249,
      -0.762309432
    ]
  },
  {
    "timeStamp": 102328,
    "rotation": [
      [
        0.195189446,
        0.9788106,
        0.06189355
      ],
      [
        -0.85082376,
        0.200382143,
        -0.485742658
      ],
      [
        -0.487852424,
        0.04215134,
        0.87190783
      ]
    ],
    "translation": [
      2.12933517,
      0.8353667,
      -0.761356
    ]
  },
  {
    "timeStamp": 102383,
    "rotation": [
      [
        0.20880048,
        0.9768302,
        0.04695825
      ],
      [
        -0.844743669,
        0.204344109,
        -0.494622737
      ],
      [
        -0.492758065,
        0.06360978,
        0.867838264
      ]
    ],
    "translation": [
      2.12824678,
      0.8290201,
      -0.7608876
    ]
  },
  {
    "timeStamp": 102428,
    "rotation": [
      [
        0.224337637,
        0.9737566,
        0.0383503959
      ],
      [
        -0.8400552,
        0.213182077,
        -0.498859257
      ],
      [
        -0.4939431,
        0.0796964541,
        0.8658341
      ]
    ],
    "translation": [
      2.12779164,
      0.823874235,
      -0.7608366
    ]
  },
  {
    "timeStamp": 102483,
    "rotation": [
      [
        0.247732282,
        0.968421638,
        0.0280778222
      ],
      [
        -0.8332431,
        0.227759585,
        -0.503816962
      ],
      [
        -0.494302243,
        0.101416074,
        0.863353968
      ]
    ],
    "translation": [
      2.12814355,
      0.8173532,
      -0.761907041
    ]
  },
  {
    "timeStamp": 102528,
    "rotation": [
      [
        0.2530194,
        0.9669673,
        0.0309120137
      ],
      [
        -0.827427566,
        0.2328435,
        -0.511026
      ],
      [
        -0.501343131,
        0.103722036,
        0.859009266
      ]
    ],
    "translation": [
      2.12866449,
      0.8129033,
      -0.7615375
    ]
  },
  {
    "timeStamp": 102583,
    "rotation": [
      [
        0.2693745,
        0.9625676,
        0.030014649
      ],
      [
        -0.8212704,
        0.245885983,
        -0.514835
      ],
      [
        -0.5029437,
        0.114033274,
        0.8567637
      ]
    ],
    "translation": [
      2.12908363,
      0.808604062,
      -0.7610141
    ]
  },
  {
    "timeStamp": 102628,
    "rotation": [
      [
        0.281782746,
        0.958904,
        0.0331904851
      ],
      [
        -0.814516544,
        0.25734967,
        -0.519936562
      ],
      [
        -0.507110834,
        0.119474947,
        0.853559852
      ]
    ],
    "translation": [
      2.130557,
      0.8053248,
      -0.761007369
    ]
  },
  {
    "timeStamp": 102683,
    "rotation": [
      [
        0.292062938,
        0.9558775,
        0.03158283
      ],
      [
        -0.8105947,
        0.264928222,
        -0.5222541
      ],
      [
        -0.507578135,
        0.126930192,
        0.852204859
      ]
    ],
    "translation": [
      2.13133883,
      0.8036806,
      -0.7615075
    ]
  },
  {
    "timeStamp": 102728,
    "rotation": [
      [
        0.297891527,
        0.954057455,
        0.03217195
      ],
      [
        -0.8064346,
        0.26954627,
        -0.5263157
      ],
      [
        -0.5108072,
        0.130840421,
        0.8496804
      ]
    ],
    "translation": [
      2.13145471,
      0.8031242,
      -0.761178732
    ]
  }
]