[
  {
    "timeStamp": 0,
    "rotation": [
      [
        0.99892205,
        -0.0105719259,
        -0.0451990739
      ],
      [
        -0.0259791519,
        0.67961216,
        -0.733111441
      ],
      [
        0.03846824,
        0.7334954,
        0.67860496
      ]
    ],
    "translation": [
      1.28491044,
      1.664639,
      -1.08776236
    ]
  },
  {
    "timeStamp": 15,
    "rotation": [
      [
        0.99896276,
        -0.0101108728,
        -0.04439649
      ],
      [
        -0.0257159434,
        0.679363251,
        -0.7333514
      ],
      [
        0.03757616,
        0.733732462,
        0.6783986
      ]
    ],
    "translation": [
      1.28535986,
      1.66453433,
      -1.08765125
    ]
  },
  {
    "timeStamp": 17,
    "rotation": [
      [
        0.9991375,
        -0.008054143,
        -0.0407345742
      ],
      [
        -0.0244665332,
        0.678431451,
        -0.7342562
      ],
      [
        0.03354942,
        0.734619558,
        0.67764926
      ]
    ],
    "translation": [
      1.28155708,
      1.6640017,
      -1.08739662
    ]
  },
  {
    "timeStamp": 60,
    "rotation": [
      [
        0.9975662,
        0.0496046767,
        0.0490002558
      ],
      [
        0.00298967166,
        0.6716827,
        -0.740832865
      ],
      [
        -0.0696614,
        0.739176333,
        0.6698997
      ]
    ],
    "translation": [
      1.247886,
      1.65896511,
      -1.08490562
    ]
  },
  {
    "timeStamp": 104,
    "rotation": [
      [
        0.9942355,
        0.0713971853,
        0.07998885
      ],
      [
        0.0116161034,
        0.669917,
        -0.7423451
      ],
      [
        -0.106587246,
        0.738995,
        0.6652259
      ]
    ],
    "translation": [
      1.2454834,
      1.65992332,
      -1.08649707
    ]
  },
  {
    "timeStamp": 159,
    "rotation": [
      [
        0.9881991,
        0.09931217,
        0.116617292
      ],
      [
        0.0202689059,
        0.6698582,
        -0.7422123
      ],
      [
        -0.151827767,
        0.735817254,
        0.659940362
      ]
    ],
    "translation": [
      1.24591589,
      1.66276717,
      -1.09019911
    ]
  },
  {
    "timeStamp": 204,
    "rotation": [
      [
        0.9826449,
        0.117429,
        0.1435946
      ],
      [
        0.0272034556,
        0.6745124,
        -0.737762153
      ],
      [
        -0.183491,
        0.7288645,
        0.6596117
      ]
    ],
    "translation": [
      1.24856377,
      1.665656,
      -1.09414434
    ]
  },
  {
    "timeStamp": 337,
    "rotation": [
      [
        0.9817507,
        0.119368643,
        0.1480426
      ],
      [
        0.0286185667,
        0.676865339,
        -0.735550344
      ],
      [
        -0.18800655,
        0.7263639,
        0.6610969
      ]
    ],
    "translation": [
      1.24965572,
      1.66623914,
      -1.0953846
    ]
  },
  {
    "timeStamp": 339,
    "rotation": [
      [
        0.9817507,
        0.119368643,
        0.1480426
      ],
      [
        0.0286185667,
        0.676865339,
        -0.735550344
      ],
      [
        -0.18800655,
        0.7263639,
        0.6610969
      ]
    ],
    "translation": [
      1.24965572,
      1.66623914,
      -1.0953846
    ]
  },
  {
    "timeStamp": 381,
    "rotation": [
      [
        0.9774963,
        0.128957838,
        0.166945681
      ],
      [
        0.03212669,
        0.691154659,
        -0.7219925
      ],
      [
        -0.208491877,
        0.7111084,
        0.6714581
      ]
    ],
    "translation": [
      1.26256275,
      1.67305207,
      -1.11347294
    ]
  },
  {
    "timeStamp": 425,
    "rotation": [
      [
        0.980378568,
        0.12534225,
        0.1521418
      ],
      [
        0.0220214315,
        0.6973371,
        -0.716405
      ],
      [
        -0.19588992,
        0.7056985,
        0.680894136
      ]
    ],
    "translation": [
      1.26677942,
      1.675072,
      -1.1169945
    ]
  },
  {
    "timeStamp": 481,
    "rotation": [
      [
        0.9837866,
        0.123993367,
        0.129574612
      ],
      [
        0.00563628972,
        0.700763047,
        -0.7133718
      ],
      [
        -0.179254472,
        0.7025359,
        0.688702464
      ]
    ],
    "translation": [
      1.2720561,
      1.67689514,
      -1.12048233
    ]
  },
  {
    "timeStamp": 525,
    "rotation": [
      [
        0.9860827,
        0.122539893,
        0.112360254
      ],
      [
        -0.006405351,
        0.703329,
        -0.7108356
      ],
      [
        -0.166131943,
        0.700222969,
        0.694325566
      ]
    ],
    "translation": [
      1.27627325,
      1.67797446,
      -1.12235236
    ]
  },
  {
    "timeStamp": 581,
    "rotation": [
      [
        0.988565743,
        0.116421252,
        0.09583285
      ],
      [
        -0.014396498,
        0.705501735,
        -0.708561957
      ],
      [
        -0.1501019,
        0.6990804,
        0.699110866
      ]
    ],
    "translation": [
      1.28170443,
      1.67881358,
      -1.12351179
    ]
  },
  {
    "timeStamp": 625,
    "rotation": [
      [
        0.9901141,
        0.110069342,
        0.0869415551
      ],
      [
        -0.016344171,
        0.70615387,
        -0.707869768
      ],
      [
        -0.13930887,
        0.69945085,
        0.7009719
      ]
    ],
    "translation": [
      1.2862823,
      1.6791271,
      -1.12374389
    ]
  },
  {
    "timeStamp": 681,
    "rotation": [
      [
        0.991720259,
        0.102914281,
        0.07680954
      ],
      [
        -0.018067291,
        0.7039918,
        -0.7099783
      ],
      [
        -0.1271402,
        0.7027121,
        0.7000223
      ]
    ],
    "translation": [
      1.29137063,
      1.67885423,
      -1.12425113
    ]
  },
  {
    "timeStamp": 725,
    "rotation": [
      [
        0.9927881,
        0.09782411,
        0.06929873
      ],
      [
        -0.0197192281,
        0.703434348,
        -0.71048665
      ],
      [
        -0.118249826,
        0.7039962,
        0.700290263
      ]
    ],
    "translation": [
      1.295243,
      1.67854166,
      -1.124596
    ]
  },
  {
    "timeStamp": 781,
    "rotation": [
      [
        0.994076133,
        0.0906386,
        0.0599780455
      ],
      [
        -0.0210494976,
        0.7019521,
        -0.711913049
      ],
      [
        -0.106628515,
        0.706433237,
        0.6997017
      ]
    ],
    "translation": [
      1.29967642,
      1.67820859,
      -1.12543964
    ]
  },
  {
    "timeStamp": 826,
    "rotation": [
      [
        0.995266855,
        0.082545,
        0.0512865074
      ],
      [
        -0.021389056,
        0.7008712,
        -0.7129671
      ],
      [
        -0.0947971,
        0.708495557,
        0.6993194
      ]
    ],
    "translation": [
      1.30282569,
      1.67803788,
      -1.12661088
    ]
  },
  {
    "timeStamp": 883,
    "rotation": [
      [
        0.996430039,
        0.07377768,
        0.0410368368
      ],
      [
        -0.0227388144,
        0.702667534,
        -0.7111549
      ],
      [
        -0.08130261,
        0.707682967,
        0.701836646
      ]
    ],
    "translation": [
      1.3070879,
      1.67844582,
      -1.12804186
    ]
  },
  {
    "timeStamp": 929,
    "rotation": [
      [
        0.997148037,
        0.06774328,
        0.03326638
      ],
      [
        -0.0241785813,
        0.704302132,
        -0.709488451
      ],
      [
        -0.07149266,
        0.7066607,
        0.703931451
      ]
    ],
    "translation": [
      1.31065822,
      1.67870784,
      -1.1293695
    ]
  },
  {
    "timeStamp": 975,
    "rotation": [
      [
        0.9976804,
        0.0629741251,
        0.0258468147
      ],
      [
        -0.026182225,
        0.7054847,
        -0.7082414
      ],
      [
        -0.06283541,
        0.7059218,
        0.705497
      ]
    ],
    "translation": [
      1.31458616,
      1.67886448,
      -1.13064742
    ]
  },
  {
    "timeStamp": 1030,
    "rotation": [
      [
        0.998193562,
        0.0577855073,
        0.01644389
      ],
      [
        -0.0291901566,
        0.7056861,
        -0.707923
      ],
      [
        -0.0525119156,
        0.7061642,
        0.706098139
      ]
    ],
    "translation": [
      1.31933308,
      1.67896152,
      -1.13236213
    ]
  },
  {
    "timeStamp": 1075,
    "rotation": [
      [
        0.998465359,
        0.05460367,
        0.009234881
      ],
      [
        -0.0320267342,
        0.7053881,
        -0.708097339
      ],
      [
        -0.04517889,
        0.7067149,
        0.706054449
      ]
    ],
    "translation": [
      1.32317,
      1.6790911,
      -1.13372254
    ]
  },
  {
    "timeStamp": 1130,
    "rotation": [
      [
        0.9986657,
        0.0516402572,
        0.000204263255
      ],
      [
        -0.0364281461,
        0.707272768,
        -0.7060015
      ],
      [
        -0.03660257,
        0.7050521,
        0.70821023
      ]
    ],
    "translation": [
      1.32757807,
      1.6798228,
      -1.135241
    ]
  },
  {
    "timeStamp": 1175,
    "rotation": [
      [
        0.9987883,
        0.04878156,
        -0.006502728
      ],
      [
        -0.0392634757,
        0.7102105,
        -0.7028936
      ],
      [
        -0.02966994,
        0.7022973,
        0.711265266
      ]
    ],
    "translation": [
      1.33079863,
      1.68049812,
      -1.13638568
    ]
  },
  {
    "timeStamp": 1230,
    "rotation": [
      [
        0.998868,
        0.0455150679,
        -0.0138293551
      ],
      [
        -0.0421858765,
        0.7132163,
        -0.6996734
      ],
      [
        -0.02198236,
        0.699464738,
        0.714328945
      ]
    ],
    "translation": [
      1.33461261,
      1.68095291,
      -1.13741171
    ]
  },
  {
    "timeStamp": 1275,
    "rotation": [
      [
        0.9989114,
        0.0424856357,
        -0.0192598067
      ],
      [
        -0.0438203141,
        0.713108063,
        -0.699683249
      ],
      [
        -0.0159921646,
        0.699765563,
        0.7141935
      ]
    ],
    "translation": [
      1.33743072,
      1.68084908,
      -1.13816524
    ]
  },
  {
    "timeStamp": 1330,
    "rotation": [
      [
        0.9988413,
        0.0395703055,
        -0.02739118
      ],
      [
        -0.0474247336,
        0.7125224,
        -0.7000448
      ],
      [
        -0.008184157,
        0.7005327,
        0.7135734
      ]
    ],
    "translation": [
      1.34062409,
      1.6806463,
      -1.1384306
    ]
  },
  {
    "timeStamp": 1375,
    "rotation": [
      [
        0.9986753,
        0.0390256681,
        -0.03353619
      ],
      [
        -0.051334735,
        0.711004853,
        -0.7013108
      ],
      [
        -0.00352473278,
        0.7021033,
        0.712066352
      ]
    ],
    "translation": [
      1.34307289,
      1.68001974,
      -1.13858175
    ]
  },
  {
    "timeStamp": 1429,
    "rotation": [
      [
        0.9984443,
        0.0382631831,
        -0.0405573249
      ],
      [
        -0.0557300933,
        0.7078819,
        -0.7041288
      ],
      [
        0.00176758668,
        0.705293655,
        0.7089131
      ]
    ],
    "translation": [
      1.34613037,
      1.67930615,
      -1.138768
    ]
  },
  {
    "timeStamp": 1485,
    "rotation": [
      [
        0.9983103,
        0.0375951864,
        -0.0443077944
      ],
      [
        -0.0579029471,
        0.7076619,
        -0.7041746
      ],
      [
        0.004881366,
        0.7055503,
        0.7086431
      ]
    ],
    "translation": [
      1.34881377,
      1.67910147,
      -1.13885748
    ]
  },
  {
    "timeStamp": 1529,
    "rotation": [
      [
        0.998225152,
        0.03492654,
        -0.0482352227
      ],
      [
        -0.05877574,
        0.7081985,
        -0.7035626
      ],
      [
        0.0095871,
        0.705148935,
        0.7089943
      ]
    ],
    "translation": [
      1.35190415,
      1.67910028,
      -1.1387012
    ]
  },
  {
    "timeStamp": 1585,
    "rotation": [
      [
        0.9981962,
        0.03309117,
        -0.0500931
      ],
      [
        -0.05879448,
        0.7076342,
        -0.704128563
      ],
      [
        0.0121471519,
        0.705803633,
        0.708303332
      ]
    ],
    "translation": [
      1.354552,
      1.67889762,
      -1.13868356
    ]
  },
  {
    "timeStamp": 1629,
    "rotation": [
      [
        0.9982931,
        0.0310217254,
        -0.0494822748
      ],
      [
        -0.05692037,
        0.7064698,
        -0.7054506
      ],
      [
        0.0130734388,
        0.707063,
        0.707029641
      ]
    ],
    "translation": [
      1.35831261,
      1.67823935,
      -1.13829112
    ]
  },
  {
    "timeStamp": 1684,
    "rotation": [
      [
        0.9983663,
        0.02938216,
        -0.04900392
      ],
      [
        -0.05545575,
        0.704835355,
        -0.707199931
      ],
      [
        0.0137606356,
        0.7087621,
        0.705313265
      ]
    ],
    "translation": [
      1.36155725,
      1.67771864,
      -1.13778543
    ]
  },
  {
    "timeStamp": 1729,
    "rotation": [
      [
        0.9983165,
        0.0276782289,
        -0.0509705171
      ],
      [
        -0.0556589924,
        0.7043517,
        -0.7076657
      ],
      [
        0.0163142383,
        0.7093113,
        0.70470655
      ]
    ],
    "translation": [
      1.36527181,
      1.677402,
      -1.13687563
    ]
  },
  {
    "timeStamp": 1785,
    "rotation": [
      [
        0.9981353,
        0.0255740341,
        -0.05542394
      ],
      [
        -0.057312943,
        0.7050714,
        -0.7068165
      ],
      [
        0.0210016873,
        0.708675,
        0.705222368
      ]
    ],
    "translation": [
      1.36799145,
      1.67741847,
      -1.13572717
    ]
  },
  {
    "timeStamp": 1829,
    "rotation": [
      [
        0.997916639,
        0.0218003914,
        -0.0607210547
      ],
      [
        -0.05844411,
        0.70407635,
        -0.7077152
      ],
      [
        0.0273237862,
        0.7097896,
        0.703883648
      ]
    ],
    "translation": [
      1.3711102,
      1.67696261,
      -1.13401484
    ]
  },
  {
    "timeStamp": 1874,
    "rotation": [
      [
        0.997792,
        0.0162498932,
        -0.06439753
      ],
      [
        -0.057246644,
        0.7020255,
        -0.709847152
      ],
      [
        0.03367377,
        0.711966336,
        0.701405644
      ]
    ],
    "translation": [
      1.3734498,
      1.6761924,
      -1.13241923
    ]
  },
  {
    "timeStamp": 1930,
    "rotation": [
      [
        0.9974702,
        0.009413018,
        -0.07046035
      ],
      [
        -0.05694756,
        0.699065566,
        -0.7127863
      ],
      [
        0.04254693,
        0.7149957,
        0.6978331
      ]
    ],
    "translation": [
      1.37616682,
      1.675015,
      -1.130312
    ]
  },
  {
    "timeStamp": 1974,
    "rotation": [
      [
        0.9970642,
        0.004251369,
        -0.07645188
      ],
      [
        -0.057700593,
        0.6980747,
        -0.713696241
      ],
      [
        0.0503349453,
        0.7160123,
        0.6962706
      ]
    ],
    "translation": [
      1.37819457,
      1.67417622,
      -1.1285131
    ]
  },
  {
    "timeStamp": 2030,
    "rotation": [
      [
        0.9964351,
        -0.00185131829,
        -0.08434302
      ],
      [
        -0.0593178421,
        0.6955219,
        -0.7160522
      ],
      [
        0.0599880628,
        0.7185026,
        0.692932546
      ]
    ],
    "translation": [
      1.380821,
      1.67304611,
      -1.12597775
    ]
  },
  {
    "timeStamp": 2074,
    "rotation": [
      [
        0.9959671,
        -0.0066771484,
        -0.0894702151
      ],
      [
        -0.059775766,
        0.694271147,
        -0.7172269
      ],
      [
        0.06690562,
        0.7196826,
        0.691072047
      ]
    ],
    "translation": [
      1.3827126,
      1.67227471,
      -1.1241293
    ]
  },
  {
    "timeStamp": 2130,
    "rotation": [
      [
        0.995497048,
        -0.01363542,
        -0.09380712
      ],
      [
        -0.0583024248,
        0.6922148,
        -0.7193327
      ],
      [
        0.07474308,
        0.721562743,
        0.688302755
      ]
    ],
    "translation": [
      1.38508844,
      1.67095649,
      -1.12185681
    ]
  },
  {
    "timeStamp": 2174,
    "rotation": [
      [
        0.9951304,
        -0.02000607,
        -0.09651532
      ],
      [
        -0.05596851,
        0.6913282,
        -0.7203699
      ],
      [
        0.08113554,
        0.722263753,
        0.6868421
      ]
    ],
    "translation": [
      1.38652134,
      1.66946435,
      -1.11974931
    ]
  },
  {
    "timeStamp": 2230,
    "rotation": [
      [
        0.994443357,
        -0.0289343242,
        -0.101218879
      ],
      [
        -0.0533475466,
        0.690382659,
        -0.721474767
      ],
      [
        0.09075514,
        0.7228656,
        0.685002863
      ]
    ],
    "translation": [
      1.387003,
      1.66741061,
      -1.1161623
    ]
  },
  {
    "timeStamp": 2274,
    "rotation": [
      [
        0.9937474,
        -0.0358135,
        -0.105751693
      ],
      [
        -0.05210007,
        0.6889754,
        -0.722909749
      ],
      [
        0.09875024,
        0.723899364,
        0.6828016
      ]
    ],
    "translation": [
      1.38575411,
      1.665518,
      -1.112427
    ]
  },
  {
    "timeStamp": 2330,
    "rotation": [
      [
        0.992573559,
        -0.04793283,
        -0.111804165
      ],
      [
        -0.04849914,
        0.6869568,
        -0.725078046
      ],
      [
        0.111559674,
        0.7251157,
        0.679530442
      ]
    ],
    "translation": [
      1.38205671,
      1.66349149,
      -1.10649264
    ]
  },
  {
    "timeStamp": 2374,
    "rotation": [
      [
        0.9913951,
        -0.0591894425,
        -0.116757467
      ],
      [
        -0.0445561148,
        0.6860992,
        -0.726142347
      ],
      [
        0.12308716,
        0.7250962,
        0.6775581
      ]
    ],
    "translation": [
      1.37717962,
      1.66172481,
      -1.10074878
    ]
  },
  {
    "timeStamp": 2430,
    "rotation": [
      [
        0.9899174,
        -0.0723053962,
        -0.121800974
      ],
      [
        -0.039572373,
        0.684484661,
        -0.7279524
      ],
      [
        0.136005789,
        0.725432754,
        0.674722
      ]
    ],
    "translation": [
      1.36849785,
      1.65930057,
      -1.09247911
    ]
  },
  {
    "timeStamp": 2474,
    "rotation": [
      [
        0.9887918,
        -0.08234105,
        -0.124541715
      ],
      [
        -0.0345616974,
        0.68527,
        -0.72746855
      ],
      [
        0.145245224,
        0.723619342,
        0.674743533
      ]
    ],
    "translation": [
      1.36003256,
      1.65732086,
      -1.08447683
    ]
  },
  {
    "timeStamp": 2529,
    "rotation": [
      [
        0.98748076,
        -0.09424833,
        -0.126487121
      ],
      [
        -0.0280041769,
        0.6843878,
        -0.7285801
      ],
      [
        0.155233726,
        0.723001,
        0.6731805
      ]
    ],
    "translation": [
      1.34742594,
      1.6538415,
      -1.07294536
    ]
  },
  {
    "timeStamp": 2585,
    "rotation": [
      [
        0.986532867,
        -0.104314618,
        -0.125981212
      ],
      [
        -0.0211694352,
        0.6823205,
        -0.7307466
      ],
      [
        0.162187114,
        0.723572552,
        0.6709233
      ]
    ],
    "translation": [
      1.33590388,
      1.65021443,
      -1.062541
    ]
  },
  {
    "timeStamp": 2630,
    "rotation": [
      [
        0.9856602,
        -0.1151615,
        -0.1233358
      ],
      [
        -0.0121621778,
        0.680528045,
        -0.7326211
      ],
      [
        0.168303221,
        0.723615468,
        0.6693688
      ]
    ],
    "translation": [
      1.32031274,
      1.64521253,
      -1.04867125
    ]
  },
  {
    "timeStamp": 2674,
    "rotation": [
      [
        0.9847969,
        -0.124938473,
        -0.120687813
      ],
      [
        -0.00446903333,
        0.6763136,
        -0.7366003
      ],
      [
        0.17365253,
        0.725941,
        0.665473163
      ]
    ],
    "translation": [
      1.3067,
      1.64028358,
      -1.0368793
    ]
  },
  {
    "timeStamp": 2730,
    "rotation": [
      [
        0.984441042,
        -0.132803217,
        -0.115061171
      ],
      [
        0.00363332755,
        0.670061469,
        -0.7422967
      ],
      [
        0.175677434,
        0.7303293,
        0.6601186
      ]
    ],
    "translation": [
      1.2885654,
      1.63402534,
      -1.019841
    ]
  },
  {
    "timeStamp": 2785,
    "rotation": [
      [
        0.9844128,
        -0.137725145,
        -0.10937655
      ],
      [
        0.009950657,
        0.6645245,
        -0.7472002
      ],
      [
        0.175591648,
        0.734465063,
        0.6555369
      ]
    ],
    "translation": [
      1.27296543,
      1.62887836,
      -1.00390422
    ]
  },
  {
    "timeStamp": 2830,
    "rotation": [
      [
        0.9840633,
        -0.145270079,
        -0.102547929
      ],
      [
        0.01843411,
        0.6569348,
        -0.753722
      ],
      [
        0.176860556,
        0.7398198,
        0.649143338
      ]
    ],
    "translation": [
      1.253268,
      1.6212672,
      -0.9822739
    ]
  },
  {
    "timeStamp": 2874,
    "rotation": [
      [
        0.9834827,
        -0.1520596,
        -0.09818215
      ],
      [
        0.0252746064,
        0.652492344,
        -0.75737375
      ],
      [
        0.179229051,
        0.742382467,
        0.6455581
      ]
    ],
    "translation": [
      1.23761153,
      1.613767,
      -0.9636853
    ]
  },
  {
    "timeStamp": 2929,
    "rotation": [
      [
        0.9824767,
        -0.161469936,
        -0.093096666
      ],
      [
        0.0331970342,
        0.6430947,
        -0.765066743
      ],
      [
        0.18340525,
        0.7485697,
        0.637185931
      ]
    ],
    "translation": [
      1.21867442,
      1.60281253,
      -0.9399585
    ]
  },
  {
    "timeStamp": 2986,
    "rotation": [
      [
        0.981556,
        -0.168589935,
        -0.0901398659
      ],
      [
        0.0389741361,
        0.63806957,
        -0.7689917
      ],
      [
        0.187159762,
        0.7512953,
        0.6328716
      ]
    ],
    "translation": [
      1.20433235,
      1.5931673,
      -0.9211586
    ]
  },
  {
    "timeStamp": 3029,
    "rotation": [
      [
        0.97968,
        -0.179867953,
        -0.0887389556
      ],
      [
        0.0453809723,
        0.6297559,
        -0.7754664
      ],
      [
        0.195365429,
        0.7556819,
        0.6251219
      ]
    ],
    "translation": [
      1.1875689,
      1.58001375,
      -0.8986054
    ]
  },
  {
    "timeStamp": 3085,
    "rotation": [
      [
        0.978828847,
        -0.1857462,
        -0.08597959
      ],
      [
        0.0499565639,
        0.6241666,
        -0.779692531
      ],
      [
        0.1984905,
        0.7588903,
        0.6202315
      ]
    ],
    "translation": [
      1.175693,
      1.56903708,
      -0.8817544
    ]
  },
  {
    "timeStamp": 3129,
    "rotation": [
      [
        0.9776535,
        -0.19359608,
        -0.08193917
      ],
      [
        0.0562386923,
        0.616423965,
        -0.78540355
      ],
      [
        0.2025603,
        0.7632444,
        0.6135367
      ]
    ],
    "translation": [
      1.16236234,
      1.55457282,
      -0.862379849
    ]
  },
  {
    "timeStamp": 3185,
    "rotation": [
      [
        0.9767528,
        -0.199500948,
        -0.07844372
      ],
      [
        0.0614801161,
        0.611256242,
        -0.789041162
      ],
      [
        0.205363676,
        0.765875459,
        0.6093116
      ]
    ],
    "translation": [
      1.15309238,
      1.54312873,
      -0.848264754
    ]
  },
  {
    "timeStamp": 3230,
    "rotation": [
      [
        0.97527957,
        -0.2081911,
        -0.0740697
      ],
      [
        0.06863875,
        0.604028761,
        -0.7940013
      ],
      [
        0.21004422,
        0.7692892,
        0.6033869
      ]
    ],
    "translation": [
      1.14265585,
      1.52818847,
      -0.83188504
    ]
  },
  {
    "timeStamp": 3285,
    "rotation": [
      [
        0.974003732,
        -0.215507329,
        -0.0698087662
      ],
      [
        0.0752016,
        0.598290741,
        -0.797742367
      ],
      [
        0.213685274,
        0.7717543,
        0.598943949
      ]
    ],
    "translation": [
      1.135416,
      1.51590991,
      -0.820101559
    ]
  },
  {
    "timeStamp": 3329,
    "rotation": [
      [
        0.9715727,
        -0.227543071,
        -0.06535031
      ],
      [
        0.08332856,
        0.587064445,
        -0.805240154
      ],
      [
        0.221591651,
        0.7769038,
        0.589336634
      ]
    ],
    "translation": [
      1.12784743,
      1.50143015,
      -0.8068324
    ]
  },
  {
    "timeStamp": 3385,
    "rotation": [
      [
        0.9713282,
        -0.229552567,
        -0.06186423
      ],
      [
        0.08621567,
        0.5826124,
        -0.808164358
      ],
      [
        0.221559078,
        0.779659152,
        0.5856989
      ]
    ],
    "translation": [
      1.12273026,
      1.4910953,
      -0.7977685
    ]
  },
  {
    "timeStamp": 3429,
    "rotation": [
      [
        0.9699709,
        -0.235684991,
        -0.0600761063
      ],
      [
        0.08931407,
        0.5748954,
        -0.813337743
      ],
      [
        0.226228967,
        0.7835483,
        0.578681767
      ]
    ],
    "translation": [
      1.11725044,
      1.47888756,
      -0.7880423
    ]
  },
  {
    "timeStamp": 3484,
    "rotation": [
      [
        0.9689631,
        -0.239523709,
        -0.06114672
      ],
      [
        0.08973789,
        0.5712914,
        -0.8158267
      ],
      [
        0.230342433,
        0.7850188,
        0.575054646
      ]
    ],
    "translation": [
      1.11366367,
      1.4697423,
      -0.7812876
    ]
  },
  {
    "timeStamp": 3529,
    "rotation": [
      [
        0.967422247,
        -0.245476335,
        -0.0619318634
      ],
      [
        0.09022294,
        0.5628562,
        -0.821615934
      ],
      [
        0.23654601,
        0.7892619,
        0.5666672
      ]
    ],
    "translation": [
      1.10968328,
      1.45877218,
      -0.7740079
    ]
  },
  {
    "timeStamp": 3584,
    "rotation": [
      [
        0.966635764,
        -0.248872489,
        -0.0606453419
      ],
      [
        0.09188881,
        0.5578919,
        -0.8248109
      ],
      [
        0.2391063,
        0.7917191,
        0.562146842
      ]
    ],
    "translation": [
      1.10712814,
      1.45108116,
      -0.7689665
    ]
  },
  {
    "timeStamp": 3629,
    "rotation": [
      [
        0.9651983,
        -0.254617184,
        -0.0596864447
      ],
      [
        0.09375676,
        0.5499569,
        -0.8299139
      ],
      [
        0.2441353,
        0.7954354,
        0.5546895
      ]
    ],
    "translation": [
      1.10428715,
      1.44262886,
      -0.7634367
    ]
  },
  {
    "timeStamp": 3684,
    "rotation": [
      [
        0.964606643,
        -0.257136881,
        -0.05843516
      ],
      [
        0.09383483,
        0.541817248,
        -0.8352419
      ],
      [
        0.246432677,
        0.800196648,
        0.546768963
      ]
    ],
    "translation": [
      1.102355,
      1.4371,
      -0.7603235
    ]
  },
  {
    "timeStamp": 3729,
    "rotation": [
      [
        0.964551151,
        -0.257705361,
        -0.056823425
      ],
      [
        0.09292935,
        0.5332262,
        -0.8408531
      ],
      [
        0.2469921,
        0.8057653,
        0.5382724
      ]
    ],
    "translation": [
      1.100133,
      1.43149757,
      -0.7569812
    ]
  },
  {
    "timeStamp": 3784,
    "rotation": [
      [
        0.963713348,
        -0.260467261,
        -0.0584234074
      ],
      [
        0.09165615,
        0.5284359,
        -0.844011068
      ],
      [
        0.250710279,
        0.8080299,
        0.5331342
      ]
    ],
    "translation": [
      1.09815764,
      1.42762768,
      -0.754275739
    ]
  },
  {
    "timeStamp": 3828,
    "rotation": [
      [
        0.9629596,
        -0.262962639,
        -0.05966165
      ],
      [
        0.09131643,
        0.526212156,
        -0.845436037
      ],
      [
        0.253712773,
        0.8086726,
        0.5307338
      ]
    ],
    "translation": [
      1.096839,
      1.42512989,
      -0.752345145
    ]
  },
  {
    "timeStamp": 3883,
    "rotation": [
      [
        0.9621815,
        -0.265271544,
        -0.0619495474
      ],
      [
        0.08954561,
        0.5227744,
        -0.847754955
      ],
      [
        0.2572709,
        0.810146868,
        0.5267578
      ]
    ],
    "translation": [
      1.0954349,
      1.42203248,
      -0.750566244
    ]
  },
  {
    "timeStamp": 3928,
    "rotation": [
      [
        0.960939467,
        -0.269596457,
        -0.0625547245
      ],
      [
        0.09019009,
        0.5187347,
        -0.8501647
      ],
      [
        0.2616507,
        0.811315,
        0.5227876
      ]
    ],
    "translation": [
      1.09443521,
      1.41943443,
      -0.7492252
    ]
  },
  {
    "timeStamp": 3983,
    "rotation": [
      [
        0.9595258,
        -0.274537623,
        -0.06276397
      ],
      [
        0.09079695,
        0.512544751,
        -0.8538465
      ],
      [
        0.2665823,
        0.813589,
        0.5167271
      ]
    ],
    "translation": [
      1.09332752,
      1.41603851,
      -0.7478741
    ]
  },
  {
    "timeStamp": 4028,
    "rotation": [
      [
        0.958882749,
        -0.276580781,
        -0.06361614
      ],
      [
        0.08935779,
        0.506985366,
        -0.857310355
      ],
      [
        0.269368023,
        0.8163755,
        0.5108542
      ]
    ],
    "translation": [
      1.09272122,
      1.41335368,
      -0.746864736
    ]
  },
  {
    "timeStamp": 4083,
    "rotation": [
      [
        0.9591482,
        -0.2751114,
        -0.06594138
      ],
      [
        0.08526566,
        0.5033685,
        -0.859854639
      ],
      [
        0.269748628,
        0.8191055,
        0.506262541
      ]
    ],
    "translation": [
      1.092195,
      1.4107039,
      -0.7455415
    ]
  },
  {
    "timeStamp": 4128,
    "rotation": [
      [
        0.959044337,
        -0.275425076,
        -0.06614303
      ],
      [
        0.08454723,
        0.501210451,
        -0.861185133
      ],
      [
        0.270343572,
        0.8203225,
        0.5039695
      ]
    ],
    "translation": [
      1.09184,
      1.40888059,
      -0.744449258
    ]
  },
  {
    "timeStamp": 4184,
    "rotation": [
      [
        0.9588306,
        -0.275988638,
        -0.06688988
      ],
      [
        0.08367939,
        0.4996738,
        -0.8621623
      ],
      [
        0.271370143,
        0.821070254,
        0.502197
      ]
    ],
    "translation": [
      1.0913589,
      1.40711844,
      -0.7433096
    ]
  },
  {
    "timeStamp": 4229,
    "rotation": [
      [
        0.958388567,
        -0.277210623,
        -0.0681590438
      ],
      [
        0.08170808,
        0.495155931,
        -0.8649534
      ],
      [
        0.273523629,
        0.823392332,
        0.4972021
      ]
    ],
    "translation": [
      1.09136176,
      1.40516257,
      -0.741975963
    ]
  },
  {
    "timeStamp": 4284,
    "rotation": [
      [
        0.958495855,
        -0.276677519,
        -0.0688130558
      ],
      [
        0.0793053061,
        0.490567148,
        -0.8677872
      ],
      [
        0.273854643,
        0.8263132,
        0.492148548
      ]
    ],
    "translation": [
      1.091686,
      1.40470862,
      -0.7413301
    ]
  },
  {
    "timeStamp": 4329,
    "rotation": [
      [
        0.9603201,
        -0.2707574,
        -0.06690074
      ],
      [
        0.07986908,
        0.4968065,
        -0.86417836
      ],
      [
        0.267219424,
        0.824544549,
        0.498718441
      ]
    ],
    "translation": [
      1.09319949,
      1.405561,
      -0.7412406
    ]
  },
  {
    "timeStamp": 4384,
    "rotation": [
      [
        0.9645376,
        -0.258044839,
        -0.0554975942
      ],
      [
        0.08278905,
        0.495424539,
        -0.864696741
      ],
      [
        0.2506254,
        0.829438,
        0.4992189
      ]
    ],
    "translation": [
      1.09621215,
      1.40988564,
      -0.741105
    ]
  },
  {
    "timeStamp": 4429,
    "rotation": [
      [
        0.9705241,
        -0.2387668,
        -0.0327636562
      ],
      [
        0.09476328,
        0.503065169,
        -0.859037459
      ],
      [
        0.221591875,
        0.8306117,
        0.5108631
      ]
    ],
    "translation": [
      1.10209322,
      1.41755986,
      -0.7419041
    ]
  },
  {
    "timeStamp": 4484,
    "rotation": [
      [
        0.9750094,
        -0.221889928,
        -0.0110244751
      ],
      [
        0.107666366,
        0.5153397,
        -0.8501958
      ],
      [
        0.194331229,
        0.827761948,
        0.5263511
      ]
    ],
    "translation": [
      1.10929823,
      1.42777228,
      -0.743629158
    ]
  },
  {
    "timeStamp": 4529,
    "rotation": [
      [
        0.9806629,
        -0.194932312,
        0.0173707735
      ],
      [
        0.120660931,
        0.5323546,
        -0.837878
      ],
      [
        0.154082075,
        0.8237718,
        0.5455811
      ]
    ],
    "translation": [
      1.12070775,
      1.44320822,
      -0.7478422
    ]
  },
  {
    "timeStamp": 4584,
    "rotation": [
      [
        0.984734535,
        -0.170195922,
        0.036485672
      ],
      [
        0.12546505,
        0.548741043,
        -0.8265239
      ],
      [
        0.120649815,
        0.8184843,
        0.5617179
      ]
    ],
    "translation": [
      1.13258648,
      1.45875239,
      -0.754474461
    ]
  },
  {
    "timeStamp": 4629,
    "rotation": [
      [
        0.989098966,
        -0.135909051,
        0.05667372
      ],
      [
        0.124796294,
        0.5694002,
        -0.812532663
      ],
      [
        0.07816052,
        0.810747862,
        0.580154061
      ]
    ],
    "translation": [
      1.150224,
      1.47962523,
      -0.7662716
    ]
  },
  {
    "timeStamp": 4684,
    "rotation": [
      [
        0.9917334,
        -0.110227279,
        0.06568701
      ],
      [
        0.11830239,
        0.587201536,
        -0.800748944
      ],
      [
        0.0496928655,
        0.8019004,
        0.5953875
      ]
    ],
    "translation": [
      1.16681957,
      1.49759293,
      -0.780164838
    ]
  },
  {
    "timeStamp": 4729,
    "rotation": [
      [
        0.99390924,
        -0.0802949145,
        0.07548011
      ],
      [
        0.10893783,
        0.6124148,
        -0.7829947
      ],
      [
        0.016645357,
        0.7864483,
        0.6174318
      ]
    ],
    "translation": [
      1.189964,
      1.51996744,
      -0.8012021
    ]
  },
  {
    "timeStamp": 4784,
    "rotation": [
      [
        0.9949638,
        -0.0609160922,
        0.07960015
      ],
      [
        0.100179583,
        0.630626857,
        -0.7695933
      ],
      [
        -0.00331737334,
        0.773691833,
        0.633553445
      ]
    ],
    "translation": [
      1.21098423,
      1.53751826,
      -0.8214898
    ]
  },
  {
    "timeStamp": 4828,
    "rotation": [
      [
        0.9955395,
        -0.032504756,
        0.0885691047
      ],
      [
        0.08879697,
        0.6400109,
        -0.7632176
      ],
      [
        -0.031876985,
        0.767677963,
        0.6400425
      ]
    ],
    "translation": [
      1.23972225,
      1.55675364,
      -0.849641
    ]
  },
  {
    "timeStamp": 4885,
    "rotation": [
      [
        0.995696843,
        -0.009891601,
        0.09214029
      ],
      [
        0.07686193,
        0.643588364,
        -0.7615026
      ],
      [
        -0.0517679378,
        0.765307844,
        0.6415792
      ]
    ],
    "translation": [
      1.2639091,
      1.57055306,
      -0.8730477
    ]
  },
  {
    "timeStamp": 4929,
    "rotation": [
      [
        0.994567454,
        0.0206766855,
        0.102019779
      ],
      [
        0.06402348,
        0.651265442,
        -0.756144345
      ],
      [
        -0.08207653,
        0.7585682,
        0.6464036
      ]
    ],
    "translation": [
      1.29437041,
      1.58575749,
      -0.90260756
    ]
  },
  {
    "timeStamp": 4984,
    "rotation": [
      [
        0.9930242,
        0.034855213,
        0.112641878
      ],
      [
        0.06237513,
        0.6554124,
        -0.75269115
      ],
      [
        -0.100062095,
        0.754466534,
        0.6486662
      ]
    ],
    "translation": [
      1.31821108,
      1.59535623,
      -0.9257282
    ]
  },
  {
    "timeStamp": 5029,
    "rotation": [
      [
        0.990355551,
        0.0552096069,
        0.127073675
      ],
      [
        0.06042161,
        0.6532588,
        -0.7547199
      ],
      [
        -0.1246798,
        0.7551191,
        0.643622637
      ]
    ],
    "translation": [
      1.34624052,
      1.604974,
      -0.954539061
    ]
  },
  {
    "timeStamp": 5084,
    "rotation": [
      [
        0.9880662,
        0.06540496,
        0.139453843
      ],
      [
        0.06366663,
        0.65098834,
        -0.7564131
      ],
      [
        -0.140255988,
        0.7562648,
        0.6390555
      ]
    ],
    "translation": [
      1.36670518,
      1.61044621,
      -0.975562453
    ]
  },
  {
    "timeStamp": 5128,
    "rotation": [
      [
        0.985257268,
        0.07656727,
        0.152988359
      ],
      [
        0.06815595,
        0.6445541,
        -0.7615148
      ],
      [
        -0.15691638,
        0.760715067,
        0.6298331
      ]
    ],
    "translation": [
      1.39001155,
      1.61538339,
      -0.999890745
    ]
  },
  {
    "timeStamp": 5184,
    "rotation": [
      [
        0.9824265,
        0.0874321163,
        0.1649054
      ],
      [
        0.07194743,
        0.637834966,
        -0.7668052
      ],
      [
        -0.172225833,
        0.765194237,
        0.6203354
      ]
    ],
    "translation": [
      1.4065814,
      1.61802483,
      -1.01734281
    ]
  },
  {
    "timeStamp": 5229,
    "rotation": [
      [
        0.9787256,
        0.100574858,
        0.178831711
      ],
      [
        0.07552774,
        0.633797944,
        -0.7698024
      ],
      [
        -0.190765932,
        0.7669321,
        0.6127181
      ]
    ],
    "translation": [
      1.42554736,
      1.62156749,
      -1.03665614
    ]
  },
  {
    "timeStamp": 5284,
    "rotation": [
      [
        0.974507153,
        0.114609458,
        0.192874148
      ],
      [
        0.07638314,
        0.6388384,
        -0.765539765
      ],
      [
        -0.210953519,
        0.7607563,
        0.6137983
      ]
    ],
    "translation": [
      1.44157147,
      1.62474155,
      -1.05230892
    ]
  },
  {
    "timeStamp": 5328,
    "rotation": [
      [
        0.971696734,
        0.123350106,
        0.201470181
      ],
      [
        0.0775084049,
        0.6391649,
        -0.765154
      ],
      [
