[
  {
    "timeStamp": 63787,
    "rotation": [
      [
        -0.138574108,
        0.9900895,
        -0.0228046346
      ],
      [
        0.0245144367,
        0.02644899,
        0.999349535
      ],
      [
        0.9900486,
        0.137924924,
        -0.0279366318
      ]
    ],
    "translation": [
      1.30806971,
      0.6997315,
      -0.5693068
    ]
  },
  {
    "timeStamp": 63832,
    "rotation": [
      [
        -0.131514609,
        0.990984,
        -0.0255836975
      ],
      [
        0.0275290441,
        0.0294488817,
        0.9991871
      ],
      [
        0.990931869,
        0.1307034,
        -0.0311538018
      ]
    ],
    "translation": [
      1.30798268,
      0.7000423,
      -0.5673474
    ]
  },
  {
    "timeStamp": 63887,
    "rotation": [
      [
        -0.146777809,
        0.988448262,
        -0.037767075
      ],
      [
        0.0246265326,
        0.0418202952,
        0.9988216
      ],
      [
        0.9888629,
        0.14567478,
        -0.0304803438
      ]
    ],
    "translation": [
      1.30967808,
      0.7001663,
      -0.5704272
    ]
  },
  {
    "timeStamp": 63932,
    "rotation": [
      [
        -0.132529408,
        0.98988694,
        -0.0505950935
      ],
      [
        0.01251415,
        0.0527123623,
        0.998531342
      ],
      [
        0.9911001,
        0.131701618,
        -0.0193735324
      ]
    ],
    "translation": [
      1.311487,
      0.6992138,
      -0.5684309
    ]
  },
  {
    "timeStamp": 63987,
    "rotation": [
      [
        -0.147630379,
        0.9873479,
        -0.057874985
      ],
      [
        0.0215611085,
        0.06171509,
        0.9978609
      ],
      [
        0.9888076,
        0.14606674,
        -0.0303993355
      ]
    ],
    "translation": [
      1.31317723,
      0.7018478,
      -0.5697513
    ]
  },
  {
    "timeStamp": 64032,
    "rotation": [
      [
        -0.151148111,
        0.9869138,
        -0.0561734438
      ],
      [
        0.0251097977,
        0.06064118,
        0.997843742
      ],
      [
        0.9881922,
        0.1494117,
        -0.0339470059
      ]
    ],
    "translation": [
      1.31430674,
      0.7079171,
      -0.570183635
    ]
  },
  {
    "timeStamp": 64087,
    "rotation": [
      [
        -0.1372767,
        0.9897047,
        -0.04049319
      ],
      [
        0.0268570688,
        0.0445841625,
        0.998644531
      ],
      [
        0.9901686,
        0.136003062,
        -0.0327009335
      ]
    ],
    "translation": [
      1.31642759,
      0.7225004,
      -0.5668533
    ]
  },
  {
    "timeStamp": 64132,
    "rotation": [
      [
        -0.126000524,
        0.99147886,
        -0.03306947
      ],
      [
        0.02816757,
        0.0368973538,
        0.998922
      ],
      [
        0.9916302,
        0.124933191,
        -0.0325766355
      ]
    ],
    "translation": [
      1.32115591,
      0.7375862,
      -0.564689636
    ]
  },
  {
    "timeStamp": 64187,
    "rotation": [
      [
        -0.1161889,
        0.9931601,
        0.0115391975
      ],
      [
        0.0240507349,
        -0.008801183,
        0.999672
      ],
      [
        0.9929359,
        0.116428316,
        -0.0228636321
      ]
    ],
    "translation": [
      1.32770026,
      0.7692037,
      -0.565646052
    ]
  },
  {
    "timeStamp": 64232,
    "rotation": [
      [
        -0.07973058,
        0.9961805,
        0.0356009826
      ],
      [
        0.0211425982,
        -0.03401663,
        0.9991976
      ],
      [
        0.996592164,
        0.0804193,
        -0.01834968
      ]
    ],
    "translation": [
      1.3406173,
      0.7949302,
      -0.5604344
    ]
  },
  {
    "timeStamp": 64287,
    "rotation": [
      [
        -0.06279076,
        0.99684453,
        0.04856191
      ],
      [
        0.0269867778,
        -0.0469442755,
        0.9985329
      ],
      [
        0.997661769,
        0.0640091747,
        -0.0239539538
      ]
    ],
    "translation": [
      1.36338,
      0.826872647,
      -0.5592811
    ]
  },
  {
    "timeStamp": 64332,
    "rotation": [
      [
        -0.0413238145,
        0.9967657,
        0.06892344
      ],
      [
        0.035793487,
        -0.06746122,
        0.9970796
      ],
      [
        0.99850446,
        0.04367017,
        -0.0328899659
      ]
    ],
    "translation": [
      1.38662589,
      0.8564814,
      -0.5576115
    ]
  },
  {
    "timeStamp": 64387,
    "rotation": [
      [
        -0.0123132085,
        0.9978311,
        0.06466471
      ],
      [
        0.07323933,
        -0.06359591,
        0.9952847
      ],
      [
        0.9972384,
        0.0169911329,
        -0.07229741
      ]
    ],
    "translation": [
      1.42497039,
      0.8891067,
      -0.550463855
    ]
  },
  {
    "timeStamp": 64432,
    "rotation": [
      [
        0.0275492053,
        0.99719584,
        0.06958088
      ],
      [
        0.0949823856,
        -0.0719037,
        0.992878735
      ],
      [
        0.9950977,
        -0.0207440518,
        -0.09669693
      ]
    ],
    "translation": [
      1.4610672,
      0.9163906,
      -0.542578459
    ]
  },
  {
    "timeStamp": 64487,
    "rotation": [
      [
        0.0783805251,
        0.9949223,
        0.06313593
      ],
      [
        0.09985114,
        -0.07084708,
        0.99247694
      ],
      [
        0.991910458,
        -0.07148669,
        -0.104897156
      ]
    ],
    "translation": [
      1.51317263,
      0.9467623,
      -0.5372085
    ]
  },
  {
    "timeStamp": 64532,
    "rotation": [
      [
        0.128210455,
        0.989312053,
        0.06945344
      ],
      [
        0.09337522,
        -0.081761986,
        0.992268145
      ],
      [
        0.987341464,
        -0.120733932,
        -0.102859974
      ]
    ],
    "translation": [
      1.55760729,
      0.972012043,
      -0.5355087
    ]
  },
  {
    "timeStamp": 64587,
    "rotation": [
      [
        0.200564742,
        0.975536048,
        0.09001725
      ],
      [
        0.077075094,
        -0.107311919,
        0.991233349
      ],
      [
        0.9766438,
        -0.19186835,
        -0.09671252
      ]
    ],
    "translation": [
      1.61577463,
      1.00251675,
      -0.5351212
    ]
  },
  {
    "timeStamp": 64631,
    "rotation": [
      [
        0.2632053,
        0.9606621,
        0.08860753
      ],
      [
        0.0877077952,
        -0.115293428,
        0.989451766
      ],
      [
        0.9607447,
        -0.252657384,
        -0.114603393
      ]
    ],
    "translation": [
      1.66693652,
      1.0227313,
      -0.5356041
    ]
  },
  {
    "timeStamp": 64687,
    "rotation": [
      [
        0.342338622,
        0.9362255,
        0.07928451
      ],
      [
        0.0966457054,
        -0.119023308,
        0.988176644
      ],
      [
        0.934592843,
        -0.3306285,
        -0.131228447
      ]
    ],
    "translation": [
      1.73078787,
      1.04089046,
      -0.5375899
    ]
  },
  {
    "timeStamp": 64731,
    "rotation": [
      [
        0.384710521,
        0.9220467,
        0.042750746
      ],
      [
        0.116516627,
        -0.09445539,
        0.988687038
      ],
      [
        0.915653646,
        -0.375377148,
        -0.143771753
      ]
    ],
    "translation": [
      1.77959323,
      1.04631567,
      -0.5454494
    ]
  },
  {
    "timeStamp": 64787,
    "rotation": [
      [
        0.44519937,
        0.8940951,
        0.0489025451
      ],
      [
        0.107919976,
        -0.107791916,
        0.988298655
      ],
      [
        0.8889043,
        -0.4347124,
        -0.144479617
      ]
    ],
    "translation": [
      1.83211517,
      1.05572557,
      -0.555799961
    ]
  },
  {
    "timeStamp": 64831,
    "rotation": [
      [
        0.4644136,
        0.8855534,
        0.0107299546
      ],
      [
        0.130925134,
        -0.08063406,
        0.9881077
      ],
      [
        0.875887334,
        -0.457485825,
        -0.153388754
      ]
    ],
    "translation": [
      1.87029731,
      1.053482,
      -0.566923261
    ]
  },
  {
    "timeStamp": 64887,
    "rotation": [
      [
        0.522134244,
        0.8525432,
        0.0233664
      ],
      [
        0.107032977,
        -0.09268339,
        0.9899261
      ],
      [
        0.8461204,
        -0.514373362,
        -0.1396434
      ]
    ],
    "translation": [
      1.91288793,
      1.05055654,
      -0.5768099
    ]
  },
  {
    "timeStamp": 64932,
    "rotation": [
      [
        0.5400973,
        0.841600657,
        -0.00179887738
      ],
      [
        0.110977761,
        -0.06910089,
        0.991417646
      ],
      [
        0.83425343,
        -0.535661638,
        -0.130720168
      ]
    ],
    "translation": [
      1.94340456,
      1.03910625,
      -0.5865919
    ]
  },
  {
    "timeStamp": 64987,
    "rotation": [
      [
        0.5750265,
        0.818102837,
        0.007226107
      ],
      [
        0.08901441,
        -0.07134138,
        0.9934721
      ],
      [
        0.8132779,
        -0.5706296,
        -0.113846131
      ]
    ],
    "translation": [
      1.97645366,
      1.02506244,
      -0.597152531
    ]
  },
  {
    "timeStamp": 65031,
    "rotation": [
      [
        0.5706743,
        0.8211765,
        3.09983734E-05
      ],
      [
        0.074093245,
        -0.0515284836,
        0.995919168
      ],
      [
        0.817827046,
        -0.568343163,
        -0.0902496055
      ]
    ],
    "translation": [
      1.99425161,
      1.00754774,
      -0.6112403
    ]
  },
  {
    "timeStamp": 65087,
    "rotation": [
      [
        0.575977,
        0.817261755,
        0.0182685871
      ],
      [
        0.0401367173,
        -0.05059368,
        0.997912467
      ],
      [
        0.81648,
        -0.5740414,
        -0.061943002
      ]
    ],
    "translation": [
      2.01428747,
      0.9866809,
      -0.6244448
    ]
  },
  {
    "timeStamp": 65131,
    "rotation": [
      [
        0.555121541,
        0.8314463,
        0.0231765024
      ],
      [
        0.0234989971,
        -0.0435300879,
        0.9987757
      ],
      [
        0.8314373,
        -0.5538973,
        -0.0437026434
      ]
    ],
    "translation": [
      2.02320766,
      0.96952343,
      -0.637053549
    ]
  },
  {
    "timeStamp": 65187,
    "rotation": [
      [
        0.543931246,
        0.8384768,
        0.0330997743
      ],
      [
        -0.00217651529,
        -0.0380354859,
        0.999274
      ],
      [
        0.839127,
        -0.5436084,
        -0.018863732
      ]
    ],
    "translation": [
      2.036135,
      0.9481413,
      -0.6466741
    ]
  },
  {
    "timeStamp": 65231,
    "rotation": [
      [
        0.5135111,
        0.8561936,
        0.0569100864
      ],
      [
        -0.0273908861,
        -0.04993285,
        0.9983769
      ],
      [
        0.857645631,
        -0.51423645,
        -0.00218917243
      ]
    ],
    "translation": [
      2.03739643,
      0.93571645,
      -0.6561577
    ]
  },
  {
    "timeStamp": 65287,
    "rotation": [
      [
        0.4749886,
        0.8789798,
        0.04219504
      ],
      [
        -0.0189111158,
        -0.0377424657,
        0.999108553
      ],
      [
        0.879788756,
        -0.475363135,
        -0.00130475243
      ]
    ],
    "translation": [
      2.044799,
      0.9163734,
      -0.6626684
    ]
  },
  {
    "timeStamp": 65331,
    "rotation": [
      [
        0.447069526,
        0.8913171,
        0.07538368
      ],
      [
        -0.055905737,
        -0.056267757,
        0.9968493
      ],
      [
        0.892750442,
        -0.449875325,
        0.0246741381
      ]
    ],
    "translation": [
      2.04329252,
      0.904836655,
      -0.669943869
    ]
  },
  {
    "timeStamp": 65387,
    "rotation": [
      [
        0.394582838,
        0.9175775,
        0.0485374741
      ],
      [
        -0.0299725346,
        -0.0399424247,
        0.998752356
      ],
      [
        0.9183714,
        -0.3955453,
        0.0117415292
      ]
    ],
    "translation": [
      2.04847336,
      0.884849131,
      -0.6747826
    ]
  },
  {
    "timeStamp": 65431,
    "rotation": [
      [
        0.374891073,
        0.9243057,
        0.07152363
      ],
      [
        -0.0617821328,
        -0.052069582,
        0.9967305
      ],
      [
        0.9250079,
        -0.378084272,
        0.0375851542
      ]
    ],
    "translation": [
      2.04818368,
      0.8730602,
      -0.6799178
    ]
  },
  {
    "timeStamp": 65487,
    "rotation": [
      [
        0.319190085,
        0.9466322,
        0.0447789058
      ],
      [
        -0.0276383348,
        -0.0379320234,
        0.998898
      ],
      [
        0.9472876,
        -0.320075959,
        0.0140558118
      ]
    ],
    "translation": [
      2.05063725,
      0.8532951,
      -0.686325967
    ]
  },
  {
    "timeStamp": 65531,
    "rotation": [
      [
        0.322812021,
        0.943846464,
        0.0703289
      ],
      [
        -0.0628537461,
        -0.0527646542,
        0.996627
      ],
      [
        0.9443737,
        -0.3261436,
        0.042291224
      ]
    ],
    "translation": [
      2.05294561,
      0.843062162,
      -0.687203
    ]
  },
  {
    "timeStamp": 65587,
    "rotation": [
      [
        0.275331885,
        0.9598263,
        0.05409104
      ],
      [
        -0.0400156379,
        -0.0447746031,
        0.99819535
      ],
      [
        0.960516036,
        -0.276999533,
        0.0260801837
      ]
    ],
    "translation": [
      2.05279827,
      0.8306675,
      -0.69356
    ]
  },
  {
    "timeStamp": 65631,
    "rotation": [
      [
        0.257908523,
        0.964316845,
        0.0598012954
      ],
      [
        -0.0613448061,
        -0.0454264246,
        0.997082353
      ],
      [
        0.964219868,
        -0.260824561,
        0.0474399664
      ]
    ],
    "translation": [
      2.052602,
      0.820769846,
      -0.6992639
    ]
  },
  {
    "timeStamp": 65687,
    "rotation": [
      [
        0.229811355,
        0.971607745,
        0.0562596247
      ],
      [
        -0.056688223,
        -0.0443451852,
        0.9974066
      ],
      [
        0.97158283,
        -0.232404634,
        0.044887688
      ]
    ],
    "translation": [
      2.051395,
      0.811533749,
      -0.705539167
    ]
  },
  {
    "timeStamp": 65731,
    "rotation": [
      [
        0.212250173,
        0.975512445,
        0.05766551
      ],
      [
        -0.0605005957,
        -0.0457790568,
        0.9971178
      ],
      [
        0.9753407,
        -0.215127245,
        0.0493024737
      ]
    ],
    "translation": [
      2.04913688,
      0.8058184,
      -0.710333943
    ]
  },
  {
    "timeStamp": 65787,
    "rotation": [
      [
        0.19056955,
        0.9801802,
        0.05412938
      ],
      [
        -0.0516746268,
        -0.0450472571,
        0.997647464
      ],
      [
        0.9803127,
        -0.192918345,
        0.04206581
      ]
    ],
    "translation": [
      2.0465796,
      0.798629761,
      -0.7155908
    ]
  },
  {
    "timeStamp": 65831,
    "rotation": [
      [
        0.180388838,
        0.982047141,
        0.0551653281
      ],
      [
        -0.04338553,
        -0.04808653,
        0.9979005
      ],
      [
        0.982638061,
        -0.182403475,
        0.0339323655
      ]
    ],
    "translation": [
      2.04385328,
      0.7940797,
      -0.7179894
    ]
  },
  {
    "timeStamp": 65887,
    "rotation": [
      [
        0.167006224,
        0.9848908,
        0.04581515
      ],
      [
        -0.0330751762,
        -0.04084521,
        0.9986179
      ],
      [
        0.9854009,
        -0.168290749,
        0.0257540327
      ]
    ],
    "translation": [
      2.04170012,
      0.785700858,
      -0.721228361
    ]
  },
  {
    "timeStamp": 65931,
    "rotation": [
      [
        0.1742968,
        0.9835746,
        0.04692004
      ],
      [
        -0.0188147333,
        -0.04431416,
        0.998840451
      ],
      [
        0.984513342,
        -0.174977481,
        0.0107818777
      ]
    ],
    "translation": [
      2.04082441,
      0.781209469,
      -0.7197299
    ]
  },
  {
    "timeStamp": 65987,
    "rotation": [
      [
        0.177562609,
        0.983328164,
        0.0392078459
      ],
      [
        -0.0302260667,
        -0.0343727879,
        0.9989519
      ],
      [
        0.98364526,
        -0.178561583,
        0.0236188211
      ]
    ],
    "translation": [
      2.04098535,
      0.772310257,
      -0.722391546
    ]
  },
  {
    "timeStamp": 66031,
    "rotation": [
      [
        0.18450807,
        0.981944,
        0.04174617
      ],
      [
        -0.0317637622,
        -0.0364955738,
        0.9988289
      ],
      [
        0.982317567,
        -0.185618,
        0.02445651
      ]
    ],
    "translation": [
      2.04046917,
      0.768541336,
      -0.723271132
    ]
  },
  {
    "timeStamp": 66086,
    "rotation": [
      [
        0.181967109,
        0.98258847,
        0.0375211835
      ],
      [
        -0.0140993521,
        -0.0355470479,
        0.999268532
      ],
      [
        0.98320353,
        -0.182363033,
        0.007385467
      ]
    ],
    "translation": [
      2.03964567,
      0.7647761,
      -0.7238172
    ]
  },
  {
    "timeStamp": 66131,
    "rotation": [
      [
        0.182595447,
        0.9823242,
        0.0412073135
      ],
      [
        -0.023325514,
        -0.03757198,
        0.999021649
      ],
      [
        0.9829114,
        -0.183378,
        0.0160527434
      ]
    ],
    "translation": [
      2.037908,
      0.7621709,
      -0.725315332
    ]
  },
  {
    "timeStamp": 66186,
    "rotation": [
      [
        0.18168214,
        0.983008265,
        0.0261960644
      ],
      [
        0.00326299784,
        -0.0272419173,
        0.999623537
      ],
      [
        0.9833519,
        -0.18152827,
        -0.008156924
      ]
    ],
    "translation": [
      2.03687072,
      0.7579734,
      -0.7243857
    ]
  },
  {
    "timeStamp": 66231,
    "rotation": [
      [
        0.1823744,
        0.982827961,
        0.02808231
      ],
      [
        0.0026583334,
        -0.0290540829,
        0.9995743
      ],
      [
        0.9832255,
        -0.182222113,
        -0.00791140553
      ]
    ],
    "translation": [
      2.03474283,
      0.756459951,
      -0.724032462
    ]
  },
  {
    "timeStamp": 66286,
    "rotation": [
      [
        0.184932992,
        0.982439339,
        0.02475521
      ],
      [
        0.00325272,
        -0.0258014631,
        0.9996618
      ],
      [
        0.9827458,
        -0.184789926,
        -0.007967141
      ]
    ],
    "translation": [
      2.033275,
      0.752755463,
      -0.7238647
    ]
  },
  {
    "timeStamp": 66331,
    "rotation": [
      [
        0.184020832,
        0.9827026,
        0.0207834579
      ],
      [
        0.0182250738,
        -0.0245522223,
        0.9995324
      ],
      [
        0.9827534,
        -0.183556,
        -0.0224279463
      ]
    ],
    "translation": [
      2.03178549,
      0.75107646,
      -0.722725749
    ]
  },
  {
    "timeStamp": 66386,
    "rotation": [
      [
        0.19244954,
        0.981148243,
        0.0176433437
      ],
      [
        -1.61207627E-05,
        -0.0179762747,
        0.9998384
      ],
      [
        0.981306851,
        -0.192418724,
        -0.003443709
      ]
    ],
    "translation": [
      2.030898,
      0.7465998,
      -0.723241448
    ]
  },
  {
    "timeStamp": 66431,
    "rotation": [
      [
        0.188665152,
        0.981995,
        0.009553655
      ],
      [
        0.0145306261,
        -0.0125187207,
        0.99981606
      ],
      [
        0.981933951,
        -0.188491628,
        -0.0166308489
      ]
    ],
    "translation": [
      2.030142,
      0.7446009,
      -0.722675443
    ]
  },
  {
    "timeStamp": 66486,
    "rotation": [
      [
        0.185581818,
        0.982628,
        -0.00128452375
      ],
      [
        0.02162454,
        -0.00277714781,
        0.9997623
      ],
      [
        0.9823908,
        -0.185565487,
        -0.0217642672
      ]
    ],
    "translation": [
      2.03003573,
      0.7413312,
      -0.722110033
    ]
  },
  {
    "timeStamp": 66531,
    "rotation": [
      [
        0.194538414,
        0.980884254,
        -0.00456329342
      ],
      [
        0.0211598743,
        0.000454552064,
        0.999776
      ],
      [
        0.980666637,
        -0.1945914,
        -0.02066696
      ]
    ],
    "translation": [
      2.03098249,
      0.7390939,
      -0.719942033
    ]
  },
  {
    "timeStamp": 66586,
    "rotation": [
      [
        0.1901809,
        0.9816702,
        -0.012443875
      ],
      [
        0.0315358862,
        0.00656014029,
        0.9994811
      ],
      [
        0.9812424,
        -0.190474644,
        -0.0297102276
      ]
    ],
    "translation": [
      2.031111,
      0.737863541,
      -0.719138
    ]
  },
  {
    "timeStamp": 66630,
    "rotation": [
      [
        0.190423146,
        0.981557965,
        -0.0168241821
      ],
      [
        0.03244849,
        0.0108352154,
        0.9994147
      ],
      [
        0.9811657,
        -0.1908576,
        -0.0297867954
      ]
    ],
    "translation": [
      2.03160644,
      0.7363545,
      -0.717620432
    ]
  },
  {
    "timeStamp": 66686,
    "rotation": [
      [
        0.1973358,
        0.9801782,
        -0.0175890326
      ],
      [
        0.0289629456,
        0.012104881,
        0.9995072
      ],
      [
        0.979908049,
        -0.197747976,
        -0.02600012
      ]
    ],
    "translation": [
      2.03259516,
      0.7351155,
      -0.7156058
    ]
  },
  {
    "timeStamp": 66730,
    "rotation": [
      [
        0.195305869,
        0.9804723,
        -0.0230152737
      ],
      [
        0.0304832254,
        0.0173870753,
        0.999384046
      ],
      [
        0.980268538,
        -0.195887133,
        -0.02649216
      ]
    ],
    "translation": [
      2.03315759,
      0.73321116,
      -0.7155309
    ]
  },
  {
    "timeStamp": 66786,
    "rotation": [
      [
        0.198517442,
        0.9799074,
        -0.0192959756
      ],
      [
        0.030272793,
        0.0135478936,
        0.999449849
      ],
      [
        0.9796297,
        -0.198992372,
        -0.0269750413
      ]
    ],
    "translation": [
      2.03248048,
      0.733675063,
      -0.7142075
    ]
  },
  {
    "timeStamp": 66831,
    "rotation": [
      [
        0.193570763,
        0.980562031,
        -0.032069996
      ],
      [
        0.03710397,
        0.0253480747,
        0.9989899
      ],
      [
        0.9803844,
        -0.194565162,
        -0.0314761
      ]
    ],
    "translation": [
      2.03341985,
      0.731045961,
      -0.714259148
    ]
  },
  {
    "timeStamp": 66886,
    "rotation": [
      [
        0.194103643,
        0.980621636,
        -0.0265512578
      ],
      [
        0.0310460478,
        0.0209117346,
        0.999299169
      ],
      [
        0.9804896,
        -0.194791928,
        -0.0263853818
      ]
    ],
    "translation": [
      2.032748,
      0.7301945,
      -0.7140459
    ]
  },
  {
    "timeStamp": 66930,
    "rotation": [
      [
        0.195433512,
        0.980246961,
        -0.0303589441
      ],
      [
        0.0324885361,
        0.0244677886,
        0.999172568
      ],
      [
        0.980178654,
        -0.196258128,
        -0.0270649623
      ]
    ],
    "translation": [
      2.03297377,
      0.728525758,
      -0.7128179
    ]
  },
  {
    "timeStamp": 66986,
    "rotation": [
      [
        0.187261835,
        0.9816249,
        -0.036682032
      ],
      [
        0.0298274253,
        0.0316432454,
        0.9990541
      ],
      [
        0.9818571,
        -0.188178822,
        -0.0233537722
      ]
    ],
    "translation": [
      2.031826,
      0.7250679,
      -0.714788
    ]
  },
  {
    "timeStamp": 67030,
    "rotation": [
      [
        0.191397384,
        0.9806835,
        -0.0403351039
      ],
      [
        0.0300018042,
        0.0352301523,
        0.9989288
      ],
      [
        0.981053948,
        -0.1924025,
        -0.0226793159
      ]
    ],
    "translation": [
      2.03232813,
      0.7228558,
      -0.7140866
    ]
  },
  {
    "timeStamp": 67086,
    "rotation": [
      [
        0.189557031,
        0.9808738,
        -0.04421129
      ],
      [
        0.0328813344,
        0.0386608541,
        0.9987112
      ],
      [
        0.981318951,
        -0.190766484,
        -0.0249240063
      ]
    ],
    "translation": [
      2.03296185,
      0.720635653,
      -0.7150136
    ]
  },
  {
    "timeStamp": 67130,
    "rotation": [
      [
        0.209214583,
        0.977297664,
        -0.0334440656
      ],
      [
        0.016932616,
        0.0305752084,
        0.999389052
      ],
      [
        0.9777231,
        -0.209653035,
        -0.0101514272
      ]
    ],
    "translation": [
      2.03320336,
      0.7201543,
      -0.7142785
    ]
  }
]