[
  {
    "timeStamp": 30092,
    "rotation": [
      [
        -0.890026,
        0.455909878,
        6.951528E-05
      ],
      [
        0.455806762,
        0.8898279,
        -0.0211297031
      ],
      [
        -0.009695097,
        -0.018774299,
        -0.9997767
      ]
    ],
    "translation": [
      1.30796146,
      0.7294136,
      -0.6206059
    ]
  },
  {
    "timeStamp": 30147,
    "rotation": [
      [
        -0.892176449,
        0.451687068,
        9.853911E-05
      ],
      [
        0.451322824,
        0.8914657,
        -0.039958626
      ],
      [
        -0.01813664,
        -0.0356056727,
        -0.999201357
      ]
    ],
    "translation": [
      1.30782127,
      0.7300099,
      -0.6211585
    ]
  },
  {
    "timeStamp": 30192,
    "rotation": [
      [
        -0.894342542,
        0.447382838,
        -7.967692E-05
      ],
      [
        0.447147757,
        0.893866837,
        -0.03257366
      ],
      [
        -0.014501675,
        -0.0291676372,
        -0.99946934
      ]
    ],
    "translation": [
      1.30768549,
      0.7296128,
      -0.6209753
    ]
  },
  {
    "timeStamp": 30247,
    "rotation": [
      [
        -0.8958178,
        0.4444206,
        -0.000858525746
      ],
      [
        0.444263875,
        0.8954472,
        -0.0283527654
      ],
      [
        -0.0118317883,
        -0.0257803239,
        -0.9995976
      ]
    ],
    "translation": [
      1.3075515,
      0.7295904,
      -0.6208359
    ]
  },
  {
    "timeStamp": 30291,
    "rotation": [
      [
        -0.897521853,
        0.44096905,
        -0.0008958517
      ],
      [
        0.4407728,
        0.897058,
        -0.0317219719
      ],
      [
        -0.0131847765,
        -0.02886603,
        -0.999496341
      ]
    ],
    "translation": [
      1.30744421,
      0.7295544,
      -0.62095505
    ]
  },
  {
    "timeStamp": 30347,
    "rotation": [
      [
        -0.900657356,
        0.434528172,
        -0.00124028453
      ],
      [
        0.43429783,
        0.90007937,
        -0.03524847
      ],
      [
        -0.0142000979,
        -0.03228545,
        -0.9993778
      ]
    ],
    "translation": [
      1.30725276,
      0.729595661,
      -0.6210388
    ]
  },
  {
    "timeStamp": 30391,
    "rotation": [
      [
        -0.902469933,
        0.430751652,
        -0.0009685222
      ],
      [
        0.430558443,
        0.901993036,
        -0.03206077
      ],
      [
        -0.0129366294,
        -0.0293508861,
        -0.999485433
      ]
    ],
    "translation": [
      1.30709553,
      0.729551,
      -0.6209632
    ]
  },
  {
    "timeStamp": 30447,
    "rotation": [
      [
        -0.899702847,
        0.4361703,
        -0.0170382522
      ],
      [
        0.436482877,
        0.8993504,
        -0.0255271215
      ],
      [
        0.00418918626,
        -0.03040373,
        -0.999528944
      ]
    ],
    "translation": [
      1.30609715,
      0.7287695,
      -0.620308
    ]
  },
  {
    "timeStamp": 30491,
    "rotation": [
      [
        -0.870107353,
        0.492854655,
        -0.00273039844
      ],
      [
        0.492861658,
        0.870084465,
        -0.00635696156
      ],
      [
        -0.000757380854,
        -0.00687694736,
        -0.999976039
      ]
    ],
    "translation": [
      1.30805743,
      0.7370312,
      -0.619134963
    ]
  },
  {
    "timeStamp": 30547,
    "rotation": [
      [
        -0.9370616,
        0.349161983,
        -0.00120513269
      ],
      [
        0.348499835,
        0.9350606,
        -0.0648808554
      ],
      [
        -0.0215270557,
        -0.0612173453,
        -0.9978923
      ]
    ],
    "translation": [
      1.28754258,
      0.7356301,
      -0.622463048
    ]
  },
  {
    "timeStamp": 30591,
    "rotation": [
      [
        -0.8863193,
        0.460013151,
        -0.05315989
      ],
      [
        0.4542313,
        0.885973454,
        0.09340699
      ],
      [
        0.09006669,
        0.05864153,
        -0.9942078
      ]
    ],
    "translation": [
      1.29021621,
      0.7388137,
      -0.6165314
    ]
  },
  {
    "timeStamp": 30647,
    "rotation": [
      [
        -0.88731277,
        0.459786,
        -0.0356770568
      ],
      [
        0.458456963,
        0.887829065,
        0.03970801
      ],
      [
        0.0499323159,
        0.01887703,
        -0.998574138
      ]
    ],
    "translation": [
      1.28977036,
      0.7052642,
      -0.6209983
    ]
  },
  {
    "timeStamp": 30691,
    "rotation": [
      [
        -0.885923743,
        0.4629495,
        -0.0285814144
      ],
      [
        0.462615848,
        0.886381149,
        0.0177510642
      ],
      [
        0.03355187,
        0.00250387425,
        -0.9994339
      ]
    ],
    "translation": [
      1.29035366,
      0.723780751,
      -0.6190387
    ]
  },
  {
    "timeStamp": 30747,
    "rotation": [
      [
        -0.8794958,
        0.475312,
        -0.0237813424
      ],
      [
        0.47380662,
        0.879210234,
        0.0499653742
      ],
      [
        0.0446579419,
        0.0326765776,
        -0.998467743
      ]
    ],
    "translation": [
      1.29063964,
      0.728797138,
      -0.6162666
    ]
  },
  {
    "timeStamp": 30791,
    "rotation": [
      [
        -0.8756737,
        0.482079446,
        -0.02819393
      ],
      [
        0.481108159,
        0.8759599,
        0.0350601971
      ],
      [
        0.0415985547,
        0.0171369631,
        -0.9989874
      ]
    ],
    "translation": [
      1.29144061,
      0.736917555,
      -0.6151794
    ]
  },
  {
    "timeStamp": 30847,
    "rotation": [
      [
        -0.8974517,
        0.440294683,
        -0.0268511586
      ],
      [
        0.440917134,
        0.8972027,
        -0.0248876568
      ],
      [
        0.0131330295,
        -0.0341746062,
        -0.999329567
      ]
    ],
    "translation": [
      1.29429507,
      0.702692449,
      -0.6132971
    ]
  },
  {
    "timeStamp": 30891,
    "rotation": [
      [
        -0.888933063,
        0.4573275,
        -0.0254860874
      ],
      [
        0.4576422,
        0.8891008,
        -0.007966904
      ],
      [
        0.0190162156,
        -0.0187455527,
        -0.999643445
      ]
    ],
    "translation": [
      1.2960583,
      0.724033356,
      -0.6125422
    ]
  },
  {
    "timeStamp": 30947,
    "rotation": [
      [
        -0.8789251,
        0.47657454,
        -0.0191658437
      ],
      [
        0.476882517,
        0.8787962,
        -0.0173282325
      ],
      [
        0.008584676,
        -0.0243700743,
        -0.9996661
      ]
    ],
    "translation": [
      1.29852211,
      0.729491651,
      -0.6119976
    ]
  },
  {
    "timeStamp": 30991,
    "rotation": [
      [
        -0.8640951,
        0.5028058,
        -0.0229358971
      ],
      [
        0.5031788,
        0.8640524,
        -0.0149869677
      ],
      [
        0.0122822821,
        -0.0244910214,
        -0.9996246
      ]
    ],
    "translation": [
      1.30119169,
      0.732124567,
      -0.6111267
    ]
  },
  {
    "timeStamp": 31047,
    "rotation": [
      [
        -0.8824795,
        0.470194817,
        -0.0121178739
      ],
      [
        0.4699433,
        0.88249433,
        0.0188948028
      ],
      [
        0.0195781942,
        0.0109795621,
        -0.999748051
      ]
    ],
    "translation": [
      1.30452752,
      0.728715658,
      -0.6177461
    ]
  },
  {
    "timeStamp": 31091,
    "rotation": [
      [
        -0.878840566,
        0.47699818,
        -0.0105858278
      ],
      [
        0.4768744,
        0.878885448,
        0.0122985756
      ],
      [
        0.0151701281,
        0.005760377,
        -0.999868333
      ]
    ],
    "translation": [
      1.304724,
      0.72898674,
      -0.617922544
    ]
  },
  {
    "timeStamp": 31147,
    "rotation": [
      [
        -0.888149142,
        0.459203154,
        -0.0179867931
      ],
      [
        0.4595493,
        0.8876568,
        -0.0296608582
      ],
      [
        0.0023457408,
        -0.0346090831,
        -0.9993981
      ]
    ],
    "translation": [
      1.31658018,
      0.7300226,
      -0.6133045
    ]
  },
  {
    "timeStamp": 31191,
    "rotation": [
      [
        -0.884342849,
        0.466797024,
        -0.00618107524
      ],
      [
        0.466276973,
        0.8825539,
        -0.0606993139
      ],
      [
        -0.0228791274,
        -0.0565610975,
        -0.998136938
      ]
    ],
    "translation": [
      1.32163274,
      0.739269257,
      -0.6098126
    ]
  },
  {
    "timeStamp": 31246,
    "rotation": [
      [
        -0.8773896,
        0.479497164,
        -0.0164303649
      ],
      [
        0.4796102,
        0.87566,
        -0.05651175
      ],
      [
        -0.01270981,
        -0.05746299,
        -0.998266757
      ]
    ],
    "translation": [
      1.32859969,
      0.749681354,
      -0.6100337
    ]
  },
  {
    "timeStamp": 31291,
    "rotation": [
      [
        -0.8755092,
        0.4831977,
        -0.00192654657
      ],
      [
        0.482414871,
        0.8738495,
        -0.06052211
      ],
      [
        -0.02756063,
        -0.0539170578,
        -0.998165
      ]
    ],
    "translation": [
      1.335024,
      0.757043958,
      -0.612022042
    ]
  },
  {
    "timeStamp": 31346,
    "rotation": [
      [
        -0.8724444,
        0.4887048,
        -0.00289708981
      ],
      [
        0.487972826,
        0.8707808,
        -0.06019398
      ],
      [
        -0.0268943552,
        -0.0539296,
        -0.9981825
      ]
    ],
    "translation": [
      1.34332526,
      0.765466452,
      -0.611941636
    ]
  },
  {
    "timeStamp": 31391,
    "rotation": [
      [
        -0.870490253,
        0.492143124,
        0.00646212837
      ],
      [
        0.490813524,
        0.868968546,
        -0.06321134
      ],
      [
        -0.03672441,
        -0.0518531539,
        -0.9979792
      ]
    ],
    "translation": [
      1.34971547,
      0.770320058,
      -0.6120358
    ]
  },
  {
    "timeStamp": 31446,
    "rotation": [
      [
        -0.8690984,
        0.494636923,
        0.00150527083
      ],
      [
        0.4933696,
        0.8670816,
        -0.0689635351
      ],
      [
        -0.0354171023,
        -0.0591934435,
        -0.997618
      ]
    ],
    "translation": [
      1.35698617,
      0.7753787,
      -0.6090559
    ]
  },
  {
    "timeStamp": 31491,
    "rotation": [
      [
        -0.866974,
        0.498339176,
        -0.003760683
      ],
      [
        0.4973458,
        0.8647169,
        -0.07008448
      ],
      [
        -0.03167392,
        -0.0626317859,
        -0.997534
      ]
    ],
    "translation": [
      1.36302173,
      0.7805378,
      -0.605940461
    ]
  },
  {
    "timeStamp": 31546,
    "rotation": [
      [
        -0.858774662,
        0.512137,
        -0.0148925586
      ],
      [
        0.5118087,
        0.856159,
        -0.07101933
      ],
      [
        -0.0236212313,
        -0.06861174,
        -0.9973638
      ]
    ],
    "translation": [
      1.3685838,
      0.791237,
      -0.6012927
    ]
  },
  {
    "timeStamp": 31591,
    "rotation": [
      [
        -0.8544204,
        0.5191101,
        -0.0221464075
      ],
      [
        0.519143,
        0.851169944,
        -0.077462
      ],
      [
        -0.0213609487,
        -0.07768227,
        -0.9967493
      ]
    ],
    "translation": [
      1.37361455,
      0.8010314,
      -0.597305655
    ]
  },
  {
    "timeStamp": 31647,
    "rotation": [
      [
        -0.8471274,
        0.5301817,
        -0.0358131677
      ],
      [
        0.5311509,
        0.8428,
        -0.08698775
      ],
      [
        -0.0159359723,
        -0.0927119,
        -0.9955654
      ]
    ],
    "translation": [
      1.37996829,
      0.8137793,
      -0.59042424
    ]
  },
  {
    "timeStamp": 31691,
    "rotation": [
      [
        -0.8428112,
        0.5363445,
        -0.0447635129
      ],
      [
        0.538129747,
        0.838337839,
        -0.08721193
      ],
      [
        -0.009248693,
        -0.09759177,
        -0.9951836
      ]
    ],
    "translation": [
      1.386239,
      0.8237431,
      -0.5855458
    ]
  },
  {
    "timeStamp": 31746,
    "rotation": [
      [
        -0.836128831,
        0.5449259,
        -0.06280446
      ],
      [
        0.548531,
        0.830951035,
        -0.0929200053
      ],
      [
        0.00155291252,
        -0.112143286,
        -0.9936909
      ]
    ],
    "translation": [
      1.39624453,
      0.837958753,
      -0.57925117
    ]
  },
  {
    "timeStamp": 31791,
    "rotation": [
      [
        -0.818544149,
        0.565200567,
        -0.102634273
      ],
      [
        0.5731773,
        0.8154549,
        -0.08062945
      ],
      [
        0.03812181,
        -0.1248264,
        -0.991445959
      ]
    ],
    "translation": [
      1.40627146,
      0.85437125,
      -0.5719542
    ]
  },
  {
    "timeStamp": 31846,
    "rotation": [
      [
        -0.8094471,
        0.57575196,
        -0.11534746
      ],
      [
        0.5855756,
        0.806059241,
        -0.08584735
      ],
      [
        0.0435501,
        -0.137033537,
        -0.9896086
      ]
    ],
    "translation": [
      1.42110026,
      0.8730702,
      -0.568712354
    ]
  },
  {
    "timeStamp": 31891,
    "rotation": [
      [
        -0.79859364,
        0.5874309,
        -0.131046385
      ],
      [
        0.5996066,
        0.795369864,
        -0.08864932
      ],
      [
        0.052155,
        -0.149371058,
        -0.9874047
      ]
    ],
    "translation": [
      1.43494546,
      0.889704168,
      -0.565944135
    ]
  },
  {
    "timeStamp": 31946,
    "rotation": [
      [
        -0.783656538,
        0.6023649,
        -0.151785746
      ],
      [
        0.6182446,
        0.7800781,
        -0.0961863548
      ],
      [
        0.0604654551,
        -0.16921778,
        -0.98372215
      ]
    ],
    "translation": [
      1.45476091,
      0.9122561,
      -0.5627712
    ]
  },
  {
    "timeStamp": 31991,
    "rotation": [
      [
        -0.767244935,
        0.616831839,
        -0.17565237
      ],
      [
        0.6362318,
        0.766561031,
        -0.08714014
      ],
      [
        0.08089744,
        -0.178613454,
        -0.980588
      ]
    ],
    "translation": [
      1.47347188,
      0.9299456,
      -0.5596268
    ]
  },
  {
    "timeStamp": 32046,
    "rotation": [
      [
        -0.7519812,
        0.629781842,
        -0.194676861
      ],
      [
        0.6534711,
        0.7510116,
        -0.09464142
      ],
      [
        0.0866011456,
        -0.19838427,
        -0.9762909
      ]
    ],
    "translation": [
      1.4999038,
      0.953086,
      -0.5572561
    ]
  },
  {
    "timeStamp": 32095,
    "rotation": [
      [
        -0.7389492,
        0.636338234,
        -0.221422151
      ],
      [
        0.6656856,
        0.7402697,
        -0.09414554
      ],
      [
        0.104003713,
        -0.2169663,
        -0.9706229
      ]
    ],
    "translation": [
      1.5257194,
      0.9708285,
      -0.5543984
    ]
  },
  {
    "timeStamp": 32146,
    "rotation": [
      [
        -0.7261118,
        0.6450166,
        -0.238149375
      ],
      [
        0.6792582,
        0.7266394,
        -0.102972925
      ],
      [
        0.106629469,
        -0.236534774,
        -0.96575433
      ]
    ],
    "translation": [
      1.56132627,
      0.992671967,
      -0.5545564
    ]
  },
  {
    "timeStamp": 32191,
    "rotation": [
      [
        -0.7229075,
        0.6451412,
        -0.247381568
      ],
      [
        0.6828643,
        0.721687555,
        -0.113417387
      ],
      [
        0.105361968,
        -0.250918329,
        -0.962257147
      ]
    ],
    "translation": [
      1.59220684,
      1.00671208,
      -0.555916
    ]
  },
  {
    "timeStamp": 32246,
    "rotation": [
      [
        -0.724416256,
        0.6324455,
        -0.274287879
      ],
      [
        0.6799276,
        0.7211131,
        -0.133020282
      ],
      [
        0.113664515,
        -0.282857955,
        -0.9524031
      ]
    ],
    "translation": [
      1.636546,
      1.01831567,
      -0.5538333
    ]
  },
  {
    "timeStamp": 32291,
    "rotation": [
      [
        -0.7266106,
        0.62272644,
        -0.29025653
      ],
      [
        0.674853146,
        0.726141751,
        -0.131496772
      ],
      [
        0.128880873,
        -0.2914275,
        -0.9478712
      ]
    ],
    "translation": [
      1.67552483,
      1.02517307,
      -0.555253744
    ]
  },
  {
    "timeStamp": 32346,
    "rotation": [
      [
        -0.7241349,
        0.606703937,
        -0.327931374
      ],
      [
        0.6699652,
        0.731662,
        -0.125767291
      ],
      [
        0.1636314,
        -0.3107751,
        -0.93629247
      ]
    ],
    "translation": [
      1.72728944,
      1.033552,
      -0.5564338
    ]
  },
  {
    "timeStamp": 32391,
    "rotation": [
      [
        -0.747172058,
        0.5632198,
        -0.352870047
      ],
      [
        0.642071366,
        0.7488284,
        -0.164317727
      ],
      [
        0.171692118,
        -0.349341363,
        -0.921131
      ]
    ],
    "translation": [
      1.771627,
      1.0365442,
      -0.556301
    ]
  },
  {
    "timeStamp": 32446,
    "rotation": [
      [
        -0.762249649,
        0.5295311,
        -0.372252941
      ],
      [
        0.6165946,
        0.76899904,
        -0.16867575
      ],
      [
        0.1969431,
        -0.358102173,
        -0.9126753
      ]
    ],
    "translation": [
      1.82487726,
      1.03695083,
      -0.5623657
    ]
  },
  {
    "timeStamp": 32491,
    "rotation": [
      [
        -0.7686448,
        0.497099161,
        -0.4025886
      ],
      [
        0.6023205,
        0.7743635,
        -0.193833262
      ],
      [
        0.215395555,
        -0.391476274,
        -0.894623458
      ]
    ],
    "translation": [
      1.86576,
      1.04021358,
      -0.565020144
    ]
  },
  {
    "timeStamp": 32546,
    "rotation": [
      [
        -0.788152158,
        0.454234451,
        -0.415315837
      ],
      [
        0.5624555,
        0.8055572,
        -0.18633692
      ],
      [
        0.249920025,
        -0.380458534,
        -0.89038825
      ]
    ],
    "translation": [
      1.91413248,
      1.032953,
      -0.572572768
    ]
  },
  {
    "timeStamp": 32591,
    "rotation": [
      [
        -0.807871461,
        0.414582163,
        -0.418885827
      ],
      [
        0.530647933,
        0.8209287,
        -0.2109236
      ],
      [
        0.256430238,
        -0.392680049,
        -0.883202
      ]
    ],
    "translation": [
      1.94970381,
      1.0251106,
      -0.577926457
    ]
  },
  {
    "timeStamp": 32646,
    "rotation": [
      [
        -0.8018886,
        0.394909739,
        -0.448353648
      ],
      [
        0.51188916,
        0.8411047,
        -0.174678236
      ],
      [
        0.3081302,
        -0.369579852,
        -0.8766222
      ]
    ],
    "translation": [
      1.99043584,
      1.01346529,
      -0.5825505
    ]
  },
  {
    "timeStamp": 32691,
    "rotation": [
      [
        -0.8245468,
        0.361907482,
        -0.4349086
      ],
      [
        0.479769081,
        0.854672253,
        -0.198386
      ],
      [
        0.2999069,
        -0.372234225,
        -0.8783493
      ]
    ],
    "translation": [
      2.017793,
      1.00368679,
      -0.587565064
    ]
  },
  {
    "timeStamp": 32746,
    "rotation": [
      [
        -0.8274638,
        0.3613337,
        -0.429815739
      ],
      [
        0.465001,
        0.870026,
        -0.163795322
      ],
      [
        0.314766079,
        -0.335399449,
        -0.8879356
      ]
    ],
    "translation": [
      2.04515338,
      0.988743544,
      -0.59587425
    ]
  },
  {
    "timeStamp": 32791,
    "rotation": [
      [
        -0.8466029,
        0.3340185,
        -0.41436106
      ],
      [
        0.436791182,
        0.880888641,
        -0.18234238
      ],
      [
        0.3041002,
        -0.335360825,
        -0.89165926
      ]
    ],
    "translation": [
      2.06719637,
      0.9765366,
      -0.5997001
    ]
  },
  {
    "timeStamp": 32846,
    "rotation": [
      [
        -0.85760057,
        0.337642074,
        -0.387967855
      ],
      [
        0.422750622,
        0.892392457,
        -0.157853127
      ],
      [
        0.292921752,
        -0.2993886,
        -0.90805465
      ]
    ],
    "translation": [
      2.08702636,
      0.9606729,
      -0.6063961
    ]
  },
  {
    "timeStamp": 32890,
    "rotation": [
      [
        -0.859957,
        0.330697447,
        -0.3887327
      ],
      [
        0.416101456,
        0.8953391,
        -0.158831477
      ],
      [
        0.295522422,
        -0.29834047,
        -0.907556832
      ]
    ],
    "translation": [
      2.104076,
      0.9468951,
      -0.6073435
    ]
  },
  {
    "timeStamp": 32946,
    "rotation": [
      [
        -0.8761876,
        0.3354047,
        -0.346119821
      ],
      [
        0.398108,
        0.9084377,
        -0.127479
      ],
      [
        0.271671265,
        -0.2494886,
        -0.9294892
      ]
    ],
    "translation": [
      2.11828279,
      0.926384449,
      -0.6133689
    ]
  },
  {
    "timeStamp": 32991,
    "rotation": [
      [
        -0.8822458,
        0.330730081,
        -0.335052133
      ],
      [
        0.386633456,
        0.9150588,
        -0.114812769
      ],
      [
        0.268620372,
        -0.230835438,
        -0.9351781
      ]
    ],
    "translation": [
      2.130215,
      0.910584569,
      -0.614599049
    ]
  },
  {
    "timeStamp": 33046,
    "rotation": [
      [
        -0.8968866,
        0.333907038,
        -0.2900009
      ],
      [
        0.375719458,
        0.921175063,
        -0.101347625
      ],
      [
        0.233300924,
        -0.199856311,
        -0.951644957
      ]
    ],
    "translation": [
      2.13886023,
      0.8930191,
      -0.6160352
    ]
  },
  {
    "timeStamp": 33091,
    "rotation": [
      [
        -0.9022793,
        0.337941766,
        -0.267745167
      ],
      [
        0.3693543,
        0.9262034,
        -0.07566121
      ],
      [
        0.222417414,
        -0.167160377,
        -0.960514367
      ]
    ],
    "translation": [
      2.14320374,
      0.8777255,
      -0.6185634
    ]
  },
  {
    "timeStamp": 33146,
    "rotation": [
      [
        -0.911023557,
        0.343109667,
        -0.228717625
      ],
      [
        0.365750462,
        0.928513646,
        -0.0639447048
      ],
      [
        0.1904274,
        -0.1419087,
        -0.971390367
      ]
    ],
    "translation": [
      2.14525032,
      0.861657858,
      -0.6181954
    ]
  },
  {
    "timeStamp": 33190,
    "rotation": [
      [
        -0.9232116,
        0.329530925,
        -0.19771117
      ],
      [
        0.346023232,
        0.9366335,
        -0.0546399429
      ],
      [
        0.167177364,
        -0.118856885,
        -0.9787363
      ]
    ],
    "translation": [
      2.1468246,
      0.84696573,
      -0.6195592
    ]
  },
  {
    "timeStamp": 33246,
    "rotation": [
      [
        -0.9212029,
        0.3452059,
        -0.179494128
      ],
      [
        0.3557224,
        0.9341387,
        -0.0290946066
      ],
      [
        0.157628775,
        -0.0906521156,
        -0.9833287
      ]
    ],
    "translation": [
      2.14466023,
      0.8336067,
      -0.6183204
    ]
  },
  {
    "timeStamp": 33290,
    "rotation": [
      [
        -0.932426035,
        0.330771685,
        -0.145505235
      ],
      [
        0.339068532,
        0.940081656,
        -0.0357647
      ],
      [
        0.124956846,
        -0.08268418,
        -0.9887108
      ]
    ],
    "translation": [
      2.144942,
      0.822417438,
      -0.616999149
    ]
  },
  {
    "timeStamp": 33346,
    "rotation": [
      [
        -0.9331081,
        0.3361747,
        -0.1276554
      ],
      [
        0.3411679,
        0.939813554,
        -0.0188396871
      ],
      [
        0.113638856,
        -0.06113139,
        -0.9916396
      ]
    ],
    "translation": [
      2.145662,
      0.8102263,
      -0.6148453
    ]
  },
  {
    "timeStamp": 33390,
    "rotation": [
      [
        -0.9368648,
        0.333601058,
        -0.10485509
      ],
      [
        0.337248176,
        0.941230059,
        -0.018698277
      ],
      [
        0.092455,
        -0.05287995,
        -0.9943117
      ]
    ],
    "translation": [
      2.144148,
      0.804187357,
      -0.614247859
    ]
  },
  {
    "timeStamp": 33446,
    "rotation": [
      [
        -0.9374156,
        0.3380711,
        -0.0834264159
      ],
      [
        0.339850843,
        0.940447748,
        -0.00771059562
      ],
      [
        0.0758514553,
        -0.03558057,
        -0.9964841
      ]
    ],
    "translation": [
      2.14196873,
      0.7975762,
      -0.6130794
    ]
  },
  {
    "timeStamp": 33490,
    "rotation": [
      [
        -0.9391058,
        0.335502863,
        -0.07428381
      ],
      [
        0.337433338,
        0.9412331,
        -0.0147973625
      ],
      [
        0.06495383,
        -0.0389621221,
        -0.997127354
      ]
    ],
    "translation": [
      2.14113736,
      0.7931477,
      -0.6095565
    ]
  },
  {
    "timeStamp": 33546,
    "rotation": [
      [
        -0.943371832,
        0.327102154,
        -0.0552613027
      ],
      [
        0.328341961,
        0.9444425,
        -0.0148270382
      ],
      [
        0.0473411679,
        -0.0321320146,
        -0.9983619
      ]
    ],
    "translation": [
      2.14000654,
      0.7874465,
      -0.6079849
    ]
  },
  {
    "timeStamp": 33590,
    "rotation": [
      [
        -0.943716049,
        0.327518284,
        -0.0461717844
      ],
      [
        0.3288523,
        0.9440539,
        -0.0248698462
      ],
      [
        0.0354433246,
        -0.03865377,
        -0.9986239
      ]
    ],
    "translation": [
      2.13835621,
      0.7841699,
      -0.604421437
    ]
  },
  {
    "timeStamp": 33646,
    "rotation": [
      [
        -0.9477428,
        0.3172312,
        -0.03388229
      ],
      [
        0.318090379,
        0.9477598,
        -0.0238727368
      ],
      [
        0.0245390963,
        -0.0334028453,
        -0.999140739
      ]
    ],
    "translation": [
      2.13734126,
      0.777538955,
      -0.602027059
    ]
  },
  {
    "timeStamp": 33690,
    "rotation": [
      [
        -0.9469644,
        0.319990426,
        -0.0294032339
      ],
      [
        0.320820332,
        0.9466654,
        -0.0299813077
      ],
      [
        0.0182412919,
        -0.0378243849,
        -0.9991179
      ]
    ],
    "translation": [
      2.13442874,
      0.7741764,
      -0.599301755
    ]
  },
  {
    "timeStamp": 33746,
    "rotation": [
      [
        -0.9488015,
        0.315355122,
        -0.0180776045
      ],
      [
        0.3157654,
        0.9484167,
        -0.02824773
      ],
      [
        0.008237035,
        -0.03250977,
        -0.999437451
      ]
    ],
    "translation": [
      2.13272142,
      0.7689482,
      -0.5987177
    ]
  },
  {
    "timeStamp": 33790,
    "rotation": [
      [
        -0.946301937,
        0.322800219,
        -0.0176810138
      ],
      [
        0.323192179,
        0.945921,
        -0.0279336963
      ],
      [
        0.00770783937,
        -0.0321480781,
        -0.999453366
      ]
    ],
    "translation": [
      2.13022685,
      0.767145038,
      -0.5973167
    ]
  },
  {
    "timeStamp": 33846,
    "rotation": [
      [
        -0.9476715,
        0.319134265,
        -0.008494907
      ],
      [
        0.319228739,
        0.9475677,
        -0.014438157
      ],
      [
        0.003441789,
        -0.0163944475,
        -0.9998597
      ]
    ],
    "translation": [
      2.12921786,
      0.7626611,
      -0.5997884
    ]
  },
  {
    "timeStamp": 33890,
    "rotation": [
      [
        -0.9496755,
        0.313235343,
        0.000393200316
      ],
      [
        0.313144863,
        0.94942987,
        -0.0228737481
      ],
      [
        -0.00753818266,
        -0.0215995088,
        -0.9997383
      ]
    ],
    "translation": [
      2.12987161,
      0.7583104,
      -0.600314736
    ]
  },
  {
    "timeStamp": 33945,
    "rotation": [
      [
        -0.945704758,
        0.3250224,
        -0.00174261036
      ],
      [
        0.325023979,
        0.9456588,
        -0.00943317
      ],
      [
        -0.0014180768,
        -0.009487384,
        -0.999954045
      ]
    ],
    "translation": [
      2.13025355,
      0.755667269,
      -0.5999243
    ]
  },
  {
    "timeStamp": 33990,
    "rotation": [
      [
        -0.944077,
        0.329725027,
        0.000184922246
      ],
      [
        0.329720438,
        0.9440606,
        0.00583341764
      ],
      [
        0.00174884591,
        0.005568168,
        -0.999983
      ]
    ],
    "translation": [
      2.13021278,
      0.755084753,
      -0.5992949
    ]
  },
  {
    "timeStamp": 34046,
    "rotation": [
      [
        -0.9410519,
        0.33813864,
        0.009140962
      ],
      [
        0.338261157,
        0.940771639,
        0.0229794458
      ],
      [
        -0.0008293185,
        0.0247168839,
        -0.999694169
      ]
    ],
    "translation": [
      2.13022065,
      0.7543288,
      -0.598419845
    ]
  },
  {
    "timeStamp": 34090,
    "rotation": [
      [
        -0.9378877,
        0.346658468,
        0.0139441872
      ],
      [
        0.346934736,
        0.937314,
        0.0328456126
      ],
      [
        -0.00168387138,
        0.03564322,
        -0.9993632
      ]
    ],
    "translation": [
      2.12909937,
      0.7538046,
      -0.59739095
    ]
  },
  {
    "timeStamp": 34145,
    "rotation": [
      [
        -0.92857784,
        0.368302822,
        -0.04578518
      ],
      [
        0.3706484,
        0.9266029,
        -0.06345815
      ],
      [
        0.0190528613,
        -0.07589604,
        -0.996933758
      ]
    ],
    "translation": [
      2.12604976,
      0.7574704,
      -0.5839391
    ]
  },
  {
    "timeStamp": 34190,
    "rotation": [
      [
        -0.923482835,
        0.378964961,
        -0.0597072765
      ],
      [
        0.38209042,
        0.922518849,
        -0.0544597059
      ],
      [
        0.0344427675,
        -0.0731061846,
        -0.996729255
      ]
    ],
    "translation": [
      2.12461948,
      0.7591483,
      -0.583485663
    ]
  },
  {
    "timeStamp": 34245,
    "rotation": [
      [
        -0.9143272,
        0.399893641,
        -0.06395935
      ],
      [
        0.403711826,
        0.912503541,
        -0.06598455
      ],
      [
        0.0319763422,
        -0.08615261,
        -0.9957686
      ]
    ],
    "translation": [
      2.12163568,
      0.7633561,
      -0.5824628
    ]
  },
  {
    "timeStamp": 34290,
    "rotation": [
      [
        -0.9118221,
        0.404840618,
        -0.06844389
      ],
      [
        0.4086465,
        0.910999656,
        -0.0555675
      ],
      [
        0.039856378,
        -0.07863703,
        -0.996106267
      ]
    ],
    "translation": [
      2.121184,
      0.7634183,
      -0.583416641
    ]
  },
  {
    "timeStamp": 34345,
    "rotation": [
      [
        -0.9093927,
        0.4088385,
        -0.07652427
      ],
      [
        0.4138393,
        0.907819,
        -0.0678356
      ],
      [
        0.04173638,
        -0.09335795,
        -0.9947575
      ]
    ],
    "translation": [
      2.12197685,
      0.7606369,
      -0.5802252
    ]
  },
  {
    "timeStamp": 34390,
    "rotation": [
      [
        -0.9152246,
        0.396076918,
        -0.0740743056
      ],
      [
        0.4010565,
        0.913185537,
        -0.0724280253
      ],
      [
        0.0389565155,
        -0.0959958956,
        -0.994619131
      ]
    ],
    "translation": [
      2.122934,
      0.755035758,
      -0.579912961
    ]
  },
  {
    "timeStamp": 34445,
    "rotation": [
      [
        -0.904969454,
        0.416944623,
        -0.08477884
      ],
      [
        0.4226859,
        0.903789759,
        -0.06708702
      ],
      [
        0.04865068,
        -0.09654652,
        -0.9941388
      ]
    ],
    "translation": [
      2.12380862,
      0.752067745,
      -0.5790666
    ]
  }
]