[
  {
    "timeStamp": 75460,
    "rotation": [
      [
        -0.07685452,
        0.996700943,
        0.0260877088
      ],
      [
        -0.0465428,
        -0.02972298,
        0.998474
      ],
      [
        0.9959554,
        0.0755230561,
        0.0486736
      ]
    ],
    "translation": [
      1.30920887,
      0.70215863,
      -0.749740243
    ]
  },
  {
    "timeStamp": 75515,
    "rotation": [
      [
        -0.06988792,
        0.996753633,
        0.0399726555
      ],
      [
        -0.02743674,
        -0.04197613,
        0.9987418
      ],
      [
        0.9971774,
        0.06870325,
        0.030281296
      ]
    ],
    "translation": [
      1.30915284,
      0.7017694,
      -0.7498166
    ]
  },
  {
    "timeStamp": 75559,
    "rotation": [
      [
        -0.06185015,
        0.99602747,
        0.06406184
      ],
      [
        -0.05996505,
        -0.06777708,
        0.9958968
      ],
      [
        0.996282458,
        0.0577548966,
        0.06391886
      ]
    ],
    "translation": [
      1.30907512,
      0.7027207,
      -0.749819636
    ]
  },
  {
    "timeStamp": 75617,
    "rotation": [
      [
        -0.060342472,
        0.9949168,
        0.08061827
      ],
      [
        -0.102213308,
        -0.0864997655,
        0.9909946
      ],
      [
        0.9929306,
        0.05155881,
        0.106913351
      ]
    ],
    "translation": [
      1.309154,
      0.7038255,
      -0.7496666
    ]
  },
  {
    "timeStamp": 75659,
    "rotation": [
      [
        -0.06284888,
        0.9911719,
        0.116740234
      ],
      [
        -0.138523325,
        -0.124502681,
        0.9825021
      ],
      [
        0.9883629,
        0.04557792,
        0.145125285
      ]
    ],
    "translation": [
      1.30911708,
      0.7049709,
      -0.7495481
    ]
  },
  {
    "timeStamp": 75715,
    "rotation": [
      [
        0.004106749,
        0.9959908,
        0.08936116
      ],
      [
        -0.09299907,
        -0.0885942355,
        0.9917168
      ],
      [
        0.9956577,
        -0.0123832459,
        0.09226239
      ]
    ],
    "translation": [
      1.31498706,
      0.7209192,
      -0.7396343
    ]
  },
  {
    "timeStamp": 75759,
    "rotation": [
      [
        0.0217048042,
        0.9917108,
        0.126643777
      ],
      [
        -0.10757307,
        -0.123621613,
        0.9864815
      ],
      [
        0.993960261,
        -0.03503485,
        0.103998184
      ]
    ],
    "translation": [
      1.31985486,
      0.7422036,
      -0.734451354
    ]
  },
  {
    "timeStamp": 75815,
    "rotation": [
      [
        0.0468967259,
        0.9821245,
        0.182297036
      ],
      [
        -0.104343869,
        -0.176682919,
        0.9787214
      ],
      [
        0.993435,
        -0.06492039,
        0.09419282
      ]
    ],
    "translation": [
      1.33287477,
      0.776839137,
      -0.7247583
    ]
  },
  {
    "timeStamp": 75859,
    "rotation": [
      [
        0.05962004,
        0.970379531,
        0.234113425
      ],
      [
        -0.1253044,
        -0.225400284,
        0.966174662
      ],
      [
        0.9903254,
        -0.0869388357,
        0.108154438
      ]
    ],
    "translation": [
      1.34980857,
      0.8103137,
      -0.7185185
    ]
  },
  {
    "timeStamp": 75915,
    "rotation": [
      [
        0.0812934,
        0.9535332,
        0.290113539
      ],
      [
        -0.11668206,
        -0.2799705,
        0.9528913
      ],
      [
        0.9898367,
        -0.111314811,
        0.08850046
      ]
    ],
    "translation": [
      1.38135934,
      0.853926063,
      -0.7074278
    ]
  },
  {
    "timeStamp": 75959,
    "rotation": [
      [
        0.09618814,
        0.936812341,
        0.336348534
      ],
      [
        -0.126018852,
        -0.323734581,
        0.937718034
      ],
      [
        0.987353563,
        -0.132583633,
        0.0869165957
      ]
    ],
    "translation": [
      1.41413629,
      0.89099896,
      -0.6990339
    ]
  },
  {
    "timeStamp": 76015,
    "rotation": [
      [
        0.119724795,
        0.9155718,
        0.383919656
      ],
      [
        -0.09844485,
        -0.373847246,
        0.922251
      ],
      [
        0.9879143,
        -0.148211211,
        0.0453745462
      ]
    ],
    "translation": [
      1.4646529,
      0.9360733,
      -0.687207341
    ]
  },
  {
    "timeStamp": 76060,
    "rotation": [
      [
        0.157003,
        0.901496232,
        0.403304666
      ],
      [
        -0.100429744,
        -0.391678423,
        0.9146048
      ],
      [
        0.9824785,
        -0.184099481,
        0.0290423483
      ]
    ],
    "translation": [
      1.51256275,
      0.966122568,
      -0.677991033
    ]
  },
  {
    "timeStamp": 76115,
    "rotation": [
      [
        0.215043277,
        0.8851672,
        0.412596047
      ],
      [
        -0.0840609446,
        -0.404135436,
        0.910828352
      ],
      [
        0.9729801,
        -0.230550736,
        -0.0124986218
      ]
    ],
    "translation": [
      1.5785836,
      0.996129632,
      -0.6676836
    ]
  },
  {
    "timeStamp": 76160,
    "rotation": [
      [
        0.2555666,
        0.8826813,
        0.394410163
      ],
      [
        -0.056724757,
        -0.393564671,
        0.91754514
      ],
      [
        0.9651259,
        -0.256866723,
        -0.0505121
      ]
    ],
    "translation": [
      1.63579047,
      1.01119626,
      -0.661128
    ]
  },
  {
    "timeStamp": 76215,
    "rotation": [
      [
        0.364099443,
        0.857639432,
        0.363161385
      ],
      [
        -0.0262785461,
        -0.380310625,
        0.9244854
      ],
      [
        0.9309893,
        -0.346147954,
        -0.115933359
      ]
    ],
    "translation": [
      1.71153462,
      1.02135086,
      -0.6464915
    ]
  },
  {
    "timeStamp": 76259,
    "rotation": [
      [
        0.453035,
        0.82932806,
        0.3270693
      ],
      [
        -0.0117946118,
        -0.361270338,
        0.9323865
      ],
      [
        0.891414762,
        -0.426261365,
        -0.153886512
      ]
    ],
    "translation": [
      1.77496338,
      1.025502,
      -0.6378796
    ]
  },
  {
    "timeStamp": 76315,
    "rotation": [
      [
        0.540155947,
        0.8004337,
        0.2598796
      ],
      [
        0.027002994,
        -0.32513085,
        0.9452834
      ],
      [
        0.8411316,
        -0.503582954,
        -0.197235465
      ]
    ],
    "translation": [
      1.85145652,
      1.022896,
      -0.635432
    ]
  },
  {
    "timeStamp": 76359,
    "rotation": [
      [
        0.6104838,
        0.7609079,
        0.2198381
      ],
      [
        0.0371917821,
        -0.30479756,
        0.951690733
      ],
      [
        0.79115504,
        -0.5728156,
        -0.2143735
      ]
    ],
    "translation": [
      1.908965,
      1.01911545,
      -0.6381531
    ]
  },
  {
    "timeStamp": 76415,
    "rotation": [
      [
        0.681060135,
        0.70688504,
        0.19097279
      ],
      [
        0.0228679683,
        -0.281217337,
        0.9593716
      ],
      [
        0.7318703,
        -0.6490226,
        -0.207690939
      ]
    ],
    "translation": [
      1.97040427,
      1.01251411,
      -0.646946549
    ]
  },
  {
    "timeStamp": 76459,
    "rotation": [
      [
        0.726179,
        0.672440231,
        0.143136829
      ],
      [
        0.058559306,
        -0.267938673,
        0.961654663
      ],
      [
        0.6850072,
        -0.6899514,
        -0.233949065
      ]
    ],
    "translation": [
      2.012477,
      1.00670588,
      -0.6556613
    ]
  },
  {
    "timeStamp": 76515,
    "rotation": [
      [
        0.7700702,
        0.61833334,
        0.157021433
      ],
      [
        0.0129654072,
        -0.2612489,
        0.9651844
      ],
      [
        0.6378274,
        -0.7412239,
        -0.209196925
      ]
    ],
    "translation": [
      2.04999757,
      1.00054669,
      -0.669639945
    ]
  },
  {
    "timeStamp": 76559,
    "rotation": [
      [
        0.7972208,
        0.5872122,
        0.140074119
      ],
      [
        0.0144700892,
        -0.250551522,
        0.9679951
      ],
      [
        0.6035144,
        -0.76967895,
        -0.20824191
      ]
    ],
    "translation": [
      2.07570362,
      0.9915075,
      -0.6788639
    ]
  },
  {
    "timeStamp": 76615,
    "rotation": [
      [
        0.8168844,
        0.5592297,
        0.14128679
      ],
      [
        -0.016904423,
        -0.221632287,
        0.974983752
      ],
      [
        0.5765536,
        -0.7988374,
        -0.171594515
      ]
    ],
    "translation": [
      2.09904,
      0.9734779,
      -0.692992449
    ]
  },
  {
    "timeStamp": 76659,
    "rotation": [
      [
        0.8256841,
        0.5499484,
        0.125708342
      ],
      [
        -0.0215859935,
        -0.191871852,
        0.9811826
      ],
      [
        0.5637197,
        -0.81286037,
        -0.146554351
      ]
    ],
    "translation": [
      2.11300015,
      0.9556308,
      -0.704454362
    ]
  },
  {
    "timeStamp": 76715,
    "rotation": [
      [
        0.83172,
        0.5345962,
        0.149829462
      ],
      [
        -0.08179668,
        -0.148932561,
        0.9854585
      ],
      [
        0.5491368,
        -0.831881046,
        -0.08014199
      ]
    ],
    "translation": [
      2.1224978,
      0.932689,
      -0.72062397
    ]
  },
  {
    "timeStamp": 76759,
    "rotation": [
      [
        0.819814,
        0.5578525,
        0.129249975
      ],
      [
        -0.08764511,
        -0.100813136,
        0.991037369
      ],
      [
        0.565882742,
        -0.8237944,
        -0.0337549746
      ]
    ],
    "translation": [
      2.12652373,
      0.9118096,
      -0.734922945
    ]
  },
  {
    "timeStamp": 76815,
    "rotation": [
      [
        0.8133102,
        0.5645921,
        0.140577927
      ],
      [
        -0.1286585,
        -0.06111545,
        0.98980397
      ],
      [
        0.567427,
        -0.8231042,
        0.0229337569
      ]
    ],
    "translation": [
      2.12835765,
      0.89084965,
      -0.750848949
    ]
  },
  {
    "timeStamp": 76859,
    "rotation": [
      [
        0.803156,
        0.58298105,
        0.122774482
      ],
      [
        -0.136007249,
        -0.0212197248,
        0.990480542
      ],
      [
        0.58003664,
        -0.812208652,
        0.0622469
      ]
    ],
    "translation": [
      2.129306,
      0.8740018,
      -0.763388932
    ]
  },
  {
    "timeStamp": 76915,
    "rotation": [
      [
        0.790623963,
        0.5964074,
        0.138606757
      ],
      [
        -0.182825953,
        0.0138992695,
        0.983047
      ],
      [
        0.58437,
        -0.8025615,
        0.120027855
      ]
    ],
    "translation": [
      2.125255,
      0.8578739,
      -0.778495252
    ]
  },
  {
    "timeStamp": 76959,
    "rotation": [
      [
        0.7815251,
        0.6098965,
        0.131319776
      ],
      [
        -0.191294968,
        0.0339141749,
        0.980946541
      ],
      [
        0.593822241,
        -0.7917551,
        0.1431749
      ]
    ],
    "translation": [
      2.12234759,
      0.84594816,
      -0.786987543
    ]
  },
  {
    "timeStamp": 77015,
    "rotation": [
      [
        0.7754403,
        0.620026052,
        0.119415492
      ],
      [
        -0.205407232,
        0.0688707,
        0.97625035
      ],
      [
        0.5970765,
        -0.7815526,
        0.180762962
      ]
    ],
    "translation": [
      2.1230557,
      0.8274776,
      -0.795257
    ]
  },
  {
    "timeStamp": 77059,
    "rotation": [
      [
        0.7795982,
        0.618198931,
        0.100283824
      ],
      [
        -0.20051603,
        0.09468598,
        0.975104034
      ],
      [
        0.5933128,
        -0.7802978,
        0.197775811
      ]
    ],
    "translation": [
      2.125381,
      0.8139188,
      -0.799442
    ]
  },
  {
    "timeStamp": 77115,
    "rotation": [
      [
        0.770053864,
        0.6281116,
        0.111771561
      ],
      [
        -0.228599817,
        0.108094007,
        0.9675008
      ],
      [
        0.595616639,
        -0.7705787,
        0.226824418
      ]
    ],
    "translation": [
      2.12294555,
      0.802654266,
      -0.804674447
    ]
  },
  {
    "timeStamp": 77159,
    "rotation": [
      [
        0.7782643,
        0.6191691,
        0.104567379
      ],
      [
        -0.223673344,
        0.117747083,
        0.967525661
      ],
      [
        0.5867495,
        -0.7763796,
        0.230129972
      ]
    ],
    "translation": [
      2.125131,
      0.7952432,
      -0.8038679
    ]
  },
  {
    "timeStamp": 77215,
    "rotation": [
      [
        0.78115803,
        0.615795135,
        0.1029002
      ],
      [
        -0.22693558,
        0.126513168,
        0.965657651
      ],
      [
        0.581629038,
        -0.77768296,
        0.2385726
      ]
    ],
    "translation": [
      2.12846923,
      0.7879101,
      -0.8028192
    ]
  },
  {
    "timeStamp": 77259,
    "rotation": [
      [
        0.784418941,
        0.614471138,
        0.0843338147
      ],
      [
        -0.213758081,
        0.14019224,
        0.9667748
      ],
      [
        0.582232237,
        -0.7763835,
        0.241317615
      ]
    ],
    "translation": [
      2.133247,
      0.7815562,
      -0.8029305
    ]
  },
  {
    "timeStamp": 77315,
    "rotation": [
      [
        0.7847576,
        0.614186466,
        0.0832497
      ],
      [
        -0.222425044,
        0.1536999,
        0.962758243
      ],
      [
        0.5785176,
        -0.7740487,
        0.2572276
      ]
    ],
    "translation": [
      2.13814425,
      0.7769746,
      -0.8050155
    ]
  },
  {
    "timeStamp": 77359,
    "rotation": [
      [
        0.7843887,
        0.616173267,
        0.07116751
      ],
      [
        -0.216769114,
        0.164812669,
        0.96220994
      ],
      [
        0.5811587,
        -0.77017355,
        0.262844533
      ]
    ],
    "translation": [
      2.14219356,
      0.773821533,
      -0.807098269
    ]
  },
  {
    "timeStamp": 77414,
    "rotation": [
      [
        0.775287569,
        0.6272115,
        0.07439656
      ],
      [
        -0.237140477,
        0.1798875,
        0.954675257
      ],
      [
        0.585400343,
        -0.7577903,
        0.288201779
      ]
    ],
    "translation": [
      2.14224863,
      0.7706226,
      -0.8120961
    ]
  },
  {
    "timeStamp": 77459,
    "rotation": [
      [
        0.772732854,
        0.6308772,
        0.06984173
      ],
      [
        -0.240692765,
        0.189428777,
        0.951936841
      ],
      [
        0.5873252,
        -0.752403259,
        0.2982254
      ]
    ],
    "translation": [
      2.14250612,
      0.7671553,
      -0.81483835
    ]
  },
  {
    "timeStamp": 77514,
    "rotation": [
      [
        0.7693835,
        0.6356795,
        0.06293387
      ],
      [
        -0.24392584,
        0.201310664,
        0.9486697
      ],
      [
        0.5903806,
        -0.745242,
        0.309943765
      ]
    ],
    "translation": [
      2.14270687,
      0.762496531,
      -0.8166101
    ]
  },
  {
    "timeStamp": 77559,
    "rotation": [
      [
        0.7768515,
        0.6252999,
        0.0741751045
      ],
      [
        -0.2629512,
        0.215113834,
        0.940522552
      ],
      [
        0.572152555,
        -0.75015074,
        0.3315348
      ]
    ],
    "translation": [
      2.142084,
      0.758933246,
      -0.818972468
    ]
  },
  {
    "timeStamp": 77614,
    "rotation": [
      [
        0.7739766,
        0.6301231,
        0.06249125
      ],
      [
        -0.254026562,
        0.218581051,
        0.9421745
      ],
      [
        0.580026448,
        -0.7450955,
        0.3292446
      ]
    ],
    "translation": [
      2.14239573,
      0.7550693,
      -0.819545448
    ]
  },
  {
    "timeStamp": 77659,
    "rotation": [
      [
        0.7837797,
        0.61655277,
        0.0745128
      ],
      [
        -0.270317942,
        0.230670229,
        0.934729636
      ],
      [
        0.559122264,
        -0.7527642,
        0.3474599
      ]
    ],
    "translation": [
      2.14202929,
      0.7518623,
      -0.821120858
    ]
  },
  {
    "timeStamp": 77715,
    "rotation": [
      [
        0.782922149,
        0.618775,
        0.06442359
      ],
      [
        -0.265584737,
        0.238790363,
        0.934047043
      ],
      [
        0.562581241,
        -0.748396039,
        0.351291478
      ]
    ],
    "translation": [
      2.14272165,
      0.7479497,
      -0.822176456
    ]
  },
  {
    "timeStamp": 77759,
    "rotation": [
      [
        0.8024404,
        0.5909137,
        0.0831290558
      ],
      [
        -0.284028053,
        0.2557001,
        0.924091756
      ],
      [
        0.5248024,
        -0.7651395,
        0.373020142
      ]
    ],
    "translation": [
      2.14185929,
      0.7449588,
      -0.82349056
    ]
  },
  {
    "timeStamp": 77814,
    "rotation": [
      [
        0.802949965,
        0.5913625,
        0.0745776743
      ],
      [
        -0.2735008,
        0.254373938,
        0.927626669
      ],
      [
        0.529593,
        -0.7652348,
        0.365987659
      ]
    ],
    "translation": [
      2.14251184,
      0.7417687,
      -0.823125362
    ]
  },
  {
    "timeStamp": 77859,
    "rotation": [
      [
        0.7940941,
        0.6046662,
        0.0615904853
      ],
      [
        -0.265638918,
        0.254131466,
        0.9299748
      ],
      [
        0.5466722,
        -0.7548483,
        0.362427145
      ]
    ],
    "translation": [
      2.14374161,
      0.739158332,
      -0.8227356
    ]
  },
  {
    "timeStamp": 77914,
    "rotation": [
      [
        0.795584738,
        0.602819,
        0.0604490452
      ],
      [
        -0.269734263,
        0.263101935,
        0.9262941
      ],
      [
        0.542483449,
        -0.7532506,
        0.371920854
      ]
    ],
    "translation": [
      2.14347434,
      0.7371033,
      -0.823141336
    ]
  },
  {
    "timeStamp": 77959,
    "rotation": [
      [
        0.7936721,
        0.605694532,
        0.0567350537
      ],
      [
        -0.2627048,
        0.257124126,
        0.9299857
      ],
      [
        0.5486993,
        -0.753008246,
        0.363191068
      ]
    ],
    "translation": [
      2.144183,
      0.7349413,
      -0.822211266
    ]
  },
  {
    "timeStamp": 78014,
    "rotation": [
      [
        0.803225,
        0.5945578,
        0.03647706
      ],
      [
        -0.232835338,
        0.25700748,
        0.937941849
      ],
      [
        0.548285842,
        -0.7618715,
        0.3448689
      ]
    ],
    "translation": [
      2.14622355,
      0.730825961,
      -0.8205423
    ]
  },
  {
    "timeStamp": 78059,
    "rotation": [
      [
        0.8155406,
        0.5778528,
        0.0312991962
      ],
      [
        -0.214757428,
        0.2519836,
        0.94360137
      ],
      [
        0.5373758,
        -0.776266932,
        0.329601079
      ]
    ],
    "translation": [
      2.14706373,
      0.7285154,
      -0.817996562
    ]
  },
  {
    "timeStamp": 78115,
    "rotation": [
      [
        0.8209679,
        0.570433438,
        0.0248471
      ],
      [
        -0.201992333,
        0.249453977,
        0.947086
      ],
      [
        0.5340513,
        -0.7825461,
        0.3200169
      ]
    ],
    "translation": [
      2.14742041,
      0.727056444,
      -0.816368937
    ]
  },
  {
    "timeStamp": 78159,
    "rotation": [
      [
        0.823058,
        0.5673443,
        0.0263801645
      ],
      [
        -0.204622328,
        0.25288114,
        0.945611358
      ],
      [
        0.529816151,
        -0.783691,
        0.324227154
      ]
    ],
    "translation": [
      2.147146,
      0.7272198,
      -0.8160806
    ]
  },
  {
    "timeStamp": 78214,
    "rotation": [
      [
        0.8168037,
        0.575950861,
        0.0333509333
      ],
      [
        -0.220292032,
        0.257941723,
        0.940711141
      ],
      [
        0.533200741,
        -0.7757233,
        0.337565154
      ]
    ],
    "translation": [
      2.14596343,
      0.7285066,
      -0.817165434
    ]
  }
]