[
  {
    "timeStamp": 60767,
    "rotation": [
      [
        -0.598153055,
        0.231340423,
        0.7672643
      ],
      [
        0.161171049,
        0.972591162,
        -0.167601556
      ],
      [
        -0.7850075,
        0.0234094076,
        -0.6190438
      ]
    ],
    "translation": [
      1.59450758,
      0.7096296,
      -0.7256109
    ]
  },
  {
    "timeStamp": 60812,
    "rotation": [
      [
        -0.6008326,
        0.2659407,
        0.7538406
      ],
      [
        0.20153065,
        0.962970138,
        -0.179091915
      ],
      [
        -0.7735538,
        0.0443177223,
        -0.6321791
      ]
    ],
    "translation": [
      1.59144032,
      0.710094869,
      -0.7276129
    ]
  },
  {
    "timeStamp": 60867,
    "rotation": [
      [
        -0.5983099,
        0.276648343,
        0.751991332
      ],
      [
        0.206447467,
        0.9600439,
        -0.188931674
      ],
      [
        -0.7742123,
        0.042207025,
        -0.631517053
      ]
    ],
    "translation": [
      1.58837867,
      0.710794747,
      -0.730936646
    ]
  },
  {
    "timeStamp": 60912,
    "rotation": [
      [
        -0.600751042,
        0.279329658,
        0.7490481
      ],
      [
        0.195879042,
        0.9598413,
        -0.200838372
      ],
      [
        -0.775067449,
        0.026068965,
        -0.6313405
      ]
    ],
    "translation": [
      1.5895803,
      0.7165658,
      -0.73067224
    ]
  },
  {
    "timeStamp": 60967,
    "rotation": [
      [
        -0.624918342,
        0.2869924,
        0.7260251
      ],
      [
        0.1942408,
        0.957891643,
        -0.2114569
      ],
      [
        -0.756139934,
        0.00888039451,
        -0.654349744
      ]
    ],
    "translation": [
      1.59783089,
      0.728009462,
      -0.729309857
    ]
  },
  {
    "timeStamp": 61012,
    "rotation": [
      [
        -0.6451506,
        0.2967853,
        0.704059
      ],
      [
        0.1918991,
        0.954879344,
        -0.226671815
      ],
      [
        -0.7395643,
        -0.0111291613,
        -0.6729939
      ]
    ],
    "translation": [
      1.60811472,
      0.742351651,
      -0.727178633
    ]
  },
  {
    "timeStamp": 61067,
    "rotation": [
      [
        -0.679294765,
        0.311705858,
        0.664378
      ],
      [
        0.186590329,
        0.948921442,
        -0.254425257
      ],
      [
        -0.7097483,
        -0.048863247,
        -0.70275867
      ]
    ],
    "translation": [
      1.62621534,
      0.765895069,
      -0.723315656
    ]
  },
  {
    "timeStamp": 61112,
    "rotation": [
      [
        -0.7121216,
        0.323318541,
        0.62317574
      ],
      [
        0.1756132,
        0.9414598,
        -0.28777346
      ],
      [
        -0.6797373,
        -0.09549183,
        -0.727212846
      ]
    ],
    "translation": [
      1.64703155,
      0.789640367,
      -0.719262
    ]
  },
  {
    "timeStamp": 61167,
    "rotation": [
      [
        -0.760264158,
        0.3289866,
        0.560148358
      ],
      [
        0.161292017,
        0.930874467,
        -0.327807248
      ],
      [
        -0.629272,
        -0.158872649,
        -0.7607735
      ]
    ],
    "translation": [
      1.68005967,
      0.8211935,
      -0.714613
    ]
  },
  {
    "timeStamp": 61211,
    "rotation": [
      [
        -0.8014455,
        0.325389,
        0.501804
      ],
      [
        0.147460774,
        0.920648932,
        -0.361470371
      ],
      [
        -0.5796038,
        -0.215702385,
        -0.785832047
      ]
    ],
    "translation": [
      1.71281612,
      0.847055,
      -0.711473167
    ]
  },
  {
    "timeStamp": 61267,
    "rotation": [
      [
        -0.8543015,
        0.3009764,
        0.423771322
      ],
      [
        0.121298634,
        0.9082242,
        -0.400518954
      ],
      [
        -0.5054261,
        -0.290761054,
        -0.812405348
      ]
    ],
    "translation": [
      1.7606703,
      0.8775122,
      -0.7089233
    ]
  },
  {
    "timeStamp": 61312,
    "rotation": [
      [
        -0.8925784,
        0.264423162,
        0.3652179
      ],
      [
        0.09371419,
        0.901095569,
        -0.423372656
      ],
      [
        -0.4410458,
        -0.3436672,
        -0.8290787
      ]
    ],
    "translation": [
      1.80296779,
      0.8989221,
      -0.7086552
    ]
  },
  {
    "timeStamp": 61367,
    "rotation": [
      [
        -0.9301172,
        0.2094918,
        0.301654249
      ],
      [
        0.0561567359,
        0.8928236,
        -0.446892023
      ],
      [
        -0.362944245,
        -0.398722023,
        -0.842194855
      ]
    ],
    "translation": [
      1.85653818,
      0.9221934,
      -0.7119356
    ]
  },
  {
    "timeStamp": 61412,
    "rotation": [
      [
        -0.950832069,
        0.160518065,
        0.264862835
      ],
      [
        0.0220956169,
        0.8881842,
        -0.458956
      ],
      [
        -0.308917731,
        -0.4305378,
        -0.8480607
      ]
    ],
    "translation": [
      1.89863777,
      0.9370064,
      -0.714704931
    ]
  },
  {
    "timeStamp": 61473,
    "rotation": [
      [
        -0.9695714,
        0.101636976,
        0.222713336
      ],
      [
        -0.0145342089,
        0.884241164,
        -0.466804326
      ],
      [
        -0.244376883,
        -0.4558371,
        -0.85585773
      ]
    ],
    "translation": [
      1.9491818,
      0.9512975,
      -0.71769613
    ]
  },
  {
    "timeStamp": 61520,
    "rotation": [
      [
        -0.9820099,
        0.0597945228,
        0.179112554
      ],
      [
        -0.0328685753,
        0.879932165,
        -0.4739611
      ],
      [
        -0.185947165,
        -0.471321672,
        -0.862136662
      ]
    ],
    "translation": [
      1.99642324,
      0.9614128,
      -0.7169473
    ]
  },
  {
    "timeStamp": 61564,
    "rotation": [
      [
        -0.987915337,
        0.0278962329,
        0.152463689
      ],
      [
        -0.0489633568,
        0.8771278,
        -0.4777545
      ],
      [
        -0.1470577,
        -0.4794461,
        -0.8651621
      ]
    ],
    "translation": [
      2.030683,
      0.966479242,
      -0.7119981
    ]
  },
  {
    "timeStamp": 61620,
    "rotation": [
      [
        -0.991520464,
        -0.0007276761,
        0.12994875
      ],
      [
        -0.06332327,
        0.875933945,
        -0.47825712
      ],
      [
        -0.113478519,
        -0.4824305,
        -0.8685525
      ]
    ],
    "translation": [
      2.06771135,
      0.969642937,
      -0.7007134
    ]
  },
  {
    "timeStamp": 61662,
    "rotation": [
      [
        -0.991099358,
        -0.0121271685,
        0.132570535
      ],
      [
        -0.07409634,
        0.877581656,
        -0.473666728
      ],
      [
        -0.11059723,
        -0.4792738,
        -0.8706692
      ]
    ],
    "translation": [
      2.08499217,
      0.9700463,
      -0.690624356
    ]
  },
  {
    "timeStamp": 61717,
    "rotation": [
      [
        -0.9824083,
        -0.0254237335,
        0.1850069
      ],
      [
        -0.109355964,
        0.88138175,
        -0.45957312
      ],
      [
        -0.151377648,
        -0.47172007,
        -0.868657
      ]
    ],
    "translation": [
      2.10572481,
      0.9672565,
      -0.6630429
    ]
  },
  {
    "timeStamp": 61762,
    "rotation": [
      [
        -0.976266444,
        -0.014430074,
        0.2160915
      ],
      [
        -0.112052009,
        0.8875046,
        -0.446967423
      ],
      [
        -0.185332447,
        -0.460572779,
        -0.8680579
      ]
    ],
    "translation": [
      2.11235666,
      0.960428357,
      -0.642956436
    ]
  },
  {
    "timeStamp": 61817,
    "rotation": [
      [
        -0.9647529,
        0.001561296,
        0.2631528
      ],
      [
        -0.1135744,
        0.8995868,
        -0.421716064
      ],
      [
        -0.2373872,
        -0.436739236,
        -0.8677017
      ]
    ],
    "translation": [
      2.11448574,
      0.9464419,
      -0.619516969
    ]
  },
  {
    "timeStamp": 61862,
    "rotation": [
      [
        -0.947809935,
        0.00415806845,
        0.318808734
      ],
      [
        -0.128379092,
        0.9102993,
        -0.3935403
      ],
      [
        -0.291847736,
        -0.4139298,
        -0.862256944
      ]
    ],
    "translation": [
      2.11288214,
      0.9344045,
      -0.603196561
    ]
  },
  {
    "timeStamp": 61917,
    "rotation": [
      [
        -0.930588961,
        0.0197400656,
        0.365533233
      ],
      [
        -0.125758812,
        0.920531452,
        -0.369873673
      ],
      [
        -0.34378618,
        -0.390169382,
        -0.854153931
      ]
    ],
    "translation": [
      2.10801029,
      0.9209905,
      -0.587254167
    ]
  },
  {
    "timeStamp": 61961,
    "rotation": [
      [
        -0.917387664,
        0.0306079742,
        0.396816045
      ],
      [
        -0.1216206,
        0.927785754,
        -0.352734983
      ],
      [
        -0.378956765,
        -0.371855736,
        -0.8474167
      ]
    ],
    "translation": [
      2.10323238,
      0.9119829,
      -0.5787485
    ]
  },
  {
    "timeStamp": 62017,
    "rotation": [
      [
        -0.9023429,
        0.0377298333,
        0.4293643
      ],
      [
        -0.116937071,
        0.937369347,
        -0.328122616
      ],
      [
        -0.414852917,
        -0.346287727,
        -0.8414166
      ]
    ],
    "translation": [
      2.09789419,
      0.9007055,
      -0.57251215
    ]
  },
  {
    "timeStamp": 62062,
    "rotation": [
      [
        -0.8926393,
        0.0476946123,
        0.4482413
      ],
      [
        -0.106549688,
        0.943883836,
        -0.3126187
      ],
      [
        -0.437997937,
        -0.3268157,
        -0.837465942
      ]
    ],
    "translation": [
      2.09448719,
      0.892415166,
      -0.570367754
    ]
  },
  {
    "timeStamp": 62119,
    "rotation": [
      [
        -0.87909776,
        0.05373223,
        0.473603159
      ],
      [
        -0.101299219,
        0.9498646,
        -0.295796722
      ],
      [
        -0.4657527,
        -0.308009863,
        -0.829580843
      ]
    ],
    "translation": [
      2.09135723,
      0.884320259,
      -0.5684994
    ]
  },
  {
    "timeStamp": 62164,
    "rotation": [
      [
        -0.8738088,
        0.06627474,
        0.48173216
      ],
      [
        -0.08795004,
        0.952790141,
        -0.290612638
      ],
      [
        -0.4782499,
        -0.296308249,
        -0.826727569
      ]
    ],
    "translation": [
      2.09034181,
      0.8801288,
      -0.567435443
    ]
  },
  {
    "timeStamp": 62221,
    "rotation": [
      [
        -0.8675719,
        0.08062138,
        0.4907333
      ],
      [
        -0.07152999,
        0.956281841,
        -0.283563763
      ],
      [
        -0.492140651,
        -0.2811141,
        -0.823876441
      ]
    ],
    "translation": [
      2.08891749,
      0.8756146,
      -0.566595256
    ]
  },
  {
    "timeStamp": 62267,
    "rotation": [
      [
        -0.8621049,
        0.08212158,
        0.500031233
      ],
      [
        -0.0665929,
        0.959861636,
        -0.2724538
      ],
      [
        -0.502335131,
        -0.2681823,
        -0.8220327
      ]
    ],
    "translation": [
      2.08853436,
      0.872355044,
      -0.565990031
    ]
  }
]