[
  {
    "timeStamp": 58024,
    "rotation": [
      [
        0.6117635,
        -0.5470864,
        -0.5713508
      ],
      [
        0.6992446,
        0.711715758,
        0.06721319
      ],
      [
        0.369867951,
        -0.440632552,
        0.817949
      ]
    ],
    "translation": [
      1.77131164,
      0.7042994,
      -0.7365643
    ]
  },
  {
    "timeStamp": 58071,
    "rotation": [
      [
        0.555615366,
        -0.59637,
        -0.5793397
      ],
      [
        0.733602345,
        0.6795671,
        0.00401716726
      ],
      [
        0.391304463,
        -0.4272369,
        0.815076351
      ]
    ],
    "translation": [
      1.77337134,
      0.7052896,
      -0.735641241
    ]
  },
  {
    "timeStamp": 58124,
    "rotation": [
      [
        0.573421955,
        -0.6046231,
        -0.552827358
      ],
      [
        0.712021,
        0.70156914,
        -0.02875477
      ],
      [
        0.40523243,
        -0.377136052,
        0.8327995
      ]
    ],
    "translation": [
      1.77303648,
      0.7059588,
      -0.7358943
    ]
  },
  {
    "timeStamp": 58180,
    "rotation": [
      [
        0.5655593,
        -0.6314585,
        -0.530474067
      ],
      [
        0.7494446,
        0.661975265,
        0.0110193091
      ],
      [
        0.344202518,
        -0.403793037,
        0.8476295
      ]
    ],
    "translation": [
      1.77977729,
      0.7124919,
      -0.7307759
    ]
  },
  {
    "timeStamp": 58224,
    "rotation": [
      [
        0.5703774,
        -0.6451657,
        -0.508361
      ],
      [
        0.7561024,
        0.6542035,
        0.01808575
      ],
      [
        0.320903182,
        -0.394688636,
        0.8609541
      ]
    ],
    "translation": [
      1.78646755,
      0.7236252,
      -0.7302765
    ]
  },
  {
    "timeStamp": 58280,
    "rotation": [
      [
        0.583466232,
        -0.6518655,
        -0.484395027
      ],
      [
        0.764465034,
        0.6421735,
        0.0566249266
      ],
      [
        0.274153829,
        -0.40334183,
        0.8730149
      ]
    ],
    "translation": [
      1.79719841,
      0.7445914,
      -0.7286768
    ]
  },
  {
    "timeStamp": 58324,
    "rotation": [
      [
        0.5918781,
        -0.6583575,
        -0.465022236
      ],
      [
        0.772557557,
        0.6278934,
        0.0943645239
      ],
      [
        0.229858816,
        -0.41510877,
        0.8802554
      ]
    ],
    "translation": [
      1.80976844,
      0.7667233,
      -0.7268889
    ]
  },
  {
    "timeStamp": 58380,
    "rotation": [
      [
        0.5725449,
        -0.674152851,
        -0.4665945
      ],
      [
        0.79908663,
        0.586185157,
        0.133594736
      ],
      [
        0.1834475,
        -0.4493384,
        0.8743238
      ]
    ],
    "translation": [
      1.83274686,
      0.799762547,
      -0.7231827
    ]
  },
  {
    "timeStamp": 58424,
    "rotation": [
      [
        0.5637012,
        -0.6887446,
        -0.455929577
      ],
      [
        0.815390348,
        0.552118659,
        0.174079046
      ],
      [
        0.131831244,
        -0.469889164,
        0.8728257
      ]
    ],
    "translation": [
      1.85682523,
      0.8273738,
      -0.720561743
    ]
  },
  {
    "timeStamp": 58479,
    "rotation": [
      [
        0.529061,
        -0.7270291,
        -0.437633574
      ],
      [
        0.845513642,
        0.495466083,
        0.199047968
      ],
      [
        0.07211893,
        -0.475333661,
        0.876844764
      ]
    ],
    "translation": [
      1.8964256,
      0.8618272,
      -0.719034553
    ]
  },
  {
    "timeStamp": 58524,
    "rotation": [
      [
        0.511107445,
        -0.753824651,
        -0.41293776
      ],
      [
        0.8593971,
        0.45621407,
        0.2308795
      ],
      [
        0.01434537,
        -0.472881764,
        0.8810091
      ]
    ],
    "translation": [
      1.93193138,
      0.8870163,
      -0.7183978
    ]
  },
  {
    "timeStamp": 58579,
    "rotation": [
      [
        0.47745055,
        -0.7919924,
        -0.380511463
      ],
      [
        0.877904058,
        0.412044078,
        0.2439348
      ],
      [
        -0.03640701,
        -0.450519353,
        0.892024
      ]
    ],
    "translation": [
      1.98090851,
      0.9127104,
      -0.7188546
    ]
  },
  {
    "timeStamp": 58624,
    "rotation": [
      [
        0.44243893,
        -0.812078059,
        -0.380495757
      ],
      [
        0.895549655,
        0.377698839,
        0.23523277
      ],
      [
        -0.0473145768,
        -0.444828957,
        0.8943649
      ]
    ],
    "translation": [
      2.01924777,
      0.928263545,
      -0.717137933
    ]
  },
  {
    "timeStamp": 58680,
    "rotation": [
      [
        0.416189551,
        -0.822500169,
        -0.387659222
      ],
      [
        0.9085166,
        0.358713061,
        0.214295328
      ],
      [
        -0.0371995233,
        -0.441382319,
        0.896547735
      ]
    ],
    "translation": [
      2.06138182,
      0.939531267,
      -0.711308956
    ]
  },
  {
    "timeStamp": 58725,
    "rotation": [
      [
        0.415379882,
        -0.8212269,
        -0.391210943
      ],
      [
        0.909553468,
        0.36876294,
        0.191641331
      ],
      [
        -0.0131169138,
        -0.435431242,
        0.900126457
      ]
    ],
    "translation": [
      2.09057069,
      0.9421836,
      -0.7043318
    ]
  },
  {
    "timeStamp": 58774,
    "rotation": [
      [
        0.472841382,
        -0.788924754,
        -0.39245224
      ],
      [
        0.8803699,
        0.441687465,
        0.172803581
      ],
      [
        0.037012212,
        -0.427211821,
        0.9033937
      ]
    ],
    "translation": [
      2.11419249,
      0.9336566,
      -0.692828834
    ]
  },
  {
    "timeStamp": 58830,
    "rotation": [
      [
        0.465173841,
        -0.789894938,
        -0.399598837
      ],
      [
        0.8837872,
        0.440077662,
        0.158908322
      ],
      [
        0.0503336266,
        -0.4270803,
        0.9028117
      ]
    ],
    "translation": [
      2.1334374,
      0.9269382,
      -0.677666843
    ]
  },
  {
    "timeStamp": 58874,
    "rotation": [
      [
        0.5114948,
        -0.76105,
        -0.398968577
      ],
      [
        0.856446862,
        0.489236563,
        0.1647615
      ],
      [
        0.06979829,
        -0.425970048,
        0.902040839
      ]
    ],
    "translation": [
      2.13942361,
      0.913729548,
      -0.6649396
    ]
  },
  {
    "timeStamp": 58930,
    "rotation": [
      [
        0.541645169,
        -0.7551963,
        -0.369187027
      ],
      [
        0.838878036,
        0.51376605,
        0.179800436
      ],
      [
        0.0538911261,
        -0.4070909,
        0.911796451
      ]
    ],
    "translation": [
      2.1465497,
      0.9001145,
      -0.649846852
    ]
  },
  {
    "timeStamp": 58974,
    "rotation": [
      [
        0.52753675,
        -0.753059566,
        -0.3932001
      ],
      [
        0.8451964,
        0.5119455,
        0.153475985
      ],
      [
        0.08572045,
        -0.413295537,
        0.906553268
      ]
    ],
    "translation": [
      2.15155,
      0.8906776,
      -0.6377749
    ]
  },
  {
    "timeStamp": 59030,
    "rotation": [
      [
        0.479794621,
        -0.7522785,
        -0.451524317
      ],
      [
        0.8648445,
        0.492189467,
        0.09896296
      ],
      [
        0.14778778,
        -0.437980175,
        0.8867537
      ]
    ],
    "translation": [
      2.15472364,
      0.881977141,
      -0.623714566
    ]
  },
  {
    "timeStamp": 59074,
    "rotation": [
      [
        0.437666357,
        -0.7516951,
        -0.493358582
      ],
      [
        0.880002737,
        0.470707178,
        0.06348183
      ],
      [
        0.184508458,
        -0.461940765,
        0.8675064
      ]
    ],
    "translation": [
      2.15805817,
      0.87691164,
      -0.6150215
    ]
  },
  {
    "timeStamp": 59130,
    "rotation": [
      [
        0.4097024,
        -0.7457272,
        -0.5253903
      ],
      [
        0.880515,
        0.47380814,
        0.0141180279
      ],
      [
        0.238406032,
        -0.468398243,
        0.8507442
      ]
    ],
    "translation": [
      2.16083837,
      0.8691397,
      -0.609670043
    ]
  },
  {
    "timeStamp": 59176,
    "rotation": [
      [
        0.386439681,
        -0.743145645,
        -0.546259
      ],
      [
        0.881352961,
        0.47208634,
        -0.018744126
      ],
      [
        0.271811038,
        -0.474203557,
        0.8374065
      ]
    ],
    "translation": [
      2.16290879,
      0.8637648,
      -0.608251154
    ]
  },
  {
    "timeStamp": 59221,
    "rotation": [
      [
        0.367798984,
        -0.738808751,
        -0.564699531
      ],
      [
        0.8834932,
        0.4670845,
        -0.0356617868
      ],
      [
        0.290109634,
        -0.485791832,
        0.8245257
      ]
    ],
    "translation": [
      2.16453362,
      0.8593459,
      -0.6069836
    ]
  },
  {
    "timeStamp": 59278,
    "rotation": [
      [
        0.3521934,
        -0.7295101,
        -0.586323142
      ],
      [
        0.881243169,
        0.469477624,
        -0.05478323
      ],
      [
        0.315230548,
        -0.497399,
        0.8082227
      ]
    ],
    "translation": [
      2.165288,
      0.854227662,
      -0.606085658
    ]
  },
  {
    "timeStamp": 59326,
    "rotation": [
      [
        0.344623238,
        -0.73109293,
        -0.5888446
      ],
      [
        0.881010354,
        0.468467563,
        -0.066021964
      ],
      [
        0.3241228,
        -0.4960255,
        0.8055453
      ]
    ],
    "translation": [
      2.16693664,
      0.8517878,
      -0.6066152
    ]
  }
]