[
  {
    "timeStamp": 7781,
    "rotation": [
      [
        -0.999768257,
        0.00394229963,
        -0.0211655851
      ],
      [
        -0.0211010762,
        0.0157425683,
        0.9996534
      ],
      [
        0.00427413266,
        0.999868333,
        -0.0156557336
      ]
    ],
    "translation": [
      1.46612883,
      0.7018765,
      -0.489999652
    ]
  },
  {
    "timeStamp": 7825,
    "rotation": [
      [
        -0.999833167,
        0.00268981932,
        -0.0180686638
      ],
      [
        -0.0180785283,
        -0.00368931959,
        0.999829769
      ],
      [
        0.00262270262,
        0.999989569,
        0.00373733183
      ]
    ],
    "translation": [
      1.465976,
      0.702520967,
      -0.490013868
    ]
  },
  {
    "timeStamp": 7880,
    "rotation": [
      [
        -0.9998534,
        0.00252447883,
        -0.0169382915
      ],
      [
        -0.0169574674,
        -0.00777904363,
        0.999825954
      ],
      [
        0.002392279,
        0.9999666,
        0.00782071147
      ]
    ],
    "translation": [
      1.46597016,
      0.702564538,
      -0.490005255
    ]
  },
  {
    "timeStamp": 7928,
    "rotation": [
      [
        -0.999924541,
        0.00301543367,
        -0.0119056161
      ],
      [
        -0.0119423717,
        -0.0124795111,
        0.9998508
      ],
      [
        0.00286640739,
        0.999917567,
        0.012514581
      ]
    ],
    "translation": [
      1.46599674,
      0.7024491,
      -0.490023583
    ]
  },
  {
    "timeStamp": 7979,
    "rotation": [
      [
        -0.99999243,
        0.00386646669,
        -0.000333343662
      ],
      [
        -0.000427669584,
        -0.0244207755,
        0.9997017
      ],
      [
        0.00385717279,
        0.9996943,
        0.0244222432
      ]
    ],
    "translation": [
      1.46603954,
      0.702237844,
      -0.4900032
    ]
  },
  {
    "timeStamp": 8024,
    "rotation": [
      [
        -0.9956987,
        0.08500812,
        0.03684741
      ],
      [
        0.0316468477,
        -0.06173422,
        0.9975908
      ],
      [
        0.0870780647,
        0.994465947,
        0.0587784424
      ]
    ],
    "translation": [
      1.46112812,
      0.7054908,
      -0.4954651
    ]
  },
  {
    "timeStamp": 8079,
    "rotation": [
      [
        -0.982555032,
        0.166628048,
        0.08258775
      ],
      [
        0.07363414,
        -0.0592252947,
        0.9955252
      ],
      [
        0.1707737,
        0.9842396,
        0.0459226
      ]
    ],
    "translation": [
      1.45710433,
      0.723467469,
      -0.489905238
    ]
  },
  {
    "timeStamp": 8124,
    "rotation": [
      [
        -0.9646949,
        0.23441042,
        0.120064043
      ],
      [
        0.107998274,
        -0.0636966452,
        0.9921084
      ],
      [
        0.240208238,
        0.970048666,
        0.03613191
      ]
    ],
    "translation": [
      1.462213,
      0.740645051,
      -0.4853389
    ]
  },
  {
    "timeStamp": 8179,
    "rotation": [
      [
        -0.931067467,
        0.325597942,
        0.164618567
      ],
      [
        0.1503109,
        -0.06880891,
        0.986241341
      ],
      [
        0.332445353,
        0.9430012,
        0.0151248239
      ]
    ],
    "translation": [
      1.47448349,
      0.7657696,
      -0.482772559
    ]
  },
  {
    "timeStamp": 8224,
    "rotation": [
      [
        -0.894643545,
        0.400743842,
        0.197528183
      ],
      [
        0.182239652,
        -0.07634443,
        0.9802858
      ],
      [
        0.407923639,
        0.9130038,
        -0.00473036664
      ]
    ],
    "translation": [
      1.48957932,
      0.7860601,
      -0.4840458
    ]
  },
  {
    "timeStamp": 8279,
    "rotation": [
      [
        -0.8489957,
        0.479681969,
        0.2216112
      ],
      [
        0.212630913,
        -0.07380359,
        0.9743414
      ],
      [
        0.4837297,
        0.874333,
        -0.0393362828
      ]
    ],
    "translation": [
      1.51495647,
      0.8113302,
      -0.491111666
    ]
  },
  {
    "timeStamp": 8324,
    "rotation": [
      [
        -0.807182431,
        0.543918967,
        0.229365811
      ],
      [
        0.230629221,
        -0.06708999,
        0.9707261
      ],
      [
        0.543384433,
        0.8364515,
        -0.07128975
      ]
    ],
    "translation": [
      1.54266918,
      0.829353333,
      -0.49792695
    ]
  },
  {
    "timeStamp": 8380,
    "rotation": [
      [
        -0.7512048,
        0.620776236,
        0.224339664
      ],
      [
        0.244042829,
        -0.054585807,
        0.968226969
      ],
      [
        0.613298059,
        0.78208524,
        -0.110490866
      ]
    ],
    "translation": [
      1.58390439,
      0.850349665,
      -0.511709869
    ]
  },
  {
    "timeStamp": 8425,
    "rotation": [
      [
        -0.6935035,
        0.6895672,
        0.208686545
      ],
      [
        0.2488839,
        -0.0425239578,
        0.9675994
      ],
      [
        0.676099,
        0.7229722,
        -0.142131656
      ]
    ],
    "translation": [
      1.62474322,
      0.86729157,
      -0.525183439
    ]
  },
  {
    "timeStamp": 8480,
    "rotation": [
      [
        -0.5876639,
        0.7800634,
        0.21483092
      ],
      [
        0.262332171,
        -0.0674771443,
        0.96261555
      ],
      [
        0.7653973,
        0.6220514,
        -0.164981842
      ]
    ],
    "translation": [
      1.67589557,
      0.888385534,
      -0.548770964
    ]
  },
  {
    "timeStamp": 8525,
    "rotation": [
      [
        -0.5025718,
        0.8421572,
        0.195429727
      ],
      [
        0.265341967,
        -0.06488556,
        0.961968541
      ],
      [
        0.8228093,
        0.535314,
        -0.190850019
      ]
    ],
    "translation": [
      1.72254121,
      0.9019897,
      -0.566265
    ]
  },
  {
    "timeStamp": 8580,
    "rotation": [
      [
        -0.389180064,
        0.906675041,
        0.162724555
      ],
      [
        0.2614567,
        -0.0606612,
        0.963307142
      ],
      [
        0.8832776,
        0.417445332,
        -0.213448122
      ]
    ],
    "translation": [
      1.78547335,
      0.912614644,
      -0.5902862
    ]
  },
  {
    "timeStamp": 8625,
    "rotation": [
      [
        -0.2942202,
        0.9479367,
        0.121862188
      ],
      [
        0.256776,
        -0.0444155559,
        0.9654498
      ],
      [
        0.9205979,
        0.315346152,
        -0.230339453
      ]
    ],
    "translation": [
      1.83917081,
      0.9192103,
      -0.6101156
    ]
  },
  {
    "timeStamp": 8680,
    "rotation": [
      [
        -0.166547164,
        0.983030736,
        0.07689356
      ],
      [
        0.259049684,
        -0.031621512,
        0.9653462
      ],
      [
        0.9513965,
        0.180694938,
        -0.249387324
      ]
    ],
    "translation": [
      1.90473449,
      0.9275828,
      -0.633929551
    ]
  },
  {
    "timeStamp": 8725,
    "rotation": [
      [
        -0.06643723,
        0.99656415,
        0.04945665
      ],
      [
        0.2652265,
        -0.0301447622,
        0.9637148
      ],
      [
        0.961894453,
        0.07714375,
        -0.2623125
      ]
    ],
    "translation": [
      1.95140326,
      0.9340835,
      -0.652446866
    ]
  },
  {
    "timeStamp": 8780,
    "rotation": [
      [
        0.0324115269,
        0.9994434,
        0.007899916
      ],
      [
        0.2706325,
        -0.0163847432,
        0.9625433
      ],
      [
        0.962137,
        -0.0290595237,
        -0.271012932
      ]
    ],
    "translation": [
      2.00477052,
      0.939663768,
      -0.674565554
    ]
  },
  {
    "timeStamp": 8825,
    "rotation": [
      [
        0.09547033,
        0.995247,
        -0.0192048848
      ],
      [
        0.26279968,
        -0.006591492,
        0.9648279
      ],
      [
        0.9601155,
        -0.0971594751,
        -0.262179881
      ]
    ],
    "translation": [
      2.04157615,
      0.9394519,
      -0.6922454
    ]
  },
  {
    "timeStamp": 8880,
    "rotation": [
      [
        0.150643587,
        0.9875407,
        -0.045495037
      ],
      [
        0.234454244,
        0.00901838951,
        0.9720853
      ],
      [
        0.96038413,
        -0.157104924,
        -0.230174556
      ]
    ],
    "translation": [
      2.07943773,
      0.9311232,
      -0.7132587
    ]
  },
  {
    "timeStamp": 8934,
    "rotation": [
      [
        0.178622812,
        0.98145026,
        -0.0696369
      ],
      [
        0.210277528,
        0.0310613923,
        0.9771482
      ],
      [
        0.961185336,
        -0.189184025,
        -0.200828657
      ]
    ],
    "translation": [
      2.108619,
      0.920737,
      -0.7284624
    ]
  },
  {
    "timeStamp": 8977,
    "rotation": [
      [
        0.207043231,
        0.975848734,
        -0.069659
      ],
      [
        0.176379874,
        0.03280279,
        0.983775437
      ],
      [
        0.962301,
        -0.215970486,
        -0.165328473
      ]
    ],
    "translation": [
      2.13329768,
      0.9029798,
      -0.739357233
    ]
  },
  {
    "timeStamp": 9030,
    "rotation": [
      [
        0.204460189,
        0.9744092,
        -0.0933955
      ],
      [
        0.123632833,
        0.06894131,
        0.989930332
      ],
      [
        0.971036,
        -0.213948056,
        -0.106373221
      ]
    ],
    "translation": [
      2.161038,
      0.8786056,
      -0.753244758
    ]
  },
  {
    "timeStamp": 9075,
    "rotation": [
      [
        0.208739474,
        0.974567,
        -0.08152936
      ],
      [
        0.0925149247,
        0.06331417,
        0.9936963
      ],
      [
        0.973585546,
        -0.214966327,
        -0.07694583
      ]
    ],
    "translation": [
      2.17535019,
      0.8588127,
      -0.7562283
    ]
  },
  {
    "timeStamp": 9131,
    "rotation": [
      [
        0.201410219,
        0.9754616,
        -0.0889304653
      ],
      [
        0.0324991457,
        0.0840860456,
        0.9959284
      ],
      [
        0.978967667,
        -0.2034803,
        -0.0147658791
      ]
    ],
    "translation": [
      2.19541979,
      0.8319276,
      -0.768239439
    ]
  },
  {
    "timeStamp": 9175,
    "rotation": [
      [
        0.191936672,
        0.976956546,
        -0.09336111
      ],
      [
        -0.00663469359,
        0.0964193344,
        0.9953187
      ],
      [
        0.9813849,
        -0.190418735,
        0.0249882136
      ]
    ],
    "translation": [
      2.209962,
      0.812816262,
      -0.7732632
    ]
  },
  {
    "timeStamp": 9230,
    "rotation": [
      [
        0.189363152,
        0.979218364,
        -0.07261543
      ],
      [
        -0.0427467041,
        0.08210457,
        0.995706558
      ],
      [
        0.9809762,
        -0.185446054,
        0.05740594
      ]
    ],
    "translation": [
      2.216857,
      0.7912148,
      -0.775873959
    ]
  },
  {
    "timeStamp": 9275,
    "rotation": [
      [
        0.144855767,
        0.982755,
        -0.114932589
      ],
      [
        -0.08440278,
        0.128007263,
        0.9881753
      ],
      [
        0.985846341,
        -0.133442283,
        0.101489834
      ]
    ],
    "translation": [
      2.23309517,
      0.777229846,
      -0.7826214
    ]
  },
  {
    "timeStamp": 9330,
    "rotation": [
      [
        0.125830263,
        0.9871662,
        -0.09833463
      ],
      [
        -0.110032246,
        0.112398475,
        0.9875523
      ],
      [
        0.98593086,
        -0.113444,
        0.122763246
      ]
    ],
    "translation": [
      2.23753858,
      0.76103,
      -0.7812152
    ]
  },
  {
    "timeStamp": 9375,
    "rotation": [
      [
        0.105552405,
        0.9876062,
        -0.116157845
      ],
      [
        -0.131445616,
        0.129642218,
        0.9828097
      ],
      [
        0.985688,
        -0.08846949,
        0.143500552
      ]
    ],
    "translation": [
      2.24642587,
      0.7503722,
      -0.781179249
    ]
  },
  {
    "timeStamp": 9421,
    "rotation": [
      [
        0.04526214,
        0.9925887,
        -0.112778574
      ],
      [
        -0.153572887,
        0.118465967,
        0.9810103
      ],
      [
        0.9871002,
        -0.0270829238,
        0.157796726
      ]
    ],
    "translation": [
      2.25013328,
      0.7424315,
      -0.782075644
    ]
  },
  {
    "timeStamp": 9478,
    "rotation": [
      [
        0.0352192819,
        0.995052457,
        -0.09289852
      ],
      [
        -0.165449515,
        0.09747887,
        0.981389
      ],
      [
        0.9855892,
        -0.0191938058,
        0.1680641
      ]
    ],
    "translation": [
      2.25040245,
      0.7342873,
      -0.7797391
    ]
  },
  {
    "timeStamp": 9523,
    "rotation": [
      [
        0.0539016649,
        0.9946388,
        -0.08825121
      ],
      [
        -0.172535643,
        0.09632745,
        0.98028183
      ],
      [
        0.983527362,
        -0.03761234,
        0.176802844
      ]
    ],
    "translation": [
      2.25024223,
      0.733638048,
      -0.779471338
    ]
  },
  {
    "timeStamp": 9580,
    "rotation": [
      [
        0.0405617841,
        0.996480167,
        -0.07336205
      ],
      [
        -0.185563862,
        0.07965784,
        0.979398131
      ],
      [
        0.981794655,
        -0.0261127949,
        0.188141778
      ]
    ],
    "translation": [
      2.2504456,
      0.7346278,
      -0.7800268
    ]
  },
  {
    "timeStamp": 9624,
    "rotation": [
      [
        0.0404522978,
        0.9971659,
        -0.0634324551
      ],
      [
        -0.1919774,
        0.07005822,
        0.978895545
      ],
      [
        0.98056525,
        -0.027420966,
        0.194267333
      ]
    ],
    "translation": [
      2.25052261,
      0.735076368,
      -0.779952347
    ]
  },
  {
    "timeStamp": 9680,
    "rotation": [
      [
        0.0428825766,
        0.9982006,
        -0.04191271
      ],
      [
        -0.198126674,
        0.0496146455,
        0.9789199
      ],
      [
        0.9792379,
        -0.0336745866,
        0.199897781
      ]
    ],
    "translation": [
      2.249858,
      0.7350697,
      -0.780092359
    ]
  },
  {
    "timeStamp": 9724,
    "rotation": [
      [
        0.0918381438,
        0.9956312,
        -0.01685895
      ],
      [
        -0.188362181,
        0.0339945927,
        0.9815111
      ],
      [
        0.9777962,
        -0.08696457,
        0.190661266
      ]
    ],
    "translation": [
      2.24796844,
      0.734778464,
      -0.77572304
    ]
  },
  {
    "timeStamp": 9780,
    "rotation": [
      [
        0.08898792,
        0.9959663,
        -0.0114995306
      ],
      [
        -0.15474689,
        0.0252296757,
        0.9876319
      ],
      [
        0.9839383,
        -0.08610778,
        0.156367838
      ]
    ],
    "translation": [
      2.24793339,
      0.739140868,
      -0.765379548
    ]
  },
  {
    "timeStamp": 9824,
    "rotation": [
      [
        0.08591864,
        0.996257961,
        -0.009384475
      ],
      [
        -0.133191347,
        0.020820342,
        0.9908716
      ],
      [
        0.9873591,
        -0.08388441,
        0.1344818
      ]
    ],
    "translation": [
      2.24798918,
      0.742931962,
      -0.7593149
    ]
  },
  {
    "timeStamp": 9880,
    "rotation": [
      [
        0.08315276,
        0.996469259,
        -0.0116050784
      ],
      [
        -0.108924806,
        0.0206638929,
        0.9938352
      ],
      [
        0.9905661,
        -0.08137606,
        0.110258475
      ]
    ],
    "translation": [
      2.248104,
      0.7469114,
      -0.7545891
    ]
  },
  {
    "timeStamp": 9924,
    "rotation": [
      [
        0.08212708,
        0.99642,
        -0.0200555045
      ],
      [
        -0.103855483,
        0.028570449,
        0.994181931
      ],
      [
        0.9911958,
        -0.0795663744,
        0.1058301
      ]
    ],
    "translation": [
      2.24825168,
      0.746268,
      -0.75463146
    ]
  },
  {
    "timeStamp": 9980,
    "rotation": [
      [
        0.0790954456,
        0.996498,
        -0.027123915
      ],
      [
        -0.0970512256,
        0.03477749,
        0.9946716
      ],
      [
        0.992131531,
        -0.07604158,
        0.0994620845
      ]
    ],
    "translation": [
      2.248549,
      0.7450874,
      -0.7544033
    ]
  },
  {
    "timeStamp": 10024,
    "rotation": [
      [
        0.06754287,
        0.9974356,
        -0.0236667823
      ],
      [
        -0.0857479647,
        0.02943647,
        0.9958819
      ],
      [
        0.994024754,
        -0.065235354,
        0.0875163
      ]
    ],
    "translation": [
      2.24876428,
      0.7417769,
      -0.7533731
    ]
  },
  {
    "timeStamp": 10079,
    "rotation": [
      [
        0.07034707,
        0.9974665,
        -0.0105782058
      ],
      [
        -0.0791956559,
        0.0161557086,
        0.9967282
      ],
      [
        0.9943739,
        -0.0692791641,
        0.08013152
      ]
    ],
    "translation": [
      2.24858,
      0.740458965,
      -0.7520225
    ]
  },
  {
    "timeStamp": 10126,
    "rotation": [
      [
        0.07629221,
        0.9970475,
        -0.008705786
      ],
      [
        -0.0722741038,
        0.0142381229,
        0.997283161
      ],
      [
        0.994462669,
        -0.0754557252,
        0.07314697
      ]
    ],
    "translation": [
      2.24829578,
      0.7394967,
      -0.751381
    ]
  },
  {
    "timeStamp": 10179,
    "rotation": [
      [
        0.08652852,
        0.9962393,
        -0.00447536074
      ],
      [
        -0.06875577,
        0.01045317,
        0.99757874
      ],
      [
        0.993873954,
        -0.0860113,
        0.0694017
      ]
    ],
    "translation": [
      2.24802923,
      0.738337755,
      -0.750041962
    ]
  },
  {
    "timeStamp": 10223,
    "rotation": [
      [
        0.07689357,
        0.997012,
        -0.007380794
      ],
      [
        -0.0602930337,
        0.0120389489,
        0.9981081
      ],
      [
        0.9952146,
        -0.07630307,
        0.06103859
      ]
    ],
    "translation": [
      2.24825835,
      0.7356218,
      -0.7493046
    ]
  },
  {
    "timeStamp": 10279,
    "rotation": [
      [
        0.06532431,
        0.997804642,
        -0.01089283
      ],
      [
        -0.0506552756,
        0.0142179774,
        0.998614967
      ],
      [
        0.996577561,
        -0.0646820441,
        0.0514728464
      ]
    ],
    "translation": [
      2.248729,
      0.7327436,
      -0.748595
    ]
  }
]