[
  {
    "timeStamp": 68607,
    "rotation": [
      [
        0.97940135,
        0.0377896,
        0.1983555
      ],
      [
        0.0932593942,
        0.786628842,
        -0.6103424
      ],
      [
        -0.179096743,
        0.6162687,
        0.7669011
      ]
    ],
    "translation": [
      1.4611429,
      0.698672354,
      -0.596677959
    ]
  },
  {
    "timeStamp": 68654,
    "rotation": [
      [
        0.9712222,
        0.0912368745,
        0.2200074
      ],
      [
        0.0798778757,
        0.74545,
        -0.6617581
      ],
      [
        -0.224381268,
        0.6602879,
        0.7167098
      ]
    ],
    "translation": [
      1.46179414,
      0.6953819,
      -0.6021611
    ]
  },
  {
    "timeStamp": 68708,
    "rotation": [
      [
        0.977128,
        0.07343462,
        0.199570045
      ],
      [
        0.07759285,
        0.7506555,
        -0.656121731
      ],
      [
        -0.1979904,
        0.6566001,
        0.7277885
      ]
    ],
    "translation": [
      1.463106,
      0.6976269,
      -0.608641148
    ]
  },
  {
    "timeStamp": 68752,
    "rotation": [
      [
        0.9663649,
        0.129086673,
        0.222430885
      ],
      [
        0.05216708,
        0.7485282,
        -0.661047757
      ],
      [
        -0.251828253,
        0.6504169,
        0.7166173
      ]
    ],
    "translation": [
      1.464273,
      0.7050145,
      -0.607814
    ]
  },
  {
    "timeStamp": 68808,
    "rotation": [
      [
        0.937133253,
        0.234193876,
        0.25871706
      ],
      [
        -0.00187311671,
        0.744734645,
        -0.6673581
      ],
      [
        -0.348966748,
        0.6249188,
        0.698354244
      ]
    ],
    "translation": [
      1.46780443,
      0.722941339,
      -0.6016373
    ]
  },
  {
    "timeStamp": 68852,
    "rotation": [
      [
        0.89514637,
        0.3357536,
        0.293227822
      ],
      [
        -0.05359721,
        0.7340897,
        -0.676934063
      ],
      [
        -0.44253853,
        0.590238869,
        0.675113142
      ]
    ],
    "translation": [
      1.47542858,
      0.743516564,
      -0.594936848
    ]
  },
  {
    "timeStamp": 68908,
    "rotation": [
      [
        0.8281542,
        0.4536146,
        0.329232961
      ],
      [
        -0.115105763,
        0.712511241,
        -0.6921549
      ],
      [
        -0.5485537,
        0.5353144,
        0.642282844
      ]
    ],
    "translation": [
      1.49257863,
      0.7749639,
      -0.5884935
    ]
  },
  {
    "timeStamp": 68952,
    "rotation": [
      [
        0.7649453,
        0.5349741,
        0.358693928
      ],
      [
        -0.1557937,
        0.694037855,
        -0.7028796
      ],
      [
        -0.624969542,
        0.4817822,
        0.614246666
      ]
    ],
    "translation": [
      1.51273227,
      0.80218,
      -0.585022
    ]
  },
  {
    "timeStamp": 69008,
    "rotation": [
      [
        0.674557447,
        0.6204049,
        0.400087416
      ],
      [
        -0.198932961,
        0.6746779,
        -0.7107991
      ],
      [
        -0.71091336,
        0.399884254,
        0.578528
      ]
    ],
    "translation": [
      1.54812491,
      0.8375446,
      -0.583128333
    ]
  },
  {
    "timeStamp": 69052,
    "rotation": [
      [
        0.6074916,
        0.666646063,
        0.431899279
      ],
      [
        -0.2260387,
        0.666335,
        -0.7105661
      ],
      [
        -0.7614857,
        0.334037,
        0.5554807
      ]
    ],
    "translation": [
      1.58253026,
      0.864208758,
      -0.584556758
    ]
  },
  {
    "timeStamp": 69108,
    "rotation": [
      [
        0.5211094,
        0.702072442,
        0.485323846
      ],
      [
        -0.250204653,
        0.6693152,
        -0.699581861
      ],
      [
        -0.8159918,
        0.2431284,
        0.5244482
      ]
    ],
    "translation": [
      1.6336416,
      0.893238068,
      -0.5876263
    ]
  },
  {
    "timeStamp": 69152,
    "rotation": [
      [
        0.436944366,
        0.7194981,
        0.5398166
      ],
      [
        -0.266030163,
        0.6766593,
        -0.6865567
      ],
      [
        -0.8592482,
        0.156379566,
        0.48707068
      ]
    ],
    "translation": [
      1.68167365,
      0.912917,
      -0.5898624
    ]
  },
  {
    "timeStamp": 69208,
    "rotation": [
      [
        0.3173653,
        0.725669,
        0.6104783
      ],
      [
        -0.274894565,
        0.686516762,
        -0.673147559
      ],
      [
        -0.9075859,
        0.0458164923,
        0.417359054
      ]
    ],
    "translation": [
      1.74764764,
      0.9315568,
      -0.5945276
    ]
  },
  {
    "timeStamp": 69252,
    "rotation": [
      [
        0.231391758,
        0.715821564,
        0.658830345
      ],
      [
        -0.283052385,
        0.6974481,
        -0.658367336
      ],
      [
        -0.9307735,
        -0.03414272,
        0.363998741
      ]
    ],
    "translation": [
      1.80113244,
      0.943204761,
      -0.5996541
    ]
  },
  {
    "timeStamp": 69308,
    "rotation": [
      [
        0.163950175,
        0.677080452,
        0.7174137
      ],
      [
        -0.273598075,
        0.7299337,
        -0.626371264
      ],
      [
        -0.947768152,
        -0.09358934,
        0.304920644
      ]
    ],
    "translation": [
      1.86548245,
      0.9517442,
      -0.608054638
    ]
  },
  {
    "timeStamp": 69352,
    "rotation": [
      [
        0.117648832,
        0.652808547,
        0.748331249
      ],
      [
        -0.265342981,
        0.746831059,
        -0.609783947
      ],
      [
        -0.956949234,
        -0.1268241,
        0.261081964
      ]
    ],
    "translation": [
      1.9119854,
      0.9563822,
      -0.6145083
    ]
  },
  {
    "timeStamp": 69408,
    "rotation": [
      [
        0.0573322549,
        0.630240858,
        0.774279952
      ],
      [
        -0.254512429,
        0.75915724,
        -0.5990858
      ],
      [
        -0.965368569,
        -0.162716925,
        0.203928337
      ]
    ],
    "translation": [
      1.96550381,
      0.9595733,
      -0.6211682
    ]
  },
  {
    "timeStamp": 69453,
    "rotation": [
      [
        0.0376103073,
        0.610025346,
        0.7914888
      ],
      [
        -0.236767754,
        0.774935842,
        -0.5860166
      ],
      [
        -0.970838,
        -0.165358782,
        0.1735799
      ]
    ],
    "translation": [
      2.00236082,
      0.958753765,
      -0.625763655
    ]
  },
  {
    "timeStamp": 69508,
    "rotation": [
      [
        0.008114644,
        0.5893389,
        0.8078452
      ],
      [
        -0.218272835,
        0.7894348,
        -0.5737157
      ],
      [
        -0.975854039,
        -0.171675146,
        0.135042652
      ]
    ],
    "translation": [
      2.04229927,
      0.9549035,
      -0.6310407
    ]
  },
  {
    "timeStamp": 69552,
    "rotation": [
      [
        -0.0175338052,
        0.584755242,
        0.8110203
      ],
      [
        -0.192055181,
        0.794070363,
        -0.576686263
      ],
      [
        -0.981227458,
        -0.165872157,
        0.0983822
      ]
    ],
    "translation": [
      2.068128,
      0.947652042,
      -0.635792
    ]
  },
  {
    "timeStamp": 69604,
    "rotation": [
      [
        -0.0220220536,
        0.5797397,
        0.8145041
      ],
      [
        -0.167753756,
        0.8010081,
        -0.574669242
      ],
      [
        -0.9855829,
        -0.149291515,
        0.07961366
      ]
    ],
    "translation": [
      2.08653259,
      0.9373374,
      -0.6407431
    ]
  },
  {
    "timeStamp": 69658,
    "rotation": [
      [
        -0.0220725928,
        0.590404034,
        0.806805968
      ],
      [
        -0.1265816,
        0.7988576,
        -0.588050663
      ],
      [
        -0.991710544,
        -0.115106575,
        0.0571014248
      ]
    ],
    "translation": [
      2.10265255,
      0.917949,
      -0.648178
    ]
  },
  {
    "timeStamp": 69703,
    "rotation": [
      [
        0.00149673421,
        0.580215752,
        0.81446147
      ],
      [
        -0.102740347,
        0.8102416,
        -0.577020764
      ],
      [
        -0.994707048,
        -0.0828144,
        0.0608242825
      ]
    ],
    "translation": [
      2.107659,
      0.904174745,
      -0.651801
    ]
  },
  {
    "timeStamp": 69758,
    "rotation": [
      [
        0.0062547205,
        0.583986938,
        0.811738968
      ],
      [
        -0.06692441,
        0.810179353,
        -0.5823492
      ],
      [
        -0.9977385,
        -0.0506827161,
        0.04415042
      ]
    ],
    "translation": [
      2.11255169,
      0.886333942,
      -0.654539764
    ]
  },
  {
    "timeStamp": 69802,
    "rotation": [
      [
        -0.0118092494,
        0.593019,
        0.8051018
      ],
      [
        -0.03498458,
        0.80442,
        -0.59303
      ],
      [
        -0.999318063,
        -0.03516939,
        0.0112469271
      ]
    ],
    "translation": [
      2.11596322,
      0.873113,
      -0.656793237
    ]
  },
  {
    "timeStamp": 69858,
    "rotation": [
      [
        -0.0181439128,
        0.61314404,
        0.7897627
      ],
      [
        -0.00310897431,
        0.7898543,
        -0.6132866
      ],
      [
        -0.999830544,
        -0.0135827707,
        -0.0124247978
      ]
    ],
    "translation": [
      2.113961,
      0.8593789,
      -0.658024967
    ]
  },
  {
    "timeStamp": 69902,
    "rotation": [
      [
        -0.02913107,
        0.607621431,
        0.79369235
      ],
      [
        -0.009777958,
        0.7938181,
        -0.608076632
      ],
      [
        -0.999527752,
        -0.0254746117,
        -0.0171834752
      ]
    ],
    "translation": [
      2.10950112,
      0.8531553,
      -0.656371
    ]
  },
  {
    "timeStamp": 69959,
    "rotation": [
      [
        0.00570683228,
        0.6470157,
        0.762455344
      ],
      [
        0.004845499,
        0.7624409,
        -0.6470397
      ],
      [
        -0.999972,
        0.007387024,
        0.00121600856
      ]
    ],
    "translation": [
      2.10015583,
      0.8477385,
      -0.6532199
    ]
  },
  {
    "timeStamp": 70003,
    "rotation": [
      [
        0.0128396,
        0.65306586,
        0.7571923
      ],
      [
        0.00157889712,
        0.7572406,
        -0.6531342
      ],
      [
        -0.9999164,
        0.009581511,
        0.008691543
      ]
    ],
    "translation": [
      2.09562373,
      0.8459619,
      -0.650171
    ]
  },
  {
    "timeStamp": 70059,
    "rotation": [
      [
        0.02723182,
        0.6425631,
        0.765748739
      ],
      [
        -0.009513334,
        0.7661647,
        -0.642573833
      ],
      [
        -0.99958384,
        0.0102136321,
        0.0269769765
      ]
    ],
    "translation": [
      2.09234524,
      0.845169067,
      -0.645317554
    ]
  },
  {
    "timeStamp": 70106,
    "rotation": [
      [
        0.0373104438,
        0.6359535,
        0.770824969
      ],
      [
        -0.00693318946,
        0.7715083,
        -0.6361816
      ],
      [
        -0.9992797,
        0.0183919426,
        0.0331945
      ]
    ],
    "translation": [
      2.09023952,
      0.8433695,
      -0.643000841
    ]
  },
  {
    "timeStamp": 70162,
    "rotation": [
      [
        0.04496909,
        0.621706665,
        0.781958163
      ],
      [
        -0.0025403956,
        0.7828187,
        -0.6222447
      ],
      [
        -0.9989852,
        0.0259952955,
        0.0367820226
      ]
    ],
    "translation": [
      2.09123659,
      0.8399555,
      -0.641533256
    ]
  },
  {
    "timeStamp": 70209,
    "rotation": [
      [
        0.05263979,
        0.612615645,
        0.7886261
      ],
      [
        0.008818088,
        0.789405,
        -0.613809347
      ],
      [
        -0.9985746,
        0.03926497,
        0.03615202
      ]
    ],
    "translation": [
      2.09392667,
      0.836997449,
      -0.642254233
    ]
  }
]