[
  {
    "timeStamp": 9861,
    "rotation": [
      [
        0.999726534,
        -0.00150675129,
        -0.02333528
      ],
      [
        0.0233375747,
        0.00152305549,
        0.9997265
      ],
      [
        -0.00147079735,
        -0.999997735,
        0.0015578029
      ]
    ],
    "translation": [
      1.46202385,
      0.7043132,
      -0.359919429
    ]
  },
  {
    "timeStamp": 9917,
    "rotation": [
      [
        0.9993249,
        -0.0344730467,
        -0.0127017777
      ],
      [
        0.0119042723,
        -0.02324164,
        0.999659
      ],
      [
        -0.0347565,
        -0.9991354,
        -0.022815574
      ]
    ],
    "translation": [
      1.46515357,
      0.7081598,
      -0.353111178
    ]
  },
  {
    "timeStamp": 9967,
    "rotation": [
      [
        0.9986931,
        -0.0495178923,
        0.012653036
      ],
      [
        -0.014731897,
        -0.04184477,
        0.9990155
      ],
      [
        -0.04893968,
        -0.9978963,
        -0.0425195768
      ]
    ],
    "translation": [
      1.46861756,
      0.721551239,
      -0.3532053
    ]
  },
  {
    "timeStamp": 10011,
    "rotation": [
      [
        0.998720467,
        -0.0395190828,
        0.0315549038
      ],
      [
        -0.0339890644,
        -0.0625181645,
        0.9974649
      ],
      [
        -0.03744614,
        -0.9972611,
        -0.06378138
      ]
    ],
    "translation": [
      1.47192025,
      0.7362147,
      -0.3578243
    ]
  },
  {
    "timeStamp": 10067,
    "rotation": [
      [
        0.99606967,
        -0.0466485173,
        0.07529311
      ],
      [
        -0.07850015,
        -0.0712283254,
        0.9943662
      ],
      [
        -0.04102268,
        -0.9963686,
        -0.07461029
      ]
    ],
    "translation": [
      1.47880256,
      0.7589606,
      -0.368377954
    ]
  },
  {
    "timeStamp": 10111,
    "rotation": [
      [
        0.9940974,
        -0.0382660627,
        0.101518475
      ],
      [
        -0.104606263,
        -0.08991833,
        0.9904404
      ],
      [
        -0.0287718922,
        -0.995213747,
        -0.09339046
      ]
    ],
    "translation": [
      1.486589,
      0.778569043,
      -0.3808666
    ]
  },
  {
    "timeStamp": 10166,
    "rotation": [
      [
        0.990331233,
        -0.0285649076,
        0.135750413
      ],
      [
        -0.138206393,
        -0.118770927,
        0.983256042
      ],
      [
        -0.0119634075,
        -0.992510736,
        -0.121570408
      ]
    ],
    "translation": [
      1.5005424,
      0.80461055,
      -0.398589015
    ]
  },
  {
    "timeStamp": 10211,
    "rotation": [
      [
        0.9859513,
        -0.0424050428,
        0.161561191
      ],
      [
        -0.165931985,
        -0.137753412,
        0.976468444
      ],
      [
        -0.0191516019,
        -0.989558458,
        -0.1428545
      ]
    ],
    "translation": [
      1.51775849,
      0.8260642,
      -0.411645383
    ]
  },
  {
    "timeStamp": 10266,
    "rotation": [
      [
        0.9798434,
        -0.07474031,
        0.185258821
      ],
      [
        -0.1954013,
        -0.165760085,
        0.96661365
      ],
      [
        -0.0415365,
        -0.9833298,
        -0.177023277
      ]
    ],
    "translation": [
      1.54762709,
      0.85232234,
      -0.425627917
    ]
  },
  {
    "timeStamp": 10312,
    "rotation": [
      [
        0.9728329,
        -0.114991091,
        0.20093067
      ],
      [
        -0.219148248,
        -0.17761296,
        0.9593892
      ],
      [
        -0.07463331,
        -0.977359056,
        -0.19798784
      ]
    ],
    "translation": [
      1.5775286,
      0.8722823,
      -0.435762554
    ]
  },
  {
    "timeStamp": 10368,
    "rotation": [
      [
        0.9625236,
        -0.179455161,
        0.203332812
      ],
      [
        -0.238037676,
        -0.199780583,
        0.950487137
      ],
      [
        -0.129947871,
        -0.963267148,
        -0.235010609
      ]
    ],
    "translation": [
      1.62359858,
      0.8948764,
      -0.4464648
    ]
  },
  {
    "timeStamp": 10413,
    "rotation": [
      [
        0.9521474,
        -0.232915446,
        0.1979032
      ],
      [
        -0.247611657,
        -0.20824708,
        0.9462144
      ],
      [
        -0.1791752,
        -0.9499387,
        -0.2559545
      ]
    ],
    "translation": [
      1.66381133,
      0.9101277,
      -0.4554842
    ]
  },
  {
    "timeStamp": 10459,
    "rotation": [
      [
        0.940123439,
        -0.292115331,
        0.175603285
      ],
      [
        -0.24730067,
        -0.230083957,
        0.9412246
      ],
      [
        -0.234542608,
        -0.9282941,
        -0.288547635
      ]
    ],
    "translation": [
      1.71029341,
      0.9240236,
      -0.463497251
    ]
  },
  {
    "timeStamp": 10515,
    "rotation": [
      [
        0.9150345,
        -0.378323525,
        0.139940277
      ],
      [
        -0.244790956,
        -0.245068386,
        0.9380932
      ],
      [
        -0.320607752,
        -0.8926437,
        -0.316856176
      ]
    ],
    "translation": [
      1.773498,
      0.9371258,
      -0.474551
    ]
  },
  {
    "timeStamp": 10559,
    "rotation": [
      [
        0.8952966,
        -0.4360209,
        0.09126829
      ],
      [
        -0.225482151,
        -0.266859263,
        0.9369866
      ],
      [
        -0.384189963,
        -0.8594603,
        -0.3372331
      ]
    ],
    "translation": [
      1.82747173,
      0.944279969,
      -0.4844283
    ]
  },
  {
    "timeStamp": 10615,
    "rotation": [
      [
        0.85021764,
        -0.523737848,
        0.0531851351
      ],
      [
        -0.217259526,
        -0.257067174,
        0.941655338
      ],
      [
        -0.47950837,
        -0.8121669,
        -0.3323501
      ]
    ],
    "translation": [
      1.89606452,
      0.948919356,
      -0.4984876
    ]
  },
  {
    "timeStamp": 10659,
    "rotation": [
      [
        0.8159591,
        -0.578011,
        0.0106781907
      ],
      [
        -0.195052579,
        -0.257867575,
        0.946286857
      ],
      [
        -0.5442106,
        -0.774214149,
        -0.323151946
      ]
    ],
    "translation": [
      1.94973838,
      0.948239148,
      -0.512190044
    ]
  },
  {
    "timeStamp": 10709,
    "rotation": [
      [
        0.7822062,
        -0.6224934,
        -0.02560186
      ],
      [
        -0.169202447,
        -0.251804262,
        0.952872038
      ],
      [
        -0.599603236,
        -0.7410105,
        -0.302290261
      ]
    ],
    "translation": [
      1.99978828,
      0.942373753,
      -0.5272444
    ]
  },
  {
    "timeStamp": 10765,
    "rotation": [
      [
        0.7385657,
        -0.6701636,
        -0.073494494
      ],
      [
        -0.111878611,
        -0.229333982,
        0.966896653
      ],
      [
        -0.664833665,
        -0.705894232,
        -0.244355187
      ]
    ],
    "translation": [
      2.064904,
      0.925682843,
      -0.548250735
    ]
  },
  {
    "timeStamp": 10809,
    "rotation": [
      [
        0.7261205,
        -0.68096143,
        -0.095082216
      ],
      [
        -0.06752566,
        -0.208246082,
        0.9757427
      ],
      [
        -0.6842436,
        -0.70208627,
        -0.197194114
      ]
    ],
    "translation": [
      2.09952021,
      0.9092171,
      -0.5595319
    ]
  },
  {
    "timeStamp": 10865,
    "rotation": [
      [
        0.7223272,
        -0.685713649,
        -0.0896677449
      ],
      [
        -0.0356282033,
        -0.166389108,
        0.9854163
      ],
      [
        -0.6906331,
        -0.7085983,
        -0.144618109
      ]
    ],
    "translation": [
      2.13146,
      0.886679769,
      -0.5684706
    ]
  },
  {
    "timeStamp": 10909,
    "rotation": [
      [
        0.7221026,
        -0.683596969,
        -0.106127642
      ],
      [
        0.0100285541,
        -0.143050835,
        0.989664555
      ],
      [
        -0.6917133,
        -0.7157036,
        -0.09644189
      ]
    ],
    "translation": [
      2.15211272,
      0.866007447,
      -0.573678136
    ]
  },
  {
    "timeStamp": 10965,
    "rotation": [
      [
        0.727410138,
        -0.68047297,
        -0.08849262
      ],
      [
        0.01454328,
        -0.113642983,
        0.9934152
      ],
      [
        -0.6860488,
        -0.7239073,
        -0.0727687553
      ]
    ],
    "translation": [
      2.16902184,
      0.850218654,
      -0.573180854
    ]
  },
  {
    "timeStamp": 11009,
    "rotation": [
      [
        0.7360907,
        -0.669719458,
        -0.09821565
      ],
      [
        0.035812676,
        -0.10636358,
        0.993682146
      ],
      [
        -0.675934851,
        -0.7349576,
        -0.0543088
      ]
    ],
    "translation": [
      2.17847681,
      0.839509,
      -0.5705743
    ]
  },
  {
    "timeStamp": 11065,
    "rotation": [
      [
        0.747722864,
        -0.659620166,
        -0.07623472
      ],
      [
        0.037230242,
        -0.0729821846,
        0.9966381
      ],
      [
        -0.6629663,
        -0.748047352,
        -0.0300126281
      ]
    ],
    "translation": [
      2.18513274,
      0.8286617,
      -0.5662938
    ]
  },
  {
    "timeStamp": 11110,
    "rotation": [
      [
        0.7567783,
        -0.648725748,
        -0.08025898
      ],
      [
        0.04031539,
        -0.07622669,
        0.9962751
      ],
      [
        -0.6524272,
        -0.7571951,
        -0.0315330736
      ]
    ],
    "translation": [
      2.189169,
      0.8251671,
      -0.5610713
    ]
  },
  {
    "timeStamp": 11167,
    "rotation": [
      [
        0.7651514,
        -0.6382927,
        -0.08441443
      ],
      [
        0.0460260734,
        -0.07654813,
        0.996003032
      ],
      [
        -0.6422032,
        -0.765978336,
        -0.0291927978
      ]
    ],
    "translation": [
      2.19363713,
      0.821314931,
      -0.5554574
    ]
  },
  {
    "timeStamp": 11212,
    "rotation": [
      [
        0.7685359,
        -0.6347188,
        -0.08052649
      ],
      [
        0.04360829,
        -0.07360225,
        0.9963338
      ],
      [
        -0.6383187,
        -0.769229949,
        -0.0288869739
      ]
    ],
    "translation": [
      2.19731021,
      0.817993045,
      -0.551132739
    ]
  },
  {
    "timeStamp": 11269,
    "rotation": [
      [
        0.766992331,
        -0.6355494,
        -0.0883157551
      ],
      [
        0.0605082959,
        -0.06538469,
        0.9960239
      ],
      [
        -0.638796866,
        -0.7692865,
        -0.0116935475
      ]
    ],
    "translation": [
      2.204153,
      0.8116617,
      -0.5484152
    ]
  },
  {
    "timeStamp": 11314,
    "rotation": [
      [
        0.7597649,
        -0.64470017,
        -0.0843739361
      ],
      [
        0.05946811,
        -0.060320925,
        0.996406
      ],
      [
        -0.6474726,
        -0.7620519,
        -0.00749062374
      ]
    ],
    "translation": [
      2.20823812,
      0.807992637,
      -0.545358241
    ]
  },
  {
    "timeStamp": 11359,
    "rotation": [
      [
        0.7693761,
        -0.63329196,
        -0.0836763456
      ],
      [
        0.0580044948,
        -0.0611899979,
        0.9964393
      ],
      [
        -0.636157155,
        -0.771490157,
        -0.0103443414
      ]
    ],
    "translation": [
      2.20813012,
      0.8056892,
      -0.5439996
    ]
  }
]