[
  {
    "timeStamp": 18467,
    "rotation": [
      [
        0.999866545,
        -0.0163257848,
        0.0005922496
      ],
      [
        -0.001060008,
        -0.02865776,
        0.9995887
      ],
      [
        -0.0163020976,
        -0.999456,
        -0.0286712423
      ]
    ],
    "translation": [
      1.30776513,
      0.7035089,
      -0.488544136
    ]
  },
  {
    "timeStamp": 18511,
    "rotation": [
      [
        0.9990256,
        -0.04157519,
        0.0148150884
      ],
      [
        -0.0162165239,
        -0.03357616,
        0.9993046
      ],
      [
        -0.0410488434,
        -0.9985711,
        -0.0342176445
      ]
    ],
    "translation": [
      1.306826,
      0.7057618,
      -0.485227466
    ]
  },
  {
    "timeStamp": 18566,
    "rotation": [
      [
        0.996751964,
        -0.06423868,
        0.0485677347
      ],
      [
        -0.0500129946,
        -0.02108399,
        0.998526
      ],
      [
        -0.06311998,
        -0.9977118,
        -0.0242282785
      ]
    ],
    "translation": [
      1.30712676,
      0.717843354,
      -0.4850761
    ]
  },
  {
    "timeStamp": 18611,
    "rotation": [
      [
        0.9936174,
        -0.07449848,
        0.08470188
      ],
      [
        -0.0863108262,
        -0.0186436176,
        0.9960938
      ],
      [
        -0.07262833,
        -0.9970468,
        -0.0249546468
      ]
    ],
    "translation": [
      1.308647,
      0.7358279,
      -0.48843345
    ]
  },
  {
    "timeStamp": 18667,
    "rotation": [
      [
        0.9833079,
        -0.096551396,
        0.154218763
      ],
      [
        -0.1564005,
        -0.0154059539,
        0.987573564
      ],
      [
        -0.09297572,
        -0.9952088,
        -0.030249482
      ]
    ],
    "translation": [
      1.31237364,
      0.767906368,
      -0.492033064
    ]
  },
  {
    "timeStamp": 18711,
    "rotation": [
      [
        0.968330443,
        -0.12119469,
        0.21828416
      ],
      [
        -0.222323,
        -0.0207018349,
        0.974753261
      ],
      [
        -0.113616042,
        -0.992412865,
        -0.04699059
      ]
    ],
    "translation": [
      1.32006621,
      0.800209165,
      -0.493784726
    ]
  },
  {
    "timeStamp": 18766,
    "rotation": [
      [
        0.935136855,
        -0.18425025,
        0.302606761
      ],
      [
        -0.3123275,
        -0.0255310051,
        0.949631333
      ],
      [
        -0.167243958,
        -0.9825477,
        -0.0814214051
      ]
    ],
    "translation": [
      1.33614445,
      0.84624666,
      -0.488696754
    ]
  },
  {
    "timeStamp": 18811,
    "rotation": [
      [
        0.89160347,
        -0.262109727,
        0.369244784
      ],
      [
        -0.38866955,
        -0.0245951787,
        0.9210489
      ],
      [
        -0.232334226,
        -0.9647246,
        -0.123803221
      ]
    ],
    "translation": [
      1.35764813,
      0.887380958,
      -0.477075636
    ]
  },
  {
    "timeStamp": 18867,
    "rotation": [
      [
        0.8201632,
        -0.389903963,
        0.4186971
      ],
      [
        -0.4673388,
        -0.0344018228,
        0.8834087
      ],
      [
        -0.3300406,
        -0.9202127,
        -0.210432351
      ]
    ],
    "translation": [
      1.398653,
      0.9358425,
      -0.454955846
    ]
  },
  {
    "timeStamp": 18911,
    "rotation": [
      [
        0.7421188,
        -0.5086924,
        0.43645364
      ],
      [
        -0.522751033,
        -0.0317096822,
        0.851895452
      ],
      [
        -0.4195129,
        -0.860364258,
        -0.289451778
      ]
    ],
    "translation": [
      1.44398952,
      0.971598744,
      -0.43233946
    ]
  },
  {
    "timeStamp": 18966,
    "rotation": [
      [
        0.628938854,
        -0.6567966,
        0.415997744
      ],
      [
        -0.5652992,
        -0.0189997647,
        0.8246671
      ],
      [
        -0.5337347,
        -0.7538284,
        -0.383236259
      ]
    ],
    "translation": [
      1.51711059,
      1.00710964,
      -0.4060709
    ]
  },
  {
    "timeStamp": 19011,
    "rotation": [
      [
        0.526361465,
        -0.7600779,
        0.3810843
      ],
      [
        -0.5821026,
        0.004557769,
        0.8131026
      ],
      [
        -0.619758248,
        -0.649816036,
        -0.440044284
      ]
    ],
    "translation": [
      1.58479607,
      1.02798784,
      -0.391065449
    ]
  },
  {
    "timeStamp": 19067,
    "rotation": [
      [
        0.4323041,
        -0.855438232,
        0.2851992
      ],
      [
        -0.5845214,
        -0.0250123832,
        0.810992658
      ],
      [
        -0.6866206,
        -0.5173005,
        -0.5108349
      ]
    ],
    "translation": [
      1.67380273,
      1.0432775,
      -0.3843327
    ]
  },
  {
    "timeStamp": 19111,
    "rotation": [
      [
        0.377333164,
        -0.9048553,
        0.197120667
      ],
      [
        -0.56670934,
        -0.0572686233,
        0.821925044
      ],
      [
        -0.7324344,
        -0.421849728,
        -0.534399331
      ]
    ],
    "translation": [
      1.74453235,
      1.04511046,
      -0.388622165
    ]
  },
  {
    "timeStamp": 19166,
    "rotation": [
      [
        0.2817691,
        -0.955261648,
        0.08989682
      ],
      [
        -0.5236171,
        -0.07458189,
        0.8486829
      ],
      [
        -0.8040095,
        -0.286204129,
        -0.5212062
      ]
    ],
    "translation": [
      1.8338238,
      1.03728127,
      -0.4004165
    ]
  },
  {
    "timeStamp": 19211,
    "rotation": [
      [
        0.199540362,
        -0.97899127,
        0.04194986
      ],
      [
        -0.491618872,
        -0.0629863739,
        0.868529558
      ],
      [
        -0.8476406,
        -0.193930045,
        -0.493858874
      ]
    ],
    "translation": [
      1.8976177,
      1.02898264,
      -0.416512549
    ]
  },
  {
    "timeStamp": 19266,
    "rotation": [
      [
        0.107029773,
        -0.99308455,
        -0.0482470952
      ],
      [
        -0.4611246,
        -0.09257198,
        0.8824934
      ],
      [
        -0.8808569,
        -0.07220514,
        -0.467843652
      ]
    ],
    "translation": [
      1.97355962,
      1.01840723,
      -0.438698232
    ]
  },
  {
    "timeStamp": 19311,
    "rotation": [
      [
        0.0279190317,
        -0.9961002,
        -0.08369599
      ],
      [
        -0.4251435,
        -0.08761097,
        0.900875866
      ],
      [
        -0.904695332,
        0.0104312254,
        -0.425931543
      ]
    ],
    "translation": [
      2.02457952,
      1.005575,
      -0.4583361
    ]
  },
  {
    "timeStamp": 19366,
    "rotation": [
      [
        -0.04296999,
        -0.9920445,
        -0.118327275
      ],
      [
        -0.358491033,
        -0.0952394,
        0.9286623
      ],
      [
        -0.932543755,
        0.08232387,
        -0.351546615
      ]
    ],
    "translation": [
      2.07452083,
      0.9805714,
      -0.483398736
    ]
  },
  {
    "timeStamp": 19421,
    "rotation": [
      [
        -0.08260912,
        -0.9877835,
        -0.132134318
      ],
      [
        -0.302434057,
        -0.101486579,
        0.9477521
      ],
      [
        -0.949583769,
        0.1182549,
        -0.290355653
      ]
    ],
    "translation": [
      2.10430717,
      0.9605004,
      -0.502939939
    ]
  },
  {
    "timeStamp": 19462,
    "rotation": [
      [
        -0.129913285,
        -0.9857494,
        -0.106867231
      ],
      [
        -0.231060654,
        -0.07471519,
        0.9700663
      ],
      [
        -0.9642269,
        0.1507173,
        -0.2180614
      ]
    ],
    "translation": [
      2.12982535,
      0.9373581,
      -0.521334767
    ]
  },
  {
    "timeStamp": 19516,
    "rotation": [
      [
        -0.127790347,
        -0.989575267,
        -0.06641172
      ],
      [
        -0.166807875,
        -0.0445624627,
        0.9849819
      ],
      [
        -0.9776732,
        0.136949167,
        -0.1593743
      ]
    ],
    "translation": [
      2.1375916,
      0.9157189,
      -0.534827
    ]
  },
  {
    "timeStamp": 19561,
    "rotation": [
      [
        -0.136628285,
        -0.9897925,
        -0.0405406468
      ],
      [
        -0.127751186,
        -0.0229777936,
        0.99154
      ],
      [
        -0.9823504,
        0.140651554,
        -0.123307742
      ]
    ],
    "translation": [
      2.14063215,
      0.9005201,
      -0.53946346
    ]
  },
  {
    "timeStamp": 19616,
    "rotation": [
      [
        -0.120965511,
        -0.99255,
        -0.014554901
      ],
      [
        -0.0961534,
        -0.00287759351,
        0.995362341
      ],
      [
        -0.98798877,
        0.121804021,
        -0.0950889662
      ]
    ],
    "translation": [
      2.13997388,
      0.88466,
      -0.5411149
    ]
  },
  {
    "timeStamp": 19661,
    "rotation": [
      [
        -0.107079633,
        -0.9942061,
        -0.009387482
      ],
      [
        -0.0918272138,
        0.0004878325,
        0.995774865
      ],
      [
        -0.990000844,
        0.107489228,
        -0.09134741
      ]
    ],
    "translation": [
      2.13939762,
      0.875322461,
      -0.5387021
    ]
  },
  {
    "timeStamp": 19716,
    "rotation": [
      [
        -0.10403093,
        -0.9945653,
        -0.00418869639
      ],
      [
        -0.07813566,
        0.00397426728,
        0.996934831
      ],
      [
        -0.991500139,
        0.104039349,
        -0.07812446
      ]
    ],
    "translation": [
      2.14080667,
      0.862967,
      -0.536343753
    ]
  },
  {
    "timeStamp": 19761,
    "rotation": [
      [
        -0.112528026,
        -0.993532658,
        0.0151799582
      ],
      [
        -0.07128858,
        0.0233099181,
        0.9971833
      ],
      [
        -0.991088033,
        0.111128911,
        -0.07345054
      ]
    ],
    "translation": [
      2.14205527,
      0.857296467,
      -0.5330853
    ]
  },
  {
    "timeStamp": 19817,
    "rotation": [
      [
        -0.10399498,
        -0.994526267,
        0.0101252133
      ],
      [
        -0.0493013375,
        0.0153226741,
        0.9986664
      ],
      [
        -0.9933551,
        0.103357106,
        -0.05062496
      ]
    ],
    "translation": [
      2.14254951,
      0.847723246,
      -0.531225
    ]
  },
  {
    "timeStamp": 19861,
    "rotation": [
      [
        -0.0938329,
        -0.995314538,
        0.0233317446
      ],
      [
        -0.0339851,
        0.026623657,
        0.999067664
      ],
      [
        -0.995007753,
        0.09295249,
        -0.0363240428
      ]
    ],
    "translation": [
      2.1403594,
      0.840736449,
      -0.530461848
    ]
  },
  {
    "timeStamp": 19917,
    "rotation": [
      [
        -0.08150604,
        -0.9966705,
        -0.00218223874
      ],
      [
        -0.0260513816,
        -5.83471738E-05,
        0.9996606
      ],
      [
        -0.996332347,
        0.081535235,
        -0.0259598866
      ]
    ],
    "translation": [
      2.14250422,
      0.8343071,
      -0.5290894
    ]
  },
  {
    "timeStamp": 19963,
    "rotation": [
      [
        -0.0783670843,
        -0.9969244,
        -0.0005566616
      ],
      [
        -0.0133586945,
        0.0004917826,
        0.999910653
      ],
      [
        -0.996835053,
        0.0783675238,
        -0.0133561473
      ]
    ],
    "translation": [
      2.144145,
      0.829144239,
      -0.5284795
    ]
  },
  {
    "timeStamp": 20009,
    "rotation": [
      [
        -0.06955983,
        -0.997574449,
        -0.002576614
      ],
      [
        -0.001569193,
        -0.0024734498,
        0.9999957
      ],
      [
        -0.997576535,
        0.0695635751,
        -0.00139333413
      ]
    ],
    "translation": [
      2.14375043,
      0.8240693,
      -0.528256357
    ]
  },
  {
    "timeStamp": 20066,
    "rotation": [
      [
        -0.058702182,
        -0.9981177,
        -0.0177507345
      ],
      [
        0.00592559157,
        -0.0181294773,
        0.9998181
      ],
      [
        -0.998257935,
        0.058586318,
        0.00697867759
      ]
    ],
    "translation": [
      2.14500237,
      0.81850636,
      -0.5269756
    ]
  },
  {
    "timeStamp": 20110,
    "rotation": [
      [
        -0.05467697,
        -0.9984486,
        -0.0105308583
      ],
      [
        0.004332889,
        -0.010783786,
        0.999932468
      ],
      [
        -0.998494744,
        0.05462765,
        0.00491579156
      ]
    ],
    "translation": [
      2.14401436,
      0.817154765,
      -0.524465442
    ]
  },
  {
    "timeStamp": 20166,
    "rotation": [
      [
        -0.0467048846,
        -0.99873817,
        -0.0184583943
      ],
      [
        0.00772389537,
        -0.0188390817,
        0.9997927
      ],
      [
        -0.998878837,
        0.046552632,
        0.008594027
      ]
    ],
    "translation": [
      2.14471722,
      0.814790547,
      -0.5215527
    ]
  },
  {
    "timeStamp": 20210,
    "rotation": [
      [
        -0.044574257,
        -0.997902155,
        -0.04695104
      ],
      [
        0.0110174706,
        -0.04748594,
        0.9988111
      ],
      [
        -0.9989453,
        0.0440039746,
        0.0131110074
      ]
    ],
    "translation": [
      2.148321,
      0.812109649,
      -0.519055367
    ]
  }
]