[
  {
    "timeStamp": 61746,
    "rotation": [
      [
        0.9888903,
        -0.003391675,
        0.148608387
      ],
      [
        -0.148501247,
        -0.06681645,
        0.9866524
      ],
      [
        0.006583094,
        -0.9977595,
        -0.06657781
      ]
    ],
    "translation": [
      1.76582253,
      0.700253546,
      -0.618828058
    ]
  },
  {
    "timeStamp": 61790,
    "rotation": [
      [
        0.990604162,
        -0.00328789977,
        0.1367211
      ],
      [
        -0.136704534,
        -0.052437935,
        0.989223
      ],
      [
        0.003916901,
        -0.998618841,
        -0.0523947068
      ]
    ],
    "translation": [
      1.76584053,
      0.7040374,
      -0.61895436
    ]
  },
  {
    "timeStamp": 61846,
    "rotation": [
      [
        0.9788039,
        -0.0805527642,
        0.188292533
      ],
      [
        -0.19521293,
        -0.08896815,
        0.976717234
      ],
      [
        -0.061925225,
        -0.9927718,
        -0.102807313
      ]
    ],
    "translation": [
      1.768164,
      0.7298162,
      -0.6158643
    ]
  },
  {
    "timeStamp": 61892,
    "rotation": [
      [
        0.949351847,
        -0.180899158,
        0.2569174
      ],
      [
        -0.2805049,
        -0.119474463,
        0.952388
      ],
      [
        -0.141591132,
        -0.976217866,
        -0.1641664
      ]
    ],
    "translation": [
      1.775801,
      0.760012448,
      -0.6110267
    ]
  },
  {
    "timeStamp": 61946,
    "rotation": [
      [
        0.8829796,
        -0.336519957,
        0.3272634
      ],
      [
        -0.391451448,
        -0.143113673,
        0.909001768
      ],
      [
        -0.259061366,
        -0.930737734,
        -0.258097649
      ]
    ],
    "translation": [
      1.79577291,
      0.8032813,
      -0.606960356
    ]
  },
  {
    "timeStamp": 61990,
    "rotation": [
      [
        0.8052764,
        -0.452026367,
        0.383669227
      ],
      [
        -0.500202835,
        -0.170533538,
        0.8489496
      ],
      [
        -0.318319142,
        -0.8755515,
        -0.3634315
      ]
    ],
    "translation": [
      1.81629992,
      0.8436157,
      -0.603463948
    ]
  },
  {
    "timeStamp": 62045,
    "rotation": [
      [
        0.695291,
        -0.6027808,
        0.3914405
      ],
      [
        -0.5855435,
        -0.159241989,
        0.7948464
      ],
      [
        -0.416784436,
        -0.781855,
        -0.463673919
      ]
    ],
    "translation": [
      1.85539794,
      0.88820374,
      -0.605626464
    ]
  },
  {
    "timeStamp": 62090,
    "rotation": [
      [
        0.589654,
        -0.714817762,
        0.375957072
      ],
      [
        -0.650764465,
        -0.14480415,
        0.745343864
      ],
      [
        -0.478344917,
        -0.684154451,
        -0.5505623
      ]
    ],
    "translation": [
      1.89460135,
      0.9240568,
      -0.6105996
    ]
  },
  {
    "timeStamp": 62146,
    "rotation": [
      [
        0.454685628,
        -0.8275072,
        0.3293826
      ],
      [
        -0.7375323,
        -0.142497584,
        0.6601064
      ],
      [
        -0.4993066,
        -0.5430712,
        -0.675104856
      ]
    ],
    "translation": [
      1.94753718,
      0.9673378,
      -0.619876146
    ]
  },
  {
    "timeStamp": 62197,
    "rotation": [
      [
        0.306862235,
        -0.918878734,
        0.247986913
      ],
      [
        -0.78088975,
        -0.09411941,
        0.6175376
      ],
      [
        -0.544101834,
        -0.383149415,
        -0.7464247
      ]
    ],
    "translation": [
      1.99667621,
      0.990558267,
      -0.634882331
    ]
  },
  {
    "timeStamp": 62242,
    "rotation": [
      [
        0.0686538741,
        -0.9832745,
        0.1686949
      ],
      [
        -0.823736131,
        0.0395212,
        0.565594256
      ],
      [
        -0.5628014,
        -0.177790314,
        -0.807245433
      ]
    ],
    "translation": [
      2.05313635,
      1.00382853,
      -0.660702467
    ]
  },
  {
    "timeStamp": 62297,
    "rotation": [
      [
        -0.1539309,
        -0.9818267,
        0.111002654
      ],
      [
        -0.790968955,
        0.189771667,
        0.581682861
      ],
      [
        -0.592177,
        0.001739323,
        -0.80580616
      ]
    ],
    "translation": [
      2.098671,
      0.995504737,
      -0.6918406
    ]
  },
  {
    "timeStamp": 62342,
    "rotation": [
      [
        -0.248654321,
        -0.96289134,
        0.104934253
      ],
      [
        -0.7195243,
        0.256153375,
        0.6454999
      ],
      [
        -0.6484255,
        0.08500358,
        -0.7565174
      ]
    ],
    "translation": [
      2.12640738,
      0.9809937,
      -0.711762
    ]
  },
  {
    "timeStamp": 62397,
    "rotation": [
      [
        -0.347286522,
        -0.9296029,
        0.123412423
      ],
      [
        -0.618401,
        0.325957924,
        0.7150746
      ],
      [
        -0.7049627,
        0.17201741,
        -0.6880681
      ]
    ],
    "translation": [
      2.147814,
      0.954035759,
      -0.7318551
    ]
  },
  {
    "timeStamp": 62442,
    "rotation": [
      [
        -0.391863555,
        -0.9019154,
        0.181635991
      ],
      [
        -0.560093164,
        0.390488982,
        0.730625749
      ],
      [
        -0.729889452,
        0.184572518,
        -0.658175
      ]
    ],
    "translation": [
      2.15479565,
      0.930678368,
      -0.735872269
    ]
  },
  {
    "timeStamp": 62497,
    "rotation": [
      [
        -0.40004915,
        -0.8718748,
        0.282480061
      ],
      [
        -0.497667968,
        0.4654744,
        0.731888056
      ],
      [
        -0.769602,
        0.152209908,
        -0.62011683
      ]
    ],
    "translation": [
      2.15352154,
      0.905636668,
      -0.7296518
    ]
  },
  {
    "timeStamp": 62541,
    "rotation": [
      [
        -0.41608274,
        -0.8493451,
        0.324789226
      ],
      [
        -0.44456017,
        0.5015809,
        0.742147446
      ],
      [
        -0.7932474,
        0.164406374,
        -0.586284161
      ]
    ],
    "translation": [
      2.15139341,
      0.8890359,
      -0.7273323
    ]
  },
  {
    "timeStamp": 62598,
    "rotation": [
      [
        -0.3710995,
        -0.853632152,
        0.3655096
      ],
      [
        -0.430864841,
        0.5069691,
        0.7465506
      ],
      [
        -0.8225817,
        0.119559333,
        -0.555936038
      ]
    ],
    "translation": [
      2.1515646,
      0.875786066,
      -0.7171191
    ]
  },
  {
    "timeStamp": 62643,
    "rotation": [
      [
        -0.3784202,
        -0.840575159,
        0.387597233
      ],
      [
        -0.391451478,
        0.52477777,
        0.7558929
      ],
      [
        -0.838787138,
        0.134319618,
        -0.527630866
      ]
    ],
    "translation": [
      2.151491,
      0.864610434,
      -0.714499235
    ]
  },
  {
    "timeStamp": 62689,
    "rotation": [
      [
        -0.3790104,
        -0.8409942,
        0.3861087
      ],
      [
        -0.378035218,
        0.5215446,
        0.7649056
      ],
      [
        -0.844654,
        0.143944457,
        -0.5155963
      ]
    ],
    "translation": [
      2.15515327,
      0.857164443,
      -0.7106136
    ]
  },
  {
    "timeStamp": 62745,
    "rotation": [
      [
        -0.379790783,
        -0.8288093,
        0.410894215
      ],
      [
        -0.361925721,
        0.5418966,
        0.758523464
      ],
      [
        -0.8513335,
        0.139367029,
        -0.505774736
      ]
    ],
    "translation": [
      2.155091,
      0.849444747,
      -0.7048198
    ]
  },
  {
    "timeStamp": 62790,
    "rotation": [
      [
        -0.3842078,
        -0.8174427,
        0.4291525
      ],
      [
        -0.352041334,
        0.5594234,
        0.7504082
      ],
      [
        -0.8534936,
        0.137233257,
        -0.502708435
      ]
    ],
    "translation": [
      2.15354156,
      0.844321847,
      -0.700280964
    ]
  },
  {
    "timeStamp": 62846,
    "rotation": [
      [
        -0.3759152,
        -0.819347262,
        0.432848543
      ],
      [
        -0.354258358,
        0.5586969,
        0.7499059
      ],
      [
        -0.8562645,
        0.128560811,
        -0.5002833
      ]
    ],
    "translation": [
      2.15440369,
      0.840761542,
      -0.69483304
    ]
  },
  {
    "timeStamp": 62891,
    "rotation": [
      [
        -0.363996953,
        -0.821309,
        0.439269572
      ],
      [
        -0.358428031,
        0.558821559,
        0.7478287
      ],
      [
        -0.8596718,
        0.114760824,
        -0.497789472
      ]
    ],
    "translation": [
      2.154737,
      0.8375863,
      -0.690395832
    ]
  },
  {
    "timeStamp": 62946,
    "rotation": [
      [
        -0.373888671,
        -0.8110008,
        0.449983269
      ],
      [
        -0.360666245,
        0.574119747,
        0.7350553
      ],
      [
        -0.8544748,
        0.112535074,
        -0.5071575
      ]
    ],
    "translation": [
      2.152892,
      0.835415959,
      -0.686602
    ]
  }
]