[
  {
    "timeStamp": 71935,
    "rotation": [
      [
        0.468405068,
        -0.3947035,
        0.7904466
      ],
      [
        0.5972951,
        0.8007081,
        0.04588072
      ],
      [
        -0.6510263,
        0.4506391,
        0.6108102
      ]
    ],
    "translation": [
      1.27988839,
      0.7029921,
      -0.610928357
    ]
  },
  {
    "timeStamp": 71980,
    "rotation": [
      [
        0.474053323,
        -0.376089931,
        0.7961343
      ],
      [
        0.5898265,
        0.8069725,
        0.0300012548
      ],
      [
        -0.653741658,
        0.4553589,
        0.604375839
      ]
    ],
    "translation": [
      1.281472,
      0.7047507,
      -0.6128662
    ]
  },
  {
    "timeStamp": 72035,
    "rotation": [
      [
        0.497068316,
        -0.3442966,
        0.79648155
      ],
      [
        0.5707784,
        0.8211031,
        -0.00127168
      ],
      [
        -0.653555632,
        0.455246627,
        0.604661465
      ]
    ],
    "translation": [
      1.28707743,
      0.717461348,
      -0.619757056
    ]
  },
  {
    "timeStamp": 72079,
    "rotation": [
      [
        0.5234725,
        -0.307546318,
        0.7946016
      ],
      [
        0.546073,
        0.8369723,
        -0.0357996076
      ],
      [
        -0.6540495,
        0.4526506,
        0.60607475
      ]
    ],
    "translation": [
      1.29676211,
      0.7340673,
      -0.628697038
    ]
  },
  {
    "timeStamp": 72135,
    "rotation": [
      [
        0.562497854,
        -0.2496742,
        0.788199842
      ],
      [
        0.5147771,
        0.851754546,
        -0.09756395
      ],
      [
        -0.6469936,
        0.460626751,
        0.6076367
      ]
    ],
    "translation": [
      1.31546724,
      0.760288358,
      -0.6471579
    ]
  },
  {
    "timeStamp": 72180,
    "rotation": [
      [
        0.588137031,
        -0.212550357,
        0.7803314
      ],
      [
        0.5050355,
        0.850125134,
        -0.14908497
      ],
      [
        -0.631691337,
        0.481777459,
        0.607335567
      ]
    ],
    "translation": [
      1.33932328,
      0.7790712,
      -0.667132556
    ]
  },
  {
    "timeStamp": 72235,
    "rotation": [
      [
        0.6151712,
        -0.183699608,
        0.7666935
      ],
      [
        0.506796539,
        0.8370724,
        -0.20607549
      ],
      [
        -0.60392195,
        0.5153293,
        0.6080411
      ]
    ],
    "translation": [
      1.37590766,
      0.799834847,
      -0.698550165
    ]
  },
  {
    "timeStamp": 72279,
    "rotation": [
      [
        0.6365205,
        -0.168694273,
        0.7525848
      ],
      [
        0.499411762,
        0.833741367,
        -0.235506251
      ],
      [
        -0.587732553,
        0.5257543,
        0.614941359
      ]
    ],
    "translation": [
      1.41090477,
      0.8141839,
      -0.7249128
    ]
  },
  {
    "timeStamp": 72335,
    "rotation": [
      [
        0.6485323,
        -0.158725947,
        0.744454145
      ],
      [
        0.502086163,
        0.8242882,
        -0.261645615
      ],
      [
        -0.5721148,
        0.543465734,
        0.6142716
      ]
    ],
    "translation": [
      1.45819211,
      0.8279517,
      -0.7582348
    ]
  },
  {
    "timeStamp": 72379,
    "rotation": [
      [
        0.6359933,
        -0.138493657,
        0.7591653
      ],
      [
        0.502785861,
        0.8206678,
        -0.271497071
      ],
      [
        -0.5854219,
        0.5543679,
        0.591571867
      ]
    ],
    "translation": [
      1.49798012,
      0.8365805,
      -0.77774334
    ]
  },
  {
    "timeStamp": 72435,
    "rotation": [
      [
        0.608710945,
        -0.0982416049,
        0.787286162
      ],
      [
        0.5030983,
        0.8150867,
        -0.28727296
      ],
      [
        -0.6134843,
        0.570948541,
        0.5455774
      ]
    ],
    "translation": [
      1.54774809,
      0.847878635,
      -0.793812156
    ]
  },
  {
    "timeStamp": 72479,
    "rotation": [
      [
        0.5513001,
        -0.03348335,
        0.8336348
      ],
      [
        0.500026345,
        0.81311655,
        -0.298018634
      ],
      [
        -0.667863667,
        0.581137061,
        0.465013832
      ]
    ],
    "translation": [
      1.58918989,
      0.8586318,
      -0.7949343
    ]
  },
  {
    "timeStamp": 72535,
    "rotation": [
      [
        0.464544147,
        0.05397981,
        0.883903265
      ],
      [
        0.4846956,
        0.8198561,
        -0.30480504
      ],
      [
        -0.741126835,
        0.5700194,
        0.354695559
      ]
    ],
    "translation": [
      1.64286268,
      0.8738966,
      -0.7867131
    ]
  },
  {
    "timeStamp": 72580,
    "rotation": [
      [
        0.376980454,
        0.121248707,
        0.91825074
      ],
      [
        0.458967417,
        0.836664259,
        -0.298901141
      ],
      [
        -0.8045089,
        0.534127057,
        0.259756863
      ]
    ],
    "translation": [
      1.69005978,
      0.8865077,
      -0.776377559
    ]
  },
  {
    "timeStamp": 72635,
    "rotation": [
      [
        0.226557627,
        0.195932254,
        0.954087138
      ],
      [
        0.4216056,
        0.8633052,
        -0.2774037
      ],
      [
        -0.8780207,
        0.465096384,
        0.112982243
      ]
    ],
    "translation": [
      1.756646,
      0.901177168,
      -0.7544508
    ]
  },
  {
    "timeStamp": 72679,
    "rotation": [
      [
        0.0969834253,
        0.237903148,
        0.9664349
      ],
      [
        0.3863577,
        0.8858669,
        -0.256841719
      ],
      [
        -0.9172361,
        0.398298949,
        -0.006001305
      ]
    ],
    "translation": [
      1.81315708,
      0.912028551,
      -0.7390515
    ]
  },
  {
    "timeStamp": 72735,
    "rotation": [
      [
        -0.07245312,
        0.245563641,
        0.966669
      ],
      [
        0.3282492,
        0.9210924,
        -0.20938307
      ],
      [
        -0.941808343,
        0.302137882,
        -0.147342086
      ]
    ],
    "translation": [
      1.88867438,
      0.9227888,
      -0.7192003
    ]
  },
  {
    "timeStamp": 72779,
    "rotation": [
      [
        -0.189045355,
        0.242343977,
        0.951594055
      ],
      [
        0.29185012,
        0.939144433,
        -0.181193948
      ],
      [
        -0.937595546,
        0.24346897,
        -0.248268992
      ]
    ],
    "translation": [
      1.94500589,
      0.928523958,
      -0.7079642
    ]
  },
  {
    "timeStamp": 72835,
    "rotation": [
      [
        -0.299412817,
        0.214476362,
        0.9297052
      ],
      [
        0.2673859,
        0.954223931,
        -0.134020656
      ],
      [
        -0.91589123,
        0.208462566,
        -0.343054831
      ]
    ],
    "translation": [
      2.008171,
      0.9256317,
      -0.6960935
    ]
  },
  {
    "timeStamp": 72882,
    "rotation": [
      [
        -0.352980524,
        0.204016447,
        0.913116634
      ],
      [
        0.27529,
        0.95538336,
        -0.107042074
      ],
      [
        -0.8942148,
        0.213588133,
        -0.393395424
      ]
    ],
    "translation": [
      2.04574585,
      0.917421162,
      -0.687804639
    ]
  },
  {
    "timeStamp": 72930,
    "rotation": [
      [
        -0.38512215,
        0.149902344,
        0.9106098
      ],
      [
        0.2695944,
        0.9619528,
        -0.04433535
      ],
      [
        -0.8826096,
        0.228420779,
        -0.410882175
      ]
    ],
    "translation": [
      2.08138728,
      0.904849768,
      -0.676904857
    ]
  },
  {
    "timeStamp": 72985,
    "rotation": [
      [
        -0.385399163,
        0.107484281,
        0.916468561
      ],
      [
        0.298610538,
        0.954277337,
        0.0136550637
      ],
      [
        -0.8730974,
        0.2789298,
        -0.399873644
      ]
    ],
    "translation": [
      2.10185218,
      0.8844311,
      -0.667168856
    ]
  },
  {
    "timeStamp": 73030,
    "rotation": [
      [
        -0.398977757,
        0.1015983,
        0.9113147
      ],
      [
        0.314552,
        0.9487025,
        0.0319458172
      ],
      [
        -0.861321,
        0.299401551,
        -0.410469174
      ]
    ],
    "translation": [
      2.11480784,
      0.8691447,
      -0.6570729
    ]
  },
  {
    "timeStamp": 73085,
    "rotation": [
      [
        -0.384219021,
        0.06751392,
        0.9207701
      ],
      [
        0.348522,
        0.9341376,
        0.07693721
      ],
      [
        -0.854931653,
        0.350469381,
        -0.382443517
      ]
    ],
    "translation": [
      2.12158632,
      0.848310232,
      -0.6510754
    ]
  },
  {
    "timeStamp": 73130,
    "rotation": [
      [
        -0.37519297,
        0.06314238,
        0.9247936
      ],
      [
        0.368346244,
        0.9256804,
        0.08623682
      ],
      [
        -0.8506181,
        0.3729997,
        -0.370567054
      ]
    ],
    "translation": [
      2.1225,
      0.836772263,
      -0.6467013
    ]
  },
  {
    "timeStamp": 73175,
    "rotation": [
      [
        -0.360695034,
        0.02879071,
        0.932239354
      ],
      [
        0.370472074,
        0.9217127,
        0.114874654
      ],
      [
        -0.855949461,
        0.386803329,
        -0.343123347
      ]
    ],
    "translation": [
      2.121837,
      0.8281377,
      -0.6455678
    ]
  },
  {
    "timeStamp": 73230,
    "rotation": [
      [
        -0.3560683,
        0.0213502627,
        0.934215963
      ],
      [
        0.388309628,
        0.912716,
        0.127141953
      ],
      [
        -0.8499594,
        0.4080363,
        -0.3332798
      ]
    ],
    "translation": [
      2.12220383,
      0.8176512,
      -0.64447397
    ]
  },
  {
    "timeStamp": 73285,
    "rotation": [
      [
        -0.35051626,
        0.00155467447,
        0.9365553
      ],
      [
        0.411730379,
        0.8984377,
        0.152603284
      ],
      [
        -0.8411994,
        0.4390982,
        -0.315557122
      ]
    ],
    "translation": [
      2.122565,
      0.8044193,
      -0.6469457
    ]
  }
]