[
  {
    "timeStamp": 96935,
    "rotation": [
      [
        0.031840317,
        0.9993182,
        0.0186917651
      ],
      [
        -0.05067831,
        -0.0170630421,
        0.99856925
      ],
      [
        0.998207331,
        -0.0327420346,
        0.0501004644
      ]
    ],
    "translation": [
      1.15317738,
      0.7014795,
      -0.491108567
    ]
  },
  {
    "timeStamp": 96979,
    "rotation": [
      [
        0.060169328,
        0.9970973,
        0.04665506
      ],
      [
        -0.05481038,
        -0.0433689468,
        0.9975545
      ],
      [
        0.9966822,
        -0.06257937,
        0.0520418
      ]
    ],
    "translation": [
      1.15586889,
      0.7042697,
      -0.490110517
    ]
  },
  {
    "timeStamp": 97035,
    "rotation": [
      [
        0.0616024546,
        0.995443,
        0.07279072
      ],
      [
        -0.0524005331,
        -0.06960312,
        0.9961976
      ],
      [
        0.9967243,
        -0.06518247,
        0.04787402
      ]
    ],
    "translation": [
      1.16237628,
      0.7138556,
      -0.4970648
    ]
  },
  {
    "timeStamp": 97079,
    "rotation": [
      [
        0.0456865765,
        0.991976261,
        0.117880553
      ],
      [
        -0.04836837,
        -0.115668721,
        0.9921095
      ],
      [
        0.997784138,
        -0.05102779,
        0.0426957645
      ]
    ],
    "translation": [
      1.16823983,
      0.7279744,
      -0.505828261
    ]
  },
  {
    "timeStamp": 97135,
    "rotation": [
      [
        0.04253942,
        0.981234968,
        0.188064769
      ],
      [
        -0.05766878,
        -0.185509816,
        0.980948746
      ],
      [
        0.9974291,
        -0.052574452,
        0.04869514
      ]
    ],
    "translation": [
      1.18094957,
      0.7518775,
      -0.522572041
    ]
  },
  {
    "timeStamp": 97180,
    "rotation": [
      [
        0.0189082567,
        0.9708551,
        0.238920033
      ],
      [
        -0.07922005,
        -0.236756682,
        0.96833384
      ],
      [
        0.9966778,
        -0.03723677,
        0.07243453
      ]
    ],
    "translation": [
      1.19831681,
      0.771886349,
      -0.545364857
    ]
  },
  {
    "timeStamp": 97235,
    "rotation": [
      [
        -0.04091411,
        0.95991075,
        0.2773039
      ],
      [
        -0.11332307,
        -0.280203551,
        0.9532281
      ],
      [
        0.9927154,
        0.007575547,
        0.120244309
      ]
    ],
    "translation": [
      1.22573042,
      0.79259783,
      -0.5840931
    ]
  },
  {
    "timeStamp": 97279,
    "rotation": [
      [
        -0.102881886,
        0.9504894,
        0.2932324
      ],
      [
        -0.142567948,
        -0.3058436,
        0.941346943
      ],
      [
        0.9844236,
        0.0550420024,
        0.166975081
      ]
    ],
    "translation": [
      1.25384438,
      0.8036238,
      -0.6221069
    ]
  },
  {
    "timeStamp": 97335,
    "rotation": [
      [
        -0.181650445,
        0.939802647,
        0.2894374
      ],
      [
        -0.196206465,
        -0.323054343,
        0.925817966
      ],
      [
        0.9635902,
        0.111385755,
        0.243078351
      ]
    ],
    "translation": [
      1.2953496,
      0.8110521,
      -0.671868443
    ]
  },
  {
    "timeStamp": 97379,
    "rotation": [
      [
        -0.213291183,
        0.9346471,
        0.2845027
      ],
      [
        -0.182895064,
        -0.324253857,
        0.92812115
      ],
      [
        0.9597168,
        0.145925924,
        0.240102813
      ]
    ],
    "translation": [
      1.33404016,
      0.8141455,
      -0.7039138
    ]
  },
  {
    "timeStamp": 97435,
    "rotation": [
      [
        -0.192574441,
        0.93710953,
        0.2911028
      ],
      [
        -0.220365688,
        -0.3303779,
        0.9177633
      ],
      [
        0.95621866,
        0.112588711,
        0.270129144
      ]
    ],
    "translation": [
      1.38415146,
      0.8168995,
      -0.7349858
    ]
  },
  {
    "timeStamp": 97479,
    "rotation": [
      [
        -0.147618711,
        0.943458855,
        0.296806574
      ],
      [
        -0.234159514,
        -0.324900925,
        0.916301668
      ],
      [
        0.960925639,
        0.0657632053,
        0.268881321
      ]
    ],
    "translation": [
      1.42486632,
      0.819518447,
      -0.753180265
    ]
  },
  {
    "timeStamp": 97535,
    "rotation": [
      [
        -0.0605312847,
        0.9442858,
        0.323512554
      ],
      [
        -0.234852523,
        -0.3284814,
        0.9148466
      ],
      [
        0.9701445,
        -0.0206008889,
        0.241651282
      ]
    ],
    "translation": [
      1.4759388,
      0.8267207,
      -0.7651893
    ]
  },
  {
    "timeStamp": 97579,
    "rotation": [
      [
        0.0582221,
        0.9290117,
        0.365441471
      ],
      [
        -0.2363919,
        -0.342821956,
        0.909171045
      ],
      [
        0.9699119,
        -0.139321253,
        0.199651018
      ]
    ],
    "translation": [
      1.51852727,
      0.8365548,
      -0.7633853
    ]
  },
  {
    "timeStamp": 97635,
    "rotation": [
      [
        0.225253537,
        0.887737334,
        0.4014764
      ],
      [
        -0.217428878,
        -0.355872124,
        0.9088893
      ],
      [
        0.9497292,
        -0.292023063,
        0.112858288
      ]
    ],
    "translation": [
      1.57854164,
      0.8499938,
      -0.753281534
    ]
  },
  {
    "timeStamp": 97679,
    "rotation": [
      [
        0.367499,
        0.8294584,
        0.42064625
      ],
      [
        -0.197914615,
        -0.3721867,
        0.906811357
      ],
      [
        0.908721268,
        -0.416504323,
        0.0273837056
      ]
    ],
    "translation": [
      1.63325965,
      0.864027143,
      -0.7419425
    ]
  },
  {
    "timeStamp": 97735,
    "rotation": [
      [
        0.5355112,
        0.7504795,
        0.387308925
      ],
      [
        -0.115449682,
        -0.389250726,
        0.913868248
      ],
      [
        0.836599767,
        -0.534101367,
        -0.121805511
      ]
    ],
    "translation": [
      1.71069062,
      0.8840794,
      -0.726281047
    ]
  },
  {
    "timeStamp": 97779,
    "rotation": [
      [
        0.665052652,
        0.669538,
        0.330792576
      ],
      [
        -0.03986709,
        -0.410486847,
        0.9109946
      ],
      [
        0.745731533,
        -0.6190471,
        -0.246302843
      ]
    ],
    "translation": [
      1.78057861,
      0.902793944,
      -0.7158636
    ]
  },
  {
    "timeStamp": 97835,
    "rotation": [
      [
        0.7998552,
        0.551959634,
        0.2357377
      ],
      [
        0.0405646674,
        -0.441586375,
        0.89630127
      ],
      [
        0.5988207,
        -0.7073486,
        -0.375595182
      ]
    ],
    "translation": [
      1.8709079,
      0.9254134,
      -0.7095641
    ]
  },
  {
    "timeStamp": 97879,
    "rotation": [
      [
        0.870498657,
        0.466204345,
        0.157751709
      ],
      [
        0.08442213,
        -0.45721072,
        0.8853424
      ],
      [
        0.484876245,
        -0.7573716,
        -0.437359273
      ]
    ],
    "translation": [
      1.93989062,
      0.938344955,
      -0.711807847
    ]
  },
  {
    "timeStamp": 97934,
    "rotation": [
      [
        0.924379051,
        0.367943645,
        0.100701742
      ],
      [
        0.09091925,
        -0.468870431,
        0.8785751
      ],
      [
        0.3704822,
        -0.802980661,
        -0.466867149
      ]
    ],
    "translation": [
      2.0138464,
      0.9439601,
      -0.7197851
    ]
  },
  {
    "timeStamp": 97979,
    "rotation": [
      [
        0.943938732,
        0.315989763,
        0.09555172
      ],
      [
        0.0521814227,
        -0.428625435,
        0.901974142
      ],
      [
        0.325970471,
        -0.8464223,
        -0.42108497
      ]
    ],
    "translation": [
      2.058979,
      0.9311175,
      -0.728510857
    ]
  },
  {
    "timeStamp": 98044,
    "rotation": [
      [
        0.951261044,
        0.22844404,
        0.2071612
      ],
      [
        -0.10552717,
        -0.390073419,
        0.9147168
      ],
      [
        0.28976965,
        -0.891995549,
        -0.346954584
      ]
    ],
    "translation": [
      2.09215331,
      0.906384945,
      -0.7405252
    ]
  },
  {
    "timeStamp": 98079,
    "rotation": [
      [
        0.9344784,
        0.237503424,
        0.26522103
      ],
      [
        -0.180746347,
        -0.3253253,
        0.9281671
      ],
      [
        0.306725979,
        -0.9152899,
        -0.2610816
      ]
    ],
    "translation": [
      2.10500073,
      0.8846739,
      -0.74843657
    ]
  },
  {
    "timeStamp": 98129,
    "rotation": [
      [
        0.8879251,
        0.3075325,
        0.342071444
      ],
      [
        -0.259681165,
        -0.278684974,
        0.924608231
      ],
      [
        0.379677266,
        -0.909812331,
        -0.167590961
      ]
    ],
    "translation": [
      2.10118246,
      0.861343563,
      -0.759391
    ]
  },
  {
    "timeStamp": 98189,
    "rotation": [
      [
        0.8546817,
        0.329284,
        0.401361883
      ],
      [
        -0.331758469,
        -0.24823314,
        0.910119
      ],
      [
        0.399318963,
        -0.911017239,
        -0.102917552
      ]
    ],
    "translation": [
      2.09297729,
      0.844385,
      -0.7686389
    ]
  },
  {
    "timeStamp": 98229,
    "rotation": [
      [
        0.8367429,
        0.35029,
        0.4209018
      ],
      [
        -0.35357216,
        -0.2413332,
        0.903739452
      ],
      [
        0.4181485,
        -0.9050167,
        -0.07808104
      ]
    ],
    "translation": [
      2.087659,
      0.833754659,
      -0.7722262
    ]
  },
  {
    "timeStamp": 98285,
    "rotation": [
      [
        0.8378848,
        0.385258377,
        0.386684716
      ],
      [
        -0.338997543,
        -0.18795906,
        0.92182
      ],
      [
        0.427819729,
        -0.9034641,
        -0.0268864017
      ]
    ],
    "translation": [
      2.086864,
      0.815462232,
      -0.7793469
    ]
  },
  {
    "timeStamp": 98329,
    "rotation": [
      [
        0.836741567,
        0.3821301,
        0.392224669
      ],
      [
        -0.3583985,
        -0.15938504,
        0.919862449
      ],
      [
        0.414021879,
        -0.9102599,
        0.00359077333
      ]
    ],
    "translation": [
      2.08647728,
      0.8035106,
      -0.784327865
    ]
  },
  {
    "timeStamp": 98385,
    "rotation": [
      [
        0.8245728,
        0.393639565,
        0.406358957
      ],
      [
        -0.387526959,
        -0.130320117,
        0.9126004
      ],
      [
        0.412192374,
        -0.9099806,
        0.0450875163
      ]
    ],
    "translation": [
      2.08099866,
      0.791468441,
      -0.790781438
    ]
  },
  {
    "timeStamp": 98429,
    "rotation": [
      [
        0.8192117,
        0.4079553,
        0.403069
      ],
      [
        -0.393129081,
        -0.1122373,
        0.912607431
      ],
      [
        0.4175424,
        -0.906076849,
        0.06843297
      ]
    ],
    "translation": [
      2.07693315,
      0.7848259,
      -0.7952245
    ]
  },
  {
    "timeStamp": 98485,
    "rotation": [
      [
        0.822468936,
        0.4087451,
        0.3955659
      ],
      [
        -0.399611622,
        -0.07967949,
        0.913215041
      ],
      [
        0.40479067,
        -0.9091637,
        0.09780539
      ]
    ],
    "translation": [
      2.074734,
      0.779219568,
      -0.799371
    ]
  }
]