[
  {
    "timeStamp": 109985,
    "rotation": [
      [
        0.999783754,
        0.0200163256,
        -0.005642616
      ],
      [
        -0.02076488,
        0.945873857,
        -0.323869646
      ],
      [
        -0.00114547729,
        0.3239168,
        0.9460849
      ]
    ],
    "translation": [
      1.30764735,
      0.7037646,
      -0.4953239
    ]
  },
  {
    "timeStamp": 110030,
    "rotation": [
      [
        0.999993563,
        -0.0005420091,
        0.00354061648
      ],
      [
        0.00141294941,
        0.968017459,
        -0.25087896
      ],
      [
        -0.00329139968,
        0.250882357,
        0.968012035
      ]
    ],
    "translation": [
      1.31160152,
      0.704285562,
      -0.498283029
    ]
  },
  {
    "timeStamp": 110080,
    "rotation": [
      [
        0.998738647,
        -0.0294779669,
        0.04064746
      ],
      [
        0.0433347933,
        0.914948,
        -0.4012386
      ],
      [
        -0.0253626071,
        0.402493954,
        0.9150713
      ]
    ],
    "translation": [
      1.32083488,
      0.7204928,
      -0.518118143
    ]
  },
  {
    "timeStamp": 110135,
    "rotation": [
      [
        0.997769833,
        0.0411450155,
        0.05255888
      ],
      [
        -0.0142497541,
        0.9005677,
        -0.4344822
      ],
      [
        -0.0652096048,
        0.432764262,
        0.8991456
      ]
    ],
    "translation": [
      1.33030617,
      0.740858257,
      -0.5341678
    ]
  },
  {
    "timeStamp": 110180,
    "rotation": [
      [
        0.996134758,
        0.07443308,
        0.0466398858
      ],
      [
        -0.04447474,
        0.8852774,
        -0.462931931
      ],
      [
        -0.0757466853,
        0.459068269,
        0.8851659
      ]
    ],
    "translation": [
      1.34404838,
      0.7545304,
      -0.5545536
    ]
  },
  {
    "timeStamp": 110235,
    "rotation": [
      [
        0.9952943,
        0.08991555,
        0.03611789
      ],
      [
        -0.0606484637,
        0.8687612,
        -0.4915036
      ],
      [
        -0.07557164,
        0.4870002,
        0.870126247
      ]
    ],
    "translation": [
      1.3665998,
      0.7670555,
      -0.588861167
    ]
  },
  {
    "timeStamp": 110280,
    "rotation": [
      [
        0.9948761,
        0.0990139,
        0.0204431731
      ],
      [
        -0.07430883,
        0.8532262,
        -0.5162202
      ],
      [
        -0.06855563,
        0.512056053,
        0.856211841
      ]
    ],
    "translation": [
      1.38936448,
      0.7747517,
      -0.621129453
    ]
  },
  {
    "timeStamp": 110335,
    "rotation": [
      [
        0.9948163,
        0.10085047,
        0.0130259208
      ],
      [
        -0.0776806,
        0.8363528,
        -0.5426599
      ],
      [
        -0.06562177,
        0.538835049,
        0.8398515
      ]
    ],
    "translation": [
      1.42228973,
      0.781365,
      -0.6627082
    ]
  },
  {
    "timeStamp": 110379,
    "rotation": [
      [
        0.9929099,
        0.115772992,
        0.0269551855
      ],
      [
        -0.08001133,
        0.818622,
        -0.568732142
      ],
      [
        -0.08790993,
        0.562543035,
        0.822081
      ]
    ],
    "translation": [
      1.45124149,
      0.786217868,
      -0.6935241
    ]
  },
  {
    "timeStamp": 110425,
    "rotation": [
      [
        0.9907147,
        0.130173534,
        0.0392320156
      ],
      [
        -0.08542689,
        0.82050693,
        -0.5652173
      ],
      [
        -0.105766475,
        0.5566177,
        0.824008644
      ]
    ],
    "translation": [
      1.4832232,
      0.7895684,
      -0.719774
    ]
  },
  {
    "timeStamp": 110482,
    "rotation": [
      [
        0.972596049,
        0.191547319,
        0.131782278
      ],
      [
        -0.0824669,
        0.8141581,
        -0.5747572
      ],
      [
        -0.217384815,
        0.5481389,
        0.807643235
      ]
    ],
    "translation": [
      1.5264461,
      0.7931604,
      -0.738079131
    ]
  },
  {
    "timeStamp": 110527,
    "rotation": [
      [
        0.9387847,
        0.259294868,
        0.226824775
      ],
      [
        -0.08269661,
        0.8087707,
        -0.582281053
      ],
      [
        -0.3344317,
        0.52787894,
        0.7807044
      ]
    ],
    "translation": [
      1.56330729,
      0.7982577,
      -0.7446702
    ]
  },
  {
    "timeStamp": 110584,
    "rotation": [
      [
        0.889265,
        0.322255641,
        0.324590683
      ],
      [
        -0.08644113,
        0.8152726,
        -0.5725892
      ],
      [
        -0.449150026,
        0.481125563,
        0.7528496
      ]
    ],
    "translation": [
      1.60981619,
      0.80603534,
      -0.7511657
    ]
  },
  {
    "timeStamp": 110629,
    "rotation": [
      [
        0.8460755,
        0.3552593,
        0.397425652
      ],
      [
        -0.09032957,
        0.830318,
        -0.549920559
      ],
      [
        -0.5253541,
        0.429375,
        0.734602034
      ]
    ],
    "translation": [
      1.64565742,
      0.8123784,
      -0.7541832
    ]
  },
  {
    "timeStamp": 110684,
    "rotation": [
      [
        0.7795614,
        0.40037778,
        0.4816448
      ],
      [
        -0.115087561,
        0.847475469,
        -0.5182087
      ],
      [
        -0.6156614,
        0.348544151,
        0.706737638
      ]
    ],
    "translation": [
      1.688859,
      0.8224699,
      -0.7540343
    ]
  },
  {
    "timeStamp": 110728,
    "rotation": [
      [
        0.7315957,
        0.41672498,
        0.539544344
      ],
      [
        -0.129913777,
        0.8621407,
        -0.489730328
      ],
      [
        -0.669246,
        0.288190365,
        0.68487674
      ]
    ],
    "translation": [
      1.7215122,
      0.830618,
      -0.752283752
    ]
  },
  {
    "timeStamp": 110784,
    "rotation": [
      [
        0.656998456,
        0.44636,
        0.607549
      ],
      [
        -0.173465148,
        0.873764753,
        -0.4543622
      ],
      [
        -0.733664,
        0.1931267,
        0.651490033
      ]
    ],
    "translation": [
      1.75969028,
      0.844728649,
      -0.746626854
    ]
  },
  {
    "timeStamp": 110828,
    "rotation": [
      [
        0.5944395,
        0.474713773,
        0.6490674
      ],
      [
        -0.21633707,
        0.871806264,
        -0.439490765
      ],
      [
        -0.774493337,
        0.120833345,
        0.6209343
      ]
    ],
    "translation": [
      1.78818285,
      0.858310342,
      -0.741574168
    ]
  },
  {
    "timeStamp": 110884,
    "rotation": [
      [
        0.5250317,
        0.496303856,
        0.691392958
      ],
      [
        -0.265709221,
        0.8673497,
        -0.42083627
      ],
      [
        -0.808542132,
        0.03724289,
        0.5872585
      ]
    ],
    "translation": [
      1.820298,
      0.8754698,
      -0.736099064
    ]
  },
  {
    "timeStamp": 110928,
    "rotation": [
      [
        0.484955341,
        0.509935558,
        0.7104816
      ],
      [
        -0.3076592,
        0.8599537,
        -0.407216728
      ],
      [
        -0.8186356,
        -0.0211042725,
        0.5739255
      ]
    ],
    "translation": [
      1.84256411,
      0.889904857,
      -0.7335722
    ]
  },
  {
    "timeStamp": 110984,
    "rotation": [
      [
        0.4403102,
        0.5249982,
        0.728356957
      ],
      [
        -0.361810058,
        0.8461952,
        -0.3912124
      ],
      [
        -0.821718,
        -0.0912720561,
        0.562538
      ]
    ],
    "translation": [
      1.86810672,
      0.9081667,
      -0.732048035
    ]
  },
  {
    "timeStamp": 111028,
    "rotation": [
      [
        0.410479635,
        0.5280302,
        0.7434316
      ],
      [
        -0.406443417,
        0.8357625,
        -0.3691948
      ],
      [
        -0.8162783,
        -0.150615945,
        0.557677865
      ]
    ],
    "translation": [
      1.88782036,
      0.9236081,
      -0.7315126
    ]
  },
  {
    "timeStamp": 111084,
    "rotation": [
      [
        0.34771657,
        0.5468436,
        0.7616136
      ],
      [
        -0.4819119,
        0.8010285,
        -0.355125666
      ],
      [
        -0.8042724,
        -0.2435476,
        0.5420613
      ]
    ],
    "translation": [
      1.91581559,
      0.947105765,
      -0.730397642
    ]
  },
  {
    "timeStamp": 111128,
    "rotation": [
      [
        0.2715687,
        0.5739704,
        0.772533834
      ],
      [
        -0.5540633,
        0.749576867,
        -0.3621442
      ],
      [
        -0.7869335,
        -0.3296856,
        0.521577537
      ]
    ],
    "translation": [
      1.94371724,
      0.9681297,
      -0.728610754
    ]
  },
  {
    "timeStamp": 111184,
    "rotation": [
      [
        0.229031727,
        0.558644235,
        0.7971581
      ],
      [
        -0.6581228,
        0.692263842,
        -0.2960494
      ],
      [
        -0.71723,
        -0.45682323,
        0.526206851
      ]
    ],
    "translation": [
      1.98223865,
      0.995187163,
      -0.7299491
    ]
  },
  {
    "timeStamp": 111229,
    "rotation": [
      [
        0.287395,
        0.478742927,
        0.8295838
      ],
      [
        -0.6833331,
        0.7093981,
        -0.172656223
      ],
      [
        -0.671163142,
        -0.517261565,
        0.5310184
      ]
    ],
    "translation": [
      2.01619577,
      1.00521731,
      -0.7316219
    ]
  },
  {
    "timeStamp": 111279,
    "rotation": [
      [
        0.376330376,
        0.3752677,
        0.847083032
      ],
      [
        -0.6361315,
        0.769380152,
        -0.05823268
      ],
      [
        -0.67358166,
        -0.5169414,
        0.5282607
      ]
    ],
    "translation": [
      2.05192566,
      1.00270426,
      -0.7308428
    ]
  },
  {
    "timeStamp": 111334,
    "rotation": [
      [
        0.5383419,
        0.159162909,
        0.8275598
      ],
      [
        -0.4957673,
        0.8539111,
        0.158274144
      ],
      [
        -0.6814711,
        -0.4954827,
        0.538603842
      ]
    ],
    "translation": [
      2.1083324,
      0.986745,
      -0.7289633
    ]
  },
  {
    "timeStamp": 111379,
    "rotation": [
      [
        0.6448141,
        0.02531945,
        0.76391995
      ],
      [
        -0.3427713,
        0.902894258,
        0.2594028
      ],
      [
        -0.683171,
        -0.429116428,
        0.5908777
      ]
    ],
    "translation": [
      2.14028525,
      0.968119144,
      -0.7288068
    ]
  },
  {
    "timeStamp": 111434,
    "rotation": [
      [
        0.772955954,
        -0.0752568245,
        0.6299806
      ],
      [
        -0.188943237,
        0.92058444,
        0.3417963
      ],
      [
        -0.6056729,
        -0.38322407,
        0.697351933
      ]
    ],
    "translation": [
      2.16827655,
      0.9463406,
      -0.731217146
    ]
  },
  {
    "timeStamp": 111479,
    "rotation": [
      [
        0.8581786,
        -0.1436937,
        0.492830068
      ],
      [
        -0.0517196581,
        0.930939138,
        0.361493349
      ],
      [
        -0.5107391,
        -0.335714877,
        0.7914803
      ]
    ],
    "translation": [
      2.18205357,
      0.925632834,
      -0.738381147
    ]
  },
  {
    "timeStamp": 111534,
    "rotation": [
      [
        0.9144395,
        -0.197852686,
        0.353064924
      ],
      [
        0.068064265,
        0.935117245,
        0.34774
      ],
      [
        -0.398958385,
        -0.293956071,
        0.868574739
      ]
    ],
    "translation": [
      2.19251537,
      0.9042632,
      -0.7417655
    ]
  },
  {
    "timeStamp": 111579,
    "rotation": [
      [
        0.934510767,
        -0.214378878,
        0.284132421
      ],
      [
        0.119004518,
        0.9405183,
        0.318218768
      ],
      [
        -0.335451126,
        -0.2635658,
        0.9044366
      ]
    ],
    "translation": [
      2.19522214,
      0.891738057,
      -0.741322
    ]
  },
  {
    "timeStamp": 111634,
    "rotation": [
      [
        0.945017338,
        -0.222794279,
        0.2393845
      ],
      [
        0.1509193,
        0.9465278,
        0.285146356
      ],
      [
        -0.290113062,
        -0.2333405,
        0.928109169
      ]
    ],
    "translation": [
      2.19473052,
      0.8786349,
      -0.735268056
    ]
  },
  {
    "timeStamp": 111679,
    "rotation": [
      [
        0.9484784,
        -0.237663254,
        0.209535167
      ],
      [
        0.183621511,
        0.9512571,
        0.247776151
      ],
      [
        -0.2582091,
        -0.196535155,
        0.94588685
      ]
    ],
    "translation": [
      2.19522071,
      0.8672119,
      -0.732068062
    ]
  },
  {
    "timeStamp": 111736,
    "rotation": [
      [
        0.9549982,
        -0.235355824,
        0.180516124
      ],
      [
        0.197499931,
        0.95862776,
        0.205004141
      ],
      [
        -0.221296683,
        -0.160126656,
        0.9619705
      ]
    ],
    "translation": [
      2.19223642,
      0.8555782,
      -0.72979176
    ]
  },
  {
    "timeStamp": 111781,
    "rotation": [
      [
        0.961191654,
        -0.2205166,
        0.165779963
      ],
      [
        0.1912585,
        0.9656983,
        0.175633058
      ],
      [
        -0.198823437,
        -0.1371102,
        0.9703968
      ]
    ],
    "translation": [
      2.18845558,
      0.849088848,
      -0.730202556
    ]
  },
  {
    "timeStamp": 111826,
    "rotation": [
      [
        0.9653657,
        -0.211990863,
        0.152081683
      ],
      [
        0.1901301,
        0.970792532,
        0.146329775
      ],
      [
        -0.178660333,
        -0.112346448,
        0.9774757
      ]
    ],
    "translation": [
      2.18573332,
      0.842639148,
      -0.7320954
    ]
  },
  {
    "timeStamp": 111883,
    "rotation": [
      [
        0.9683479,
        -0.207664743,
        0.1384835
      ],
      [
        0.1953467,
        0.9758825,
        0.09743259
      ],
      [
        -0.155376941,
        -0.06729635,
        0.985560358
      ]
    ],
    "translation": [
      2.18328428,
      0.8352386,
      -0.736834764
    ]
  },
  {
    "timeStamp": 111928,
    "rotation": [
      [
        0.9711166,
        -0.206238717,
        0.119992048
      ],
      [
        0.197389647,
        0.9769233,
        0.08159741
      ],
      [
        -0.134051576,
        -0.0555554144,
        0.9894159
      ]
    ],
    "translation": [
      2.182141,
      0.830509841,
      -0.7396962
    ]
  },
  {
    "timeStamp": 111984,
    "rotation": [
      [
        0.970166445,
        -0.213907763,
        0.114107765
      ],
      [
        0.205322281,
        0.975214541,
        0.0824585259
      ],
      [
        -0.128918067,
        -0.05656963,
        0.9900404
      ]
    ],
    "translation": [
      2.18305683,
      0.825711,
      -0.7390486
    ]
  },
  {
    "timeStamp": 112028,
    "rotation": [
      [
        0.9702822,
        -0.211169079,
        0.11815273
      ],
      [
        0.2037305,
        0.976377368,
        0.07197999
      ],
      [
        -0.1305616,
        -0.04576959,
        0.990383148
      ]
    ],
    "translation": [
      2.18335485,
      0.8236453,
      -0.7380138
    ]
  },
  {
    "timeStamp": 112084,
    "rotation": [
      [
        0.9685603,
        -0.225323454,
        0.105452791
      ],
      [
        0.220801547,
        0.9738828,
        0.05290547
      ],
      [
        -0.1146195,
        -0.0279579964,
        0.993015945
      ]
    ],
    "translation": [
      2.18515348,
      0.819997251,
      -0.7385668
    ]
  }
]