[
  {
    "timeStamp": 84641,
    "rotation": [
      [
        0.9981521,
        0.03446302,
        0.0500472225
      ],
      [
        0.0462400466,
        0.103578106,
        -0.9935459
      ],
      [
        -0.0394243859,
        0.994024038,
        0.101793133
      ]
    ],
    "translation": [
      1.3061341,
      0.69687593,
      -0.362255335
    ]
  },
  {
    "timeStamp": 84685,
    "rotation": [
      [
        0.9970676,
        0.0355611444,
        0.06776194
      ],
      [
        0.0643565357,
        0.08946226,
        -0.9939088
      ],
      [
        -0.04140667,
        0.9953552,
        0.08691132
      ]
    ],
    "translation": [
      1.306339,
      0.698632956,
      -0.362026453
    ]
  },
  {
    "timeStamp": 84740,
    "rotation": [
      [
        0.996492147,
        0.08353597,
        0.005020336
      ],
      [
        -0.004514786,
        0.113564909,
        -0.9935203
      ],
      [
        -0.08356482,
        0.9900125,
        0.113543682
      ]
    ],
    "translation": [
      1.30446279,
      0.7076602,
      -0.361276716
    ]
  },
  {
    "timeStamp": 84785,
    "rotation": [
      [
        0.9887605,
        0.132030353,
        -0.07014819
      ],
      [
        -0.08640085,
        0.121693231,
        -0.9888001
      ],
      [
        -0.122015066,
        0.9837473,
        0.131732985
      ]
    ],
    "translation": [
      1.30258274,
      0.73174417,
      -0.363801837
    ]
  },
  {
    "timeStamp": 84840,
    "rotation": [
      [
        0.9764837,
        0.145568237,
        -0.159026667
      ],
      [
        -0.17809087,
        0.128924161,
        -0.975531757
      ],
      [
        -0.121504061,
        0.9809121,
        0.151816726
      ]
    ],
    "translation": [
      1.307681,
      0.7645891,
      -0.38375026
    ]
  },
  {
    "timeStamp": 84896,
    "rotation": [
      [
        0.955134749,
        0.167231992,
        -0.244440481
      ],
      [
        -0.263986766,
        0.106536426,
        -0.958624542
      ],
      [
        -0.134270892,
        0.9801446,
        0.145903677
      ]
    ],
    "translation": [
      1.32137132,
      0.7983004,
      -0.417691767
    ]
  },
  {
    "timeStamp": 84940,
    "rotation": [
      [
        0.935544848,
        0.176388949,
        -0.306010932
      ],
      [
        -0.321953028,
        0.06954285,
        -0.9441981
      ],
      [
        -0.145265236,
        0.9818608,
        0.12184941
      ]
    ],
    "translation": [
      1.3396188,
      0.8210531,
      -0.4551543
    ]
  },
  {
    "timeStamp": 84996,
    "rotation": [
      [
        0.916141,
        0.168478042,
        -0.36373198
      ],
      [
        -0.371152073,
        0.013729753,
        -0.9284706
      ],
      [
        -0.151432961,
        0.9856098,
        0.07510936
      ]
    ],
    "translation": [
      1.36653852,
      0.8414063,
      -0.514799
    ]
  },
  {
    "timeStamp": 85040,
    "rotation": [
      [
        0.911493242,
        0.150185272,
        -0.382915676
      ],
      [
        -0.383368641,
        -0.02709344,
        -0.9231979
      ],
      [
        -0.149025232,
        0.988286555,
        0.03288083
      ]
    ],
    "translation": [
      1.39249432,
      0.8488436,
      -0.5686768
    ]
  },
  {
    "timeStamp": 85085,
    "rotation": [
      [
        0.9118509,
        0.130000144,
        -0.3893943
      ],
      [
        -0.382089645,
        -0.07809978,
        -0.920819163
      ],
      [
        -0.150118232,
        0.988433361,
        -0.02154365
      ]
    ],
    "translation": [
      1.42014027,
      0.852031648,
      -0.626501262
    ]
  },
  {
    "timeStamp": 85140,
    "rotation": [
      [
        0.917425156,
        0.103926808,
        -0.384096682
      ],
      [
        -0.3680956,
        -0.1449358,
        -0.918422163
      ],
      [
        -0.151118025,
        0.983967841,
        -0.09471275
      ]
    ],
    "translation": [
      1.45727825,
      0.8534316,
      -0.697351456
    ]
  },
  {
    "timeStamp": 85185,
    "rotation": [
      [
        0.919960856,
        0.101276994,
        -0.3787018
      ],
      [
        -0.356466472,
        -0.1858271,
        -0.915641844
      ],
      [
        -0.163106486,
        0.9773491,
        -0.134851813
      ]
    ],
    "translation": [
      1.48744345,
      0.855612,
      -0.7480702
    ]
  },
  {
    "timeStamp": 85240,
    "rotation": [
      [
        0.9135157,
        0.1415583,
        -0.381379366
      ],
      [
        -0.343420237,
        -0.234185562,
        -0.909516156
      ],
      [
        -0.218063116,
        0.9618307,
        -0.1653182
      ]
    ],
    "translation": [
      1.5250262,
      0.8611169,
      -0.7931579
    ]
  },
  {
    "timeStamp": 85289,
    "rotation": [
      [
        0.894396067,
        0.19972606,
        -0.400206357
      ],
      [
        -0.3429773,
        -0.268069685,
        -0.900280654
      ],
      [
        -0.2870927,
        0.9424692,
        -0.171258971
      ]
    ],
    "translation": [
      1.55395186,
      0.8693473,
      -0.815246761
    ]
  },
  {
    "timeStamp": 85339,
    "rotation": [
      [
        0.860172749,
        0.283382565,
        -0.42402488
      ],
      [
        -0.35207203,
        -0.271574855,
        -0.8957077
      ],
      [
        -0.3689825,
        0.9197507,
        -0.13383022
      ]
    ],
    "translation": [
      1.59046936,
      0.88137424,
      -0.828072
    ]
  },
  {
    "timeStamp": 85394,
    "rotation": [
      [
        0.8128669,
        0.379085928,
        -0.442200482
      ],
      [
        -0.367992759,
        -0.2542285,
        -0.8943988
      ],
      [
        -0.451473951,
        0.8897538,
        -0.06715307
      ]
    ],
    "translation": [
      1.62948251,
      0.8963057,
      -0.8247786
    ]
  },
  {
    "timeStamp": 85439,
    "rotation": [
      [
        0.771136343,
        0.451399773,
        -0.448984385
      ],
      [
        -0.395913839,
        -0.2122844,
        -0.8934134
      ],
      [
        -0.498599,
        0.866702735,
        0.0150151923
      ]
    ],
    "translation": [
      1.66344118,
      0.9115188,
      -0.8142091
    ]
  },
  {
    "timeStamp": 85494,
    "rotation": [
      [
        0.7337501,
        0.5293065,
        -0.425964028
      ],
      [
        -0.43094793,
        -0.1221147,
        -0.894076
      ],
      [
        -0.5252567,
        0.8395967,
        0.138501853
      ]
    ],
    "translation": [
      1.71253538,
      0.932519436,
      -0.795499146
    ]
  },
  {
    "timeStamp": 85539,
    "rotation": [
      [
        0.7109104,
        0.5864738,
        -0.3881429
      ],
      [
        -0.4616995,
        -0.0271263383,
        -0.886621535
      ],
      [
        -0.530509233,
        0.809513867,
        0.251490265
      ]
    ],
    "translation": [
      1.75817335,
      0.951568663,
      -0.779123366
    ]
  },
  {
    "timeStamp": 85594,
    "rotation": [
      [
        0.712566435,
        0.626991868,
        -0.3148498
      ],
      [
        -0.4800654,
        0.108455881,
        -0.8705025
      ],
      [
        -0.5116507,
        0.7714393,
        0.37827912
      ]
    ],
    "translation": [
      1.8221066,
      0.9732679,
      -0.761593342
    ]
  },
  {
    "timeStamp": 85638,
    "rotation": [
      [
        0.7376145,
        0.634207,
        -0.231746182
      ],
      [
        -0.4687294,
        0.233893722,
        -0.8518137
      ],
      [
        -0.486022264,
        0.736936331,
        0.4697949
      ]
    ],
    "translation": [
      1.87683022,
      0.9857209,
      -0.7516417
    ]
  },
  {
    "timeStamp": 85695,
    "rotation": [
      [
        0.787476242,
        0.6040147,
        -0.122667968
      ],
      [
        -0.422806,
        0.384580374,
        -0.82056874
      ],
      [
        -0.448459864,
        0.698043168,
        0.5582289
      ]
    ],
    "translation": [
      1.94713879,
      0.993037045,
      -0.7426532
    ]
  },
  {
    "timeStamp": 85740,
    "rotation": [
      [
        0.834531,
        0.550726354,
        -0.0160776
      ],
      [
        -0.340076566,
        0.491929859,
        -0.8014692
      ],
      [
        -0.433481157,
        0.674318552,
        0.597819865
      ]
    ],
    "translation": [
      2.00223064,
      0.988633633,
      -0.7376767
    ]
  },
  {
    "timeStamp": 85785,
    "rotation": [
      [
        0.875983834,
        0.4741439,
        0.08854296
      ],
      [
        -0.230070218,
        0.5720738,
        -0.7872733
      ],
      [
        -0.423933923,
        0.6692676,
        0.6102138
      ]
    ],
    "translation": [
      2.05455756,
      0.9770144,
      -0.735355556
    ]
  },
  {
    "timeStamp": 85835,
    "rotation": [
      [
        0.919960558,
        0.361195982,
        0.152348652
      ],
      [
        -0.1078316,
        0.606805444,
        -0.78750205
      ],
      [
        -0.376888573,
        0.7080428,
        0.597185433
      ]
    ],
    "translation": [
      2.105398,
      0.955723,
      -0.7412263
    ]
  },
  {
    "timeStamp": 85890,
    "rotation": [
      [
        0.944051266,
        0.286333829,
        0.163646191
      ],
      [
        -0.03382783,
        0.5776539,
        -0.815580547
      ],
      [
        -0.328059167,
        0.7644141,
        0.555021
      ]
    ],
    "translation": [
      2.14106321,
      0.933615,
      -0.749443531
    ]
  },
  {
    "timeStamp": 85935,
    "rotation": [
      [
        0.963984668,
        0.191809952,
        0.184234753
      ],
      [
        0.0446427763,
        0.5661942,
        -0.823062062
      ],
      [
        -0.262184143,
        0.801643968,
        0.5372396
      ]
    ],
    "translation": [
      2.1637814,
      0.91150707,
      -0.7579686
    ]
  },
  {
    "timeStamp": 85990,
    "rotation": [
      [
        0.9757116,
        0.120808288,
        0.182735473
      ],
      [
        0.0922709554,
        0.529919147,
        -0.843013465
      ],
      [
        -0.198678061,
        0.839399159,
        0.505901158
      ]
    ],
    "translation": [
      2.181794,
      0.88775146,
      -0.763201833
    ]
  },
  {
    "timeStamp": 86035,
    "rotation": [
      [
        0.980905354,
        0.111441731,
        0.159390733
      ],
      [
        0.08306176,
        0.5009973,
        -0.8614537
      ],
      [
        -0.1758562,
        0.8582438,
        0.4821744
      ]
    ],
    "translation": [
      2.18718982,
      0.872217655,
      -0.7628848
    ]
  },
  {
    "timeStamp": 86090,
    "rotation": [
      [
        0.98617655,
        0.06531716,
        0.152280837
      ],
      [
        0.104826257,
        0.465806842,
        -0.878655434
      ],
      [
        -0.128324747,
        0.882472456,
        0.452520877
      ]
    ],
    "translation": [
      2.19231677,
      0.8515561,
      -0.761387169
    ]
  },
  {
    "timeStamp": 86135,
    "rotation": [
      [
        0.988754749,
        0.05968517,
        0.13711971
      ],
      [
        0.09748321,
        0.438088447,
        -0.893630564
      ],
      [
        -0.113407046,
        0.896948338,
        0.427343726
      ]
    ],
    "translation": [
      2.1912384,
      0.8372374,
      -0.7584661
    ]
  },
  {
    "timeStamp": 86191,
    "rotation": [
      [
        0.9918613,
        0.04717832,
        0.118259788
      ],
      [
        0.0880607739,
        0.416645646,
        -0.904793739
      ],
      [
        -0.0919590741,
        0.907843947,
        0.409100115
      ]
    ],
    "translation": [
      2.18877268,
      0.822101533,
      -0.7514898
    ]
  },
  {
    "timeStamp": 86236,
    "rotation": [
      [
        0.9935227,
        0.0127118053,
        0.112920888
      ],
      [
        0.09913189,
        0.3888067,
        -0.9159706
      ],
      [
        -0.0555480458,
        0.9212316,
        0.385028124
      ]
    ],
    "translation": [
      2.188188,
      0.807418644,
      -0.7524277
    ]
  },
  {
    "timeStamp": 86294,
    "rotation": [
      [
        0.993725,
        0.005101861,
        0.111734428
      ],
      [
        0.102122888,
        0.366088867,
        -0.924959362
      ],
      [
        -0.0456237532,
        0.9305659,
        0.36327064
      ]
    ],
    "translation": [
      2.18794775,
      0.7932124,
      -0.7493286
    ]
  },
  {
    "timeStamp": 86339,
    "rotation": [
      [
        0.993331254,
        -0.0271465126,
        0.112053588
      ],
      [
        0.114508472,
        0.345616549,
        -0.931363
      ],
      [
        -0.0134443156,
        0.9379831,
        0.346420258
      ]
    ],
    "translation": [
      2.18869734,
      0.782792151,
      -0.750675142
    ]
  },
  {
    "timeStamp": 86395,
    "rotation": [
      [
        0.9920371,
        -0.05489004,
        0.113355547
      ],
      [
        0.1251046,
        0.32560122,
        -0.937194049
      ],
      [
        0.0145339146,
        0.943912566,
        0.329875469
      ]
    ],
    "translation": [
      2.19010687,
      0.773109734,
      -0.751565933
    ]
  },
  {
    "timeStamp": 86440,
    "rotation": [
      [
        0.991215765,
        -0.06140585,
        0.117135271
      ],
      [
        0.130788371,
        0.323589832,
        -0.9371147
      ],
      [
        0.0196405333,
        0.94420284,
        0.328778535
      ]
    ],
    "translation": [
      2.19157863,
      0.7688551,
      -0.748231769
    ]
  },
  {
    "timeStamp": 86496,
    "rotation": [
      [
        0.992370665,
        -0.0549223237,
        0.110381633
      ],
      [
        0.122121148,
        0.314859718,
        -0.9412491
      ],
      [
        0.0169408675,
        0.947547853,
        0.3191647
      ]
    ],
    "translation": [
      2.19084859,
      0.7669234,
      -0.743959665
    ]
  }
]