[
  {
    "timeStamp": 1,
    "rotation": [
      [
        -0.969963253,
        -0.143041462,
        -0.196749747
      ],
      [
        -0.04343793,
        0.89768517,
        -0.438491076
      ],
      [
        0.239341751,
        -0.416773826,
        -0.876935065
      ]
    ],
    "translation": [
      1.74961329,
      1.557593,
      -1.45032644
    ]
  },
  {
    "timeStamp": 14,
    "rotation": [
      [
        -0.970449865,
        -0.142353252,
        -0.194839939
      ],
      [
        -0.0432737,
        0.897028863,
        -0.4398483
      ],
      [
        0.2373909,
        -0.418419272,
        -0.876681745
      ]
    ],
    "translation": [
      1.75017142,
      1.55739975,
      -1.45009041
    ]
  },
  {
    "timeStamp": 26,
    "rotation": [
      [
        -0.98124975,
        -0.123333551,
        -0.148114577
      ],
      [
        -0.0421844833,
        0.8872577,
        -0.459341168
      ],
      [
        0.188067973,
        -0.44448027,
        -0.8758241
      ]
    ],
    "translation": [
      1.75907373,
      1.55467963,
      -1.45055342
    ]
  },
  {
    "timeStamp": 75,
    "rotation": [
      [
        -0.9939245,
        -0.08312598,
        -0.0721395537
      ],
      [
        -0.0371444523,
        0.870316,
        -0.491090983
      ],
      [
        0.103606626,
        -0.4854278,
        -0.8681161
      ]
    ],
    "translation": [
      1.77374387,
      1.55137217,
      -1.45003963
    ]
  },
  {
    "timeStamp": 130,
    "rotation": [
      [
        -0.998932362,
        -0.0114364307,
        0.0447599925
      ],
      [
        -0.033752162,
        0.84222275,
        -0.5380721
      ],
      [
        -0.03154426,
        -0.5390084,
        -0.841709554
      ]
    ],
    "translation": [
      1.79393411,
      1.54709554,
      -1.445817
    ]
  },
  {
    "timeStamp": 174,
    "rotation": [
      [
        -0.985802352,
        0.0687117,
        0.153207108
      ],
      [
        -0.03394654,
        0.812037647,
        -0.582617
      ],
      [
        -0.164442524,
        -0.579546034,
        -0.7981761
      ]
    ],
    "translation": [
      1.813051,
      1.54268551,
      -1.438081
    ]
  },
  {
    "timeStamp": 229,
    "rotation": [
      [
        -0.942697763,
        0.176887423,
        0.282898873
      ],
      [
        -0.0402514264,
        0.7814097,
        -0.6227189
      ],
      [
        -0.33121106,
        -0.598422766,
        -0.729513168
      ]
    ],
    "translation": [
      1.83823776,
      1.5388279,
      -1.42431355
    ]
  },
  {
    "timeStamp": 353,
    "rotation": [
      [
        -0.9418611,
        0.178231314,
        0.284835577
      ],
      [
        -0.0396660455,
        0.7828107,
        -0.6209944
      ],
      [
        -0.333652973,
        -0.5961887,
        -0.7302292
      ]
    ],
    "translation": [
      1.83850241,
      1.538932,
      -1.42231679
    ]
  },
  {
    "timeStamp": 355,
    "rotation": [
      [
        -0.9294668,
        0.20057568,
        0.309614033
      ],
      [
        -0.041294843,
        0.7774332,
        -0.6276085
      ],
      [
        -0.3665872,
        -0.5961267,
        -0.7143156
      ]
    ],
    "translation": [
      1.84366751,
      1.538192,
      -1.41891146
    ]
  },
  {
    "timeStamp": 396,
    "rotation": [
      [
        -0.6349625,
        0.5132566,
        0.5773996
      ],
      [
        -0.03766443,
        0.725945532,
        -0.68672
      ],
      [
        -0.771624267,
        -0.457788885,
        -0.441616684
      ]
    ],
    "translation": [
      1.91106546,
      1.53197169,
      -1.35169506
    ]
  },
  {
    "timeStamp": 452,
    "rotation": [
      [
        -0.4985671,
        0.5921208,
        0.63310647
      ],
      [
        -0.03745386,
        0.7149556,
        -0.698165953
      ],
      [
        -0.8660416,
        -0.37179485,
        -0.33427617
      ]
    ],
    "translation": [
      1.92997026,
      1.531774,
      -1.31901765
    ]
  },
  {
    "timeStamp": 496,
    "rotation": [
      [
        -0.386212617,
        0.6444886,
        0.6599048
      ],
      [
        -0.0290924646,
        0.706547141,
        -0.7070678
      ],
      [
        -0.921950936,
        -0.29227674,
        -0.254127651
      ]
    ],
    "translation": [
      1.94158185,
      1.53151715,
      -1.29114389
    ]
  },
  {
    "timeStamp": 552,
    "rotation": [
      [
        -0.24864468,
        0.6889381,
        0.6808378
      ],
      [
        -0.019395506,
        0.6992306,
        -0.714633048
      ],
      [
        -0.968400538,
        -0.1908949,
        -0.160497665
      ]
    ],
    "translation": [
      1.95321345,
      1.53205609,
      -1.25367975
    ]
  },
  {
    "timeStamp": 596,
    "rotation": [
      [
        -0.13821058,
        0.7172309,
        0.6829916
      ],
      [
        -0.0141659649,
        0.6881078,
        -0.7254702
      ],
      [
        -0.990301549,
        -0.109942883,
        -0.0849435
      ]
    ],
    "translation": [
      1.959609,
      1.533299,
      -1.2222445
    ]
  },
  {
    "timeStamp": 652,
    "rotation": [
      [
        0.00597446272,
        0.741082251,
        0.6713877
      ],
      [
        -1.59740466E-05,
        0.6713997,
        -0.7410954
      ],
      [
        -0.9999822,
        0.004416922,
        0.00402309047
      ]
    ],
    "translation": [
      1.96326685,
      1.53409553,
      -1.18091989
    ]
  },
  {
    "timeStamp": 696,
    "rotation": [
      [
        0.130225852,
        0.7451656,
        0.6540408
      ],
      [
        0.0116331577,
        0.6584645,
        -0.7525219
      ],
      [
        -0.9914161,
        0.105606355,
        0.0770804659
      ]
    ],
    "translation": [
      1.96296048,
      1.53414655,
      -1.1466285
    ]
  },
  {
    "timeStamp": 752,
    "rotation": [
      [
        0.291832566,
        0.7323941,
        0.6151688
      ],
      [
        0.0148726981,
        0.6396136,
        -0.768552661
      ],
      [
        -0.9563538,
        0.233437911,
        0.1757674
      ]
    ],
    "translation": [
      1.95870936,
      1.53284216,
      -1.10345018
    ]
  },
  {
    "timeStamp": 796,
    "rotation": [
      [
        0.4005037,
        0.716649,
        0.570973754
      ],
      [
        0.009935763,
        0.6196998,
        -0.7847761
      ],
      [
        -0.9162413,
        0.3199788,
        0.2410716
      ]
    ],
    "translation": [
      1.95210385,
      1.52945948,
      -1.07087266
    ]
  },
  {
    "timeStamp": 853,
    "rotation": [
      [
        0.504415,
        0.6983915,
        0.5077547
      ],
      [
        -0.000426815415,
        0.5882473,
        -0.808681
      ],
      [
        -0.863461256,
        0.4076941,
        0.2970188
      ]
    ],
    "translation": [
      1.94196486,
      1.52352357,
      -1.0332762
    ]
  },
  {
    "timeStamp": 899,
    "rotation": [
      [
        0.568357348,
        0.6812565,
        0.461367071
      ],
      [
        -0.005908133,
        0.5641052,
        -0.8256818
      ],
      [
        -0.822760642,
        0.466556519,
        0.3246383
      ]
    ],
    "translation": [
      1.93258142,
      1.5168016,
      -1.00571156
    ]
  },
  {
    "timeStamp": 956,
    "rotation": [
      [
        0.6308711,
        0.652439952,
        0.41990906
      ],
      [
        0.000253319653,
        0.5410251,
        -0.8410064
      ],
      [
        -0.775887549,
        0.530673,
        0.341151834
      ]
    ],
    "translation": [
      1.92248845,
      1.50969529,
      -0.98112905
    ]
  },
  {
    "timeStamp": 1002,
    "rotation": [
      [
        0.716530263,
        0.59956497,
        0.356519431
      ],
      [
        0.0168293733,
        0.4960905,
        -0.8681077
      ],
      [
        -0.6973529,
        0.6280255,
        0.345373571
      ]
    ],
    "translation": [
      1.90853989,
      1.50296307,
      -0.9549272
    ]
  },
  {
    "timeStamp": 1046,
    "rotation": [
      [
        0.773773432,
        0.5530776,
        0.308836162
      ],
      [
        0.0239572972,
        0.4616376,
        -0.886745036
      ],
      [
        -0.6330092,
        0.693538666,
        0.343952656
      ]
    ],
    "translation": [
      1.89712977,
      1.49975121,
      -0.9387703
    ]
  },
  {
    "timeStamp": 1102,
    "rotation": [
      [
        0.823026657,
        0.501862764,
        0.2660091
      ],
      [
        0.0233056955,
        0.438091934,
        -0.898628
      ],
      [
        -0.5675244,
        0.745794356,
        0.3488651
      ]
    ],
    "translation": [
      1.885353,
      1.49799085,
      -0.92072463
    ]
  },
  {
    "timeStamp": 1146,
    "rotation": [
      [
        0.863031268,
        0.4443148,
        0.240336046
      ],
      [
        0.0281289555,
        0.432763249,
        -0.9010687
      ],
      [
        -0.504366755,
        0.784410834,
        0.360990077
      ]
    ],
    "translation": [
      1.8778398,
      1.49745011,
      -0.9078437
    ]
  },
  {
    "timeStamp": 1202,
    "rotation": [
      [
        0.9148554,
        0.352017462,
        0.197795808
      ],
      [
        0.0279147755,
        0.433547616,
        -0.9006982
      ],
      [
        -0.4028154,
        0.82953006,
        0.386806935
      ]
    ],
    "translation": [
      1.86876416,
      1.496621,
      -0.8948444
    ]
  },
  {
    "timeStamp": 1246,
    "rotation": [
      [
        0.9505681,
        0.273685127,
        0.146686062
      ],
      [
        0.01696776,
        0.425906837,
        -0.9046079
      ],
      [
        -0.310052335,
        0.8623803,
        0.4002096
      ]
    ],
    "translation": [
      1.86032522,
      1.49547052,
      -0.8883774
    ]
  },
  {
    "timeStamp": 1301,
    "rotation": [
      [
        0.9831569,
        0.165508,
        0.07752137
      ],
      [
        -0.0002510408,
        0.425384939,
        -0.9050125
      ],
      [
        -0.182763234,
        0.8897498,
        0.4182617
      ]
    ],
    "translation": [
      1.85216534,
      1.49501741,
      -0.8840848
    ]
  },
  {
    "timeStamp": 1346,
    "rotation": [
      [
        0.996509135,
        0.08055446,
        0.0219201185
      ],
      [
        -0.0149696907,
        0.430729717,
        -0.9023568
      ],
      [
        -0.0821305141,
        0.8988787,
        0.430432
      ]
    ],
    "translation": [
      1.84815121,
      1.49430335,
      -0.883904934
    ]
  },
  {
    "timeStamp": 1401,
    "rotation": [
      [
        0.998682737,
        -0.0216426924,
        -0.0465229265
      ],
      [
        -0.0325766355,
        0.4330699,
        -0.900771439
      ],
      [
        0.0396428,
        0.901100457,
        0.431794435
      ]
    ],
    "translation": [
      1.84691679,
      1.49332881,
      -0.889174461
    ]
  },
  {
    "timeStamp": 1446,
    "rotation": [
      [
        0.9904531,
        -0.09547819,
        -0.09943112
      ],
      [
        -0.0485797748,
        0.433267266,
        -0.8999553
      ],
      [
        0.129006356,
        0.896193862,
        0.424492568
      ]
    ],
    "translation": [
      1.84877563,
      1.49333978,
      -0.89604497
    ]
  },
  {
    "timeStamp": 1501,
    "rotation": [
      [
        0.9695956,
        -0.182139635,
        -0.16343
      ],
      [
        -0.0695898458,
        0.435047656,
        -0.8977142
      ],
      [
        0.234609187,
        0.881792843,
        0.409145266
      ]
    ],
    "translation": [
      1.85553789,
      1.49562907,
      -0.9066012
    ]
  },
  {
    "timeStamp": 1546,
    "rotation": [
      [
        0.950066,
        -0.231403425,
        -0.209349141
      ],
      [
        -0.085687615,
        0.451634139,
        -0.888079
      ],
      [
        0.300053716,
        0.8616723,
        0.4092538
      ]
    ],
    "translation": [
      1.86310685,
      1.498366,
      -0.9130254
    ]
  },
  {
    "timeStamp": 1602,
    "rotation": [
      [
        0.9276727,
        -0.27271083,
        -0.255053073
      ],
      [
        -0.105072193,
        0.4648089,
        -0.879154444
      ],
      [
        0.358305871,
        0.8423666,
        0.402536243
      ]
    ],
    "translation": [
      1.8734467,
      1.49949956,
      -0.9209895
    ]
  },
  {
    "timeStamp": 1646,
    "rotation": [
      [
        0.9088366,
        -0.299597025,
        -0.290271938
      ],
      [
        -0.126336381,
        0.4654828,
        -0.875993669
      ],
      [
        0.3975617,
        0.832807,
        0.3851978
      ]
    ],
    "translation": [
      1.88164949,
      1.49881232,
      -0.927867532
    ]
  },
  {
    "timeStamp": 1701,
    "rotation": [
      [
        0.885239065,
        -0.3325676,
        -0.325193167
      ],
      [
        -0.145794451,
        0.4655128,
        -0.8729501
      ],
      [
        0.441696465,
        0.8201809,
        0.363603622
      ]
    ],
    "translation": [
      1.89069414,
      1.496674,
      -0.935566664
    ]
  },
  {
    "timeStamp": 1746,
    "rotation": [
      [
        0.867921352,
        -0.3591982,
        -0.343058378
      ],
      [
        -0.1558153,
        0.458914816,
        -0.8747107
      ],
      [
        0.4716291,
        0.8126339,
        0.3423334
      ]
    ],
    "translation": [
      1.896616,
      1.49500751,
      -0.9412093
    ]
  },
  {
    "timeStamp": 1801,
    "rotation": [
      [
        0.8452246,
        -0.3913177,
        -0.363958627
      ],
      [
        -0.165788412,
        0.4554435,
        -0.8746916
      ],
      [
        0.5080449,
        0.799650967,
        0.3200761
      ]
    ],
    "translation": [
      1.90183866,
      1.49343348,
      -0.947721
    ]
  },
  {
    "timeStamp": 1846,
    "rotation": [
      [
        0.826351643,
        -0.419279516,
        -0.375962347
      ],
      [
        -0.168555409,
        0.452852666,
        -0.8755076
      ],
      [
        0.537337959,
        0.7868476,
        0.303543717
      ]
    ],
    "translation": [
      1.90512085,
      1.49273849,
      -0.9525858
    ]
  },
  {
    "timeStamp": 1901,
    "rotation": [
      [
        0.8030617,
        -0.446661562,
        -0.394443
      ],
      [
        -0.1764634,
        0.4539884,
        -0.873358548
      ],
      [
        0.56916827,
        0.7709656,
        0.285761327
      ]
    ],
    "translation": [
      1.90758276,
      1.49235892,
      -0.9576173
    ]
  },
  {
    "timeStamp": 1945,
    "rotation": [
      [
        0.7875539,
        -0.465212077,
        -0.404149145
      ],
      [
        -0.18016018,
        0.453359365,
        -0.872930467
      ],
      [
        0.589322567,
        0.7602914,
        0.273232251
      ]
    ],
    "translation": [
      1.90874076,
      1.49194217,
      -0.961885
    ]
  },
  {
    "timeStamp": 2001,
    "rotation": [
      [
        0.7650666,
        -0.487552673,
        -0.420672566
      ],
      [
        -0.190826088,
        0.4522719,
        -0.87122643
      ],
      [
        0.6150272,
        0.7468216,
        0.252980351
      ]
    ],
    "translation": [
      1.9092499,
      1.49168158,
      -0.9671564
    ]
  },
  {
    "timeStamp": 2045,
    "rotation": [
      [
        0.751329064,
        -0.5036457,
        -0.426433653
      ],
      [
        -0.193073347,
        0.450149953,
        -0.8718301
      ],
      [
        0.631052554,
        0.737364233,
        0.24097015
      ]
    ],
    "translation": [
      1.90947235,
      1.49157917,
      -0.9707197
    ]
  },
  {
    "timeStamp": 2101,
    "rotation": [
      [
        0.7372628,
        -0.5195846,
        -0.431828082
      ],
      [
        -0.195510179,
        0.447741061,
        -0.8725272
      ],
      [
        0.6466989,
        0.7277086,
        0.228518724
      ]
    ],
    "translation": [
      1.90946817,
      1.4913156,
      -0.9745004
    ]
  },
  {
    "timeStamp": 2145,
    "rotation": [
      [
        0.7294483,
        -0.529077649,
        -0.4335689
      ],
      [
        -0.197311938,
        0.4441518,
        -0.8739549
      ],
      [
        0.654960454,
        0.7230533,
        0.219592422
      ]
    ],
    "translation": [
      1.908814,
      1.49132085,
      -0.97683835
    ]
  },
  {
    "timeStamp": 2201,
    "rotation": [
      [
        0.7220106,
        -0.5414659,
        -0.430714846
      ],
      [
        -0.1944924,
        0.438586533,
        -0.877390742
      ],
      [
        0.6639829,
        0.7172562,
        0.211353123
      ]
    ],
    "translation": [
      1.90763164,
      1.49065077,
      -0.9790348
    ]
  },
  {
    "timeStamp": 2245,
    "rotation": [
      [
        0.7210274,
        -0.5426684,
        -0.430848628
      ],
      [
        -0.1912967,
        0.441733479,
        -0.8765142
      ],
      [
        0.6659768,
        0.714410663,
        0.214691252
      ]
    ],
    "translation": [
      1.90602469,
      1.49092555,
      -0.9800743
    ]
  },
  {
    "timeStamp": 2301,
    "rotation": [
      [
        0.7353134,
        -0.5232109,
        -0.430772036
      ],
      [
        -0.199738771,
        0.440079153,
        -0.8754626
      ],
      [
        0.6476254,
        0.72978127,
        0.2190906
      ]
    ],
    "translation": [
      1.90407026,
      1.49068975,
      -0.9818245
    ]
  },
  {
    "timeStamp": 2345,
    "rotation": [
      [
        0.748480737,
        -0.5083962,
        -0.425804973
      ],
      [
        -0.203956768,
        0.4344891,
        -0.877280354
      ],
      [
        0.6310137,
        0.743473232,
        0.221515879
      ]
    ],
    "translation": [
      1.90135384,
      1.49094343,
      -0.98325634
    ]
  },
  {
    "timeStamp": 2401,
    "rotation": [
      [
        0.762333155,
        -0.488874525,
        -0.424087077
      ],
      [
        -0.210102081,
        0.432842344,
        -0.876643956
      ],
      [
        0.6121317,
        0.75739634,
        0.2272565
      ]
    ],
    "translation": [
      1.89696622,
      1.491734,
      -0.9848366
    ]
  },
  {
    "timeStamp": 2445,
    "rotation": [
      [
        0.771632254,
        -0.481391668,
        -0.415747136
      ],
      [
        -0.205358446,
        0.430072933,
        -0.8791275
      ],
      [
        0.602006257,
        0.7637403,
        0.233000308
      ]
    ],
    "translation": [
      1.89349866,
      1.49276567,
      -0.9860699
    ]
  },
  {
    "timeStamp": 2501,
    "rotation": [
      [
        0.7835096,
        -0.480024874,
        -0.394574165
      ],
      [
        -0.182154179,
        0.4296678,
        -0.8844238
      ],
      [
        0.5940812,
        0.7648279,
        0.249210313
      ]
    ],
    "translation": [
      1.88953614,
      1.49370623,
      -0.9864502
    ]
  },
  {
    "timeStamp": 2545,
    "rotation": [
      [
        0.7929558,
        -0.4793581,
        -0.37608102
      ],
      [
        -0.160274312,
        0.431404322,
        -0.887807667
      ],
      [
        0.587820768,
        0.7642684,
        0.265255779
      ]
    ],
    "translation": [
      1.88592458,
      1.49406672,
      -0.9864863
    ]
  },
  {
    "timeStamp": 2600,
    "rotation": [
      [
        0.7998376,
        -0.4772671,
        -0.363972276
      ],
      [
        -0.143073261,
        0.437319547,
        -0.887852252
      ],
      [
        0.5829148,
        0.762212336,
        0.2815005
      ]
    ],
    "translation": [
      1.8793906,
      1.49524879,
      -0.9869877
    ]
  },
  {
    "timeStamp": 2645,
    "rotation": [
      [
        0.798399448,
        -0.478901237,
        -0.364982277
      ],
      [
        -0.1407468,
        0.440929741,
        -0.8864374
      ],
      [
        0.5854475,
        0.7591012,
        0.284634233
      ]
    ],
    "translation": [
      1.87354,
      1.49639392,
      -0.987852
    ]
  },
  {
    "timeStamp": 2701,
    "rotation": [
      [
        0.801564038,
        -0.477550179,
        -0.359778941
      ],
      [
        -0.137108713,
        0.4388853,
        -0.888020754
      ],
      [
        0.5819762,
        0.7611343,
        0.2863184
      ]
    ],
    "translation": [
      1.86782837,
      1.49737978,
      -0.989403248
    ]
  },
  {
    "timeStamp": 2756,
    "rotation": [
      [
        0.80736,
        -0.471233547,
        -0.355117977
      ],
      [
        -0.134868369,
        0.43852824,
        -0.8885401
      ],
      [
        0.574439168,
        0.765265942,
        0.290495664
      ]
    ],
    "translation": [
      1.8640399,
      1.49826121,
      -0.9899123
    ]
  },
  {
    "timeStamp": 2800,
    "rotation": [
      [
        0.81847477,
        -0.463855445,
        -0.339023739
      ],
      [
        -0.119754896,
        0.43938303,
        -0.890281558
      ],
      [
        0.561923265,
        0.769272745,
        0.304075
      ]
    ],
    "translation": [
      1.86024714,
      1.49823117,
      -0.9898772
    ]
  },
  {
    "timeStamp": 2856,
    "rotation": [
      [
        0.8390833,
        -0.44634366,
        -0.310992718
      ],
      [
        -0.10049843,
        0.434651256,
        -0.894973934
      ],
      [
        0.5346393,
        0.782212,
        0.3198518
      ]
    ],
    "translation": [
      1.85844254,
      1.49766314,
      -0.98896265
    ]
  },
  {
    "timeStamp": 2900,
    "rotation": [
      [
        0.86196214,
        -0.419531554,
        -0.284630477
      ],
      [
        -0.08683585,
        0.430959582,
        -0.898183346
      ],
      [
        0.499480516,
        0.7989162,
        0.33504048
      ]
    ],
    "translation": [
      1.85503864,
      1.49744558,
      -0.988167048
    ]
  },
  {
    "timeStamp": 2956,
    "rotation": [
      [
        0.8735859,
        -0.405792981,
        -0.26866293
      ],
      [
        -0.0768337,
        0.430121422,
        -0.8994955
      ],
      [
        0.480566651,
        0.8064289,
        0.3445694
      ]
    ],
    "translation": [
      1.85292959,
      1.49725521,
      -0.9875945
    ]
  },
  {
    "timeStamp": 3001,
    "rotation": [
      [
        0.884450734,
        -0.396707,
        -0.245704174
      ],
      [
        -0.0608256422,
        0.424042,
        -0.9035976
      ],
      [
        0.462652415,
        0.814132631,
        0.35091427
      ]
    ],
    "translation": [
      1.8502115,
      1.49736762,
      -0.9881772
    ]
  },
  {
    "timeStamp": 3045,
    "rotation": [
      [
        0.887972534,
        -0.3999919,
        -0.226960763
      ],
      [
        -0.0446591862,
        0.416175157,
        -0.9081871
      ],
      [
        0.4577229,
        0.8165811,
        0.351688832
      ]
    ],
    "translation": [
      1.84866667,
      1.49718738,
      -0.9895388
    ]
  },
  {
    "timeStamp": 3101,
    "rotation": [
      [
        0.8876748,
        -0.409161419,
        -0.21123527
      ],
      [
        -0.028052507,
        0.409832984,
        -0.9117291
      ],
      [
        0.459615558,
        0.8152447,
        0.352320433
      ]
    ],
    "translation": [
      1.84648871,
      1.49687052,
      -0.990617752
    ]
  },
  {
    "timeStamp": 3159,
    "rotation": [
      [
        0.888057947,
        -0.409929544,
        -0.2081128
      ],
      [
        -0.0235406347,
        0.4115423,
        -0.9110866
      ],
      [
        0.459128529,
        0.8139968,
        0.3558234
      ]
    ],
    "translation": [
      1.84420669,
      1.49659991,
      -0.9921571
    ]
  },
  {
    "timeStamp": 3200,
    "rotation": [
      [
        0.8886706,
        -0.407472044,
        -0.210311577
      ],
      [
        -0.0260424074,
        0.413059384,
        -0.910331666
      ],
      [
        0.457805872,
        0.814462,
        0.3564622
      ]
    ],
    "translation": [
      1.841335,
      1.4958477,
      -0.994125962
    ]
  },
  {
    "timeStamp": 3256,
    "rotation": [
      [
        0.88863343,
        -0.405138284,
        -0.214927077
      ],
      [
        -0.03112286,
        0.4142877,
        -0.9096137
      ],
      [
        0.457560956,
        0.8150023,
        0.3555408
      ]
    ],
    "translation": [
      1.83986807,
      1.49493849,
      -0.99597013
    ]
  },
  {
    "timeStamp": 3300,
    "rotation": [
      [
        0.890411556,
        -0.399156451,
        -0.218726858
      ],
      [
        -0.0373671278,
        0.414824516,
        -0.909133852
      ],
      [
        0.453619868,
        0.8176765,
        0.3544492
      ]
    ],
    "translation": [
      1.83838725,
      1.49417686,
      -0.9979832
    ]
  },
  {
    "timeStamp": 3355,
    "rotation": [
      [
        0.8929117,
        -0.390752763,
        -0.223653764
      ],
      [
        -0.046237506,
        0.414540678,
        -0.9088554
      ],
      [
        0.44785133,
        0.8218688,
        0.3520808
      ]
    ],
    "translation": [
      1.83658743,
      1.49389946,
      -1.0000577
    ]
  },
  {
    "timeStamp": 3400,
    "rotation": [
      [
        0.8885282,
        -0.398087353,
        -0.228131667
      ],
      [
        -0.05044577,
        0.409438372,
        -0.9109421
      ],
      [
        0.456040353,
        0.820906,
        0.343715757
      ]
    ],
    "translation": [
      1.83468533,
      1.49411154,
      -1.00303888
    ]
  },
  {
    "timeStamp": 3455,
    "rotation": [
      [
        0.882402539,
        -0.410260528,
        -0.230330423
      ],
      [
        -0.048736237,
        0.407213658,
        -0.9120317
      ],
      [
        0.4679643,
        0.8160045,
        0.339331776
      ]
    ],
    "translation": [
      1.83309472,
      1.49483764,
      -1.00553262
    ]
  },
  {
    "timeStamp": 3499,
    "rotation": [
      [
        0.87748456,
        -0.4160096,
        -0.238656089
      ],
      [
        -0.0530160926,
        0.410424,
        -0.910352349
      ],
      [
        0.476665556,
        0.8114728,
        0.338085532
      ]
    ],
    "translation": [
      1.83074129,
      1.49641848,
      -1.00756562
    ]
  },
  {
    "timeStamp": 3556,
    "rotation": [
      [
        0.8749109,
        -0.417165279,
        -0.245975748
      ],
      [
        -0.0561959222,
        0.417031825,
        -0.907152951
      ],
      [
        0.481012434,
        0.807500839,
        0.341422677
      ]
    ],
    "translation": [
      1.82918751,
      1.497729,
      -1.00864244
    ]
  },
  {
    "timeStamp": 3600,
    "rotation": [
      [
        0.8702591,
        -0.422912866,
        -0.252574384
      ],
      [
        -0.0558710322,
        0.424690783,
        -0.903612852
      ],
      [
        0.4894155,
        0.8004889,
        0.345962435
      ]
    ],
    "translation": [
      1.82760644,
      1.49894547,
      -1.00957823
    ]
  },
  {
    "timeStamp": 3656,
    "rotation": [
      [
        0.867209435,
        -0.42623347,
        -0.257435173
      ],
      [
        -0.0548884273,
        0.43202,
        -0.9001922
      ],
      [
        0.494909167,
        0.7947854,
        0.35125652
      ]
    ],
    "translation": [
      1.82600474,
      1.4996618,
      -1.00963426
    ]
  },
  {
    "timeStamp": 3700,
    "rotation": [
      [
        0.863174558,
        -0.432907581,
        -0.259847462
      ],
      [
        -0.0532823429,
        0.433670878,
        -0.8994946
      ],
      [
        0.502086341,
        0.7902661,
        0.351267338
      ]
    ],
    "translation": [
      1.82430243,
      1.4996599,
      -1.01013553
    ]
  },
  {
    "timeStamp": 3756,
    "rotation": [
      [
        0.8586537,
        -0.439838439,
        -0.263164967
      ],
      [
        -0.0547239743,
        0.431832284,
        -0.9002923
      ],
      [
        0.509626269,
        0.7874408,
        0.346724719
      ]
    ],
    "translation": [
      1.82301545,
      1.49937487,
      -1.010422
    ]
  },
  {
    "timeStamp": 3800,
    "rotation": [
      [
        0.853119433,
        -0.447908551,
        -0.267516643
      ],
      [
        -0.0575133562,
        0.42889595,
        -0.9015212
      ],
      [
        0.518535852,
        0.784491,
        0.340138733
      ]
    ],
    "translation": [
      1.821091,
      1.49860251,
      -1.0104543
    ]
  },
  {
    "timeStamp": 3856,
    "rotation": [
      [
        0.848153949,
        -0.454668134,
        -0.2718669
      ],
      [
        -0.06020471,
        0.4271447,
        -0.9021767
      ],
      [
        0.526317537,
        0.781552434,
        0.334911317
      ]
    ],
    "translation": [
      1.81946993,
      1.49823928,
      -1.01039743
    ]
  },
  {
    "timeStamp": 3900,
    "rotation": [
      [
        0.84248203,
        -0.4632536,
        -0.2749911
      ],
      [
        -0.0602325574,
        0.4262495,
        -0.902598143
      ],
      [
        0.5353466,
        0.7769861,
        0.3312046
      ]
    ],
    "translation": [
      1.81786609,
      1.49797368,
      -1.00983417
    ]
  },
  {
    "timeStamp": 3956,
    "rotation": [
      [
        0.839261,
        -0.467611969,
        -0.277452737
      ],
      [
        -0.05823911,
        0.4300328,
        -0.900932848
      ],
      [
        0.5406008,
        0.7722764,
        0.333676428
      ]
    ],
    "translation": [
      1.81688523,
      1.49839115,
      -1.008323
    ]
  },
  {
    "timeStamp": 4000,
    "rotation": [
      [
        0.8388907,
        -0.468022227,
        -0.277880549
      ],
      [
        -0.053849373,
        0.43666026,
        -0.8980134
      ],
      [
        0.5416296,
        0.768298745,
        0.341107517
      ]
    ],
    "translation": [
      1.8165915,
      1.49927711,
      -1.0061096
    ]
  },
  {
    "timeStamp": 4056,
    "rotation": [
      [
        0.841861,
        -0.462748647,
        -0.277729541
      ],
      [
        -0.0513044335,
        0.443655729,
        -0.8947276
      ],
      [
        0.5372503,
        0.767485,
        0.3497554
      ]
    ],
    "translation": [
      1.81690109,
      1.50040948,
      -1.00456822
    ]
  },
  {
    "timeStamp": 4100,
    "rotation": [
      [
        0.844853044,
        -0.459109575,
        -0.2746665
      ],
      [
        -0.04411353,
        0.4518674,
        -0.8909937
      ],
      [
        0.5331766,
        0.764875233,
        0.3615086
      ]
    ],
    "translation": [
      1.81802511,
      1.50188708,
      -1.00261641
    ]
  },
  {
    "timeStamp": 4156,
    "rotation": [
      [
        0.843447268,
        -0.4621306,
        -0.273919672
      ],
      [
        -0.0377052575,
        0.4577085,
        -0.888302445
      ],
      [
        0.5358871,
        0.759564459,
        0.368628263
      ]
    ],
    "translation": [
      1.8192457,
      1.50273287,
      -1.00216377
    ]
  },
  {
    "timeStamp": 4200,
    "rotation": [
      [
        0.839671,
        -0.469514549,
        -0.2729628
      ],
      [
        -0.0293698031,
        0.4626141,
        -0.8860732
      ],
      [
        0.542300642,
        0.7520268,
        0.374654084
      ]
    ],
    "translation": [
      1.82109141,
      1.50388849,
      -1.001466
    ]
  },
  {
    "timeStamp": 4256,
    "rotation": [
      [
        0.837136567,
        -0.475839525,
        -0.269776165
      ],
      [
        -0.0184038375,
        0.468416542,
        -0.88331604
      ],
      [
        0.5466843,
        0.744421065,
        0.383371323
      ]
    ],
    "translation": [
      1.82265878,
      1.50502288,
      -1.00050879
    ]
  },
  {
    "timeStamp": 4301,
    "rotation": [
      [
        0.83534956,
        -0.483272582,
        -0.261989862
      ],
      [
        -0.003299979,
        0.472171545,
        -0.8815005
      ],
      [
        0.5497092,
        0.7372256,
        0.3928335
      ]
    ],
    "translation": [
      1.82433486,
      1.506315,
      -0.999752641
    ]
  },
  {
    "timeStamp": 4355,
    "rotation": [
      [
        0.8324454,
        -0.490622133,
        -0.257535726
      ],
      [
        0.0107140578,
        0.478940964,
        -0.877781749
      ],
      [
        0.554003537,
        0.727946162,
        0.403948724
      ]
    ],
    "translation": [
      1.82486677,
      1.50788152,
      -0.9994935
    ]
  },
  {
    "timeStamp": 4400,
    "rotation": [
      [
        0.830613256,
        -0.497321159,
        -0.250506
      ],
      [
        0.0273438357,
        0.485746831,
        -0.87367177
      ],
      [
        0.556178,
        0.718833566,
        0.417066425
      ]
    ],
    "translation": [
      1.82564759,
      1.50937438,
      -0.999322653
    ]
  },
  {
    "timeStamp": 4455,
    "rotation": [
      [
        0.8319411,
        -0.499687642,
        -0.241218269
      ],
      [
        0.0488226376,
        0.498971283,
        -0.8652422
      ],
      [
        0.5527118,
        0.708053648,
        0.4395108
      ]
    ],
    "translation": [
      1.82725334,
      1.51236176,
      -0.999801755
    ]
  },
  {
    "timeStamp": 4499,
    "rotation": [
      [
        0.84014827,
        -0.493938178,
        -0.2239999
      ],
      [
        0.07509974,
        0.5149824,
        -0.853904665
      ],
      [
        0.5371321,
        0.700584233,
        0.469756216
      ]
    ],
    "translation": [
      1.83003211,
      1.51619291,
      -0.999599
    ]
  },
  {
    "timeStamp": 4555,
    "rotation": [
      [
        0.8506636,
        -0.481682956,
        -0.2106016
      ],
      [
        0.09871927,
        0.5398391,
        -0.8359595
      ],
      [
        0.5163584,
        0.69032985,
        0.5067729
      ]
    ],
    "translation": [
      1.83352315,
      1.52158976,
      -0.999547
    ]
  },
  {
    "timeStamp": 4599,
    "rotation": [
      [
        0.8635215,
        -0.4654121,
        -0.1942221
      ],
      [
        0.12888971,
        0.576004148,
        -0.8072216
      ],
      [
        0.487563431,
        0.67202,
        0.557378769
      ]
    ],
    "translation": [
      1.83910155,
      1.5294975,
      -0.9998598
    ]
  },
  {
    "timeStamp": 4655,
    "rotation": [
      [
        0.878127754,
        -0.4437993,
        -0.178700149
      ],
      [
        0.158230543,
        0.6219015,
        -0.766943038
      ],
      [
        0.451502651,
        0.645198166,
        0.616331637
      ]
    ],
    "translation": [
      1.84581065,
      1.53963888,
      -0.9994992
    ]
  },
  {
    "timeStamp": 4699,
    "rotation": [
      [
        0.89270705,
        -0.420918733,
        -0.160939589
      ],
      [
        0.1815421,
        0.662790358,
        -0.726465
      ],
      [
        0.412451953,
        0.6193031,
        0.668092132
      ]
    ],
    "translation": [
      1.8520124,
      1.54898238,
      -0.9987911
    ]
  },
  {
    "timeStamp": 4755,
    "rotation": [
      [
        0.9111622,
        -0.388781935,
        -0.1364994
      ],
      [
        0.200478151,
        0.7077033,
        -0.677469254
      ],
      [
        0.359988868,
        0.5899192,
        0.7227748
      ]
    ],
    "translation": [
      1.858566,
      1.55937421,
      -0.9977695
    ]
  },
  {
    "timeStamp": 4800,
    "rotation": [
      [
        0.930057645,
        -0.353899956,
        -0.09872966
      ],
      [
        0.221951365,
        0.755318463,
        -0.616629243
      ],
      [
        0.292797416,
        0.5515876,
        0.7810383
      ]
    ],
    "translation": [
      1.866688,
      1.57103992,
      -0.9968902
    ]
  },
  {
    "timeStamp": 4856,
    "rotation": [
      [
        0.9387195,
        -0.339820057,
        -0.0576887578
      ],
      [
        0.248840958,
        0.7839539,
        -0.568765759
      ],
      [
        0.238503337,
        0.5195562,
        0.820473969
      ]
    ],
    "translation": [
      1.87230182,
      1.57972383,
      -0.996840358
    ]
  },
  {
    "timeStamp": 4900,
    "rotation": [
      [
        0.9440364,
        -0.3298406,
        -0.000678879442
      ],
      [
        0.2843447,
        0.8148624,
        -0.505121231
      ],
      [
        0.167162672,
        0.4766598,
        0.8630482
      ]
    ],
    "translation": [
      1.87929773,
      1.58992672,
      -0.9964875
    ]
  },
  {
    "timeStamp": 4955,
    "rotation": [
      [
        0.944375932,
        -0.32483992,
        0.05131377
      ],
      [
        0.3112184,
        0.832319438,
        -0.458680123
      ],
      [
        0.106288157,
        0.449136257,
        0.8871186
      ]
    ],
    "translation": [
      1.88466465,
      1.5966568,
      -0.996802568
    ]
  },
  {
    "timeStamp": 5000,
    "rotation": [
      [
        0.939600945,
        -0.32147938,
        0.11747808
      ],
      [
        0.340916961,
        0.8485168,
        -0.404715776
      ],
      [
        0.0304256529,
        0.420321584,
        0.906865
      ]
    ],
    "translation": [
      1.8917166,
      1.60408044,
      -0.997431159
    ]
  },
  {
    "timeStamp": 5055,
    "rotation": [
      [
        0.9326983,
        -0.3199139,
        0.16651988
      ],
      [
        0.3597818,
        0.857476234,
        -0.36782
      ],
      [
        -0.0251161121,
        0.402975917,
        0.914865851
      ]
    ],
    "translation": [
      1.89729071,
      1.6091665,
      -0.9982909
    ]
  },
  {
    "timeStamp": 5099,
    "rotation": [
      [
        0.9235588,
        -0.311374664,
        0.223796964
      ],
      [
        0.372391164,
        0.867503047,
        -0.3297928
      ],
      [
        -0.09145542,
        0.387923032,
        0.9171432
      ]
    ],
    "translation": [
      1.903655,
      1.614491,
      -0.9996897
    ]
  },
  {
    "timeStamp": 5155,
    "rotation": [
      [
        0.9163455,
        -0.312217176,
        0.2506621
      ],
      [
        0.3813253,
        0.8714061,
        -0.308613747
      ],
      [
        -0.122073948,
        0.3783806,
        0.9175653
      ]
    ],
    "translation": [
      1.90684533,
      1.61810541,
      -1.00138688
    ]
  },
  {
    "timeStamp": 5199,
    "rotation": [
      [
        0.91234386,
        -0.304083943,
        0.274156183
      ],
      [
        0.380312949,
        0.8774116,
        -0.292422444
      ],
      [
        -0.15162687,
        0.371054977,
        0.9161482
      ]
    ],
    "translation": [
      1.90994024,
      1.62104964,
      -1.00402772
    ]
  },
  {
    "timeStamp": 5255,
    "rotation": [
      [
        0.9089556,
        -0.29311645,
        0.2964498
      ],
      [
        0.37631458,
        0.8828941,
        -0.280865341
      ],
      [
        -0.179407522,
        0.366852522,
        0.9128156
      ]
    ],
    "translation": [
      1.91139221,
      1.62392068,
      -1.00686
    ]
  },
  {
    "timeStamp": 5300,
    "rotation": [
      [
        0.9079354,
        -0.2868174,
        0.305596381
      ],
      [
        0.373351634,
        0.8848023,
        -0.278807163
      ],
      [
        -0.190425634,
        0.367233783,
        0.910427034
      ]
    ],
    "translation": [
      1.91230118,
      1.625518,
      -1.00878048
    ]
  },
  {
    "timeStamp": 5355,
    "rotation": [
      [
        0.9079078,
        -0.273681283,
        0.317493528
      ],
      [
        0.367819369,
