[
  {
    "timeStamp": 20923,
    "rotation": [
      [
        0.9855598,
        0.1687453,
        0.0140335746
      ],
      [
        -0.0153124966,
        0.006280051,
        0.999863
      ],
      [
        0.168634057,
        -0.9856397,
        0.00877327751
      ]
    ],
    "translation": [
      1.14472449,
      0.7056239,
      -0.4626676
    ]
  },
  {
    "timeStamp": 20968,
    "rotation": [
      [
        0.986382365,
        0.161398128,
        0.0316312052
      ],
      [
        -0.03192523,
        -0.0007719174,
        0.999489963
      ],
      [
        0.161340222,
        -0.986889064,
        0.004391267
      ]
    ],
    "translation": [
      1.144308,
      0.7063458,
      -0.4595117
    ]
  },
  {
    "timeStamp": 21023,
    "rotation": [
      [
        0.9873746,
        0.1542081,
        0.0362116247
      ],
      [
        -0.0336138122,
        -0.0194211937,
        0.9992462
      ],
      [
        0.154795125,
        -0.9878475,
        -0.0139924716
      ]
    ],
    "translation": [
      1.14382243,
      0.70644,
      -0.456675172
    ]
  },
  {
    "timeStamp": 21067,
    "rotation": [
      [
        0.985892057,
        0.165276453,
        0.0264671817
      ],
      [
        -0.0234432463,
        -0.0202205721,
        0.999520659
      ],
      [
        0.1657324,
        -0.98604,
        -0.0160606857
      ]
    ],
    "translation": [
      1.14241111,
      0.7058299,
      -0.4572191
    ]
  },
  {
    "timeStamp": 21123,
    "rotation": [
      [
        0.9850628,
        0.170649186,
        0.02302442
      ],
      [
        -0.0216198154,
        -0.01008496,
        0.9997154
      ],
      [
        0.170832828,
        -0.9852802,
        -0.00624491367
      ]
    ],
    "translation": [
      1.1422869,
      0.705690861,
      -0.457318038
    ]
  },
  {
    "timeStamp": 21167,
    "rotation": [
      [
        0.9854573,
        0.169152886,
        0.0161612742
      ],
      [
        -0.0160432048,
        -0.00206479221,
        0.999869168
      ],
      [
        0.169164121,
        -0.985587656,
        0.000678989745
      ]
    ],
    "translation": [
      1.14231014,
      0.7048799,
      -0.457192928
    ]
  },
  {
    "timeStamp": 21222,
    "rotation": [
      [
        0.9849953,
        0.171792865,
        0.0164746661
      ],
      [
        -0.0178879723,
        0.006681922,
        0.999817669
      ],
      [
        0.171651453,
        -0.9851104,
        0.009654688
      ]
    ],
    "translation": [
      1.14240265,
      0.705036938,
      -0.457245439
    ]
  },
  {
    "timeStamp": 21267,
    "rotation": [
      [
        0.98350364,
        0.177986577,
        0.0322713554
      ],
      [
        -0.03073787,
        -0.0113672363,
        0.999462843
      ],
      [
        0.178257808,
        -0.983967245,
        -0.00570878945
      ]
    ],
    "translation": [
      1.14304507,
      0.7056994,
      -0.457406342
    ]
  },
  {
    "timeStamp": 21323,
    "rotation": [
      [
        0.982161939,
        0.186822623,
        0.0213378463
      ],
      [
        -0.0205634069,
        -0.00608248357,
        0.999770045
      ],
      [
        0.186909437,
        -0.982374847,
        -0.00213227444
      ]
    ],
    "translation": [
      1.14389646,
      0.7049739,
      -0.4575905
    ]
  },
  {
    "timeStamp": 21367,
    "rotation": [
      [
        0.9810244,
        0.190417126,
        0.0365038924
      ],
      [
        -0.0348856226,
        -0.0118448483,
        0.9993211
      ],
      [
        0.190720245,
        -0.9816319,
        -0.004977265
      ]
    ],
    "translation": [
      1.14610612,
      0.706468344,
      -0.457230717
    ]
  },
  {
    "timeStamp": 21422,
    "rotation": [
      [
        0.9892464,
        0.13747707,
        0.0499154776
      ],
      [
        -0.0404806919,
        -0.07059037,
        0.996683657
      ],
      [
        0.1405447,
        -0.9879863,
        -0.06426611
      ]
    ],
    "translation": [
      1.150308,
      0.715846062,
      -0.449418753
    ]
  },
  {
    "timeStamp": 21467,
    "rotation": [
      [
        0.9862529,
        0.152236387,
        0.064260155
      ],
      [
        -0.05231158,
        -0.08123579,
        0.995321155
      ],
      [
        0.156744346,
        -0.984999955,
        -0.0721553
      ]
    ],
    "translation": [
      1.149808,
      0.7230916,
      -0.448744833
    ]
  },
  {
    "timeStamp": 21522,
    "rotation": [
      [
        0.9901402,
        0.132049441,
        0.04674742
      ],
      [
        -0.0357247666,
        -0.0846439,
        0.995770633
      ],
      [
        0.135447845,
        -0.987622559,
        -0.07909189
      ]
    ],
    "translation": [
      1.15616155,
      0.72955817,
      -0.4477804
    ]
  },
  {
    "timeStamp": 21567,
    "rotation": [
      [
        0.9901577,
        0.12993665,
        0.0520019531
      ],
      [
        -0.04117647,
        -0.0846552551,
        0.995559156
      ],
      [
        0.133761838,
        -0.9879018,
        -0.07847172
      ]
    ],
    "translation": [
      1.15762591,
      0.733335435,
      -0.449397683
    ]
  },
  {
    "timeStamp": 21622,
    "rotation": [
      [
        0.99163264,
        0.117655039,
        0.05312171
      ],
      [
        -0.0440417863,
        -0.07847443,
        0.995942831
      ],
      [
        0.121346369,
        -0.989949,
        -0.0726360753
      ]
    ],
    "translation": [
      1.15923858,
      0.7381597,
      -0.454368353
    ]
  },
  {
    "timeStamp": 21667,
    "rotation": [
      [
        0.9894634,
        0.131349146,
        0.0609068051
      ],
      [
        -0.0501406,
        -0.08377318,
        0.995222569
      ],
      [
        0.135824,
        -0.9877902,
        -0.07630457
      ]
    ],
    "translation": [
      1.1577059,
      0.7435634,
      -0.458954781
    ]
  },
  {
    "timeStamp": 21722,
    "rotation": [
      [
        0.9890949,
        0.128878325,
        0.07128501
      ],
      [
        -0.0587411,
        -0.0986443,
        0.9933875
      ],
      [
        0.135057986,
        -0.9867419,
        -0.089998126
      ]
    ],
    "translation": [
      1.15908992,
      0.753410459,
      -0.461136371
    ]
  },
  {
    "timeStamp": 21767,
    "rotation": [
      [
        0.9866803,
        0.133211762,
        0.09336177
      ],
      [
        -0.07759267,
        -0.119024239,
        0.9898548
      ],
      [
        0.142972648,
        -0.9839145,
        -0.107102625
      ]
    ],
    "translation": [
      1.16015613,
      0.766309142,
      -0.460106
    ]
  },
  {
    "timeStamp": 21822,
    "rotation": [
      [
        0.986121535,
        0.126382917,
        0.107664876
      ],
      [
        -0.08748708,
        -0.155582741,
        0.9839411
      ],
      [
        0.141104117,
        -0.979704738,
        -0.142366618
      ]
    ],
    "translation": [
      1.1681397,
      0.786857247,
      -0.451754063
    ]
  },
  {
    "timeStamp": 21867,
    "rotation": [
      [
        0.9869294,
        0.113651469,
        0.114253066
      ],
      [
        -0.09178926,
        -0.186293274,
        0.9781971
      ],
      [
        0.1324581,
        -0.9758987,
        -0.173426315
      ]
    ],
    "translation": [
      1.18034577,
      0.8087219,
      -0.439550161
    ]
  },
  {
    "timeStamp": 21922,
    "rotation": [
      [
        0.9891656,
        0.0791328,
        0.123650067
      ],
      [
        -0.100276433,
        -0.2509584,
        0.962789953
      ],
      [
        0.1072193,
        -0.9647579,
        -0.240304291
      ]
    ],
    "translation": [
      1.20377564,
      0.8483533,
      -0.4169977
    ]
  },
  {
    "timeStamp": 21967,
    "rotation": [
      [
        0.9909062,
        0.0542382225,
        0.123138919
      ],
      [
        -0.100667208,
        -0.308401644,
        0.9459147
      ],
      [
        0.0892809555,
        -0.94970876,
        -0.300137073
      ]
    ],
    "translation": [
      1.22886479,
      0.885479748,
      -0.397997528
    ]
  },
  {
    "timeStamp": 22022,
    "rotation": [
      [
        0.9936673,
        0.00687266933,
        0.112151422
      ],
      [
        -0.101730436,
        -0.368773818,
        0.9239355
      ],
      [
        0.04770842,
        -0.9294937,
        -0.365739375
      ]
    ],
    "translation": [
      1.27034032,
      0.9327349,
      -0.377238929
    ]
  },
  {
    "timeStamp": 22067,
    "rotation": [
      [
        0.995353758,
        -0.0361081548,
        0.0892588
      ],
      [
        -0.096166566,
        -0.418901026,
        0.9029252
      ],
      [
        0.00478764158,
        -0.9073137,
        -0.4204271
      ]
    ],
    "translation": [
      1.31116354,
      0.9697478,
      -0.363922924
    ]
  },
  {
    "timeStamp": 22122,
    "rotation": [
      [
        0.9945323,
        -0.09218296,
        0.0490692966
      ],
      [
        -0.08664942,
        -0.466171,
        0.88044107
      ],
      [
        -0.0582869761,
        -0.879878938,
        -0.471609741
      ]
    ],
    "translation": [
      1.37001872,
      1.01007366,
      -0.354400545
    ]
  },
  {
    "timeStamp": 22167,
    "rotation": [
      [
        0.9893761,
        -0.145212471,
        0.00693598762
      ],
      [
        -0.07697445,
        -0.482782751,
        0.8723507
      ],
      [
        -0.12332762,
        -0.8636169,
        -0.4888314
      ]
    ],
    "translation": [
      1.42313039,
      1.03329039,
      -0.3528823
    ]
  },
  {
    "timeStamp": 22222,
    "rotation": [
      [
        0.976388037,
        -0.209587216,
        -0.0523418672
      ],
      [
        -0.0612448,
        -0.5009211,
        0.863323331
      ],
      [
        -0.207160667,
        -0.8397329,
        -0.501929462
      ]
    ],
    "translation": [
      1.49346483,
      1.05304408,
      -0.358453333
    ]
  },
  {
    "timeStamp": 22267,
    "rotation": [
      [
        0.958539069,
        -0.263397932,
        -0.10873995
      ],
      [
        -0.0412843749,
        -0.5059318,
        0.861584961
      ],
      [
        -0.281954676,
        -0.8213736,
        -0.495829642
      ]
    ],
    "translation": [
      1.55267036,
      1.06179881,
      -0.36813134
    ]
  },
  {
    "timeStamp": 22322,
    "rotation": [
      [
        0.9242582,
        -0.345483154,
        -0.16244483
      ],
      [
        -0.03574856,
        -0.5019581,
        0.864152849
      ],
      [
        -0.380090743,
        -0.7928931,
        -0.476289362
      ]
    ],
    "translation": [
      1.6257205,
      1.06636608,
      -0.38752237
    ]
  },
  {
    "timeStamp": 22367,
    "rotation": [
      [
        0.8932225,
        -0.4049515,
        -0.195365712
      ],
      [
        -0.0377208181,
        -0.500479639,
        0.864926159
      ],
      [
        -0.448029727,
        -0.765202165,
        -0.462314785
      ]
    ],
    "translation": [
      1.68102026,
      1.06766546,
      -0.407096744
    ]
  },
  {
    "timeStamp": 22422,
    "rotation": [
      [
        0.845110059,
        -0.482322365,
        -0.230552077
      ],
      [
        -0.0444279574,
        -0.49314183,
        0.868813753
      ],
      [
        -0.532743156,
        -0.7240003,
        -0.4381877
      ]
    ],
    "translation": [
      1.74810708,
      1.065968,
      -0.4358145
    ]
  },
  {
    "timeStamp": 22467,
    "rotation": [
      [
        0.8087455,
        -0.528233469,
        -0.258650482
      ],
      [
        -0.0423774123,
        -0.490954,
        0.8701542
      ],
      [
        -0.586630046,
        -0.6927723,
        -0.419442028
      ]
    ],
    "translation": [
      1.79707062,
      1.063109,
      -0.461139619
    ]
  },
  {
    "timeStamp": 22522,
    "rotation": [
      [
        0.7596322,
        -0.5879941,
        -0.2778883
      ],
      [
        -0.0511700548,
        -0.480001152,
        0.875774264
      ],
      [
        -0.648336768,
        -0.651046753,
        -0.394712
      ]
    ],
    "translation": [
      1.85335386,
      1.05723333,
      -0.4941355
    ]
  },
  {
    "timeStamp": 22567,
    "rotation": [
      [
        0.7192047,
        -0.624835551,
        -0.303850442
      ],
      [
        -0.0445832424,
        -0.477922916,
        0.8772696
      ],
      [
        -0.693366349,
        -0.617389858,
        -0.3715816
      ]
    ],
    "translation": [
      1.89722037,
      1.053038,
      -0.520856857
    ]
  },
  {
    "timeStamp": 22622,
    "rotation": [
      [
        0.6655848,
        -0.676681936,
        -0.314799
      ],
      [
        -0.0596916042,
        -0.4687159,
        0.881329834
      ],
      [
        -0.7439313,
        -0.567808867,
        -0.3523624
      ]
    ],
    "translation": [
      1.94717658,
      1.04874516,
      -0.5534759
    ]
  },
  {
    "timeStamp": 22667,
    "rotation": [
      [
        0.621878,
        -0.7127478,
        -0.324435234
      ],
      [
        -0.06409406,
        -0.459222972,
        0.886005759
      ],
      [
        -0.780486763,
        -0.53019315,
        -0.3312636
      ]
    ],
    "translation": [
      1.98457515,
      1.0435133,
      -0.5793276
    ]
  },
  {
    "timeStamp": 22722,
    "rotation": [
      [
        0.566098154,
        -0.7547576,
        -0.331472129
      ],
      [
        -0.07424291,
        -0.447154373,
        0.891370237
      ],
      [
        -0.8209877,
        -0.4799936,
        -0.3091687
      ]
    ],
    "translation": [
      2.02785945,
      1.03480911,
      -0.6094653
    ]
  },
  {
    "timeStamp": 22767,
    "rotation": [
      [
        0.5180744,
        -0.7894242,
        -0.329254419
      ],
      [
        -0.08083283,
        -0.428406358,
        0.8999634
      ],
      [
        -0.8515075,
        -0.4396334,
        -0.28575775
      ]
    ],
    "translation": [
      2.05917835,
      1.02421927,
      -0.6321952
    ]
  },
  {
    "timeStamp": 22822,
    "rotation": [
      [
        0.460085869,
        -0.8267338,
        -0.3237779
      ],
      [
        -0.0778598338,
        -0.400829256,
        0.9128383
      ],
      [
        -0.884454,
        -0.394774675,
        -0.248785213
      ]
    ],
    "translation": [
      2.09389162,
      1.00667965,
      -0.657699466
    ]
  },
  {
    "timeStamp": 22867,
    "rotation": [
      [
        0.4101686,
        -0.864082336,
        -0.291759253
      ],
      [
        -0.102084868,
        -0.3613967,
        0.9268069
      ],
      [
        -0.9062783,
        -0.350362867,
        -0.236443311
      ]
    ],
    "translation": [
      2.11621165,
      0.989195347,
      -0.6729808
    ]
  },
  {
    "timeStamp": 22919,
    "rotation": [
      [
        0.378830016,
        -0.886259735,
        -0.266517133
      ],
      [
        -0.1071308,
        -0.32804057,
        0.9385693
      ],
      [
        -0.919244647,
        -0.327006042,
        -0.219217345
      ]
    ],
    "translation": [
      2.13316965,
      0.9700102,
      -0.6831953
    ]
  },
  {
    "timeStamp": 22972,
    "rotation": [
      [
        0.337062418,
        -0.91362077,
        -0.227345616
      ],
      [
        -0.107744128,
        -0.277322,
        0.954716563
      ],
      [
        -0.935296834,
        -0.297303915,
        -0.191912085
      ]
    ],
    "translation": [
      2.15442014,
      0.9409893,
      -0.694539845
    ]
  },
  {
    "timeStamp": 23017,
    "rotation": [
      [
        0.292592347,
        -0.9404649,
        -0.172961
      ],
      [
        -0.1309148,
        -0.2185705,
        0.9669996
      ],
      [
        -0.9472334,
        -0.2602935,
        -0.187072843
      ]
    ],
    "translation": [
      2.16496563,
      0.919967532,
      -0.699022233
    ]
  },
  {
    "timeStamp": 23072,
    "rotation": [
      [
        0.2537376,
        -0.958087,
        -0.132990524
      ],
      [
        -0.124569081,
        -0.168712169,
        0.9777621
      ],
      [
        -0.9592183,
        -0.231528491,
        -0.162156641
      ]
    ],
    "translation": [
      2.17815161,
      0.8950286,
      -0.7040042
    ]
  },
  {
    "timeStamp": 23117,
    "rotation": [
      [
        0.2393174,
        -0.96507895,
        -0.1065354
      ],
      [
        -0.110407509,
        -0.136061043,
        0.984529138
      ],
      [
        -0.964643657,
        -0.223852664,
        -0.139113739
      ]
    ],
    "translation": [
      2.18698668,
      0.8779396,
      -0.7054887
    ]
  },
  {
    "timeStamp": 23172,
    "rotation": [
      [
        0.207728833,
        -0.9762856,
        -0.06095216
      ],
      [
        -0.118595608,
        -0.0869879,
        0.989124954
      ],
      [
        -0.9709705,
        -0.198241115,
        -0.133853078
      ]
    ],
    "translation": [
      2.19504285,
      0.8600782,
      -0.705066562
    ]
  },
  {
    "timeStamp": 23217,
    "rotation": [
      [
        0.204937249,
        -0.977672637,
        -0.0464434624
      ],
      [
        -0.1120154,
        -0.07056634,
        0.9911977
      ],
      [
        -0.9723442,
        -0.197930932,
        -0.123976067
      ]
    ],
    "translation": [
      2.19994521,
      0.848945856,
      -0.701598
    ]
  },
  {
    "timeStamp": 23272,
    "rotation": [
      [
        0.226686463,
        -0.9734348,
        -0.03221829
      ],
      [
        -0.0926892161,
        -0.0544904619,
        0.994203
      ],
      [
        -0.969547331,
        -0.222386077,
        -0.102579154
      ]
    ],
    "translation": [
      2.203133,
      0.8369242,
      -0.6946689
    ]
  },
  {
    "timeStamp": 23317,
    "rotation": [
      [
        0.237631947,
        -0.9713127,
        -0.009091859
      ],
      [
        -0.103280641,
        -0.03457234,
        0.9940512
      ],
      [
        -0.9658489,
        -0.2352793,
        -0.108533286
      ]
    ],
    "translation": [
      2.20264649,
      0.828618467,
      -0.685782135
    ]
  },
  {
    "timeStamp": 23372,
    "rotation": [
      [
        0.25553903,
        -0.9667194,
        0.01239004
      ],
      [
        -0.0905024856,
        -0.0111599062,
        0.9958337
      ],
      [
        -0.962553442,
        -0.2555957,
        -0.09034229
      ]
    ],
    "translation": [
      2.20073915,
      0.8176939,
      -0.6766093
    ]
  },
  {
    "timeStamp": 23418,
    "rotation": [
      [
        0.2767796,
        -0.9605023,
        0.0287792664
      ],
      [
        -0.07748724,
        0.007542957,
        0.9969648
      ],
      [
        -0.9578041,
        -0.278169543,
        -0.07233894
      ]
    ],
    "translation": [
      2.198566,
      0.8089682,
      -0.670283
    ]
  },
  {
    "timeStamp": 23475,
    "rotation": [
      [
        0.278861731,
        -0.958240032,
        0.06334068
      ],
      [
        -0.08346617,
        0.0415233262,
        0.9956451
      ],
      [
        -0.956697166,
        -0.282934159,
        -0.06840136
      ]
    ],
    "translation": [
      2.19564867,
      0.7981182,
      -0.6637756
    ]
  },
  {
    "timeStamp": 23521,
    "rotation": [
      [
        0.28066653,
        -0.956959069,
        0.0738628358
      ],
      [
        -0.06879121,
        0.0567018539,
        0.9960184
      ],
      [
        -0.957336962,
        -0.28463015,
        -0.04991606
      ]
    ],
    "translation": [
      2.195079,
      0.789484,
      -0.662114143
    ]
  },
  {
    "timeStamp": 23566,
    "rotation": [
      [
        0.268461853,
        -0.957221448,
        0.107959993
      ],
      [
        -0.07591705,
        0.09070139,
        0.9929803
      ],
      [
        -0.9602942,
        -0.274773329,
        -0.048319567
      ]
    ],
    "translation": [
      2.19131613,
      0.781248152,
      -0.6593952
    ]
  },
  {
    "timeStamp": 23622,
    "rotation": [
      [
        0.261666,
        -0.956035852,
        0.132386833
      ],
      [
        -0.0823206455,
        0.1145589,
        0.9899998
      ],
      [
        -0.9616414,
        -0.269947469,
        -0.0487253219
      ]
    ],
    "translation": [
      2.18644786,
      0.7706669,
      -0.6569287
    ]
  },
  {
    "timeStamp": 23666,
    "rotation": [
      [
        0.263993561,
        -0.9535219,
        0.145269945
      ],
      [
        -0.0812063962,
        0.128105357,
        0.9884303
      ],
      [
        -0.961099863,
        -0.2727361,
        -0.0436130874
      ]
    ],
    "translation": [
      2.18309617,
      0.764761,
      -0.6555195
    ]
  },
  {
    "timeStamp": 23722,
    "rotation": [
      [
        0.262897074,
        -0.94933486,
        0.172187239
      ],
      [
        -0.0932052061,
        0.152641237,
        0.983876765
      ],
      [
        -0.960311353,
        -0.274707049,
        -0.0483540222
      ]
    ],
    "translation": [
      2.17617631,
      0.757142365,
      -0.6534025
    ]
  },
  {
    "timeStamp": 23766,
    "rotation": [
      [
        0.268650085,
        -0.9438373,
        0.192349538
      ],
      [
        -0.101609752,
        0.170807928,
        0.9800511
      ],
      [
        -0.9578635,
        -0.282835364,
        -0.0500155129
      ]
    ],
    "translation": [
      2.17033243,
      0.7514154,
      -0.6514043
    ]
  },
  {
    "timeStamp": 23822,
    "rotation": [
      [
        0.264341265,
        -0.942950666,
        0.2024049
      ],
      [
        -0.09321974,
        0.18390581,
        0.978513539
      ],
      [
        -0.9599134,
        -0.277529657,
        -0.0392877236
      ]
    ],
    "translation": [
      2.166378,
      0.7461667,
      -0.651248634
    ]
  },
  {
    "timeStamp": 23866,
    "rotation": [
      [
        0.274522,
        -0.9390513,
        0.2069307
      ],
      [
        -0.08969675,
        0.18925257,
        0.9778231
      ],
      [
        -0.957388163,
        -0.286994964,
        -0.03227585
      ]
    ],
    "translation": [
      2.16380954,
      0.7439429,
      -0.6506244
    ]
  },
  {
    "timeStamp": 23921,
    "rotation": [
      [
        0.275341153,
        -0.9361044,
        0.218851045
      ],
      [
        -0.09471597,
        0.200127423,
        0.975181
      ],
      [
        -0.9566693,
        -0.2892361,
        -0.03356073
      ]
    ],
    "translation": [
      2.160551,
      0.743081033,
      -0.649377465
    ]
  }
]