[
  {
    "timeStamp": 79685,
    "rotation": [
      [
        0.8435118,
        -0.3685299,
        0.390734464
      ],
      [
        -0.389578,
        -0.9205899,
        -0.0272595249
      ],
      [
        0.369752169,
        -0.129227832,
        -0.9200997
      ]
    ],
    "translation": [
      1.41860759,
      0.735261,
      -0.7560448
    ]
  },
  {
    "timeStamp": 79740,
    "rotation": [
      [
        0.839244664,
        -0.393205583,
        0.3755765
      ],
      [
        -0.4109277,
        -0.9109765,
        -0.0354978628
      ],
      [
        0.356099367,
        -0.124543406,
        -0.9261113
      ]
    ],
    "translation": [
      1.42093134,
      0.7358948,
      -0.7561242
    ]
  },
  {
    "timeStamp": 79785,
    "rotation": [
      [
        0.843708,
        -0.388722777,
        0.3702045
      ],
      [
        -0.405466884,
        -0.913437247,
        -0.0350568555
      ],
      [
        0.351786017,
        -0.120527931,
        -0.9282885
      ]
    ],
    "translation": [
      1.4225688,
      0.735840142,
      -0.756365061
    ]
  },
  {
    "timeStamp": 79840,
    "rotation": [
      [
        0.843433559,
        -0.389095664,
        0.370438159
      ],
      [
        -0.4025266,
        -0.914354444,
        -0.0439125933
      ],
      [
        0.355797976,
        -0.112073861,
        -0.927818537
      ]
    ],
    "translation": [
      1.42328084,
      0.739264846,
      -0.756549358
    ]
  },
  {
    "timeStamp": 79885,
    "rotation": [
      [
        0.8433712,
        -0.388976574,
        0.370705038
      ],
      [
        -0.399424821,
        -0.915306449,
        -0.0517105535
      ],
      [
        0.3594229,
        -0.1044576,
        -0.92731
      ]
    ],
    "translation": [
      1.42410314,
      0.743394256,
      -0.7554078
    ]
  },
  {
    "timeStamp": 79940,
    "rotation": [
      [
        0.8459096,
        -0.406621069,
        0.345103323
      ],
      [
        -0.404223621,
        -0.9109328,
        -0.082490705
      ],
      [
        0.3479084,
        -0.06971925,
        -0.9349326
      ]
    ],
    "translation": [
      1.43012929,
      0.755952656,
      -0.749434948
    ]
  },
  {
    "timeStamp": 79985,
    "rotation": [
      [
        0.8458075,
        -0.427344084,
        0.319353521
      ],
      [
        -0.412247837,
        -0.9035035,
        -0.117188513
      ],
      [
        0.338616848,
        -0.0325338729,
        -0.940361738
      ]
    ],
    "translation": [
      1.43861973,
      0.7713811,
      -0.73955524
    ]
  },
  {
    "timeStamp": 80040,
    "rotation": [
      [
        0.8617895,
        -0.432691425,
        0.264758229
      ],
      [
        -0.39845562,
        -0.9004208,
        -0.174572408
      ],
      [
        0.3139298,
        0.0449502729,
        -0.948381543
      ]
    ],
    "translation": [
      1.4641794,
      0.7971898,
      -0.7217133
    ]
  },
  {
    "timeStamp": 80085,
    "rotation": [
      [
        0.8773479,
        -0.438128,
        0.195715562
      ],
      [
        -0.3965336,
        -0.891646445,
        -0.218466863
      ],
      [
        0.270225525,
        0.11406365,
        -0.956016541
      ]
    ],
    "translation": [
      1.49285412,
      0.8188261,
      -0.7050714
    ]
  },
  {
    "timeStamp": 80140,
    "rotation": [
      [
        0.9045941,
        -0.408183426,
        0.122864753
      ],
      [
        -0.362350285,
        -0.888124466,
        -0.282731742
      ],
      [
        0.224525616,
        0.2112374,
        -0.9512975
      ]
    ],
    "translation": [
      1.5385375,
      0.8504968,
      -0.6850271
    ]
  },
  {
    "timeStamp": 80185,
    "rotation": [
      [
        0.9264727,
        -0.370913118,
        0.0638101846
      ],
      [
        -0.3290969,
        -0.8806533,
        -0.340800375
      ],
      [
        0.182601988,
        0.294742525,
        -0.937967658
      ]
    ],
    "translation": [
      1.58091569,
      0.8794218,
      -0.6684065
    ]
  },
  {
    "timeStamp": 80240,
    "rotation": [
      [
        0.9525919,
        -0.30425027,
        0.000722993456
      ],
      [
        -0.27672714,
        -0.8674012,
        -0.4135666
      ],
      [
        0.126454875,
        0.393760115,
        -0.9104736
      ]
    ],
    "translation": [
      1.63904047,
      0.918985,
      -0.6531543
    ]
  },
  {
    "timeStamp": 80285,
    "rotation": [
      [
        0.971536636,
        -0.233598441,
        -0.03934867
      ],
      [
        -0.224248648,
        -0.853382766,
        -0.470585227
      ],
      [
        0.0763485,
        0.466014683,
        -0.88147676
      ]
    ],
    "translation": [
      1.68949854,
      0.9522052,
      -0.643424869
    ]
  },
  {
    "timeStamp": 80340,
    "rotation": [
      [
        0.9863751,
        -0.142529353,
        -0.08215568
      ],
      [
        -0.164342925,
        -0.831064641,
        -0.5313407
      ],
      [
        0.00745496759,
        0.537602961,
        -0.843165159
      ]
    ],
    "translation": [
      1.751197,
      0.992045641,
      -0.638505757
    ]
  },
  {
    "timeStamp": 80385,
    "rotation": [
      [
        0.9915311,
        -0.06849351,
        -0.110339448
      ],
      [
        -0.11966069,
        -0.8120214,
        -0.571229041
      ],
      [
        -0.0504725128,
        0.5795946,
        -0.813340366
      ]
    ],
    "translation": [
      1.800188,
      1.02081323,
      -0.6372516
    ]
  },
  {
    "timeStamp": 80440,
    "rotation": [
      [
        0.9882012,
        0.009515873,
        -0.152865663
      ],
      [
        -0.08678921,
        -0.7875754,
        -0.610075951
      ],
      [
        -0.126198635,
        0.6161449,
        -0.777457058
      ]
    ],
    "translation": [
      1.85711658,
      1.048105,
      -0.640398443
    ]
  },
  {
    "timeStamp": 80485,
    "rotation": [
      [
        0.980213642,
        0.06944696,
        -0.185360074
      ],
      [
        -0.06395089,
        -0.775107861,
        -0.6285842
      ],
      [
        -0.18732731,
        0.628000736,
        -0.755330145
      ]
    ],
    "translation": [
      1.90018547,
      1.06423509,
      -0.644447565
    ]
  },
  {
    "timeStamp": 80540,
    "rotation": [
      [
        0.968629539,
        0.121385962,
        -0.2168463
      ],
      [
        -0.0503760763,
        -0.7585615,
        -0.6496512
      ],
      [
        -0.243349791,
        0.640195251,
        -0.7286501
      ]
    ],
    "translation": [
      1.94489634,
      1.07695842,
      -0.649189055
    ]
  },
  {
    "timeStamp": 80585,
    "rotation": [
      [
        0.9595368,
        0.157593623,
        -0.233352542
      ],
      [
        -0.03539875,
        -0.7546303,
        -0.65519464
      ],
      [
        -0.2793494,
        0.636943758,
        -0.718516946
      ]
    ],
    "translation": [
      1.9755249,
      1.08182192,
      -0.652678549
    ]
  },
  {
    "timeStamp": 80640,
    "rotation": [
      [
        0.94945,
        0.169925064,
        -0.2639511
      ],
      [
        -0.0482841134,
        -0.751772,
        -0.6576531
      ],
      [
        -0.31018275,
        0.6371534,
        -0.7055652
      ]
    ],
    "translation": [
      2.00513244,
      1.082459,
      -0.6558605
    ]
  },
  {
    "timeStamp": 80695,
    "rotation": [
      [
        0.9415932,
        0.201945245,
        -0.26948145
      ],
      [
        -0.0279144216,
        -0.7506759,
        -0.6600806
      ],
      [
        -0.335593373,
        0.6290499,
        -0.7011942
      ]
    ],
    "translation": [
      2.03103256,
      1.08161712,
      -0.657895267
    ]
  },
  {
    "timeStamp": 80740,
    "rotation": [
      [
        0.93307,
        0.210689411,
        -0.291531056
      ],
      [
        -0.0350974426,
        -0.7532988,
        -0.6567412
      ],
      [
        -0.357978433,
        0.6230175,
        -0.69548583
      ]
    ],
    "translation": [
      2.05025172,
      1.07688355,
      -0.659478068
    ]
  },
  {
    "timeStamp": 80785,
    "rotation": [
      [
        0.922465563,
        0.215173289,
        -0.3205584
      ],
      [
        -0.0491471328,
        -0.7580907,
        -0.6502946
      ],
      [
        -0.382938385,
        0.6156289,
        -0.6887374
      ]
    ],
    "translation": [
      2.068449,
      1.07029319,
      -0.661130548
    ]
  },
  {
    "timeStamp": 80840,
    "rotation": [
      [
        0.911080837,
        0.219106048,
        -0.349176466
      ],
      [
        -0.06261953,
        -0.763656735,
        -0.6425785
      ],
      [
        -0.407443821,
        0.607306242,
        -0.682032764
      ]
    ],
    "translation": [
      2.08894253,
      1.06259108,
      -0.6620556
    ]
  },
  {
    "timeStamp": 80899,
    "rotation": [
      [
        0.89243567,
        0.204000071,
        -0.402420938
      ],
      [
        -0.116665773,
        -0.7572623,
        -0.6426064
      ],
      [
        -0.435829937,
        0.620433569,
        -0.652008
      ]
    ],
    "translation": [
      2.10855818,
      1.05370748,
      -0.66446656
    ]
  },
  {
    "timeStamp": 80937,
    "rotation": [
      [
        0.8838854,
        0.206873581,
        -0.419463873
      ],
      [
        -0.12418171,
        -0.7608628,
        -0.636919737
      ],
      [
        -0.4509163,
        0.6150538,
        -0.6468256
      ]
    ],
    "translation": [
      2.11975837,
      1.04806721,
      -0.664487
    ]
  },
  {
    "timeStamp": 80990,
    "rotation": [
      [
        0.8769638,
        0.20330967,
        -0.435430378
      ],
      [
        -0.1328933,
        -0.768159,
        -0.6263155
      ],
      [
        -0.461815774,
        0.607121766,
        -0.6466292
      ]
    ],
    "translation": [
      2.138973,
      1.03571916,
      -0.658737063
    ]
  },
  {
    "timeStamp": 81035,
    "rotation": [
      [
        0.8748955,
        0.197799221,
        -0.442078382
      ],
      [
        -0.137109846,
        -0.7742965,
        -0.617791
      ],
      [
        -0.464498341,
        0.6011159,
        -0.6503084
      ]
    ],
    "translation": [
      2.150251,
      1.027912,
      -0.653349936
    ]
  },
  {
    "timeStamp": 81090,
    "rotation": [
      [
        0.871708453,
        0.187484324,
        -0.45274052
      ],
      [
        -0.145295277,
        -0.7834761,
        -0.6041973
      ],
      [
        -0.467988938,
        0.592465,
        -0.655722141
      ]
    ],
    "translation": [
      2.16328716,
      1.01810193,
      -0.6445332
    ]
  },
  {
    "timeStamp": 81135,
    "rotation": [
      [
        0.8767068,
        0.17277658,
        -0.4489249
      ],
      [
        -0.150525436,
        -0.787855566,
        -0.5971815
      ],
      [
        -0.45686695,
        0.5911277,
        -0.664711
      ]
    ],
    "translation": [
      2.17176747,
      1.0109309,
      -0.636105
    ]
  },
  {
    "timeStamp": 81190,
    "rotation": [
      [
        0.8693232,
        0.162841767,
        -0.466647327
      ],
      [
        -0.161063075,
        -0.799285352,
        -0.578965962
      ],
      [
        -0.4672642,
        0.5784682,
        -0.66860956
      ]
    ],
    "translation": [
      2.1836524,
      0.9989921,
      -0.6290378
    ]
  },
  {
    "timeStamp": 81235,
    "rotation": [
      [
        0.862664461,
        0.1444935,
        -0.484697551
      ],
      [
        -0.1870681,
        -0.7992117,
        -0.5711972
      ],
      [
        -0.4699102,
        0.583422959,
        -0.662421346
      ]
    ],
    "translation": [
      2.19201565,
      0.9896072,
      -0.625650644
    ]
  },
  {
    "timeStamp": 81290,
    "rotation": [
      [
        0.8491735,
        0.13694641,
        -0.510049045
      ],
      [
        -0.203401983,
        -0.8064772,
        -0.5551775
      ],
      [
        -0.487372518,
        0.575187,
        -0.6569839
      ]
    ],
    "translation": [
      2.20140553,
      0.978822052,
      -0.6246333
    ]
  },
  {
    "timeStamp": 81335,
    "rotation": [
      [
        0.8453295,
        0.119031608,
        -0.520816147
      ],
      [
        -0.221964017,
        -0.8084906,
        -0.545045853
      ],
      [
        -0.485952616,
        0.5763458,
        -0.6570203
      ]
    ],
    "translation": [
      2.20594954,
      0.969762146,
      -0.6226657
    ]
  },
  {
    "timeStamp": 81391,
    "rotation": [
      [
        0.8328706,
        0.100828521,
        -0.544205964
      ],
      [
        -0.242991567,
        -0.816820741,
        -0.5232198
      ],
      [
        -0.4972742,
        0.5680119,
        -0.6558055
      ]
    ],
    "translation": [
      2.21191239,
      0.9583411,
      -0.622823238
    ]
  },
  {
    "timeStamp": 81436,
    "rotation": [
      [
        0.8306743,
        0.06173186,
        -0.5533258
      ],
      [
        -0.283908933,
        -0.8079447,
        -0.516353667
      ],
      [
        -0.478932053,
        0.5860158,
        -0.6536127
      ]
    ],
    "translation": [
      2.21301341,
      0.9522452,
      -0.619596064
    ]
  },
  {
    "timeStamp": 81493,
    "rotation": [
      [
        0.828520358,
        0.0389831252,
        -0.5586003
      ],
      [
        -0.300585181,
        -0.8107009,
        -0.5024068
      ],
      [
        -0.4724432,
        0.5841612,
        -0.659964442
      ]
    ],
    "translation": [
      2.21593666,
      0.946666658,
      -0.6161929
    ]
  },
  {
    "timeStamp": 81539,
    "rotation": [
      [
        0.821632743,
        0.0357720144,
        -0.5688936
      ],
      [
        -0.303393543,
        -0.8174722,
        -0.489583045
      ],
      [
        -0.482568115,
        0.5748561,
        -0.6608089
      ]
    ],
    "translation": [
      2.22042084,
      0.942857,
      -0.6174419
    ]
  },
  {
    "timeStamp": 81595,
    "rotation": [
      [
        0.8079012,
        0.02985872,
        -0.588561058
      ],
      [
        -0.3152491,
        -0.8219086,
        -0.4744304
      ],
      [
        -0.497909278,
        0.5688362,
        -0.654608
      ]
    ],
    "translation": [
      2.22625184,
      0.938440442,
      -0.620124757
    ]
  },
  {
    "timeStamp": 81639,
    "rotation": [
      [
        0.8022312,
        0.0283726379,
        -0.5963389
      ],
      [
        -0.315021455,
        -0.8283772,
        -0.463198453
      ],
      [
        -0.5071357,
        0.5594518,
        -0.655612
      ]
    ],
    "translation": [
      2.230174,
      0.93578136,
      -0.6224053
    ]
  }
]