[
  {
    "timeStamp": 0,
    "rotation": [
      [
        0.9971994,
        -0.0445436165,
        -0.06007604
      ],
      [
        0.0191602539,
        0.9286349,
        -0.37049982
      ],
      [
        0.07229211,
        0.368311137,
        0.926887631
      ]
    ],
    "translation": [
      1.30295563,
      1.50956953,
      -1.46167815
    ]
  },
  {
    "timeStamp": 17,
    "rotation": [
      [
        0.9980251,
        -0.03982685,
        -0.0485757031
      ],
      [
        0.0187820978,
        0.9271344,
        -0.374257863
      ],
      [
        0.05994172,
        0.3726064,
        0.9260515
      ]
    ],
    "translation": [
      1.30543828,
      1.50936484,
      -1.46044946
    ]
  },
  {
    "timeStamp": 19,
    "rotation": [
      [
        0.998057544,
        -0.0399219468,
        -0.04782652
      ],
      [
        0.01917686,
        0.927292764,
        -0.373845369
      ],
      [
        0.05927382,
        0.372202,
        0.926257133
      ]
    ],
    "translation": [
      1.3055675,
      1.50931382,
      -1.46039212
    ]
  },
  {
    "timeStamp": 63,
    "rotation": [
      [
        0.9987197,
        -0.0398706943,
        -0.0311336461
      ],
      [
        0.024707431,
        0.9215184,
        -0.38754794
      ],
      [
        0.0441420339,
        0.386282533,
        0.921323657
      ]
    ],
    "translation": [
      1.307668,
      1.50764322,
      -1.45857525
    ]
  },
  {
    "timeStamp": 116,
    "rotation": [
      [
        0.998765767,
        -0.03978539,
        -0.0297344979
      ],
      [
        0.0251253136,
        0.9211024,
        -0.3885088
      ],
      [
        0.04284549,
        0.3872822,
        0.920965135
      ]
    ],
    "translation": [
      1.3079716,
      1.50750208,
      -1.45829165
    ]
  },
  {
    "timeStamp": 161,
    "rotation": [
      [
        0.998825967,
        -0.0394803025,
        -0.0280713178
      ],
      [
        0.0254352987,
        0.9205871,
        -0.389708132
      ],
      [
        0.04122789,
        0.3885366,
        0.9205105
      ]
    ],
    "translation": [
      1.3083812,
      1.5074054,
      -1.45807934
    ]
  },
  {
    "timeStamp": 216,
    "rotation": [
      [
        0.9989186,
        -0.0389121473,
        -0.02544557
      ],
      [
        0.02587842,
        0.920021057,
        -0.391013533
      ],
      [
        0.0386256352,
        0.3899322,
        0.920033157
      ]
    ],
    "translation": [
      1.30882692,
      1.50727308,
      -1.45800245
    ]
  },
  {
    "timeStamp": 345,
    "rotation": [
      [
        0.998917758,
        -0.0388542674,
        -0.0255657658
      ],
      [
        0.0257719085,
        0.9199606,
        -0.391162783
      ],
      [
        0.03871784,
        0.390080571,
        0.91996634
      ]
    ],
    "translation": [
      1.30877411,
      1.50722134,
      -1.4580822
    ]
  },
  {
    "timeStamp": 346,
    "rotation": [
      [
        0.9989355,
        -0.038681414,
        -0.0251319669
      ],
      [
        0.0257666055,
        0.919802,
        -0.3915358
      ],
      [
        0.0382615924,
        0.390471429,
        0.9198196
      ]
    ],
    "translation": [
      1.30884373,
      1.5071882,
      -1.45812249
    ]
  },
  {
    "timeStamp": 385,
    "rotation": [
      [
        0.9993597,
        -0.03359857,
        -0.0123017989
      ],
      [
        0.02574705,
        0.914039552,
        -0.404807031
      ],
      [
        0.0248452667,
        0.4042311,
        0.9143194
      ]
    ],
    "translation": [
      1.310785,
      1.50538385,
      -1.45916581
    ]
  },
  {
    "timeStamp": 438,
    "rotation": [
      [
        0.999541044,
        -0.0302819889,
        -0.0008500934
      ],
      [
        0.027271105,
        0.911668837,
        -0.410019875
      ],
      [
        0.01319122,
        0.409808517,
        0.912076235
      ]
    ],
    "translation": [
      1.31249762,
      1.5046078,
      -1.45947242
    ]
  },
  {
    "timeStamp": 494,
    "rotation": [
      [
        0.9995761,
        -0.0258421768,
        0.0134108244
      ],
      [
        0.0290760174,
        0.9097907,
        -0.414047658
      ],
      [
        -0.00150115113,
        0.4142621,
        0.910156369
      ]
    ],
    "translation": [
      1.31462634,
      1.504039,
      -1.4597795
    ]
  },
  {
    "timeStamp": 538,
    "rotation": [
      [
        0.9994038,
        -0.02084521,
        0.0275245812
      ],
      [
        0.0304286312,
        0.9084733,
        -0.4168337
      ],
      [
        -0.0163163617,
        0.4174227,
        0.908565938
      ]
    ],
    "translation": [
      1.31686687,
      1.50362468,
      -1.46002936
    ]
  },
  {
    "timeStamp": 594,
    "rotation": [
      [
        0.998367,
        -0.0126397675,
        0.05571037
      ],
      [
        0.0350926444,
        0.905213535,
        -0.4235055
      ],
      [
        -0.0450767763,
        0.424768955,
        0.904178858
      ]
    ],
    "translation": [
      1.32111549,
      1.50271118,
      -1.46029222
    ]
  },
  {
    "timeStamp": 638,
    "rotation": [
      [
        0.9963101,
        -0.00152066327,
        0.0858127549
      ],
      [
        0.03846686,
        0.9017075,
        -0.4306321
      ],
      [
        -0.07672315,
        0.432344079,
        0.898438752
      ]
    ],
    "translation": [
      1.32563686,
      1.50170124,
      -1.46050489
    ]
  },
  {
    "timeStamp": 694,
    "rotation": [
      [
        0.991552651,
        0.0159059223,
        0.128725842
      ],
      [
        0.04280171,
        0.896732569,
        -0.4404983
      ],
      [
        -0.122439168,
        0.442286938,
        0.8884768
      ]
    ],
    "translation": [
      1.33245087,
      1.50026619,
      -1.46090007
    ]
  },
  {
    "timeStamp": 739,
    "rotation": [
      [
        0.985907733,
        0.03265421,
        0.164071947
      ],
      [
        0.0451383181,
        0.8924628,
        -0.448857218
      ],
      [
        -0.161085173,
        0.449937731,
        0.878411949
      ]
    ],
    "translation": [
      1.338634,
      1.49899614,
      -1.46144056
    ]
  },
  {
    "timeStamp": 785,
    "rotation": [
      [
        0.9791277,
        0.05021095,
        0.196946114
      ],
      [
        0.0467100367,
        0.8874757,
        -0.4584812
      ],
      [
        -0.197805673,
        0.458111,
        0.8666067
      ]
    ],
    "translation": [
      1.34503531,
      1.49765909,
      -1.4622848
    ]
  },
  {
    "timeStamp": 841,
    "rotation": [
      [
        0.969888866,
        0.07148792,
        0.232819676
      ],
      [
        0.0474925,
        0.8820839,
        -0.4686923
      ],
      [
        -0.238872319,
        0.465636641,
        0.852128267
      ]
    ],
    "translation": [
      1.35304117,
      1.49615169,
      -1.46364617
    ]
  },
  {
    "timeStamp": 886,
    "rotation": [
      [
        0.9632107,
        0.08709582,
        0.254242927
      ],
      [
        0.0465181172,
        0.877717555,
        -0.476915032
      ],
      [
        -0.264690816,
        0.471196562,
        0.8413754
      ]
    ],
    "translation": [
      1.35926032,
      1.49478054,
      -1.46488357
    ]
  },
  {
    "timeStamp": 943,
    "rotation": [
      [
        0.9566963,
        0.101551205,
        0.272799551
      ],
      [
        0.0460857563,
        0.8725101,
        -0.4864177
      ],
      [
        -0.287416667,
        0.4779262,
        0.830047131
      ]
    ],
    "translation": [
      1.36616278,
      1.4929992,
      -1.4659183
    ]
  },
  {
    "timeStamp": 988,
    "rotation": [
      [
        0.9533821,
        0.111558914,
        0.2803877
      ],
      [
        0.0440512262,
        0.8677526,
        -0.495040238
      ],
      [
        -0.29853332,
        0.4843139,
        0.8223855
      ]
    ],
    "translation": [
      1.370296,
      1.4917146,
      -1.4668057
    ]
  },
  {
    "timeStamp": 1043,
    "rotation": [
      [
        0.952307045,
        0.121657275,
        0.279840767
      ],
      [
        0.03854146,
        0.861784756,
        -0.505807936
      ],
      [
        -0.302697718,
        0.492469937,
        0.8159948
      ]
    ],
    "translation": [
      1.37390232,
      1.48986053,
      -1.46716821
    ]
  },
  {
    "timeStamp": 1087,
    "rotation": [
      [
        0.9551081,
        0.128059134,
        0.267150521
      ],
      [
        0.030628752,
        0.8542359,
        -0.518982649
      ],
      [
        -0.294670016,
        0.50386703,
        0.8119653
      ]
    ],
    "translation": [
      1.37470543,
      1.48729908,
      -1.46633124
    ]
  },
  {
    "timeStamp": 1143,
    "rotation": [
      [
        0.9642778,
        0.128928,
        0.231399938
      ],
      [
        0.023186475,
        0.8291256,
        -0.5585814
      ],
      [
        -0.2638764,
        0.543993,
        0.796517968
      ]
    ],
    "translation": [
      1.37329841,
      1.48001766,
      -1.46425033
    ]
  },
  {
    "timeStamp": 1187,
    "rotation": [
      [
        0.9738657,
        0.126445085,
        0.18867217
      ],
      [
        0.0164970569,
        0.7891247,
        -0.6140114
      ],
      [
        -0.2265246,
        0.6010772,
        0.766415536
      ]
    ],
    "translation": [
      1.37049961,
      1.46947849,
      -1.46176755
    ]
  },
  {
    "timeStamp": 1243,
    "rotation": [
      [
        0.9828547,
        0.131289408,
        0.129459
      ],
      [
        -0.00676008034,
        0.727312446,
        -0.6862732
      ],
      [
        -0.184257537,
        0.6736317,
        0.71573
      ]
    ],
    "translation": [
      1.36613393,
      1.45398843,
      -1.45711827
    ]
  },
  {
    "timeStamp": 1287,
    "rotation": [
      [
        0.987645566,
        0.130356029,
        0.0869686
      ],
      [
        -0.0263473485,
        0.685220957,
        -0.727858543
      ],
      [
        -0.154473454,
        0.716574848,
        0.680189967
      ]
    ],
    "translation": [
      1.36263764,
      1.44413328,
      -1.4524436
    ]
  },
  {
    "timeStamp": 1343,
    "rotation": [
      [
        0.9902677,
        0.129107669,
        0.05197158
      ],
      [
        -0.0459174179,
        0.6555948,
        -0.753715456
      ],
      [
        -0.131382748,
        0.74399364,
        0.655142665
      ]
    ],
    "translation": [
      1.3585304,
      1.43742335,
      -1.44561124
    ]
  },
  {
    "timeStamp": 1388,
    "rotation": [
      [
        0.9922185,
        0.118771993,
        0.03735939
      ],
      [
        -0.04824243,
        0.643346965,
        -0.7640533
      ],
      [
        -0.114783183,
        0.7563055,
        0.644070566
      ]
    ],
    "translation": [
      1.35569358,
      1.43488026,
      -1.4406333
    ]
  },
  {
    "timeStamp": 1443,
    "rotation": [
      [
        0.9939397,
        0.105579644,
        0.0306079462
      ],
      [
        -0.0439174362,
        0.6366432,
        -0.769907
      ],
      [
        -0.100772843,
        0.7638969,
        0.637421668
      ]
    ],
    "translation": [
      1.35246968,
      1.43313277,
      -1.43491793
    ]
  },
  {
    "timeStamp": 1488,
    "rotation": [
      [
        0.9950897,
        0.09411725,
        0.03063402
      ],
      [
        -0.0361788273,
        0.63395983,
        -0.7725193
      ],
      [
        -0.09212813,
        0.7676177,
        0.6342519
      ]
    ],
    "translation": [
      1.350215,
      1.43176746,
      -1.43103266
    ]
  },
  {
    "timeStamp": 1543,
    "rotation": [
      [
        0.9962645,
        0.08064154,
        0.0308872182
      ],
      [
        -0.026569156,
        0.626577258,
        -0.7789063
      ],
      [
        -0.08216543,
        0.775176048,
        0.626379251
      ]
    ],
    "translation": [
      1.34762967,
      1.42988932,
      -1.427809
    ]
  },
  {
    "timeStamp": 1588,
    "rotation": [
      [
        0.996947,
        0.07170341,
        0.030909922
      ],
      [
        -0.0205283333,
        0.622631669,
        -0.782245755
      ],
      [
        -0.07533519,
        0.779223,
        0.6222027
      ]
    ],
    "translation": [
      1.3457067,
      1.42905223,
      -1.425989
    ]
  },
  {
    "timeStamp": 1643,
    "rotation": [
      [
        0.9974285,
        0.064501904,
        0.0312381238
      ],
      [
        -0.0158142839,
        0.6232134,
        -0.7818919
      ],
      [
        -0.06990153,
        0.779387236,
        0.6226309
      ]
    ],
    "translation": [
      1.34355164,
      1.42927229,
      -1.4244864
    ]
  },
  {
    "timeStamp": 1687,
    "rotation": [
      [
        0.997754455,
        0.0584254526,
        0.0327484459
      ],
      [
        -0.0110943085,
        0.626359642,
        -0.779455245
      ],
      [
        -0.06605233,
        0.7773416,
        0.6256013
      ]
    ],
    "translation": [
      1.3419956,
      1.42983007,
      -1.42362249
    ]
  },
  {
    "timeStamp": 1743,
    "rotation": [
      [
        0.9980806,
        0.0520328134,
        0.0335801169
      ],
      [
        -0.00688378932,
        0.632105,
        -0.774852157
      ],
      [
        -0.0615439,
        0.773133755,
        0.631249964
      ]
    ],
    "translation": [
      1.34057045,
      1.43084848,
      -1.423079
    ]
  },
  {
    "timeStamp": 1788,
    "rotation": [
      [
        0.998314559,
        0.04833646,
        0.03212029
      ],
      [
        -0.00603227224,
        0.636885047,
        -0.7709352
      ],
      [
        -0.0577212162,
        0.7694421,
        0.636103153
      ]
    ],
    "translation": [
      1.33945131,
      1.4316864,
      -1.42260909
    ]
  },
  {
    "timeStamp": 1843,
    "rotation": [
      [
        0.998653054,
        0.0435018949,
        0.02827891
      ],
      [
        -0.00637861667,
        0.6438238,
        -0.7651472
      ],
      [
        -0.051491987,
        0.7639362,
        0.6432341
      ]
    ],
    "translation": [
      1.338546,
      1.43272579,
      -1.42226887
    ]
  },
  {
    "timeStamp": 1887,
    "rotation": [
      [
        0.9987878,
        0.0414672643,
        0.02651951
      ],
      [
        -0.006741546,
        0.6489386,
        -0.7608109
      ],
      [
        -0.0487582833,
        0.7597099,
        0.6484315
      ]
    ],
    "translation": [
      1.33813,
      1.43370807,
      -1.42202365
    ]
  },
  {
    "timeStamp": 1943,
    "rotation": [
      [
        0.9988942,
        0.03921819,
        0.0259287488
      ],
      [
        -0.00645230245,
        0.660642,
        -0.7506733
      ],
      [
        -0.04656967,
        0.7496759,
        0.6601646
      ]
    ],
    "translation": [
      1.35041046,
      1.43566155,
      -0.997946143
    ]
  },
  {
    "timeStamp": 1987,
    "rotation": [
      [
        0.998957,
        0.0371716879,
        0.0265165418
      ],
      [
        -0.005645314,
        0.6768269,
        -0.7361206
      ],
      [
        -0.04530995,
        0.7352031,
        0.6763308
      ]
    ],
    "translation": [
      1.35069847,
      1.438267,
      -0.996857643
    ]
  },
  {
    "timeStamp": 2043,
    "rotation": [
      [
        0.998895049,
        0.03697589,
        0.0290078782
      ],
      [
        -0.00497282,
        0.6969285,
        -0.7171234
      ],
      [
        -0.0467326939,
        0.716186762,
        0.696342349
      ]
    ],
    "translation": [
      1.35124707,
      1.442111,
      -0.9962362
    ]
  },
  {
    "timeStamp": 2087,
    "rotation": [
      [
        0.9987105,
        0.038136635,
        0.03351135
      ],
      [
        -0.003260453,
        0.7069034,
        -0.70730263
      ],
      [
        -0.05066343,
        0.7062813,
        0.70611614
      ]
    ],
    "translation": [
      1.35209584,
      1.44485581,
      -0.9962344
    ]
  },
  {
    "timeStamp": 2143,
    "rotation": [
      [
        0.99830085,
        0.03964365,
        0.0427065566
      ],
      [
        0.00137505843,
        0.716668665,
        -0.697412431
      ],
      [
        -0.05825443,
        0.696286142,
        0.7153964
      ]
    ],
    "translation": [
      1.35337782,
      1.44763,
      -0.9966464
    ]
  },
  {
    "timeStamp": 2187,
    "rotation": [
      [
        0.9979068,
        0.0422489345,
        0.04895915
      ],
      [
        0.003279546,
        0.7230459,
        -0.6907922
      ],
      [
        -0.06458495,
        0.689506769,
        0.7213939
      ]
    ],
    "translation": [
      1.35419416,
      1.44920409,
      -0.9963348
    ]
  },
  {
    "timeStamp": 2243,
    "rotation": [
      [
        0.997379959,
        0.0439034179,
        0.05749463
      ],
      [
        0.00795428548,
        0.7234015,
        -0.690381765
      ],
      [
        -0.07190182,
        0.6890303,
        0.721156955
      ]
    ],
    "translation": [
      1.354332,
      1.44837046,
      -0.9972327
    ]
  },
  {
    "timeStamp": 2287,
    "rotation": [
      [
        0.996762,
        0.04639249,
        0.065675
      ],
      [
        0.0129575133,
        0.7134211,
        -0.700615764
      ],
      [
        -0.07935724,
        0.6991981,
        0.710509956
      ]
    ],
    "translation": [
      1.35503638,
      1.44667637,
      -0.9971795
    ]
  },
  {
    "timeStamp": 2343,
    "rotation": [
      [
        0.9958299,
        0.05089899,
        0.07571145
      ],
      [
        0.0194523726,
        0.6923457,
        -0.7213037
      ],
      [
        -0.08913213,
        0.7197685,
        0.6884684
      ]
    ],
    "translation": [
      1.35599065,
      1.442288,
      -0.9970659
    ]
  },
  {
    "timeStamp": 2387,
    "rotation": [
      [
        0.994908631,
        0.0565515,
        0.0834192
      ],
      [
        0.0233473144,
        0.675877,
        -0.7366446
      ],
      [
        -0.09803946,
        0.7348417,
        0.671115458
      ]
    ],
    "translation": [
      1.35692668,
      1.43834424,
      -0.9959625
    ]
  },
  {
    "timeStamp": 2443,
    "rotation": [
      [
        0.9937143,
        0.06348232,
        0.09220598
      ],
      [
        0.0280003827,
        0.6565342,
        -0.7537764
      ],
      [
        -0.108387858,
        0.7516202,
        0.6506299
      ]
    ],
    "translation": [
      1.35841441,
      1.4342618,
      -0.994088054
    ]
  },
  {
    "timeStamp": 2487,
    "rotation": [
      [
        0.9930988,
        0.0666407049,
        0.0965084955
      ],
      [
        0.0305002071,
        0.647817969,
        -0.7611844
      ],
      [
        -0.113245793,
        0.758874834,
        0.6413147
      ]
    ],
    "translation": [
      1.35952616,
      1.43206775,
      -0.9916607
    ]
  },
  {
    "timeStamp": 2543,
    "rotation": [
      [
        0.992812335,
        0.0689144954,
        0.097848624
      ],
      [
        0.0307452772,
        0.6432793,
        -0.765014
      ],
      [
        -0.115664557,
        0.7625237,
        0.6365369
      ]
    ],
    "translation": [
      1.36051679,
      1.43075693,
      -0.988373637
    ]
  },
  {
    "timeStamp": 2587,
    "rotation": [
      [
        0.9926081,
        0.06929852,
        0.0996342
      ],
      [
        0.0315266773,
        0.6455388,
        -0.7630765
      ],
      [
        -0.117197812,
        0.760577,
        0.6385822
      ]
    ],
    "translation": [
      1.36128092,
      1.43038356,
      -0.9852725
    ]
  },
  {
    "timeStamp": 2642,
    "rotation": [
      [
        0.992586553,
        0.0635292754,
        0.103614621
      ],
      [
        0.0380031355,
        0.6475413,
        -0.7610821
      ],
      [
        -0.115445748,
        0.759377539,
        0.6403265
      ]
    ],
    "translation": [
      1.36299777,
      1.42992067,
      -0.982726
    ]
  },
  {
    "timeStamp": 2686,
    "rotation": [
      [
        0.991508842,
        0.06596621,
        0.112065814
      ],
      [
        0.0433262847,
        0.6449652,
        -0.762982845
      ],
      [
        -0.12260963,
        0.761359632,
        0.636630535
      ]
    ],
    "translation": [
      1.364769,
      1.42962646,
      -0.9822346
    ]
  },
  {
    "timeStamp": 2742,
    "rotation": [
      [
        0.989297748,
        0.0731921,
        0.126225784
      ],
      [
        0.04930717,
        0.6464995,
        -0.761319339
      ],
      [
        -0.137327477,
        0.759395361,
        0.6359716
      ]
    ],
    "translation": [
      1.36724925,
      1.42994738,
      -0.981990457
    ]
  },
  {
    "timeStamp": 2786,
    "rotation": [
      [
        0.9878954,
        0.0759751052,
        0.135242149
      ],
      [
        0.0538604036,
        0.649606049,
        -0.758360744
      ],
      [
        -0.145470649,
        0.7564653,
        0.6376508
      ]
    ],
    "translation": [
      1.36898327,
      1.43071508,
      -0.982422352
    ]
  },
  {
    "timeStamp": 2842,
    "rotation": [
      [
        0.9863676,
        0.08031854,
        0.143624
      ],
      [
        0.0567224473,
        0.6533523,
        -0.754926
      ],
      [
        -0.154471621,
        0.7527813,
        0.639889657
      ]
    ],
    "translation": [
      1.37020206,
      1.4319545,
      -0.983644
    ]
  },
  {
    "timeStamp": 2886,
    "rotation": [
      [
        0.9857756,
        0.08114509,
        0.147179917
      ],
      [
        0.05813035,
        0.657054365,
        -0.7515986
      ],
      [
        -0.157693744,
        0.7494632,
        0.6429912
      ]
    ],
    "translation": [
      1.37044454,
      1.43306875,
      -0.984462142
    ]
  },
  {
    "timeStamp": 2942,
    "rotation": [
      [
        0.986343443,
        0.0765942261,
        0.145807818
      ],
      [
        0.0592925027,
        0.660797834,
        -0.7482183
      ],
      [
        -0.153658688,
        0.7466455,
        0.6472322
      ]
    ],
    "translation": [
      1.37009192,
      1.43429756,
      -0.9854605
    ]
  },
  {
    "timeStamp": 2986,
    "rotation": [
      [
        0.987164,
        0.0727068,
        0.142200008
      ],
      [
        0.0586309843,
        0.663219452,
        -0.7461249
      ],
      [
        -0.148558155,
        0.744885,
        0.650443554
      ]
    ],
    "translation": [
      1.36954451,
      1.43508518,
      -0.986096859
    ]
  },
  {
    "timeStamp": 3042,
    "rotation": [
      [
        0.98819524,
        0.0677625,
        0.137398332
      ],
      [
        0.0573198125,
        0.668178737,
        -0.74178946
      ],
      [
        -0.142072141,
        0.7409085,
        0.656406939
      ]
    ],
    "translation": [
      1.36876726,
      1.43605387,
      -0.9864087
    ]
  },
  {
    "timeStamp": 3087,
    "rotation": [
      [
        0.989064455,
        0.06386811,
        0.132937357
      ],
      [
        0.05650174,
        0.6685092,
        -0.741554439
      ],
      [
        -0.136231527,
        0.7409563,
        0.6575901
      ]
    ],
    "translation": [
      1.368171,
      1.43618786,
      -0.9868586
    ]
  },
  {
    "timeStamp": 3142,
    "rotation": [
      [
        0.9899974,
        0.0615864731,
        0.126934141
      ],
      [
        0.0537853,
        0.667005837,
        -0.7431086
      ],
      [
        -0.13043125,
        0.742502749,
        0.6570216
      ]
    ],
    "translation": [
      1.36795616,
      1.435758,
      -0.9873917
    ]
  },
  {
    "timeStamp": 3187,
    "rotation": [
      [
        0.9904976,
        0.0624097139,
        0.122554123
      ],
      [
        0.0503739081,
        0.6645493,
        -0.7455446
      ],
      [
        -0.127972469,
        0.7446337,
        0.65509063
      ]
    ],
    "translation": [
      1.368283,
      1.4353317,
      -0.987574935
    ]
  },
  {
    "timeStamp": 3242,
    "rotation": [
      [
        0.9908927,
        0.06472765,
        0.118075944
      ],
      [
        0.0459676571,
        0.6616042,
        -0.748442948
      ],
      [
        -0.126564488,
        0.747054338,
        0.652603447
      ]
    ],
    "translation": [
      1.36912262,
      1.43465948,
      -0.9876964
    ]
  },
  {
    "timeStamp": 3287,
    "rotation": [
      [
        0.9911139,
        0.06636344,
        0.115278319
      ],
      [
        0.0433673225,
        0.658080459,
        -0.751697659
      ],
      [
        -0.125747651,
        0.7500173,
        0.6493547
      ]
    ],
    "translation": [
      1.37021065,
      1.43375456,
      -0.987666368
    ]
  },
  {
    "timeStamp": 3342,
    "rotation": [
      [
        0.9913241,
        0.06825368,
        0.112329267
      ],
      [
        0.0408075638,
        0.652556241,
        -0.7566407
      ],
      [
        -0.124944672,
        0.75466007,
        0.6441095
      ]
    ],
    "translation": [
      1.37177563,
      1.43235719,
      -0.987862945
    ]
  },
  {
    "timeStamp": 3387,
    "rotation": [
      [
        0.9913949,
        0.0702548251,
        0.110455394
      ],
      [
        0.0387645327,
        0.648378134,
        -0.7603309
      ],
      [
        -0.125033781,
        0.758069932,
        0.6400754
      ]
    ],
    "translation": [
      1.37331915,
      1.431389,
      -0.9877584
    ]
  },
  {
    "timeStamp": 3442,
    "rotation": [
      [
        0.9916301,
        0.07142214,
        0.107557647
      ],
      [
        0.03653933,
        0.6437598,
        -0.764354765
      ],
      [
        -0.123833135,
        0.761887252,
        0.6357619
      ]
    ],
    "translation": [
      1.37511945,
      1.43018,
      -0.9876951
    ]
  },
  {
    "timeStamp": 3486,
    "rotation": [
      [
        0.991810262,
        0.073693715,
        0.104314871
      ],
      [
        0.0331251174,
        0.6403771,
        -0.767346
      ],
      [
        -0.123349428,
        0.7645171,
        0.6326915
      ]
    ],
    "translation": [
      1.37624192,
      1.42960823,
      -0.9874412
    ]
  },
  {
    "timeStamp": 3542,
    "rotation": [
      [
        0.992685735,
        0.07747571,
        0.09258839
      ],
      [
        0.022166267,
        0.636917949,
        -0.7706129
      ],
      [
        -0.118674986,
        0.767028749,
        0.630542
      ]
    ],
    "translation": [
      1.37616169,
      1.42896235,
      -0.987036943
    ]
  },
  {
    "timeStamp": 3587,
    "rotation": [
      [
        0.9945626,
        0.077403,
        0.0696694553
      ],
      [
        0.00514213229,
        0.6316838,
        -0.775209069
      ],
      [
        -0.104012579,
        0.771352232,
        0.6278511
      ]
    ],
    "translation": [
      1.37405515,
      1.42833352,
      -0.986896157
    ]
  },
  {
    "timeStamp": 3642,
    "rotation": [
      [
        0.9971832,
        0.07339599,
        0.0154509842
      ],
      [
        -0.0337117575,
        0.6226029,
        -0.7818115
      ],
      [
        -0.0670016557,
        0.7790884,
        0.623323441
      ]
    ],
    "translation": [
      1.36815357,
      1.42766988,
      -0.987149239
    ]
  },
  {
    "timeStamp": 3686,
    "rotation": [
      [
        0.9972692,
        0.06721666,
        -0.0305952281
      ],
      [
        -0.06569986,
        0.618264437,
        -0.783219457
      ],
      [
        -0.0337294564,
        0.7830908,
        0.6209922
      ]
    ],
    "translation": [
      1.36237657,
      1.4274193,
      -0.987056136
    ]
  },
  {
    "timeStamp": 3742,
    "rotation": [
      [
        0.9951698,
        0.0530629,
        -0.08259183
      ],
      [
        -0.09767154,
        0.6197533,
        -0.778695166
      ],
      [
        0.009866734,
        0.783000767,
        0.6219425
      ]
    ],
    "translation": [
      1.35487366,
      1.42812622,
      -0.98677063
    ]
  },
  {
    "timeStamp": 3786,
    "rotation": [
      [
        0.992374063,
        0.0412164964,
        -0.116167657
      ],
      [
        -0.116470821,
        0.6220656,
        -0.774253845
      ],
      [
        0.040351864,
        0.781879544,
        0.6221222
      ]
    ],
    "translation": [
      1.34911323,
      1.42871845,
      -0.9867984
    ]
  },
  {
    "timeStamp": 3842,
    "rotation": [
      [
        0.9888471,
        0.02136178,
        -0.1473943
      ],
      [
        -0.128252074,
        0.62526,
        -0.769806
      ],
      [
        0.07571533,
        0.780124068,
        0.6210262
      ]
    ],
    "translation": [
      1.34217787,
      1.429548,
      -0.987014055
    ]
  },
  {
    "timeStamp": 3886,
    "rotation": [
      [
        0.9862876,
        0.00662200572,
        -0.164902881
      ],
      [
        -0.13259764,
        0.6266918,
        -0.767903149
      ],
      [
        0.0982582346,
        0.7792391,
        0.6189764
      ]
    ],
    "translation": [
      1.336771,
      1.43004048,
      -0.987105966
    ]
  },
  {
    "timeStamp": 3942,
    "rotation": [
      [
        0.9845829,
        -0.009305507,
        -0.174670964
      ],
      [
        -0.130230933,
        0.6276543,
        -0.7675219
      ],
      [
        0.116775177,
        0.778436542,
        0.616765857
      ]
    ],
    "translation": [
      1.33018374,
      1.43022478,
      -0.9873884
    ]
  },
  {
    "timeStamp": 3986,
    "rotation": [
      [
        0.983986437,
        -0.0222905781,
        -0.176844329
      ],
      [
        -0.123758025,
        0.628578246,
        -0.7678368
      ],
      [
        0.12827602,
        0.7774269,
        0.6157538
      ]
    ],
    "translation": [
      1.32500362,
      1.430235,
      -0.9874939
    ]
  },
  {
    "timeStamp": 4042,
    "rotation": [
      [
        0.9839081,
        -0.0379981473,
        -0.174587965
      ],
      [
        -0.112341531,
        0.6282603,
        -0.7698496
      ],
      [
        0.13893953,
        0.7770747,
        0.613881648
      ]
    ],
    "translation": [
      1.31848764,
      1.43021762,
      -0.987959266
    ]
  },
  {
    "timeStamp": 4086,
    "rotation": [
      [
        0.9835505,
        -0.0495860837,
        -0.173694327
      ],
      [
        -0.104200535,
        0.6297116,
        -0.769808769
      ],
      [
        0.147549137,
        0.775244832,
        0.6141862
      ]
    ],
    "translation": [
      1.31326175,
      1.43045962,
      -0.9879757
    ]
  },
  {
    "timeStamp": 4142,
    "rotation": [
      [
        0.98345685,
        -0.06276557,
        -0.169920817
      ],
      [
        -0.09240304,
        0.632995546,
        -0.7686211
      ],
      [
        0.155802056,
        0.771606863,
        0.6167241
      ]
    ],
    "translation": [
      1.30685532,
      1.43084812,
      -0.987875938
    ]
  },
  {
    "timeStamp": 4186,
    "rotation": [
      [
        0.9833611,
        -0.06959586,
        -0.167801738
      ],
      [
        -0.0859643742,
        0.6354624,
        -0.767331541
      ],
      [
        0.160034791,
        0.768988967,
        0.61890626
      ]
    ],
    "translation": [
      1.30209553,
      1.43109524,
      -0.987394452
    ]
  },
  {
    "timeStamp": 4242,
    "rotation": [
      [
        0.98480165,
        -0.07426825,
        -0.157002762
      ],
      [
        -0.07362858,
        0.6401975,
        -0.764673769
      ],
      [
        0.157303765,
        0.7646119,
        0.6249993
      ]
    ],
    "translation": [
      1.29665434,
      1.43175066,
      -0.986614466
    ]
  },
  {
    "timeStamp": 4286,
    "rotation": [
      [
        0.9864854,
        -0.07906475,
        -0.143510848
      ],
      [
        -0.05887358,
        0.6463341,
        -0.7607799
      ],
      [
        0.152906835,
        0.758947253,
        0.632944345
      ]
    ],
    "translation": [
      1.29275584,
      1.43223965,
      -0.985350132
    ]
  },
  {
    "timeStamp": 4342,
    "rotation": [
      [
        0.9876423,
        -0.08656712,
        -0.130647719
      ],
      [
        -0.0427413024,
        0.653240442,
        -0.7559432
      ],
      [
        0.150784209,
        0.7521855,
        0.641467869
      ]
    ],
    "translation": [
      1.28763473,
      1.432941,
      -0.984102845
    ]
  },
  {
    "timeStamp": 4386,
    "rotation": [
      [
        0.9879084,
        -0.09185548,
        -0.12489818
      ],
      [
        -0.03420076,
        0.656633139,
        -0.7534343
      ],
      [
        0.151219353,
        0.7485957,
        0.64555186
      ]
    ],
    "translation": [
      1.28332,
      1.43327856,
      -0.9829817
    ]
  },
  {
    "timeStamp": 4441,
    "rotation": [
      [
        0.9882192,
        -0.09453463,
        -0.12035735
      ],
      [
        -0.02906394,
        0.6561876,
        -0.754037857
      ],
      [
        0.150259688,
        0.748652756,
        0.6457097
      ]
    ],
    "translation": [
      1.27789688,
      1.43306744,
      -0.981991649
    ]
  },
  {
    "timeStamp": 4486,
    "rotation": [
      [
        0.9881963,
        -0.09687178,
        -0.118675515
      ],
      [
        -0.0262983833,
        0.655907,
        -0.754383445
      ],
      [
        0.150918573,
        0.748599946,
        0.6456173
      ]
    ],
    "translation": [
      1.27360892,
      1.43274653,
      -0.980908751
    ]
  },
  {
    "timeStamp": 4542,
    "rotation": [
      [
        0.9883904,
        -0.0984223,
        -0.1157474
      ],
      [
        -0.0235761255,
        0.6532398,
        -0.756783962
      ],
      [
        0.150095224,
        0.7507269,
        0.643335462
      ]
    ],
    "translation": [
      1.26811337,
      1.432109,
      -0.979658246
    ]
  },
  {
    "timeStamp": 4586,
    "rotation": [
      [
        0.9885008,
        -0.101096228,
        -0.112453535
      ],
      [
        -0.0197021645,
        0.651217461,
        -0.7586354
      ],
      [
        0.149926871,
        0.7521273,
        0.641737163
      ]
    ],
    "translation": [
      1.26367235,
      1.43132,
      -0.9782647
    ]
  },
  {
    "timeStamp": 4641,
    "rotation": [
      [
        0.988827348,
        -0.103952475,
        -0.106838204
      ],
      [
        -0.0138670523,
        0.649463654,
        -0.7602662
      ],
      [
        0.148419082,
        0.7532535,
        0.640765846
      ]
    ],
    "translation": [
      1.25797331,
      1.43048859,
      -0.976318359
    ]
  },
  {
    "timeStamp": 4686,
    "rotation": [
      [
        0.9890925,
        -0.106859609,
        -0.101374954
      ],
      [
        -0.007689956,
        0.6498425,
        -0.76003
      ],
      [
        0.147094265,
        0.752519548,
        0.641932666
      ]
    ],
    "translation": [
      1.25351727,
      1.4299916,
      -0.974547863
    ]
  },
  {
    "timeStamp": 4742,
    "rotation": [
      [
        0.9896055,
        -0.108314291,
        -0.0945994556
      ],
      [
        -0.00117824087,
        0.651684165,
        -0.758489549
      ],
      [
        0.143804222,
        0.750716865,
        0.6447826
      ]
    ],
    "translation": [
      1.24843073,
      1.42932141,
      -0.97193706
    ]
  },
  {
    "timeStamp": 4786,
    "rotation": [
      [
        0.9904569,
        -0.105481386,
        -0.0887066
      ],
      [
        0.00172028667,
        0.653038442,
        -0.7573228
      ],
      [
        0.137812272,
        0.749942958,
        0.646987855
      ]
    ],
    "translation": [
      1.24438334,
      1.42851508,
      -0.9694861
    ]
  },
  {
    "timeStamp": 4841,
    "rotation": [
      [
        0.9916735,
        -0.100018777,
        -0.0811160654
      ],
      [
        0.00463242037,
        0.657193244,
        -0.7537079
      ],
      [
        0.128693879,
        0.7470564,
        0.6521845
      ]
    ],
    "translation": [
      1.23956311,
      1.42737567,
      -0.9647274
    ]
  },
  {
    "timeStamp": 4887,
    "rotation": [
      [
        0.992616,
        -0.09519233,
        -0.07517956
      ],
      [
        0.00671399338,
        0.6619518,
        -0.749516368
      ],
      [
        0.121113449,
        0.743477166,
        0.657703042
      ]
    ],
    "translation": [
      1.23572111,
      1.42607415,
      -0.9594072
    ]
  },
  {
    "timeStamp": 4941,
    "rotation": [
      [
        0.99395746,
        -0.08668334,
        -0.06733946
      ],
      [
        0.00755758956,
        0.6660697,
        -0.7458513
      ],
      [
        0.109505646,
        0.7408355,
        0.662700057
      ]
    ],
    "translation": [
      1.23056316,
      1.4236697,
      -0.951997042
    ]
  },
  {
    "timeStamp": 4986,
    "rotation": [
      [
        0.9947075,
        -0.08303823,
        -0.0605108365
      ],
      [
        0.0107934577,
        0.6701225,
        -0.742172062
      ],
      [
        0.102178328,
        0.737591,
        0.6674722
      ]
    ],
    "translation": [
      1.22630048,
      1.42131853,
      -0.9454032
    ]
  },
  {
    "timeStamp": 5041,
    "rotation": [
      [
        0.995492041,
        -0.07879805,
        -0.0527868
      ],
      [
        0.014344871,
        0.6752454,
        -0.73745364
      ],
      [
        0.0937539563,
        0.733372,
        0.6733318
      ]
    ],
    "translation": [
      1.22074592,
      1.41816127,
      -0.936572433
    ]
  },
  {
    "timeStamp": 5086,
    "rotation": [
      [
        0.996032238,
        -0.0749089643,
        -0.04804616
      ],
      [
        0.0158784166,
        0.68081224,
        -0.732285857
      ],
      [
        0.08756519,
        0.7286174,
        0.679300368
      ]
    ],
    "translation": [
      1.21626663,
      1.41557467,
      -0.928717852
    ]
  },
  {
    "timeStamp": 5141,
    "rotation": [
      [
        0.9964004,
        -0.07181756,
        -0.0450393669
      ],
      [
        0.0166417826,
        0.686674953,
        -0.7267741
      ],
      [
        0.083122544,
        0.723408461,
        0.6853984
      ]
    ],
    "translation": [
      1.21077156,
      1.41170084,
      -0.9188714
    ]
  },
  {
    "timeStamp": 5186,
    "rotation": [
      [
        0.9966935,
        -0.06847657,
        -0.0437380858
      ],
      [
        0.0154877417,
        0.688532948,
        -0.725039661
      ],
      [
        0.0797633454,
        0.7219649,
        0.6873169
      ]
    ],
    "translation": [
      1.20674062,
      1.4081732,
      -0.911209464
    ]
  },
  {
    "timeStamp": 5241,
    "rotation": [
      [
        0.997087657,
        -0.0621439666,
        -0.0442074426
      ],
      [
        0.01063702,
        0.6873209,
        -0.72627604
      ],
      [
        0.07551837,
        0.7236906,
        0.6859802
      ]
    ],
    "translation": [
      1.20209754,
      1.40345776,
      -0.90247345
    ]
  },
  {
    "timeStamp": 5286,
    "rotation": [
      [
        0.9974256,
        -0.05583079,
        -0.0450006239
      ],
      [
        0.00535411946,
        0.683779,
        -0.7296695
      ],
      [
        0.07150851,
        0.727550149,
        0.682317555
      ]
    ],
    "translation": [
      1.19863486,
      1.39973462,
      -0.8967421
    ]
  },
  {
    "timeStamp": 5341,
    "rotation": [
      [
        0.997691154,
        -0.0508019961,
        -0.0450720228
