[
  {
    "id": "007 tuna fish can(Clone)-9344",
    "pickRotation": [
      [
        -0.9719818,
        0.112271369,
        -0.206510454
      ],
      [
        0.235045269,
        0.4727112,
        -0.8492926
      ],
      [
        0.002268545,
        -0.8740362,
        -0.48585555
      ]
    ],
    "pickTranslation": [
      0.0284758769,
      -0.02013495,
      0.0204478242
    ],
    "placeRotation": [
      [
        -0.0132673131,
        -0.9992968,
        0.0350694843
      ],
      [
        -0.09075656,
        0.0361312665,
        0.995217443
      ],
      [
        -0.9957847,
        0.0100210691,
        -0.0911721
      ]
    ],
    "placeTranslation": [
      0.399708182,
      0.06470039,
      -0.334329724
    ]
  },
  {
    "id": "007 tuna fish can(Clone)-9778",
    "pickRotation": [
      [
        -0.989512861,
        0.05159075,
        -0.134917632
      ],
      [
        0.144278526,
        0.3978512,
        -0.9060343
      ],
      [
        0.006934154,
        -0.9159983,
        -0.401122272
      ]
    ],
    "pickTranslation": [
      0.0118689025,
      0.00904427,
      0.0391199477
    ],
    "placeRotation": [
      [
        0.282548457,
        -0.9362542,
        0.2087929
      ],
      [
        -0.0817057937,
        0.193381473,
        0.9777156
      ],
      [
        -0.955767,
        -0.2933116,
        -0.021857759
      ]
    ],
    "placeTranslation": [
      -0.113246754,
      0.131492928,
      -0.176193446
    ]
  },
  {
    "id": "002 masterchef can(Clone)-9754",
    "pickRotation": [
      [
        -0.991707265,
        -0.109382734,
        0.067468904
      ],
      [
        -0.08040199,
        0.118498519,
        -0.9896937
      ],
      [
        0.100260437,
        -0.9869111,
        -0.126310438
      ]
    ],
    "pickTranslation": [
      0.008273209,
      -0.02038029,
      0.104479261
    ],
    "placeRotation": [
      [
        0.5434372,
        -0.8373018,
        0.0600144081
      ],
      [
        -0.154174849,
        -0.0292768162,
        0.987609744
      ],
      [
        -0.8251704,
        -0.545956552,
        -0.145000979
      ]
    ],
    "placeTranslation": [
      -0.6308135,
      0.5111024,
      -0.19176814
    ]
  },
  {
    "id": "025 mug(Clone)-9078",
    "pickRotation": [
      [
        -0.517287135,
        0.09419011,
        -0.8506128
      ],
      [
        0.8426201,
        0.229895547,
        -0.48696965
      ],
      [
        0.149684384,
        -0.9686466,
        -0.198288485
      ]
    ],
    "pickTranslation": [
      0.008048054,
      0.009829052,
      0.0516244024
    ],
    "placeRotation": [
      [
        -0.403735667,
        -0.816871941,
        -0.411968261
      ],
      [
        -0.480107516,
        -0.194136754,
        0.8554576
      ],
      [
        -0.7787775,
        0.54316777,
        -0.3138064
      ]
    ],
    "placeTranslation": [
      -0.02768751,
      1.7846216,
      -0.399430633
    ]
  },
  {
    "id": "004 sugar box(Clone)-9328",
    "pickRotation": [
      [
        0.9097345,
        0.06358997,
        -0.4102919
      ],
      [
        0.05412005,
        -0.997932434,
        -0.0346670561
      ],
      [
        -0.411648124,
        0.009332797,
        -0.911295056
      ]
    ],
    "pickTranslation": [
      0.0164087135,
      0.0371650681,
      0.137063071
    ],
    "placeRotation": [
      [
        -0.40460518,
        -0.899023,
        -0.167487845
      ],
      [
        -0.411803275,
        0.3426438,
        -0.8444011
      ],
      [
        0.816524744,
        -0.272677,
        -0.5088561
      ]
    ],
    "placeTranslation": [
      0.432482958,
      3.8890872,
      -2.80958223
    ]
  },
  {
    "id": "100 half egg carton(Clone)-9304",
    "pickRotation": [
      [
        0.4321193,
        0.431594729,
        -0.7918326
      ],
      [
        0.424722433,
        -0.8719648,
        -0.243491679
      ],
      [
        -0.795539856,
        -0.231091619,
        -0.5601008
      ]
    ],
    "pickTranslation": [
      -0.0662786439,
      0.0277654044,
      0.02193006
    ],
    "placeRotation": [
      [
        -0.58103174,
        0.150018781,
        -0.799935341
      ],
      [
        0.125209957,
        0.987641,
        0.094274804
      ],
      [
        0.8041919,
        -0.04538321,
        -0.5926346
      ]
    ],
    "placeTranslation": [
      0.04589973,
      0.74817,
      -0.197249547
    ]
  },
  {
    "id": "006 mustard bottle(Clone)-9766",
    "pickRotation": [
      [
        -0.995653749,
        -0.08693674,
        -0.03340075
      ],
      [
        0.0901197344,
        -0.989834249,
        -0.110029928
      ],
      [
        -0.0234955661,
        -0.112561777,
        0.9933669
      ]
    ],
    "pickTranslation": [
      0.0229482632,
      0.00575511251,
      -0.00323962513
    ],
    "placeRotation": [
      [
        0.0596196242,
        -0.917888045,
        0.392335385
      ],
      [
        -0.0554612875,
        0.389381528,
        0.9194053
      ],
      [
        -0.996679246,
        -0.07657402,
        -0.0276924726
      ]
    ],
    "placeTranslation": [
      0.683627367,
      2.76296163,
      -3.37672067
    ]
  },
  {
    "id": "006 mustard bottle(Clone)-9316",
    "pickRotation": [
      [
        0.208354071,
        -0.3274325,
        0.921616256
      ],
      [
        0.0608095862,
        0.944810152,
        0.321925372
      ],
      [
        -0.976161242,
        -0.0110313594,
        0.216766089
      ]
    ],
    "pickTranslation": [
      0.0250315331,
      -0.05621854,
      0.078895025
    ],
    "placeRotation": [
      [
        -0.0673026443,
        0.959989846,
        0.271827
      ],
      [
        0.9933126,
        0.03885359,
        0.108721755
      ],
      [
        0.09381032,
        0.277326465,
        -0.9561849
      ]
    ],
    "placeTranslation": [
      0.144641131,
      2.88085,
      -2.76491547
    ]
  },
  {
    "id": "006 mustard bottle(Clone)-10114",
    "pickRotation": [
      [
        -0.8609789,
        0.267615229,
        0.4325477
      ],
      [
        -0.5059301,
        -0.362901717,
        -0.7825197
      ],
      [
        -0.0524418876,
        -0.8925718,
        0.4478453
      ]
    ],
    "pickTranslation": [
      0.00480207661,
      -0.00892581,
      0.168020934
    ],
    "placeRotation": [
      [
        0.5712907,
        -0.779407442,
        0.257198483
      ],
      [
        -0.163867846,
        0.198744625,
        0.9662546
      ],
      [
        -0.804222763,
        -0.594158769,
        -0.0141788628
      ]
    ],
    "placeTranslation": [
      0.7261406,
      0.873761654,
      -0.9562279
    ]
  },
  {
    "id": "002 masterchef can(Clone)-9292",
    "pickRotation": [
      [
        -0.835406542,
        -0.04045305,
        0.548141837
      ],
      [
        -0.5486771,
        0.0026021942,
        -0.8360303
      ],
      [
        0.0323936045,
        -0.999178052,
        -0.0243695546
      ]
    ],
    "pickTranslation": [
      0.0009576315,
      -0.0052779885,
      0.137168065
    ],
    "placeRotation": [
      [
        0.909257352,
        -0.40880236,
        -0.07830514
      ],
      [
        0.0330635272,
        -0.116595931,
        0.992628932
      ],
      [
        -0.4149191,
        -0.905144155,
        -0.0924992561
      ]
    ],
    "placeTranslation": [
      -0.6679877,
      0.9473158,
      -0.8217475
    ]
  },
  {
    "id": "014 lemon(Clone)-8984",
    "pickRotation": [
      [
        0.8462067,
        -0.468000084,
        -0.25477466
      ],
      [
        -0.488410115,
        -0.872392058,
        -0.0196893141
      ],
      [
        -0.213048771,
        0.141095743,
        -0.9668
      ]
    ],
    "pickTranslation": [
      0.0254352074,
      0.03148696,
      0.0250672027
    ],
    "placeRotation": [
      [
        -0.5658093,
        0.05467112,
        -0.8227216
      ],
      [
        0.5103465,
        0.806922734,
        -0.297358662
      ],
      [
        0.64761585,
        -0.588121355,
        -0.4844656
      ]
    ],
    "placeTranslation": [
      -0.247388661,
      1.184072,
      0.603868246
    ]
  },
  {
    "id": "013 apple(Clone)-9054",
    "pickRotation": [
      [
        -0.7750452,
        0.387335181,
        0.4992759
      ],
      [
        0.4364097,
        0.8995172,
        -0.02038432
      ],
      [
        -0.457002819,
        0.202090085,
        -0.866203249
      ]
    ],
    "pickTranslation": [
      -0.00459033623,
      -0.0333572254,
      0.0277865138
    ],
    "placeRotation": [
      [
        0.8002189,
        0.0242848564,
        -0.5992161
      ],
      [
        -0.3182521,
        -0.829681754,
        -0.458632559
      ],
      [
        -0.5082965,
        0.5577082,
        -0.6561983
      ]
    ],
    "placeTranslation": [
      -0.267758757,
      1.29276109,
      0.431200951
    ]
  },
  {
    "id": "011 banana(Clone)-9680",
    "pickRotation": [
      [
        -0.8859939,
        -0.0263015926,
        0.462950349
      ],
      [
        -0.4636771,
        0.04102815,
        -0.8850538
      ],
      [
        0.00428432925,
        -0.9988117,
        -0.0485461354
      ]
    ],
    "pickTranslation": [
      -0.0262247622,
      0.0453433767,
      0.0245122761
    ],
    "placeRotation": [
      [
        0.9966411,
        -0.05615914,
        0.059604764
      ],
      [
        -0.0488678925,
        0.1762131,
        0.983138263
      ],
      [
        -0.06571535,
        -0.982748747,
        0.172876835
      ]
    ],
    "placeTranslation": [
      -0.0251643322,
      1.105094,
      -0.08727376
    ]
  },
  {
    "id": "011 banana(Clone)-8996",
    "pickRotation": [
      [
        0.961462438,
        -0.204674289,
        -0.183571339
      ],
      [
        -0.17370978,
        0.06530896,
        -0.982628942
      ],
      [
        0.21310775,
        0.976649,
        0.0272381864
      ]
    ],
    "pickTranslation": [
      0.0175617337,
      0.0156777557,
      0.00626036432
    ],
    "placeRotation": [
      [
        -0.588623643,
        -0.8020837,
        -0.100916065
      ],
      [
        0.226554856,
        -0.04383966,
        -0.9730113
      ],
      [
        0.776012361,
        -0.5956005,
        0.207521
      ]
    ],
    "placeTranslation": [
      0.284169,
      1.28648484,
      -0.330805719
    ]
  }
]