[
  {
    "timeStamp": 24076,
    "rotation": [
      [
        0.999209046,
        -0.005257849,
        -0.0394158252
      ],
      [
        0.039328143,
        -0.01585003,
        0.9991006
      ],
      [
        -0.005877867,
        -0.9998605,
        -0.0156307127
      ]
    ],
    "translation": [
      1.30758488,
      0.6999733,
      -0.489981264
    ]
  },
  {
    "timeStamp": 24121,
    "rotation": [
      [
        0.9991331,
        -0.0194330644,
        -0.0368159935
      ],
      [
        0.0361208431,
        -0.03498602,
        0.998734832
      ],
      [
        -0.0206965227,
        -0.999198854,
        -0.03425375
      ]
    ],
    "translation": [
      1.30929637,
      0.7044866,
      -0.4860966
    ]
  },
  {
    "timeStamp": 24176,
    "rotation": [
      [
        0.999479949,
        -0.0282586049,
        -0.0155324228
      ],
      [
        0.0140993129,
        -0.0502251536,
        0.9986384
      ],
      [
        -0.0290002469,
        -0.9983381,
        -0.049800612
      ]
    ],
    "translation": [
      1.3108325,
      0.7175219,
      -0.486507326
    ]
  },
  {
    "timeStamp": 24232,
    "rotation": [
      [
        0.99873203,
        -0.0433727242,
        0.0255559143
      ],
      [
        -0.0285034832,
        -0.0687603056,
        0.99722594
      ],
      [
        -0.0414951742,
        -0.9966899,
        -0.06990939
      ]
    ],
    "translation": [
      1.31622863,
      0.7369778,
      -0.488389373
    ]
  },
  {
    "timeStamp": 24276,
    "rotation": [
      [
        0.994768,
        -0.07505382,
        0.0693074
      ],
      [
        -0.074812144,
        -0.07320101,
        0.9945073
      ],
      [
        -0.0695682243,
        -0.9944891,
        -0.0784329548
      ]
    ],
    "translation": [
      1.32729685,
      0.7543377,
      -0.4916234
    ]
  },
  {
    "timeStamp": 24332,
    "rotation": [
      [
        0.9881503,
        -0.104490638,
        0.112430505
      ],
      [
        -0.121213913,
        -0.08188753,
        0.989243
      ],
      [
        -0.09415998,
        -0.9911488,
        -0.0935829058
      ]
    ],
    "translation": [
      1.3472029,
      0.7769116,
      -0.498352051
    ]
  },
  {
    "timeStamp": 24376,
    "rotation": [
      [
        0.98059237,
        -0.134043381,
        0.143076569
      ],
      [
        -0.156586424,
        -0.09630649,
        0.982957661
      ],
      [
        -0.117979765,
        -0.9862846,
        -0.115426786
      ]
    ],
    "translation": [
      1.37025023,
      0.7973423,
      -0.5037689
    ]
  },
  {
    "timeStamp": 24432,
    "rotation": [
      [
        0.964811444,
        -0.192670837,
        0.178932622
      ],
      [
        -0.201470569,
        -0.104406528,
        0.9739142
      ],
      [
        -0.168963134,
        -0.9756932,
        -0.13955012
      ]
    ],
    "translation": [
      1.408559,
      0.8242053,
      -0.5071329
    ]
  },
  {
    "timeStamp": 24476,
    "rotation": [
      [
        0.9458816,
        -0.255501956,
        0.200067088
      ],
      [
        -0.234421059,
        -0.1116608,
        0.9657011
      ],
      [
        -0.224398851,
        -0.960338831,
        -0.165512934
      ]
    ],
    "translation": [
      1.44818819,
      0.845579863,
      -0.5077349
    ]
  },
  {
    "timeStamp": 24532,
    "rotation": [
      [
        0.9201213,
        -0.338299572,
        0.19730714
      ],
      [
        -0.256353974,
        -0.139393121,
        0.9564791
      ],
      [
        -0.296073228,
        -0.930657268,
        -0.214983031
      ]
    ],
    "translation": [
      1.50779486,
      0.871526062,
      -0.502777
    ]
  },
  {
    "timeStamp": 24576,
    "rotation": [
      [
        0.8880448,
        -0.419646859,
        0.187810838
      ],
      [
        -0.275980026,
        -0.159847751,
        0.9477783
      ],
      [
        -0.367711,
        -0.893501639,
        -0.257766128
      ]
    ],
    "translation": [
      1.56186831,
      0.8918145,
      -0.49845162
    ]
  },
  {
    "timeStamp": 24632,
    "rotation": [
      [
        0.841947,
        -0.520164,
        0.143368915
      ],
      [
        -0.283549815,
        -0.200489745,
        0.9377651
      ],
      [
        -0.459047645,
        -0.830200732,
        -0.316294134
      ]
    ],
    "translation": [
      1.64015186,
      0.9163071,
      -0.4913307
    ]
  },
  {
    "timeStamp": 24676,
    "rotation": [
      [
        0.7978506,
        -0.595072567,
        0.09655573
      ],
      [
        -0.284846038,
        -0.2309558,
        0.930334449
      ],
      [
        -0.5313164,
        -0.7697714,
        -0.353772283
      ]
    ],
    "translation": [
      1.70551944,
      0.934322655,
      -0.489414275
    ]
  },
  {
    "timeStamp": 24732,
    "rotation": [
      [
        0.734865665,
        -0.6778236,
        0.0229700077
      ],
      [
        -0.279929131,
        -0.272289425,
        0.920596659
      ],
      [
        -0.617747664,
        -0.682944834,
        -0.389838725
      ]
    ],
    "translation": [
      1.79257512,
      0.954909742,
      -0.490323573
    ]
  },
  {
    "timeStamp": 24776,
    "rotation": [
      [
        0.681286156,
        -0.7308843,
        -0.0407098345
      ],
      [
        -0.2716774,
        -0.304099262,
        0.91308
      ],
      [
        -0.679735661,
        -0.611008763,
        -0.4057434
      ]
    ],
    "translation": [
      1.85935235,
      0.967122257,
      -0.4968067
    ]
  },
  {
    "timeStamp": 24831,
    "rotation": [
      [
        0.6128124,
        -0.7811589,
        -0.119380519
      ],
      [
        -0.246003747,
        -0.332147449,
        0.910582364
      ],
      [
        -0.7509614,
        -0.528648138,
        -0.3957121
      ]
    ],
    "translation": [
      1.94245517,
      0.9745284,
      -0.5106441
    ]
  },
  {
    "timeStamp": 24876,
    "rotation": [
      [
        0.5547376,
        -0.816759765,
        -0.1586495
      ],
      [
        -0.232957914,
        -0.33552283,
        0.912773252
      ],
      [
        -0.798747,
        -0.469391018,
        -0.3763978
      ]
    ],
    "translation": [
      1.99953127,
      0.9763738,
      -0.5244772
    ]
  },
  {
    "timeStamp": 24932,
    "rotation": [
      [
        0.508916259,
        -0.8446623,
        -0.165981546
      ],
      [
        -0.196130916,
        -0.301524371,
        0.9330679
      ],
      [
        -0.83817476,
        -0.4422993,
        -0.319115043
      ]
    ],
    "translation": [
      2.05386543,
      0.9672626,
      -0.543048561
    ]
  },
  {
    "timeStamp": 24971,
    "rotation": [
      [
        0.5057632,
        -0.849800169,
        -0.148469537
      ],
      [
        -0.171265244,
        -0.2675888,
        0.9481901
      ],
      [
        -0.8455009,
        -0.454131931,
        -0.2808778
      ]
    ],
    "translation": [
      2.072609,
      0.958068669,
      -0.551386952
    ]
  },
  {
    "timeStamp": 25026,
    "rotation": [
      [
        0.5305133,
        -0.837935865,
        -0.128137127
      ],
      [
        -0.11148724,
        -0.2188215,
        0.969374955
      ],
      [
        -0.8403132,
        -0.499980628,
        -0.209506854
      ]
    ],
    "translation": [
      2.0965,
      0.9394501,
      -0.5622874
    ]
  },
  {
    "timeStamp": 25082,
    "rotation": [
      [
        0.5652194,
        -0.8142189,
        -0.132569224
      ],
      [
        -0.0846384838,
        -0.217091009,
        0.9724751
      ],
      [
        -0.820587158,
        -0.53844136,
        -0.191618308
      ]
    ],
    "translation": [
      2.10572839,
      0.929405332,
      -0.5633557
    ]
  },
  {
    "timeStamp": 25126,
    "rotation": [
      [
        0.5823361,
        -0.803322256,
        -0.124731742
      ],
      [
        -0.0717134252,
        -0.203595191,
        0.976425231
      ],
      [
        -0.8097789,
        -0.559662759,
        -0.176169828
      ]
    ],
    "translation": [
      2.10909033,
      0.9195162,
      -0.561103
    ]
  },
  {
    "timeStamp": 25182,
    "rotation": [
      [
        0.6003986,
        -0.7928456,
        -0.10448622
      ],
      [
        -0.0746660158,
        -0.18566303,
        0.979772568
      ],
      [
        -0.796207547,
        -0.580452561,
        -0.17067045
      ]
    ],
    "translation": [
      2.110116,
      0.906082749,
      -0.5547165
    ]
  },
  {
    "timeStamp": 25226,
    "rotation": [
      [
        0.62208277,
        -0.7742237,
        -0.11657884
      ],
      [
        -0.035476774,
        -0.176617056,
        0.9836401
      ],
      [
        -0.7821472,
        -0.6077697,
        -0.137337387
      ]
    ],
    "translation": [
      2.11205149,
      0.8916959,
      -0.5517821
    ]
  },
  {
    "timeStamp": 25282,
    "rotation": [
      [
        0.632410347,
        -0.767853,
        -0.102268793
      ],
      [
        -0.0310888235,
        -0.157074511,
        0.9870973
      ],
      [
        -0.774009466,
        -0.62107116,
        -0.1232072
      ]
    ],
    "translation": [
      2.11279535,
      0.878886461,
      -0.5470313
    ]
  },
  {
    "timeStamp": 25326,
    "rotation": [
      [
        0.642998457,
        -0.757672369,
        -0.111738548
      ],
      [
        -0.00639523845,
        -0.151204735,
        0.98848176
      ],
      [
        -0.7658407,
        -0.6348777,
        -0.102069907
      ]
    ],
    "translation": [
      2.11501145,
      0.86852926,
      -0.544366062
    ]
  },
  {
    "timeStamp": 25372,
    "rotation": [
      [
        0.6443377,
        -0.757714868,
        -0.103426591
      ],
      [
        0.0002855269,
        -0.135005549,
        0.9908448
      ],
      [
        -0.764741,
        -0.6384682,
        -0.08677283
      ]
    ],
    "translation": [
      2.11638045,
      0.859155,
      -0.543201864
    ]
  },
  {
    "timeStamp": 25428,
    "rotation": [
      [
        0.6467879,
        -0.7570155,
        -0.09269874
      ],
      [
        -0.0014839255,
        -0.122793913,
        0.9924311
      ],
      [
        -0.76266855,
        -0.6417548,
        -0.08054496
      ]
    ],
    "translation": [
      2.117933,
      0.8515164,
      -0.5399048
    ]
  },
  {
    "timeStamp": 25473,
    "rotation": [
      [
        0.650409,
        -0.7550267,
        -0.0830832347
      ],
      [
        0.002014446,
        -0.10766495,
        0.9941852
      ],
      [
        -0.7595815,
        -0.6467944,
        -0.0685052946
      ]
    ],
    "translation": [
      2.118128,
      0.844956,
      -0.5385743
    ]
  },
  {
    "timeStamp": 25530,
    "rotation": [
      [
        0.6531983,
        -0.75454247,
        -0.06322689
      ],
      [
        -0.00373423472,
        -0.0867114961,
        0.9962265
      ],
      [
        -0.757177651,
        -0.6504974,
        -0.05945744
      ]
    ],
    "translation": [
      2.116326,
      0.8383169,
      -0.536737561
    ]
  },
  {
    "timeStamp": 25575,
    "rotation": [
      [
        0.658405542,
        -0.749538362,
        -0.06851558
      ],
      [
        0.000324512424,
        -0.09074813,
        0.9958738
      ],
      [
        -0.7526633,
        -0.655711055,
        -0.05950584
      ]
    ],
    "translation": [
      2.11688232,
      0.835141659,
      -0.5340647
    ]
  },
  {
    "timeStamp": 25631,
    "rotation": [
      [
        0.65792805,
        -0.7507703,
        -0.0589465126
      ],
      [
        0.007659925,
        -0.0715982243,
        0.997404158
      ],
      [
        -0.7530418,
        -0.6566717,
        -0.041355636
      ]
    ],
    "translation": [
      2.11683559,
      0.828452945,
      -0.53298527
    ]
  }
]