[
  {
    "timeStamp": 39458,
    "rotation": [
      [
        0.9997652,
        5.39003167E-06,
        -0.0216656886
      ],
      [
        0.021665616,
        -0.002823774,
        0.9997613
      ],
      [
        -5.579072E-05,
        -0.999995947,
        -0.002823228
      ]
    ],
    "translation": [
      1.15399218,
      0.702443063,
      -0.490004778
    ]
  },
  {
    "timeStamp": 39502,
    "rotation": [
      [
        0.9996789,
        -0.0233879853,
        -0.009755133
      ],
      [
        0.008882101,
        -0.03714585,
        0.9992704
      ],
      [
        -0.0237332843,
        -0.999036133,
        -0.0369261838
      ]
    ],
    "translation": [
      1.15809131,
      0.7133784,
      -0.4846292
    ]
  },
  {
    "timeStamp": 39558,
    "rotation": [
      [
        0.998820662,
        -0.0133064622,
        0.0466922857
      ],
      [
        -0.0473995,
        -0.0590135381,
        0.9971312
      ],
      [
        -0.0105128111,
        -0.998168468,
        -0.05957466
      ]
    ],
    "translation": [
      1.15583122,
      0.7340994,
      -0.485099137
    ]
  },
  {
    "timeStamp": 39604,
    "rotation": [
      [
        0.995119631,
        0.0211592559,
        0.0963808
      ],
      [
        -0.09385055,
        -0.09875721,
        0.9906761
      ],
      [
        0.0304802377,
        -0.9948866,
        -0.09628943
      ]
    ],
    "translation": [
      1.15469432,
      0.756714,
      -0.4931353
    ]
  },
  {
    "timeStamp": 39658,
    "rotation": [
      [
        0.9848374,
        0.07195488,
        0.1578534
      ],
      [
        -0.146782786,
        -0.139375091,
        0.979300439
      ],
      [
        0.0924663,
        -0.9876219,
        -0.126700073
      ]
    ],
    "translation": [
      1.15971649,
      0.7854504,
      -0.5124758
    ]
  },
  {
    "timeStamp": 39702,
    "rotation": [
      [
        0.972123146,
        0.113560155,
        0.205135718
      ],
      [
        -0.1859469,
        -0.159558326,
        0.9695179
      ],
      [
        0.142829686,
        -0.9806351,
        -0.133994177
      ]
    ],
    "translation": [
      1.17056,
      0.8063852,
      -0.5357067
    ]
  },
  {
    "timeStamp": 39758,
    "rotation": [
      [
        0.9510313,
        0.185031086,
        0.2475942
      ],
      [
        -0.220850021,
        -0.153648987,
        0.963128865
      ],
      [
        0.2162514,
        -0.970647,
        -0.105260886
      ]
    ],
    "translation": [
      1.19270027,
      0.822705746,
      -0.57708323
    ]
  },
  {
    "timeStamp": 39802,
    "rotation": [
      [
        0.9259571,
        0.261872977,
        0.272077262
      ],
      [
        -0.2544516,
        -0.09969985,
        0.9619326
      ],
      [
        0.2790302,
        -0.959938765,
        -0.025683783
      ]
    ],
    "translation": [
      1.215165,
      0.8259484,
      -0.620951
    ]
  },
  {
    "timeStamp": 39858,
    "rotation": [
      [
        0.894117,
        0.369404733,
        0.2531698
      ],
      [
        -0.25933978,
        -0.03377914,
        0.965195239
      ],
      [
        0.365099549,
        -0.9286545,
        0.06559884
      ]
    ],
    "translation": [
      1.25419414,
      0.821790338,
      -0.680834353
    ]
  },
  {
    "timeStamp": 39902,
    "rotation": [
      [
        0.8752718,
        0.4115081,
        0.2540874
      ],
      [
        -0.282521158,
        0.008642746,
        0.959222138
      ],
      [
        0.3925317,
        -0.9113651,
        0.123824507
      ]
    ],
    "translation": [
      1.29114532,
      0.820996642,
      -0.721548736
    ]
  },
  {
    "timeStamp": 39958,
    "rotation": [
      [
        0.8630705,
        0.454511255,
        0.220292553
      ],
      [
        -0.270725042,
        0.0480810776,
        0.9614552
      ],
      [
        0.4264003,
        -0.8894424,
        0.16454494
      ]
    ],
    "translation": [
      1.34211946,
      0.817659,
      -0.7632468
    ]
  },
  {
    "timeStamp": 40002,
    "rotation": [
      [
        0.8613738,
        0.4599986,
        0.215491667
      ],
      [
        -0.274035215,
        0.06360432,
        0.9596141
      ],
      [
        0.427714944,
        -0.8856387,
        0.1808429
      ]
    ],
    "translation": [
      1.38448024,
      0.8184754,
      -0.7834695
    ]
  },
  {
    "timeStamp": 40058,
    "rotation": [
      [
        0.902972162,
        0.375904322,
        0.208175972
      ],
      [
        -0.25089556,
        0.06791899,
        0.9656285
      ],
      [
        0.348844826,
        -0.9241661,
        0.155641675
      ]
    ],
    "translation": [
      1.44273639,
      0.8215142,
      -0.782057
    ]
  },
  {
    "timeStamp": 40102,
    "rotation": [
      [
        0.941716969,
        0.263840318,
        0.20870395
      ],
      [
        -0.230922461,
        0.05584924,
        0.971367955
      ],
      [
        0.2446301,
        -0.9629481,
        0.113520838
      ]
    ],
    "translation": [
      1.49140275,
      0.8289558,
      -0.768564641
    ]
  },
  {
    "timeStamp": 40158,
    "rotation": [
      [
        0.9696555,
        0.123744793,
        0.2108445
      ],
      [
        -0.213990733,
        0.0125571918,
        0.976754963
      ],
      [
        0.118220724,
        -0.992234647,
        0.0386563875
      ]
    ],
    "translation": [
      1.55347049,
      0.846267164,
      -0.7471957
    ]
  },
  {
    "timeStamp": 40202,
    "rotation": [
      [
        0.9785612,
        -0.00240208465,
        0.2059422
      ],
      [
        -0.205810279,
        -0.0490385368,
        0.977362454
      ],
      [
        0.00775139267,
        -0.998794,
        -0.0484815836
      ]
    ],
    "translation": [
      1.60679853,
      0.8654981,
      -0.727064431
    ]
  },
  {
    "timeStamp": 40258,
    "rotation": [
      [
        0.967905641,
        -0.1738708,
        0.181459531
      ],
      [
        -0.2039783,
        -0.121734723,
        0.971377134
      ],
      [
        -0.146804214,
        -0.97721523,
        -0.15329361
      ]
    ],
    "translation": [
      1.67966521,
      0.892874,
      -0.70412004
    ]
  },
  {
    "timeStamp": 40302,
    "rotation": [
      [
        0.9348841,
        -0.32155624,
        0.150310725
      ],
      [
        -0.216894835,
        -0.182301775,
        0.959021747
      ],
      [
        -0.280977517,
        -0.9291758,
        -0.2401749
      ]
    ],
    "translation": [
      1.74334967,
      0.917939067,
      -0.688479364
    ]
  },
  {
    "timeStamp": 40358,
    "rotation": [
      [
        0.8862542,
        -0.453674555,
        0.0934499
      ],
      [
        -0.232202142,
        -0.260576546,
        0.9371137
      ],
      [
        -0.4007938,
        -0.852220237,
        -0.33628124
      ]
    ],
    "translation": [
      1.82121217,
      0.9499323,
      -0.680045247
    ]
  },
  {
    "timeStamp": 40402,
    "rotation": [
      [
        0.8411554,
        -0.53915143,
        0.04211102
      ],
      [
        -0.241756976,
        -0.305234551,
        0.9210784
      ],
      [
        -0.483746946,
        -0.7849507,
        -0.3870933
      ]
    ],
    "translation": [
      1.88353693,
      0.970166743,
      -0.6806038
    ]
  },
  {
    "timeStamp": 40458,
    "rotation": [
      [
        0.791429162,
        -0.6109948,
        -0.0180345718
      ],
      [
        -0.2526489,
        -0.353840142,
        0.900536358
      ],
      [
        -0.5566044,
        -0.7081543,
        -0.434406549
      ]
    ],
    "translation": [
      1.955502,
      0.9929034,
      -0.6881105
    ]
  },
  {
    "timeStamp": 40502,
    "rotation": [
      [
        0.7702719,
        -0.6326234,
        -0.08042925
      ],
      [
        -0.224054009,
        -0.386545628,
        0.894640863
      ],
      [
        -0.5970603,
        -0.6710962,
        -0.43948704
      ]
    ],
    "translation": [
      2.00782275,
      1.00259387,
      -0.6987873
    ]
  },
  {
    "timeStamp": 40557,
    "rotation": [
      [
        0.768641,
        -0.6267074,
        -0.12817508
      ],
      [
        -0.157001108,
        -0.379071534,
        0.9119514
      ],
      [
        -0.6201142,
        -0.6808396,
        -0.389763683
      ]
    ],
    "translation": [
      2.06222844,
      0.998113,
      -0.7157427
    ]
  },
  {
    "timeStamp": 40602,
    "rotation": [
      [
        0.79480654,
        -0.5932328,
        -0.127896056
      ],
      [
        -0.08188041,
        -0.313652366,
        0.946000934
      ],
      [
        -0.6013137,
        -0.74141556,
        -0.2978671
      ]
    ],
    "translation": [
      2.08920169,
      0.9785135,
      -0.7326675
    ]
  },
  {
    "timeStamp": 40658,
    "rotation": [
      [
        0.831770837,
        -0.5397431,
        -0.129748821
      ],
      [
        -0.0132114161,
        -0.252912462,
        0.967398942
      ],
      [
        -0.554962039,
        -0.80294,
        -0.217495963
      ]
    ],
    "translation": [
      2.11516714,
      0.9531902,
      -0.7511213
    ]
  },
  {
    "timeStamp": 40703,
    "rotation": [
      [
        0.858081,
        -0.5030753,
        -0.103015639
      ],
      [
        0.009425525,
        -0.185145423,
        0.982665956
      ],
      [
        -0.5134278,
        -0.844177961,
        -0.15412803
      ]
    ],
    "translation": [
      2.126321,
      0.933960557,
      -0.7636174
    ]
  },
  {
    "timeStamp": 40752,
    "rotation": [
      [
        0.8790914,
        -0.4588017,
        -0.129226163
      ],
      [
        0.0585515238,
        -0.165115982,
        0.9845346
      ],
      [
        -0.473043442,
        -0.873062253,
        -0.118288495
      ]
    ],
    "translation": [
      2.14197922,
      0.9172253,
      -0.7718929
    ]
  },
  {
    "timeStamp": 40808,
    "rotation": [
      [
        0.887756348,
        -0.44752425,
        -0.107753135
      ],
      [
        0.0546072423,
        -0.13004443,
        0.9900033
      ],
      [
        -0.457063168,
        -0.8847658,
        -0.0910097
      ]
    ],
    "translation": [
      2.14899421,
      0.9038605,
      -0.7735114
    ]
  },
  {
    "timeStamp": 40852,
    "rotation": [
      [
        0.9122892,
        -0.389901638,
        -0.1253202
      ],
      [
        0.086545,
        -0.115550444,
        0.9895242
      ],
      [
        -0.40029785,
        -0.913578033,
        -0.07167138
      ]
    ],
    "translation": [
      2.14935255,
      0.89256376,
      -0.775005937
    ]
  },
  {
    "timeStamp": 40908,
    "rotation": [
      [
        0.92222923,
        -0.372738868,
        -0.102756791
      ],
      [
        0.0910191759,
        -0.0490041263,
        0.9946427
      ],
      [
        -0.3757775,
        -0.9266414,
        -0.01126665
      ]
    ],
    "translation": [
      2.14803767,
      0.885804,
      -0.7752347
    ]
  },
  {
    "timeStamp": 40952,
    "rotation": [
      [
        0.914769351,
        -0.392464846,
        -0.09575197
      ],
      [
        0.113703027,
        0.0226921272,
        0.9932556
      ],
      [
        -0.3876451,
        -0.919487059,
        0.0653825
      ]
    ],
    "translation": [
      2.149458,
      0.8808307,
      -0.7753549
    ]
  },
  {
    "timeStamp": 41008,
    "rotation": [
      [
        0.9066344,
        -0.4135085,
        -0.0838136151
      ],
      [
        0.139311522,
        0.1058845,
        0.984571338
      ],
      [
        -0.398254037,
        -0.904322445,
        0.153605044
      ]
    ],
    "translation": [
      2.150936,
      0.8750424,
      -0.775984764
    ]
  },
  {
    "timeStamp": 41052,
    "rotation": [
      [
        0.896358848,
        -0.4340869,
        -0.09005197
      ],
      [
        0.183862209,
        0.179163575,
        0.966486
      ],
      [
        -0.4034049,
        -0.882875443,
        0.24040705
      ]
    ],
    "translation": [
      2.15243149,
      0.8692188,
      -0.777406037
    ]
  },
  {
    "timeStamp": 41109,
    "rotation": [
      [
        0.9336829,
        -0.353099,
        -0.0596428476
      ],
      [
        0.158749819,
        0.258837044,
        0.9527864
      ],
      [
        -0.320990145,
        -0.8990687,
        0.297726154
      ]
    ],
    "translation": [
      2.14642167,
      0.8656396,
      -0.7802384
    ]
  },
  {
    "timeStamp": 41155,
    "rotation": [
      [
        0.956425667,
        -0.283566415,
        -0.06956994
      ],
      [
        0.135090724,
        0.218536332,
        0.9664328
      ],
      [
        -0.258844346,
        -0.9337194,
        0.24732095
      ]
    ],
    "translation": [
      2.14160562,
      0.869318247,
      -0.780478358
    ]
  },
  {
    "timeStamp": 41212,
    "rotation": [
      [
        0.94711417,
        -0.307781935,
        -0.0908022
      ],
      [
        0.148706824,
        0.170217872,
        0.9741212
      ],
      [
        -0.284360737,
        -0.9361069,
        0.206985027
      ]
    ],
    "translation": [
      2.14314342,
      0.8724846,
      -0.780374944
    ]
  },
  {
    "timeStamp": 41256,
    "rotation": [
      [
        0.961253941,
        -0.259310573,
        -0.09353563
      ],
      [
        0.116000205,
        0.07269517,
        0.9905854
      ],
      [
        -0.250069678,
        -0.9630542,
        0.0999586
      ]
    ],
    "translation": [
      2.13903332,
      0.8774639,
      -0.778830349
    ]
  },
  {
    "timeStamp": 41302,
    "rotation": [
      [
        0.9775935,
        -0.185622722,
        -0.09927283
      ],
      [
        0.101833746,
        0.00428917864,
        0.994792163
      ],
      [
        -0.184230223,
        -0.9826117,
        0.0230957288
      ]
    ],
    "translation": [
      2.13423157,
      0.882932365,
      -0.7789078
    ]
  },
  {
    "timeStamp": 41357,
    "rotation": [
      [
        0.989867568,
        -0.102403127,
        -0.09836563
      ],
      [
        0.0927493647,
        -0.0582436174,
        0.9939845
      ],
      [
        -0.107516296,
        -0.9930364,
        -0.04815564
      ]
    ],
    "translation": [
      2.12871528,
      0.886849165,
      -0.7807132
    ]
  },
  {
    "timeStamp": 41402,
    "rotation": [
      [
        0.9938755,
        -0.05891377,
        -0.0934910849
      ],
      [
        0.08825734,
        -0.08592727,
        0.992384553
      ],
      [
        -0.06649858,
        -0.994558036,
        -0.08020144
      ]
    ],
    "translation": [
      2.12612653,
      0.8892422,
      -0.781907737
    ]
  },
  {
    "timeStamp": 41457,
    "rotation": [
      [
        0.991052866,
        -0.117424779,
        -0.06344829
      ],
      [
        0.0517355837,
        -0.100239657,
        0.993617356
      ],
      [
        -0.123035327,
        -0.9880098,
        -0.09326776
      ]
    ],
    "translation": [
      2.12259,
      0.8910229,
      -0.781727731
    ]
  },
  {
    "timeStamp": 41502,
    "rotation": [
      [
        0.9498875,
        -0.306622,
        0.0608009845
      ],
      [
        -0.111215129,
        -0.149720892,
        0.982453465
      ],
      [
        -0.292138666,
        -0.939982235,
        -0.176319
      ]
    ],
    "translation": [
      2.1090374,
      0.903003,
      -0.7599251
    ]
  },
  {
    "timeStamp": 41557,
    "rotation": [
      [
        0.9504949,
        -0.303145736,
        0.06827934
      ],
      [
        -0.121019676,
        -0.1587468,
        0.9798743
      ],
      [
        -0.2862056,
        -0.939628661,
        -0.187574625
      ]
    ],
    "translation": [
      2.1075,
      0.9053114,
      -0.7589724
    ]
  },
  {
    "timeStamp": 41602,
    "rotation": [
      [
        0.9582032,
        -0.277042717,
        0.07137205
      ],
      [
        -0.120607086,
        -0.164956748,
        0.978899
      ],
      [
        -0.259423524,
        -0.9465921,
        -0.1914754
      ]
    ],
    "translation": [
      2.10362887,
      0.908946753,
      -0.7596769
    ]
  },
  {
    "timeStamp": 41657,
    "rotation": [
      [
        0.9654778,
        -0.250853658,
        0.0701780841
      ],
      [
        -0.115254864,
        -0.1697861,
        0.978718042
      ],
      [
        -0.233599737,
        -0.953018963,
        -0.192836821
      ]
    ],
    "translation": [
      2.101459,
      0.914924,
      -0.7594701
    ]
  },
  {
    "timeStamp": 41702,
    "rotation": [
      [
        0.9688743,
        -0.236097291,
        0.07443665
      ],
      [
        -0.11674206,
        -0.170606032,
        0.978399158
      ],
      [
        -0.218298063,
        -0.956635654,
        -0.192858279
      ]
    ],
    "translation": [
      2.101732,
      0.9199137,
      -0.759585261
    ]
  },
  {
    "timeStamp": 41757,
    "rotation": [
      [
        0.972733438,
        -0.225752592,
        0.05315453
      ],
      [
        -0.09041278,
        -0.1580564,
        0.9832821
      ],
      [
        -0.213577047,
        -0.961277246,
        -0.174157664
      ]
    ],
    "translation": [
      2.10807133,
      0.9161333,
      -0.7608739
    ]
  },
  {
    "timeStamp": 41802,
    "rotation": [
      [
        0.9723889,
        -0.227864385,
        0.0503754877
      ],
      [
        -0.08430855,
        -0.141728655,
        0.9863088
      ],
      [
        -0.21760501,
        -0.9633229,
        -0.157026276
      ]
    ],
    "translation": [
      2.11358356,
      0.910403132,
      -0.7629375
    ]
  },
  {
    "timeStamp": 41857,
    "rotation": [
      [
        0.9750636,
        -0.219954073,
        0.02951379
      ],
      [
        -0.0574522652,
        -0.121727318,
        0.990899444
      ],
      [
        -0.214359745,
        -0.9678857,
        -0.131328747
      ]
    ],
    "translation": [
      2.11853147,
      0.902255952,
      -0.767029643
    ]
  },
  {
    "timeStamp": 41902,
    "rotation": [
      [
        0.9736072,
        -0.225566119,
        0.0347696654
      ],
      [
        -0.0620227344,
        -0.114882983,
        0.9914409
      ],
      [
        -0.219641015,
        -0.9674305,
        -0.125841126
      ]
    ],
    "translation": [
      2.11966825,
      0.902399957,
      -0.7692089
    ]
  },
  {
    "timeStamp": 41957,
    "rotation": [
      [
        0.9613806,
        -0.262830466,
        0.08165482
      ],
      [
        -0.120985627,
        -0.13710393,
        0.983140349
      ],
      [
        -0.247204021,
        -0.9550511,
        -0.163607776
      ]
    ],
    "translation": [
      2.11851478,
      0.9179498,
      -0.768461466
    ]
  },
  {
    "timeStamp": 42002,
    "rotation": [
      [
        0.9205973,
        -0.344935656,
        0.183084816
      ],
      [
        -0.2481799,
        -0.1548,
        0.9562655
      ],
      [
        -0.301508576,
        -0.925773442,
        -0.228114545
      ]
    ],
    "translation": [
      2.11609721,
      0.947254062,
      -0.76071924
    ]
  },
  {
    "timeStamp": 42057,
    "rotation": [
      [
        0.808367133,
        -0.5422311,
        0.229190052
      ],
      [
        -0.393277645,
        -0.2077341,
        0.8956446
      ],
      [
        -0.4380358,
        -0.814144969,
        -0.381172776
      ]
    ],
    "translation": [
      2.13809252,
      0.9878987,
      -0.7480637
    ]
  },
  {
    "timeStamp": 42102,
    "rotation": [
      [
        0.6482541,
        -0.7252922,
        0.231770918
      ],
      [
        -0.524292946,
        -0.204450414,
        0.8266299
      ],
      [
        -0.5521625,
        -0.6573821,
        -0.5128014
      ]
    ],
    "translation": [
      2.16898012,
      1.02301157,
      -0.737971
    ]
  },
  {
    "timeStamp": 42152,
    "rotation": [
      [
        0.4353848,
        -0.8892527,
        0.140248761
      ],
      [
        -0.5577714,
        -0.144176275,
        0.817376435
      ],
      [
        -0.7066337,
        -0.434100032,
        -0.5587719
      ]
    ],
    "translation": [
      2.20585251,
      1.04339445,
      -0.7349038
    ]
  },
  {
    "timeStamp": 42207,
    "rotation": [
      [
        0.200120732,
        -0.9792966,
        0.0304930061
      ],
      [
        -0.500944,
        -0.0755224451,
        0.8621783
      ],
      [
        -0.8420254,
        -0.187815055,
        -0.5056864
      ]
    ],
    "translation": [
      2.23571754,
      1.03721607,
      -0.7462289
    ]
  },
  {
    "timeStamp": 42252,
    "rotation": [
      [
        0.0774924,
        -0.995559,
        0.0534529723
      ],
      [
        -0.6273462,
        -0.007021447,
        0.7787088
      ],
      [
        -0.7748752,
        -0.09387754,
        -0.625104249
      ]
    ],
    "translation": [
      2.237679,
      1.05202222,
      -0.749769747
    ]
  },
  {
    "timeStamp": 42307,
    "rotation": [
      [
        -0.0302574057,
        -0.999517739,
        0.00698555773
      ],
      [
        -0.5801555,
        0.0232526716,
        0.814173758
      ],
      [
        -0.813943565,
        0.0205820762,
        -0.5805793
      ]
    ],
    "translation": [
      2.229565,
      1.04522943,
      -0.756341457
    ]
  },
  {
    "timeStamp": 42352,
    "rotation": [
      [
        -0.155513376,
        -0.987572134,
        -0.0227323752
      ],
      [
        -0.573313057,
        0.07149191,
        0.8162114
      ],
      [
        -0.804442465,
        0.139964551,
        -0.577306
      ]
    ],
    "translation": [
      2.22391868,
      1.03854549,
      -0.7621578
    ]
  },
  {
    "timeStamp": 42407,
    "rotation": [
      [
        -0.23153007,
        -0.9717397,
        -0.0459977053
      ],
      [
        -0.489015847,
        0.07537958,
        0.86901176
      ],
      [
        -0.840985954,
        0.223695964,
        -0.492648751
      ]
    ],
    "translation": [
      2.20634818,
      1.01731122,
      -0.7680178
    ]
  },
  {
    "timeStamp": 42452,
    "rotation": [
      [
        -0.342932045,
        -0.938661039,
        -0.03623621
      ],
      [
        -0.40963158,
        0.114718385,
        0.9050092
      ],
      [
        -0.845339954,
        0.32520014,
        -0.4238458
      ]
    ],
    "translation": [
      2.19371939,
      0.9926853,
      -0.7771527
    ]
  },
  {
    "timeStamp": 42507,
    "rotation": [
      [
        -0.3796286,
        -0.925108254,
        -0.0075348136
      ],
      [
        -0.32790336,
        0.126934141,
        0.9361448
      ],
      [
        -0.865078866,
        0.357858062,
        -0.35153392
      ]
    ],
    "translation": [
      2.17230344,
      0.968238354,
      -0.775022
    ]
  },
  {
    "timeStamp": 42552,
    "rotation": [
      [
        -0.419850677,
        -0.9073468,
        -0.02114558
      ],
      [
        -0.276897639,
        0.10586977,
        0.955049336
      ],
      [
        -0.864322245,
        0.406833261,
        -0.2956917
      ]
    ],
    "translation": [
      2.16426826,
      0.95228976,
      -0.779753
    ]
  },
  {
    "timeStamp": 42607,
    "rotation": [
      [
        -0.461966366,
        -0.8866763,
        -0.0198033527
      ],
      [
        -0.2427647,
        0.104943514,
        0.9643921
      ],
      [
        -0.853025436,
        0.450324267,
        -0.263734072
      ]
    ],
    "translation": [
      2.15775442,
      0.9370514,
      -0.7809786
    ]
  },
  {
    "timeStamp": 42653,
    "rotation": [
      [
        -0.4966923,
        -0.8679229,
        -0.00257318676
      ],
      [
        -0.198561832,
        0.110745244,
        0.973811448
      ],
      [
        -0.844908237,
        0.4841956,
        -0.22734265
      ]
    ],
    "translation": [
      2.15426064,
      0.923994541,
      -0.782727957
    ]
  },
  {
    "timeStamp": 42710,
    "rotation": [
      [
        -0.5189335,
        -0.853226244,
        -0.05208694
      ],
      [
        -0.169785783,
        0.0431609973,
        0.9845354
      ],
      [
        -0.8377833,
        0.519752,
        -0.167263374
      ]
    ],
    "translation": [
      2.159525,
      0.9148262,
      -0.787423
    ]
  },
  {
    "timeStamp": 42755,
    "rotation": [
      [
        -0.5257404,
        -0.850479543,
        -0.0167790856
      ],
      [
        -0.146258533,
        0.0709459856,
        0.9866991
      ],
      [
        -0.837977,
        0.52120167,
        -0.161689058
      ]
    ],
    "translation": [
      2.15707016,
      0.903309643,
      -0.782273769
    ]
  },
  {
    "timeStamp": 42811,
    "rotation": [
      [
        -0.56514734,
        -0.824906349,
        0.0117453076
      ],
      [
        -0.095784165,
        0.07974952,
        0.9922023
      ],
      [
        -0.8194107,
        0.559615433,
        -0.124083191
      ]
    ],
    "translation": [
      2.154631,
      0.888447165,
      -0.784794033
    ]
  },
  {
    "timeStamp": 42857,
    "rotation": [
      [
        -0.5631479,
        -0.8263536,
        -0.00205709366
      ],
      [
        -0.06880584,
        0.04440917,
        0.996641159
      ],
      [
        -0.8234867,
        0.5613979,
        -0.08186688
      ]
    ],
    "translation": [
      2.15687823,
      0.884243965,
      -0.7843247
    ]
  },
  {
    "timeStamp": 42901,
    "rotation": [
      [
        -0.5685982,
        -0.822588563,
        -0.00663682958
      ],
      [
        -0.04789186,
        0.0250478778,
        0.998538435
      ],
      [
        -0.8212201,
        0.568085,
        -0.05363748
      ]
    ],
    "translation": [
      2.15838432,
      0.880458057,
      -0.785121143
    ]
  },
  {
    "timeStamp": 42956,
    "rotation": [
      [
        -0.58066535,
        -0.8138938,
        -0.0201126561
      ],
      [
        -0.0343464427,
        -0.000192897714,
        0.99941
      ],
      [
        -0.8134175,
        0.58101356,
        -0.02784235
      ]
    ],
    "translation": [
      2.1611197,
      0.877027869,
      -0.7860259
    ]
  },
  {
    "timeStamp": 43001,
    "rotation": [
      [
        -0.5935889,
        -0.804325342,
        -0.0267009344
      ],
      [
        -0.0244334433,
        -0.0151511794,
        0.999586642
      ],
      [
        -0.8043974,
        0.5939959,
        -0.0106588649
      ]
    ],
    "translation": [
      2.16216874,
      0.872181654,
      -0.7883451
    ]
  },
  {
    "timeStamp": 43057,
    "rotation": [
      [
        -0.600790739,
        -0.7993881,
        -0.00540153449
      ],
      [
        -0.0163605567,
        0.00553991459,
        0.9998508
      ],
      [
        -0.7992389,
        0.6007895,
        -0.0164067633
      ]
    ],
    "translation": [
      2.15965462,
      0.864737451,
      -0.786764741
    ]
  },
  {
    "timeStamp": 43101,
    "rotation": [
      [
        -0.6015105,
        -0.798864365,
        0.000860761
      ],
      [
        -0.00712012,
        0.00643857475,
        0.9999539
      ],
      [
        -0.798833132,
        0.601476669,
        -0.009560881
      ]
    ],
    "translation": [
      2.157333,
      0.8598499,
      -0.786393642
    ]
  },
  {
    "timeStamp": 43156,
    "rotation": [
      [
        -0.5948975,
        -0.8038002,
        0.00144798669
      ],
      [
        -0.00680137752,
        0.00683508348,
        0.9999535
      ],
      [
        -0.8037728,
        0.594859958,
        -0.009533122
      ]
    ],
    "translation": [
      2.155066,
      0.8564724,
      -0.783536553
    ]
  },
  {
    "timeStamp": 43201,
    "rotation": [
      [
        -0.6019039,
        -0.7985556,
        -0.004539166
      ],
      [
        -0.00411446439,
        -0.00258291326,
        0.9999882
      ],
      [
        -0.7985579,
        0.6019155,
        -0.00173096312
      ]
    ],
    "translation": [
      2.15496349,
      0.8535642,
      -0.7850588
    ]
  },
  {
    "timeStamp": 43256,
    "rotation": [
      [
        -0.6034989,
        -0.797363758,
        0.000389347348
      ],
      [
        0.0,
        0.0004882932,
        0.9999999
      ],
      [
        -0.7973639,
        0.6034988,
        -0.000294684374
      ]
    ],
    "translation": [
      2.154353,
      0.8481717,
      -0.785047352
    ]
  },
  {
    "timeStamp": 43301,
    "rotation": [
      [
        -0.6047722,
        -0.7963862,
        0.00441235537
      ],
      [
        0.00648538442,
        0.0006153809,
        0.9999788
      ],
      [
        -0.796372,
        0.604788,
        0.00479270564
      ]
    ],
    "translation": [
      2.15397477,
      0.84384805,
      -0.785821736
    ]
  },
  {
    "timeStamp": 43356,
    "rotation": [
      [
        -0.608788,
        -0.7933094,
        0.00611358229
      ],
      [
        0.005019404,
        0.00385436881,
        0.99998
      ],
      [
        -0.7933171,
        0.6088065,
        0.00163544668
      ]
    ],
    "translation": [
      2.15414619,
      0.839105248,
      -0.7863295
    ]
  },
  {
    "timeStamp": 43401,
    "rotation": [
      [
        -0.60169816,
        -0.7986653,
        0.009646909
      ],
      [
        0.00308462442,
        0.009754264,
        0.999947667
      ],
      [
        -0.7987176,
        0.601696432,
        -0.00340554
      ]
    ],
    "translation": [
      2.15331984,
      0.834530234,
      -0.784727
    ]
  },
  {
    "timeStamp": 43457,
    "rotation": [
      [
        -0.598862469,
        -0.800783753,
        0.0104482062
      ],
      [
        0.00262821745,
        0.0110811284,
        0.99993515
      ],
      [
        -0.8008476,
        0.5988511,
        -0.004531438
      ]
    ],
    "translation": [
      2.15331578,
      0.8286191,
      -0.784025669
    ]
  },
  {
    "timeStamp": 43512,
    "rotation": [
      [
        -0.5973045,
        -0.8018925,
        0.013985306
      ],
      [
        0.00134274364,
        0.0164378341,
        0.999864
      ],
      [
        -0.802013338,
        0.597242057,
        -0.008741657
      ]
    ],
    "translation": [
      2.15331125,
      0.8218934,
      -0.783309937
    ]
  },
  {
    "timeStamp": 43557,
    "rotation": [
      [
        -0.5968318,
        -0.8022231,
        0.0151644554
      ],
      [
        0.00387778552,
        0.01601551,
        0.9998642
      ],
      [
        -0.802357,
        0.596809566,
        -0.00644771568
      ]
    ],
    "translation": [
      2.15345263,
      0.816297531,
      -0.7834673
    ]
  },
  {
    "timeStamp": 43612,
    "rotation": [
      [
        -0.5980229,
        -0.801330149,
        0.0154471193
      ],
      [
        0.00716395769,
        0.0139281088,
        0.999877334
      ],
      [
        -0.801447,
        0.5980602,
        -0.00258863275
      ]
    ],
    "translation": [
      2.15386558,
      0.809895635,
      -0.784042537
    ]
  },
  {
    "timeStamp": 43656,
    "rotation": [
      [
        -0.594170034,
        -0.8041525,
        0.01734436
      ],
      [
        0.0204500053,
        0.00645349128,
        0.999770045
      ],
      [
        -0.8040795,
        0.594388068,
        0.0126104513
      ]
    ],
    "translation": [
      2.153813,
      0.8040514,
      -0.785481751
    ]
  },
  {
    "timeStamp": 43712,
    "rotation": [
      [
        -0.596177,
        -0.8025337,
        0.0226419549
      ],
      [
        0.0212278087,
        0.0124350805,
        0.9996973
      ],
      [
        -0.80257237,
        0.596477151,
        0.009622523
      ]
    ],
    "translation": [
      2.15357041,
      0.79649055,
      -0.7862288
    ]
  },
  {
    "timeStamp": 43756,
    "rotation": [
      [
        -0.59429723,
        -0.803928256,
        0.0225867014
      ],
      [
        0.0249268375,
        0.009658422,
        0.9996426
      ],
      [
        -0.8038591,
        0.5946479,
        0.014299416
      ]
    ],
    "translation": [
      2.15382171,
      0.791062832,
      -0.7864385
    ]
  },
  {
    "timeStamp": 43812,
    "rotation": [
      [
        -0.589511454,
        -0.8076089,
        0.0156234428
      ],
      [
        0.0276571326,
        -0.0008503312,
        0.9996171
      ],
      [
        -0.8072864,
        0.5897178,
        0.0228374265
      ]
    ],
    "translation": [
      2.15555644,
      0.7851181,
      -0.7863872
    ]
  },
  {
    "timeStamp": 43856,
    "rotation": [
      [
        -0.587700248,
        -0.808774531,
        0.02218636
      ],
      [
        0.0298831463,
        0.005704629,
        0.9995371
      ],
      [
        -0.808526754,
        0.5880912,
        0.0208161157
      ]
    ],
    "translation": [
      2.155445,
      0.7791206,
      -0.785863757
    ]
  },
  {
    "timeStamp": 43912,
    "rotation": [
      [
        -0.591094434,
        -0.805892169,
        0.0338404626
      ],
      [
        0.0365124419,
        0.0151778311,
        0.9992179
      ],
      [
        -0.8057755,
        0.5918678,
        0.02045356
      ]
    ],
    "translation": [
      2.15365744,
      0.7718419,
      -0.7857647
    ]
  },
  {
    "timeStamp": 43956,
    "rotation": [
      [
        -0.5721589,
        -0.819337547,
        0.03633385
      ],
      [
        0.0384782143,
        0.0174357519,
        0.9991073
      ],
      [
        -0.8192397,
        0.573046148,
        0.0215506256
      ]
    ],
    "translation": [
      2.15295219,
      0.7679343,
      -0.7832595
    ]
  }
]