[
  {
    "id": "021 bleach cleanser(Clone)-13942",
    "pickRotation": [
      [
        0.136952519,
        0.180213839,
        0.9740467
      ],
      [
        -0.9903991,
        0.006244304,
        0.138096392
      ],
      [
        0.0188046359,
        -0.98360765,
        0.1793388
      ]
    ],
    "pickTranslation": [
      0.005255786,
      0.0100900978,
      0.232336909
    ],
    "placeRotation": [
      [
        0.03076653,
        0.9980458,
        -0.05438839
      ],
      [
        -0.0315130539,
        0.0553556681,
        0.99796927
      ],
      [
        0.999029756,
        -0.0289901011,
        0.0331545733
      ]
    ],
    "placeTranslation": [
      -0.5807677,
      0.06572343,
      0.602119744
    ]
  },
  {
    "id": "021 bleach cleanser(Clone)-13954",
    "pickRotation": [
      [
        0.122108489,
        0.103086956,
        0.987148762
      ],
      [
        -0.988790333,
        -0.0734701455,
        0.129983962
      ],
      [
        0.08592561,
        -0.9919553,
        0.09296006
      ]
    ],
    "pickTranslation": [
      0.021616118,
      0.0146217793,
      0.241462737
    ],
    "placeRotation": [
      [
        -0.004360709,
        0.99584043,
        -0.09101019
      ],
      [
        -0.0226002485,
        0.09088966,
        0.9956045
      ],
      [
        0.999735057,
        0.00639838167,
        0.0221099
      ]
    ],
    "placeTranslation": [
      -0.498255521,
      0.105901912,
      0.0313185155
    ]
  },
  {
    "id": "100 half egg carton(Clone)-13930",
    "pickRotation": [
      [
        0.125326619,
        -0.0585283861,
        0.9903877
      ],
      [
        0.0174618736,
        -0.9979736,
        -0.06118637
      ],
      [
        0.991961837,
        0.0249623042,
        -0.12405064
      ]
    ],
    "pickTranslation": [
      -0.06907569,
      0.0440022722,
      -0.00209720479
    ],
    "placeRotation": [
      [
        0.0281402264,
        -0.104051076,
        -0.994173765
      ],
      [
        -0.07062152,
        0.99187547,
        -0.105809487
      ],
      [
        0.997106135,
        0.07318756,
        0.0205633566
      ]
    ],
    "placeTranslation": [
      -0.2850579,
      0.209805638,
      0.4887058
    ]
  },
  {
    "id": "100 half egg carton(Clone)-13990",
    "pickRotation": [
      [
        0.15790695,
        -0.0789263248,
        0.9842947
      ],
      [
        0.004659096,
        -0.99672997,
        -0.08067089
      ],
      [
        0.98744303,
        0.0173244178,
        -0.157022864
      ]
    ],
    "pickTranslation": [
      -0.0702543557,
      0.04336092,
      0.00668650959
    ],
    "placeRotation": [
      [
        0.03371485,
        -0.08770726,
        -0.9955756
      ],
      [
        -0.07020395,
        0.9934734,
        -0.0898995
      ],
      [
        0.9969627,
        0.07292429,
        0.0273374114
      ]
    ],
    "placeTranslation": [
      -0.320570946,
      0.6226993,
      0.484242767
    ]
  },
  {
    "id": "100 half egg carton(Clone)-13966",
    "pickRotation": [
      [
        0.104697406,
        0.00407872535,
        0.9944957
      ],
      [
        -0.06491839,
        -0.997830749,
        0.0109268082
      ],
      [
        0.992383,
        -0.06570507,
        -0.104205504
      ]
    ],
    "pickTranslation": [
      -0.06386437,
      0.0364812575,
      0.0009870084
    ],
    "placeRotation": [
      [
        0.0420694947,
        -0.04590258,
        -0.9980597
      ],
      [
        -0.0671326146,
        0.99655664,
        -0.0486631766
      ],
      [
        0.9968568,
        0.0690496,
        0.038843073
      ]
    ],
    "placeTranslation": [
      -0.330100447,
      1.07850182,
      0.4797902
    ]
  },
  {
    "id": "002 masterchef can(Clone)-13894",
    "pickRotation": [
      [
        -0.440918058,
        -0.04311633,
        -0.896511137
      ],
      [
        0.8959443,
        0.03852823,
        -0.442492217
      ],
      [
        0.05361963,
        -0.9983269,
        0.0216420367
      ]
    ],
    "pickTranslation": [
      0.0222566742,
      -0.0125145614,
      0.137804
    ],
    "placeRotation": [
      [
        -0.171233892,
        -0.984414458,
        -0.04008972
      ],
      [
        -0.117055327,
        -0.020075025,
        0.9929225
      ],
      [
        -0.978252053,
        0.1747147,
        -0.111793429
      ]
    ],
    "placeTranslation": [
      -0.7970641,
      0.0986258462,
      -0.543889463
    ]
  },
  {
    "id": "002 masterchef can(Clone)-14014",
    "pickRotation": [
      [
        -0.7882298,
        -0.160914421,
        -0.593969941
      ],
      [
        0.609149039,
        -0.06700863,
        -0.7902198
      ],
      [
        0.08735665,
        -0.984691,
        0.150839061
      ]
    ],
    "pickTranslation": [
      0.0252883676,
      -0.00261087,
      0.140916482
    ],
    "placeRotation": [
      [
        0.656973958,
        -0.751443744,
        -0.06097116
      ],
      [
        0.00988470949,
        -0.07228046,
        0.9973354
      ],
      [
        -0.753848433,
        -0.6558261,
        -0.0400585756
      ]
    ],
    "placeTranslation": [
      -0.7935489,
      0.6331546,
      -0.5707304
    ]
  },
  {
    "id": "103 toothpaste(Clone)-13834",
    "pickRotation": [
      [
        -0.194446072,
        -0.366300374,
        0.9099532
      ],
      [
        0.9431101,
        -0.3248643,
        0.07075764
      ],
      [
        0.269692719,
        0.871944547,
        0.408630162
      ]
    ],
    "pickTranslation": [
      0.005246837,
      0.0249344856,
      -0.0233740769
    ],
    "placeRotation": [
      [
        0.0355136245,
        -0.909496069,
        0.414192766
      ],
      [
        0.980759144,
        -0.04789255,
        -0.189255834
      ],
      [
        0.191964179,
        0.4129445,
        0.890295744
      ]
    ],
    "placeTranslation": [
      -0.378573,
      0.8675145,
      -0.140733957
    ]
  },
  {
    "id": "006 mustard bottle(Clone)-13906",
    "pickRotation": [
      [
        -0.4682616,
        -0.276349574,
        -0.8392628
      ],
      [
        0.882256866,
        -0.09407635,
        -0.461272746
      ],
      [
        0.04851776,
        -0.9564416,
        0.287863642
      ]
    ],
    "pickTranslation": [
      0.0175474379,
      -0.0230779964,
      0.175952554
    ],
    "placeRotation": [
      [
        0.425784,
        -0.904824734,
        -0.0004318987
      ],
      [
        0.03064914,
        0.0139455283,
        0.9994329
      ],
      [
        -0.9043056,
        -0.425555766,
        0.0336698852
      ]
    ],
    "placeTranslation": [
      0.08141075,
      0.101209685,
      -0.67233
    ]
  },
  {
    "id": "008 pudding box(Clone)-14240",
    "pickRotation": [
      [
        0.236073866,
        -0.516349435,
        0.8231964
      ],
      [
        -0.155599788,
        -0.8562963,
        -0.4924889
      ],
      [
        0.959196448,
        -0.0118254349,
        -0.282493025
      ]
    ],
    "pickTranslation": [
      0.0223033335,
      0.0607303865,
      0.0171499066
    ],
    "placeRotation": [
      [
        0.7281986,
        -0.6845595,
        -0.0332431421
      ],
      [
        0.68308115,
        0.7288739,
        -0.0462913662
      ],
      [
        0.0559192561,
        0.0110015413,
        0.998374641
      ]
    ],
    "placeTranslation": [
      0.9683323,
      0.3523857,
      0.5812584
    ]
  },
  {
    "id": "025 mug(Clone)-14026",
    "pickRotation": [
      [
        -0.9575415,
        -0.09995427,
        -0.2704133
      ],
      [
        0.275183231,
        -0.037229158,
        -0.9606707
      ],
      [
        0.08595588,
        -0.9942953,
        0.0631542057
      ]
    ],
    "pickTranslation": [
      0.05939397,
      0.00273928046,
      0.07794847
    ],
    "placeRotation": [
      [
        -0.5653403,
        -0.8234786,
        0.04767817
      ],
      [
        0.0326515436,
        0.03541511,
        0.99883914
      ],
      [
        -0.8242112,
        0.5662408,
        0.006866261
      ]
    ],
    "placeTranslation": [
      0.6434984,
      0.251755148,
      -0.2720815
    ]
  },
  {
    "id": "016 pear(Clone)-13882",
    "pickRotation": [
      [
        0.8773342,
        0.09771883,
        -0.469825268
      ],
      [
        0.463652462,
        -0.4250616,
        0.7773989
      ],
      [
        -0.123738177,
        -0.89987427,
        -0.418228656
      ]
    ],
    "pickTranslation": [
      0.03333378,
      0.0260153338,
      0.0352117
    ],
    "placeRotation": [
      [
        -0.9813579,
        -0.07261684,
        0.177942649
      ],
      [
        9.560585E-05,
        0.9256864,
        0.3782918
      ],
      [
        -0.19218944,
        0.37125662,
        -0.9084227
      ]
    ],
    "placeTranslation": [
      0.4527001,
      0.6370576,
      -0.313530833
    ]
  },
  {
    "id": "015 peach(Clone)-13870",
    "pickRotation": [
      [
        -0.9032021,
        0.0399978459,
        0.4273478
      ],
      [
        -0.4237967,
        0.07460531,
        -0.902679563
      ],
      [
        -0.06798766,
        -0.996410668,
        -0.0504327156
      ]
    ],
    "pickTranslation": [
      0.006387359,
      0.00369336549,
      0.0620828122
    ],
    "placeRotation": [
      [
        0.9998251,
        0.0115466677,
        0.0147099737
      ],
      [
        -0.0121526578,
        -0.196681038,
        0.9803922
      ],
      [
        0.0142134354,
        -0.980399549,
        -0.196506321
      ]
    ],
    "placeTranslation": [
      0.6395945,
      0.5446686,
      -0.600120366
    ]
  },
  {
    "id": "018 plum(Clone)-13978",
    "pickRotation": [
      [
        -0.709185064,
        0.226991147,
        0.6674815
      ],
      [
        0.5804382,
        0.7253788,
        0.370023072
      ],
      [
        -0.400184959,
        0.6498466,
        -0.6461822
      ]
    ],
    "pickTranslation": [
      -0.005806432,
      -0.00542500475,
      0.01315424
    ],
    "placeRotation": [
      [
        0.9734978,
        -0.217653766,
        0.07020563
      ],
      [
        -0.09917792,
        -0.6784021,
        -0.727965832
      ],
      [
        0.206072167,
        0.7017103,
        -0.682009459
      ]
    ],
    "placeTranslation": [
      0.798172951,
      1.19415927,
      -0.7980517
    ]
  },
  {
    "id": "014 lemon(Clone)-14002",
    "pickRotation": [
      [
        -0.171990275,
        -0.7796433,
        -0.602142632
      ],
      [
        0.2955396,
        -0.623931646,
        0.7234402
      ],
      [
        -0.9397211,
        -0.0535323,
        0.3377256
      ]
    ],
    "pickTranslation": [
      0.03254348,
      0.04627342,
      0.0273869783
    ],
    "placeRotation": [
      [
        -0.300341547,
        0.383059978,
        0.873533
      ],
      [
        0.505374253,
        0.8406101,
        -0.194862932
      ],
      [
        -0.8089449,
        0.382935643,
        -0.4460588
      ]
    ],
    "placeTranslation": [
      0.6512277,
      0.7226395,
      -0.08676541
    ]
  },
  {
    "id": "018 plum(Clone)-14256",
    "pickRotation": [
      [
        0.7494694,
        -0.3628894,
        0.553721
      ],
      [
        -0.320857942,
        -0.9306954,
        -0.1756594
      ],
      [
        0.579090536,
        -0.046014443,
        -0.813963652
      ]
    ],
    "pickTranslation": [
      0.0146510052,
      0.0428087041,
      0.0299577266
    ],
    "placeRotation": [
      [
        -0.257557929,
        -0.08692416,
        -0.9623451
      ],
      [
        0.449823856,
        0.8706578,
        -0.1990314
      ],
      [
        0.8551739,
        -0.4841479,
        -0.185144246
      ]
    ],
    "placeTranslation": [
      0.69852984,
      0.7598221,
      0.83985275
    ]
  },
  {
    "id": "058 golf ball(Clone)-13918",
    "pickRotation": [
      [
        0.959432244,
        0.2748166,
        0.06297271
      ],
      [
        -0.14643918,
        0.676604,
        -0.7216388
      ],
      [
        -0.240925923,
        0.6831418,
        0.6893996
      ]
    ],
    "pickTranslation": [
      -0.000342307147,
      -0.0390495956,
      0.00253623724
    ],
    "placeRotation": [
      [
        -0.6608024,
        0.0427948944,
        0.7493389
      ],
      [
        -0.501993656,
        -0.7674095,
        -0.398854762
      ],
      [
        0.557980835,
        -0.639727533,
        0.5285888
      ]
    ],
    "placeTranslation": [
      0.9604699,
      0.986385643,
      0.204927176
    ]
  }
]