[
  {
    "timeStamp": 27375,
    "rotation": [
      [
        0.9966681,
        -0.00753027759,
        -0.0812160149
      ],
      [
        0.08132984,
        0.01629543,
        0.996554
      ],
      [
        -0.00618087733,
        -0.9998389,
        0.0168535709
      ]
    ],
    "translation": [
      1.3073597,
      0.70610857,
      -0.6199009
    ]
  },
  {
    "timeStamp": 27420,
    "rotation": [
      [
        0.9964885,
        -0.0154631082,
        -0.0822893456
      ],
      [
        0.082664974,
        0.02546482,
        0.996252
      ],
      [
        -0.01330967,
        -0.9995561,
        0.0266536567
      ]
    ],
    "translation": [
      1.3069725,
      0.7067061,
      -0.6199752
    ]
  },
  {
    "timeStamp": 27475,
    "rotation": [
      [
        0.9963431,
        -0.0214997809,
        -0.0826937556
      ],
      [
        0.08342231,
        0.03554287,
        0.995880246
      ],
      [
        -0.01847205,
        -0.9991368,
        0.0372064561
      ]
    ],
    "translation": [
      1.30668962,
      0.706927657,
      -0.620013356
    ]
  },
  {
    "timeStamp": 27520,
    "rotation": [
      [
        0.997219443,
        -0.0305366367,
        -0.067976974
      ],
      [
        0.06969934,
        0.05941212,
        0.9957973
      ],
      [
        -0.02636965,
        -0.9977664,
        0.0613753051
      ]
    ],
    "translation": [
      1.30426383,
      0.708149731,
      -0.622023642
    ]
  },
  {
    "timeStamp": 27575,
    "rotation": [
      [
        0.998404,
        -0.033843834,
        -0.0452109762
      ],
      [
        0.04749042,
        0.0698898956,
        0.996423662
      ],
      [
        -0.0305630285,
        -0.9969804,
        0.07138561
      ]
    ],
    "translation": [
      1.302097,
      0.717580438,
      -0.627228856
    ]
  },
  {
    "timeStamp": 27619,
    "rotation": [
      [
        0.998727,
        -0.0320734978,
        -0.03893169
      ],
      [
        0.0406558774,
        0.0549851358,
        0.997659147
      ],
      [
        -0.0298577715,
        -0.997971952,
        0.0562191159
      ]
    ],
    "translation": [
      1.30448163,
      0.7266063,
      -0.6281113
    ]
  },
  {
    "timeStamp": 27675,
    "rotation": [
      [
        0.9990695,
        -0.0342880972,
        -0.0261614937
      ],
      [
        0.0275036041,
        0.0392732657,
        0.9988499
      ],
      [
        -0.0332212262,
        -0.99864006,
        0.04017977
      ]
    ],
    "translation": [
      1.30981588,
      0.742988646,
      -0.6282549
    ]
  },
  {
    "timeStamp": 27720,
    "rotation": [
      [
        0.998568356,
        -0.05328944,
        -0.004632038
      ],
      [
        0.00694269966,
        0.04325754,
        0.9990398
      ],
      [
        -0.0530379,
        -0.997641742,
        0.04356558
      ]
    ],
    "translation": [
      1.31521726,
      0.760044,
      -0.629058361
    ]
  },
  {
    "timeStamp": 27775,
    "rotation": [
      [
        0.9953344,
        -0.08635171,
        0.0430448726
      ],
      [
        -0.03648245,
        0.07618604,
        0.996426
      ],
      [
        -0.08932249,
        -0.9933474,
        0.07268026
      ]
    ],
    "translation": [
      1.32522714,
      0.7865188,
      -0.633075237
    ]
  },
  {
    "timeStamp": 27820,
    "rotation": [
      [
        0.9916678,
        -0.10513626,
        0.0744394
      ],
      [
        -0.063258186,
        0.105951615,
        0.992357135
      ],
      [
        -0.112219676,
        -0.988797545,
        0.09841809
      ]
    ],
    "translation": [
      1.33688235,
      0.8077606,
      -0.639553845
    ]
  },
  {
    "timeStamp": 27875,
    "rotation": [
      [
        0.9817222,
        -0.127592146,
        0.141215429
      ],
      [
        -0.115920492,
        0.1876057,
        0.9753802
      ],
      [
        -0.1509437,
        -0.973922133,
        0.169386119
      ]
    ],
    "translation": [
      1.35279787,
      0.838369131,
      -0.6515189
    ]
  },
  {
    "timeStamp": 27920,
    "rotation": [
      [
        0.968891,
        -0.120962359,
        0.215912446
      ],
      [
        -0.177550644,
        0.268032938,
        0.94690764
      ],
      [
        -0.172411844,
        -0.955785751,
        0.238217786
      ]
    ],
    "translation": [
      1.3652724,
      0.8668924,
      -0.665235758
    ]
  },
  {
    "timeStamp": 27975,
    "rotation": [
      [
        0.949170351,
        -0.09897166,
        0.2987979
      ],
      [
        -0.244686455,
        0.365135252,
        0.8982231
      ],
      [
        -0.1980003,
        -0.925678551,
        0.322358549
      ]
    ],
    "translation": [
      1.386386,
      0.901893,
      -0.6825772
    ]
  },
  {
    "timeStamp": 28020,
    "rotation": [
      [
        0.9261354,
        -0.0835483745,
        0.367821783
      ],
      [
        -0.29990983,
        0.428286344,
        0.852422953
      ],
      [
        -0.228751615,
        -0.899772465,
        0.3715942
      ]
    ],
    "translation": [
      1.40564442,
      0.9305864,
      -0.693159163
    ]
  },
  {
    "timeStamp": 28075,
    "rotation": [
      [
        0.898372352,
        -0.07043839,
        0.43355003
      ],
      [
        -0.354762435,
        0.465624362,
        0.8107636
      ],
      [
        -0.2589803,
        -0.8821748,
        0.393315166
      ]
    ],
    "translation": [
      1.435448,
      0.9607651,
      -0.70236063
    ]
  },
  {
    "timeStamp": 28119,
    "rotation": [
      [
        0.8730834,
        -0.07934908,
        0.481070817
      ],
      [
        -0.39035368,
        0.477441341,
        0.7871936
      ],
      [
        -0.292146176,
        -0.875073433,
        0.385871917
      ]
    ],
    "translation": [
      1.4621762,
      0.9813299,
      -0.70551306
    ]
  },
  {
    "timeStamp": 28175,
    "rotation": [
      [
        0.8397084,
        -0.113541372,
        0.531035066
      ],
      [
        -0.422780782,
        0.477023661,
        0.7705225
      ],
      [
        -0.340802461,
        -0.8715256,
        0.352557629
      ]
    ],
    "translation": [
      1.49882078,
      1.00257707,
      -0.707030058
    ]
  },
  {
    "timeStamp": 28219,
    "rotation": [
      [
        0.810809851,
        -0.167220339,
        0.560914159
      ],
      [
        -0.43904382,
        0.459997,
        0.7717793
      ],
      [
        -0.38707602,
        -0.872032166,
        0.299553066
      ]
    ],
    "translation": [
      1.53088546,
      1.01492834,
      -0.705674648
    ]
  },
  {
    "timeStamp": 28279,
    "rotation": [
      [
        0.772259355,
        -0.2398123,
        0.5883074
      ],
      [
        -0.4569397,
        0.433696628,
        0.776603758
      ],
      [
        -0.441386044,
        -0.8685605,
        0.225346521
      ]
    ],
    "translation": [
      1.57335734,
      1.02794993,
      -0.7040882
    ]
  },
  {
    "timeStamp": 28319,
    "rotation": [
      [
        0.737398446,
        -0.3093515,
        0.600454152
      ],
      [
        -0.471614271,
        0.400595218,
        0.785559356
      ],
      [
        -0.483553,
        -0.862453,
        0.149503708
      ]
    ],
    "translation": [
      1.60953832,
      1.03578,
      -0.704072237
    ]
  },
  {
    "timeStamp": 28374,
    "rotation": [
      [
        0.6841843,
        -0.395504951,
        0.6127541
      ],
      [
        -0.4814553,
        0.386150062,
        0.786822
      ],
      [
        -0.5478071,
        -0.833345,
        0.07377986
      ]
    ],
    "translation": [
      1.65545011,
      1.04306817,
      -0.7088853
    ]
  },
  {
    "timeStamp": 28419,
    "rotation": [
      [
        0.6461545,
        -0.4849855,
        0.5892991
      ],
      [
        -0.481796056,
        0.339629054,
        0.80779
      ],
      [
        -0.5919095,
        -0.8058791,
        -0.0142112477
      ]
    ],
    "translation": [
      1.6964047,
      1.04264045,
      -0.7069939
    ]
  },
  {
    "timeStamp": 28474,
    "rotation": [
      [
        0.583643258,
        -0.5710452,
        0.577293634
      ],
      [
        -0.478072435,
        0.333014727,
        0.812741041
      ],
      [
        -0.656359136,
        -0.7503389,
        -0.07863918
      ]
    ],
    "translation": [
      1.74260139,
      1.04254806,
      -0.7148235
    ]
  },
  {
    "timeStamp": 28519,
    "rotation": [
      [
        0.5304496,
        -0.6272872,
        0.5702052
      ],
      [
        -0.480247527,
        0.3319163,
        0.8119076
      ],
      [
        -0.698559642,
        -0.7045157,
        -0.125188246
      ]
    ],
    "translation": [
      1.7792834,
      1.04341269,
      -0.72052294
    ]
  },
  {
    "timeStamp": 28574,
    "rotation": [
      [
        0.464136,
        -0.703520834,
        0.538178563
      ],
      [
        -0.481672645,
        0.309433669,
        0.8199038
      ],
      [
        -0.743349969,
        -0.639772832,
        -0.195247442
      ]
    ],
    "translation": [
      1.82506049,
      1.04431808,
      -0.7278678
    ]
  },
  {
    "timeStamp": 28619,
    "rotation": [
      [
        0.407829165,
        -0.7411479,
        0.533268332
      ],
      [
        -0.490859717,
        0.3144993,
        0.8124942
      ],
      [
        -0.7698909,
        -0.593118846,
        -0.235537663
      ]
    ],
    "translation": [
      1.858242,
      1.04887128,
      -0.7342188
    ]
  },
  {
    "timeStamp": 28675,
    "rotation": [
      [
        0.348427236,
        -0.810216069,
        0.471326232
      ],
      [
        -0.494817,
        0.2680738,
        0.826615155
      ],
      [
        -0.7960871,
        -0.521235466,
        -0.307504445
      ]
    ],
    "translation": [
      1.9030174,
      1.05202186,
      -0.739986837
    ]
  },
  {
    "timeStamp": 28719,
    "rotation": [
      [
        0.299637645,
        -0.853679061,
        0.425968647
      ],
      [
        -0.5036114,
        0.237683043,
        0.830591559
      ],
      [
        -0.810304165,
        -0.463399172,
        -0.358703732
      ]
    ],
    "translation": [
      1.94030786,
      1.05718684,
      -0.742136359
    ]
  },
  {
    "timeStamp": 28775,
    "rotation": [
      [
        0.241872028,
        -0.910741448,
        0.3347357
      ],
      [
        -0.51053834,
        0.173913777,
        0.8420835
      ],
      [
        -0.8251355,
        -0.37457183,
        -0.422903538
      ]
    ],
    "translation": [
      1.98543108,
      1.06319833,
      -0.74448204
    ]
  },
  {
    "timeStamp": 28820,
    "rotation": [
      [
        0.216839209,
        -0.9486124,
        0.230467588
      ],
      [
        -0.5068689,
        0.09236196,
        0.8570608
      ],
      [
        -0.8343049,
        -0.30266124,
        -0.4607944
      ]
    ],
    "translation": [
      2.026334,
      1.065963,
      -0.743675351
    ]
  },
  {
    "timeStamp": 28875,
    "rotation": [
      [
        0.208386138,
        -0.9716334,
        0.111820072
      ],
      [
        -0.486621022,
        -0.003827092,
        0.8736048
      ],
      [
        -0.8483956,
        -0.236461133,
        -0.473614752
      ]
    ],
    "translation": [
      2.0635128,
      1.0639739,
      -0.74330163
    ]
  },
  {
    "timeStamp": 28920,
    "rotation": [
      [
        0.198206663,
        -0.9792764,
        0.0416139252
      ],
      [
        -0.466656923,
        -0.05694605,
        0.8826032
      ],
      [
        -0.8619428,
        -0.194357261,
        -0.468273222
      ]
    ],
    "translation": [
      2.09119558,
      1.05843449,
      -0.740738153
    ]
  },
  {
    "timeStamp": 28975,
    "rotation": [
      [
        0.185061842,
        -0.982710063,
        0.005752961
      ],
      [
        -0.429444969,
        -0.07560384,
        0.899922848
      ],
      [
        -0.8839283,
        -0.169011965,
        -0.436011285
      ]
    ],
    "translation": [
      2.111097,
      1.04240191,
      -0.738199532
    ]
  },
  {
    "timeStamp": 29019,
    "rotation": [
      [
        0.19385457,
        -0.980899632,
        0.0160129033
      ],
      [
        -0.406380475,
        -0.06543507,
        0.9113579
      ],
      [
        -0.8929028,
        -0.183178231,
        -0.411303341
      ]
    ],
    "translation": [
      2.11514354,
      1.0252347,
      -0.734165668
    ]
  },
  {
    "timeStamp": 29075,
    "rotation": [
      [
        0.205074057,
        -0.977053761,
        -0.05753865
      ],
      [
        -0.341654927,
        -0.126552254,
        0.931266069
      ],
      [
        -0.917178631,
        -0.171320155,
        -0.3597678
      ]
    ],
    "translation": [
      2.12947869,
      0.9934241,
      -0.7277547
    ]
  },
  {
    "timeStamp": 29119,
    "rotation": [
      [
        0.228743061,
        -0.973484039,
        -0.00231752987
      ],
      [
        -0.320010781,
        -0.0774420053,
        0.94424355
      ],
      [
        -0.9193855,
        -0.215247527,
        -0.3292397
      ]
    ],
    "translation": [
      2.11905742,
      0.9688946,
      -0.7235332
    ]
  },
  {
    "timeStamp": 29172,
    "rotation": [
      [
        0.23731409,
        -0.9714101,
        -0.006663885
      ],
      [
        -0.284467876,
        -0.07605096,
        0.955664337
      ],
      [
        -0.9288488,
        -0.224896953,
        -0.29438293
      ]
    ],
    "translation": [
      2.11635327,
      0.9430605,
      -0.718296
    ]
  },
  {
    "timeStamp": 29225,
    "rotation": [
      [
        0.270905048,
        -0.9622122,
        0.0275331028
      ],
      [
        -0.247606918,
        -0.04201497,
        0.967949152
      ],
      [
        -0.9302157,
        -0.2690397,
        -0.249632463
      ]
    ],
    "translation": [
      2.10874033,
      0.9102658,
      -0.7112651
    ]
  },
  {
    "timeStamp": 29270,
    "rotation": [
      [
        0.2668075,
        -0.96166724,
        0.0633228
      ],
      [
        -0.235806957,
        -0.00143296947,
        0.971798837
      ],
      [
        -0.9344564,
        -0.2742152,
        -0.227150157
      ]
    ],
    "translation": [
      2.09991121,
      0.8914182,
      -0.705227435
    ]
  },
  {
    "timeStamp": 29325,
    "rotation": [
      [
        0.279649049,
        -0.9570214,
        0.0768534541
      ],
      [
        -0.215714559,
        0.0153710088,
        0.976335466
      ],
      [
        -0.9355552,
        -0.2896097,
        -0.202144951
      ]
    ],
    "translation": [
      2.09495854,
      0.872091949,
      -0.694858551
    ]
  },
  {
    "timeStamp": 29370,
    "rotation": [
      [
        0.273229748,
        -0.955128253,
        0.114348061
      ],
      [
        -0.211723968,
        0.05624504,
        0.975709736
      ],
      [
        -0.938359439,
        -0.290803134,
        -0.186855718
      ]
    ],
    "translation": [
      2.08760166,
      0.859900355,
      -0.6853661
    ]
  },
  {
    "timeStamp": 29425,
    "rotation": [
      [
        0.277555943,
        -0.957519531,
        0.0782242343
      ],
      [
        -0.19312793,
        0.02415041,
        0.9808763
      ],
      [
        -0.9410974,
        -0.287355334,
        -0.178220674
      ]
    ],
    "translation": [
      2.09256554,
      0.842923462,
      -0.6738959
    ]
  },
  {
    "timeStamp": 29469,
    "rotation": [
      [
        0.280075043,
        -0.9549033,
        0.0985776
      ],
      [
        -0.183777362,
        0.0474542081,
        0.9818218
      ],
      [
        -0.9422228,
        -0.293100119,
        -0.162198886
      ]
    ],
    "translation": [
      2.0885,
      0.833912969,
      -0.665418148
    ]
  },
  {
    "timeStamp": 29525,
    "rotation": [
      [
        0.271621168,
        -0.9580474,
        0.09147152
      ],
      [
        -0.169059873,
        0.0460687838,
        0.984528542
      ],
      [
        -0.947439,
        -0.282882959,
        -0.149454117
      ]
    ],
    "translation": [
      2.092143,
      0.8233314,
      -0.6550658
    ]
  },
  {
    "timeStamp": 29570,
    "rotation": [
      [
        0.2619883,
        -0.959904552,
        0.09972613
      ],
      [
        -0.166050136,
        0.0569580458,
        0.984470963
      ],
      [
        -0.9506784,
        -0.274479449,
        -0.144469947
      ]
    ],
    "translation": [
      2.09314179,
      0.816974163,
      -0.6494077
    ]
  },
  {
    "timeStamp": 29625,
    "rotation": [
      [
        0.2613257,
        -0.962443531,
        0.07356168
      ],
      [
        -0.153444141,
        0.03381917,
        0.987578452
      ],
      [
        -0.9529763,
        -0.269367218,
        -0.1388435
      ]
    ],
    "translation": [
      2.09887481,
      0.807835,
      -0.645205259
    ]
  },
  {
    "timeStamp": 29671,
    "rotation": [
      [
        0.255275,
        -0.9640778,
        0.07340891
      ],
      [
        -0.143756956,
        0.03723498,
        0.9889123
      ],
      [
        -0.9561217,
        -0.262997627,
        -0.129087716
      ]
    ],
    "translation": [
      2.10106063,
      0.8010389,
      -0.6445348
    ]
  },
  {
    "timeStamp": 29728,
    "rotation": [
      [
        0.258556157,
        -0.9637899,
        0.06525173
      ],
      [
        -0.134306759,
        0.0310264733,
        0.990453959
      ],
      [
        -0.9566141,
        -0.264851719,
        -0.121421404
      ]
    ],
    "translation": [
      2.10421062,
      0.791108,
      -0.6454108
    ]
  },
  {
    "timeStamp": 29773,
    "rotation": [
      [
        0.2645717,
        -0.963630259,
        0.0376628861
      ],
      [
        -0.10954199,
        0.008772108,
        0.993943453
      ],
      [
        -0.9581244,
        -0.26709497,
        -0.10323713
      ]
    ],
    "translation": [
      2.11000562,
      0.7810686,
      -0.648327
    ]
  },
  {
    "timeStamp": 29819,
    "rotation": [
      [
        0.271227926,
        -0.9614001,
        0.0463164076
      ],
      [
        -0.101452194,
        0.0192969535,
        0.9946532
      ],
      [
        -0.95715344,
        -0.274476677,
        -0.09230228
      ]
    ],
    "translation": [
      2.11090541,
      0.7738545,
      -0.6517159
    ]
  },
  {
    "timeStamp": 29874,
    "rotation": [
      [
        0.2904676,
        -0.9566824,
        0.0196824688
      ],
      [
        -0.07897199,
        -0.00346815586,
        0.9968708
      ],
      [
        -0.9536205,
        -0.291113019,
        -0.07655849
      ]
    ],
    "translation": [
      2.11551046,
      0.764386952,
      -0.6554361
    ]
  },
  {
    "timeStamp": 29919,
    "rotation": [
      [
        0.302171081,
        -0.9532026,
        0.009868777
      ],
      [
        -0.0654072,
        -0.0104039311,
        0.9978044
      ],
      [
        -0.951007068,
        -0.3021531,
        -0.06549008
      ]
    ],
    "translation": [
      2.11827064,
      0.7571031,
      -0.65778923
    ]
  },
  {
    "timeStamp": 29974,
    "rotation": [
      [
        0.3116523,
        -0.950177133,
        0.00602245843
      ],
      [
        -0.0559081845,
        -0.0120096654,
        0.9983637
      ],
      [
        -0.948550045,
        -0.311479032,
        -0.0568655171
      ]
    ],
    "translation": [
      2.11984015,
      0.7505397,
      -0.658615232
    ]
  },
  {
    "timeStamp": 30019,
    "rotation": [
      [
        0.329466939,
        -0.9441023,
        -0.0110679232
      ],
      [
        -0.048184175,
        -0.0285198465,
        0.9984312
      ],
      [
        -0.942936838,
        -0.328416765,
        -0.0548871346
      ]
    ],
    "translation": [
      2.12203932,
      0.745961845,
      -0.6583032
    ]
  },
  {
    "timeStamp": 30074,
    "rotation": [
      [
        0.3374127,
        -0.9411955,
        -0.0174307078
      ],
      [
        -0.03959914,
        -0.0326913632,
        0.9986807
      ],
      [
        -0.940523565,
        -0.3362773,
        -0.0483010076
      ]
    ],
    "translation": [
      2.12280679,
      0.7416129,
      -0.6571854
    ]
  },
  {
    "timeStamp": 30119,
    "rotation": [
      [
        0.335467219,
        -0.9416881,
        -0.026177302
      ],
      [
        -0.0303325616,
        -0.0385704637,
        0.9987954
      ],
      [
        -0.9415634,
        -0.334269077,
        -0.04150294
      ]
    ],
    "translation": [
      2.12650013,
      0.738061547,
      -0.656146765
    ]
  },
  {
    "timeStamp": 30174,
    "rotation": [
      [
        0.322504,
        -0.9462519,
        -0.0244634412
      ],
      [
        -0.0284234621,
        -0.0355135873,
        0.9989649
      ],
      [
        -0.946141243,
        -0.32147485,
        -0.03834903
      ]
    ],
    "translation": [
      2.13077331,
      0.7358282,
      -0.6538299
    ]
  },
  {
    "timeStamp": 30219,
    "rotation": [
      [
        0.310109556,
        -0.9502421,
        -0.0295295976
      ],
      [
        -0.0226172041,
        -0.0384260379,
        0.999005437
      ],
      [
        -0.950431764,
        -0.309133232,
        -0.0334081
      ]
    ],
    "translation": [
      2.13565445,
      0.7340096,
      -0.652884364
    ]
  },
  {
    "timeStamp": 30274,
    "rotation": [
      [
        0.2983574,
        -0.954107046,
        -0.0257423874
      ],
      [
        -0.0176852886,
        -0.0324924774,
        0.9993155
      ],
      [
        -0.9542904,
        -0.2976979,
        -0.02656803
      ]
    ],
    "translation": [
      2.139387,
      0.7316946,
      -0.6528063
    ]
  },
  {
    "timeStamp": 30319,
    "rotation": [
      [
        0.294730365,
        -0.955467,
        -0.014729023
      ],
      [
        -0.0108971521,
        -0.0187733062,
        0.9997644
      ],
      [
        -0.955518365,
        -0.2945004,
        -0.0159449317
      ]
    ],
    "translation": [
      2.13906622,
      0.72891283,
      -0.6544531
    ]
  },
  {
    "timeStamp": 30374,
    "rotation": [
      [
        0.298534065,
        -0.954353,
        -0.009369252
      ],
      [
        -0.0008373855,
        -0.0100788288,
        0.999948859
      ],
      [
        -0.9543986,
        -0.298510969,
        -0.00380803552
      ]
    ],
    "translation": [
      2.13846016,
      0.725235343,
      -0.6561217
    ]
  },
  {
    "timeStamp": 30419,
    "rotation": [
      [
        0.29864338,
        -0.954349339,
        -0.005423796
      ],
      [
        -0.00138672208,
        -0.006117073,
        0.99998033
      ],
      [
        -0.954363763,
        -0.29863,
        -0.00315024075
      ]
    ],
    "translation": [
      2.13847375,
      0.725120068,
      -0.6561185
    ]
  },
  {
    "timeStamp": 30474,
    "rotation": [
      [
        0.299057066,
        -0.954234362,
        0.0013177339
      ],
      [
        0.0,
        0.00138093194,
        0.999999046
      ],
      [
        -0.954235256,
        -0.299056768,
        0.000412977446
      ]
    ],
    "translation": [
      2.13849163,
      0.7250948,
      -0.6560839
    ]
  },
  {
    "timeStamp": 30522,
    "rotation": [
      [
        0.2973344,
        -0.9547664,
        0.00365882576
      ],
      [
        0.003078147,
        0.00479070656,
        0.9999838
      ],
      [
        -0.9547685,
        -0.297318339,
        0.00436335336
      ]
    ],
    "translation": [
      2.13849139,
      0.7251518,
      -0.656065345
    ]
  },
  {
    "timeStamp": 30574,
    "rotation": [
      [
        0.297142237,
        -0.9548317,
        -0.00170044857
      ],
      [
        0.00578731671,
        2.01463445E-05,
        0.999983251
      ],
      [
        -0.9548157,
        -0.297147125,
        0.0055319
      ]
    ],
    "translation": [
      2.13846326,
      0.725038767,
      -0.6560508
    ]
  },
  {
    "timeStamp": 30629,
    "rotation": [
      [
        0.297206134,
        -0.9547861,
        -0.007211052
      ],
      [
        0.009505358,
        -0.00459327968,
        0.99994427
      ],
      [
        -0.954766035,
        -0.2972581,
        0.00771043263
      ]
    ],
    "translation": [
      2.13844442,
      0.724929,
      -0.656029
    ]
  },
  {
    "timeStamp": 30674,
    "rotation": [
      [
        0.297441781,
        -0.954665363,
        -0.0119358869
      ],
      [
        0.0131777432,
        -0.008395422,
        0.9998779
      ],
      [
        -0.954649031,
        -0.297562748,
        0.0100831855
      ]
    ],
    "translation": [
      2.13843632,
      0.7248409,
      -0.656016648
    ]
  },
  {
    "timeStamp": 30729,
    "rotation": [
      [
        0.297418535,
        -0.9546142,
        -0.0159322117
      ],
      [
        0.0168086719,
        -0.0114493426,
        0.9997932
      ],
      [
        -0.9545992,
        -0.297624826,
        0.0126405507
      ]
    ],
    "translation": [
      2.13841867,
      0.7247629,
      -0.656003058
    ]
  },
  {
    "timeStamp": 30773,
    "rotation": [
      [
        0.297347516,
        -0.9545692,
        -0.01954397
      ],
      [
        0.0193620175,
        -0.0144368988,
        0.9997083
      ],
      [
        -0.9545729,
        -0.2976392,
        0.01418961
      ]
    ],
    "translation": [
      2.13841534,
      0.7246972,
      -0.655992746
    ]
  },
  {
    "timeStamp": 30829,
    "rotation": [
      [
        0.2969489,
        -0.9546552,
        -0.0213307161
      ],
      [
        0.0210757256,
        -0.0157804713,
        0.999653339
      ],
      [
        -0.954660833,
        -0.2972955,
        0.0154340547
      ]
    ],
    "translation": [
      2.13840556,
      0.724661,
      -0.655979037
    ]
  }
]