[
  {
    "timeStamp": 78818,
    "rotation": [
      [
        0.849198043,
        -0.408956349,
        -0.334092
      ],
      [
        0.369108081,
        0.00722483266,
        0.9293584
      ],
      [
        -0.377653271,
        -0.912525356,
        0.1570844
      ]
    ],
    "translation": [
      1.29827833,
      0.686585367,
      -0.497400254
    ]
  },
  {
    "timeStamp": 78863,
    "rotation": [
      [
        0.8579032,
        -0.407715023,
        -0.312682718
      ],
      [
        0.343270868,
        0.00198877184,
        0.9392343
      ],
      [
        -0.382318079,
        -0.913107038,
        0.141662881
      ]
    ],
    "translation": [
      1.298048,
      0.692847848,
      -0.497265875
    ]
  },
  {
    "timeStamp": 78918,
    "rotation": [
      [
        0.87177676,
        -0.407100677,
        -0.272533178
      ],
      [
        0.301434666,
        0.007207922,
        0.9534596
      ],
      [
        -0.386189669,
        -0.9133549,
        0.128997952
      ]
    ],
    "translation": [
      1.29783535,
      0.693501532,
      -0.497148216
    ]
  },
  {
    "timeStamp": 78963,
    "rotation": [
      [
        0.8633632,
        -0.412985563,
        -0.289908171
      ],
      [
        0.299978375,
        -0.0418892726,
        0.9530258
      ],
      [
        -0.405729949,
        -0.909773648,
        0.08772109
      ]
    ],
    "translation": [
      1.3046385,
      0.6965279,
      -0.4955789
    ]
  },
  {
    "timeStamp": 79018,
    "rotation": [
      [
        0.879113555,
        -0.387715071,
        -0.277193666
      ],
      [
        0.262884,
        -0.09067356,
        0.9605573
      ],
      [
        -0.397556663,
        -0.9173087,
        0.02221173
      ]
    ],
    "translation": [
      1.32096863,
      0.713354647,
      -0.4952236
    ]
  },
  {
    "timeStamp": 79063,
    "rotation": [
      [
        0.90198493,
        -0.3628058,
        -0.2340834
      ],
      [
        0.210224241,
        -0.104523137,
        0.9720497
      ],
      [
        -0.377132416,
        -0.925984263,
        -0.0180077236
      ]
    ],
    "translation": [
      1.33263326,
      0.7322537,
      -0.5015112
    ]
  },
  {
    "timeStamp": 79118,
    "rotation": [
      [
        0.9278413,
        -0.3178998,
        -0.195064768
      ],
      [
        0.156823128,
        -0.14200218,
        0.9773648
      ],
      [
        -0.338403672,
        -0.9374301,
        -0.08190145
      ]
    ],
    "translation": [
      1.35460031,
      0.7585013,
      -0.515643
    ]
  },
  {
    "timeStamp": 79163,
    "rotation": [
      [
        0.945875168,
        -0.282434881,
        -0.1598459
      ],
      [
        0.116214916,
        -0.16509752,
        0.9794064
      ],
      [
        -0.303008676,
        -0.944972634,
        -0.123338506
      ]
    ],
    "translation": [
      1.37710762,
      0.778924465,
      -0.5311825
    ]
  },
  {
    "timeStamp": 79218,
    "rotation": [
      [
        0.9590552,
        -0.256154865,
        -0.120821878
      ],
      [
        0.0781775862,
        -0.170595482,
        0.982234955
      ],
      [
        -0.2722159,
        -0.9514631,
        -0.1435849
      ]
    ],
    "translation": [
      1.41594243,
      0.801811457,
      -0.5558118
    ]
  },
  {
    "timeStamp": 79263,
    "rotation": [
      [
        0.9697569,
        -0.230764881,
        -0.07949288
      ],
      [
        0.04359769,
        -0.156676546,
        0.986687243
      ],
      [
        -0.240147427,
        -0.9603125,
        -0.141877353
      ]
    ],
    "translation": [
      1.44756877,
      0.8169278,
      -0.5807099
    ]
  },
  {
    "timeStamp": 79318,
    "rotation": [
      [
        0.975316942,
        -0.204906538,
        -0.08228108
      ],
      [
        0.04672072,
        -0.172693953,
        0.9838669
      ],
      [
        -0.21581018,
        -0.963426232,
        -0.158857957
      ]
    ],
    "translation": [
      1.49510276,
      0.831334054,
      -0.612306654
    ]
  },
  {
    "timeStamp": 79363,
    "rotation": [
      [
        0.9782177,
        -0.185402825,
        -0.0933589339
      ],
      [
        0.0603869371,
        -0.176128954,
        0.9825131
      ],
      [
        -0.198603913,
        -0.9667494,
        -0.161096558
      ]
    ],
    "translation": [
      1.53530633,
      0.838982,
      -0.637961745
    ]
  },
  {
    "timeStamp": 79418,
    "rotation": [
      [
        0.979475439,
        -0.170380786,
        -0.107695326
      ],
      [
        0.0768698,
        -0.178167358,
        0.9809931
      ],
      [
        -0.186330155,
        -0.969137132,
        -0.161413416
      ]
    ],
    "translation": [
      1.5864917,
      0.8464006,
      -0.6683188
    ]
  },
  {
    "timeStamp": 79463,
    "rotation": [
      [
        0.9797259,
        -0.150617585,
        -0.1321039
      ],
      [
        0.1011586,
        -0.197250918,
        0.97512
      ],
      [
        -0.172927827,
        -0.96871376,
        -0.178015575
      ]
    ],
    "translation": [
      1.626796,
      0.852064669,
      -0.6903346
    ]
  },
  {
    "timeStamp": 79518,
    "rotation": [
      [
        0.97625643,
        -0.155441865,
        -0.150868163
      ],
      [
        0.117769942,
        -0.20367454,
        0.9719295
      ],
      [
        -0.181806535,
        -0.966620147,
        -0.1805322
      ]
    ],
    "translation": [
      1.67744029,
      0.8587931,
      -0.7132966
    ]
  },
  {
    "timeStamp": 79563,
    "rotation": [
      [
        0.966668665,
        -0.178327084,
        -0.183714971
      ],
      [
        0.1442072,
        -0.213680714,
        0.966201246
      ],
      [
        -0.211556181,
        -0.9604895,
        -0.1808424
      ]
    ],
    "translation": [
      1.72039747,
      0.863199055,
      -0.7264619
    ]
  },
  {
    "timeStamp": 79618,
    "rotation": [
      [
        0.9512628,
        -0.22444649,
        -0.211478144
      ],
      [
        0.1607852,
        -0.22420153,
        0.9611877
      ],
      [
        -0.2631489,
        -0.9483446,
        -0.177186877
      ]
    ],
    "translation": [
      1.77116144,
      0.871268332,
      -0.7384957
    ]
  },
  {
    "timeStamp": 79663,
    "rotation": [
      [
        0.9344346,
        -0.262835115,
        -0.240311667
      ],
      [
        0.1754231,
        -0.247542515,
        0.9528638
      ],
      [
        -0.309933424,
        -0.9325451,
        -0.185204953
      ]
    ],
    "translation": [
      1.81087112,
      0.87966305,
      -0.744906545
    ]
  },
  {
    "timeStamp": 79718,
    "rotation": [
      [
        0.9151836,
        -0.30693242,
        -0.261211455
      ],
      [
        0.180276126,
        -0.267914325,
        0.946426153
      ],
      [
        -0.360471129,
        -0.9132439,
        -0.189858228
      ]
    ],
    "translation": [
      1.85737824,
      0.8910188,
      -0.7511343
    ]
  },
  {
    "timeStamp": 79763,
    "rotation": [
      [
        0.8907492,
        -0.344031125,
        -0.296999037
      ],
      [
        0.194249675,
        -0.3026049,
        0.9331116
      ],
      [
        -0.410892844,
        -0.8888604,
        -0.202717155
      ]
    ],
    "translation": [
      1.89707267,
      0.901645839,
      -0.752271652
    ]
  },
  {
    "timeStamp": 79818,
    "rotation": [
      [
        0.8501727,
        -0.383477032,
        -0.3607655
      ],
      [
        0.222740322,
        -0.3589066,
        0.9064065
      ],
      [
        -0.4770672,
        -0.8509591,
        -0.2197168
      ]
    ],
    "translation": [
      1.94979489,
      0.9161586,
      -0.7499635
    ]
  },
  {
    "timeStamp": 79863,
    "rotation": [
      [
        0.8117222,
        -0.4354257,
        -0.3892447
      ],
      [
        0.219500542,
        -0.390166044,
        0.894197941
      ],
      [
        -0.541226864,
        -0.8112798,
        -0.221130282
      ]
    ],
    "translation": [
      1.99153018,
      0.9293845,
      -0.745690346
    ]
  },
  {
    "timeStamp": 79918,
    "rotation": [
      [
        0.7634932,
        -0.467920363,
        -0.44511655
      ],
      [
        0.2316376,
        -0.444959432,
        0.865075231
      ],
      [
        -0.602845132,
        -0.763584733,
        -0.231335536
      ]
    ],
    "translation": [
      2.04083514,
      0.946165,
      -0.738020658
    ]
  },
  {
    "timeStamp": 79963,
    "rotation": [
      [
        0.7257274,
        -0.4936588,
        -0.479187578
      ],
      [
        0.224232554,
        -0.488753736,
        0.843113
      ],
      [
        -0.6504149,
        -0.719319642,
        -0.244007587
      ]
    ],
    "translation": [
      2.07622123,
      0.960634649,
      -0.729428351
    ]
  },
  {
    "timeStamp": 80018,
    "rotation": [
      [
        0.6971305,
        -0.4996963,
        -0.5141136
      ],
      [
        0.2219607,
        -0.531432,
        0.817504466
      ],
      [
        -0.6817204,
        -0.6840203,
        -0.2595645
      ]
    ],
    "translation": [
      2.1105516,
      0.975106,
      -0.71667105
    ]
  },
  {
    "timeStamp": 80063,
    "rotation": [
      [
        0.692607,
        -0.486319423,
        -0.5327185
      ],
      [
        0.237108126,
        -0.5439975,
        0.8048891
      ],
      [
        -0.6812307,
        -0.68378365,
        -0.261466175
      ]
    ],
    "translation": [
      2.129046,
      0.9804907,
      -0.705277443
    ]
  },
  {
    "timeStamp": 80118,
    "rotation": [
      [
        0.706709445,
        -0.4191724,
        -0.569961667
      ],
      [
        0.288522154,
        -0.5648169,
        0.7731344
      ],
      [
        -0.6460006,
        -0.710828,
        -0.2782209
      ]
    ],
    "translation": [
      2.13943219,
      0.982301,
      -0.6885213
    ]
  },
  {
    "timeStamp": 80162,
    "rotation": [
      [
        0.7202362,
        -0.3771096,
        -0.58227843
      ],
      [
        0.311878026,
        -0.573728263,
        0.7573427
      ],
      [
        -0.6196708,
        -0.7270655,
        -0.295607656
      ]
    ],
    "translation": [
      2.14297485,
      0.9825583,
      -0.6725623
    ]
  },
  {
    "timeStamp": 80218,
    "rotation": [
      [
        0.732843,
        -0.338847339,
        -0.59002
      ],
      [
        0.345544755,
        -0.561665,
        0.7517521
      ],
      [
        -0.5861228,
        -0.7547946,
        -0.294525355
      ]
    ],
    "translation": [
      2.144115,
      0.974335134,
      -0.6528359
    ]
  },
  {
    "timeStamp": 80262,
    "rotation": [
      [
        0.750709653,
        -0.323045373,
        -0.576261044
      ],
      [
        0.353968441,
        -0.5398206,
        0.763740838
      ],
      [
        -0.557800531,
        -0.7773258,
        -0.290900648
      ]
    ],
    "translation": [
      2.14069939,
      0.9630299,
      -0.63673234
    ]
  },
  {
    "timeStamp": 80318,
    "rotation": [
      [
        0.7598128,
        -0.31122297,
        -0.5708107
      ],
      [
        0.37443015,
        -0.5082771,
        0.7755362
      ],
      [
        -0.531494737,
        -0.802991033,
        -0.269664168
      ]
    ],
    "translation": [
      2.13859081,
      0.941831052,
      -0.620490551
    ]
  },
  {
    "timeStamp": 80364,
    "rotation": [
      [
        0.776481152,
        -0.2909114,
        -0.5589701
      ],
      [
        0.3982619,
        -0.460864216,
        0.7930899
      ],
      [
        -0.488328218,
        -0.8384358,
        -0.241993442
      ]
    ],
    "translation": [
      2.13258243,
      0.9217839,
      -0.61254245
    ]
  },
  {
    "timeStamp": 80413,
    "rotation": [
      [
        0.7859805,
        -0.2513912,
        -0.56483376
      ],
      [
        0.4385921,
        -0.41718182,
        0.7959876
      ],
      [
        -0.435742676,
        -0.8733624,
        -0.217638552
      ]
    ],
    "translation": [
      2.12849569,
      0.8993068,
      -0.6079558
    ]
  },
  {
    "timeStamp": 80468,
    "rotation": [
      [
        0.804251,
        -0.278793871,
        -0.5248374
      ],
      [
        0.420846283,
        -0.356368452,
        0.834200144
      ],
      [
        -0.4196054,
        -0.8917822,
        -0.16928032
      ]
    ],
    "translation": [
      2.12429619,
      0.8829198,
      -0.608983
    ]
  },
  {
    "timeStamp": 80513,
    "rotation": [
      [
        0.801486433,
        -0.2781365,
        -0.5293955
      ],
      [
        0.432108134,
        -0.3426184,
        0.8342033
      ],
      [
        -0.413403034,
        -0.8973588,
        -0.154418975
      ]
    ],
    "translation": [
      2.12639642,
      0.8742716,
      -0.609889746
    ]
  },
  {
    "timeStamp": 80568,
    "rotation": [
      [
        0.8254149,
        -0.293100774,
        -0.482475072
      ],
      [
        0.400027066,
        -0.299372047,
        0.8662302
      ],
      [
        -0.398332268,
        -0.9080024,
        -0.129857913
      ]
    ],
    "translation": [
      2.119096,
      0.8639902,
      -0.6133838
    ]
  },
  {
    "timeStamp": 80613,
    "rotation": [
      [
        0.81802386,
        -0.260228544,
        -0.5129503
      ],
      [
        0.436932981,
        -0.298838317,
        0.848401546
      ],
      [
        -0.374067545,
        -0.91813767,
        -0.130754456
      ]
    ],
    "translation": [
      2.11957717,
      0.8539405,
      -0.6149871
    ]
  },
  {
    "timeStamp": 80668,
    "rotation": [
      [
        0.815112233,
        -0.2530636,
        -0.5211054
      ],
      [
        0.449057937,
        -0.292268485,
        0.8443495
      ],
      [
        -0.3659768,
        -0.922246158,
        -0.12459141
      ]
    ],
    "translation": [
      2.11995459,
      0.8436816,
      -0.614606261
    ]
  },
  {
    "timeStamp": 80713,
    "rotation": [
      [
        0.8089235,
        -0.247422636,
        -0.5333148
      ],
      [
        0.462776452,
        -0.291510552,
        0.8371735
      ],
      [
        -0.362602621,
        -0.9240149,
        -0.121308371
      ]
    ],
    "translation": [
      2.12105536,
      0.837382138,
      -0.612769365
    ]
  },
  {
    "timeStamp": 80768,
    "rotation": [
      [
        0.808358848,
        -0.251064718,
        -0.5324684
      ],
      [
        0.4631554,
        -0.287080348,
        0.8384939
      ],
      [
        -0.363377422,
        -0.9244195,
        -0.115781963
      ]
    ],
    "translation": [
      2.11986113,
      0.832706153,
      -0.6098589
    ]
  },
  {
    "timeStamp": 80814,
    "rotation": [
      [
        0.8087017,
        -0.24523671,
        -0.5346592
      ],
      [
        0.4638477,
        -0.293088734,
        0.8360289
      ],
      [
        -0.361727566,
        -0.924098432,
        -0.123268865
      ]
    ],
    "translation": [
      2.11702657,
      0.830315948,
      -0.607192039
    ]
  },
  {
    "timeStamp": 80860,
    "rotation": [
      [
        0.8082183,
        -0.23955,
        -0.5379582
      ],
      [
        0.4684526,
        -0.292023838,
        0.8338311
      ],
      [
        -0.356840849,
        -0.925925434,
        -0.123801209
      ]
    ],
    "translation": [
      2.11501074,
      0.8270177,
      -0.604674041
    ]
  },
  {
    "timeStamp": 80917,
    "rotation": [
      [
        0.807012,
        -0.2414492,
        -0.538919151
      ],
      [
        0.468074828,
        -0.294878662,
        0.833038151
      ],
      [
        -0.360052139,
        -0.9245263,
        -0.124954335
      ]
    ],
    "translation": [
      2.11310339,
      0.8232558,
      -0.601081
    ]
  },
  {
    "timeStamp": 80962,
    "rotation": [
      [
        0.8031807,
        -0.241211772,
        -0.544717968
      ],
      [
        0.473501682,
        -0.2963983,
        0.829424
      ],
      [
        -0.36152032,
        -0.9241022,
        -0.123847231
      ]
    ],
    "translation": [
      2.1114924,
      0.8204696,
      -0.5995759
    ]
  },
  {
    "timeStamp": 81017,
    "rotation": [
      [
        0.8089716,
        -0.227807939,
        -0.54191184
      ],
      [
        0.476600647,
        -0.2854701,
        0.8314798
      ],
      [
        -0.3441173,
        -0.930919051,
        -0.122363791
      ]
    ],
    "translation": [
      2.106495,
      0.8168552,
      -0.600672543
    ]
  },
  {
    "timeStamp": 81062,
    "rotation": [
      [
        0.806941032,
        -0.226219565,
        -0.545592248
      ],
      [
        0.480053753,
        -0.28694126,
        0.8289832
      ],
      [
        -0.344085127,
        -0.930854142,
        -0.122947119
      ]
    ],
    "translation": [
      2.10489845,
      0.8146556,
      -0.600992441
    ]
  },
  {
    "timeStamp": 81118,
    "rotation": [
      [
        0.811859369,
        -0.231463686,
        -0.536012
      ],
      [
        0.4719068,
        -0.280430019,
        0.8358606
      ],
      [
        -0.343785256,
        -0.931549,
        -0.118440464
      ]
    ],
    "translation": [
      2.10233355,
      0.812407553,
      -0.6020851
    ]
  },
  {
    "timeStamp": 81162,
    "rotation": [
      [
        0.8209234,
        -0.223852277,
        -0.5253331
      ],
      [
        0.4599,
        -0.286144018,
        0.8406031
      ],
      [
        -0.338491857,
        -0.9316715,
        -0.131952658
      ]
    ],
    "translation": [
      2.09786034,
      0.8129537,
      -0.601392031
    ]
  },
  {
    "timeStamp": 81218,
    "rotation": [
      [
        0.8128176,
        -0.2040573,
        -0.5456081
      ],
      [
        0.479914665,
        -0.2962973,
        0.8257662
      ],
      [
        -0.330165833,
        -0.933042645,
        -0.142905578
      ]
    ],
    "translation": [
      2.09637332,
      0.8107585,
      -0.60016495
    ]
  },
  {
    "timeStamp": 81262,
    "rotation": [
      [
        0.812677145,
        -0.191258,
        -0.550432742
      ],
      [
        0.485048681,
        -0.3014511,
        0.820886731
      ],
      [
        -0.32292968,
        -0.9341026,
        -0.152212977
      ]
    ],
    "translation": [
      2.094979,
      0.8088513,
      -0.598231733
    ]
  },
  {
    "timeStamp": 81318,
    "rotation": [
      [
        0.8439122,
        -0.180800691,
        -0.5050973
      ],
      [
        0.4463508,
        -0.285698563,
        0.8480255
      ],
      [
        -0.2976292,
        -0.9411097,
        -0.160403967
      ]
    ],
    "translation": [
      2.09139156,
      0.806612253,
      -0.597602844
    ]
  },
  {
    "timeStamp": 81362,
    "rotation": [
      [
        0.8668597,
        -0.226988226,
        -0.443881363
      ],
      [
        0.391286254,
        -0.2419771,
        0.887886345
      ],
      [
        -0.308948874,
        -0.9433575,
        -0.1209428
      ]
    ],
    "translation": [
      2.08841944,
      0.8043097,
      -0.599603653
    ]
  }
]