[
  {
    "timeStamp": 66769,
    "rotation": [
      [
        0.130411282,
        -0.390632451,
        0.911262453
      ],
      [
        0.3664057,
        0.8730329,
        0.321808
      ],
      [
        -0.9212708,
        0.291924357,
        0.25698328
      ]
    ],
    "translation": [
      1.74524748,
      0.6987344,
      -0.7943514
    ]
  },
  {
    "timeStamp": 66813,
    "rotation": [
      [
        0.1548993,
        -0.432623923,
        0.8881682
      ],
      [
        0.3825238,
        0.855157137,
        0.349831
      ],
      [
        -0.910868645,
        0.2855569,
        0.2979522
      ]
    ],
    "translation": [
      1.74519074,
      0.6991318,
      -0.794883132
    ]
  },
  {
    "timeStamp": 66868,
    "rotation": [
      [
        0.147621185,
        -0.4474009,
        0.882066
      ],
      [
        0.397081375,
        0.8436146,
        0.361442655
      ],
      [
        -0.905833542,
        0.2968954,
        0.302189946
      ]
    ],
    "translation": [
      1.74516439,
      0.6990389,
      -0.7948786
    ]
  },
  {
    "timeStamp": 66913,
    "rotation": [
      [
        0.134657875,
        -0.4361722,
        0.8897309
      ],
      [
        0.41663757,
        0.8396025,
        0.348541021
      ],
      [
        -0.899044156,
        0.323761523,
        0.294784784
      ]
    ],
    "translation": [
      1.74519014,
      0.699506164,
      -0.794647038
    ]
  },
  {
    "timeStamp": 66968,
    "rotation": [
      [
        0.115856096,
        -0.3620028,
        0.9249494
      ],
      [
        0.369801462,
        0.879994452,
        0.2980884
      ],
      [
        -0.921859145,
        0.307512283,
        0.235821888
      ]
    ],
    "translation": [
      1.7418201,
      0.7109208,
      -0.78777194
    ]
  },
  {
    "timeStamp": 67013,
    "rotation": [
      [
        0.106805742,
        -0.329880416,
        0.93796134
      ],
      [
        0.355045557,
        0.893816233,
        0.273925543
      ],
      [
        -0.928727746,
        0.303762168,
        0.212587282
      ]
    ],
    "translation": [
      1.74623883,
      0.729742646,
      -0.78651154
    ]
  },
  {
    "timeStamp": 67069,
    "rotation": [
      [
        0.07835532,
        -0.268334836,
        0.960133731
      ],
      [
        0.323778659,
        0.917735636,
        0.2300624
      ],
      [
        -0.942882657,
        0.292844176,
        0.158790573
      ]
    ],
    "translation": [
      1.75762331,
      0.7643463,
      -0.782761335
    ]
  },
  {
    "timeStamp": 67113,
    "rotation": [
      [
        0.03863964,
        -0.206880748,
        0.977602839
      ],
      [
        0.2978825,
        0.9362364,
        0.186353
      ],
      [
        -0.953820169,
        0.284010172,
        0.097802
      ]
    ],
    "translation": [
      1.77416086,
      0.796425462,
      -0.779430151
    ]
  },
  {
    "timeStamp": 67169,
    "rotation": [
      [
        -0.028565811,
        -0.135804057,
        0.990323842
      ],
      [
        0.251072049,
        0.9579924,
        0.138612568
      ],
      [
        -0.9675469,
        0.25260222,
        0.00673077535
      ]
    ],
    "translation": [
      1.80315149,
      0.8404944,
      -0.7737115
    ]
  },
  {
    "timeStamp": 67213,
    "rotation": [
      [
        -0.0919029862,
        -0.0917851,
        0.9915288
      ],
      [
        0.215021849,
        0.9704216,
        0.1097612
      ],
      [
        -0.972275436,
        0.223287731,
        -0.06944884
      ]
    ],
    "translation": [
      1.832766,
      0.8737223,
      -0.7717589
    ]
  },
  {
    "timeStamp": 67268,
    "rotation": [
      [
        -0.188853279,
        -0.04231579,
        0.981093168
      ],
      [
        0.179438263,
        0.980763555,
        0.07684213
      ],
      [
        -0.965472043,
        0.190557539,
        -0.17762734
      ]
    ],
    "translation": [
      1.87639832,
      0.911879063,
      -0.770361
    ]
  },
  {
    "timeStamp": 67313,
    "rotation": [
      [
        -0.2595034,
        -0.0356178433,
        0.965085149
      ],
      [
        0.1420438,
        0.98704356,
        0.074622646
      ],
      [
        -0.955239058,
        0.1564492,
        -0.251081854
      ]
    ],
    "translation": [
      1.91429293,
      0.93678546,
      -0.771588862
    ]
  },
  {
    "timeStamp": 67367,
    "rotation": [
      [
        -0.357463866,
        -0.028700212,
        0.9334859
      ],
      [
        0.118056118,
        0.9901212,
        0.0756492242
      ],
      [
        -0.9264353,
        0.137245581,
        -0.3505443
      ]
    ],
    "translation": [
      1.96439266,
      0.9585251,
      -0.7755146
    ]
  },
  {
    "timeStamp": 67412,
    "rotation": [
      [
        -0.435309023,
        -0.0534119233,
        0.89869523
      ],
      [
        0.100615807,
        0.98909837,
        0.107521005
      ],
      [
        -0.894641,
        0.137227818,
        -0.425189376
      ]
    ],
    "translation": [
      2.00651717,
      0.96698904,
      -0.7801162
    ]
  },
  {
    "timeStamp": 67467,
    "rotation": [
      [
        -0.53519,
        -0.101021968,
        0.83866936
      ],
      [
        0.0531513169,
        0.986828864,
        0.1527866
      ],
      [
        -0.84305793,
        0.126346231,
        -0.5227714
      ]
    ],
    "translation": [
      2.061343,
      0.9746849,
      -0.7866907
    ]
  },
  {
    "timeStamp": 67512,
    "rotation": [
      [
        -0.605111063,
        -0.0603375,
        0.7938514
      ],
      [
        0.0738485,
        0.988571167,
        0.1314282
      ],
      [
        -0.7927087,
        0.138153389,
        -0.5937395
      ]
    ],
    "translation": [
      2.09931016,
      0.975770235,
      -0.7931758
    ]
  },
  {
    "timeStamp": 67567,
    "rotation": [
      [
        -0.688495338,
        -0.04160515,
        0.7240464
      ],
      [
        0.08048339,
        0.98780334,
        0.133292764
      ],
      [
        -0.7207611,
        0.150045156,
        -0.676749468
      ]
    ],
    "translation": [
      2.14392948,
      0.973245,
      -0.79990387
    ]
  },
  {
    "timeStamp": 67613,
    "rotation": [
      [
        -0.7235162,
        -0.0186950415,
        0.6900541
      ],
      [
        0.0922808051,
        0.9880415,
        0.123523854
      ],
      [
        -0.6841114,
        0.153050274,
        -0.713138938
      ]
    ],
    "translation": [
      2.16997814,
      0.9699087,
      -0.802985847
    ]
  },
  {
    "timeStamp": 67663,
    "rotation": [
      [
        -0.7592511,
        -0.004829146,
        0.650779843
      ],
      [
        0.1001296,
        0.9871991,
        0.124144651
      ],
      [
        -0.6430488,
        0.159419283,
        -0.749048531
      ]
    ],
    "translation": [
      2.19554257,
      0.962951839,
      -0.8059267
    ]
  },
  {
    "timeStamp": 67719,
    "rotation": [
      [
        -0.772339165,
        0.0395207554,
        0.6339797
      ],
      [
        0.13379772,
        0.985792339,
        0.101545781
      ],
      [
        -0.620959163,
        0.163252816,
        -0.766653836
      ]
    ],
    "translation": [
      2.21107244,
      0.9555186,
      -0.80655
    ]
  },
  {
    "timeStamp": 67763,
    "rotation": [
      [
        -0.776052654,
        0.0759222656,
        0.6260816
      ],
      [
        0.166393712,
        0.982201159,
        0.08714415
      ],
      [
        -0.608321846,
        0.171804488,
        -0.7748728
      ]
    ],
    "translation": [
      2.21905375,
      0.9468126,
      -0.806129
    ]
  },
  {
    "timeStamp": 67818,
    "rotation": [
      [
        -0.7812355,
        0.09691874,
        0.616666734
      ],
      [
        0.193992153,
        0.97665447,
        0.0922661
      ],
      [
        -0.593328,
        0.191710055,
        -0.781798661
      ]
    ],
    "translation": [
      2.22901082,
      0.9345979,
      -0.806232452
    ]
  },
  {
    "timeStamp": 67863,
    "rotation": [
      [
        -0.7783028,
        0.146428213,
        0.610576451
      ],
      [
        0.22915265,
        0.9715951,
        0.05909366
      ],
      [
        -0.5845801,
        0.185907975,
        -0.789749563
      ]
    ],
    "translation": [
      2.23219061,
      0.9261822,
      -0.8042635
    ]
  },
  {
    "timeStamp": 67918,
    "rotation": [
      [
        -0.771221,
        0.131847516,
        0.622763455
      ],
      [
        0.215588287,
        0.9745993,
        0.0606453642
      ],
      [
        -0.5989489,
        0.18103148,
        -0.780056238
      ]
    ],
    "translation": [
      2.2360847,
      0.919045031,
      -0.8003307
    ]
  },
  {
    "timeStamp": 67963,
    "rotation": [
      [
        -0.770578444,
        0.08823577,
        0.6312078
      ],
      [
        0.197960526,
        0.9745222,
        0.105442911
      ],
      [
        -0.6058222,
        0.206206262,
        -0.768412948
      ]
    ],
    "translation": [
      2.240105,
      0.9113836,
      -0.7984547
    ]
  },
  {
    "timeStamp": 68019,
    "rotation": [
      [
        -0.7602121,
        0.120804392,
        0.6383445
      ],
      [
        0.23531799,
        0.9670424,
        0.09723374
      ],
      [
        -0.60556,
        0.22413224,
        -0.763584852
      ]
    ],
    "translation": [
      2.240633,
      0.901594341,
      -0.7957416
    ]
  },
  {
    "timeStamp": 68065,
    "rotation": [
      [
        -0.761340141,
        0.08799253,
        0.642353833
      ],
      [
        0.218315482,
        0.9676841,
        0.126197368
      ],
      [
        -0.610491157,
        0.2363149,
        -0.755946934
      ]
    ],
    "translation": [
      2.243042,
      0.896710038,
      -0.7933572
    ]
  },
  {
    "timeStamp": 68110,
    "rotation": [
      [
        -0.7617494,
        0.08439384,
        0.642351568
      ],
      [
        0.22282806,
        0.9651197,
        0.137446523
      ],
      [
        -0.6083465,
        0.247833759,
        -0.7539847
      ]
    ],
    "translation": [
      2.24516869,
      0.8912781,
      -0.7919425
    ]
  },
  {
    "timeStamp": 68167,
    "rotation": [
      [
        -0.763933957,
        0.06454852,
        0.642057955
      ],
      [
        0.217638448,
        0.962459147,
        0.162191108
      ],
      [
        -0.607485354,
        0.263639778,
        -0.7493034
      ]
    ],
    "translation": [
      2.2476294,
      0.8841184,
      -0.7900952
    ]
  },
  {
    "timeStamp": 68212,
    "rotation": [
      [
        -0.767069936,
        0.0602055043,
        0.6387323
      ],
      [
        0.222576484,
        0.95872587,
        0.1769304
      ],
      [
        -0.601717,
        0.277884781,
        -0.7488102
      ]
    ],
    "translation": [
      2.250572,
      0.8766606,
      -0.7902845
    ]
  },
  {
    "timeStamp": 68268,
    "rotation": [
      [
        -0.7696852,
        0.0699895248,
        0.634575546
      ],
      [
        0.236933082,
        0.954302251,
        0.18212603
      ],
      [
        -0.59283,
        0.290531665,
        -0.7510952
      ]
    ],
    "translation": [
      2.25295687,
      0.8679637,
      -0.7907837
    ]
  },
  {
    "timeStamp": 68312,
    "rotation": [
      [
        -0.7690788,
        0.07751933,
        0.6344356
      ],
      [
        0.250599623,
        0.949712038,
        0.1877414
      ],
      [
        -0.5879775,
        0.303377241,
        -0.7498297
      ]
    ],
    "translation": [
      2.25363135,
      0.861225843,
      -0.7918485
    ]
  },
  {
    "timeStamp": 68368,
    "rotation": [
      [
        -0.7698931,
        0.07426483,
        0.633837
      ],
      [
        0.249960333,
        0.948941648,
        0.192430779
      ],
      [
        -0.5871835,
        0.306585222,
        -0.7491469
      ]
    ],
    "translation": [
      2.25394988,
      0.856316745,
      -0.7922198
    ]
  },
  {
    "timeStamp": 68412,
    "rotation": [
      [
        -0.7682547,
        0.08885913,
        0.633946955
      ],
      [
        0.261115879,
        0.9476864,
        0.1836004
      ],
      [
        -0.5844683,
        0.3065855,
        -0.751267
      ]
    ],
    "translation": [
      2.25333858,
      0.8536253,
      -0.7911545
    ]
  },
  {
    "timeStamp": 68468,
    "rotation": [
      [
        -0.7684141,
        0.08646463,
        0.63408494
      ],
      [
        0.2617838,
        0.9466068,
        0.188161492
      ],
      [
        -0.5839598,
        0.310579121,
        -0.75002104
      ]
    ],
    "translation": [
      2.25378036,
      0.850866437,
      -0.7908079
    ]
  },
  {
    "timeStamp": 68512,
    "rotation": [
      [
        -0.762654,
        0.09273709,
        0.640124
      ],
      [
        0.267392,
        0.9463448,
        0.18147473
      ],
      [
        -0.588948548,
        0.309566468,
        -0.746530831
      ]
    ],
    "translation": [
      2.25157142,
      0.8509439,
      -0.7891704
    ]
  }
]