[
  {
    "timeStamp": 0,
    "rotation": [
      [
        0.8679007,
        -0.08472137,
        -0.489459544
      ],
      [
        0.0808966458,
        0.9963003,
        -0.0290068388
      ],
      [
        0.4901062,
        -0.0144205811,
        0.8715434
      ]
    ],
    "translation": [
      1.66062915,
      1.53724408,
      -0.997720838
    ]
  },
  {
    "timeStamp": 13,
    "rotation": [
      [
        0.867156565,
        -0.08468206,
        -0.490783423
      ],
      [
        0.08115855,
        0.9962934,
        -0.02850751
      ],
      [
        0.491378367,
        -0.0151107963,
        0.870815039
      ]
    ],
    "translation": [
      1.66058755,
      1.536829,
      -0.9976388
    ]
  },
  {
    "timeStamp": 45,
    "rotation": [
      [
        0.9252061,
        -0.08971281,
        -0.368707567
      ],
      [
        0.0907987,
        0.9957645,
        -0.0144432317
      ],
      [
        0.368441671,
        -0.0201152,
        0.9294332
      ]
    ],
    "translation": [
      1.67150414,
      1.53596163,
      -0.986612439
    ]
  },
  {
    "timeStamp": 94,
    "rotation": [
      [
        0.937173665,
        -0.09711477,
        -0.3350733
      ],
      [
        0.0983793,
        0.995060861,
        -0.0132407332
      ],
      [
        0.33470422,
        -0.02055541,
        0.942099
      ]
    ],
    "translation": [
      1.673458,
      1.53105927,
      -0.9809823
    ]
  },
  {
    "timeStamp": 150,
    "rotation": [
      [
        0.930061936,
        -0.100800723,
        -0.353304446
      ],
      [
        0.09985526,
        0.994781256,
        -0.020953862
      ],
      [
        0.353572845,
        -0.01579092,
        0.9352737
      ]
    ],
    "translation": [
      1.67022836,
      1.52585793,
      -0.977327347
    ]
  },
  {
    "timeStamp": 194,
    "rotation": [
      [
        0.9144799,
        -0.09957369,
        -0.392188281
      ],
      [
        0.09554748,
        0.994977951,
        -0.0298259147
      ],
      [
        0.393188566,
        -0.0101974029,
        0.919401348
      ]
    ],
    "translation": [
      1.6649127,
      1.52357554,
      -0.97578454
    ]
  },
  {
    "timeStamp": 249,
    "rotation": [
      [
        0.884337366,
        -0.0972593352,
        -0.456605
      ],
      [
        0.090002805,
        0.995228648,
        -0.037674658
      ],
      [
        0.4580906,
        -0.00777862174,
        0.8888715
      ]
    ],
    "translation": [
      1.65648079,
      1.52537322,
      -0.9752264
    ]
  },
  {
    "timeStamp": 368,
    "rotation": [
      [
        0.8823767,
        -0.09643446,
        -0.46055603
      ],
      [
        0.0898557156,
        0.995295,
        -0.03624782
      ],
      [
        0.461884618,
        -0.009399357,
        0.8868903
      ]
    ],
    "translation": [
      1.65620494,
      1.52627289,
      -0.9757941
    ]
  },
  {
    "timeStamp": 370,
    "rotation": [
      [
        0.8750871,
        -0.09558671,
        -0.4744321
      ],
      [
        0.08882858,
        0.9953706,
        -0.0366995856
      ],
      [
        0.475743771,
        -0.0100277951,
        0.8795268
      ]
    ],
    "translation": [
      1.65445459,
      1.52703619,
      -0.9758619
    ]
  },
  {
    "timeStamp": 416,
    "rotation": [
      [
        0.7360209,
        -0.08447569,
        -0.671667337
      ],
      [
        0.09025969,
        0.9955708,
        -0.0263054334
      ],
      [
        0.670914531,
        -0.04126314,
        0.7403857
      ]
    ],
    "translation": [
      1.62766063,
      1.53553677,
      -0.9804423
    ]
  },
  {
    "timeStamp": 460,
    "rotation": [
      [
        0.69279027,
        -0.08751976,
        -0.7158086
      ],
      [
        0.09340914,
        0.995136738,
        -0.0312669836
      ],
      [
        0.7150639,
        -0.045201607,
        0.6975962
      ]
    ],
    "translation": [
      1.62110794,
      1.5337255,
      -0.9815048
    ]
  },
  {
    "timeStamp": 516,
    "rotation": [
      [
        0.6503306,
        -0.0956102,
        -0.7536105
      ],
      [
        0.09294194,
        0.994609237,
        -0.0459810421
      ],
      [
        0.7539442,
        -0.04013914,
        0.655711055
      ]
    ],
    "translation": [
      1.61551666,
      1.52737951,
      -0.981812835
    ]
  },
  {
    "timeStamp": 560,
    "rotation": [
      [
        0.628088057,
        -0.09713502,
        -0.7720558
      ],
      [
        0.09137923,
        0.994520366,
        -0.05078461
      ],
      [
        0.7727582,
        -0.0386526659,
        0.633522451
      ]
    ],
    "translation": [
      1.61269379,
      1.52272761,
      -0.980589867
    ]
  },
  {
    "timeStamp": 616,
    "rotation": [
      [
        0.616672337,
        -0.09973461,
        -0.780876637
      ],
      [
        0.0818214044,
        0.994689941,
        -0.0624273047
      ],
      [
        0.7829563,
        -0.0253952332,
        0.6215581
      ]
    ],
    "translation": [
      1.61122477,
      1.51978123,
      -0.979545951
    ]
  },
  {
    "timeStamp": 660,
    "rotation": [
      [
        0.6159151,
        -0.0989977643,
        -0.781567633
      ],
      [
        0.0741295,
        0.994954169,
        -0.0676086843
      ],
      [
        0.784317136,
        -0.0162960123,
        0.620146
      ]
    ],
    "translation": [
      1.6104244,
      1.52226639,
      -0.9788736
    ]
  },
  {
    "timeStamp": 716,
    "rotation": [
      [
        0.61693424,
        -0.0909421,
        -0.7817427
      ],
      [
        0.06687303,
        0.9957664,
        -0.06306528
      ],
      [
        0.7841684,
        -0.0133703751,
        0.620403945
      ]
    ],
    "translation": [
      1.609632,
      1.52872884,
      -0.9799073
    ]
  },
  {
    "timeStamp": 761,
    "rotation": [
      [
        0.616589844,
        -0.08418325,
        -0.7827708
      ],
      [
        0.07153055,
        0.996144652,
        -0.05078586
      ],
      [
        0.7840283,
        -0.0246779844,
        0.6202344
      ]
    ],
    "translation": [
      1.60879767,
      1.53335071,
      -0.9813838
    ]
  },
  {
    "timeStamp": 818,
    "rotation": [
      [
        0.607361555,
        -0.0818028,
        -0.7902027
      ],
      [
        0.08611747,
        0.9956023,
        -0.0368748754
      ],
      [
        0.789744,
        -0.04565387,
        0.6117352
      ]
    ],
    "translation": [
      1.60571265,
      1.53525734,
      -0.9834906
    ]
  },
  {
    "timeStamp": 863,
    "rotation": [
      [
        0.5914178,
        -0.0891031846,
        -0.801427245
      ],
      [
        0.09640313,
        0.9945609,
        -0.03943467
      ],
      [
        0.800581932,
        -0.0539377257,
        0.59679085
      ]
    ],
    "translation": [
      1.60159743,
      1.53296828,
      -0.9854578
    ]
  },
  {
    "timeStamp": 909,
    "rotation": [
      [
        0.568105459,
        -0.103175029,
        -0.8164625
      ],
      [
        0.0994034,
        0.993449032,
        -0.05637431
      ],
      [
        0.816930354,
        -0.0491326,
        0.574639738
      ]
    ],
    "translation": [
      1.596479,
      1.52739334,
      -0.9876499
    ]
  },
  {
    "timeStamp": 965,
    "rotation": [
      [
        0.540724933,
        -0.127033457,
        -0.8315522
      ],
      [
        0.0923544541,
        0.9915209,
        -0.091416955
      ],
      [
        0.836114347,
        -0.02736612,
        0.5478722
      ]
    ],
    "translation": [
      1.59030867,
      1.51864731,
      -0.9887823
    ]
  },
  {
    "timeStamp": 1010,
    "rotation": [
      [
        0.5407748,
        -0.1569353,
        -0.826398134
      ],
      [
        0.08028566,
        0.9875864,
        -0.135008425
      ],
      [
        0.8373272,
        0.0066612293,
        0.5466615
      ]
    ],
    "translation": [
      1.58884835,
      1.51155281,
      -0.987262964
    ]
  },
  {
    "timeStamp": 1065,
    "rotation": [
      [
        0.5678602,
        -0.196846,
        -0.7992412
      ],
      [
        0.0640761554,
        0.9786089,
        -0.195496589
      ],
      [
        0.8206273,
        0.05980243,
        0.5683262
      ]
    ],
    "translation": [
      1.59057951,
      1.50601721,
      -0.98256433
    ]
  },
  {
    "timeStamp": 1110,
    "rotation": [
      [
        0.5945963,
        -0.227428049,
        -0.7711885
      ],
      [
        0.0487050749,
        0.9675874,
        -0.24779503
      ],
      [
        0.8025478,
        0.10977722,
        0.5864008
      ]
    ],
    "translation": [
      1.59251761,
      1.50256419,
      -0.978082657
    ]
  },
  {
    "timeStamp": 1165,
    "rotation": [
      [
        0.6248756,
        -0.280093044,
        -0.728751242
      ],
      [
        0.02148977,
        0.939246655,
        -0.342569619
      ],
      [
        0.780428469,
        0.198402688,
        0.592931449
      ]
    ],
    "translation": [
      1.59585261,
      1.49288058,
      -0.9726907
    ]
  },
  {
    "timeStamp": 1210,
    "rotation": [
      [
        0.6532879,
        -0.315987766,
        -0.6880165
      ],
      [
        0.00127355743,
        0.9091983,
        -0.416361421
      ],
      [
        0.7571085,
        0.271127641,
        0.594370663
      ]
    ],
    "translation": [
      1.598747,
      1.48213029,
      -0.9681709
    ]
  },
  {
    "timeStamp": 1265,
    "rotation": [
      [
        0.6955069,
        -0.33722645,
        -0.6344671
      ],
      [
        -0.0152326925,
        0.8759014,
        -0.482249677
      ],
      [
        0.718358,
        0.345072627,
        0.604058564
      ]
    ],
    "translation": [
      1.60350657,
      1.46792531,
      -0.960899234
    ]
  },
  {
    "timeStamp": 1310,
    "rotation": [
      [
        0.7381716,
        -0.34110117,
        -0.5820247
      ],
      [
        -0.01744405,
        0.8528137,
        -0.5219237
      ],
      [
        0.674387455,
        0.395422131,
        0.6235727
      ]
    ],
    "translation": [
      1.6091218,
      1.45706093,
      -0.954735756
    ]
  },
  {
    "timeStamp": 1365,
    "rotation": [
      [
        0.7907489,
        -0.341765344,
        -0.507850945
      ],
      [
        -0.005083569,
        0.8259362,
        -0.5637406
      ],
      [
        0.612119555,
        0.448358953,
        0.651370764
      ]
    ],
    "translation": [
      1.61737573,
      1.44421148,
      -0.9473623
    ]
  },
  {
    "timeStamp": 1409,
    "rotation": [
      [
        0.823798954,
        -0.35522,
        -0.441785067
      ],
      [
        0.0224278551,
        0.799137354,
        -0.600729942
      ],
      [
        0.566438258,
        0.484972417,
        0.66629535
      ]
    ],
    "translation": [
      1.62409329,
      1.43580055,
      -0.942899466
    ]
  },
  {
    "timeStamp": 1465,
    "rotation": [
      [
        0.848047256,
        -0.3801654,
        -0.369174868
      ],
      [
        0.06506375,
        0.766087949,
        -0.6394341
      ],
      [
        0.525911152,
        0.518250465,
        0.6744138
      ]
    ],
    "translation": [
      1.63167214,
      1.42920136,
      -0.9376762
    ]
  },
  {
    "timeStamp": 1510,
    "rotation": [
      [
        0.8649135,
        -0.385347247,
        -0.321608573
      ],
      [
        0.08468362,
        0.7436048,
        -0.663234949
      ],
      [
        0.494725466,
        0.5464059,
        0.675786436
      ]
    ],
    "translation": [
      1.63774848,
      1.42626011,
      -0.9331374
    ]
  },
  {
    "timeStamp": 1565,
    "rotation": [
      [
        0.8938662,
        -0.367705852,
        -0.256506473
      ],
      [
        0.09328531,
        0.7121509,
        -0.69580096
      ],
      [
        0.4385214,
        0.598024666,
        0.6708692
      ]
    ],
    "translation": [
      1.64654517,
      1.42248583,
      -0.9273695
    ]
  },
  {
    "timeStamp": 1610,
    "rotation": [
      [
        0.9144277,
        -0.3421024,
        -0.216305077
      ],
      [
        0.08952212,
        0.692129552,
        -0.7162
      ],
      [
        0.394724876,
        0.635549,
        0.6635282
      ]
    ],
    "translation": [
      1.65302086,
      1.41941381,
      -0.9225218
    ]
  },
  {
    "timeStamp": 1665,
    "rotation": [
      [
        0.9315169,
        -0.315906316,
        -0.180220634
      ],
      [
        0.0879818648,
        0.6765364,
        -0.731134534
      ],
      [
        0.352895826,
        0.665208042,
        0.657999158
      ]
    ],
    "translation": [
      1.66066957,
      1.41415739,
      -0.915909052
    ]
  },
  {
    "timeStamp": 1709,
    "rotation": [
      [
        0.941975057,
        -0.2965784,
        -0.157239541
      ],
      [
        0.08545719,
        0.6648535,
        -0.742069364
      ],
      [
        0.324623,
        0.6855736,
        0.65162015
      ]
    ],
    "translation": [
      1.66670954,
      1.40861428,
      -0.911310434
    ]
  },
  {
    "timeStamp": 1765,
    "rotation": [
      [
        0.9539626,
        -0.27101025,
        -0.128486544
      ],
      [
        0.08266127,
        0.6493736,
        -0.7559636
      ],
      [
        0.288309664,
        0.7105402,
        0.6418802
      ]
    ],
    "translation": [
      1.67469478,
      1.40194082,
      -0.9068445
    ]
  },
  {
    "timeStamp": 1810,
    "rotation": [
      [
        0.9637789,
        -0.246738583,
        -0.101243854
      ],
      [
        0.08293588,
        0.6380622,
        -0.765505254
      ],
      [
        0.25347957,
        0.7293811,
        0.635414362
      ]
    ],
    "translation": [
      1.68175435,
      1.39879584,
      -0.9036989
    ]
  },
  {
    "timeStamp": 1865,
    "rotation": [
      [
        0.9742218,
        -0.217318624,
        -0.0605340935
      ],
      [
        0.0915579,
        0.626133859,
        -0.7743213
      ],
      [
        0.206176892,
        0.7488184,
        0.629890561
      ]
    ],
    "translation": [
      1.69104838,
      1.397471,
      -0.900718451
    ]
  },
  {
    "timeStamp": 1910,
    "rotation": [
      [
        0.9801309,
        -0.196320683,
        -0.0283127427
      ],
      [
        0.102259643,
        0.6224377,
        -0.7759602
      ],
      [
        0.169959962,
        0.757647336,
        0.6301461
      ]
    ],
    "translation": [
      1.69911408,
      1.39782286,
      -0.89861834
    ]
  },
  {
    "timeStamp": 1965,
    "rotation": [
      [
        0.9864902,
        -0.1635257,
        0.009819017
      ],
      [
        0.110707514,
        0.6212783,
        -0.7757301
      ],
      [
        0.120751463,
        0.766337156,
        0.6309885
      ]
    ],
    "translation": [
      1.70919621,
      1.39765692,
      -0.8965533
    ]
  },
  {
    "timeStamp": 2010,
    "rotation": [
      [
        0.9901477,
        -0.1355288,
        0.03520685
      ],
      [
        0.112484053,
        0.62009275,
        -0.776422739
      ],
      [
        0.08339612,
        0.7727334,
        0.629228234
      ]
    ],
    "translation": [
      1.71730542,
      1.3962847,
      -0.895926237
    ]
  },
  {
    "timeStamp": 2065,
    "rotation": [
      [
        0.9932791,
        -0.0970369354,
        0.06309073
      ],
      [
        0.109666817,
        0.614721,
        -0.7810834
      ],
      [
        0.0370107479,
        0.7827528,
        0.621231258
      ]
    ],
    "translation": [
      1.72825634,
      1.39273572,
      -0.896080256
    ]
  },
  {
    "timeStamp": 2109,
    "rotation": [
      [
        0.9941111,
        -0.04993246,
        0.0961761
      ],
      [
        0.106615588,
        0.609522,
        -0.785567343
      ],
      [
        -0.0193961412,
        0.7911951,
        0.6112561
      ]
    ],
    "translation": [
      1.74005485,
      1.38925672,
      -0.897161961
    ]
  },
  {
    "timeStamp": 2165,
    "rotation": [
      [
        0.9805118,
        0.0308437962,
        0.194023982
      ],
      [
        0.136637285,
        0.602556467,
        -0.7862925
      ],
      [
        -0.141162664,
        0.79748,
        0.58659935
      ]
    ],
    "translation": [
      1.76002455,
      1.3860774,
      -0.8998041
    ]
  },
  {
    "timeStamp": 2209,
    "rotation": [
      [
        0.9549999,
        0.0939025953,
        0.2813494
      ],
      [
        0.172493562,
        0.595830142,
        -0.7843675
      ],
      [
        -0.241290614,
        0.7976019,
        0.552820146
      ]
    ],
    "translation": [
      1.77659321,
      1.38581276,
      -0.904155731
    ]
  },
  {
    "timeStamp": 2265,
    "rotation": [
      [
        0.916531,
        0.153724566,
        0.369241953
      ],
      [
        0.211909279,
        0.5963273,
        -0.774266243
      ],
      [
        -0.3392128,
        0.787884831,
        0.5139768
      ]
    ],
    "translation": [
      1.79512167,
      1.386646,
      -0.909096
    ]
  },
  {
    "timeStamp": 2310,
    "rotation": [
      [
        0.890741348,
        0.1882456,
        0.413694859
      ],
      [
        0.229056686,
        0.600239038,
        -0.7663199
      ],
      [
        -0.392572165,
        0.7773524,
        0.4915388
      ]
    ],
    "translation": [
      1.80740047,
      1.38709652,
      -0.9114922
    ]
  },
  {
    "timeStamp": 2365,
    "rotation": [
      [
        0.869205,
        0.224014089,
        0.440795183
      ],
      [
        0.2327468,
        0.6011737,
        -0.7644731
      ],
      [
        -0.43624723,
        0.7670775,
        0.470404625
      ]
    ],
    "translation": [
      1.81979966,
      1.385328,
      -0.913327456
    ]
  },
  {
    "timeStamp": 2409,
    "rotation": [
      [
        0.8616921,
        0.2433892,
        0.445251048
      ],
      [
        0.2263285,
        0.600996137,
        -0.7665371
      ],
      [
        -0.454161018,
        0.7612919,
        0.462787658
      ]
    ],
    "translation": [
      1.82763016,
      1.38270092,
      -0.9137255
    ]
  },
  {
    "timeStamp": 2465,
    "rotation": [
      [
        0.8678296,
        0.249951884,
        0.429413348
      ],
      [
        0.200866863,
        0.6139847,
        -0.7633317
      ],
      [
        -0.454449445,
        0.7486968,
        0.482627034
      ]
    ],
    "translation": [
      1.83344126,
      1.37855053,
      -0.910420656
    ]
  },
  {
    "timeStamp": 2509,
    "rotation": [
      [
        0.8948346,
        0.246782184,
        0.3719807
      ],
      [
        0.147428244,
        0.6231596,
        -0.7680736
      ],
      [
        -0.4213502,
        0.7421393,
        0.5212421
      ]
    ],
    "translation": [
      1.83269358,
      1.37500072,
      -0.904239058
    ]
  },
  {
    "timeStamp": 2565,
    "rotation": [
      [
        0.9353237,
        0.228874728,
        0.269788623
      ],
      [
        0.07714245,
        0.6122791,
        -0.7868693
      ],
      [
        -0.345280468,
        0.7567896,
        0.555023253
      ]
    ],
    "translation": [
      1.82813692,
      1.37282419,
      -0.8943373
    ]
  },
  {
    "timeStamp": 2609,
    "rotation": [
      [
        0.955957651,
        0.209104121,
        0.20596239
      ],
      [
        0.03781762,
        0.608131349,
        -0.792935133
      ],
      [
        -0.291058183,
        0.76580137,
        0.573439956
      ]
    ],
    "translation": [
      1.82441258,
      1.37231374,
      -0.8847339
    ]
  },
  {
    "timeStamp": 2665,
    "rotation": [
      [
        0.972279966,
        0.185129508,
        0.142823756
      ],
      [
        0.00316294981,
        0.6003597,
        -0.799723864
      ],
      [
        -0.233798116,
        0.778007269,
        0.583132148
      ]
    ],
    "translation": [
      1.81950116,
      1.37081385,
      -0.872506261
    ]
  },
  {
    "timeStamp": 2709,
    "rotation": [
      [
        0.981904,
        0.165980682,
        0.09118603
      ],
      [
        -0.02357578,
        0.5848883,
        -0.810771167
      ],
      [
        -0.187905982,
        0.793949664,
        0.5782173
      ]
    ],
    "translation": [
      1.81548035,
      1.36710322,
      -0.8634547
    ]
  },
  {
    "timeStamp": 2765,
    "rotation": [
      [
        0.98940146,
        0.1414426,
        0.03284289
      ],
      [
        -0.052675128,
        0.5603912,
        -0.8265513
      ],
      [
        -0.135314435,
        0.8160611,
        0.5619024
      ]
    ],
    "translation": [
      1.81102288,
      1.36048651,
      -0.8527876
    ]
  },
  {
    "timeStamp": 2809,
    "rotation": [
      [
        0.9922871,
        0.123922013,
        -0.00311986636
      ],
      [
        -0.07044201,
        0.5429871,
        -0.8367813
      ],
      [
        -0.102001578,
        0.830547035,
        0.5475284
      ]
    ],
    "translation": [
      1.80839145,
      1.35481,
      -0.844427466
    ]
  },
  {
    "timeStamp": 2865,
    "rotation": [
      [
        0.9944349,
        0.10113,
        -0.0295303185
      ],
      [
        -0.07885744,
        0.528627038,
        -0.8451834
      ],
      [
        -0.06986287,
        0.8428085,
        0.53366
      ]
    ],
    "translation": [
      1.80666709,
      1.34831119,
      -0.8340566
    ]
  },
  {
    "timeStamp": 2909,
    "rotation": [
      [
        0.995427251,
        0.0886864439,
        -0.0354868844
      ],
      [
        -0.07669172,
        0.520519555,
        -0.8503986
      ],
      [
        -0.0569472052,
        0.8492315,
        0.524940848
      ]
    ],
    "translation": [
      1.80601406,
      1.3435533,
      -0.8262794
    ]
  },
  {
    "timeStamp": 2965,
    "rotation": [
      [
        0.996853232,
        0.0726995245,
        -0.031598337
      ],
      [
        -0.064523004,
        0.512594461,
        -0.8562031
      ],
      [
        -0.04604843,
        0.8555476,
        0.5156722
      ]
    ],
    "translation": [
      1.80565238,
      1.33802283,
      -0.8174033
    ]
  },
  {
    "timeStamp": 3009,
    "rotation": [
      [
        0.9978421,
        0.060675174,
        -0.02509282
      ],
      [
        -0.05243367,
        0.5063379,
        -0.8607396
      ],
      [
        -0.0395200774,
        0.8601979,
        0.5084267
      ]
    ],
    "translation": [
      1.80522156,
      1.33384109,
      -0.8115958
    ]
  },
  {
    "timeStamp": 3065,
    "rotation": [
      [
        0.998726964,
        0.0477853,
        -0.0161571857
      ],
      [
        -0.03779608,
        0.496781081,
        -0.8670525
      ],
      [
        -0.0334057771,
        0.8665594,
        0.497954726
      ]
    ],
    "translation": [
      1.8049624,
      1.32885313,
      -0.806139231
    ]
  },
  {
    "timeStamp": 3109,
    "rotation": [
      [
        0.999104261,
        0.04147559,
        -0.008391278
      ],
      [
        -0.0276549142,
        0.489888966,
        -0.8713461
      ],
      [
        -0.0320288,
        0.870797634,
        0.490597159
      ]
    ],
    "translation": [
      1.80506349,
      1.32596326,
      -0.802646637
    ]
  },
  {
    "timeStamp": 3165,
    "rotation": [
      [
        0.999350846,
        0.0360223055,
        0.0005255163
      ],
      [
        -0.0171015356,
        0.487178177,
        -0.873135149
      ],
      [
        -0.03170836,
        0.872559369,
        0.487477928
      ]
    ],
    "translation": [
      1.80588055,
      1.32306719,
      -0.7989415
    ]
  },
  {
    "timeStamp": 3209,
    "rotation": [
      [
        0.999463141,
        0.0320086,
        0.00699294033
      ],
      [
        -0.009480708,
        0.4868529,
        -0.8734325
      ],
      [
        -0.0313618854,
        0.8728973,
        0.486895
      ]
    ],
    "translation": [
      1.80703688,
      1.32141232,
      -0.79687655
    ]
  },
  {
    "timeStamp": 3268,
    "rotation": [
      [
        0.999530554,
        0.0275770668,
        0.0133466208
      ],
      [
        -0.00183861319,
        0.488845378,
        -0.8723685
      ],
      [
        -0.0305817984,
        0.8719345,
        0.4886666
      ]
    ],
    "translation": [
      1.80857158,
      1.32037544,
      -0.7948493
    ]
  },
  {
    "timeStamp": 3319,
    "rotation": [
      [
        0.9995804,
        0.0243114643,
        0.01574662
      ],
      [
        0.00170835841,
        0.493204564,
        -0.8699117
      ],
      [
        -0.0289151315,
        0.869573534,
        0.4929561
      ]
    ],
    "translation": [
      1.80990958,
      1.31994534,
      -0.79307723
    ]
  },
  {
    "timeStamp": 3363,
    "rotation": [
      [
        0.999667645,
        0.0190267246,
        0.0173945036
      ],
      [
        0.00560027175,
        0.4983473,
        -0.8669594
      ],
      [
        -0.025163902,
        0.866768658,
        0.498075128
      ]
    ],
    "translation": [
      1.81182587,
      1.31960011,
      -0.791545868
    ]
  },
  {
    "timeStamp": 3419,
    "rotation": [
      [
        0.999716341,
        0.0161355361,
        0.01751857
      ],
      [
        0.00707472349,
        0.5011626,
        -0.8653242
      ],
      [
        -0.0227421243,
        0.8652027,
        0.5009063
      ]
    ],
    "translation": [
      1.81335,
      1.31953919,
      -0.790689
    ]
  },
  {
    "timeStamp": 3464,
    "rotation": [
      [
        0.999829054,
        0.0118862242,
        0.0141633833
      ],
      [
        0.00619350467,
        0.5064556,
        -0.862243831
      ],
      [
        -0.0174219478,
        0.862184167,
        0.5062954
      ]
    ],
    "translation": [
      1.8154211,
      1.31966233,
      -0.79000926
    ]
  },
  {
    "timeStamp": 3519,
    "rotation": [
      [
        0.999842465,
        0.008567972,
        0.0155433547
      ],
      [
        0.00901776,
        0.5090578,
        -0.86068505
      ],
      [
        -0.015286793,
        0.86068964,
        0.5089004
      ]
    ],
    "translation": [
      1.81770778,
      1.320326,
      -0.7902764
    ]
  },
  {
    "timeStamp": 3564,
    "rotation": [
      [
        0.9998484,
        0.0103717707,
        0.0139856534
      ],
      [
        0.006674987,
        0.5135374,
        -0.8580412
      ],
      [
        -0.0160815641,
        0.8580045,
        0.513390362
      ]
    ],
    "translation": [
      1.82099867,
      1.32188416,
      -0.790997744
    ]
  },
  {
    "timeStamp": 3619,
    "rotation": [
      [
        0.9997039,
        0.0197005179,
        0.0142872119
      ],
      [
        0.00205545034,
        0.5166328,
        -0.856204569
      ],
      [
        -0.0242489167,
        0.8559804,
        0.5164393
      ]
    ],
    "translation": [
      1.82411432,
      1.324785,
      -0.792950749
    ]
  },
  {
    "timeStamp": 3663,
    "rotation": [
      [
        0.9990803,
        0.0364291,
        0.0226166863
      ],
      [
        3.073923E-05,
        0.5268472,
        -0.84996
      ],
      [
        -0.042878814,
        0.849179,
        0.5263615
      ]
    ],
    "translation": [
      1.82846725,
      1.33045316,
      -0.7962805
    ]
  },
  {
    "timeStamp": 3720,
    "rotation": [
      [
        0.99748677,
        0.05286992,
        0.04716864
      ],
      [
        0.0107662128,
        0.544896662,
        -0.8384341
      ],
      [
        -0.070029974,
        0.8368347,
        0.542957962
      ]
    ],
    "translation": [
      1.83387554,
      1.337921,
      -0.799866557
    ]
  },
  {
    "timeStamp": 3764,
    "rotation": [
      [
        0.991417646,
        0.07876305,
        0.104342781
      ],
      [
        0.04061923,
        0.573051,
        -0.81851244
      ],
      [
        -0.124262281,
        0.815726,
        0.564933538
      ]
    ],
    "translation": [
      1.84321141,
      1.34855747,
      -0.804899454
    ]
  },
  {
    "timeStamp": 3809,
    "rotation": [
      [
        0.981045067,
        0.100732438,
        0.165540352
      ],
      [
        0.07331841,
        0.597808659,
        -0.7982789
      ],
      [
        -0.179374039,
        0.795284748,
        0.579091668
      ]
    ],
    "translation": [
      1.852047,
      1.35812259,
      -0.8098577
    ]
  },
  {
    "timeStamp": 3864,
    "rotation": [
      [
        0.9618144,
        0.1274362,
        0.242225453
      ],
      [
        0.110800706,
        0.627947748,
        -0.770327747
      ],
      [
        -0.250272572,
        0.767751038,
        0.5898492
      ]
    ],
    "translation": [
      1.86346781,
      1.369893,
      -0.8164388
    ]
  },
  {
    "timeStamp": 3909,
    "rotation": [
      [
        0.943204939,
        0.149621531,
        0.2966105
      ],
      [
        0.1329071,
        0.648322642,
        -0.7496756
      ],
      [
        -0.304466933,
        0.7465193,
        0.5916153
      ]
    ],
    "translation": [
      1.87210417,
      1.3781302,
      -0.8215591
    ]
  },
  {
    "timeStamp": 3964,
    "rotation": [
      [
        0.920485437,
        0.172547519,
        0.350619346
      ],
      [
        0.152065054,
        0.6683568,
        -0.7281315
      ],
      [
        -0.359976083,
        0.723551333,
        0.588974237
      ]
    ],
    "translation": [
      1.88227344,
      1.386342,
      -0.826908946
    ]
  },
  {
    "timeStamp": 4009,
    "rotation": [
      [
        0.9044203,
        0.1908219,
        0.381589919
      ],
      [
        0.158363476,
        0.680354834,
        -0.715568542
      ],
      [
        -0.3961627,
        0.707604647,
        0.5851075
      ]
    ],
    "translation": [
      1.88986683,
      1.391012,
      -0.830293059
    ]
  },
  {
    "timeStamp": 4064,
    "rotation": [
      [
        0.889058232,
        0.212672591,
        0.405395865
      ],
      [
        0.156326815,
        0.6912741,
        -0.705480039
      ],
      [
        -0.430275917,
        0.6905871,
        0.5813365
      ]
    ],
    "translation": [
      1.89840209,
      1.39501667,
      -0.8331348
    ]
  },
  {
    "timeStamp": 4109,
    "rotation": [
      [
        0.8817558,
        0.226269558,
        0.4138946
      ],
      [
        0.1516594,
        0.6948661,
        -0.7029655
      ],
      [
        -0.446661025,
        0.6826149,
        0.578386366
      ]
    ],
    "translation": [
      1.9046967,
      1.39659262,
      -0.83469975
    ]
  },
  {
    "timeStamp": 4163,
    "rotation": [
      [
        0.874174237,
        0.2409586,
        0.421613932
      ],
      [
        0.145619243,
        0.698185861,
        -0.700950444
      ],
      [
        -0.463264942,
        0.6741479,
        0.5752479
      ]
    ],
    "translation": [
      1.91266477,
      1.39728057,
      -0.8354347
    ]
  },
  {
    "timeStamp": 4214,
    "rotation": [
      [
        0.8686645,
        0.256081581,
        0.424080431
      ],
      [
        0.138006076,
        0.697060645,
        -0.7036056
      ],
      [
        -0.4757902,
        0.6697229,
        0.570171
      ]
    ],
    "translation": [
      1.9203546,
      1.3966589,
      -0.8353226
    ]
  },
  {
    "timeStamp": 4259,
    "rotation": [
      [
        0.8656084,
        0.2672681,
        0.4234262
      ],
      [
        0.131036445,
        0.69525075,
        -0.7067219
      ],
      [
        -0.4832716,
        0.6672287,
        0.566793
      ]
    ],
    "translation": [
      1.92648637,
      1.39594662,
      -0.834202647
    ]
  },
  {
    "timeStamp": 4314,
    "rotation": [
      [
        0.864400446,
        0.276656538,
        0.41984883
      ],
      [
        0.122747362,
        0.6936401,
        -0.7097863
      ],
      [
        -0.487590969,
        0.665074944,
        0.565623939
      ]
    ],
    "translation": [
      1.93408418,
      1.3946197,
      -0.8319315
    ]
  },
  {
    "timeStamp": 4359,
    "rotation": [
      [
        0.865563869,
        0.283615857,
        0.412748337
      ],
      [
        0.114332549,
        0.69050324,
        -0.7142362
      ],
      [
        -0.4875728,
        0.6654076,
        0.565248132
      ]
    ],
    "translation": [
      1.93996668,
      1.39294064,
      -0.830011249
    ]
  },
  {
    "timeStamp": 4414,
    "rotation": [
      [
        0.8668014,
        0.294862837,
        0.402133524
      ],
      [
        0.101353876,
        0.6854254,
        -0.7210544
      ],
      [
        -0.488244683,
        0.6657687,
        0.5642422
      ]
    ],
    "translation": [
      1.9464407,
      1.39055634,
      -0.827577
    ]
  },
  {
    "timeStamp": 4459,
    "rotation": [
      [
        0.8683337,
        0.3018245,
        0.393571556
      ],
      [
        0.0923289955,
        0.681284845,
        -0.726172447
      ],
      [
        -0.487310946,
        0.6668981,
        0.5637154
      ]
    ],
    "translation": [
      1.951037,
      1.388719,
      -0.825609446
    ]
  },
  {
    "timeStamp": 4514,
    "rotation": [
      [
        0.8708776,
        0.307233959,
        0.383639753
      ],
      [
        0.08406139,
        0.67594254,
        -0.732144356
      ],
      [
        -0.484258026,
        0.669857442,
        0.5628367
      ]
    ],
    "translation": [
      1.95586729,
      1.38691211,
      -0.82349813
    ]
  },
  {
    "timeStamp": 4559,
    "rotation": [
      [
        0.8735751,
        0.308519959,
        0.37640667
      ],
      [
        0.07840306,
        0.674091,
        -0.7344755
      ],
      [
        -0.4803327,
        0.671130955,
        0.564680159
      ]
    ],
    "translation": [
      1.95890021,
      1.38574958,
      -0.8217876
    ]
  },
  {
    "timeStamp": 4616,
    "rotation": [
      [
        0.8772339,
        0.308537483,
        0.3677842
      ],
      [
        0.07218706,
        0.6726269,
        -0.736452341
      ],
      [
        -0.474604726,
        0.6725902,
        0.5677787
      ]
    ],
    "translation": [
      1.96162164,
      1.38486016,
      -0.819757938
    ]
  },
  {
    "timeStamp": 4661,
    "rotation": [
      [
        0.880078733,
        0.309190869,
        0.360364169
      ],
      [
        0.06608182,
        0.671796,
        -0.737782657
      ],
      [
        -0.4702069,
        0.6731204,
        0.570801556
      ]
    ],
    "translation": [
      1.96313882,
      1.38420177,
      -0.8182535
    ]
  },
  {
    "timeStamp": 4718,
    "rotation": [
      [
        0.882481039,
        0.3075693,
        0.35584873
      ],
      [
        0.06419539,
        0.670723557,
        -0.7389241
      ],
      [
        -0.465946525,
        0.6749304,
        0.5721563
      ]
    ],
    "translation": [
      1.96461642,
      1.38351536,
      -0.8169775
    ]
  },
  {
    "timeStamp": 4764,
    "rotation": [
      [
        0.8837241,
        0.305870056,
        0.35422492
      ],
      [
        0.0647987649,
        0.669620156,
        -0.7398716
      ],
      [
        -0.4635007,
        0.6767957,
        0.5719394
      ]
    ],
    "translation": [
      1.96536112,
      1.38294768,
      -0.8164762
    ]
  },
  {
    "timeStamp": 4819,
    "rotation": [
      [
        0.88486886,
        0.303768337,
        0.35317415
      ],
      [
        0.0660114959,
        0.668729,
        -0.740570068
      ],
      [
        -0.46113953,
        0.678620934,
        0.5716852
      ]
    ],
    "translation": [
      1.96564913,
      1.38246417,
      -0.81627655
    ]
  },
  {
    "timeStamp": 4864,
    "rotation": [
      [
        0.8868641,
        0.300798237,
        0.350702882
      ],
      [
        0.06671095,
        0.6677276,
        -0.741410553
      ],
      [
        -0.457188934,
        0.680926144,
        0.5721171
      ]
    ],
    "translation": [
      1.96610951,
      1.38194823,
      -0.8156625
    ]
  },
  {
    "timeStamp": 4919,
    "rotation": [
      [
        0.889277041,
        0.297796667,
        0.347135961
      ],
      [
        0.0666072741,
        0.666570246,
        -0.7424605
      ],
      [
        -0.452492774,
        0.6833749,
        0.5729302
      ]
    ],
    "translation": [
      1.96624577,
      1.38133156,
      -0.815587044
    ]
  },
  {
    "timeStamp": 4964,
    "rotation": [
      [
        0.8925106,
        0.2942953,
        0.341782182
      ],
      [
        0.0654555857,
        0.66524893,
        -0.7437469
      ],
      [
        -0.446251452,
        0.686173558,
        0.574478447
      ]
    ],
    "translation": [
      1.96636057,
      1.3803997,
      -0.815189362
    ]
  },
  {
    "timeStamp": 5019,
    "rotation": [
      [
        0.8943298,
        0.293662071,
        0.3375453
      ],
      [
        0.06377186,
        0.6630731,
        -0.7458332
      ],
      [
        -0.442840129,
        0.6885468,
        0.5742787
      ]
    ],
    "translation": [
      1.96660638,
      1.379521,
      -0.815419436
    ]
  },
  {
    "timeStamp": 5064,
    "rotation": [
      [
        0.8959242,
        0.293387622,
        0.3335318
      ],
      [
        0.06214296,
        0.66068244,
        -0.7480889
      ],
      [
        -0.4398386,
        0.6909576,
        0.5736894
      ]
    ],
    "translation": [
      1.9670403,
      1.37861323,
      -0.815740943
    ]
  },
  {
    "timeStamp": 5119,
    "rotation": [
      [
        0.897043,
        0.292457968,
        0.331334054
      ],
      [
        0.0619379841,
        0.659125566,
        -0.7494779
      ],
      [
        -0.437581539,
        0.692836046,
        0.5731497
      ]
    ],
    "translation": [
      1.96738434,
      1.37811637,
      -0.8162714
    ]
  },
  {
    "timeStamp": 5163,
    "rotation": [
      [
        0.8981231,
        0.291774273,
        0.3290027
      ],
      [
        0.06078749,
        0.6586104,
        -0.750024855
      ],
      [
        -0.435522527,
        0.6936139,
        0.57377696
      ]
    ],
    "translation": [
      1.96756089,
      1.37784815,
      -0.817155838
    ]
  },
  {
    "timeStamp": 5219,
    "rotation": [
      [
        0.8998321,
        0.2898662,
        0.326005727
      ],
      [
        0.0601563,
        0.6577237,
        -0.7508533
      ],
      [
        -0.4320687,
        0.695253253,
        0.5744037
      ]
    ],
    "translation": [
      1.96722341,
      1.37771809,
      -0.818417668
    ]
  },
  {
    "timeStamp": 5264,
    "rotation": [
      [
        0.901802242,
        0.287726551,
        0.3224377
      ],
      [
        0.05892233,
        0.6572923,
        -0.7513288
      ],
      [
        -0.428113073,
        0.6965488,
        0.57579416
      ]
    ],
    "translation": [
      1.96637082,
      1.37772453,
      -0.819843531
    ]
  },
  {
    "timeStamp": 5319,
    "rotation": [
      [
        0.9047261,
        0.284330249,
        0.3172175
      ],
      [
        0.0579134673,
        0.655645132,
        -0.7528449
      ],
      [
        -0.422038674,
        0.6994896,
        0.5767127
      ]
    ],
    "translation": [
      1.96463871,
      1.37785125,
      -0.8211961
    ]
  },
  {
    "timeStamp": 5363,
    "rotation": [
      [
        0.9101206,
        0.2767144,
        0.3083984
      ],
      [
        0.05715774,
        0.653343856,
        -0.7549005
      ],
      [
        -0.410382062,
