[
  {
    "timeStamp": 7113,
    "rotation": [
      [
        -4.144555E-05,
        1.0,
        4.615289E-06
      ],
      [
        0.0118496139,
        -4.12385134E-06,
        0.9999298
      ],
      [
        0.9999298,
        4.14973329E-05,
        -0.0118496139
      ]
    ],
    "translation": [
      1.61600232,
      0.7050251,
      -0.6200106
    ]
  },
  {
    "timeStamp": 7158,
    "rotation": [
      [
        0.000217795052,
        0.999990046,
        0.004464893
      ],
      [
        0.009020567,
        -0.004466676,
        0.999949336
      ],
      [
        0.99995935,
        -0.000177506765,
        -0.00902145
      ]
    ],
    "translation": [
      1.61611211,
      0.7049162,
      -0.6200483
    ]
  },
  {
    "timeStamp": 7215,
    "rotation": [
      [
        0.0247433912,
        0.9995956,
        0.0140184741
      ],
      [
        -0.0196675956,
        -0.0135333082,
        0.999715
      ],
      [
        0.9995004,
        -0.0250120535,
        0.0193247814
      ]
    ],
    "translation": [
      1.61633217,
      0.711399555,
      -0.627036154
    ]
  },
  {
    "timeStamp": 7257,
    "rotation": [
      [
        0.0348534472,
        0.997771,
        0.0569046251
      ],
      [
        -0.0331657641,
        -0.05575309,
        0.9978936
      ],
      [
        0.998841941,
        -0.0366673358,
        0.0311486516
      ]
    ],
    "translation": [
      1.608539,
      0.7331662,
      -0.6344823
    ]
  },
  {
    "timeStamp": 7313,
    "rotation": [
      [
        0.0388427041,
        0.9955283,
        0.0861084759
      ],
      [
        -0.0598177835,
        -0.08370238,
        0.9946938
      ],
      [
        0.997453332,
        -0.0437873974,
        0.0562990643
      ]
    ],
    "translation": [
      1.60701215,
      0.7689752,
      -0.655271
    ]
  },
  {
    "timeStamp": 7357,
    "rotation": [
      [
        0.03545297,
        0.991705656,
        0.123543628
      ],
      [
        -0.0574426167,
        -0.1213948,
        0.9909408
      ],
      [
        0.9977191,
        -0.0422284454,
        0.0526623651
      ]
    ],
    "translation": [
      1.60920119,
      0.8010249,
      -0.66888684
    ]
  },
  {
    "timeStamp": 7412,
    "rotation": [
      [
        0.0600013845,
        0.979002357,
        0.194818646
      ],
      [
        -0.06531269,
        -0.190901637,
        0.979433954
      ],
      [
        0.9960593,
        -0.07149151,
        0.0524869151
      ]
    ],
    "translation": [
      1.61049628,
      0.845867157,
      -0.6846115
    ]
  },
  {
    "timeStamp": 7456,
    "rotation": [
      [
        0.11673034,
        0.9665965,
        0.228178024
      ],
      [
        -0.0310582276,
        -0.226083562,
        0.973612666
      ],
      [
        0.992677867,
        -0.120736942,
        0.00362996245
      ]
    ],
    "translation": [
      1.62197208,
      0.8774957,
      -0.6804324
    ]
  },
  {
    "timeStamp": 7512,
    "rotation": [
      [
        0.2248647,
        0.9375699,
        0.2653274
      ],
      [
        -0.00348847825,
        -0.271524638,
        0.9624252
      ],
      [
        0.974383831,
        -0.217341051,
        -0.0577856153
      ]
    ],
    "translation": [
      1.64880586,
      0.9152261,
      -0.670437455
    ]
  },
  {
    "timeStamp": 7556,
    "rotation": [
      [
        0.34593758,
        0.897360861,
        0.273990363
      ],
      [
        0.0115339486,
        -0.296065569,
        0.955098
      ],
      [
        0.938186646,
        -0.327244073,
        -0.112770326
      ]
    ],
    "translation": [
      1.6810838,
      0.9444,
      -0.65262866
    ]
  },
  {
    "timeStamp": 7611,
    "rotation": [
      [
        0.46924296,
        0.8459715,
        0.253265023
      ],
      [
        0.0620190352,
        -0.317663759,
        0.946173
      ],
      [
        0.8808886,
        -0.428277761,
        -0.201527834
      ]
    ],
    "translation": [
      1.73810327,
      0.978171349,
      -0.6312542
    ]
  },
  {
    "timeStamp": 7656,
    "rotation": [
      [
        0.5664147,
        0.7965541,
        0.2113669
      ],
      [
        0.104269117,
        -0.323681325,
        0.9404033
      ],
      [
        0.8174976,
        -0.5106192,
        -0.26639384
      ]
    ],
    "translation": [
      1.79554582,
      1.00316966,
      -0.6092827
    ]
  },
  {
    "timeStamp": 7712,
    "rotation": [
      [
        0.6578572,
        0.7391657,
        0.144422919
      ],
      [
        0.157944039,
        -0.322897255,
        0.933161855
      ],
      [
        0.736395061,
        -0.5910765,
        -0.329167068
      ]
    ],
    "translation": [
      1.87394249,
      1.03020442,
      -0.5924944
    ]
  },
  {
    "timeStamp": 7757,
    "rotation": [
      [
        0.6845934,
        0.7245549,
        0.0797002241
      ],
      [
        0.217350528,
        -0.307273358,
        0.9264674
      ],
      [
        0.6957662,
        -0.6169306,
        -0.367839664
      ]
    ],
    "translation": [
      1.94067919,
      1.04476655,
      -0.5837866
    ]
  },
  {
    "timeStamp": 7813,
    "rotation": [
      [
        0.6857662,
        0.72384876,
        0.0759448558
      ],
      [
        0.202926636,
        -0.2903648,
        0.9351519
      ],
      [
        0.698960245,
        -0.625884354,
        -0.346010566
      ]
    ],
    "translation": [
      1.999154,
      1.04841113,
      -0.591468453
    ]
  },
  {
    "timeStamp": 7857,
    "rotation": [
      [
        0.6559694,
        0.754556358,
        0.01867565
      ],
      [
        0.255050063,
        -0.244878128,
        0.93540585
      ],
      [
        0.7103897,
        -0.6088344,
        -0.35308224
      ]
    ],
    "translation": [
      2.04685545,
      1.03883827,
      -0.5921258
    ]
  },
  {
    "timeStamp": 7912,
    "rotation": [
      [
        0.5976609,
        0.7999649,
        -0.0534566753
      ],
      [
        0.2977058,
        -0.159521744,
        0.941235363
      ],
      [
        0.744427741,
        -0.5784539,
        -0.333494127
      ]
    ],
    "translation": [
      2.10277247,
      1.01657355,
      -0.5979769
    ]
  },
  {
    "timeStamp": 7957,
    "rotation": [
      [
        0.580831051,
        0.813459635,
        -0.030309638
      ],
      [
        0.258194327,
        -0.148790061,
        0.9545665
      ],
      [
        0.771991551,
        -0.5622676,
        -0.296452552
      ]
    ],
    "translation": [
      2.12332773,
      0.998072743,
      -0.604646444
    ]
  },
  {
    "timeStamp": 8008,
    "rotation": [
      [
        0.538779855,
        0.841889,
        -0.0306448061
      ],
      [
        0.263877273,
        -0.134103417,
        0.9551885
      ],
      [
        0.8000532,
        -0.5227228,
        -0.2944076
      ]
    ],
    "translation": [
      2.14060783,
      0.979315162,
      -0.6022589
    ]
  },
  {
    "timeStamp": 8063,
    "rotation": [
      [
        0.447087765,
        0.89318043,
        -0.048386123
      ],
      [
        0.272669584,
        -0.0845683,
        0.9583838
      ],
      [
        0.851917744,
        -0.4416751,
        -0.28135258
      ]
    ],
    "translation": [
      2.1668365,
      0.9474391,
      -0.5988831
    ]
  },
  {
    "timeStamp": 8107,
    "rotation": [
      [
        0.396105766,
        0.9180962,
        -0.01412679
      ],
      [
        0.243054047,
        -0.09000261,
        0.9658283
      ],
      [
        0.885451853,
        -0.386003733,
        -0.258797556
      ]
    ],
    "translation": [
      2.16740155,
      0.9272214,
      -0.597207546
    ]
  },
  {
    "timeStamp": 8163,
    "rotation": [
      [
        0.31431523,
        0.9492827,
        -0.008260327
      ],
      [
        0.220856622,
        -0.06465932,
        0.973160565
      ],
      [
        0.9232704,
        -0.307703555,
        -0.22997877
      ]
    ],
    "translation": [
      2.17201543,
      0.904048562,
      -0.5910642
    ]
  },
  {
    "timeStamp": 8207,
    "rotation": [
      [
        0.232415676,
        0.972096264,
        -0.0318090022
      ],
      [
        0.223650277,
        -0.0215865169,
        0.9744304
      ],
      [
        0.946553469,
        -0.233586982,
        -0.222426638
      ]
    ],
    "translation": [
      2.183724,
      0.88075316,
      -0.587598562
    ]
  },
  {
    "timeStamp": 8263,
    "rotation": [
      [
        0.184631571,
        0.982695,
        -0.0148918452
      ],
      [
        0.1851129,
        -0.01989041,
        0.982515931
      ],
      [
        0.9652173,
        -0.184160143,
        -0.1855819
      ]
    ],
    "translation": [
      2.18696213,
      0.8574208,
      -0.584096551
    ]
  },
  {
    "timeStamp": 8307,
    "rotation": [
      [
        0.1492623,
        0.9886077,
        -0.0193766132
      ],
      [
        0.170899272,
        -0.006491633,
        0.9852671
      ],
      [
        0.9739169,
        -0.150374681,
        -0.1699213
      ]
    ],
    "translation": [
      2.192894,
      0.839737356,
      -0.580886662
    ]
  },
  {
    "timeStamp": 8363,
    "rotation": [
      [
        0.107092127,
        0.9941486,
        -0.014132604
      ],
      [
        0.148050249,
        -0.00188923662,
        0.988978
      ],
      [
        0.9831644,
        -0.1080041,
        -0.147386283
      ]
    ],
    "translation": [
      2.19769955,
      0.818303347,
      -0.5780178
    ]
  },
  {
    "timeStamp": 8407,
    "rotation": [
      [
        0.08171682,
        0.996650159,
        -0.00328228646
      ],
      [
        0.141717523,
        -0.008359665,
        0.98987186
      ],
      [
        0.9865285,
        -0.081354335,
        -0.141925916
      ]
    ],
    "translation": [
      2.19829154,
      0.8028837,
      -0.5739628
    ]
  },
  {
    "timeStamp": 8463,
    "rotation": [
      [
        0.05608379,
        0.9984108,
        0.00552026369
      ],
      [
        0.129495889,
        -0.0127562219,
        0.9914979
      ],
      [
        0.9899926,
        -0.0548921041,
        -0.130005524
      ]
    ],
    "translation": [
      2.20005918,
      0.7836828,
      -0.569223
    ]
  },
  {
    "timeStamp": 8509,
    "rotation": [
      [
        0.03710795,
        0.9992409,
        0.0118601685
      ],
      [
        0.125696331,
        -0.0164413,
        0.9919325
      ],
      [
        0.9913745,
        -0.0353177972,
        -0.126211017
      ]
    ],
    "translation": [
      2.20040321,
      0.7711708,
      -0.564047158
    ]
  },
  {
    "timeStamp": 8566,
    "rotation": [
      [
        0.0236530453,
        0.9995185,
        0.0200845674
      ],
      [
        0.123612411,
        -0.0228600577,
        0.9920672
      ],
      [
        0.9920487,
        -0.0209827051,
        -0.1240936
      ]
    ],
    "translation": [
      2.20014262,
      0.758929551,
      -0.5591095
    ]
  },
  {
    "timeStamp": 8611,
    "rotation": [
      [
        0.007372117,
        0.999845266,
        0.0159720574
      ],
      [
        0.124624893,
        -0.0167666189,
        0.9920623
      ],
      [
        0.992176533,
        -0.00532308733,
        -0.124729209
      ]
    ],
    "translation": [
      2.202595,
      0.7511786,
      -0.5551909
    ]
  },
  {
    "timeStamp": 8657,
    "rotation": [
      [
        -0.009588559,
        0.9998668,
        0.0132098
      ],
      [
        0.126416087,
        -0.0118923169,
        0.991906
      ],
      [
        0.991930962,
        0.011180887,
        -0.12628521
      ]
    ],
    "translation": [
      2.20580268,
      0.74528,
      -0.550350547
    ]
  },
  {
    "timeStamp": 8712,
    "rotation": [
      [
        -0.0205960851,
        0.999661267,
        0.0159092341
      ],
      [
        0.120069511,
        -0.0133242672,
        0.9926761
      ],
      [
        0.9925518,
        0.0223554522,
        -0.119754411
      ]
    ],
    "translation": [
      2.20664978,
      0.7401662,
      -0.5462991
    ]
  },
  {
    "timeStamp": 8757,
    "rotation": [
      [
        -0.0182171538,
        0.999759,
        0.0122515541
      ],
      [
        0.102418736,
        -0.0103231817,
        0.9946878
      ],
      [
        0.994574547,
        0.0193751715,
        -0.102205992
      ]
    ],
    "translation": [
      2.2094202,
      0.7365749,
      -0.545981169
    ]
  },
  {
    "timeStamp": 8812,
    "rotation": [
      [
        -0.0213970412,
        0.9997601,
        0.0046867663
      ],
      [
        0.0845695,
        -0.00286110654,
        0.996413469
      ],
      [
        0.9961878,
        0.021716658,
        -0.08448799
      ]
    ],
    "translation": [
      2.21482038,
      0.731126249,
      -0.54612577
    ]
  },
  {
    "timeStamp": 8857,
    "rotation": [
      [
        -0.0254060235,
        0.9996636,
        -0.00521654729
      ],
      [
        0.06700509,
        0.00690935645,
        0.9977287
      ],
      [
        0.9974291,
        0.0249987822,
        -0.06715809
      ]
    ],
    "translation": [
      2.21969986,
      0.727683,
      -0.5464296
    ]
  },
  {
    "timeStamp": 8912,
    "rotation": [
      [
        -0.0213403217,
        0.9997502,
        0.00664467039
      ],
      [
        0.0556588173,
        -0.005447855,
        0.998434961
      ],
      [
        0.998221755,
        0.0216767639,
        -0.0555286556
      ]
    ],
    "translation": [
      2.22096658,
      0.7261376,
      -0.5461009
    ]
  },
  {
    "timeStamp": 8956,
    "rotation": [
      [
        -0.016906701,
        0.999821961,
        0.008382905
      ],
      [
        0.0446047261,
        -0.00762155652,
        0.998975635
      ],
      [
        0.9988617,
        0.0172633026,
        -0.044467926
      ]
    ],
    "translation": [
      2.22162151,
      0.7259166,
      -0.5458874
    ]
  }
]