[
  {
    "timeStamp": 48116,
    "rotation": [
      [
        0.9946647,
        -0.05641272,
        -0.08636959
      ],
      [
        0.102910034,
        0.4842927,
        0.868832648
      ],
      [
        -0.00718506146,
        -0.8730855,
        0.4875143
      ]
    ],
    "translation": [
      1.45813882,
      0.718305767,
      -0.491548836
    ]
  },
  {
    "timeStamp": 48171,
    "rotation": [
      [
        0.9948765,
        -0.028579168,
        -0.09697353
      ],
      [
        0.09921699,
        0.4601435,
        0.8822834
      ],
      [
        0.0194068048,
        -0.8873845,
        0.460621536
      ]
    ],
    "translation": [
      1.45899081,
      0.719116449,
      -0.492153317
    ]
  },
  {
    "timeStamp": 48217,
    "rotation": [
      [
        0.998013,
        0.0191034656,
        -0.0600421876
      ],
      [
        0.046240516,
        0.425237,
        0.9039
      ],
      [
        0.04279979,
        -0.9048804,
        0.423508734
      ]
    ],
    "translation": [
      1.45204961,
      0.7329631,
      -0.495700479
    ]
  },
  {
    "timeStamp": 48272,
    "rotation": [
      [
        0.99122566,
        0.124110438,
        -0.04547782
      ],
      [
        -0.00639258465,
        0.388667881,
        0.9213557
      ],
      [
        0.132025629,
        -0.912980735,
        0.386050969
      ]
    ],
    "translation": [
      1.44486725,
      0.7522716,
      -0.51757
    ]
  },
  {
    "timeStamp": 48316,
    "rotation": [
      [
        0.9753903,
        0.217100337,
        -0.03848502
      ],
      [
        -0.05501694,
        0.4086756,
        0.91102
      ],
      [
        0.213510633,
        -0.8864828,
        0.410562456
      ]
    ],
    "translation": [
      1.44228375,
      0.76480633,
      -0.54946214
    ]
  },
  {
    "timeStamp": 48371,
    "rotation": [
      [
        0.9440161,
        0.319457442,
        -0.08234366
      ],
      [
        -0.09207526,
        0.4948202,
        0.8641037
      ],
      [
        0.316789627,
        -0.808146,
        0.496532381
      ]
    ],
    "translation": [
      1.45158386,
      0.7731193,
      -0.604050636
    ]
  },
  {
    "timeStamp": 48416,
    "rotation": [
      [
        0.9137414,
        0.393409044,
        -0.101518393
      ],
      [
        -0.136439368,
        0.5324662,
        0.8353826
      ],
      [
        0.382702172,
        -0.749472558,
        0.5402128
      ]
    ],
    "translation": [
      1.46619427,
      0.7818944,
      -0.6500251
    ]
  },
  {
    "timeStamp": 48471,
    "rotation": [
      [
        0.8818697,
        0.449858874,
        -0.141183868
      ],
      [
        -0.16865018,
        0.580593944,
        0.796534836
      ],
      [
        0.440298766,
        -0.6786292,
        0.587877035
      ]
    ],
    "translation": [
      1.49757564,
      0.790957034,
      -0.7027472
    ]
  },
  {
    "timeStamp": 48516,
    "rotation": [
      [
        0.8926859,
        0.4367184,
        -0.111305796
      ],
      [
        -0.183737844,
        0.578182042,
        0.794950247
      ],
      [
        0.411524415,
        -0.6891898,
        0.596376657
      ]
    ],
    "translation": [
      1.5286479,
      0.801231444,
      -0.729624033
    ]
  },
  {
    "timeStamp": 48571,
    "rotation": [
      [
        0.9263786,
        0.375934839,
        -0.02226387
      ],
      [
        -0.207638159,
        0.5591948,
        0.80261296
      ],
      [
        0.314180017,
        -0.7389006,
        0.596084535
      ]
    ],
    "translation": [
      1.57674181,
      0.818182468,
      -0.746780038
    ]
  },
  {
    "timeStamp": 48616,
    "rotation": [
      [
        0.95712,
        0.26987192,
        0.105311066
      ],
      [
        -0.239618927,
        0.533223748,
        0.8113293
      ],
      [
        0.16280064,
        -0.801774,
        0.575025558
      ]
    ],
    "translation": [
      1.62332892,
      0.8354869,
      -0.745989561
    ]
  },
  {
    "timeStamp": 48672,
    "rotation": [
      [
        0.9671823,
        0.0577715971,
        0.247428566
      ],
      [
        -0.245637789,
        0.4615899,
        0.8524065
      ],
      [
        -0.06496565,
        -0.8852103,
        0.460632443
      ]
    ],
    "translation": [
      1.70286036,
      0.8606139,
      -0.733582437
    ]
  },
  {
    "timeStamp": 48716,
    "rotation": [
      [
        0.9357732,
        -0.176893,
        0.3050204
      ],
      [
        -0.23313874,
        0.338574439,
        0.9115995
      ],
      [
        -0.264527678,
        -0.924162447,
        0.275588274
      ]
    ],
    "translation": [
      1.78238988,
      0.8871849,
      -0.7178013
    ]
  },
  {
    "timeStamp": 48771,
    "rotation": [
      [
        0.8596241,
        -0.428946733,
        0.277580976
      ],
      [
        -0.233602583,
        0.15320988,
        0.9601857
      ],
      [
        -0.454396665,
        -0.890242338,
        0.0314998366
      ]
    ],
    "translation": [
      1.8854394,
      0.9246671,
      -0.710472047
    ]
  },
  {
    "timeStamp": 48816,
    "rotation": [
      [
        0.7849411,
        -0.5869297,
        0.198446855
      ],
      [
        -0.266384572,
        -0.0305246171,
        0.9633834
      ],
      [
        -0.55938077,
        -0.8090623,
        -0.180309042
      ]
    ],
    "translation": [
      1.9647007,
      0.959641933,
      -0.711672
    ]
  },
  {
    "timeStamp": 48871,
    "rotation": [
      [
        0.7593064,
        -0.6488421,
        0.0495764948
      ],
      [
        -0.201901644,
        -0.162477911,
        0.9658347
      ],
      [
        -0.6186191,
        -0.74337405,
        -0.254372776
      ]
    ],
    "translation": [
      2.040869,
      0.979531,
      -0.7227768
    ]
  },
  {
    "timeStamp": 48923,
    "rotation": [
      [
        0.699315548,
        -0.7144204,
        0.0236923378
      ],
      [
        -0.121649586,
        -0.0862854645,
        0.988815546
      ],
      [
        -0.704385638,
        -0.6943763,
        -0.1472497
      ]
    ],
    "translation": [
      2.09443712,
      0.965296566,
      -0.7330547
    ]
  },
  {
    "timeStamp": 48967,
    "rotation": [
      [
        0.5877643,
        -0.801246166,
        0.11197181
      ],
      [
        -0.1033927,
        0.0628750846,
        0.992651343
      ],
      [
        -0.8023983,
        -0.5950221,
        -0.0458872728
      ]
    ],
    "translation": [
      2.14638233,
      0.940124452,
      -0.751198232
    ]
  },
  {
    "timeStamp": 49022,
    "rotation": [
      [
        0.599195838,
        -0.779387653,
        0.1830826
      ],
      [
        0.0131756291,
        0.2382498,
        0.9711145
      ],
      [
        -0.8004941,
        -0.5794756,
        0.1530272
      ]
    ],
    "translation": [
      2.17115,
      0.905668855,
      -0.7711286
    ]
  },
  {
    "timeStamp": 49066,
    "rotation": [
      [
        0.6060685,
        -0.762986541,
        0.224794388
      ],
      [
        0.0154327257,
        0.2938401,
        0.95573
      ],
      [
        -0.7952627,
        -0.57576865,
        0.189862192
      ]
    ],
    "translation": [
      2.176277,
      0.88877666,
      -0.7816857
    ]
  },
  {
    "timeStamp": 49122,
    "rotation": [
      [
        0.6056443,
        -0.734397,
        0.306359231
      ],
      [
        0.0386939868,
        0.4117262,
        0.910485744
      ],
      [
        -0.794794142,
        -0.539576232,
        0.2777764
      ]
    ],
    "translation": [
      2.18096757,
      0.8650492,
      -0.7961469
    ]
  },
  {
    "timeStamp": 49166,
    "rotation": [
      [
        0.607161462,
        -0.714200139,
        0.348242939
      ],
      [
        0.037998274,
        0.4638708,
        0.88508755
      ],
      [
        -0.7936694,
        -0.5241584,
        0.308782846
      ]
    ],
    "translation": [
      2.18020344,
      0.846986532,
      -0.80088073
    ]
  },
  {
    "timeStamp": 49222,
    "rotation": [
      [
        0.62894,
        -0.7086945,
        0.319666266
      ],
      [
        0.08364231,
        0.470464319,
        0.8784459
      ],
      [
        -0.7729414,
        -0.5257521,
        0.3551707
      ]
    ],
    "translation": [
      2.185715,
      0.8278767,
      -0.804170668
    ]
  },
  {
    "timeStamp": 49267,
    "rotation": [
      [
        0.6203605,
        -0.692294836,
        0.368619919
      ],
      [
        0.0608576275,
        0.5110597,
        0.8573881
      ],
      [
        -0.781952143,
        -0.509456336,
        0.359172672
      ]
    ],
    "translation": [
      2.18508172,
      0.817656934,
      -0.804349244
    ]
  }
]