[
  {
    "timeStamp": 0,
    "rotation": [
      [
        -0.9757426,
        -0.128149912,
        -0.17749387
      ],
      [
        -0.0503382161,
        0.9203756,
        -0.387781918
      ],
      [
        0.213055253,
        -0.369440615,
        -0.9045005
      ]
    ],
    "translation": [
      1.70350742,
      1.55954134,
      -1.68939006
    ]
  },
  {
    "timeStamp": 13,
    "rotation": [
      [
        -0.976056159,
        -0.127457827,
        -0.17626363
      ],
      [
        -0.05002099,
        0.9201433,
        -0.3883738
      ],
      [
        0.211689085,
        -0.370257735,
        -0.904487133
      ]
    ],
    "translation": [
      1.7036854,
      1.55950439,
      -1.68915975
    ]
  },
  {
    "timeStamp": 43,
    "rotation": [
      [
        -0.982370138,
        -0.121849582,
        -0.141780049
      ],
      [
        -0.0560614876,
        0.9155089,
        -0.398372352
      ],
      [
        0.1783424,
        -0.3834007,
        -0.9061997
      ]
    ],
    "translation": [
      1.70829129,
      1.56079257,
      -1.68379152
    ]
  },
  {
    "timeStamp": 100,
    "rotation": [
      [
        -0.98908174,
        -0.106919222,
        -0.10141772
      ],
      [
        -0.05693296,
        0.9119968,
        -0.4062272
      ],
      [
        0.135926127,
        -0.3960179,
        -0.9081266
      ]
    ],
    "translation": [
      1.71644568,
      1.562719,
      -1.67840111
    ]
  },
  {
    "timeStamp": 144,
    "rotation": [
      [
        -0.9967058,
        -0.07121847,
        -0.0388020277
      ],
      [
        -0.04846716,
        0.906642437,
        -0.419106752
      ],
      [
        0.06502771,
        -0.415845484,
        -0.9071075
      ]
    ],
    "translation": [
      1.72896826,
      1.56607521,
      -1.671002
    ]
  },
  {
    "timeStamp": 200,
    "rotation": [
      [
        -0.9986107,
        -0.0251113884,
        0.0463267975
      ],
      [
        -0.0428675376,
        0.898409247,
        -0.4370619
      ],
      [
        -0.0306451935,
        -0.4384406,
        -0.8982376
      ]
    ],
    "translation": [
      1.74411106,
      1.569006,
      -1.66160667
    ]
  },
  {
    "timeStamp": 244,
    "rotation": [
      [
        -0.9858732,
        0.0448859781,
        0.161366642
      ],
      [
        -0.0347855836,
        0.8875458,
        -0.459404349
      ],
      [
        -0.163841113,
        -0.458527684,
        -0.8734463
      ]
    ],
    "translation": [
      1.76575685,
      1.57299769,
      -1.64600027
    ]
  },
  {
    "timeStamp": 362,
    "rotation": [
      [
        -0.985433638,
        0.04754687,
        0.16327852
      ],
      [
        -0.03342768,
        0.887232959,
        -0.460108966
      ],
      [
        -0.166742831,
        -0.458864868,
        -0.8727198
      ]
    ],
    "translation": [
      1.76640761,
      1.57279015,
      -1.64415729
    ]
  },
  {
    "timeStamp": 364,
    "rotation": [
      [
        -0.9804997,
        0.06317042,
        0.186090916
      ],
      [
        -0.0312069263,
        0.884864,
        -0.464802951
      ],
      [
        -0.194026962,
        -0.461546481,
        -0.8656375
      ]
    ],
    "translation": [
      1.77113771,
      1.573556,
      -1.64011133
    ]
  },
  {
    "timeStamp": 410,
    "rotation": [
      [
        -0.7947909,
        0.27539748,
        0.540799141
      ],
      [
        -0.0208972357,
        0.8781612,
        -0.477908134
      ],
      [
        -0.6065235,
        -0.391138256,
        -0.692199469
      ]
    ],
    "translation": [
      1.83982325,
      1.58819854,
      -1.56284869
    ]
  },
  {
    "timeStamp": 466,
    "rotation": [
      [
        -0.70672977,
        0.3351171,
        0.6230806
      ],
      [
        -0.0134672085,
        0.8741679,
        -0.4854369
      ],
      [
        -0.7073553,
        -0.351463854,
        -0.613287449
      ]
    ],
    "translation": [
      1.85658383,
      1.59265137,
      -1.53087127
    ]
  },
  {
    "timeStamp": 511,
    "rotation": [
      [
        -0.584681034,
        0.400900364,
        0.705285
      ],
      [
        -0.006905561,
        0.8668755,
        -0.498476833
      ],
      [
        -0.8112339,
        -0.296320349,
        -0.5040772
      ]
    ],
    "translation": [
      1.87548208,
      1.597235,
      -1.48823154
    ]
  },
  {
    "timeStamp": 566,
    "rotation": [
      [
        -0.482631952,
        0.446415484,
        0.7535115
      ],
      [
        -0.004414673,
        0.8590956,
        -0.5117961
      ],
      [
        -0.875812054,
        -0.250335664,
        -0.412656218
      ]
    ],
    "translation": [
      1.88787353,
      1.59996378,
      -1.45064962
    ]
  },
  {
    "timeStamp": 611,
    "rotation": [
      [
        -0.348401159,
        0.501891,
        0.7916578
      ],
      [
        0.00212222314,
        0.8449943,
        -0.5347711
      ],
      [
        -0.9373431,
        -0.18463479,
        -0.295462132
      ]
    ],
    "translation": [
      1.90035868,
      1.60159814,
      -1.40138
    ]
  },
  {
    "timeStamp": 666,
    "rotation": [
      [
        -0.231558859,
        0.53804487,
        0.810486436
      ],
      [
        0.0161037445,
        0.835136056,
        -0.5498077
      ],
      [
        -0.9726876,
        -0.114260986,
        -0.202047676
      ]
    ],
    "translation": [
      1.90810537,
      1.6034919,
      -1.35957229
    ]
  },
  {
    "timeStamp": 711,
    "rotation": [
      [
        -0.0869817659,
        0.584441841,
        0.806760132
      ],
      [
        0.0299649,
        0.810997963,
        -0.584281147
      ],
      [
        -0.9957592,
        -0.0266473182,
        -0.0880547762
      ]
    ],
    "translation": [
      1.914079,
      1.60306346,
      -1.30611622
    ]
  },
  {
    "timeStamp": 756,
    "rotation": [
      [
        0.0245394167,
        0.625710666,
        0.7796691
      ],
      [
        0.0355596542,
        0.7788641,
        -0.6261838
      ],
      [
        -0.999066234,
        0.04309095,
        -0.00313718338
      ]
    ],
    "translation": [
      1.91582489,
      1.599357,
      -1.26253724
    ]
  },
  {
    "timeStamp": 812,
    "rotation": [
      [
        0.16231899,
        0.6766284,
        0.718210638
      ],
      [
        0.0288577639,
        0.7242968,
        -0.688884139
      ],
      [
        -0.986316264,
        0.132544935,
        0.09804115
      ]
    ],
    "translation": [
      1.91495407,
      1.58937931,
      -1.20831656
    ]
  },
  {
    "timeStamp": 858,
    "rotation": [
      [
        0.270887882,
        0.7220546,
        0.636597931
      ],
      [
        0.0187627915,
        0.657238066,
        -0.75344944
      ],
      [
        -0.9624281,
        0.216044679,
        0.164490059
      ]
    ],
    "translation": [
      1.90941358,
      1.57769227,
      -1.16649055
    ]
  },
  {
    "timeStamp": 914,
    "rotation": [
      [
        0.390972227,
        0.740362048,
        0.5468133
      ],
      [
        0.006640225,
        0.591818,
        -0.8060443
      ],
      [
        -0.920378566,
        0.3187719,
        0.22646822
      ]
    ],
    "translation": [
      1.90373063,
      1.56572974,
      -1.11835015
    ]
  },
  {
    "timeStamp": 960,
    "rotation": [
      [
        0.4627361,
        0.7267085,
        0.5077106
      ],
      [
        -0.00678811548,
        0.5756039,
        -0.817700446
      ],
      [
        -0.8864701,
        0.374933124,
        0.2712857
      ]
    ],
    "translation": [
      1.90118992,
      1.55910552,
      -1.081201
    ]
  },
  {
    "timeStamp": 1016,
    "rotation": [
      [
        0.523468256,
        0.7110521,
        0.469452649
      ],
      [
        -0.013275072,
        0.5577109,
        -0.8299291
      ],
      [
        -0.8519417,
        0.428209543,
        0.301383227
      ]
    ],
    "translation": [
      1.89441681,
      1.55332208,
      -1.048872
    ]
  },
  {
    "timeStamp": 1060,
    "rotation": [
      [
        0.600384533,
        0.677403152,
        0.425045252
      ],
      [
        -0.00484881969,
        0.534572,
        -0.845109046
      ],
      [
        -0.799696743,
        0.50532943,
        0.324233383
      ]
    ],
    "translation": [
      1.88419127,
      1.5484165,
      -1.0132072
    ]
  },
  {
    "timeStamp": 1116,
    "rotation": [
      [
        0.6563817,
        0.645709,
        0.390157521
      ],
      [
        0.00411191443,
        0.5140864,
        -0.857728541
      ],
      [
        -0.7544177,
        0.56460166,
        0.334781855
      ]
    ],
    "translation": [
      1.87435687,
      1.54641783,
      -0.990399
    ]
  },
  {
    "timeStamp": 1160,
    "rotation": [
      [
        0.7094814,
        0.6095779,
        0.3536254
      ],
      [
        0.00981187448,
        0.493199557,
        -0.8698609
      ],
      [
        -0.7046558,
        0.6206199,
        0.343934834
      ]
    ],
    "translation": [
      1.86178768,
      1.544409,
      -0.965807557
    ]
  },
  {
    "timeStamp": 1216,
    "rotation": [
      [
        0.751130462,
        0.569458842,
        0.333945572
      ],
      [
        0.0185812619,
        0.487422466,
        -0.872968554
      ],
      [
        -0.659892261,
        0.6619184,
        0.35553658
      ]
    ],
    "translation": [
      1.85289371,
      1.5428946,
      -0.948672652
    ]
  },
  {
    "timeStamp": 1260,
    "rotation": [
      [
        0.809831,
        0.50273937,
        0.3023686
      ],
      [
        0.0303056855,
        0.478866458,
        -0.8773645
      ],
      [
        -0.585879862,
        0.7196805,
        0.372565031
      ]
    ],
    "translation": [
      1.84111333,
      1.54073489,
      -0.9290507
    ]
  },
  {
    "timeStamp": 1316,
    "rotation": [
      [
        0.8622832,
        0.433358252,
        0.262046427
      ],
      [
        0.0322804339,
        0.469356924,
        -0.882418334
      ],
      [
        -0.505396545,
        0.769353449,
        0.390729576
      ]
    ],
    "translation": [
      1.83111155,
      1.53930569,
      -0.9162357
    ]
  },
  {
    "timeStamp": 1360,
    "rotation": [
      [
        0.9162487,
        0.3432992,
        0.206479952
      ],
      [
        0.0276963171,
        0.459897637,
        -0.8875399
      ],
      [
        -0.399651378,
        0.818926036,
        0.411872476
      ]
    ],
    "translation": [
      1.81982851,
      1.53831279,
      -0.902678
    ]
  },
  {
    "timeStamp": 1416,
    "rotation": [
      [
        0.9470466,
        0.280185968,
        0.156839564
      ],
      [
        0.012475146,
        0.455974936,
        -0.889905155
      ],
      [
        -0.320853859,
        0.8447382,
        0.428334177
      ]
    ],
    "translation": [
      1.81234193,
      1.53728163,
      -0.895580769
    ]
  },
  {
    "timeStamp": 1460,
    "rotation": [
      [
        0.9733039,
        0.207077071,
        0.09898808
      ],
      [
        -0.00431594858,
        0.447718859,
        -0.894163966
      ],
      [
        -0.229479685,
        0.8698661,
        0.43666023
      ]
    ],
    "translation": [
      1.80573034,
      1.53596818,
      -0.889349
    ]
  },
  {
    "timeStamp": 1516,
    "rotation": [
      [
        0.987990856,
        0.145604655,
        0.0517045669
      ],
      [
        -0.0181282684,
        0.441553444,
        -0.8970518
      ],
      [
        -0.153445244,
        0.885341644,
        0.438890338
      ]
    ],
    "translation": [
      1.80176735,
      1.53467,
      -0.88631
    ]
  },
  {
    "timeStamp": 1560,
    "rotation": [
      [
        0.9976568,
        0.0675701946,
        -0.0107326275
      ],
      [
        -0.0391839668,
        0.435709983,
        -0.8992338
      ],
      [
        -0.05608509,
        0.8975473,
        0.437336683
      ]
    ],
    "translation": [
      1.80066943,
      1.53344083,
      -0.8862121
    ]
  },
  {
    "timeStamp": 1616,
    "rotation": [
      [
        0.9979129,
        0.0130132819,
        -0.0632507
      ],
      [
        -0.06261307,
        0.434624255,
        -0.898432732
      ],
      [
        0.0157987289,
        0.9005179,
        0.4345319
      ]
    ],
    "translation": [
      1.8020606,
      1.53219771,
      -0.8897562
    ]
  },
  {
    "timeStamp": 1660,
    "rotation": [
      [
        0.9910497,
        -0.05353413,
        -0.122288711
      ],
      [
        -0.0870826542,
        0.435050666,
        -0.896185
      ],
      [
        0.101178266,
        0.8988131,
        0.426495
      ]
    ],
    "translation": [
      1.80714536,
      1.531259,
      -0.8962716
    ]
  },
  {
    "timeStamp": 1715,
    "rotation": [
      [
        0.980927944,
        -0.104770824,
        -0.163717821
      ],
      [
        -0.102742173,
        0.4355192,
        -0.894297
      ],
      [
        0.164998472,
        0.8940616,
        0.416448534
      ]
    ],
    "translation": [
      1.81478167,
      1.53097665,
      -0.903478861
    ]
  },
  {
    "timeStamp": 1760,
    "rotation": [
      [
        0.9655711,
        -0.158806548,
        -0.206040949
      ],
      [
        -0.118957542,
        0.4348324,
        -0.892619669
      ],
      [
        0.231347144,
        0.8863979,
        0.40097037
      ]
    ],
    "translation": [
      1.82687926,
      1.53082442,
      -0.912765265
    ]
  },
  {
    "timeStamp": 1815,
    "rotation": [
      [
        0.9546226,
        -0.186194345,
        -0.232437611
      ],
      [
        -0.132139981,
        0.434631526,
        -0.89086163
      ],
      [
        0.266898125,
        0.881150961,
        0.3903054
      ]
    ],
    "translation": [
      1.83826089,
      1.53013408,
      -0.9202534
    ]
  },
  {
    "timeStamp": 1860,
    "rotation": [
      [
        0.9429302,
        -0.211794674,
        -0.256954521
      ],
      [
        -0.145811692,
        0.4311264,
        -0.890431941
      ],
      [
        0.2993686,
        0.877082169,
        0.375639945
      ]
    ],
    "translation": [
      1.85277367,
      1.52763283,
      -0.9291736
    ]
  },
  {
    "timeStamp": 1916,
    "rotation": [
      [
        0.935382545,
        -0.231050909,
        -0.2677217
      ],
      [
        -0.152185813,
        0.42036438,
        -0.8945017
      ],
      [
        0.3192161,
        0.877444744,
        0.358038843
      ]
    ],
    "translation": [
      1.86411643,
      1.52437818,
      -0.9360285
    ]
  },
  {
    "timeStamp": 1960,
    "rotation": [
      [
        0.9254247,
        -0.25808695,
        -0.2774531
      ],
      [
        -0.157283008,
        0.4045287,
        -0.900898755
      ],
      [
        0.344747961,
        0.8773526,
        0.333768159
      ]
    ],
    "translation": [
      1.87683392,
      1.52031982,
      -0.9444134
    ]
  },
  {
    "timeStamp": 2015,
    "rotation": [
      [
        0.918080747,
        -0.278735667,
        -0.281840563
      ],
      [
        -0.158165023,
        0.394368947,
        -0.9052386
      ],
      [
        0.363471448,
        0.875659466,
        0.317976326
      ]
    ],
    "translation": [
      1.88479543,
      1.51766825,
      -0.950255632
    ]
  },
  {
    "timeStamp": 2060,
    "rotation": [
      [
        0.9084377,
        -0.296558052,
        -0.2946088
      ],
      [
        -0.167310119,
        0.3879106,
        -0.9063844
      ],
      [
        0.383077472,
        0.8726848,
        0.302775443
      ]
    ],
    "translation": [
      1.8916862,
      1.51606214,
      -0.9563738
    ]
  },
  {
    "timeStamp": 2115,
    "rotation": [
      [
        0.9010054,
        -0.310735464,
        -0.302709073
      ],
      [
        -0.170692474,
        0.387564033,
        -0.905901849
      ],
      [
        0.398815,
        0.8678926,
        0.2961571
      ]
    ],
    "translation": [
      1.89475322,
      1.51631534,
      -0.960700154
    ]
  },
  {
    "timeStamp": 2160,
    "rotation": [
      [
        0.8920992,
        -0.327678,
        -0.311104864
      ],
      [
        -0.173259765,
        0.3878194,
        -0.905305
      ],
      [
        0.417301029,
        0.861523867,
        0.289199978
      ]
    ],
    "translation": [
      1.89681339,
      1.51682174,
      -0.9663712
    ]
  },
  {
    "timeStamp": 2215,
    "rotation": [
      [
        0.8868003,
        -0.341654629,
        -0.311219215
      ],
      [
        -0.168554261,
        0.387925535,
        -0.9061475
      ],
      [
        0.430319339,
        0.856029153,
        0.286425143
      ]
    ],
    "translation": [
      1.89783239,
      1.51689184,
      -0.970747352
    ]
  },
  {
    "timeStamp": 2259,
    "rotation": [
      [
        0.8822221,
        -0.354452163,
        -0.3099159
      ],
      [
        -0.160112575,
        0.3931466,
        -0.905427933
      ],
      [
        0.442773283,
        0.848409951,
        0.290090382
      ]
    ],
    "translation": [
      1.89817214,
      1.51704609,
      -0.975711346
    ]
  },
  {
    "timeStamp": 2315,
    "rotation": [
      [
        0.881389439,
        -0.359735578,
        -0.3061748
      ],
      [
        -0.1519931,
        0.39771387,
        -0.9048325
      ],
      [
        0.4472704,
        0.844046235,
        0.29586345
      ]
    ],
    "translation": [
      1.89803445,
      1.517362,
      -0.9788226
    ]
  },
  {
    "timeStamp": 2359,
    "rotation": [
      [
        0.876727164,
        -0.3722063,
        -0.304650664
      ],
      [
        -0.141129971,
        0.406439573,
        -0.902712166
      ],
      [
        0.4598172,
        0.8344276,
        0.303807139
      ]
    ],
    "translation": [
      1.89734364,
      1.51849949,
      -0.9821328
    ]
  },
  {
    "timeStamp": 2415,
    "rotation": [
      [
        0.869050443,
        -0.3838118,
        -0.3121536
      ],
      [
        -0.139148831,
        0.415858984,
        -0.898720741
      ],
      [
        0.474751472,
        0.824469447,
        0.307995468
      ]
    ],
    "translation": [
      1.8957243,
      1.51972532,
      -0.9850079
    ]
  },
  {
    "timeStamp": 2460,
    "rotation": [
      [
        0.8602112,
        -0.39314878,
        -0.324762523
      ],
      [
        -0.144886926,
        0.4221866,
        -0.89485544
      ],
      [
        0.488921732,
        0.816818535,
        0.306207538
      ]
    ],
    "translation": [
      1.893795,
      1.52024043,
      -0.9878129
    ]
  },
  {
    "timeStamp": 2515,
    "rotation": [
      [
        0.8453676,
        -0.405517817,
        -0.3477195
      ],
      [
        -0.159683257,
        0.429334223,
        -0.888916969
      ],
      [
        0.509759545,
        0.80698663,
        0.298190862
      ]
    ],
    "translation": [
      1.89121628,
      1.5204078,
      -0.99192
    ]
  },
  {
    "timeStamp": 2559,
    "rotation": [
      [
        0.834505558,
        -0.412571043,
        -0.365220129
      ],
      [
        -0.172516987,
        0.433865458,
        -0.8843069
      ],
      [
        0.5232958,
        0.800965667,
        0.2908876
      ]
    ],
    "translation": [
      1.88948035,
      1.52094638,
      -0.995780468
    ]
  },
  {
    "timeStamp": 2615,
    "rotation": [
      [
        0.823999465,
        -0.4177048,
        -0.3828153
      ],
      [
        -0.18413651,
        0.441548258,
        -0.878139436
      ],
      [
        0.5358345,
        0.7940767,
        0.286920816
      ]
    ],
    "translation": [
      1.88793087,
      1.52267468,
      -1.00057721
    ]
  },
  {
    "timeStamp": 2659,
    "rotation": [
      [
        0.8167761,
        -0.421066433,
        -0.394436121
      ],
      [
        -0.188134983,
        0.4519095,
        -0.871999443
      ],
      [
        0.545419157,
        0.786435544,
        0.289891571
      ]
    ],
    "translation": [
      1.887158,
      1.52431977,
      -1.00411046
    ]
  },
  {
    "timeStamp": 2715,
    "rotation": [
      [
        0.810672343,
        -0.423074752,
        -0.4047444
      ],
      [
        -0.1899041,
        0.4639131,
        -0.8652867
      ],
      [
        0.5538472,
        0.778326631,
        0.295737922
      ]
    ],
    "translation": [
      1.886658,
      1.52604318,
      -1.00755513
    ]
  },
  {
    "timeStamp": 2759,
    "rotation": [
      [
        0.804949939,
        -0.4256012,
        -0.413423777
      ],
      [
        -0.189721063,
        0.4755728,
        -0.8589741
      ],
      [
        0.562193453,
        0.769866347,
        0.302066773
      ]
    ],
    "translation": [
      1.88636744,
      1.5278765,
      -1.01206589
    ]
  },
  {
    "timeStamp": 2815,
    "rotation": [
      [
        0.801988959,
        -0.425380528,
        -0.419362724
      ],
      [
        -0.190104872,
        0.483789325,
        -0.854288042
      ],
      [
        0.566280663,
        0.764852464,
        0.3071268
      ]
    ],
    "translation": [
      1.88626838,
      1.5293628,
      -1.01640487
    ]
  },
  {
    "timeStamp": 2859,
    "rotation": [
      [
        0.800448835,
        -0.424630344,
        -0.423049361
      ],
      [
        -0.190705061,
        0.488697529,
        -0.8513556
      ],
      [
        0.5682546,
        0.762144268,
        0.310198218
      ]
    ],
    "translation": [
      1.88597488,
      1.53026259,
      -1.01952457
    ]
  },
  {
    "timeStamp": 2908,
    "rotation": [
      [
        0.7980588,
        -0.425118268,
        -0.427055538
      ],
      [
        -0.191716656,
        0.4927525,
        -0.8487872
      ],
      [
        0.5712676,
        0.759255767,
        0.31174323
      ]
    ],
    "translation": [
      1.88548756,
      1.530615,
      -1.0221839
    ]
  },
  {
    "timeStamp": 2958,
    "rotation": [
      [
        0.795747042,
        -0.425094,
        -0.431371927
      ],
      [
        -0.193324953,
        0.496713758,
        -0.8461093
      ],
      [
        0.57394433,
        0.756683946,
        0.3130772
      ]
    ],
    "translation": [
      1.88471556,
      1.5308373,
      -1.02507794
    ]
  },
  {
    "timeStamp": 3013,
    "rotation": [
      [
        0.7943876,
        -0.427156717,
        -0.4318397
      ],
      [
        -0.192251563,
        0.497583628,
        -0.8458427
      ],
      [
        0.576183736,
        0.7549488,
        0.31315273
      ]
    ],
    "translation": [
      1.88424015,
      1.53060758,
      -1.02773058
    ]
  },
  {
    "timeStamp": 3058,
    "rotation": [
      [
        0.794427335,
        -0.427936852,
        -0.430993348
      ],
      [
        -0.190235212,
        0.4985908,
        -0.8457055
      ],
      [
        0.576797843,
        0.7538417,
        0.314685524
      ]
    ],
    "translation": [
      1.88378716,
      1.53017437,
      -1.02954125
    ]
  },
  {
    "timeStamp": 3114,
    "rotation": [
      [
        0.7953818,
        -0.428001225,
        -0.429165244
      ],
      [
        -0.189237237,
        0.4973126,
        -0.8466814
      ],
      [
        0.57581,
        0.754649043,
        0.3145596
      ]
    ],
    "translation": [
      1.88322473,
      1.5294646,
      -1.03133523
    ]
  },
  {
    "timeStamp": 3158,
    "rotation": [
      [
        0.796153843,
        -0.428679436,
        -0.427051485
      ],
      [
        -0.186536625,
        0.497508168,
        -0.8471657
      ],
      [
        0.5756241,
        0.754135,
        0.316128641
      ]
    ],
    "translation": [
      1.88284469,
      1.52893317,
      -1.03270817
    ]
  },
  {
    "timeStamp": 3214,
    "rotation": [
      [
        0.7968649,
        -0.432419449,
        -0.421923727
      ],
      [
        -0.180876389,
        0.495580226,
        -0.849519849
      ],
      [
        0.576446,
        0.753268659,
        0.316696048
      ]
    ],
    "translation": [
      1.88260937,
      1.52797556,
      -1.03457344
    ]
  },
  {
    "timeStamp": 3258,
    "rotation": [
      [
        0.7975983,
        -0.435327351,
        -0.4175248
      ],
      [
        -0.176879138,
        0.49296695,
        -0.8518787
      ],
      [
        0.5766721,
        0.7533084,
        0.3161893
      ]
    ],
    "translation": [
      1.88277912,
      1.5275377,
      -1.03600085
    ]
  },
  {
    "timeStamp": 3314,
    "rotation": [
      [
        0.799789,
        -0.4372994,
        -0.411226034
      ],
      [
        -0.174941108,
        0.485518843,
        -0.85654366
      ],
      [
        0.574224055,
        0.756994545,
        0.31181097
      ]
    ],
    "translation": [
      1.88353944,
      1.52660334,
      -1.03773534
    ]
  },
  {
    "timeStamp": 3359,
    "rotation": [
      [
        0.804073036,
        -0.439188749,
        -0.400724024
      ],
      [
        -0.169790864,
        0.4763125,
        -0.862726748
      ],
      [
        0.56976974,
        0.7617346,
        0.308419824
      ]
    ],
    "translation": [
      1.88507426,
      1.52547491,
      -1.03895187
    ]
  },
  {
    "timeStamp": 3415,
    "rotation": [
      [
        0.81556356,
        -0.4389729,
        -0.377039671
      ],
      [
        -0.15472348,
        0.462420642,
        -0.8730566
      ],
      [
        0.557599068,
        0.770370066,
        0.309214026
      ]
    ],
    "translation": [
      1.88808191,
      1.52359593,
      -1.03948939
    ]
  },
  {
    "timeStamp": 3459,
    "rotation": [
      [
        0.826382,
        -0.433840632,
        -0.358991742
      ],
      [
        -0.145689934,
        0.4510867,
        -0.8805085
      ],
      [
        0.5439368,
        0.779937863,
        0.309563726
      ]
    ],
    "translation": [
      1.8908112,
      1.52190959,
      -1.03958046
    ]
  },
  {
    "timeStamp": 3514,
    "rotation": [
      [
        0.8403113,
        -0.4229465,
        -0.3391063
      ],
      [
        -0.136112779,
        0.440887451,
        -0.8871818
      ],
      [
        0.524738133,
        0.7916656,
        0.3129143
      ]
    ],
    "translation": [
      1.894191,
      1.52020609,
      -1.03923559
    ]
  },
  {
    "timeStamp": 3559,
    "rotation": [
      [
        0.8487702,
        -0.415632755,
        -0.326861829
      ],
      [
        -0.130481139,
        0.434410661,
        -0.891213834
      ],
      [
        0.512409866,
        0.799085,
        0.31448257
      ]
    ],
    "translation": [
      1.89653492,
      1.51919377,
      -1.03916109
    ]
  },
  {
    "timeStamp": 3614,
    "rotation": [
      [
        0.8587548,
        -0.405693769,
        -0.3129739
      ],
      [
        -0.12370836,
        0.428584576,
        -0.8949925
      ],
      [
        0.497228622,
        0.8072966,
        0.317861378
      ]
    ],
    "translation": [
      1.899607,
      1.51842344,
      -1.03877532
    ]
  },
  {
    "timeStamp": 3659,
    "rotation": [
      [
        0.8671014,
        -0.396608025,
        -0.301392347
      ],
      [
        -0.118623033,
        0.4232356,
        -0.8982206
      ],
      [
        0.483801425,
        0.8146004,
        0.3199413
      ]
    ],
    "translation": [
      1.90216684,
      1.5177654,
      -1.03850853
    ]
  },
  {
    "timeStamp": 3714,
    "rotation": [
      [
        0.875656,
        -0.386607379,
        -0.289415419
      ],
      [
        -0.115656078,
        0.413966656,
        -0.9029149
      ],
      [
        0.468881875,
        0.824115455,
        0.3177789
      ]
    ],
    "translation": [
      1.90526414,
      1.51641774,
      -1.03859687
    ]
  },
  {
    "timeStamp": 3759,
    "rotation": [
      [
        0.8828424,
        -0.379330575,
        -0.276943326
      ],
      [
        -0.110867478,
        0.404678,
        -0.907713652
      ],
      [
        0.456396431,
        0.832072139,
        0.315211445
      ]
    ],
    "translation": [
      1.907811,
      1.51483214,
      -1.03873491
    ]
  },
  {
    "timeStamp": 3814,
    "rotation": [
      [
        0.8918562,
        -0.368769437,
        -0.26191926
      ],
      [
        -0.106649935,
        0.3912889,
        -0.914067149
      ],
      [
        0.439566135,
        0.843150139,
        0.3096442
      ]
    ],
    "translation": [
      1.91101956,
      1.512566,
      -1.03879881
    ]
  },
  {
    "timeStamp": 3859,
    "rotation": [
      [
        0.8992229,
        -0.359572232,
        -0.2492107
      ],
      [
        -0.103682727,
        0.3782533,
        -0.91987735
      ],
      [
        0.4250271,
        0.853013635,
        0.302852631
      ]
    ],
    "translation": [
      1.91368854,
      1.51061523,
      -1.03907382
    ]
  },
  {
    "timeStamp": 3914,
    "rotation": [
      [
        0.906748831,
        -0.350409269,
        -0.234563172
      ],
      [
        -0.0999776945,
        0.36175254,
        -0.9268978
      ],
      [
        0.4096474,
        0.8639146,
        0.2929856
      ]
    ],
    "translation": [
      1.91651368,
      1.50782883,
      -1.03979635
    ]
  },
  {
    "timeStamp": 3959,
    "rotation": [
      [
        0.9101157,
        -0.346226633,
        -0.227632418
      ],
      [
        -0.0990355,
        0.3516817,
        -0.930866241
      ],
      [
        0.402344823,
        0.8697397,
        0.2857823
      ]
    ],
    "translation": [
      1.91816545,
      1.50571585,
      -1.04029632
    ]
  },
  {
    "timeStamp": 4014,
    "rotation": [
      [
        0.914763451,
        -0.338034272,
        -0.221225455
      ],
      [
        -0.0988496,
        0.343670845,
        -0.9338732
      ],
      [
        0.391709864,
        0.8761411,
        0.280962974
      ]
    ],
    "translation": [
      1.919854,
      1.50387084,
      -1.0405705
    ]
  },
  {
    "timeStamp": 4059,
    "rotation": [
      [
        0.9195201,
        -0.3275511,
        -0.217239723
      ],
      [
        -0.09933331,
        0.341103,
        -0.9347629
      ],
      [
        0.3802837,
        0.8811124,
        0.2811143
      ]
    ],
    "translation": [
      1.9211086,
      1.50306809,
      -1.04039359
    ]
  },
  {
    "timeStamp": 4114,
    "rotation": [
      [
        0.9247799,
        -0.316074878,
        -0.21184653
      ],
      [
        -0.09676434,
        0.3430937,
        -0.9343037
      ],
      [
        0.367993116,
        0.884524465,
        0.286701351
      ]
    ],
    "translation": [
      1.92274487,
      1.5026685,
      -1.03971124
    ]
  },
  {
    "timeStamp": 4159,
    "rotation": [
      [
        0.9283349,
        -0.3083868,
        -0.207585827
      ],
      [
        -0.0952833,
        0.342363983,
        -0.9347235
      ],
      [
        0.3593263,
        0.8875159,
        0.2884443
      ]
    ],
    "translation": [
      1.92373466,
      1.50254321,
      -1.03989625
    ]
  },
  {
    "timeStamp": 4214,
    "rotation": [
      [
        0.9311361,
        -0.301213771,
        -0.205562428
      ],
      [
        -0.09528323,
        0.343154222,
        -0.934433639
      ],
      [
        0.352003932,
        0.889671564,
        0.290822655
      ]
    ],
    "translation": [
      1.9242723,
      1.502459,
      -1.04013562
    ]
  },
  {
    "timeStamp": 4259,
    "rotation": [
      [
        0.9322896,
        -0.296512544,
        -0.207162827
      ],
      [
        -0.0978403,
        0.344656765,
        -0.9336161
      ],
      [
        0.348228931,
        0.8906694,
        0.292309046
      ]
    ],
    "translation": [
      1.92450476,
      1.50244844,
      -1.04049623
    ]
  },
  {
    "timeStamp": 4314,
    "rotation": [
      [
        0.933318138,
        -0.292298615,
        -0.2085157
      ],
      [
        -0.09942561,
        0.347633153,
        -0.9323442
      ],
      [
        0.3450099,
        0.890905559,
        0.295390368
      ]
    ],
    "translation": [
      1.92444348,
      1.50263631,
      -1.04101169
    ]
  },
  {
    "timeStamp": 4358,
    "rotation": [
      [
        0.933752835,
        -0.290338337,
        -0.2093068
      ],
      [
        -0.099620834,
        0.350857645,
        -0.931114733
      ],
      [
        0.343775183,
        0.890282333,
        0.298690557
      ]
    ],
    "translation": [
      1.92458844,
      1.50302136,
      -1.04111934
    ]
  },
  {
    "timeStamp": 4414,
    "rotation": [
      [
        0.934712052,
        -0.286741227,
        -0.209983066
      ],
      [
        -0.100289971,
        0.354012728,
        -0.9298478
      ],
      [
        0.34096238,
        0.8901991,
        0.30214268
      ]
    ],
    "translation": [
      1.92471147,
      1.50331712,
      -1.04138887
    ]
  },
  {
    "timeStamp": 4459,
    "rotation": [
      [
        0.935923457,
        -0.283248484,
        -0.209326744
      ],
      [
        -0.100807205,
        0.354037285,
        -0.9297825
      ],
      [
        0.337468952,
        0.8913069,
        0.3027983
      ]
    ],
    "translation": [
      1.924783,
      1.503415,
      -1.041887
    ]
  },
  {
    "timeStamp": 4514,
    "rotation": [
      [
        0.9366118,
        -0.280570328,
        -0.209854
      ],
      [
        -0.101446234,
        0.356132627,
        -0.9289124
      ],
      [
        0.3353611,
        0.891319156,
        0.305095226
      ]
    ],
    "translation": [
      1.924932,
      1.503456,
      -1.04202759
    ]
  },
  {
    "timeStamp": 4558,
    "rotation": [
      [
        0.9370614,
        -0.277831,
        -0.2114848
      ],
      [
        -0.102455,
        0.360239148,
        -0.927216649
      ],
      [
        0.333794653,
        0.890526652,
        0.309101045
      ]
    ],
    "translation": [
      1.9248755,
      1.50377071,
      -1.041982
    ]
  },
  {
    "timeStamp": 4614,
    "rotation": [
      [
        0.937556863,
        -0.2751153,
        -0.21283479
      ],
      [
        -0.102881521,
        0.365175,
        -0.9252365
      ],
      [
        0.3322687,
        0.88935864,
        0.314068079
      ]
    ],
    "translation": [
      1.92511749,
      1.50428689,
      -1.04214311
    ]
  },
  {
    "timeStamp": 4659,
    "rotation": [
      [
        0.937950552,
        -0.271742642,
        -0.215417519
      ],
      [
        -0.105153486,
        0.3690784,
        -0.9234305
      ],
      [
        0.3304414,
        0.888784051,
        0.3176026
      ]
    ],
    "translation": [
      1.925008,
      1.50491023,
      -1.04240084
    ]
  },
  {
    "timeStamp": 4714,
    "rotation": [
      [
        0.937407255,
        -0.2691535,
        -0.220961392
      ],
      [
        -0.108646795,
        0.376797885,
        -0.9199017
      ],
      [
        0.330852568,
        0.8863293,
        0.3239704
      ]
    ],
    "translation": [
      1.9247992,
      1.50571287,
      -1.04242611
    ]
  },
  {
    "timeStamp": 4759,
    "rotation": [
      [
        0.9359782,
        -0.269330174,
        -0.226729244
      ],
      [
        -0.112556241,
        0.381286234,
        -0.917579353
      ],
      [
        0.333580554,
        0.884354055,
        0.3265608
      ]
    ],
    "translation": [
      1.92444086,
      1.50631762,
      -1.042912
    ]
  },
  {
    "timeStamp": 4814,
    "rotation": [
      [
        0.9343895,
        -0.269445837,
        -0.233056277
      ],
      [
        -0.117481448,
        0.3845418,
        -0.915601254
      ],
      [
        0.336324871,
        0.882908,
        0.327656925
      ]
    ],
    "translation": [
      1.92402458,
      1.50678968,
      -1.04367888
    ]
  },
  {
    "timeStamp": 4859,
    "rotation": [
      [
        0.9337069,
        -0.270600647,
        -0.234450027
      ],
      [
        -0.1185773,
        0.384151369,
        -0.9156239
      ],
      [
        0.337832719,
        0.882724762,
        0.3265977
      ]
    ],
    "translation": [
      1.92396426,
      1.50675333,
      -1.04462528
    ]
  },
  {
    "timeStamp": 4914,
    "rotation": [
      [
        0.933105052,
        -0.27220875,
        -0.234983817
      ],
      [
        -0.1193963,
        0.3818654,
        -0.9164733
      ],
      [
        0.339204222,
        0.8832221,
        0.323819816
      ]
    ],
    "translation": [
      1.92401886,
      1.506334,
      -1.04566276
    ]
  },
  {
    "timeStamp": 4958,
    "rotation": [
      [
        0.9326098,
        -0.274369717,
        -0.2344358
      ],
      [
        -0.118405782,
        0.38101998,
        -0.916953564
      ],
      [
        0.340909034,
        0.8829184,
        0.322856
      ]
    ],
    "translation": [
      1.9238981,
      1.50586307,
      -1.046412
    ]
  },
  {
    "timeStamp": 5014,
    "rotation": [
      [
        0.9314953,
        -0.2757162,
        -0.237269923
      ],
      [
        -0.120331571,
        0.3819929,
        -0.916297853
      ],
      [
        0.34327355,
        0.88207823,
        0.322647244
      ]
    ],
    "translation": [
      1.923204,
      1.50564086,
      -1.04703641
    ]
  },
  {
    "timeStamp": 5058,
    "rotation": [
      [
        0.9295031,
        -0.27678445,
        -0.243750766
      ],
      [
        -0.1251374,
        0.3850172,
        -0.914386332
      ],
      [
        0.346936166,
        0.880427241,
        0.323238552
      ]
    ],
    "translation": [
      1.922178,
      1.50573158,
      -1.04738069
    ]
  },
  {
    "timeStamp": 5117,
    "rotation": [
      [
        0.9264366,
        -0.278411329,
        -0.253381759
      ],
      [
        -0.13201727,
        0.390054941,
        -0.911278546
      ],
      [
        0.352543056,
        0.8776925,
        0.3246061
      ]
    ],
    "translation": [
      1.92067051,
      1.5061661,
      -1.04748392
    ]
  },
  {
    "timeStamp": 5157,
    "rotation": [
      [
        0.9225549,
        -0.2798227,
        -0.2656911
      ],
      [
        -0.141735122,
        0.394682735,
        -0.907819748
      ],
      [
        0.358892262,
        0.8751713,
        0.3244558
      ]
    ],
    "translation": [
      1.918803,
      1.506698,
      -1.04776549
    ]
  },
  {
    "timeStamp": 5213,
    "rotation": [
      [
        0.918416858,
        -0.2821853,
        -0.27727586
      ],
      [
        -0.151387036,
        0.396849662,
        -0.9053134
      ],
      [
        0.365502924,
        0.873431,
        0.321754247
      ]
    ],
    "translation": [
      1.91678655,
      1.50703609,
      -1.048501
    ]
  },
  {
    "timeStamp": 5257,
    "rotation": [
      [
        0.9145819,
        -0.283257753,
        -0.2886261
      ],
      [
        -0.160970137,
        0.399744153,
        -0.902381957
      ],
      [
        0.3709833,
        0.8717624,
        0.3200027
      ]
    ],
    "translation": [
      1.91513681,
      1.50717,
      -1.04896474
    ]
  },
  {
    "timeStamp": 5313,
    "rotation": [
      [
        0.9109952,
        -0.285924315,
        -0.297212273
      ],
      [
        -0.16744253,
        0.4021658,
        -0.9001254
      ],
      [
        0.376896322,
        0.869775832,
        0.318495184
      ]
    ],
    "translation": [
      1.913651,
      1.507186,
      -1.04947066
    ]
  },
  {
    "timeStamp": 5357,
    "rotation": [
      [
        0.909929156,
