[
  {
    "id": "003 cracker box(Clone)-99154",
    "pickRotation": [
      [
        -0.9979206,
        0.02599369,
        -0.05898143
      ],
      [
        0.06045091,
        0.0599324256,
        -0.9963703
      ],
      [
        -0.0223644488,
        -0.997863948,
        -0.0613791458
      ]
    ],
    "pickTranslation": [
      0.0136348922,
      -0.0125196176,
      0.195195287
    ],
    "placeRotation": [
      [
        -0.012359526,
        0.9998793,
        0.0094147725
      ],
      [
        0.0432062969,
        -0.008872672,
        0.9990268
      ],
      [
        0.9989897,
        0.0127542736,
        -0.04309142
      ]
    ],
    "placeTranslation": [
      -0.7137498,
      0.0182736143,
      0.354852468
    ]
  },
  {
    "id": "004 sugar box(Clone)-99190",
    "pickRotation": [
      [
        -0.9859228,
        -0.166648388,
        0.0135816438
      ],
      [
        0.002688184,
        -0.09701784,
        -0.995279
      ],
      [
        0.1671793,
        -0.9812318,
        0.09610009
      ]
    ],
    "pickTranslation": [
      0.006330941,
      0.009761468,
      0.165664062
    ],
    "placeRotation": [
      [
        0.999159157,
        -0.0031720188,
        -0.04087606
      ],
      [
        0.04073329,
        -0.0365127,
        0.9985027
      ],
      [
        -0.004659783,
        -0.999328136,
        -0.03635279
      ]
    ],
    "placeTranslation": [
      -0.5922767,
      0.0743457,
      -0.7152999
    ]
  },
  {
    "id": "021 bleach cleanser(Clone)-99106",
    "pickRotation": [
      [
        0.142672539,
        0.291175,
        0.9459713
      ],
      [
        -0.9829448,
        -0.0703640953,
        0.169907361
      ],
      [
        0.116035193,
        -0.9540787,
        0.276169926
      ]
    ],
    "pickTranslation": [
      -0.006477831,
      0.009953215,
      0.201885551
    ],
    "placeRotation": [
      [
        -0.000211379534,
        0.9992815,
        -0.03789972
      ],
      [
        -0.0321938545,
        0.0378732756,
        0.9987638
      ],
      [
        0.9994816,
        0.00143127772,
        0.03216272
      ]
    ],
    "placeTranslation": [
      -0.138887852,
      0.0448778346,
      0.6069552
    ]
  },
  {
    "id": "100 half egg carton(Clone)-99094",
    "pickRotation": [
      [
        0.07094607,
        0.05761568,
        0.9958148
      ],
      [
        0.0592371859,
        -0.9968118,
        0.0534530543
      ],
      [
        0.9957197,
        0.05519698,
        -0.07413287
      ]
    ],
    "pickTranslation": [
      -0.07779528,
      0.04053389,
      -0.00275639514
    ],
    "placeRotation": [
      [
        0.06945713,
        0.09352864,
        -0.9931909
      ],
      [
        -0.0101226633,
        0.9956101,
        0.09304855
      ],
      [
        0.9975336,
        0.003590852,
        0.07009898
      ]
    ],
    "placeTranslation": [
      -0.3398213,
      0.21298261,
      -0.491830438
    ]
  },
  {
    "id": "018 plum(Clone)-99206",
    "pickRotation": [
      [
        0.343428671,
        -0.342098117,
        -0.8746575
      ],
      [
        0.17575182,
        -0.891438961,
        0.417669564
      ],
      [
        -0.9225877,
        -0.297162324,
        -0.246021345
      ]
    ],
    "pickTranslation": [
      0.0263307188,
      0.049804464,
      0.0311999712
    ],
    "placeRotation": [
      [
        -0.612614036,
        -0.148794755,
        0.77625
      ],
      [
        0.105677016,
        0.9578818,
        0.267010659
      ],
      [
        -0.7832856,
        0.245606273,
        -0.5710877
      ]
    ],
    "placeTranslation": [
      -0.421931922,
      0.3590526,
      0.07246873
    ]
  },
  {
    "id": "015 peach(Clone)-99792",
    "pickRotation": [
      [
        -0.195715874,
        0.197429642,
        0.960581541
      ],
      [
        -0.979944468,
        -0.00194478489,
        -0.199261308
      ],
      [
        -0.037471965,
        -0.980315149,
        0.193850711
      ]
    ],
    "pickTranslation": [
      0.0127178449,
      0.00432538241,
      0.0621751174
    ],
    "placeRotation": [
      [
        0.378454834,
        0.8969634,
        0.228535727
      ],
      [
        -0.0167970024,
        -0.240204439,
        0.970577
      ],
      [
        0.9254674,
        -0.371158272,
        -0.0758402348
      ]
    ],
    "placeTranslation": [
      -0.299801737,
      0.3668533,
      -0.183421344
    ]
  },
  {
    "id": "007 tuna fish can(Clone)-99456",
    "pickRotation": [
      [
        -0.6476102,
        0.003287464,
        -0.7619647
      ],
      [
        0.7599532,
        -0.06995332,
        -0.646202445
      ],
      [
        -0.05542633,
        -0.9975448,
        0.0428041667
      ]
    ],
    "pickTranslation": [
      0.05434695,
      0.00131700013,
      0.02722191
    ],
    "placeRotation": [
      [
        0.372032881,
        -0.9200484,
        0.122891657
      ],
      [
        0.03602447,
        0.146606892,
        0.9885386
      ],
      [
        -0.9275202,
        -0.363341749,
        0.08768684
      ]
    ],
    "placeTranslation": [
      0.149414167,
      0.165732443,
      0.08824628
    ]
  },
  {
    "id": "101 bread(Clone)-99082",
    "pickRotation": [
      [
        -0.8954396,
        -0.221777126,
        -0.38600868
      ],
      [
        0.2565013,
        -0.965708435,
        -0.0401787944
      ],
      [
        -0.363861084,
        -0.1349894,
        0.9216198
      ]
    ],
    "pickTranslation": [
      0.0152052995,
      0.0574863926,
      -0.007052356
    ],
    "placeRotation": [
      [
        0.878724158,
        -0.133383363,
        0.458315045
      ],
      [
        -0.09946678,
        0.8879187,
        0.44911778
      ],
      [
        -0.466851354,
        -0.4402378,
        0.766968369
      ]
    ],
    "placeTranslation": [
      -0.135519147,
      0.6829412,
      -0.372518629
    ]
  },
  {
    "id": "012 strawberry(Clone)-99142",
    "pickRotation": [
      [
        -0.504864633,
        -0.414526582,
        -0.75715214
      ],
      [
        0.2843227,
        -0.908057153,
        0.3075595
      ],
      [
        -0.815029,
        -0.05999965,
        0.57630527
      ]
    ],
    "pickTranslation": [
      0.00673739566,
      0.0339854732,
      0.0166124366
    ],
    "placeRotation": [
      [
        -0.0285376031,
        0.4281936,
        0.9032363
      ],
      [
        0.05618428,
        0.902863,
        -0.426241457
      ],
      [
        -0.998012543,
        0.0385837741,
        -0.0498232953
      ]
    ],
    "placeTranslation": [
      0.111128867,
      0.428128421,
      -0.00453411927
    ]
  },
  {
    "id": "015 peach(Clone)-99166",
    "pickRotation": [
      [
        -0.6738005,
        -0.00406124024,
        0.7389021
      ],
      [
        -0.7262205,
        -0.180911556,
        -0.6632306
      ],
      [
        0.136369467,
        -0.983490944,
        0.118948951
      ]
    ],
    "pickTranslation": [
      0.0134058036,
      0.011453581,
      0.06434146
    ],
    "placeRotation": [
      [
        0.938992262,
        0.327875555,
        0.10388007
      ],
      [
        -0.111375086,
        0.00410964573,
        0.993769944
      ],
      [
        0.325405955,
        -0.9447119,
        0.0403760932
      ]
    ],
    "placeTranslation": [
      0.245303139,
      0.275818884,
      0.06259537
    ]
  },
  {
    "id": "018 plum(Clone)-99178",
    "pickRotation": [
      [
        -0.344489,
        -0.652630866,
        0.6748336
      ],
      [
        -0.273507327,
        0.7574207,
        0.5928808
      ],
      [
        -0.8980652,
        0.0196690075,
        -0.439422429
      ]
    ],
    "pickTranslation": [
      0.021035945,
      0.006544103,
      0.0189724714
    ],
    "placeRotation": [
      [
        0.118622184,
        0.516201735,
        0.84821254
      ],
      [
        0.830160439,
        -0.520224869,
        0.2004987
      ],
      [
        0.544759035,
        0.68036896,
        -0.490240425
      ]
    ],
    "placeTranslation": [
      0.250458151,
      0.7176977,
      0.288639218
    ]
  },
  {
    "id": "025 mug(Clone)-99218",
    "pickRotation": [
      [
        -0.9936189,
        -0.0717456,
        0.08702882
      ],
      [
        -0.0898251161,
        0.0367107764,
        -0.995280743
      ],
      [
        0.0682121143,
        -0.996747136,
        -0.04292108
      ]
    ],
    "pickTranslation": [
      0.06759909,
      0.0185766518,
      0.0689652339
    ],
    "placeRotation": [
      [
        0.8778273,
        -0.475859344,
        -0.0545626841
      ],
      [
        0.07905074,
        0.0315813236,
        0.9963702
      ],
      [
        -0.4724089,
        -0.8789542,
        0.06533998
      ]
    ],
    "placeTranslation": [
      0.592871368,
      0.111490764,
      0.3598449
    ]
  },
  {
    "id": "012 strawberry(Clone)-99804",
    "pickRotation": [
      [
        0.827051759,
        -0.5434106,
        0.143841088
      ],
      [
        -0.5431881,
        -0.838441133,
        -0.04430686
      ],
      [
        0.1446791,
        -0.0414887,
        -0.9886084
      ]
    ],
    "pickTranslation": [
      0.0231455918,
      0.03662276,
      0.034374103
    ],
    "placeRotation": [
      [
        -0.7099377,
        0.2995685,
        -0.637375236
      ],
      [
        0.350202829,
        0.9353623,
        0.0495515168
      ],
      [
        0.611020863,
        -0.18803212,
        -0.7689586
      ]
    ],
    "placeTranslation": [
      0.6762737,
      0.413755536,
      0.6451107
    ]
  },
  {
    "id": "058 golf ball(Clone)-99432",
    "pickRotation": [
      [
        -0.9161893,
        0.0190415867,
        -0.400293022
      ],
      [
        0.3552404,
        -0.4237146,
        -0.833228767
      ],
      [
        -0.185476,
        -0.905595541,
        0.381438464
      ]
    ],
    "pickTranslation": [
      0.00434957258,
      -0.0213247724,
      0.0311827976
    ],
    "placeRotation": [
      [
        0.633176148,
        -0.688794732,
        0.353057832
      ],
      [
        0.09147103,
        0.5195357,
        0.8495385
      ],
      [
        -0.768583834,
        -0.5056129,
        0.391962379
      ]
    ],
    "placeTranslation": [
      0.786689937,
      0.5451914,
      0.0341023542
    ]
  },
  {
    "id": "017 orange(Clone)-99444",
    "pickRotation": [
      [
        0.948878348,
        -0.287957877,
        -0.129267573
      ],
      [
        -0.3124848,
        -0.799217165,
        -0.513424933
      ],
      [
        0.0445318855,
        0.527572,
        -0.8483423
      ]
    ],
    "pickTranslation": [
      0.00539462175,
      0.009355657,
      0.0262588467
    ],
    "placeRotation": [
      [
        -0.9104944,
        0.124572016,
        -0.394311756
      ],
      [
        0.29616484,
        0.8619157,
        -0.41156736
      ],
      [
        0.2885937,
        -0.491511047,
        -0.82166326
      ]
    ],
    "placeTranslation": [
      0.631486058,
      0.736008644,
      -0.21939306
    ]
  },
  {
    "id": "013 apple(Clone)-99130",
    "pickRotation": [
      [
        -0.3355668,
        0.07419224,
        -0.939090252
      ],
      [
        0.931867659,
        0.172082216,
        -0.319390684
      ],
      [
        0.1379044,
        -0.9822847,
        -0.126882419
      ]
    ],
    "pickTranslation": [
      0.005201172,
      -0.006812559,
      0.0790932551
    ],
    "placeRotation": [
      [
        -0.0781777948,
        -0.996389,
        0.0331242457
      ],
      [
        -0.09933157,
        0.0408456661,
        0.9942157
      ],
      [
        -0.9919786,
        0.07443532,
        -0.102166109
      ]
    ],
    "placeTranslation": [
      0.6823816,
      0.3785968,
      -0.669473
    ]
  },
  {
    "id": "101 bread(Clone)-99118",
    "pickRotation": [
      [
        -0.915531456,
        -0.192844138,
        -0.353006154
      ],
      [
        0.330282956,
        -0.861315,
        -0.386069447
      ],
      [
        -0.229598269,
        -0.470050633,
        0.852254152
      ]
    ],
    "pickTranslation": [
      0.0126961954,
      0.0492123067,
      0.0006527227
    ],
    "placeRotation": [
      [
        0.626432836,
        0.0143117411,
        0.7793441
      ],
      [
        -0.09347662,
        0.993995249,
        0.056882482
      ],
      [
        -0.7738502,
        -0.108483508,
        0.6240091
      ]
    ],
    "placeTranslation": [
      0.569938064,
      0.7214197,
      0.09598661
    ]
  }
]