[
  {
    "timeStamp": 54413,
    "rotation": [
      [
        0.6375658,
        -0.648337245,
        0.41613543
      ],
      [
        0.7173954,
        0.6965267,
        -0.01394394
      ],
      [
        -0.280809075,
        0.30742383,
        0.9091957
      ]
    ],
    "translation": [
      1.45414042,
      0.7046909,
      -0.751401365
    ]
  },
  {
    "timeStamp": 54457,
    "rotation": [
      [
        0.672937,
        -0.615865469,
        0.409713984
      ],
      [
        0.692011833,
        0.719818652,
        -0.05459635
      ],
      [
        -0.261295766,
        0.3202668,
        0.9105788
      ]
    ],
    "translation": [
      1.45511031,
      0.714710951,
      -0.7573903
    ]
  },
  {
    "timeStamp": 54513,
    "rotation": [
      [
        0.7235027,
        -0.5776924,
        0.377909124
      ],
      [
        0.641723335,
        0.764604747,
        -0.0597555935
      ],
      [
        -0.254430741,
        0.285746425,
        0.923912346
      ]
    ],
    "translation": [
      1.45892131,
      0.7382891,
      -0.766211748
    ]
  },
  {
    "timeStamp": 54557,
    "rotation": [
      [
        0.764537752,
        -0.5327003,
        0.362922043
      ],
      [
        0.601594,
        0.791868865,
        -0.105015807
      ],
      [
        -0.231444716,
        0.298620284,
        0.925882936
      ]
    ],
    "translation": [
      1.46724164,
      0.7609545,
      -0.7776902
    ]
  },
  {
    "timeStamp": 54613,
    "rotation": [
      [
        0.816692233,
        -0.475024223,
        0.327667177
      ],
      [
        0.5517392,
        0.8091488,
        -0.202143714
      ],
      [
        -0.169108331,
        0.345876038,
        0.922915
      ]
    ],
    "translation": [
      1.485154,
      0.7901789,
      -0.799875557
    ]
  },
  {
    "timeStamp": 54658,
    "rotation": [
      [
        0.843663037,
        -0.454783678,
        0.285314739
      ],
      [
        0.527437031,
        0.801303148,
        -0.282353282
      ],
      [
        -0.100213945,
        0.3886966,
        0.915899634
      ]
    ],
    "translation": [
      1.50822735,
      0.8100189,
      -0.8241915
    ]
  },
  {
    "timeStamp": 54713,
    "rotation": [
      [
        0.8499806,
        -0.473412246,
        0.231114239
      ],
      [
        0.526193261,
        0.7842106,
        -0.3288379
      ],
      [
        -0.02556635,
        0.40111658,
        0.9156701
      ]
    ],
    "translation": [
      1.54949319,
      0.8235992,
      -0.8523949
    ]
  },
  {
    "timeStamp": 54758,
    "rotation": [
      [
        0.8419555,
        -0.496043444,
        0.212254077
      ],
      [
        0.5395357,
        0.771510065,
        -0.337154984
      ],
      [
        0.00348737813,
        0.398388118,
        0.9172103
      ]
    ],
    "translation": [
      1.58904219,
      0.82788974,
      -0.8706016
    ]
  },
  {
    "timeStamp": 54813,
    "rotation": [
      [
        0.825204849,
        -0.5155993,
        0.230638728
      ],
      [
        0.5648029,
        0.75748533,
        -0.327434957
      ],
      [
        -0.00588020962,
        0.400466323,
        0.9162926
      ]
    ],
    "translation": [
      1.64302969,
      0.8292955,
      -0.883577645
    ]
  },
  {
    "timeStamp": 54858,
    "rotation": [
      [
        0.8151622,
        -0.5036437,
        0.286100656
      ],
      [
        0.577696741,
        0.7428524,
        -0.338285118
      ],
      [
        -0.042155385,
        0.441036642,
        0.8964985
      ]
    ],
    "translation": [
      1.68650079,
      0.8317887,
      -0.886905551
    ]
  },
  {
    "timeStamp": 54913,
    "rotation": [
      [
        0.805221438,
        -0.446511656,
        0.390186816
      ],
      [
        0.57513994,
        0.748264849,
        -0.3306263
      ],
      [
        -0.144334584,
        0.490639418,
        0.859325647
      ]
    ],
    "translation": [
      1.73887038,
      0.841396153,
      -0.8788967
    ]
  },
  {
    "timeStamp": 54957,
    "rotation": [
      [
        0.791032135,
        -0.378788143,
        0.480403572
      ],
      [
        0.5600558,
        0.7643672,
        -0.31949985
      ],
      [
        -0.246182024,
        0.521787465,
        0.8167816
      ]
    ],
    "translation": [
      1.78070974,
      0.8548725,
      -0.864924669
    ]
  },
  {
    "timeStamp": 55012,
    "rotation": [
      [
        0.745547831,
        -0.265502721,
        0.611282945
      ],
      [
        0.5277777,
        0.7952865,
        -0.298278838
      ],
      [
        -0.406951159,
        0.5450026,
        0.733050466
      ]
    ],
    "translation": [
      1.83486748,
      0.8777011,
      -0.8409377
    ]
  },
  {
    "timeStamp": 55067,
    "rotation": [
      [
        0.6720895,
        -0.136007383,
        0.727872
      ],
      [
        0.475120276,
        0.8331605,
        -0.283026934
      ],
      [
        -0.5679405,
        0.536046147,
        0.624578357
      ]
    ],
    "translation": [
      1.89101124,
      0.9051771,
      -0.81405884
    ]
  },
  {
    "timeStamp": 55112,
    "rotation": [
      [
        0.5823034,
        -0.0461066477,
        0.811663032
      ],
      [
        0.42598477,
        0.8676611,
        -0.2563224
      ],
      [
        -0.6924303,
        0.4950135,
        0.5248828
      ]
    ],
    "translation": [
      1.9394151,
      0.928014159,
      -0.7927042
    ]
  },
  {
    "timeStamp": 55166,
    "rotation": [
      [
        0.495787859,
        0.02760382,
        0.8680048
      ],
      [
        0.384588271,
        0.889165044,
        -0.247946262
      ],
      [
        -0.778643847,
        0.456753224,
        0.43022114
      ]
    ],
    "translation": [
      1.98509216,
      0.946769834,
      -0.77603817
    ]
  },
  {
    "timeStamp": 55208,
    "rotation": [
      [
        0.3971292,
        0.0775641352,
        0.9144792
      ],
      [
        0.3489555,
        0.9088238,
        -0.228624731
      ],
      [
        -0.848833561,
        0.409906119,
        0.333854049
      ]
    ],
    "translation": [
      2.036898,
      0.9617033,
      -0.7652717
    ]
  },
  {
    "timeStamp": 55263,
    "rotation": [
      [
        0.324385583,
        0.0843796,
        0.942154
      ],
      [
        0.339687735,
        0.919184864,
        -0.199277654
      ],
      [
        -0.8828286,
        0.384680927,
        0.2695076
      ]
    ],
    "translation": [
      2.08011,
      0.9642928,
      -0.762510359
    ]
  },
  {
    "timeStamp": 55308,
    "rotation": [
      [
        0.262372643,
        0.04693915,
        0.963824332
      ],
      [
        0.351318449,
        0.9256213,
        -0.140714675
      ],
      [
        -0.8987413,
        0.375528961,
        0.226367116
      ]
    ],
    "translation": [
      2.113255,
      0.9582489,
      -0.7608307
    ]
  },
  {
    "timeStamp": 55363,
    "rotation": [
      [
        0.168737441,
        -0.0190680716,
        0.9854766
      ],
      [
        0.396858543,
        0.916505039,
        -0.0502182543
      ],
      [
        -0.9022367,
        0.3995685,
        0.162216038
      ]
    ],
    "translation": [
      2.15308928,
      0.942000449,
      -0.7585974
    ]
  },
  {
    "timeStamp": 55407,
    "rotation": [
      [
        0.130745336,
        -0.04699287,
        0.990301669
      ],
      [
        0.43308562,
        0.9012376,
        -0.0144119561
      ],
      [
        -0.8918198,
        0.430769682,
        0.138184547
      ]
    ],
    "translation": [
      2.17705059,
      0.926344037,
      -0.755199969
    ]
  },
  {
    "timeStamp": 55463,
    "rotation": [
      [
        0.110930763,
        -0.02685244,
        0.9934653
      ],
      [
        0.4552216,
        0.8899755,
        -0.0267750323
      ],
      [
        -0.8834408,
        0.455217034,
        0.110949472
      ]
    ],
    "translation": [
      2.19555235,
      0.9101093,
      -0.7453521
    ]
  },
  {
    "timeStamp": 55507,
    "rotation": [
      [
        0.112482324,
        -0.02044637,
        0.9934433
      ],
      [
        0.497520655,
        0.866597533,
        -0.0384959131
      ],
      [
        -0.860128462,
        0.4985887,
        0.107649393
      ]
    ],
    "translation": [
      2.200886,
      0.89185375,
      -0.7379966
    ]
  },
  {
    "timeStamp": 55563,
    "rotation": [
      [
        0.142976388,
        -0.05170952,
        0.988374352
      ],
      [
        0.5312324,
        0.8466004,
        -0.0325548649
      ],
      [
        -0.8350748,
        0.529711068,
        0.148513645
      ]
    ],
    "translation": [
      2.20029926,
      0.8724204,
      -0.7289364
    ]
  },
  {
    "timeStamp": 55608,
    "rotation": [
      [
        0.1217492,
        -0.0927840546,
        0.9882147
      ],
      [
        0.5546968,
        0.8319951,
        0.009777215
      ],
      [
        -0.823097,
        0.5469692,
        0.152761757
      ]
    ],
    "translation": [
      2.20497155,
      0.8583666,
      -0.7228844
    ]
  },
  {
    "timeStamp": 55665,
    "rotation": [
      [
        0.12677373,
        -0.125276491,
        0.983989
      ],
      [
        0.576265752,
        0.8167212,
        0.0297367275
      ],
      [
        -0.807369947,
        0.563269258,
        0.175731361
      ]
    ],
    "translation": [
      2.20697856,
      0.8462053,
      -0.7162216
    ]
  },
  {
    "timeStamp": 55711,
    "rotation": [
      [
        0.110108607,
        -0.132223487,
        0.985085249
      ],
      [
        0.584032536,
        0.8105629,
        0.0435174964
      ],
      [
        -0.80422765,
        0.5705302,
        0.166472763
      ]
    ],
    "translation": [
      2.21021056,
      0.8387694,
      -0.7119888
    ]
  },
  {
    "timeStamp": 55767,
    "rotation": [
      [
        0.110996209,
        -0.137201726,
        0.9843046
      ],
      [
        0.597959459,
        0.8003108,
        0.0441253558
      ],
      [
        -0.7938037,
        0.5836765,
        0.170872539
      ]
    ],
    "translation": [
      2.212001,
      0.8306879,
      -0.709767163
    ]
  },
  {
    "timeStamp": 55812,
    "rotation": [
      [
        0.1093796,
        -0.133565784,
        0.9849854
      ],
      [
        0.6137312,
        0.7885622,
        0.0387774669
      ],
      [
        -0.7819016,
        0.600274861,
        0.1682261
      ]
    ],
    "translation": [
      2.212065,
      0.824651957,
      -0.7087937
    ]
  },
  {
    "timeStamp": 55858,
    "rotation": [
      [
        0.101959951,
        -0.146315336,
        0.9839695
      ],
      [
        0.617634356,
        0.7846987,
        0.05268405
      ],
      [
        -0.779828131,
        0.602361739,
        0.17037724
      ]
    ],
    "translation": [
      2.212501,
      0.8213667,
      -0.708629
    ]
  }
]