[
  {
    "timeStamp": 4579,
    "rotation": [
      [
        -0.00363888661,
        0.9999902,
        -0.00250874553
      ],
      [
        0.007925859,
        0.00253752479,
        0.99996537
      ],
      [
        0.999962,
        0.00361887645,
        -0.007935015
      ]
    ],
    "translation": [
      1.46203053,
      0.7048938,
      -0.7502526
    ]
  },
  {
    "timeStamp": 4634,
    "rotation": [
      [
        -0.00394338276,
        0.9999845,
        -0.003916259
      ],
      [
        0.009903711,
        0.003955152,
        0.999943137
      ],
      [
        0.999943137,
        0.00390437432,
        -0.009919154
      ]
    ],
    "translation": [
      1.46202862,
      0.704905331,
      -0.7502772
    ]
  },
  {
    "timeStamp": 4678,
    "rotation": [
      [
        -0.003716451,
        0.9999909,
        -0.00210665585
      ],
      [
        0.0122266924,
        0.002151953,
        0.999922931
      ],
      [
        0.999918342,
        0.003690406,
        -0.0122345788
      ]
    ],
    "translation": [
      1.46204793,
      0.7048795,
      -0.75031203
    ]
  },
  {
    "timeStamp": 4734,
    "rotation": [
      [
        -0.00368147553,
        0.9999931,
        0.0005394906
      ],
      [
        0.0235859547,
        -0.000452512468,
        0.9997217
      ],
      [
        0.99971503,
        0.00369317573,
        -0.0235841256
      ]
    ],
    "translation": [
      1.46208394,
      0.704873562,
      -0.7505519
    ]
  },
  {
    "timeStamp": 4779,
    "rotation": [
      [
        -0.00464324653,
        0.9999742,
        0.00547541957
      ],
      [
        0.0272229724,
        -0.005347047,
        0.9996151
      ],
      [
        0.9996186,
        0.004790521,
        -0.0271974448
      ]
    ],
    "translation": [
      1.46224773,
      0.704811752,
      -0.750604451
    ]
  },
  {
    "timeStamp": 4834,
    "rotation": [
      [
        -0.00285418332,
        0.9999013,
        0.0137548475
      ],
      [
        0.03220104,
        -0.0136558712,
        0.9993881
      ],
      [
        0.9994773,
        0.003295371,
        -0.0321588852
      ]
    ],
    "translation": [
      1.46228766,
      0.7051873,
      -0.75045687
    ]
  },
  {
    "timeStamp": 4878,
    "rotation": [
      [
        0.0343328826,
        0.999239266,
        0.0184965972
      ],
      [
        0.0127203166,
        -0.0189429186,
        0.999739647
      ],
      [
        0.9993295,
        -0.03408866,
        -0.0133610042
      ]
    ],
    "translation": [
      1.4690727,
      0.7065643,
      -0.753400445
    ]
  },
  {
    "timeStamp": 4934,
    "rotation": [
      [
        0.0640093,
        0.9960047,
        0.06226936
      ],
      [
        0.0512699746,
        -0.0655970052,
        0.9965282
      ],
      [
        0.996631444,
        -0.0605945475,
        -0.05526395
      ]
    ],
    "translation": [
      1.47052038,
      0.725455,
      -0.74365145
    ]
  },
  {
    "timeStamp": 4978,
    "rotation": [
      [
        0.105388291,
        0.9873275,
        0.118649118
      ],
      [
        0.0402295254,
        -0.123448893,
        0.9915351
      ],
      [
        0.993617058,
        -0.09972298,
        -0.05272978
      ]
    ],
    "translation": [
      1.4688071,
      0.7482521,
      -0.74214983
    ]
  },
  {
    "timeStamp": 5034,
    "rotation": [
      [
        0.131704688,
        0.9771097,
        0.167064428
      ],
      [
        0.0681160539,
        -0.177054748,
        0.981841
      ],
      [
        0.988945961,
        -0.117933296,
        -0.0898757949
      ]
    ],
    "translation": [
      1.47369123,
      0.7769833,
      -0.73653686
    ]
  },
  {
    "timeStamp": 5078,
    "rotation": [
      [
        0.144743919,
        0.970292568,
        0.193859577
      ],
      [
        0.09790238,
        -0.209005445,
        0.9730015
      ],
      [
        0.9846138,
        -0.121856749,
        -0.125246227
      ]
    ],
    "translation": [
      1.48276269,
      0.79977566,
      -0.7317222
    ]
  },
  {
    "timeStamp": 5134,
    "rotation": [
      [
        0.18868497,
        0.9564303,
        0.222798184
      ],
      [
        0.119137086,
        -0.247491315,
        0.96153754
      ],
      [
        0.974784255,
        -0.15488416,
        -0.1606442
      ]
    ],
    "translation": [
      1.49830377,
      0.829757452,
      -0.7244236
    ]
  },
  {
    "timeStamp": 5178,
    "rotation": [
      [
        0.240850985,
        0.9379009,
        0.249665231
      ],
      [
        0.135407358,
        -0.2871934,
        0.9482536
      ],
      [
        0.961070061,
        -0.1945813,
        -0.1961695
      ]
    ],
    "translation": [
      1.513507,
      0.8550746,
      -0.7144475
    ]
  },
  {
    "timeStamp": 5234,
    "rotation": [
      [
        0.3198148,
        0.906431437,
        0.27586323
      ],
      [
        0.166105181,
        -0.34028396,
        0.92553544
      ],
      [
        0.9328063,
        -0.2501776,
        -0.2593908
      ]
    ],
    "translation": [
      1.53833461,
      0.8873173,
      -0.6982903
    ]
  },
  {
    "timeStamp": 5278,
    "rotation": [
      [
        0.383242965,
        0.8758502,
        0.293276727
      ],
      [
        0.181454867,
        -0.382726341,
        0.9058668
      ],
      [
        0.905648351,
        -0.2939506,
        -0.3056045
      ]
    ],
    "translation": [
      1.56154609,
      0.911570251,
      -0.686769247
    ]
  },
  {
    "timeStamp": 5334,
    "rotation": [
      [
        0.469309539,
        0.8296401,
        0.3024002
      ],
      [
        0.195484638,
        -0.431571871,
        0.880642653
      ],
      [
        0.86112386,
        -0.354179382,
        -0.364722669
      ]
    ],
    "translation": [
      1.59667659,
      0.939133167,
      -0.672629833
    ]
  },
  {
    "timeStamp": 5378,
    "rotation": [
      [
        0.546669662,
        0.7880961,
        0.282943249
      ],
      [
        0.224665388,
        -0.4635615,
        0.8571092
      ],
      [
        0.806646049,
        -0.404988021,
        -0.4304729
      ]
    ],
    "translation": [
      1.6334374,
      0.9591985,
      -0.656335354
    ]
  },
  {
    "timeStamp": 5434,
    "rotation": [
      [
        0.6399229,
        0.7265318,
        0.250300139
      ],
      [
        0.25002563,
        -0.50485754,
        0.82619977
      ],
      [
        0.726626337,
        -0.466122717,
        -0.504721463
      ]
    ],
    "translation": [
      1.685301,
      0.9820578,
      -0.638273537
    ]
  },
  {
    "timeStamp": 5478,
    "rotation": [
      [
        0.7167711,
        0.66632086,
        0.205561817
      ],
      [
        0.2631508,
        -0.5314708,
        0.8051649
      ],
      [
        0.645748258,
        -0.523025155,
        -0.556285739
      ]
    ],
    "translation": [
      1.73295653,
      0.9976667,
      -0.6247865
    ]
  },
  {
    "timeStamp": 5534,
    "rotation": [
      [
        0.793608069,
        0.5890722,
        0.1522504
      ],
      [
        0.274550378,
        -0.5700279,
        0.7743968
      ],
      [
        0.5429626,
        -0.572767138,
        -0.6141087
      ]
    ],
    "translation": [
      1.79267025,
      1.01450717,
      -0.613335133
    ]
  },
  {
    "timeStamp": 5578,
    "rotation": [
      [
        0.8517271,
        0.516882,
        0.08598788
      ],
      [
        0.2752853,
        -0.581035554,
        0.7659084
      ],
      [
        0.4458463,
        -0.6286738,
        -0.6371738
      ]
    ],
    "translation": [
      1.8462323,
      1.02133727,
      -0.607860446
    ]
  },
  {
    "timeStamp": 5634,
    "rotation": [
      [
        0.90100044,
        0.432341933,
        0.03575857
      ],
      [
        0.25648725,
        -0.5973656,
        0.75984776
      ],
      [
        0.349874973,
        -0.6754516,
        -0.6491169
      ]
    ],
    "translation": [
      1.90397263,
      1.02652168,
      -0.608934641
    ]
  },
  {
    "timeStamp": 5678,
    "rotation": [
      [
        0.92645663,
        0.374791533,
        -0.0347766653
      ],
      [
        0.268391639,
        -0.593002737,
        0.759153247
      ],
      [
        0.263901532,
        -0.7126563,
        -0.6499823
      ]
    ],
    "translation": [
      1.95410883,
      1.02657759,
      -0.611911
    ]
  },
  {
    "timeStamp": 5734,
    "rotation": [
      [
        0.952770948,
        0.290685922,
        -0.08791529
      ],
      [
        0.250263453,
        -0.5875461,
        0.7695179
      ],
      [
        0.172033742,
        -0.7551763,
        -0.632544935
      ]
    ],
    "translation": [
      2.00782585,
      1.020961,
      -0.6207574
    ]
  },
  {
    "timeStamp": 5778,
    "rotation": [
      [
        0.969293833,
        0.213857636,
        -0.121384673
      ],
      [
        0.22622788,
        -0.5820337,
        0.7810619
      ],
      [
        0.09638608,
        -0.7845391,
        -0.6125423
      ]
    ],
    "translation": [
      2.0488348,
      1.01465642,
      -0.6292013
    ]
  },
  {
    "timeStamp": 5844,
    "rotation": [
      [
        0.9770078,
        0.148248911,
        -0.153225422
      ],
      [
        0.210468248,
        -0.5558838,
        0.8041743
      ],
      [
        0.03404244,
        -0.8179336,
        -0.5743045
      ]
    ],
    "translation": [
      2.09152341,
      0.9966414,
      -0.643875
    ]
  },
  {
    "timeStamp": 5879,
    "rotation": [
      [
        0.9798283,
        0.104667857,
        -0.170238718
      ],
      [
        0.199829355,
        -0.522509,
        0.8288864
      ],
      [
        -0.00219348283,
        -0.846185,
        -0.5328848
      ]
    ],
    "translation": [
      2.11743641,
      0.9795227,
      -0.6556854
    ]
  },
  {
    "timeStamp": 5934,
    "rotation": [
      [
        0.9738758,
        0.09308259,
        -0.207126781
      ],
      [
        0.226317286,
        -0.472611725,
        0.851715147
      ],
      [
        -0.0186106712,
        -0.876341164,
        -0.481331348
      ]
    ],
    "translation": [
      2.14572382,
      0.954424,
      -0.6701214
    ]
  },
  {
    "timeStamp": 5978,
    "rotation": [
      [
        0.977323651,
        0.08104882,
        -0.195626274
      ],
      [
        0.211417392,
        -0.425335437,
        0.8799957
      ],
      [
        -0.011884179,
        -0.9013994,
        -0.4328255
      ]
    ],
    "translation": [
      2.15896058,
      0.932189047,
      -0.679331243
    ]
  },
  {
    "timeStamp": 6033,
    "rotation": [
      [
        0.9663487,
        0.08623096,
        -0.242351875
      ],
      [
        0.257167518,
        -0.345551521,
        0.902473867
      ],
      [
        -0.00592384255,
        -0.934429467,
        -0.356099039
      ]
    ],
    "translation": [
      2.18348932,
      0.9011616,
      -0.693427742
    ]
  },
  {
    "timeStamp": 6078,
    "rotation": [
      [
        0.9609662,
        0.0846578851,
        -0.263395041
      ],
      [
        0.2766511,
        -0.284262985,
        0.917964458
      ],
      [
        0.00283948286,
        -0.9550014,
        -0.296587825
      ]
    ],
    "translation": [
      2.20302939,
      0.878533,
      -0.7049851
    ]
  },
  {
    "timeStamp": 6134,
    "rotation": [
      [
        0.967124462,
        0.05220216,
        -0.248887986
      ],
      [
        0.254288822,
        -0.209050074,
        0.9442644
      ],
      [
        -0.002737402,
        -0.976510644,
        -0.215451851
      ]
    ],
    "translation": [
      2.21620345,
      0.849568248,
      -0.7206458
    ]
  },
  {
    "timeStamp": 6178,
    "rotation": [
      [
        0.956114352,
        0.0819314346,
        -0.281305075
      ],
      [
        0.291885138,
        -0.182911813,
        0.938800454
      ],
      [
        0.0254632328,
        -0.9797094,
        -0.198799163
      ]
    ],
    "translation": [
      2.23091912,
      0.8368975,
      -0.7234714
    ]
  },
  {
    "timeStamp": 6233,
    "rotation": [
      [
        0.9746052,
        0.02427018,
        -0.222610816
      ],
      [
        0.223670185,
        -0.15337491,
        0.962521553
      ],
      [
        -0.01078236,
        -0.9878699,
        -0.154908508
      ]
    ],
    "translation": [
      2.23406935,
      0.8181323,
      -0.732651
    ]
  },
  {
    "timeStamp": 6278,
    "rotation": [
      [
        0.9749738,
        0.0320394263,
        -0.219998926
      ],
      [
        0.222316965,
        -0.135579586,
        0.9655016
      ],
      [
        0.0011067579,
        -0.990248263,
        -0.139309451
      ]
    ],
    "translation": [
      2.24011183,
      0.807348,
      -0.7362279
    ]
  },
  {
    "timeStamp": 6333,
    "rotation": [
      [
        0.986000657,
        0.02323128,
        -0.165115327
      ],
      [
        0.166728631,
        -0.125014156,
        0.9780455
      ],
      [
        0.00207950617,
        -0.991883,
        -0.127137348
      ]
    ],
    "translation": [
      2.2347815,
      0.796123445,
      -0.738495469
    ]
  },
  {
    "timeStamp": 6378,
    "rotation": [
      [
        0.98783,
        0.0243832711,
        -0.153614387
      ],
      [
        0.155406132,
        -0.114141263,
        0.981234252
      ],
      [
        0.006391938,
        -0.9931653,
        -0.116541468
      ]
    ],
    "translation": [
      2.234601,
      0.7885258,
      -0.7399364
    ]
  },
  {
    "timeStamp": 6434,
    "rotation": [
      [
        0.9892961,
        0.0270641241,
        -0.143390208
      ],
      [
        0.145336121,
        -0.09478469,
        0.9848316
      ],
      [
        0.0130623858,
        -0.9951298,
        -0.0977035239
      ]
    ],
    "translation": [
      2.23746085,
      0.781368852,
      -0.7422424
    ]
  },
  {
    "timeStamp": 6478,
    "rotation": [
      [
        0.98982203,
        0.0335674062,
        -0.1382953
      ],
      [
        0.140697643,
        -0.084922865,
        0.9864037
      ],
      [
        0.0213665739,
        -0.995821953,
        -0.08878138
      ]
    ],
    "translation": [
      2.23656225,
      0.774717152,
      -0.7445302
    ]
  },
  {
    "timeStamp": 6533,
    "rotation": [
      [
        0.9884339,
        0.0221563932,
        -0.150025129
      ],
      [
        0.150990054,
        -0.0514226221,
        0.9871969
      ],
      [
        0.0141580505,
        -0.998431146,
        -0.0541732572
      ]
    ],
    "translation": [
      2.24360061,
      0.767317533,
      -0.751465261
    ]
  },
  {
    "timeStamp": 6578,
    "rotation": [
      [
        0.9895742,
        0.0111683179,
        -0.143590018
      ],
      [
        0.14392364,
        -0.03952751,
        0.988799036
      ],
      [
        0.00536745926,
        -0.999156058,
        -0.0407227874
      ]
    ],
    "translation": [
      2.24673581,
      0.7634127,
      -0.7543744
    ]
  },
  {
    "timeStamp": 6633,
    "rotation": [
      [
        0.990722,
        0.00266524334,
        -0.135877937
      ],
      [
        0.135895267,
        -0.0308083054,
        0.9902441
      ],
      [
        -0.0015469197,
        -0.999521732,
        -0.03088466
      ]
    ],
    "translation": [
      2.24737024,
      0.7606616,
      -0.7556905
    ]
  },
  {
    "timeStamp": 6678,
    "rotation": [
      [
        0.9919537,
        0.000131295848,
        -0.126601487
      ],
      [
        0.126559645,
        -0.026754776,
        0.9915981
      ],
      [
        -0.003256999,
        -0.999642,
        -0.0265561137
      ]
    ],
    "translation": [
      2.247514,
      0.75972265,
      -0.756406248
    ]
  },
  {
    "timeStamp": 6733,
    "rotation": [
      [
        0.9926789,
        0.00435457937,
        -0.120704822
      ],
      [
        0.120742947,
        -0.009930991,
        0.9926341
      ],
      [
        0.00312378351,
        -0.9999412,
        -0.01038407
      ]
    ],
    "translation": [
      2.247153,
      0.7569226,
      -0.7588804
    ]
  },
  {
    "timeStamp": 6778,
    "rotation": [
      [
        0.9933845,
        0.0445920378,
        -0.105824463
      ],
      [
        0.105686955,
        0.005436659,
        0.9943846
      ],
      [
        0.04491697,
        -0.998990536,
        0.00068789575
      ]
    ],
    "translation": [
      2.24139929,
      0.7547535,
      -0.7624727
    ]
  }
]