[
  {
    "timeStamp": 16584,
    "rotation": [
      [
        0.9998414,
        -0.00722311949,
        -0.0162797626
      ],
      [
        0.0162012968,
        -0.010791989,
        0.9998105
      ],
      [
        -0.00739743328,
        -0.999915659,
        -0.0106732529
      ]
    ],
    "translation": [
      1.76978588,
      0.704341,
      -0.620059848
    ]
  },
  {
    "timeStamp": 16629,
    "rotation": [
      [
        0.999891162,
        -0.00691977656,
        -0.0130298873
      ],
      [
        0.0129676415,
        -0.008965284,
        0.9998757
      ],
      [
        -0.007035733,
        -0.999935865,
        -0.008874575
      ]
    ],
    "translation": [
      1.7697742,
      0.704454243,
      -0.620057464
    ]
  },
  {
    "timeStamp": 16684,
    "rotation": [
      [
        0.999909639,
        -0.00664314441,
        -0.0116887772
      ],
      [
        0.011574043,
        -0.0170547925,
        0.999787569
      ],
      [
        -0.00684107933,
        -0.9998325,
        -0.016976364
      ]
    ],
    "translation": [
      1.76976943,
      0.704454243,
      -0.620115
    ]
  },
  {
    "timeStamp": 16730,
    "rotation": [
      [
        0.9999405,
        -0.008878512,
        -0.006337946
      ],
      [
        0.00625850726,
        -0.008946665,
        0.9999404
      ],
      [
        -0.008934684,
        -0.999920547,
        -0.008890566
      ]
    ],
    "translation": [
      1.76975942,
      0.704572,
      -0.620078564
    ]
  },
  {
    "timeStamp": 16784,
    "rotation": [
      [
        0.999940455,
        -0.009964626,
        0.00445051864
      ],
      [
        -0.00448139524,
        -0.00307843881,
        0.9999852
      ],
      [
        -0.009950776,
        -0.9999456,
        -0.00312291086
      ]
    ],
    "translation": [
      1.76981068,
      0.7047886,
      -0.620049655
    ]
  },
  {
    "timeStamp": 16828,
    "rotation": [
      [
        0.9994923,
        -0.0158260427,
        0.0276550055
      ],
      [
        -0.0276341,
        0.0015381783,
        0.9996169
      ],
      [
        -0.0158625189,
        -0.999873638,
        0.00110005878
      ]
    ],
    "translation": [
      1.76971579,
      0.705577135,
      -0.620037556
    ]
  },
  {
    "timeStamp": 16884,
    "rotation": [
      [
        0.9923326,
        -0.100781433,
        0.07154784
      ],
      [
        -0.0725252256,
        -0.006062963,
        0.9973481
      ],
      [
        -0.100080378,
        -0.994890153,
        -0.0133256717
      ]
    ],
    "translation": [
      1.76918828,
      0.7138294,
      -0.6114066
    ]
  },
  {
    "timeStamp": 16929,
    "rotation": [
      [
        0.987571239,
        -0.126317218,
        0.09352537
      ],
      [
        -0.09757915,
        -0.0262812935,
        0.9948807
      ],
      [
        -0.123212583,
        -0.9916417,
        -0.0382805765
      ]
    ],
    "translation": [
      1.77356684,
      0.7298159,
      -0.603952
    ]
  },
  {
    "timeStamp": 16984,
    "rotation": [
      [
        0.980371535,
        -0.157585338,
        0.118483961
      ],
      [
        -0.128264591,
        -0.0533807129,
        0.9903023
      ],
      [
        -0.149732366,
        -0.9860615,
        -0.07254555
      ]
    ],
    "translation": [
      1.78130233,
      0.75414896,
      -0.596016
    ]
  },
  {
    "timeStamp": 17029,
    "rotation": [
      [
        0.9712928,
        -0.189241618,
        0.144145787
      ],
      [
        -0.1613077,
        -0.07857989,
        0.983770847
      ],
      [
        -0.174843445,
        -0.9787813,
        -0.106850207
      ]
    ],
    "translation": [
      1.78855562,
      0.779634953,
      -0.5890506
    ]
  },
  {
    "timeStamp": 17084,
    "rotation": [
      [
        0.9576698,
        -0.230394661,
        0.172588676
      ],
      [
        -0.202391654,
        -0.112533458,
        0.9728175
      ],
      [
        -0.204709962,
        -0.9665684,
        -0.154399857
      ]
    ],
    "translation": [
      1.80217063,
      0.816934943,
      -0.5815931
    ]
  },
  {
    "timeStamp": 17128,
    "rotation": [
      [
        0.9416181,
        -0.27659288,
        0.191968232
      ],
      [
        -0.236045957,
        -0.135763139,
        0.9622114
      ],
      [
        -0.240078613,
        -0.95134896,
        -0.19312565
      ]
    ],
    "translation": [
      1.81719625,
      0.8497313,
      -0.574880242
    ]
  },
  {
    "timeStamp": 17184,
    "rotation": [
      [
        0.9127438,
        -0.3489407,
        0.212459758
      ],
      [
        -0.2865648,
        -0.1761985,
        0.941719055
      ],
      [
        -0.291169047,
        -0.920431733,
        -0.260818183
      ]
    ],
    "translation": [
      1.84406209,
      0.8958047,
      -0.562582254
    ]
  },
  {
    "timeStamp": 17229,
    "rotation": [
      [
        0.8881327,
        -0.409391433,
        0.208851635
      ],
      [
        -0.315884084,
        -0.213682652,
        0.9244225
      ],
      [
        -0.333822668,
        -0.886982739,
        -0.3190988
      ]
    ],
    "translation": [
      1.87261081,
      0.93063885,
      -0.5531546
    ]
  },
  {
    "timeStamp": 17284,
    "rotation": [
      [
        0.838292658,
        -0.506310761,
        0.202274233
      ],
      [
        -0.36175552,
        -0.238946915,
        0.901131153
      ],
      [
        -0.407919616,
        -0.828585446,
        -0.383468151
      ]
    ],
    "translation": [
      1.91683066,
      0.9722175,
      -0.5401678
    ]
  },
  {
    "timeStamp": 17328,
    "rotation": [
      [
        0.801551163,
        -0.572021365,
        0.174090028
      ],
      [
        -0.377580047,
        -0.258476555,
        0.889169931
      ],
      [
        -0.463626,
        -0.7784481,
        -0.423166
      ]
    ],
    "translation": [
      1.95620584,
      0.9965664,
      -0.533078432
    ]
  },
  {
    "timeStamp": 17384,
    "rotation": [
      [
        0.7458504,
        -0.657462656,
        0.107005261
      ],
      [
        -0.381452143,
        -0.289873451,
        0.877762854
      ],
      [
        -0.5460783,
        -0.695497155,
        -0.466992736
      ]
    ],
    "translation": [
      2.01318288,
      1.01719856,
      -0.523931563
    ]
  },
  {
    "timeStamp": 17428,
    "rotation": [
      [
        0.6937393,
        -0.7174389,
        0.0633031353
      ],
      [
        -0.378660023,
        -0.2885574,
        0.8794039
      ],
      [
        -0.612651944,
        -0.6340474,
        -0.471849024
      ]
    ],
    "translation": [
      2.05573916,
      1.02183771,
      -0.5211921
    ]
  },
  {
    "timeStamp": 17484,
    "rotation": [
      [
        0.628276169,
        -0.7779799,
        -0.004033132
      ],
      [
        -0.351283222,
        -0.288305,
        0.890775144
      ],
      [
        -0.6941679,
        -0.558236063,
        -0.454426467
      ]
    ],
    "translation": [
      2.106726,
      1.0119952,
      -0.5203746
    ]
  },
  {
    "timeStamp": 17533,
    "rotation": [
      [
        0.5689553,
        -0.82227236,
        0.0125691826
      ],
      [
        -0.3561067,
        -0.232566684,
        0.9050419
      ],
      [
        -0.741267741,
        -0.519404352,
        -0.425136715
      ]
    ],
    "translation": [
      2.13160849,
      0.998048246,
      -0.5231356
    ]
  },
  {
    "timeStamp": 17579,
    "rotation": [
      [
        0.492699534,
        -0.8701855,
        -0.00493708253
      ],
      [
        -0.3367078,
        -0.19586961,
        0.9210119
      ],
      [
        -0.802418232,
        -0.4521198,
        -0.3895031
      ]
    ],
    "translation": [
      2.1635,
      0.975653768,
      -0.5260856
    ]
  },
  {
    "timeStamp": 17634,
    "rotation": [
      [
        0.455431044,
        -0.8898722,
        -0.0266470164
      ],
      [
        -0.290674627,
        -0.1769232,
        0.9403225
      ],
      [
        -0.8414814,
        -0.420506448,
        -0.3392396
      ]
    ],
    "translation": [
      2.18503261,
      0.947268367,
      -0.532857955
    ]
  },
  {
    "timeStamp": 17679,
    "rotation": [
      [
        0.411631256,
        -0.9113505,
        -2.83300324E-05
      ],
      [
        -0.279545784,
        -0.126292512,
        0.9517901
      ],
      [
        -0.867417932,
        -0.391778648,
        -0.306750119
      ]
    ],
    "translation": [
      2.19262218,
      0.9277082,
      -0.53691864
    ]
  },
  {
    "timeStamp": 17734,
    "rotation": [
      [
        0.406139016,
        -0.9137728,
        -0.00838751
      ],
      [
        -0.23716177,
        -0.114265054,
        0.9647268
      ],
      [
        -0.8824995,
        -0.389823973,
        -0.263119459
      ]
    ],
    "translation": [
      2.19837,
      0.9039675,
      -0.5429824
    ]
  },
  {
    "timeStamp": 17779,
    "rotation": [
      [
        0.395067126,
        -0.918590546,
        0.0106491074
      ],
      [
        -0.215791553,
        -0.0815273449,
        0.97303
      ],
      [
        -0.8929479,
        -0.386710137,
        -0.230432838
      ]
    ],
    "translation": [
      2.197083,
      0.8871049,
      -0.5473661
    ]
  },
  {
    "timeStamp": 17834,
    "rotation": [
      [
        0.400766373,
        -0.9161646,
        0.005362745
      ],
      [
        -0.170172125,
        -0.0686859,
        0.9830176
      ],
      [
        -0.9002376,
        -0.394873,
        -0.183432683
      ]
    ],
    "translation": [
      2.19729948,
      0.8668957,
      -0.5527855
    ]
  },
  {
    "timeStamp": 17878,
    "rotation": [
      [
        0.388075262,
        -0.921627462,
        0.00061170297
      ],
      [
        -0.146388844,
        -0.06098552,
        0.987345457
      ],
      [
        -0.909927368,
        -0.3832539,
        -0.158582956
      ]
    ],
    "translation": [
      2.20004,
      0.852676153,
      -0.5546572
    ]
  },
  {
    "timeStamp": 17934,
    "rotation": [
      [
        0.3747412,
        -0.927039742,
        0.0128969187
      ],
      [
        -0.128437966,
        -0.03813252,
        0.990984142
      ],
      [
        -0.9181899,
        -0.37301904,
        -0.133356929
      ]
    ],
    "translation": [
      2.20205,
      0.8375053,
      -0.5556164
    ]
  },
  {
    "timeStamp": 17979,
    "rotation": [
      [
        0.372363955,
        -0.9278486,
        0.0210285261
      ],
      [
        -0.106703319,
        -0.0202924833,
        0.9940838
      ],
      [
        -0.9219325,
        -0.3724048,
        -0.106560707
      ]
    ],
    "translation": [
      2.200913,
      0.824400365,
      -0.5567327
    ]
  },
  {
    "timeStamp": 18025,
    "rotation": [
      [
        0.36653614,
        -0.930109441,
        0.0234010126
      ],
      [
        -0.08825288,
        -0.009718507,
        0.9960507
      ],
      [
        -0.926208735,
        -0.3671538,
        -0.08564702
      ]
    ],
    "translation": [
      2.19992757,
      0.8125737,
      -0.5580093
    ]
  },
  {
    "timeStamp": 18082,
    "rotation": [
      [
        0.3598646,
        -0.932185054,
        0.0390967242
      ],
      [
        -0.08215816,
        0.01008034,
        0.9965683
      ],
      [
        -0.9293802,
        -0.361841768,
        -0.07295905
      ]
    ],
    "translation": [
      2.19534,
      0.8010903,
      -0.5562183
    ]
  },
  {
    "timeStamp": 18127,
    "rotation": [
      [
        0.366054773,
        -0.9304627,
        0.015593336
      ],
      [
        -0.05706525,
        -0.0057190205,
        0.9983541
      ],
      [
        -0.928842068,
        -0.3663421,
        -0.05519056
      ]
    ],
    "translation": [
      2.19669724,
      0.7906285,
      -0.556579
    ]
  },
  {
    "timeStamp": 18183,
    "rotation": [
      [
        0.3547299,
        -0.93445766,
        0.0309123658
      ],
      [
        -0.0521410145,
        0.013239366,
        0.998551965
      ],
      [
        -0.933513761,
        -0.355828047,
        -0.04402717
      ]
    ],
    "translation": [
      2.19367623,
      0.780703,
      -0.555171847
    ]
  },
  {
    "timeStamp": 18228,
    "rotation": [
      [
        0.356585145,
        -0.934010267,
        0.02172141
      ],
      [
        -0.03611185,
        0.009453131,
        0.999303043
      ],
      [
        -0.9335646,
        -0.357121021,
        -0.0303579941
      ]
    ],
    "translation": [
      2.192941,
      0.772860169,
      -0.5550132
    ]
  },
  {
    "timeStamp": 18283,
    "rotation": [
      [
        0.357597321,
        -0.933789551,
        0.0126990154
      ],
      [
        -0.01832047,
        0.006580989,
        0.9998105
      ],
      [
        -0.933696151,
        -0.357762218,
        -0.0147541184
      ]
    ],
    "translation": [
      2.19451332,
      0.7634101,
      -0.555586338
    ]
  },
  {
    "timeStamp": 18328,
    "rotation": [
      [
        0.346740365,
        -0.9377168,
        0.0214096811
      ],
      [
        -0.0115030985,
        0.0185727552,
        0.999761343
      ],
      [
        -0.937890649,
        -0.3469039,
        -0.0043467246
      ]
    ],
    "translation": [
      2.19379282,
      0.7573657,
      -0.5552445
    ]
  },
  {
    "timeStamp": 18383,
    "rotation": [
      [
        0.342870951,
        -0.939198554,
        0.01858866
      ],
      [
        0.008543337,
        0.0229050256,
        0.999701142
      ],
      [
        -0.939343631,
        -0.342609674,
        0.0158773586
      ]
    ],
    "translation": [
      2.19615817,
      0.7500412,
      -0.5571448
    ]
  },
  {
    "timeStamp": 18428,
    "rotation": [
      [
        0.341502726,
        -0.9394763,
        0.0275709238
      ],
      [
        0.00530594,
        0.03126109,
        0.9994972
      ],
      [
        -0.9398658,
        -0.341184735,
        0.0156605523
      ]
    ],
    "translation": [
      2.194045,
      0.74758023,
      -0.555520236
    ]
  },
  {
    "timeStamp": 18483,
    "rotation": [
      [
        0.343645275,
        -0.9386591,
        0.028758008
      ],
      [
        0.0143235112,
        0.03585835,
        0.9992542
      ],
      [
        -0.938990235,
        -0.342977077,
        0.0257674474
      ]
    ],
    "translation": [
      2.194613,
      0.7440318,
      -0.5559791
    ]
  },
  {
    "timeStamp": 18528,
    "rotation": [
      [
        0.341798037,
        -0.9393533,
        0.0280969441
      ],
      [
        0.0174831878,
        0.0362482369,
        0.999189854
      ],
      [
        -0.9396108,
        -0.341029882,
        0.0288124662
      ]
    ],
    "translation": [
      2.1941154,
      0.7427199,
      -0.5549573
    ]
  },
  {
    "timeStamp": 18583,
    "rotation": [
      [
        0.3522011,
        -0.9355436,
        0.02669373
      ],
      [
        0.0254085362,
        0.0380684249,
        0.998952031
      ],
      [
        -0.9355794,
        -0.351153731,
        0.03717853
      ]
    ],
    "translation": [
      2.19248676,
      0.7408316,
      -0.55504185
    ]
  },
  {
    "timeStamp": 18628,
    "rotation": [
      [
        0.356520116,
        -0.933919251,
        0.02623266
      ],
      [
        0.02651675,
        0.03818109,
        0.998918951
      ],
      [
        -0.933911264,
        -0.3554391,
        0.0383768342
      ]
    ],
    "translation": [
      2.19147253,
      0.740529835,
      -0.554084659
    ]
  },
  {
    "timeStamp": 18683,
    "rotation": [
      [
        0.364906371,
        -0.930880666,
        0.0174507275
      ],
      [
        0.0242265053,
        0.0282303169,
        0.9993078
      ],
      [
        -0.930729,
        -0.36423102,
        0.03285341
      ]
    ],
    "translation": [
      2.19119,
      0.741990447,
      -0.5517119
    ]
  },
  {
    "timeStamp": 18728,
    "rotation": [
      [
        0.368834317,
        -0.929424,
        0.0115017416
      ],
      [
        0.03127069,
        0.0247747954,
        0.999203861
      ],
      [
        -0.928968966,
        -0.36818102,
        0.0382015258
      ]
    ],
    "translation": [
      2.190967,
      0.7418089,
      -0.552149
    ]
  }
]