[
  {
    "timeStamp": 0,
    "rotation": [
      [
        0.9239799,
        0.181022912,
        0.336885571
      ],
      [
        0.0310767833,
        0.842430353,
        -0.537908256
      ],
      [
        -0.381176353,
        0.507485747,
        0.772763133
      ]
    ],
    "translation": [
      1.81558943,
      1.45243275,
      -1.1025672
    ]
  },
  {
    "timeStamp": 12,
    "rotation": [
      [
        0.9235103,
        0.180371433,
        0.33851853
      ],
      [
        0.03243621,
        0.8426543,
        -0.5374771
      ],
      [
        -0.3821996,
        0.507345855,
        0.772349358
      ]
    ],
    "translation": [
      1.81518853,
      1.45202,
      -1.10290372
    ]
  },
  {
    "timeStamp": 42,
    "rotation": [
      [
        0.8993564,
        0.206960618,
        0.3851303
      ],
      [
        0.0272700321,
        0.8526011,
        -0.5218502
      ],
      [
        -0.436364979,
        0.479831874,
        0.761148453
      ]
    ],
    "translation": [
      1.83575642,
      1.45037246,
      -1.11066723
    ]
  },
  {
    "timeStamp": 82,
    "rotation": [
      [
        0.8767198,
        0.228152841,
        0.4234485
      ],
      [
        0.0264934357,
        0.8561062,
        -0.5161204
      ],
      [
        -0.48027122,
        0.46371156,
        0.7445207
      ]
    ],
    "translation": [
      1.84889007,
      1.45023561,
      -1.11440372
    ]
  },
  {
    "timeStamp": 131,
    "rotation": [
      [
        0.858113766,
        0.245871857,
        0.450763643
      ],
      [
        0.0244102366,
        0.8573673,
        -0.5141259
      ],
      [
        -0.512879133,
        0.452181727,
        0.7297169
      ]
    ],
    "translation": [
      1.85551894,
      1.45105231,
      -1.11694586
    ]
  },
  {
    "timeStamp": 176,
    "rotation": [
      [
        0.8436427,
        0.256191552,
        0.471839845
      ],
      [
        0.0222276077,
        0.861395359,
        -0.507448435
      ],
      [
        -0.536444664,
        0.43859303,
        0.7210154
      ]
    ],
    "translation": [
      1.8609885,
      1.45294774,
      -1.11875868
    ]
  },
  {
    "timeStamp": 231,
    "rotation": [
      [
        0.8334183,
        0.266020834,
        0.48440358
      ],
      [
        0.0134867718,
        0.8664708,
        -0.4990455
      ],
      [
        -0.5524781,
        0.4224467,
        0.7185449
      ]
    ],
    "translation": [
      1.86442685,
      1.454199,
      -1.11964846
    ]
  },
  {
    "timeStamp": 352,
    "rotation": [
      [
        0.837053955,
        0.266246051,
        0.477968335
      ],
      [
        0.0112644453,
        0.865035653,
        -0.501584
      ],
      [
        -0.5470044,
        0.4252369,
        0.7210824
      ]
    ],
    "translation": [
      1.86344218,
      1.45349181,
      -1.11933815
    ]
  },
  {
    "timeStamp": 354,
    "rotation": [
      [
        0.8370955,
        0.2686636,
        0.476540655
      ],
      [
        0.008400425,
        0.864683568,
        -0.5022467
      ],
      [
        -0.5469923,
        0.4244316,
        0.7215659
      ]
    ],
    "translation": [
      1.863571,
      1.4532274,
      -1.11932349
    ]
  },
  {
    "timeStamp": 400,
    "rotation": [
      [
        0.884092748,
        0.2736726,
        0.378791928
      ],
      [
        -0.0357793346,
        0.847839057,
        -0.5290452
      ],
      [
        -0.46593976,
        0.454172134,
        0.759360135
      ]
    ],
    "translation": [
      1.85147977,
      1.44705975,
      -1.11209774
    ]
  },
  {
    "timeStamp": 453,
    "rotation": [
      [
        0.910694361,
        0.254912257,
        0.325046867
      ],
      [
        -0.04710843,
        0.8458411,
        -0.531350732
      ],
      [
        -0.410385847,
        0.46858567,
        0.782311261
      ]
    ],
    "translation": [
      1.84218144,
      1.44596827,
      -1.10831463
    ]
  },
  {
    "timeStamp": 498,
    "rotation": [
      [
        0.930695,
        0.23592177,
        0.279549152
      ],
      [
        -0.05471615,
        0.8454101,
        -0.5313077
      ],
      [
        -0.361680716,
        0.479189575,
        0.799727738
      ]
    ],
    "translation": [
      1.83380044,
      1.44503391,
      -1.1055162
    ]
  },
  {
    "timeStamp": 553,
    "rotation": [
      [
        0.9525558,
        0.2096067,
        0.220686421
      ],
      [
        -0.06282041,
        0.844858766,
        -0.5312883
      ],
      [
        -0.297810435,
        0.492218167,
        0.8179427
      ]
    ],
    "translation": [
      1.82302189,
      1.44428778,
      -1.10143673
    ]
  },
  {
    "timeStamp": 598,
    "rotation": [
      [
        0.96730566,
        0.18672426,
        0.171620846
      ],
      [
        -0.06673465,
        0.8402564,
        -0.5380666
      ],
      [
        -0.2446756,
        0.5090218,
        0.825245738
      ]
    ],
    "translation": [
      1.81465471,
      1.44361556,
      -1.09823287
    ]
  },
  {
    "timeStamp": 653,
    "rotation": [
      [
        0.9811888,
        0.155875444,
        0.113891609
      ],
      [
        -0.06899304,
        0.8341312,
        -0.5472341
      ],
      [
        -0.180300891,
        0.529082239,
        0.829194546
      ]
    ],
    "translation": [
      1.80429411,
      1.44162548,
      -1.09530449
    ]
  },
  {
    "timeStamp": 697,
    "rotation": [
      [
        0.988679945,
        0.132000327,
        0.0713291
      ],
      [
        -0.07101134,
        0.8304526,
        -0.552544832
      ],
      [
        -0.132171541,
        0.541224837,
        0.8304254
      ]
    ],
    "translation": [
      1.796454,
      1.43994677,
      -1.09289789
    ]
  },
  {
    "timeStamp": 753,
    "rotation": [
      [
        0.9947674,
        0.0992545262,
        0.0242144447
      ],
      [
        -0.06907716,
        0.828053653,
        -0.5563772
      ],
      [
        -0.07527381,
        0.5517932,
        0.830577
      ]
    ],
    "translation": [
      1.78711319,
      1.43780875,
      -1.0900017
    ]
  },
  {
    "timeStamp": 797,
    "rotation": [
      [
        0.997624338,
        0.06676374,
        -0.0169816669
      ],
      [
        -0.064756684,
        0.82473886,
        -0.5617939
      ],
      [
        -0.023502022,
        0.561558962,
        0.827102959
      ]
    ],
    "translation": [
      1.77914655,
      1.43600929,
      -1.08908439
    ]
  },
  {
    "timeStamp": 855,
    "rotation": [
      [
        0.9977919,
        0.0366556868,
        -0.0553871021
      ],
      [
        -0.06147053,
        0.8254802,
        -0.56107384
      ],
      [
        0.0251544081,
        0.563239634,
        0.8259107
      ]
    ],
    "translation": [
      1.77152514,
      1.435109,
      -1.08823156
    ]
  },
  {
    "timeStamp": 900,
    "rotation": [
      [
        0.994152,
        -0.00063100236,
        -0.107987761
      ],
      [
        -0.06014523,
        0.8272939,
        -0.5585404
      ],
      [
        0.08969005,
        0.561769,
        0.8224179
      ]
    ],
    "translation": [
      1.76219153,
      1.43412244,
      -1.08758247
    ]
  },
  {
    "timeStamp": 946,
    "rotation": [
      [
        0.989001155,
        -0.0254983455,
        -0.1456934
      ],
      [
        -0.06127437,
        0.825893,
        -0.560487449
      ],
      [
        0.13461867,
        0.56325,
        0.815246761
      ]
    ],
    "translation": [
      1.75568926,
      1.43319821,
      -1.088006
    ]
  },
  {
    "timeStamp": 1003,
    "rotation": [
      [
        0.980068743,
        -0.056962166,
        -0.19031705
      ],
      [
        -0.0608217977,
        0.8259686,
        -0.560425341
      ],
      [
        0.189118952,
        0.5608308,
        0.8060414
      ]
    ],
    "translation": [
      1.74870241,
      1.43303955,
      -1.08882284
    ]
  },
  {
    "timeStamp": 1047,
    "rotation": [
      [
        0.9704668,
        -0.08299282,
        -0.226509124
      ],
      [
        -0.05901998,
        0.8287373,
        -0.556516945
      ],
      [
        0.233903483,
        0.55344975,
        0.799363732
      ]
    ],
    "translation": [
      1.74320567,
      1.4335345,
      -1.08954346
    ]
  },
  {
    "timeStamp": 1103,
    "rotation": [
      [
        0.9560522,
        -0.114702761,
        -0.269828677
      ],
      [
        -0.0563512258,
        0.831256449,
        -0.5530255
      ],
      [
        0.287730366,
        0.5439264,
        0.788260937
      ]
    ],
    "translation": [
      1.7369808,
      1.43380034,
      -1.09060466
    ]
  },
  {
    "timeStamp": 1147,
    "rotation": [
      [
        0.9442485,
        -0.136572167,
        -0.299571157
      ],
      [
        -0.055605758,
        0.8306782,
        -0.553969145
      ],
      [
        0.324503958,
        0.5397424,
        0.7767724
      ]
    ],
    "translation": [
      1.732284,
      1.43363273,
      -1.09182477
    ]
  },
  {
    "timeStamp": 1202,
    "rotation": [
      [
        0.9281831,
        -0.165785715,
        -0.333153367
      ],
      [
        -0.050249055,
        0.8312375,
        -0.5536418
      ],
      [
        0.368715465,
        0.5306216,
        0.76321
      ]
    ],
    "translation": [
      1.72720182,
      1.43389952,
      -1.09332275
    ]
  },
  {
    "timeStamp": 1247,
    "rotation": [
      [
        0.9145762,
        -0.1860081,
        -0.3590981
      ],
      [
        -0.045900546,
        0.8344656,
        -0.549145
      ],
      [
        0.401800424,
        0.5187177,
        0.7546445
      ]
    ],
    "translation": [
      1.72316241,
      1.43449628,
      -1.09424639
    ]
  },
  {
    "timeStamp": 1303,
    "rotation": [
      [
        0.8938096,
        -0.212352067,
        -0.3949823
      ],
      [
        -0.0386686847,
        0.8410027,
        -0.5396472
      ],
      [
        0.44677642,
        0.4976153,
        0.7434849
      ]
    ],
    "translation": [
      1.71793914,
      1.435434,
      -1.09594893
    ]
  },
  {
    "timeStamp": 1347,
    "rotation": [
      [
        0.873800457,
        -0.23589617,
        -0.425236017
      ],
      [
        -0.03489007,
        0.841792941,
        -0.538671851
      ],
      [
        0.4850313,
        0.485528231,
        0.7273286
      ]
    ],
    "translation": [
      1.71318316,
      1.43587554,
      -1.09881127
    ]
  },
  {
    "timeStamp": 1402,
    "rotation": [
      [
        0.8431074,
        -0.261870474,
        -0.4696742
      ],
      [
        -0.0333485454,
        0.84627074,
        -0.53170836
      ],
      [
        0.5367102,
        0.4639502,
        0.704764068
      ]
    ],
    "translation": [
      1.70686948,
      1.437687,
      -1.10215974
    ]
  },
  {
    "timeStamp": 1447,
    "rotation": [
      [
        0.818545341,
        -0.277321458,
        -0.503066957
      ],
      [
        -0.0336887427,
        0.851066768,
        -0.5239757
      ],
      [
        0.5734532,
        0.445845544,
        0.6872942
      ]
    ],
    "translation": [
      1.70133,
      1.43882239,
      -1.10542333
    ]
  },
  {
    "timeStamp": 1502,
    "rotation": [
      [
        0.798205256,
        -0.2868259,
        -0.5297162
      ],
      [
        -0.0339514129,
        0.85654515,
        -0.5149541
      ],
      [
        0.601428032,
        0.429023683,
        0.6739607
      ]
    ],
    "translation": [
      1.69461513,
      1.43977511,
      -1.10876739
    ]
  },
  {
    "timeStamp": 1547,
    "rotation": [
      [
        0.794380844,
        -0.28718105,
        -0.535244048
      ],
      [
        -0.0304743461,
        0.8612239,
        -0.5073114
      ],
      [
        0.6066551,
        0.419309646,
        0.675388038
      ]
    ],
    "translation": [
      1.69017875,
      1.440681,
      -1.10936821
    ]
  },
  {
    "timeStamp": 1602,
    "rotation": [
      [
        0.799678445,
        -0.283265233,
        -0.529410243
      ],
      [
        -0.0232504,
        0.8664505,
        -0.498721272
      ],
      [
        0.5999782,
        0.41112566,
        0.686295748
      ]
    ],
    "translation": [
      1.68431985,
      1.44128537,
      -1.10786092
    ]
  },
  {
    "timeStamp": 1646,
    "rotation": [
      [
        0.804848254,
        -0.28390044,
        -0.5211716
      ],
      [
        -0.0169202313,
        0.866827369,
        -0.4983212
      ],
      [
        0.5932394,
        0.4098913,
        0.6928608
      ]
    ],
    "translation": [
      1.67904234,
      1.44090044,
      -1.105464
    ]
  },
  {
    "timeStamp": 1702,
    "rotation": [
      [
        0.8126431,
        -0.28686294,
        -0.507267952
      ],
      [
        -0.013825329,
        0.8607202,
        -0.50889045
      ],
      [
        0.5825976,
        0.420559466,
        0.695492446
      ]
    ],
    "translation": [
      1.671099,
      1.44016063,
      -1.10210407
    ]
  },
  {
    "timeStamp": 1747,
    "rotation": [
      [
        0.816049337,
        -0.289029926,
        -0.5005249
      ],
      [
        -0.0123353042,
        0.857080162,
        -0.5150354
      ],
      [
        0.5778506,
        0.426468432,
        0.6958544
      ]
    ],
    "translation": [
      1.662962,
      1.43992293,
      -1.09919822
    ]
  },
  {
    "timeStamp": 1802,
    "rotation": [
      [
        0.8210672,
        -0.290363,
        -0.491465062
      ],
      [
        -0.00835956,
        0.854754865,
        -0.5189646
      ],
      [
        0.570770264,
        0.430213243,
        0.6993839
      ]
    ],
    "translation": [
      1.65081215,
      1.44000065,
      -1.09549165
    ]
  },
  {
    "timeStamp": 1846,
    "rotation": [
      [
        0.8276661,
        -0.290297568,
        -0.4803085
      ],
      [
        -0.00405981345,
        0.8527085,
        -0.5223713
      ],
      [
        0.5612062,
        0.434298962,
        0.704579353
      ]
    ],
    "translation": [
      1.6402787,
      1.44076717,
      -1.09209633
    ]
  },
  {
    "timeStamp": 1902,
    "rotation": [
      [
        0.842401743,
        -0.286661685,
        -0.456272364
      ],
      [
        0.003134757,
        0.8493448,
        -0.5278292
      ],
      [
        0.53884095,
        0.4432139,
        0.716388166
      ]
    ],
    "translation": [
      1.62731469,
      1.441702,
      -1.08764148
    ]
  },
  {
    "timeStamp": 1946,
    "rotation": [
      [
        0.8579493,
        -0.281099439,
        -0.4300072
      ],
      [
        0.0101691624,
        0.846150756,
        -0.5328466
      ],
      [
        0.5136338,
        0.452782571,
        0.728812933
      ]
    ],
    "translation": [
      1.61747408,
      1.44180441,
      -1.08394039
    ]
  },
  {
    "timeStamp": 2002,
    "rotation": [
      [
        0.875862,
        -0.273456663,
        -0.397601783
      ],
      [
        0.0211576931,
        0.844908953,
        -0.5344915
      ],
      [
        0.4820976,
        0.45972845,
        0.7458094
      ]
    ],
    "translation": [
      1.60510325,
      1.44157493,
      -1.079201
    ]
  },
  {
    "timeStamp": 2046,
    "rotation": [
      [
        0.8907482,
        -0.263400257,
        -0.370388955
      ],
      [
        0.0282262,
        0.845429,
        -0.5333414
      ],
      [
        0.453619838,
        0.4646182,
        0.7604991
      ]
    ],
    "translation": [
      1.59516191,
      1.44147956,
      -1.07544625
    ]
  },
  {
    "timeStamp": 2102,
    "rotation": [
      [
        0.908858657,
        -0.2300836,
        -0.347904474
      ],
      [
        0.0215267837,
        0.858857632,
        -0.511761844
      ],
      [
        0.416548431,
        0.457629919,
        0.78553313
      ]
    ],
    "translation": [
      1.58214092,
      1.44420183,
      -1.070217
    ]
  },
  {
    "timeStamp": 2147,
    "rotation": [
      [
        0.920789957,
        -0.200901583,
        -0.334341764
      ],
      [
        0.0101310974,
        0.869186163,
        -0.49438116
      ],
      [
        0.3899272,
        0.451833963,
        0.8023733
      ]
    ],
    "translation": [
      1.57257664,
      1.4477191,
      -1.06621826
    ]
  },
  {
    "timeStamp": 2202,
    "rotation": [
      [
        0.9321348,
        -0.177230582,
        -0.315775335
      ],
      [
        0.004786826,
        0.877993643,
        -0.4786484
      ],
      [
        0.362079859,
        0.444653273,
        0.8192568
      ]
    ],
    "translation": [
      1.56013036,
      1.45010006,
      -1.06233513
    ]
  },
  {
    "timeStamp": 2246,
    "rotation": [
      [
        0.9400615,
        -0.1658395,
        -0.297962368
      ],
      [
        0.00536582572,
        0.88086313,
        -0.4733406
      ],
      [
        0.340962648,
        0.4433705,
        0.8289554
      ]
    ],
    "translation": [
      1.55104661,
      1.45054674,
      -1.05953991
    ]
  },
  {
    "timeStamp": 2302,
    "rotation": [
      [
        0.949012458,
        -0.159481123,
        -0.271921337
      ],
      [
        0.0124650225,
        0.8808984,
        -0.473141223
      ],
      [
        0.3149922,
        0.4456274,
        0.837971449
      ]
    ],
    "translation": [
      1.54069793,
      1.4491905,
      -1.05649841
    ]
  },
  {
    "timeStamp": 2346,
    "rotation": [
      [
        0.955704153,
        -0.153464809,
        -0.2511535
      ],
      [
        0.016921645,
        0.8805464,
        -0.473657727
      ],
      [
        0.2938421,
        0.448426723,
        0.844138741
      ]
    ],
    "translation": [
      1.533246,
      1.44763553,
      -1.05390954
    ]
  },
  {
    "timeStamp": 2402,
    "rotation": [
      [
        0.9627109,
        -0.146574512,
        -0.227384225
      ],
      [
        0.0223853458,
        0.8807846,
        -0.472987771
      ],
      [
        0.269604474,
        0.450260431,
        0.851222038
      ]
    ],
    "translation": [
      1.52447248,
      1.44490016,
      -1.0508939
    ]
  },
  {
    "timeStamp": 2446,
    "rotation": [
      [
        0.966012657,
        -0.1463501,
        -0.2130755
      ],
      [
        0.0286624376,
        0.8798542,
        -0.474378675
      ],
      [
        0.256900728,
        0.452148527,
        0.854145
      ]
    ],
    "translation": [
      1.51884341,
      1.44295657,
      -1.04860175
    ]
  },
  {
    "timeStamp": 2502,
    "rotation": [
      [
        0.9675132,
        -0.150828376,
        -0.202901334
      ],
      [
        0.0362280756,
        0.8769795,
        -0.479160219
      ],
      [
        0.250211269,
        0.456243128,
        0.8539535
      ]
    ],
    "translation": [
      1.51321268,
      1.44187629,
      -1.04650247
    ]
  },
  {
    "timeStamp": 2546,
    "rotation": [
      [
        0.9681833,
        -0.153057709,
        -0.197975934
      ],
      [
        0.0397864059,
        0.8752255,
        -0.482076138
      ],
      [
        0.247059047,
        0.4588613,
        0.8534683
      ]
    ],
    "translation": [
      1.50988579,
      1.44218254,
      -1.04528117
    ]
  },
  {
    "timeStamp": 2602,
    "rotation": [
      [
        0.9682411,
        -0.1544433,
        -0.196612328
      ],
      [
        0.0433155447,
        0.878122151,
        -0.4764716
      ],
      [
        0.2462375,
        0.452823,
        0.8569238
      ]
    ],
    "translation": [
      1.50723386,
      1.44318163,
      -1.04366159
    ]
  },
  {
    "timeStamp": 2646,
    "rotation": [
      [
        0.9682544,
        -0.154381439,
        -0.196595773
      ],
      [
        0.04558302,
        0.8823485,
        -0.468383729
      ],
      [
        0.245775744,
        0.444553167,
        0.8613749
      ]
    ],
    "translation": [
      1.50618422,
      1.44359553,
      -1.04227936
    ]
  },
  {
    "timeStamp": 2702,
    "rotation": [
      [
        0.968118846,
        -0.155801043,
        -0.196142554
      ],
      [
        0.0489227921,
        0.8855568,
        -0.4619477
      ],
      [
        0.245667309,
        0.437624454,
        0.8649465
      ]
    ],
    "translation": [
      1.506336,
      1.44322336,
      -1.04109907
    ]
  },
  {
    "timeStamp": 2746,
    "rotation": [
      [
        0.967098951,
        -0.1621603,
        -0.196019515
      ],
      [
        0.054187946,
        0.884138644,
        -0.4640716
      ],
      [
        0.24856244,
        0.438181251,
        0.8638367
      ]
    ],
    "translation": [
      1.507317,
      1.44281757,
      -1.04035532
    ]
  },
  {
    "timeStamp": 2802,
    "rotation": [
      [
        0.966096759,
        -0.169590786,
        -0.194668934
      ],
      [
        0.0599879362,
        0.8808175,
        -0.469640344
      ],
      [
        0.251114458,
        0.442040235,
        0.86112833
      ]
    ],
    "translation": [
      1.5092603,
      1.442743,
      -1.03994131
    ]
  },
  {
    "timeStamp": 2846,
    "rotation": [
      [
        0.9652724,
        -0.174104139,
        -0.194773853
      ],
      [
        0.0639033,
        0.880266964,
        -0.4701557
      ],
      [
        0.253309041,
        0.441381633,
        0.860823333
      ]
    ],
    "translation": [
      1.51151371,
      1.4433502,
      -1.03931284
    ]
  },
  {
    "timeStamp": 2902,
    "rotation": [
      [
        0.964226961,
        -0.176259547,
        -0.197987109
      ],
      [
        0.0658994,
        0.882844567,
        -0.465019166
      ],
      [
        0.2567559,
        0.4353368,
        0.8628779
      ]
    ],
    "translation": [
      1.51424348,
      1.444122,
      -1.03847086
    ]
  },
  {
    "timeStamp": 2946,
    "rotation": [
      [
        0.9634343,
        -0.177109376,
        -0.201063752
      ],
      [
        0.06580779,
        0.883813739,
        -0.4631875
      ],
      [
        0.25973776,
        0.433019131,
        0.8631516
      ]
    ],
    "translation": [
      1.51632106,
      1.44460058,
      -1.03772724
    ]
  },
  {
    "timeStamp": 3001,
    "rotation": [
      [
        0.961677432,
        -0.18155387,
        -0.205462024
      ],
      [
        0.06737013,
        0.8828532,
        -0.464791864
      ],
      [
        0.265777558,
        0.433137834,
        0.861251354
      ]
    ],
    "translation": [
      1.51946509,
      1.44529819,
      -1.03683794
    ]
  },
  {
    "timeStamp": 3046,
    "rotation": [
      [
        0.9608852,
        -0.182567641,
        -0.208251715
      ],
      [
        0.0670207441,
        0.8828931,
        -0.464766681
      ],
      [
        0.268715352,
        0.432630241,
        0.8605947
      ]
    ],
    "translation": [
      1.52222121,
      1.44550049,
      -1.03637993
    ]
  },
  {
    "timeStamp": 3101,
    "rotation": [
      [
        0.9589541,
        -0.186313257,
        -0.213762566
      ],
      [
        0.06750922,
        0.8821801,
        -0.466048
      ],
      [
        0.275408,
        0.4324877,
        0.858548045
      ]
    ],
    "translation": [
      1.52562428,
      1.44567227,
      -1.03590012
    ]
  },
  {
    "timeStamp": 3146,
    "rotation": [
      [
        0.9585815,
        -0.185219735,
        -0.216368
      ],
      [
        0.06474561,
        0.8814886,
        -0.467745423
      ],
      [
        0.277361631,
        0.434363246,
        0.856970847
      ]
    ],
    "translation": [
      1.52809811,
      1.44587219,
      -1.03574276
    ]
  },
  {
    "timeStamp": 3201,
    "rotation": [
      [
        0.9576066,
        -0.185169414,
        -0.2206849
      ],
      [
        0.06258291,
        0.881479263,
        -0.468057364
      ],
      [
        0.281199068,
        0.434403718,
        0.8556988
      ]
    ],
    "translation": [
      1.5308193,
      1.44645107,
      -1.03580546
    ]
  },
  {
    "timeStamp": 3246,
    "rotation": [
      [
        0.9570548,
        -0.184295118,
        -0.2237888
      ],
      [
        0.06049617,
        0.8818971,
        -0.467544317
      ],
      [
        0.283524841,
        0.433927149,
        0.855173
      ]
    ],
    "translation": [
      1.53259706,
      1.44694054,
      -1.03554058
    ]
  },
  {
    "timeStamp": 3302,
    "rotation": [
      [
        0.95598197,
        -0.184782028,
        -0.22793442
      ],
      [
        0.0590623654,
        0.88208425,
        -0.467374623
      ],
      [
        0.2874198,
        0.4333394,
        0.8541703
      ]
    ],
    "translation": [
      1.53441119,
      1.44730711,
      -1.03511286
    ]
  },
  {
    "timeStamp": 3346,
    "rotation": [
      [
        0.955764234,
        -0.18338187,
        -0.229969114
      ],
      [
        0.0561736077,
        0.881263137,
        -0.469275862
      ],
      [
        0.288719982,
        0.4355989,
        0.852581
      ]
    ],
    "translation": [
      1.53587735,
      1.447168,
      -1.03464007
    ]
  },
  {
    "timeStamp": 3402,
    "rotation": [
      [
        0.956164062,
        -0.181345016,
        -0.229922354
      ],
      [
        0.05316768,
        0.8796295,
        -0.472678721
      ],
      [
        0.2879644,
        0.439733982,
        0.850711763
      ]
    ],
    "translation": [
      1.53783166,
      1.44661367,
      -1.0340625
    ]
  },
  {
    "timeStamp": 3446,
    "rotation": [
      [
        0.957524836,
        -0.179059386,
        -0.226017356
      ],
      [
        0.0518168658,
        0.877918839,
        -0.475997418
      ],
      [
        0.2836567,
        0.444067836,
        0.8499074
      ]
    ],
    "translation": [
      1.539676,
      1.44604909,
      -1.03372276
    ]
  },
  {
    "timeStamp": 3502,
    "rotation": [
      [
        0.9601051,
        -0.173623577,
        -0.219209969
      ],
      [
        0.0497480668,
        0.8774472,
        -0.4770866
      ],
      [
        0.275178641,
        0.447148025,
        0.8510789
      ]
    ],
    "translation": [
      1.54208517,
      1.44586575,
      -1.03352225
    ]
  },
  {
    "timeStamp": 3546,
    "rotation": [
      [
        0.962211549,
        -0.169207364,
        -0.213348985
      ],
      [
        0.0486129746,
        0.8776543,
        -0.476822525
      ],
      [
        0.267928541,
        0.448432624,
        0.8527148
      ]
    ],
    "translation": [
      1.54425883,
      1.44555235,
      -1.03362918
    ]
  },
  {
    "timeStamp": 3601,
    "rotation": [
      [
        0.9649236,
        -0.161777854,
        -0.20676133
      ],
      [
        0.0452830754,
        0.8783285,
        -0.475908071
      ],
      [
        0.258595735,
        0.449852169,
        0.854845762
      ]
    ],
    "translation": [
      1.5467087,
      1.4456588,
      -1.03406072
    ]
  },
  {
    "timeStamp": 3646,
    "rotation": [
      [
        0.966523945,
        -0.156544551,
        -0.203285977
      ],
      [
        0.0428783,
        0.87970984,
        -0.473573655
      ],
      [
        0.252968043,
        0.449003726,
        0.856973052
      ]
    ],
    "translation": [
      1.54823256,
      1.44613814,
      -1.03433907
    ]
  },
  {
    "timeStamp": 3701,
    "rotation": [
      [
        0.968212366,
        -0.14923051,
        -0.200736254
      ],
      [
        0.0386499874,
        0.882148564,
        -0.469382554
      ],
      [
        0.247125417,
        0.446703553,
        0.859874964
      ]
    ],
    "translation": [
      1.54998279,
      1.44689083,
      -1.0344373
    ]
  },
  {
    "timeStamp": 3746,
    "rotation": [
      [
        0.9690871,
        -0.144717768,
        -0.199817225
      ],
      [
        0.035622187,
        0.8834855,
        -0.46710214
      ],
      [
        0.2441336,
        0.44554472,
        0.8613296
      ]
    ],
    "translation": [
      1.55079794,
      1.44739,
      -1.03432083
    ]
  },
  {
    "timeStamp": 3800,
    "rotation": [
      [
        0.9693289,
        -0.141838238,
        -0.200707346
      ],
      [
        0.032835573,
        0.8840762,
        -0.4661879
      ],
      [
        0.243563846,
        0.445299059,
        0.8616179
      ]
    ],
    "translation": [
      1.55129814,
      1.4476186,
      -1.03425014
    ]
  },
  {
    "timeStamp": 3856,
    "rotation": [
      [
        0.9692422,
        -0.141546533,
        -0.201331183
      ],
      [
        0.03243124,
        0.8843811,
        -0.465637535
      ],
      [
        0.243962869,
        0.444786131,
        0.86177
      ]
    ],
    "translation": [
      1.55147707,
      1.44765484,
      -1.03395331
    ]
  },
  {
    "timeStamp": 3900,
    "rotation": [
      [
        0.968387067,
        -0.1437553,
        -0.2038646
      ],
      [
        0.03332762,
        0.884482145,
        -0.465382218
      ],
      [
        0.247215748,
        0.443875819,
        0.861312151
      ]
    ],
    "translation": [
      1.55146432,
      1.44754493,
      -1.03362417
    ]
  },
  {
    "timeStamp": 3945,
    "rotation": [
      [
        0.9672873,
        -0.1455602,
        -0.2077676
      ],
      [
        0.0331909768,
        0.8845805,
        -0.465204924
      ],
      [
        0.251502484,
        0.443090826,
        0.8604748
      ]
    ],
    "translation": [
      1.5513351,
      1.44735491,
      -1.03348684
    ]
  },
  {
    "timeStamp": 4000,
    "rotation": [
      [
        0.966387749,
        -0.1468904,
        -0.210992634
      ],
      [
        0.0329844877,
        0.884758055,
        -0.464881957
      ],
      [
        0.2549641,
        0.442296743,
        0.8598645
      ]
    ],
    "translation": [
      1.55145419,
      1.44727993,
      -1.03332746
    ]
  },
  {
    "timeStamp": 4056,
    "rotation": [
      [
        0.9661566,
        -0.146778956,
        -0.212125778
      ],
      [
        0.03272589,
        0.885432541,
        -0.463614255
      ],
      [
        0.2558719,
        0.440981954,
        0.860269964
      ]
    ],
    "translation": [
      1.55181479,
      1.44752777,
      -1.03322208
    ]
  },
  {
    "timeStamp": 4100,
    "rotation": [
      [
        0.966230869,
        -0.1445593,
        -0.213308617
      ],
      [
        0.0311299171,
        0.8872339,
        -0.4602684
      ],
      [
        0.2557907,
        0.4380853,
        0.8617729
      ]
    ],
    "translation": [
      1.55220878,
      1.44817507,
      -1.03300989
    ]
  },
  {
    "timeStamp": 4156,
    "rotation": [
      [
        0.9667595,
        -0.139404535,
        -0.214342058
      ],
      [
        0.0269475318,
        0.8891794,
        -0.456764549
      ],
      [
        0.25426358,
        0.43580547,
        0.86337924
      ]
    ],
    "translation": [
      1.55261147,
      1.44915128,
      -1.03290808
    ]
  },
  {
    "timeStamp": 4201,
    "rotation": [
      [
        0.967525661,
        -0.129111975,
        -0.217311561
      ],
      [
        0.0185956024,
        0.8937368,
        -0.448206246
      ],
      [
        0.25208813,
        0.429609984,
        0.8671141
      ]
    ],
    "translation": [
      1.55290413,
      1.45066965,
      -1.03240514
    ]
  },
  {
    "timeStamp": 4246,
    "rotation": [
      [
        0.9679909,
        -0.121593334,
        -0.219564617
      ],
      [
        0.0128770471,
        0.8977192,
        -0.440379769
      ],
      [
        0.250654638,
        0.423456252,
        0.8705498
      ]
    ],
    "translation": [
      1.55337608,
      1.45171893,
      -1.03190863
    ]
  },
  {
    "timeStamp": 4301,
    "rotation": [
      [
        0.9690361,
        -0.115653515,
        -0.218158841
      ],
      [
        0.0102279,
        0.9015662,
        -0.4325202
      ],
      [
        0.246707112,
        0.416896373,
        0.874833167
      ]
    ],
    "translation": [
      1.55431354,
      1.45257628,
      -1.03075814
    ]
  },
  {
    "timeStamp": 4346,
    "rotation": [
      [
        0.9698162,
        -0.112199292,
        -0.216489822
      ],
      [
        0.009103369,
        0.9038875,
        -0.427673429
      ],
      [
        0.243667081,
        0.412793815,
        0.8776261
      ]
    ],
    "translation": [
      1.5549165,
      1.45304978,
      -1.02959287
    ]
  },
  {
    "timeStamp": 4401,
    "rotation": [
      [
        0.9701268,
        -0.11295265,
        -0.214699045
      ],
      [
        0.0102941729,
        0.9033671,
        -0.428744584
      ],
      [
        0.242379889,
        0.413726449,
        0.8775434
      ]
    ],
    "translation": [
      1.55568659,
      1.452778,
      -1.02844262
    ]
  },
  {
    "timeStamp": 4445,
    "rotation": [
      [
        0.969750047,
        -0.11518839,
        -0.2152127
      ],
      [
        0.0112486109,
        0.9018087,
        -0.431989133
      ],
      [
        0.243840814,
        0.416500628,
        0.875824749
      ]
    ],
    "translation": [
      1.556273,
      1.45228612,
      -1.02752078
    ]
  },
  {
    "timeStamp": 4501,
    "rotation": [
      [
        0.9688297,
        -0.117082924,
        -0.218313023
      ],
      [
        0.0108415438,
        0.9004572,
        -0.434809417
      ],
      [
        0.2474903,
        0.418889433,
        0.8736591
      ]
    ],
    "translation": [
      1.55681133,
      1.45209646,
      -1.02601361
    ]
  },
  {
    "timeStamp": 4546,
    "rotation": [
      [
        0.9681544,
        -0.116845526,
        -0.221414015
      ],
      [
        0.00888478,
        0.899883151,
        -0.43604055
      ],
      [
        0.250196129,
        0.420187354,
        0.872263968
      ]
    ],
    "translation": [
      1.55753565,
      1.45203149,
      -1.02483249
    ]
  },
  {
    "timeStamp": 4603,
    "rotation": [
      [
        0.9679228,
        -0.115550026,
        -0.223100141
      ],
      [
        0.00706650969,
        0.9001373,
        -0.435549021
      ],
      [
        0.251148462,
        0.4200013,
        0.8720799
      ]
    ],
    "translation": [
      1.55876422,
      1.45199144,
      -1.02313232
    ]
  },
  {
    "timeStamp": 4646,
    "rotation": [
      [
        0.9681957,
        -0.11500749,
        -0.222194448
      ],
      [
        0.00607100828,
        0.898626,
        -0.438673437
      ],
      [
        0.250120461,
        0.423372775,
        0.87074405
      ]
    ],
    "translation": [
      1.560035,
      1.45164955,
      -1.021769
    ]
  },
  {
    "timeStamp": 4701,
    "rotation": [
      [
        0.96896553,
        -0.113632612,
        -0.21953021
      ],
      [
        0.005422946,
        0.8976392,
        -0.44069764
      ],
      [
        0.247136548,
        0.4258303,
        0.8703977
      ]
    ],
    "translation": [
      1.56205189,
      1.45097029,
      -1.01958072
    ]
  },
  {
    "timeStamp": 4747,
    "rotation": [
      [
        0.969909549,
        -0.1139183,
        -0.215169683
      ],
      [
        0.00632446725,
        0.8952702,
        -0.445478678
      ],
      [
        0.243383169,
        0.4307132,
        0.8690517
      ]
    ],
    "translation": [
      1.56424713,
      1.44974172,
      -1.01781273
    ]
  },
  {
    "timeStamp": 4801,
    "rotation": [
      [
        0.9724074,
        -0.10971389,
        -0.205880508
      ],
      [
        0.00469141826,
        0.891529441,
        -0.452938437
      ],
      [
        0.233242169,
        0.439474821,
        0.8674445
      ]
    ],
    "translation": [
      1.567746,
      1.44805169,
      -1.01533484
    ]
  },
  {
    "timeStamp": 4845,
    "rotation": [
      [
        0.9755598,
        -0.10410399,
        -0.19350858
      ],
      [
        0.00389266317,
        0.888697267,
        -0.458477885
      ],
      [
        0.219699934,
        0.446519315,
        0.8673825
      ]
    ],
    "translation": [
      1.57113159,
      1.446889,
      -1.01313782
    ]
  },
  {
    "timeStamp": 4900,
    "rotation": [
      [
        0.9808935,
        -0.0961838439,
        -0.169105113
      ],
      [
        0.00682807667,
        0.885717869,
        -0.464173645
      ],
      [
        0.194425434,
        0.45415023,
        0.8694517
      ]
    ],
    "translation": [
      1.57679427,
      1.44586122,
      -1.009904
    ]
  },
  {
    "timeStamp": 4945,
    "rotation": [
      [
        0.9858041,
        -0.08703088,
        -0.143582657
      ],
      [
        0.00993242953,
        0.88389957,
        -0.467571318
      ],
      [
        0.167605788,
        0.459507585,
        0.872216165
      ]
    ],
    "translation": [
      1.58260822,
      1.44520342,
      -1.007194
    ]
  },
  {
    "timeStamp": 5001,
    "rotation": [
      [
        0.99227,
        -0.07101813,
        -0.101768084
      ],
      [
        0.0147042852,
        0.8815693,
        -0.4718255
      ],
      [
        0.123223789,
        0.466681868,
        0.875799
      ]
    ],
    "translation": [
      1.59133708,
      1.44463742,
      -1.00413728
    ]
  },
  {
    "timeStamp": 5045,
    "rotation": [
      [
        0.9964482,
        -0.0565383,
        -0.0624051467
      ],
      [
        0.0203417353,
        0.8807501,
        -0.4731441
      ],
      [
        0.08171411,
        0.4701942,
        0.878772
      ]
    ],
    "translation": [
      1.59940052,
      1.44434512,
      -1.00181007
    ]
  },
  {
    "timeStamp": 5101,
    "rotation": [
      [
        0.9993794,
        -0.03520275,
        -0.00125004526
      ],
      [
        0.0304337386,
        0.880771458,
        -0.472562551
      ],
      [
        0.0177365057,
        0.472231239,
        0.8812962
      ]
    ],
    "translation": [
      1.61120629,
      1.44429433,
      -0.999324858
    ]
  },
  {
    "timeStamp": 5145,
    "rotation": [
      [
        0.998026431,
        -0.02057675,
        0.0593277328
      ],
      [
        0.0462492555,
        0.8799417,
        -0.47282508
      ],
      [
        -0.04247574,
        0.47463578,
        0.879156768
      ]
    ],
    "translation": [
      1.62215745,
      1.44406259,
      -0.9979373
    ]
  },
  {
    "timeStamp": 5201,
    "rotation": [
      [
        0.9905189,
        0.000356002129,
        0.1373763
      ],
      [
        0.06508558,
        0.8794272,
        -0.471562982
      ],
      [
        -0.12098033,
        0.47603327,
        0.8710661
      ]
    ],
    "translation": [
      1.63604248,
      1.44405508,
      -0.9973893
    ]
  },
  {
    "timeStamp": 5245,
    "rotation": [
      [
        0.9793625,
        0.0218763743,
        0.200924054
      ],
      [
        0.07616534,
        0.8808851,
        -0.467161864
      ],
      [
        -0.187210828,
        0.472824246,
        0.861039639
      ]
    ],
    "translation": [
      1.64760554,
      1.444878,
      -0.99752295
    ]
  },
  {
    "timeStamp": 5301,
    "rotation": [
      [
        0.9587627,
        0.0477142222,
        0.2801739
      ],
      [
        0.0892252848,
        0.8854327,
        -0.456122458
      ],
      [
        -0.2698387,
        0.4623118,
        0.8446626
      ]
    ],
    "translation": [
      1.66189086,
      1.44663572,
      -0.998267
    ]
  },
  {
    "timeStamp": 5345,
    "rotation": [
      [
        0.937187433,
        0.06845231,
        0.3420439
      ],
      [
