[
  {
    "timeStamp": 59089,
    "rotation": [
      [
        -0.8895198,
        0.456547767,
        0.0178514589
      ],
      [
        0.4566572,
        0.8896395,
        0.002391638
      ],
      [
        -0.0147894658,
        0.0102794068,
        -0.9998378
      ]
    ],
    "translation": [
      1.4613986,
      0.7288111,
      -0.490414172
    ]
  },
  {
    "timeStamp": 59144,
    "rotation": [
      [
        -0.89012897,
        0.454989851,
        0.0255860575
      ],
      [
        0.455183923,
        0.890395164,
        0.002019229
      ],
      [
        -0.0218629725,
        0.0134437364,
        -0.9996706
      ]
    ],
    "translation": [
      1.46112931,
      0.72940594,
      -0.492787331
    ]
  },
  {
    "timeStamp": 59188,
    "rotation": [
      [
        -0.888664067,
        0.457827359,
        0.0258902553
      ],
      [
        0.457648724,
        0.889040947,
        -0.012796402
      ],
      [
        -0.02887604,
        0.00047694036,
        -0.9995828
      ]
    ],
    "translation": [
      1.4612819,
      0.729456842,
      -0.493249536
    ]
  },
  {
    "timeStamp": 59244,
    "rotation": [
      [
        -0.888752,
        0.457270443,
        0.0319939852
      ],
      [
        0.456436485,
        0.889243543,
        -0.0301921871
      ],
      [
        -0.04225644,
        -0.012230143,
        -0.9990319
      ]
    ],
    "translation": [
      1.46149707,
      0.729514837,
      -0.4942636
    ]
  },
  {
    "timeStamp": 59288,
    "rotation": [
      [
        -0.8886425,
        0.4569929,
        0.0383668467
      ],
      [
        0.456804663,
        0.8894561,
        -0.0140505657
      ],
      [
        -0.0405466333,
        0.00504022464,
        -0.999164939
      ]
    ],
    "translation": [
      1.462951,
      0.7294648,
      -0.4955456
    ]
  },
  {
    "timeStamp": 59335,
    "rotation": [
      [
        -0.8785907,
        0.4762494,
        0.03556649
      ],
      [
        0.477297544,
        0.8781817,
        0.0313686579
      ],
      [
        -0.0162945371,
        0.04453601,
        -0.9988749
      ]
    ],
    "translation": [
      1.46269274,
      0.733057559,
      -0.5005308
    ]
  },
  {
    "timeStamp": 59387,
    "rotation": [
      [
        -0.864426,
        0.502273858,
        0.0221037474
      ],
      [
        0.502616465,
        0.864394248,
        0.0141189815
      ],
      [
        -0.012014756,
        0.02331452,
        -0.999655962
      ]
    ],
    "translation": [
      1.46243012,
      0.7442603,
      -0.4981862
    ]
  },
  {
    "timeStamp": 59443,
    "rotation": [
      [
        -0.8475747,
        0.5303852,
        -0.017567534
      ],
      [
        0.5299763,
        0.8476926,
        0.0232869238
      ],
      [
        0.02724291,
        0.0104270307,
        -0.9995745
      ]
    ],
    "translation": [
      1.46414137,
      0.759366632,
      -0.494945645
    ]
  },
  {
    "timeStamp": 59487,
    "rotation": [
      [
        -0.833764,
        0.5515138,
        -0.02588508
      ],
      [
        0.551798761,
        0.8339625,
        -0.004949964
      ],
      [
        0.0188572146,
        -0.01841046,
        -0.9996526
      ]
    ],
    "translation": [
      1.46678793,
      0.7737109,
      -0.492533743
    ]
  },
  {
    "timeStamp": 59543,
    "rotation": [
      [
        -0.816344261,
        0.5753271,
        -0.0508009121
      ],
      [
        0.5767538,
        0.816699147,
        -0.0189065561
      ],
      [
        0.0306116082,
        -0.04473388,
        -0.998529851
      ]
    ],
    "translation": [
      1.47340775,
      0.7939807,
      -0.491893262
    ]
  },
  {
    "timeStamp": 59587,
    "rotation": [
      [
        -0.792658,
        0.60392195,
        -0.08349611
      ],
      [
        0.608775556,
        0.791443169,
        -0.0548633076
      ],
      [
        0.03294927,
        -0.094318226,
        -0.9949967
      ]
    ],
    "translation": [
      1.48047256,
      0.8151536,
      -0.489506334
    ]
  },
  {
    "timeStamp": 59643,
    "rotation": [
      [
        -0.7534364,
        0.637215,
        -0.162143946
      ],
      [
        0.652873,
        0.754276037,
        -0.0694583654
      ],
      [
        0.0780413747,
        -0.15819186,
        -0.984319568
      ]
    ],
    "translation": [
      1.49572349,
      0.845120847,
      -0.487035
    ]
  },
  {
    "timeStamp": 59687,
    "rotation": [
      [
        -0.720479965,
        0.6573939,
        -0.220775843
      ],
      [
        0.6874981,
        0.71881634,
        -0.103195935
      ],
      [
        0.09085692,
        -0.226133585,
        -0.969849765
      ]
    ],
    "translation": [
      1.51355815,
      0.8714906,
      -0.486965626
    ]
  },
  {
    "timeStamp": 59743,
    "rotation": [
      [
        -0.6760055,
        0.6636247,
        -0.320341825
      ],
      [
        0.724537432,
        0.677861631,
        -0.124696568
      ],
      [
        0.1343957,
        -0.3163952,
        -0.9390591
      ]
    ],
    "translation": [
      1.543489,
      0.902740955,
      -0.48904863
    ]
  },
  {
    "timeStamp": 59788,
    "rotation": [
      [
        -0.642176,
        0.66117686,
        -0.387885541
      ],
      [
        0.751185,
        0.643615365,
        -0.146562189
      ],
      [
        0.152745545,
        -0.3854925,
        -0.9099804
      ]
    ],
    "translation": [
      1.57313371,
      0.927079558,
      -0.495086551
    ]
  },
  {
    "timeStamp": 59844,
    "rotation": [
      [
        -0.614006341,
        0.6316261,
        -0.4733335
      ],
      [
        0.767523468,
        0.6176889,
        -0.171371371
      ],
      [
        0.184130222,
        -0.4685177,
        -0.8640528
      ]
    ],
    "translation": [
      1.61644,
      0.9521607,
      -0.5069468
    ]
  },
  {
    "timeStamp": 59888,
    "rotation": [
      [
        -0.5926293,
        0.5928538,
        -0.545265853
      ],
      [
        0.7764893,
        0.6004643,
        -0.191067934
      ],
      [
        0.214137316,
        -0.536625564,
        -0.8161974
      ]
    ],
    "translation": [
      1.65570438,
      0.970564544,
      -0.5178572
    ]
  },
  {
    "timeStamp": 59944,
    "rotation": [
      [
        -0.54842,
        0.5445123,
        -0.6346195
      ],
      [
        0.7937831,
        0.577652454,
        -0.190330923
      ],
      [
        0.262952,
        -0.6081315,
        -0.7490209
      ]
    ],
    "translation": [
      1.707841,
      0.9921024,
      -0.535816133
    ]
  },
  {
    "timeStamp": 59988,
    "rotation": [
      [
        -0.524242759,
        0.490659833,
        -0.6960047
      ],
      [
        0.7970413,
        0.5704846,
        -0.198172882
      ],
      [
        0.299824476,
        -0.6586352,
        -0.6901486
      ]
    ],
    "translation": [
      1.75176573,
      1.00731158,
      -0.55096364
    ]
  },
  {
    "timeStamp": 60044,
    "rotation": [
      [
        -0.5137314,
        0.405632645,
        -0.7560041
      ],
      [
        0.788295448,
        0.570964634,
        -0.22932446
      ],
      [
        0.3386301,
        -0.71376574,
        -0.613080859
      ]
    ],
    "translation": [
      1.80856252,
      1.02399421,
      -0.5726589
    ]
  },
  {
    "timeStamp": 60089,
    "rotation": [
      [
        -0.474190056,
        0.345235974,
        -0.8099111
      ],
      [
        0.793541968,
        0.566057444,
        -0.223316252
      ],
      [
        0.381359369,
        -0.748592734,
        -0.542378068
      ]
    ],
    "translation": [
      1.855103,
      1.037665,
      -0.5903765
    ]
  },
  {
    "timeStamp": 60143,
    "rotation": [
      [
        -0.4420387,
        0.2486312,
        -0.861849368
      ],
      [
        0.7901109,
        0.562787831,
        -0.242888153
      ],
      [
        0.424648732,
        -0.7883225,
        -0.445220232
      ]
    ],
    "translation": [
      1.9114418,
      1.05331039,
      -0.611795068
    ]
  },
  {
    "timeStamp": 60188,
    "rotation": [
      [
        -0.427640527,
        0.1758815,
        -0.8866731
      ],
      [
        0.780939758,
        0.565886855,
        -0.264395624
      ],
      [
        0.455254376,
        -0.8055046,
        -0.379349023
      ]
    ],
    "translation": [
      1.95451212,
      1.06247067,
      -0.627509236
    ]
  },
  {
    "timeStamp": 60244,
    "rotation": [
      [
        -0.411815226,
        0.07775477,
        -0.9079441
      ],
      [
        0.7649678,
        0.5709448,
        -0.2980709
      ],
      [
        0.495209545,
        -0.8172982,
        -0.294603646
      ]
    ],
    "translation": [
      2.00445819,
      1.06983554,
      -0.6454554
    ]
  },
  {
    "timeStamp": 60288,
    "rotation": [
      [
        -0.376418561,
        0.03152331,
        -0.9259132
      ],
      [
        0.7607806,
        0.5808586,
        -0.28951022
      ],
      [
        0.5286983,
        -0.813393831,
        -0.242628276
      ]
    ],
    "translation": [
      2.03894949,
      1.072256,
      -0.6575796
    ]
  },
  {
    "timeStamp": 60344,
    "rotation": [
      [
        -0.342097938,
        -0.0310327578,
        -0.9391517
      ],
      [
        0.764176369,
        0.572417438,
        -0.297275543
      ],
      [
        0.5468121,
        -0.8193749,
        -0.172108307
      ]
    ],
    "translation": [
      2.07717967,
      1.07670784,
      -0.668293238
    ]
  },
  {
    "timeStamp": 60388,
    "rotation": [
      [
        -0.308079034,
        -0.0581689,
        -0.9495808
      ],
      [
        0.763067842,
        0.58099,
        -0.283157319
      ],
      [
        0.568167865,
        -0.8118294,
        -0.134604022
      ]
    ],
    "translation": [
      2.103562,
      1.07634342,
      -0.6737871
    ]
  },
  {
    "timeStamp": 60443,
    "rotation": [
      [
        -0.2805001,
        -0.09931641,
        -0.95470196
      ],
      [
        0.7618581,
        0.5819781,
        -0.284383237
      ],
      [
        0.583859563,
        -0.807117,
        -0.0875799
      ]
    ],
    "translation": [
      2.13484025,
      1.07443082,
      -0.67456615
    ]
  },
  {
    "timeStamp": 60488,
    "rotation": [
      [
        -0.2537865,
        -0.109900758,
        -0.9609965
      ],
      [
        0.758796155,
        0.5935176,
        -0.268263459
      ],
      [
        0.5998507,
        -0.79728204,
        -0.06723449
      ]
    ],
    "translation": [
      2.155341,
      1.06864417,
      -0.6718261
    ]
  },
  {
    "timeStamp": 60544,
    "rotation": [
      [
        -0.2234038,
        -0.128313944,
        -0.9662434
      ],
      [
        0.7573229,
        0.6012218,
        -0.254939854
      ],
      [
        0.613638937,
        -0.7887128,
        -0.0371401459
      ]
    ],
    "translation": [
      2.18099427,
      1.05992317,
      -0.6630767
    ]
  },
  {
    "timeStamp": 60589,
    "rotation": [
      [
        -0.210204855,
        -0.116328068,
        -0.970711946
      ],
      [
        0.741252065,
        0.6284356,
        -0.235826373
      ],
      [
        0.6374632,
        -0.7691141,
        -0.0458717942
      ]
    ],
    "translation": [
      2.196119,
      1.04693377,
      -0.6546332
    ]
  },
  {
    "timeStamp": 60638,
    "rotation": [
      [
        -0.202384681,
        -0.120829366,
        -0.9718234
      ],
      [
        0.709637761,
        0.6657746,
        -0.230561346
      ],
      [
        0.6748739,
        -0.736304641,
        -0.0489974953
      ]
    ],
    "translation": [
      2.21528029,
      1.02813089,
      -0.642654657
    ]
  },
  {
    "timeStamp": 60694,
    "rotation": [
      [
        -0.171446308,
        -0.08748709,
        -0.9813012
      ],
      [
        0.6868934,
        0.7034133,
        -0.182721585
      ],
      [
        0.706246138,
        -0.705376267,
        -0.0605033152
      ]
    ],
    "translation": [
      2.22835135,
      1.00570083,
      -0.6302281
    ]
  },
  {
    "timeStamp": 60738,
    "rotation": [
      [
        -0.188615,
        -0.087000154,
        -0.9781899
      ],
      [
        0.6504278,
        0.735212147,
        -0.19080551
      ],
      [
        0.73577714,
        -0.672230661,
        -0.08208471
      ]
    ],
    "translation": [
      2.23823857,
      0.9877134,
      -0.6213347
    ]
  },
  {
    "timeStamp": 60794,
    "rotation": [
      [
        -0.190125942,
        -0.05479869,
        -0.980229139
      ],
      [
        0.617298841,
        0.7697082,
        -0.162761465
      ],
      [
        0.763409555,
        -0.636039555,
        -0.112514339
      ]
    ],
    "translation": [
      2.24576879,
      0.9666577,
      -0.6118156
    ]
  },
  {
    "timeStamp": 60838,
    "rotation": [
      [
        -0.194009766,
        -0.0510403775,
        -0.9796709
      ],
      [
        0.6033276,
        0.78124094,
        -0.16018264
      ],
      [
        0.7735348,
        -0.622139454,
        -0.1207743
      ]
    ],
    "translation": [
      2.25207829,
      0.9531766,
      -0.604939163
    ]
  },
  {
    "timeStamp": 60893,
    "rotation": [
      [
        -0.190250427,
        -0.0386889838,
        -0.980972946
      ],
      [
        0.5875168,
        0.7960532,
        -0.145339176
      ],
      [
        0.7865296,
        -0.6039889,
        -0.128719017
      ]
    ],
    "translation": [
      2.26079965,
      0.937195,
      -0.5979166
    ]
  },
  {
    "timeStamp": 60938,
    "rotation": [
      [
        -0.182839721,
        -0.04838557,
        -0.981951356
      ],
      [
        0.5822175,
        0.7994854,
        -0.1478037
      ],
      [
        0.7922073,
        -0.598733664,
        -0.118006751
      ]
    ],
    "translation": [
      2.26816678,
      0.9277919,
      -0.5932091
    ]
  },
  {
    "timeStamp": 60994,
    "rotation": [
      [
        -0.191503182,
        -0.04135968,
        -0.980620146
      ],
      [
        0.558692753,
        0.8168558,
        -0.143558472
      ],
      [
        0.8069628,
        -0.575357258,
        -0.133323133
      ]
    ],
    "translation": [
      2.27156782,
      0.9152813,
      -0.589746356
    ]
  },
  {
    "timeStamp": 61040,
    "rotation": [
      [
        -0.186579153,
        -0.0471397564,
        -0.981308341
      ],
      [
        0.5473579,
        0.8244733,
        -0.143676609
      ],
      [
        0.8158355,
        -0.563933969,
        -0.128027216
      ]
    ],
    "translation": [
      2.27510548,
      0.9074632,
      -0.5870346
    ]
  },
  {
    "timeStamp": 61085,
    "rotation": [
      [
        -0.160841957,
        -0.050129272,
        -0.9857063
      ],
      [
        0.5400261,
        0.8314845,
        -0.130404532
      ],
      [
        0.8261366,
        -0.553281665,
        -0.106666476
      ]
    ],
    "translation": [
      2.278947,
      0.8996471,
      -0.584247768
    ]
  },
  {
    "timeStamp": 61142,
    "rotation": [
      [
        -0.16971235,
        -0.0566283129,
        -0.9838653
      ],
      [
        0.5172245,
        0.8446775,
        -0.137835979
      ],
      [
        0.8388543,
        -0.5322717,
        -0.114062659
      ]
    ],
    "translation": [
      2.28070617,
      0.8892075,
      -0.5810493
    ]
  },
  {
    "timeStamp": 61188,
    "rotation": [
      [
        -0.162805945,
        -0.0454680137,
        -0.985609949
      ],
      [
        0.5050685,
        0.8542929,
        -0.122838818
      ],
      [
        0.847584844,
        -0.517799437,
        -0.116119511
      ]
    ],
    "translation": [
      2.27934122,
      0.8813214,
      -0.579065859
    ]
  },
  {
    "timeStamp": 61243,
    "rotation": [
      [
        -0.160179392,
        -0.04719785,
        -0.9859589
      ],
      [
        0.4925092,
        0.861817062,
        -0.121268481
      ],
      [
        0.8554398,
        -0.505018532,
        -0.114799961
      ]
    ],
    "translation": [
      2.278946,
      0.8746221,
      -0.577032745
    ]
  },
  {
    "timeStamp": 61287,
    "rotation": [
      [
        -0.1497693,
        -0.04091861,
        -0.987873852
      ],
      [
        0.480137676,
        0.8704139,
        -0.1088459
      ],
      [
        0.864313,
        -0.490617245,
        -0.110714726
      ]
    ],
    "translation": [
      2.27879333,
      0.869948745,
      -0.576303244
    ]
  },
  {
    "timeStamp": 61343,
    "rotation": [
      [
        -0.142894477,
        -0.04707443,
        -0.9886178
      ],
      [
        0.4684251,
        0.876697361,
        -0.10945119
      ],
      [
        0.871871,
        -0.4787334,
        -0.103224367
      ]
    ],
    "translation": [
      2.28020883,
      0.866263449,
      -0.575088859
    ]
  },
  {
    "timeStamp": 61387,
    "rotation": [
      [
        -0.134469092,
        -0.04867102,
        -0.9897218
      ],
      [
        0.458776921,
        0.8822401,
        -0.105717421
      ],
      [
        0.8783176,
        -0.468277246,
        -0.09630488
      ]
    ],
    "translation": [
      2.28183985,
      0.862596333,
      -0.57490766
    ]
  },
  {
    "timeStamp": 61443,
    "rotation": [
      [
        -0.13423799,
        -0.043829333,
        -0.9899794
      ],
      [
        0.4512678,
        0.8867173,
        -0.100448057
      ],
      [
        0.882234454,
        -0.460229784,
        -0.09925238
      ]
    ],
    "translation": [
      2.28191,
      0.8581216,
      -0.574085
    ]
  },
  {
    "timeStamp": 61488,
    "rotation": [
      [
        -0.145917535,
        -0.0499978773,
        -0.9880325
      ],
      [
        0.442766041,
        0.8898124,
        -0.110417485
      ],
      [
        0.884684265,
        -0.453579128,
        -0.107701883
      ]
    ],
    "translation": [
      2.28095245,
      0.8537762,
      -0.574041367
    ]
  },
  {
    "timeStamp": 61543,
    "rotation": [
      [
        -0.137105808,
        -0.0461177,
        -0.9894822
      ],
      [
        0.429732949,
        0.8972485,
        -0.101364046
      ],
      [
        0.892486155,
        -0.439110756,
        -0.103199683
      ]
    ],
    "translation": [
      2.28193521,
      0.847595453,
      -0.574720144
    ]
  },
  {
    "timeStamp": 61587,
    "rotation": [
      [
        -0.134531632,
        -0.0556796,
        -0.9893437
      ],
      [
        0.4170601,
        0.902498662,
        -0.107504129
      ],
      [
        0.89886713,
        -0.4270785,
        -0.09819287
      ]
    ],
    "translation": [
      2.28275371,
      0.842769,
      -0.575573564
    ]
  },
  {
    "timeStamp": 61643,
    "rotation": [
      [
        -0.134451821,
        -0.0435818,
        -0.989961267
      ],
      [
        0.41883564,
        0.902905643,
        -0.09663355
      ],
      [
        0.8980531,
        -0.42762363,
        -0.103143707
      ]
    ],
    "translation": [
      2.28054643,
      0.8388829,
      -0.5750392
    ]
  },
  {
    "timeStamp": 61687,
    "rotation": [
      [
        -0.137455434,
        -0.0534745976,
        -0.989063442
      ],
      [
        0.406610817,
        0.907481134,
        -0.105572656
      ],
      [
        0.9032019,
        -0.416675448,
        -0.102994859
      ]
    ],
    "translation": [
      2.28085542,
      0.835095763,
      -0.576155961
    ]
  },
  {
    "timeStamp": 61741,
    "rotation": [
      [
        -0.133487388,
        -0.0413272046,
        -0.9901885
      ],
      [
        0.4111555,
        0.90678066,
        -0.09327394
      ],
      [
        0.9017385,
        -0.419572324,
        -0.104051866
      ]
    ],
    "translation": [
      2.27904248,
      0.8319061,
      -0.575354934
    ]
  },
  {
    "timeStamp": 61786,
    "rotation": [
      [
        -0.137432083,
        -0.05266333,
        -0.9891102
      ],
      [
        0.401956767,
        0.9097007,
        -0.10428527
      ],
      [
        0.905286252,
        -0.411911666,
        -0.10385368
      ]
    ],
    "translation": [
      2.279542,
      0.8288353,
      -0.57575655
    ]
  },
  {
    "timeStamp": 61842,
    "rotation": [
      [
        -0.124644525,
        -0.0318994634,
        -0.99168855
      ],
      [
        0.3916563,
        0.916738331,
        -0.07871552
      ],
      [
        0.9116299,
        -0.398212552,
        -0.101772785
      ]
    ],
    "translation": [
      2.27837443,
      0.82386905,
      -0.577052534
    ]
  },
  {
    "timeStamp": 61886,
    "rotation": [
      [
        -0.117955066,
        -0.004458101,
        -0.9930089
      ],
      [
        0.39389953,
        0.91774255,
        -0.0509097464
      ],
      [
        0.9115535,
        -0.397150844,
        -0.106496327
      ]
    ],
    "translation": [
      2.275081,
      0.8218715,
      -0.5770787
    ]
  },
  {
    "timeStamp": 61941,
    "rotation": [
      [
        -0.09497193,
        0.025452802,
        -0.99515456
      ],
      [
        0.4073023,
        0.913161635,
        -0.01551494
      ],
      [
        0.908342,
        -0.406802177,
        -0.09709171
      ]
    ],
    "translation": [
      2.27293563,
      0.8194539,
      -0.576292753
    ]
  },
  {
    "timeStamp": 61986,
    "rotation": [
      [
        -0.08481509,
        0.03778581,
        -0.99568
      ],
      [
        0.412950844,
        0.910753131,
        -0.0006135702
      ],
      [
        0.906795442,
        -0.4112189,
        -0.09284929
      ]
    ],
    "translation": [
      2.2721014,
      0.818306148,
      -0.5751606
    ]
  },
  {
    "timeStamp": 62041,
    "rotation": [
      [
        -0.0590036,
        0.072571516,
        -0.9956164
      ],
      [
        0.440000236,
        0.89713645,
        0.03931731
      ],
      [
        0.8960571,
        -0.4357516,
        -0.0848657638
      ]
    ],
    "translation": [
      2.27022386,
      0.815619648,
      -0.57320565
    ]
  },
  {
    "timeStamp": 62086,
    "rotation": [
      [
        -0.0475464128,
        0.07613756,
        -0.9959631
      ],
      [
        0.442062974,
        0.8957323,
        0.0473715961
      ],
      [
        0.895723045,
        -0.438026041,
        -0.07624645
      ]
    ],
    "translation": [
      2.27037454,
      0.8143714,
      -0.5724073
    ]
  },
  {
    "timeStamp": 62142,
    "rotation": [
      [
        -0.0364189446,
        0.09010819,
        -0.9952659
      ],
      [
        0.439500183,
        0.8958856,
        0.06502835
      ],
      [
        0.8975039,
        -0.4350513,
        -0.07222977
      ]
    ],
    "translation": [
      2.270677,
      0.8134883,
      -0.5717572
    ]
  },
  {
    "timeStamp": 62187,
    "rotation": [
      [
        -0.0313396454,
        0.101874843,
        -0.994303465
      ],
      [
        0.446466058,
        0.891458452,
        0.07726525
      ],
      [
        0.8942516,
        -0.44150126,
        -0.07342166
      ]
    ],
    "translation": [
      2.2706852,
      0.813132,
      -0.5703898
    ]
  },
  {
    "timeStamp": 62243,
    "rotation": [
      [
        -0.03026424,
        0.111137412,
        -0.9933441
      ],
      [
        0.44582054,
        0.8909717,
        0.08610095
      ],
      [
        0.8946106,
        -0.440247476,
        -0.07651193
      ]
    ],
    "translation": [
      2.27058363,
      0.812526345,
      -0.5698228
    ]
  },
  {
    "timeStamp": 62287,
    "rotation": [
      [
        -0.0276367217,
        0.115287416,
        -0.992947638
      ],
      [
        0.44541657,
        0.890685141,
        0.09101682
      ],
      [
        0.894896746,
        -0.4397599,
        -0.07596655
      ]
    ],
    "translation": [
      2.27061534,
      0.8121748,
      -0.569789767
    ]
  },
  {
    "timeStamp": 62343,
    "rotation": [
      [
        -0.0174773633,
        0.127552941,
        -0.9916778
      ],
      [
        0.442872584,
        0.890213251,
        0.10669703
      ],
      [
        0.8964142,
        -0.4373221,
        -0.0720482841
      ]
    ],
    "translation": [
      2.27104473,
      0.811603665,
      -0.5699144
    ]
  },
  {
    "timeStamp": 62387,
    "rotation": [
      [
        -0.0174201187,
        0.12186677,
        -0.992393553
      ],
      [
        0.442798823,
        0.890843332,
        0.10162358
      ],
      [
        0.8964518,
        -0.437660426,
        -0.06948105
      ]
    ],
    "translation": [
      2.2708385,
      0.811746538,
      -0.5702536
    ]
  },
  {
    "timeStamp": 62442,
    "rotation": [
      [
        -0.0179793388,
        0.122619756,
        -0.992290854
      ],
      [
        0.443333,
        0.890533149,
        0.102012552
      ],
      [
        0.8961767,
        -0.438081175,
        -0.07037258
      ]
    ],
    "translation": [
      2.27094817,
      0.8118472,
      -0.5702222
    ]
  },
  {
    "timeStamp": 62487,
    "rotation": [
      [
        -0.0146022374,
        0.125773489,
        -0.9919515
      ],
      [
        0.44405213,
        0.88967675,
        0.10626889
      ],
      [
        0.895881951,
        -0.4389264,
        -0.0688412562
      ]
    ],
    "translation": [
      2.27097178,
      0.811589539,
      -0.57049334
    ]
  }
]