[
  {
    "timeStamp": 120360,
    "rotation": [
      [
        -0.998184741,
        0.05837986,
        0.0147972191
      ],
      [
        0.05600119,
        0.809312761,
        0.584702253
      ],
      [
        0.0221592579,
        0.584469557,
        -0.81111306
      ]
    ],
    "translation": [
      2.070641,
      0.889581263,
      -0.686665952
    ]
  },
  {
    "timeStamp": 120405,
    "rotation": [
      [
        -0.9970752,
        -0.0149395391,
        -0.07495233
      ],
      [
        -0.0254343841,
        0.989670455,
        0.141086638
      ],
      [
        0.07207034,
        0.14258036,
        -0.9871559
      ]
    ],
    "translation": [
      2.07360864,
      0.8792021,
      -0.6766771
    ]
  },
  {
    "timeStamp": 120462,
    "rotation": [
      [
        -0.9992975,
        -0.00269558956,
        -0.0373795
      ],
      [
        -0.0047117155,
        0.9985323,
        0.0539539643
      ],
      [
        0.0371791981,
        0.0540921837,
        -0.997843564
      ]
    ],
    "translation": [
      2.071508,
      0.8813256,
      -0.666529238
    ]
  },
  {
    "timeStamp": 120505,
    "rotation": [
      [
        -0.999429047,
        -0.00471242,
        -0.0334574245
      ],
      [
        -0.006672076,
        0.998253167,
        0.05870381
      ],
      [
        0.0331223421,
        0.0588935241,
        -0.997714639
      ]
    ],
    "translation": [
      2.07144523,
      0.8811087,
      -0.666183352
    ]
  },
  {
    "timeStamp": 120560,
    "rotation": [
      [
        -0.999233842,
        -0.007486318,
        -0.03841422
      ],
      [
        -0.009473146,
        0.9986124,
        0.0518026277
      ],
      [
        0.0379731059,
        0.05212684,
        -0.997918248
      ]
    ],
    "translation": [
      2.07155967,
      0.881473362,
      -0.6658901
    ]
  },
  {
    "timeStamp": 120605,
    "rotation": [
      [
        -0.999218941,
        -0.009855317,
        -0.0382682681
      ],
      [
        -0.0116797,
        0.998791158,
        0.0477464423
      ],
      [
        0.0377514549,
        0.04815611,
        -0.998126149
      ]
    ],
    "translation": [
      2.071559,
      0.88169086,
      -0.665953755
    ]
  },
  {
    "timeStamp": 120660,
    "rotation": [
      [
        -0.999580145,
        -0.0134090232,
        -0.0256838836
      ],
      [
        -0.014193384,
        0.9994308,
        0.0306041762
      ],
      [
        0.0252588913,
        0.0309558678,
        -0.999201536
      ]
    ],
    "translation": [
      2.07103682,
      0.8824013,
      -0.665772438
    ]
  },
  {
    "timeStamp": 120705,
    "rotation": [
      [
        -0.9994798,
        0.00361940661,
        -0.0320486948
      ],
      [
        0.00254610064,
        0.999436557,
        0.0334675424
      ],
      [
        0.03215177,
        0.03336853,
        -0.9989258
      ]
    ],
    "translation": [
      2.07105112,
      0.8853856,
      -0.66372776
    ]
  },
  {
    "timeStamp": 120761,
    "rotation": [
      [
        -0.9994292,
        0.00199711,
        -0.03372309
      ],
      [
        0.00133092911,
        0.9998038,
        0.0197653454
      ],
      [
        0.0337559469,
        0.019709181,
        -0.9992358
      ]
    ],
    "translation": [
      2.07133651,
      0.8861871,
      -0.6616851
    ]
  },
  {
    "timeStamp": 120805,
    "rotation": [
      [
        -0.9991174,
        0.014130841,
        -0.0395582169
      ],
      [
        0.0139533021,
        0.999891341,
        0.0047605494
      ],
      [
        0.03962119,
        0.00420438,
        -0.999205947
      ]
    ],
    "translation": [
      2.07149458,
      0.888234,
      -0.659965336
    ]
  },
  {
    "timeStamp": 120860,
    "rotation": [
      [
        -0.9984101,
        0.0180260036,
        -0.0534077622
      ],
      [
        0.0178071037,
        0.999831,
        0.00457172375
      ],
      [
        0.0534811467,
        0.0036134175,
        -0.998562336
      ]
    ],
    "translation": [
      2.071997,
      0.88848716,
      -0.6593173
    ]
  },
  {
    "timeStamp": 120905,
    "rotation": [
      [
        -0.9984418,
        0.0138194431,
        -0.0540654436
      ],
      [
        0.01451724,
        0.99981606,
        -0.0125351436
      ],
      [
        0.0538822673,
        -0.0133004924,
        -0.998458743
      ]
    ],
    "translation": [
      2.07279134,
      0.8880754,
      -0.6598741
    ]
  },
  {
    "timeStamp": 120960,
    "rotation": [
      [
        -0.9984444,
        0.0175931137,
        -0.05290858
      ],
      [
        0.01839481,
        0.99972266,
        -0.0147038428
      ],
      [
        0.0526352227,
        -0.0156542119,
        -0.9984911
      ]
    ],
    "translation": [
      2.07419324,
      0.888592541,
      -0.659297645
    ]
  },
  {
    "timeStamp": 121005,
    "rotation": [
      [
        -0.9983573,
        0.021066213,
        -0.0532816462
      ],
      [
        0.0215484742,
        0.9997317,
        -0.008492868
      ],
      [
        0.05308844,
        -0.009627055,
        -0.998543441
      ]
    ],
    "translation": [
      2.07534528,
      0.8885883,
      -0.6585849
    ]
  },
  {
    "timeStamp": 121060,
    "rotation": [
      [
        -0.9982758,
        0.02783796,
        -0.0516767651
      ],
      [
        0.0284758154,
        0.9995266,
        -0.011648058
      ],
      [
        0.0513280444,
        -0.0130995121,
        -0.998595953
      ]
    ],
    "translation": [
      2.07574558,
      0.889822662,
      -0.659070551
    ]
  },
  {
    "timeStamp": 121105,
    "rotation": [
      [
        -0.9916475,
        0.09874749,
        -0.08297066
      ],
      [
        0.102184869,
        0.9940298,
        -0.03824749
      ],
      [
        0.0786984637,
        -0.04640637,
        -0.9958177
      ]
    ],
    "translation": [
      2.07401657,
      0.8997715,
      -0.655120552
    ]
  },
  {
    "timeStamp": 121160,
    "rotation": [
      [
        -0.964694262,
        0.243713871,
        -0.0998422354
      ],
      [
        0.2615732,
        0.9308244,
        -0.2552361
      ],
      [
        0.03073101,
        -0.272340834,
        -0.96171
      ]
    ],
    "translation": [
      2.07124329,
      0.926787436,
      -0.648701668
    ]
  },
  {
    "timeStamp": 121216,
    "rotation": [
      [
        -0.911056161,
        0.371644258,
        -0.1784861
      ],
      [
        0.411368579,
        0.8482417,
        -0.333559453
      ],
      [
        0.0274338946,
        -0.377314955,
        -0.925678551
      ]
    ],
    "translation": [
      2.071279,
      0.9577051,
      -0.642787158
    ]
  },
  {
    "timeStamp": 121260,
    "rotation": [
      [
        -0.9109968,
        0.371412665,
        -0.179269508
      ],
      [
        0.4120781,
        0.837288737,
        -0.359359473
      ],
      [
        0.016629681,
        -0.401248366,
        -0.9158184
      ]
    ],
    "translation": [
      2.07310247,
      0.966511965,
      -0.642441452
    ]
  },
  {
    "timeStamp": 121305,
    "rotation": [
      [
        -0.907373,
        0.376390517,
        -0.187094375
      ],
      [
        0.4199578,
        0.8304487,
        -0.366047084
      ],
      [
        0.0175956134,
        -0.410713,
        -0.911594868
      ]
    ],
    "translation": [
      2.075342,
      0.9758635,
      -0.6411113
    ]
  },
  {
    "timeStamp": 121360,
    "rotation": [
      [
        -0.9110282,
        0.371957719,
        -0.177975044
      ],
      [
        0.4122742,
        0.8296064,
        -0.376541138
      ],
      [
        0.0075918627,
        -0.4164141,
        -0.9091433
      ]
    ],
    "translation": [
      2.077755,
      0.981369436,
      -0.642436862
    ]
  },
  {
    "timeStamp": 121416,
    "rotation": [
      [
        -0.9205593,
        0.359646082,
        -0.15239875
      ],
      [
        0.390546143,
        0.840823054,
        -0.374820352
      ],
      [
        -0.00666228263,
        -0.4045631,
        -0.9144858
      ]
    ],
    "translation": [
      2.079975,
      0.977513433,
      -0.646615744
    ]
  },
  {
    "timeStamp": 121460,
    "rotation": [
      [
        -0.929799557,
        0.341788918,
        -0.136576921
      ],
      [
        0.3680582,
        0.860915,
        -0.351224244
      ],
      [
        -0.00246343226,
        -0.3768364,
        -0.926276565
      ]
    ],
    "translation": [
      2.08227587,
      0.970260262,
      -0.6496375
    ]
  },
  {
    "timeStamp": 121515,
    "rotation": [
      [
        -0.9480594,
        0.30390203,
        -0.09395223
      ],
      [
        0.317789137,
        0.8919783,
        -0.321535
      ],
      [
        -0.0139117781,
        -0.334691256,
        -0.9422251
      ]
    ],
    "translation": [
      2.08687663,
      0.9528157,
      -0.6574734
    ]
  },
  {
    "timeStamp": 121560,
    "rotation": [
      [
        -0.956063151,
        0.282078236,
        -0.0798441246
      ],
      [
        0.29293716,
        0.908583939,
        -0.2977634
      ],
      [
        -0.0114474893,
        -0.308069944,
        -0.9512948
      ]
    ],
    "translation": [
      2.09118915,
      0.9413859,
      -0.660650432
    ]
  },
  {
    "timeStamp": 121615,
    "rotation": [
      [
        -0.961065233,
        0.2652472,
        -0.077443786
      ],
      [
        0.2763042,
        0.92563343,
        -0.258570731
      ],
      [
        0.0030993938,
        -0.2699014,
        -0.962883
      ]
    ],
    "translation": [
      2.095698,
      0.930817544,
      -0.663580656
    ]
  },
  {
    "timeStamp": 121660,
    "rotation": [
      [
        -0.9634165,
        0.2556411,
        -0.08047554
      ],
      [
        0.2672865,
        0.938511133,
        -0.218528733
      ],
      [
        0.0196622647,
        -0.23204422,
        -0.972506464
      ]
    ],
    "translation": [
      2.09713674,
      0.924543738,
      -0.6651281
    ]
  },
  {
    "timeStamp": 121716,
    "rotation": [
      [
        -0.9670394,
        0.246743366,
        -0.06286924
      ],
      [
        0.254279435,
        0.9487136,
        -0.187841609
      ],
      [
        0.0132962335,
        -0.197636589,
        -0.980185151
      ]
    ],
    "translation": [
      2.09597373,
      0.9189328,
      -0.670394361
    ]
  },
  {
    "timeStamp": 121760,
    "rotation": [
      [
        -0.971999943,
        0.228920281,
        -0.053024482
      ],
      [
        0.23439528,
        0.960492253,
        -0.1500449
      ],
      [
        0.0165812839,
        -0.158272326,
        -0.9872562
      ]
    ],
    "translation": [
      2.09430766,
      0.915389,
      -0.67225486
    ]
  },
  {
    "timeStamp": 121815,
    "rotation": [
      [
        -0.976816237,
        0.212453708,
        -0.0263332129
      ],
      [
        0.213989124,
        0.965416133,
        -0.148930714
      ],
      [
        -0.00621837424,
        -0.151112959,
        -0.9884969
      ]
    ],
    "translation": [
      2.09171915,
      0.9128525,
      -0.6748022
    ]
  },
  {
    "timeStamp": 121860,
    "rotation": [
      [
        -0.9774496,
        0.2083557,
        -0.0343541875
      ],
      [
        0.211074084,
        0.968869567,
        -0.1293813
      ],
      [
        0.006327397,
        -0.133714974,
        -0.990999639
      ]
    ],
    "translation": [
      2.08997869,
      0.9127726,
      -0.6719699
    ]
  },
  {
    "timeStamp": 121915,
    "rotation": [
      [
        -0.9758609,
        0.217459187,
        -0.0201760922
      ],
      [
        0.218171522,
        0.966540337,
        -0.13491112
      ],
      [
        -0.009836656,
        -0.136056334,
        -0.9906523
      ]
    ],
    "translation": [
      2.08700943,
      0.9142266,
      -0.672049165
    ]
  },
  {
    "timeStamp": 121960,
    "rotation": [
      [
        -0.9791679,
        0.202659756,
        -0.01261693
      ],
      [
        0.202499151,
        0.9700318,
        -0.134284765
      ],
      [
        -0.0149752954,
        -0.134042248,
        -0.9908624
      ]
    ],
    "translation": [
      2.08554959,
      0.912494361,
      -0.670739949
    ]
  },
  {
    "timeStamp": 122015,
    "rotation": [
      [
        -0.980293632,
        0.197541922,
        0.0012907167
      ],
      [
        0.19563958,
        0.9717175,
        -0.132251084
      ],
      [
        -0.0273793451,
        -0.129392385,
        -0.9912154
      ]
    ],
    "translation": [
      2.08350658,
      0.9115612,
      -0.670951843
    ]
  },
  {
    "timeStamp": 122060,
    "rotation": [
      [
        -0.981808364,
        0.189380467,
        0.0136879142
      ],
      [
        0.185863778,
        0.9733078,
        -0.134635136
      ],
      [
        -0.038819816,
        -0.129641816,
        -0.990800738
      ]
    ],
    "translation": [
      2.0816555,
      0.910568237,
      -0.670986831
    ]
  },
  {
    "timeStamp": 122115,
    "rotation": [
      [
        -0.9858651,
        0.167515054,
        -0.00294707133
      ],
      [
        0.166694343,
        0.978965342,
        -0.117643006
      ],
      [
        -0.0168218948,
        -0.116471395,
        -0.9930516
      ]
    ],
    "translation": [
      2.08064365,
      0.9078385,
      -0.666530967
    ]
  },
  {
    "timeStamp": 122160,
    "rotation": [
      [
        -0.9884237,
        0.151483431,
        0.008444318
      ],
      [
        0.149557367,
        0.982194245,
        -0.113697514
      ],
      [
        -0.0255172476,
        -0.111118414,
        -0.99347955
      ]
    ],
    "translation": [
      2.08034348,
      0.905709445,
      -0.6668543
    ]
  },
  {
    "timeStamp": 122215,
    "rotation": [
      [
        -0.991877854,
        0.126718283,
        -0.01099223
      ],
      [
        0.1271793,
        0.9867307,
        -0.100935675
      ],
      [
        -0.00194402528,
        -0.101513848,
        -0.9948322
      ]
    ],
    "translation": [
      2.08094049,
      0.9026128,
      -0.6633223
    ]
  }
]