[
  {
    "timeStamp": 60389,
    "rotation": [
      [
        0.9999817,
        0.00455492176,
        -0.00397000834
      ],
      [
        0.003942805,
        0.00596592063,
        0.9999744
      ],
      [
        0.004578491,
        -0.9999718,
        0.005947852
      ]
    ],
    "translation": [
      1.15350437,
      0.7006419,
      -0.49007237
    ]
  },
  {
    "timeStamp": 60444,
    "rotation": [
      [
        0.9997278,
        0.0228380729,
        0.0047742445
      ],
      [
        -0.004820811,
        0.001984375,
        0.9999864
      ],
      [
        0.0228282884,
        -0.9997372,
        0.00209393282
      ]
    ],
    "translation": [
      1.15209734,
      0.7016352,
      -0.491860956
    ]
  },
  {
    "timeStamp": 60488,
    "rotation": [
      [
        0.9988802,
        0.0380401462,
        0.0281287786
      ],
      [
        -0.0294984709,
        0.0359378159,
        0.9989186
      ],
      [
        0.0369881429,
        -0.998629749,
        0.0370197
      ]
    ],
    "translation": [
      1.15186262,
      0.7070285,
      -0.501031041
    ]
  },
  {
    "timeStamp": 60544,
    "rotation": [
      [
        0.9969935,
        0.026960304,
        0.07264339
      ],
      [
        -0.07403546,
        0.0548380874,
        0.995746732
      ],
      [
        0.0228620172,
        -0.9981312,
        0.05666924
      ]
    ],
    "translation": [
      1.1563319,
      0.725723,
      -0.5032077
    ]
  },
  {
    "timeStamp": 60588,
    "rotation": [
      [
        0.9904734,
        -0.0107984114,
        0.1372804
      ],
      [
        -0.135813519,
        0.08803933,
        0.986815
      ],
      [
        -0.0227420945,
        -0.9960585,
        0.08573404
      ]
    ],
    "translation": [
      1.16555738,
      0.7508522,
      -0.5042159
    ]
  },
  {
    "timeStamp": 60644,
    "rotation": [
      [
        0.9750523,
        -0.03462396,
        0.219258308
      ],
      [
        -0.214802265,
        0.101898722,
        0.971327245
      ],
      [
        -0.0559733473,
        -0.994192064,
        0.09191927
      ]
    ],
    "translation": [
      1.18362081,
      0.7909317,
      -0.5064775
    ]
  },
  {
    "timeStamp": 60689,
    "rotation": [
      [
        0.9582609,
        -0.06363149,
        0.278723955
      ],
      [
        -0.2700374,
        0.118728884,
        0.955501556
      ],
      [
        -0.09389258,
        -0.990885735,
        0.096590355
      ]
    ],
    "translation": [
      1.20912492,
      0.8232695,
      -0.5089312
    ]
  },
  {
    "timeStamp": 60744,
    "rotation": [
      [
        0.9340708,
        -0.10781879,
        0.340421528
      ],
      [
        -0.3244634,
        0.141830474,
        0.935204566
      ],
      [
        -0.149114788,
        -0.9840017,
        0.09749646
      ]
    ],
    "translation": [
      1.25356686,
      0.8607153,
      -0.5131243
    ]
  },
  {
    "timeStamp": 60789,
    "rotation": [
      [
        0.9164289,
        -0.146984458,
        0.3722278
      ],
      [
        -0.352408975,
        0.14436993,
        0.9246433
      ],
      [
        -0.1896467,
        -0.978546262,
        0.08050613
      ]
    ],
    "translation": [
      1.29741585,
      0.8862007,
      -0.514987051
    ]
  },
  {
    "timeStamp": 60844,
    "rotation": [
      [
        0.8962734,
        -0.216598764,
        0.387012869
      ],
      [
        -0.3581662,
        0.161132082,
        0.9196485
      ],
      [
        -0.261554927,
        -0.962871432,
        0.0668400452
      ]
    ],
    "translation": [
      1.36068547,
      0.905498862,
      -0.516826153
    ]
  },
  {
    "timeStamp": 60889,
    "rotation": [
      [
        0.882139,
        -0.280836,
        0.378103018
      ],
      [
        -0.3442966,
        0.163291946,
        0.924551547
      ],
      [
        -0.321388543,
        -0.945762634,
        0.04735532
      ]
    ],
    "translation": [
      1.41603732,
      0.913972259,
      -0.5179966
    ]
  },
  {
    "timeStamp": 60944,
    "rotation": [
      [
        0.856923163,
        -0.364714235,
        0.364233732
      ],
      [
        -0.322584152,
        0.171679556,
        0.9308413
      ],
      [
        -0.40202257,
        -0.91515553,
        0.029465152
      ]
    ],
    "translation": [
      1.48650789,
      0.9205991,
      -0.5212203
    ]
  },
  {
    "timeStamp": 60989,
    "rotation": [
      [
        0.8290386,
        -0.4337635,
        0.3529081
      ],
      [
        -0.313468069,
        0.162124485,
        0.935656667
      ],
      [
        -0.463068783,
        -0.886320949,
        -0.0015635544
      ]
    ],
    "translation": [
      1.54248571,
      0.927396,
      -0.523700655
    ]
  },
  {
    "timeStamp": 61044,
    "rotation": [
      [
        0.780176759,
        -0.5250749,
        0.340030253
      ],
      [
        -0.298740685,
        0.1648422,
        0.9399899
      ],
      [
        -0.549616456,
        -0.8349392,
        -0.02825517
      ]
    ],
    "translation": [
      1.61129463,
      0.933832645,
      -0.528962255
    ]
  },
  {
    "timeStamp": 61089,
    "rotation": [
      [
        0.7239391,
        -0.5971913,
        0.34536165
      ],
      [
        -0.294678837,
        0.184959009,
        0.937525749
      ],
      [
        -0.62376,
        -0.780482352,
        -0.0420805477
      ]
    ],
    "translation": [
      1.66385269,
      0.9384028,
      -0.5363901
    ]
  },
  {
    "timeStamp": 61144,
    "rotation": [
      [
        0.6392144,
        -0.6842435,
        0.351021
      ],
      [
        -0.3046019,
        0.193845063,
        0.932545841
      ],
      [
        -0.7061321,
        -0.7030184,
        -0.08451331
      ]
    ],
    "translation": [
      1.72738254,
      0.94824183,
      -0.545478344
    ]
  },
  {
    "timeStamp": 61188,
    "rotation": [
      [
        0.5643845,
        -0.7408483,
        0.364162
      ],
      [
        -0.316286147,
        0.213411212,
        0.924347758
      ],
      [
        -0.7625177,
        -0.6368669,
        -0.113874055
      ]
    ],
    "translation": [
      1.77330244,
      0.9558625,
      -0.5551008
    ]
  },
  {
    "timeStamp": 61243,
    "rotation": [
      [
        0.4611753,
        -0.7957896,
        0.3924746
      ],
      [
        -0.34086588,
        0.249489382,
        0.9064025
      ],
      [
        -0.8192239,
        -0.5517916,
        -0.156199172
      ]
    ],
    "translation": [
      1.82522821,
      0.9651382,
      -0.5683539
    ]
  },
  {
    "timeStamp": 61288,
    "rotation": [
      [
        0.3877351,
        -0.8299761,
        0.401000321
      ],
      [
        -0.358208716,
        0.265167952,
        0.8951941
      ],
      [
        -0.8493221,
        -0.490739971,
        -0.194489732
      ]
    ],
    "translation": [
      1.86336935,
      0.9715477,
      -0.578594863
    ]
  },
  {
    "timeStamp": 61343,
    "rotation": [
      [
        0.303476542,
        -0.8619118,
        0.4062144
      ],
      [
        -0.376929164,
        0.2829501,
        0.881965756
      ],
      [
        -0.8751151,
        -0.420770019,
        -0.23901096
      ]
    ],
    "translation": [
      1.90673423,
      0.975933731,
      -0.590495348
    ]
  },
  {
    "timeStamp": 61388,
    "rotation": [
      [
        0.243598536,
        -0.874855161,
        0.4186744
      ],
      [
        -0.385988772,
        0.308570921,
        0.8693657
      ],
      [
        -0.8897598,
        -0.3733798,
        -0.262516826
      ]
    ],
    "translation": [
      1.93478286,
      0.9755228,
      -0.59893924
    ]
  },
  {
    "timeStamp": 61443,
    "rotation": [
      [
        0.1937451,
        -0.8861256,
        0.421003848
      ],
      [
        -0.398686051,
        0.320984423,
        0.85908
      ],
      [
        -0.8963885,
        -0.3342909,
        -0.291096747
      ]
    ],
    "translation": [
      1.96554971,
      0.9752032,
      -0.6056381
    ]
  },
  {
    "timeStamp": 61488,
    "rotation": [
      [
        0.140507326,
        -0.881681859,
        0.45043838
      ],
      [
        -0.420985639,
        0.358572453,
        0.8331848
      ],
      [
        -0.8961187,
        -0.306696653,
        -0.320793331
      ]
    ],
    "translation": [
      1.98596668,
      0.977182567,
      -0.6077475
    ]
  },
  {
    "timeStamp": 61543,
    "rotation": [
      [
        0.0892957747,
        -0.8887301,
        0.449650019
      ],
      [
        -0.453885019,
        0.365542829,
        0.8126296
      ],
      [
        -0.8865747,
        -0.2766538,
        -0.370739847
      ]
    ],
    "translation": [
      2.01595187,
      0.98495543,
      -0.607782
    ]
  },
  {
    "timeStamp": 61588,
    "rotation": [
      [
        0.0419338755,
        -0.9097035,
        0.413135618
      ],
      [
        -0.494893134,
        0.340297043,
        0.799549043
      ],
      [
        -0.867941439,
        -0.2379862,
        -0.435936034
      ]
    ],
    "translation": [
      2.04933,
      0.9953594,
      -0.6069861
    ]
  },
  {
    "timeStamp": 61644,
    "rotation": [
      [
        -0.0237321667,
        -0.93036,
        0.365878463
      ],
      [
        -0.5198207,
        0.324100256,
        0.790408432
      ],
      [
        -0.853945732,
        -0.1714331,
        -0.491311938
      ]
    ],
    "translation": [
      2.09324217,
      1.00220859,
      -0.610030234
    ]
  },
  {
    "timeStamp": 61688,
    "rotation": [
      [
        -0.06541285,
        -0.960438848,
        0.2706996
      ],
      [
        -0.5267298,
        0.2636411,
        0.8081145
      ],
      [
        -0.8475121,
        -0.08972446,
        -0.523137331
      ]
    ],
    "translation": [
      2.13617039,
      1.00466216,
      -0.616740048
    ]
  },
  {
    "timeStamp": 61744,
    "rotation": [
      [
        -0.0778024048,
        -0.9850354,
        0.153791875
      ],
      [
        -0.5218398,
        0.1716764,
        0.8355899
      ],
      [
        -0.8494881,
        -0.0152438181,
        -0.527387559
      ]
    ],
    "translation": [
      2.183915,
      1.00232422,
      -0.627706
    ]
  },
  {
    "timeStamp": 61788,
    "rotation": [
      [
        -0.0794426948,
        -0.994540453,
        0.06766235
      ],
      [
        -0.453835964,
        0.09651909,
        0.8858425
      ],
      [
        -0.887536943,
        0.0396661,
        -0.459025949
      ]
    ],
    "translation": [
      2.21551585,
      0.9868154,
      -0.640709043
    ]
  },
  {
    "timeStamp": 61837,
    "rotation": [
      [
        -0.0821646452,
        -0.995494366,
        0.04732871
      ],
      [
        -0.372257262,
        0.0747076347,
        0.92511797
      ],
      [
        -0.9244855,
        0.05839353,
        -0.376718342
      ]
    ],
    "translation": [
      2.23220539,
      0.9620178,
      -0.6545359
    ]
  },
  {
    "timeStamp": 61894,
    "rotation": [
      [
        -0.0468517281,
        -0.998660266,
        0.0219661426
      ],
      [
        -0.219023108,
        0.031725578,
        0.975203753
      ],
      [
        -0.9745942,
        0.04087889,
        -0.2202161
      ]
    ],
    "translation": [
      2.24186349,
      0.9247041,
      -0.6775802
    ]
  },
  {
    "timeStamp": 61939,
    "rotation": [
      [
        0.0346516,
        -0.9988313,
        0.0336947739
      ],
      [
        -0.127918869,
        0.0290049724,
        0.9913604
      ],
      [
        -0.9911791,
        -0.038662415,
        -0.1267643
      ]
    ],
    "translation": [
      2.22823572,
      0.899228036,
      -0.6882356
    ]
  },
  {
    "timeStamp": 61994,
    "rotation": [
      [
        0.06431635,
        -0.9978814,
        0.009804309
      ],
      [
        -0.095006384,
        0.00365718,
        0.9954699
      ],
      [
        -0.993396759,
        -0.0649564639,
        -0.0945698842
      ]
    ],
    "translation": [
      2.22169232,
      0.879930556,
      -0.69781667
    ]
  },
  {
    "timeStamp": 62039,
    "rotation": [
      [
        0.090492174,
        -0.995447159,
        0.0299350675
      ],
      [
        -0.07034848,
        0.02359398,
        0.9972434
      ],
      [
        -0.9934094,
        -0.09234862,
        -0.0678931251
      ]
    ],
    "translation": [
      2.2109468,
      0.8600845,
      -0.7029488
    ]
  },
  {
    "timeStamp": 62094,
    "rotation": [
      [
        0.09966036,
        -0.994425058,
        -0.0344476
      ],
      [
        -0.0367166139,
        -0.03827167,
        0.9985926
      ],
      [
        -0.9943439,
        -0.0982553139,
        -0.04032609
      ]
    ],
    "translation": [
      2.21524215,
      0.845150054,
      -0.705908537
    ]
  },
  {
    "timeStamp": 62139,
    "rotation": [
      [
        0.09946838,
        -0.9950173,
        -0.006837864
      ],
      [
        -0.0187408552,
        -0.008744094,
        0.999786139
      ],
      [
        -0.9948643,
        -0.09931896,
        -0.0195172336
      ]
    ],
    "translation": [
      2.21278143,
      0.826479733,
      -0.705511
    ]
  },
  {
    "timeStamp": 62194,
    "rotation": [
      [
        0.117696643,
        -0.9915106,
        -0.0552641526
      ],
      [
        -0.0166927,
        -0.0576184466,
        0.9981991
      ],
      [
        -0.9929093,
        -0.116562173,
        -0.0233324878
      ]
    ],
    "translation": [
      2.21839046,
      0.8144592,
      -0.700217068
    ]
  },
  {
    "timeStamp": 62239,
    "rotation": [
      [
        0.116304271,
        -0.99175334,
        -0.05383944
      ],
      [
        -0.0169500168,
        -0.05618133,
        0.9982767
      ],
      [
        -0.993069,
        -0.115191273,
        -0.023344364
      ]
    ],
    "translation": [
      2.22205114,
      0.801050365,
      -0.6981543
    ]
  },
  {
    "timeStamp": 62296,
    "rotation": [
      [
        0.145369872,
        -0.9838147,
        -0.104767539
      ],
      [
        -0.0281188786,
        -0.109957911,
        0.993538439
      ],
      [
        -0.9889777,
        -0.141484618,
        -0.0436483361
      ]
    ],
    "translation": [
      2.22938514,
      0.7936374,
      -0.692336559
    ]
  },
  {
    "timeStamp": 62341,
    "rotation": [
      [
        0.166234046,
        -0.975567341,
        -0.143647537
      ],
      [
        -0.00422387337,
        -0.146377519,
        0.9892198
      ],
      [
        -0.9860773,
        -0.163835257,
        -0.0284536015
      ]
    ],
    "translation": [
      2.23835039,
      0.786563,
      -0.6918802
    ]
  },
  {
    "timeStamp": 62387,
    "rotation": [
      [
        0.1433502,
        -0.9819663,
        -0.123259418
      ],
      [
        0.00641374243,
        -0.123621337,
        0.992308736
      ],
      [
        -0.9896512,
        -0.143038213,
        -0.0114230644
      ]
    ],
    "translation": [
      2.24343443,
      0.7757368,
      -0.695509553
    ]
  },
  {
    "timeStamp": 62443,
    "rotation": [
      [
        0.133479789,
        -0.9819685,
        -0.133869231
      ],
      [
        0.0126532018,
        -0.133378372,
        0.99098444
      ],
      [
        -0.990970731,
        -0.133970261,
        -0.005378272
      ]
    ],
    "translation": [
      2.253628,
      0.768998444,
      -0.696765244
    ]
  },
  {
    "timeStamp": 62488,
    "rotation": [
      [
        0.117382325,
        -0.9853989,
        -0.123330221
      ],
      [
        0.005017087,
        -0.123598754,
        0.9923196
      ],
      [
        -0.9930741,
        -0.117099538,
        -0.009564477
      ]
    ],
    "translation": [
      2.26007676,
      0.7652229,
      -0.6970385
    ]
  },
  {
    "timeStamp": 62543,
    "rotation": [
      [
        0.100618966,
        -0.990328252,
        -0.09552844
      ],
      [
        -0.01964901,
        -0.097974956,
        0.9949949
      ],
      [
        -0.994730949,
        -0.09823831,
        -0.0293171089
      ]
    ],
    "translation": [
      2.263539,
      0.763160944,
      -0.6938505
    ]
  },
  {
    "timeStamp": 62588,
    "rotation": [
      [
        0.104941927,
        -0.990516841,
        -0.08867636
      ],
      [
        -0.0312736332,
        -0.09241161,
        0.995229661
      ],
      [
        -0.9939865,
        -0.1016681,
        -0.0406749137
      ]
    ],
    "translation": [
      2.26500154,
      0.762564,
      -0.689421058
    ]
  },
  {
    "timeStamp": 62643,
    "rotation": [
      [
        0.09107196,
        -0.9948414,
        -0.04468085
      ],
      [
        -0.05501863,
        -0.0498252735,
        0.9972414
      ],
      [
        -0.994323254,
        -0.08836244,
        -0.0592724942
      ]
    ],
    "translation": [
      2.263513,
      0.7588719,
      -0.6860766
    ]
  },
  {
    "timeStamp": 62688,
    "rotation": [
      [
        0.08769335,
        -0.995003,
        -0.04773806
      ],
      [
        -0.06228837,
        -0.0533060022,
        0.996633649
      ],
      [
        -0.9941982,
        -0.0844246149,
        -0.0666516945
      ]
    ],
    "translation": [
      2.26694226,
      0.7581196,
      -0.6833246
    ]
  },
  {
    "timeStamp": 62743,
    "rotation": [
      [
        0.08098031,
        -0.9962119,
        -0.0316877253
      ],
      [
        -0.07194674,
        -0.037551716,
        0.9967013
      ],
      [
        -0.9941156,
        -0.0784333348,
        -0.0747151449
      ]
    ],
    "translation": [
      2.26613545,
      0.754110157,
      -0.681285262
    ]
  },
  {
    "timeStamp": 62788,
    "rotation": [
      [
        0.08013525,
        -0.9963185,
        -0.0304588117
      ],
      [
        -0.07613897,
        -0.03658605,
        0.996425748
      ],
      [
        -0.9938718,
        -0.0775297061,
        -0.0787905
      ]
    ],
    "translation": [
      2.26809788,
      0.752014041,
      -0.6796795
    ]
  },
  {
    "timeStamp": 62843,
    "rotation": [
      [
        0.07619631,
        -0.9961694,
        -0.0429032259
      ],
      [
        -0.07428282,
        -0.0485800654,
        0.9960532
      ],
      [
        -0.994321942,
        -0.0727086,
        -0.07769989
      ]
    ],
    "translation": [
      2.27085185,
      0.74960196,
      -0.6791276
    ]
  },
  {
    "timeStamp": 62888,
    "rotation": [
      [
        0.07327921,
        -0.9965682,
        -0.0384961851
      ],
      [
        -0.0679770038,
        -0.0435012,
        0.9967381
      ],
      [
        -0.9949921,
        -0.0704233348,
        -0.07093146
      ]
    ],
    "translation": [
      2.27099943,
      0.745930433,
      -0.6786744
    ]
  },
  {
    "timeStamp": 62943,
    "rotation": [
      [
        0.076368615,
        -0.995882034,
        -0.0488559268
      ],
      [
        -0.0545744561,
        -0.05310053,
        0.9970968
      ],
      [
        -0.995585,
        -0.07348062,
        -0.05840493
      ]
    ],
    "translation": [
      2.27182341,
      0.743673861,
      -0.6788363
    ]
  }
]