[
  {
    "timeStamp": 35067,
    "rotation": [
      [
        0.9999841,
        -0.00502801,
        0.00255477638
      ],
      [
        -0.002721665,
        -0.03346972,
        0.999436
      ],
      [
        -0.004939666,
        -0.9994271,
        -0.0334828757
      ]
    ],
    "translation": [
      1.4618808,
      0.704102159,
      -0.750310063
    ]
  },
  {
    "timeStamp": 35111,
    "rotation": [
      [
        0.9997656,
        -0.0177993663,
        0.0123245474
      ],
      [
        -0.0129319523,
        -0.0344231054,
        0.999323666
      ],
      [
        -0.0173630714,
        -0.9992488,
        -0.03464522
      ]
    ],
    "translation": [
      1.46052551,
      0.7075187,
      -0.7477467
    ]
  },
  {
    "timeStamp": 35167,
    "rotation": [
      [
        0.998410642,
        -0.0393149965,
        0.04037941
      ],
      [
        -0.041884698,
        -0.0382481627,
        0.9983901
      ],
      [
        -0.03770726,
        -0.998494565,
        -0.0398340672
      ]
    ],
    "translation": [
      1.45799339,
      0.7175298,
      -0.7440016
    ]
  },
  {
    "timeStamp": 35214,
    "rotation": [
      [
        0.9946286,
        -0.07132873,
        0.07500714
      ],
      [
        -0.0776141062,
        -0.03450411,
        0.99638623
      ],
      [
        -0.06848291,
        -0.996855855,
        -0.0398548953
      ]
    ],
    "translation": [
      1.45772171,
      0.732763469,
      -0.740633965
    ]
  },
  {
    "timeStamp": 35267,
    "rotation": [
      [
        0.9843854,
        -0.125699326,
        0.12322785
      ],
      [
        -0.1280708,
        -0.03117221,
        0.991275
      ],
      [
        -0.120761305,
        -0.9915785,
        -0.04678388
      ]
    ],
    "translation": [
      1.45996,
      0.7607564,
      -0.7330357
    ]
  },
  {
    "timeStamp": 35311,
    "rotation": [
      [
        0.9622495,
        -0.2003621,
        0.184203312
      ],
      [
        -0.189549267,
        -0.007662506,
        0.9818413
      ],
      [
        -0.195312321,
        -0.9796919,
        -0.0453517325
      ]
    ],
    "translation": [
      1.46534371,
      0.7942489,
      -0.722289145
    ]
  },
  {
    "timeStamp": 35367,
    "rotation": [
      [
        0.912617862,
        -0.31252557,
        0.26354596
      ],
      [
        -0.270814329,
        0.0207620785,
        0.9624077
      ],
      [
        -0.306248784,
        -0.9496825,
        -0.06568856
      ]
    ],
    "translation": [
      1.47961378,
      0.8455468,
      -0.7006558
    ]
  },
  {
    "timeStamp": 35412,
    "rotation": [
      [
        0.8498868,
        -0.403996229,
        0.338348359
      ],
      [
        -0.352314144,
        0.04185707,
        0.934945345
      ],
      [
        -0.391876638,
        -0.913802564,
        -0.1067598
      ]
    ],
    "translation": [
      1.50106192,
      0.89278543,
      -0.682002246
    ]
  },
  {
    "timeStamp": 35467,
    "rotation": [
      [
        0.7423256,
        -0.5247118,
        0.4166897
      ],
      [
        -0.4578617,
        0.0568071827,
        0.8872066
      ],
      [
        -0.489198744,
        -0.84938246,
        -0.198076
      ]
    ],
    "translation": [
      1.53954351,
      0.95850575,
      -0.651232064
    ]
  },
  {
    "timeStamp": 35511,
    "rotation": [
      [
        0.632136941,
        -0.6269801,
        0.455300838
      ],
      [
        -0.5488113,
        0.0525233373,
        0.834294558
      ],
      [
        -0.547,
        -0.7772627,
        -0.310891837
      ]
    ],
    "translation": [
      1.58383334,
      1.01014042,
      -0.628234446
    ]
  },
  {
    "timeStamp": 35567,
    "rotation": [
      [
        0.4876824,
        -0.7586082,
        0.432064265
      ],
      [
        -0.638619661,
        0.02745546,
        0.7690326
      ],
      [
        -0.595257,
        -0.6509684,
        -0.471072555
      ]
    ],
    "translation": [
      1.656575,
      1.0695498,
      -0.595293045
    ]
  },
  {
    "timeStamp": 35612,
    "rotation": [
      [
        0.3775164,
        -0.8437074,
        0.3816271
      ],
      [
        -0.69098115,
        0.01769395,
        0.72265625
      ],
      [
        -0.6164629,
        -0.53651166,
        -0.5763061
      ]
    ],
    "translation": [
      1.71970534,
      1.10538781,
      -0.580200851
    ]
  },
  {
    "timeStamp": 35667,
    "rotation": [
      [
        0.264213771,
        -0.9283987,
        0.261279225
      ],
      [
        -0.7398947,
        -0.0213381629,
        0.672384262
      ],
      [
        -0.6186655,
        -0.370972276,
        -0.6925551
      ]
    ],
    "translation": [
      1.806301,
      1.13942921,
      -0.565594733
    ]
  },
  {
    "timeStamp": 35712,
    "rotation": [
      [
        0.203769937,
        -0.9654748,
        0.162284344
      ],
      [
        -0.7528395,
        -0.04855735,
        0.6564106
      ],
      [
        -0.6258678,
        -0.2559308,
        -0.7367421
      ]
    ],
    "translation": [
      1.866498,
      1.1508249,
      -0.5639928
    ]
  },
  {
    "timeStamp": 35767,
    "rotation": [
      [
        0.134248048,
        -0.9902857,
        0.0362186655
      ],
      [
        -0.7590169,
        -0.07926097,
        0.6462284
      ],
      [
        -0.63708,
        -0.114245474,
        -0.76228416
      ]
    ],
    "translation": [
      1.94196963,
      1.15658009,
      -0.5654912
    ]
  },
  {
    "timeStamp": 35811,
    "rotation": [
      [
        0.0948813558,
        -0.995160937,
        -0.0255402122
      ],
      [
        -0.728137136,
        -0.0868719146,
        0.6799041
      ],
      [
        -0.6788327,
        -0.0459134467,
        -0.732856154
      ]
    ],
    "translation": [
      1.98856151,
      1.14754117,
      -0.568877161
    ]
  },
  {
    "timeStamp": 35867,
    "rotation": [
      [
        0.0385910645,
        -0.997270465,
        -0.06294724
      ],
      [
        -0.664306,
        -0.07266235,
        0.7439205
      ],
      [
        -0.746463835,
        0.0131075513,
        -0.665296853
      ]
    ],
    "translation": [
      2.039029,
      1.12243974,
      -0.5749847
    ]
  },
  {
    "timeStamp": 35911,
    "rotation": [
      [
        -0.0439544953,
        -0.9974933,
        -0.05545301
      ],
      [
        -0.611314237,
        -0.0170473848,
        0.791204333
      ],
      [
        -0.7901664,
        0.0686762,
        -0.6090326
      ]
    ],
    "translation": [
      2.07422543,
      1.10108721,
      -0.580386043
    ]
  },
  {
    "timeStamp": 35967,
    "rotation": [
      [
        -0.089451015,
        -0.995488048,
        -0.03165393
      ],
      [
        -0.4367095,
        0.01063814,
        0.8995397
      ],
      [
        -0.8951443,
        0.09428831,
        -0.435690671
      ]
    ],
    "translation": [
      2.10222125,
      1.03625917,
      -0.592871249
    ]
  },
  {
    "timeStamp": 36011,
    "rotation": [
      [
        -0.06196723,
        -0.9960849,
        -0.06304643
      ],
      [
        -0.3588877,
        -0.03670523,
        0.932658732
      ],
      [
        -0.931321442,
        0.0804208741,
        -0.3552081
      ]
    ],
    "translation": [
      2.113532,
      0.9957846,
      -0.600999236
    ]
  },
  {
    "timeStamp": 36067,
    "rotation": [
      [
        -0.0784610137,
        -0.9967831,
        0.0163521022
      ],
      [
        -0.249387339,
        0.0355061963,
        0.9677527
      ],
      [
        -0.9652201,
        0.0718528554,
        -0.2513709
      ]
    ],
    "translation": [
      2.113864,
      0.944930553,
      -0.6162428
    ]
  },
  {
    "timeStamp": 36111,
    "rotation": [
      [
        -0.0915049,
        -0.995647669,
        0.0176802147
      ],
      [
        -0.169632748,
        0.03308037,
        0.984952
      ],
      [
        -0.98125,
        0.08712879,
        -0.171921462
      ]
    ],
    "translation": [
      2.119087,
      0.9061561,
      -0.624362648
    ]
  },
  {
    "timeStamp": 36161,
    "rotation": [
      [
        -0.09786039,
        -0.995181262,
        0.006132522
      ],
      [
        -0.133473083,
        0.0192309022,
        0.9908658
      ],
      [
        -0.986209035,
        0.0961479843,
        -0.134711862
      ]
    ],
    "translation": [
      2.12483954,
      0.8775735,
      -0.6299375
    ]
  },
  {
    "timeStamp": 36217,
    "rotation": [
      [
        -0.14009656,
        -0.988739967,
        0.0525954925
      ],
      [
        -0.07616515,
        0.06372351,
        0.995056868
      ],
      [
        -0.9872041,
        0.13539809,
        -0.08423497
      ]
    ],
    "translation": [
      2.12395,
      0.844832242,
      -0.635399044
    ]
  },
  {
    "timeStamp": 36261,
    "rotation": [
      [
        -0.161226973,
        -0.984136343,
        0.0740369558
      ],
      [
        -0.0478366129,
        0.08272299,
        0.9954238
      ],
      [
        -0.985757351,
        0.156947479,
        -0.06041493
      ]
    ],
    "translation": [
      2.12284017,
      0.8308465,
      -0.636606455
    ]
  },
  {
    "timeStamp": 36306,
    "rotation": [
      [
        -0.123868249,
        -0.9906515,
        0.05715089
      ],
      [
        -0.03648812,
        0.0621027276,
        0.997402549
      ],
      [
        -0.9916276,
        0.121461168,
        -0.0438395664
      ]
    ],
    "translation": [
      2.11580682,
      0.820114136,
      -0.637949765
    ]
  },
  {
    "timeStamp": 36361,
    "rotation": [
      [
        -0.0933981,
        -0.9954867,
        -0.0168220121
      ],
      [
        -0.0303426813,
        -0.0140420338,
        0.9994409
      ],
      [
        -0.995166361,
        0.09385631,
        -0.0288942363
      ]
    ],
    "translation": [
      2.118056,
      0.806173265,
      -0.639290154
    ]
  },
  {
    "timeStamp": 36417,
    "rotation": [
      [
        -0.10302569,
        -0.9944062,
        -0.0232796334
      ],
      [
        -0.01351354,
        -0.0220027082,
        0.9996666
      ],
      [
        -0.9945869,
        0.103305928,
        -0.0111711044
      ]
    ],
    "translation": [
      2.12452769,
      0.7959559,
      -0.6421046
    ]
  },
  {
    "timeStamp": 36462,
    "rotation": [
      [
        -0.09770294,
        -0.990857065,
        -0.09303946
      ],
      [
        -0.0130328489,
        -0.0922048539,
        0.995654762
      ],
      [
        -0.995130241,
        0.09849097,
        -0.00390500529
      ]
    ],
    "translation": [
      2.138186,
      0.790044,
      -0.6440186
    ]
  },
  {
    "timeStamp": 36517,
    "rotation": [
      [
        -0.123716928,
        -0.9824172,
        -0.139823362
      ],
      [
        -0.009405172,
        -0.139738649,
        0.9901438
      ],
      [
        -0.992273,
        0.1238126,
        0.008048234
      ]
    ],
    "translation": [
      2.15990067,
      0.782964,
      -0.646694
    ]
  },
  {
    "timeStamp": 36561,
    "rotation": [
      [
        -0.1515501,
        -0.9798596,
        -0.130029857
      ],
      [
        0.00261080149,
        -0.13194567,
        0.9912535
      ],
      [
        -0.9884461,
        0.149885088,
        0.0225545969
      ]
    ],
    "translation": [
      2.17172456,
      0.7749858,
      -0.6485853
    ]
  },
  {
    "timeStamp": 36607,
    "rotation": [
      [
        -0.14856714,
        -0.9775011,
        -0.149731278
      ],
      [
        0.014954377,
        -0.153615028,
        0.9880176
      ],
      [
        -0.98878926,
        0.1445478,
        0.0374400653
      ]
    ],
    "translation": [
      2.18071175,
      0.76689297,
      -0.650861263
    ]
  },
  {
    "timeStamp": 36664,
    "rotation": [
      [
        -0.162718922,
        -0.9722481,
        -0.16809608
      ],
      [
        0.008452519,
        -0.171733975,
        0.9851071
      ],
      [
        -0.9866363,
        0.158874735,
        0.0361623131
      ]
    ],
    "translation": [
      2.19328117,
      0.763367951,
      -0.650985956
    ]
  },
  {
    "timeStamp": 36709,
    "rotation": [
      [
        -0.171807542,
        -0.9700558,
        -0.171679452
      ],
      [
        0.000523404451,
        -0.174360633,
        0.9846817
      ],
      [
        -0.98513037,
        0.16908589,
        0.0304642059
      ]
    ],
    "translation": [
      2.19982,
      0.763432562,
      -0.649835944
    ]
  },
  {
    "timeStamp": 36766,
    "rotation": [
      [
        -0.172687441,
        -0.9669487,
        -0.187588349
      ],
      [
        -0.0165799316,
        -0.187568948,
        0.9821115
      ],
      [
        -0.9848372,
        0.172708526,
        0.0163588561
      ]
    ],
    "translation": [
      2.20676279,
      0.7647055,
      -0.646879256
    ]
  },
  {
    "timeStamp": 36811,
    "rotation": [
      [
        -0.17261222,
        -0.968587339,
        -0.179007173
      ],
      [
        -0.0180717,
        -0.178590253,
        0.983757555
      ],
      [
        -0.984824,
        0.173043534,
        0.0133228423
      ]
    ],
    "translation": [
      2.208766,
      0.763046,
      -0.645170867
    ]
  },
  {
    "timeStamp": 36866,
    "rotation": [
      [
        -0.16242224,
        -0.96808213,
        -0.1908821
      ],
      [
        -0.02542002,
        -0.189281359,
        0.9815938
      ],
      [
        -0.986393869,
        0.1642849,
        0.0061348374
      ]
    ],
    "translation": [
      2.21189332,
      0.7598763,
      -0.6424458
    ]
  },
  {
    "timeStamp": 36911,
    "rotation": [
      [
        -0.1563857,
        -0.9662386,
        -0.204759255
      ],
      [
        -0.03262693,
        -0.202143148,
        0.978812337
      ],
      [
        -0.987157047,
        0.159752935,
        8.689922E-05
      ]
    ],
    "translation": [
      2.215142,
      0.7581334,
      -0.640429556
    ]
  },
  {
    "timeStamp": 36966,
    "rotation": [
      [
        -0.149189219,
        -0.9617978,
        -0.229537889
      ],
      [
        -0.0338087641,
        -0.227038428,
        0.9732988
      ],
      [
        -0.9882305,
        0.152966067,
        0.00135448936
      ]
    ],
    "translation": [
      2.22073317,
      0.7547262,
      -0.6394441
    ]
  },
  {
    "timeStamp": 37011,
    "rotation": [
      [
        -0.152974918,
        -0.959053636,
        -0.238358453
      ],
      [
        -0.0288441945,
        -0.2367614,
        0.97113955
      ],
      [
        -0.987809062,
        0.155435264,
        0.008555428
      ]
    ],
    "translation": [
      2.22530031,
      0.7513461,
      -0.6393881
    ]
  },
  {
    "timeStamp": 37067,
    "rotation": [
      [
        -0.157526642,
        -0.955817342,
        -0.2481906
      ],
      [
        -0.0338831432,
        -0.245949015,
        0.968690336
      ],
      [
        -0.9869333,
        0.161004022,
        0.006357428
      ]
    ],
    "translation": [
      2.23008847,
      0.7494122,
      -0.6381746
    ]
  },
  {
    "timeStamp": 37111,
    "rotation": [
      [
        -0.14835903,
        -0.9588744,
        -0.2419698
      ],
      [
        -0.0311021786,
        -0.24003236,
        0.9702665
      ],
      [
        -0.9884443,
        0.151473582,
        0.005787885
      ]
    ],
    "translation": [
      2.22907,
      0.746724963,
      -0.6378854
    ]
  },
  {
    "timeStamp": 37166,
    "rotation": [
      [
        -0.141930118,
        -0.958802164,
        -0.246077538
      ],
      [
        -0.0388513319,
        -0.243006885,
        0.9692462
      ],
      [
        -0.9891139,
        0.147125661,
        -0.00276074558
      ]
    ],
    "translation": [
      2.22884274,
      0.745806336,
      -0.6358098
    ]
  },
  {
    "timeStamp": 37211,
    "rotation": [
      [
        -0.133624673,
        -0.9600958,
        -0.24568364
      ],
      [
        -0.0436755046,
        -0.2419609,
        0.969302535
      ],
      [
        -0.990069151,
        0.1402531,
        -0.009600725
      ]
    ],
    "translation": [
      2.22800326,
      0.745068669,
      -0.634018958
    ]
  },
  {
    "timeStamp": 37266,
    "rotation": [
      [
        -0.129534572,
        -0.9625269,
        -0.238249063
      ],
      [
        -0.04766958,
        -0.23395066,
        0.9710791
      ],
      [
        -0.9904284,
        0.137145564,
        -0.015578554
      ]
    ],
    "translation": [
      2.226781,
      0.7434635,
      -0.631421447
    ]
  },
  {
    "timeStamp": 37311,
    "rotation": [
      [
        -0.12888965,
        -0.9617007,
        -0.241907388
      ],
      [
        -0.040594507,
        -0.238620818,
        0.970263958
      ],
      [
        -0.9908277,
        0.1348771,
        -0.008284009
      ]
    ],
    "translation": [
      2.22843671,
      0.739940763,
      -0.6311618
    ]
  },
  {
    "timeStamp": 37366,
    "rotation": [
      [
        -0.1290277,
        -0.965391,
        -0.226654366
      ],
      [
        -0.0259146485,
        -0.225204244,
        0.9739669
      ],
      [
        -0.9913023,
        0.13154237,
        0.00403981656
      ]
    ],
    "translation": [
      2.227558,
      0.736013,
      -0.631807566
    ]
  }
]