[
  {
    "timeStamp": 39665,
    "rotation": [
      [
        -0.998341,
        -0.0168332327,
        -0.0550616048
      ],
      [
        -0.05456377,
        -0.0287272148,
        0.998096943
      ],
      [
        -0.0183829777,
        0.9994455,
        0.0277610719
      ]
    ],
    "translation": [
      1.30901122,
      0.701943636,
      -0.751773059
    ]
  },
  {
    "timeStamp": 39711,
    "rotation": [
      [
        -0.996762931,
        -0.03347823,
        -0.07309454
      ],
      [
        -0.07229818,
        -0.02441199,
        0.99708426
      ],
      [
        -0.035165,
        0.9991413,
        0.0219125524
      ]
    ],
    "translation": [
      1.30891478,
      0.7069068,
      -0.7507534
    ]
  },
  {
    "timeStamp": 39765,
    "rotation": [
      [
        -0.9926122,
        -0.0314672552,
        -0.117178857
      ],
      [
        -0.115963683,
        -0.03801052,
        0.9925259
      ],
      [
        -0.035686098,
        0.9987818,
        0.0340806469
      ]
    ],
    "translation": [
      1.31861579,
      0.7109777,
      -0.7511549
    ]
  },
  {
    "timeStamp": 39809,
    "rotation": [
      [
        -0.9710836,
        -0.056395445,
        -0.231983259
      ],
      [
        -0.226671547,
        -0.08723815,
        0.9700565
      ],
      [
        -0.07494454,
        0.994589865,
        0.07193229
      ]
    ],
    "translation": [
      1.36762989,
      0.729616,
      -0.7628142
    ]
  },
  {
    "timeStamp": 39865,
    "rotation": [
      [
        -0.9857701,
        -0.0257715471,
        -0.166111976
      ],
      [
        -0.162698343,
        -0.102201745,
        0.9813685
      ],
      [
        -0.0422683,
        0.9944298,
        0.0965544358
      ]
    ],
    "translation": [
      1.36584723,
      0.758148849,
      -0.7659229
    ]
  },
  {
    "timeStamp": 39909,
    "rotation": [
      [
        -0.9935686,
        0.00637565,
        -0.113052294
      ],
      [
        -0.11302679,
        -0.115914889,
        0.986807346
      ],
      [
        -0.00681287842,
        0.9932387,
        0.115890011
      ]
    ],
    "translation": [
      1.36911392,
      0.783033252,
      -0.769138
    ]
  },
  {
    "timeStamp": 39965,
    "rotation": [
      [
        -0.9976117,
        0.04521708,
        -0.0522139259
      ],
      [
        -0.05782001,
        -0.133160442,
        0.989406466
      ],
      [
        0.037785247,
        0.9900625,
        0.135456875
      ]
    ],
    "translation": [
      1.38122869,
      0.8129984,
      -0.7729824
    ]
  },
  {
    "timeStamp": 40009,
    "rotation": [
      [
        -0.9968852,
        0.07886264,
        -0.000807159347
      ],
      [
        -0.0123212226,
        -0.145624727,
        0.9892632
      ],
      [
        0.07789836,
        0.98619175,
        0.146142811
      ]
    ],
    "translation": [
      1.39460373,
      0.835054159,
      -0.774525464
    ]
  },
  {
    "timeStamp": 40065,
    "rotation": [
      [
        -0.988211155,
        0.147953272,
        0.0393509977
      ],
      [
        0.0151047129,
        -0.16155684,
        0.9867478
      ],
      [
        0.15235,
        0.975709558,
        0.157417476
      ]
    ],
    "translation": [
      1.420965,
      0.8573475,
      -0.771938443
    ]
  },
  {
    "timeStamp": 40110,
    "rotation": [
      [
        -0.9737765,
        0.213164538,
        0.07949987
      ],
      [
        0.0393621735,
        -0.1863124,
        0.981701732
      ],
      [
        0.224075809,
        0.9590874,
        0.173036024
      ]
    ],
    "translation": [
      1.44359231,
      0.874991238,
      -0.771492362
    ]
  },
  {
    "timeStamp": 40165,
    "rotation": [
      [
        -0.947957337,
        0.291690439,
        0.1276465
      ],
      [
        0.06582339,
        -0.212706238,
        0.97489655
      ],
      [
        0.311519235,
        0.9325625,
        0.182436377
      ]
    ],
    "translation": [
      1.47526371,
      0.895151138,
      -0.7679228
    ]
  },
  {
    "timeStamp": 40210,
    "rotation": [
      [
        -0.917069554,
        0.364244133,
        0.1622024
      ],
      [
        0.07647865,
        -0.238559291,
        0.9681118
      ],
      [
        0.391323924,
        0.9002309,
        0.190918565
      ]
    ],
    "translation": [
      1.50447321,
      0.907346368,
      -0.764995
    ]
  },
  {
    "timeStamp": 40265,
    "rotation": [
      [
        -0.866410851,
        0.461621732,
        0.190361679
      ],
      [
        0.08516317,
        -0.2390368,
        0.967268646
      ],
      [
        0.4920157,
        0.854263842,
        0.16779092
      ]
    ],
    "translation": [
      1.54568231,
      0.918422341,
      -0.7564888
    ]
  },
  {
    "timeStamp": 40309,
    "rotation": [
      [
        -0.8179158,
        0.5371954,
        0.205997437
      ],
      [
        0.08984146,
        -0.234400064,
        0.9679799
      ],
      [
        0.56828016,
        0.8102332,
        0.143457085
      ]
    ],
    "translation": [
      1.58242178,
      0.9249609,
      -0.7468733
    ]
  },
  {
    "timeStamp": 40365,
    "rotation": [
      [
        -0.743696451,
        0.6303542,
        0.222641319
      ],
      [
        0.08857485,
        -0.237190649,
        0.9674167
      ],
      [
        0.662623644,
        0.7391848,
        0.120564319
      ]
    ],
    "translation": [
      1.6280365,
      0.9311333,
      -0.73919934
    ]
  },
  {
    "timeStamp": 40409,
    "rotation": [
      [
        -0.675788164,
        0.7049381,
        0.215342909
      ],
      [
        0.07417374,
        -0.225630015,
        0.9713853
      ],
      [
        0.7333543,
        0.6724235,
        0.100190207
      ]
    ],
    "translation": [
      1.66913629,
      0.931188941,
      -0.733195364
    ]
  },
  {
    "timeStamp": 40465,
    "rotation": [
      [
        -0.590426445,
        0.7804113,
        0.205802739
      ],
      [
        0.053227,
        -0.21678704,
        0.9747668
      ],
      [
        0.8053343,
        0.586482346,
        0.086457856
      ]
    ],
    "translation": [
      1.71869683,
      0.9292854,
      -0.731308341
    ]
  },
  {
    "timeStamp": 40509,
    "rotation": [
      [
        -0.5157124,
        0.831187546,
        0.207768962
      ],
      [
        0.0490401052,
        -0.213469669,
        0.9757181
      ],
      [
        0.8553571,
        0.513378859,
        0.06932743
      ]
    ],
    "translation": [
      1.75535393,
      0.928807855,
      -0.730885863
    ]
  },
  {
    "timeStamp": 40565,
    "rotation": [
      [
        -0.4354849,
        0.8708153,
        0.228108957
      ],
      [
        0.06032851,
        -0.224597141,
        0.972582459
      ],
      [
        0.898172259,
        0.437306434,
        0.0452736653
      ]
    ],
    "translation": [
      1.79173315,
      0.932583,
      -0.7326741
    ]
  },
  {
    "timeStamp": 40609,
    "rotation": [
      [
        -0.378119051,
        0.89348495,
        0.242302835
      ],
      [
        0.0665250644,
        -0.234833658,
        0.9697564
      ],
      [
        0.9233636,
        0.3828026,
        0.0293559413
      ]
    ],
    "translation": [
      1.81820047,
      0.934414566,
      -0.7340975
    ]
  },
  {
    "timeStamp": 40665,
    "rotation": [
      [
        -0.3116619,
        0.9154155,
        0.254718
      ],
      [
        0.06918594,
        -0.245495856,
        0.966925561
      ],
      [
        0.9476709,
        0.3189768,
        0.0131778223
      ]
    ],
    "translation": [
      1.84786725,
      0.9335171,
      -0.735626042
    ]
  },
  {
    "timeStamp": 40709,
    "rotation": [
      [
        -0.2737505,
        0.9228301,
        0.2710078
      ],
      [
        0.07067275,
        -0.2617095,
        0.9625557
      ],
      [
        0.9592007,
        0.282653,
        0.006424173
      ]
    ],
    "translation": [
      1.86738467,
      0.9320041,
      -0.736471236
    ]
  },
  {
    "timeStamp": 40765,
    "rotation": [
      [
        -0.240995929,
        0.930045664,
        0.277373463
      ],
      [
        0.07458017,
        -0.26720503,
        0.9607493
      ],
      [
        0.9676563,
        0.252223253,
        -0.004967642
      ]
    ],
    "translation": [
      1.88928521,
      0.9293427,
      -0.734825969
    ]
  },
  {
    "timeStamp": 40809,
    "rotation": [
      [
        -0.225603014,
        0.9297041,
        0.291124731
      ],
      [
        0.08001826,
        -0.280135661,
        0.9566196
      ],
      [
        0.9709276,
        0.239111573,
        -0.0111938566
      ]
    ],
    "translation": [
      1.902862,
      0.929417431,
      -0.732476354
    ]
  },
  {
    "timeStamp": 40865,
    "rotation": [
      [
        -0.180681854,
        0.9469955,
        0.265619218
      ],
      [
        0.1094099,
        -0.249035537,
        0.9622945
      ],
      [
        0.977437258,
        0.20293054,
        -0.0586144775
      ]
    ],
    "translation": [
      1.9328407,
      0.9323109,
      -0.720601
    ]
  },
  {
    "timeStamp": 40909,
    "rotation": [
      [
        -0.09658073,
        0.971720159,
        0.215481028
      ],
      [
        0.135824546,
        -0.20160079,
        0.970004559
      ],
      [
        0.9860141,
        0.122951344,
        -0.1125127
      ]
    ],
    "translation": [
      1.97289348,
      0.9350696,
      -0.7047068
    ]
  },
  {
    "timeStamp": 40965,
    "rotation": [
      [
        0.00647589564,
        0.9823309,
        0.18704012
      ],
      [
        0.15324451,
        -0.185809538,
        0.97056216
      ],
      [
        0.988167048,
        0.022377627,
        -0.151740119
      ]
    ],
    "translation": [
      2.02078557,
      0.9358001,
      -0.6909538
    ]
  },
  {
    "timeStamp": 41009,
    "rotation": [
      [
        0.05994862,
        0.9894135,
        0.132163435
      ],
      [
        0.134894848,
        -0.139217019,
        0.9810311
      ],
      [
        0.9890448,
        -0.04098332,
        -0.141812652
      ]
    ],
    "translation": [
      2.060717,
      0.9262371,
      -0.68927896
    ]
  },
  {
    "timeStamp": 41065,
    "rotation": [
      [
        0.07851232,
        0.990821064,
        0.110042885
      ],
      [
        0.0867380351,
        -0.11675436,
        0.989365935
      ],
      [
        0.9931326,
        -0.06813252,
        -0.09510853
      ]
    ],
    "translation": [
      2.095935,
      0.9081726,
      -0.7003009
    ]
  },
  {
    "timeStamp": 41119,
    "rotation": [
      [
        0.09933145,
        0.9902395,
        0.09777053
      ],
      [
        0.0507048331,
        -0.103165939,
        0.99337095
      ],
      [
        0.9937617,
        -0.093715556,
        -0.06045755
      ]
    ],
    "translation": [
      2.114963,
      0.89266783,
      -0.712264359
    ]
  },
  {
    "timeStamp": 41161,
    "rotation": [
      [
        0.1058268,
        0.9929632,
        0.0531496368
      ],
      [
        -0.00199305988,
        -0.0532378666,
        0.99857986
      ],
      [
        0.9943826,
        -0.105782442,
        -0.00365495821
      ]
    ],
    "translation": [
      2.13815355,
      0.8702043,
      -0.732553363
    ]
  },
  {
    "timeStamp": 41215,
    "rotation": [
      [
        0.132946625,
        0.990793467,
        0.0255621076
      ],
      [
        -0.0170369279,
        -0.0235027112,
        0.9995786
      ],
      [
        0.990976751,
        -0.1333261,
        0.0137554705
      ]
    ],
    "translation": [
      2.15664315,
      0.8515465,
      -0.7499236
    ]
  },
  {
    "timeStamp": 41259,
    "rotation": [
      [
        0.143197387,
        0.9892338,
        0.0301825739
      ],
      [
        -0.0341680236,
        -0.0255372655,
        0.9990898
      ],
      [
        0.989104152,
        -0.144098341,
        0.0301432963
      ]
    ],
    "translation": [
      2.16322637,
      0.834997,
      -0.763048649
    ]
  },
  {
    "timeStamp": 41315,
    "rotation": [
      [
        0.170771331,
        0.9847168,
        0.0342052355
      ],
      [
        -0.06284183,
        -0.02375949,
        0.9977406
      ],
      [
        0.9833046,
        -0.172535017,
        0.05782397
      ]
    ],
    "translation": [
      2.17402434,
      0.814589858,
      -0.7785245
    ]
  },
  {
    "timeStamp": 41359,
    "rotation": [
      [
        0.176647425,
        0.9838575,
        0.0286365412
      ],
      [
        -0.0552435257,
        -0.0191378649,
        0.998289466
      ],
      [
        0.98272264,
        -0.177927256,
        0.050971102
      ]
    ],
    "translation": [
      2.17910933,
      0.802855,
      -0.783477545
    ]
  },
  {
    "timeStamp": 41415,
    "rotation": [
      [
        0.176251784,
        0.9843451,
        -0.000204298834
      ],
      [
        -0.09344201,
        0.0169378556,
        0.995480657
      ],
      [
        0.979899943,
        -0.175436154,
        0.0949645042
      ]
    ],
    "translation": [
      2.191903,
      0.785375535,
      -0.796807647
    ]
  },
  {
    "timeStamp": 41459,
    "rotation": [
      [
        0.178667575,
        0.9836652,
        0.02192303
      ],
      [
        -0.0886992738,
        -0.00608797371,
        0.996039867
      ],
      [
        0.9799032,
        -0.17990458,
        0.086162664
      ]
    ],
    "translation": [
      2.189587,
      0.7780403,
      -0.7976588
    ]
  },
  {
    "timeStamp": 41515,
    "rotation": [
      [
        0.1725273,
        0.9849905,
        0.00529786572
      ],
      [
        -0.0841307,
        0.009376732,
        0.9964106
      ],
      [
        0.981405258,
        -0.172353745,
        0.08448567
      ]
    ],
    "translation": [
      2.19790077,
      0.7704085,
      -0.799145
    ]
  },
  {
    "timeStamp": 41560,
    "rotation": [
      [
        0.174874023,
        0.9845907,
        -0.000473824737
      ],
      [
        -0.072080195,
        0.0132821724,
        0.9973104
      ],
      [
        0.981948853,
        -0.174369529,
        0.07329219
      ]
    ],
    "translation": [
      2.204113,
      0.7666919,
      -0.7972582
    ]
  },
  {
    "timeStamp": 41617,
    "rotation": [
      [
        0.173306152,
        0.984769642,
        -0.0139174657
      ],
      [
        -0.07246624,
        0.02684353,
        0.9970096
      ],
      [
        0.982198358,
        -0.171779349,
        0.076014705
      ]
    ],
    "translation": [
      2.21299124,
      0.759286642,
      -0.7976874
    ]
  },
  {
    "timeStamp": 41663,
    "rotation": [
      [
        0.1786487,
        0.9837332,
        -0.0188066587
      ],
      [
        -0.09798228,
        0.03680649,
        0.9945073
      ],
      [
        0.979022,
        -0.175824717,
        0.10296385
      ]
    ],
    "translation": [
      2.220084,
      0.7520409,
      -0.803847
    ]
  },
  {
    "timeStamp": 41708,
    "rotation": [
      [
        0.190807879,
        0.9816142,
        -0.00509707956
      ],
      [
        -0.09354883,
        0.023352541,
        0.995340765
      ],
      [
        0.9771596,
        -0.189442039,
        0.0962847
      ]
    ],
    "translation": [
      2.22260666,
      0.749926448,
      -0.8046719
    ]
  },
  {
    "timeStamp": 41768,
    "rotation": [
      [
        0.185731947,
        0.9823276,
        -0.023155842
      ],
      [
        -0.09962136,
        0.0422697328,
        0.994127154
      ],
      [
        0.9775373,
        -0.182334349,
        0.105711654
      ]
    ],
    "translation": [
      2.23152018,
      0.748212457,
      -0.809718847
    ]
  },
  {
    "timeStamp": 41808,
    "rotation": [
      [
        0.18560262,
        0.9824002,
        -0.0210141465
      ],
      [
        -0.09410906,
        0.0390591,
        0.9947954
      ],
      [
        0.9781079,
        -0.182659,
        0.09970222
      ]
    ],
    "translation": [
      2.23508143,
      0.7478273,
      -0.810451269
    ]
  },
  {
    "timeStamp": 41864,
    "rotation": [
      [
        0.181407928,
        0.98291117,
        -0.0312535055
      ],
      [
        -0.08379951,
        0.04711579,
        0.9953681
      ],
      [
        0.979831,
        -0.177948624,
        0.09091465
      ]
    ],
    "translation": [
      2.24121261,
      0.747105062,
      -0.8093685
    ]
  },
  {
    "timeStamp": 41908,
    "rotation": [
      [
        0.165283948,
        0.9855808,
        -0.0362178
      ],
      [
        -0.07633386,
        0.04939681,
        0.995857954
      ],
      [
        0.9832875,
        -0.161834672,
        0.08339769
      ]
    ],
    "translation": [
      2.24389482,
      0.74584794,
      -0.807849646
    ]
  },
  {
    "timeStamp": 41963,
    "rotation": [
      [
        0.153156713,
        0.987710357,
        -0.0311655458
      ],
      [
        -0.07000306,
        0.0423024446,
        0.996649444
      ],
      [
        0.9857193,
        -0.150461882,
        0.07562166
      ]
    ],
    "translation": [
      2.24439573,
      0.7423878,
      -0.8050676
    ]
  },
  {
    "timeStamp": 42008,
    "rotation": [
      [
        0.14377284,
        0.98931545,
        -0.0241713971
      ],
      [
        -0.0645221844,
        0.0337443165,
        0.997345567
      ],
      [
        0.9875051,
        -0.1418316,
        0.06868431
      ]
    ],
    "translation": [
      2.2447772,
      0.7410207,
      -0.80260694
    ]
  },
  {
    "timeStamp": 42063,
    "rotation": [
      [
        0.136628479,
        0.9901759,
        -0.0297390111
      ],
      [
        -0.0581736378,
        0.0379885249,
        0.997583449
      ],
      [
        0.9889128,
        -0.1345683,
        0.06279244
      ]
    ],
    "translation": [
      2.24511123,
      0.737704158,
      -0.801577
    ]
  },
  {
    "timeStamp": 42108,
    "rotation": [
      [
        0.118361533,
        0.9928056,
        -0.0180957653
      ],
      [
        -0.06001301,
        0.0253428835,
        0.9978758
      ],
      [
        0.9911553,
        -0.117024116,
        0.06258088
      ]
    ],
    "translation": [
      2.24584174,
      0.7357944,
      -0.799555063
    ]
  },
  {
    "timeStamp": 42164,
    "rotation": [
      [
        0.116840944,
        0.992440164,
        -0.03755958
      ],
      [
        -0.0579967238,
        0.04457232,
        0.997321248
      ],
      [
        0.9914558,
        -0.114349619,
        0.06276615
      ]
    ],
    "translation": [
      2.24602318,
      0.731364,
      -0.8001807
    ]
  },
  {
    "timeStamp": 42208,
    "rotation": [
      [
        0.0998246446,
        0.9949402,
        -0.0113577666
      ],
      [
        -0.0696175545,
        0.0183707885,
        0.9974046
      ],
      [
        0.9925666,
        -0.09877486,
        0.07109916
      ]
    ],
    "translation": [
      2.24664021,
      0.7300597,
      -0.801707268
    ]
  },
  {
    "timeStamp": 42264,
    "rotation": [
      [
        0.127415419,
        0.9911443,
        -0.037392702
      ],
      [
        -0.06807605,
        0.0463500731,
        0.9966029
      ],
      [
        0.9895104,
        -0.124437027,
        0.0733789057
      ]
    ],
    "translation": [
      2.24537921,
      0.7259932,
      -0.803078651
    ]
  }
]