[
  {
    "timeStamp": 106357,
    "rotation": [
      [
        0.999769,
        0.0214879122,
        -0.000477094174
      ],
      [
        -0.02149244,
        0.999674737,
        -0.0137295919
      ],
      [
        0.000181918716,
        0.0137366746,
        0.999905646
      ]
    ],
    "translation": [
      1.76585329,
      0.853048444,
      -0.358446568
    ]
  },
  {
    "timeStamp": 106401,
    "rotation": [
      [
        0.9994056,
        -0.0216749,
        0.0268053114
      ],
      [
        0.0217038337,
        0.999764144,
        -0.0007888783
      ],
      [
        -0.0267818887,
        0.00137018738,
        0.999640346
      ]
    ],
    "translation": [
      1.76716,
      0.8555901,
      -0.360971749
    ]
  },
  {
    "timeStamp": 106457,
    "rotation": [
      [
        0.9993294,
        -0.0126327323,
        0.0343688
      ],
      [
        0.0113873994,
        0.999280035,
        0.0361919664
      ],
      [
        -0.03480126,
        -0.0357763246,
        0.9987537
      ]
    ],
    "translation": [
      1.768303,
      0.8687361,
      -0.3680181
    ]
  },
  {
    "timeStamp": 106501,
    "rotation": [
      [
        0.99943465,
        -0.004993325,
        0.0332492031
      ],
      [
        0.00303303357,
        0.9982682,
        0.05874903
      ],
      [
        -0.0334849767,
        -0.058614973,
        0.99771893
      ]
    ],
    "translation": [
      1.76968288,
      0.883199036,
      -0.376331747
    ]
  },
  {
    "timeStamp": 106557,
    "rotation": [
      [
        0.999200046,
        0.0133822141,
        0.03768519
      ],
      [
        -0.0169101264,
        0.9953422,
        0.09491043
      ],
      [
        -0.0362395421,
        -0.09547176,
        0.994772255
      ]
    ],
    "translation": [
      1.77348459,
      0.908266664,
      -0.39299348
    ]
  },
  {
    "timeStamp": 106601,
    "rotation": [
      [
        0.9982614,
        0.0380589962,
        0.0450072177
      ],
      [
        -0.0434880145,
        0.991006434,
        0.126550719
      ],
      [
        -0.03978605,
        -0.128287971,
        0.9909386
      ]
    ],
    "translation": [
      1.77896738,
      0.932337165,
      -0.413034856
    ]
  },
  {
    "timeStamp": 106657,
    "rotation": [
      [
        0.9967342,
        0.0556051321,
        0.05855849
      ],
      [
        -0.06442937,
        0.984755158,
        0.161573753
      ],
      [
        -0.04868145,
        -0.164818972,
        0.9851217
      ]
    ],
    "translation": [
      1.78650689,
      0.9641525,
      -0.444302022
    ]
  },
  {
    "timeStamp": 106701,
    "rotation": [
      [
        0.9949851,
        0.06896758,
        0.07244371
      ],
      [
        -0.08140707,
        0.9791933,
        0.185885429
      ],
      [
        -0.0581163242,
        -0.19085066,
        0.9798972
      ]
    ],
    "translation": [
      1.794475,
      0.9896793,
      -0.4737632
    ]
  },
  {
    "timeStamp": 106757,
    "rotation": [
      [
        0.9944523,
        0.07641213,
        0.072290346
      ],
      [
        -0.08966598,
        0.975113153,
        0.202766657
      ],
      [
        -0.05499744,
        -0.208123744,
        0.976555049
      ]
    ],
    "translation": [
      1.80409086,
      1.01926124,
      -0.5135939
    ]
  },
  {
    "timeStamp": 106801,
    "rotation": [
      [
        0.9939123,
        0.07692184,
        0.07887596
      ],
      [
        -0.09227193,
        0.9723702,
        0.214434117
      ],
      [
        -0.0602019653,
        -0.220406726,
        0.9735485
      ]
    ],
    "translation": [
      1.81186283,
      1.03909361,
      -0.54828155
    ]
  },
  {
    "timeStamp": 106856,
    "rotation": [
      [
        0.9964612,
        0.0484893247,
        0.06865665
      ],
      [
        -0.0632417947,
        0.9705608,
        0.232405156
      ],
      [
        -0.05536629,
        -0.235924691,
        0.9701928
      ]
    ],
    "translation": [
      1.82064569,
      1.05965793,
      -0.592858255
    ]
  },
  {
    "timeStamp": 106901,
    "rotation": [
      [
        0.9956342,
        0.04033703,
        0.0841750354
      ],
      [
        -0.05894459,
        0.97094655,
        0.231923267
      ],
      [
        -0.07237436,
        -0.2358724,
        0.9690852
      ]
    ],
    "translation": [
      1.83218849,
      1.0722661,
      -0.626465261
    ]
  },
  {
    "timeStamp": 106956,
    "rotation": [
      [
        0.9921192,
        0.0364986844,
        0.119863845
      ],
      [
        -0.0621451661,
        0.9740151,
        0.217789948
      ],
      [
        -0.10880015,
        -0.223522544,
        0.968607366
      ]
    ],
    "translation": [
      1.85113347,
      1.08321428,
      -0.6643065
    ]
  },
  {
    "timeStamp": 107001,
    "rotation": [
      [
        0.9882505,
        0.0224907044,
        0.151179075
      ],
      [
        -0.054678835,
        0.9756773,
        0.212282792
      ],
      [
        -0.142727613,
        -0.218054876,
        0.9654434
      ]
    ],
    "translation": [
      1.86707842,
      1.089569,
      -0.692069
    ]
  },
  {
    "timeStamp": 107057,
    "rotation": [
      [
        0.979974866,
        -0.0100480141,
        0.1988676
      ],
      [
        -0.034219984,
        0.975368738,
        0.21791
      ],
      [
        -0.196158826,
        -0.220351577,
        0.955493033
      ]
    ],
    "translation": [
      1.88887787,
      1.09703124,
      -0.723377
    ]
  },
  {
    "timeStamp": 107101,
    "rotation": [
      [
        0.971685648,
        -0.0254835039,
        0.234899163
      ],
      [
        -0.0276173037,
        0.975102544,
        0.2200279
      ],
      [
        -0.234657869,
        -0.220285222,
        0.9467893
      ]
    ],
    "translation": [
      1.9078331,
      1.10263538,
      -0.7446906
    ]
  },
  {
    "timeStamp": 107156,
    "rotation": [
      [
        0.961436868,
        -0.04789286,
        0.270823717
      ],
      [
        -0.01623462,
        0.9731209,
        0.22972177
      ],
      [
        -0.274546266,
        -0.225259691,
        0.9348168
      ]
    ],
    "translation": [
      1.9317559,
      1.10929346,
      -0.7668489
    ]
  },
  {
    "timeStamp": 107201,
    "rotation": [
      [
        0.9528072,
        -0.0568030439,
        0.298214436
      ],
      [
        -0.0175379738,
        0.9703982,
        0.240873218
      ],
      [
        -0.303069055,
        -0.234735817,
        0.9236061
      ]
    ],
    "translation": [
      1.95157468,
      1.113873,
      -0.78185755
    ]
  },
  {
    "timeStamp": 107257,
    "rotation": [
      [
        0.944784,
        -0.07651041,
        0.3186367
      ],
      [
        -0.008140473,
        0.966581345,
        0.256230772
      ],
      [
        -0.327592582,
        -0.24467659,
        0.912587762
      ]
    ],
    "translation": [
      1.975738,
      1.118506,
      -0.7957308
    ]
  },
  {
    "timeStamp": 107301,
    "rotation": [
      [
        0.943413734,
        -0.093686074,
        0.318109274
      ],
      [
        0.005500122,
        0.963552356,
        0.267463267
      ],
      [
        -0.331572533,
        -0.25057888,
        0.9095438
      ]
    ],
    "translation": [
      1.99297011,
      1.12149918,
      -0.8035717
    ]
  },
  {
    "timeStamp": 107356,
    "rotation": [
      [
        0.942395747,
        -0.106701285,
        0.317025363
      ],
      [
        0.0110601252,
        0.9571804,
        0.289280832
      ],
      [
        -0.3343171,
        -0.26911068,
        0.903222859
      ]
    ],
    "translation": [
      2.01477075,
      1.12659883,
      -0.8101032
    ]
  },
  {
    "timeStamp": 107411,
    "rotation": [
      [
        0.94389385,
        -0.109518364,
        0.31156075
      ],
      [
        0.009958077,
        0.9524213,
        0.304622
      ],
      [
        -0.330098778,
        -0.2844283,
        0.9000752
      ]
    ],
    "translation": [
      2.03186059,
      1.13035762,
      -0.8123754
    ]
  },
  {
    "timeStamp": 107453,
    "rotation": [
      [
        0.949494064,
        -0.114002556,
        0.292342961
      ],
      [
        0.0147522362,
        0.946854532,
        0.321323544
      ],
      [
        -0.313437968,
        -0.300782084,
        0.9007146
      ]
    ],
    "translation": [
      2.049899,
      1.13400245,
      -0.811787367
    ]
  },
  {
    "timeStamp": 107507,
    "rotation": [
      [
        0.9588957,
        -0.120567627,
        0.256870627
      ],
      [
        0.0265168119,
        0.9393552,
        0.3419191
      ],
      [
        -0.282517135,
        -0.321053356,
        0.903940737
      ]
    ],
    "translation": [
      2.063297,
      1.13784909,
      -0.8080406
    ]
  },
  {
    "timeStamp": 107560,
    "rotation": [
      [
        0.9694194,
        -0.0983629152,
        0.224835008
      ],
      [
        0.0121731209,
        0.9343066,
        0.356262416
      ],
      [
        -0.245107844,
        -0.342630744,
        0.9069324
      ]
    ],
    "translation": [
      2.07529163,
      1.1424129,
      -0.8033295
    ]
  },
  {
    "timeStamp": 107607,
    "rotation": [
      [
        0.9802834,
        -0.08353073,
        0.179073125
      ],
      [
        0.007693916,
        0.921702743,
        0.38782078
      ],
      [
        -0.197447136,
        -0.3787965,
        0.9041725
      ]
    ],
    "translation": [
      2.09278178,
      1.15134585,
      -0.7941778
    ]
  },
  {
    "timeStamp": 107651,
    "rotation": [
      [
        0.9848563,
        -0.0925878,
        0.146579444
      ],
      [
        0.0240418948,
        0.910225749,
        0.4134139
      ],
      [
        -0.171697482,
        -0.403629243,
        0.8986675
      ]
    ],
    "translation": [
      2.11126685,
      1.15816844,
      -0.7836179
    ]
  },
  {
    "timeStamp": 107707,
    "rotation": [
      [
        0.9856663,
        -0.119809322,
        0.118775941
      ],
      [
        0.05958541,
        0.9058902,
        0.4193001
      ],
      [
        -0.157834023,
        -0.406212658,
        0.900044262
      ]
    ],
    "translation": [
      2.14023161,
      1.1608125,
      -0.764795
    ]
  },
  {
    "timeStamp": 107751,
    "rotation": [
      [
        0.9843836,
        -0.107113943,
        0.139698327
      ],
      [
        0.0406913236,
        0.9105355,
        0.411423534
      ],
      [
        -0.171269476,
        -0.399314076,
        0.9006748
      ]
    ],
    "translation": [
      2.171692,
      1.157992,
      -0.748773336
    ]
  },
  {
    "timeStamp": 107806,
    "rotation": [
      [
        0.985002041,
        -0.0778326243,
        0.153990537
      ],
      [
        0.0143483467,
        0.926335752,
        0.376425654
      ],
      [
        -0.171945125,
        -0.368570536,
        0.9135594
      ]
    ],
    "translation": [
      2.20726824,
      1.14985418,
      -0.730928361
    ]
  },
  {
    "timeStamp": 107851,
    "rotation": [
      [
        0.9891476,
        -0.06178063,
        0.133305073
      ],
      [
        0.011147636,
        0.936239541,
        0.3511855
      ],
      [
        -0.146501943,
        -0.345888257,
        0.926767766
      ]
    ],
    "translation": [
      2.22584081,
      1.13779962,
      -0.7207812
    ]
  },
  {
    "timeStamp": 107898,
    "rotation": [
      [
        0.991965055,
        -0.08136005,
        0.09688133
      ],
      [
        0.04724415,
        0.94860965,
        0.3129022
      ],
      [
        -0.1173603,
        -0.305811,
        0.9448313
      ]
    ],
    "translation": [
      2.233026,
      1.120817,
      -0.7126159
    ]
  },
  {
    "timeStamp": 107952,
    "rotation": [
      [
        0.99530077,
        -0.04227739,
        0.08711549
      ],
      [
        0.0187748633,
        0.9668367,
        0.254704356
      ],
      [
        -0.09499469,
        -0.251871854,
        0.963087
      ]
    ],
    "translation": [
      2.243369,
      1.0998354,
      -0.704265833
    ]
  },
  {
    "timeStamp": 108007,
    "rotation": [
      [
        0.9962261,
        -0.06040741,
        0.0623264164
      ],
      [
        0.04627528,
        0.9771593,
        0.207408473
      ],
      [
        -0.07343185,
        -0.20374155,
        0.9762669
      ]
    ],
    "translation": [
      2.242152,
      1.07769942,
      -0.6992045
    ]
  },
  {
    "timeStamp": 108051,
    "rotation": [
      [
        0.997211456,
        -0.06424024,
        0.0379808
      ],
      [
        0.05643412,
        0.9821436,
        0.179469258
      ],
      [
        -0.048831746,
        -0.176825389,
        0.98303014
      ]
    ],
    "translation": [
      2.23885846,
      1.06290948,
      -0.6969497
    ]
  },
  {
    "timeStamp": 108106,
    "rotation": [
      [
        0.9983611,
        -0.0561847277,
        0.0108743859
      ],
      [
        0.05392647,
        0.9872368,
        0.149851054
      ],
      [
        -0.0191549361,
        -0.149019048,
        0.9886487
      ]
    ],
    "translation": [
      2.23533034,
      1.04861856,
      -0.695306659
    ]
  },
  {
    "timeStamp": 108151,
    "rotation": [
      [
        0.997638464,
        -0.06721468,
        -0.0141296433
      ],
      [
        0.0685017556,
        0.988679349,
        0.133493617
      ],
      [
        0.004996956,
        -0.134146273,
        0.9909489
      ]
    ],
    "translation": [
      2.230659,
      1.03917181,
      -0.6938736
    ]
  },
  {
    "timeStamp": 108206,
    "rotation": [
      [
        0.9960632,
        -0.07754904,
        -0.042944435
      ],
      [
        0.08183049,
        0.990661263,
        0.109059714
      ],
      [
        0.0340859145,
        -0.11214453,
        0.9931071
      ]
    ],
    "translation": [
      2.22553825,
      1.02854991,
      -0.69163996
    ]
  },
  {
    "timeStamp": 108251,
    "rotation": [
      [
        0.9932526,
        -0.100697339,
        -0.0575276241
      ],
      [
        0.106051467,
        0.989401758,
        0.09918312
      ],
      [
        0.0469304547,
        -0.104614779,
        0.993404865
      ]
    ],
    "translation": [
      2.221374,
      1.02151978,
      -0.689656
    ]
  },
  {
    "timeStamp": 108307,
    "rotation": [
      [
        0.991524458,
        -0.11170017,
        -0.06634969
      ],
      [
        0.117058419,
        0.9896283,
        0.08326541
      ],
      [
        0.05636077,
        -0.09032648,
        0.994316161
      ]
    ],
    "translation": [
      2.21938729,
      1.01408815,
      -0.68672955
    ]
  },
  {
    "timeStamp": 108352,
    "rotation": [
      [
        0.9902463,
        -0.122252464,
        -0.0668330044
      ],
      [
        0.127024859,
        0.989243031,
        0.072546415
      ],
      [
        0.0572451,
        -0.08032827,
        0.995123267
      ]
    ],
    "translation": [
      2.218686,
      1.00905,
      -0.684592247
    ]
  },
  {
    "timeStamp": 108398,
    "rotation": [
      [
        0.990620553,
        -0.119704992,
        -0.06589134
      ],
      [
        0.123977363,
        0.990147948,
        0.06509021
      ],
      [
        0.05745055,
        -0.0726487339,
        0.9957016
      ]
    ],
    "translation": [
      2.21931934,
      1.00555587,
      -0.683320045
    ]
  },
  {
    "timeStamp": 108455,
    "rotation": [
      [
        0.9891802,
        -0.132345855,
        -0.06330129
      ],
      [
        0.135903656,
        0.989158332,
        0.05564181
      ],
      [
        0.0552510321,
        -0.06364266,
        0.996442139
      ]
    ],
    "translation": [
      2.21872568,
      1.0008719,
      -0.681610346
    ]
  },
  {
    "timeStamp": 108500,
    "rotation": [
      [
        0.9881793,
        -0.137264356,
        -0.06826601
      ],
      [
        0.140761033,
        0.988813341,
        0.04934101
      ],
      [
        0.0607295856,
        -0.05836696,
        0.9964463
      ]
    ],
    "translation": [
      2.21862268,
      0.9967092,
      -0.681054056
    ]
  },
  {
    "timeStamp": 108556,
    "rotation": [
      [
        0.985740364,
        -0.153713852,
        -0.06846851
      ],
      [
        0.156973571,
        0.9865745,
        0.0450576
      ],
      [
        0.06062331,
        -0.0551628433,
        0.996635258
      ]
    ],
    "translation": [
      2.21825123,
      0.9913274,
      -0.680160046
    ]
  },
  {
    "timeStamp": 108600,
    "rotation": [
      [
        0.985632241,
        -0.157396168,
        -0.0612828657
      ],
      [
        0.159920767,
        0.9863707,
        0.038707424
      ],
      [
        0.05435522,
        -0.0479516871,
        0.997369647
      ]
    ],
    "translation": [
      2.21960378,
      0.987447143,
      -0.6787538
    ]
  },
  {
    "timeStamp": 108656,
    "rotation": [
      [
        0.9851934,
        -0.162511081,
        -0.05462774
      ],
      [
        0.164451465,
        0.9858296,
        0.0331015363
      ],
      [
        0.0484742746,
        -0.0415950269,
        0.997958
      ]
    ],
    "translation": [
      2.220801,
      0.983444452,
      -0.677129
    ]
  },
  {
    "timeStamp": 108700,
    "rotation": [
      [
        0.9841445,
        -0.169677928,
        -0.05166127
      ],
      [
        0.171269774,
        0.984823465,
        0.02809471
      ],
      [
        0.046110183,
        -0.0364972726,
        0.9982694
      ]
    ],
    "translation": [
      2.220678,
      0.9803454,
      -0.676335454
    ]
  },
  {
    "timeStamp": 108756,
    "rotation": [
      [
        0.984756,
        -0.167421252,
        -0.04717712
      ],
      [
        0.168636128,
        0.985409,
        0.0230414178
      ],
      [
        0.0426311381,
        -0.03064594,
        0.998620749
      ]
    ],
    "translation": [
      2.22125268,
      0.9776187,
      -0.6756417
    ]
  },
  {
    "timeStamp": 108800,
    "rotation": [
      [
        0.9841085,
        -0.171032,
        -0.047734227
      ],
      [
        0.17210333,
        0.9848901,
        0.0192866921
      ],
      [
        0.0437143259,
        -0.0271954183,
        0.998673856
      ]
    ],
    "translation": [
      2.22014022,
      0.9757379,
      -0.675981
    ]
  },
  {
    "timeStamp": 108856,
    "rotation": [
      [
        0.9836438,
        -0.173824728,
        -0.0472212359
      ],
      [
        0.174712956,
        0.9844997,
        0.0153514715
      ],
      [
        0.04382083,
        -0.0233505424,
        0.9987665
      ]
    ],
    "translation": [
      2.21928573,
      0.9742886,
      -0.675736666
    ]
  }
]