[
  {
    "timeStamp": 66586,
    "rotation": [
      [
        0.989588857,
        0.114153683,
        0.08765174
      ],
      [
        -0.1327682,
        0.959153,
        0.249796256
      ],
      [
        -0.0555562638,
        -0.258832961,
        0.9643231
      ]
    ],
    "translation": [
      1.17128074,
      0.8363111,
      -0.820678651
    ]
  },
  {
    "timeStamp": 66633,
    "rotation": [
      [
        0.977565646,
        0.161904529,
        0.134730726
      ],
      [
        -0.190218851,
        0.9532991,
        0.234601036
      ],
      [
        -0.09045572,
        -0.254966229,
        0.9627097
      ]
    ],
    "translation": [
      1.17299545,
      0.841409445,
      -0.819326162
    ]
  },
  {
    "timeStamp": 66686,
    "rotation": [
      [
        0.942869842,
        0.255291879,
        0.214062
      ],
      [
        -0.299931973,
        0.9301537,
        0.211789772
      ],
      [
        -0.14504236,
        -0.26389423,
        0.953584
      ]
    ],
    "translation": [
      1.17628419,
      0.8512443,
      -0.818469942
    ]
  },
  {
    "timeStamp": 66731,
    "rotation": [
      [
        0.927701652,
        0.30203402,
        0.219419613
      ],
      [
        -0.346205026,
        0.915947556,
        0.202933818
      ],
      [
        -0.139683932,
        -0.264226228,
        0.954291761
      ]
    ],
    "translation": [
      1.18879211,
      0.864277363,
      -0.8216533
    ]
  },
  {
    "timeStamp": 66786,
    "rotation": [
      [
        0.905240357,
        0.3507406,
        0.2398354
      ],
      [
        -0.3951951,
        0.902346551,
        0.172022
      ],
      [
        -0.156079531,
        -0.250503033,
        0.9554514
      ]
    ],
    "translation": [
      1.21178079,
      0.883409142,
      -0.8225665
    ]
  },
  {
    "timeStamp": 66831,
    "rotation": [
      [
        0.8900114,
        0.3849897,
        0.244259283
      ],
      [
        -0.427524418,
        0.8908477,
        0.153666347
      ],
      [
        -0.158437833,
        -0.2411916,
        0.9574571
      ]
    ],
    "translation": [
      1.23762035,
      0.8989571,
      -0.8236024
    ]
  },
  {
    "timeStamp": 66886,
    "rotation": [
      [
        0.8741789,
        0.417760253,
        0.247563422
      ],
      [
        -0.4569023,
        0.880267859,
        0.127940744
      ],
      [
        -0.164473563,
        -0.2249554,
        0.9603872
      ]
    ],
    "translation": [
      1.277457,
      0.916062236,
      -0.824166059
    ]
  },
  {
    "timeStamp": 66931,
    "rotation": [
      [
        0.86226,
        0.4332704,
        0.2622681
      ],
      [
        -0.473896533,
        0.8729104,
        0.1159721
      ],
      [
        -0.178689286,
        -0.22428605,
        0.958001
      ]
    ],
    "translation": [
      1.313877,
      0.9273136,
      -0.8241918
    ]
  },
  {
    "timeStamp": 66986,
    "rotation": [
      [
        0.85421294,
        0.4309941,
        0.2907995
      ],
      [
        -0.474355966,
        0.875025,
        0.0965285
      ],
      [
        -0.212853611,
        -0.220398381,
        0.9519022
      ]
    ],
    "translation": [
      1.3625598,
      0.9378724,
      -0.8210278
    ]
  },
  {
    "timeStamp": 67031,
    "rotation": [
      [
        0.8494796,
        0.410134673,
        0.331924468
      ],
      [
        -0.4586319,
        0.88499707,
        0.08023052
      ],
      [
        -0.260846853,
        -0.220385343,
        0.9398879
      ]
    ],
    "translation": [
      1.40271032,
      0.942109942,
      -0.8168395
    ]
  },
  {
    "timeStamp": 67086,
    "rotation": [
      [
        0.8304132,
        0.379460573,
        0.4079504
      ],
      [
        -0.446201354,
        0.89143,
        0.07910021
      ],
      [
        -0.333643854,
        -0.2477139,
        0.909571052
      ]
    ],
    "translation": [
      1.45056748,
      0.9451794,
      -0.80884707
    ]
  },
  {
    "timeStamp": 67130,
    "rotation": [
      [
        0.8049773,
        0.346362531,
        0.481709957
      ],
      [
        -0.438750148,
        0.894056857,
        0.0903368
      ],
      [
        -0.399386764,
        -0.2840694,
        0.8716621
      ]
    ],
    "translation": [
      1.48725486,
      0.9473176,
      -0.801541567
    ]
  },
  {
    "timeStamp": 67186,
    "rotation": [
      [
        0.749798059,
        0.2999939,
        0.589751244
      ],
      [
        -0.44276467,
        0.8898296,
        0.1102849
      ],
      [
        -0.491693318,
        -0.343812436,
        0.8000192
      ]
    ],
    "translation": [
      1.52953529,
      0.9525276,
      -0.7910994
    ]
  },
  {
    "timeStamp": 67230,
    "rotation": [
      [
        0.6871322,
        0.271967,
        0.6737087
      ],
      [
        -0.46209392,
        0.8791593,
        0.116396457
      ],
      [
        -0.5606413,
        -0.391296446,
        0.7297729
      ]
    ],
    "translation": [
      1.55989075,
      0.961682558,
      -0.7832149
    ]
  },
  {
    "timeStamp": 67286,
    "rotation": [
      [
        0.5972317,
        0.238662273,
        0.765737951
      ],
      [
        -0.5047351,
        0.8537986,
        0.127555788
      ],
      [
        -0.6233432,
        -0.4626752,
        0.6303768
      ]
    ],
    "translation": [
      1.593396,
      0.9780285,
      -0.7752081
    ]
  },
  {
    "timeStamp": 67330,
    "rotation": [
      [
        0.521262348,
        0.212053657,
        0.826631
      ],
      [
        -0.545596361,
        0.827629268,
        0.131735921
      ],
      [
        -0.656208932,
        -0.5196758,
        0.5471077
      ]
    ],
    "translation": [
      1.61733329,
      0.993225455,
      -0.770235538
    ]
  },
  {
    "timeStamp": 67386,
    "rotation": [
      [
        0.42982012,
        0.175355971,
        0.8857228
      ],
      [
        -0.593239069,
        0.794359267,
        0.130617
      ],
      [
        -0.680677652,
        -0.5815872,
        0.4454596
      ]
    ],
    "translation": [
      1.64407814,
      1.01147115,
      -0.7657224
    ]
  },
  {
    "timeStamp": 67430,
    "rotation": [
      [
        0.351351082,
        0.155808344,
        0.9231881
      ],
      [
        -0.6232012,
        0.774787366,
        0.106418245
      ],
      [
        -0.698693633,
        -0.612722039,
        0.3693223
      ]
    ],
    "translation": [
      1.663289,
      1.02404487,
      -0.7632471
    ]
  },
  {
    "timeStamp": 67486,
    "rotation": [
      [
        0.252458245,
        0.135603309,
        0.9580588
      ],
      [
        -0.656344,
        0.7515179,
        0.06658375
      ],
      [
        -0.7109693,
        -0.64562577,
        0.27872932
      ]
    ],
    "translation": [
      1.68609083,
      1.03849483,
      -0.7619236
    ]
  },
  {
    "timeStamp": 67530,
    "rotation": [
      [
        0.194419339,
        0.106223062,
        0.9751501
      ],
      [
        -0.681492865,
        0.7296489,
        0.0563911758
      ],
      [
        -0.7055271,
        -0.675521433,
        0.2142481
      ]
    ],
    "translation": [
      1.70178151,
      1.04858184,
      -0.763290465
    ]
  },
  {
    "timeStamp": 67586,
    "rotation": [
      [
        0.16095978,
        0.0799997449,
        0.9837134
      ],
      [
        -0.707148969,
        0.7046485,
        0.058402013
      ],
      [
        -0.6885,
        -0.7050323,
        0.1699918
      ]
    ],
    "translation": [
      1.71862853,
      1.05922711,
      -0.767057359
    ]
  },
  {
    "timeStamp": 67630,
    "rotation": [
      [
        0.126242444,
        0.06405097,
        0.989929438
      ],
      [
        -0.720596433,
        0.6917506,
        0.0471372567
      ],
      [
        -0.6817651,
        -0.7192903,
        0.1334832
      ]
    ],
    "translation": [
      1.73186409,
      1.06583023,
      -0.7706727
    ]
  },
  {
    "timeStamp": 67686,
    "rotation": [
      [
        0.0838729441,
        0.0527200624,
        0.9950809
      ],
      [
        -0.727406263,
        0.6857523,
        0.0249796789
      ],
      [
        -0.681062043,
        -0.7259232,
        0.09586497
      ]
    ],
    "translation": [
      1.74862051,
      1.071984,
      -0.775177
    ]
  },
  {
    "timeStamp": 67731,
    "rotation": [
      [
        0.06442106,
        0.03703622,
        0.997235358
      ],
      [
        -0.7353299,
        0.6773408,
        0.0223463681
      ],
      [
        -0.674640536,
        -0.7347365,
        0.07086885
      ]
    ],
    "translation": [
      1.7604425,
      1.07475829,
      -0.779577851
    ]
  },
  {
    "timeStamp": 67786,
    "rotation": [
      [
        0.05610124,
        0.0171693042,
        0.9982774
      ],
      [
        -0.7457283,
        0.6655534,
        0.030461669
      ],
      [
        -0.6638839,
        -0.7461527,
        0.05014201
      ]
    ],
    "translation": [
      1.77439177,
      1.07678938,
      -0.7852551
    ]
  },
  {
    "timeStamp": 67830,
    "rotation": [
      [
        0.0421487577,
        0.011769182,
        0.999042
      ],
      [
        -0.748073339,
        0.663190961,
        0.0237478968
      ],
      [
        -0.662276149,
        -0.748357654,
        0.0367568843
      ]
    ],
    "translation": [
      1.78484356,
      1.07811534,
      -0.789625764
    ]
  },
  {
    "timeStamp": 67886,
    "rotation": [
      [
        0.0299954861,
        0.0002490183,
        0.999550045
      ],
      [
        -0.7581991,
        0.6516317,
        0.0225904472
      ],
      [
        -0.6513328,
        -0.7585355,
        0.0197348148
      ]
    ],
    "translation": [
      1.79786658,
      1.08082664,
      -0.795342445
    ]
  },
  {
    "timeStamp": 67930,
    "rotation": [
      [
        0.0277551115,
        -0.005795134,
        0.9995979
      ],
      [
        -0.7680387,
        0.6399139,
        0.0250354521
      ],
      [
        -0.639801741,
        -0.768424749,
        0.0133099947
      ]
    ],
    "translation": [
      1.80764019,
      1.08371162,
      -0.8009873
    ]
  },
  {
    "timeStamp": 67986,
    "rotation": [
      [
        0.0172381569,
        -0.0064078,
        0.9998309
      ],
      [
        -0.779059947,
        0.6267066,
        0.01744832
      ],
      [
        -0.626712441,
        -0.779229,
        0.005811207
      ]
    ],
    "translation": [
      1.82040215,
      1.08771658,
      -0.8062513
    ]
  },
  {
    "timeStamp": 68030,
    "rotation": [
      [
        0.0130060865,
        -0.0120354826,
        0.999843
      ],
      [
        -0.786750257,
        0.617018759,
        0.0176614318
      ],
      [
        -0.617134452,
        -0.7868565,
        -0.00144391926
      ]
    ],
    "translation": [
      1.83030188,
      1.08955634,
      -0.8101515
    ]
  },
  {
    "timeStamp": 68086,
    "rotation": [
      [
        0.008220062,
        -0.008987062,
        0.999925852
      ],
      [
        -0.7919049,
        0.610526562,
        0.0119972369
      ],
      [
        -0.6105891,
        -0.7919448,
        -0.00209833239
      ]
    ],
    "translation": [
      1.84257078,
      1.09146929,
      -0.8142492
    ]
  },
  {
    "timeStamp": 68131,
    "rotation": [
      [
        0.00430672755,
        -0.00410589762,
        0.9999823
      ],
      [
        -0.795030355,
        0.6065408,
        0.00591447856
      ],
      [
        -0.6065543,
        -0.79504174,
        -0.000652107061
      ]
    ],
    "translation": [
      1.852223,
      1.09267712,
      -0.817785859
    ]
  },
  {
    "timeStamp": 68186,
    "rotation": [
      [
        2.94056736E-05,
        -0.007781038,
        0.9999697
      ],
      [
        -0.805774,
        0.592205048,
        0.004631805
      ],
      [
        -0.592223167,
        -0.8057497,
        -0.00625234377
      ]
    ],
    "translation": [
      1.863981,
      1.095194,
      -0.822715163
    ]
  },
  {
    "timeStamp": 68230,
    "rotation": [
      [
        -0.009958749,
        -0.011598831,
        0.9998831
      ],
      [
        -0.8123859,
        0.5831186,
        -0.00132700813
      ],
      [
        -0.5830351,
        -0.8123042,
        -0.0152298585
      ]
    ],
    "translation": [
      1.87356043,
      1.09711242,
      -0.826664746
    ]
  },
  {
    "timeStamp": 68286,
    "rotation": [
      [
        -0.0266374089,
        -0.0103873331,
        0.999591231
      ],
      [
        -0.8195117,
        0.5728422,
        -0.01588586
      ],
      [
        -0.572443,
        -0.819599867,
        -0.0237715729
      ]
    ],
    "translation": [
      1.88585472,
      1.09955585,
      -0.831611335
    ]
  },
  {
    "timeStamp": 68331,
    "rotation": [
      [
        -0.0375101268,
        -0.0188401025,
        0.9991186
      ],
      [
        -0.8249366,
        0.5648598,
        -0.0203193724
      ],
      [
        -0.563979149,
        -0.824971735,
        -0.0367298573
      ]
    ],
    "translation": [
      1.89569116,
      1.10065258,
      -0.8351034
    ]
  },
  {
    "timeStamp": 68386,
    "rotation": [
      [
        -0.06477157,
        -0.0264214315,
        0.9975503
      ],
      [
        -0.824995458,
        0.5638173,
        -0.038634032
      ],
      [
        -0.5614154,
        -0.8254768,
        -0.0583168939
      ]
    ],
    "translation": [
      1.910974,
      1.10159731,
      -0.8365927
    ]
  },
  {
    "timeStamp": 68430,
    "rotation": [
      [
        -0.07684403,
        -0.04687912,
        0.9959404
      ],
      [
        -0.8308022,
        0.5552713,
        -0.0379656851
      ],
      [
        -0.551237345,
        -0.830347,
        -0.08161656
      ]
    ],
    "translation": [
      1.92494345,
      1.10273564,
      -0.837195754
    ]
  },
  {
    "timeStamp": 68486,
    "rotation": [
      [
        -0.09213747,
        -0.09107523,
        0.9915725
      ],
      [
        -0.841202855,
        0.5399644,
        -0.0285696983
      ],
      [
        -0.5328118,
        -0.8367459,
        -0.1263637
      ]
    ],
    "translation": [
      1.94723332,
      1.10701978,
      -0.8376045
    ]
  },
  {
    "timeStamp": 68531,
    "rotation": [
      [
        -0.114588827,
        -0.140922248,
        0.9833668
      ],
      [
        -0.8553279,
        0.5174584,
        -0.0255140066
      ],
      [
        -0.5052559,
        -0.8440247,
        -0.179829687
      ]
    ],
    "translation": [
      1.97007728,
      1.11298549,
      -0.83846724
    ]
  },
  {
    "timeStamp": 68586,
    "rotation": [
      [
        -0.13114132,
        -0.225367814,
        0.9654073
      ],
      [
        -0.8750285,
        0.48403582,
        -0.005869329
      ],
      [
        -0.465968966,
        -0.8455286,
        -0.260680348
      ]
    ],
    "translation": [
      2.002006,
      1.1206212,
      -0.8401029
    ]
  },
  {
    "timeStamp": 68631,
    "rotation": [
      [
        -0.151771113,
        -0.29841,
        0.942293465
      ],
      [
        -0.887346864,
        0.461092085,
        0.00309973862
      ],
      [
        -0.435409069,
        -0.8356707,
        -0.33477363
      ]
    ],
    "translation": [
      2.03079653,
      1.12719154,
      -0.84205097
    ]
  },
  {
    "timeStamp": 68689,
    "rotation": [
      [
        -0.201813042,
        -0.362929046,
        0.9097
      ],
      [
        -0.887619138,
        0.4603878,
        -0.0132406354
      ],
      [
        -0.414009362,
        -0.810139239,
        -0.415055037
      ]
    ],
    "translation": [
      2.06828952,
      1.13443017,
      -0.845622
    ]
  },
  {
    "timeStamp": 68730,
    "rotation": [
      [
        -0.222895667,
        -0.4164143,
        0.8814287
      ],
      [
        -0.8911151,
        0.453643143,
        -0.0110300779
      ],
      [
        -0.395261019,
        -0.7879131,
        -0.472188175
      ]
    ],
    "translation": [
      2.0927546,
      1.13844478,
      -0.85078907
    ]
  },
  {
    "timeStamp": 68785,
    "rotation": [
      [
        -0.227159515,
        -0.462198555,
        0.8571878
      ],
      [
        -0.8931458,
        0.4497297,
        0.005807192
      ],
      [
        -0.388186932,
        -0.7642746,
        -0.5149711
      ]
    ],
    "translation": [
      2.11497641,
      1.1412822,
      -0.858275235
    ]
  },
  {
    "timeStamp": 68830,
    "rotation": [
      [
        -0.24382,
        -0.481642038,
        0.841767669
      ],
      [
        -0.8882375,
        0.459351152,
        0.0055511347
      ],
      [
        -0.38934058,
        -0.746336043,
        -0.5398115
      ]
    ],
    "translation": [
      2.12880731,
      1.140789,
      -0.864109039
    ]
  },
  {
    "timeStamp": 68886,
    "rotation": [
      [
        -0.2620556,
        -0.491424769,
        0.8305592
      ],
      [
        -0.8795418,
        0.475804657,
        0.00401335256
      ],
      [
        -0.397156179,
        -0.7294598,
        -0.556915939
      ]
    ],
    "translation": [
      2.13878512,
      1.13662732,
      -0.8707868
    ]
  },
  {
    "timeStamp": 68930,
    "rotation": [
      [
        -0.259611756,
        -0.4955025,
        0.8289023
      ],
      [
        -0.8733982,
        0.486696184,
        0.0173901524
      ],
      [
        -0.412040442,
        -0.7194471,
        -0.559123039
      ]
    ],
    "translation": [
      2.14189363,
      1.13138032,
      -0.8741595
    ]
  },
  {
    "timeStamp": 68985,
    "rotation": [
      [
        -0.263119042,
        -0.48840034,
        0.8320056
      ],
      [
        -0.8640286,
        0.5029618,
        0.02200027
      ],
      [
        -0.429212034,
        -0.713088,
        -0.554330647
      ]
    ],
    "translation": [
      2.14197,
      1.12482262,
      -0.876422942
    ]
  },
  {
    "timeStamp": 69030,
    "rotation": [
      [
        -0.265780836,
        -0.481643736,
        0.8350927
      ],
      [
        -0.8594332,
        0.5108131,
        0.0210863855
      ],
      [
        -0.436732441,
        -0.712102,
        -0.5497049
      ]
    ],
    "translation": [
      2.139741,
      1.12072217,
      -0.876837552
    ]
  },
  {
    "timeStamp": 69086,
    "rotation": [
      [
        -0.263801455,
        -0.470660269,
        0.8419547
      ],
      [
        -0.8558273,
        0.5168445,
        0.0207726955
      ],
      [
        -0.444936544,
        -0.71508795,
        -0.5391482
      ]
    ],
    "translation": [
      2.13500571,
      1.1178149,
      -0.875684738
    ]
  },
  {
    "timeStamp": 69130,
    "rotation": [
      [
        -0.257096052,
        -0.4657049,
        0.846770644
      ],
      [
        -0.8567683,
        0.5151791,
        0.023205407
      ],
      [
        -0.447045416,
        -0.7195203,
        -0.5314517
      ]
    ],
    "translation": [
      2.13083148,
      1.11593676,
      -0.874509454
    ]
  },
  {
    "timeStamp": 69186,
    "rotation": [
      [
        -0.254725963,
        -0.459335417,
        0.8509557
      ],
      [
        -0.8598978,
        0.510149837,
        0.017969897
      ],
      [
        -0.442369133,
        -0.7271576,
        -0.524929941
      ]
    ],
    "translation": [
      2.12562656,
      1.1139096,
      -0.874187946
    ]
  },
  {
    "timeStamp": 69230,
    "rotation": [
      [
        -0.252438724,
        -0.457013249,
        0.8528854
      ],
      [
        -0.8594784,
        0.5108068,
        0.01932245
      ],
      [
        -0.444490284,
        -0.728158832,
        -0.521740437
      ]
    ],
    "translation": [
      2.12219119,
      1.11137891,
      -0.8735086
    ]
  },
  {
    "timeStamp": 69284,
    "rotation": [
      [
        -0.251941025,
        -0.45465064,
        0.8542942
      ],
      [
        -0.859828949,
        0.5102653,
        0.01798706
      ],
      [
        -0.444094479,
        -0.730015159,
        -0.519478559
      ]
    ],
    "translation": [
      2.11910868,
      1.10900068,
      -0.872188747
    ]
  },
  {
    "timeStamp": 69336,
    "rotation": [
      [
        -0.2595087,
        -0.430116534,
        0.864670455
      ],
      [
        -0.852324367,
        0.5229954,
        0.004352381
      ],
      [
        -0.454090685,
        -0.7358502,
        -0.502320647
      ]
    ],
    "translation": [
      2.11504078,
      1.10533845,
      -0.8682221
    ]
  },
  {
    "timeStamp": 69381,
    "rotation": [
      [
        -0.253600627,
        -0.401845723,
        0.8798902
      ],
      [
        -0.8434792,
        0.537157238,
        0.00221330137
      ],
      [
        -0.4735288,
        -0.7416078,
        -0.475171924
      ]
    ],
    "translation": [
      2.10986519,
      1.10217869,
      -0.86426264
    ]
  },
  {
    "timeStamp": 69436,
    "rotation": [
      [
        -0.229067713,
        -0.360444576,
        0.9042166
      ],
      [
        -0.822250664,
        0.5688265,
        0.0184461772
      ],
      [
        -0.5209912,
        -0.7392673,
        -0.426675558
      ]
    ],
    "translation": [
      2.099493,
      1.09496343,
      -0.8579045
    ]
  },
  {
    "timeStamp": 69480,
    "rotation": [
      [
        -0.195685625,
        -0.351473451,
        0.915518165
      ],
      [
        -0.796695352,
        0.6013384,
        0.060569685
      ],
      [
        -0.571824849,
        -0.717536449,
        -0.397690564
      ]
    ],
    "translation": [
      2.09050941,
      1.08374023,
      -0.851791561
    ]
  },
  {
    "timeStamp": 69536,
    "rotation": [
      [
        -0.1704892,
        -0.374848574,
        0.9112749
      ],
      [
        -0.7566259,
        0.64224565,
        0.12262854
      ],
      [
        -0.6312295,
        -0.6685874,
        -0.3931161
      ]
    ],
    "translation": [
      2.0839808,
      1.06599188,
      -0.846533656
    ]
  },
  {
    "timeStamp": 69580,
    "rotation": [
      [
        -0.174493745,
        -0.380360663,
        0.908227742
      ],
      [
        -0.721024,
        0.6775226,
        0.145215526
      ],
      [
        -0.670579135,
        -0.6295148,
        -0.3924726
      ]
    ],
    "translation": [
      2.08428526,
      1.05382812,
      -0.8448188
    ]
  },
  {
    "timeStamp": 69636,
    "rotation": [
      [
        -0.196097046,
        -0.3506584,
        0.9157427
      ],
      [
        -0.6395991,
        0.7536095,
        0.151610285
      ],
      [
        -0.7432758,
        -0.5559779,
        -0.3720614
      ]
    ],
    "translation": [
      2.08553576,
      1.03695309,
      -0.840791643
    ]
  },
  {
    "timeStamp": 69680,
    "rotation": [
      [
        -0.195698678,
        -0.326107264,
        0.924854636
      ],
      [
        -0.607098937,
        0.7809303,
        0.146897212
      ],
      [
        -0.7701512,
        -0.532730639,
        -0.350806415
      ]
    ],
    "translation": [
      2.08352423,
      1.02783692,
      -0.842797041
    ]
  },
  {
    "timeStamp": 69737,
    "rotation": [
      [
        -0.175272867,
        -0.304278,
        0.93631953
      ],
      [
        -0.5774164,
        0.802069366,
        0.152561814
      ],
      [
        -0.7974144,
        -0.5139063,
        -0.316276073
      ]
    ],
    "translation": [
      2.07845449,
      1.02083659,
      -0.8448532
    ]
  },
  {
    "timeStamp": 69782,
    "rotation": [
      [
        -0.171602622,
        -0.2872236,
        0.9423668
      ],
      [
        -0.571632743,
        0.8080926,
        0.142205358
      ],
      [
        -0.8023644,
        -0.5142849,
        -0.30285722
      ]
    ],
    "translation": [
      2.07614923,
      1.01841843,
      -0.8469582
    ]
  },
  {
    "timeStamp": 69839,
    "rotation": [
      [
        -0.165483221,
        -0.276922017,
        0.9465355
      ],
      [
        -0.562624931,
        0.8147704,
        0.14000836
      ],
      [
        -0.8099805,
        -0.509375453,
        -0.2906341
      ]
    ],
    "translation": [
      2.07297039,
      1.01425135,
      -0.848002851
    ]
  },
  {
    "timeStamp": 69884,
    "rotation": [
      [
        -0.171692312,
        -0.272288769,
        0.9467738
      ],
      [
        -0.555660248,
        0.820349038,
        0.135163486
      ],
      [
        -0.8134885,
        -0.502878,
        -0.292147666
      ]
    ],
    "translation": [
      2.071529,
      1.011603,
      -0.8487045
    ]
  },
  {
    "timeStamp": 69930,
    "rotation": [
      [
        -0.182406023,
        -0.259713978,
        0.948302031
      ],
      [
        -0.5448779,
        0.8295368,
        0.122380085
      ],
      [
        -0.8184352,
        -0.4943859,
        -0.2928249
      ]
    ],
    "translation": [
      2.0703826,
      1.008718,
      -0.8493121
    ]
  }
]