[
  {
    "timeStamp": 18942,
    "rotation": [
      [
        0.996770263,
        0.0757017061,
        0.0268011522
      ],
      [
        -0.07581382,
        0.9971169,
        0.003190814
      ],
      [
        -0.0264823325,
        -0.005212406,
        0.9996357
      ]
    ],
    "translation": [
      1.6164223,
      0.6993635,
      -0.470922023
    ]
  },
  {
    "timeStamp": 18998,
    "rotation": [
      [
        0.9966402,
        0.07295917,
        0.03722042
      ],
      [
        -0.07407218,
        0.9968178,
        0.0294545647
      ],
      [
        -0.0349529944,
        -0.0321126,
        0.998872936
      ]
    ],
    "translation": [
      1.61754966,
      0.7015882,
      -0.4687479
    ]
  },
  {
    "timeStamp": 19042,
    "rotation": [
      [
        0.9912581,
        0.09465651,
        0.09191101
      ],
      [
        -0.100528263,
        0.9930316,
        0.0615001656
      ],
      [
        -0.08544915,
        -0.0702021942,
        0.993866265
      ]
    ],
    "translation": [
      1.62062955,
      0.709897459,
      -0.463306785
    ]
  },
  {
    "timeStamp": 19098,
    "rotation": [
      [
        0.982894957,
        0.138011515,
        0.12194407
      ],
      [
        -0.152699634,
        0.9808777,
        0.120672412
      ],
      [
        -0.102958031,
        -0.137229115,
        0.98517406
      ]
    ],
    "translation": [
      1.62528563,
      0.733053565,
      -0.455095321
    ]
  },
  {
    "timeStamp": 19142,
    "rotation": [
      [
        0.97429204,
        0.169518322,
        0.148386657
      ],
      [
        -0.194781184,
        0.964794934,
        0.176722959
      ],
      [
        -0.113204919,
        -0.2010827,
        0.973010957
      ]
    ],
    "translation": [
      1.63568592,
      0.756839454,
      -0.447328448
    ]
  },
  {
    "timeStamp": 19197,
    "rotation": [
      [
        0.9534345,
        0.217465609,
        0.208976775
      ],
      [
        -0.2637491,
        0.9372588,
        0.227996409
      ],
      [
        -0.146283939,
        -0.2724971,
        0.950971246
      ]
    ],
    "translation": [
      1.66032422,
      0.7892493,
      -0.438928127
    ]
  },
  {
    "timeStamp": 19242,
    "rotation": [
      [
        0.9370334,
        0.247470722,
        0.246427864
      ],
      [
        -0.312089562,
        0.910037935,
        0.2728206
      ],
      [
        -0.1567436,
        -0.332549572,
        0.929968953
      ]
    ],
    "translation": [
      1.68533838,
      0.8175916,
      -0.433793962
    ]
  },
  {
    "timeStamp": 19297,
    "rotation": [
      [
        0.918516457,
        0.264077067,
        0.294263244
      ],
      [
        -0.357602537,
        0.872346342,
        0.333365232
      ],
      [
        -0.168665349,
        -0.411430746,
        0.8956991
      ]
    ],
    "translation": [
      1.72438383,
      0.856100738,
      -0.4298484
    ]
  },
  {
    "timeStamp": 19342,
    "rotation": [
      [
        0.902805269,
        0.278491825,
        0.327696383
      ],
      [
        -0.393598378,
        0.842101157,
        0.368708342
      ],
      [
        -0.173271269,
        -0.4618526,
        0.8698673
      ]
    ],
    "translation": [
      1.75910234,
      0.88661,
      -0.431659281
    ]
  },
  {
    "timeStamp": 19397,
    "rotation": [
      [
        0.8918704,
        0.273084849,
        0.360544
      ],
      [
        -0.418039441,
        0.8020171,
        0.4266282
      ],
      [
        -0.17265676,
        -0.531218648,
        0.8294555
      ]
    ],
    "translation": [
      1.80784714,
      0.9251477,
      -0.436663717
    ]
  },
  {
    "timeStamp": 19442,
    "rotation": [
      [
        0.887970746,
        0.27129963,
        0.3713549
      ],
      [
        -0.429833263,
        0.776744545,
        0.460338265
      ],
      [
        -0.163558289,
        -0.5683876,
        0.806340039
      ]
    ],
    "translation": [
      1.84703612,
      0.953169,
      -0.444371
    ]
  },
  {
    "timeStamp": 19497,
    "rotation": [
      [
        0.8970038,
        0.2598934,
        0.3575466
      ],
      [
        -0.421093136,
        0.748390257,
        0.51243794
      ],
      [
        -0.134405136,
        -0.6102192,
        0.780748248
      ]
    ],
    "translation": [
      1.895645,
      0.9859218,
      -0.457028031
    ]
  },
  {
    "timeStamp": 19542,
    "rotation": [
      [
        0.9090174,
        0.228420511,
        0.34858498
      ],
      [
        -0.394658744,
        0.740556061,
        0.5438945
      ],
      [
        -0.13391003,
        -0.6319817,
        0.7633264
      ]
    ],
    "translation": [
      1.93788707,
      1.0067296,
      -0.469203621
    ]
  },
  {
    "timeStamp": 19597,
    "rotation": [
      [
        0.9233613,
        0.225863114,
        0.310467064
      ],
      [
        -0.369331837,
        0.743429,
        0.557590663
      ],
      [
        -0.104871057,
        -0.629523039,
        0.76987195
      ]
    ],
    "translation": [
      1.98226941,
      1.0240463,
      -0.4865443
    ]
  },
  {
    "timeStamp": 19641,
    "rotation": [
      [
        0.9449042,
        0.202323586,
        0.257334828
      ],
      [
        -0.317619115,
        0.756883562,
        0.571179
      ],
      [
        -0.079209514,
        -0.621443868,
        0.779444337
      ]
    ],
    "translation": [
      2.01580048,
      1.03275466,
      -0.4996605
    ]
  },
  {
    "timeStamp": 19696,
    "rotation": [
      [
        0.9660699,
        0.202238411,
        0.160650581
      ],
      [
        -0.2577124,
        0.796028733,
        0.547651947
      ],
      [
        -0.0171262063,
        -0.5704717,
        0.82113874
      ]
    ],
    "translation": [
      2.05052567,
      1.034185,
      -0.5174518
    ]
  },
  {
    "timeStamp": 19740,
    "rotation": [
      [
        0.974018335,
        0.221441492,
        0.0474544354
      ],
      [
        -0.214078069,
        0.8319247,
        0.5119297
      ],
      [
        0.0738839656,
        -0.5087879,
        0.857715666
      ]
    ],
    "translation": [
      2.070328,
      1.03053784,
      -0.5334275
    ]
  },
  {
    "timeStamp": 19796,
    "rotation": [
      [
        0.977281868,
        0.181086868,
        -0.110126123
      ],
      [
        -0.112813175,
        0.8843296,
        0.453027934
      ],
      [
        0.17942521,
        -0.4303123,
        0.8846683
      ]
    ],
    "translation": [
      2.0948832,
      1.01813638,
      -0.5517513
    ]
  },
  {
    "timeStamp": 19850,
    "rotation": [
      [
        0.9575891,
        0.117959447,
        -0.262885332
      ],
      [
        -0.0185686834,
        0.935728252,
        0.3522327
      ],
      [
        0.2875384,
        -0.33241275,
        0.8982335
      ]
    ],
    "translation": [
      2.1147306,
      0.9952793,
      -0.5697408
    ]
  },
  {
    "timeStamp": 19893,
    "rotation": [
      [
        0.895116,
        -0.00531896,
        -0.445801646
      ],
      [
        0.127596945,
        0.961158454,
        0.244731486
      ],
      [
        0.427184284,
        -0.275946,
        0.861026943
      ]
    ],
    "translation": [
      2.13941288,
      0.967036545,
      -0.58533597
    ]
  },
  {
    "timeStamp": 19947,
    "rotation": [
      [
        0.841742933,
        -0.0424427651,
        -0.53820765
      ],
      [
        0.144959226,
        0.9780654,
        0.1495828
      ],
      [
        0.5200535,
        -0.203928426,
        0.829432
      ]
    ],
    "translation": [
      2.15757585,
      0.9390779,
      -0.601012
    ]
  },
  {
    "timeStamp": 19992,
    "rotation": [
      [
        0.776473463,
        -0.09241149,
        -0.62333703
      ],
      [
        0.2055673,
        0.9722205,
        0.111934967
      ],
      [
        0.595676959,
        -0.215052247,
        0.773900151
      ]
    ],
    "translation": [
      2.16705656,
      0.922794759,
      -0.606764734
    ]
  },
  {
    "timeStamp": 20047,
    "rotation": [
      [
        0.7283287,
        -0.0744144544,
        -0.6811753
      ],
      [
        0.170526192,
        0.9824948,
        0.0749987662
      ],
      [
        0.6636702,
        -0.170781985,
        0.728268743
      ]
    ],
    "translation": [
      2.17053676,
      0.9058559,
      -0.612578034
    ]
  },
  {
    "timeStamp": 20092,
    "rotation": [
      [
        0.6769775,
        -0.103091374,
        -0.728748
      ],
      [
        0.206309289,
        0.977026463,
        0.05343925
      ],
      [
        0.706496954,
        -0.186524659,
        0.6826936
      ]
    ],
    "translation": [
      2.17457533,
      0.8949606,
      -0.610384166
    ]
  },
  {
    "timeStamp": 20147,
    "rotation": [
      [
        0.6051225,
        -0.130609944,
        -0.785345554
      ],
      [
        0.226414651,
        0.973951042,
        0.01247976
      ],
      [
        0.7632582,
        -0.185365543,
        0.6189317
      ]
    ],
    "translation": [
      2.176108,
      0.882193446,
      -0.6102051
    ]
  },
  {
    "timeStamp": 20192,
    "rotation": [
      [
        0.549488068,
        -0.143386185,
        -0.8231059
      ],
      [
        0.235637113,
        0.971767366,
        -0.0119768679
      ],
      [
        0.801584661,
        -0.187373132,
        0.56776166
      ]
    ],
    "translation": [
      2.17608213,
      0.875280857,
      -0.6078807
    ]
  },
  {
    "timeStamp": 20247,
    "rotation": [
      [
        0.4664607,
        -0.166108623,
        -0.8688051
      ],
      [
        0.2512623,
        0.966631353,
        -0.0499097258
      ],
      [
        0.8481048,
        -0.195017055,
        0.4926324
      ]
    ],
    "translation": [
      2.17652559,
      0.8700046,
      -0.6037903
    ]
  },
  {
    "timeStamp": 20293,
    "rotation": [
      [
        0.4129939,
        -0.155274048,
        -0.8973996
      ],
      [
        0.242870063,
        0.9684529,
        -0.05579648
      ],
      [
        0.87775296,
        -0.194907889,
        0.437676519
      ]
    ],
    "translation": [
      2.173773,
      0.8689973,
      -0.5994624
    ]
  },
  {
    "timeStamp": 20350,
    "rotation": [
      [
        0.3367394,
        -0.179035753,
        -0.924420238
      ],
      [
        0.212147787,
        0.9709399,
        -0.110766105
      ],
      [
        0.9173876,
        -0.1588144,
        0.3649357
      ]
    ],
    "translation": [
      2.17628527,
      0.863674462,
      -0.5974578
    ]
  },
  {
    "timeStamp": 20395,
    "rotation": [
      [
        0.209434763,
        -0.151345387,
        -0.9660392
      ],
      [
        0.159260809,
        0.9800369,
        -0.119011022
      ],
      [
        0.964765847,
        -0.128927141,
        0.2293572
      ]
    ],
    "translation": [
      2.17493129,
      0.8600532,
      -0.597997248
    ]
  },
  {
    "timeStamp": 20441,
    "rotation": [
      [
        0.202124715,
        -0.159707054,
        -0.9662501
      ],
      [
        0.143866658,
        0.980752766,
        -0.132009432
      ],
      [
        0.9687352,
        -0.11232879,
        0.2212109
      ]
    ],
    "translation": [
      2.17425776,
      0.858530462,
      -0.5910591
    ]
  },
  {
    "timeStamp": 20497,
    "rotation": [
      [
        0.135392979,
        -0.137398228,
        -0.9812189
      ],
      [
        0.130295947,
        0.984206259,
        -0.119837716
      ],
      [
        0.9821872,
        -0.111623652,
        0.151157051
      ]
    ],
    "translation": [
      2.17298985,
      0.8570624,
      -0.582105041
    ]
  },
  {
    "timeStamp": 20541,
    "rotation": [
      [
        0.122768722,
        -0.1371689,
        -0.9829102
      ],
      [
        0.137919024,
        0.9831501,
        -0.119975828
      ],
      [
        0.9828053,
        -0.120832741,
        0.139618278
      ]
    ],
    "translation": [
      2.17224216,
      0.855352938,
      -0.573621154
    ]
  },
  {
    "timeStamp": 20597,
    "rotation": [
      [
        0.129611269,
        -0.0886749253,
        -0.987591863
      ],
      [
        0.130726308,
        0.9888276,
        -0.07162939
      ],
      [
        0.982909739,
        -0.11982026,
        0.139755338
      ]
    ],
    "translation": [
      2.16523647,
      0.8567697,
      -0.562405944
    ]
  },
  {
    "timeStamp": 20641,
    "rotation": [
      [
        0.101797327,
        -0.0933625549,
        -0.990414441
      ],
      [
        0.139132634,
        0.987137258,
        -0.0787532255
      ],
      [
        0.9850276,
        -0.12978211,
        0.113477714
      ]
    ],
    "translation": [
      2.16513777,
      0.854107141,
      -0.556284845
    ]
  },
  {
    "timeStamp": 20697,
    "rotation": [
      [
        0.08571874,
        -0.114093542,
        -0.989765167
      ],
      [
        0.137461975,
        0.9852752,
        -0.101671062
      ],
      [
        0.986791,
        -0.127339959,
        0.100140072
      ]
    ],
    "translation": [
      2.16841769,
      0.847895443,
      -0.550191641
    ]
  },
  {
    "timeStamp": 20741,
    "rotation": [
      [
        0.06865705,
        -0.1368519,
        -0.9882093
      ],
      [
        0.132385656,
        0.983036458,
        -0.1269379
      ],
      [
        0.9888176,
        -0.12210957,
        0.08560962
      ]
    ],
    "translation": [
      2.17198586,
      0.8426869,
      -0.5461998
    ]
  },
  {
    "timeStamp": 20797,
    "rotation": [
      [
        0.0491736457,
        -0.164528966,
        -0.9851458
      ],
      [
        0.11169298,
        0.981058061,
        -0.1582711
      ],
      [
        0.9925254,
        -0.1022511,
        0.0666189343
      ]
    ],
    "translation": [
      2.176842,
      0.8365447,
      -0.5451048
    ]
  },
  {
    "timeStamp": 20841,
    "rotation": [
      [
        0.0320382752,
        -0.188985169,
        -0.9814572
      ],
      [
        0.103984185,
        0.9772628,
        -0.184783086
      ],
      [
        0.994062841,
        -0.09613589,
        0.05096128
      ]
    ],
    "translation": [
      2.17982316,
      0.8326648,
      -0.544338048
    ]
  }
]