[
  {
    "id": "003 cracker box(Clone)-13542",
    "pickRotation": [
      [
        -0.9880491,
        0.0194804687,
        0.152903765
      ],
      [
        -0.1131202,
        -0.765472233,
        -0.633447766
      ],
      [
        0.104703724,
        -0.643174,
        0.7585278
      ]
    ],
    "pickTranslation": [
      0.0128145348,
      0.0616030842,
      0.177401736
    ],
    "placeRotation": [
      [
        -0.0134285009,
        -0.008893041,
        0.9998703
      ],
      [
        -0.9993565,
        0.0333809778,
        -0.0131247044
      ],
      [
        -0.033259932,
        -0.9994031,
        -0.009335576
      ]
    ],
    "placeTranslation": [
      -0.4458027,
      0.469976276,
      -0.9656415
    ]
  },
  {
    "id": "007 tuna fish can(Clone)-12598",
    "pickRotation": [
      [
        -0.3949966,
        -0.545826554,
        -0.738952756
      ],
      [
        0.5255871,
        0.5254541,
        -0.669071138
      ],
      [
        0.7534825,
        -0.65266484,
        0.07932679
      ]
    ],
    "pickTranslation": [
      0.0379228853,
      -0.0205871873,
      0.0124721173
    ],
    "placeRotation": [
      [
        0.09450854,
        -0.9939211,
        -0.05647045
      ],
      [
        0.126415581,
        -0.0442834049,
        0.990988433
      ],
      [
        -0.987465,
        -0.100795619,
        0.12146195
      ]
    ],
    "placeTranslation": [
      -0.8724368,
      0.528644562,
      0.310625821
    ]
  },
  {
    "id": "103 toothpaste(Clone)-12970",
    "pickRotation": [
      [
        -0.374294639,
        0.188760683,
        -0.907894731
      ],
      [
        -0.9249667,
        -0.00644131145,
        0.379993618
      ],
      [
        0.06587982,
        0.98200196,
        0.1770083
      ]
    ],
    "pickTranslation": [
      0.0161212422,
      0.026574593,
      -0.0307517536
    ],
    "placeRotation": [
      [
        0.892939866,
        0.411691576,
        0.182122126
      ],
      [
        0.07036697,
        0.271941423,
        -0.959737659
      ],
      [
        -0.444642454,
        0.8698034,
        0.213857844
      ]
    ],
    "placeTranslation": [
      -0.4178393,
      0.440246075,
      -0.07576071
    ]
  },
  {
    "id": "101 bread(Clone)-13066",
    "pickRotation": [
      [
        -0.9134321,
        0.2362683,
        -0.331389576
      ],
      [
        -0.2432246,
        -0.969743252,
        -0.0209735557
      ],
      [
        -0.326318175,
        0.0614441745,
        0.9432609
      ]
    ],
    "pickTranslation": [
      -0.00580456667,
      0.05309499,
      -0.000441225129
    ],
    "placeRotation": [
      [
        0.0204274245,
        -0.216310382,
        -0.976110935
      ],
      [
        0.09706862,
        0.9721313,
        -0.2133971
      ],
      [
        0.995068,
        -0.09039059,
        0.04085509
      ]
    ],
    "placeTranslation": [
      -0.727786541,
      0.6588884,
      0.0008657052
    ]
  },
  {
    "id": "021 bleach cleanser(Clone)-13018",
    "pickRotation": [
      [
        0.255104423,
        0.253689229,
        0.933039963
      ],
      [
        -0.9666931,
        0.04631299,
        0.2517133
      ],
      [
        0.0206450876,
        -0.9661764,
        0.2570543
      ]
    ],
    "pickTranslation": [
      0.006692916,
      0.0108768949,
      0.220273644
    ],
    "placeRotation": [
      [
        0.0336395428,
        0.995005369,
        -0.09398329
      ],
      [
        -0.0229889136,
        0.09478198,
        0.9952326
      ],
      [
        0.999169648,
        -0.0313185938,
        0.0260625128
      ]
    ],
    "placeTranslation": [
      0.3747897,
      0.010237189,
      0.6022183
    ]
  },
  {
    "id": "025 mug(Clone)-13316",
    "pickRotation": [
      [
        -0.960110366,
        0.0408619568,
        0.276619524
      ],
      [
        -0.278204352,
        -0.0401295237,
        -0.959683239
      ],
      [
        -0.02811392,
        -0.9983586,
        0.0498967469
      ]
    ],
    "pickTranslation": [
      0.07336373,
      0.029706765,
      0.07003194
    ],
    "placeRotation": [
      [
        0.8609939,
        -0.508422136,
        0.014013458
      ],
      [
        -0.00419343449,
        0.02045521,
        0.999781966
      ],
      [
        -0.5085979,
        -0.860864937,
        0.0154797761
      ]
    ],
    "placeTranslation": [
      0.06932974,
      -0.00644118153,
      -0.132259578
    ]
  },
  {
    "id": "016 pear(Clone)-12586",
    "pickRotation": [
      [
        -0.716356158,
        0.238131583,
        -0.6558408
      ],
      [
        0.6976987,
        0.2540318,
        -0.669839
      ],
      [
        0.00709461,
        -0.937422633,
        -0.348121345
      ]
    ],
    "pickTranslation": [
      0.027222313,
      -0.0315520242,
      0.0442623124
    ],
    "placeRotation": [
      [
        -0.8087163,
        -0.5604376,
        0.178570956
      ],
      [
        -0.389885753,
        0.7380689,
        0.550675333
      ],
      [
        -0.440416873,
        0.375717819,
        -0.815395
      ]
    ],
    "placeTranslation": [
      0.0172232557,
      0.805611968,
      0.08929195
    ]
  },
  {
    "id": "015 peach(Clone)-12946",
    "pickRotation": [
      [
        -0.89679414,
        -0.111828715,
        0.428082377
      ],
      [
        -0.4256952,
        -0.0456367,
        -0.903715
      ],
      [
        0.120597556,
        -0.992679,
        -0.006678223
      ]
    ],
    "pickTranslation": [
      0.009782955,
      0.007402909,
      0.05153579
    ],
    "placeRotation": [
      [
        0.8747483,
        0.3146968,
        -0.3684854
      ],
      [
        0.4068349,
        -0.0638359338,
        0.911268532
      ],
      [
        0.263250679,
        -0.9470433,
        -0.18387
      ]
    ],
    "placeTranslation": [
      0.283078283,
      0.6511602,
      -0.0525607765
    ]
  },
  {
    "id": "005 tomato soup can(Clone)-12934",
    "pickRotation": [
      [
        0.143624276,
        -0.168755844,
        -0.9751377
      ],
      [
        0.9832997,
        -0.08695796,
        0.159875229
      ],
      [
        -0.11177586,
        -0.9818145,
        0.1534483
      ]
    ],
    "pickTranslation": [
      0.0146303009,
      0.08486761,
      0.105497479
    ],
    "placeRotation": [
      [
        0.610257566,
        -0.7921729,
        0.00691101654
      ],
      [
        -0.07110857,
        -0.0460863821,
        0.996403337
      ],
      [
        -0.7890052,
        -0.6085541,
        -0.08445485
      ]
    ],
    "placeTranslation": [
      0.06585211,
      0.1726613,
      -0.174704358
    ]
  },
  {
    "id": "005 tomato soup can(Clone)-13042",
    "pickRotation": [
      [
        -0.190416992,
        -0.07275209,
        -0.979003847
      ],
      [
        0.981641,
        -0.025349088,
        -0.189046159
      ],
      [
        -0.01106335,
        -0.9970279,
        0.07624333
      ]
    ],
    "pickTranslation": [
      0.0125244763,
      0.0827893838,
      0.09780052
    ],
    "placeRotation": [
      [
        0.3690061,
        -0.929417551,
        0.00418107957
      ],
      [
        -0.110985912,
        -0.03959741,
        0.9930328
      ],
      [
        -0.9227766,
        -0.366899222,
        -0.117763944
      ]
    ],
    "placeTranslation": [
      0.12567991,
      0.7954766,
      -0.0480852462
    ]
  },
  {
    "id": "025 mug(Clone)-13078",
    "pickRotation": [
      [
        -0.9722589,
        -0.0117953345,
        -0.233609453
      ],
      [
        0.2337599,
        -0.013576516,
        -0.972199559
      ],
      [
        0.008295816,
        -0.999838233,
        0.0159571655
      ]
    ],
    "pickTranslation": [
      0.0593998469,
      0.00154161081,
      0.06437194
    ],
    "placeRotation": [
      [
        0.9739664,
        -0.220276937,
        0.053549245
      ],
      [
        -0.05419647,
        0.00310855522,
        0.998525441
      ],
      [
        -0.220118582,
        -0.975432456,
        -0.008910603
      ]
    ],
    "placeTranslation": [
      0.6068547,
      0.151167557,
      -0.2269137
    ]
  },
  {
    "id": "017 orange(Clone)-13292",
    "pickRotation": [
      [
        -0.8386829,
        0.2175366,
        -0.499288231
      ],
      [
        -0.479808927,
        -0.7288688,
        0.4883991
      ],
      [
        -0.2576709,
        0.649174869,
        0.7156659
      ]
    ],
    "pickTranslation": [
      -0.00399813149,
      0.0170364976,
      0.00653603766
    ],
    "placeRotation": [
      [
        0.6261785,
        0.5873548,
        0.512752235
      ],
      [
        -0.3057358,
        0.7899486,
        -0.5315138
      ],
      [
        -0.717235,
        0.1760558,
        0.674224138
      ]
    ],
    "placeTranslation": [
      0.799190342,
      0.810665965,
      -0.207217
    ]
  },
  {
    "id": "015 peach(Clone)-13030",
    "pickRotation": [
      [
        -0.6380749,
        -0.0236701667,
        0.769610345
      ],
      [
        -0.767403364,
        -0.0620612241,
        -0.6381539
      ],
      [
        0.06286817,
        -0.9977916,
        0.0214351416
      ]
    ],
    "pickTranslation": [
      0.009617515,
      0.00821954,
      0.0537345074
    ],
    "placeRotation": [
      [
        0.8497753,
        0.5228378,
        -0.06725037
      ],
      [
        0.141520321,
        -0.103379987,
        0.9845225
      ],
      [
        0.5077933,
        -0.8461402,
        -0.161841929
      ]
    ],
    "placeTranslation": [
      0.6938933,
      0.5520631,
      -0.386877924
    ]
  },
  {
    "id": "005 tomato soup can(Clone)-13304",
    "pickRotation": [
      [
        -0.6219232,
        -0.116540611,
        -0.774357736
      ],
      [
        0.782130063,
        -0.141094,
        -0.6069309
      ],
      [
        -0.0385251231,
        -0.9831128,
        0.178899541
      ]
    ],
    "pickTranslation": [
      0.0142258313,
      0.0839224458,
      0.112796821
    ],
    "placeRotation": [
      [
        0.169815868,
        -0.98305434,
        -0.06904171
      ],
      [
        0.0222934466,
        -0.0662092,
        0.9975567
      ],
      [
        -0.985223651,
        -0.170940131,
        0.0106722973
      ]
    ],
    "placeTranslation": [
      0.645638,
      0.334058,
      1.39363837
    ]
  },
  {
    "id": "006 mustard bottle(Clone)-13006",
    "pickRotation": [
      [
        -0.796826541,
        -0.222917587,
        -0.5615827
      ],
      [
        0.6032486,
        -0.241156161,
        -0.7602203
      ],
      [
        0.03403736,
        -0.94453764,
        0.326634377
      ]
    ],
    "pickTranslation": [
      0.017361166,
      -0.0253372639,
      0.175538689
    ],
    "placeRotation": [
      [
        0.1769816,
        -0.159973279,
        0.9711262
      ],
      [
        -0.980822444,
        0.0531776957,
        0.187508613
      ],
      [
        -0.08163862,
        -0.985688,
        -0.1474939
      ]
    ],
    "placeTranslation": [
      -0.163675383,
      0.910697937,
      -0.977464
    ]
  },
  {
    "id": "057 racquetball(Clone)-13054",
    "pickRotation": [
      [
        -0.9883411,
        0.02941342,
        -0.149387673
      ],
      [
        -0.0199382566,
        -0.997716367,
        -0.0645331144
      ],
      [
        -0.150944665,
        -0.0608022,
        0.986670554
      ]
    ],
    "pickTranslation": [
      0.0232243277,
      -0.105278879,
      0.03145594
    ],
    "placeRotation": [
      [
        0.6275625,
        -0.449151367,
        0.6359468
      ],
      [
        0.4231315,
        0.882416248,
        0.205672875
      ],
      [
        -0.653548,
        0.140016511,
        0.743821442
      ]
    ],
    "placeTranslation": [
      0.6586928,
      1.4014132,
      -0.14741157
    ]
  },
  {
    "id": "057 racquetball(Clone)-13530",
    "pickRotation": [
      [
        -0.9758755,
        -0.0862088948,
        -0.20058693
      ],
      [
        0.0546376221,
        -0.9859388,
        0.157922432
      ],
      [
        -0.211380765,
        0.143153042,
        0.966863632
      ]
    ],
    "pickTranslation": [
      0.009347111,
      -0.0865869448,
      0.01588958
    ],
    "placeRotation": [
      [
        0.422709,
        -0.27431047,
        0.8637539
      ],
      [
        0.342864037,
        0.930655956,
        0.127764344
      ],
      [
        -0.838904858,
        0.242143035,
        0.487447828
      ]
    ],
    "placeTranslation": [
      0.688707948,
      1.62144935,
      -0.348756075
    ]
  },
  {
    "id": "057 racquetball(Clone)-12958",
    "pickRotation": [
      [
        -0.151912421,
        0.320867658,
        -0.9348618
      ],
      [
        0.2052971,
        -0.914967954,
        -0.347399831
      ],
      [
        -0.966837943,
        -0.244698763,
        0.07312181
      ]
    ],
    "pickTranslation": [
      -0.009194013,
      -0.09510141,
      0.030665718
    ],
    "placeRotation": [
      [
        -0.183253765,
        -0.257976651,
        0.94861275
      ],
      [
        -0.543350458,
        0.830746353,
        0.120957837
      ],
      [
        -0.819260836,
        -0.493263155,
        -0.292409122
      ]
    ],
    "placeTranslation": [
      1.04194832,
      1.74237728,
      -0.9804921
    ]
  }
]