[
  {
    "timeStamp": 15728,
    "rotation": [
      [
        -0.9998736,
        -0.007629528,
        0.01394887
      ],
      [
        -0.008386942,
        0.9984471,
        -0.0550726727
      ],
      [
        -0.01350703,
        -0.0551827,
        -0.9983849
      ]
    ],
    "translation": [
      1.15244544,
      0.7271847,
      -0.7617625
    ]
  },
  {
    "timeStamp": 15774,
    "rotation": [
      [
        -0.999907136,
        -0.00313450163,
        0.0132609736
      ],
      [
        -0.00365620945,
        0.9992128,
        -0.0395020619
      ],
      [
        -0.0131267151,
        -0.0395468771,
        -0.999131441
      ]
    ],
    "translation": [
      1.15258312,
      0.7334475,
      -0.761407256
    ]
  },
  {
    "timeStamp": 15828,
    "rotation": [
      [
        -0.9982875,
        0.05277689,
        -0.0252317972
      ],
      [
        0.05549735,
        0.9908229,
        -0.12324737
      ],
      [
        0.01849563,
        -0.1244366,
        -0.9920551
      ]
    ],
    "translation": [
      1.14641023,
      0.7497887,
      -0.7565074
    ]
  },
  {
    "timeStamp": 15884,
    "rotation": [
      [
        -0.9911282,
        0.127915457,
        -0.036089208
      ],
      [
        0.130885288,
        0.986569941,
        -0.09771798
      ],
      [
        0.0231048875,
        -0.101574592,
        -0.9945596
      ]
    ],
    "translation": [
      1.14154541,
      0.78295356,
      -0.764828742
    ]
  },
  {
    "timeStamp": 15928,
    "rotation": [
      [
        -0.9819481,
        0.183223337,
        -0.0469803326
      ],
      [
        0.185996413,
        0.9804857,
        -0.0636641458
      ],
      [
        0.03439879,
        -0.07125306,
        -0.9968649
      ]
    ],
    "translation": [
      1.14637876,
      0.8108413,
      -0.7736434
    ]
  },
  {
    "timeStamp": 15984,
    "rotation": [
      [
        -0.970156133,
        0.2390618,
        -0.0405780263
      ],
      [
        0.240360916,
        0.970193565,
        -0.03083914
      ],
      [
        0.03199608,
        -0.03967215,
        -0.9987004
      ]
    ],
    "translation": [
      1.15942454,
      0.842173457,
      -0.790731251
    ]
  },
  {
    "timeStamp": 16028,
    "rotation": [
      [
        -0.963812351,
        0.2646861,
        -0.031735152
      ],
      [
        0.264774,
        0.9643094,
        0.00147563557
      ],
      [
        0.0309930835,
        -0.006980407,
        -0.999495268
      ]
    ],
    "translation": [
      1.17845988,
      0.860034943,
      -0.8063346
    ]
  },
  {
    "timeStamp": 16084,
    "rotation": [
      [
        -0.9636753,
        0.266642064,
        -0.0152288852
      ],
      [
        0.26561138,
        0.962793767,
        0.04978726
      ],
      [
        0.0279376544,
        0.04393379,
        -0.998643756
      ]
    ],
    "translation": [
      1.21026337,
      0.871014655,
      -0.829924047
    ]
  },
  {
    "timeStamp": 16128,
    "rotation": [
      [
        -0.9675013,
        0.252850056,
        0.00285971141
      ],
      [
        0.25201425,
        0.963252246,
        0.09291941
      ],
      [
        0.0207400545,
        0.09062033,
        -0.995669544
      ]
    ],
    "translation": [
      1.241341,
      0.872730851,
      -0.8490449
    ]
  },
  {
    "timeStamp": 16184,
    "rotation": [
      [
        -0.971271753,
        0.237402871,
        0.01646299
      ],
      [
        0.237771451,
        0.9652774,
        0.10818658
      ],
      [
        0.009792453,
        0.108992994,
        -0.9939943
      ]
    ],
    "translation": [
      1.28231919,
      0.8720685,
      -0.867116451
    ]
  },
  {
    "timeStamp": 16228,
    "rotation": [
      [
        -0.97332263,
        0.228639081,
        -0.0191620979
      ],
      [
        0.223898813,
        0.964739859,
        0.1383703
      ],
      [
        0.0501233,
        0.130388573,
        -0.990195155
      ]
    ],
    "translation": [
      1.31601012,
      0.8702278,
      -0.86996305
    ]
  },
  {
    "timeStamp": 16284,
    "rotation": [
      [
        -0.970934331,
        0.219870433,
        -0.09457036
      ],
      [
        0.2026734,
        0.9654488,
        0.163804784
      ],
      [
        0.127318665,
        0.139876783,
        -0.9819493
      ]
    ],
    "translation": [
      1.36018622,
      0.867981136,
      -0.863958061
    ]
  },
  {
    "timeStamp": 16328,
    "rotation": [
      [
        -0.959829,
        0.220762908,
        -0.1731824
      ],
      [
        0.187942028,
        0.9641374,
        0.187395275
      ],
      [
        0.208341539,
        0.147319168,
        -0.9668976
      ]
    ],
    "translation": [
      1.39693034,
      0.867908359,
      -0.853115559
    ]
  },
  {
    "timeStamp": 16387,
    "rotation": [
      [
        -0.92845434,
        0.232928663,
        -0.289338559
      ],
      [
        0.17499657,
        0.9613841,
        0.2124072
      ],
      [
        0.327641219,
        0.146577135,
        -0.933362961
      ]
    ],
    "translation": [
      1.44188976,
      0.8709819,
      -0.832678556
    ]
  },
  {
    "timeStamp": 16428,
    "rotation": [
      [
        -0.8968591,
        0.243222535,
        -0.369440854
      ],
      [
        0.176383719,
        0.962619841,
        0.205552489
      ],
      [
        0.4056261,
        0.119188264,
        -0.90623486
      ]
    ],
    "translation": [
      1.47814453,
      0.8758669,
      -0.8141707
    ]
  },
  {
    "timeStamp": 16483,
    "rotation": [
      [
        -0.8388994,
        0.2638339,
        -0.4760667
      ],
      [
        0.185096681,
        0.9608193,
        0.206314
      ],
      [
        0.5118467,
        0.08495831,
        -0.8548655
      ]
    ],
    "translation": [
      1.52341926,
      0.8863552,
      -0.7854464
    ]
  },
  {
    "timeStamp": 16527,
    "rotation": [
      [
        -0.7702747,
        0.2931652,
        -0.566331148
      ],
      [
        0.201065585,
        0.9544177,
        0.220588833
      ],
      [
        0.6051855,
        0.0560442954,
        -0.7941093
      ]
    ],
    "translation": [
      1.56235754,
      0.8990229,
      -0.759204149
    ]
  },
  {
    "timeStamp": 16583,
    "rotation": [
      [
        -0.6811681,
        0.311810255,
        -0.662408054
      ],
      [
        0.235505641,
        0.9500037,
        0.20501253
      ],
      [
        0.6932151,
        -0.0163528416,
        -0.720545232
      ]
    ],
    "translation": [
      1.61227441,
      0.9183341,
      -0.723031938
    ]
  },
  {
    "timeStamp": 16627,
    "rotation": [
      [
        -0.590618134,
        0.330252051,
        -0.736277044
      ],
      [
        0.273018956,
        0.94039005,
        0.202798411
      ],
      [
        0.7593622,
        -0.08124116,
        -0.6455765
      ]
    ],
    "translation": [
      1.65637767,
      0.9373186,
      -0.694616854
    ]
  },
  {
    "timeStamp": 16683,
    "rotation": [
      [
        -0.461179674,
        0.34136942,
        -0.819011748
      ],
      [
        0.3247414,
        0.9239276,
        0.202239469
      ],
      [
        0.8257459,
        -0.172698289,
        -0.536953449
      ]
    ],
    "translation": [
      1.71672714,
      0.9628984,
      -0.65618664
    ]
  },
  {
    "timeStamp": 16727,
    "rotation": [
      [
        -0.3640846,
        0.325351477,
        -0.872690558
      ],
      [
        0.371149451,
        0.9100705,
        0.184444517
      ],
      [
        0.8542192,
        -0.2567452,
        -0.452096671
      ]
    ],
    "translation": [
      1.76998472,
      0.9838654,
      -0.630277157
    ]
  },
  {
    "timeStamp": 16783,
    "rotation": [
      [
        -0.247793138,
        0.284033567,
        -0.9262416
      ],
      [
        0.4115405,
        0.8963722,
        0.164776549
      ],
      [
        0.8770593,
        -0.340355426,
        -0.3390062
      ]
    ],
    "translation": [
      1.84087861,
      1.00697911,
      -0.5995484
    ]
  },
  {
    "timeStamp": 16828,
    "rotation": [
      [
        -0.174403891,
        0.232450888,
        -0.9568437
      ],
      [
        0.432651043,
        0.890999734,
        0.137595773
      ],
      [
        0.884531736,
        -0.389982164,
        -0.255963951
      ]
    ],
    "translation": [
      1.89500272,
      1.02050793,
      -0.582264662
    ]
  },
  {
    "timeStamp": 16884,
    "rotation": [
      [
        -0.107860886,
        0.159978,
        -0.98121
      ],
      [
        0.450328,
        0.8877691,
        0.0952403247
      ],
      [
        0.8863243,
        -0.431593627,
        -0.167798132
      ]
    ],
    "translation": [
      1.96359277,
      1.032525,
      -0.563187
    ]
  },
  {
    "timeStamp": 16928,
    "rotation": [
      [
        -0.0470970348,
        0.102756336,
        -0.993590951
      ],
      [
        0.4381835,
        0.8960058,
        0.07189391
      ],
      [
        0.8976509,
        -0.4319892,
        -0.08722535
      ]
    ],
    "translation": [
      2.0161612,
      1.03342807,
      -0.552794635
    ]
  },
  {
    "timeStamp": 16984,
    "rotation": [
      [
        0.0138371317,
        0.0407465473,
        -0.9990737
      ],
      [
        0.411673665,
        0.910324454,
        0.04282863
      ],
      [
        0.9112263,
        -0.411884934,
        -0.00417800061
      ]
    ],
    "translation": [
      2.07535052,
      1.02448213,
      -0.544059455
    ]
  },
  {
    "timeStamp": 17028,
    "rotation": [
      [
        0.0381323174,
        -0.003040035,
        -0.9992681
      ],
      [
        0.38117972,
        0.9244265,
        0.0117335645
      ],
      [
        0.9237143,
        -0.381348163,
        0.0364093222
      ]
    ],
    "translation": [
      2.11111522,
      1.01180279,
      -0.540318251
    ]
  },
  {
    "timeStamp": 17075,
    "rotation": [
      [
        0.0569587164,
        -0.007045358,
        -0.998351634
      ],
      [
        0.3370247,
        0.9414117,
        0.0125846565
      ],
      [
        0.939771235,
        -0.337185979,
        0.05599606
      ]
    ],
    "translation": [
      2.136497,
      0.993751943,
      -0.5388556
    ]
  },
  {
    "timeStamp": 17134,
    "rotation": [
      [
        0.04226296,
        6.494677E-05,
        -0.9991065
      ],
      [
        0.2657019,
        0.96398896,
        0.0113020558
      ],
      [
        0.9631284,
        -0.2659422,
        0.04072377
      ]
    ],
    "translation": [
      2.1547215,
      0.964489639,
      -0.5399916
    ]
  },
  {
    "timeStamp": 17178,
    "rotation": [
      [
        0.0337435678,
        0.0229334086,
        -0.9991674
      ],
      [
        0.214430735,
        0.9762891,
        0.0296499822
      ],
      [
        0.9761561,
        -0.215252683,
        0.0280258488
      ]
    ],
    "translation": [
      2.159723,
      0.9454459,
      -0.5404787
    ]
  },
  {
    "timeStamp": 17234,
    "rotation": [
      [
        -0.003457479,
        0.0592591576,
        -0.998236656
      ],
      [
        0.1696424,
        0.983808339,
        0.0578150675
      ],
      [
        0.985499561,
        -0.169143364,
        -0.0134543628
      ]
    ],
    "translation": [
      2.15133572,
      0.9269682,
      -0.5425721
    ]
  },
  {
    "timeStamp": 17278,
    "rotation": [
      [
        -0.02240867,
        0.06959709,
        -0.9973235
      ],
      [
        0.156137466,
        0.9855765,
        0.06526912
      ],
      [
        0.9874811,
        -0.154256955,
        -0.03295217
      ]
    ],
    "translation": [
      2.14712763,
      0.915935755,
      -0.5402256
    ]
  },
  {
    "timeStamp": 17335,
    "rotation": [
      [
        -0.03583132,
        0.0862757638,
        -0.995626748
      ],
      [
        0.144470349,
        0.9862485,
        0.08026379
      ],
      [
        0.9888602,
        -0.140962586,
        -0.0478028767
      ]
    ],
    "translation": [
      2.14100385,
      0.904858947,
      -0.53573215
    ]
  },
  {
    "timeStamp": 17378,
    "rotation": [
      [
        -0.04830171,
        0.08961846,
        -0.994804263
      ],
      [
        0.132315069,
        0.987763464,
        0.08255975
      ],
      [
        0.990030169,
        -0.127639815,
        -0.0595685355
      ]
    ],
    "translation": [
      2.13641143,
      0.895576954,
      -0.5314549
    ]
  },
  {
    "timeStamp": 17434,
    "rotation": [
      [
        -0.0587993376,
        0.0863837153,
        -0.994525254
      ],
      [
        0.116803333,
        0.9900013,
        0.079085
      ],
      [
        0.991412938,
        -0.111513719,
        -0.06830133
      ]
    ],
    "translation": [
      2.132405,
      0.884146035,
      -0.5264574
    ]
  },
  {
    "timeStamp": 17478,
    "rotation": [
      [
        -0.0548734963,
        0.09623144,
        -0.9938452
      ],
      [
        0.111188,
        0.9897434,
        0.08969521
      ],
      [
        0.9922833,
        -0.105581783,
        -0.06501046
      ]
    ],
    "translation": [
      2.129449,
      0.8777823,
      -0.522061
    ]
  },
  {
    "timeStamp": 17535,
    "rotation": [
      [
        -0.0605034232,
        0.07788347,
        -0.9951249
      ],
      [
        0.106644705,
        0.991749346,
        0.0711353
      ],
      [
        0.992454648,
        -0.101820864,
        -0.06831008
      ]
    ],
    "translation": [
      2.12724,
      0.86997956,
      -0.5176921
    ]
  },
  {
    "timeStamp": 17580,
    "rotation": [
      [
        -0.04756143,
        0.08758337,
        -0.9950211
      ],
      [
        0.09535404,
        0.991997242,
        0.0827593356
      ],
      [
        0.994306564,
        -0.09094313,
        -0.0555322319
      ]
    ],
    "translation": [
      2.12605953,
      0.863155961,
      -0.515193939
    ]
  },
  {
    "timeStamp": 17626,
    "rotation": [
      [
        -0.0458128564,
        0.07744002,
        -0.9959439
      ],
      [
        0.0908946,
        0.9931782,
        0.07304387
      ],
      [
        0.99480623,
        -0.08717958,
        -0.052539207
      ]
    ],
    "translation": [
      2.12475157,
      0.8570313,
      -0.51286453
    ]
  },
  {
    "timeStamp": 17683,
    "rotation": [
      [
        -0.039583683,
        0.0707945153,
        -0.9967052
      ],
      [
        0.08339695,
        0.994240761,
        0.0673074
      ],
      [
        0.9957299,
        -0.080457896,
        -0.0452597551
      ]
    ],
    "translation": [
      2.12369943,
      0.8495135,
      -0.5109265
    ]
  },
  {
    "timeStamp": 17727,
    "rotation": [
      [
        -0.0325611271,
        0.0569983646,
        -0.9978432
      ],
      [
        0.07345214,
        0.9958093,
        0.0544853322
      ],
      [
        0.996767044,
        -0.07151961,
        -0.036611326
      ]
    ],
    "translation": [
      2.12480474,
      0.842314243,
      -0.5099939
    ]
  },
  {
    "timeStamp": 17783,
    "rotation": [
      [
        -0.0194560383,
        0.05454663,
        -0.998321652
      ],
      [
        0.0675295442,
        0.9963022,
        0.05312022
      ],
      [
        0.99752754,
        -0.0663827,
        -0.023067601
      ]
    ],
    "translation": [
      2.1247263,
      0.836039364,
      -0.5089596
    ]
  },
  {
    "timeStamp": 17828,
    "rotation": [
      [
        -0.0169931222,
        0.0440297537,
        -0.998885632
      ],
      [
        0.06460234,
        0.99699074,
        0.0428472124
      ],
      [
        0.9977663,
        -0.06380224,
        -0.0197864119
      ]
    ],
    "translation": [
      2.12409043,
      0.8320027,
      -0.50801903
    ]
  },
  {
    "timeStamp": 17883,
    "rotation": [
      [
        -0.008374329,
        0.03055693,
        -0.99949795
      ],
      [
        0.0521008223,
        0.9981887,
        0.0300803743
      ],
      [
        0.998606741,
        -0.0518227629,
        -0.009951202
      ]
    ],
    "translation": [
      2.12476039,
      0.8268197,
      -0.507917
    ]
  },
  {
    "timeStamp": 17927,
    "rotation": [
      [
        -0.00572548667,
        0.0152285211,
        -0.9998676
      ],
      [
        0.0256615747,
        0.999557,
        0.015076845
      ],
      [
        0.9996543,
        -0.0255718548,
        -0.006113738
      ]
    ],
    "translation": [
      2.12390852,
      0.822997153,
      -0.5084507
    ]
  },
  {
    "timeStamp": 17983,
    "rotation": [
      [
        -0.004430322,
        -0.005241732,
        -0.999976456
      ],
      [
        0.0298352987,
        0.9995404,
        -0.00537162926
      ],
      [
        0.999545038,
        -0.0298583936,
        -0.00427189749
      ]
    ],
    "translation": [
      2.123601,
      0.8226712,
      -0.5084248
    ]
  }
]