[
  {
    "timeStamp": 91138,
    "rotation": [
      [
        0.9999744,
        -0.00625177659,
        -0.00346528948
      ],
      [
        0.006143261,
        0.999516249,
        -0.0304875914
      ],
      [
        0.00365421479,
        0.0304655246,
        0.9995291
      ]
    ],
    "translation": [
      1.47417068,
      0.696609259,
      -0.7550263
    ]
  },
  {
    "timeStamp": 91194,
    "rotation": [
      [
        0.993428648,
        -0.113622241,
        0.01376413
      ],
      [
        0.113724388,
        0.9663942,
        -0.230540678
      ],
      [
        0.0128929727,
        0.230591029,
        0.9729653
      ]
    ],
    "translation": [
      1.48623645,
      0.7141007,
      -0.7732827
    ]
  },
  {
    "timeStamp": 91240,
    "rotation": [
      [
        0.9903151,
        -0.137127012,
        0.0217299554
      ],
      [
        0.13812612,
        0.957264841,
        -0.2540967
      ],
      [
        0.0140421987,
        0.254637241,
        0.9669347
      ]
    ],
    "translation": [
      1.49666893,
      0.7242153,
      -0.783735752
    ]
  },
  {
    "timeStamp": 91293,
    "rotation": [
      [
        0.9933635,
        -0.109148972,
        0.036269255
      ],
      [
        0.114932157,
        0.954109251,
        -0.276525021
      ],
      [
        -0.00442241132,
        0.278858364,
        0.960322
      ]
    ],
    "translation": [
      1.51043487,
      0.7370239,
      -0.799832344
    ]
  },
  {
    "timeStamp": 91338,
    "rotation": [
      [
        0.9954472,
        -0.08518379,
        0.0427628569
      ],
      [
        0.09400563,
        0.9515272,
        -0.292846382
      ],
      [
        -0.0157442559,
        0.295533061,
        0.9552028
      ]
    ],
    "translation": [
      1.52504563,
      0.747414,
      -0.8157813
    ]
  },
  {
    "timeStamp": 91394,
    "rotation": [
      [
        0.996307433,
        -0.058761768,
        0.06259718
      ],
      [
        0.07543919,
        0.9472491,
        -0.311493278
      ],
      [
        -0.0409912243,
        0.315065354,
        0.9481843
      ]
    ],
    "translation": [
      1.546903,
      0.7607084,
      -0.8360216
    ]
  },
  {
    "timeStamp": 91438,
    "rotation": [
      [
        0.9950886,
        -0.0178185012,
        0.09737171
      ],
      [
        0.04884407,
        0.943961561,
        -0.326421231
      ],
      [
        -0.08609881,
        0.329574049,
        0.9401957
      ]
    ],
    "translation": [
      1.5660491,
      0.772106051,
      -0.849533856
    ]
  },
  {
    "timeStamp": 91494,
    "rotation": [
      [
        0.9834648,
        0.04521541,
        0.175363913
      ],
      [
        0.0170415882,
        0.9409278,
        -0.338178128
      ],
      [
        -0.180295646,
        0.335574776,
        0.9245988
      ]
    ],
    "translation": [
      1.59367931,
      0.7862336,
      -0.8600223
    ]
  },
  {
    "timeStamp": 91538,
    "rotation": [
      [
        0.960871935,
        0.100264572,
        0.258209467
      ],
      [
        -0.00572412275,
        0.939176261,
        -0.3433877
      ],
      [
        -0.276933849,
        0.328473568,
        0.9030021
      ]
    ],
    "translation": [
      1.61898482,
      0.795942545,
      -0.8649373
    ]
  },
  {
    "timeStamp": 91593,
    "rotation": [
      [
        0.911884248,
        0.176473722,
        0.370572627
      ],
      [
        -0.0367719568,
        0.934345365,
        -0.354466647
      ],
      [
        -0.408796847,
        0.309605867,
        0.8585041
      ]
    ],
    "translation": [
      1.652393,
      0.8085515,
      -0.8666756
    ]
  },
  {
    "timeStamp": 91638,
    "rotation": [
      [
        0.862186432,
        0.218596265,
        0.4570014
      ],
      [
        -0.0579420961,
        0.938743055,
        -0.339711964
      ],
      [
        -0.503266633,
        0.266415447,
        0.822037458
      ]
    ],
    "translation": [
      1.68050921,
      0.8176187,
      -0.866598248
    ]
  },
  {
    "timeStamp": 91693,
    "rotation": [
      [
        0.7989904,
        0.251094371,
        0.5464118
      ],
      [
        -0.0914454162,
        0.948817253,
        -0.302297026
      ],
      [
        -0.5943501,
        0.191565573,
        0.781057358
      ]
    ],
    "translation": [
      1.71586025,
      0.8286783,
      -0.864439666
    ]
  },
  {
    "timeStamp": 91738,
    "rotation": [
      [
        0.7476841,
        0.268404126,
        0.607394159
      ],
      [
        -0.127775133,
        0.9557324,
        -0.2650455
      ],
      [
        -0.6516456,
        0.12056043,
        0.7488813
      ]
    ],
    "translation": [
      1.74257445,
      0.8382339,
      -0.8614854
    ]
  },
  {
    "timeStamp": 91794,
    "rotation": [
      [
        0.672009766,
        0.282096624,
        0.684707463
      ],
      [
        -0.199710488,
        0.959381759,
        -0.199254379
      ],
      [
        -0.713104844,
        -0.002842376,
        0.7010516
      ]
    ],
    "translation": [
      1.77554679,
      0.8528062,
      -0.8523107
    ]
  },
  {
    "timeStamp": 91838,
    "rotation": [
      [
        0.608515441,
        0.31860134,
        0.726775169
      ],
      [
        -0.28027,
        0.943125963,
        -0.1787796
      ],
      [
        -0.742399931,
        -0.09490312,
        0.663201153
      ]
    ],
    "translation": [
      1.80043566,
      0.8673963,
      -0.8451694
    ]
  },
  {
    "timeStamp": 91893,
    "rotation": [
      [
        0.525507,
        0.346066266,
        0.77722615
      ],
      [
        -0.405862719,
        0.904858351,
        -0.128479034
      ],
      [
        -0.7477418,
        -0.247930482,
        0.6159648
      ]
    ],
    "translation": [
      1.8300674,
      0.8897845,
      -0.8331712
    ]
  },
  {
    "timeStamp": 91938,
    "rotation": [
      [
        0.4524919,
        0.362232953,
        0.8148855
      ],
      [
        -0.486767948,
        0.865974844,
        -0.114649326
      ],
      [
        -0.747200131,
        -0.344782263,
        0.56817
      ]
    ],
    "translation": [
      1.85322726,
      0.907054842,
      -0.8234163
    ]
  },
  {
    "timeStamp": 91993,
    "rotation": [
      [
        0.3395844,
        0.383876026,
        0.8586744
      ],
      [
        -0.587901652,
        0.7992463,
        -0.124807812
      ],
      [
        -0.734203041,
        -0.4624333,
        0.497092932
      ]
    ],
    "translation": [
      1.88446486,
      0.930995345,
      -0.8096207
    ]
  },
  {
    "timeStamp": 92038,
    "rotation": [
      [
        0.222879484,
        0.382705927,
        0.896582961
      ],
      [
        -0.6568374,
        0.7385589,
        -0.151971743
      ],
      [
        -0.7203398,
        -0.5550378,
        0.4159852
      ]
    ],
    "translation": [
      1.91165531,
      0.9495446,
      -0.798978865
    ]
  },
  {
    "timeStamp": 92093,
    "rotation": [
      [
        0.0659239,
        0.382053435,
        0.9217859
      ],
      [
        -0.7224314,
        0.655502737,
        -0.220020279
      ],
      [
        -0.688292742,
        -0.65142256,
        0.319220722
      ]
    ],
    "translation": [
      1.94777393,
      0.972315848,
      -0.7879381
    ]
  },
  {
    "timeStamp": 92138,
    "rotation": [
      [
        -0.07091564,
        0.357862175,
        0.931077659
      ],
      [
        -0.760434747,
        0.5846813,
        -0.282642424
      ],
      [
        -0.6455307,
        -0.7280676,
        0.2306678
      ]
    ],
    "translation": [
      1.97888517,
      0.9872001,
      -0.780662239
    ]
  },
  {
    "timeStamp": 92187,
    "rotation": [
      [
        -0.207728863,
        0.315349758,
        0.9259607
      ],
      [
        -0.7752748,
        0.524156153,
        -0.352433383
      ],
      [
        -0.596487761,
        -0.7910846,
        0.135600358
      ]
    ],
    "translation": [
      2.01256728,
      0.997902453,
      -0.7756729
    ]
  },
  {
    "timeStamp": 92244,
    "rotation": [
      [
        -0.369935185,
        0.241695628,
        0.8970681
      ],
      [
        -0.757870853,
        0.4799941,
        -0.441856742
      ],
      [
        -0.537382245,
        -0.843320131,
        0.00560737262
      ]
    ],
    "translation": [
      2.060547,
      0.998566031,
      -0.77126193
    ]
  },
  {
    "timeStamp": 92288,
    "rotation": [
      [
        -0.3894198,
        0.1762562,
        0.9040387
      ],
      [
        -0.7585565,
        0.495361537,
        -0.4233308
      ],
      [
        -0.5224407,
        -0.8506178,
        -0.0592033081
      ]
    ],
    "translation": [
      2.08434486,
      0.991253555,
      -0.770975
    ]
  },
  {
    "timeStamp": 92344,
    "rotation": [
      [
        -0.271514237,
        0.120189041,
        0.954900265
      ],
      [
        -0.787957,
        0.5419489,
        -0.29225865
      ],
      [
        -0.552633464,
        -0.831772745,
        -0.0524430536
      ]
    ],
    "translation": [
      2.1016078,
      0.9833032,
      -0.77146405
    ]
  },
  {
    "timeStamp": 92388,
    "rotation": [
      [
        -0.11663565,
        0.0784726,
        0.990069747
      ],
      [
        -0.8133551,
        0.564531446,
        -0.140562266
      ],
      [
        -0.5699558,
        -0.8216729,
        -0.00201840047
      ]
    ],
    "translation": [
      2.11029625,
      0.9835564,
      -0.7722253
    ]
  },
  {
    "timeStamp": 92444,
    "rotation": [
      [
        0.16203931,
        0.09248136,
        0.982441068
      ],
      [
        -0.793851,
        0.6035788,
        0.07411669
      ],
      [
        -0.586126149,
        -0.7919216,
        0.171219915
      ]
    ],
    "translation": [
      2.113291,
      0.9810583,
      -0.774767458
    ]
  },
  {
    "timeStamp": 92488,
    "rotation": [
      [
        0.411884427,
        0.135711178,
        0.901073635
      ],
      [
        -0.699977,
        0.6802359,
        0.217511624
      ],
      [
        -0.5834239,
        -0.720320463,
        0.375173271
      ]
    ],
    "translation": [
      2.11425853,
      0.970560133,
      -0.7806379
    ]
  },
  {
    "timeStamp": 92543,
    "rotation": [
      [
        0.653989255,
        0.1255038,
        0.746020734
      ],
      [
        -0.5194088,
        0.791461766,
        0.3221845
      ],
      [
        -0.550011456,
        -0.598194957,
        0.5827952
      ]
    ],
    "translation": [
      2.12410283,
      0.9511045,
      -0.790283
    ]
  },
  {
    "timeStamp": 92588,
    "rotation": [
      [
        0.766667962,
        0.11408636,
        0.631826341
      ],
      [
        -0.374579132,
        0.878727555,
        0.295851827
      ],
      [
        -0.5214506,
        -0.4634891,
        0.7164266
      ]
    ],
    "translation": [
      2.13665271,
      0.9348615,
      -0.795897961
    ]
  },
  {
    "timeStamp": 92634,
    "rotation": [
      [
        0.8641244,
        0.0563366935,
        0.5001152
      ],
      [
        -0.253098547,
        0.9075576,
        0.335082471
      ],
      [
        -0.435005933,
        -0.416131377,
        0.798501432
      ]
    ],
    "translation": [
      2.151275,
      0.921905935,
      -0.8027885
    ]
  },
  {
    "timeStamp": 92690,
    "rotation": [
      [
        0.934154,
        0.00150989706,
        0.356867015
      ],
      [
        -0.119511314,
        0.943573356,
        0.3088469
      ],
      [
        -0.336263865,
        -0.3311602,
        0.881623268
      ]
    ],
    "translation": [
      2.16594,
      0.9100801,
      -0.808240354
    ]
  },
  {
    "timeStamp": 92736,
    "rotation": [
      [
        0.961395442,
        -0.0249487851,
        0.274037033
      ],
      [
        -0.05440895,
        0.9589842,
        0.2781887
      ],
      [
        -0.269737661,
        -0.282359421,
        0.920605659
      ]
    ],
    "translation": [
      2.175563,
      0.9040555,
      -0.8113181
    ]
  },
  {
    "timeStamp": 92793,
    "rotation": [
      [
        0.9789511,
        -0.05590378,
        0.196289122
      ],
      [
        0.004848634,
        0.967853844,
        0.2514664
      ],
      [
        -0.2040371,
        -0.24522157,
        0.947752655
      ]
    ],
    "translation": [
      2.185693,
      0.898381352,
      -0.8132965
    ]
  },
  {
    "timeStamp": 92837,
    "rotation": [
      [
        0.9851107,
        -0.0734442547,
        0.155444264
      ],
      [
        0.0336091854,
        0.968983233,
        0.24483043
      ],
      [
        -0.16860427,
        -0.235960722,
        0.957024157
      ]
    ],
    "translation": [
      2.19112921,
      0.8940128,
      -0.813435
    ]
  },
  {
    "timeStamp": 92893,
    "rotation": [
      [
        0.989400566,
        -0.09100777,
        0.1131548
      ],
      [
        0.0634977743,
        0.9719397,
        0.226497918
      ],
      [
        -0.1305927,
        -0.216912091,
        0.967416465
      ]
    ],
    "translation": [
      2.195491,
      0.8862779,
      -0.8166866
    ]
  },
  {
    "timeStamp": 92937,
    "rotation": [
      [
        0.991645932,
        -0.0879521444,
        0.0943544954
      ],
      [
        0.06751433,
        0.977194667,
        0.20132643
      ],
      [
        -0.1099098,
        -0.193274245,
        0.974969149
      ]
    ],
    "translation": [
      2.195072,
      0.8792339,
      -0.8204207
    ]
  },
  {
    "timeStamp": 92993,
    "rotation": [
      [
        0.9935785,
        -0.0889702439,
        0.06989994
      ],
      [
        0.07547638,
        0.98143065,
        0.176343724
      ],
      [
        -0.0842912942,
        -0.169935539,
        0.9818436
      ]
    ],
    "translation": [
      2.19381022,
      0.8700552,
      -0.825636148
    ]
  },
  {
    "timeStamp": 93037,
    "rotation": [
      [
        0.9951064,
        -0.0784456357,
        0.0600798763
      ],
      [
        0.0689120144,
        0.9867365,
        0.1469774
      ],
      [
        -0.07081274,
        -0.142117918,
        0.9873135
      ]
    ],
    "translation": [
      2.19181037,
      0.863844633,
      -0.830593944
    ]
  },
  {
    "timeStamp": 93093,
    "rotation": [
      [
        0.995817,
        -0.07599171,
        0.0507327281
      ],
      [
        0.06941526,
        0.9902527,
        0.1207524
      ],
      [
        -0.0594144,
        -0.116725668,
        0.9913854
      ]
    ],
    "translation": [
      2.19129276,
      0.8562638,
      -0.8337174
    ]
  },
  {
    "timeStamp": 93137,
    "rotation": [
      [
        0.995823145,
        -0.0819444358,
        0.04026569
      ],
      [
        0.0782716647,
        0.993250549,
        0.0855969
      ],
      [
        -0.04700811,
        -0.08208771,
        0.9955158
      ]
    ],
    "translation": [
      2.191939,
      0.850258648,
      -0.836840749
    ]
  },
  {
    "timeStamp": 93193,
    "rotation": [
      [
        0.9961736,
        -0.08382689,
        0.0247218031
      ],
      [
        0.0825933143,
        0.9954607,
        0.04729015
      ],
      [
        -0.02857377,
        -0.0450673439,
        0.99857527
      ]
    ],
    "translation": [
      2.19282579,
      0.8450217,
      -0.838742554
    ]
  },
  {
    "timeStamp": 93237,
    "rotation": [
      [
        0.99568224,
        -0.09263251,
        0.00600474
      ],
      [
        0.09248626,
        0.995487332,
        0.0212437063
      ],
      [
        -0.0079455,
        -0.0205966253,
        0.9997563
      ]
    ],
    "translation": [
      2.193916,
      0.842393041,
      -0.839027047
    ]
  },
  {
    "timeStamp": 93293,
    "rotation": [
      [
        0.9957113,
        -0.09233194,
        -0.00581509247
      ],
      [
        0.09219947,
        0.9955403,
        -0.0199674871
      ],
      [
        0.00763279572,
        0.0193457045,
        0.9997837
      ]
    ],
    "translation": [
      2.19512749,
      0.842110336,
      -0.839251459
    ]
  },
  {
    "timeStamp": 93337,
    "rotation": [
      [
        0.9961223,
        -0.0879746452,
        -0.0009364507
      ],
      [
        0.08785681,
        0.9952375,
        -0.042230662
      ],
      [
        0.00464721862,
        0.04198463,
        0.9991075
      ]
    ],
    "translation": [
      2.19623,
      0.842403054,
      -0.8382907
    ]
  },
  {
    "timeStamp": 93393,
    "rotation": [
      [
        0.9950723,
        -0.09806759,
        -0.0146228075
      ],
      [
        0.09655736,
        0.9919551,
        -0.08186458
      ],
      [
        0.02253343,
        0.08004924,
        0.9965362
      ]
    ],
    "translation": [
      2.20018172,
      0.841243267,
      -0.840653062
    ]
  },
  {
    "timeStamp": 93437,
    "rotation": [
      [
        0.9951527,
        -0.09723985,
        -0.014680448
      ],
      [
        0.09526053,
        0.990246356,
        -0.101674631
      ],
      [
        0.0244240854,
        0.0997833163,
        0.9947094
      ]
    ],
    "translation": [
      2.20241141,
      0.840120137,
      -0.8414825
    ]
  },
  {
    "timeStamp": 93492,
    "rotation": [
      [
        0.9951164,
        -0.09796555,
        -0.0120882727
      ],
      [
        0.09584761,
        0.988271654,
        -0.118879676
      ],
      [
        0.02359261,
        0.117140487,
        0.9928351
      ]
    ],
    "translation": [
      2.20501542,
      0.837854862,
      -0.8427372
    ]
  },
  {
    "timeStamp": 93537,
    "rotation": [
      [
        0.9951347,
        -0.09833917,
        -0.00602483563
      ],
      [
        0.0968695059,
        0.98775506,
        -0.122295164
      ],
      [
        0.0179774668,
        0.121116541,
        0.99247545
      ]
    ],
    "translation": [
      2.20702529,
      0.8353736,
      -0.842920065
    ]
  },
  {
    "timeStamp": 93593,
    "rotation": [
      [
        0.9949352,
        -0.100479022,
        0.00282855984
      ],
      [
        0.100014046,
        0.9867303,
        -0.127908185
      ],
      [
        0.0100610638,
        0.127543256,
        0.991782
      ]
    ],
    "translation": [
      2.209404,
      0.8323699,
      -0.8427764
    ]
  },
  {
    "timeStamp": 93637,
    "rotation": [
      [
        0.995332837,
        -0.09587722,
        0.0109615838
      ],
      [
        0.09646725,
        0.9854972,
        -0.139604643
      ],
      [
        0.002582296,
        0.140010521,
        0.990146637
      ]
    ],
    "translation": [
      2.21038246,
      0.8306726,
      -0.84329766
    ]
  },
  {
    "timeStamp": 93693,
    "rotation": [
      [
        0.995607734,
        -0.09277447,
        0.0125767244
      ],
      [
        0.0936090052,
        0.984108031,
        -0.150893211
      ],
      [
        0.00162218232,
        0.151407748,
        0.9884701
      ]
    ],
    "translation": [
      2.211437,
      0.8297836,
      -0.844069242
    ]
  },
  {
    "timeStamp": 93737,
    "rotation": [
      [
        0.9952797,
        -0.0967564955,
        0.00751276175
      ],
      [
        0.09670606,
        0.9823095,
        -0.160361856
      ],
      [
        0.008136194,
        0.160331428,
        0.9870297
      ]
    ],
    "translation": [
      2.212597,
      0.8289959,
      -0.8453935
    ]
  },
  {
    "timeStamp": 93792,
    "rotation": [
      [
        0.995081365,
        -0.0989174,
        0.0053277337
      ],
      [
        0.09837298,
        0.9804155,
        -0.170611024
      ],
      [
        0.0116530061,
        0.170295954,
        0.9853241
      ]
    ],
    "translation": [
      2.21371531,
      0.8282858,
      -0.846652
    ]
  },
  {
    "timeStamp": 93837,
    "rotation": [
      [
        0.994546831,
        -0.104250692,
        0.002912823
      ],
      [
        0.102947094,
        0.97687453,
        -0.187398329
      ],
      [
        0.0166909415,
        0.186676279,
        0.982279658
      ]
    ],
    "translation": [
      2.214468,
      0.8273895,
      -0.8475368
    ]
  },
  {
    "timeStamp": 93892,
    "rotation": [
      [
        0.992656052,
        -0.120968632,
        -0.000738512957
      ],
      [
        0.117922992,
        0.968989551,
        -0.217148438
      ],
      [
        0.02698376,
        0.215466619,
        0.9761383
      ]
    ],
    "translation": [
      2.21526742,
      0.82614255,
      -0.850234
    ]
  }
]