[
  {
    "timeStamp": 95792,
    "rotation": [
      [
        0.9998864,
        0.0131509835,
        0.00737273
      ],
      [
        -0.0127338674,
        0.998458564,
        -0.0540223233
      ],
      [
        -0.008071812,
        0.053922303,
        0.998512566
      ]
    ],
    "translation": [
      1.30744565,
      0.696923435,
      -0.49228248
    ]
  },
  {
    "timeStamp": 95836,
    "rotation": [
      [
        0.9999467,
        -0.007339793,
        0.00725874072
      ],
      [
        0.007905044,
        0.996667862,
        -0.08118309
      ],
      [
        -0.006638686,
        0.08123615,
        0.99667275
      ]
    ],
    "translation": [
      1.31122375,
      0.6993767,
      -0.4963564
    ]
  },
  {
    "timeStamp": 95892,
    "rotation": [
      [
        0.9998248,
        -0.005486141,
        -0.01789602
      ],
      [
        0.00349468063,
        0.993984044,
        -0.109469466
      ],
      [
        0.0183889233,
        0.109387748,
        0.9938291
      ]
    ],
    "translation": [
      1.31614017,
      0.708060265,
      -0.5087579
    ]
  },
  {
    "timeStamp": 95936,
    "rotation": [
      [
        0.998756051,
        0.0248398632,
        -0.04323616
      ],
      [
        -0.0297683664,
        0.9926431,
        -0.117360495
      ],
      [
        0.04000286,
        0.118501574,
        0.992147744
      ]
    ],
    "translation": [
      1.31767809,
      0.721338749,
      -0.5233496
    ]
  },
  {
    "timeStamp": 95991,
    "rotation": [
      [
        0.9925145,
        0.0682802051,
        -0.10125605
      ],
      [
        -0.0836763,
        0.984114766,
        -0.15657714
      ],
      [
        0.08895646,
        0.163877815,
        0.9824616
      ]
    ],
    "translation": [
      1.32363391,
      0.742783248,
      -0.55449146
    ]
  },
  {
    "timeStamp": 96036,
    "rotation": [
      [
        0.9814793,
        0.0677432045,
        -0.179190651
      ],
      [
        -0.101612389,
        0.9770554,
        -0.187183872
      ],
      [
        0.162398741,
        0.201925084,
        0.9658431
      ]
    ],
    "translation": [
      1.33490694,
      0.755995452,
      -0.5908201
    ]
  },
  {
    "timeStamp": 96091,
    "rotation": [
      [
        0.9603548,
        0.0834306851,
        -0.266003668
      ],
      [
        -0.142797828,
        0.9667057,
        -0.212341651
      ],
      [
        0.239431441,
        0.241908073,
        0.940294147
      ]
    ],
    "translation": [
      1.35418117,
      0.7740819,
      -0.6392177
    ]
  },
  {
    "timeStamp": 96136,
    "rotation": [
      [
        0.952221453,
        0.09435477,
        -0.29046753
      ],
      [
        -0.171487868,
        0.9521799,
        -0.2528741
      ],
      [
        0.252717465,
        0.290603817,
        0.9228669
      ]
    ],
    "translation": [
      1.37159765,
      0.7870648,
      -0.676292658
    ]
  },
  {
    "timeStamp": 96191,
    "rotation": [
      [
        0.9469913,
        0.100716233,
        -0.305063546
      ],
      [
        -0.1941947,
        0.935921848,
        -0.293834448
      ],
      [
        0.255921751,
        0.3375004,
        0.9058684
      ]
    ],
    "translation": [
      1.397075,
      0.7985283,
      -0.72041
    ]
  },
  {
    "timeStamp": 96236,
    "rotation": [
      [
        0.947674155,
        0.106183924,
        -0.301062346
      ],
      [
        -0.206233039,
        0.9234944,
        -0.3234595
      ],
      [
        0.243683174,
        0.368623227,
        0.897070467
      ]
    ],
    "translation": [
      1.41901183,
      0.8057891,
      -0.7538541
    ]
  },
  {
    "timeStamp": 96291,
    "rotation": [
      [
        0.951403141,
        0.1305654,
        -0.278899163
      ],
      [
        -0.229763329,
        0.903981268,
        -0.360592246
      ],
      [
        0.205038726,
        0.4071494,
        0.890049756
      ]
    ],
    "translation": [
      1.44703937,
      0.8157456,
      -0.790053368
    ]
  },
  {
    "timeStamp": 96336,
    "rotation": [
      [
        0.9574543,
        0.161049038,
        -0.239466831
      ],
      [
        -0.246263787,
        0.888568759,
        -0.387039751
      ],
      [
        0.150450364,
        0.4295449,
        0.89042455
      ]
    ],
    "translation": [
      1.46956313,
      0.824076951,
      -0.811671853
    ]
  },
  {
    "timeStamp": 96391,
    "rotation": [
      [
        0.9613714,
        0.2098163,
        -0.178163245
      ],
      [
        -0.266478121,
        0.8715956,
        -0.411473542
      ],
      [
        0.06895244,
        0.4430555,
        0.8938386
      ]
    ],
    "translation": [
      1.49845707,
      0.835012,
      -0.830040634
    ]
  },
  {
    "timeStamp": 96436,
    "rotation": [
      [
        0.9607105,
        0.25238353,
        -0.115489982
      ],
      [
        -0.277431369,
        0.8609183,
        -0.426440567
      ],
      [
        -0.008199141,
        0.441726476,
        0.8971123
      ]
    ],
    "translation": [
      1.5215832,
      0.844168,
      -0.836999238
    ]
  },
  {
    "timeStamp": 96491,
    "rotation": [
      [
        0.9480517,
        0.315525234,
        -0.04051882
      ],
      [
        -0.302227765,
        0.853614151,
        -0.424265444
      ],
      [
        -0.0992790163,
        0.414471477,
        0.90463084
      ]
    ],
    "translation": [
      1.55246842,
      0.85781467,
      -0.8375151
    ]
  },
  {
    "timeStamp": 96536,
    "rotation": [
      [
        0.9286402,
        0.3695591,
        0.0324577
      ],
      [
        -0.3256945,
        0.8540415,
        -0.405630529
      ],
      [
        -0.177624688,
        0.3661135,
        0.9134607
      ]
    ],
    "translation": [
      1.57822633,
      0.870170534,
      -0.829532564
    ]
  },
  {
    "timeStamp": 96591,
    "rotation": [
      [
        0.8885534,
        0.437448174,
        0.138246134
      ],
      [
        -0.360285133,
        0.851920247,
        -0.380034983
      ],
      [
        -0.284020275,
        0.287873358,
        0.91458267
      ]
    ],
    "translation": [
      1.61464512,
      0.888854444,
      -0.8097294
    ]
  },
  {
    "timeStamp": 96636,
    "rotation": [
      [
        0.844367266,
        0.482994229,
        0.2318632
      ],
      [
        -0.3976226,
        0.854984939,
        -0.333012134
      ],
      [
        -0.35908246,
        0.1889905,
        0.9139707
      ]
    ],
    "translation": [
      1.648108,
      0.9079136,
      -0.7887102
    ]
  },
  {
    "timeStamp": 96691,
    "rotation": [
      [
        0.7817583,
        0.51883,
        0.3459327
      ],
      [
        -0.449655,
        0.853376865,
        -0.263739139
      ],
      [
        -0.4320467,
        0.0506299064,
        0.900428951
      ]
    ],
    "translation": [
      1.69701529,
      0.9352132,
      -0.760871053
    ]
  },
  {
    "timeStamp": 96736,
    "rotation": [
      [
        0.742458761,
        0.5119547,
        0.432038546
      ],
      [
        -0.481243849,
        0.8562687,
        -0.187638611
      ],
      [
        -0.4660036,
        -0.0686019659,
        0.882119238
      ]
    ],
    "translation": [
      1.74074459,
      0.957433,
      -0.741076
    ]
  },
  {
    "timeStamp": 96791,
    "rotation": [
      [
        0.710252166,
        0.472704381,
        0.521624744
      ],
      [
        -0.5088206,
        0.856801,
        -0.0836283639
      ],
      [
        -0.48646006,
        -0.2060162,
        0.8490665
      ]
    ],
    "translation": [
      1.80131018,
      0.9839952,
      -0.722792745
    ]
  },
  {
    "timeStamp": 96836,
    "rotation": [
      [
        0.702169,
        0.419440776,
        0.5753504
      ],
      [
        -0.513382852,
        0.8581592,
        0.000929180649
      ],
      [
        -0.493352473,
        -0.296027482,
        0.8179065
      ]
    ],
    "translation": [
      1.8517431,
      1.00082278,
      -0.7145506
    ]
  },
  {
    "timeStamp": 96891,
    "rotation": [
      [
        0.7182566,
        0.313141018,
        0.621329367
      ],
      [
        -0.473024756,
        0.874648631,
        0.10600622
      ],
      [
        -0.51025,
        -0.370043844,
        0.7763456
      ]
    ],
    "translation": [
      1.91720891,
      1.0105871,
      -0.7113136
    ]
  },
  {
    "timeStamp": 96936,
    "rotation": [
      [
        0.7598087,
        0.18560034,
        0.623091638
      ],
      [
        -0.398918718,
        0.889860868,
        0.221385464
      ],
      [
        -0.5133756,
        -0.4167735,
        0.7501635
      ]
    ],
    "translation": [
      1.97010565,
      1.00906169,
      -0.7144968
    ]
  },
  {
    "timeStamp": 97000,
    "rotation": [
      [
        0.7941577,
        0.052923657,
        0.6054029
      ],
      [
        -0.306486368,
        0.895110846,
        0.323794216
      ],
      [
        -0.5247663,
        -0.4426914,
        0.7270795
      ]
    ],
    "translation": [
      2.034659,
      0.9993144,
      -0.7228833
    ]
  },
  {
    "timeStamp": 97035,
    "rotation": [
      [
        0.822303653,
        -0.0119528947,
        0.568923354
      ],
      [
        -0.218309239,
        0.9166531,
        0.3347958
      ],
      [
        -0.5255071,
        -0.399505049,
        0.7511578
      ]
    ],
    "translation": [
      2.07615018,
      0.9861756,
      -0.7363916
    ]
  },
  {
    "timeStamp": 97086,
    "rotation": [
      [
        0.8779027,
        -0.07529269,
        0.4728825
      ],
      [
        -0.107251219,
        0.931551,
        0.347433269
      ],
      [
        -0.466673374,
        -0.355729818,
        0.8097359
      ]
    ],
    "translation": [
      2.11653233,
      0.967187,
      -0.7604005
    ]
  },
  {
    "timeStamp": 97141,
    "rotation": [
      [
        0.9180958,
        -0.102845676,
        0.382782966
      ],
      [
        -0.00467751129,
        0.962870836,
        0.2699219
      ],
      [
        -0.396330863,
        -0.249604642,
        0.8835266
      ]
    ],
    "translation": [
      2.14505816,
      0.946509957,
      -0.78791064
    ]
  },
  {
    "timeStamp": 97186,
    "rotation": [
      [
        0.942178965,
        -0.126227081,
        0.310427845
      ],
      [
        0.0614746772,
        0.9757297,
        0.210172385
      ],
      [
        -0.3294231,
        -0.178936556,
        0.9270718
      ]
    ],
    "translation": [
      2.162372,
      0.931220949,
      -0.806728
    ]
  },
  {
    "timeStamp": 97241,
    "rotation": [
      [
        0.961287141,
        -0.144366,
        0.23470287
      ],
      [
        0.119297653,
        0.985847652,
        0.11778114
      ],
      [
        -0.248384878,
        -0.08522199,
        0.9649052
      ]
    ],
    "translation": [
      2.17553639,
      0.914167464,
      -0.827934444
    ]
  },
  {
    "timeStamp": 97286,
    "rotation": [
      [
        0.9778856,
        -0.1291703,
        0.1644833
      ],
      [
        0.120845132,
        0.9908748,
        0.0596953221
      ],
      [
        -0.170693234,
        -0.03849819,
        0.9845718
      ]
    ],
    "translation": [
      2.18096447,
      0.906611741,
      -0.841379046
    ]
  },
  {
    "timeStamp": 97341,
    "rotation": [
      [
        0.974723041,
        -0.147542849,
        0.167767838
      ],
      [
        0.145159066,
        0.9890546,
        0.0264535714
      ],
      [
        -0.169834584,
        -0.00143188518,
        0.985471547
      ]
    ],
    "translation": [
      2.18870926,
      0.8944705,
      -0.842509449
    ]
  },
  {
    "timeStamp": 97386,
    "rotation": [
      [
        0.9796956,
        -0.142477334,
        0.141055346
      ],
      [
        0.145607933,
        0.989268661,
        -0.0120739555
      ],
      [
        -0.137821361,
        0.03236758,
        0.989928067
      ]
    ],
    "translation": [
      2.19237018,
      0.8869737,
      -0.8446129
    ]
  },
  {
    "timeStamp": 97442,
    "rotation": [
      [
        0.979763865,
        -0.153782338,
        0.128116459
      ],
      [
        0.1614336,
        0.9855344,
        -0.051586125
      ],
      [
        -0.118330151,
        0.0712245256,
        0.990416646
      ]
    ],
    "translation": [
      2.19679475,
      0.875397444,
      -0.8451691
    ]
  },
  {
    "timeStamp": 97488,
    "rotation": [
      [
        0.980992556,
        -0.152373374,
        0.120150276
      ],
      [
        0.163782343,
        0.98223716,
        -0.0915726051
      ],
      [
        -0.10406284,
        0.109510534,
        0.988523364
      ]
    ],
    "translation": [
      2.19761539,
      0.868077159,
      -0.8465044
    ]
  },
  {
    "timeStamp": 97534,
    "rotation": [
      [
        0.98208,
        -0.1625774,
        0.09532876
      ],
      [
        0.173566908,
        0.9773192,
        -0.121333428
      ],
      [
        -0.07344055,
        0.135705039,
        0.988023639
      ]
    ],
    "translation": [
      2.198286,
      0.8608393,
      -0.849129558
    ]
  },
  {
    "timeStamp": 97590,
    "rotation": [
      [
        0.9800601,
        -0.184669822,
        0.07334374
      ],
      [
        0.194387138,
        0.9675747,
        -0.161284685
      ],
      [
        -0.04118114,
        0.17232576,
        0.9841788
      ]
    ],
    "translation": [
      2.20048833,
      0.851966262,
      -0.850984335
    ]
  },
  {
    "timeStamp": 97635,
    "rotation": [
      [
        0.972443461,
        -0.223418862,
        0.06661675
      ],
      [
        0.232310325,
        0.9526578,
        -0.196150765
      ],
      [
        -0.0196391847,
        0.206221282,
        0.9783083
      ]
    ],
    "translation": [
      2.20376062,
      0.843602538,
      -0.853686154
    ]
  }
]