[
  {
    "timeStamp": 25647,
    "rotation": [
      [
        0.9981655,
        0.0129867662,
        0.0591342524
      ],
      [
        0.056850668,
        0.13484779,
        -0.9892341
      ],
      [
        -0.02082107,
        0.9907812,
        0.133862123
      ]
    ],
    "translation": [
      1.76936865,
      0.6966592,
      -0.360513151
    ]
  },
  {
    "timeStamp": 25702,
    "rotation": [
      [
        0.9972629,
        0.0363968424,
        0.06435876
      ],
      [
        0.0580169037,
        0.154389188,
        -0.986305237
      ],
      [
        -0.04583469,
        0.9873395,
        0.151854977
      ]
    ],
    "translation": [
      1.77534354,
      0.7018571,
      -0.3575191
    ]
  },
  {
    "timeStamp": 25747,
    "rotation": [
      [
        0.998143554,
        0.0388496146,
        0.0469052866
      ],
      [
        0.03968482,
        0.169349208,
        -0.9847568
      ],
      [
        -0.0462007858,
        0.9847901,
        0.16749309
      ]
    ],
    "translation": [
      1.78029954,
      0.7118407,
      -0.360102832
    ]
  },
  {
    "timeStamp": 25801,
    "rotation": [
      [
        0.998976,
        0.0348674543,
        0.0288298633
      ],
      [
        0.021610219,
        0.192098245,
        -0.981137753
      ],
      [
        -0.0397479348,
        0.9807561,
        0.191148043
      ]
    ],
    "translation": [
      1.78991246,
      0.729368746,
      -0.369128823
    ]
  },
  {
    "timeStamp": 25846,
    "rotation": [
      [
        0.9984324,
        0.055854883,
        0.00361204147
      ],
      [
        -0.008652175,
        0.217775449,
        -0.975960553
      ],
      [
        -0.0552987754,
        0.9743994,
        0.217917308
      ]
    ],
    "translation": [
      1.79880059,
      0.748649836,
      -0.3744162
    ]
  },
  {
    "timeStamp": 25902,
    "rotation": [
      [
        0.9944869,
        0.0942546,
        -0.0459550545
      ],
      [
        -0.06705864,
        0.23472856,
        -0.969745159
      ],
      [
        -0.08061598,
        0.9674806,
        0.239755064
      ]
    ],
    "translation": [
      1.81167924,
      0.7802159,
      -0.3849622
    ]
  },
  {
    "timeStamp": 25946,
    "rotation": [
      [
        0.9919806,
        0.11043518,
        -0.06147026
      ],
      [
        -0.09024011,
        0.278317928,
        -0.9562405
      ],
      [
        -0.08849431,
        0.9541191,
        0.286051661
      ]
    ],
    "translation": [
      1.828007,
      0.804861844,
      -0.3934606
    ]
  },
  {
    "timeStamp": 26002,
    "rotation": [
      [
        0.9835331,
        0.154851571,
        -0.09318611
      ],
      [
        -0.136669978,
        0.299897343,
        -0.9441308
      ],
      [
        -0.118253872,
        0.9413196,
        0.316122532
      ]
    ],
    "translation": [
      1.85024273,
      0.838705838,
      -0.407530457
    ]
  },
  {
    "timeStamp": 26046,
    "rotation": [
      [
        0.9763979,
        0.17952,
        -0.120082572
      ],
      [
        -0.173399433,
        0.32009992,
        -0.93138
      ],
      [
        -0.1287629,
        0.93021965,
        0.343673527
      ]
    ],
    "translation": [
      1.87070358,
      0.8684302,
      -0.422002465
    ]
  },
  {
    "timeStamp": 26102,
    "rotation": [
      [
        0.9716954,
        0.1811006,
        -0.151692316
      ],
      [
        -0.206037253,
        0.3355452,
        -0.919216037
      ],
      [
        -0.115570977,
        0.924452245,
        0.3633612
      ]
    ],
    "translation": [
      1.89945328,
      0.902449,
      -0.445820272
    ]
  },
  {
    "timeStamp": 26146,
    "rotation": [
      [
        0.971746564,
        0.170472682,
        -0.163241282
      ],
      [
        -0.214368984,
        0.348042667,
        -0.9126403
      ],
      [
        -0.0987653062,
        0.9218489,
        0.374753326
      ]
    ],
    "translation": [
      1.92450082,
      0.924621046,
      -0.466858685
    ]
  },
  {
    "timeStamp": 26201,
    "rotation": [
      [
        0.9725994,
        0.172314584,
        -0.156070679
      ],
      [
        -0.209865734,
        0.361879379,
        -0.9082949
      ],
      [
        -0.100033686,
        0.916161,
        0.3881266
      ]
    ],
    "translation": [
      1.95801914,
      0.9451823,
      -0.490811855
    ]
  },
  {
    "timeStamp": 26246,
    "rotation": [
      [
        0.977472961,
        0.148884922,
        -0.149598867
      ],
      [
        -0.195155472,
        0.367625982,
        -0.9092665
      ],
      [
        -0.08037965,
        0.917978466,
        0.388400167
      ]
    ],
    "translation": [
      1.984662,
      0.9559233,
      -0.5129614
    ]
  },
  {
    "timeStamp": 26302,
    "rotation": [
      [
        0.9850974,
        0.113967538,
        -0.128819615
      ],
      [
        -0.162787989,
        0.375998348,
        -0.912209034
      ],
      [
        -0.0555262566,
        0.919585049,
        0.388947546
      ]
    ],
    "translation": [
      2.01808953,
      0.9614141,
      -0.5381385
    ]
  },
  {
    "timeStamp": 26346,
    "rotation": [
      [
        0.9923393,
        0.07300013,
        -0.09966757
      ],
      [
        -0.1201676,
        0.383081883,
        -0.9158646
      ],
      [
        -0.02867738,
        0.920825243,
        0.388919473
      ]
    ],
    "translation": [
      2.04646587,
      0.959844,
      -0.5579585
    ]
  },
  {
    "timeStamp": 26401,
    "rotation": [
      [
        0.996173263,
        0.0332864262,
        -0.08081367
      ],
      [
        -0.08740026,
        0.377553552,
        -0.92185384
      ],
      [
        -0.000173727327,
        0.9253893,
        0.379017979
      ]
    ],
    "translation": [
      2.07879114,
      0.9565653,
      -0.5804164
    ]
  },
  {
    "timeStamp": 26452,
    "rotation": [
      [
        0.9987503,
        0.03347251,
        -0.03711336
      ],
      [
        -0.0466340445,
        0.3570807,
        -0.9329087
      ],
      [
        -0.017974332,
        0.933473647,
        0.3581954
      ]
    ],
    "translation": [
      2.10948467,
      0.9500229,
      -0.5971644
    ]
  },
  {
    "timeStamp": 26496,
    "rotation": [
      [
        0.999893248,
        0.0115344757,
        -0.008968075
      ],
      [
        -0.0124573652,
        0.3523095,
        -0.9358006
      ],
      [
        -0.00763443,
        0.9358124,
        0.3524156
      ]
    ],
    "translation": [
      2.129919,
      0.9414523,
      -0.611234367
    ]
  },
  {
    "timeStamp": 26551,
    "rotation": [
      [
        0.9994308,
        -0.00692991167,
        0.0330170952
      ],
      [
        0.0334603451,
        0.32858327,
        -0.9438821
      ],
      [
        -0.00430784654,
        0.9444496,
        0.3286281
      ]
    ],
    "translation": [
      2.15204453,
      0.9283254,
      -0.627803862
    ]
  },
  {
    "timeStamp": 26596,
    "rotation": [
      [
        0.9990522,
        -0.022275703,
        0.037394572
      ],
      [
        0.04255345,
        0.319210082,
        -0.9467281
      ],
      [
        0.009152308,
        0.9474221,
        0.319855481
      ]
    ],
    "translation": [
      2.1648376,
      0.919835567,
      -0.63803196
    ]
  },
  {
    "timeStamp": 26652,
    "rotation": [
      [
        0.9984213,
        -0.02170869,
        0.05180469
      ],
      [
        0.0559673533,
        0.306345642,
        -0.950273633
      ],
      [
        0.00475904951,
        0.9516728,
        0.307077
      ]
    ],
    "translation": [
      2.17776227,
      0.909935832,
      -0.6453476
    ]
  },
  {
    "timeStamp": 26696,
    "rotation": [
      [
        0.9979667,
        -0.0358399972,
        0.0527069531
      ],
      [
        0.0610321239,
        0.298951775,
        -0.9523145
      ],
      [
        0.0183741078,
        0.953595,
        0.3005313
      ]
    ],
    "translation": [
      2.18500519,
      0.9027978,
      -0.6502811
    ]
  },
  {
    "timeStamp": 26751,
    "rotation": [
      [
        0.9978955,
        -0.0352699421,
        0.05441224
      ],
      [
        0.0626977757,
        0.310746938,
        -0.948422551
      ],
      [
        0.0165423732,
        0.9498381,
        0.3123043
      ]
    ],
    "translation": [
      2.190716,
      0.895734251,
      -0.6498117
    ]
  },
  {
    "timeStamp": 26796,
    "rotation": [
      [
        0.997806132,
        -0.03899327,
        0.05350086
      ],
      [
        0.06294073,
        0.3081963,
        -0.94923836
      ],
      [
        0.0205251351,
        0.950523257,
        0.309974462
      ]
    ],
    "translation": [
      2.19270515,
      0.890970349,
      -0.649889648
    ]
  },
  {
    "timeStamp": 26853,
    "rotation": [
      [
        0.997918,
        -0.04590821,
        0.04529964
      ],
      [
        0.0571892336,
        0.305152923,
        -0.9505846
      ],
      [
        0.0298163127,
        0.951196134,
        0.307143033
      ]
    ],
    "translation": [
      2.19348168,
      0.8854652,
      -0.6497383
    ]
  },
  {
    "timeStamp": 26898,
    "rotation": [
      [
        0.997565269,
        -0.05338118,
        0.04487598
      ],
      [
        0.0589521229,
        0.301712036,
        -0.951574743
      ],
      [
        0.0372565575,
        0.951903462,
        0.3041244
      ]
    ],
    "translation": [
      2.19450855,
      0.87999773,
      -0.6493232
    ]
  },
  {
    "timeStamp": 26944,
    "rotation": [
      [
        0.996802866,
        -0.0604737476,
        0.0522211
      ],
      [
        0.06849705,
        0.3102696,
        -0.9481777
      ],
      [
        0.04113724,
        0.9487232,
        0.313419878
      ]
    ],
    "translation": [
      2.19632483,
      0.8741702,
      -0.6468259
    ]
  },
  {
    "timeStamp": 27001,
    "rotation": [
      [
        0.9965579,
        -0.06402689,
        0.0526592
      ],
      [
        0.06991638,
        0.307822347,
        -0.9488715
      ],
      [
        0.04454362,
        0.9492871,
        0.3112393
      ]
    ],
    "translation": [
      2.19726,
      0.8689708,
      -0.645392835
    ]
  },
  {
    "timeStamp": 27045,
    "rotation": [
      [
        0.996059,
        -0.07006415,
        0.0543816835
      ],
      [
        0.07382127,
        0.315063328,
        -0.9461953
      ],
      [
        0.049160704,
        0.9464809,
        0.3189939
      ]
    ],
    "translation": [
      2.19854331,
      0.865374446,
      -0.6437923
    ]
  },
  {
    "timeStamp": 27101,
    "rotation": [
      [
        0.99611944,
        -0.07177126,
        0.0509406179
      ],
      [
        0.07125486,
        0.317914963,
        -0.9454379
      ],
      [
        0.05166048,
        0.9453988,
        0.3217953
      ]
    ],
    "translation": [
      2.19879627,
      0.862252831,
      -0.6416114
    ]
  },
  {
    "timeStamp": 27145,
    "rotation": [
      [
        0.995991647,
        -0.0754401758,
        0.04805652
      ],
      [
        0.06974659,
        0.318650723,
        -0.945302665
      ],
      [
        0.0560005568,
        0.944865346,
        0.322635144
      ]
    ],
    "translation": [
      2.198648,
      0.8602658,
      -0.6402994
    ]
  },
  {
    "timeStamp": 27201,
    "rotation": [
      [
        0.9960397,
        -0.07593402,
        0.04624954
      ],
      [
        0.06847282,
        0.323318571,
        -0.9438096
      ],
      [
        0.056713935,
        0.9432387,
        0.327237517
      ]
    ],
    "translation": [
      2.19821978,
      0.857527852,
      -0.6373742
    ]
  },
  {
    "timeStamp": 27245,
    "rotation": [
      [
        0.99536103,
        -0.08079171,
        0.0522414967
      ],
      [
        0.0759526,
        0.3265466,
        -0.9421245
      ],
      [
        0.05905657,
        0.941721857,
        0.331168115
      ]
    ],
    "translation": [
      2.19857669,
      0.854738653,
      -0.635402441
    ]
  },
  {
    "timeStamp": 27301,
    "rotation": [
      [
        0.9935529,
        -0.09142365,
        0.0670406446
      ],
      [
        0.09439369,
        0.339593738,
        -0.9358237
      ],
      [
        0.062789835,
        0.936118543,
        0.346034169
      ]
    ],
    "translation": [
      2.19932318,
      0.850255,
      -0.6327236
    ]
  }
]