[
  {
    "id": "100 half egg carton(Clone)-31666",
    "pickRotation": [
      [
        0.07907178,
        -0.0431348644,
        0.995935261
      ],
      [
        0.0400579646,
        -0.998119,
        -0.046409823
      ],
      [
        0.996063769,
        0.04356485,
        -0.07719515
      ]
    ],
    "pickTranslation": [
      -0.07132503,
      0.0406020842,
      0.0004896223
    ],
    "placeRotation": [
      [
        -0.006423794,
        -0.0143186348,
        -0.999876857
      ],
      [
        0.0015574852,
        0.999896169,
        -0.0143289166
      ],
      [
        0.9999782,
        -0.00164933933,
        -0.006400826
      ]
    ],
    "placeTranslation": [
      -0.913663447,
      0.190534681,
      0.500971735
    ]
  },
  {
    "id": "100 half egg carton(Clone)-32086",
    "pickRotation": [
      [
        0.031078741,
        -0.0335256346,
        0.9989545
      ],
      [
        0.0927575,
        -0.995027542,
        -0.03627965
      ],
      [
        0.995203555,
        0.09378804,
        -0.02781445
      ]
    ],
    "pickTranslation": [
      -0.07039642,
      0.04154437,
      -0.00447189156
    ],
    "placeRotation": [
      [
        0.0400752164,
        0.007090008,
        -0.999171555
      ],
      [
        0.0406967327,
        0.9991335,
        0.00872202
      ],
      [
        0.998367548,
        -0.04101255,
        0.03975195
      ]
    ],
    "placeTranslation": [
      -0.94529736,
      0.591539145,
      0.5482748
    ]
  },
  {
    "id": "100 half egg carton(Clone)-32098",
    "pickRotation": [
      [
        0.198435,
        -0.130957186,
        0.971325755
      ],
      [
        0.007909505,
        -0.990787148,
        -0.1351969
      ],
      [
        0.980082154,
        0.0345105,
        -0.195571035
      ]
    ],
    "pickTranslation": [
      -0.07303847,
      0.0320324,
      -0.0003823861
    ],
    "placeRotation": [
      [
        0.008518004,
        0.067946665,
        -0.9976526
      ],
      [
        -0.05930865,
        0.995966733,
        0.06732547
      ],
      [
        0.9982033,
        0.0585959479,
        0.0125134746
      ]
    ],
    "placeTranslation": [
      -0.928034663,
      0.273295879,
      -0.4755637
    ]
  },
  {
    "id": "100 half egg carton(Clone)-32026",
    "pickRotation": [
      [
        0.11397393,
        -0.163937032,
        0.979864538
      ],
      [
        0.133809373,
        -0.974771559,
        -0.1786491
      ],
      [
        0.9844313,
        0.1514764,
        -0.08916223
      ]
    ],
    "pickTranslation": [
      -0.0665770844,
      0.04278364,
      -0.00592392031
    ],
    "placeRotation": [
      [
        0.00127343263,
        -0.007017,
        -0.9999746
      ],
      [
        0.0292595327,
        0.9995475,
        -0.0069767423
      ],
      [
        0.999571,
        -0.0292499047,
        0.00147817063
      ]
    ],
    "placeTranslation": [
      -0.92897284,
      0.6072611,
      -0.5101595
    ]
  },
  {
    "id": "103 toothpaste(Clone)-32050",
    "pickRotation": [
      [
        -0.178534865,
        -0.0125764124,
        -0.983853161
      ],
      [
        -0.949749231,
        -0.2590765,
        0.175657928
      ],
      [
        -0.2571024,
        0.9657749,
        0.034309756
      ]
    ],
    "pickTranslation": [
      -0.00147000165,
      0.0338593,
      -0.0306204781
    ],
    "placeRotation": [
      [
        0.9933232,
        -0.06428497,
        0.09579369
      ],
      [
        0.109473221,
        0.2632867,
        -0.95848614
      ],
      [
        0.03639504,
        0.9625734,
        0.268566281
      ]
    ],
    "placeTranslation": [
      -0.6579912,
      0.8608319,
      0.09172619
    ]
  },
  {
    "id": "103 toothpaste(Clone)-32126",
    "pickRotation": [
      [
        -0.161927179,
        -0.004454397,
        -0.9867927
      ],
      [
        -0.982268333,
        0.09648091,
        0.160749257
      ],
      [
        0.09449062,
        0.99532485,
        -0.0199982971
      ]
    ],
    "pickTranslation": [
      0.00639447942,
      0.0143320654,
      -0.0375092551
    ],
    "placeRotation": [
      [
        0.9914658,
        -0.0812888741,
        0.101920024
      ],
      [
        0.115121141,
        0.179045781,
        -0.977082253
      ],
      [
        0.0611775629,
        0.9804768,
        0.186875835
      ]
    ],
    "placeTranslation": [
      -0.436724424,
      0.8075863,
      0.133968174
    ]
  },
  {
    "id": "103 toothpaste(Clone)-32412",
    "pickRotation": [
      [
        -0.241995648,
        -0.00748775154,
        -0.9702484
      ],
      [
        -0.9563093,
        -0.1672237,
        0.239809558
      ],
      [
        -0.164044172,
        0.9858905,
        0.0333068036
      ]
    ],
    "pickTranslation": [
      0.0206259,
      0.03201084,
      -0.03876653
    ],
    "placeRotation": [
      [
        0.9934383,
        -0.08720913,
        0.07399297
      ],
      [
        0.100037426,
        0.349012583,
        -0.931763232
      ],
      [
        0.0554337762,
        0.933051348,
        0.355446637
      ]
    ],
    "placeTranslation": [
      -0.2235885,
      0.7704726,
      0.148463637
    ]
  },
  {
    "id": "006 mustard bottle(Clone)-32162",
    "pickRotation": [
      [
        -0.70717597,
        -0.0435679629,
        -0.705694
      ],
      [
        0.7067852,
        -0.07022847,
        -0.7039337
      ],
      [
        -0.0188908521,
        -0.996579051,
        0.0804570839
      ]
    ],
    "pickTranslation": [
      0.0185636748,
      -0.01809971,
      0.1699008
    ],
    "placeRotation": [
      [
        0.913509,
        0.406763375,
        -0.00669981726
      ],
      [
        0.009037527,
        -0.00382622471,
        0.999951839
      ],
      [
        0.406718135,
        -0.9135256,
        -0.007171426
      ]
    ],
    "placeTranslation": [
      0.242849663,
      0.104500696,
      -0.5938986
    ]
  },
  {
    "id": "005 tomato soup can(Clone)-32460",
    "pickRotation": [
      [
        -0.8297239,
        -0.01322533,
        -0.5580173
      ],
      [
        0.5580595,
        -0.0399022475,
        -0.828841
      ],
      [
        -0.0113044521,
        -0.999116063,
        0.04048837
      ]
    ],
    "pickTranslation": [
      0.006918788,
      0.08057325,
      0.106006183
    ],
    "placeRotation": [
      [
        0.9239178,
        -0.3795749,
        -0.04794645
      ],
      [
        0.0528813861,
        0.00257879216,
        0.998597443
      ],
      [
        -0.378918856,
        -0.9251574,
        0.0224550366
      ]
    ],
    "placeTranslation": [
      -0.339253277,
      0.0169857033,
      0.511719465
    ]
  },
  {
    "id": "005 tomato soup can(Clone)-32508",
    "pickRotation": [
      [
        -0.9679105,
        -0.0123325251,
        -0.250992179
      ],
      [
        0.251061827,
        -0.09047175,
        -0.9637338
      ],
      [
        -0.0108224321,
        -0.995822668,
        0.0906648
      ]
    ],
    "pickTranslation": [
      0.0111856712,
      0.08056809,
      0.09889246
    ],
    "placeRotation": [
      [
        0.992295146,
        -0.0872066244,
        -0.08800749
      ],
      [
        0.08746307,
        -0.0100516789,
        0.996117055
      ],
      [
        -0.0877526253,
        -0.9961395,
        -0.00234687352
      ]
    ],
    "placeTranslation": [
      -0.0285530146,
      0.0438660868,
      0.654390037
    ]
  },
  {
    "id": "007 tuna fish can(Clone)-31690",
    "pickRotation": [
      [
        -0.391076922,
        0.0344412141,
        -0.9197133
      ],
      [
        0.915196359,
        -0.09113257,
        -0.392568976
      ],
      [
        -0.0973364,
        -0.995243,
        0.004119371
      ]
    ],
    "pickTranslation": [
      0.0217158124,
      -0.0236147419,
      0.0203043353
    ],
    "placeRotation": [
      [
        0.255996644,
        -0.9637894,
        0.07467123
      ],
      [
        -0.036888,
        0.06744943,
        0.99704057
      ],
      [
        -0.9659736,
        -0.2579935,
        -0.0182854347
      ]
    ],
    "placeTranslation": [
      0.0968630537,
      0.6794684,
      0.244973049
    ]
  },
  {
    "id": "025 mug(Clone)-32198",
    "pickRotation": [
      [
        -0.06596124,
        0.237769827,
        0.9690793
      ],
      [
        -0.997775257,
        -0.006295068,
        -0.06636992
      ],
      [
        -0.009680345,
        -0.971301138,
        0.237656087
      ]
    ],
    "pickTranslation": [
      -0.04008734,
      0.0131842513,
      0.07335491
    ],
    "placeRotation": [
      [
        -0.361508369,
        0.932137,
        -0.02079
      ],
      [
        -0.0124096861,
        0.0174856428,
        0.9997701
      ],
      [
        0.932286263,
        0.361683249,
        0.00524632167
      ]
    ],
    "placeTranslation": [
      0.69122833,
      0.0148561848,
      -0.219052166
    ]
  },
  {
    "id": "014 lemon(Clone)-31654",
    "pickRotation": [
      [
        -0.202612713,
        -0.644958735,
        -0.7368693
      ],
      [
        0.498585433,
        -0.715584457,
        0.48923564
      ],
      [
        -0.842829,
        -0.2682669,
        0.466553539
      ]
    ],
    "pickTranslation": [
      0.0200233534,
      0.03817118,
      0.02170164
    ],
    "placeRotation": [
      [
        0.255566359,
        -0.482365757,
        0.837859869
      ],
      [
        0.49960953,
        0.807844758,
        0.312693417
      ],
      [
        -0.8276933,
        0.33868885,
        0.4474525
      ]
    ],
    "placeTranslation": [
      0.5686118,
      0.409726739,
      -0.283479571
    ]
  },
  {
    "id": "018 plum(Clone)-32448",
    "pickRotation": [
      [
        -0.7046643,
        0.397891,
        -0.587478459
      ],
      [
        -0.7094577,
        -0.382435948,
        0.5919565
      ],
      [
        0.010861285,
        0.833921731,
        0.5517758
      ]
    ],
    "pickTranslation": [
      -0.00509250024,
      0.0258852839,
      -0.004934822
    ],
    "placeRotation": [
      [
        0.4537238,
        0.8908269,
        0.0237103738
      ],
      [
        -0.52932626,
        0.2908147,
        -0.797019839
      ],
      [
        -0.716902,
        0.349076331,
        0.603487551
      ]
    ],
    "placeTranslation": [
      0.639970064,
      0.6337874,
      -0.2879405
    ]
  },
  {
    "id": "012 strawberry(Clone)-32496",
    "pickRotation": [
      [
        -0.940660954,
        -0.315121,
        0.12591964
      ],
      [
        0.32691437,
        -0.941022933,
        0.0871945
      ],
      [
        0.09101645,
        0.1231854,
        0.988201141
      ]
    ],
    "pickTranslation": [
      0.00724924961,
      0.0369819626,
      0.0137329455
    ],
    "placeRotation": [
      [
        0.9788061,
        -0.1962737,
        0.05844019
      ],
      [
        0.187168628,
        0.9731936,
        0.133649558
      ],
      [
        -0.0831055045,
        -0.119878829,
        0.989304066
      ]
    ],
    "placeTranslation": [
      0.500566244,
      0.5903405,
      -0.133554071
    ]
  },
  {
    "id": "008 pudding box(Clone)-32110",
    "pickRotation": [
      [
        0.119577967,
        -0.393752754,
        0.911405444
      ],
      [
        -0.0174011029,
        -0.9186824,
        -0.394613564
      ],
      [
        0.992672265,
        0.0313276276,
        -0.116705909
      ]
    ],
    "pickTranslation": [
      0.0140910894,
      0.06751414,
      0.0275991727
    ],
    "placeRotation": [
      [
        0.0143980831,
        0.0450268947,
        -0.998882
      ],
      [
        0.4175159,
        0.907457232,
        0.04692387
      ],
      [
        0.908555567,
        -0.417724758,
        -0.005733799
      ]
    ],
    "placeTranslation": [
      0.570263743,
      0.330956072,
      -0.6014777
    ]
  },
  {
    "id": "058 golf ball(Clone)-32038",
    "pickRotation": [
      [
        -0.9810879,
        -0.0569042563,
        -0.185009331
      ],
      [
        0.192945987,
        -0.363747865,
        -0.9112954
      ],
      [
        -0.0154401688,
        -0.9297577,
        0.367848068
      ]
    ],
    "pickTranslation": [
      0.007482687,
      -0.02490934,
      0.03071148
    ],
    "placeRotation": [
      [
        0.8994454,
        -0.436320335,
        -0.0249508787
      ],
      [
        0.190991521,
        0.341081947,
        0.9204267
      ],
      [
        -0.3930906,
        -0.832639,
        0.390118062
      ]
    ],
    "placeTranslation": [
      1.00910532,
      0.498547524,
      0.300449371
    ]
  },
  {
    "id": "057 racquetball(Clone)-32174",
    "pickRotation": [
      [
        -0.83495146,
        0.0646636263,
        -0.5465114
      ],
      [
        0.160714015,
        -0.921131253,
        -0.354525238
      ],
      [
        -0.52633363,
        -0.3838434,
        0.7587075
      ]
    ],
    "pickTranslation": [
      0.000385385,
      -0.103881195,
      0.03185592
    ],
    "placeRotation": [
      [
        0.6120719,
        -0.277963042,
        0.7403408
      ],
      [
        -0.0257913843,
        0.9286751,
        0.369996518
      ],
      [
        -0.790381432,
        -0.245558858,
        0.5612468
      ]
    ],
    "placeTranslation": [
      1.03915143,
      1.307003,
      -0.137975216
    ]
  },
  {
    "id": "058 golf ball(Clone)-32484",
    "pickRotation": [
      [
        -0.605207145,
        0.119221777,
        -0.7870899
      ],
      [
        0.6922507,
        -0.409392536,
        -0.5942951
      ],
      [
        -0.393081635,
        -0.9045352,
        0.165235937
      ]
    ],
    "pickTranslation": [
      0.00801541,
      -0.0241214857,
      0.0307971332
    ],
    "placeRotation": [
      [
        0.289730668,
        -0.9371188,
        0.194587991
      ],
      [
        0.0302853324,
        0.21218279,
        0.9767606
      ],
      [
        -0.9566289,
        -0.277104378,
        0.08985682
      ]
    ],
    "placeTranslation": [
      0.8304521,
      0.58981514,
      0.239723742
    ]
  },
  {
    "id": "102 toothbrush(Clone)-31678",
    "pickRotation": [
      [
        -0.191035464,
        -0.10477604,
        -0.975975156
      ],
      [
        -0.04224797,
        -0.992487669,
        0.11481829
      ],
      [
        -0.980673552,
        0.06316733,
        0.18517378
      ]
    ],
    "pickTranslation": [
      -0.009051132,
      0.0161414482,
      0.02920594
    ],
    "placeRotation": [
      [
        0.9923811,
        -0.123165719,
        -0.00315399119
      ],
      [
        0.119458161,
        0.9681436,
        -0.2200633
      ],
      [
        0.03015777,
        0.218009889,
        0.9754805
      ]
    ],
    "placeTranslation": [
      1.05187643,
      0.629342556,
      0.293537319
    ]
  },
  {
    "id": "102 toothbrush(Clone)-32186",
    "pickRotation": [
      [
        -0.269941449,
        -0.07197304,
        -0.9601831
      ],
      [
        -0.026086092,
        -0.9962898,
        0.08201324
      ],
      [
        -0.962523341,
        0.0471861959,
        0.267062426
      ]
    ],
    "pickTranslation": [
      0.04076223,
      0.0170888156,
      0.0275101159
    ],
    "placeRotation": [
      [
        0.970349431,
        -0.232280314,
        0.0668419451
      ],
      [
        0.241171673,
        0.948829532,
        -0.203859732
      ],
      [
        -0.016069008,
        0.213935554,
        0.976715565
      ]
    ],
    "placeTranslation": [
      1.06881893,
      0.727402747,
      0.198266089
    ]
  },
  {
    "id": "101 bread(Clone)-32472",
    "pickRotation": [
      [
        -0.999201536,
        -0.0365218371,
        -0.0161994267
      ],
      [
        0.0343888775,
        -0.99257946,
        0.1166342
      ],
      [
        -0.0203389116,
        0.115983993,
        0.9930428
      ]
    ],
    "pickTranslation": [
      0.0008281535,
      0.05176826,
      -0.02660138
    ],
    "placeRotation": [
      [
        0.134819627,
        -0.0463670753,
        -0.9897847
      ],
      [
        0.126657069,
        0.9915168,
        -0.02919612
      ],
      [
        0.9827419,
        -0.121427022,
        0.139548644
      ]
    ],
    "placeTranslation": [
      0.6814712,
      0.7409056,
      0.0358653963
    ]
  }
]