[
  {
    "timeStamp": 20364,
    "rotation": [
      [
        0.99985373,
        -0.0170650072,
        -0.00116250734
      ],
      [
        0.00149219378,
        0.019319443,
        0.999812245
      ],
      [
        -0.0170393437,
        -0.999667764,
        0.0193420816
      ]
    ],
    "translation": [
      1.6150645,
      0.7050549,
      -0.7457119
    ]
  },
  {
    "timeStamp": 20416,
    "rotation": [
      [
        0.9996192,
        0.0193418022,
        0.0196803138
      ],
      [
        -0.019962728,
        0.0145183131,
        0.9996953
      ],
      [
        0.019050179,
        -0.9997075,
        0.0148989009
      ]
    ],
    "translation": [
      1.60834038,
      0.706194043,
      -0.7527899
    ]
  },
  {
    "timeStamp": 20471,
    "rotation": [
      [
        0.999347031,
        -0.0319491848,
        0.01687513
      ],
      [
        -0.0154638235,
        0.04391666,
        0.9989155
      ],
      [
        -0.0326556452,
        -0.9985242,
        0.0433939323
      ]
    ],
    "translation": [
      1.60369575,
      0.708722532,
      -0.752289653
    ]
  },
  {
    "timeStamp": 20515,
    "rotation": [
      [
        0.996588767,
        -0.0443331227,
        0.0696096
      ],
      [
        -0.06740841,
        0.04934893,
        0.9965043
      ],
      [
        -0.0476132855,
        -0.997797251,
        0.0461921655
      ]
    ],
    "translation": [
      1.59605968,
      0.7206471,
      -0.751518667
    ]
  },
  {
    "timeStamp": 20571,
    "rotation": [
      [
        0.993703663,
        -0.0571228378,
        0.09638454
      ],
      [
        -0.09564624,
        0.0155272922,
        0.9952943
      ],
      [
        -0.0583506227,
        -0.9982464,
        0.009965942
      ]
    ],
    "translation": [
      1.59550488,
      0.7357663,
      -0.745521367
    ]
  },
  {
    "timeStamp": 20615,
    "rotation": [
      [
        0.985846639,
        -0.117776655,
        0.119311236
      ],
      [
        -0.121387906,
        -0.0105933491,
        0.992548645
      ],
      [
        -0.115635157,
        -0.992983639,
        -0.0247400776
      ]
    ],
    "translation": [
      1.60079026,
      0.7507254,
      -0.7345666
    ]
  },
  {
    "timeStamp": 20671,
    "rotation": [
      [
        0.964879036,
        -0.213196889,
        0.153478041
      ],
      [
        -0.16064392,
        -0.01659799,
        0.986872852
      ],
      [
        -0.207850784,
        -0.9768682,
        -0.050263837
      ]
    ],
    "translation": [
      1.61703777,
      0.775812,
      -0.720291257
    ]
  },
  {
    "timeStamp": 20716,
    "rotation": [
      [
        0.9359678,
        -0.296434939,
        0.189975142
      ],
      [
        -0.209718689,
        -0.035978552,
        0.9770996
      ],
      [
        -0.282811433,
        -0.954375148,
        -0.09584271
      ]
    ],
    "translation": [
      1.63563609,
      0.8017486,
      -0.705956757
    ]
  },
  {
    "timeStamp": 20772,
    "rotation": [
      [
        0.8676506,
        -0.454791427,
        0.200866
      ],
      [
        -0.241714478,
        -0.0328181721,
        0.9697923
      ],
      [
        -0.434461176,
        -0.889993131,
        -0.138404384
      ]
    ],
    "translation": [
      1.67609286,
      0.8361992,
      -0.682880759
    ]
  },
  {
    "timeStamp": 20817,
    "rotation": [
      [
        0.7807435,
        -0.58902055,
        0.2085531
      ],
      [
        -0.2767597,
        -0.0267377477,
        0.9605671
      ],
      [
        -0.560217559,
        -0.8076756,
        -0.183892488
      ]
    ],
    "translation": [
      1.719332,
      0.8695194,
      -0.663702965
    ]
  },
  {
    "timeStamp": 20863,
    "rotation": [
      [
        0.7202824,
        -0.6677906,
        0.187747017
      ],
      [
        -0.308667451,
        -0.06615983,
        0.9488663
      ],
      [
        -0.6212227,
        -0.7414031,
        -0.253778964
      ]
    ],
    "translation": [
      1.7653532,
      0.9000471,
      -0.652177334
    ]
  },
  {
    "timeStamp": 20918,
    "rotation": [
      [
        0.5879165,
        -0.7928064,
        0.160661921
      ],
      [
        -0.3146831,
        -0.04118436,
        0.9483029
      ],
      [
        -0.745203853,
        -0.608080447,
        -0.273695737
      ]
    ],
    "translation": [
      1.83438313,
      0.9312829,
      -0.6433295
    ]
  },
  {
    "timeStamp": 20963,
    "rotation": [
      [
        0.491589665,
        -0.8650957,
        0.0997453555
      ],
      [
        -0.302971244,
        -0.0625191,
        0.9509468
      ],
      [
        -0.816423953,
        -0.4976956,
        -0.292832851
      ]
    ],
    "translation": [
      1.89614952,
      0.9443671,
      -0.6414183
    ]
  },
  {
    "timeStamp": 21018,
    "rotation": [
      [
        0.372551352,
        -0.9279199,
        -0.0130371787
      ],
      [
        -0.24920319,
        -0.113565557,
        0.9617695
      ],
      [
        -0.893925667,
        -0.355059624,
        -0.273549616
      ]
    ],
    "translation": [
      1.97729945,
      0.9484218,
      -0.6451312
    ]
  },
  {
    "timeStamp": 21073,
    "rotation": [
      [
        0.232101962,
        -0.9671646,
        -0.103543937
      ],
      [
        -0.200590625,
        -0.151755437,
        0.96785
      ],
      [
        -0.9517836,
        -0.203869939,
        -0.2292269
      ]
    ],
    "translation": [
      2.044316,
      0.9421508,
      -0.6527634
    ]
  },
  {
    "timeStamp": 21112,
    "rotation": [
      [
        0.0699436143,
        -0.985618353,
        -0.153832242
      ],
      [
        -0.1447802,
        -0.162606969,
        0.9760111
      ],
      [
        -0.986988664,
        -0.04599388,
        -0.154071361
      ]
    ],
    "translation": [
      2.10715342,
      0.9289688,
      -0.6613092
    ]
  },
  {
    "timeStamp": 21168,
    "rotation": [
      [
        -0.02086745,
        -0.995053053,
        -0.0971294045
      ],
      [
        -0.0989503339,
        -0.0946180448,
        0.9905838
      ],
      [
        -0.9948736,
        0.0302819628,
        -0.09648638
      ]
    ],
    "translation": [
      2.13448977,
      0.9066776,
      -0.66760236
    ]
  },
  {
    "timeStamp": 21213,
    "rotation": [
      [
        -0.0855377,
        -0.992769361,
        -0.08421576
      ],
      [
        -0.0860188454,
        -0.07685145,
        0.993325055
      ],
      [
        -0.992614746,
        0.09221086,
        -0.07882318
      ]
    ],
    "translation": [
      2.15242529,
      0.890471339,
      -0.6671882
    ]
  },
  {
    "timeStamp": 21268,
    "rotation": [
      [
        -0.150099173,
        -0.9848681,
        -0.08663119
      ],
      [
        -0.0509572662,
        -0.07980089,
        0.9955075
      ],
      [
        -0.987356842,
        0.15383935,
        -0.03820814
      ]
    ],
    "translation": [
      2.1746695,
      0.869769,
      -0.666682839
    ]
  },
  {
    "timeStamp": 21313,
    "rotation": [
      [
        -0.187005728,
        -0.980489135,
        -0.06057982
      ],
      [
        -0.04429658,
        -0.0531885624,
        0.9976015
      ],
      [
        -0.9813596,
        0.1892407,
        -0.03348575
      ]
    ],
    "translation": [
      2.183801,
      0.855746,
      -0.661896944
    ]
  },
  {
    "timeStamp": 21368,
    "rotation": [
      [
        -0.217336178,
        -0.9760875,
        -0.00426027458
      ],
      [
        -0.02883897,
        0.002058481,
        0.999581933
      ],
      [
        -0.9756707,
        0.217368186,
        -0.02859674
      ]
    ],
    "translation": [
      2.1855998,
      0.8351709,
      -0.656067252
    ]
  },
  {
    "timeStamp": 21413,
    "rotation": [
      [
        -0.245315909,
        -0.969181,
        0.0225436781
      ],
      [
        0.0187538881,
        0.0185055453,
        0.999652863
      ],
      [
        -0.969261765,
        0.245653525,
        0.0136362081
      ]
    ],
    "translation": [
      2.18651462,
      0.817964,
      -0.6579447
    ]
  },
  {
    "timeStamp": 21468,
    "rotation": [
      [
        -0.279728174,
        -0.959619462,
        0.02971035
      ],
      [
        0.0246247482,
        0.02376433,
        0.999414265
      ],
      [
        -0.9597634,
        0.280295938,
        0.0169828329
      ]
    ],
    "translation": [
      2.19266415,
      0.805476367,
      -0.6543646
    ]
  },
  {
    "timeStamp": 21513,
    "rotation": [
      [
        -0.284538716,
        -0.9582274,
        0.0289483443
      ],
      [
        0.0195955336,
        0.0243767742,
        0.999510765
      ],
      [
        -0.958464265,
        0.284966767,
        0.0118408417
      ]
    ],
    "translation": [
      2.19630122,
      0.79752177,
      -0.6497767
    ]
  },
  {
    "timeStamp": 21569,
    "rotation": [
      [
        -0.3210592,
        -0.9463886,
        0.035630513
      ],
      [
        0.0386718139,
        0.0244901758,
        0.9989518
      ],
      [
        -0.9462692,
        0.32210058,
        0.02873577
      ]
    ],
    "translation": [
      2.20327544,
      0.787161,
      -0.6489314
    ]
  },
  {
    "timeStamp": 21615,
    "rotation": [
      [
        -0.3339781,
        -0.942242563,
        0.0252536
      ],
      [
        0.03796587,
        0.0133228777,
        0.9991902
      ],
      [
        -0.941816,
        0.3346664,
        0.0313235074
      ]
    ],
    "translation": [
      2.20957923,
      0.7815614,
      -0.647648
    ]
  },
  {
    "timeStamp": 21673,
    "rotation": [
      [
        -0.331804842,
        -0.942945242,
        0.0275659878
      ],
      [
        0.04502248,
        0.0133590959,
        0.998896658
      ],
      [
        -0.9422731,
        0.332679838,
        0.03802112
      ]
    ],
    "translation": [
      2.21158743,
      0.7763581,
      -0.6450033
    ]
  },
  {
    "timeStamp": 21717,
    "rotation": [
      [
        -0.378207445,
        -0.9251683,
        0.0319815762
      ],
      [
        0.0507646129,
        0.0137680378,
        0.998615742
      ],
      [
        -0.9243279,
        0.379307419,
        0.0417586342
      ]
    ],
    "translation": [
      2.21740341,
      0.7731366,
      -0.6446008
    ]
  },
  {
    "timeStamp": 21763,
    "rotation": [
      [
        -0.400347441,
        -0.916224241,
        0.0159721375
      ],
      [
        0.0397276878,
        5.964709E-05,
        0.999210536
      ],
      [
        -0.915501833,
        0.4006659,
        0.03637559
      ]
    ],
    "translation": [
      2.22384286,
      0.771275163,
      -0.642838955
    ]
  },
  {
    "timeStamp": 21817,
    "rotation": [
      [
        -0.407769859,
        -0.9130721,
        0.004804916
      ],
      [
        0.029686043,
        -0.007997648,
        0.9995273
      ],
      [
        -0.912602067,
        0.407719731,
        0.0303666964
      ]
    ],
    "translation": [
      2.22685075,
      0.7686432,
      -0.6396876
    ]
  },
  {
    "timeStamp": 21862,
    "rotation": [
      [
        -0.4327506,
        -0.9012335,
        0.0224748664
      ],
      [
        0.0302864052,
        0.0103823077,
        0.99948734
      ],
      [
        -0.9010048,
        0.433209419,
        0.0228021741
      ]
    ],
    "translation": [
      2.22752452,
      0.766965449,
      -0.636716247
    ]
  },
  {
    "timeStamp": 21917,
    "rotation": [
      [
        -0.471890718,
        -0.8814548,
        0.0188810043
      ],
      [
        0.0140352985,
        0.0139022339,
        0.999804854
      ],
      [
        -0.8815453,
        0.472063631,
        0.00581114646
      ]
    ],
    "translation": [
      2.23443866,
      0.767521262,
      -0.633045435
    ]
  },
  {
    "timeStamp": 21962,
    "rotation": [
      [
        -0.4549778,
        -0.890448332,
        0.009843061
      ],
      [
        0.01771388,
        0.00200132187,
        0.9998411
      ],
      [
        -0.89032656,
        0.455079854,
        0.0148627395
      ]
    ],
    "translation": [
      2.23415852,
      0.764786065,
      -0.6313555
    ]
  },
  {
    "timeStamp": 22017,
    "rotation": [
      [
        -0.456646234,
        -0.888272166,
        0.04946492
      ],
      [
        0.0466109775,
        0.0316362977,
        0.998412
      ],
      [
        -0.8884265,
        0.4582267,
        0.0269566365
      ]
    ],
    "translation": [
      2.22530365,
      0.7577371,
      -0.6324693
    ]
  },
  {
    "timeStamp": 22062,
    "rotation": [
      [
        -0.471132159,
        -0.881375134,
        0.03481744
      ],
      [
        0.03617989,
        0.020129988,
        0.9991425
      ],
      [
        -0.8813203,
        0.471987873,
        0.0224041715
      ]
    ],
    "translation": [
      2.227075,
      0.756520331,
      -0.6331505
    ]
  },
  {
    "timeStamp": 22117,
    "rotation": [
      [
        -0.469122231,
        -0.8829924,
        0.0157711636
      ],
      [
        0.01746333,
        0.008579624,
        0.9998107
      ],
      [
        -0.882960558,
        0.469308823,
        0.0113950958
      ]
    ],
    "translation": [
      2.22818732,
      0.7556241,
      -0.633176
    ]
  },
  {
    "timeStamp": 22163,
    "rotation": [
      [
        -0.503899,
        -0.863762558,
        0.00017277195
      ],
      [
        -0.00295014726,
        0.00192106864,
        0.9999938
      ],
      [
        -0.8637575,
        0.5038954,
        -0.00351625122
      ]
    ],
    "translation": [
      2.23063827,
      0.7553985,
      -0.6366875
    ]
  }
]