[
  {
    "timeStamp": 65693,
    "rotation": [
      [
        -0.691316843,
        0.4096349,
        0.5952145
      ],
      [
        0.5652449,
        0.819737136,
        0.09235394
      ],
      [
        -0.450088024,
        0.400287777,
        -0.7982421
      ]
    ],
    "translation": [
      1.59130335,
      0.701517761,
      -0.444995672
    ]
  },
  {
    "timeStamp": 65738,
    "rotation": [
      [
        -0.7154539,
        0.438499331,
        0.5439154
      ],
      [
        0.5887069,
        0.79760325,
        0.13135162
      ],
      [
        -0.376231074,
        0.414182782,
        -0.828795969
      ]
    ],
    "translation": [
      1.59290981,
      0.7010256,
      -0.4441927
    ]
  },
  {
    "timeStamp": 65784,
    "rotation": [
      [
        -0.7142205,
        0.4610064,
        0.526651859
      ],
      [
        0.6064947,
        0.7832106,
        0.136913747
      ],
      [
        -0.349361181,
        0.417198151,
        -0.838983
      ]
    ],
    "translation": [
      1.59355783,
      0.70110327,
      -0.443821728
    ]
  },
  {
    "timeStamp": 65841,
    "rotation": [
      [
        -0.6964998,
        0.4623823,
        0.5487173
      ],
      [
        0.6050774,
        0.7895084,
        0.102751561
      ],
      [
        -0.385706425,
        0.403582871,
        -0.8296695
      ]
    ],
    "translation": [
      1.59452069,
      0.701708853,
      -0.443947941
    ]
  },
  {
    "timeStamp": 65885,
    "rotation": [
      [
        -0.738772333,
        0.395097584,
        0.54599756
      ],
      [
        0.5219394,
        0.847938,
        0.092630744
      ],
      [
        -0.4263739,
        0.3534107,
        -0.8326501
      ]
    ],
    "translation": [
      1.61226416,
      0.7117801,
      -0.44031
    ]
  },
  {
    "timeStamp": 65942,
    "rotation": [
      [
        -0.71888,
        0.400544971,
        0.5681331
      ],
      [
        0.501000762,
        0.865113556,
        0.0240129437
      ],
      [
        -0.4818814,
        0.301897556,
        -0.822586238
      ]
    ],
    "translation": [
      1.62711024,
      0.746681631,
      -0.4366227
    ]
  },
  {
    "timeStamp": 65986,
    "rotation": [
      [
        -0.682986736,
        0.3986115,
        0.6120768
      ],
      [
        0.46279195,
        0.8844615,
        -0.05959344
      ],
      [
        -0.565113,
        0.2425627,
        -0.788549662
      ]
    ],
    "translation": [
      1.64152658,
      0.787058353,
      -0.4375407
    ]
  },
  {
    "timeStamp": 66042,
    "rotation": [
      [
        -0.661263764,
        0.357167184,
        0.659667969
      ],
      [
        0.403594732,
        0.910648942,
        -0.08848598
      ],
      [
        -0.632330239,
        0.207725957,
        -0.746329963
      ]
    ],
    "translation": [
      1.67551184,
      0.8312058,
      -0.449397027
    ]
  },
  {
    "timeStamp": 66086,
    "rotation": [
      [
        -0.6814819,
        0.349772453,
        0.6428387
      ],
      [
        0.388509363,
        0.917304933,
        -0.08724721
      ],
      [
        -0.6201958,
        0.190291479,
        -0.7610166
      ]
    ],
    "translation": [
      1.718144,
      0.8622956,
      -0.463692874
    ]
  },
  {
    "timeStamp": 66141,
    "rotation": [
      [
        -0.711378157,
        0.3404842,
        0.6148265
      ],
      [
        0.3487436,
        0.9305254,
        -0.111804932
      ],
      [
        -0.610179543,
        0.134881228,
        -0.7806971
      ]
    ],
    "translation": [
      1.78219223,
      0.902540267,
      -0.477655649
    ]
  },
  {
    "timeStamp": 66186,
    "rotation": [
      [
        -0.7454451,
        0.284960538,
        0.6025854
      ],
      [
        0.291933864,
        0.9522717,
        -0.0891810358
      ],
      [
        -0.5992381,
        0.109435521,
        -0.793055832
      ]
    ],
    "translation": [
      1.84150136,
      0.9269397,
      -0.4921609
    ]
  },
  {
    "timeStamp": 66242,
    "rotation": [
      [
        -0.8225594,
        0.236190662,
        0.5173104
      ],
      [
        0.258755237,
        0.965496,
        -0.0293819327
      ],
      [
        -0.506400764,
        0.109688371,
        -0.855293334
      ]
    ],
    "translation": [
      1.92751956,
      0.945385933,
      -0.5145537
    ]
  },
  {
    "timeStamp": 66286,
    "rotation": [
      [
        -0.8672387,
        0.173155338,
        0.466812938
      ],
      [
        0.216586113,
        0.9754207,
        0.04055705
      ],
      [
        -0.448316336,
        0.13627784,
        -0.8834256
      ]
    ],
    "translation": [
      1.99244273,
      0.952318668,
      -0.5350141
    ]
  },
  {
    "timeStamp": 66352,
    "rotation": [
      [
        -0.908613563,
        0.122240491,
        0.399347782
      ],
      [
        0.175629333,
        0.9793836,
        0.0998099
      ],
      [
        -0.378913879,
        0.160825819,
        -0.9113503
      ]
    ],
    "translation": [
      2.06345248,
      0.9604282,
      -0.561629951
    ]
  },
  {
    "timeStamp": 66392,
    "rotation": [
      [
        -0.9281615,
        0.121370926,
        0.3518315
      ],
      [
        0.18969287,
        0.967600048,
        0.166634023
      ],
      [
        -0.320207626,
        0.221403211,
        -0.921112239
      ]
    ],
    "translation": [
      2.11467957,
      0.961985,
      -0.590792358
    ]
  },
  {
    "timeStamp": 66436,
    "rotation": [
      [
        -0.9242124,
        0.131738976,
        0.358435929
      ],
      [
        0.21866177,
        0.952070951,
        0.213887766
      ],
      [
        -0.313079059,
        0.276053965,
        -0.908722043
      ]
    ],
    "translation": [
      2.14064741,
      0.9548917,
      -0.6109586
    ]
  },
  {
    "timeStamp": 66492,
    "rotation": [
      [
        -0.940148234,
        0.172682151,
        0.2937722
      ],
      [
        0.243381381,
        0.943665743,
        0.224188522
      ],
      [
        -0.2385094,
        0.28226912,
        -0.9292133
      ]
    ],
    "translation": [
      2.17285585,
      0.940498769,
      -0.629344046
    ]
  },
  {
    "timeStamp": 66536,
    "rotation": [
      [
        -0.9344456,
        0.167024791,
        0.3145061
      ],
      [
        0.2578686,
        0.9264705,
        0.2741461
      ],
      [
        -0.245591462,
        0.337275863,
        -0.9088068
      ]
    ],
    "translation": [
      2.18840528,
      0.9230473,
      -0.6441993
    ]
  },
  {
    "timeStamp": 66592,
    "rotation": [
      [
        -0.924693942,
        0.203771368,
        0.321587175
      ],
      [
        0.3128622,
        0.8880374,
        0.336907655
      ],
      [
        -0.216929317,
        0.412148923,
        -0.8849152
      ]
    ],
    "translation": [
      2.19735,
      0.9018161,
      -0.6668788
    ]
  },
  {
    "timeStamp": 66636,
    "rotation": [
      [
        -0.923761249,
        0.253880322,
        0.286722839
      ],
      [
        0.3430115,
        0.8814555,
        0.324621946
      ],
      [
        -0.170318291,
        0.398222417,
        -0.9013383
      ]
    ],
    "translation": [
      2.20206571,
      0.8930061,
      -0.671466231
    ]
  },
  {
    "timeStamp": 66692,
    "rotation": [
      [
        -0.9079198,
        0.2904226,
        0.302218974
      ],
      [
        0.3841069,
        0.86509794,
        0.3225948
      ],
      [
        -0.167760223,
        0.408974618,
        -0.896992862
      ]
    ],
    "translation": [
      2.19801188,
      0.8834568,
      -0.6762879
    ]
  },
  {
    "timeStamp": 66736,
    "rotation": [
      [
        -0.881309867,
        0.3594933,
        0.3066881
      ],
      [
        0.4513528,
        0.8325711,
        0.321101367
      ],
      [
        -0.13990584,
        0.421414316,
        -0.896011353
      ]
    ],
    "translation": [
      2.18816113,
      0.8744972,
      -0.682138264
    ]
  },
  {
    "timeStamp": 66792,
    "rotation": [
      [
        -0.84561044,
        0.43388474,
        0.310945481
      ],
      [
        0.522023141,
        0.7938534,
        0.3119111
      ],
      [
        -0.111511685,
        0.426076025,
        -0.8977886
      ]
    ],
    "translation": [
      2.17389083,
      0.8654848,
      -0.6879115
    ]
  },
  {
    "timeStamp": 66836,
    "rotation": [
      [
        -0.8227587,
        0.482954383,
        0.299705237
      ],
      [
        0.5624271,
        0.767935,
        0.306515276
      ],
      [
        -0.08212123,
        0.420750469,
        -0.9034518
      ]
    ],
    "translation": [
      2.16840816,
      0.8602184,
      -0.690556467
    ]
  },
  {
    "timeStamp": 66882,
    "rotation": [
      [
        -0.8075011,
        0.5178705,
        0.282404244
      ],
      [
        0.5869792,
        0.752781034,
        0.297953218
      ],
      [
        -0.0582873821,
        0.406362981,
        -0.91185075
      ]
    ],
    "translation": [
      2.16594172,
      0.8578109,
      -0.6912075
    ]
  }
]