[
  {
    "timeStamp": 23412,
    "rotation": [
      [
        -0.99999845,
        -0.0009493804,
        -0.00150289282
      ],
      [
        -0.000859999738,
        0.9982932,
        -0.05839512
      ],
      [
        0.00155576679,
        -0.05839374,
        -0.998292446
      ]
    ],
    "translation": [
      1.76983237,
      0.7341977,
      -0.4915764
    ]
  },
  {
    "timeStamp": 23458,
    "rotation": [
      [
        -0.999988139,
        -0.004487173,
        -0.001877785
      ],
      [
        -0.00446900027,
        0.99994415,
        -0.009572688
      ],
      [
        0.00192063442,
        -0.009564182,
        -0.9999524
      ]
    ],
    "translation": [
      1.76971209,
      0.7340554,
      -0.489962459
    ]
  },
  {
    "timeStamp": 23503,
    "rotation": [
      [
        -0.999995351,
        0.00304814382,
        0.0003116328
      ],
      [
        0.00303781731,
        0.9995743,
        -0.0290179718
      ],
      [
        -0.000399951066,
        -0.02901689,
        -0.999578834
      ]
    ],
    "translation": [
      1.77193356,
      0.7338599,
      -0.491422176
    ]
  },
  {
    "timeStamp": 23562,
    "rotation": [
      [
        -0.999630749,
        -0.0212237034,
        -0.01696773
      ],
      [
        -0.0207972173,
        0.999472857,
        -0.02492841
      ],
      [
        0.01748786,
        -0.0245663226,
        -0.9995452
      ]
    ],
    "translation": [
      1.78612685,
      0.7337496,
      -0.496138066
    ]
  },
  {
    "timeStamp": 23605,
    "rotation": [
      [
        -0.9962635,
        -0.0790020749,
        -0.03489513
      ],
      [
        -0.07833127,
        0.996722937,
        -0.0201915372
      ],
      [
        0.0363759473,
        -0.0173827112,
        -0.999187
      ]
    ],
    "translation": [
      1.7932868,
      0.7332444,
      -0.494032621
    ]
  },
  {
    "timeStamp": 23661,
    "rotation": [
      [
        -0.9683325,
        -0.249654651,
        -0.00218156329
      ],
      [
        -0.249441564,
        0.9678011,
        -0.0337649547
      ],
      [
        0.010540897,
        -0.03215153,
        -0.999427438
      ]
    ],
    "translation": [
      1.80616152,
      0.7298809,
      -0.49535948
    ]
  },
  {
    "timeStamp": 23705,
    "rotation": [
      [
        -0.934866369,
        -0.3453373,
        0.08226187
      ],
      [
        -0.3515446,
        0.9328209,
        -0.07912957
      ],
      [
        -0.0494092032,
        -0.102894284,
        -0.993464351
      ]
    ],
    "translation": [
      1.81657982,
      0.737994134,
      -0.4976821
    ]
  },
  {
    "timeStamp": 23761,
    "rotation": [
      [
        -0.9273661,
        -0.338637233,
        0.159113258
      ],
      [
        -0.3607801,
        0.9220161,
        -0.1404425
      ],
      [
        -0.09914592,
        -0.187646508,
        -0.977219939
      ]
    ],
    "translation": [
      1.81894016,
      0.7702881,
      -0.5000944
    ]
  },
  {
    "timeStamp": 23806,
    "rotation": [
      [
        -0.9298773,
        -0.323285937,
        0.175540268
      ],
      [
        -0.353271425,
        0.917844236,
        -0.181000918
      ],
      [
        -0.102603562,
        -0.230322,
        -0.9676902
      ]
    ],
    "translation": [
      1.82857561,
      0.8005612,
      -0.5064769
    ]
  },
  {
    "timeStamp": 23861,
    "rotation": [
      [
        -0.931994736,
        -0.3108208,
        0.186483949
      ],
      [
        -0.3498609,
        0.9059101,
        -0.238588154
      ],
      [
        -0.09477954,
        -0.287606359,
        -0.9530474
      ]
    ],
    "translation": [
      1.84949672,
      0.8417592,
      -0.518937051
    ]
  },
  {
    "timeStamp": 23905,
    "rotation": [
      [
        -0.93215245,
        -0.315269381,
        0.178036526
      ],
      [
        -0.3531711,
        0.900057554,
        -0.2552774
      ],
      [
        -0.07976197,
        -0.3008348,
        -0.9503349
      ]
    ],
    "translation": [
      1.87445188,
      0.8719376,
      -0.5356375
    ]
  },
  {
    "timeStamp": 23961,
    "rotation": [
      [
        -0.930247664,
        -0.3346804,
        0.150427267
      ],
      [
        -0.3644749,
        0.8901667,
        -0.273424983
      ],
      [
        -0.04239537,
        -0.3091799,
        -0.9500581
      ]
    ],
    "translation": [
      1.91494489,
      0.906286,
      -0.558980763
    ]
  },
  {
    "timeStamp": 24005,
    "rotation": [
      [
        -0.9185695,
        -0.373756319,
        0.12859346
      ],
      [
        -0.3951393,
        0.8763552,
        -0.275438756
      ],
      [
        -0.009746574,
        -0.303821951,
        -0.9526789
      ]
    ],
    "translation": [
      1.95217335,
      0.926496446,
      -0.5802297
    ]
  },
  {
    "timeStamp": 24056,
    "rotation": [
      [
        -0.90223825,
        -0.427014619,
        0.0602055937
      ],
      [
        -0.427400082,
        0.8668664,
        -0.256655
      ],
      [
        0.0574052334,
        -0.257295847,
        -0.9646261
      ]
    ],
    "translation": [
      2.00189829,
      0.939128757,
      -0.607461154
    ]
  },
  {
    "timeStamp": 24111,
    "rotation": [
      [
        -0.877085268,
        -0.4802847,
        -0.006939926
      ],
      [
        -0.468423069,
        0.858442962,
        -0.208939224
      ],
      [
        0.106307842,
        -0.1800067,
        -0.977904
      ]
    ],
    "translation": [
      2.05202246,
      0.933962762,
      -0.6369065
    ]
  },
  {
    "timeStamp": 24155,
    "rotation": [
      [
        -0.869740546,
        -0.4889719,
        -0.06676701
      ],
      [
        -0.475236982,
        0.8663111,
        -0.153801739
      ],
      [
        0.133045718,
        -0.10203746,
        -0.98584336
      ]
    ],
    "translation": [
      2.079568,
      0.9195633,
      -0.6598599
    ]
  },
  {
    "timeStamp": 24211,
    "rotation": [
      [
        -0.8485628,
        -0.5088797,
        -0.1448541
      ],
      [
        -0.5071203,
        0.8603271,
        -0.0516353175
      ],
      [
        0.150898084,
        0.0296426471,
        -0.9881048
      ]
    ],
    "translation": [
      2.106304,
      0.8930128,
      -0.6892139
    ]
  },
  {
    "timeStamp": 24255,
    "rotation": [
      [
        -0.835346043,
        -0.519485235,
        -0.179810822
      ],
      [
        -0.5229167,
        0.8517982,
        -0.03158982
      ],
      [
        0.169572979,
        0.0676376447,
        -0.9831939
      ]
    ],
    "translation": [
      2.11932588,
      0.8763017,
      -0.7001007
    ]
  },
  {
    "timeStamp": 24311,
    "rotation": [
      [
        -0.8360801,
        -0.5016185,
        -0.2221464
      ],
      [
        -0.511966765,
        0.858912647,
        -0.0126100229
      ],
      [
        0.197129771,
        0.103188589,
        -0.9749318
      ]
    ],
    "translation": [
      2.12578464,
      0.8570782,
      -0.7034212
    ]
  },
  {
    "timeStamp": 24355,
    "rotation": [
      [
        -0.842366159,
        -0.4883832,
        -0.227818191
      ],
      [
        -0.5023215,
        0.864672959,
        0.003717239
      ],
      [
        0.195172787,
        0.117569245,
        -0.9736966
      ]
    ],
    "translation": [
      2.12261581,
      0.8425293,
      -0.702469766
    ]
  },
  {
    "timeStamp": 24411,
    "rotation": [
      [
        -0.8471632,
        -0.495188981,
        -0.192619815
      ],
      [
        -0.5049224,
        0.863163054,
        0.00167590694
      ],
      [
        0.165432423,
        0.09867782,
        -0.981272
      ]
    ],
    "translation": [
      2.1163168,
      0.828171253,
      -0.694766045
    ]
  },
  {
    "timeStamp": 24455,
    "rotation": [
      [
        -0.8444246,
        -0.499969274,
        -0.192296132
      ],
      [
        -0.510571241,
        0.8598105,
        0.00655295141
      ],
      [
        0.16206196,
        0.103714347,
        -0.9813151
      ]
    ],
    "translation": [
      2.11479259,
      0.8169496,
      -0.689661
    ]
  },
  {
    "timeStamp": 24512,
    "rotation": [
      [
        -0.8622478,
        -0.470504075,
        -0.187495574
      ],
      [
        -0.485433549,
        0.8733173,
        0.0408791229
      ],
      [
        0.144509345,
        0.126264572,
        -0.981414437
      ]
    ],
    "translation": [
      2.10635519,
      0.8015946,
      -0.689852
    ]
  },
  {
    "timeStamp": 24558,
    "rotation": [
      [
        -0.86341536,
        -0.4861346,
        -0.134859726
      ],
      [
        -0.496799976,
        0.8658135,
        0.05963868
      ],
      [
        0.08777095,
        0.118491262,
        -0.9890683
      ]
    ],
    "translation": [
      2.101006,
      0.7940726,
      -0.690311432
    ]
  },
  {
    "timeStamp": 24603,
    "rotation": [
      [
        -0.8570535,
        -0.5012247,
        -0.119302556
      ],
      [
        -0.51019007,
        0.857909143,
        0.06081147
      ],
      [
        0.07187054,
        0.112985663,
        -0.9909939
      ]
    ],
    "translation": [
      2.10316181,
      0.791116059,
      -0.690716863
    ]
  },
  {
    "timeStamp": 24660,
    "rotation": [
      [
        -0.8578175,
        -0.507212,
        -0.0829772055
      ],
      [
        -0.512848854,
        0.8553269,
        0.07349802
      ],
      [
        0.03369356,
        0.105602644,
        -0.9938374
      ]
    ],
    "translation": [
      2.103582,
      0.790336,
      -0.694776356
    ]
  },
  {
    "timeStamp": 24705,
    "rotation": [
      [
        -0.830788136,
        -0.556576431,
        -0.0036941045
      ],
      [
        -0.5542626,
        0.8266917,
        0.0968184844
      ],
      [
        -0.050833,
        0.08248315,
        -0.9952952
      ]
    ],
    "translation": [
      2.11006331,
      0.7880112,
      -0.7030294
    ]
  },
  {
    "timeStamp": 24761,
    "rotation": [
      [
        -0.7794956,
        -0.615895748,
        0.11427591
      ],
      [
        -0.6020282,
        0.786986,
        0.134963155
      ],
      [
        -0.173056781,
        0.0364058651,
        -0.984238744
      ]
    ],
    "translation": [
      2.12171841,
      0.787866056,
      -0.711755931
    ]
  },
  {
    "timeStamp": 24805,
    "rotation": [
      [
        -0.6956807,
        -0.6747445,
        0.246471688
      ],
      [
        -0.651741862,
        0.7371487,
        0.178449824
      ],
      [
        -0.30209434,
        -0.036491815,
        -0.9525793
      ]
    ],
    "translation": [
      2.13679862,
      0.791955948,
      -0.717042446
    ]
  },
  {
    "timeStamp": 24865,
    "rotation": [
      [
        -0.6003693,
        -0.6821212,
        0.417453349
      ],
      [
        -0.6635573,
        0.7162504,
        0.216048568
      ],
      [
        -0.446372449,
        -0.147295281,
        -0.8826413
      ]
    ],
    "translation": [
      2.144198,
      0.795574665,
      -0.7218004
    ]
  },
  {
    "timeStamp": 24902,
    "rotation": [
      [
        -0.551474869,
        -0.682326853,
        0.4799015
      ],
      [
        -0.667117,
        0.706126034,
        0.237362251
      ],
      [
        -0.5008296,
        -0.189251155,
        -0.844602644
      ]
    ],
    "translation": [
      2.15270185,
      0.799465954,
      -0.723760545
    ]
  },
  {
    "timeStamp": 24958,
    "rotation": [
      [
        -0.5166078,
        -0.6265623,
        0.5835547
      ],
      [
        -0.616339445,
        0.7452186,
        0.2545093
      ],
      [
        -0.5943417,
        -0.228186235,
        -0.7711608
      ]
    ],
    "translation": [
      2.15144014,
      0.803707361,
      -0.733045638
    ]
  },
  {
    "timeStamp": 25002,
    "rotation": [
      [
        -0.465198129,
        -0.5602937,
        0.685318768
      ],
      [
        -0.5735078,
        0.780501,
        0.24881129
      ],
      [
        -0.674299359,
        -0.2772891,
        -0.684420347
      ]
    ],
    "translation": [
      2.143138,
      0.806638956,
      -0.74091804
    ]
  },
  {
    "timeStamp": 25058,
    "rotation": [
      [
        -0.38092047,
        -0.5536732,
        0.7405036
      ],
      [
        -0.5568489,
        0.776725,
        0.2943087
      ],
      [
        -0.73811847,
        -0.300240427,
        -0.6041828
      ]
    ],
    "translation": [
      2.15158,
      0.807054,
      -0.747717738
    ]
  },
  {
    "timeStamp": 25102,
    "rotation": [
      [
        -0.37362805,
        -0.498387516,
        0.7823119
      ],
      [
        -0.4941336,
        0.8207009,
        0.2868484
      ],
      [
        -0.785005748,
        -0.279392,
        -0.55290693
      ]
    ],
    "translation": [
      2.14826822,
      0.8077841,
      -0.756413341
    ]
  },
  {
    "timeStamp": 25158,
    "rotation": [
      [
        -0.2933751,
        -0.455325276,
        0.840600967
      ],
      [
        -0.469807982,
        0.8344569,
        0.28803128
      ],
      [
        -0.832593262,
        -0.310419858,
        -0.45872435
      ]
    ],
    "translation": [
      2.14537144,
      0.804855645,
      -0.7612767
    ]
  },
  {
    "timeStamp": 25203,
    "rotation": [
      [
        -0.233931869,
        -0.463642538,
        0.8545826
      ],
      [
        -0.455702424,
        0.82872957,
        0.324873149
      ],
      [
        -0.858842969,
        -0.313437223,
        -0.405149281
      ]
    ],
    "translation": [
      2.15412664,
      0.79921937,
      -0.761457264
    ]
  },
  {
    "timeStamp": 25258,
    "rotation": [
      [
        -0.207142785,
        -0.432328969,
        0.877600968
      ],
      [
        -0.4102799,
        0.8527495,
        0.323246926
      ],
      [
        -0.888122857,
        -0.293103784,
        -0.3540168
      ]
    ],
    "translation": [
      2.15278864,
      0.7942765,
      -0.7618674
    ]
  },
  {
    "timeStamp": 25303,
    "rotation": [
      [
        -0.164392769,
        -0.409547746,
        0.8973548
      ],
      [
        -0.381191224,
        0.8654326,
        0.325145543
      ],
      [
        -0.90976274,
        -0.2886122,
        -0.298386872
      ]
    ],
    "translation": [
      2.15051174,
      0.7896639,
      -0.764034152
    ]
  },
  {
    "timeStamp": 25360,
    "rotation": [
      [
        -0.119218133,
        -0.3821564,
        0.9163753
      ],
      [
        -0.325137645,
        0.8870931,
        0.327645242
      ],
      [
        -0.938121855,
        -0.2588868,
        -0.230011
      ]
    ],
    "translation": [
      2.14793062,
      0.7870458,
      -0.7696593
    ]
  },
  {
    "timeStamp": 25405,
    "rotation": [
      [
        -0.08243051,
        -0.3586975,
        0.9298071
      ],
      [
        -0.289675772,
        0.9013242,
        0.322028756
      ],
      [
        -0.9535686,
        -0.242797613,
        -0.178202614
      ]
    ],
    "translation": [
      2.14510274,
      0.786605954,
      -0.7735719
    ]
  },
  {
    "timeStamp": 25460,
    "rotation": [
      [
        -0.0627077743,
        -0.361348659,
        0.9303198
      ],
      [
        -0.286453366,
        0.8994505,
        0.330050379
      ],
      [
        -0.956039846,
        -0.2457965,
        -0.1599121
      ]
    ],
    "translation": [
      2.14437628,
      0.782620668,
      -0.768483341
    ]
  },
  {
    "timeStamp": 25505,
    "rotation": [
      [
        -0.04694167,
        -0.3692845,
        0.9281301
      ],
      [
        -0.286474735,
        0.895100534,
        0.3416538
      ],
      [
        -0.956937134,
        -0.249848008,
        -0.1478082
      ]
    ],
    "translation": [
      2.145019,
      0.779294252,
      -0.7638878
    ]
  },
  {
    "timeStamp": 25560,
    "rotation": [
      [
        -0.019813979,
        -0.3675558,
        0.929790437
      ],
      [
        -0.279679716,
        0.894883633,
        0.347796768
      ],
      [
        -0.9598889,
        -0.253152281,
        -0.120529115
      ]
    ],
    "translation": [
      2.14281726,
      0.7769649,
      -0.7618658
    ]
  },
  {
    "timeStamp": 25604,
    "rotation": [
      [
        -0.008229256,
        -0.392223269,
        0.919833243
      ],
      [
        -0.288203,
        0.881761551,
        0.373410821
      ],
      [
        -0.957534,
        -0.262025833,
        -0.120296165
      ]
    ],
    "translation": [
      2.14620924,
      0.7733302,
      -0.7561456
    ]
  },
  {
    "timeStamp": 25660,
    "rotation": [
      [
        0.0123164244,
        -0.3785918,
        0.9254818
      ],
      [
        -0.278210521,
        0.8877082,
        0.366842
      ],
      [
        -0.9604412,
        -0.261996955,
        -0.09439483
      ]
    ],
    "translation": [
      2.14404345,
      0.771419644,
      -0.7550516
    ]
  },
  {
    "timeStamp": 25704,
    "rotation": [
      [
        -0.003424368,
        -0.36170572,
        0.932286
      ],
      [
        -0.269021,
        0.8982547,
        0.3475142
      ],
      [
        -0.9631282,
        -0.249614522,
        -0.100382395
      ]
    ],
    "translation": [
      2.13631272,
      0.770112038,
      -0.7554541
    ]
  },
  {
    "timeStamp": 25760,
    "rotation": [
      [
        0.0202349517,
        -0.359135926,
        0.933065832
      ],
      [
        -0.251328051,
        0.9014616,
        0.3524219
      ],
      [
        -0.9676904,
        -0.241636872,
        -0.0720199049
      ]
    ],
    "translation": [
      2.13427281,
      0.7677299,
      -0.7590272
    ]
  },
  {
    "timeStamp": 25804,
    "rotation": [
      [
        0.0295066,
        -0.3599626,
        0.932500064
      ],
      [
        -0.236737624,
        0.903847,
        0.35639295
      ],
      [
        -0.9711255,
        -0.231273785,
        -0.05854724
      ]
    ],
    "translation": [
      2.133503,
      0.764775932,
      -0.762349069
    ]
  },
  {
    "timeStamp": 25860,
    "rotation": [
      [
        0.0187186077,
        -0.357307076,
        0.9337994
      ],
      [
        -0.222639352,
        0.9090234,
        0.352289826
      ],
      [
        -0.974721134,
        -0.214494854,
        -0.0625349656
      ]
    ],
    "translation": [
      2.130012,
      0.760926247,
      -0.76521045
    ]
  },
  {
    "timeStamp": 25904,
    "rotation": [
      [
        0.0198900886,
        -0.355377764,
        0.9345111
      ],
      [
        -0.21084623,
        0.912184,
        0.3513748
      ],
      [
        -0.977316856,
        -0.204027012,
        -0.05678664
      ]
    ],
    "translation": [
      2.129083,
      0.7599984,
      -0.7660175
    ]
  },
  {
    "timeStamp": 25960,
    "rotation": [
      [
        0.0116940038,
        -0.361491174,
        0.932302237
      ],
      [
        -0.192571253,
        0.914098263,
        0.35684824
      ],
      [
        -0.981213331,
        -0.18370758,
        -0.05892334
      ]
    ],
    "translation": [
      2.12842941,
      0.76037097,
      -0.7658789
    ]
  },
  {
    "timeStamp": 26004,
    "rotation": [
      [
        0.01506822,
        -0.360557377,
        0.9326153
      ],
      [
        -0.175488248,
        0.9172898,
        0.357467771
      ],
      [
        -0.9843662,
        -0.169049427,
        -0.0494516566
      ]
    ],
    "translation": [
      2.12747073,
      0.760621,
      -0.7667965
    ]
  },
  {
    "timeStamp": 26060,
    "rotation": [
      [
        0.0136814835,
        -0.368157685,
        0.9296627
      ],
      [
        -0.157305077,
        0.9173797,
        0.365608484
      ],
      [
        -0.9874553,
        -0.151242733,
        -0.0453619622
      ]
    ],
    "translation": [
      2.12696075,
      0.7609022,
      -0.766472936
    ]
  },
  {
    "timeStamp": 26104,
    "rotation": [
      [
        0.0215815865,
        -0.374606848,
        0.9269325
      ],
      [
        -0.134920508,
        0.9175757,
        0.373966783
      ],
      [
        -0.9906213,
        -0.133133009,
        -0.0307394061
      ]
    ],
    "translation": [
      2.125836,
      0.7616397,
      -0.7672368
    ]
  },
  {
    "timeStamp": 26160,
    "rotation": [
      [
        0.0188609771,
        -0.380540133,
        0.924572051
      ],
      [
        -0.09589837,
        0.9197845,
        0.380525947
      ],
      [
        -0.9952124,
        -0.09584204,
        -0.0191451441
      ]
    ],
    "translation": [
      2.123916,
      0.762548268,
      -0.7681071
    ]
  },
  {
    "timeStamp": 26204,
    "rotation": [
      [
        0.0100215152,
        -0.379382253,
        0.92518574
      ],
      [
        -0.074386254,
        0.922385752,
        0.379039824
      ],
      [
        -0.997179151,
        -0.0726196542,
        -0.01897712
      ]
    ],
    "translation": [
      2.12385654,
      0.763113856,
      -0.767303169
    ]
  },
  {
    "timeStamp": 26260,
    "rotation": [
      [
        0.004732151,
        -0.393425077,
        0.9193445
      ],
      [
        -0.0630878955,
        0.917405844,
        0.392920226
      ],
      [
        -0.997996747,
        -0.05985887,
        -0.0204790588
      ]
    ],
    "translation": [
      2.12297463,
      0.7636471,
      -0.7671404
    ]
  }
]