[
  {
    "timeStamp": 6047,
    "rotation": [
      [
        0.00653709751,
        0.9999786,
        0.000298736122
      ],
      [
        0.004355075,
        -0.000327209826,
        0.999990463
      ],
      [
        0.9999691,
        -0.006535734,
        -0.00435712049
      ]
    ],
    "translation": [
      1.46171987,
      0.704708,
      -0.6204952
    ]
  },
  {
    "timeStamp": 6102,
    "rotation": [
      [
        0.0105823958,
        0.9998797,
        0.0113414107
      ],
      [
        -0.002583965,
        -0.011314664,
        0.999932647
      ],
      [
        0.9999407,
        -0.0106109893,
        0.00246391771
      ]
    ],
    "translation": [
      1.46164453,
      0.70572567,
      -0.620887637
    ]
  },
  {
    "timeStamp": 6147,
    "rotation": [
      [
        0.01874285,
        0.9995001,
        0.0254614167
      ],
      [
        -0.0051711956,
        -0.02536864,
        0.9996648
      ],
      [
        0.999811,
        -0.0188682359,
        0.00469312957
      ]
    ],
    "translation": [
      1.46244133,
      0.714915156,
      -0.620878935
    ]
  },
  {
    "timeStamp": 6202,
    "rotation": [
      [
        0.03881879,
        0.9976642,
        0.0562073439
      ],
      [
        -0.0137200905,
        -0.0557122827,
        0.9983526
      ],
      [
        0.9991521,
        -0.0395260155,
        0.011525359
      ]
    ],
    "translation": [
      1.46545827,
      0.741243839,
      -0.621995449
    ]
  },
  {
    "timeStamp": 6246,
    "rotation": [
      [
        0.0516773537,
        0.994110346,
        0.09525758
      ],
      [
        -0.0120444912,
        -0.0947576761,
        0.9954275
      ],
      [
        0.9985912,
        -0.052588392,
        0.007076727
      ]
    ],
    "translation": [
      1.468828,
      0.77376914,
      -0.624872
    ]
  },
  {
    "timeStamp": 6302,
    "rotation": [
      [
        0.0726789758,
        0.9890195,
        0.128678486
      ],
      [
        0.005546931,
        -0.129418522,
        0.9915745
      ],
      [
        0.997339964,
        -0.07135285,
        -0.0148920286
      ]
    ],
    "translation": [
      1.4766016,
      0.8204647,
      -0.628924668
    ]
  },
  {
    "timeStamp": 6347,
    "rotation": [
      [
        0.107211471,
        0.9827537,
        0.1506684
      ],
      [
        0.0106853768,
        -0.152672023,
        0.988219142
      ],
      [
        0.994178832,
        -0.104338475,
        -0.026869284
      ]
    ],
    "translation": [
      1.4858613,
      0.86028254,
      -0.6311724
    ]
  },
  {
    "timeStamp": 6401,
    "rotation": [
      [
        0.175364763,
        0.962564945,
        0.206678286
      ],
      [
        -0.0258966014,
        -0.205348819,
        0.978346169
      ],
      [
        0.984162867,
        -0.176919714,
        -0.0110837836
      ]
    ],
    "translation": [
      1.50019646,
      0.921394646,
      -0.627909
    ]
  },
  {
    "timeStamp": 6445,
    "rotation": [
      [
        0.246715859,
        0.9363993,
        0.2495752
      ],
      [
        -0.06532709,
        -0.240880027,
        0.968353868
      ],
      [
        0.9668835,
        -0.255212277,
        0.00174331712
      ]
    ],
    "translation": [
      1.5197258,
      0.9724655,
      -0.6206818
    ]
  },
  {
    "timeStamp": 6501,
    "rotation": [
      [
        0.3474806,
        0.883484542,
        0.314185232
      ],
      [
        -0.07262412,
        -0.30870074,
        0.9483826
      ],
      [
        0.934870541,
        -0.352361977,
        -0.0431052372
      ]
    ],
    "translation": [
      1.55356622,
      1.04337859,
      -0.602046251
    ]
  },
  {
    "timeStamp": 6546,
    "rotation": [
      [
        0.440381885,
        0.8388876,
        0.319892853
      ],
      [
        -0.048623763,
        -0.3334954,
        0.941496968
      ],
      [
        0.8964929,
        -0.430172622,
        -0.106075466
      ]
    ],
    "translation": [
      1.59688807,
      1.0966084,
      -0.585909
    ]
  },
  {
    "timeStamp": 6601,
    "rotation": [
      [
        0.571455956,
        0.7753389,
        0.268863678
      ],
      [
        0.0140362792,
        -0.336816639,
        0.9414656
      ],
      [
        0.8205127,
        -0.5342323,
        -0.20335874
      ]
    ],
    "translation": [
      1.663744,
      1.15433145,
      -0.5622443
    ]
  },
  {
    "timeStamp": 6646,
    "rotation": [
      [
        0.6564772,
        0.731589735,
        0.18388623
      ],
      [
        0.07021203,
        -0.3019704,
        0.950728238
      ],
      [
        0.7510712,
        -0.6112204,
        -0.249603063
      ]
    ],
    "translation": [
      1.7322675,
      1.18887353,
      -0.5485577
    ]
  },
  {
    "timeStamp": 6701,
    "rotation": [
      [
        0.725793064,
        0.6878835,
        0.00638148328
      ],
      [
        0.162159592,
        -0.180096716,
        0.9701904
      ],
      [
        0.668527246,
        -0.7031226,
        -0.242259845
      ]
    ],
    "translation": [
      1.81722891,
      1.21558654,
      -0.541362643
    ]
  },
  {
    "timeStamp": 6746,
    "rotation": [
      [
        0.73928833,
        0.651098669,
        -0.171823412
      ],
      [
        0.268950582,
        -0.0515697747,
        0.9617724
      ],
      [
        0.6173478,
        -0.757239163,
        -0.213238284
      ]
    ],
    "translation": [
      1.89046013,
      1.22170627,
      -0.5417368
    ]
  },
  {
    "timeStamp": 6801,
    "rotation": [
      [
        0.6561079,
        0.6145884,
        -0.437953919
      ],
      [
        0.458856881,
        0.135849744,
        0.8780633
      ],
      [
        0.599143445,
        -0.7770625,
        -0.192876
      ]
    ],
    "translation": [
      1.97448277,
      1.228617,
      -0.5532116
    ]
  },
  {
    "timeStamp": 6847,
    "rotation": [
      [
        0.5228368,
        0.5993789,
        -0.6061242
      ],
      [
        0.4656484,
        0.39477,
        0.7920405
      ],
      [
        0.714012,
        -0.6963487,
        -0.07269954
      ]
    ],
    "translation": [
      2.025562,
      1.21110344,
      -0.578729868
    ]
  },
  {
    "timeStamp": 6902,
    "rotation": [
      [
        0.427227765,
        0.397529274,
        -0.812063336
      ],
      [
        0.4943685,
        0.649297237,
        0.577938437
      ],
      [
        0.75701797,
        -0.6483699,
        0.08087185
      ]
    ],
    "translation": [
      2.10574555,
      1.18245578,
      -0.599302053
    ]
  },
  {
    "timeStamp": 6946,
    "rotation": [
      [
        0.2539104,
        0.185920119,
        -0.949190855
      ],
      [
        0.5146329,
        0.804942548,
        0.29533118
      ],
      [
        0.8189521,
        -0.5634725,
        0.10870266
      ]
    ],
    "translation": [
      2.16877556,
      1.173244,
      -0.611614347
    ]
  },
  {
    "timeStamp": 7002,
    "rotation": [
      [
        0.159638986,
        0.05391327,
        -0.985702157
      ],
      [
        0.411033958,
        0.9042065,
        0.116024673
      ],
      [
        0.897533536,
        -0.4236791,
        0.122186422
      ]
    ],
    "translation": [
      2.21184635,
      1.15075839,
      -0.633121431
    ]
  },
  {
    "timeStamp": 7046,
    "rotation": [
      [
        0.131393075,
        0.0424792543,
        -0.9904198
      ],
      [
        0.331622034,
        0.9396388,
        0.0842955559
      ],
      [
        0.934217751,
        -0.339520872,
        0.10937497
      ]
    ],
    "translation": [
      2.22495937,
      1.13061059,
      -0.6413644
    ]
  },
  {
    "timeStamp": 7102,
    "rotation": [
      [
        0.06743197,
        -0.0359842256,
        -0.9970748
      ],
      [
        0.2576235,
        0.966087937,
        -0.01744289
      ],
      [
        0.963889539,
        -0.255693674,
        0.0744156
      ]
    ],
    "translation": [
      2.246115,
      1.10922325,
      -0.6424354
    ]
  },
  {
    "timeStamp": 7146,
    "rotation": [
      [
        0.0254393611,
        -0.0536106378,
        -0.9982378
      ],
      [
        0.2167109,
        0.975111246,
        -0.046845898
      ],
      [
        0.9759043,
        -0.215137273,
        0.0364242159
      ]
    ],
    "translation": [
      2.25727677,
      1.09063971,
      -0.638115
    ]
  },
  {
    "timeStamp": 7202,
    "rotation": [
      [
        -0.00400373852,
        -0.0683996156,
        -0.99765
      ],
      [
        0.150779217,
        0.986210763,
        -0.06822044
      ],
      [
        0.988559365,
        -0.150698,
        0.00636471063
      ]
    ],
    "translation": [
      2.265709,
      1.06785619,
      -0.633424461
    ]
  },
  {
    "timeStamp": 7246,
    "rotation": [
      [
        -0.0269789267,
        -0.08498372,
        -0.996017039
      ],
      [
        0.145807013,
        0.985389054,
        -0.08802635
      ],
      [
        0.9889451,
        -0.147601128,
        -0.0141935181
      ]
    ],
    "translation": [
      2.27242422,
      1.05343771,
      -0.623270154
    ]
  },
  {
    "timeStamp": 7302,
    "rotation": [
      [
        -0.0435402,
        -0.08625994,
        -0.9953208
      ],
      [
        0.1293751,
        0.987389863,
        -0.0912321061
      ],
      [
        0.9906393,
        -0.132742,
        -0.0318312645
      ]
    ],
    "translation": [
      2.2771318,
      1.03559339,
      -0.610008359
    ]
  },
  {
    "timeStamp": 7352,
    "rotation": [
      [
        -0.0705527961,
        -0.103521794,
        -0.992121756
      ],
      [
        0.115792118,
        0.9870265,
        -0.111224465
      ],
      [
        0.9907646,
        -0.122727074,
        -0.057650473
      ]
    ],
    "translation": [
      2.283329,
      1.02114642,
      -0.5989324
    ]
  },
  {
    "timeStamp": 7397,
    "rotation": [
      [
        -0.07193357,
        -0.0840933546,
        -0.9938581
      ],
      [
        0.105540112,
        0.9902036,
        -0.09142293
      ],
      [
        0.9918099,
        -0.111468263,
        -0.0623536557
      ]
    ],
    "translation": [
      2.281999,
      1.006472,
      -0.5932787
    ]
  },
  {
    "timeStamp": 7452,
    "rotation": [
      [
        -0.07637747,
        -0.07157543,
        -0.9945066
      ],
      [
        0.0846430957,
        0.993354261,
        -0.07799303
      ],
      [
        0.9934797,
        -0.09013503,
        -0.0698115155
      ]
    ],
    "translation": [
      2.280495,
      0.989186168,
      -0.588701069
    ]
  },
  {
    "timeStamp": 7496,
    "rotation": [
      [
        -0.0762905255,
        -0.06857814,
        -0.994724452
      ],
      [
        0.0767930448,
        0.994264543,
        -0.07443609
      ],
      [
        0.994124,
        -0.08206669,
        -0.0705866441
      ]
    ],
    "translation": [
      2.28114057,
      0.97525686,
      -0.586266041
    ]
  },
  {
    "timeStamp": 7552,
    "rotation": [
      [
        -0.06514495,
        -0.0411466472,
        -0.997027159
      ],
      [
        0.06875398,
        0.996589959,
        -0.0456209369
      ],
      [
        0.995504439,
        -0.07152156,
        -0.06209381
      ]
    ],
    "translation": [
      2.27866364,
      0.9576111,
      -0.5836103
    ]
  },
  {
    "timeStamp": 7596,
    "rotation": [
      [
        -0.030559022,
        0.0149277523,
        -0.999421537
      ],
      [
        0.0318486169,
        0.9993953,
        0.0139535349
      ],
      [
        0.9990254,
        -0.0314037837,
        -0.0310159717
      ]
    ],
    "translation": [
      2.279921,
      0.9461399,
      -0.5874221
    ]
  },
  {
    "timeStamp": 7652,
    "rotation": [
      [
        -0.0222914778,
        0.0785997137,
        -0.996656954
      ],
      [
        0.036050085,
        0.996319532,
        0.0777668
      ],
      [
        0.999101341,
        -0.0341960341,
        -0.0250429623
      ]
    ],
    "translation": [
      2.28166914,
      0.9306593,
      -0.5886873
    ]
  },
  {
    "timeStamp": 7696,
    "rotation": [
      [
        -0.04300338,
        0.132866308,
        -0.990200639
      ],
      [
        0.04318744,
        0.9904382,
        0.1310226
      ],
      [
        0.99814105,
        -0.0371298157,
        -0.048330348
      ]
    ],
    "translation": [
      2.28334045,
      0.9161882,
      -0.583530068
    ]
  },
  {
    "timeStamp": 7753,
    "rotation": [
      [
        -0.07568442,
        0.2233645,
        -0.9717922
      ],
      [
        0.07730779,
        0.972968459,
        0.217614025
      ],
      [
        0.9941305,
        -0.0586571246,
        -0.09090637
      ]
    ],
    "translation": [
      2.28442383,
      0.895081043,
      -0.5759917
    ]
  },
  {
    "timeStamp": 7798,
    "rotation": [
      [
        -0.08960223,
        0.2836264,
        -0.9547395
      ],
      [
        0.0914937258,
        0.9568861,
        0.275677383
      ],
      [
        0.9917663,
        -0.06265136,
        -0.111689158
      ]
    ],
    "translation": [
      2.28444338,
      0.881579161,
      -0.571882
    ]
  },
  {
    "timeStamp": 7856,
    "rotation": [
      [
        -0.09336189,
        0.332283437,
        -0.9385474
      ],
      [
        0.111573584,
        0.940218747,
        0.3217764
      ],
      [
        0.989360869,
        -0.07467545,
        -0.124854654
      ]
    ],
    "translation": [
      2.28499675,
      0.870585,
      -0.569846034
    ]
  },
  {
    "timeStamp": 7901,
    "rotation": [
      [
        -0.0917067453,
        0.334876359,
        -0.9377887
      ],
      [
        0.114181757,
        0.939081967,
        0.324172258
      ],
      [
        0.9892181,
        -0.07734958,
        -0.124356911
      ]
    ],
    "translation": [
      2.28470945,
      0.870066047,
      -0.570216
    ]
  },
  {
    "timeStamp": 7946,
    "rotation": [
      [
        -0.0821038261,
        0.333514422,
        -0.93916297
      ],
      [
        0.128499672,
        0.9380214,
        0.321875274
      ],
      [
        0.9883051,
        -0.09425495,
        -0.119871631
      ]
    ],
    "translation": [
      2.28492212,
      0.871615,
      -0.5705683
    ]
  },
  {
    "timeStamp": 8001,
    "rotation": [
      [
        -0.07917804,
        0.274838626,
        -0.9582247
      ],
      [
        0.099105455,
        0.9586506,
        0.2667717
      ],
      [
        0.9919218,
        -0.07384283,
        -0.10314209
      ]
    ],
    "translation": [
      2.28645921,
      0.883350968,
      -0.5743437
    ]
  },
  {
    "timeStamp": 8046,
    "rotation": [
      [
        -0.0680318549,
        0.213243172,
        -0.9746277
      ],
      [
        0.0921596438,
        0.9740574,
        0.206685379
      ],
      [
        0.9934175,
        -0.0757601559,
        -0.08591934
      ]
    ],
    "translation": [
      2.28448081,
      0.8965732,
      -0.5778082
    ]
  },
  {
    "timeStamp": 8101,
    "rotation": [
      [
        -0.0483464152,
        0.107968152,
        -0.9929781
      ],
      [
        0.0602314,
        0.9926466,
        0.104999542
      ],
      [
        0.997013,
        -0.05473211,
        -0.05449398
      ]
    ],
    "translation": [
      2.28235865,
      0.917986035,
      -0.5818939
    ]
  },
  {
    "timeStamp": 8146,
    "rotation": [
      [
        -0.00129323208,
        0.0146590807,
        -0.9998917
      ],
      [
        0.0186153185,
        0.9997196,
        0.0146324821
      ],
      [
        0.999825835,
        -0.0185943786,
        -0.001565753
      ]
    ],
    "translation": [
      2.27893019,
      0.933963656,
      -0.589436054
    ]
  },
  {
    "timeStamp": 8200,
    "rotation": [
      [
        -0.0129619241,
        -0.00594231253,
        -0.9998983
      ],
      [
        0.0328368,
        0.999440432,
        -0.006365263
      ],
      [
        0.999376655,
        -0.03291597,
        -0.0127595449
      ]
    ],
    "translation": [
      2.28131914,
      0.9442198,
      -0.583779931
    ]
  },
  {
    "timeStamp": 8252,
    "rotation": [
      [
        -0.007878015,
        -0.021781113,
        -0.9997317
      ],
      [
        0.03476849,
        0.999152243,
        -0.02204247
      ],
      [
        0.9993643,
        -0.03493281,
        -0.00711404
      ]
    ],
    "translation": [
      2.28641176,
      0.9538616,
      -0.5823378
    ]
  },
  {
    "timeStamp": 8296,
    "rotation": [
      [
        -0.00118962338,
        -0.0182844643,
        -0.999832153
      ],
      [
        0.0431667455,
        0.998899937,
        -0.0183187779
      ],
      [
        0.9990672,
        -0.0431812927,
        -0.0003990338
      ]
    ],
    "translation": [
      2.28812075,
      0.9574345,
      -0.5808889
    ]
  },
  {
    "timeStamp": 8352,
    "rotation": [
      [
        0.00298543251,
        -0.0175042562,
        -0.9998423
      ],
      [
        0.0417425074,
        0.9989775,
        -0.0173644759
      ],
      [
        0.999123931,
        -0.0416840874,
        0.00371305132
      ]
    ],
    "translation": [
      2.289687,
      0.9606512,
      -0.582975864
    ]
  },
  {
    "timeStamp": 8396,
    "rotation": [
      [
        0.006247744,
        -0.0154742636,
        -0.999860764
      ],
      [
        0.05544789,
        0.998347342,
        -0.0151043683
      ],
      [
        0.998442054,
        -0.0553458035,
        0.00709543331
      ]
    ],
    "translation": [
      2.289986,
      0.9613087,
      -0.5818471
    ]
  },
  {
    "timeStamp": 8452,
    "rotation": [
      [
        0.010983279,
        -0.0216562543,
        -0.999705136
      ],
      [
        0.05170155,
        0.9984405,
        -0.0210608374
      ],
      [
        0.9986022,
        -0.0514549874,
        0.0120858122
      ]
    ],
    "translation": [
      2.29069376,
      0.9582458,
      -0.58192575
    ]
  },
  {
    "timeStamp": 8497,
    "rotation": [
      [
        0.0159738548,
        -0.01957674,
        -0.9996807
      ],
      [
        0.05696445,
        0.998202264,
        -0.0186375529
      ],
      [
        0.9982484,
        -0.056648545,
        0.0170603152
      ]
    ],
    "translation": [
      2.2906878,
      0.9515172,
      -0.580626965
    ]
  },
  {
    "timeStamp": 8552,
    "rotation": [
      [
        0.02150208,
        -0.011581813,
        -0.9997017
      ],
      [
        0.0572712533,
        0.998305142,
        -0.0103338156
      ],
      [
        0.998127043,
        -0.05703197,
        0.0221289415
      ]
    ],
    "translation": [
      2.290585,
      0.939537644,
      -0.5800552
    ]
  },
  {
    "timeStamp": 8596,
    "rotation": [
      [
        0.0283588432,
        -0.0124638351,
        -0.999520063
      ],
      [
        0.0570171438,
        0.9983145,
        -0.0108310841
      ],
      [
        0.997970343,
        -0.0566826239,
        0.0290216953
      ]
    ],
    "translation": [
      2.2903018,
      0.931836963,
      -0.5789963
    ]
  },
  {
    "timeStamp": 8662,
    "rotation": [
      [
        0.03685903,
        0.00554923341,
        -0.999305069
      ],
      [
        0.0518246926,
        0.9986284,
        0.00745701231
      ],
      [
        0.9979757,
        -0.0520635322,
        0.03652089
      ]
    ],
    "translation": [
      2.286704,
      0.921944261,
      -0.5787379
    ]
  },
  {
    "timeStamp": 8696,
    "rotation": [
      [
        0.0379271656,
        0.0149553176,
        -0.999168634
      ],
      [
        0.04579656,
        0.998811364,
        0.01668835
      ],
      [
        0.9982305,
        -0.0463914238,
        0.0371971875
      ]
    ],
    "translation": [
      2.28433514,
      0.9157017,
      -0.5784888
    ]
  },
  {
    "timeStamp": 8751,
    "rotation": [
      [
        0.0338711031,
        0.00962659251,
        -0.9993798
      ],
      [
        0.0543257967,
        0.9984575,
        0.011458925
      ],
      [
        0.9979486,
        -0.054680232,
        0.0332958847
      ]
    ],
    "translation": [
      2.28368545,
      0.9080625,
      -0.5749135
    ]
  },
  {
    "timeStamp": 8796,
    "rotation": [
      [
        0.0333926342,
        0.007708509,
        -0.999412537
      ],
      [
        0.04877786,
        0.998766065,
        0.0093333
      ],
      [
        0.9982513,
        -0.0490608737,
        0.03297542
      ]
    ],
    "translation": [
      2.28360438,
      0.9018172,
      -0.5742025
    ]
  },
  {
    "timeStamp": 8851,
    "rotation": [
      [
        0.02595782,
        0.00412083045,
        -0.999654531
      ],
      [
        0.0508091226,
        0.9986936,
        0.005436219
      ],
      [
        0.998371,
        -0.0509326831,
        0.0257145315
      ]
    ],
    "translation": [
      2.28361535,
      0.895158052,
      -0.5714202
    ]
  },
  {
    "timeStamp": 8896,
    "rotation": [
      [
        0.0253927782,
        -0.0009042478,
        -0.9996772
      ],
      [
        0.04420404,
        0.999022543,
        0.000219170252
      ],
      [
        0.9986998,
        -0.0441953354,
        0.025407929
      ]
    ],
    "translation": [
      2.28445,
      0.8893987,
      -0.5696565
    ]
  },
  {
    "timeStamp": 8952,
    "rotation": [
      [
        0.0306555461,
        0.007098927,
        -0.9995048
      ],
      [
        0.0406923555,
        0.999136865,
        0.008344378
      ],
      [
        0.9987014,
        -0.0409280062,
        0.0303402152
      ]
    ],
    "translation": [
      2.282761,
      0.882529,
      -0.567964554
    ]
  },
  {
    "timeStamp": 8996,
    "rotation": [
      [
        0.0286627077,
        0.00544186542,
        -0.9995743
      ],
      [
        0.036753796,
        0.9993032,
        0.00649430137
      ],
      [
        0.9989132,
        -0.0369242951,
        0.0284427274
      ]
    ],
    "translation": [
      2.282387,
      0.877966,
      -0.5664253
    ]
  },
  {
    "timeStamp": 9052,
    "rotation": [
      [
        0.0267355368,
        0.005375119,
        -0.999628067
      ],
      [
        0.03447782,
        0.9993856,
        0.0062959413
      ],
      [
        0.9990478,
        -0.0346333236,
        0.0265337881
      ]
    ],
    "translation": [
      2.28187966,
      0.8717878,
      -0.5629475
    ]
  },
  {
    "timeStamp": 9097,
    "rotation": [
      [
        0.0230261758,
        0.00862389151,
        -0.9996977
      ],
      [
        0.03327002,
        0.9994023,
        0.009387657
      ],
      [
        0.9991811,
        -0.03347612,
        0.0227254983
      ]
    ],
    "translation": [
      2.28089356,
      0.8664864,
      -0.560769439
    ]
  },
  {
    "timeStamp": 9154,
    "rotation": [
      [
        0.013857685,
        0.00497138826,
        -0.999891639
      ],
      [
        0.0266836118,
        0.9996297,
        0.005339899
      ],
      [
        0.9995479,
        -0.0267547183,
        0.0137198986
      ]
    ],
    "translation": [
      2.28041387,
      0.8608941,
      -0.5579578
    ]
  },
  {
    "timeStamp": 9199,
    "rotation": [
      [
        0.008528683,
        0.0107383346,
        -0.999906
      ],
      [
        0.0228865668,
        0.9996783,
        0.0109311
      ],
      [
        0.9997017,
        -0.0229776427,
        0.008280177
      ]
    ],
    "translation": [
      2.279483,
      0.8567586,
      -0.554955959
    ]
  },
  {
    "timeStamp": 9245,
    "rotation": [
      [
        0.000625114,
        0.0194757488,
        -0.9998101
      ],
      [
        0.0188170467,
        0.9996331,
        0.0194840655
      ],
      [
        0.9998227,
        -0.0188256521,
        0.0002584086
      ]
    ],
    "translation": [
      2.27957249,
      0.854187369,
      -0.5526613
    ]
  },
  {
    "timeStamp": 9301,
    "rotation": [
      [
        -0.000365800865,
        0.0272078272,
        -0.999629736
      ],
      [
        0.0113329254,
        0.9995657,
        0.0272019375
      ],
      [
        0.9999357,
        -0.0113187777,
        -0.0006739863
      ]
    ],
    "translation": [
      2.27956748,
      0.8511713,
      -0.551368237
    ]
  },
  {
    "timeStamp": 9345,
    "rotation": [
      [
        -0.004470271,
        0.0272550937,
        -0.99961853
      ],
      [
        0.011450191,
        0.99956435,
        0.0272024125
      ],
      [
        0.9999244,
        -0.01132422,
        -0.0047804
      ]
    ],
    "translation": [
      2.27920556,
      0.848947942,
      -0.549479
    ]
  },
  {
    "timeStamp": 9401,
    "rotation": [
      [
        -0.0129539007,
        0.0334859453,
        -0.999355257
      ],
      [
        0.008537147,
        0.999406338,
        0.0333769955
      ],
      [
        0.999879658,
        -0.00809928,
        -0.0132320849
      ]
    ],
    "translation": [
      2.27962685,
      0.846991062,
      -0.5473261
    ]
  }
]