[
  {
    "timeStamp": 31846,
    "rotation": [
      [
        0.9231318,
        -0.35207817,
        0.154494449
      ],
      [
        -0.138701931,
        0.06981493,
        0.9878703
      ],
      [
        -0.358593553,
        -0.93336314,
        0.0156144639
      ]
    ],
    "translation": [
      1.76652563,
      0.7054244,
      -0.364575684
    ]
  },
  {
    "timeStamp": 31902,
    "rotation": [
      [
        0.9240782,
        -0.345145464,
        0.164176822
      ],
      [
        -0.174635187,
        0.000803504547,
        0.9846329
      ],
      [
        -0.3399735,
        -0.9385488,
        -0.0595320426
      ]
    ],
    "translation": [
      1.76488745,
      0.72863245,
      -0.365703821
    ]
  },
  {
    "timeStamp": 31946,
    "rotation": [
      [
        0.92177856,
        -0.327480942,
        0.2075585
      ],
      [
        -0.2266704,
        -0.0208567921,
        0.9737482
      ],
      [
        -0.314555,
        -0.9446275,
        -0.09345558
      ]
    ],
    "translation": [
      1.75965786,
      0.7502336,
      -0.375611365
    ]
  },
  {
    "timeStamp": 32003,
    "rotation": [
      [
        0.932055533,
        -0.26324904,
        0.248942465
      ],
      [
        -0.274598449,
        -0.065018326,
        0.9593583
      ],
      [
        -0.236364335,
        -0.9625344,
        -0.132888481
      ]
    ],
    "translation": [
      1.75004232,
      0.7828503,
      -0.4006961
    ]
  },
  {
    "timeStamp": 32046,
    "rotation": [
      [
        0.9409835,
        -0.207175,
        0.267635345
      ],
      [
        -0.292914569,
        -0.102334619,
        0.95064646
      ],
      [
        -0.169561833,
        -0.972936869,
        -0.156979769
      ]
    ],
    "translation": [
      1.74569535,
      0.809231043,
      -0.429848433
    ]
  },
  {
    "timeStamp": 32101,
    "rotation": [
      [
        0.9363359,
        -0.118487924,
        0.330508024
      ],
      [
        -0.340233982,
        -0.07377112,
        0.9374426
      ],
      [
        -0.0866936743,
        -0.9902113,
        -0.109388173
      ]
    ],
    "translation": [
      1.73765171,
      0.826697946,
      -0.479868352
    ]
  },
  {
    "timeStamp": 32146,
    "rotation": [
      [
        0.9356201,
        -0.0557376631,
        0.3485805
      ],
      [
        -0.351546079,
        -0.0573237352,
        0.9344139
      ],
      [
        -0.03210011,
        -0.9967986,
        -0.07322759
      ]
    ],
    "translation": [
      1.73728573,
      0.837317169,
      -0.524681747
    ]
  },
  {
    "timeStamp": 32201,
    "rotation": [
      [
        0.9229322,
        0.0279146209,
        0.383949161
      ],
      [
        -0.382098645,
        -0.05500544,
        0.9224831
      ],
      [
        0.0468700528,
        -0.998095751,
        -0.0401001535
      ]
    ],
    "translation": [
      1.73978615,
      0.8563244,
      -0.5828277
    ]
  },
  {
    "timeStamp": 32246,
    "rotation": [
      [
        0.933144033,
        0.0530342236,
        0.355569333
      ],
      [
        -0.3528987,
        -0.0535760969,
        0.9341264
      ],
      [
        0.0685906857,
        -0.9971545,
        -0.0312785059
      ]
    ],
    "translation": [
      1.752383,
      0.8651128,
      -0.6253168
    ]
  },
  {
    "timeStamp": 32301,
    "rotation": [
      [
        0.917074144,
        0.0584506355,
        0.39440906
      ],
      [
        -0.392849565,
        -0.0366108231,
        0.918873668
      ],
      [
        0.06814839,
        -0.9976188,
        -0.0106125316
      ]
    ],
    "translation": [
      1.77373123,
      0.881266236,
      -0.6729995
    ]
  },
  {
    "timeStamp": 32346,
    "rotation": [
      [
        0.923898041,
        0.0233500134,
        0.381925762
      ],
      [
        -0.380777061,
        -0.04223889,
        0.923701644
      ],
      [
        0.0377005637,
        -0.99883467,
        -0.030133279
      ]
    ],
    "translation": [
      1.79999232,
      0.895514369,
      -0.700937867
    ]
  },
  {
    "timeStamp": 32401,
    "rotation": [
      [
        0.9122556,
        -0.0611253828,
        0.405035019
      ],
      [
        -0.409014285,
        -0.08211314,
        0.908826
      ],
      [
        -0.02229363,
        -0.994746745,
        -0.09990932
      ]
    ],
    "translation": [
      1.84073043,
      0.923129439,
      -0.726406455
    ]
  },
  {
    "timeStamp": 32446,
    "rotation": [
      [
        0.904702842,
        -0.160490885,
        0.394658625
      ],
      [
        -0.416887462,
        -0.14246875,
        0.8977235
      ],
      [
        -0.087849915,
        -0.97670126,
        -0.195798516
      ]
    ],
    "translation": [
      1.88278043,
      0.9491941,
      -0.7385992
    ]
  },
  {
    "timeStamp": 32501,
    "rotation": [
      [
        0.876964867,
        -0.32050547,
        0.358062565
      ],
      [
        -0.4386509,
        -0.229587287,
        0.868835449
      ],
      [
        -0.196259886,
        -0.9190026,
        -0.34193
      ]
    ],
    "translation": [
      1.9454987,
      0.9820849,
      -0.7478364
    ]
  },
  {
    "timeStamp": 32546,
    "rotation": [
      [
        0.840370536,
        -0.443535417,
        0.311534554
      ],
      [
        -0.4494754,
        -0.249067873,
        0.8578678
      ],
      [
        -0.3029015,
        -0.8609539,
        -0.408667564
      ]
    ],
    "translation": [
      1.99878478,
      0.991542935,
      -0.750673354
    ]
  },
  {
    "timeStamp": 32606,
    "rotation": [
      [
        0.7759734,
        -0.5725164,
        0.264745653
      ],
      [
        -0.46643585,
        -0.238274351,
        0.8518585
      ],
      [
        -0.4246208,
        -0.78450644,
        -0.4519367
      ]
    ],
    "translation": [
      2.06627131,
      0.98619765,
      -0.7515658
    ]
  },
  {
    "timeStamp": 32652,
    "rotation": [
      [
        0.77041465,
        -0.6040426,
        0.203945816
      ],
      [
        -0.4147453,
        -0.231896743,
        0.8798922
      ],
      [
        -0.484197944,
        -0.7624674,
        -0.429180443
      ]
    ],
    "translation": [
      2.111303,
      0.9662984,
      -0.7441467
    ]
  },
  {
    "timeStamp": 32696,
    "rotation": [
      [
        0.7618098,
        -0.618114769,
        0.193855524
      ],
      [
        -0.404931,
        -0.220791534,
        0.8872891
      ],
      [
        -0.505644858,
        -0.754443645,
        -0.41849497
      ]
    ],
    "translation": [
      2.1418314,
      0.948078454,
      -0.734006941
    ]
  },
  {
    "timeStamp": 32751,
    "rotation": [
      [
        0.72260654,
        -0.6655875,
        0.18663609
      ],
      [
        -0.425675124,
        -0.215722978,
        0.87878567
      ],
      [
        -0.544647038,
        -0.714462638,
        -0.439206868
      ]
    ],
    "translation": [
      2.18102527,
      0.9295565,
      -0.720898151
    ]
  },
  {
    "timeStamp": 32796,
    "rotation": [
      [
        0.735585153,
        -0.6453678,
        0.205948636
      ],
      [
        -0.426381618,
        -0.2048282,
        0.8810472
      ],
      [
        -0.5264154,
        -0.735897958,
        -0.42584157
      ]
    ],
    "translation": [
      2.19490314,
      0.9134863,
      -0.7057207
    ]
  },
  {
    "timeStamp": 32851,
    "rotation": [
      [
        0.7555535,
        -0.626444638,
        0.191588163
      ],
      [
        -0.412700176,
        -0.228055224,
        0.8818556
      ],
      [
        -0.508741,
        -0.7453576,
        -0.430841744
      ]
    ],
    "translation": [
      2.20711851,
      0.9005627,
      -0.6868404
    ]
  },
  {
    "timeStamp": 32896,
    "rotation": [
      [
        0.7467674,
        -0.6279353,
        0.219170555
      ],
      [
        -0.43548286,
        -0.21258238,
        0.8747362
      ],
      [
        -0.502685964,
        -0.7486695,
        -0.432204664
      ]
    ],
    "translation": [
      2.213416,
      0.8908832,
      -0.6722127
    ]
  },
  {
    "timeStamp": 32951,
    "rotation": [
      [
        0.756692946,
        -0.610739946,
        0.233264744
      ],
      [
        -0.444044769,
        -0.218250766,
        0.8690172
      ],
      [
        -0.479833335,
        -0.7611592,
        -0.436344683
      ]
    ],
    "translation": [
      2.2160244,
      0.8825158,
      -0.657288432
    ]
  },
  {
    "timeStamp": 32996,
    "rotation": [
      [
        0.7589707,
        -0.604555249,
        0.241818935
      ],
      [
        -0.442723453,
        -0.206816018,
        0.872481
      ],
      [
        -0.477450937,
        -0.7692464,
        -0.4246181
      ]
    ],
    "translation": [
      2.21804643,
      0.873916149,
      -0.6479461
    ]
  },
  {
    "timeStamp": 33051,
    "rotation": [
      [
        0.7407989,
        -0.6183867,
        0.262325853
      ],
      [
        -0.462552935,
        -0.186424524,
        0.866770267
      ],
      [
        -0.487095237,
        -0.763442039,
        -0.424139678
      ]
    ],
    "translation": [
      2.22218752,
      0.864073634,
      -0.6390644
    ]
  },
  {
    "timeStamp": 33096,
    "rotation": [
      [
        0.7402141,
        -0.6107336,
        0.2812249
      ],
      [
        -0.47282207,
        -0.175440431,
        0.863516033
      ],
      [
        -0.478040069,
        -0.77215606,
        -0.418631852
      ]
    ],
    "translation": [
      2.2210815,
      0.857727766,
      -0.6336263
    ]
  },
  {
    "timeStamp": 33153,
    "rotation": [
      [
        0.7324384,
        -0.616229,
        0.289475173
      ],
      [
        -0.481341332,
        -0.167992651,
        0.860284269
      ],
      [
        -0.4815024,
        -0.7694416,
        -0.419660747
      ]
    ],
    "translation": [
      2.22005582,
      0.8525821,
      -0.629221
    ]
  }
]