[
  {
    "timeStamp": 24059,
    "rotation": [
      [
        0.999966741,
        0.00814992748,
        -4.437317E-05
      ],
      [
        7.82530551E-05,
        -0.00415680651,
        0.999991357
      ],
      [
        0.008149672,
        -0.9999581,
        -0.004157306
      ]
    ],
    "translation": [
      1.15443838,
      0.7015037,
      -0.489795476
    ]
  },
  {
    "timeStamp": 24114,
    "rotation": [
      [
        0.999621868,
        0.0074817054,
        0.0264600553
      ],
      [
        -0.0260785464,
        -0.04716939,
        0.9985464
      ],
      [
        0.008718936,
        -0.998858869,
        -0.0469564423
      ]
    ],
    "translation": [
      1.15423429,
      0.705211461,
      -0.483856231
    ]
  },
  {
    "timeStamp": 24159,
    "rotation": [
      [
        0.998350739,
        -0.00239288248,
        0.0573585331
      ],
      [
        -0.0574068464,
        -0.04901013,
        0.997147143
      ],
      [
        0.000425111037,
        -0.9987954,
        -0.049066674
      ]
    ],
    "translation": [
      1.15641129,
      0.7169698,
      -0.485940337
    ]
  },
  {
    "timeStamp": 24214,
    "rotation": [
      [
        0.992927551,
        -0.005882845,
        0.118576057
      ],
      [
        -0.118721537,
        -0.0467505865,
        0.9918264
      ],
      [
        -0.000291281031,
        -0.998889267,
        -0.0471183658
      ]
    ],
    "translation": [
      1.16136789,
      0.7419765,
      -0.494707227
    ]
  },
  {
    "timeStamp": 24258,
    "rotation": [
      [
        0.98786664,
        0.008970246,
        0.15504539
      ],
      [
        -0.154388845,
        -0.05153659,
        0.9866651
      ],
      [
        0.0168411359,
        -0.9986308,
        -0.04952637
      ]
    ],
    "translation": [
      1.17396522,
      0.76270026,
      -0.5079615
    ]
  },
  {
    "timeStamp": 24314,
    "rotation": [
      [
        0.9811755,
        0.033332862,
        0.190219641
      ],
      [
        -0.189259022,
        -0.02995747,
        0.9814701
      ],
      [
        0.0384137034,
        -0.9989952,
        -0.02308499
      ]
    ],
    "translation": [
      1.1981616,
      0.7857651,
      -0.5333735
    ]
  },
  {
    "timeStamp": 24359,
    "rotation": [
      [
        0.975611746,
        0.0689309761,
        0.208399191
      ],
      [
        -0.209240109,
        0.00513258,
        0.9778508
      ],
      [
        0.06633458,
        -0.997608244,
        0.0194305312
      ]
    ],
    "translation": [
      1.22559285,
      0.8015503,
      -0.561187565
    ]
  },
  {
    "timeStamp": 24414,
    "rotation": [
      [
        0.97264713,
        0.0908843651,
        0.213769779
      ],
      [
        -0.216434792,
        0.0204394422,
        0.9760831
      ],
      [
        0.08434136,
        -0.995651662,
        0.0395509079
      ]
    ],
    "translation": [
      1.27092755,
      0.8178853,
      -0.592455566
    ]
  },
  {
    "timeStamp": 24458,
    "rotation": [
      [
        0.974157751,
        0.07346854,
        0.2135861
      ],
      [
        -0.217694074,
        0.053298194,
        0.974560738
      ],
      [
        0.06021581,
        -0.9958723,
        0.0679145157
      ]
    ],
    "translation": [
      1.31330729,
      0.826952159,
      -0.6128904
    ]
  },
  {
    "timeStamp": 24514,
    "rotation": [
      [
        0.9787388,
        0.0155889476,
        0.204517245
      ],
      [
        -0.205101788,
        0.0835702345,
        0.975166261
      ],
      [
        -0.00188975025,
        -0.9963799,
        0.0849907547
      ]
    ],
    "translation": [
      1.3715378,
      0.8339073,
      -0.630135238
    ]
  },
  {
    "timeStamp": 24558,
    "rotation": [
      [
        0.9784749,
        -0.05111666,
        0.199934915
      ],
      [
        -0.193773717,
        0.105670549,
        0.975338638
      ],
      [
        -0.0709833,
        -0.9930865,
        0.09349091
      ]
    ],
    "translation": [
      1.42006969,
      0.8379883,
      -0.6380707
    ]
  },
  {
    "timeStamp": 24614,
    "rotation": [
      [
        0.9679253,
        -0.156846762,
        0.1962644
      ],
      [
        -0.1772179,
        0.127491415,
        0.975878954
      ],
      [
        -0.178085491,
        -0.9793595,
        0.09560612
      ]
    ],
    "translation": [
      1.481253,
      0.8418205,
      -0.6412688
    ]
  },
  {
    "timeStamp": 24658,
    "rotation": [
      [
        0.9471149,
        -0.2509834,
        0.199951649
      ],
      [
        -0.170643359,
        0.1337769,
        0.9762093
      ],
      [
        -0.271761239,
        -0.958702743,
        0.08387345
      ]
    ],
    "translation": [
      1.529045,
      0.8468983,
      -0.6386276
    ]
  },
  {
    "timeStamp": 24714,
    "rotation": [
      [
        0.9080193,
        -0.364467949,
        0.206552655
      ],
      [
        -0.1750503,
        0.117849104,
        0.977480948
      ],
      [
        -0.3806025,
        -0.923728645,
        0.04320904
      ]
    ],
    "translation": [
      1.58622932,
      0.8559666,
      -0.6304337
    ]
  },
  {
    "timeStamp": 24758,
    "rotation": [
      [
        0.8674168,
        -0.454051137,
        0.20353283
      ],
      [
        -0.180755034,
        0.09356317,
        0.9790677
      ],
      [
        -0.463589966,
        -0.8860494,
        -0.000913759752
      ]
    ],
    "translation": [
      1.6317991,
      0.8646392,
      -0.6215688
    ]
  },
  {
    "timeStamp": 24814,
    "rotation": [
      [
        0.806443036,
        -0.554734051,
        0.204743072
      ],
      [
        -0.199271843,
        0.07103855,
        0.977366
      ],
      [
        -0.5567229,
        -0.8289895,
        -0.05325434
      ]
    ],
    "translation": [
      1.6856544,
      0.877550662,
      -0.611231148
    ]
  },
  {
    "timeStamp": 24858,
    "rotation": [
      [
        0.7563539,
        -0.6207409,
        0.206420884
      ],
      [
        -0.220128685,
        0.05563452,
        0.973883033
      ],
      [
        -0.616013169,
        -0.7820394,
        -0.0945634842
      ]
    ],
    "translation": [
      1.72482777,
      0.8881206,
      -0.6042332
    ]
  },
  {
    "timeStamp": 24914,
    "rotation": [
      [
        0.681910634,
        -0.6987983,
        0.21605283
      ],
      [
        -0.263538182,
        0.0408115834,
        0.9637853
      ],
      [
        -0.682309,
        -0.7141536,
        -0.156330168
      ]
    ],
    "translation": [
      1.7700026,
      0.904903531,
      -0.596444845
    ]
  },
  {
    "timeStamp": 24958,
    "rotation": [
      [
        0.637438,
        -0.7468784,
        0.189329088
      ],
      [
        -0.293002784,
        -0.007708432,
        0.9560805
      ],
      [
        -0.712616444,
        -0.664916,
        -0.2237511
      ]
    ],
    "translation": [
      1.8060354,
      0.920406461,
      -0.588737965
    ]
  },
  {
    "timeStamp": 25012,
    "rotation": [
      [
        0.5709635,
        -0.803798437,
        0.167059138
      ],
      [
        -0.3388458,
        -0.045378644,
        0.9397469
      ],
      [
        -0.747786164,
        -0.5931685,
        -0.298273265
      ]
    ],
    "translation": [
      1.85116935,
      0.9400493,
      -0.5809316
    ]
  },
  {
    "timeStamp": 25056,
    "rotation": [
      [
        0.51288,
        -0.8469349,
        0.140197411
      ],
      [
        -0.379255265,
        -0.07702977,
        0.922080159
      ],
      [
        -0.7701425,
        -0.5260871,
        -0.360711575
      ]
    ],
    "translation": [
      1.88852346,
      0.95592463,
      -0.576278865
    ]
  },
  {
    "timeStamp": 25112,
    "rotation": [
      [
        0.434274644,
        -0.8976376,
        0.07518155
      ],
      [
        -0.4243751,
        -0.130261436,
        0.8960679
      ],
      [
        -0.794551,
        -0.421044767,
        -0.437504262
      ]
    ],
    "translation": [
      1.94323349,
      0.9735582,
      -0.570641
    ]
  },
  {
    "timeStamp": 25156,
    "rotation": [
      [
        0.346349657,
        -0.9350059,
        0.07619636
      ],
      [
        -0.46859017,
        -0.10206756,
        0.8774996
      ],
      [
        -0.8126901,
        -0.339626521,
        -0.473485649
      ]
    ],
    "translation": [
      1.981448,
      0.981511831,
      -0.570142567
    ]
  },
  {
    "timeStamp": 25212,
    "rotation": [
      [
        0.244043067,
        -0.9681673,
        0.0556323528
      ],
      [
        -0.5118994,
        -0.07988483,
        0.855322957
      ],
      [
        -0.823651552,
        -0.2372138,
        -0.515099645
      ]
    ],
    "translation": [
      2.03033113,
      0.984177351,
      -0.571190953
    ]
  },
  {
    "timeStamp": 25266,
    "rotation": [
      [
        0.177809581,
        -0.983212,
        0.04096227
      ],
      [
        -0.5214262,
        -0.0588324741,
        0.8512658
      ],
      [
        -0.8345648,
        -0.172722012,
        -0.523133457
      ]
    ],
    "translation": [
      2.06587744,
      0.9771876,
      -0.574875057
    ]
  },
  {
    "timeStamp": 25310,
    "rotation": [
      [
        0.09004945,
        -0.993642151,
        0.0675752461
      ],
      [
        -0.523507953,
        0.0104962746,
        0.8519561
      ],
      [
        -0.8472488,
        -0.112094358,
        -0.519234359
      ]
    ],
    "translation": [
      2.099573,
      0.961216569,
      -0.581003845
    ]
  },
  {
    "timeStamp": 25364,
    "rotation": [
      [
        0.0149094751,
        -0.9906359,
        0.135713845
      ],
      [
        -0.507994354,
        0.109402336,
        0.854384542
      ],
      [
        -0.8612314,
        -0.0816802755,
        -0.5016063
      ]
    ],
    "translation": [
      2.118042,
      0.935235,
      -0.586101055
    ]
  },
  {
    "timeStamp": 25408,
    "rotation": [
      [
        -0.0307975374,
        -0.981344163,
        0.189776614
      ],
      [
        -0.486947626,
        0.180541992,
        0.854568064
      ],
      [
        -0.872888,
        -0.06609269,
        -0.483423471
      ]
    ],
    "translation": [
      2.12252641,
      0.9114446,
      -0.5889458
    ]
  },
  {
    "timeStamp": 25464,
    "rotation": [
      [
        -0.04241244,
        -0.9799916,
        0.19446741
      ],
      [
        -0.468128264,
        0.191446722,
        0.8626727
      ],
      [
        -0.88264215,
        -0.05444761,
        -0.466881484
      ]
    ],
    "translation": [
      2.12632942,
      0.8822948,
      -0.590155363
    ]
  },
  {
    "timeStamp": 25508,
    "rotation": [
      [
        -0.05365935,
        -0.9755385,
        0.213178948
      ],
      [
        -0.450046629,
        0.214201137,
        0.8669348
      ],
      [
        -0.891391456,
        -0.0494213142,
        -0.450531721
      ]
    ],
    "translation": [
      2.125134,
      0.8591095,
      -0.588338
    ]
  },
  {
    "timeStamp": 25564,
    "rotation": [
      [
        -0.07522735,
        -0.976977944,
        0.199637353
      ],
      [
        -0.4519301,
        0.211866587,
        0.8665286
      ],
      [
        -0.8888758,
        -0.0250354726,
        -0.4574639
      ]
    ],
    "translation": [
      2.12628,
      0.838136733,
      -0.5839395
    ]
  },
  {
    "timeStamp": 25608,
    "rotation": [
      [
        -0.09450191,
        -0.976280749,
        0.194795549
      ],
      [
        -0.451680332,
        0.21641995,
        0.865532935
      ],
      [
        -0.8871608,
        -0.00619081454,
        -0.4614189
      ]
    ],
    "translation": [
      2.125237,
      0.8224685,
      -0.578836262
    ]
  },
  {
    "timeStamp": 25664,
    "rotation": [
      [
        -0.120434627,
        -0.9683561,
        0.218591049
      ],
      [
        -0.4504453,
        0.249527,
        0.857225358
      ],
      [
        -0.884643734,
        0.00477631344,
        -0.466243148
      ]
    ],
    "translation": [
      2.11988568,
      0.8038046,
      -0.571273446
    ]
  },
  {
    "timeStamp": 25709,
    "rotation": [
      [
        -0.1302357,
        -0.9676783,
        0.215956911
      ],
      [
        -0.4478015,
        0.2517395,
        0.8579633
      ],
      [
        -0.884597361,
        0.0150316413,
        -0.466113269
      ]
    ],
    "translation": [
      2.11677575,
      0.7925056,
      -0.566364
    ]
  },
  {
    "timeStamp": 25755,
    "rotation": [
      [
        -0.1415765,
        -0.964565754,
        0.222640932
      ],
      [
        -0.442234784,
        0.262842923,
        0.8575208
      ],
      [
        -0.8856548,
        0.0229452122,
        -0.463776946
      ]
    ],
    "translation": [
      2.11318135,
      0.783273637,
      -0.560676157
    ]
  },
  {
    "timeStamp": 25811,
    "rotation": [
      [
        -0.1535655,
        -0.963686943,
        0.2184607
      ],
      [
        -0.441725016,
        0.2647126,
        0.857208431
      ],
      [
        -0.8839099,
        0.0351381,
        -0.466335326
      ]
    ],
    "translation": [
      2.11156,
      0.775298357,
      -0.5551857
    ]
  },
  {
    "timeStamp": 25857,
    "rotation": [
      [
        -0.156983092,
        -0.9665815,
        0.202673435
      ],
      [
        -0.437631726,
        0.252052218,
        0.8631038
      ],
      [
        -0.885344446,
        0.0467963926,
        -0.462574661
      ]
    ],
    "translation": [
      2.111305,
      0.7689184,
      -0.5523079
    ]
  },
  {
    "timeStamp": 25913,
    "rotation": [
      [
        -0.165940315,
        -0.965786159,
        0.19930099
      ],
      [
        -0.4269007,
        0.252537459,
        0.8683206
      ],
      [
        -0.888942957,
        0.05900766,
        -0.454200953
      ]
    ],
    "translation": [
      2.11020517,
      0.761206031,
      -0.5484873
    ]
  },
  {
    "timeStamp": 25958,
    "rotation": [
      [
        -0.172326177,
        -0.966174364,
        0.191861287
      ],
      [
        -0.422285438,
        0.248430267,
        0.871755362
      ],
      [
        -0.889931858,
        0.06920604,
        -0.45081237
      ]
    ],
    "translation": [
      2.110093,
      0.757406056,
      -0.5458126
    ]
  },
  {
    "timeStamp": 26013,
    "rotation": [
      [
        -0.17341,
        -0.9684593,
        0.1789289
      ],
      [
        -0.422298342,
        0.237251163,
        0.8748577
      ],
      [
        -0.8897152,
        0.0761477053,
        -0.450120449
      ]
    ],
    "translation": [
      2.11079216,
      0.7537138,
      -0.5415839
    ]
  },
  {
    "timeStamp": 26058,
    "rotation": [
      [
        -0.180381969,
        -0.9660502,
        0.184957772
      ],
      [
        -0.421803236,
        0.2458486,
        0.8727202
      ],
      [
        -0.8885631,
        0.07940721,
        -0.451829761
      ]
    ],
    "translation": [
      2.10916758,
      0.7510454,
      -0.5376586
    ]
  },
  {
    "timeStamp": 26113,
    "rotation": [
      [
        -0.158990845,
        -0.972021341,
        0.172905862
      ],
      [
        -0.429865479,
        0.225816727,
        0.8741982
      ],
      [
        -0.8887843,
        0.06466326,
        -0.453741223
      ]
    ],
    "translation": [
      2.106957,
      0.7506631,
      -0.531933069
    ]
  }
]