[
  {
    "timeStamp": 27879,
    "rotation": [
      [
        0.9999962,
        1.276761E-06,
        -0.00276122545
      ],
      [
        0.00276122568,
        -0.0006944038,
        0.999995947
      ],
      [
        -6.405669E-07,
        -0.999999762,
        -0.0006944046
      ]
    ],
    "translation": [
      1.15399587,
      0.701600552,
      -0.360000163
    ]
  },
  {
    "timeStamp": 27934,
    "rotation": [
      [
        0.999717832,
        -0.0163147878,
        0.01726349
      ],
      [
        -0.0174447913,
        -0.0110363811,
        0.9997869
      ],
      [
        -0.0161207821,
        -0.999806,
        -0.0113178743
      ]
    ],
    "translation": [
      1.15764284,
      0.708570957,
      -0.3596956
    ]
  },
  {
    "timeStamp": 27979,
    "rotation": [
      [
        0.9983904,
        -0.0250564124,
        0.0508809872
      ],
      [
        -0.0510017462,
        -0.004203797,
        0.9986897
      ],
      [
        -0.0248096865,
        -0.999677241,
        -0.005474951
      ]
    ],
    "translation": [
      1.16213107,
      0.721657038,
      -0.3639713
    ]
  },
  {
    "timeStamp": 28035,
    "rotation": [
      [
        0.9937313,
        -0.03310748,
        0.106779993
      ],
      [
        -0.107532486,
        -0.0218436979,
        0.9939616
      ],
      [
        -0.03057509,
        -0.99921304,
        -0.0252668951
      ]
    ],
    "translation": [
      1.16905284,
      0.7474542,
      -0.3701328
    ]
  },
  {
    "timeStamp": 28079,
    "rotation": [
      [
        0.990780532,
        -0.0197112951,
        0.134035558
      ],
      [
        -0.134601772,
        -0.0309324041,
        0.9904169
      ],
      [
        -0.0153763685,
        -0.9993271,
        -0.0333003961
      ]
    ],
    "translation": [
      1.18005538,
      0.7661301,
      -0.3809452
    ]
  },
  {
    "timeStamp": 28135,
    "rotation": [
      [
        0.9811629,
        -0.0112679685,
        0.19285357
      ],
      [
        -0.193058312,
        -0.02140684,
        0.980953753
      ],
      [
        -0.00692497334,
        -0.9997074,
        -0.0231789723
      ]
    ],
    "translation": [
      1.19785953,
      0.7958438,
      -0.402373075
    ]
  },
  {
    "timeStamp": 28179,
    "rotation": [
      [
        0.9701412,
        -0.0146035086,
        0.242100954
      ],
      [
        -0.242028341,
        0.006575843,
        0.9702469
      ],
      [
        -0.0157610252,
        -0.999871731,
        0.0028450333
      ]
    ],
    "translation": [
      1.22125077,
      0.820142448,
      -0.424147129
    ]
  },
  {
    "timeStamp": 28234,
    "rotation": [
      [
        0.958734,
        -0.0119131235,
        0.284055054
      ],
      [
        -0.2837095,
        0.0245313011,
        0.958596468
      ],
      [
        -0.018388113,
        -0.999628067,
        0.0201391261
      ]
    ],
    "translation": [
      1.25718188,
      0.846462965,
      -0.455412269
    ]
  },
  {
    "timeStamp": 28279,
    "rotation": [
      [
        0.951786637,
        -0.0222423449,
        0.305953264
      ],
      [
        -0.304368079,
        0.0558524057,
        0.950915635
      ],
      [
        -0.0382388271,
        -0.998191237,
        0.0463897139
      ]
    ],
    "translation": [
      1.29412353,
      0.860631347,
      -0.48149237
    ]
  },
  {
    "timeStamp": 28335,
    "rotation": [
      [
        0.946598351,
        -0.0523940064,
        0.318129569
      ],
      [
        -0.313415766,
        0.08196686,
        0.946071863
      ],
      [
        -0.07564458,
        -0.9952569,
        0.0611685924
      ]
    ],
    "translation": [
      1.34746027,
      0.8704487,
      -0.5104494
    ]
  },
  {
    "timeStamp": 28379,
    "rotation": [
      [
        0.9356107,
        -0.115969621,
        0.333442
      ],
      [
        -0.320726871,
        0.115499415,
        0.9401033
      ],
      [
        -0.147535756,
        -0.9865145,
        0.0708679259
      ]
    ],
    "translation": [
      1.39593709,
      0.8743888,
      -0.5268902
    ]
  },
  {
    "timeStamp": 28435,
    "rotation": [
      [
        0.9087411,
        -0.231036425,
        0.3475798
      ],
      [
        -0.318804562,
        0.153219938,
        0.9353541
      ],
      [
        -0.269357026,
        -0.96080476,
        0.06558179
      ]
    ],
    "translation": [
      1.46321726,
      0.874986351,
      -0.5391148
    ]
  },
  {
    "timeStamp": 28479,
    "rotation": [
      [
        0.8558999,
        -0.35735926,
        0.373804569
      ],
      [
        -0.3244026,
        0.1919064,
        0.9262478
      ],
      [
        -0.402738661,
        -0.9140385,
        0.04832438
      ]
    ],
    "translation": [
      1.52264929,
      0.8758321,
      -0.5426295
    ]
  },
  {
    "timeStamp": 28534,
    "rotation": [
      [
        0.757841766,
        -0.514196754,
        0.401593775
      ],
      [
        -0.334417522,
        0.222383022,
        0.9158115
      ],
      [
        -0.560214937,
        -0.828340232,
        -0.00342527288
      ]
    ],
    "translation": [
      1.59989309,
      0.8804032,
      -0.541009545
    ]
  },
  {
    "timeStamp": 28579,
    "rotation": [
      [
        0.6726462,
        -0.625283659,
        0.395686
      ],
      [
        -0.339844465,
        0.2139551,
        0.9158215
      ],
      [
        -0.6573072,
        -0.750495553,
        -0.0685830861
      ]
    ],
    "translation": [
      1.6641165,
      0.8856927,
      -0.539357662
    ]
  },
  {
    "timeStamp": 28634,
    "rotation": [
      [
        0.542134166,
        -0.745392144,
        0.387919039
      ],
      [
        -0.356651,
        0.213887736,
        0.909424067
      ],
      [
        -0.7608487,
        -0.6313815,
        -0.149889022
      ]
    ],
    "translation": [
      1.74340868,
      0.8939563,
      -0.5352431
    ]
  },
  {
    "timeStamp": 28679,
    "rotation": [
      [
        0.4390685,
        -0.8269806,
        0.351172239
      ],
      [
        -0.368052453,
        0.191005319,
        0.909974933
      ],
      [
        -0.8196074,
        -0.5287911,
        -0.220507815
      ]
    ],
    "translation": [
      1.80731523,
      0.9005867,
      -0.5352075
    ]
  },
  {
    "timeStamp": 28735,
    "rotation": [
      [
        0.319340885,
        -0.9030497,
        0.287267625
      ],
      [
        -0.397494644,
        0.14753595,
        0.9056662
      ],
      [
        -0.860243857,
        -0.40340355,
        -0.311843157
      ]
    ],
    "translation": [
      1.88557541,
      0.9130401,
      -0.533349752
    ]
  },
  {
    "timeStamp": 28779,
    "rotation": [
      [
        0.2245128,
        -0.947699845,
        0.22684595
      ],
      [
        -0.415137261,
        0.117590278,
        0.902127266
      ],
      [
        -0.8816207,
        -0.296711326,
        -0.367025
      ]
    ],
    "translation": [
      1.941633,
      0.9221796,
      -0.536563635
    ]
  },
  {
    "timeStamp": 28834,
    "rotation": [
      [
        0.1293744,
        -0.983084142,
        0.129644945
      ],
      [
        -0.431561172,
        0.0618889667,
        0.8999582
      ],
      [
        -0.8927582,
        -0.172381252,
        -0.4162541
      ]
    ],
    "translation": [
      2.00775647,
      0.931986332,
      -0.540627062
    ]
  },
  {
    "timeStamp": 28878,
    "rotation": [
      [
        0.0797535554,
        -0.99508,
        0.05877983
      ],
      [
        -0.425160319,
        0.0193777829,
        0.9049106
      ],
      [
        -0.9015975,
        -0.09716068,
        -0.4215231
      ]
    ],
    "translation": [
      2.04760814,
      0.9341192,
      -0.545286059
    ]
  },
  {
    "timeStamp": 28934,
    "rotation": [
      [
        0.008578045,
        -0.9980723,
        0.0614656247
      ],
      [
        -0.4215124,
        0.05213098,
        0.905322969
      ],
      [
        -0.9067821,
        -0.0336744227,
        -0.420252681
      ]
    ],
    "translation": [
      2.07753158,
      0.9282575,
      -0.5483434
    ]
  },
  {
    "timeStamp": 28979,
    "rotation": [
      [
        -0.0127219418,
        -0.9989576,
        0.0438403636
      ],
      [
        -0.406560957,
        0.04522388,
        0.91250366
      ],
      [
        -0.913535058,
        -0.006214969,
        -0.406712472
      ]
    ],
    "translation": [
      2.091777,
      0.9224886,
      -0.549269855
    ]
  },
  {
    "timeStamp": 29026,
    "rotation": [
      [
        -0.0126477042,
        -0.999256968,
        0.0364095233
      ],
      [
        -0.396761656,
        0.03843846,
        0.9171165
      ],
      [
        -0.9178346,
        -0.00284648058,
        -0.396953
      ]
    ],
    "translation": [
      2.0985,
      0.9171314,
      -0.5485715
    ]
  },
  {
    "timeStamp": 29085,
    "rotation": [
      [
        -0.00908713,
        -0.9974754,
        0.07042935
      ],
      [
        -0.36188373,
        0.06893863,
        0.9296707
      ],
      [
        -0.9321789,
        -0.0170392022,
        -0.361596584
      ]
    ],
    "translation": [
      2.09585547,
      0.9008527,
      -0.545425534
    ]
  },
  {
    "timeStamp": 29129,
    "rotation": [
      [
        -0.005167244,
        -0.9992151,
        0.0392726138
      ],
      [
        -0.343676776,
        0.0386553854,
        0.9382921
      ],
      [
        -0.939073741,
        -0.008648701,
        -0.3436068
      ]
    ],
    "translation": [
      2.10038877,
      0.8934025,
      -0.5434824
    ]
  },
  {
    "timeStamp": 29184,
    "rotation": [
      [
        0.00956935,
        -0.9997136,
        0.02193406
      ],
      [
        -0.330034435,
        0.0175483022,
        0.943805754
      ],
      [
        -0.9439204,
        -0.016270604,
        -0.329772
      ]
    ],
    "translation": [
      2.10296559,
      0.886297345,
      -0.539631546
    ]
  },
  {
    "timeStamp": 29229,
    "rotation": [
      [
        0.0147588095,
        -0.999418557,
        0.0307366848
      ],
      [
        -0.3076819,
        0.0247091129,
        0.9511684
      ],
      [
        -0.9513748,
        -0.02349523,
        -0.307138324
      ]
    ],
    "translation": [
      2.101658,
      0.87740165,
      -0.536423445
    ]
  },
  {
    "timeStamp": 29284,
    "rotation": [
      [
        0.0241906941,
        -0.999472737,
        0.0216578
      ],
      [
        -0.2826394,
        0.013942644,
        0.9591249
      ],
      [
        -0.9589212,
        -0.02932324,
        -0.2821531
      ]
    ],
    "translation": [
      2.10159922,
      0.8678123,
      -0.533227
    ]
  },
  {
    "timeStamp": 29329,
    "rotation": [
      [
        0.0292879734,
        -0.9994089,
        0.01800482
      ],
      [
        -0.271662474,
        0.009375982,
        0.9623469
      ],
      [
        -0.961946845,
        -0.0330764279,
        -0.27122727
      ]
    ],
    "translation": [
      2.10084844,
      0.861232162,
      -0.530192256
    ]
  },
  {
    "timeStamp": 29384,
    "rotation": [
      [
        0.034102086,
        -0.9994083,
        0.004477945
      ],
      [
        -0.251449674,
        -0.004243441,
        0.967861056
      ],
      [
        -0.967269361,
        -0.03413206,
        -0.251445621
      ]
    ],
    "translation": [
      2.10128617,
      0.8532485,
      -0.528339267
    ]
  },
  {
    "timeStamp": 29429,
    "rotation": [
      [
        0.041136,
        -0.9991436,
        0.00446273852
      ],
      [
        -0.239954039,
        -0.00554321054,
        0.970768452
      ],
      [
        -0.96991235,
        -0.0410043821,
        -0.23997657
      ]
    ],
    "translation": [
      2.101036,
      0.847064555,
      -0.525723636
    ]
  },
  {
    "timeStamp": 29475,
    "rotation": [
      [
        0.0385817625,
        -0.9992522,
        -0.00252988
      ],
      [
        -0.229535013,
        -0.0113265021,
        0.9732345
      ],
      [
        -0.9725354,
        -0.0369684063,
        -0.229800373
      ]
    ],
    "translation": [
      2.10191917,
      0.8419585,
      -0.523835063
    ]
  },
  {
    "timeStamp": 29531,
    "rotation": [
      [
        0.0454161763,
        -0.998949468,
        -0.006102749
      ],
      [
        -0.2159044,
        -0.0157801639,
        0.976287
      ],
      [
        -0.9753577,
        -0.0430216156,
        -0.216394275
      ]
    ],
    "translation": [
      2.10268188,
      0.835523,
      -0.5207385
    ]
  },
  {
    "timeStamp": 29576,
    "rotation": [
      [
        0.0621908866,
        -0.998064,
        -0.0007647907
      ],
      [
        -0.210631654,
        -0.0138737867,
        0.97746706
      ],
      [
        -0.9755853,
        -0.0606284551,
        -0.21108669
      ]
    ],
    "translation": [
      2.10152745,
      0.8312542,
      -0.5174469
    ]
  }
]