[
  {
    "timeStamp": 91805,
    "rotation": [
      [
        0.930065155,
        -0.321833432,
        0.177206084
      ],
      [
        0.367050558,
        0.793095946,
        -0.486078829
      ],
      [
        0.0158949755,
        0.5171286,
        0.8557601
      ]
    ],
    "translation": [
      1.30789578,
      0.7649338,
      -0.3270408
    ]
  },
  {
    "timeStamp": 91850,
    "rotation": [
      [
        0.949540555,
        -0.276748538,
        0.147590175
      ],
      [
        0.312039524,
        0.786017239,
        -0.5336743
      ],
      [
        0.03168516,
        0.5527994,
        0.832711756
      ]
    ],
    "translation": [
      1.3086338,
      0.7675049,
      -0.3313872
    ]
  },
  {
    "timeStamp": 91894,
    "rotation": [
      [
        0.961348236,
        -0.249409467,
        0.11663796
      ],
      [
        0.272485584,
        0.8010241,
        -0.533021569
      ],
      [
        0.0395108052,
        0.5442015,
        0.8380236
      ]
    ],
    "translation": [
      1.30695915,
      0.7807896,
      -0.3415385
    ]
  },
  {
    "timeStamp": 91950,
    "rotation": [
      [
        0.977268934,
        -0.201714814,
        0.06524245
      ],
      [
        0.20550859,
        0.8257659,
        -0.5252398
      ],
      [
        0.05207366,
        0.5267084,
        0.848449469
      ]
    ],
    "translation": [
      1.3132745,
      0.8069873,
      -0.3610165
    ]
  },
  {
    "timeStamp": 91994,
    "rotation": [
      [
        0.985028267,
        -0.17177479,
        0.0145864757
      ],
      [
        0.153877869,
        0.8379353,
        -0.5236277
      ],
      [
        0.07772351,
        0.5180326,
        0.8518223
      ]
    ],
    "translation": [
      1.32244122,
      0.828179359,
      -0.385133445
    ]
  },
  {
    "timeStamp": 92049,
    "rotation": [
      [
        0.9829023,
        -0.172501639,
        -0.0643918142
      ],
      [
        0.110504195,
        0.8323712,
        -0.5430903
      ],
      [
        0.147281855,
        0.5266891,
        0.837201655
      ]
    ],
    "translation": [
      1.34090221,
      0.848559141,
      -0.428397
    ]
  },
  {
    "timeStamp": 92105,
    "rotation": [
      [
        0.971326053,
        -0.194820032,
        -0.136274531
      ],
      [
        0.0875974,
        0.826113164,
        -0.556654
      ],
      [
        0.221025527,
        0.528755248,
        0.819491
      ]
    ],
    "translation": [
      1.36744559,
      0.8617936,
      -0.47983104
    ]
  },
  {
    "timeStamp": 92149,
    "rotation": [
      [
        0.9565645,
        -0.228295118,
        -0.181289151
      ],
      [
        0.08963858,
        0.822084,
        -0.562265754
      ],
      [
        0.277397454,
        0.521593,
        0.8068404
      ]
    ],
    "translation": [
      1.39504063,
      0.867301166,
      -0.5223123
    ]
  },
  {
    "timeStamp": 92205,
    "rotation": [
      [
        0.9406548,
        -0.2718727,
        -0.203110352
      ],
      [
        0.106802389,
        0.8052504,
        -0.5832367
      ],
      [
        0.322120816,
        0.5269317,
        0.786499262
      ]
    ],
    "translation": [
      1.43741143,
      0.867181063,
      -0.574550569
    ]
  },
  {
    "timeStamp": 92250,
    "rotation": [
      [
        0.938918352,
        -0.295294344,
        -0.176730126
      ],
      [
        0.132792518,
        0.784645259,
        -0.6055559
      ],
      [
        0.3174877,
        0.5450991,
        0.7759307
      ]
    ],
    "translation": [
      1.47534,
      0.8630018,
      -0.610318244
    ]
  },
  {
    "timeStamp": 92305,
    "rotation": [
      [
        0.94809103,
        -0.293869942,
        -0.121506564
      ],
      [
        0.153806433,
        0.7581988,
        -0.633623
      ],
      [
        0.2783289,
        0.5820438,
        0.7640406
      ]
    ],
    "translation": [
      1.526045,
      0.858157754,
      -0.647915363
    ]
  },
  {
    "timeStamp": 92350,
    "rotation": [
      [
        0.968328655,
        -0.244075626,
        -0.0526006036
      ],
      [
        0.1498878,
        0.7367493,
        -0.6593438
      ],
      [
        0.199683189,
        0.630577266,
        0.749999344
      ]
    ],
    "translation": [
      1.56620586,
      0.8578694,
      -0.668960333
    ]
  },
  {
    "timeStamp": 92405,
    "rotation": [
      [
        0.985248744,
        -0.16475378,
        0.0462726131
      ],
      [
        0.153337091,
        0.7298795,
        -0.6661559
      ],
      [
        0.0759782642,
        0.663424551,
        0.7443757
      ]
    ],
    "translation": [
      1.61559737,
      0.8626912,
      -0.6860667
    ]
  },
  {
    "timeStamp": 92449,
    "rotation": [
      [
        0.9867411,
        -0.0965238661,
        0.130480334
      ],
      [
        0.1590656,
        0.7348781,
        -0.6592816
      ],
      [
        -0.03225074,
        0.6712952,
        0.7404881
      ]
    ],
    "translation": [
      1.65519285,
      0.870453954,
      -0.694273353
    ]
  },
  {
    "timeStamp": 92505,
    "rotation": [
      [
        0.974363744,
        -0.00502853375,
        0.2249222
      ],
      [
        0.149631977,
        0.76105684,
        -0.6311915
      ],
      [
        -0.168004617,
        0.648665667,
        0.742298663
      ]
    ],
    "translation": [
      1.70130515,
      0.886230052,
      -0.697850466
    ]
  },
  {
    "timeStamp": 92549,
    "rotation": [
      [
        0.9519831,
        0.07512722,
        0.296789467
      ],
      [
        0.126198575,
        0.786934,
        -0.6039941
      ],
      [
        -0.2789301,
        0.612446547,
        0.739666939
      ]
    ],
    "translation": [
      1.73912966,
      0.9017831,
      -0.69948405
    ]
  },
  {
    "timeStamp": 92605,
    "rotation": [
      [
        0.9097978,
        0.169372723,
        0.3789208
      ],
      [
        0.08653245,
        0.8154825,
        -0.5722766
      ],
      [
        -0.405931324,
        0.5534449,
        0.727267861
      ]
    ],
    "translation": [
      1.78438592,
      0.9217917,
      -0.6984789
    ]
  },
  {
    "timeStamp": 92649,
    "rotation": [
      [
        0.8685179,
        0.222692177,
        0.442814648
      ],
      [
        0.0552779548,
        0.844296336,
        -0.5330178
      ],
      [
        -0.4925657,
        0.487413377,
        0.720976532
      ]
    ],
    "translation": [
      1.82217216,
      0.9387819,
      -0.6993791
    ]
  },
  {
    "timeStamp": 92705,
    "rotation": [
      [
        0.8067816,
        0.290927261,
        0.5142614
      ],
      [
        0.00190030073,
        0.8690938,
        -0.494643718
      ],
      [
        -0.5908468,
        0.400046676,
        0.700616
      ]
    ],
    "translation": [
      1.87136376,
      0.9598553,
      -0.697632551
    ]
  },
  {
    "timeStamp": 92749,
    "rotation": [
      [
        0.746302664,
        0.326734751,
        0.5798937
      ],
      [
        -0.04172159,
        0.8924759,
        -0.44916153
      ],
      [
        -0.6642979,
        0.311016351,
        0.679689
      ]
    ],
    "translation": [
      1.91357327,
      0.9769419,
      -0.699081957
    ]
  },
  {
    "timeStamp": 92805,
    "rotation": [
      [
        0.6690963,
        0.3367063,
        0.66252476
      ],
      [
        -0.07534063,
        0.9176168,
        -0.390260458
      ],
      [
        -0.739347,
        0.2112068,
        0.639341652
      ]
    ],
    "translation": [
      1.9683944,
      0.9932555,
      -0.699435949
    ]
  },
  {
    "timeStamp": 92849,
    "rotation": [
      [
        0.602160633,
        0.347552836,
        0.718755543
      ],
      [
        -0.107679255,
        0.9274023,
        -0.3582318
      ],
      [
        -0.791080058,
        0.138318032,
        0.5958695
      ]
    ],
    "translation": [
      2.01116967,
      1.00252008,
      -0.702099144
    ]
  },
  {
    "timeStamp": 92915,
    "rotation": [
      [
        0.5253465,
        0.349570662,
        0.775765061
      ],
      [
        -0.139811814,
        0.934783459,
        -0.3265463
      ],
      [
        -0.8393234,
        0.06308884,
        0.5399593
      ]
    ],
    "translation": [
      2.06125832,
      1.00765371,
      -0.702500165
    ]
  },
  {
    "timeStamp": 92950,
    "rotation": [
      [
        0.494040161,
        0.336210728,
        0.801802158
      ],
      [
        -0.131840035,
        0.9405116,
        -0.313139349
      ],
      [
        -0.859385,
        0.0489937961,
        0.5089765
      ]
    ],
    "translation": [
      2.09139776,
      1.00332141,
      -0.7017556
    ]
  },
  {
    "timeStamp": 92999,
    "rotation": [
      [
        0.5088357,
        0.328826755,
        0.7955873
      ],
      [
        -0.120812625,
        0.942303836,
        -0.312198222
      ],
      [
        -0.852344155,
        0.0627405941,
        0.519204259
      ]
    ],
    "translation": [
      2.11771655,
      0.9932622,
      -0.697948
    ]
  },
  {
    "timeStamp": 93044,
    "rotation": [
      [
        0.5381067,
        0.31566897,
        0.7815333
      ],
      [
        -0.08784774,
        0.9431756,
        -0.32047236
      ],
      [
        -0.83828634,
        0.103792392,
        0.5352599
      ]
    ],
    "translation": [
      2.13101172,
      0.980869532,
      -0.6947557
    ]
  },
  {
    "timeStamp": 93100,
    "rotation": [
      [
        0.593497,
        0.243864954,
        0.7670015
      ],
      [
        -0.0133555625,
        0.9558436,
        -0.293572128
      ],
      [
        -0.804725468,
        0.163990438,
        0.5705472
      ]
    ],
    "translation": [
      2.14100933,
      0.96526885,
      -0.6913566
    ]
  },
  {
    "timeStamp": 93155,
    "rotation": [
      [
        0.6217111,
        0.254688025,
        0.740681648
      ],
      [
        -0.000641160354,
        0.945820868,
        -0.324688256
      ],
      [
        -0.783246338,
        0.20138739,
        0.5881906
      ]
    ],
    "translation": [
      2.15052056,
      0.9528991,
      -0.688200653
    ]
  },
  {
    "timeStamp": 93199,
    "rotation": [
      [
        0.652197063,
        0.218771517,
        0.725794733
      ],
      [
        0.03410925,
        0.948011339,
        -0.31640327
      ],
      [
        -0.757281661,
        0.231113583,
        0.6108281
      ]
    ],
    "translation": [
      2.15414524,
      0.9423472,
      -0.6856778
    ]
  },
  {
    "timeStamp": 93244,
    "rotation": [
      [
        0.6572326,
        0.197086677,
        0.7274629
      ],
      [
        0.0562194251,
        0.949695766,
        -0.308086663
      ],
      [
        -0.751588166,
        0.243382126,
        0.6130909
      ]
    ],
    "translation": [
      2.15875435,
      0.935608447,
      -0.683935642
    ]
  },
  {
    "timeStamp": 93299,
    "rotation": [
      [
        0.6607537,
        0.2018494,
        0.7229532
      ],
      [
        0.05716002,
        0.9468354,
        -0.316599816
      ],
      [
        -0.748423159,
        0.250518531,
        0.6140873
      ]
    ],
    "translation": [
      2.16350317,
      0.9290829,
      -0.682179
    ]
  },
  {
    "timeStamp": 93355,
    "rotation": [
      [
        0.670910835,
        0.211097553,
        0.7108562
      ],
      [
        0.0574501753,
        0.940945745,
        -0.33364737
      ],
      [
        -0.739309251,
        0.264686435,
        0.6191631
      ]
    ],
    "translation": [
      2.164913,
      0.9231541,
      -0.681632
    ]
  },
  {
    "timeStamp": 93400,
    "rotation": [
      [
        0.681220949,
        0.218339309,
        0.6987604
      ],
      [
        0.0530434,
        0.9372593,
        -0.344574243
      ],
      [
        -0.730153739,
        0.2717958,
        0.6268992
      ]
    ],
    "translation": [
      2.16366363,
      0.9178914,
      -0.681450248
    ]
  },
  {
    "timeStamp": 93446,
    "rotation": [
      [
        0.688300967,
        0.214392036,
        0.693020761
      ],
      [
        0.0617761724,
        0.9345371,
        -0.350462675
      ],
      [
        -0.72279,
        0.284035981,
        0.6299985
      ]
    ],
    "translation": [
      2.16200876,
      0.912361443,
      -0.681158
    ]
  },
  {
    "timeStamp": 93503,
    "rotation": [
      [
        0.6959971,
        0.211579517,
        0.6861648
      ],
      [
        0.06871659,
        0.9315896,
        -0.356957734
      ],
      [
        -0.7147489,
        0.295592457,
        0.6338447
      ]
    ],
    "translation": [
      2.15913677,
      0.906540155,
      -0.6805413
    ]
  },
  {
    "timeStamp": 93548,
    "rotation": [
      [
        0.701591134,
        0.195227489,
        0.6853146
      ],
      [
        0.084944725,
        0.931965947,
        -0.352453977
      ],
      [
        -0.70749855,
        0.305492431,
        0.6372756
      ]
    ],
    "translation": [
      2.15739226,
      0.902495265,
      -0.6796798
    ]
  },
  {
    "timeStamp": 93599,
    "rotation": [
      [
        0.70032233,
        0.186443746,
        0.6890482
      ],
      [
        0.102664091,
        0.928944647,
        -0.355699182
      ],
      [
        -0.7064055,
        0.319844574,
        0.6314196
      ]
    ],
    "translation": [
      2.15710688,
      0.8983592,
      -0.6798255
    ]
  }
]