[
  {
    "timeStamp": 31678,
    "rotation": [
      [
        0.9999673,
        0.000710860651,
        -0.008061977
      ],
      [
        0.008068316,
        -0.009416489,
        0.9999231
      ],
      [
        0.00063488743,
        -0.9999554,
        -0.009421916
      ]
    ],
    "translation": [
      1.30800009,
      0.7023791,
      -0.3599702
    ]
  },
  {
    "timeStamp": 31727,
    "rotation": [
      [
        0.9999783,
        0.00633952627,
        -0.00178632478
      ],
      [
        0.0018586762,
        -0.011425253,
        0.999933
      ],
      [
        0.006318693,
        -0.999914646,
        -0.0114367884
      ]
    ],
    "translation": [
      1.30841529,
      0.7045336,
      -0.364002436
    ]
  },
  {
    "timeStamp": 31785,
    "rotation": [
      [
        0.9984953,
        -0.00657024374,
        0.05444323
      ],
      [
        -0.0546285473,
        -0.03243416,
        0.9979798
      ],
      [
        -0.004791138,
        -0.9994523,
        -0.03274428
      ]
    ],
    "translation": [
      1.30670083,
      0.7278675,
      -0.365051448
    ]
  },
  {
    "timeStamp": 31827,
    "rotation": [
      [
        0.993084848,
        -0.0243381336,
        0.114848077
      ],
      [
        -0.115846284,
        -0.04459683,
        0.992265463
      ],
      [
        -0.0190280247,
        -0.998708546,
        -0.0471079163
      ]
    ],
    "translation": [
      1.30938673,
      0.7542357,
      -0.3687945
    ]
  },
  {
    "timeStamp": 31883,
    "rotation": [
      [
        0.9806957,
        -0.0348423533,
        0.192410842
      ],
      [
        -0.1939329,
        -0.0474081933,
        0.9798686
      ],
      [
        -0.02501907,
        -0.99826777,
        -0.05325009
      ]
    ],
    "translation": [
      1.31955659,
      0.791617,
      -0.381983936
    ]
  },
  {
    "timeStamp": 31927,
    "rotation": [
      [
        0.9687095,
        -0.0347000137,
        0.245759442
      ],
      [
        -0.246853724,
        -0.031818904,
        0.968530238
      ],
      [
        -0.02578822,
        -0.998891056,
        -0.0393891037
      ]
    ],
    "translation": [
      1.33385158,
      0.8183786,
      -0.398885
    ]
  },
  {
    "timeStamp": 31983,
    "rotation": [
      [
        0.957083046,
        -0.030626379,
        0.288190782
      ],
      [
        -0.289050281,
        -0.0287511665,
        0.95688206
      ],
      [
        -0.02102001,
        -0.999117255,
        -0.03636982
      ]
    ],
    "translation": [
      1.36271036,
      0.846667469,
      -0.423912019
    ]
  },
  {
    "timeStamp": 32028,
    "rotation": [
      [
        0.949166059,
        -0.02386001,
        0.313870281
      ],
      [
        -0.314130485,
        -0.007978879,
        0.9493463
      ],
      [
        -0.02014708,
        -0.9996835,
        -0.015068436
      ]
    ],
    "translation": [
      1.39177179,
      0.8607119,
      -0.448307127
    ]
  },
  {
    "timeStamp": 32083,
    "rotation": [
      [
        0.944538534,
        -0.04101925,
        0.3258288
      ],
      [
        -0.3251896,
        0.02158157,
        0.945402563
      ],
      [
        -0.0458115973,
        -0.9989252,
        0.00704559125
      ]
    ],
    "translation": [
      1.438298,
      0.8706001,
      -0.477493584
    ]
  },
  {
    "timeStamp": 32127,
    "rotation": [
      [
        0.941001534,
        -0.05911112,
        0.333199561
      ],
      [
        -0.32909748,
        0.06945412,
        0.941738248
      ],
      [
        -0.07880929,
        -0.9958323,
        0.0459031165
      ]
    ],
    "translation": [
      1.47983146,
      0.8715957,
      -0.5027772
    ]
  },
  {
    "timeStamp": 32183,
    "rotation": [
      [
        0.930711448,
        -0.137030348,
        0.339114875
      ],
      [
        -0.329040974,
        0.09117136,
        0.939904153
      ],
      [
        -0.159712955,
        -0.9863622,
        0.03976563
      ]
    ],
    "translation": [
      1.53857148,
      0.875460446,
      -0.524100244
    ]
  },
  {
    "timeStamp": 32229,
    "rotation": [
      [
        0.90615207,
        -0.249432027,
        0.34157306
      ],
      [
        -0.32995984,
        0.08833877,
        0.939852536
      ],
      [
        -0.264603466,
        -0.9643547,
        -0.002254193
      ]
    ],
    "translation": [
      1.595058,
      0.8837615,
      -0.532003939
    ]
  },
  {
    "timeStamp": 32275,
    "rotation": [
      [
        0.869094968,
        -0.363106161,
        0.335898578
      ],
      [
        -0.3338136,
        0.0705762953,
        0.9399933
      ],
      [
        -0.365023851,
        -0.929071,
        -0.0598722734
      ]
    ],
    "translation": [
      1.65388465,
      0.898046434,
      -0.5371394
    ]
  },
  {
    "timeStamp": 32332,
    "rotation": [
      [
        0.806704342,
        -0.512904167,
        0.293525845
      ],
      [
        -0.346949279,
        -0.008978186,
        0.937840939
      ],
      [
        -0.478387177,
        -0.8583989,
        -0.185194492
      ]
    ],
    "translation": [
      1.73279464,
      0.930769,
      -0.5414537
    ]
  },
  {
    "timeStamp": 32377,
    "rotation": [
      [
        0.7520615,
        -0.615411639,
        0.23594901
      ],
      [
        -0.3504568,
        -0.07019991,
        0.933944345
      ],
      [
        -0.558196664,
        -0.7850735,
        -0.26846987
      ]
    ],
    "translation": [
      1.79513252,
      0.9601393,
      -0.547927737
    ]
  },
  {
    "timeStamp": 32432,
    "rotation": [
      [
        0.6887231,
        -0.7122939,
        0.135269642
      ],
      [
        -0.353054255,
        -0.1665308,
        0.92066294
      ],
      [
        -0.633256,
        -0.681839347,
        -0.366172016
      ]
    ],
    "translation": [
      1.87214518,
      1.00031054,
      -0.56032145
    ]
  },
  {
    "timeStamp": 32477,
    "rotation": [
      [
        0.651558459,
        -0.7576905,
        0.03710286
      ],
      [
        -0.3337597,
        -0.2424008,
        0.910959
      ],
      [
        -0.6812312,
        -0.6059265,
        -0.410824835
      ]
    ],
    "translation": [
      1.930471,
      1.02625513,
      -0.5749247
    ]
  },
  {
    "timeStamp": 32533,
    "rotation": [
      [
        0.607017,
        -0.791989565,
        -0.0654448
      ],
      [
        -0.265352,
        -0.2796248,
        0.922712445
      ],
      [
        -0.749078631,
        -0.542736232,
        -0.379893
      ]
    ],
    "translation": [
      1.99545145,
      1.03505,
      -0.599355638
    ]
  },
  {
    "timeStamp": 32577,
    "rotation": [
      [
        0.5761147,
        -0.8075604,
        -0.126246154
      ],
      [
        -0.187184051,
        -0.2807013,
        0.9413654
      ],
      [
        -0.7956469,
        -0.518703163,
        -0.312878579
      ]
    ],
    "translation": [
      2.04240656,
      1.02580118,
      -0.62232846
    ]
  },
  {
    "timeStamp": 32632,
    "rotation": [
      [
        0.5089426,
        -0.8478517,
        -0.1487447
      ],
      [
        -0.156518131,
        -0.261065871,
        0.9525475
      ],
      [
        -0.8464511,
        -0.461510748,
        -0.2655717
      ]
    ],
    "translation": [
      2.095988,
      1.00554335,
      -0.646369934
    ]
  },
  {
    "timeStamp": 32677,
    "rotation": [
      [
        0.5046833,
        -0.849862456,
        -0.151751459
      ],
      [
        -0.0932994,
        -0.22844331,
        0.9690763
      ],
      [
        -0.8582482,
        -0.4749183,
        -0.194583192
      ]
    ],
    "translation": [
      2.12773442,
      0.9744037,
      -0.661782146
    ]
  },
  {
    "timeStamp": 32732,
    "rotation": [
      [
        0.519172251,
        -0.840133369,
        -0.1569587
      ],
      [
        -0.07075249,
        -0.2252659,
        0.9717249
      ],
      [
        -0.85173595,
        -0.493387431,
        -0.176393345
      ]
    ],
    "translation": [
      2.15373087,
      0.9443468,
      -0.6671673
    ]
  },
  {
    "timeStamp": 32776,
    "rotation": [
      [
        0.560573757,
        -0.8188633,
        -0.123369217
      ],
      [
        -0.03536334,
        -0.172513515,
        0.984372139
      ],
      [
        -0.827349067,
        -0.5474505,
        -0.1256643
      ]
    ],
    "translation": [
      2.173473,
      0.89575845,
      -0.6678351
    ]
  },
  {
    "timeStamp": 32827,
    "rotation": [
      [
        0.61480093,
        -0.7790357,
        -0.122976229
      ],
      [
        0.0305636022,
        -0.132275254,
        0.9907417
      ],
      [
        -0.7880899,
        -0.612867534,
        -0.0575128123
      ]
    ],
    "translation": [
      2.18769526,
      0.8504541,
      -0.6677936
    ]
  },
  {
    "timeStamp": 32883,
    "rotation": [
      [
        0.6447958,
        -0.7618952,
        -0.06127146
      ],
      [
        -0.00455674762,
        -0.0839912,
        0.9964561
      ],
      [
        -0.764341354,
        -0.642231464,
        -0.0576289333
      ]
    ],
    "translation": [
      2.19175529,
      0.821009,
      -0.660060942
    ]
  },
  {
    "timeStamp": 32927,
    "rotation": [
      [
        0.6734034,
        -0.735649049,
        -0.0731320158
      ],
      [
        0.0137142371,
        -0.08647593,
        0.996159554
      ],
      [
        -0.739147961,
        -0.671820164,
        -0.0481443256
      ]
    ],
    "translation": [
      2.19862437,
      0.802967966,
      -0.655639
    ]
  },
  {
    "timeStamp": 32983,
    "rotation": [
      [
        0.6804336,
        -0.7298109,
        -0.06622834
      ],
      [
        0.0169097036,
        -0.0747149661,
        0.997061551
      ],
      [
        -0.732614636,
        -0.679554045,
        -0.0384976864
      ]
    ],
    "translation": [
      2.20807219,
      0.7852883,
      -0.6502925
    ]
  },
  {
    "timeStamp": 33027,
    "rotation": [
      [
        0.694548368,
        -0.716838837,
        -0.0611935966
      ],
      [
        0.0157215521,
        -0.06991376,
        0.997429132
      ],
      [
        -0.7192742,
        -0.6937248,
        -0.0372886658
      ]
    ],
    "translation": [
      2.212496,
      0.774864733,
      -0.6454664
    ]
  },
  {
    "timeStamp": 33083,
    "rotation": [
      [
        0.700168967,
        -0.7115212,
        -0.0591695867
      ],
      [
        0.0270728823,
        -0.0563556477,
        0.998043656
      ],
      [
        -0.7134637,
        -0.700401068,
        -0.0201955456
      ]
    ],
    "translation": [
      2.219138,
      0.7644855,
      -0.642984569
    ]
  },
  {
    "timeStamp": 33127,
    "rotation": [
      [
        0.7101585,
        -0.7025305,
        -0.0461063236
      ],
      [
        0.0180033352,
        -0.04734586,
        0.9987163
      ],
      [
        -0.703811646,
        -0.7100769,
        -0.0209751762
      ]
    ],
    "translation": [
      2.222059,
      0.759671748,
      -0.640387952
    ]
  },
  {
    "timeStamp": 33183,
    "rotation": [
      [
        0.7237227,
        -0.6893906,
        -0.03108246
      ],
      [
        0.00481452467,
        -0.0399959758,
        0.999188244
      ],
      [
        -0.690074146,
        -0.723284841,
        -0.0256269053
      ]
    ],
    "translation": [
      2.22496772,
      0.7562957,
      -0.637454033
    ]
  },
  {
    "timeStamp": 33228,
    "rotation": [
      [
        0.7633457,
        -0.645119,
        -0.0335367434
      ],
      [
        0.0136834132,
        -0.03575616,
        0.999266863
      ],
      [
        -0.6458452,
        -0.763245,
        -0.0184668824
      ]
    ],
    "translation": [
      2.22340536,
      0.7527542,
      -0.635439634
    ]
  },
  {
    "timeStamp": 33285,
    "rotation": [
      [
        0.7901993,
        -0.611761332,
        -0.03651296
      ],
      [
        0.0186102819,
        -0.0355982967,
        0.9991929
      ],
      [
        -0.6125673,
        -0.790241,
        -0.0167446975
      ]
    ],
    "translation": [
      2.226042,
      0.749710739,
      -0.6318751
    ]
  },
  {
    "timeStamp": 33331,
    "rotation": [
      [
        0.814475834,
        -0.579406738,
        -0.03028259
      ],
      [
        0.0111898454,
        -0.03649709,
        0.9992711
      ],
      [
        -0.5800896,
        -0.814221,
        -0.0232425258
      ]
    ],
    "translation": [
      2.226605,
      0.7486738,
      -0.629175663
    ]
  },
  {
    "timeStamp": 33376,
    "rotation": [
      [
        0.8332661,
        -0.5513946,
        -0.04039376
      ],
      [
        0.0246665049,
        -0.0359119326,
        0.9990505
      ],
      [
        -0.5523217,
        -0.8334713,
        -0.0163232163
      ]
    ],
    "translation": [
      2.22836733,
      0.7468786,
      -0.626869142
    ]
  },
  {
    "timeStamp": 33432,
    "rotation": [
      [
        0.8471668,
        -0.5295998,
        -0.0428079367
      ],
      [
        0.02855151,
        -0.035076,
        0.9989767
      ],
      [
        -0.5305594,
        -0.8475221,
        -0.0145943454
      ]
    ],
    "translation": [
      2.23055124,
      0.744687736,
      -0.624114454
    ]
  },
  {
    "timeStamp": 33476,
    "rotation": [
      [
        0.85635066,
        -0.513870358,
        -0.0509969555
      ],
      [
        0.03813877,
        -0.0355487242,
        0.998639941
      ],
      [
        -0.514984369,
        -0.857130945,
        -0.0108437911
      ]
    ],
    "translation": [
      2.23247051,
      0.742615044,
      -0.62224406
    ]
  },
  {
    "timeStamp": 33532,
    "rotation": [
      [
        0.860318661,
        -0.5051401,
        -0.06844934
      ],
      [
        0.0572639741,
        -0.03765909,
        0.997648537
      ],
      [
        -0.506530046,
        -0.86221534,
        -0.00347248651
      ]
    ],
    "translation": [
      2.23684955,
      0.739531755,
      -0.6211453
    ]
  },
  {
    "timeStamp": 33576,
    "rotation": [
      [
        0.861806,
        -0.5034341,
        -0.06200329
      ],
      [
        0.0528738573,
        -0.0324112438,
        0.998075068
      ],
      [
        -0.50447464,
        -0.863425434,
        -0.001313701
      ]
    ],
    "translation": [
      2.238579,
      0.7377123,
      -0.620261431
    ]
  },
  {
    "timeStamp": 33632,
    "rotation": [
      [
        0.862464964,
        -0.50217557,
        -0.06303869
      ],
      [
        0.0541600846,
        -0.03226387,
        0.9980109
      ],
      [
        -0.503210545,
        -0.8641636,
        -0.000628587848
      ]
    ],
    "translation": [
      2.24013853,
      0.7353339,
      -0.619026
    ]
  },
  {
    "timeStamp": 33676,
    "rotation": [
      [
        0.8664468,
        -0.495751172,
        -0.0591659769
      ],
      [
        0.0498027354,
        -0.0320939533,
        0.9982433
      ],
      [
        -0.496779174,
        -0.867871344,
        -0.00311793969
      ]
    ],
    "translation": [
      2.23980355,
      0.7335269,
      -0.61797595
    ]
  },
  {
    "timeStamp": 33732,
    "rotation": [
      [
        0.86596483,
        -0.494293839,
        -0.07601745
      ],
      [
        0.0598764233,
        -0.04843436,
        0.9970301
      ],
      [
        -0.496507645,
        -0.867944539,
        -0.0123459063
      ]
    ],
    "translation": [
      2.24115014,
      0.732100368,
      -0.616043746
    ]
  }
]