[
  {
    "timeStamp": 102934,
    "rotation": [
      [
        0.9999499,
        -0.009945212,
        0.00118150935
      ],
      [
        0.00417503761,
        0.5211731,
        0.8534408
      ],
      [
        -0.00910342,
        -0.8533931,
        0.5211885
      ]
    ],
    "translation": [
      1.3030889,
      0.7145483,
      -0.494637936
    ]
  },
  {
    "timeStamp": 102979,
    "rotation": [
      [
        0.9999378,
        0.006504673,
        -0.009057528
      ],
      [
        0.00511120632,
        0.4545511,
        0.890706
      ],
      [
        0.00991086,
        -0.8906969,
        0.454489619
      ]
    ],
    "translation": [
      1.30386722,
      0.7181041,
      -0.495826721
    ]
  },
  {
    "timeStamp": 103025,
    "rotation": [
      [
        0.9997616,
        0.00333845173,
        -0.0215793122
      ],
      [
        0.01742167,
        0.473829985,
        0.880444
      ],
      [
        0.0131642455,
        -0.88061,
        0.47365886
      ]
    ],
    "translation": [
      1.31083155,
      0.72526896,
      -0.5043398
    ]
  },
  {
    "timeStamp": 103078,
    "rotation": [
      [
        0.9996241,
        0.01589659,
        0.0223410949
      ],
      [
        -0.0272029229,
        0.47276774,
        0.8807671
      ],
      [
        0.00343904621,
        -0.881043732,
        0.4730224
      ]
    ],
    "translation": [
      1.32361686,
      0.7509251,
      -0.515092254
    ]
  },
  {
    "timeStamp": 103134,
    "rotation": [
      [
        0.9973678,
        0.0168515183,
        0.07052321
      ],
      [
        -0.06998758,
        0.4779757,
        0.8755804
      ],
      [
        -0.01895352,
        -0.8782114,
        0.477896959
      ]
    ],
    "translation": [
      1.34684348,
      0.776982963,
      -0.5314644
    ]
  },
  {
    "timeStamp": 103178,
    "rotation": [
      [
        0.995206952,
        0.0134947365,
        0.09685574
      ],
      [
        -0.0915871,
        0.475783974,
        0.8747808
      ],
      [
        -0.0342774726,
        -0.879458666,
        0.474739462
      ]
    ],
    "translation": [
      1.37246406,
      0.7952268,
      -0.5475187
    ]
  },
  {
    "timeStamp": 103233,
    "rotation": [
      [
        0.9936108,
        -0.002764914,
        0.112826772
      ],
      [
        -0.0982240438,
        0.47116676,
        0.876558
      ],
      [
        -0.0555838272,
        -0.882039845,
        0.4678848
      ]
    ],
    "translation": [
      1.41182351,
      0.813854039,
      -0.569042265
    ]
  },
  {
    "timeStamp": 103278,
    "rotation": [
      [
        0.9895875,
        -0.04378551,
        0.137111112
      ],
      [
        -0.1013288,
        0.464606553,
        0.879700661
      ],
      [
        -0.102220856,
        -0.884434044,
        0.455332071
      ]
    ],
    "translation": [
      1.448543,
      0.8274051,
      -0.5832709
    ]
  },
  {
    "timeStamp": 103334,
    "rotation": [
      [
        0.9755609,
        -0.1259126,
        0.1800747
      ],
      [
        -0.102542423,
        0.463929027,
        0.879917562
      ],
      [
        -0.1943346,
        -0.8768785,
        0.439679652
      ]
    ],
    "translation": [
      1.50078893,
      0.842531562,
      -0.5962307
    ]
  },
  {
    "timeStamp": 103378,
    "rotation": [
      [
        0.9508137,
        -0.21297276,
        0.224935278
      ],
      [
        -0.105439819,
        0.460272372,
        0.881494045
      ],
      [
        -0.291265726,
        -0.8618538,
        0.4151775
      ]
    ],
    "translation": [
      1.54620373,
      0.8542242,
      -0.60345453
    ]
  },
  {
    "timeStamp": 103433,
    "rotation": [
      [
        0.9012991,
        -0.336863428,
        0.2723654
      ],
      [
        -0.106100678,
        0.437922865,
        0.89272964
      ],
      [
        -0.420002967,
        -0.833514631,
        0.3589581
      ]
    ],
    "translation": [
      1.60793352,
      0.8686613,
      -0.608836651
    ]
  },
  {
    "timeStamp": 103478,
    "rotation": [
      [
        0.8405731,
        -0.447091818,
        0.305852622
      ],
      [
        -0.105819583,
        0.418214,
        0.9021637
      ],
      [
        -0.531261861,
        -0.7906997,
        0.304228336
      ]
    ],
    "translation": [
      1.66304231,
      0.8809575,
      -0.612289667
    ]
  },
  {
    "timeStamp": 103533,
    "rotation": [
      [
        0.7454288,
        -0.574673057,
        0.337767363
      ],
      [
        -0.1164492,
        0.386654,
        0.9148433
      ],
      [
        -0.6563349,
        -0.7212833,
        0.2213028
      ]
    ],
    "translation": [
      1.73376989,
      0.898259163,
      -0.6168778
    ]
  },
  {
    "timeStamp": 103578,
    "rotation": [
      [
        0.6588368,
        -0.672795653,
        0.336571038
      ],
      [
        -0.12275286,
        0.3452565,
        0.930445969
      ],
      [
        -0.742203355,
        -0.6543271,
        0.1448801
      ]
    ],
    "translation": [
      1.79331,
      0.9132379,
      -0.6218249
    ]
  },
  {
    "timeStamp": 103633,
    "rotation": [
      [
        0.536447763,
        -0.7783687,
        0.3261378
      ],
      [
        -0.140061185,
        0.298977017,
        0.9439256
      ],
      [
        -0.8322299,
        -0.552046061,
        0.0513663031
      ]
    ],
    "translation": [
      1.86756265,
      0.93142736,
      -0.6310359
    ]
  },
  {
    "timeStamp": 103677,
    "rotation": [
      [
        0.4492106,
        -0.8420597,
        0.2985723
      ],
      [
        -0.147662222,
        0.259616733,
        0.954355836
      ],
      [
        -0.881138861,
        -0.472794622,
        -0.00771781337
      ]
    ],
    "translation": [
      1.92361677,
      0.942992449,
      -0.640866
    ]
  },
  {
    "timeStamp": 103733,
    "rotation": [
      [
        0.346280217,
        -0.899436951,
        0.2666519
      ],
      [
        -0.156958014,
        0.2246846,
        0.961707354
      ],
      [
        -0.9249077,
        -0.37487337,
        -0.0633700043
      ]
    ],
    "translation": [
      1.98752153,
      0.952980757,
      -0.6553576
    ]
  },
  {
    "timeStamp": 103778,
    "rotation": [
      [
        0.27409637,
        -0.9327899,
        0.234038532
      ],
      [
        -0.159718409,
        0.1958259,
        0.967544436
      ],
      [
        -0.9483465,
        -0.302580684,
        -0.09530856
      ]
    ],
    "translation": [
      2.03326583,
      0.958042145,
      -0.6666508
    ]
  },
  {
    "timeStamp": 103833,
    "rotation": [
      [
        0.2041855,
        -0.9538693,
        0.220094591
      ],
      [
        -0.165778667,
        0.187891155,
        0.9680983
      ],
      [
        -0.9647931,
        -0.23415865,
        -0.119766518
      ]
    ],
    "translation": [
      2.080746,
      0.9600783,
      -0.679457545
    ]
  },
  {
    "timeStamp": 103877,
    "rotation": [
      [
        0.143346757,
        -0.9587182,
        0.245583087
      ],
      [
        -0.154204637,
        0.223478258,
        0.9624336
      ],
      [
        -0.9775851,
        -0.17583178,
        -0.115803905
      ]
    ],
    "translation": [
      2.111676,
      0.9532114,
      -0.6889605
    ]
  },
  {
    "timeStamp": 103933,
    "rotation": [
      [
        0.1154268,
        -0.9448331,
        0.306540579
      ],
      [
        -0.122384354,
        0.292724669,
        0.9483324
      ],
      [
        -0.9857478,
        -0.146978736,
        -0.0818445161
      ]
    ],
    "translation": [
      2.13515472,
      0.9350726,
      -0.6973375
    ]
  },
  {
    "timeStamp": 103977,
    "rotation": [
      [
        0.106836066,
        -0.9455849,
        0.307335645
      ],
      [
        -0.08672284,
        0.2990646,
        0.9502839
      ],
      [
        -0.990487337,
        -0.128177628,
        -0.0500529259
      ]
    ],
    "translation": [
      2.1480844,
      0.9175204,
      -0.7033625
    ]
  },
  {
    "timeStamp": 104033,
    "rotation": [
      [
        0.112979926,
        -0.9387987,
        0.32541126
      ],
      [
        -0.0551580824,
        0.321077168,
        0.9454454
      ],
      [
        -0.9920651,
        -0.124765418,
        -0.0155070638
      ]
    ],
    "translation": [
      2.15581632,
      0.902607441,
      -0.708252668
    ]
  },
  {
    "timeStamp": 104077,
    "rotation": [
      [
        0.1173393,
        -0.9321813,
        0.342446357
      ],
      [
        -0.0498745069,
        0.338861823,
        0.939513266
      ],
      [
        -0.9918387,
        -0.127321169,
        -0.00673027243
      ]
    ],
    "translation": [
      2.15617919,
      0.8956185,
      -0.7091263
    ]
  },
  {
    "timeStamp": 104132,
    "rotation": [
      [
        0.138872534,
        -0.924742162,
        0.354353458
      ],
      [
        -0.03570136,
        0.352913082,
        0.93497473
      ],
      [
        -0.9896666,
        -0.142493218,
        0.0159953758
      ]
    ],
    "translation": [
      2.153298,
      0.8874055,
      -0.70885247
    ]
  },
  {
    "timeStamp": 104177,
    "rotation": [
      [
        0.1468685,
        -0.9225902,
        0.3567311
      ],
      [
        -0.00323790638,
        0.360191554,
        0.9328728
      ],
      [
        -0.989150763,
        -0.138164684,
        0.049913533
      ]
    ],
    "translation": [
      2.15031576,
      0.878443,
      -0.7094565
    ]
  },
  {
    "timeStamp": 104233,
    "rotation": [
      [
        0.138014063,
        -0.923475862,
        0.357972652
      ],
      [
        0.0225286689,
        0.364265025,
        0.931022763
      ],
      [
        -0.990174,
        -0.120429583,
        0.071078375
      ]
    ],
    "translation": [
      2.14885616,
      0.8711197,
      -0.710549057
    ]
  }
]