[
  {
    "timeStamp": 75768,
    "rotation": [
      [
        0.9998916,
        0.0123468237,
        0.008015285
      ],
      [
        -0.0102724712,
        0.9752589,
        -0.220827058
      ],
      [
        -0.0105434908,
        0.220720783,
        0.975280046
      ]
    ],
    "translation": [
      1.30744684,
      0.700903058,
      -0.623805463
    ]
  },
  {
    "timeStamp": 75815,
    "rotation": [
      [
        0.999940932,
        0.00539734261,
        0.009437086
      ],
      [
        -0.00368625368,
        0.9849611,
        -0.172737256
      ],
      [
        -0.0102274846,
        0.172692269,
        0.984922767
      ]
    ],
    "translation": [
      1.30745566,
      0.701384544,
      -0.6238966
    ]
  },
  {
    "timeStamp": 75868,
    "rotation": [
      [
        0.999656439,
        -0.00484314747,
        0.0257601924
      ],
      [
        0.0120425988,
        0.957777739,
        -0.287257284
      ],
      [
        -0.02328131,
        0.287468821,
        0.957507
      ]
    ],
    "translation": [
      1.31732512,
      0.709341347,
      -0.632941
    ]
  },
  {
    "timeStamp": 75924,
    "rotation": [
      [
        0.996696651,
        0.07087856,
        0.0396474563
      ],
      [
        -0.05410872,
        0.943596065,
        -0.3266476
      ],
      [
        -0.0605634935,
        0.323423326,
        0.944314241
      ]
    ],
    "translation": [
      1.32306457,
      0.741996,
      -0.645150065
    ]
  },
  {
    "timeStamp": 75968,
    "rotation": [
      [
        0.9940629,
        0.102967128,
        0.03516852
      ],
      [
        -0.08418736,
        0.932615161,
        -0.3509153
      ],
      [
        -0.06893144,
        0.34587115,
        0.9357466
      ]
    ],
    "translation": [
      1.33488476,
      0.7685631,
      -0.659357131
    ]
  },
  {
    "timeStamp": 76023,
    "rotation": [
      [
        0.9899879,
        0.137710541,
        0.030981157
      ],
      [
        -0.1176082,
        0.926114,
        -0.358442664
      ],
      [
        -0.0780534148,
        0.351210266,
        0.9330375
      ]
    ],
    "translation": [
      1.35737193,
      0.7994917,
      -0.679957867
    ]
  },
  {
    "timeStamp": 76068,
    "rotation": [
      [
        0.9836014,
        0.175785586,
        0.04034578
      ],
      [
        -0.147703886,
        0.9134849,
        -0.3791159
      ],
      [
        -0.103498377,
        0.3669397,
        0.924469233
      ]
    ],
    "translation": [
      1.37901044,
      0.8235916,
      -0.6953695
    ]
  },
  {
    "timeStamp": 76124,
    "rotation": [
      [
        0.9738064,
        0.211101308,
        0.0844831839
      ],
      [
        -0.163075954,
        0.907338142,
        -0.387483835
      ],
      [
        -0.158453166,
        0.36355707,
        0.9179972
      ]
    ],
    "translation": [
      1.41148758,
      0.8457814,
      -0.7083914
    ]
  },
  {
    "timeStamp": 76168,
    "rotation": [
      [
        0.9558703,
        0.243805841,
        0.1639232
      ],
      [
        -0.164545745,
        0.9065181,
        -0.388779759
      ],
      [
        -0.24338612,
        0.344650149,
        0.9066309
      ]
    ],
    "translation": [
      1.44074333,
      0.8586791,
      -0.7099162
    ]
  },
  {
    "timeStamp": 76223,
    "rotation": [
      [
        0.914324045,
        0.2849216,
        0.287804127
      ],
      [
        -0.160946891,
        0.907768846,
        -0.387365222
      ],
      [
        -0.371628344,
        0.307856143,
        0.8758521
      ]
    ],
    "translation": [
      1.48253834,
      0.870867431,
      -0.704895
    ]
  },
  {
    "timeStamp": 76268,
    "rotation": [
      [
        0.8647815,
        0.3101745,
        0.394898444
      ],
      [
        -0.156827033,
        0.913908958,
        -0.3744004
      ],
      [
        -0.477030665,
        0.2618438,
        0.8389753
      ]
    ],
    "translation": [
      1.52055871,
      0.878551662,
      -0.6971429
    ]
  },
  {
    "timeStamp": 76323,
    "rotation": [
      [
        0.7771455,
        0.330399036,
        0.535612941
      ],
      [
        -0.148908123,
        0.923469841,
        -0.3535954
      ],
      [
        -0.61145,
        0.195037961,
        0.7668696
      ]
    ],
    "translation": [
      1.57294071,
      0.8873977,
      -0.6845858
    ]
  },
  {
    "timeStamp": 76368,
    "rotation": [
      [
        0.6934069,
        0.33214137,
        0.6394287
      ],
      [
        -0.14693372,
        0.9339544,
        -0.325790882
      ],
      [
        -0.7054059,
        0.131952,
        0.6964131
      ]
    ],
    "translation": [
      1.61863,
      0.8955372,
      -0.6748631
    ]
  },
  {
    "timeStamp": 76423,
    "rotation": [
      [
        0.5735078,
        0.321036041,
        0.75367415
      ],
      [
        -0.149981961,
        0.9456099,
        -0.2886646
      ],
      [
        -0.8053535,
        0.0525138676,
        0.5904643
      ]
    ],
    "translation": [
      1.67767,
      0.9084631,
      -0.6649324
    ]
  },
  {
    "timeStamp": 76468,
    "rotation": [
      [
        0.469654739,
        0.295564443,
        0.8319051
      ],
      [
        -0.152947322,
        0.955285966,
        -0.253053039
      ],
      [
        -0.869500756,
        -0.008390107,
        0.493860364
      ]
    ],
    "translation": [
      1.7261399,
      0.920314252,
      -0.6603417
    ]
  },
  {
    "timeStamp": 76523,
    "rotation": [
      [
        0.348346055,
        0.251955569,
        0.9028696
      ],
      [
        -0.158899337,
        0.9651307,
        -0.2080235
      ],
      [
        -0.9237998,
        -0.0710012,
        0.376235038
      ]
    ],
    "translation": [
      1.78545475,
      0.9353249,
      -0.6610417
    ]
  },
  {
    "timeStamp": 76568,
    "rotation": [
      [
        0.260783523,
        0.201799035,
        0.9440705
      ],
      [
        -0.161752224,
        0.973218143,
        -0.163348153
      ],
      [
        -0.95175004,
        -0.11010699,
        0.28644073
      ]
    ],
    "translation": [
      1.82961476,
      0.9452314,
      -0.6655531
    ]
  },
  {
    "timeStamp": 76627,
    "rotation": [
      [
        0.159767866,
        0.1520944,
        0.9753674
      ],
      [
        -0.155839145,
        0.979555547,
        -0.1272206
      ],
      [
        -0.9747761,
        -0.131674662,
        0.180203766
      ]
    ],
    "translation": [
      1.8802259,
      0.9540684,
      -0.6747011
    ]
  },
  {
    "timeStamp": 76668,
    "rotation": [
      [
        0.08773021,
        0.102090128,
        0.9908991
      ],
      [
        -0.150653034,
        0.9846526,
        -0.0881083459
      ],
      [
        -0.9846863,
        -0.1415522,
        0.101763956
      ]
    ],
    "translation": [
      1.91649759,
      0.959659755,
      -0.683598459
    ]
  },
  {
    "timeStamp": 76723,
    "rotation": [
      [
        0.02608603,
        0.0285425819,
        0.9992521
      ],
      [
        -0.129517213,
        0.9912636,
        -0.0249332823
      ],
      [
        -0.991233945,
        -0.128769934,
        0.0295548886
      ]
    ],
    "translation": [
      1.95699549,
      0.9641635,
      -0.6955731
    ]
  },
  {
    "timeStamp": 76768,
    "rotation": [
      [
        -0.0342938863,
        -0.0482203364,
        0.9982478
      ],
      [
        -0.09731299,
        0.994250238,
        0.0446841344
      ],
      [
        -0.9946628,
        -0.09561008,
        -0.038789168
      ]
    ],
    "translation": [
      1.9909476,
      0.966219842,
      -0.704706967
    ]
  },
  {
    "timeStamp": 76823,
    "rotation": [
      [
        -0.0701733455,
        -0.116245881,
        0.9907384
      ],
      [
        -0.056446787,
        0.992058158,
        0.11240264
      ],
      [
        -0.995936453,
        -0.0480363332,
        -0.0761777461
      ]
    ],
    "translation": [
      2.027464,
      0.9704556,
      -0.7147767
    ]
  },
  {
    "timeStamp": 76867,
    "rotation": [
      [
        -0.0958712548,
        -0.168980181,
        0.980945647
      ],
      [
        -0.0183677953,
        0.9856175,
        0.167989835
      ],
      [
        -0.995224237,
        -0.00191241445,
        -0.09759619
      ]
    ],
    "translation": [
      2.05542421,
      0.972865641,
      -0.721750438
    ]
  },
  {
    "timeStamp": 76917,
    "rotation": [
      [
        -0.120331593,
        -0.216996491,
        0.9687274
      ],
      [
        0.0184905715,
        0.975158751,
        0.220733941
      ],
      [
        -0.9925616,
        0.0444735922,
        -0.113330014
      ]
    ],
    "translation": [
      2.0828836,
      0.9753269,
      -0.726265848
    ]
  },
  {
    "timeStamp": 76973,
    "rotation": [
      [
        -0.1270213,
        -0.291861653,
        0.94798857
      ],
      [
        0.09556145,
        0.947683454,
        0.304572016
      ],
      [
        -0.987286,
        0.1292783,
        -0.09248526
      ]
    ],
    "translation": [
      2.12041783,
      0.9769062,
      -0.7316426
    ]
  },
  {
    "timeStamp": 77018,
    "rotation": [
      [
        -0.121591255,
        -0.3561449,
        0.9264861
      ],
      [
        0.163833246,
        0.913407862,
        0.3726189
      ],
      [
        -0.978965938,
        0.1970964,
        -0.05271403
      ]
    ],
    "translation": [
      2.144081,
      0.9765411,
      -0.7329968
    ]
  },
  {
    "timeStamp": 77073,
    "rotation": [
      [
        -0.09124114,
        -0.3954683,
        0.9139365
      ],
      [
        0.281542063,
        0.8700776,
        0.4045974
      ],
      [
        -0.9552011,
        0.294227481,
        0.0319540873
      ]
    ],
    "translation": [
      2.16563129,
      0.9721221,
      -0.7345493
    ]
  },
  {
    "timeStamp": 77118,
    "rotation": [
      [
        -0.06399505,
        -0.446339458,
        0.8925726
      ],
      [
        0.367924452,
        0.8208483,
        0.4368522
      ],
      [
        -0.927651,
        0.356355637,
        0.111688964
      ]
    ],
    "translation": [
      2.1800108,
      0.9684788,
      -0.733332336
    ]
  },
  {
    "timeStamp": 77173,
    "rotation": [
      [
        -0.00759344734,
        -0.495871931,
        0.8683624
      ],
      [
        0.477996528,
        0.7609518,
        0.4387158
      ],
      [
        -0.87832886,
        0.418405622,
        0.231246814
      ]
    ],
    "translation": [
      2.18903756,
      0.962532759,
      -0.7299632
    ]
  },
  {
    "timeStamp": 77218,
    "rotation": [
      [
        0.06046273,
        -0.538944066,
        0.8401688
      ],
      [
        0.554554,
        0.7179921,
        0.42066282
      ],
      [
        -0.829948246,
        0.440484524,
        0.342285365
      ]
    ],
    "translation": [
      2.189318,
      0.9574656,
      -0.7251707
    ]
  },
  {
    "timeStamp": 77274,
    "rotation": [
      [
        0.121546037,
        -0.5816947,
        0.8042747
      ],
      [
        0.629145563,
        0.6718703,
        0.390853077
      ],
      [
        -0.767725468,
        0.458499253,
        0.447633833
      ]
    ],
    "translation": [
      2.18964386,
      0.9492975,
      -0.7168435
    ]
  },
  {
    "timeStamp": 77318,
    "rotation": [
      [
        0.1493664,
        -0.6213937,
        0.7691291
      ],
      [
        0.6953688,
        0.6190179,
        0.365074068
      ],
      [
        -0.7029594,
        0.480298579,
        0.524558246
      ]
    ],
    "translation": [
      2.19309473,
      0.9399485,
      -0.712585866
    ]
  },
  {
    "timeStamp": 77374,
    "rotation": [
      [
        0.1667969,
        -0.7057925,
        0.68850255
      ],
      [
        0.776346743,
        0.524483,
        0.349575937
      ],
      [
        -0.607835948,
        0.4762085,
        0.6354218
      ]
    ],
    "translation": [
      2.20004582,
      0.9296182,
      -0.7082489
    ]
  },
  {
    "timeStamp": 77420,
    "rotation": [
      [
        0.165886521,
        -0.7485,
        0.642051
      ],
      [
        0.810184538,
        0.474627316,
        0.34399116
      ],
      [
        -0.5622123,
        0.463116258,
        0.6851574
      ]
    ],
    "translation": [
      2.20499659,
      0.9233308,
      -0.699726343
    ]
  },
  {
    "timeStamp": 77466,
    "rotation": [
      [
        0.162544131,
        -0.7948698,
        0.5846037
      ],
      [
        0.844570458,
        0.418425858,
        0.334096581
      ],
      [
        -0.5101766,
        0.439433575,
        0.739336252
      ]
    ],
    "translation": [
      2.20948052,
      0.917632937,
      -0.6934148
    ]
  },
  {
    "timeStamp": 77522,
    "rotation": [
      [
        0.1627099,
        -0.8299824,
        0.5335305
      ],
      [
        0.8703262,
        0.375470519,
        0.318675756
      ],
      [
        -0.4648202,
        0.4124938,
        0.7834482
      ]
    ],
    "translation": [
      2.211979,
      0.9129042,
      -0.6857766
    ]
  },
  {
    "timeStamp": 77568,
    "rotation": [
      [
        0.166782334,
        -0.8505847,
        0.498687536
      ],
      [
        0.8896758,
        0.347850651,
        0.295764834
      ],
      [
        -0.425041825,
        0.3943419,
        0.81475997
      ]
    ],
    "translation": [
      2.21216178,
      0.9093805,
      -0.683270633
    ]
  },
  {
    "timeStamp": 77623,
    "rotation": [
      [
        0.168680355,
        -0.859921455,
        0.481748939
      ],
      [
        0.904078543,
        0.329686761,
        0.271935076
      ],
      [
        -0.392669052,
        0.389668763,
        0.833048165
      ]
    ],
    "translation": [
      2.21050715,
      0.9085783,
      -0.684307337
    ]
  },
  {
    "timeStamp": 77667,
    "rotation": [
      [
        0.185791314,
        -0.859173954,
        0.476761758
      ],
      [
        0.8978712,
        0.3455446,
        0.27281186
      ],
      [
        -0.3991353,
        0.377384543,
        0.8356267
      ]
    ],
    "translation": [
      2.206157,
      0.9102568,
      -0.6829953
    ]
  },
  {
    "timeStamp": 77723,
    "rotation": [
      [
        0.201227784,
        -0.859787,
        0.469333351
      ],
      [
        0.88522613,
        0.364755958,
        0.288665473
      ],
      [
        -0.41938296,
        0.357378662,
        0.8345049
      ]
    ],
    "translation": [
      2.199314,
      0.917933643,
      -0.681309342
    ]
  },
  {
    "timeStamp": 77767,
    "rotation": [
      [
        0.21202521,
        -0.8589054,
        0.466183245
      ],
      [
        0.8824965,
        0.373199165,
        0.28622067
      ],
      [
        -0.41981566,
        0.350719064,
        0.8371087
      ]
    ],
    "translation": [
      2.1963706,
      0.9214318,
      -0.68304956
    ]
  },
  {
    "timeStamp": 77823,
    "rotation": [
      [
        0.19036375,
        -0.8769843,
        0.441203237
      ],
      [
        0.8935811,
        0.340900064,
        0.292061657
      ],
      [
        -0.406539679,
        0.3386529,
        0.8485516
      ]
    ],
    "translation": [
      2.20250559,
      0.922350049,
      -0.684019
    ]
  },
  {
    "timeStamp": 77867,
    "rotation": [
      [
        0.177860811,
        -0.891021,
        0.417668521
      ],
      [
        0.900520742,
        0.3185074,
        0.295998961
      ],
      [
        -0.396771818,
        0.323472559,
        0.859033
      ]
    ],
    "translation": [
      2.20845985,
      0.9190617,
      -0.682117
    ]
  },
  {
    "timeStamp": 77923,
    "rotation": [
      [
        0.169437125,
        -0.9066305,
        0.386409253
      ],
      [
        0.900322437,
        0.3018779,
        0.313511282
      ],
      [
        -0.4008873,
        0.294772476,
        0.8674091
      ]
    ],
    "translation": [
      2.21339631,
      0.913499534,
      -0.6742676
    ]
  },
  {
    "timeStamp": 77967,
    "rotation": [
      [
        0.16840142,
        -0.91166997,
        0.374831736
      ],
      [
        0.912273467,
        0.288178027,
        0.291050881
      ],
      [
        -0.373360634,
        0.292935669,
        0.880221844
      ]
    ],
    "translation": [
      2.215393,
      0.908415,
      -0.6731406
    ]
  },
  {
    "timeStamp": 78023,
    "rotation": [
      [
        0.165037,
        -0.9211622,
        0.352452874
      ],
      [
        0.9178333,
        0.274251342,
        0.286998659
      ],
      [
        -0.361033,
        0.2761276,
        0.890735
      ]
    ],
    "translation": [
      2.21762562,
      0.902084231,
      -0.6678272
    ]
  },
  {
    "timeStamp": 78067,
    "rotation": [
      [
        0.15562351,
        -0.9292645,
        0.3350355
      ],
      [
        0.925011933,
        0.256097943,
        0.2806542
      ],
      [
        -0.34660387,
        0.266235471,
        0.8994356
      ]
    ],
    "translation": [
      2.220382,
      0.8981464,
      -0.664514542
    ]
  },
  {
    "timeStamp": 78123,
    "rotation": [
      [
        0.156083182,
        -0.934800863,
        0.319038153
      ],
      [
        0.927869,
        0.249509349,
        0.277135551
      ],
      [
        -0.338669568,
        0.2527694,
        0.906317
      ]
    ],
    "translation": [
      2.22232938,
      0.8928072,
      -0.658749163
    ]
  }
]