[
  {
    "timeStamp": 58218,
    "rotation": [
      [
        0.9999525,
        -0.002348709,
        0.009452065
      ],
      [
        -0.009454098,
        -0.0008556974,
        0.999954939
      ],
      [
        -0.00234051421,
        -0.999996841,
        -0.0008778617
      ]
    ],
    "translation": [
      1.61626089,
      0.7015476,
      -0.7499507
    ]
  },
  {
    "timeStamp": 58262,
    "rotation": [
      [
        0.999974132,
        -0.00372414151,
        0.006154675
      ],
      [
        -0.006145319,
        0.00251845131,
        0.999977946
      ],
      [
        -0.00373955932,
        -0.999989867,
        0.00249550026
      ]
    ],
    "translation": [
      1.616449,
      0.701223731,
      -0.7499592
    ]
  },
  {
    "timeStamp": 58318,
    "rotation": [
      [
        0.999892354,
        -0.007953249,
        0.0123276226
      ],
      [
        -0.0123598734,
        -0.004018737,
        0.99991554
      ],
      [
        -0.007903037,
        -0.9999603,
        -0.004116606
      ]
    ],
    "translation": [
      1.616923,
      0.701922953,
      -0.7499191
    ]
  },
  {
    "timeStamp": 58363,
    "rotation": [
      [
        0.9999803,
        0.00256871176,
        0.00573824346
      ],
      [
        -0.00571512943,
        -0.008917027,
        0.9999439
      ],
      [
        0.00261973427,
        -0.999956965,
        -0.008902171
      ]
    ],
    "translation": [
      1.61575687,
      0.7023346,
      -0.750059962
    ]
  },
  {
    "timeStamp": 58418,
    "rotation": [
      [
        0.999847054,
        0.0166139677,
        -0.005467095
      ],
      [
        0.00563115347,
        -0.00984405,
        0.9999357
      ],
      [
        0.0165590774,
        -0.999813557,
        -0.009936099
      ]
    ],
    "translation": [
      1.6141758,
      0.702397943,
      -0.750201941
    ]
  },
  {
    "timeStamp": 58462,
    "rotation": [
      [
        0.9997751,
        0.0200494248,
        -0.00691514974
      ],
      [
        0.007178465,
        -0.0130912177,
        0.999888539
      ],
      [
        0.0199566633,
        -0.9997133,
        -0.0132321976
      ]
    ],
    "translation": [
      1.61378336,
      0.702721238,
      -0.750228345
    ]
  },
  {
    "timeStamp": 58518,
    "rotation": [
      [
        0.999748945,
        0.0210499838,
        -0.0076739
      ],
      [
        0.008052687,
        -0.0179693066,
        0.9998061
      ],
      [
        0.0209080055,
        -0.999616861,
        -0.0181343053
      ]
    ],
    "translation": [
      1.61367619,
      0.7032147,
      -0.750254
    ]
  },
  {
    "timeStamp": 58562,
    "rotation": [
      [
        0.9997335,
        0.0209966414,
        -0.009590286
      ],
      [
        0.0100044459,
        -0.0197097082,
        0.9997557
      ],
      [
        0.020802483,
        -0.9995852,
        -0.0199145172
      ]
    ],
    "translation": [
      1.6136843,
      0.703388751,
      -0.750264347
    ]
  },
  {
    "timeStamp": 58618,
    "rotation": [
      [
        0.999205,
        0.03436159,
        -0.02021854
      ],
      [
        0.0212374162,
        -0.0295499209,
        0.9993377
      ],
      [
        0.03374138,
        -0.9989726,
        -0.0302561782
      ]
    ],
    "translation": [
      1.61217821,
      0.704366863,
      -0.7505818
    ]
  },
  {
    "timeStamp": 58662,
    "rotation": [
      [
        0.998557031,
        0.0478644632,
        -0.0243467316
      ],
      [
        0.0255289134,
        -0.0242442787,
        0.999380052
      ],
      [
        0.0472445227,
        -0.998559535,
        -0.0254312251
      ]
    ],
    "translation": [
      1.61054373,
      0.7038566,
      -0.750753939
    ]
  },
  {
    "timeStamp": 58718,
    "rotation": [
      [
        0.9986446,
        0.04635609,
        -0.0236651879
      ],
      [
        0.0253752675,
        -0.0366557166,
        0.999005735
      ],
      [
        0.0454425365,
        -0.998252153,
        -0.0377823338
      ]
    ],
    "translation": [
      1.6107111,
      0.7051345,
      -0.750773668
    ]
  },
  {
    "timeStamp": 58762,
    "rotation": [
      [
        0.998597741,
        0.04695963,
        -0.024439862
      ],
      [
        0.0264036432,
        -0.0416635424,
        0.998782754
      ],
      [
        0.0458842143,
        -0.9980275,
        -0.0428450257
      ]
    ],
    "translation": [
      1.6106472,
      0.7056395,
      -0.7508057
    ]
  },
  {
    "timeStamp": 58818,
    "rotation": [
      [
        0.9987439,
        0.0460527,
        0.0197411012
      ],
      [
        -0.01819675,
        -0.0337160267,
        0.9992658
      ],
      [
        0.0466844738,
        -0.9983699,
        -0.0328356661
      ]
    ],
    "translation": [
      1.60633016,
      0.705450654,
      -0.753227949
    ]
  },
  {
    "timeStamp": 58873,
    "rotation": [
      [
        0.997570038,
        0.0252844878,
        0.06492086
      ],
      [
        -0.06363125,
        -0.04884484,
        0.9967774
      ],
      [
        0.02837407,
        -0.99848634,
        -0.0471172668
      ]
    ],
    "translation": [
      1.59943473,
      0.70851,
      -0.7525474
    ]
  },
  {
    "timeStamp": 58917,
    "rotation": [
      [
        0.997278333,
        0.0230388232,
        0.07003647
      ],
      [
        -0.06877988,
        -0.0514349863,
        0.996305048
      ],
      [
        0.0265560318,
        -0.9984106,
        -0.049710393
      ]
    ],
    "translation": [
      1.59874475,
      0.7104413,
      -0.751981556
    ]
  },
  {
    "timeStamp": 58962,
    "rotation": [
      [
        0.9971921,
        0.0255182553,
        0.07040402
      ],
      [
        -0.0686753541,
        -0.06324832,
        0.9956321
      ],
      [
        0.0298597533,
        -0.9976715,
        -0.06131825
      ]
    ],
    "translation": [
      1.598128,
      0.7142853,
      -0.7501054
    ]
  },
  {
    "timeStamp": 59017,
    "rotation": [
      [
        0.9970475,
        0.0242322516,
        0.0728633255
      ],
      [
        -0.07093492,
        -0.0726769641,
        0.9948298
      ],
      [
        0.029402459,
        -0.9970611,
        -0.0707434639
      ]
    ],
    "translation": [
      1.5981648,
      0.7184356,
      -0.7482186
    ]
  },
  {
    "timeStamp": 59073,
    "rotation": [
      [
        0.997107744,
        0.022950355,
        0.07245217
      ],
      [
        -0.07033974,
        -0.08234133,
        0.9941188
      ],
      [
        0.0287811961,
        -0.996339858,
        -0.08048885
      ]
    ],
    "translation": [
      1.59837782,
      0.7225276,
      -0.746048868
    ]
  },
  {
    "timeStamp": 59117,
    "rotation": [
      [
        0.9973573,
        0.0228485763,
        0.0689665452
      ],
      [
        -0.06656947,
        -0.09284777,
        0.9934525
      ],
      [
        0.02910234,
        -0.995418131,
        -0.09108139
      ]
    ],
    "translation": [
      1.5990082,
      0.7281236,
      -0.7440321
    ]
  },
  {
    "timeStamp": 59173,
    "rotation": [
      [
        0.9975462,
        0.008630207,
        0.06947778
      ],
      [
        -0.06823655,
        -0.102204837,
        0.992420256
      ],
      [
        0.0156657472,
        -0.994725943,
        -0.101365149
      ]
    ],
    "translation": [
      1.60199606,
      0.7354563,
      -0.7415948
    ]
  },
  {
    "timeStamp": 59217,
    "rotation": [
      [
        0.9979815,
        0.009654231,
        0.06276697
      ],
      [
        -0.0612968,
        -0.111935884,
        0.9918231
      ],
      [
        0.0166011844,
        -0.9936685,
        -0.111118168
      ]
    ],
    "translation": [
      1.60362267,
      0.74366,
      -0.7403402
    ]
  },
  {
    "timeStamp": 59273,
    "rotation": [
      [
        0.9982223,
        0.00264001754,
        0.05954203
      ],
      [
        -0.0587047562,
        -0.129001841,
        0.9899052
      ],
      [
        0.0102944039,
        -0.9916408,
        -0.12861754
      ]
    ],
    "translation": [
      1.60720241,
      0.7598854,
      -0.73730135
    ]
  },
  {
    "timeStamp": 59317,
    "rotation": [
      [
        0.999305964,
        0.0005646543,
        0.0372453071
      ],
      [
        -0.03679533,
        -0.14071469,
        0.9893662
      ],
      [
        0.00579962553,
        -0.990049958,
        -0.140596241
      ]
    ],
    "translation": [
      1.61450529,
      0.7758707,
      -0.7362144
    ]
  },
  {
    "timeStamp": 59373,
    "rotation": [
      [
        0.999848545,
        -0.007316572,
        0.015787214
      ],
      [
        -0.0167576279,
        -0.160601318,
        0.9868771
      ],
      [
        -0.004685108,
        -0.9869922,
        -0.160699621
      ]
    ],
    "translation": [
      1.62670982,
      0.8003349,
      -0.7344017
    ]
  },
  {
    "timeStamp": 59417,
    "rotation": [
      [
        0.99990803,
        -0.0111416075,
        -0.007733299
      ],
      [
        0.00565472944,
        -0.1757864,
        0.9844121
      ],
      [
        -0.0123273432,
        -0.9843652,
        -0.175707236
      ]
    ],
    "translation": [
      1.6394316,
      0.822707057,
      -0.7341526
    ]
  },
  {
    "timeStamp": 59473,
    "rotation": [
      [
        0.998923957,
        -0.0274792649,
        -0.0373599753
      ],
      [
        0.0314430743,
        -0.1908728,
        0.98111105
      ],
      [
        -0.0340912156,
        -0.98123,
        -0.189803377
      ]
    ],
    "translation": [
      1.66311526,
      0.852314353,
      -0.735031366
    ]
  },
  {
    "timeStamp": 59517,
    "rotation": [
      [
        0.997190535,
        -0.04824587,
        -0.0573006049
      ],
      [
        0.0463614054,
        -0.20332481,
        0.9780131
      ],
      [
        -0.0588357337,
        -0.977921963,
        -0.200516835
      ]
    ],
    "translation": [
      1.68616247,
      0.876686633,
      -0.736843765
    ]
  },
  {
    "timeStamp": 59573,
    "rotation": [
      [
        0.992810547,
        -0.0643750951,
        -0.100910977
      ],
      [
        0.084707275,
        -0.217772782,
        0.9723167
      ],
      [
        -0.08456863,
        -0.973874152,
        -0.210754082
      ]
    ],
    "translation": [
      1.72125614,
      0.907423854,
      -0.7396452
    ]
  },
  {
    "timeStamp": 59617,
    "rotation": [
      [
        0.988174558,
        -0.09777394,
        -0.118115336
      ],
      [
        0.09339327,
        -0.22714518,
        0.969372332
      ],
      [
        -0.1216087,
        -0.968940258,
        -0.215327665
      ]
    ],
    "translation": [
      1.75295794,
      0.9316261,
      -0.7426228
    ]
  },
  {
    "timeStamp": 59673,
    "rotation": [
      [
        0.9809955,
        -0.1237034,
        -0.14948377
      ],
      [
        0.115541458,
        -0.246495962,
        0.962231755
      ],
      [
        -0.155878469,
        -0.961216569,
        -0.227518544
      ]
    ],
    "translation": [
      1.79494512,
      0.961559534,
      -0.7441295
    ]
  },
  {
    "timeStamp": 59717,
    "rotation": [
      [
        0.9740185,
        -0.130127475,
        -0.185350329
      ],
      [
        0.146720484,
        -0.260864019,
        0.9541609
      ],
      [
        -0.172513783,
        -0.956565142,
        -0.234994009
      ]
    ],
    "translation": [
      1.82877088,
      0.9830718,
      -0.743782043
    ]
  },
  {
    "timeStamp": 59773,
    "rotation": [
      [
        0.9662976,
        -0.1442822,
        -0.2131936
      ],
      [
        0.167541832,
        -0.276282638,
        0.94636023
      ],
      [
        -0.195444614,
        -0.950184464,
        -0.242797941
      ]
    ],
    "translation": [
      1.8731811,
      1.00584722,
      -0.740892351
    ]
  },
  {
    "timeStamp": 59817,
    "rotation": [
      [
        0.9598444,
        -0.155565158,
        -0.233448535
      ],
      [
        0.181128755,
        -0.2917962,
        0.939173758
      ],
      [
        -0.214222118,
        -0.9437449,
        -0.251901627
      ]
    ],
    "translation": [
      1.90982056,
      1.022445,
      -0.7354376
    ]
  },
  {
    "timeStamp": 59872,
    "rotation": [
      [
        0.9472877,
        -0.162052885,
        -0.2763781
      ],
      [
        0.216952592,
        -0.310302436,
        0.92555064
      ],
      [
        -0.235748947,
        -0.93672365,
        -0.2587879
      ]
    ],
    "translation": [
      1.95856178,
      1.03793979,
      -0.726852953
    ]
  },
  {
    "timeStamp": 59917,
    "rotation": [
      [
        0.9436715,
        -0.182536542,
        -0.275979131
      ],
      [
        0.2092921,
        -0.316732854,
        0.925136268
      ],
      [
        -0.256282836,
        -0.930785,
        -0.2606883
      ]
    ],
    "translation": [
      1.99513423,
      1.04460788,
      -0.7183308
    ]
  },
  {
    "timeStamp": 59973,
    "rotation": [
      [
        0.939503133,
        -0.181896552,
        -0.290253967
      ],
      [
        0.221849889,
        -0.322509468,
        0.9202012
      ],
      [
        -0.2609911,
        -0.928924739,
        -0.262644947
      ]
    ],
    "translation": [
      2.03727961,
      1.04517031,
      -0.7062047
    ]
  },
  {
    "timeStamp": 60017,
    "rotation": [
      [
        0.945033967,
        -0.18419911,
        -0.2701509
      ],
      [
        0.2027177,
        -0.3181945,
        0.926098168
      ],
      [
        -0.256546974,
        -0.9299586,
        -0.2633642
      ]
    ],
    "translation": [
      2.064041,
      1.038924,
      -0.6953379
    ]
  },
  {
    "timeStamp": 60073,
    "rotation": [
      [
        0.9514821,
        -0.168899015,
        -0.257205874
      ],
      [
        0.198905781,
        -0.300162375,
        0.9329196
      ],
      [
        -0.234772742,
        -0.9388161,
        -0.252004147
      ]
    ],
    "translation": [
      2.09293246,
      1.02329969,
      -0.683004439
    ]
  },
  {
    "timeStamp": 60119,
    "rotation": [
      [
        0.9523326,
        -0.172237068,
        -0.251787633
      ],
      [
        0.201993912,
        -0.262489021,
        0.943556
      ],
      [
        -0.228606835,
        -0.949438751,
        -0.215186015
      ]
    ],
    "translation": [
      2.11672449,
      1.005496,
      -0.6781193
    ]
  },
  {
    "timeStamp": 60167,
    "rotation": [
      [
        0.9612393,
        -0.167364478,
        -0.219107658
      ],
      [
        0.175404266,
        -0.2419308,
        0.9543075
      ],
      [
        -0.212726086,
        -0.9557503,
        -0.203196943
      ]
    ],
    "translation": [
      2.134146,
      0.9898875,
      -0.6692358
    ]
  },
  {
    "timeStamp": 60216,
    "rotation": [
      [
        0.9656251,
        -0.149975538,
        -0.212310076
      ],
      [
        0.1779115,
        -0.214163616,
        0.960459
      ],
      [
        -0.189514428,
        -0.9652157,
        -0.1801194
      ]
    ],
    "translation": [
      2.14363337,
      0.971978962,
      -0.662835836
    ]
  },
  {
    "timeStamp": 60264,
    "rotation": [
      [
        0.968225,
        -0.154945239,
        -0.196296424
      ],
      [
        0.165362388,
        -0.192167252,
        0.96732986
      ],
      [
        -0.187604874,
        -0.969053,
        -0.160439029
      ]
    ],
    "translation": [
      2.15311813,
      0.9545908,
      -0.657104
    ]
  },
  {
    "timeStamp": 60323,
    "rotation": [
      [
        0.9696537,
        -0.17107676,
        -0.174655035
      ],
      [
        0.147207081,
        -0.161825836,
        0.975777864
      ],
      [
        -0.195196629,
        -0.9718771,
        -0.131731316
      ]
    ],
    "translation": [
      2.1645484,
      0.9301716,
      -0.650207162
    ]
  },
  {
    "timeStamp": 60367,
    "rotation": [
      [
        0.9708631,
        -0.19221063,
        -0.143107936
      ],
      [
        0.115449406,
        -0.1481476,
        0.9822035
      ],
      [
        -0.209991083,
        -0.97010684,
        -0.121640429
      ]
    ],
    "translation": [
      2.16975737,
      0.915747,
      -0.6443017
    ]
  },
  {
    "timeStamp": 60423,
    "rotation": [
      [
        0.968421161,
        -0.203710243,
        -0.143744737
      ],
      [
        0.1192828,
        -0.127714708,
        0.984611869
      ],
      [
        -0.218933851,
        -0.9706652,
        -0.0993825
      ]
    ],
    "translation": [
      2.17726231,
      0.8979528,
      -0.6387331
    ]
  },
  {
    "timeStamp": 60467,
    "rotation": [
      [
        0.965864658,
        -0.222566381,
        -0.132551119
      ],
      [
        0.109761953,
        -0.11186751,
        0.987642646
      ],
      [
        -0.234644189,
        -0.968478143,
        -0.08361955
      ]
    ],
    "translation": [
      2.18218064,
      0.8852331,
      -0.633735061
    ]
  },
  {
    "timeStamp": 60523,
    "rotation": [
      [
        0.9555395,
        -0.268730938,
        -0.121358536
      ],
      [
        0.100129768,
        -0.09139329,
        0.990768
      ],
      [
        -0.2773414,
        -0.958869636,
        -0.0604219325
      ]
    ],
    "translation": [
      2.19112158,
      0.869235,
      -0.628745437
    ]
  },
  {
    "timeStamp": 60567,
    "rotation": [
      [
        0.9457927,
        -0.3106316,
        -0.0947846
      ],
      [
        0.07744357,
        -0.0677204952,
        0.9946941
      ],
      [
        -0.3154023,
        -0.9481149,
        -0.03999313
      ]
    ],
    "translation": [
      2.19756961,
      0.853911161,
      -0.623692632
    ]
  },
  {
    "timeStamp": 60622,
    "rotation": [
      [
        0.926346838,
        -0.366199583,
        -0.08820106
      ],
      [
        0.07620559,
        -0.0471151322,
        0.995978355
      ],
      [
        -0.368882447,
        -0.9293428,
        -0.0157385
      ]
    ],
    "translation": [
      2.20974445,
      0.8341316,
      -0.619339943
    ]
  },
  {
    "timeStamp": 60667,
    "rotation": [
      [
        0.9206026,
        -0.3837032,
        -0.07254406
      ],
      [
        0.06982728,
        -0.0210259631,
        0.997337461
      ],
      [
        -0.384206921,
        -0.923217058,
        0.00743639655
      ]
    ],
    "translation": [
      2.21197176,
      0.8154757,
      -0.614696
    ]
  },
  {
    "timeStamp": 60712,
    "rotation": [
      [
        0.918171048,
        -0.389196277,
        -0.07408212
      ],
      [
        0.0789023638,
        -0.00360949081,
        0.9968758
      ],
      [
        -0.388247758,
        -0.921147764,
        0.0273943786
      ]
    ],
    "translation": [
      2.21237874,
      0.7996032,
      -0.610028267
    ]
  },
  {
    "timeStamp": 60769,
    "rotation": [
      [
        0.9072242,
        -0.415707856,
        -0.0642747357
      ],
      [
        0.07454642,
        0.008507789,
        0.997181237
      ],
      [
        -0.413989216,
        -0.909458458,
        0.038708
      ]
    ],
    "translation": [
      2.21578884,
      0.784045458,
      -0.603319049
    ]
  },
  {
    "timeStamp": 60815,
    "rotation": [
      [
        0.900411367,
        -0.429568738,
        -0.06877505
      ],
      [
        0.08483586,
        0.0183245353,
        0.99622643
      ],
      [
        -0.426687449,
        -0.9028482,
        0.05294245
      ]
    ],
    "translation": [
      2.21897984,
      0.77289176,
      -0.5990014
    ]
  },
  {
    "timeStamp": 60872,
    "rotation": [
      [
        0.885276854,
        -0.460959762,
        -0.0616518743
      ],
      [
        0.07940218,
        0.0191927422,
        0.9966579
      ],
      [
        -0.458235949,
        -0.887213469,
        0.0535921
      ]
    ],
    "translation": [
      2.22617483,
      0.7622006,
      -0.5926747
    ]
  },
  {
    "timeStamp": 60917,
    "rotation": [
      [
        0.8764792,
        -0.479971975,
        -0.0375645831
      ],
      [
        0.0602368675,
        0.0319168,
        0.9976737
      ],
      [
        -0.477656454,
        -0.876703,
        0.0568864234
      ]
    ],
    "translation": [
      2.22549629,
      0.7527419,
      -0.588091731
    ]
  },
  {
    "timeStamp": 60972,
    "rotation": [
      [
        0.873295,
        -0.483902872,
        -0.0565144
      ],
      [
        0.08017606,
        0.028327262,
        0.9963781
      ],
      [
        -0.480549335,
        -0.8746631,
        0.06353548
      ]
    ],
    "translation": [
      2.228776,
      0.7446974,
      -0.5817176
    ]
  },
  {
    "timeStamp": 61016,
    "rotation": [
      [
        0.860474467,
        -0.508991063,
        -0.0226234738
      ],
      [
        0.0526661724,
        0.0446932353,
        0.9976115
      ],
      [
        -0.506764233,
        -0.859610736,
        0.065264
      ]
    ],
    "translation": [
      2.22777128,
      0.73567003,
      -0.578971148
    ]
  },
  {
    "timeStamp": 61072,
    "rotation": [
      [
        0.8490557,
        -0.528055251,
        -0.0161888972
      ],
      [
        0.047330495,
        0.0455108881,
        0.997841954
      ],
      [
        -0.5261789,
        -0.8479896,
        0.0636343956
      ]
    ],
    "translation": [
      2.2290864,
      0.7290771,
      -0.5749832
    ]
  },
  {
    "timeStamp": 61116,
    "rotation": [
      [
        0.842781067,
        -0.5381527,
        -0.0105720991
      ],
      [
        0.0411929861,
        0.044902157,
        0.998141766
      ],
      [
        -0.536677957,
        -0.8416505,
        0.060010802
      ]
    ],
    "translation": [
      2.22894073,
      0.7246399,
      -0.5714812
    ]
  },
  {
    "timeStamp": 61172,
    "rotation": [
      [
        0.8401974,
        -0.542277932,
        -0.00171766966
      ],
      [
        0.0279971845,
        0.0402147174,
        0.9987987
      ],
      [
        -0.541557431,
        -0.83923614,
        0.0489705577
      ]
    ],
    "translation": [
      2.227158,
      0.720868945,
      -0.5648204
    ]
  },
  {
    "timeStamp": 61216,
    "rotation": [
      [
        0.8413874,
        -0.5403712,
        -0.008140044
      ],
      [
        0.0335902721,
        0.03725705,
        0.998741031
      ],
      [
        -0.5393876,
        -0.8406015,
        0.0494988263
      ]
    ],
    "translation": [
      2.22664428,
      0.7199122,
      -0.561752737
    ]
  },
  {
    "timeStamp": 61272,
    "rotation": [
      [
        0.8441236,
        -0.5360612,
        -0.009675696
      ],
      [
        0.0432474054,
        0.05009068,
        0.9978079
      ],
      [
        -0.5344015,
        -0.84269166,
        0.06546599
      ]
    ],
    "translation": [
      2.22623467,
      0.718001544,
      -0.5616064
    ]
  },
  {
    "timeStamp": 61316,
    "rotation": [
      [
        0.844777644,
        -0.535052955,
        -0.008315109
      ],
      [
        0.0474491864,
        0.0594202429,
        0.9971047
      ],
      [
        -0.5330097,
        -0.8427263,
        0.07558472
      ]
    ],
    "translation": [
      2.226164,
      0.7167324,
      -0.561582565
    ]
  },
  {
    "timeStamp": 61372,
    "rotation": [
      [
        0.8514304,
        -0.524060249,
        -0.0206658542
      ],
      [
        0.06024209,
        0.0585794859,
        0.9964634
      ],
      [
        -0.5209963,
        -0.8496642,
        0.08144684
      ]
    ],
    "translation": [
      2.22509766,
      0.7168075,
      -0.5611453
    ]
  },
  {
    "timeStamp": 61416,
    "rotation": [
      [
        0.852596939,
        -0.5213449,
        -0.03574804
      ],
      [
        0.0839585,
        0.0691419244,
        0.9940676
      ],
      [
        -0.5157804,
        -0.85054034,
        0.102721527
      ]
    ],
    "translation": [
      2.22478771,
      0.7158974,
      -0.5610894
    ]
  },
  {
    "timeStamp": 61472,
    "rotation": [
      [
        0.8435722,
        -0.5352565,
        -0.04343221
      ],
      [
        0.09448195,
        0.06831558,
        0.9931798
      ],
      [
        -0.52863884,
        -0.841922462,
        0.108201213
      ]
    ],
    "translation": [
      2.22603917,
      0.715805531,
      -0.561795354
    ]
  },
  {
    "timeStamp": 61516,
    "rotation": [
      [
        0.8430871,
        -0.536009133,
        -0.0435698926
      ],
      [
        0.09201885,
        0.06396247,
        0.9937008
      ],
      [
        -0.529845834,
        -0.84178555,
        0.103248879
      ]
    ],
    "translation": [
      2.22609639,
      0.7161466,
      -0.5618328
    ]
  },
  {
    "timeStamp": 61572,
    "rotation": [
      [
        0.84273845,
        -0.535981536,
        -0.0501558222
      ],
      [
        0.0950552449,
        0.05645409,
        0.9938699
      ],
      [
        -0.52986443,
        -0.84234,
        0.098523885
      ]
    ],
    "translation": [
      2.226085,
      0.7167039,
      -0.561820745
    ]
  },
  {
    "timeStamp": 61616,
    "rotation": [
      [
        0.8427596,
        -0.5360926,
        -0.0485896878
      ],
      [
        0.09078537,
        0.0525817759,
        0.9944814
      ],
      [
        -0.5305792,
        -0.84252,
        0.0929831639
      ]
    ],
    "translation": [
      2.22609377,
      0.7170399,
      -0.5618068
    ]
  },
  {
    "timeStamp": 61672,
    "rotation": [
      [
        0.8437688,
        -0.5345423,
        -0.0481531024
      ],
      [
        0.08781078,
        0.0489819422,
        0.9949322
      ],
      [
        -0.529474735,
        -0.8437211,
        0.0882680044
      ]
    ],
    "translation": [
      2.225964,
      0.7173089,
      -0.5617054
    ]
  },
  {
    "timeStamp": 61716,
    "rotation": [
      [
        0.8485424,
        -0.5279828,
        -0.03478436
      ],
      [
        0.07019179,
        0.0471624359,
        0.996418
      ],
      [
        -0.524451,
        -0.8479445,
        0.0770793855
      ]
    ],
    "translation": [
      2.22517371,
      0.717649162,
      -0.5614105
    ]
  },
  {
    "timeStamp": 61772,
    "rotation": [
      [
        0.849045,
        -0.5272311,
        -0.0339125
      ],
      [
        0.07235984,
        0.05246273,
        0.995997846
      ],
      [
        -0.5233419,
        -0.848100841,
        0.08269357
      ]
    ],
    "translation": [
      2.225101,
      0.7172329,
      -0.5614157
    ]
  },
  {
    "timeStamp": 61816,
    "rotation": [
      [
        0.848908663,
        -0.5272849,
        -0.0363970771
      ],
      [
        0.07488918,
        0.05182826,
        0.995844066
      ],
      [
        -0.5232072,
        -0.8481064,
        0.0834853947
      ]
    ],
    "translation": [
      2.22511768,
      0.717255,
      -0.5614362
    ]
  }
]