[
  {
    "timeStamp": 171354,
    "rotation": [
      [
        -0.579210758,
        0.3769821,
        0.722772062
      ],
      [
        0.529543936,
        0.8480919,
        -0.0179834235
      ],
      [
        -0.6197565,
        0.372323364,
        -0.690852463
      ]
    ],
    "translation": [
      1.42634392,
      0.7061908,
      -0.5806244
    ]
  },
  {
    "timeStamp": 171410,
    "rotation": [
      [
        -0.5726465,
        0.365815848,
        0.733658433
      ],
      [
        0.506457,
        0.861583,
        -0.03429374
      ],
      [
        -0.6446528,
        0.351928234,
        -0.6786525
      ]
    ],
    "translation": [
      1.42611289,
      0.70806706,
      -0.58126
    ]
  },
  {
    "timeStamp": 171454,
    "rotation": [
      [
        -0.5690785,
        0.3694845,
        0.7345958
      ],
      [
        0.5112751,
        0.8586705,
        -0.0358153
      ],
      [
        -0.644008934,
        0.35519883,
        -0.677559137
      ]
    ],
    "translation": [
      1.42614019,
      0.7081151,
      -0.58129406
    ]
  },
  {
    "timeStamp": 171510,
    "rotation": [
      [
        -0.5692071,
        0.393639028,
        0.72183913
      ],
      [
        0.5243157,
        0.850048542,
        -0.0501054376
      ],
      [
        -0.6333217,
        0.3499512,
        -0.690244734
      ]
    ],
    "translation": [
      1.42653418,
      0.708445966,
      -0.580785334
    ]
  },
  {
    "timeStamp": 171554,
    "rotation": [
      [
        -0.5614545,
        0.413951039,
        0.7165287
      ],
      [
        0.5400989,
        0.839337468,
        -0.06169142
      ],
      [
        -0.6269466,
        0.352359444,
        -0.6948243
      ]
    ],
    "translation": [
      1.42681527,
      0.7087482,
      -0.580594361
    ]
  },
  {
    "timeStamp": 171609,
    "rotation": [
      [
        -0.5724861,
        0.389050931,
        0.7217334
      ],
      [
        0.508633256,
        0.8589215,
        -0.05954933
      ],
      [
        -0.64308,
        0.333006382,
        -0.6896049
      ]
    ],
    "translation": [
      1.43183482,
      0.7131725,
      -0.5800728
    ]
  },
  {
    "timeStamp": 171654,
    "rotation": [
      [
        -0.5647252,
        0.406104922,
        0.718445659
      ],
      [
        0.510843,
        0.855738163,
        -0.08216844
      ],
      [
        -0.648170352,
        0.320610344,
        -0.6907128
      ]
    ],
    "translation": [
      1.43446541,
      0.7222281,
      -0.5803987
    ]
  },
  {
    "timeStamp": 171709,
    "rotation": [
      [
        -0.553252935,
        0.427914768,
        0.7147028
      ],
      [
        0.509086967,
        0.852793157,
        -0.1165085
      ],
      [
        -0.6593493,
        0.2993872,
        -0.6896562
      ]
    ],
    "translation": [
      1.44045293,
      0.7376099,
      -0.581635356
    ]
  },
  {
    "timeStamp": 171754,
    "rotation": [
      [
        -0.544752955,
        0.429383367,
        0.720329165
      ],
      [
        0.494238645,
        0.8583239,
        -0.137870342
      ],
      [
        -0.677475,
        0.28090924,
        -0.679792345
      ]
    ],
    "translation": [
      1.44759667,
      0.7501314,
      -0.583003044
    ]
  },
  {
    "timeStamp": 171809,
    "rotation": [
      [
        -0.533408761,
        0.442046046,
        0.721159041
      ],
      [
        0.4867275,
        0.857689738,
        -0.1657244
      ],
      [
        -0.691788554,
        0.2626091,
        -0.6726552
      ]
    ],
    "translation": [
      1.45926011,
      0.766983449,
      -0.5863716
    ]
  },
  {
    "timeStamp": 171854,
    "rotation": [
      [
        -0.523117959,
        0.455475718,
        0.720339835
      ],
      [
        0.483213454,
        0.8547388,
        -0.189542636
      ],
      [
        -0.7020345,
        0.248924747,
        -0.6672212
      ]
    ],
    "translation": [
      1.47110188,
      0.781618655,
      -0.589395
    ]
  },
  {
    "timeStamp": 171910,
    "rotation": [
      [
        -0.516973,
        0.466198981,
        0.717911839
      ],
      [
        0.468250722,
        0.8560922,
        -0.218740433
      ],
      [
        -0.7165753,
        0.223079816,
        -0.6608746
      ]
    ],
    "translation": [
      1.49106157,
      0.8032484,
      -0.592173457
    ]
  },
  {
    "timeStamp": 171954,
    "rotation": [
      [
        -0.5189994,
        0.471496344,
        0.7129732
      ],
      [
        0.456826478,
        0.8579925,
        -0.234858274
      ],
      [
        -0.722460449,
        0.203813732,
        -0.660689652
      ]
    ],
    "translation": [
      1.51169932,
      0.8214344,
      -0.5951916
    ]
  },
  {
    "timeStamp": 172010,
    "rotation": [
      [
        -0.517348468,
        0.480471253,
        0.708165169
      ],
      [
        0.436335057,
        0.8599679,
        -0.264701754
      ],
      [
        -0.7361809,
        0.172054261,
        -0.6545495
      ]
    ],
    "translation": [
      1.54125059,
      0.8478686,
      -0.600478053
    ]
  },
  {
    "timeStamp": 172054,
    "rotation": [
      [
        -0.528410137,
        0.480485082,
        0.6999405
      ],
      [
        0.4101093,
        0.866330445,
        -0.2850998
      ],
      [
        -0.743366,
        0.1364025,
        -0.6548292
      ]
    ],
    "translation": [
      1.57028389,
      0.869937241,
      -0.605386257
    ]
  },
  {
    "timeStamp": 172110,
    "rotation": [
      [
        -0.545884967,
        0.4782825,
        0.6879356
      ],
      [
        0.384481162,
        0.872504652,
        -0.301512539
      ],
      [
        -0.744435251,
        0.09990713,
        -0.6601778
      ]
    ],
    "translation": [
      1.61168623,
      0.8962089,
      -0.614381433
    ]
  },
  {
    "timeStamp": 172154,
    "rotation": [
      [
        -0.5694067,
        0.461360782,
        0.6803839
      ],
      [
        0.3483474,
        0.885094762,
        -0.308644384
      ],
      [
        -0.7446006,
        0.0612657666,
        -0.66469276
      ]
    ],
    "translation": [
      1.64899266,
      0.9166363,
      -0.6218905
    ]
  },
  {
    "timeStamp": 172210,
    "rotation": [
      [
        -0.607074559,
        0.445527554,
        0.6580013
      ],
      [
        0.322616,
        0.89491564,
        -0.308293641
      ],
      [
        -0.7262089,
        0.0251245219,
        -0.6870148
      ]
    ],
    "translation": [
      1.6992898,
      0.9371074,
      -0.63229
    ]
  },
  {
    "timeStamp": 172254,
    "rotation": [
      [
        -0.64303267,
        0.412689179,
        0.645133
      ],
      [
        0.280473,
        0.91076535,
        -0.303053349
      ],
      [
        -0.712631643,
        -0.0139308348,
        -0.7014001
      ]
    ],
    "translation": [
      1.74040949,
      0.9521537,
      -0.6403934
    ]
  },
  {
    "timeStamp": 172310,
    "rotation": [
      [
        -0.687629044,
        0.388317049,
        0.613495052
      ],
      [
        0.255489975,
        0.920330942,
        -0.296168447
      ],
      [
        -0.67962575,
        -0.04691217,
        -0.732057452
      ]
    ],
    "translation": [
      1.7926122,
      0.9660347,
      -0.6519273
    ]
  },
  {
    "timeStamp": 172354,
    "rotation": [
      [
        -0.7239492,
        0.362179548,
        0.5871317
      ],
      [
        0.23210144,
        0.9293566,
        -0.287097961
      ],
      [
        -0.6496357,
        -0.07157023,
        -0.7568694
      ]
    ],
    "translation": [
      1.83315229,
      0.9739887,
      -0.662160456
    ]
  },
  {
    "timeStamp": 172410,
    "rotation": [
      [
        -0.763913035,
        0.32477206,
        0.5576379
      ],
      [
        0.202291176,
        0.9410898,
        -0.270976573
      ],
      [
        -0.612792969,
        -0.09419731,
        -0.784609258
      ]
    ],
    "translation": [
      1.88155055,
      0.9812763,
      -0.676309943
    ]
  },
  {
    "timeStamp": 172454,
    "rotation": [
      [
        -0.7968846,
        0.301253349,
        0.523661554
      ],
      [
        0.187173679,
        0.9472634,
        -0.2601116
      ],
      [
        -0.574404955,
        -0.109263264,
        -0.8112463
      ]
    ],
    "translation": [
      1.9185667,
      0.984842539,
      -0.6886804
    ]
  },
  {
    "timeStamp": 172510,
    "rotation": [
      [
        -0.824337661,
        0.2877037,
        0.487538755
      ],
      [
        0.182806745,
        0.95037365,
        -0.251736969
      ],
      [
        -0.535769641,
        -0.118390888,
        -0.836023033
      ]
    ],
    "translation": [
      1.9579525,
      0.9863632,
      -0.7046919
    ]
  },
  {
    "timeStamp": 172554,
    "rotation": [
      [
        -0.841189146,
        0.2825369,
        0.461057246
      ],
      [
        0.183214068,
        0.951125562,
        -0.248581648
      ],
      [
        -0.5087568,
        -0.124632008,
        -0.851841152
      ]
    ],
    "translation": [
      1.98512375,
      0.9870993,
      -0.7170449
    ]
  },
  {
    "timeStamp": 172610,
    "rotation": [
      [
        -0.8573154,
        0.269618571,
        0.438538671
      ],
      [
        0.178608879,
        0.954746366,
        -0.23781985
      ],
      [
        -0.482813835,
        -0.125559717,
        -0.866675
      ]
    ],
    "translation": [
      2.01531386,
      0.986038,
      -0.732403755
    ]
  },
  {
    "timeStamp": 172654,
    "rotation": [
      [
        -0.8666683,
        0.259519726,
        0.4260699
      ],
      [
        0.1751651,
        0.9579663,
        -0.2271954
      ],
      [
        -0.467122316,
        -0.122270472,
        -0.8756978
      ]
    ],
    "translation": [
      2.03594041,
      0.983898163,
      -0.7435905
    ]
  },
  {
    "timeStamp": 172710,
    "rotation": [
      [
        -0.8752194,
        0.261029929,
        0.407252282
      ],
      [
        0.1832057,
        0.958061635,
        -0.220348835
      ],
      [
        -0.447690427,
        -0.118242636,
        -0.886336267
      ]
    ],
    "translation": [
      2.05812025,
      0.9809232,
      -0.75665617
    ]
  },
  {
    "timeStamp": 172757,
    "rotation": [
      [
        -0.8785917,
        0.260199577,
        0.400465727
      ],
      [
        0.1853284,
        0.9585895,
        -0.216239661
      ],
      [
        -0.4401477,
        -0.115768708,
        -0.8904311
      ]
    ],
    "translation": [
      2.073164,
      0.979790568,
      -0.7646244
    ]
  },
  {
    "timeStamp": 172804,
    "rotation": [
      [
        -0.8829107,
        0.259726584,
        0.391165942
      ],
      [
        0.187529027,
        0.9588082,
        -0.21335341
      ],
      [
        -0.430466652,
        -0.115017049,
        -0.895248353
      ]
    ],
    "translation": [
      2.089594,
      0.978230834,
      -0.7718726
    ]
  },
  {
    "timeStamp": 172860,
    "rotation": [
      [
        -0.8825406,
        0.260425478,
        0.391536266
      ],
      [
        0.1907165,
        0.9593139,
        -0.208192065
      ],
      [
        -0.42982474,
        -0.10906551,
        -0.8963009
      ]
    ],
    "translation": [
      2.10311317,
      0.9758563,
      -0.7762493
    ]
  },
  {
    "timeStamp": 172904,
    "rotation": [
      [
        -0.879128158,
        0.2560431,
        0.401964664
      ],
      [
        0.187478691,
        0.961221933,
        -0.202247739
      ],
      [
        -0.438161373,
        -0.102441877,
        -0.893039942
      ]
    ],
    "translation": [
      2.11120558,
      0.973226368,
      -0.7774056
    ]
  },
  {
    "timeStamp": 172960,
    "rotation": [
      [
        -0.87082684,
        0.268689215,
        0.411663324
      ],
      [
        0.201610163,
        0.9589508,
        -0.199415848
      ],
      [
        -0.44834578,
        -0.09066117,
        -0.8892506
      ]
    ],
    "translation": [
      2.11890268,
      0.9683329,
      -0.776495934
    ]
  },
  {
    "timeStamp": 173004,
    "rotation": [
      [
        -0.8697239,
        0.2581142,
        0.420663
      ],
      [
        0.194146857,
        0.9625519,
        -0.18921116
      ],
      [
        -0.453748077,
        -0.08289106,
        -0.8872664
      ]
    ],
    "translation": [
      2.12717366,
      0.965211332,
      -0.772953153
    ]
  },
  {
    "timeStamp": 173060,
    "rotation": [
      [
        -0.867369831,
        0.256818563,
        0.426279068
      ],
      [
        0.195206389,
        0.9634863,
        -0.183272019
      ],
      [
        -0.457781672,
        -0.07575222,
        -0.8858316
      ]
    ],
    "translation": [
      2.13884974,
      0.9607326,
      -0.765556157
    ]
  },
  {
    "timeStamp": 173104,
    "rotation": [
      [
        -0.869959831,
        0.258335263,
        0.420038968
      ],
      [
        0.197119638,
        0.962960839,
        -0.183984309
      ],
      [
        -0.452010751,
        -0.07726103,
        -0.888660252
      ]
    ],
    "translation": [
      2.15072632,
      0.9566247,
      -0.757637143
    ]
  },
  {
    "timeStamp": 173160,
    "rotation": [
      [
        -0.883171439,
        0.267438173,
        0.3853376
      ],
      [
        0.210496455,
        0.960137069,
        -0.183924019
      ],
      [
        -0.419165224,
        -0.08132424,
        -0.9042604
      ]
    ],
    "translation": [
      2.169165,
      0.951122761,
      -0.7483075
    ]
  },
  {
    "timeStamp": 173206,
    "rotation": [
      [
        -0.887312,
        0.26571995,
        0.3769222
      ],
      [
        0.208283886,
        0.9601159,
        -0.186534911
      ],
      [
        -0.411455035,
        -0.08700784,
        -0.9072676
      ]
    ],
    "translation": [
      2.1810534,
      0.9486877,
      -0.740762949
    ]
  },
  {
    "timeStamp": 173262,
    "rotation": [
      [
        -0.8956672,
        0.2704505,
        0.3530394
      ],
      [
        0.214208961,
        0.9580383,
        -0.1904659
      ],
      [
        -0.389736861,
        -0.09496985,
        -0.9160163
      ]
    ],
    "translation": [
      2.19370413,
      0.9460743,
      -0.7333423
    ]
  },
  {
    "timeStamp": 173307,
    "rotation": [
      [
        -0.895112455,
        0.256672859,
        0.36454457
      ],
      [
        0.202497318,
        0.9625086,
        -0.180477172
      ],
      [
        -0.3972009,
        -0.08772806,
        -0.913529
      ]
    ],
    "translation": [
      2.199337,
      0.943897367,
      -0.727868855
    ]
  },
  {
    "timeStamp": 173353,
    "rotation": [
      [
        -0.8986312,
        0.252547115,
        0.358722538
      ],
      [
        0.199270979,
        0.9634409,
        -0.179088563
      ],
      [
        -0.390836269,
        -0.08945159,
        -0.9161034
      ]
    ],
    "translation": [
      2.20411587,
      0.9407668,
      -0.7236625
    ]
  },
  {
    "timeStamp": 173408,
    "rotation": [
      [
        -0.9000625,
        0.260907084,
        0.34902
      ],
      [
        0.2137764,
        0.9623146,
        -0.16807799
      ],
      [
        -0.3797198,
        -0.07666846,
        -0.9219191
      ]
    ],
    "translation": [
      2.20786071,
      0.933034658,
      -0.72025913
    ]
  },
  {
    "timeStamp": 173453,
    "rotation": [
      [
        -0.9030605,
        0.263545781,
        0.339154035
      ],
      [
        0.219447061,
        0.9618888,
        -0.163134634
      ],
      [
        -0.369221926,
        -0.07289408,
        -0.9264781
      ]
    ],
    "translation": [
      2.21033263,
      0.926812053,
      -0.7178954
    ]
  },
  {
    "timeStamp": 173508,
    "rotation": [
      [
        -0.9034289,
        0.27128318,
        0.331996441
      ],
      [
        0.232327476,
        0.960575759,
        -0.152702555
      ],
      [
        -0.360333383,
        -0.0608240031,
        -0.9308385
      ]
    ],
    "translation": [
      2.210324,
      0.9194869,
      -0.7155677
    ]
  },
  {
    "timeStamp": 173553,
    "rotation": [
      [
        -0.9005724,
        0.274705976,
        0.336906552
      ],
      [
        0.237450883,
        0.9600467,
        -0.148079246
      ],
      [
        -0.364124268,
        -0.05335733,
        -0.9298207
      ]
    ],
    "translation": [
      2.205742,
      0.9158374,
      -0.7133036
    ]
  },
  {
    "timeStamp": 173609,
    "rotation": [
      [
        -0.8913193,
        0.2888,
        0.349491745
      ],
      [
        0.2534221,
        0.956557631,
        -0.1441345
      ],
      [
        -0.375935048,
        -0.0399009325,
        -0.925786555
      ]
    ],
    "translation": [
      2.195731,
      0.911337554,
      -0.7114087
    ]
  },
  {
    "timeStamp": 173653,
    "rotation": [
      [
        -0.88069427,
        0.306834072,
        0.3608747
      ],
      [
        0.2709699,
        0.9512213,
        -0.147490159
      ],
      [
        -0.388526738,
        -0.0321075432,
        -0.9208779
      ]
    ],
    "translation": [
      2.18495536,
      0.90797627,
      -0.7105871
    ]
  },
  {
    "timeStamp": 173709,
    "rotation": [
      [
        -0.867722,
        0.3205789,
        0.379852176
      ],
      [
        0.288344651,
        0.947139,
        -0.140659392
      ],
      [
        -0.404865235,
        -0.012524901,
        -0.9142906
      ]
    ],
    "translation": [
      2.17141843,
      0.902744651,
      -0.710440159
    ]
  },
  {
    "timeStamp": 173753,
    "rotation": [
      [
        -0.8561386,
        0.353981346,
        0.3764623
      ],
      [
        0.325183481,
        0.9352487,
        -0.139877111
      ],
      [
        -0.4015998,
        0.00266513438,
        -0.91581136
      ]
    ],
    "translation": [
      2.16028,
      0.896968961,
      -0.7101404
    ]
  },
  {
    "timeStamp": 173809,
    "rotation": [
      [
        -0.8417714,
        0.392410964,
        0.3707215
      ],
      [
        0.369152278,
        0.919498861,
        -0.13508682
      ],
      [
        -0.39388755,
        0.0231404621,
        -0.9188673
      ]
    ],
    "translation": [
      2.146794,
      0.889251232,
      -0.708680451
    ]
  },
  {
    "timeStamp": 173853,
    "rotation": [
      [
        -0.833076835,
        0.4311142,
        0.346588463
      ],
      [
        0.417078257,
        0.9011275,
        -0.118384287
      ],
      [
        -0.363357544,
        0.04593131,
        -0.930516839
      ]
    ],
    "translation": [
      2.13856626,
      0.8805565,
      -0.707918
    ]
  },
  {
    "timeStamp": 173909,
    "rotation": [
      [
        -0.8128051,
        0.4868707,
        0.319851339
      ],
      [
        0.4764118,
        0.871538937,
        -0.115981482
      ],
      [
        -0.3352309,
        0.05811061,
        -0.9403422
      ]
    ],
    "translation": [
      2.1273818,
      0.8712759,
      -0.705868065
    ]
  },
  {
    "timeStamp": 173954,
    "rotation": [
      [
        -0.8083175,
        0.50068444,
        0.309738547
      ],
      [
        0.49524945,
        0.862726331,
        -0.102134146
      ],
      [
        -0.318356574,
        0.07084103,
        -0.945320368
      ]
    ],
    "translation": [
      2.12149477,
      0.8652767,
      -0.704072
    ]
  },
  {
    "timeStamp": 174009,
    "rotation": [
      [
        -0.7931776,
        0.5398794,
        0.28177914
      ],
      [
        0.537336,
        0.838182,
        -0.09338621
      ],
      [
        -0.2865995,
        0.0773382261,
        -0.954923868
      ]
    ],
    "translation": [
      2.11425042,
      0.8569376,
      -0.7016642
    ]
  },
  {
    "timeStamp": 174053,
    "rotation": [
      [
        -0.796849549,
        0.5393077,
        0.2723565
      ],
      [
        0.5411108,
        0.8375684,
        -0.07535402
      ],
      [
        -0.2687562,
        0.0873292461,
        -0.9592413
      ]
    ],
    "translation": [
      2.109595,
      0.844621241,
      -0.701974869
    ]
  },
  {
    "timeStamp": 174109,
    "rotation": [
      [
        -0.7960828,
        0.5384434,
        0.276280552
      ],
      [
        0.5474962,
        0.8352931,
        -0.0503321
      ],
      [
        -0.257876247,
        0.111194037,
        -0.959758162
      ]
    ],
    "translation": [
      2.1035707,
      0.8342729,
      -0.700941
    ]
  },
  {
    "timeStamp": 174153,
    "rotation": [
      [
        -0.7962667,
        0.5429566,
        0.2667534
      ],
      [
        0.5551677,
        0.8310305,
        -0.0343087427
      ],
      [
        -0.240308389,
        0.120773971,
        -0.9631539
      ]
    ],
    "translation": [
      2.09951735,
      0.8268051,
      -0.7006531
    ]
  },
  {
    "timeStamp": 174209,
    "rotation": [
      [
        -0.8015425,
        0.535005748,
        0.267017841
      ],
      [
        0.551395655,
        0.834090233,
        -0.0160139278
      ],
      [
        -0.2312845,
        0.134396628,
        -0.963558555
      ]
    ],
    "translation": [
      2.09622121,
      0.819679737,
      -0.6995797
    ]
  },
  {
    "timeStamp": 174253,
    "rotation": [
      [
        -0.802781761,
        0.5349966,
        0.263286978
      ],
      [
        0.5522785,
        0.8336006,
        -0.009929702
      ],
      [
        -0.224788517,
        0.137436345,
        -0.9646664
      ]
    ],
    "translation": [
      2.09337449,
      0.815513968,
      -0.698043644
    ]
  },
  {
    "timeStamp": 174309,
    "rotation": [
      [
        -0.8088286,
        0.53073436,
        0.2532142
      ],
      [
        0.548424661,
        0.8361996,
        -0.000862158835
      ],
      [
        -0.212195188,
        0.138171569,
        -0.967409849
      ]
    ],
    "translation": [
      2.093299,
      0.8111158,
      -0.6964799
    ]
  },
  {
    "timeStamp": 174353,
    "rotation": [
      [
        -0.8191777,
        0.52342,
        0.234476745
      ],
      [
        0.5409201,
        0.840981543,
        0.01246641
      ],
      [
        -0.190665454,
        0.137045383,
        -0.9720417
      ]
    ],
    "translation": [
      2.09462237,
      0.810665846,
      -0.6955481
    ]
  },
  {
    "timeStamp": 174409,
    "rotation": [
      [
        -0.825214,
        0.517366,
        0.226614729
      ],
      [
        0.5307539,
        0.847523153,
        -0.00218049437
      ],
      [
        -0.193189338,
        0.118477277,
        -0.973982036
      ]
    ],
    "translation": [
      2.09337258,
      0.8107843,
      -0.693546236
    ]
  },
  {
    "timeStamp": 174453,
    "rotation": [
      [
        -0.83023113,
        0.501150846,
        0.244057611
      ],
      [
        0.5175108,
        0.855669856,
        0.00341683347
      ],
      [
        -0.2071204,
        0.129139215,
        -0.9697547
      ]
    ],
    "translation": [
      2.09119558,
      0.810380936,
      -0.6931082
    ]
  }
]