[
  {
    "timeStamp": 181483,
    "rotation": [
      [
        0.9999501,
        -0.00686008856,
        0.007269096
      ],
      [
        0.00576388463,
        0.9899427,
        0.141351461
      ],
      [
        -0.008165672,
        -0.141302511,
        0.989932835
      ]
    ],
    "translation": [
      1.15364635,
      0.6915276,
      -0.757546365
    ]
  },
  {
    "timeStamp": 181538,
    "rotation": [
      [
        0.9999661,
        -0.00209942227,
        0.007960997
      ],
      [
        0.00111337448,
        0.992541969,
        0.121897824
      ],
      [
        -0.008157539,
        -0.121884823,
        0.9925107
      ]
    ],
    "translation": [
      1.15361166,
      0.6922854,
      -0.757731855
    ]
  },
  {
    "timeStamp": 181583,
    "rotation": [
      [
        0.9999639,
        0.00149541791,
        0.008369942
      ],
      [
        -0.002569954,
        0.991525948,
        0.129883245
      ],
      [
        -0.008104785,
        -0.129900068,
        0.99149394
      ]
    ],
    "translation": [
      1.15357816,
      0.6918956,
      -0.7576489
    ]
  },
  {
    "timeStamp": 181638,
    "rotation": [
      [
        0.999934852,
        0.007534711,
        0.008569796
      ],
      [
        -0.00837563,
        0.9946723,
        0.102746345
      ],
      [
        -0.00774997473,
        -0.102811426,
        0.9946706
      ]
    ],
    "translation": [
      1.1617564,
      0.692809,
      -0.758500636
    ]
  },
  {
    "timeStamp": 181683,
    "rotation": [
      [
        0.9999242,
        0.009307367,
        0.008070071
      ],
      [
        -0.009879708,
        0.9972055,
        0.0740515441
      ],
      [
        -0.007358294,
        -0.074125655,
        0.9972218
      ]
    ],
    "translation": [
      1.1617651,
      0.694262862,
      -0.758702934
    ]
  },
  {
    "timeStamp": 181738,
    "rotation": [
      [
        0.9999901,
        0.00340163917,
        0.00287826615
      ],
      [
        -0.00361775444,
        0.9968878,
        0.07875083
      ],
      [
        -0.00260142656,
        -0.07876046,
        0.9968902
      ]
    ],
    "translation": [
      1.167281,
      0.6943494,
      -0.7555206
    ]
  },
  {
    "timeStamp": 181783,
    "rotation": [
      [
        0.9895613,
        -0.13393417,
        0.0531976335
      ],
      [
        0.125885621,
        0.9830464,
        0.133313566
      ],
      [
        -0.07015099,
        -0.125225127,
        0.9896451
      ]
    ],
    "translation": [
      1.17823637,
      0.7043638,
      -0.752593756
    ]
  },
  {
    "timeStamp": 181838,
    "rotation": [
      [
        0.974325538,
        -0.182857916,
        0.131349847
      ],
      [
        0.159968838,
        0.9727832,
        0.167639151
      ],
      [
        -0.158429071,
        -0.142323226,
        0.977059066
      ]
    ],
    "translation": [
      1.18592417,
      0.7213949,
      -0.7517702
    ]
  },
  {
    "timeStamp": 181883,
    "rotation": [
      [
        0.974945247,
        -0.15495117,
        0.1595992
      ],
      [
        0.126008376,
        0.9759666,
        0.1777948
      ],
      [
        -0.183313012,
        -0.153229356,
        0.9710392
      ]
    ],
    "translation": [
      1.19235945,
      0.734680951,
      -0.750016153
    ]
  },
  {
    "timeStamp": 181938,
    "rotation": [
      [
        0.970244169,
        -0.125880659,
        0.206834212
      ],
      [
        0.09051976,
        0.980869234,
        0.172341883
      ],
      [
        -0.224571824,
        -0.148491114,
        0.9630773
      ]
    ],
    "translation": [
      1.206038,
      0.7553296,
      -0.7486261
    ]
  },
  {
    "timeStamp": 181983,
    "rotation": [
      [
        0.9614939,
        -0.101127841,
        0.2555439
      ],
      [
        0.06355968,
        0.9864532,
        0.151228964
      ],
      [
        -0.267375529,
        -0.129163444,
        0.9548964
      ]
    ],
    "translation": [
      1.22002542,
      0.7734686,
      -0.7478566
    ]
  },
  {
    "timeStamp": 182038,
    "rotation": [
      [
        0.9514555,
        -0.07813412,
        0.297703862
      ],
      [
        0.0257731564,
        0.9840698,
        0.175904378
      ],
      [
        -0.306705534,
        -0.1596924,
        0.938312352
      ]
    ],
    "translation": [
      1.24495971,
      0.798018634,
      -0.743998766
    ]
  },
  {
    "timeStamp": 182083,
    "rotation": [
      [
        0.935394943,
        -0.06633476,
        0.347326964
      ],
      [
        0.00903217,
        0.986408055,
        0.164065853
      ],
      [
        -0.353489369,
        -0.150329247,
        0.9232802
      ]
    ],
    "translation": [
      1.26832819,
      0.818464756,
      -0.7426547
    ]
  },
  {
    "timeStamp": 182138,
    "rotation": [
      [
        0.9167813,
        -0.04807432,
        0.396485627
      ],
      [
        -0.0227835979,
        0.9848174,
        0.172091991
      ],
      [
        -0.398739159,
        -0.16680409,
        0.901766837
      ]
    ],
    "translation": [
      1.30306423,
      0.8442007,
      -0.7397171
    ]
  },
  {
    "timeStamp": 182183,
    "rotation": [
      [
        0.8942508,
        -0.0483134575,
        0.444950819
      ],
      [
        -0.03638593,
        0.9830181,
        0.179865167
      ],
      [
        -0.446084619,
        -0.177034527,
        0.8773068
      ]
    ],
    "translation": [
      1.33405828,
      0.8639097,
      -0.735819638
    ]
  },
  {
    "timeStamp": 182238,
    "rotation": [
      [
        0.8491072,
        -0.03857185,
        0.5268104
      ],
      [
        -0.06488796,
        0.982160032,
        0.1764972
      ],
      [
        -0.52421993,
        -0.1840487,
        0.8314563
      ]
    ],
    "translation": [
      1.37842536,
      0.8896835,
      -0.729653955
    ]
  },
  {
    "timeStamp": 182283,
    "rotation": [
      [
        0.814719,
        -0.0438004956,
        0.5781992
      ],
      [
        -0.07876661,
        0.9795408,
        0.185190558
      ],
      [
        -0.5744812,
        -0.196421072,
        0.794600546
      ]
    ],
    "translation": [
      1.41643429,
      0.909446955,
      -0.726234555
    ]
  },
  {
    "timeStamp": 182338,
    "rotation": [
      [
        0.765206933,
        -0.05802298,
        0.6411643
      ],
      [
        -0.0994605646,
        0.97331804,
        0.2067843
      ],
      [
        -0.636055,
        -0.222003341,
        0.7390186
      ]
    ],
    "translation": [
      1.46787107,
      0.9333195,
      -0.722767651
    ]
  },
  {
    "timeStamp": 182383,
    "rotation": [
      [
        0.720749855,
        -0.0624390244,
        0.6903774
      ],
      [
        -0.120257519,
        0.9695709,
        0.213237926
      ],
      [
        -0.682684243,
        -0.236714289,
        0.691309333
      ]
    ],
    "translation": [
      1.51049364,
      0.9525605,
      -0.7217602
    ]
  },
  {
    "timeStamp": 182442,
    "rotation": [
      [
        0.6664767,
        -0.08893642,
        0.740202
      ],
      [
        -0.137376517,
        0.961206853,
        0.2391841
      ],
      [
        -0.7327595,
        -0.261097,
        0.62840426
      ]
    ],
    "translation": [
      1.56639659,
      0.9729326,
      -0.7233242
    ]
  },
  {
    "timeStamp": 182493,
    "rotation": [
      [
        0.6041105,
        -0.126729324,
        0.7867593
      ],
      [
        -0.155174881,
        0.9496688,
        0.272120923
      ],
      [
        -0.78164655,
        -0.286476374,
        0.5540397
      ]
    ],
    "translation": [
      1.6252687,
      0.9919344,
      -0.726709545
    ]
  },
  {
    "timeStamp": 182537,
    "rotation": [
      [
        0.536772668,
        -0.137562037,
        0.8324372
      ],
      [
        -0.159793,
        0.952188849,
        0.2603891
      ],
      [
        -0.8284571,
        -0.2727874,
        0.489127547
      ]
    ],
    "translation": [
      1.67297733,
      1.0055865,
      -0.732668638
    ]
  },
  {
    "timeStamp": 182592,
    "rotation": [
      [
        0.460079849,
        -0.18710947,
        0.8679381
      ],
      [
        -0.168175191,
        0.941481948,
        0.29211092
      ],
      [
        -0.871804833,
        -0.28036,
        0.4016897
      ]
    ],
    "translation": [
      1.73380911,
      1.01893055,
      -0.741722167
    ]
  },
  {
    "timeStamp": 182637,
    "rotation": [
      [
        0.396626532,
        -0.201788113,
        0.8955272
      ],
      [
        -0.173719257,
        0.941414654,
        0.289067656
      ],
      [
        -0.9013928,
        -0.270222217,
        0.3383355
      ]
    ],
    "translation": [
      1.77902436,
      1.02715242,
      -0.7517843
    ]
  },
  {
    "timeStamp": 182693,
    "rotation": [
      [
        0.325460583,
        -0.2367642,
        0.9154333
      ],
      [
        -0.174020767,
        0.9366077,
        0.304109633
      ],
      [
        -0.9294042,
        -0.2582801,
        0.263627023
      ]
    ],
    "translation": [
      1.83485556,
      1.03352678,
      -0.765623
    ]
  },
  {
    "timeStamp": 182737,
    "rotation": [
      [
        0.2669688,
        -0.259356141,
        0.92814976
      ],
      [
        -0.16836071,
        0.9357425,
        0.3099043
      ],
      [
        -0.9488848,
        -0.238998726,
        0.206148639
      ]
    ],
    "translation": [
      1.87704372,
      1.0354991,
      -0.777135253
    ]
  },
  {
    "timeStamp": 182793,
    "rotation": [
      [
        0.20090495,
        -0.2689099,
        0.9419791
      ],
      [
        -0.165784761,
        0.9383816,
        0.303241432
      ],
      [
        -0.9654805,
        -0.217088491,
        0.143944338
      ]
    ],
    "translation": [
      1.92493141,
      1.03673017,
      -0.7919801
    ]
  },
  {
    "timeStamp": 182837,
    "rotation": [
      [
        0.160322636,
        -0.2880553,
        0.9440978
      ],
      [
        -0.157993048,
        0.9366492,
        0.312612325
      ],
      [
        -0.9743382,
        -0.199279726,
        0.104655325
      ]
    ],
    "translation": [
      1.959632,
      1.03592253,
      -0.8030766
    ]
  },
  {
    "timeStamp": 182882,
    "rotation": [
      [
        0.11911124,
        -0.295738041,
        0.947814047
      ],
      [
        -0.153186217,
        0.9377062,
        0.311835
      ],
      [
        -0.9809926,
        -0.182335109,
        0.06638835
      ]
    ],
    "translation": [
      1.99075115,
      1.03461027,
      -0.8137747
    ]
  },
  {
    "timeStamp": 182938,
    "rotation": [
      [
        0.0848503858,
        -0.323830754,
        0.9423025
      ],
      [
        -0.13828592,
        0.932733536,
        0.332994342
      ],
      [
        -0.9867509,
        -0.158561856,
        0.03436157
      ]
    ],
    "translation": [
      2.024893,
      1.03103626,
      -0.8259752
    ]
  },
  {
    "timeStamp": 182983,
    "rotation": [
      [
        0.0513066836,
        -0.3315041,
        0.942057669
      ],
      [
        -0.126326188,
        0.9335688,
        0.335396945
      ],
      [
        -0.990661,
        -0.136214659,
        0.0060206647
      ]
    ],
    "translation": [
      2.047747,
      1.02733564,
      -0.8345848
    ]
  },
  {
    "timeStamp": 183038,
    "rotation": [
      [
        0.0184827261,
        -0.332716018,
        0.9428459
      ],
      [
        -0.115196452,
        0.936018348,
        0.3325649
      ],
      [
        -0.993170738,
        -0.114759207,
        -0.0210275333
      ]
    ],
    "translation": [
      2.069835,
      1.02202034,
      -0.843119144
    ]
  },
  {
    "timeStamp": 183083,
    "rotation": [
      [
        0.000551672652,
        -0.336932,
        0.9415288
      ],
      [
        -0.1063078,
        0.9361738,
        0.335077971
      ],
      [
        -0.9943331,
        -0.100276709,
        -0.0353020355
      ]
    ],
    "translation": [
      2.0824585,
      1.01697636,
      -0.848671257
    ]
  },
  {
    "timeStamp": 183138,
    "rotation": [
      [
        -0.0318906121,
        -0.3211112,
        0.9465044
      ],
      [
        -0.09558669,
        0.943625331,
        0.316913843
      ],
      [
        -0.9949101,
        -0.08036664,
        -0.0607867464
      ]
    ],
    "translation": [
      2.09355545,
      1.01099038,
      -0.854618967
    ]
  },
  {
    "timeStamp": 183183,
    "rotation": [
      [
        -0.05225854,
        -0.313061237,
        0.948294044
      ],
      [
        -0.091161266,
        0.9471223,
        0.3076507
      ],
      [
        -0.994464,
        -0.07037032,
        -0.07803428
      ]
    ],
    "translation": [
      2.10013151,
      1.00735044,
      -0.8579833
    ]
  },
  {
    "timeStamp": 183238,
    "rotation": [
      [
        -0.08135133,
        -0.299585938,
        0.950594664
      ],
      [
        -0.0839205,
        0.9524279,
        0.292981833
      ],
      [
        -0.9931462,
        -0.05593992,
        -0.10262268
      ]
    ],
    "translation": [
      2.10665965,
      1.00332665,
      -0.8612695
    ]
  },
  {
    "timeStamp": 183283,
    "rotation": [
      [
        -0.101851054,
        -0.2798858,
        0.9546153
      ],
      [
        -0.08047316,
        0.958778739,
        0.272520542
      ],
      [
        -0.9915395,
        -0.0490644053,
        -0.12017592
      ]
    ],
    "translation": [
      2.109695,
      1.00054955,
      -0.86251837
    ]
  },
  {
    "timeStamp": 183338,
    "rotation": [
      [
        -0.1173664,
        -0.269997448,
        0.9556812
      ],
      [
        -0.07394805,
        0.96203655,
        0.262711465
      ],
      [
        -0.99033165,
        -0.0398372561,
        -0.13287656
      ]
    ],
    "translation": [
      2.113604,
      0.996493459,
      -0.862960458
    ]
  },
  {
    "timeStamp": 183383,
    "rotation": [
      [
        -0.125800237,
        -0.2575051,
        0.958052933
      ],
      [
        -0.06743922,
        0.9657109,
        0.250708044
      ],
      [
        -0.9897607,
        -0.03307121,
        -0.1388526
      ]
    ],
    "translation": [
      2.11557221,
      0.9932781,
      -0.8621909
    ]
  },
  {
    "timeStamp": 183438,
    "rotation": [
      [
        -0.13339743,
        -0.254078984,
        0.95794
      ],
      [
        -0.06523797,
        0.966733456,
        0.247326627
      ],
      [
        -0.9889132,
        -0.02950132,
        -0.14553535
      ]
    ],
    "translation": [
      2.119059,
      0.9903703,
      -0.8603819
    ]
  },
  {
    "timeStamp": 183486,
    "rotation": [
      [
        -0.1605451,
        -0.2354853,
        0.9585259
      ],
      [
        -0.06694081,
        0.971484542,
        0.227456883
      ],
      [
        -0.9847559,
        -0.0276474115,
        -0.171730652
      ]
    ],
    "translation": [
      2.12291479,
      0.988521338,
      -0.85839057
    ]
  },
  {
    "timeStamp": 183533,
    "rotation": [
      [
        -0.200973541,
        -0.211402789,
        0.956513762
      ],
      [
        -0.06738299,
        0.977106869,
        0.201796278
      ],
      [
        -0.977276444,
        -0.0238970444,
        -0.210617572
      ]
    ],
    "translation": [
      2.12832618,
      0.986210942,
      -0.8566665
    ]
  },
  {
    "timeStamp": 183588,
    "rotation": [
      [
        -0.252815962,
        -0.173400536,
        0.9518489
      ],
      [
        -0.07377102,
        0.9843994,
        0.159736365
      ],
      [
        -0.964697838,
        -0.0298349634,
        -0.2616638
      ]
    ],
    "translation": [
      2.132732,
      0.985813558,
      -0.854151666
    ]
  },
  {
    "timeStamp": 183633,
    "rotation": [
      [
        -0.27985844,
        -0.1528911,
        0.9477888
      ],
      [
        -0.07272834,
        0.987776935,
        0.13786687
      ],
      [
        -0.957282543,
        -0.0303479023,
        -0.287557244
      ]
    ],
    "translation": [
      2.13461781,
      0.984663,
      -0.852776766
    ]
  },
  {
    "timeStamp": 183688,
    "rotation": [
      [
        -0.314355671,
        -0.131126046,
        0.9402055
      ],
      [
        -0.08269759,
        0.9904317,
        0.110481106
      ],
      [
        -0.9456963,
        -0.0430223681,
        -0.322191656
      ]
    ],
    "translation": [
      2.13661933,
      0.984845936,
      -0.849472046
    ]
  },
  {
    "timeStamp": 183733,
    "rotation": [
      [
        -0.339513332,
        -0.1190209,
        0.933040559
      ],
      [
        -0.0937126055,
        0.9913066,
        0.09235346
      ],
      [
        -0.935921252,
        -0.05608243,
        -0.347715557
      ]
    ],
    "translation": [
      2.13829231,
      0.986179531,
      -0.8461611
    ]
  },
  {
    "timeStamp": 183788,
    "rotation": [
      [
        -0.3757695,
        -0.119211473,
        0.91901356
      ],
      [
        -0.117416963,
        0.9898239,
        0.08038689
      ],
      [
        -0.9192446,
        -0.07770084,
        -0.385943025
      ]
    ],
    "translation": [
      2.14299941,
      0.9893436,
      -0.841499746
    ]
  },
  {
    "timeStamp": 183833,
    "rotation": [
      [
        -0.411970854,
        -0.09617328,
        0.9061074
      ],
      [
        -0.128691539,
        0.990587831,
        0.04662903
      ],
      [
        -0.9020635,
        -0.09739856,
        -0.42047
      ]
    ],
    "translation": [
      2.145726,
      0.9924935,
      -0.837366164
    ]
  },
  {
    "timeStamp": 183888,
    "rotation": [
      [
        -0.4543533,
        -0.07528701,
        0.887634456
      ],
      [
        -0.138773754,
        0.9902394,
        0.0129556051
      ],
      [
        -0.879945934,
        -0.117293946,
        -0.460366368
      ]
    ],
    "translation": [
      2.14980912,
      0.995115638,
      -0.8327298
    ]
  },
  {
    "timeStamp": 183934,
    "rotation": [
      [
        -0.4663154,
        -0.06909694,
        0.881915867
      ],
      [
        -0.138238564,
        0.990388751,
        0.00450162962
      ],
      [
        -0.873750567,
        -0.1198156,
        -0.47138536
      ]
    ],
    "translation": [
      2.15108418,
      0.9949362,
      -0.8289871
    ]
  },
  {
    "timeStamp": 183990,
    "rotation": [
      [
        -0.4836552,
        -0.06854098,
        0.8725708
      ],
      [
        -0.135607585,
        0.990759134,
        0.002659143
      ],
      [
        -0.8646897,
        -0.1170411,
        -0.488480449
      ]
    ],
    "translation": [
      2.15183353,
      0.993245244,
      -0.8237892
    ]
  },
  {
    "timeStamp": 184036,
    "rotation": [
      [
        -0.509263158,
        -0.05329966,
        0.8589587
      ],
      [
        -0.131797552,
        0.991136968,
        -0.0166391842
      ],
      [
        -0.850459,
        -0.121682391,
        -0.5117743
      ]
    ],
    "translation": [
      2.15092731,
      0.9905068,
      -0.8182063
    ]
  },
  {
    "timeStamp": 184093,
    "rotation": [
      [
        -0.546986938,
        -0.0314925052,
        0.8365485
      ],
      [
        -0.121440917,
        0.9917066,
        -0.0420720056
      ],
      [
        -0.828285754,
        -0.124604061,
        -0.5462751
      ]
    ],
    "translation": [
      2.14867854,
      0.9833281,
      -0.810018539
    ]
  },
  {
    "timeStamp": 184138,
    "rotation": [
      [
        -0.5864733,
        -0.007018855,
        0.809938133
      ],
      [
        -0.10224171,
        0.9926053,
        -0.06543103
      ],
      [
        -0.8034896,
        -0.121183008,
        -0.582854152
      ]
    ],
    "translation": [
      2.146733,
      0.9742249,
      -0.8029324
    ]
  },
  {
    "timeStamp": 184182,
    "rotation": [
      [
        -0.62804395,
        0.03129994,
        0.7775482
      ],
      [
        -0.06542828,
        0.993528843,
        -0.09284213
      ],
      [
        -0.775422454,
        -0.109182581,
        -0.621931851
      ]
    ],
    "translation": [
      2.14319658,
      0.9631115,
      -0.7961458
    ]
  },
  {
    "timeStamp": 184238,
    "rotation": [
      [
        -0.6225231,
        -0.009658996,
        0.7825418
      ],
      [
        -0.0739078,
        0.9961805,
        -0.0464987457
      ],
      [
        -0.7791037,
        -0.0867824852,
        -0.620859265
      ]
    ],
    "translation": [
      2.139514,
      0.9533526,
      -0.7868162
    ]
  },
  {
    "timeStamp": 184282,
    "rotation": [
      [
        -0.627330244,
        -0.029661756,
        0.7781882
      ],
      [
        -0.07769044,
        0.996673,
        -0.0246399119
      ],
      [
        -0.774868369,
        -0.07591514,
        -0.6275475
      ]
    ],
    "translation": [
      2.13653421,
      0.948220968,
      -0.780955553
    ]
  },
  {
    "timeStamp": 184337,
    "rotation": [
      [
        -0.661606848,
        0.0129826115,
        0.7497385
      ],
      [
        -0.054656297,
        0.9963556,
        -0.06548453
      ],
      [
        -0.7478563,
        -0.08430295,
        -0.658486068
      ]
    ],
    "translation": [
      2.13364649,
      0.9457509,
      -0.7769831
    ]
  },
  {
    "timeStamp": 184382,
    "rotation": [
      [
        -0.6663167,
        0.009091615,
        0.745613456
      ],
      [
        -0.05693993,
        0.996385753,
        -0.0630337149
      ],
      [
        -0.74349165,
        -0.0844555944,
        -0.6633908
      ]
    ],
    "translation": [
      2.13435984,
      0.946346164,
      -0.7768884
    ]
  },
  {
    "timeStamp": 184437,
    "rotation": [
      [
        -0.657937,
        -0.005890001,
        0.7530499
      ],
      [
        -0.07337945,
        0.99571234,
        -0.0563233681
      ],
      [
        -0.7494894,
        -0.09231562,
        -0.6555482
      ]
    ],
    "translation": [
      2.135681,
      0.94924897,
      -0.77743423
    ]
  },
  {
    "timeStamp": 184493,
    "rotation": [
      [
        -0.6585788,
        -0.0169570837,
        0.752320647
      ],
      [
        -0.07757858,
        0.9959491,
        -0.0454636179
      ],
      [
        -0.7485022,
        -0.08830535,
        -0.6572265
      ]
    ],
    "translation": [
      2.141055,
      0.951503456,
      -0.7806964
    ]
  },
  {
    "timeStamp": 184537,
    "rotation": [
      [
        -0.6691112,
        -0.0261829738,
        0.742700934
      ],
      [
        -0.08560244,
        0.9954426,
        -0.0420275554
      ],
      [
        -0.7382157,
        -0.09169812,
        -0.668303132
      ]
    ],
    "translation": [
      2.147523,
      0.9536636,
      -0.783634245
    ]
  },
  {
    "timeStamp": 184582,
    "rotation": [
      [
        -0.6805536,
        -0.0358333178,
        0.731821537
      ],
      [
        -0.09262755,
        0.994997442,
        -0.0374188945
      ],
      [
        -0.726819754,
        -0.0932524,
        -0.680468261
      ]
    ],
    "translation": [
      2.15529966,
      0.955795169,
      -0.786996
    ]
  },
  {
    "timeStamp": 184637,
    "rotation": [
      [
        -0.7020364,
        -0.0465768725,
        0.71061635
      ],
      [
        -0.100031257,
        0.9944153,
        -0.0336451977
      ],
      [
        -0.7050807,
        -0.094704,
        -0.7027748
      ]
    ],
    "translation": [
      2.164728,
      0.957395732,
      -0.791678846
    ]
  },
  {
    "timeStamp": 184693,
    "rotation": [
      [
        -0.7240506,
        -0.0497745462,
        0.6879486
      ],
      [
        -0.10097672,
        0.994296134,
        -0.0343363062
      ],
      [
        -0.6823155,
        -0.094328016,
        -0.724946737
      ]
    ],
    "translation": [
      2.17305946,
      0.9585376,
      -0.7962104
    ]
  },
  {
    "timeStamp": 184737,
    "rotation": [
      [
        -0.7250787,
        -0.05291524,
        0.6866301
      ],
      [
        -0.101138249,
        0.994414866,
        -0.0301668812
      ],
      [
        -0.681198835,
        -0.09131792,
        -0.7263808
      ]
    ],
    "translation": [
      2.17652965,
      0.958802342,
      -0.7984427
    ]
  },
  {
    "timeStamp": 184782,
    "rotation": [
      [
        -0.728919566,
        -0.0609900877,
        0.6818772
      ],
      [
        -0.106166631,
        0.994044542,
        -0.02457932
      ],
      [
        -0.6763172,
        -0.09030896,
        -0.7310536
      ]
    ],
    "translation": [
      2.17874646,
      0.9589303,
      -0.799675941
    ]
  },
  {
    "timeStamp": 184837,
    "rotation": [
      [
        -0.7274043,
        -0.0504313931,
        0.6843534
      ],
      [
        -0.0973299742,
        0.994795561,
        -0.0301442444
      ],
      [
        -0.6792715,
        -0.08853515,
        -0.728527069
      ]
    ],
    "translation": [
      2.17828417,
      0.9577968,
      -0.7996826
    ]
  },
  {
    "timeStamp": 184893,
    "rotation": [
      [
        -0.7268423,
        -0.04789503,
        0.6851323
      ],
      [
        -0.09399752,
        0.995115638,
        -0.0301551688
      ],
      [
        -0.6803416,
        -0.08631879,
        -0.7277941
      ]
    ],
    "translation": [
      2.176971,
      0.9565038,
      -0.7987731
    ]
  },
  {
    "timeStamp": 184937,
    "rotation": [
      [
        -0.7275982,
        -0.04066319,
        0.684797347
      ],
      [
        -0.0893027037,
        0.9953617,
        -0.0357797854
      ],
      [
        -0.680166066,
        -0.08718756,
        -0.727854669
      ]
    ],
    "translation": [
      2.17481565,
      0.955339,
      -0.7973752
    ]
  },
  {
    "timeStamp": 184992,
    "rotation": [
      [
        -0.726157248,
        -0.032120958,
        0.686777949
      ],
      [
        -0.0835213661,
        0.9956313,
        -0.04174423
      ],
      [
        -0.6824367,
        -0.08767351,
        -0.725667655
      ]
    ],
    "translation": [
      2.171422,
      0.9542706,
      -0.795237243
    ]
  },
  {
    "timeStamp": 185036,
    "rotation": [
      [
        -0.7246641,
        -0.0285442565,
        0.6885108
      ],
      [
        -0.08005432,
        0.995863855,
        -0.0429714359
      ],
      [
        -0.6844364,
        -0.08625812,
        -0.7239519
      ]
    ],
    "translation": [
      2.16809034,
      0.952566862,
      -0.7936401
    ]
  },
  {
    "timeStamp": 185091,
    "rotation": [
      [
        -0.7312426,
        -0.00090198667,
        0.682116866
      ],
      [
        -0.0592159629,
        0.9963078,
        -0.0621632151
      ],
      [
        -0.6795423,
        -0.0858486,
        -0.7285961
      ]
    ],
    "translation": [
      2.16246748,
      0.9488813,
      -0.790396
    ]
  },
  {
    "timeStamp": 185136,
    "rotation": [
      [
        -0.741292953,
        0.037827868,
        0.6701148
      ],
      [
        -0.0308895558,
        0.9954298,
        -0.09036242
      ],
      [
        -0.6704705,
        -0.08768457,
        -0.736736655
      ]
    ],
    "translation": [
      2.155858,
      0.944611967,
      -0.786802769
    ]
  },
  {
    "timeStamp": 185192,
    "rotation": [
      [
        -0.754458666,
        0.07885939,
        0.6515929
      ],
      [
        0.00686902227,
        0.9936502,
        -0.112303637
      ],
      [
        -0.6563116,
        -0.08025265,
        -0.7502097
      ]
    ],
    "translation": [
      2.14813948,
      0.937352,
      -0.783109367
    ]
  },
  {
    "timeStamp": 185236,
    "rotation": [
      [
        -0.762908161,
        0.101933479,
        0.638420463
      ],
      [
        0.0260612052,
        0.991538346,
        -0.127171129
      ],
      [
        -0.6459814,
        -0.0803818852,
        -0.7591092
      ]
    ],
    "translation": [
      2.143273,
      0.9316389,
      -0.7801933
    ]
  },
  {
    "timeStamp": 185291,
    "rotation": [
      [
        -0.7827996,
        0.148108482,
        0.6043911
      ],
      [
        0.07140987,
        0.9862266,
        -0.149189681
      ],
      [
        -0.6181629,
        -0.07362613,
        -0.782594264
      ]
    ],
    "translation": [
      2.1380167,
      0.923417866,
      -0.778700948
    ]
  },
  {
    "timeStamp": 185336,
    "rotation": [
      [
        -0.7943934,
        0.158697248,
        0.586305559
      ],
      [
        0.08806261,
        0.985157967,
        -0.147338718
      ],
      [
        -0.6009858,
        -0.06541332,
        -0.796578348
      ]
    ],
    "translation": [
      2.13607883,
      0.917394459,
      -0.7779574
    ]
  },
  {
    "timeStamp": 185393,
    "rotation": [
      [
        -0.810465336,
        0.167059153,
        0.5614599
      ],
      [
        0.103101082,
        0.984190047,
        -0.144014031
      ],
      [
        -0.5766421,
        -0.0588312559,
        -0.8148759
      ]
    ],
    "translation": [
      2.13580751,
      0.9119545,
      -0.776761949
    ]
  },
  {
    "timeStamp": 185437,
    "rotation": [
      [
        -0.8125607,
        0.14882867,
        0.5635559
      ],
      [
        0.09335597,
        0.987601042,
        -0.126209259
      ],
      [
        -0.575351954,
        -0.04994137,
        -0.8163798
      ]
    ],
    "translation": [
      2.136003,
      0.9091349,
      -0.774600863
    ]
  },
  {
    "timeStamp": 185493,
    "rotation": [
      [
        -0.8079687,
        0.123259544,
        0.5761889
      ],
      [
        0.0819951445,
        0.9918809,
        -0.0972064361
      ],
      [
        -0.583492458,
        -0.03129506,
        -0.8115154
      ]
    ],
    "translation": [
      2.13599968,
      0.9071232,
      -0.7722106
    ]
  },
  {
    "timeStamp": 185537,
    "rotation": [
      [
        -0.802574039,
        0.108017974,
        0.5866916
      ],
      [
        0.07588865,
        0.993966758,
        -0.07918984
      ],
      [
        -0.5917059,
        -0.0190324727,
        -0.8059292
      ]
    ],
    "translation": [
      2.13507366,
      0.9062543,
      -0.770516038
    ]
  },
  {
    "timeStamp": 185593,
    "rotation": [
      [
        -0.7991612,
        0.08847446,
        0.5945701
      ],
      [
        0.06934699,
        0.9960747,
        -0.0550107546
      ],
      [
        -0.5971033,
        -0.002730817,
        -0.802159667
      ]
    ],
    "translation": [
      2.13436437,
      0.905379057,
      -0.7697845
    ]
  },
  {
    "timeStamp": 185637,
    "rotation": [
      [
        -0.789289832,
        0.0837341547,
        0.6082847
      ],
      [
        0.0733605251,
        0.9964219,
        -0.04197348
      ],
      [
        -0.6096228,
        0.0114948442,
        -0.7926084
      ]
    ],
    "translation": [
      2.13232613,
      0.903795242,
      -0.7691754
    ]
  },
  {
    "timeStamp": 185692,
    "rotation": [
      [
        -0.7790496,
        0.0698758662,
        0.6230563
      ],
      [
        0.0737676844,
        0.9970831,
        -0.0195863023
      ],
      [
        -0.62260747,
        0.0307027139,
        -0.781931758
      ]
    ],
    "translation": [
      2.13036132,
      0.9010929,
      -0.769174635
    ]
  },
  {
    "timeStamp": 185737,
    "rotation": [
      [
        -0.7740911,
        0.0648483,
        0.629744053
      ],
      [
        0.0741763562,
        0.997178733,
        -0.0115063963
      ],
      [
        -0.6287136,
        0.03780512,
        -0.7767174
      ]
    ],
    "translation": [
      2.12919784,
      0.899168253,
      -0.7688024
    ]
  },
  {
    "timeStamp": 185793,
    "rotation": [
      [
        -0.771990657,
        0.06632519,
        0.632164
      ],
      [
        0.0820588,
        0.996618032,
        -0.004353687
      ],
      [
        -0.6303148,
        0.0485136136,
        -0.774822354
      ]
    ],
    "translation": [
      2.12852788,
      0.900384,
      -0.7675592
    ]
  },
  {
    "timeStamp": 185837,
    "rotation": [
      [
        -0.768787146,
        0.05939586,
        0.636740446
      ],
      [
        0.08103983,
        0.996699,
        0.00487260474
      ],
      [
        -0.6343491,
        0.0553473346,
        -0.7710628
      ]
    ],
    "translation": [
      2.12738943,
      0.9000529,
      -0.766144335
    ]
  },
  {
    "timeStamp": 185892,
    "rotation": [
      [
        -0.767240465,
        0.0576321259,
        0.6387649
      ],
      [
        0.08368783,
        0.9964354,
        0.0106173586
      ],
      [
        -0.6358761,
        0.0616029128,
        -0.7693287
      ]
    ],
    "translation": [
      2.12589955,
      0.898973048,
      -0.765303731
    ]
  },
  {
    "timeStamp": 185937,
    "rotation": [
      [
        -0.7663743,
        0.05790108,
        0.639779568
      ],
      [
        0.08741714,
        0.996065259,
        0.0145690693
      ],
      [
        -0.6364187,
        0.06709307,
        -0.7684203
      ]
    ],
    "translation": [
      2.12560582,
      0.897911549,
      -0.764841437
    ]
  },
  {
    "timeStamp": 185992,
    "rotation": [
      [
        -0.7636607,
        0.0488629937,
        0.643766046
      ],
      [
        0.08936655,
        0.995533347,
        0.03044737
      ],
      [
        -0.6394028,
        0.08078261,
        -0.76461643
      ]
    ],
    "translation": [
      2.12584066,
      0.8959234,
      -0.7645178
    ]
  },
  {
    "timeStamp": 186037,
    "rotation": [
      [
        -0.7585557,
        0.03930206,
        0.6504219
      ],
      [
        0.0898380652,
        0.994954944,
        0.04465317
      ],
      [
        -0.6453855,
        0.09230456,
        -0.758259535
      ]
    ],
    "translation": [
      2.125515,
      0.8939002,
      -0.763811946
    ]
  },
  {
    "timeStamp": 186092,
    "rotation": [
      [
        -0.755212665,
        0.036280714,
        0.654475
      ],
      [
        0.09865203,
        0.993385136,
        0.0587685481
      ],
      [
        -0.648013532,
        0.108948037,
        -0.7537962
      ]
    ],
    "translation": [
      2.12485933,
      0.889678955,
      -0.763869
    ]
  },
  {
    "timeStamp": 186137,
    "rotation": [
      [
        -0.756302655,
        0.02747916,
        0.6536446
      ],
      [
        0.101847611,
        0.9918816,
        0.07614466
      ],
      [
        -0.646245658,
        0.124160551,
        -0.752961338
      ]
    ],
    "translation": [
      2.12506986,
      0.8864751,
      -0.764504969
    ]
  },
  {
    "timeStamp": 186192,
    "rotation": [
      [
        -0.755122066,
        0.0171922,
        0.6553588
      ],
      [
        0.102363862,
        0.990487039,
        0.0919626951
      ],
      [
        -0.6475433,
        0.1365281,
        -0.74969846
      ]
    ],
    "translation": [
      2.12467241,
      0.882590652,
      -0.765217543
    ]
  },
  {
    "timeStamp": 186237,
    "rotation": [
      [
        -0.750522256,
        0.004146461,
        0.660832167
      ],
      [
        0.100593582,
        0.9890441,
        0.108040571
      ],
      [
        -0.6531442,
        0.147562325,
        -0.74271667
      ]
    ],
    "translation": [
      2.12399673,
      0.879522562,
      -0.7654407
    ]
  },
  {
    "timeStamp": 186292,
    "rotation": [
      [
        -0.747529745,
        -0.00695782574,
        0.664191842
      ],
      [
        0.102814667,
        0.9866814,
        0.1260512
      ],
      [
        -0.6562228,
        0.1625157,
        -0.736858368
      ]
    ],
    "translation": [
      2.12279153,
      0.875224352,
      -0.766551852
    ]
  },
  {
    "timeStamp": 186336,
    "rotation": [
      [
        -0.744095147,
        -0.0115696639,
        0.667973459
      ],
      [
        0.108102888,
        0.9845883,
        0.1374758
      ],
      [
        -0.659269452,
        0.174504936,
        -0.731376648
      ]
    ],
    "translation": [
      2.121456,
      0.8718738,
      -0.7670715
    ]
  },
  {
    "timeStamp": 186392,
    "rotation": [
      [
        -0.74331826,
        -0.01109672,
        0.668845832
      ],
      [
        0.115134224,
        0.982819,
        0.144259617
      ],
      [
        -0.6589552,
        0.184237868,
        -0.729269743
      ]
    ],
    "translation": [
      2.1200645,
      0.8684419,
      -0.766915143
    ]
  },
  {
    "timeStamp": 186436,
    "rotation": [
      [
        -0.73825556,
        -0.022338381,
        0.6741511
      ],
      [
        0.111250907,
        0.9817313,
        0.154359877
      ],
      [
        -0.6652834,
        0.188956961,
        -0.722283363
      ]
    ],
    "translation": [
      2.11944318,
      0.8663788,
      -0.7657233
    ]
  },
  {
    "timeStamp": 186493,
    "rotation": [
      [
        -0.737079442,
        -0.0306923427,
        0.6751088
      ],
      [
        0.111870416,
        0.9796447,
        0.1666768
      ],
      [
        -0.6664825,
        0.198378742,
        -0.7186424
      ]
    ],
    "translation": [
      2.119318,
      0.864065766,
      -0.764504433
    ]
  },
  {
    "timeStamp": 186536,
    "rotation": [
      [
        -0.7350002,
        -0.03240705,
        0.677292
      ],
      [
        0.112117171,
        0.979299843,
        0.168527558
      ],
      [
        -0.6687334,
        0.199803844,
        -0.716152251
      ]
    ],
    "translation": [
      2.1194706,
      0.862446,
      -0.7628583
    ]
  },
  {
    "timeStamp": 186592,
    "rotation": [
      [
        -0.7359073,
        -0.0392774269,
        0.675942063
      ],
      [
        0.11065577,
        0.977916658,
        0.177296922
      ],
      [
        -0.6679788,
        0.205270991,
        -0.7153098
      ]
    ],
    "translation": [
      2.120307,
      0.8609433,
      -0.7617685
    ]
  },
  {
    "timeStamp": 186636,
    "rotation": [
      [
        -0.7357505,
        -0.0312150139,
        0.676533043
      ],
      [
        0.118203618,
        0.9776861,
        0.173660174
      ],
      [
        -0.6668578,
        0.2077392,
        -0.7156432
      ]
    ],
    "translation": [
      2.120065,
      0.8595183,
      -0.7610728
    ]
  },
  {
    "timeStamp": 186692,
    "rotation": [
      [
        -0.7331141,
        -0.0417112857,
        0.6788253
      ],
      [
        0.117902525,
        0.97521,
        0.187254757
      ],
      [
        -0.6698079,
        0.217314333,
        -0.7100224
      ]
    ],
    "translation": [
      2.120766,
      0.857454,
      -0.7607566
    ]
  },
  {
    "timeStamp": 186736,
    "rotation": [
      [
        -0.7315171,
        -0.0366986543,
        0.6808348
      ],
      [
        0.126682267,
        0.9738478,
        0.188605443
      ],
      [
        -0.669951,
        0.224217787,
        -0.7077372
      ]
    ],
    "translation": [
      2.120446,
      0.8550679,
      -0.7608971
    ]
  },
  {
    "timeStamp": 186792,
    "rotation": [
      [
        -0.7280673,
        -0.03953968,
        0.6843645
      ],
      [
        0.13149558,
        0.9717401,
        0.196035773
      ],
      [
        -0.6727756,
        0.23271814,
        -0.70229286
      ]
    ],
    "translation": [
      2.12033725,
      0.8522787,
      -0.7611375
    ]
  },
  {
    "timeStamp": 186836,
    "rotation": [
      [
        -0.73046875,
