[
  {
    "timeStamp": 0,
    "rotation": [
      [
        0.977360845,
        -0.08633804,
        -0.19316195
      ],
      [
        -0.102155983,
        0.606924,
        -0.7881671
      ],
      [
        0.185283422,
        0.790056348,
        0.5843638
      ]
    ],
    "translation": [
      1.53530574,
      1.62602,
      -1.20772672
    ]
  },
  {
    "timeStamp": 16,
    "rotation": [
      [
        0.9776385,
        -0.08537384,
        -0.192183092
      ],
      [
        -0.101963386,
        0.606831551,
        -0.788263261
      ],
      [
        0.183919817,
        0.7902322,
        0.5845569
      ]
    ],
    "translation": [
      1.53531551,
      1.625922,
      -1.20774794
    ]
  },
  {
    "timeStamp": 18,
    "rotation": [
      [
        0.9778107,
        -0.084985055,
        -0.1914778
      ],
      [
        -0.101773769,
        0.6061965,
        -0.788776159
      ],
      [
        0.183107376,
        0.7907612,
        0.584096253
      ]
    ],
    "translation": [
      1.5352602,
      1.625799,
      -1.2075491
    ]
  },
  {
    "timeStamp": 62,
    "rotation": [
      [
        0.983103335,
        -0.0730036944,
        -0.167864025
      ],
      [
        -0.0923077,
        0.594185054,
        -0.799014032
      ],
      [
        0.158073276,
        0.8010085,
        0.5774065
      ]
    ],
    "translation": [
      1.53476357,
      1.62280536,
      -1.20762289
    ]
  },
  {
    "timeStamp": 117,
    "rotation": [
      [
        0.984673142,
        -0.06727288,
        -0.160913065
      ],
      [
        -0.09075781,
        0.5902183,
        -0.8021255
      ],
      [
        0.148935139,
        0.8044356,
        0.5750666
      ]
    ],
    "translation": [
      1.53446615,
      1.62270665,
      -1.20910847
    ]
  },
  {
    "timeStamp": 162,
    "rotation": [
      [
        0.9850814,
        -0.0660619959,
        -0.15890418
      ],
      [
        -0.08882353,
        0.5956924,
        -0.798286259
      ],
      [
        0.1473944,
        0.8004914,
        0.5809376
      ]
    ],
    "translation": [
      1.53469384,
      1.62260175,
      -1.20902658
    ]
  },
  {
    "timeStamp": 217,
    "rotation": [
      [
        0.98666966,
        -0.06236393,
        -0.150311887
      ],
      [
        -0.08448303,
        0.5931429,
        -0.8006523
      ],
      [
        0.139088258,
        0.802678168,
        0.5799674
      ]
    ],
    "translation": [
      1.53450441,
      1.622444,
      -1.21036553
    ]
  },
  {
    "timeStamp": 342,
    "rotation": [
      [
        0.9865293,
        -0.06431667,
        -0.150410309
      ],
      [
        -0.08353952,
        0.5924488,
        -0.801265
      ],
      [
        0.1406451,
        0.80303663,
        0.5790951
      ]
    ],
    "translation": [
      1.53431821,
      1.62265122,
      -1.21052384
    ]
  },
  {
    "timeStamp": 344,
    "rotation": [
      [
        0.986615956,
        -0.06543672,
        -0.14935559
      ],
      [
        -0.0820705444,
        0.5921989,
        -0.80160147
      ],
      [
        0.140902385,
        0.8031305,
        0.5789024
      ]
    ],
    "translation": [
      1.53420615,
      1.622762,
      -1.21067715
    ]
  },
  {
    "timeStamp": 384,
    "rotation": [
      [
        0.9844705,
        -0.0760457143,
        -0.158224508
      ],
      [
        -0.0831237361,
        0.59193337,
        -0.801689
      ],
      [
        0.154623389,
        0.8023914,
        0.5764197
      ]
    ],
    "translation": [
      1.53237307,
      1.62261391,
      -1.214823
    ]
  },
  {
    "timeStamp": 439,
    "rotation": [
      [
        0.983800232,
        -0.07320836,
        -0.163638651
      ],
      [
        -0.0880244449,
        0.597925,
        -0.796704054
      ],
      [
        0.156169057,
        0.798201859,
        0.5817946
      ]
    ],
    "translation": [
      1.53226042,
      1.624188,
      -1.21527767
    ]
  },
  {
    "timeStamp": 484,
    "rotation": [
      [
        0.9836381,
        -0.07136998,
        -0.165415645
      ],
      [
        -0.0892998055,
        0.6042903,
        -0.7917442
      ],
      [
        0.156465828,
        0.793561339,
        0.5880296
      ]
    ],
    "translation": [
      1.53269279,
      1.62491179,
      -1.21479309
    ]
  },
  {
    "timeStamp": 541,
    "rotation": [
      [
        0.9842683,
        -0.06916242,
        -0.162580639
      ],
      [
        -0.08910947,
        0.600260854,
        -0.7948248
      ],
      [
        0.1525628,
        0.7968083,
        0.5846547
      ]
    ],
    "translation": [
      1.53319287,
      1.62417269,
      -1.2153846
    ]
  },
  {
    "timeStamp": 584,
    "rotation": [
      [
        0.984518051,
        -0.0724784657,
        -0.159596264
      ],
      [
        -0.08553878,
        0.5960651,
        -0.7983668
      ],
      [
        0.152994156,
        0.7996582,
        0.580637157
      ]
    ],
    "translation": [
      1.53378868,
      1.62320518,
      -1.215637
    ]
  },
  {
    "timeStamp": 640,
    "rotation": [
      [
        0.984630764,
        -0.07559779,
        -0.1574397
      ],
      [
        -0.0830675,
        0.5902575,
        -0.8029295
      ],
      [
        0.153629676,
        0.803667247,
        0.574905932
      ]
    ],
    "translation": [
      1.53459024,
      1.6218667,
      -1.21592343
    ]
  },
  {
    "timeStamp": 686,
    "rotation": [
      [
        0.9846692,
        -0.07342055,
        -0.158227772
      ],
      [
        -0.08557942,
        0.587085545,
        -0.8049886
      ],
      [
        0.151995957,
        0.8061885,
        0.5718018
      ]
    ],
    "translation": [
      1.535245,
      1.62084651,
      -1.21549964
    ]
  },
  {
    "timeStamp": 743,
    "rotation": [
      [
        0.9849736,
        -0.072086364,
        -0.156941161
      ],
      [
        -0.08590807,
        0.583819568,
        -0.807325542
      ],
      [
        0.149822488,
        0.808676839,
        0.568854034
      ]
    ],
    "translation": [
      1.53635907,
      1.61968708,
      -1.21475422
    ]
  },
  {
    "timeStamp": 788,
    "rotation": [
      [
        0.9858339,
        -0.07059719,
        -0.152143657
      ],
      [
        -0.0836920738,
        0.579052567,
        -0.810983241
      ],
      [
        0.1453523,
        0.812227964,
        0.564941168
      ]
    ],
    "translation": [
      1.53853822,
      1.61831021,
      -1.21408677
    ]
  },
  {
    "timeStamp": 833,
    "rotation": [
      [
        0.9869472,
        -0.06823161,
        -0.145875722
      ],
      [
        -0.0805709,
        0.5750944,
        -0.814109743
      ],
      [
        0.139440343,
        0.8152366,
        0.562090337
      ]
    ],
    "translation": [
      1.54115677,
      1.61716318,
      -1.21352911
    ]
  },
  {
    "timeStamp": 888,
    "rotation": [
      [
        0.9892013,
        -0.060888797,
        -0.133316323
      ],
      [
        -0.07495219,
        0.5715103,
        -0.8171647
      ],
      [
        0.125947818,
        0.8183328,
        0.560775042
      ]
    ],
    "translation": [
      1.545409,
      1.61603832,
      -1.21271813
    ]
  },
  {
    "timeStamp": 933,
    "rotation": [
      [
        0.991135836,
        -0.0546130538,
        -0.121108465
      ],
      [
        -0.0686604157,
        0.569847763,
        -0.818876863
      ],
      [
        0.113734752,
        0.819933534,
        0.5610467
      ]
    ],
    "translation": [
      1.54974723,
      1.61528444,
      -1.21177328
    ]
  },
  {
    "timeStamp": 988,
    "rotation": [
      [
        0.9929119,
        -0.0484515,
        -0.108528547
      ],
      [
        -0.06198341,
        0.5680316,
        -0.8206693
      ],
      [
        0.101410307,
        0.8215792,
        0.5610022
      ]
    ],
    "translation": [
      1.55589855,
      1.61414742,
      -1.21050584
    ]
  },
  {
    "timeStamp": 1033,
    "rotation": [
      [
        0.9941765,
        -0.0448680259,
        -0.09797929
      ],
      [
        -0.0553800352,
        0.5672398,
        -0.821688533
      ],
      [
        0.0924453,
        0.8223295,
        0.5614517
      ]
    ],
    "translation": [
      1.56139529,
      1.61331236,
      -1.20910633
    ]
  },
  {
    "timeStamp": 1089,
    "rotation": [
      [
        0.9958407,
        -0.0358504131,
        -0.08376171
      ],
      [
        -0.048730474,
        0.5672157,
        -0.8221263
      ],
      [
        0.0769845247,
        0.822788656,
        0.563109457
      ]
    ],
    "translation": [
      1.56945348,
      1.61214745,
      -1.20742941
    ]
  },
  {
    "timeStamp": 1133,
    "rotation": [
      [
        0.997440755,
        -0.0233172812,
        -0.06758895
      ],
      [
        -0.04244703,
        0.5675855,
        -0.8222195
      ],
      [
        0.0575344339,
        0.8229842,
        0.5651432
      ]
    ],
    "translation": [
      1.57723522,
      1.61136818,
      -1.20627785
    ]
  },
  {
    "timeStamp": 1188,
    "rotation": [
      [
        0.998774648,
        -0.007484885,
        -0.0489210263
      ],
      [
        -0.0360731557,
        0.5666498,
        -0.823168755
      ],
      [
        0.03388241,
        0.8239248,
        0.5656854
      ]
    ],
    "translation": [
      1.58751512,
      1.61033535,
      -1.20526624
    ]
  },
  {
    "timeStamp": 1233,
    "rotation": [
      [
        0.999184847,
        0.00347253517,
        -0.0402202867
      ],
      [
        -0.03510868,
        0.566542745,
        -0.8232841
      ],
      [
        0.01992763,
        0.824025035,
        0.5662028
      ]
    ],
    "translation": [
      1.59510732,
      1.60957408,
      -1.2043612
    ]
  },
  {
    "timeStamp": 1288,
    "rotation": [
      [
        0.9993545,
        0.0121019548,
        -0.0338270366
      ],
      [
        -0.0347502232,
        0.564587235,
        -0.8246416
      ],
      [
        0.009118536,
        0.8252847,
        0.5646433
      ]
    ],
    "translation": [
      1.60422683,
      1.60863376,
      -1.20383453
    ]
  },
  {
    "timeStamp": 1333,
    "rotation": [
      [
        0.9992909,
        0.0172163863,
        -0.0334876366
      ],
      [
        -0.0373632759,
        0.5636804,
        -0.8251475
      ],
      [
        0.0046702656,
        0.8258136,
        0.5639239
      ]
    ],
    "translation": [
      1.61068726,
      1.60817266,
      -1.20361185
    ]
  },
  {
    "timeStamp": 1388,
    "rotation": [
      [
        0.9989417,
        0.0288840011,
        -0.0357940756
      ],
      [
        -0.0458518229,
        0.5641085,
        -0.8244266
      ],
      [
        -0.00362099474,
        0.8251954,
        0.564835846
      ]
    ],
    "translation": [
      1.61829591,
      1.607565,
      -1.20335507
    ]
  },
  {
    "timeStamp": 1433,
    "rotation": [
      [
        0.998614,
        0.0389813557,
        -0.0353624225
      ],
      [
        -0.051217705,
        0.565089,
        -0.823438644
      ],
      [
        -0.0121158408,
        0.824108541,
        0.566302359
      ]
    ],
    "translation": [
      1.62425065,
      1.60695,
      -1.20310056
    ]
  },
  {
    "timeStamp": 1488,
    "rotation": [
      [
        0.998145938,
        0.05082322,
        -0.0334932357
      ],
      [
        -0.05647848,
        0.5681906,
        -0.8209565
      ],
      [
        -0.02269311,
        0.8213261,
        0.5700075
      ]
    ],
    "translation": [
      1.63161206,
      1.60651553,
      -1.20308244
    ]
  },
  {
    "timeStamp": 1533,
    "rotation": [
      [
        0.997615755,
        0.0618284,
        -0.0306615643
      ],
      [
        -0.0605675466,
        0.5713984,
        -0.8184348
      ],
      [
        -0.03308255,
        0.81834054,
        0.5737808
      ]
    ],
    "translation": [
      1.63706744,
      1.60665822,
      -1.20310092
    ]
  },
  {
    "timeStamp": 1588,
    "rotation": [
      [
        0.996955,
        0.07298715,
        -0.0274507515
      ],
      [
        -0.06466367,
        0.5770622,
        -0.814136267
      ],
      [
        -0.0435806923,
        0.8134323,
        0.58002466
      ]
    ],
    "translation": [
      1.64383125,
      1.60698152,
      -1.20339537
    ]
  },
  {
    "timeStamp": 1633,
    "rotation": [
      [
        0.9964515,
        0.08022263,
        -0.025471231
      ],
      [
        -0.0674145743,
        0.5794861,
        -0.8121891
      ],
      [
        -0.0503957234,
        0.8110242,
        0.582837939
      ]
    ],
    "translation": [
      1.64913559,
      1.607049,
      -1.20409191
    ]
  },
  {
    "timeStamp": 1688,
    "rotation": [
      [
        0.995879769,
        0.08751743,
        -0.0237541329
      ],
      [
        -0.07065556,
        0.5846389,
        -0.8082111
      ],
      [
        -0.05684497,
        0.806559443,
        0.5884136
      ]
    ],
    "translation": [
      1.65532017,
      1.60723031,
      -1.2050128
    ]
  },
  {
    "timeStamp": 1733,
    "rotation": [
      [
        0.9955825,
        0.09090961,
        -0.0234714784
      ],
      [
        -0.07279278,
        0.5894679,
        -0.8045053
      ],
      [
        -0.0593015738,
        0.8026599,
        0.5934815
      ]
    ],
    "translation": [
      1.65993428,
      1.60733235,
      -1.20598674
    ]
  },
  {
    "timeStamp": 1788,
    "rotation": [
      [
        0.9951013,
        0.0952393,
        -0.0265136715
      ],
      [
        -0.07799062,
        0.5914559,
        -0.8025568
      ],
      [
        -0.06075328,
        0.8006931,
        0.5959863
      ]
    ],
    "translation": [
      1.66507518,
      1.60721719,
      -1.20786476
    ]
  },
  {
    "timeStamp": 1833,
    "rotation": [
      [
        0.994739234,
        0.09719176,
        -0.0323685557
      ],
      [
        -0.0840394646,
        0.593570232,
        -0.800382257
      ],
      [
        -0.05857755,
        0.798891842,
        0.5986155
      ]
    ],
    "translation": [
      1.66846669,
      1.60663939,
      -1.20916939
    ]
  },
  {
    "timeStamp": 1888,
    "rotation": [
      [
        0.994557559,
        0.0958253,
        -0.04089945
      ],
      [
        -0.09030093,
        0.5969857,
        -0.797153533
      ],
      [
        -0.05197109,
        0.7965083,
        0.6023898
      ]
    ],
    "translation": [
      1.67178607,
      1.605639,
      -1.21087134
    ]
  },
  {
    "timeStamp": 1933,
    "rotation": [
      [
        0.994630635,
        0.0924707949,
        -0.0464660823
      ],
      [
        -0.0928293,
        0.598722637,
        -0.79555887
      ],
      [
        -0.0457456633,
        0.795600653,
        0.6040918
      ]
    ],
    "translation": [
      1.67402315,
      1.60492647,
      -1.21205664
    ]
  },
  {
    "timeStamp": 1988,
    "rotation": [
      [
        0.994826257,
        0.08702256,
        -0.05241904
      ],
      [
        -0.0943458155,
        0.600033,
        -0.7943924
      ],
      [
        -0.0376769044,
        0.795227945,
        0.6051388
      ]
    ],
    "translation": [
      1.67603052,
      1.604734,
      -1.21331286
    ]
  },
  {
    "timeStamp": 2033,
    "rotation": [
      [
        0.99498415,
        0.08279341,
        -0.0561409
      ],
      [
        -0.09485623,
        0.6026967,
        -0.792312443
      ],
      [
        -0.0317623168,
        0.7936637,
        0.607527137
      ]
    ],
    "translation": [
      1.67725778,
      1.60560822,
      -1.21370554
    ]
  },
  {
    "timeStamp": 2088,
    "rotation": [
      [
        0.9950448,
        0.0803438053,
        -0.05857107
      ],
      [
        -0.09556223,
        0.6101696,
        -0.786486447
      ],
      [
        -0.0274510272,
        0.788186431,
        0.614823937
      ]
    ],
    "translation": [
      1.67864776,
      1.6074084,
      -1.21291852
    ]
  },
  {
    "timeStamp": 2133,
    "rotation": [
      [
        0.9948581,
        0.07878218,
        -0.06364573
      ],
      [
        -0.09879377,
        0.6165292,
        -0.7811091
      ],
      [
        -0.0222980175,
        0.7833805,
        0.6211423
      ]
    ],
    "translation": [
      1.67902017,
      1.60836029,
      -1.2117095
    ]
  },
  {
    "timeStamp": 2188,
    "rotation": [
      [
        0.9940483,
        0.08105975,
        -0.0727826655
      ],
      [
        -0.107514821,
        0.622241,
        -0.775407434
      ],
      [
        -0.0175659712,
        0.7786176,
        0.627252758
      ]
    ],
    "translation": [
      1.67906713,
      1.608842,
      -1.20942581
    ]
  },
  {
    "timeStamp": 2233,
    "rotation": [
      [
        0.993439257,
        0.08742539,
        -0.07372362
      ],
      [
        -0.11228922,
        0.623554945,
        -0.773673236
      ],
      [
        -0.021667948,
        0.776875734,
        0.629281
      ]
    ],
    "translation": [
      1.67921352,
      1.60886955,
      -1.2074542
    ]
  },
  {
    "timeStamp": 2288,
    "rotation": [
      [
        0.9919117,
        0.0918475538,
        -0.0876077563
      ],
      [
        -0.12583518,
        0.6211337,
        -0.7735363
      ],
      [
        -0.0166312959,
        0.7783039,
        0.6276675
      ]
    ],
    "translation": [
      1.67776585,
      1.609933,
      -1.20345783
    ]
  },
  {
    "timeStamp": 2333,
    "rotation": [
      [
        0.9900009,
        0.09385788,
        -0.105303675
      ],
      [
        -0.140898824,
        0.622191846,
        -0.770081043
      ],
      [
        -0.006759083,
        0.7772181,
        0.629195
      ]
    ],
    "translation": [
      1.67533243,
      1.60988593,
      -1.20089865
    ]
  },
  {
    "timeStamp": 2388,
    "rotation": [
      [
        0.990037739,
        0.08112675,
        -0.1150815
      ],
      [
        -0.1404995,
        0.6227841,
        -0.769675136
      ],
      [
        0.009229685,
        0.7781763,
        0.6279781
      ]
    ],
    "translation": [
      1.67335987,
      1.60798454,
      -1.198235
    ]
  },
  {
    "timeStamp": 2433,
    "rotation": [
      [
        0.990594566,
        0.06907293,
        -0.118116118
      ],
      [
        -0.135504156,
        0.6150995,
        -0.7767183
      ],
      [
        0.01900294,
        0.785418153,
        0.618673861
      ]
    ],
    "translation": [
      1.67250657,
      1.60635972,
      -1.1974957
    ]
  },
  {
    "timeStamp": 2488,
    "rotation": [
      [
        0.9907004,
        0.06703944,
        -0.118399605
      ],
      [
        -0.134650514,
        0.608068943,
        -0.7823819
      ],
      [
        0.0195446834,
        0.791048646,
        0.611441
      ]
    ],
    "translation": [
      1.67114353,
      1.60616636,
      -1.19712365
    ]
  },
  {
    "timeStamp": 2533,
    "rotation": [
      [
        0.9900508,
        0.06633392,
        -0.124093428
      ],
      [
        -0.1386213,
        0.6112009,
        -0.7792417
      ],
      [
        0.0241558533,
        0.788690865,
        0.6143153
      ]
    ],
    "translation": [
      1.66944587,
      1.60719383,
      -1.19636381
    ]
  },
  {
    "timeStamp": 2588,
    "rotation": [
      [
        0.9889822,
        0.0576562919,
        -0.136345044
      ],
      [
        -0.142727286,
        0.615786552,
        -0.774877965
      ],
      [
        0.0392828472,
        0.785800636,
        0.6172311
      ]
    ],
    "translation": [
      1.6673913,
      1.60854983,
      -1.195232
    ]
  },
  {
    "timeStamp": 2633,
    "rotation": [
      [
        0.987745166,
        0.0526992641,
        -0.146908835
      ],
      [
        -0.147912338,
        0.6164905,
        -0.7733443
      ],
      [
        0.04981323,
        0.7855967,
        0.616730452
      ]
    ],
    "translation": [
      1.665972,
      1.60895348,
      -1.1943028
    ]
  },
  {
    "timeStamp": 2688,
    "rotation": [
      [
        0.9869258,
        0.0509293862,
        -0.152917787
      ],
      [
        -0.151584953,
        0.6156969,
        -0.773265362
      ],
      [
        0.0547690764,
        0.7863355,
        0.615367234
      ]
    ],
    "translation": [
      1.66518641,
      1.608603,
      -1.19326353
    ]
  },
  {
    "timeStamp": 2733,
    "rotation": [
      [
        0.986799359,
        0.0482814722,
        -0.154583
      ],
      [
        -0.151337564,
        0.614733756,
        -0.7740797
      ],
      [
        0.0576536879,
        0.7872556,
        0.613925636
      ]
    ],
    "translation": [
      1.66536641,
      1.60811,
      -1.19251144
    ]
  },
  {
    "timeStamp": 2788,
    "rotation": [
      [
        0.9868572,
        0.0449559353,
        -0.1552154
      ],
      [
        -0.149814054,
        0.6145538,
        -0.7745188
      ],
      [
        0.0605689958,
        0.7875929,
        0.61321187
      ]
    ],
    "translation": [
      1.66587758,
      1.6080004,
      -1.19154763
    ]
  },
  {
    "timeStamp": 2833,
    "rotation": [
      [
        0.986844957,
        0.04328755,
        -0.155766428
      ],
      [
        -0.149131179,
        0.6157681,
        -0.7736857
      ],
      [
        0.0624250434,
        0.7867375,
        0.614123166
      ]
    ],
    "translation": [
      1.66637754,
      1.60835409,
      -1.19106126
    ]
  },
  {
    "timeStamp": 2888,
    "rotation": [
      [
        0.987170637,
        0.0409202576,
        -0.154336363
      ],
      [
        -0.1462772,
        0.619271934,
        -0.7714307
      ],
      [
        0.06400903,
        0.7841096,
        0.6173127
      ]
    ],
    "translation": [
      1.66733968,
      1.60911465,
      -1.19017863
    ]
  },
  {
    "timeStamp": 2932,
    "rotation": [
      [
        0.9875143,
        0.0398987047,
        -0.15239273
      ],
      [
        -0.1438952,
        0.622148335,
        -0.769561946
      ],
      [
        0.06410636,
        0.781882,
        0.620121658
      ]
    ],
    "translation": [
      1.66796541,
      1.60949683,
      -1.189646
    ]
  },
  {
    "timeStamp": 2986,
    "rotation": [
      [
        0.987856746,
        0.0385255739,
        -0.15051493
      ],
      [
        -0.141356,
        0.624907851,
        -0.767794669
      ],
      [
        0.064478226,
        0.779747367,
        0.6227653
      ]
    ],
    "translation": [
      1.66878343,
      1.6099205,
      -1.18875861
    ]
  },
  {
    "timeStamp": 3041,
    "rotation": [
      [
        0.9895249,
        0.0458233058,
        -0.136896476
      ],
      [
        -0.135161489,
        0.627198458,
        -0.767042041
      ],
      [
        0.0507128537,
        0.777510345,
        0.626822054
      ]
    ],
    "translation": [
      1.67079687,
      1.610386,
      -1.18789709
    ]
  },
  {
    "timeStamp": 3086,
    "rotation": [
      [
        0.994034231,
        0.061333973,
        -0.09018923
      ],
      [
        -0.108642966,
        0.6297868,
        -0.769132853
      ],
      [
        0.00962601,
        0.774342835,
        0.6326931
      ]
    ],
    "translation": [
      1.6764394,
      1.611181,
      -1.18700874
    ]
  },
  {
    "timeStamp": 3141,
    "rotation": [
      [
        0.9962739,
        0.0846220553,
        0.0166576132
      ],
      [
        -0.04083274,
        0.6329227,
        -0.7731375
      ],
      [
        -0.07596746,
        0.76957655,
        0.634019732
      ]
    ],
    "translation": [
      1.68875313,
      1.611824,
      -1.186377
    ]
  },
  {
    "timeStamp": 3185,
    "rotation": [
      [
        0.990290463,
        0.100761965,
        0.095769234
      ],
      [
        0.0103404066,
        0.6336195,
        -0.7735757
      ],
      [
        -0.138628259,
        0.767055,
        0.626425445
      ]
    ],
    "translation": [
      1.69795156,
      1.61222613,
      -1.18688643
    ]
  },
  {
    "timeStamp": 3241,
    "rotation": [
      [
        0.9798106,
        0.117426835,
        0.161808714
      ],
      [
        0.0514246561,
        0.634079933,
        -0.771555662
      ],
      [
        -0.193200991,
        0.7642994,
        0.6152396
      ]
    ],
    "translation": [
      1.70598078,
      1.612694,
      -1.18723416
    ]
  },
  {
    "timeStamp": 3285,
    "rotation": [
      [
        0.975710452,
        0.124092095,
        0.180527985
      ],
      [
        0.0620003529,
        0.633963645,
        -0.7708736
      ],
      [
        -0.21010749,
        0.7633422,
        0.610871136
      ]
    ],
    "translation": [
      1.70868063,
      1.61275077,
      -1.18710077
    ]
  },
  {
    "timeStamp": 3341,
    "rotation": [
      [
        0.9761547,
        0.1315358,
        0.172685459
      ],
      [
        0.0513635725,
        0.632960558,
        -0.7724783
      ],
      [
        -0.210911646,
        0.762928069,
        0.6111113
      ]
    ],
    "translation": [
      1.70907068,
      1.6122216,
      -1.18588352
    ]
  },
  {
    "timeStamp": 3386,
    "rotation": [
      [
        0.9770147,
        0.138565347,
        0.161993533
      ],
      [
        0.038918905,
        0.6312014,
        -0.774641931
      ],
      [
        -0.209589064,
        0.763141155,
        0.61130023
      ]
    ],
    "translation": [
      1.70842719,
      1.61139333,
      -1.18495989
    ]
  },
  {
    "timeStamp": 3443,
    "rotation": [
      [
        0.976979,
        0.145114556,
        0.156377077
      ],
      [
        0.0306272618,
        0.630010366,
        -0.7759825
      ],
      [
        -0.211125538,
        0.762908,
        0.611062467
      ]
    ],
    "translation": [
      1.70758963,
      1.61091757,
      -1.18412948
    ]
  },
  {
    "timeStamp": 3487,
    "rotation": [
      [
        0.976112366,
        0.1474274,
        0.1595926
      ],
      [
        0.0318866335,
        0.6293865,
        -0.776437938
      ],
      [
        -0.214913651,
        0.762979567,
        0.60965097
      ]
    ],
    "translation": [
      1.70669222,
      1.61076856,
      -1.18320537
    ]
  },
  {
    "timeStamp": 3543,
    "rotation": [
      [
        0.976289332,
        0.142844543,
        0.162648648
      ],
      [
        0.03674942,
        0.6310923,
        -0.7748368
      ],
      [
        -0.213327512,
        0.7624421,
        0.610879242
      ]
    ],
    "translation": [
      1.705025,
      1.61136365,
      -1.18183
    ]
  },
  {
    "timeStamp": 3587,
    "rotation": [
      [
        0.9795783,
        0.1321714,
        0.151516065
      ],
      [
        0.0336493254,
        0.635178745,
        -0.771631837
      ],
      [
        -0.19822745,
        0.7609722,
        0.6177598
      ]
    ],
    "translation": [
      1.70011687,
      1.612459,
      -1.178676
    ]
  },
  {
    "timeStamp": 3643,
    "rotation": [
      [
        0.989374757,
        0.109303676,
        0.0958664
      ],
      [
        0.003571357,
        0.64091295,
        -0.7676053
      ],
      [
        -0.1453441,
        0.7597917,
        0.6337127
      ]
    ],
    "translation": [
      1.68959093,
      1.61343062,
      -1.17346179
    ]
  },
  {
    "timeStamp": 3687,
    "rotation": [
      [
        0.9970759,
        0.07548009,
        -0.0119361626
      ],
      [
        -0.05805032,
        0.6465434,
        -0.7606654
      ],
      [
        -0.0496978462,
        0.759134054,
        0.649034441
      ]
    ],
    "translation": [
      1.671391,
      1.61405182,
      -1.16620517
    ]
  },
  {
    "timeStamp": 3743,
    "rotation": [
      [
        0.9940131,
        0.04646378,
        -0.098889336
      ],
      [
        -0.105240673,
        0.6504135,
        -0.752254367
      ],
      [
        0.0293663833,
        0.758157849,
        0.651409447
      ]
    ],
    "translation": [
      1.65464735,
      1.61457586,
      -1.16054213
    ]
  },
  {
    "timeStamp": 3787,
    "rotation": [
      [
        0.9855222,
        0.0147075187,
        -0.1689071
      ],
      [
        -0.137065157,
        0.6554949,
        -0.742657065
      ],
      [
        0.09979512,
        0.7550563,
        0.6480207
      ]
    ],
    "translation": [
      1.63549447,
      1.61524844,
      -1.15341067
    ]
  },
  {
    "timeStamp": 3843,
    "rotation": [
      [
        0.98430264,
        -0.00836997,
        -0.17629014
      ],
      [
        -0.127598658,
        0.6563373,
        -0.7435993
      ],
      [
        0.1219297,
        0.7544211,
        0.644966543
      ]
    ],
    "translation": [
      1.622652,
      1.61536539,
      -1.14749622
    ]
  },
  {
    "timeStamp": 3887,
    "rotation": [
      [
        0.9849044,
        -0.03155311,
        -0.170199156
      ],
      [
        -0.108197659,
        0.6552795,
        -0.747597456
      ],
      [
        0.135117054,
        0.7547272,
        0.641973734
      ]
    ],
    "translation": [
      1.6068306,
      1.61570036,
      -1.13926542
    ]
  },
  {
    "timeStamp": 3943,
    "rotation": [
      [
        0.9865501,
        -0.04353753,
        -0.157554448
      ],
      [
        -0.09064594,
        0.6563737,
        -0.748970568
      ],
      [
        0.136022925,
        0.753178656,
        0.643599
      ]
    ],
    "translation": [
      1.5933392,
      1.61642981,
      -1.131872
    ]
  },
  {
    "timeStamp": 3987,
    "rotation": [
      [
        0.9871519,
        -0.06173651,
        -0.1473758
      ],
      [
        -0.07042776,
        0.6598007,
        -0.748132944
      ],
      [
        0.143425792,
        0.748900235,
        0.6469756
      ]
    ],
    "translation": [
      1.57614481,
      1.61724186,
      -1.1229502
    ]
  },
  {
    "timeStamp": 4043,
    "rotation": [
      [
        0.9855879,
        -0.07586078,
        -0.151200548
      ],
      [
        -0.06394948,
        0.6603992,
        -0.7481867
      ],
      [
        0.156610742,
        0.747072935,
        0.646030247
      ]
    ],
    "translation": [
      1.56152415,
      1.6175,
      -1.11638236
    ]
  },
  {
    "timeStamp": 4087,
    "rotation": [
      [
        0.983696461,
        -0.0860367343,
        -0.157920957
      ],
      [
        -0.0623005256,
        0.660722733,
        -0.7480402
      ],
      [
        0.1687009,
        0.745683,
        0.644590437
      ]
    ],
    "translation": [
      1.5434463,
      1.61821413,
      -1.10823846
    ]
  },
  {
    "timeStamp": 4143,
    "rotation": [
      [
        0.9824874,
        -0.0876517445,
        -0.1644255
      ],
      [
        -0.0663888454,
        0.65986073,
        -0.748449266
      ],
      [
        0.174100816,
        0.746257961,
        0.642485738
      ]
    ],
    "translation": [
      1.52894676,
      1.6192677,
      -1.10232353
    ]
  },
  {
    "timeStamp": 4187,
    "rotation": [
      [
        0.982622743,
        -0.0848984644,
        -0.16506
      ],
      [
        -0.0682640746,
        0.661646664,
        -0.7467019
      ],
      [
        0.172605246,
        0.7449939,
        0.6443535
      ]
    ],
    "translation": [
      1.51126063,
      1.62138653,
      -1.09461975
    ]
  },
  {
    "timeStamp": 4243,
    "rotation": [
      [
        0.9833657,
        -0.08451903,
        -0.160774529
      ],
      [
        -0.0644876361,
        0.665021241,
        -0.744035
      ],
      [
        0.16980359,
        0.7420265,
        0.648508668
      ]
    ],
    "translation": [
      1.49728322,
      1.62235451,
      -1.08873022
    ]
  },
  {
    "timeStamp": 4287,
    "rotation": [
      [
        0.984664559,
        -0.08577871,
        -0.151913628
      ],
      [
        -0.0565126427,
        0.6669908,
        -0.7429196
      ],
      [
        0.165051684,
        0.740111649,
        0.651914656
      ]
    ],
    "translation": [
      1.48019457,
      1.62195873,
      -1.08149564
    ]
  },
  {
    "timeStamp": 4343,
    "rotation": [
      [
        0.9854419,
        -0.09036649,
        -0.144007429
      ],
      [
        -0.047841195,
        0.665418744,
        -0.7449357
      ],
      [
        0.163142458,
        0.7409803,
        0.651408255
      ]
    ],
    "translation": [
      1.46689332,
      1.62041879,
      -1.07546926
    ]
  },
  {
    "timeStamp": 4387,
    "rotation": [
      [
        0.9858809,
        -0.1008112,
        -0.133700877
      ],
      [
        -0.0343831554,
        0.6595718,
        -0.7508547
      ],
      [
        0.1638799,
        0.744850338,
        0.6467931
      ]
    ],
    "translation": [
      1.45084488,
      1.61862051,
      -1.06760871
    ]
  },
  {
    "timeStamp": 4443,
    "rotation": [
      [
        0.985257149,
        -0.114855133,
        -0.1267937
      ],
      [
        -0.0209832676,
        0.654412568,
        -0.755846441
      ],
      [
        0.169788241,
        0.7473637,
        0.642354667
      ]
    ],
    "translation": [
      1.43895793,
      1.61757064,
      -1.06064224
    ]
  },
  {
    "timeStamp": 4487,
    "rotation": [
      [
        0.9838205,
        -0.130399778,
        -0.122853763
      ],
      [
        -0.008631921,
        0.650435746,
        -0.759512246
      ],
      [
        0.1789487,
        0.7482842,
        0.638786435
      ]
    ],
    "translation": [
      1.42523694,
      1.61661482,
      -1.0509069
    ]
  },
  {
    "timeStamp": 4542,
    "rotation": [
      [
        0.9829825,
        -0.137235865,
        -0.122113787
      ],
      [
        -0.00389082567,
        0.649045,
        -0.7607401
      ],
      [
        0.183658168,
        0.7482693,
        0.637465835
      ]
    ],
    "translation": [
      1.415731,
      1.61520934,
      -1.042501
    ]
  },
  {
    "timeStamp": 4587,
    "rotation": [
      [
        0.981610656,
        -0.147417217,
        -0.121279866
      ],
      [
        0.00279960013,
        0.6463736,
        -0.763016
      ],
      [
        0.190873787,
        0.748645067,
        0.634899855
      ]
    ],
    "translation": [
      1.40529633,
      1.61254561,
      -1.03139639
    ]
  },
  {
    "timeStamp": 4642,
    "rotation": [
      [
        0.9791022,
        -0.162611768,
        -0.122131944
      ],
      [
        0.0116632422,
        0.644454658,
        -0.764553547
      ],
      [
        0.203033909,
        0.7471516,
        0.6328836
      ]
    ],
    "translation": [
      1.39860463,
      1.60984325,
      -1.021071
    ]
  },
  {
    "timeStamp": 4687,
    "rotation": [
      [
        0.9747226,
        -0.18404071,
        -0.126668036
      ],
      [
        0.0220539067,
        0.6434434,
        -0.765175939
      ],
      [
        0.222327232,
        0.7430408,
        0.6312377
      ]
    ],
    "translation": [
      1.390944,
      1.60564423,
      -1.00684214
    ]
  },
  {
    "timeStamp": 4742,
    "rotation": [
      [
        0.9703825,
        -0.2012864,
        -0.133572638
      ],
      [
        0.0276682321,
        0.64189446,
        -0.766293645
      ],
      [
        0.239984035,
        0.7399022,
        0.6284524
      ]
    ],
    "translation": [
      1.38633561,
      1.60152912,
      -0.9936116
    ]
  },
  {
    "timeStamp": 4787,
    "rotation": [
      [
        0.964733541,
        -0.221841529,
        -0.14168787
      ],
      [
        0.03211681,
        0.6334498,
        -0.773117
      ],
      [
        0.2612616,
        0.741301358,
        0.6182351
      ]
    ],
    "translation": [
      1.38170743,
      1.59598017,
      -0.9766262
    ]
  },
  {
    "timeStamp": 4842,
    "rotation": [
      [
        0.959463537,
        -0.239701241,
        -0.148232862
      ],
      [
        0.0350139774,
        0.6232668,
        -0.781224966
      ],
      [
        0.279649228,
        0.744366646,
        0.6063947
      ]
    ],
    "translation": [
      1.37958026,
      1.59154749,
      -0.9616378
    ]
  },
  {
    "timeStamp": 4887,
    "rotation": [
      [
        0.952324748,
        -0.2598462,
        -0.159867376
      ],
      [
        0.0345984176,
        0.6126107,
        -0.7896272
      ],
      [
        0.30311808,
        0.746450365,
        0.5923946
      ]
    ],
    "translation": [
      1.37723255,
      1.58620954,
      -0.9411318
    ]
  },
  {
    "timeStamp": 4942,
    "rotation": [
      [
        0.9474029,
        -0.272387266,
        -0.1680267
      ],
      [
        0.0323581137,
        0.603846133,
        -0.7964438
      ],
      [
        0.318403453,
        0.7491161,
        0.5808995
      ]
    ],
    "translation": [
      1.375644,
      1.582185,
      -0.9231832
    ]
  },
  {
    "timeStamp": 4987,
    "rotation": [
      [
        0.9411662,
        -0.2877787,
        -0.177171126
      ],
      [
        0.0304216277,
        0.5942801,
        -0.803682566
      ],
      [
        0.336572,
        0.751009047,
        0.568071067
      ]
    ],
    "translation": [
      1.37390041,
      1.57686424,
      -0.900351763
    ]
  },
  {
    "timeStamp": 5043,
    "rotation": [
      [
        0.936617255,
        -0.298174143,
        -0.183957234
      ],
      [
        0.0293952338,
        0.5900891,
        -0.8068028
      ],
      [
        0.3491189,
        0.750257969,
        0.5614525
      ]
    ],
    "translation": [
      1.3722806,
      1.57222569,
      -0.881642938
    ]
  },
  {
    "timeStamp": 5086,
    "rotation": [
      [
        0.930075169,
        -0.313935548,
        -0.190800026
      ],
      [
        0.0310768448,
        0.584741,
        -0.81062454
      ],
      [
        0.366052479,
        0.7480123,
        0.5536092
      ]
    ],
    "translation": [
      1.37022448,
      1.56564331,
      -0.85879
    ]
  },
  {
    "timeStamp": 5142,
    "rotation": [
      [
        0.9233827,
        -0.330010056,
        -0.1961064
      ],
      [
        0.0333333,
        0.5778509,
        -0.8154614
      ],
      [
        0.382430732,
        0.7464461,
        0.544577837
      ]
    ],
    "translation": [
      1.36860871,
      1.5599829,
      -0.8417477
    ]
  },
  {
    "timeStamp": 5187,
    "rotation": [
      [
        0.916181445,
        -0.346476674,
        -0.201408654
      ],
      [
        0.03549232,
        0.570735037,
        -0.820366859
      ],
      [
        0.399188966,
        0.7444564,
        0.5351941
      ]
    ],
    "translation": [
      1.36705136,
      1.553062,
      -0.821829855
    ]
  },
  {
    "timeStamp": 5242,
    "rotation": [
      [
        0.9102217,
        -0.361369,
        -0.202259332
      ],
      [
        0.0391849168,
        0.561370432,
        -0.826636434
      ],
      [
        0.4122632,
        0.744496942,
        0.5251318
      ]
    ],
    "translation": [
      1.36649394,
      1.54620361,
      -0.8043526
    ]
  },
  {
    "timeStamp": 5286,
    "rotation": [
      [
        0.9055633,
        -0.372696221,
        -0.202614784
      ],
      [
        0.041928146,
        0.553923249,
        -0.8315113
      ],
      [
        0.422134161,
        0.744490862,
        0.517239
      ]
    ],
    "translation": [
      1.3665278,
      1.541409,
      -0.791830242
    ]
  },
  {
    "timeStamp": 5342,
    "rotation": [
      [
        0.9002496,
        -0.3856105,
        -0.2021267
      ],
      [
