[
  {
    "timeStamp": 17900,
    "rotation": [
      [
        0.997632742,
        0.006493897,
        -0.06845982
      ],
      [
        0.06873282,
        -0.125601783,
        0.9896969
      ],
      [
        -0.00217168429,
        -0.992059469,
        -0.1257508
      ]
    ],
    "translation": [
      1.46229541,
      0.711113,
      -0.60782063
    ]
  },
  {
    "timeStamp": 17943,
    "rotation": [
      [
        0.999307632,
        0.0291880481,
        -0.0230726246
      ],
      [
        0.0250655543,
        -0.069864966,
        0.9972415
      ],
      [
        0.0274955649,
        -0.9971294,
        -0.07054821
      ]
    ],
    "translation": [
      1.45965958,
      0.709055245,
      -0.6077657
    ]
  },
  {
    "timeStamp": 17999,
    "rotation": [
      [
        0.9998672,
        -0.0150574436,
        -0.006228719
      ],
      [
        0.00231168885,
        -0.247308612,
        0.968934
      ],
      [
        -0.016130086,
        -0.968819737,
        -0.247240961
      ]
    ],
    "translation": [
      1.46516609,
      0.741591752,
      -0.585443139
    ]
  },
  {
    "timeStamp": 18043,
    "rotation": [
      [
        0.996707559,
        -0.0577088,
        0.05695392
      ],
      [
        -0.07042189,
        -0.2680088,
        0.9608392
      ],
      [
        -0.0401847139,
        -0.9616865,
        -0.271190345
      ]
    ],
    "translation": [
      1.47049749,
      0.779625654,
      -0.5799153
    ]
  },
  {
    "timeStamp": 18099,
    "rotation": [
      [
        0.984100759,
        -0.108006142,
        0.140997574
      ],
      [
        -0.169236764,
        -0.3293348,
        0.9289228
      ],
      [
        -0.0538939573,
        -0.9380156,
        -0.342377245
      ]
    ],
    "translation": [
      1.4879595,
      0.8465864,
      -0.576572537
    ]
  },
  {
    "timeStamp": 18144,
    "rotation": [
      [
        0.9711872,
        -0.144455656,
        0.1895469
      ],
      [
        -0.22995086,
        -0.359113574,
        0.904522
      ],
      [
        -0.06259446,
        -0.9220466,
        -0.3819842
      ]
    ],
    "translation": [
      1.51418018,
      0.8981066,
      -0.5804414
    ]
  },
  {
    "timeStamp": 18199,
    "rotation": [
      [
        0.9463433,
        -0.228630766,
        0.228390917
      ],
      [
        -0.302393973,
        -0.37721312,
        0.875367463
      ],
      [
        -0.113983892,
        -0.8974621,
        -0.426109672
      ]
    ],
    "translation": [
      1.56817818,
      0.955351949,
      -0.587319255
    ]
  },
  {
    "timeStamp": 18243,
    "rotation": [
      [
        0.919052541,
        -0.324430019,
        0.223802626
      ],
      [
        -0.341159821,
        -0.370488,
        0.8639147
      ],
      [
        -0.19736369,
        -0.87033546,
        -0.451180428
      ]
    ],
    "translation": [
      1.63000667,
      0.989356637,
      -0.5924373
    ]
  },
  {
    "timeStamp": 18299,
    "rotation": [
      [
        0.847918451,
        -0.485851616,
        0.212090835
      ],
      [
        -0.39645046,
        -0.3155473,
        0.8621235
      ],
      [
        -0.35193938,
        -0.815093935,
        -0.460174471
      ]
    ],
    "translation": [
      1.72150314,
      1.01691568,
      -0.602152944
    ]
  },
  {
    "timeStamp": 18344,
    "rotation": [
      [
        0.782659352,
        -0.6064067,
        0.140411124
      ],
      [
        -0.4002344,
        -0.317514449,
        0.85964936
      ],
      [
        -0.476714551,
        -0.72901,
        -0.491210461
      ]
    ],
    "translation": [
      1.8067354,
      1.03634381,
      -0.6128232
    ]
  },
  {
    "timeStamp": 18399,
    "rotation": [
      [
        0.6725236,
        -0.739478,
        0.02973608
      ],
      [
        -0.395505339,
        -0.3251536,
        0.8589823
      ],
      [
        -0.6255297,
        -0.589446664,
        -0.511141
      ]
    ],
    "translation": [
      1.91664779,
      1.052062,
      -0.6355345
    ]
  },
  {
    "timeStamp": 18443,
    "rotation": [
      [
        0.5532595,
        -0.8300598,
        -0.07003351
      ],
      [
        -0.378125221,
        -0.3251625,
        0.866770267
      ],
      [
        -0.742243469,
        -0.453067452,
        -0.493765771
      ]
    ],
    "translation": [
      2.0031867,
      1.05324554,
      -0.662847757
    ]
  },
  {
    "timeStamp": 18499,
    "rotation": [
      [
        0.383420885,
        -0.9080256,
        -0.168753877
      ],
      [
        -0.3654205,
        -0.3169582,
        0.8752173
      ],
      [
        -0.848207653,
        -0.273910463,
        -0.453339577
      ]
    ],
    "translation": [
      2.10132623,
      1.04401243,
      -0.700882852
    ]
  },
  {
    "timeStamp": 18553,
    "rotation": [
      [
        0.23184371,
        -0.948406935,
        -0.216270342
      ],
      [
        -0.340450585,
        -0.287378252,
        0.895269334
      ],
      [
        -0.911231041,
        -0.133933216,
        -0.389512539
      ]
    ],
    "translation": [
      2.166318,
      1.023986,
      -0.733155847
    ]
  },
  {
    "timeStamp": 18594,
    "rotation": [
      [
        0.1309191,
        -0.9590421,
        -0.251194149
      ],
      [
        -0.335767478,
        -0.28129375,
        0.898962736
      ],
      [
        -0.932802439,
        -0.0333485566,
        -0.358841866
      ]
    ],
    "translation": [
      2.224575,
      0.998423457,
      -0.7515863
    ]
  },
  {
    "timeStamp": 18649,
    "rotation": [
      [
        0.055497814,
        -0.9441063,
        -0.324935734
      ],
      [
        -0.253904849,
        -0.3280836,
        0.909886539
      ],
      [
        -0.965635657,
        0.03200602,
        -0.2579211
      ]
    ],
    "translation": [
      2.27279115,
      0.963446438,
      -0.769954562
    ]
  },
  {
    "timeStamp": 18694,
    "rotation": [
      [
        0.00445932057,
        -0.956462562,
        -0.291820973
      ],
      [
        -0.231596261,
        -0.284877419,
        0.9301656
      ],
      [
        -0.9728018,
        0.06343674,
        -0.222783521
      ]
    ],
    "translation": [
      2.294317,
      0.925513,
      -0.7733158
    ]
  },
  {
    "timeStamp": 18749,
    "rotation": [
      [
        0.0135555025,
        -0.957438946,
        -0.288317353
      ],
      [
        -0.197496653,
        -0.28522715,
        0.937891543
      ],
      [
        -0.9802098,
        0.04422812,
        -0.192957371
      ]
    ],
    "translation": [
      2.3104856,
      0.8876754,
      -0.766501963
    ]
  },
  {
    "timeStamp": 18793,
    "rotation": [
      [
        -0.0215993859,
        -0.9757414,
        -0.217858285
      ],
      [
        -0.213553086,
        -0.208377078,
        0.9544496
      ],
      [
        -0.9766927,
        0.06713986,
        -0.203871757
      ]
    ],
    "translation": [
      2.31430149,
      0.8527883,
      -0.7625273
    ]
  },
  {
    "timeStamp": 18842,
    "rotation": [
      [
        -0.02474067,
        -0.975856066,
        -0.217008919
      ],
      [
        -0.166238889,
        -0.210037,
        0.963456869
      ],
      [
        -0.9857751,
        0.0599118657,
        -0.157028779
      ]
    ],
    "translation": [
      2.32133484,
      0.828651,
      -0.764958739
    ]
  },
  {
    "timeStamp": 18893,
    "rotation": [
      [
        -0.07501435,
        -0.983602643,
        -0.1640082
      ],
      [
        -0.170514,
        -0.149396777,
        0.973963857
      ],
      [
        -0.9824957,
        0.10102696,
        -0.156511113
      ]
    ],
    "translation": [
      2.32485962,
      0.8014215,
      -0.767932236
    ]
  },
  {
    "timeStamp": 18949,
    "rotation": [
      [
        -0.0773105,
        -0.9840421,
        -0.160263017
      ],
      [
        -0.144607335,
        -0.147976935,
        0.978361666
      ],
      [
        -0.986464262,
        0.09881284,
        -0.130859539
      ]
    ],
    "translation": [
      2.32791972,
      0.783620834,
      -0.7700797
    ]
  },
  {
    "timeStamp": 18994,
    "rotation": [
      [
        -0.0765516,
        -0.9859251,
        -0.148632184
      ],
      [
        -0.133222565,
        -0.137618825,
        0.981485
      ],
      [
        -0.988125265,
        0.0949353948,
        -0.120812543
      ]
    ],
    "translation": [
      2.32875419,
      0.772082865,
      -0.7700406
    ]
  },
  {
    "timeStamp": 19050,
    "rotation": [
      [
        -0.06618676,
        -0.988705039,
        -0.134468526
      ],
      [
        -0.121559486,
        -0.125770465,
        0.984583735
      ],
      [
        -0.990375042,
        0.08151231,
        -0.111862138
      ]
    ],
    "translation": [
      2.32899714,
      0.760039,
      -0.7668449
    ]
  },
  {
    "timeStamp": 19096,
    "rotation": [
      [
        -0.05102166,
        -0.9885351,
        -0.142109916
      ],
      [
        -0.105605327,
        -0.136157185,
        0.9850425
      ],
      [
        -0.9930984,
        0.06526606,
        -0.0974476
      ]
    ],
    "translation": [
      2.3308754,
      0.7552369,
      -0.764157
    ]
  },
  {
    "timeStamp": 19142,
    "rotation": [
      [
        -0.0490314476,
        -0.989903152,
        -0.132995039
      ],
      [
        -0.09414236,
        -0.12798205,
        0.98729825
      ],
      [
        -0.9943506,
        0.06092912,
        -0.08691668
      ]
    ],
    "translation": [
      2.33241963,
      0.7477871,
      -0.7629089
    ]
  }
]