[
  {
    "timeStamp": 28345,
    "rotation": [
      [
        -0.5920568,
        0.4721866,
        0.6530763
      ],
      [
        -0.384304941,
        0.546875358,
        -0.7437991
      ],
      [
        -0.7083633,
        -0.6913517,
        -0.142317623
      ]
    ],
    "translation": [
      1.62472856,
      0.771338642,
      -0.7823691
    ]
  },
  {
    "timeStamp": 28391,
    "rotation": [
      [
        -0.6335038,
        0.464758,
        0.6186056
      ],
      [
        -0.293361038,
        0.5955332,
        -0.747849941
      ],
      [
        -0.7159694,
        -0.655240536,
        -0.240930647
      ]
    ],
    "translation": [
      1.62771666,
      0.7753423,
      -0.7746691
    ]
  },
  {
    "timeStamp": 28445,
    "rotation": [
      [
        -0.610763,
        0.343605429,
        0.7133749
      ],
      [
        -0.388679028,
        0.6548256,
        -0.6481759
      ],
      [
        -0.689852953,
        -0.6731558,
        -0.266391069
      ]
    ],
    "translation": [
      1.64336181,
      0.7926506,
      -0.7594938
    ]
  },
  {
    "timeStamp": 28500,
    "rotation": [
      [
        -0.6649654,
        0.356939882,
        0.656060159
      ],
      [
        -0.430103779,
        0.5351246,
        -0.7270849
      ],
      [
        -0.6105995,
        -0.7656602,
        -0.202318147
      ]
    ],
    "translation": [
      1.67001462,
      0.8583143,
      -0.7433084
    ]
  },
  {
    "timeStamp": 28545,
    "rotation": [
      [
        -0.732604444,
        0.294658,
        0.613569438
      ],
      [
        -0.461578518,
        0.447428644,
        -0.765997946
      ],
      [
        -0.500236,
        -0.844383955,
        -0.191780418
      ]
    ],
    "translation": [
      1.7132504,
      0.912088454,
      -0.7302212
    ]
  },
  {
    "timeStamp": 28591,
    "rotation": [
      [
        -0.7948945,
        0.167874351,
        0.5830616
      ],
      [
        -0.4906292,
        0.387521356,
        -0.7804551
      ],
      [
        -0.3569672,
        -0.9064465,
        -0.22567457
      ]
    ],
    "translation": [
      1.77499056,
      0.9586264,
      -0.7209486
    ]
  },
  {
    "timeStamp": 28647,
    "rotation": [
      [
        -0.841545165,
        -0.0245105959,
        0.5396304
      ],
      [
        -0.5144372,
        0.341113418,
        -0.786763
      ],
      [
        -0.164791122,
        -0.9397025,
        -0.2996715
      ]
    ],
    "translation": [
      1.86186671,
      1.00211585,
      -0.720695436
    ]
  },
  {
    "timeStamp": 28693,
    "rotation": [
      [
        -0.8428443,
        -0.188791752,
        0.503955543
      ],
      [
        -0.537910342,
        0.323922634,
        -0.7782844
      ],
      [
        -0.0163089614,
        -0.9270555,
        -0.374569356
      ]
    ],
    "translation": [
      1.93140364,
      1.0227685,
      -0.7255526
    ]
  },
  {
    "timeStamp": 28750,
    "rotation": [
      [
        -0.8124742,
        -0.352813661,
        0.4641209
      ],
      [
        -0.5718456,
        0.327318847,
        -0.7522333
      ],
      [
        0.113482669,
        -0.876575649,
        -0.467693031
      ]
    ],
    "translation": [
      2.00846577,
      1.03030312,
      -0.7377942
    ]
  },
  {
    "timeStamp": 28794,
    "rotation": [
      [
        -0.7993037,
        -0.446517,
        0.4021644
      ],
      [
        -0.571845353,
        0.3595035,
        -0.737394154
      ],
      [
        0.184679508,
        -0.8193777,
        -0.5426911
      ]
    ],
    "translation": [
      2.05908942,
      1.02289581,
      -0.7473872
    ]
  },
  {
    "timeStamp": 28850,
    "rotation": [
      [
        -0.798247457,
        -0.49465844,
        0.3436772
      ],
      [
        -0.5627042,
        0.4088927,
        -0.718450248
      ],
      [
        0.21486038,
        -0.7668897,
        -0.6047439
      ]
    ],
    "translation": [
      2.10450387,
      1.002032,
      -0.75573
    ]
  },
  {
    "timeStamp": 28896,
    "rotation": [
      [
        -0.7972177,
        -0.494521052,
        0.346255451
      ],
      [
        -0.5803657,
        0.469919533,
        -0.6650949
      ],
      [
        0.166191235,
        -0.731180251,
        -0.6616312
      ]
    ],
    "translation": [
      2.124655,
      0.9747743,
      -0.758806646
    ]
  },
  {
    "timeStamp": 28944,
    "rotation": [
      [
        -0.8289371,
        -0.461907059,
        0.31544438
      ],
      [
        -0.548256338,
        0.5592516,
        -0.6218141
      ],
      [
        0.11080756,
        -0.6883891,
        -0.7168278
      ]
    ],
    "translation": [
      2.137678,
      0.9384124,
      -0.76176554
    ]
  },
  {
    "timeStamp": 29000,
    "rotation": [
      [
        -0.85111,
        -0.442578137,
        0.282376438
      ],
      [
        -0.518496335,
        0.62431556,
        -0.584287345
      ],
      [
        0.08230081,
        -0.643703938,
        -0.7608363
      ]
    ],
    "translation": [
      2.14399147,
      0.906898,
      -0.7645206
    ]
  },
  {
    "timeStamp": 29044,
    "rotation": [
      [
        -0.8626355,
        -0.436628044,
        0.255374163
      ],
      [
        -0.499482274,
        0.655579031,
        -0.5663335
      ],
      [
        0.07985912,
        -0.616094232,
        -0.7836137
      ]
    ],
    "translation": [
      2.14728045,
      0.884467661,
      -0.766011238
    ]
  },
  {
    "timeStamp": 29100,
    "rotation": [
      [
        -0.8739147,
        -0.451511264,
        0.180029362
      ],
      [
        -0.472068667,
        0.700085461,
        -0.5357532
      ],
      [
        0.11586266,
        -0.55318886,
        -0.824959338
      ]
    ],
    "translation": [
      2.154545,
      0.859211445,
      -0.7696854
    ]
  },
  {
    "timeStamp": 29144,
    "rotation": [
      [
        -0.876538157,
        -0.447914243,
        0.17622076
      ],
      [
        -0.467430025,
        0.7047663,
        -0.5336794
      ],
      [
        0.114848159,
        -0.550161242,
        -0.827123
      ]
    ],
    "translation": [
      2.15795517,
      0.8497908,
      -0.769368649
    ]
  },
  {
    "timeStamp": 29200,
    "rotation": [
      [
        -0.8775359,
        -0.465730876,
        0.114129648
      ],
      [
        -0.4531242,
        0.7275489,
        -0.5151224
      ],
      [
        0.156873524,
        -0.5037533,
        -0.849484146
      ]
    ],
    "translation": [
      2.165286,
      0.8360754,
      -0.7705293
    ]
  },
  {
    "timeStamp": 29244,
    "rotation": [
      [
        -0.860103667,
        -0.4982037,
        0.109611146
      ],
      [
        -0.4829361,
        0.7260444,
        -0.489522368
      ],
      [
        0.1642993,
        -0.473975182,
        -0.8650741
      ]
    ],
    "translation": [
      2.16806388,
      0.829337656,
      -0.7717819
    ]
  },
  {
    "timeStamp": 29300,
    "rotation": [
      [
        -0.8627361,
        -0.493406862,
        0.110616639
      ],
      [
        -0.4826338,
        0.738258839,
        -0.471209675
      ],
      [
        0.150834382,
        -0.459916949,
        -0.8750574
      ]
    ],
    "translation": [
      2.16762352,
      0.8256034,
      -0.7716194
    ]
  }
]