[
  {
    "timeStamp": 12680,
    "rotation": [
      [
        -0.9981875,
        -0.000937952369,
        -0.06017345
      ],
      [
        -0.06018055,
        0.0181786586,
        0.99802196
      ],
      [
        0.000157776813,
        0.9998343,
        -0.0182021577
      ]
    ],
    "translation": [
      1.46204114,
      0.7050913,
      -0.489970773
    ]
  },
  {
    "timeStamp": 12724,
    "rotation": [
      [
        -0.9975961,
        0.0109066311,
        -0.06843404
      ],
      [
        -0.0684329942,
        0.000469541323,
        0.99765563
      ],
      [
        0.0109131942,
        0.999940455,
        0.000277960818
      ]
    ],
    "translation": [
      1.46199381,
      0.705830932,
      -0.4906398
    ]
  },
  {
    "timeStamp": 12779,
    "rotation": [
      [
        -0.9966454,
        0.02516914,
        -0.07787464
      ],
      [
        -0.07805279,
        -0.006173599,
        0.9969301
      ],
      [
        0.024611108,
        0.9996641,
        0.008117411
      ]
    ],
    "translation": [
      1.462202,
      0.7078217,
      -0.4898482
    ]
  },
  {
    "timeStamp": 12824,
    "rotation": [
      [
        -0.9982655,
        0.0562001243,
        -0.01753522
      ],
      [
        -0.0167551376,
        0.0143217342,
        0.999757051
      ],
      [
        0.0564376,
        0.998316765,
        -0.0133552533
      ]
    ],
    "translation": [
      1.45843792,
      0.737861753,
      -0.48658675
    ]
  },
  {
    "timeStamp": 12879,
    "rotation": [
      [
        -0.990026236,
        0.125989914,
        0.06304505
      ],
      [
        0.06698126,
        0.0272498764,
        0.997382045
      ],
      [
        0.123942114,
        0.9916572,
        -0.0354170538
      ]
    ],
    "translation": [
      1.46323693,
      0.78674674,
      -0.484900832
    ]
  },
  {
    "timeStamp": 12924,
    "rotation": [
      [
        -0.962029,
        0.218989313,
        0.162923157
      ],
      [
        0.167964727,
        0.004475421,
        0.985782862
      ],
      [
        0.215146765,
        0.975717,
        -0.0410879627
      ]
    ],
    "translation": [
      1.47665834,
      0.834883034,
      -0.487394363
    ]
  },
  {
    "timeStamp": 12979,
    "rotation": [
      [
        -0.897849739,
        0.36643,
        0.244120792
      ],
      [
        0.249644071,
        -0.0330506973,
        0.9677735
      ],
      [
        0.3626896,
        0.9298584,
        -0.0618025251
      ]
    ],
    "translation": [
      1.51812434,
      0.889949262,
      -0.491605222
    ]
  },
  {
    "timeStamp": 13024,
    "rotation": [
      [
        -0.830556452,
        0.487892538,
        0.268583059
      ],
      [
        0.274718225,
        -0.06060114,
        0.959613144
      ],
      [
        0.484464526,
        0.8707975,
        -0.08370031
      ]
    ],
    "translation": [
      1.57380342,
      0.9243788,
      -0.497496545
    ]
  },
  {
    "timeStamp": 13079,
    "rotation": [
      [
        -0.727888465,
        0.6306183,
        0.269256324
      ],
      [
        0.286722869,
        -0.0767804459,
        0.9549318
      ],
      [
        0.622871041,
        0.7722858,
        -0.12492507
      ]
    ],
    "translation": [
      1.65307212,
      0.957681954,
      -0.5107331
    ]
  },
  {
    "timeStamp": 13124,
    "rotation": [
      [
        -0.6500723,
        0.738631964,
        0.178406566
      ],
      [
        0.247701526,
        -0.0159746613,
        0.9687047
      ],
      [
        0.718366265,
        0.6739196,
        -0.1725756
      ]
    ],
    "translation": [
      1.74033427,
      0.9710589,
      -0.521633863
    ]
  },
  {
    "timeStamp": 13179,
    "rotation": [
      [
        -0.513174951,
        0.853501737,
        0.0904778242
      ],
      [
        0.223543674,
        0.0311350673,
        0.9741965
      ],
      [
        0.8286614,
        0.520159,
        -0.206772655
      ]
    ],
    "translation": [
      1.84500265,
      0.985084,
      -0.543161333
    ]
  },
  {
    "timeStamp": 13224,
    "rotation": [
      [
        -0.403164178,
        0.914926946,
        -0.0191646609
      ],
      [
        0.177971452,
        0.09893126,
        0.9790499
      ],
      [
        0.8976551,
        0.391307116,
        -0.202716425
      ]
    ],
    "translation": [
      1.93404162,
      0.9886392,
      -0.5681091
    ]
  },
  {
    "timeStamp": 13279,
    "rotation": [
      [
        -0.2485689,
        0.966524541,
        -0.0635914356
      ],
      [
        0.15869686,
        0.105402261,
        0.9816851
      ],
      [
        0.955525458,
        0.233924627,
        -0.179584131
      ]
    ],
    "translation": [
      2.014412,
      0.989598334,
      -0.6035963
    ]
  },
  {
    "timeStamp": 13323,
    "rotation": [
      [
        -0.154114932,
        0.980457366,
        -0.122277737
      ],
      [
        0.133837163,
        0.143330887,
        0.9805834
      ],
      [
        0.978946447,
        0.134757251,
        -0.153311074
      ]
    ],
    "translation": [
      2.07208061,
      0.9855374,
      -0.6309125
    ]
  },
  {
    "timeStamp": 13379,
    "rotation": [
      [
        -0.06553262,
        0.986635149,
        -0.149186492
      ],
      [
        0.09738058,
        0.155117691,
        0.9830847
      ],
      [
        0.993087351,
        0.0498962253,
        -0.10624437
      ]
    ],
    "translation": [
      2.11912823,
      0.969410062,
      -0.662012041
    ]
  },
  {
    "timeStamp": 13423,
    "rotation": [
      [
        -0.0261991415,
        0.9881602,
        -0.151172265
      ],
      [
        0.08200597,
        0.15283899,
        0.9848428
      ],
      [
        0.9962874,
        0.0134050194,
        -0.08503928
      ]
    ],
    "translation": [
      2.13811374,
      0.954588652,
      -0.676620364
    ]
  },
  {
    "timeStamp": 13474,
    "rotation": [
      [
        0.0346538275,
        0.993100166,
        -0.112032071
      ],
      [
        0.0558895767,
        0.109998234,
        0.992359161
      ],
      [
        0.9978354,
        -0.0406504832,
        -0.0516920872
      ]
    ],
    "translation": [
      2.15555358,
      0.9162694,
      -0.6921268
    ]
  },
  {
    "timeStamp": 13529,
    "rotation": [
      [
        0.0539117344,
        0.9934263,
        -0.100983113
      ],
      [
        0.0262796059,
        0.09968359,
        0.99467206
      ],
      [
        0.9981998,
        -0.056278307,
        -0.0207327381
      ]
    ],
    "translation": [
      2.16214228,
      0.8781296,
      -0.6977805
    ]
  },
  {
    "timeStamp": 13574,
    "rotation": [
      [
        0.07775409,
        0.993681848,
        -0.08093541
      ],
      [
        0.0174620058,
        0.07981136,
        0.996657
      ],
      [
        0.9968196,
        -0.07890745,
        -0.01114602
      ]
    ],
    "translation": [
      2.16658235,
      0.850409031,
      -0.698019743
    ]
  },
  {
    "timeStamp": 13629,
    "rotation": [
      [
        0.08862276,
        0.9899041,
        -0.110615946
      ],
      [
        0.009012604,
        0.110251442,
        0.993862867
      ],
      [
        0.9960245,
        -0.0890758038,
        0.000849172531
      ]
    ],
    "translation": [
      2.184152,
      0.820432365,
      -0.695778131
    ]
  },
  {
    "timeStamp": 13674,
    "rotation": [
      [
        0.114873789,
        0.990762532,
        -0.07206587
      ],
      [
        -0.000753930246,
        0.07263305,
        0.997358441
      ],
      [
        0.9933798,
        -0.114516012,
        0.0090906
      ]
    ],
    "translation": [
      2.1808455,
      0.794055,
      -0.6940037
    ]
  },
  {
    "timeStamp": 13729,
    "rotation": [
      [
        0.105542563,
        0.991506159,
        -0.0760014355
      ],
      [
        -0.00201105885,
        0.07664097,
        0.9970567
      ],
      [
        0.9944127,
        -0.105079077,
        0.0100828623
      ]
    ],
    "translation": [
      2.18702531,
      0.769761741,
      -0.6910528
    ]
  },
  {
    "timeStamp": 13774,
    "rotation": [
      [
        0.078481026,
        0.9957298,
        -0.04860815
      ],
      [
        -0.0188733451,
        0.05023382,
        0.9985591
      ],
      [
        0.996736944,
        -0.07745053,
        0.0227351543
      ]
    ],
    "translation": [
      2.184472,
      0.7546672,
      -0.6924578
    ]
  },
  {
    "timeStamp": 13829,
    "rotation": [
      [
        0.09547905,
        0.994815469,
        -0.0350134224
      ],
      [
        -0.009002935,
        0.03603568,
        0.999309957
      ],
      [
        0.9953907,
        -0.0950979441,
        0.0123969121
      ]
    ],
    "translation": [
      2.18208313,
      0.73894465,
      -0.6896753
    ]
  },
  {
    "timeStamp": 13875,
    "rotation": [
      [
        0.0841791555,
        0.9961097,
        -0.02606268
      ],
      [
        -0.0164468456,
        0.02754089,
        0.9994854
      ],
      [
        0.9963149,
        -0.08370719,
        0.0187012311
      ]
    ],
    "translation": [
      2.182327,
      0.7311056,
      -0.690098464
    ]
  },
  {
    "timeStamp": 13932,
    "rotation": [
      [
        0.09800315,
        0.9947751,
        -0.028597597
      ],
      [
        -0.027087586,
        0.03139169,
        0.99914
      ],
      [
        0.9948174,
        -0.09714421,
        0.0300225411
      ]
    ],
    "translation": [
      2.18039632,
      0.725006342,
      -0.69345665
    ]
  }
]