[
  {
    "timeStamp": 31828,
    "rotation": [
      [
        -0.890790164,
        0.442972332,
        -0.101333089
      ],
      [
        0.453276724,
        0.8819576,
        -0.129194051
      ],
      [
        0.0321420953,
        -0.161016718,
        -0.986428142
      ]
    ],
    "translation": [
      1.30872917,
      0.730412,
      -0.756322861
    ]
  },
  {
    "timeStamp": 31873,
    "rotation": [
      [
        -0.906622767,
        0.4193574,
        -0.046631366
      ],
      [
        0.420953721,
        0.891398549,
        -0.167948365
      ],
      [
        -0.0288632587,
        -0.171895459,
        -0.9846923
      ]
    ],
    "translation": [
      1.31408453,
      0.742967248,
      -0.7445238
    ]
  },
  {
    "timeStamp": 31928,
    "rotation": [
      [
        -0.8416965,
        0.524840236,
        -0.12684527
      ],
      [
        0.538798869,
        0.801057935,
        -0.260771781
      ],
      [
        -0.0352531075,
        -0.287834764,
        -0.957030952
      ]
    ],
    "translation": [
      1.3204962,
      0.7965629,
      -0.726398
    ]
  },
  {
    "timeStamp": 31975,
    "rotation": [
      [
        -0.77067703,
        0.6024667,
        -0.207583189
      ],
      [
        0.63696456,
        0.7190093,
        -0.278032064
      ],
      [
        -0.0182508342,
        -0.346496046,
        -0.9378739
      ]
    ],
    "translation": [
      1.33653259,
      0.8469603,
      -0.7157161
    ]
  },
  {
    "timeStamp": 32028,
    "rotation": [
      [
        -0.649989665,
        0.6840059,
        -0.331133276
      ],
      [
        0.7595077,
        0.599450469,
        -0.2526008
      ],
      [
        0.0257175472,
        -0.41568616,
        -0.909144461
      ]
    ],
    "translation": [
      1.37619054,
      0.9128738,
      -0.7034115
    ]
  },
  {
    "timeStamp": 32073,
    "rotation": [
      [
        -0.576565266,
        0.706986,
        -0.409564853
      ],
      [
        0.8166046,
        0.515194058,
        -0.2602539
      ],
      [
        0.0270094965,
        -0.4845059,
        -0.874371
      ]
    ],
    "translation": [
      1.417531,
      0.9608171,
      -0.6925146
    ]
  },
  {
    "timeStamp": 32128,
    "rotation": [
      [
        -0.5054159,
        0.688424,
        -0.5202184
      ],
      [
        0.8624491,
        0.421993166,
        -0.2794697
      ],
      [
        0.02713494,
        -0.589910269,
        -0.807012737
      ]
    ],
    "translation": [
      1.485338,
      1.0124023,
      -0.679054439
    ]
  },
  {
    "timeStamp": 32173,
    "rotation": [
      [
        -0.484978259,
        0.6276351,
        -0.6089912
      ],
      [
        0.874013662,
        0.371697456,
        -0.312955648
      ],
      [
        0.0299385171,
        -0.6840433,
        -0.728826761
      ]
    ],
    "translation": [
      1.55008149,
      1.04436421,
      -0.6663388
    ]
  },
  {
    "timeStamp": 32228,
    "rotation": [
      [
        -0.470612824,
        0.514634669,
        -0.716711044
      ],
      [
        0.8794517,
        0.3392601,
        -0.3338671
      ],
      [
        0.0713318661,
        -0.7874349,
        -0.6122565
      ]
    ],
    "translation": [
      1.6367209,
      1.07176709,
      -0.656086266
    ]
  },
  {
    "timeStamp": 32273,
    "rotation": [
      [
        -0.47056815,
        0.402854145,
        -0.7850314
      ],
      [
        0.8757078,
        0.32229495,
        -0.359530032
      ],
      [
        0.108173467,
        -0.8566415,
        -0.504444242
      ]
    ],
    "translation": [
      1.71209431,
      1.088808,
      -0.651976466
    ]
  },
  {
    "timeStamp": 32328,
    "rotation": [
      [
        -0.478879631,
        0.239325047,
        -0.8446289
      ],
      [
        0.8621404,
        0.309584856,
        -0.4010875
      ],
      [
        0.16549401,
        -0.920261264,
        -0.354585677
      ]
    ],
    "translation": [
      1.8041662,
      1.1020447,
      -0.655408
    ]
  },
  {
    "timeStamp": 32373,
    "rotation": [
      [
        -0.488207847,
        0.08438036,
        -0.868638635
      ],
      [
        0.841870546,
        0.307858318,
        -0.44325754
      ],
      [
        0.2300154,
        -0.9476831,
        -0.221336186
      ]
    ],
    "translation": [
      1.88365793,
      1.10583866,
      -0.6628575
    ]
  },
  {
    "timeStamp": 32428,
    "rotation": [
      [
        -0.461271226,
        -0.1159592,
        -0.879649
      ],
      [
        0.810282648,
        0.348867238,
        -0.470886052
      ],
      [
        0.361484259,
        -0.9299705,
        -0.06696268
      ]
    ],
    "translation": [
      1.97953022,
      1.09530485,
      -0.6757448
    ]
  },
  {
    "timeStamp": 32473,
    "rotation": [
      [
        -0.436867,
        -0.290954351,
        -0.8511714
      ],
      [
        0.748659,
        0.4069471,
        -0.5233581
      ],
      [
        0.498655051,
        -0.865875,
        0.04004385
      ]
    ],
    "translation": [
      2.05915785,
      1.0711025,
      -0.690331936
    ]
  },
  {
    "timeStamp": 32528,
    "rotation": [
      [
        -0.350175381,
        -0.46827355,
        -0.8112318
      ],
      [
        0.666175544,
        0.484326035,
        -0.567131758
      ],
      [
        0.6584735,
        -0.7390184,
        0.142353311
      ]
    ],
    "translation": [
      2.14517713,
      1.03394508,
      -0.7058148
    ]
  },
  {
    "timeStamp": 32573,
    "rotation": [
      [
        -0.3491912,
        -0.5747229,
        -0.7401075
      ],
      [
        0.6118272,
        0.4583924,
        -0.644627
      ],
      [
        0.7097415,
        -0.677915931,
        0.191564485
      ]
    ],
    "translation": [
      2.197032,
      1.01614678,
      -0.7126311
    ]
  },
  {
    "timeStamp": 32625,
    "rotation": [
      [
        -0.391517282,
        -0.6421264,
        -0.659081161
      ],
      [
        0.495254457,
        0.456617415,
        -0.7390694
      ],
      [
        0.7755239,
        -0.615771353,
        0.139242336
      ]
    ],
    "translation": [
      2.23461366,
      0.988817334,
      -0.7059244
    ]
  },
  {
    "timeStamp": 32679,
    "rotation": [
      [
        -0.372211277,
        -0.6705301,
        -0.641754
      ],
      [
        0.501521349,
        0.436503828,
        -0.746954262
      ],
      [
        0.7809834,
        -0.5998782,
        0.173813522
      ]
    ],
    "translation": [
      2.26024175,
      0.97347784,
      -0.6912478
    ]
  },
  {
    "timeStamp": 32723,
    "rotation": [
      [
        -0.368293047,
        -0.681328058,
        -0.6325759
      ],
      [
        0.465590775,
        0.45377028,
        -0.7598143
      ],
      [
        0.804726958,
        -0.574355841,
        0.150099635
      ]
    ],
    "translation": [
      2.2739954,
      0.956634641,
      -0.6798376
    ]
  },
  {
    "timeStamp": 32779,
    "rotation": [
      [
        -0.3652982,
        -0.687919259,
        -0.6271557
      ],
      [
        0.479637265,
        0.438311666,
        -0.760152
      ],
      [
        0.7978129,
        -0.578489363,
        0.169837251
      ]
    ],
    "translation": [
      2.28114676,
      0.944739,
      -0.663836658
    ]
  },
  {
    "timeStamp": 32823,
    "rotation": [
      [
        -0.3393226,
        -0.664581835,
        -0.665726
      ],
      [
        0.471493274,
        0.492234319,
        -0.731709957
      ],
      [
        0.8139743,
        -0.562171042,
        0.146319658
      ]
    ],
    "translation": [
      2.28222561,
      0.9251632,
      -0.6540757
    ]
  },
  {
    "timeStamp": 32879,
    "rotation": [
      [
        -0.34946084,
        -0.7074279,
        -0.6143475
      ],
      [
        0.37430957,
        0.495682627,
        -0.783703446
      ],
      [
        0.858935058,
        -0.503829837,
        0.09157535
      ]
    ],
    "translation": [
      2.27645636,
      0.9075968,
      -0.6461387
    ]
  },
  {
    "timeStamp": 32923,
    "rotation": [
      [
        -0.3610514,
        -0.7950472,
        -0.487382561
      ],
      [
        0.286488444,
        0.402797937,
        -0.8692975
      ],
      [
        0.887449265,
        -0.453490585,
        0.08234108
      ]
    ],
    "translation": [
      2.27371955,
      0.903181255,
      -0.6443902
    ]
  },
  {
    "timeStamp": 32979,
    "rotation": [
      [
        -0.3673228,
        -0.856172,
        -0.363377869
      ],
      [
        0.244137347,
        0.2882359,
        -0.925914168
      ],
      [
        0.8974803,
        -0.428823471,
        0.103147939
      ]
    ],
    "translation": [
      2.27090931,
      0.8994906,
      -0.643168747
    ]
  },
  {
    "timeStamp": 33025,
    "rotation": [
      [
        -0.377585,
        -0.8876363,
        -0.263687968
      ],
      [
        0.2311772,
        0.185386315,
        -0.9550859
      ],
      [
        0.896653056,
        -0.421584725,
        0.135202169
      ]
    ],
    "translation": [
      2.2701745,
      0.8963984,
      -0.6423752
    ]
  },
  {
    "timeStamp": 33081,
    "rotation": [
      [
        -0.395164073,
        -0.9032914,
        -0.16706273
      ],
      [
        0.196018577,
        0.09475962,
        -0.9760109
      ],
      [
        0.8974531,
        -0.418431848,
        0.1396163
      ]
    ],
    "translation": [
      2.26941514,
      0.8937308,
      -0.6420945
    ]
  }
]