[
  {
    "timeStamp": 0,
    "rotation": [
      [
        0.7711756,
        -0.414995223,
        -0.482770234
      ],
      [
        0.0155584039,
        0.7703897,
        -0.637383461
      ],
      [
        0.6364323,
        0.484023452,
        0.6005624
      ]
    ],
    "translation": [
      1.50412416,
      1.55130959,
      -0.966064632
    ]
  },
  {
    "timeStamp": 21,
    "rotation": [
      [
        0.8122364,
        -0.3707005,
        -0.450392336
      ],
      [
        0.00409130752,
        0.775708854,
        -0.6310777
      ],
      [
        0.5833141,
        0.5107416,
        0.631575644
      ]
    ],
    "translation": [
      1.51855063,
      1.556727,
      -0.940568864
    ]
  },
  {
    "timeStamp": 73,
    "rotation": [
      [
        0.8639811,
        -0.3194506,
        -0.389214516
      ],
      [
        0.0030871476,
        0.7763269,
        -0.630323
      ],
      [
        0.5035147,
        0.5433856,
        0.671718
      ]
    ],
    "translation": [
      1.53465819,
      1.55846715,
      -0.921587944
    ]
  },
  {
    "timeStamp": 116,
    "rotation": [
      [
        0.9113921,
        -0.270836651,
        -0.309858054
      ],
      [
        0.0143900532,
        0.773436964,
        -0.633709848
      ],
      [
        0.411287516,
        0.573099256,
        0.7088017
      ]
    ],
    "translation": [
      1.55301285,
      1.5570004,
      -0.9029821
    ]
  },
  {
    "timeStamp": 171,
    "rotation": [
      [
        0.9608845,
        -0.2017278,
        -0.189754531
      ],
      [
        0.030589398,
        0.7582728,
        -0.651219368
      ],
      [
        0.275254726,
        0.6199421,
        0.734783351
      ]
    ],
    "translation": [
      1.57839227,
      1.54970729,
      -0.8829276
    ]
  },
  {
    "timeStamp": 216,
    "rotation": [
      [
        0.986694753,
        -0.136067972,
        -0.0889886841
      ],
      [
        0.04038682,
        0.7353122,
        -0.676524043
      ],
      [
        0.157487735,
        0.663928747,
        0.7310241
      ]
    ],
    "translation": [
      1.59872937,
      1.54350281,
      -0.8719899
    ]
  },
  {
    "timeStamp": 271,
    "rotation": [
      [
        0.99849683,
        -0.049045302,
        0.0244664047
      ],
      [
        0.052284956,
        0.7184333,
        -0.693628
      ],
      [
        0.016441714,
        0.6938646,
        0.7199178
      ]
    ],
    "translation": [
      1.620399,
      1.54207885,
      -0.863508761
    ]
  },
  {
    "timeStamp": 392,
    "rotation": [
      [
        0.9985161,
        -0.050776884,
        0.0196812227
      ],
      [
        0.0503076948,
        0.721697748,
        -0.690377831
      ],
      [
        0.020851342,
        0.6903435,
        0.7231812
      ]
    ],
    "translation": [
      1.61932063,
      1.543181,
      -0.8646331
    ]
  },
  {
    "timeStamp": 394,
    "rotation": [
      [
        0.9986481,
        -0.0346697,
        0.0387310572
      ],
      [
        0.051832892,
        0.7204669,
        -0.69154954
      ],
      [
        -0.003928633,
        0.6926222,
        0.721289933
      ]
    ],
    "translation": [
      1.62287521,
      1.54339719,
      -0.863369
    ]
  },
  {
    "timeStamp": 438,
    "rotation": [
      [
        0.9646222,
        0.156378552,
        0.212249219
      ],
      [
        0.04165328,
        0.704570949,
        -0.70841
      ],
      [
        -0.260324776,
        0.6921889,
        0.6731311
      ]
    ],
    "translation": [
      1.6457777,
      1.54395676,
      -0.858427167
    ]
  },
  {
    "timeStamp": 483,
    "rotation": [
      [
        0.9585191,
        0.184305027,
        0.21742323
      ],
      [
        0.0321998,
        0.6879104,
        -0.725081
      ],
      [
        -0.283203781,
        0.702004969,
        0.6534406
      ]
    ],
    "translation": [
      1.64054465,
      1.54005957,
      -0.859434843
    ]
  },
  {
    "timeStamp": 538,
    "rotation": [
      [
        0.959234,
        0.197575718,
        0.202074036
      ],
      [
        0.0217729881,
        0.6612308,
        -0.7498665
      ],
      [
        -0.281773,
        0.7236972,
        0.6299733
      ]
    ],
    "translation": [
      1.62714744,
      1.5315783,
      -0.8612103
    ]
  },
  {
    "timeStamp": 583,
    "rotation": [
      [
        0.962906,
        0.2059216,
        0.174379751
      ],
      [
        0.008944184,
        0.621529,
        -0.7833401
      ],
      [
        -0.269688725,
        0.755842566,
        0.5966322
      ]
    ],
    "translation": [
      1.611112,
      1.52293086,
      -0.8630855
    ]
  },
  {
    "timeStamp": 638,
    "rotation": [
      [
        0.9659541,
        0.210061073,
        0.151019886
      ],
      [
        0.00460474845,
        0.5696822,
        -0.8218522
      ],
      [
        -0.258672476,
        0.7945669,
        0.549319565
      ]
    ],
    "translation": [
      1.58737946,
      1.51107788,
      -0.8640722
    ]
  },
  {
    "timeStamp": 683,
    "rotation": [
      [
        0.970598,
        0.2025812,
        0.130001456
      ],
      [
        0.00352374464,
        0.5280671,
        -0.8491953
      ],
      [
        -0.2406805,
        0.824685335,
        0.5118271
      ]
    ],
    "translation": [
      1.56603372,
      1.5014708,
      -0.862327754
    ]
  },
  {
    "timeStamp": 738,
    "rotation": [
      [
        0.9740695,
        0.195008576,
        0.114718206
      ],
      [
        0.00397391524,
        0.4922193,
        -0.8704622
      ],
      [
        -0.226214081,
        0.848346531,
        0.478680879
      ]
    ],
    "translation": [
      1.53844631,
      1.4901576,
      -0.8558465
    ]
  },
  {
    "timeStamp": 782,
    "rotation": [
      [
        0.977760136,
        0.180315509,
        0.107104987
      ],
      [
        0.0113867251,
        0.464294583,
        -0.88560766
      ],
      [
        -0.209417045,
        0.8671315,
        0.4519155
      ]
    ],
    "translation": [
      1.51764536,
      1.48088074,
      -0.8504182
    ]
  },
  {
    "timeStamp": 838,
    "rotation": [
      [
        0.9826636,
        0.153474852,
        0.104009084
      ],
      [
        0.0276801866,
        0.433265537,
        -0.9008412
      ],
      [
        -0.183320016,
        0.88810277,
        0.421506017
      ]
    ],
    "translation": [
      1.49637055,
      1.47092724,
      -0.842700362
    ]
  },
  {
    "timeStamp": 884,
    "rotation": [
      [
        0.9838703,
        0.1433389,
        0.107018963
      ],
      [
        0.03793164,
        0.417484879,
        -0.9078918
      ],
      [
        -0.174815014,
        0.8973072,
        0.4053139
      ]
    ],
    "translation": [
      1.4829495,
      1.4642396,
      -0.8368515
    ]
  },
  {
    "timeStamp": 941,
    "rotation": [
      [
        0.9826827,
        0.145223618,
        0.115086146
      ],
      [
        0.04693316,
        0.405766547,
        -0.9127709
      ],
      [
        -0.17925401,
        0.902365565,
        0.391923934
      ]
    ],
    "translation": [
      1.46943748,
      1.4567275,
      -0.8302835
    ]
  },
  {
    "timeStamp": 987,
    "rotation": [
      [
        0.982925832,
        0.140543491,
        0.118761711
      ],
      [
        0.0558560342,
        0.387073517,
        -0.9203555
      ],
      [
        -0.175319478,
        0.911274731,
        0.372614324
      ]
    ],
    "translation": [
      1.4600544,
      1.45023167,
      -0.8286814
    ]
  },
  {
    "timeStamp": 1043,
    "rotation": [
      [
        0.9862657,
        0.1170507,
        0.116529331
      ],
      [
        0.06660562,
        0.363754928,
        -0.929110348
      ],
      [
        -0.151141137,
        0.9241112,
        0.3509628
      ]
    ],
    "translation": [
      1.45299649,
      1.44396377,
      -0.8283847
    ]
  },
  {
    "timeStamp": 1087,
    "rotation": [
      [
        0.9885433,
        0.0980431,
        0.11475943
      ],
      [
        0.0749580339,
        0.341040522,
        -0.9370553
      ],
      [
        -0.13100943,
        0.934921861,
        0.3297842
      ]
    ],
    "translation": [
      1.44584465,
      1.4360441,
      -0.8272801
    ]
  },
  {
    "timeStamp": 1143,
    "rotation": [
      [
        0.988837063,
        0.09359453,
        0.115936846
      ],
      [
        0.07931159,
        0.328082383,
        -0.9413138
      ],
      [
        -0.126138642,
        0.9400011,
        0.3169969
      ]
    ],
    "translation": [
      1.441783,
      1.43029475,
      -0.8264049
    ]
  },
  {
    "timeStamp": 1187,
    "rotation": [
      [
        0.9900673,
        0.0825163051,
        0.113831818
      ],
      [
        0.08331944,
        0.307791233,
        -0.9477987
      ],
      [
        -0.113245286,
        0.947868943,
        0.297858834
      ]
    ],
    "translation": [
      1.43693733,
      1.42442274,
      -0.8269384
    ]
  },
  {
    "timeStamp": 1243,
    "rotation": [
      [
        0.992323458,
        0.06568941,
        0.104781456
      ],
      [
        0.0808675438,
        0.296364546,
        -0.951645136
      ],
      [
        -0.09356653,
        0.9528132,
        0.288777322
      ]
    ],
    "translation": [
      1.43392563,
      1.42182124,
      -0.8273734
    ]
  },
  {
    "timeStamp": 1287,
    "rotation": [
      [
        0.995348036,
        0.0482764468,
        0.08337651
      ],
      [
        0.06612494,
        0.287078142,
        -0.955622137
      ],
      [
        -0.07006961,
        0.9566899,
        0.282550365
      ]
    ],
    "translation": [
      1.43057609,
      1.419394,
      -0.827801
    ]
  },
  {
    "timeStamp": 1343,
    "rotation": [
      [
        0.997676432,
        0.0372417457,
        0.05705046
      ],
      [
        0.0443092138,
        0.2814111,
        -0.958563745
      ],
      [
        -0.0517532267,
        0.958864331,
        0.2791071
      ]
    ],
    "translation": [
      1.42912769,
      1.418572,
      -0.827858865
    ]
  },
  {
    "timeStamp": 1387,
    "rotation": [
      [
        0.9992943,
        0.0299392883,
        0.0226832312
      ],
      [
        0.0133032082,
        0.2826507,
        -0.959130645
      ],
      [
        -0.035127122,
        0.958755553,
        0.282052964
      ]
    ],
    "translation": [
      1.43005991,
      1.41869581,
      -0.827678561
    ]
  },
  {
    "timeStamp": 1443,
    "rotation": [
      [
        0.9994879,
        0.03100997,
        0.007899598
      ],
      [
        -0.00121197768,
        0.283365637,
        -0.9590112
      ],
      [
        -0.03197738,
        0.958510458,
        0.28325808
      ]
    ],
    "translation": [
      1.43393588,
      1.4195385,
      -0.825644851
    ]
  },
  {
    "timeStamp": 1487,
    "rotation": [
      [
        0.9993945,
        0.0344577432,
        -0.00482987659
      ],
      [
        -0.0145349773,
        0.28732264,
        -0.957723558
      ],
      [
        -0.0316132568,
        0.9572138,
        0.287649482
      ]
    ],
    "translation": [
      1.44242632,
      1.42005336,
      -0.822376668
    ]
  },
  {
    "timeStamp": 1543,
    "rotation": [
      [
        0.99890244,
        0.04490754,
        -0.0133134034
      ],
      [
        -0.0252995063,
        0.278079748,
        -0.960224748
      ],
      [
        -0.0394191444,
        0.959507644,
        0.278910667
      ]
    ],
    "translation": [
      1.45030951,
      1.41901612,
      -0.821504831
    ]
  },
  {
    "timeStamp": 1587,
    "rotation": [
      [
        0.99849844,
        0.04806451,
        -0.0262799785
      ],
      [
        -0.0381180346,
        0.265075445,
        -0.9634739
      ],
      [
        -0.0393427238,
        0.963028967,
        0.266509533
      ]
    ],
    "translation": [
      1.45966661,
      1.4177469,
      -0.8205468
    ]
  },
  {
    "timeStamp": 1643,
    "rotation": [
      [
        0.9983656,
        0.03881232,
        -0.0419493578
      ],
      [
        -0.0505653173,
        0.2578363,
        -0.964864552
      ],
      [
        -0.02663257,
        0.965408742,
        0.25937748
      ]
    ],
    "translation": [
      1.46667349,
      1.41707563,
      -0.8196184
    ]
  },
  {
    "timeStamp": 1687,
    "rotation": [
      [
        0.9976116,
        0.0298692212,
        -0.06228067
      ],
      [
        -0.06780575,
        0.251573384,
        -0.9654601
      ],
      [
        -0.01316939,
        0.9673772,
        0.252997816
      ]
    ],
    "translation": [
      1.47520137,
      1.41718006,
      -0.8185784
    ]
  },
  {
    "timeStamp": 1743,
    "rotation": [
      [
        0.9966742,
        0.0316172428,
        -0.0751063153
      ],
      [
        -0.08059094,
        0.2459083,
        -0.965936959
      ],
      [
        -0.0120709958,
        0.9687773,
        0.247638524
      ]
    ],
    "translation": [
      1.48197663,
      1.41807783,
      -0.819436133
    ]
  },
  {
    "timeStamp": 1787,
    "rotation": [
      [
        0.99603045,
        0.0331593528,
        -0.0826065
      ],
      [
        -0.08818067,
        0.240931809,
        -0.9665278
      ],
      [
        -0.0121468995,
        0.9699754,
        0.242899418
      ]
    ],
    "translation": [
      1.49153686,
      1.42007613,
      -0.8196554
    ]
  },
  {
    "timeStamp": 1843,
    "rotation": [
      [
        0.9968746,
        0.0200164672,
        -0.07642307
      ],
      [
        -0.07900081,
        0.254179984,
        -0.963925
      ],
      [
        0.000130839529,
        0.966949761,
        0.254966885
      ]
    ],
    "translation": [
      1.49949837,
      1.42389071,
      -0.816715
    ]
  },
  {
    "timeStamp": 1887,
    "rotation": [
      [
        0.997528732,
        0.00772334,
        -0.06983417
      ],
      [
        -0.0692744553,
        0.274006039,
        -0.959229767
      ],
      [
        0.0117265256,
        0.961697,
        0.273863941
      ]
    ],
    "translation": [
      1.5090245,
      1.429439,
      -0.8139509
    ]
  },
  {
    "timeStamp": 1943,
    "rotation": [
      [
        0.9976763,
        0.008312522,
        -0.0676228255
      ],
      [
        -0.0670915544,
        0.2926433,
        -0.9538651
      ],
      [
        0.0118603334,
        0.9561855,
        0.292521
      ]
    ],
    "translation": [
      1.51520991,
      1.43372893,
      -0.812496543
    ]
  },
  {
    "timeStamp": 1987,
    "rotation": [
      [
        0.997073233,
        0.00705217943,
        -0.07612722
      ],
      [
        -0.0744578,
        0.315577984,
        -0.9459739
      ],
      [
        0.0173529,
        0.94887346,
        0.315179437
      ]
    ],
    "translation": [
      1.52176476,
      1.43887961,
      -0.8102219
    ]
  },
  {
    "timeStamp": 2043,
    "rotation": [
      [
        0.996506751,
        0.0050528245,
        -0.08335938
      ],
      [
        -0.0801681951,
        0.337516546,
        -0.9378996
      ],
      [
        0.02339613,
        0.941306055,
        0.33674258
      ]
    ],
    "translation": [
      1.52699172,
      1.442359,
      -0.807957768
    ]
  },
  {
    "timeStamp": 2087,
    "rotation": [
      [
        0.9971498,
        0.00272394926,
        -0.07539785
      ],
      [
        -0.07128774,
        0.361245245,
        -0.929741859
      ],
      [
        0.0247045476,
        0.932466865,
        0.360409826
      ]
    ],
    "translation": [
      1.5335772,
      1.44640112,
      -0.8053566
    ]
  },
  {
    "timeStamp": 2142,
    "rotation": [
      [
        0.9972992,
        0.009678643,
        -0.0728061348
      ],
      [
        -0.0709239841,
        0.3844767,
        -0.920406163
      ],
      [
        0.0190839712,
        0.923084,
        0.3841247
      ]
    ],
    "translation": [
      1.53906691,
      1.44980991,
      -0.8040975
    ]
  },
  {
    "timeStamp": 2187,
    "rotation": [
      [
        0.996904254,
        0.02078333,
        -0.07582851
      ],
      [
        -0.07790011,
        0.3917555,
        -0.91676563
      ],
      [
        0.01065279,
        0.9198346,
        0.392161727
      ]
    ],
    "translation": [
      1.54237723,
      1.45151162,
      -0.80393815
    ]
  },
  {
    "timeStamp": 2243,
    "rotation": [
      [
        0.9959266,
        0.0302737951,
        -0.08493335
      ],
      [
        -0.09002075,
        0.387556225,
        -0.9174402
      ],
      [
        0.00514204474,
        0.92134887,
        0.3887028
      ]
    ],
    "translation": [
      1.54570746,
      1.45151961,
      -0.803295553
    ]
  },
  {
    "timeStamp": 2287,
    "rotation": [
      [
        0.9956905,
        0.0413987152,
        -0.08298435
      ],
      [
        -0.09248419,
        0.3771677,
        -0.9215157
      ],
      [
        -0.00685054949,
        0.925219238,
        0.379371047
      ]
    ],
    "translation": [
      1.55091357,
      1.44980228,
      -0.8027666
    ]
  },
  {
    "timeStamp": 2343,
    "rotation": [
      [
        0.9970486,
        0.0392024629,
        -0.0660085
      ],
      [
        -0.0758163,
        0.367538929,
        -0.9269126
      ],
      [
        -0.0120765576,
        0.929181457,
        0.3694264
      ]
    ],
    "translation": [
      1.55583084,
      1.44719779,
      -0.801712453
    ]
  },
  {
    "timeStamp": 2387,
    "rotation": [
      [
        0.997922,
        0.0405611657,
        -0.0500652157
      ],
      [
        -0.061255984,
        0.356200725,
        -0.932399452
      ],
      [
        -0.01998594,
        0.9335287,
        0.357945144
      ]
    ],
    "translation": [
      1.56188965,
      1.44356108,
      -0.799505
    ]
  },
  {
    "timeStamp": 2442,
    "rotation": [
      [
        0.998479247,
        0.0477857031,
        -0.02748914
      ],
      [
        -0.0424960144,
        0.349532455,
        -0.93596
      ],
      [
        -0.0351171568,
        0.9357048,
        0.3510316
      ]
    ],
    "translation": [
      1.568902,
      1.43906021,
      -0.79568994
    ]
  },
  {
    "timeStamp": 2486,
    "rotation": [
      [
        0.998817265,
        0.0443291143,
        -0.0199757144
      ],
      [
        -0.0337528922,
        0.336433053,
        -0.9411023
      ],
      [
        -0.0349977426,
        0.9406635,
        0.337531358
      ]
    ],
    "translation": [
      1.574589,
      1.43432879,
      -0.793289
    ]
  },
  {
    "timeStamp": 2543,
    "rotation": [
      [
        0.9991974,
        0.0339545533,
        -0.0212518256
      ],
      [
        -0.0309877116,
        0.31902194,
        -0.9472406
      ],
      [
        -0.0253833327,
        0.9471389,
        0.319818079
      ]
    ],
    "translation": [
      1.57993162,
      1.4289608,
      -0.79094404
    ]
  },
  {
    "timeStamp": 2587,
    "rotation": [
      [
        0.999411166,
        0.0111516826,
        -0.0324504226
      ],
      [
        -0.0342937671,
        0.2928667,
        -0.9555381
      ],
      [
        -0.0011522111,
        0.9560883,
        0.2930767
      ]
    ],
    "translation": [
      1.58511353,
      1.42139459,
      -0.788253248
    ]
  },
  {
    "timeStamp": 2642,
    "rotation": [
      [
        0.998007655,
        -0.0209637433,
        -0.05950872
      ],
      [
        -0.0516323149,
        0.2707027,
        -0.961277366
      ],
      [
        0.03626114,
        0.9624347,
        0.269080937
      ]
    ],
    "translation": [
      1.58745611,
      1.41397977,
      -0.7847796
    ]
  },
  {
    "timeStamp": 2687,
    "rotation": [
      [
        0.995756149,
        -0.04424041,
        -0.08070034
      ],
      [
        -0.06669372,
        0.2573546,
        -0.964012742
      ],
      [
        0.06341693,
        0.965303838,
        0.253311843
      ]
    ],
    "translation": [
      1.58775115,
      1.40792251,
      -0.781835556
    ]
  },
  {
    "timeStamp": 2742,
    "rotation": [
      [
        0.9936318,
        -0.0648440048,
        -0.09214722
      ],
      [
        -0.07406815,
        0.240390331,
        -0.9678463
      ],
      [
        0.0849103257,
        0.968507946,
        0.234056592
      ]
    ],
    "translation": [
      1.58648038,
      1.40057254,
      -0.7781423
    ]
  },
  {
    "timeStamp": 2786,
    "rotation": [
      [
        0.992886662,
        -0.07870253,
        -0.08934157
      ],
      [
        -0.0690172,
        0.230996937,
        -0.9705035
      ],
      [
        0.0970187038,
        0.9697661,
        0.223921955
      ]
    ],
    "translation": [
      1.58436251,
      1.394072,
      -0.775427461
    ]
  },
  {
    "timeStamp": 2843,
    "rotation": [
      [
        0.9933354,
        -0.08598527,
        -0.07675461
      ],
      [
        -0.0556223169,
        0.225638583,
        -0.9726219
      ],
      [
        0.100949958,
        0.970409036,
        0.219352111
      ]
    ],
    "translation": [
      1.58132672,
      1.38683569,
      -0.773681641
    ]
  },
  {
    "timeStamp": 2887,
    "rotation": [
      [
        0.995564163,
        -0.0788253,
        -0.05136682
      ],
      [
        -0.0331677534,
        0.216868818,
        -0.975637138
      ],
      [
        0.0880447552,
        0.973013043,
        0.21329236
      ]
    ],
    "translation": [
      1.57684588,
      1.37830472,
      -0.773654342
    ]
  },
  {
    "timeStamp": 2944,
    "rotation": [
      [
        0.99796015,
        -0.06172126,
        -0.0163109638
      ],
      [
        -0.00300110737,
        0.209857821,
        -0.9777273
      ],
      [
        0.06376955,
        0.975781858,
        0.2092445
      ]
    ],
    "translation": [
      1.57221031,
      1.37308955,
      -0.776686549
    ]
  },
  {
    "timeStamp": 2986,
    "rotation": [
      [
        0.9985043,
        -0.045089826,
        0.0309206881
      ],
      [
        0.039635662,
        0.207432047,
        -0.977446139
      ],
      [
        0.0376589336,
        0.977209747,
        0.20890896
      ]
    ],
    "translation": [
      1.565064,
      1.36797762,
      -0.7816898
    ]
  },
  {
    "timeStamp": 3041,
    "rotation": [
      [
        0.996889,
        -0.0301962867,
        0.07280451
      ],
      [
        0.07761152,
        0.215059325,
        -0.9735122
      ],
      [
        0.0137391677,
        0.976134,
        0.216733858
      ]
    ],
    "translation": [
      1.55611336,
      1.36391318,
      -0.7872719
    ]
  },
  {
    "timeStamp": 3085,
    "rotation": [
      [
        0.994885147,
        -0.0153838182,
        0.0998339951
      ],
      [
        0.100740932,
        0.223509461,
        -0.9694817
      ],
      [
        -0.00739951432,
        0.974580348,
        0.223916024
      ]
    ],
    "translation": [
      1.54805183,
      1.35975778,
      -0.792449
    ]
  },
  {
    "timeStamp": 3141,
    "rotation": [
      [
        0.992628753,
        -0.003776948,
        0.1211361
      ],
      [
        0.118782856,
        0.228739917,
        -0.9662136
      ],
      [
        -0.02405932,
        0.9734803,
        0.22750245
      ]
    ],
    "translation": [
      1.53809547,
      1.35327744,
      -0.800205469
    ]
  },
  {
    "timeStamp": 3185,
    "rotation": [
      [
        0.99198395,
        0.000158967159,
        0.1263641
      ],
      [
        0.122783884,
        0.235142484,
        -0.96417433
      ],
      [
        -0.029866837,
        0.9719609,
        0.233238041
      ]
    ],
    "translation": [
      1.53181493,
      1.34779978,
      -0.805166543
    ]
  },
  {
    "timeStamp": 3241,
    "rotation": [
      [
        0.991211832,
        0.0189719442,
        0.130916923
      ],
      [
        0.121917583,
        0.253036469,
        -0.959744036
      ],
      [
        -0.05133498,
        0.967270732,
        0.248499721
      ]
    ],
    "translation": [
      1.52702689,
      1.33979654,
      -0.8104459
    ]
  },
  {
    "timeStamp": 3285,
    "rotation": [
      [
        0.9897724,
        0.0409076139,
        0.1366646
      ],
      [
        0.121260874,
        0.263362855,
        -0.9570453
      ],
      [
        -0.0751428455,
        0.9638291,
        0.2557088
      ]
    ],
    "translation": [
      1.52574158,
      1.33283079,
      -0.8144155
    ]
  },
  {
    "timeStamp": 3341,
    "rotation": [
      [
        0.988130867,
        0.0573416166,
        0.142510757
      ],
      [
        0.120631047,
        0.284727931,
        -0.950988
      ],
      [
        -0.09510798,
        0.956891835,
        0.2744313
      ]
    ],
    "translation": [
      1.52744663,
      1.32243025,
      -0.8170178
    ]
  },
  {
    "timeStamp": 3386,
    "rotation": [
      [
        0.98776,
        0.0628608838,
        0.142753631
      ],
      [
        0.11722213,
        0.304614753,
        -0.9452348
      ],
      [
        -0.102903172,
        0.950399,
        0.293517619
      ]
    ],
    "translation": [
      1.53149629,
      1.31141376,
      -0.817850351
    ]
  },
  {
    "timeStamp": 3442,
    "rotation": [
      [
        0.98801285,
        0.07016103,
        0.137506321
      ],
      [
        0.106747255,
        0.3329461,
        -0.936884165
      ],
      [
        -0.111514948,
        0.940332055,
        0.321465522
      ]
    ],
    "translation": [
      1.53961492,
      1.29276538,
      -0.8179401
    ]
  },
  {
    "timeStamp": 3486,
    "rotation": [
      [
        0.9882995,
        0.0814446658,
        0.12896052
      ],
      [
        0.0921890959,
        0.354616731,
        -0.930455863
      ],
      [
        -0.121512242,
        0.9314578,
        0.342959225
      ]
    ],
    "translation": [
      1.54811025,
      1.27407026,
      -0.818284
    ]
  },
  {
    "timeStamp": 3542,
    "rotation": [
      [
        0.988053262,
        0.104294322,
        0.113460988
      ],
      [
        0.0669388548,
        0.37271598,
        -0.92552793
      ],
      [
        -0.138816044,
        0.922065854,
        0.3612819
      ]
    ],
    "translation": [
      1.55974209,
      1.24959445,
      -0.8200607
    ]
  },
  {
    "timeStamp": 3586,
    "rotation": [
      [
        0.9872429,
        0.121823594,
        0.102521062
      ],
      [
        0.0493726581,
        0.377922982,
        -0.924519658
      ],
      [
        -0.151373371,
        0.9177872,
        0.367086977
      ]
    ],
    "translation": [
      1.56942916,
      1.23192525,
      -0.822870433
    ]
  },
  {
    "timeStamp": 3642,
    "rotation": [
      [
        0.984047651,
        0.150347322,
        0.09510986
      ],
      [
        0.0318357423,
        0.377164632,
        -0.9255989
      ],
      [
        -0.175033391,
        0.913861334,
        0.366361558
      ]
    ],
    "translation": [
      1.58064747,
      1.21395421,
      -0.8261833
    ]
  },
  {
    "timeStamp": 3686,
    "rotation": [
      [
        0.980101764,
        0.176321179,
        0.09116646
      ],
      [
        0.0185358822,
        0.375980854,
        -0.926442
      ],
      [
        -0.1976282,
        0.909697354,
        0.365231216
      ]
    ],
    "translation": [
      1.58802748,
      1.20324421,
      -0.8282836
    ]
  },
  {
    "timeStamp": 3742,
    "rotation": [
      [
        0.977407455,
        0.194493622,
        0.08274608
      ],
      [
        0.00397257367,
        0.374513179,
        -0.9272131
      ],
      [
        -0.21132654,
        0.9065937,
        0.365279317
      ]
    ],
    "translation": [
      1.595284,
      1.19444621,
      -0.8299512
    ]
  },
  {
    "timeStamp": 3786,
    "rotation": [
      [
        0.97572875,
        0.20632562,
        0.07337055
      ],
      [
        -0.009127184,
        0.373078048,
        -0.927755058
      ],
      [
        -0.218792588,
        0.9045676,
        0.365906119
      ]
    ],
    "translation": [
      1.59984708,
      1.19081771,
      -0.831092536
    ]
  },
  {
    "timeStamp": 3842,
    "rotation": [
      [
        0.97278136,
        0.221805334,
        0.06707356
      ],
      [
        -0.0224165469,
        0.37817198,
        -0.9254639
      ],
      [
        -0.230638176,
        0.8987705,
        0.372850746
      ]
    ],
    "translation": [
      1.60377455,
      1.19010472,
      -0.8307207
    ]
  },
  {
    "timeStamp": 3887,
    "rotation": [
      [
        0.9718189,
        0.226663053,
        0.0647444054
      ],
      [
        -0.0280081518,
        0.3837373,
        -0.923017442
      ],
      [
        -0.234058812,
        0.895192444,
        0.379271567
      ]
    ],
    "translation": [
      1.60563588,
      1.19234836,
      -0.8298169
    ]
  },
  {
    "timeStamp": 3942,
    "rotation": [
      [
        0.9713136,
        0.228130326,
        0.06713015
      ],
      [
        -0.0255137011,
        0.380637884,
        -0.924372137
      ],
      [
        -0.2364296,
        0.8961425,
        0.375539184
      ]
    ],
    "translation": [
      1.6059494,
      1.1984539,
      -0.8291012
    ]
  },
  {
    "timeStamp": 3988,
    "rotation": [
      [
        0.9709947,
        0.22654891,
        0.0764518455
      ],
      [
        -0.016776165,
        0.3835109,
        -0.923383951
      ],
      [
        -0.238511741,
        0.8953183,
        0.376187652
      ]
    ],
    "translation": [
      1.60481477,
      1.20652676,
      -0.8274761
    ]
  },
  {
    "timeStamp": 4042,
    "rotation": [
      [
        0.971767366,
        0.217544734,
        0.09133671
      ],
      [
        -0.00112926,
        0.3914009,
        -0.920219541
      ],
      [
        -0.235938191,
        0.8941362,
        0.3805963
      ]
    ],
    "translation": [
      1.60137177,
      1.22035611,
      -0.824441731
    ]
  },
  {
    "timeStamp": 4086,
    "rotation": [
      [
        0.9729235,
        0.2077384,
        0.101313934
      ],
      [
        0.010312262,
        0.398894221,
        -0.916938961
      ],
      [
        -0.23089698,
        0.89315623,
        0.38595134
      ]
    ],
    "translation": [
      1.59637809,
      1.23362041,
      -0.821819365
    ]
  },
  {
    "timeStamp": 4144,
    "rotation": [
      [
        0.9743186,
        0.198431924,
        0.106432922
      ],
      [
        0.018481588,
        0.4006035,
        -0.9160651
      ],
      [
        -0.224413961,
        0.894506335,
        0.386648148
      ]
    ],
    "translation": [
      1.58867812,
      1.24828792,
      -0.8198875
    ]
  },
  {
    "timeStamp": 4186,
    "rotation": [
      [
        0.97560215,
        0.18781127,
        0.113698363
      ],
      [
        0.0294395126,
        0.401291221,
        -0.9154773
      ],
      [
        -0.217563108,
        0.896488845,
        0.385971516
      ]
    ],
    "translation": [
      1.57676268,
      1.26708865,
      -0.8174559
    ]
  },
  {
    "timeStamp": 4242,
    "rotation": [
      [
        0.9767422,
        0.173655421,
        0.125771418
      ],
      [
        0.0448809452,
        0.4079986,
        -0.911878765
      ],
      [
        -0.209667251,
        0.8963152,
        0.3907156
      ]
    ],
    "translation": [
      1.56367218,
      1.28628027,
      -0.815331757
    ]
  },
  {
    "timeStamp": 4286,
    "rotation": [
      [
        0.9770126,
        0.164199546,
        0.135959238
      ],
      [
        0.058587525,
        0.406392068,
        -0.9118185
      ],
      [
        -0.204972938,
        0.8988236,
        0.3874301
      ]
    ],
    "translation": [
      1.55174255,
      1.30105317,
      -0.8154847
    ]
  },
  {
    "timeStamp": 4342,
    "rotation": [
      [
        0.9750041,
        0.1590604,
        0.155135214
      ],
      [
        0.07610131,
        0.416917622,
        -0.9057529
      ],
      [
        -0.208748013,
        0.89491874,
        0.394391656
      ]
    ],
    "translation": [
      1.536422,
      1.31897449,
      -0.8156721
    ]
  },
  {
    "timeStamp": 4386,
    "rotation": [
      [
        0.9723739,
        0.156093612,
        0.173562139
      ],
      [
        0.09261838,
        0.424509376,
        -0.900674
      ],
      [
        -0.214268208,
        0.8918669,
        0.3983247
      ]
    ],
    "translation": [
      1.5243752,
      1.33217156,
      -0.8169458
    ]
  },
  {
    "timeStamp": 4441,
    "rotation": [
      [
        0.9674278,
        0.153204679,
        0.201523557
      ],
      [
        0.117945544,
        0.4315993,
        -0.894321442
      ],
      [
        -0.223991677,
        0.888960242,
        0.399471343
      ]
    ],
    "translation": [
      1.51031554,
      1.346815,
      -0.819973648
    ]
  },
  {
    "timeStamp": 4486,
    "rotation": [
      [
        0.96328485,
        0.148212373,
        0.223864645
      ],
      [
        0.138284445,
        0.440814853,
        -0.886882
      ],
      [
        -0.230129749,
        0.885277033,
        0.4041348
      ]
    ],
    "translation": [
      1.500462,
      1.35691941,
      -0.8221236
    ]
  },
  {
    "timeStamp": 4541,
    "rotation": [
      [
        0.9585386,
        0.1402542,
        0.248057425
      ],
      [
        0.160076231,
        0.4551479,
        -0.8759087
      ],
      [
        -0.235752672,
        0.879300356,
        0.413825482
      ]
    ],
    "translation": [
      1.49100733,
      1.36743569,
      -0.824722648
    ]
  },
  {
    "timeStamp": 4586,
    "rotation": [
      [
        0.953761637,
        0.138380855,
        0.2668133
      ],
      [
        0.175123215,
        0.4656121,
        -0.86748904
      ],
      [
        -0.244275376,
        0.874103,
        0.4198493
      ]
    ],
    "translation": [
      1.48603463,
      1.37470913,
      -0.827011764
    ]
  },
  {
    "timeStamp": 4644,
    "rotation": [
      [
        0.94492507,
        0.140995532,
        0.295358837
      ],
      [
        0.195481166,
        0.480656266,
        -0.854843
      ],
      [
        -0.26249516,
        0.8654997,
        0.426622182
      ]
    ],
    "translation": [
      1.48480463,
      1.38203788,
      -0.8294839
    ]
  },
  {
    "timeStamp": 4686,
    "rotation": [
      [
        0.922763467,
        0.15169479,
        0.354254484
      ],
      [
        0.237317875,
        0.500586748,
        -0.8325221
      ],
      [
        -0.3036244,
        0.852291942,
        0.425923347
      ]
    ],
    "translation": [
      1.488797,
      1.39198434,
      -0.832351148
    ]
  },
  {
    "timeStamp": 4741,
    "rotation": [
      [
        0.8876825,
        0.168070823,
        0.42868638
      ],
      [
        0.2903117,
        0.518359065,
        -0.804377437
      ],
      [
        -0.3574058,
        0.838484466,
        0.411345333
      ]
    ],
    "translation": [
      1.49988508,
      1.40246916,
      -0.83645165
    ]
  },
  {
    "timeStamp": 4785,
    "rotation": [
      [
        0.85443753,
        0.188131258,
        0.4842965
      ],
      [
        0.32676518,
        0.5301117,
        -0.782436
      ],
      [
        -0.403931916,
        0.826793969,
        0.391472548
      ]
    ],
    "translation": [
      1.5119499,
      1.41097093,
      -0.840833366
    ]
  },
  {
    "timeStamp": 4841,
    "rotation": [
      [
        0.818280637,
        0.209055215,
        0.5354556
      ],
      [
        0.354789943,
        0.5492268,
        -0.7566201
      ],
      [
        -0.452261955,
        0.8091019,
        0.375251
      ]
    ],
    "translation": [
      1.52999234,
      1.4213109,
      -0.845615745
    ]
  },
  {
    "timeStamp": 4886,
    "rotation": [
      [
        0.7998272,
        0.216852129,
        0.5596889
      ],
      [
        0.363486,
        0.5670471,
        -0.73914516
      ],
      [
        -0.477655143,
        0.7946275,
        0.374717
      ]
    ],
    "translation": [
      1.54695022,
      1.42867661,
      -0.8479547
    ]
  },
  {
    "timeStamp": 4941,
    "rotation": [
      [
        0.789279044,
        0.219343,
        0.573521852
      ],
      [
        0.362568051,
        0.587334,
        -0.7235905
      ],
      [
        -0.4955634,
        0.7790555,
        0.384043634
      ]
    ],
    "translation": [
      1.57213128,
      1.43597341,
      -0.8487981
    ]
  },
  {
    "timeStamp": 4986,
    "rotation": [
      [
        0.7854877,
        0.229409024,
        0.5747873
      ],
      [
        0.351386964,
        0.5992142,
        -0.719353557
      ],
      [
        -0.5094469,
        0.7670162,
        0.390064031
      ]
    ],
    "translation": [
      1.59529448,
      1.43995833,
      -0.8482178
    ]
  },
  {
    "timeStamp": 5041,
    "rotation": [
      [
        0.787927866,
        0.241068691,
        0.5666176
      ],
      [
        0.3332661,
        0.606813,
        -0.7216035
      ],
      [
        -0.517787,
        0.757406,
        0.397784829
      ]
    ],
    "translation": [
      1.62871122,
      1.44398022,
      -0.8451371
    ]
  },
  {
    "timeStamp": 5085,
    "rotation": [
      [
        0.79419,
        0.250671178,
        0.5535579
      ],
      [
        0.314528167,
        0.609861,
        -0.727421165
      ],
      [
        -0.51993686,
        0.751820147,
        0.405502349
      ]
    ],
    "translation": [
      1.65929985,
      1.44686723,
      -0.8408718
    ]
  },
  {
    "timeStamp": 5141,
    "rotation": [
      [
        0.8062666,
        0.262685627,
        0.5300287
      ],
      [
        0.283495367,
        0.6148185,
        -0.735954165
      ],
      [
        -0.5191961,
        0.743635952,
        0.4212375
      ]
    ],
    "translation": [
      1.70100665,
      1.44984293,
      -0.8323561
    ]
  },
  {
    "timeStamp": 5185,
    "rotation": [
      [
        0.8222251,
        0.269237339,
        0.501455
      ],
      [
        0.25707227,
        0.61037755,
        -0.749235034
      ],
      [
        -0.5077989,
        0.744950056,
        0.4326543
      ]
    ],
    "translation": [
      1.73576951,
      1.451143,
      -0.8247506
    ]
  },
  {
    "timeStamp": 5236,
    "rotation": [
      [
        0.838626742,
        0.275769681,
        0.469740629
      ],
      [
        0.231253162,
        0.600547552,
        -0.765417933
      ],
      [
        -0.493180662,
        0.750528932,
        0.439862639
      ]
    ],
    "translation": [
      1.769586,
      1.45142126,
      -0.81829685
    ]
  },
  {
    "timeStamp": 5291,
    "rotation": [
      [
        0.8570147,
        0.281880021,
        0.431357652
      ],
      [
        0.203075364,
        0.584606469,
        -0.785490751
      ],
      [
        -0.473588616,
        0.760775268,
        0.443773448
      ]
    ],
    "translation": [
      1.81522894,
      1.45421767,
      -0.8099646
    ]
  },
  {
    "timeStamp": 5336,
    "rotation": [
      [
        0.8614823,
        0.282406569,
        0.422012776
      ],
      [
        0.194589153,
        0.5840364,
        -0.7880587
      ],
      [
        -0.469023764,
        0.76101774,
        0.4481838
      ]
    ],
    "translation": [
      1.83889341,
      1.45821977,
      -0.8058909
    ]
  },
  {
    "timeStamp": 5391,
    "rotation": [
      [
        0.866341531,
