[
  {
    "timeStamp": 15594,
    "rotation": [
      [
        0.9999555,
        0.007669386,
        0.0055030603
      ],
      [
        -0.0061460305,
        0.0865035057,
        0.996232569
      ],
      [
        0.00716445548,
        -0.996222,
        0.08654678
      ]
    ],
    "translation": [
      1.30835211,
      0.702725351,
      -0.494922519
    ]
  },
  {
    "timeStamp": 15652,
    "rotation": [
      [
        0.999937236,
        -0.00483189,
        0.0101075852
      ],
      [
        -0.009953138,
        0.0309852529,
        0.9994703
      ],
      [
        -0.00514251133,
        -0.9995082,
        0.0309352167
      ]
    ],
    "translation": [
      1.30681229,
      0.7065772,
      -0.492881536
    ]
  },
  {
    "timeStamp": 15694,
    "rotation": [
      [
        0.996749043,
        -0.0275956113,
        0.0756953
      ],
      [
        -0.07584214,
        -0.00431239046,
        0.9971105
      ],
      [
        -0.0271894429,
        -0.9996099,
        -0.00639128126
      ]
    ],
    "translation": [
      1.30231464,
      0.7242404,
      -0.491644919
    ]
  },
  {
    "timeStamp": 15739,
    "rotation": [
      [
        0.9874429,
        -0.0443033539,
        0.151636437
      ],
      [
        -0.151579037,
        0.00467139529,
        0.9884341
      ],
      [
        -0.0444993,
        -0.999007165,
        -0.00210272428
      ]
    ],
    "translation": [
      1.29741621,
      0.759016633,
      -0.5022168
    ]
  },
  {
    "timeStamp": 15794,
    "rotation": [
      [
        0.9543088,
        -0.0848801956,
        0.286513478
      ],
      [
        -0.278677553,
        0.0932810158,
        0.955843866
      ],
      [
        -0.107858479,
        -0.992015064,
        0.0653646961
      ]
    ],
    "translation": [
      1.30208969,
      0.81826514,
      -0.5307356
    ]
  },
  {
    "timeStamp": 15850,
    "rotation": [
      [
        0.9278812,
        -0.06653802,
        0.3668913
      ],
      [
        -0.3513702,
        0.173302248,
        0.920057237
      ],
      [
        -0.124801867,
        -0.982618451,
        0.137424424
      ]
    ],
    "translation": [
      1.32341707,
      0.867287934,
      -0.5817781
    ]
  },
  {
    "timeStamp": 15894,
    "rotation": [
      [
        0.9116869,
        -0.0567435548,
        0.406948626
      ],
      [
        -0.388767481,
        0.20144327,
        0.8990442
      ],
      [
        -0.132992014,
        -0.9778552,
        0.161593139
      ]
    ],
    "translation": [
      1.351427,
      0.8958404,
      -0.623399
    ]
  },
  {
    "timeStamp": 15950,
    "rotation": [
      [
        0.894875169,
        -0.07340471,
        0.440238744
      ],
      [
        -0.4088978,
        0.2605134,
        0.874605834
      ],
      [
        -0.178888291,
        -0.9626757,
        0.203111961
      ]
    ],
    "translation": [
      1.39064693,
      0.9186363,
      -0.67482096
    ]
  },
  {
    "timeStamp": 15994,
    "rotation": [
      [
        0.878228366,
        -0.115870841,
        0.463992417
      ],
      [
        -0.405391,
        0.334348351,
        0.8508051
      ],
      [
        -0.253718585,
        -0.9352995,
        0.246661216
      ]
    ],
    "translation": [
      1.42651093,
      0.928409159,
      -0.710361838
    ]
  },
  {
    "timeStamp": 16050,
    "rotation": [
      [
        0.8620253,
        -0.186814591,
        0.4711822
      ],
      [
        -0.3745923,
        0.3914353,
        0.840511143
      ],
      [
        -0.3414571,
        -0.9010431,
        0.267447829
      ]
    ],
    "translation": [
      1.47456741,
      0.9294373,
      -0.748359144
    ]
  },
  {
    "timeStamp": 16094,
    "rotation": [
      [
        0.832956433,
        -0.263891667,
        0.4863587
      ],
      [
        -0.347863972,
        0.433809042,
        0.831144035
      ],
      [
        -0.430318743,
        -0.8614934,
        0.2695456
      ]
    ],
    "translation": [
      1.51471186,
      0.928997457,
      -0.768428862
    ]
  },
  {
    "timeStamp": 16139,
    "rotation": [
      [
        0.79641515,
        -0.351135135,
        0.4923688
      ],
      [
        -0.323767275,
        0.440091461,
        0.837552547
      ],
      [
        -0.5107814,
        -0.826452434,
        0.236809433
      ]
    ],
    "translation": [
      1.55637491,
      0.9284806,
      -0.778705955
    ]
  },
  {
    "timeStamp": 16194,
    "rotation": [
      [
        0.703055,
        -0.471747965,
        0.5321348
      ],
      [
        -0.31024313,
        0.469855875,
        0.826428831
      ],
      [
        -0.6398928,
        -0.7461161,
        0.183977962
      ]
    ],
    "translation": [
      1.61113727,
      0.9377068,
      -0.777198553
    ]
  },
  {
    "timeStamp": 16248,
    "rotation": [
      [
        0.578904569,
        -0.594489,
        0.5580791
      ],
      [
        -0.327561855,
        0.4572189,
        0.8268338
      ],
      [
        -0.7467079,
        -0.661463261,
        0.06995418
      ]
    ],
    "translation": [
      1.6717484,
      0.9536202,
      -0.7597943
    ]
  },
  {
    "timeStamp": 16292,
    "rotation": [
      [
        0.447935015,
        -0.685383558,
        0.574111164
      ],
      [
        -0.363705367,
        0.4469136,
        0.8173045
      ],
      [
        -0.8167451,
        -0.5749066,
        -0.049089428
      ]
    ],
    "translation": [
      1.72508812,
      0.9736507,
      -0.7356937
    ]
  },
  {
    "timeStamp": 16348,
    "rotation": [
      [
        0.272113174,
        -0.7904751,
        0.5487291
      ],
      [
        -0.4300989,
        0.410203755,
        0.8042063
      ],
      [
        -0.8607958,
        -0.454842925,
        -0.228360608
      ]
    ],
    "translation": [
      1.80275488,
      1.00573564,
      -0.7048052
    ]
  },
  {
    "timeStamp": 16392,
    "rotation": [
      [
        0.135924146,
        -0.8560636,
        0.498677939
      ],
      [
        -0.4956621,
        0.377063841,
        0.782394946
      ],
      [
        -0.8578133,
        -0.353522182,
        -0.373066217
      ]
    ],
    "translation": [
      1.86979449,
      1.03562462,
      -0.6842541
    ]
  },
  {
    "timeStamp": 16448,
    "rotation": [
      [
        -0.00226704427,
        -0.9256018,
        0.378492057
      ],
      [
        -0.5547732,
        0.3160706,
        0.7696272
      ],
      [
        -0.8319985,
        -0.208232492,
        -0.5142156
      ]
    ],
    "translation": [
      1.95616174,
      1.06252253,
      -0.666599
    ]
  },
  {
    "timeStamp": 16492,
    "rotation": [
      [
        -0.07847423,
        -0.9588329,
        0.272912264
      ],
      [
        -0.5666831,
        0.2681305,
        0.7790868
      ],
      [
        -0.8201902,
        -0.09351652,
        -0.5643958
      ]
    ],
    "translation": [
      2.02033949,
      1.06950617,
      -0.6606678
    ]
  },
  {
    "timeStamp": 16548,
    "rotation": [
      [
        -0.118173093,
        -0.9815294,
        0.150449857
      ],
      [
        -0.476101547,
        0.188966215,
        0.858847558
      ],
      [
        -0.871414065,
        0.0298632681,
        -0.489638358
      ]
    ],
    "translation": [
      2.08367229,
      1.040175,
      -0.6617134
    ]
  },
  {
    "timeStamp": 16591,
    "rotation": [
      [
        -0.122306086,
        -0.9888426,
        0.0850382745
      ],
      [
        -0.3968722,
        0.127260327,
        0.9090089
      ],
      [
        -0.9096887,
        0.07742799,
        -0.408008844
      ]
    ],
    "translation": [
      2.11315966,
      1.01087224,
      -0.6683412
    ]
  },
  {
    "timeStamp": 16644,
    "rotation": [
      [
        -0.1248545,
        -0.9921135,
        0.0110529158
      ],
      [
        -0.310007423,
        0.049591,
        0.9494399
      ],
      [
        -0.942500234,
        0.115115352,
        -0.3137542
      ]
    ],
    "translation": [
      2.146363,
      0.973527551,
      -0.6775018
    ]
  },
  {
    "timeStamp": 16700,
    "rotation": [
      [
        -0.119886853,
        -0.992773235,
        -0.00533326762
      ],
      [
        -0.256042063,
        0.0257283486,
        0.9663232
      ],
      [
        -0.9592026,
        0.117214993,
        -0.257276177
      ]
    ],
    "translation": [
      2.15688181,
      0.944006264,
      -0.688733
    ]
  },
  {
    "timeStamp": 16744,
    "rotation": [
      [
        -0.12850906,
        -0.9917035,
        -0.00310190022
      ],
      [
        -0.244751066,
        0.0286844689,
        0.96916157
      ],
      [
        -0.961032,
        0.125305235,
        -0.2464067
      ]
    ],
    "translation": [
      2.16106844,
      0.9267739,
      -0.692897
    ]
  },
  {
    "timeStamp": 16800,
    "rotation": [
      [
        -0.112971626,
        -0.9935478,
        0.0100108013
      ],
      [
        -0.188774079,
        0.03135422,
        0.9815199
      ],
      [
        -0.9755008,
        0.108994119,
        -0.191098213
      ]
    ],
    "translation": [
      2.16024113,
      0.9006566,
      -0.702673137
    ]
  },
  {
    "timeStamp": 16844,
    "rotation": [
      [
        -0.103450507,
        -0.9937255,
        0.0425168239
      ],
      [
        -0.15492253,
        0.0583230034,
        0.986203551
      ],
      [
        -0.9824953,
        0.09543645,
        -0.159984007
      ]
    ],
    "translation": [
      2.155448,
      0.8841865,
      -0.7076507
    ]
  },
  {
    "timeStamp": 16900,
    "rotation": [
      [
        -0.08692605,
        -0.9945837,
        0.0569834746
      ],
      [
        -0.120767392,
        0.067298606,
        0.990397
      ],
      [
        -0.9888676,
        0.0792095661,
        -0.125963271
      ]
    ],
    "translation": [
      2.15051079,
      0.86721766,
      -0.714598954
    ]
  },
  {
    "timeStamp": 16944,
    "rotation": [
      [
        -0.08866355,
        -0.9945714,
        0.05446581
      ],
      [
        -0.111236878,
        0.06422595,
        0.9917164
      ],
      [
        -0.989830852,
        0.08187049,
        -0.116327517
      ]
    ],
    "translation": [
      2.150102,
      0.8602803,
      -0.717184544
    ]
  },
  {
    "timeStamp": 17000,
    "rotation": [
      [
        -0.069777064,
        -0.997342765,
        0.02094416
      ],
      [
        -0.08879004,
        0.02712128,
        0.995681047
      ],
      [
        -0.9936033,
        0.06761606,
        -0.09044654
      ]
    ],
    "translation": [
      2.151854,
      0.851700544,
      -0.722456455
    ]
  },
  {
    "timeStamp": 17045,
    "rotation": [
      [
        -0.08389799,
        -0.995143,
        0.051492773
      ],
      [
        -0.0780941546,
        0.0580823645,
        0.9952526
      ],
      [
        -0.993409455,
        0.07947841,
        -0.0825878456
      ]
    ],
    "translation": [
      2.14931488,
      0.8487412,
      -0.7241344
    ]
  },
  {
    "timeStamp": 17091,
    "rotation": [
      [
        -0.08490055,
        -0.995574236,
        0.04029758
      ],
      [
        -0.07849894,
        0.04700117,
        0.9958056
      ],
      [
        -0.9932924,
        0.0813811347,
        -0.08214194
      ]
    ],
    "translation": [
      2.15104675,
      0.846833348,
      -0.7256359
    ]
  },
  {
    "timeStamp": 17148,
    "rotation": [
      [
        -0.08916584,
        -0.99550736,
        0.0318513922
      ],
      [
        -0.070963,
        0.038247034,
        0.9967454
      ],
      [
        -0.9934856,
        0.08661537,
        -0.0740545243
      ]
    ],
    "translation": [
      2.1535275,
      0.8429861,
      -0.7281037
    ]
  },
  {
    "timeStamp": 17193,
    "rotation": [
      [
        -0.09094667,
        -0.9953159,
        0.03278656
      ],
      [
        -0.07758024,
        0.03990413,
        0.9961872
      ],
      [
        -0.992829263,
        0.08805631,
        -0.080846
      ]
    ],
    "translation": [
      2.15415239,
      0.84318465,
      -0.7278342
    ]
  },
  {
    "timeStamp": 17249,
    "rotation": [
      [
        -0.07893942,
        -0.996651,
        0.021339871
      ],
      [
        -0.0670806542,
        0.0266688187,
        0.9973911
      ],
      [
        -0.9946199,
        0.077302,
        -0.0689612255
      ]
    ],
    "translation": [
      2.15480042,
      0.8395397,
      -0.7297704
    ]
  },
  {
    "timeStamp": 17294,
    "rotation": [
      [
        -0.07762984,
        -0.9968674,
        0.015129297
      ],
      [
        -0.0605422333,
        0.0198606532,
        0.997968
      ],
      [
        -0.9951423,
        0.07655613,
        -0.06189436
      ]
    ],
    "translation": [
      2.15667462,
      0.835455537,
      -0.7307247
    ]
  },
  {
    "timeStamp": 17349,
    "rotation": [
      [
        -0.07822389,
        -0.9968636,
        0.0119999284
      ],
      [
        -0.0409373343,
        0.0152385468,
        0.9990455
      ],
      [
        -0.996094942,
        0.07765797,
        -0.0420009568
      ]
    ],
    "translation": [
      2.15926552,
      0.8271059,
      -0.734830558
    ]
  },
  {
    "timeStamp": 17393,
    "rotation": [
      [
        -0.0727887452,
        -0.9973316,
        0.005610453
      ],
      [
        -0.03312749,
        0.008039954,
        0.9994188
      ],
      [
        -0.9967971,
        0.07256058,
        -0.0336243138
      ]
    ],
    "translation": [
      2.15936661,
      0.82189244,
      -0.7362773
    ]
  },
  {
    "timeStamp": 17449,
    "rotation": [
      [
        -0.06315176,
        -0.997958839,
        0.009487208
      ],
      [
        -0.0263094939,
        0.0111676175,
        0.99959147
      ],
      [
        -0.9976571,
        0.0628763661,
        -0.0269610472
      ]
    ],
    "translation": [
      2.156368,
      0.816492438,
      -0.7382376
    ]
  },
  {
    "timeStamp": 17493,
    "rotation": [
      [
        -0.0609016158,
        -0.998129,
        0.00541564636
      ],
      [
        -0.0207958445,
        0.006693377,
        0.999761343
      ],
      [
        -0.99792707,
        0.06077446,
        -0.0211645756
      ]
    ],
    "translation": [
      2.15506721,
      0.813418031,
      -0.74008137
    ]
  },
  {
    "timeStamp": 17549,
    "rotation": [
      [
        -0.06309443,
        -0.997934163,
        0.0121055283
      ],
      [
        -0.0236123353,
        0.0136189722,
        0.9996284
      ],
      [
        -0.9977282,
        0.06278515,
        -0.0244228356
      ]
    ],
    "translation": [
      2.15325928,
      0.8113445,
      -0.7407824
    ]
  },
  {
    "timeStamp": 17594,
    "rotation": [
      [
        -0.04959355,
        -0.998748541,
        0.00646343
      ],
      [
        -0.007471639,
        0.0068422053,
        0.9999487
      ],
      [
        -0.9987415,
        0.0495427139,
        -0.00780161843
      ]
    ],
    "translation": [
      2.15019727,
      0.8086163,
      -0.742721438
    ]
  },
  {
    "timeStamp": 17649,
    "rotation": [
      [
        -0.04070038,
        -0.9991616,
        -0.004419445
      ],
      [
        -0.0144960908,
        -0.00383216469,
        0.9998876
      ],
      [
        -0.999066234,
        0.04075987,
        -0.0143279685
      ]
    ],
    "translation": [
      2.14868236,
      0.8079976,
      -0.743536949
    ]
  },
  {
    "timeStamp": 17694,
    "rotation": [
      [
        -0.0352079,
        -0.9993355,
        -0.009426014
      ],
      [
        -0.0153830275,
        -0.008888827,
        0.999842167
      ],
      [
        -0.9992616,
        0.0353473425,
        -0.0150598492
      ]
    ],
    "translation": [
      2.14743614,
      0.8078124,
      -0.7440064
    ]
  },
  {
    "timeStamp": 17749,
    "rotation": [
      [
        -0.0273156073,
        -0.999412835,
        -0.0206836816
      ],
      [
        -0.0185980648,
        -0.0201797225,
        0.999623358
      ],
      [
        -0.999453843,
        0.027690012,
        -0.0180359222
      ]
    ],
    "translation": [
      2.14609361,
      0.80775696,
      -0.74464
    ]
  },
  {
    "timeStamp": 17793,
    "rotation": [
      [
        -0.0188577641,
        -0.9994921,
        -0.0256899241
      ],
      [
        -0.0171883367,
        -0.0253666118,
        0.999530435
      ],
      [
        -0.999674439,
        0.0192904789,
        -0.0167012475
      ]
    ],
    "translation": [
      2.145038,
      0.807541549,
      -0.744936466
    ]
  },
  {
    "timeStamp": 17849,
    "rotation": [
      [
        -0.0145064052,
        -0.9995794,
        -0.02511123
      ],
      [
        -0.0154520776,
        -0.0248867664,
        0.999570847
      ],
      [
        -0.9997754,
        0.0148882018,
        -0.015084561
      ]
    ],
    "translation": [
      2.14431024,
      0.8074844,
      -0.745420635
    ]
  },
  {
    "timeStamp": 17893,
    "rotation": [
      [
        -0.00777802849,
        -0.9996203,
        -0.02643352
      ],
      [
        -0.0161170047,
        -0.0263055675,
        0.999524
      ],
      [
        -0.9998399,
        0.008200373,
        -0.015906278
      ]
    ],
    "translation": [
      2.143348,
      0.807536364,
      -0.7460313
    ]
  },
  {
    "timeStamp": 17949,
    "rotation": [
      [
        -0.00217737071,
        -0.9996948,
        -0.02460837
      ],
      [
        -0.01692845,
        -0.024568053,
        0.9995548
      ],
      [
        -0.9998543,
        0.00259298971,
        -0.016869789
      ]
    ],
    "translation": [
      2.14238071,
      0.807710052,
      -0.745988846
    ]
  },
  {
    "timeStamp": 17993,
    "rotation": [
      [
        0.00140343991,
        -0.9995964,
        -0.0283703953
      ],
      [
        -0.01885095,
        -0.0283918269,
        0.9994191
      ],
      [
        -0.999821246,
        -0.0008678056,
        -0.01888319
      ]
    ],
    "translation": [
      2.14181852,
      0.807680547,
      -0.7463529
    ]
  }
]