[
  {
    "timeStamp": 61473,
    "rotation": [
      [
        0.994768739,
        0.009387715,
        0.101720437
      ],
      [
        -0.101220988,
        -0.0435994864,
        0.993908167
      ],
      [
        0.0137654673,
        -0.99900496,
        -0.04242117
      ]
    ],
    "translation": [
      1.30228579,
      0.7002413,
      -0.3588024
    ]
  },
  {
    "timeStamp": 61529,
    "rotation": [
      [
        0.991140962,
        0.0552154742,
        0.120792277
      ],
      [
        -0.117280334,
        -0.06295422,
        0.991101444
      ],
      [
        0.0623285249,
        -0.9964878,
        -0.0559208132
      ]
    ],
    "translation": [
      1.30012035,
      0.713421464,
      -0.3654125
    ]
  },
  {
    "timeStamp": 61575,
    "rotation": [
      [
        0.9824065,
        0.0883808061,
        0.1645182
      ],
      [
        -0.155194342,
        -0.103680693,
        0.982428133
      ],
      [
        0.103885144,
        -0.990676045,
        -0.08814038
      ]
    ],
    "translation": [
      1.29990458,
      0.738265634,
      -0.3753278
    ]
  },
  {
    "timeStamp": 61629,
    "rotation": [
      [
        0.962169,
        0.106193796,
        0.2509058
      ],
      [
        -0.231988817,
        -0.163588375,
        0.9588639
      ],
      [
        0.1428707,
        -0.980796456,
        -0.132763878
      ]
    ],
    "translation": [
      1.31194687,
      0.7823806,
      -0.39608413
    ]
  },
  {
    "timeStamp": 61674,
    "rotation": [
      [
        0.9358082,
        0.1496439,
        0.3191705
      ],
      [
        -0.288174868,
        -0.1967079,
        0.937155962
      ],
      [
        0.203023,
        -0.9689751,
        -0.140957251
      ]
    ],
    "translation": [
      1.32817113,
      0.8184844,
      -0.42623657
    ]
  },
  {
    "timeStamp": 61729,
    "rotation": [
      [
        0.8972201,
        0.232630774,
        0.375338525
      ],
      [
        -0.326367885,
        -0.223219231,
        0.9185081
      ],
      [
        0.297456026,
        -0.9466024,
        -0.124353565
      ]
    ],
    "translation": [
      1.35685432,
      0.8562535,
      -0.476564676
    ]
  },
  {
    "timeStamp": 61773,
    "rotation": [
      [
        0.8668555,
        0.336936682,
        0.367471337
      ],
      [
        -0.291609645,
        -0.255176425,
        0.921872437
      ],
      [
        0.404382676,
        -0.9062884,
        -0.122947089
      ]
    ],
    "translation": [
      1.38666058,
      0.8771298,
      -0.5239362
    ]
  },
  {
    "timeStamp": 61829,
    "rotation": [
      [
        0.8240625,
        0.430997074,
        0.3676445
      ],
      [
        -0.2675425,
        -0.275947928,
        0.9231867
      ],
      [
        0.499341518,
        -0.8591241,
        -0.1120883
      ]
    ],
    "translation": [
      1.43383884,
      0.8967603,
      -0.581957
    ]
  },
  {
    "timeStamp": 61873,
    "rotation": [
      [
        0.7990539,
        0.495186836,
        0.3410319
      ],
      [
        -0.222597823,
        -0.283256978,
        0.9328535
      ],
      [
        0.55853647,
        -0.8213132,
        -0.116110086
      ]
    ],
    "translation": [
      1.47772276,
      0.9065109,
      -0.62185365
    ]
  },
  {
    "timeStamp": 61929,
    "rotation": [
      [
        0.787436664,
        0.5395497,
        0.298042923
      ],
      [
        -0.158230737,
        -0.290385485,
        0.943736851
      ],
      [
        0.5957403,
        -0.790292561,
        -0.143286839
      ]
    ],
    "translation": [
      1.54091859,
      0.91738385,
      -0.6560335
    ]
  },
  {
    "timeStamp": 61973,
    "rotation": [
      [
        0.794700861,
        0.53596437,
        0.2849436
      ],
      [
        -0.136696517,
        -0.299347878,
        0.9443013
      ],
      [
        0.5914091,
        -0.7893878,
        -0.164627537
      ]
    ],
    "translation": [
      1.59492886,
      0.9319689,
      -0.6685204
    ]
  },
  {
    "timeStamp": 62029,
    "rotation": [
      [
        0.8271213,
        0.5115051,
        0.2328794
      ],
      [
        -0.06460187,
        -0.3250847,
        0.9434758
      ],
      [
        0.55829823,
        -0.7954134,
        -0.235840291
      ]
    ],
    "translation": [
      1.67015028,
      0.9527782,
      -0.664309
    ]
  },
  {
    "timeStamp": 62073,
    "rotation": [
      [
        0.858706951,
        0.470778584,
        0.202459663
      ],
      [
        -0.0395592526,
        -0.332995385,
        0.94209826
      ],
      [
        0.5109378,
        -0.816995442,
        -0.2673218
      ]
    ],
    "translation": [
      1.733857,
      0.970681131,
      -0.6514632
    ]
  },
  {
    "timeStamp": 62128,
    "rotation": [
      [
        0.9091759,
        0.394867331,
        0.132208243
      ],
      [
        0.01614431,
        -0.350679874,
        0.936356246
      ],
      [
        0.41609925,
        -0.849178135,
        -0.325204551
      ]
    ],
    "translation": [
      1.818579,
      0.992987,
      -0.62485975
    ]
  },
  {
    "timeStamp": 62173,
    "rotation": [
      [
        0.9202336,
        0.3898604,
        0.0343362279
      ],
      [
        0.123078234,
        -0.3715622,
        0.9202137
      ],
      [
        0.37151292,
        -0.8425855,
        -0.38990736
      ]
    ],
    "translation": [
      1.88488007,
      1.008857,
      -0.60415566
    ]
  },
  {
    "timeStamp": 62229,
    "rotation": [
      [
        0.9199079,
        0.390479624,
        -0.0359864533
      ],
      [
        0.196514949,
        -0.379643828,
        0.904020131
      ],
      [
        0.3393394,
        -0.8386872,
        -0.425972462
      ]
    ],
    "translation": [
      1.95951533,
      1.02809834,
      -0.5827626
    ]
  },
  {
    "timeStamp": 62273,
    "rotation": [
      [
        0.885542,
        0.450219959,
        -0.114531547
      ],
      [
        0.303398341,
        -0.373786926,
        0.8764889
      ],
      [
        0.3518024,
        -0.8109164,
        -0.4676
      ]
    ],
    "translation": [
      2.00835919,
      1.03726041,
      -0.5711519
    ]
  },
  {
    "timeStamp": 62329,
    "rotation": [
      [
        0.7469619,
        0.62610954,
        -0.223684683
      ],
      [
        0.507880449,
        -0.3202096,
        0.7997019
      ],
      [
        0.429075032,
        -0.7109519,
        -0.5571732
      ]
    ],
    "translation": [
      2.060349,
      1.034556,
      -0.563679934
    ]
  },
  {
    "timeStamp": 62376,
    "rotation": [
      [
        0.6393281,
        0.7193567,
        -0.271634877
      ],
      [
        0.586101949,
        -0.2272233,
        0.7777236
      ],
      [
        0.4977389,
        -0.6564263,
        -0.566886663
      ]
    ],
    "translation": [
      2.09114146,
      1.01681149,
      -0.5626553
    ]
  },
  {
    "timeStamp": 62424,
    "rotation": [
      [
        0.498104542,
        0.8170601,
        -0.2903526
      ],
      [
        0.6527206,
        -0.1328687,
        0.7458564
      ],
      [
        0.570830762,
        -0.5610336,
        -0.599494457
      ]
    ],
    "translation": [
      2.12324619,
      0.9918384,
      -0.562607467
    ]
  },
  {
    "timeStamp": 62479,
    "rotation": [
      [
        0.365111947,
        0.876288652,
        -0.3143431
      ],
      [
        0.6886636,
        -0.0270154439,
        0.7245776
      ],
      [
        0.626447,
        -0.481028557,
        -0.6133317
      ]
    ],
    "translation": [
      2.144802,
      0.9625699,
      -0.562500656
    ]
  },
  {
    "timeStamp": 62523,
    "rotation": [
      [
        0.26142472,
        0.9061393,
        -0.3325186
      ],
      [
        0.6919812,
        0.0642257556,
        0.7190529
      ],
      [
        0.6729184,
        -0.418074846,
        -0.6102412
      ]
    ],
    "translation": [
      2.160197,
      0.9384482,
      -0.563779
    ]
  },
  {
    "timeStamp": 62579,
    "rotation": [
      [
        0.1945073,
        0.91501236,
        -0.353439182
      ],
      [
        0.689623237,
        0.12867561,
        0.712644637
      ],
      [
        0.6975576,
        -0.382354438,
        -0.605985463
      ]
    ],
    "translation": [
      2.17484236,
      0.913506448,
      -0.559371233
    ]
  },
  {
    "timeStamp": 62623,
    "rotation": [
      [
        0.142634273,
        0.924263358,
        -0.3541084
      ],
      [
        0.680833042,
        0.168061018,
        0.7128968
      ],
      [
        0.7184162,
        -0.342772216,
        -0.6052977
      ]
    ],
    "translation": [
      2.181274,
      0.895533562,
      -0.558721364
    ]
  },
  {
    "timeStamp": 62679,
    "rotation": [
      [
        0.0685725138,
        0.934147835,
        -0.3502365
      ],
      [
        0.684285462,
        0.21142669,
        0.6978912
      ],
      [
        0.7259829,
        -0.2875179,
        -0.624725759
      ]
    ],
    "translation": [
      2.18664122,
      0.8738461,
      -0.5569358
    ]
  },
  {
    "timeStamp": 62723,
    "rotation": [
      [
        0.0343232676,
        0.934718,
        -0.353729
      ],
      [
        0.684257,
        0.2359931,
        0.689999759
      ],
      [
        0.728432834,
        -0.2657246,
        -0.63148725
      ]
    ],
    "translation": [
      2.18828058,
      0.859641731,
      -0.5548114
    ]
  },
  {
    "timeStamp": 62779,
    "rotation": [
      [
        -0.0555567,
        0.93633467,
        -0.346685648
      ],
      [
        0.6864012,
        0.287976235,
        0.667774737
      ],
      [
        0.725097835,
        -0.200866088,
        -0.6587002
      ]
    ],
    "translation": [
      2.191204,
      0.8437071,
      -0.5537615
    ]
  },
  {
    "timeStamp": 62824,
    "rotation": [
      [
        -0.0604541041,
        0.94262,
        -0.328348726
      ],
      [
        0.6972069,
        0.275281429,
        0.6619083
      ],
      [
        0.714316368,
        -0.188911945,
        -0.6738431
      ]
    ],
    "translation": [
      2.18707776,
      0.834411442,
      -0.550951362
    ]
  },
  {
    "timeStamp": 62870,
    "rotation": [
      [
        -0.09406804,
        0.9379735,
        -0.333701938
      ],
      [
        0.6994675,
        0.300787926,
        0.648283839
      ],
      [
        0.708446562,
        -0.172430828,
        -0.6843765
      ]
    ],
    "translation": [
      2.18956,
      0.8293529,
      -0.5470884
    ]
  }
]