[
  {
    "timeStamp": 59125,
    "rotation": [
      [
        0.33936283,
        -0.25631085,
        0.9050622
      ],
      [
        0.6666035,
        0.744384,
        -0.0391429067
      ],
      [
        -0.6636811,
        0.6166013,
        0.423473984
      ]
    ],
    "translation": [
      1.76302385,
      0.704474866,
      -0.7854295
    ]
  },
  {
    "timeStamp": 59169,
    "rotation": [
      [
        0.337242067,
        -0.192359179,
        0.9215561
      ],
      [
        0.6049732,
        0.7943028,
        -0.0555917919
      ],
      [
        -0.7213011,
        0.5762647,
        0.384244472
      ]
    ],
    "translation": [
      1.75931239,
      0.70826906,
      -0.776761651
    ]
  },
  {
    "timeStamp": 59227,
    "rotation": [
      [
        0.3313514,
        -0.0327967145,
        0.942937255
      ],
      [
        0.5297445,
        0.8334686,
        -0.157164812
      ],
      [
        -0.780754149,
        0.5515926,
        0.2935449
      ]
    ],
    "translation": [
      1.7531687,
      0.7611155,
      -0.750762045
    ]
  },
  {
    "timeStamp": 59270,
    "rotation": [
      [
        0.290965676,
        0.120012738,
        0.949176431
      ],
      [
        0.456859261,
        0.854252,
        -0.248058721
      ],
      [
        -0.8406061,
        0.505816638,
        0.193729088
      ]
    ],
    "translation": [
      1.75967133,
      0.8149318,
      -0.721596956
    ]
  },
  {
    "timeStamp": 59327,
    "rotation": [
      [
        0.182970718,
        0.294223756,
        0.9380587
      ],
      [
        0.3817583,
        0.8580269,
        -0.343584567
      ],
      [
        -0.9059704,
        0.420977622,
        0.0446714349
      ]
    ],
    "translation": [
      1.79251885,
      0.8758193,
      -0.6801173
    ]
  },
  {
    "timeStamp": 59373,
    "rotation": [
      [
        0.0496664271,
        0.385766417,
        0.9212587
      ],
      [
        0.303389966,
        0.872983754,
        -0.3819081
      ],
      [
        -0.9515712,
        0.298468649,
        -0.0736796856
      ]
    ],
    "translation": [
      1.83373284,
      0.914814353,
      -0.6436249
    ]
  },
  {
    "timeStamp": 59430,
    "rotation": [
      [
        -0.158028573,
        0.4391983,
        0.8843822
      ],
      [
        0.227581516,
        0.8877237,
        -0.4001916
      ],
      [
        -0.9608505,
        0.138027325,
        -0.240239114
      ]
    ],
    "translation": [
      1.90294015,
      0.947554469,
      -0.597743154
    ]
  },
  {
    "timeStamp": 59474,
    "rotation": [
      [
        -0.33804965,
        0.431260943,
        0.836502552
      ],
      [
        0.180671543,
        0.9020354,
        -0.3920331
      ],
      [
        -0.923623443,
        0.0186055414,
        -0.382849336
      ]
    ],
    "translation": [
      1.96639955,
      0.95912683,
      -0.5691571
    ]
  },
  {
    "timeStamp": 59530,
    "rotation": [
      [
        -0.526168764,
        0.3860625,
        0.7576953
      ],
      [
        0.159295186,
        0.9199821,
        -0.358131349
      ],
      [
        -0.835327148,
        -0.06774031,
        -0.545563757
      ]
    ],
    "translation": [
      2.047176,
      0.9531669,
      -0.5414391
    ]
  },
  {
    "timeStamp": 59578,
    "rotation": [
      [
        -0.6249258,
        0.369880646,
        0.6874999
      ],
      [
        0.20286797,
        0.927324831,
        -0.314504862
      ],
      [
        -0.753864944,
        -0.0570705,
        -0.654546142
      ]
    ],
    "translation": [
      2.09782648,
      0.9325294,
      -0.5291219
    ]
  },
  {
    "timeStamp": 59625,
    "rotation": [
      [
        -0.679644,
        0.4087089,
        0.609131455
      ],
      [
        0.267649382,
        0.911317,
        -0.312834054
      ],
      [
        -0.6829699,
        -0.0495821126,
        -0.7287618
      ]
    ],
    "translation": [
      2.14470744,
      0.9078795,
      -0.5218031
    ]
  },
  {
    "timeStamp": 59669,
    "rotation": [
      [
        -0.675153434,
        0.398135,
        0.6210124
      ],
      [
        0.301425785,
        0.9172559,
        -0.260353923
      ],
      [
        -0.6732833,
        0.0114103165,
        -0.739296556
      ]
    ],
    "translation": [
      2.158173,
      0.8840413,
      -0.5213804
    ]
  },
  {
    "timeStamp": 59725,
    "rotation": [
      [
        -0.6432104,
        0.419984519,
        0.6402292
      ],
      [
        0.350011081,
        0.9049475,
        -0.241996437
      ],
      [
        -0.6810086,
        0.06843269,
        -0.729070842
      ]
    ],
    "translation": [
      2.15427828,
      0.8609954,
      -0.523611546
    ]
  },
  {
    "timeStamp": 59780,
    "rotation": [
      [
        -0.6041058,
        0.412721127,
        0.6817019
      ],
      [
        0.3750935,
        0.9020165,
        -0.213707983
      ],
      [
        -0.703108132,
        0.1265997,
        -0.6997224
      ]
    ],
    "translation": [
      2.141518,
      0.843034863,
      -0.530495942
    ]
  },
  {
    "timeStamp": 59824,
    "rotation": [
      [
        -0.5875869,
        0.41875878,
        0.6923747
      ],
      [
        0.395878345,
        0.8950434,
        -0.205371991
      ],
      [
        -0.7057067,
        0.153422266,
        -0.6916933
      ]
    ],
    "translation": [
      2.1321063,
      0.833871663,
      -0.535025358
    ]
  },
  {
    "timeStamp": 59880,
    "rotation": [
      [
        -0.58521533,
        0.418286383,
        0.694665
      ],
      [
        0.41826272,
        0.889634132,
        -0.183323026
      ],
      [
        -0.69467926,
        0.183269039,
        -0.695581138
      ]
    ],
    "translation": [
      2.1264236,
      0.821695149,
      -0.541950166
    ]
  },
  {
    "timeStamp": 59925,
    "rotation": [
      [
        -0.5859732,
        0.4288909,
        0.687523067
      ],
      [
        0.439894855,
        0.8809109,
        -0.174609527
      ],
      [
        -0.680535,
        0.200121358,
        -0.7048571
      ]
    ],
    "translation": [
      2.12496877,
      0.813974857,
      -0.545519769
    ]
  },
  {
    "timeStamp": 59980,
    "rotation": [
      [
        -0.5893929,
        0.421660185,
        0.68907094
      ],
      [
        0.433089972,
        0.8849638,
        -0.17109102
      ],
      [
        -0.681945145,
        0.197589889,
        -0.7042082
      ]
    ],
    "translation": [
      2.12346363,
      0.8100955,
      -0.5469109
    ]
  },
  {
    "timeStamp": 60024,
    "rotation": [
      [
        -0.6048815,
        0.396563917,
        0.6905472
      ],
      [
        0.408321261,
        0.898957968,
        -0.158581942
      ],
      [
        -0.6836608,
        0.186041817,
        -0.7056886
      ]
    ],
    "translation": [
      2.12437057,
      0.8092137,
      -0.546353757
    ]
  }
]