[
  {
    "timeStamp": 30965,
    "rotation": [
      [
        0.9994877,
        0.0242636483,
        0.02087022
      ],
      [
        0.0195309389,
        0.054181613,
        -0.9983401
      ],
      [
        -0.0253541544,
        0.998236239,
        0.0536799654
      ]
    ],
    "translation": [
      1.6144383,
      0.699287057,
      -0.231160685
    ]
  },
  {
    "timeStamp": 31009,
    "rotation": [
      [
        0.9993263,
        0.0298586916,
        -0.0213406738
      ],
      [
        -0.0225374624,
        0.0403366,
        -0.998931944
      ],
      [
        -0.0289659929,
        0.998739958,
        0.0409823656
      ]
    ],
    "translation": [
      1.61434412,
      0.7055179,
      -0.231138155
    ]
  },
  {
    "timeStamp": 31067,
    "rotation": [
      [
        0.996159,
        0.0440635122,
        -0.07566747
      ],
      [
        -0.0773715451,
        0.03834311,
        -0.996264756
      ],
      [
        -0.040997602,
        0.9982926,
        0.0416050963
      ]
    ],
    "translation": [
      1.608395,
      0.7142558,
      -0.234425887
    ]
  },
  {
    "timeStamp": 31109,
    "rotation": [
      [
        0.9949303,
        0.043319203,
        -0.09075863
      ],
      [
        -0.09326984,
        0.0599753037,
        -0.9938328
      ],
      [
        -0.03760876,
        0.997259438,
        0.06371163
      ]
    ],
    "translation": [
      1.60567617,
      0.726292133,
      -0.236891747
    ]
  },
  {
    "timeStamp": 31165,
    "rotation": [
      [
        0.988304436,
        0.0635921657,
        -0.138601884
      ],
      [
        -0.1429526,
        0.0698955953,
        -0.987258434
      ],
      [
        -0.0530942641,
        0.9955253,
        0.07816879
      ]
    ],
    "translation": [
      1.60103929,
      0.7494419,
      -0.243262812
    ]
  },
  {
    "timeStamp": 31210,
    "rotation": [
      [
        0.977793634,
        0.09432104,
        -0.187144712
      ],
      [
        -0.194607,
        0.07728268,
        -0.977832
      ],
      [
        -0.07776708,
        0.9925376,
        0.09392204
      ]
    ],
    "translation": [
      1.59638453,
      0.7749437,
      -0.2519646
    ]
  },
  {
    "timeStamp": 31265,
    "rotation": [
      [
        0.9572757,
        0.1273227,
        -0.259638667
      ],
      [
        -0.2711836,
        0.08348831,
        -0.9589
      ],
      [
        -0.100412942,
        0.988341331,
        0.114449158
      ]
    ],
    "translation": [
      1.59207606,
      0.811381042,
      -0.27178362
    ]
  },
  {
    "timeStamp": 31310,
    "rotation": [
      [
        0.937105656,
        0.154499725,
        -0.312990338
      ],
      [
        -0.328754067,
        0.08939533,
        -0.9401751
      ],
      [
        -0.117276922,
        0.983940244,
        0.134565279
      ]
    ],
    "translation": [
      1.5902034,
      0.841596842,
      -0.293733716
    ]
  },
  {
    "timeStamp": 31365,
    "rotation": [
      [
        0.924466968,
        0.1544703,
        -0.348568052
      ],
      [
        -0.366102844,
        0.104422458,
        -0.924697042
      ],
      [
        -0.106439881,
        0.982463658,
        0.153087139
      ]
    ],
    "translation": [
      1.58917081,
      0.8722459,
      -0.330666065
    ]
  },
  {
    "timeStamp": 31410,
    "rotation": [
      [
        0.9177693,
        0.145631686,
        -0.3694467
      ],
      [
        -0.386885077,
        0.118106455,
        -0.9145331
      ],
      [
        -0.08955094,
        0.982263863,
        0.16473721
      ]
    ],
    "translation": [
      1.58912349,
      0.8947027,
      -0.365608275
    ]
  },
  {
    "timeStamp": 31465,
    "rotation": [
      [
        0.91073215,
        0.143584982,
        -0.3872342
      ],
      [
        -0.403243273,
        0.106576711,
        -0.9088654
      ],
      [
        -0.08922928,
        0.9838825,
        0.15496251
      ]
    ],
    "translation": [
      1.591646,
      0.91732657,
      -0.412065566
    ]
  },
  {
    "timeStamp": 31510,
    "rotation": [
      [
        0.9058594,
        0.132594511,
        -0.402290165
      ],
      [
        -0.4156383,
        0.09521965,
        -0.904531956
      ],
      [
        -0.08163006,
        0.986586,
        0.141366988
      ]
    ],
    "translation": [
      1.59328234,
      0.9331024,
      -0.4520656
    ]
  },
  {
    "timeStamp": 31565,
    "rotation": [
      [
        0.906237364,
        0.109785728,
        -0.4082659
      ],
      [
        -0.418765515,
        0.100514993,
        -0.9025144
      ],
      [
        -0.058046367,
        0.9888599,
        0.137064919
      ]
    ],
    "translation": [
      1.59480834,
      0.948050261,
      -0.501394868
    ]
  },
  {
    "timeStamp": 31610,
    "rotation": [
      [
        0.9055552,
        0.108000092,
        -0.410250962
      ],
      [
        -0.4201706,
        0.09489334,
        -0.902469933
      ],
      [
        -0.0585367642,
        0.9896117,
        0.131309614
      ]
    ],
    "translation": [
      1.59784019,
      0.955836833,
      -0.5377849
    ]
  },
  {
    "timeStamp": 31665,
    "rotation": [
      [
        0.907203,
        0.10824433,
        -0.40652895
      ],
      [
        -0.416900456,
        0.101856396,
        -0.90322715
      ],
      [
        -0.05636164,
        0.9888925,
        0.137531534
      ]
    ],
    "translation": [
      1.604039,
      0.96340555,
      -0.577684
    ]
  },
  {
    "timeStamp": 31709,
    "rotation": [
      [
        0.904171348,
        0.140491933,
        -0.403405756
      ],
      [
        -0.4191659,
        0.109844483,
        -0.901240349
      ],
      [
        -0.0823051,
        0.9839696,
        0.15820767
      ]
    ],
    "translation": [
      1.61356115,
      0.9703816,
      -0.6017778
    ]
  },
  {
    "timeStamp": 31765,
    "rotation": [
      [
        0.8898378,
        0.200210944,
        -0.410005152
      ],
      [
        -0.433749437,
        0.09231401,
        -0.8962921
      ],
      [
        -0.141598269,
        0.9753941,
        0.168985888
      ]
    ],
    "translation": [
      1.62981784,
      0.980106354,
      -0.624969244
    ]
  },
  {
    "timeStamp": 31809,
    "rotation": [
      [
        0.8729091,
        0.2579705,
        -0.414102584
      ],
      [
        -0.4495821,
        0.09566706,
        -0.8881012
      ],
      [
        -0.189487949,
        0.961404741,
        0.199487567
      ]
    ],
    "translation": [
      1.64761007,
      0.9917438,
      -0.635872066
    ]
  },
  {
    "timeStamp": 31865,
    "rotation": [
      [
        0.854696,
        0.3245327,
        -0.405183017
      ],
      [
        -0.461004853,
        0.115631185,
        -0.8798318
      ],
      [
        -0.238682389,
        0.93878,
        0.248440668
      ]
    ],
    "translation": [
      1.67534137,
      1.007694,
      -0.6444091
    ]
  },
  {
    "timeStamp": 31910,
    "rotation": [
      [
        0.8495685,
        0.375870138,
        -0.3700744
      ],
      [
        -0.4510001,
        0.15375942,
        -0.8791797
      ],
      [
        -0.273555,
        0.913826942,
        0.300146639
      ]
    ],
    "translation": [
      1.70578122,
      1.0191474,
      -0.643343031
    ]
  },
  {
    "timeStamp": 31964,
    "rotation": [
      [
        0.8600541,
        0.4249546,
        -0.282348424
      ],
      [
        -0.403858244,
        0.2288592,
        -0.8857325
      ],
      [
        -0.311778069,
        0.87580657,
        0.3684527
      ]
    ],
    "translation": [
      1.75203156,
      1.03187454,
      -0.639016747
    ]
  },
  {
    "timeStamp": 32010,
    "rotation": [
      [
        0.873834431,
        0.446148127,
        -0.193301022
      ],
      [
        -0.347095728,
        0.2939775,
        -0.890562654
      ],
      [
        -0.340496719,
        0.845298231,
        0.41174376
      ]
    ],
    "translation": [
      1.79793608,
      1.04214549,
      -0.631945252
    ]
  },
  {
    "timeStamp": 32065,
    "rotation": [
      [
        0.876318038,
        0.4704339,
        -0.103724495
      ],
      [
        -0.294173568,
        0.35207063,
        -0.8885427
      ],
      [
        -0.381482244,
        0.809159,
        0.44691506
      ]
    ],
    "translation": [
      1.85770965,
      1.058247,
      -0.624613464
    ]
  },
  {
    "timeStamp": 32120,
    "rotation": [
      [
        0.8914157,
        0.45284164,
        0.0176779348
      ],
      [
        -0.195002273,
        0.418488771,
        -0.887040734
      ],
      [
        -0.409087,
        0.787274837,
        0.461352617
      ]
    ],
    "translation": [
      1.92510736,
      1.06836915,
      -0.6186473
    ]
  },
  {
    "timeStamp": 32165,
    "rotation": [
      [
        0.90004003,
        0.414136767,
        0.13571547
      ],
      [
        -0.07517501,
        0.454277068,
        -0.887683
      ],
      [
        -0.4292746,
        0.7887478,
        0.440000236
      ]
    ],
    "translation": [
      1.97877872,
      1.06757379,
      -0.616464853
    ]
  },
  {
    "timeStamp": 32221,
    "rotation": [
      [
        0.9023041,
        0.351400435,
        0.249729663
      ],
      [
        0.07831109,
        0.436042,
        -0.896512568
      ],
      [
        -0.423927516,
        0.8284836,
        0.365923941
      ]
    ],
    "translation": [
      2.04405618,
      1.051698,
      -0.618249059
    ]
  },
  {
    "timeStamp": 32264,
    "rotation": [
      [
        0.891239643,
        0.281767249,
        0.355385929
      ],
      [
        0.208284274,
        0.4417864,
        -0.8726067
      ],
      [
        -0.402876675,
        0.851723,
        0.335049868
      ]
    ],
    "translation": [
      2.09030867,
      1.036514,
      -0.61772877
    ]
  },
  {
    "timeStamp": 32320,
    "rotation": [
      [
        0.892228246,
        0.262667775,
        0.3673342
      ],
      [
        0.252251655,
        0.384802967,
        -0.887860239
      ],
      [
        -0.374563545,
        0.884834647,
        0.2770737
      ]
    ],
    "translation": [
      2.13294816,
      1.01376593,
      -0.616845131
    ]
  },
  {
    "timeStamp": 32364,
    "rotation": [
      [
        0.893706858,
        0.206028774,
        0.39854756
      ],
      [
        0.3043684,
        0.37421608,
        -0.8759693
      ],
      [
        -0.3296178,
        0.904165,
        0.27173084
      ]
    ],
    "translation": [
      2.158875,
      0.99454546,
      -0.612453341
    ]
  },
  {
    "timeStamp": 32420,
    "rotation": [
      [
        0.9165467,
        0.150547728,
        0.370509923
      ],
      [
        0.30714485,
        0.328361362,
        -0.8932194
      ],
      [
        -0.256133258,
        0.9324775,
        0.254718572
      ]
    ],
    "translation": [
      2.1738925,
      0.969709,
      -0.6090669
    ]
  },
  {
    "timeStamp": 32464,
    "rotation": [
      [
        0.9257327,
        0.120273493,
        0.358543336
      ],
      [
        0.3077487,
        0.311433345,
        -0.899055064
      ],
      [
        -0.21979484,
        0.9426259,
        0.251290023
      ]
    ],
    "translation": [
      2.17937136,
      0.9546053,
      -0.605912149
    ]
  },
  {
    "timeStamp": 32516,
    "rotation": [
      [
        0.938516438,
        0.0564587452,
        0.340586662
      ],
      [
        0.311860025,
        0.284530222,
        -0.906524062
      ],
      [
        -0.14808841,
        0.9570031,
        0.249429077
      ]
    ],
    "translation": [
      2.188634,
      0.923146069,
      -0.5989117
    ]
  },
  {
    "timeStamp": 32560,
    "rotation": [
      [
        0.945454,
        0.0179817174,
        0.32525894
      ],
      [
        0.307119668,
        0.2836709,
        -0.9084098
      ],
      [
        -0.108601272,
        0.9587531,
        0.262675256
      ]
    ],
    "translation": [
      2.19262028,
      0.9030423,
      -0.592602968
    ]
  },
  {
    "timeStamp": 32615,
    "rotation": [
      [
        0.9529357,
        0.007882661,
        0.303069949
      ],
      [
        0.289187878,
        0.276476353,
        -0.9164776
      ],
      [
        -0.09101594,
        0.9609884,
        0.2611846
      ]
    ],
    "translation": [
      2.19565463,
      0.8799053,
      -0.5857396
    ]
  },
  {
    "timeStamp": 32659,
    "rotation": [
      [
        0.960580349,
        -0.007190486,
        0.277909279
      ],
      [
        0.269595176,
        0.268077046,
        -0.9249071
      ],
      [
        -0.06785057,
        0.963370562,
        0.259448081
      ]
    ],
    "translation": [
      2.19539165,
      0.8640204,
      -0.5819971
    ]
  },
  {
    "timeStamp": 32715,
    "rotation": [
      [
        0.9669656,
        -0.0204278082,
        0.2540871
      ],
      [
        0.25056082,
        0.2594504,
        -0.932686865
      ],
      [
        -0.0468702354,
        0.965540349,
        0.255998015
      ]
    ],
    "translation": [
      2.19573784,
      0.8459949,
      -0.578059137
    ]
  },
  {
    "timeStamp": 32759,
    "rotation": [
      [
        0.9735578,
        -0.0252493955,
        0.227041185
      ],
      [
        0.22620602,
        0.24523595,
        -0.942703664
      ],
      [
        -0.03187595,
        0.969134569,
        0.244462922
      ]
    ],
    "translation": [
      2.19414,
      0.833616853,
      -0.5766544
    ]
  },
  {
    "timeStamp": 32815,
    "rotation": [
      [
        0.97978586,
        -0.0274699312,
        0.198154151
      ],
      [
        0.198844209,
        0.242282733,
        -0.9496105
      ],
      [
        -0.0219236016,
        0.969816744,
        0.242847443
      ]
    ],
    "translation": [
      2.192203,
      0.8204845,
      -0.5732427
    ]
  },
  {
    "timeStamp": 32859,
    "rotation": [
      [
        0.9817646,
        -0.0263683088,
        0.188263029
      ],
      [
        0.188927367,
        0.2451961,
        -0.9508866
      ],
      [
        -0.02108808,
        0.96911484,
        0.245706558
      ]
    ],
    "translation": [
      2.19191957,
      0.8114948,
      -0.5691385
    ]
  },
  {
    "timeStamp": 32915,
    "rotation": [
      [
        0.984231651,
        -0.0202133562,
        0.175725281
      ],
      [
        0.175184309,
        0.2487831,
        -0.9525846
      ],
      [
        -0.02446253,
        0.968348265,
        0.248401269
      ]
    ],
    "translation": [
      2.19085288,
      0.8036712,
      -0.5630904
    ]
  },
  {
    "timeStamp": 32960,
    "rotation": [
      [
        0.9856552,
        -0.0196224749,
        0.167626619
      ],
      [
        0.167541966,
        0.233421281,
        -0.957833052
      ],
      [
        -0.0203325842,
        0.9721776,
        0.2333605
      ]
    ],
    "translation": [
      2.18952942,
      0.795300543,
      -0.56192863
    ]
  },
  {
    "timeStamp": 33017,
    "rotation": [
      [
        0.9877064,
        -0.0185206961,
        0.155219018
      ],
      [
        0.155481249,
        0.219122648,
        -0.963229358
      ],
      [
        -0.01617235,
        0.9755215,
        0.219308466
      ]
    ],
    "translation": [
      2.188186,
      0.7860842,
      -0.5609615
    ]
  },
  {
    "timeStamp": 33063,
    "rotation": [
      [
        0.98894304,
        -0.0129582128,
        0.147728473
      ],
      [
        0.147189051,
        0.207243457,
        -0.9671533
      ],
      [
        -0.018083185,
        0.978203535,
        0.206859276
      ]
    ],
    "translation": [
      2.18817163,
      0.7789639,
      -0.5607647
    ]
  },
  {
    "timeStamp": 33110,
    "rotation": [
      [
        0.987896442,
        -0.0219329167,
        0.1535566
      ],
      [
        0.154878229,
        0.194157586,
        -0.9686669
      ],
      [
        -0.00856848,
        0.980725169,
        0.195204511
      ]
    ],
    "translation": [
      2.18867326,
      0.771425247,
      -0.5622072
    ]
  },
  {
    "timeStamp": 33164,
    "rotation": [
      [
        0.9874046,
        -0.0220161676,
        0.156676412
      ],
      [
        0.157813832,
        0.2075878,
        -0.965402544
      ],
      [
        -0.0112696635,
        0.977968633,
        0.20844759
      ]
    ],
    "translation": [
      2.18949819,
      0.766246,
      -0.5608562
    ]
  },
  {
    "timeStamp": 33219,
    "rotation": [
      [
        0.9867816,
        -0.0161123853,
        0.161252484
      ],
      [
        0.160743415,
        0.223679781,
        -0.9613162
      ],
      [
        -0.0205798354,
        0.974529445,
        0.223313048
      ]
    ],
    "translation": [
      2.1915617,
      0.7624524,
      -0.557120442
    ]
  }
]