[
  {
    "timeStamp": 41560,
    "rotation": [
      [
        0.972461641,
        -0.0119461678,
        -0.2327566
      ],
      [
        0.232579619,
        0.114027545,
        0.9658698
      ],
      [
        0.0150022209,
        -0.993405759,
        0.113665849
      ]
    ],
    "translation": [
      1.4518857,
      0.7055962,
      -0.486876935
    ]
  },
  {
    "timeStamp": 41605,
    "rotation": [
      [
        0.9759302,
        -0.0100673474,
        -0.217850626
      ],
      [
        0.2175962,
        0.111666776,
        0.969630063
      ],
      [
        0.0145650608,
        -0.993694663,
        0.1111696
      ]
    ],
    "translation": [
      1.45194876,
      0.706399739,
      -0.4868912
    ]
  },
  {
    "timeStamp": 41659,
    "rotation": [
      [
        0.970416069,
        -0.119029276,
        -0.210058942
      ],
      [
        0.216100782,
        0.0402101539,
        0.9755427
      ],
      [
        -0.107671641,
        -0.9920762,
        0.06474289
      ]
    ],
    "translation": [
      1.46002519,
      0.727116,
      -0.480626851
    ]
  },
  {
    "timeStamp": 41704,
    "rotation": [
      [
        0.980954051,
        -0.149013072,
        -0.124595992
      ],
      [
        0.122936361,
        -0.0203337241,
        0.9922062
      ],
      [
        -0.150385186,
        -0.9886261,
        -0.00162732624
      ]
    ],
    "translation": [
      1.4631449,
      0.763761163,
      -0.479797244
    ]
  },
  {
    "timeStamp": 41759,
    "rotation": [
      [
        0.9879168,
        -0.139241666,
        -0.0680602
      ],
      [
        0.05029067,
        -0.127375633,
        0.9905788
      ],
      [
        -0.146599039,
        -0.982032239,
        -0.118833974
      ]
    ],
    "translation": [
      1.47946846,
      0.828145146,
      -0.482604444
    ]
  },
  {
    "timeStamp": 41804,
    "rotation": [
      [
        0.9891212,
        -0.146573171,
        -0.0124704512
      ],
      [
        -0.01783862,
        -0.203663543,
        0.9788784
      ],
      [
        -0.146017089,
        -0.9680069,
        -0.204062611
      ]
    ],
    "translation": [
      1.508168,
      0.8847748,
      -0.4920119
    ]
  },
  {
    "timeStamp": 41860,
    "rotation": [
      [
        0.9884624,
        -0.1464656,
        0.038600035
      ],
      [
        -0.07689783,
        -0.265705049,
        0.9609826
      ],
      [
        -0.130494684,
        -0.952863455,
        -0.273902327
      ]
    ],
    "translation": [
      1.56334209,
      0.9519699,
      -0.5087641
    ]
  },
  {
    "timeStamp": 41904,
    "rotation": [
      [
        0.9916393,
        -0.119100913,
        0.0496626049
      ],
      [
        -0.0852048844,
        -0.315309,
        0.9451563
      ],
      [
        -0.09690992,
        -0.941485643,
        -0.322820783
      ]
    ],
    "translation": [
      1.61757016,
      0.9955027,
      -0.5231343
    ]
  },
  {
    "timeStamp": 41960,
    "rotation": [
      [
        0.9984368,
        -0.05588928,
        0.0005503611
      ],
      [
        -0.0226617567,
        -0.3958017,
        0.918056369
      ],
      [
        -0.05109167,
        -0.9166338,
        -0.396449536
      ]
    ],
    "translation": [
      1.69632757,
      1.03876865,
      -0.538404644
    ]
  },
  {
    "timeStamp": 42004,
    "rotation": [
      [
        0.9967062,
        -0.002574448,
        -0.08105646
      ],
      [
        0.07160277,
        -0.4413434,
        0.89447695
      ],
      [
        -0.0380765274,
        -0.8973346,
        -0.439705342
      ]
    ],
    "translation": [
      1.76947629,
      1.06273532,
      -0.5497123
    ]
  },
  {
    "timeStamp": 42060,
    "rotation": [
      [
        0.9866846,
        0.06442542,
        -0.149341479
      ],
      [
        0.16229,
        -0.4506449,
        0.8778275
      ],
      [
        -0.0107455589,
        -0.890375555,
        -0.4551
      ]
    ],
    "translation": [
      1.85983217,
      1.07956755,
      -0.564386
    ]
  },
  {
    "timeStamp": 42104,
    "rotation": [
      [
        0.956951439,
        0.109126791,
        -0.2689521
      ],
      [
        0.2884612,
        -0.4602377,
        0.8396257
      ],
      [
        -0.0321562551,
        -0.8810633,
        -0.471904
      ]
    ],
    "translation": [
      1.937384,
      1.08671665,
      -0.5771447
    ]
  },
  {
    "timeStamp": 42159,
    "rotation": [
      [
        0.94223994,
        0.0975668,
        -0.3204132
      ],
      [
        0.331909925,
        -0.400348365,
        0.8541411
      ],
      [
        -0.0449410565,
        -0.911154151,
        -0.4096076
      ]
    ],
    "translation": [
      2.024802,
      1.08109784,
      -0.593931
    ]
  },
  {
    "timeStamp": 42204,
    "rotation": [
      [
        0.888159335,
        0.117874153,
        -0.444160551
      ],
      [
        0.4579517,
        -0.307212949,
        0.834206462
      ],
      [
        -0.03812051,
        -0.944312334,
        -0.3268347
      ]
    ],
    "translation": [
      2.08756638,
      1.058791,
      -0.606763065
    ]
  },
  {
    "timeStamp": 42260,
    "rotation": [
      [
        0.8596578,
        0.121600769,
        -0.4961872
      ],
      [
        0.5108692,
        -0.206644773,
        0.8344523
      ],
      [
        -0.00106445292,
        -0.9708302,
        -0.239765868
      ]
    ],
    "translation": [
      2.14611125,
      1.02402079,
      -0.6210532
    ]
  },
  {
    "timeStamp": 42304,
    "rotation": [
      [
        0.8376176,
        0.138378218,
        -0.5284394
      ],
      [
        0.543413043,
        -0.112495579,
        0.8318936
      ],
      [
        0.0556688532,
        -0.9839696,
        -0.169424787
      ]
    ],
    "translation": [
      2.17494345,
      0.990245342,
      -0.6303403
    ]
  },
  {
    "timeStamp": 42360,
    "rotation": [
      [
        0.8304809,
        0.167274788,
        -0.531338632
      ],
      [
        0.5444419,
        -0.04197109,
        0.8377479
      ],
      [
        0.117833227,
        -0.9850166,
        -0.125927567
      ]
    ],
    "translation": [
      2.19837332,
      0.952827334,
      -0.6364454
    ]
  },
  {
    "timeStamp": 42405,
    "rotation": [
      [
        0.8390673,
        0.145314619,
        -0.5242611
      ],
      [
        0.5291715,
        0.005662827,
        0.84849596
      ],
      [
        0.126267672,
        -0.9893693,
        -0.07214487
      ]
    ],
    "translation": [
      2.21194339,
      0.927973032,
      -0.636796
    ]
  },
  {
    "timeStamp": 42454,
    "rotation": [
      [
        0.8129959,
        0.135111853,
        -0.566376567
      ],
      [
        0.5631595,
        0.06469634,
        0.8238117
      ],
      [
        0.147949219,
        -0.9887159,
        -0.023491662
      ]
    ],
    "translation": [
      2.229877,
      0.8984172,
      -0.6344426
    ]
  },
  {
    "timeStamp": 42510,
    "rotation": [
      [
        0.8001445,
        0.131267264,
        -0.5852672
      ],
      [
        0.573690832,
        0.117306195,
        0.8106282
      ],
      [
        0.175064415,
        -0.984382153,
        0.01855508
      ]
    ],
    "translation": [
      2.24148369,
      0.8775379,
      -0.6258363
    ]
  },
  {
    "timeStamp": 42554,
    "rotation": [
      [
        0.755505264,
        0.124514446,
        -0.6432013
      ],
      [
        0.6240078,
        0.1622949,
        0.764378548
      ],
      [
        0.199564472,
        -0.9788547,
        0.044916667
      ]
    ],
    "translation": [
      2.25328946,
      0.8615673,
      -0.619648635
    ]
  }
]