[
  {
    "timeStamp": 22480,
    "rotation": [
      [
        0.6944249,
        -0.314043015,
        0.6474187
      ],
      [
        0.352695644,
        0.9327942,
        0.0741666257
      ],
      [
        -0.627199948,
        0.1768386,
        0.758517146
      ]
    ],
    "translation": [
      1.44752145,
      0.7038998,
      -0.8244907
    ]
  },
  {
    "timeStamp": 22524,
    "rotation": [
      [
        0.695378959,
        -0.323723644,
        0.6416004
      ],
      [
        0.3525928,
        0.931637764,
        0.0879169852
      ],
      [
        -0.626199961,
        0.165088058,
        0.7619839
      ]
    ],
    "translation": [
      1.44772911,
      0.704260468,
      -0.8246639
    ]
  },
  {
    "timeStamp": 22580,
    "rotation": [
      [
        0.684091151,
        -0.3394532,
        0.6455934
      ],
      [
        0.367959261,
        0.924833834,
        0.09637662
      ],
      [
        -0.629781961,
        0.17162168,
        0.7575755
      ]
    ],
    "translation": [
      1.45129037,
      0.7058357,
      -0.828165531
    ]
  },
  {
    "timeStamp": 22626,
    "rotation": [
      [
        0.672030568,
        -0.323921174,
        0.6659204
      ],
      [
        0.352756,
        0.930702567,
        0.0967254639
      ],
      [
        -0.6511053,
        0.169904947,
        0.739725769
      ]
    ],
    "translation": [
      1.45680451,
      0.719218731,
      -0.8298884
    ]
  },
  {
    "timeStamp": 22680,
    "rotation": [
      [
        0.6729347,
        -0.269790977,
        0.688746452
      ],
      [
        0.312524021,
        0.9476248,
        0.0658477
      ],
      [
        -0.670438349,
        0.170938611,
        0.7220058
      ]
    ],
    "translation": [
      1.46483064,
      0.7478358,
      -0.831639349
    ]
  },
  {
    "timeStamp": 22724,
    "rotation": [
      [
        0.6585077,
        -0.232843071,
        0.7156477
      ],
      [
        0.274402827,
        0.959755361,
        0.05977243
      ],
      [
        -0.7007643,
        0.157015145,
        0.6958991
      ]
    ],
    "translation": [
      1.48060668,
      0.7821963,
      -0.831093
    ]
  },
  {
    "timeStamp": 22780,
    "rotation": [
      [
        0.6275899,
        -0.1475037,
        0.7644433
      ],
      [
        0.201361433,
        0.9792318,
        0.0236353949
      ],
      [
        -0.7520535,
        0.139096066,
        0.644257545
      ]
    ],
    "translation": [
      1.51703441,
      0.83680594,
      -0.8277304
    ]
  },
  {
    "timeStamp": 22825,
    "rotation": [
      [
        0.5966375,
        -0.126355082,
        0.7925012
      ],
      [
        0.163121372,
        0.9860061,
        0.0344006531
      ],
      [
        -0.7857577,
        0.108749166,
        0.6088994
      ]
    ],
    "translation": [
      1.56237173,
      0.881547332,
      -0.820951
    ]
  },
  {
    "timeStamp": 22879,
    "rotation": [
      [
        0.525648654,
        -0.141697749,
        0.8388177
      ],
      [
        0.110706545,
        0.989039361,
        0.0976993
      ],
      [
        -0.8434676,
        0.0415071175,
        0.5355741
      ]
    ],
    "translation": [
      1.63719654,
      0.932328641,
      -0.8065912
    ]
  },
  {
    "timeStamp": 22924,
    "rotation": [
      [
        0.450655967,
        -0.17455624,
        0.8754652
      ],
      [
        0.0783872455,
        0.984645844,
        0.155974671
      ],
      [
        -0.889249444,
        -0.00166560872,
        0.457419485
      ]
    ],
    "translation": [
      1.709513,
      0.967438459,
      -0.791948557
    ]
  },
  {
    "timeStamp": 22980,
    "rotation": [
      [
        0.336216152,
        -0.245441064,
        0.90924
      ],
      [
        0.08635882,
        0.969410658,
        0.229750082
      ],
      [
        -0.937817037,
        0.00127520564,
        0.347127527
      ]
    ],
    "translation": [
      1.80285215,
      0.994021952,
      -0.7763014
    ]
  },
  {
    "timeStamp": 23024,
    "rotation": [
      [
        0.251407146,
        -0.2917843,
        0.922852337
      ],
      [
        0.08552893,
        0.956444,
        0.279105067
      ],
      [
        -0.964095056,
        0.008761565,
        0.265412867
      ]
    ],
    "translation": [
      1.87556982,
      1.00816369,
      -0.7657877
    ]
  },
  {
    "timeStamp": 23080,
    "rotation": [
      [
        0.146095812,
        -0.348797977,
        0.9257408
      ],
      [
        0.112601809,
        0.93556273,
        0.33472842
      ],
      [
        -0.982841253,
        0.0553376675,
        0.175957084
      ]
    ],
    "translation": [
      1.95479584,
      1.00890172,
      -0.7553806
    ]
  },
  {
    "timeStamp": 23124,
    "rotation": [
      [
        0.09935621,
        -0.324236,
        0.940744
      ],
      [
        0.162638724,
        0.937999666,
        0.306113124
      ],
      [
        -0.9816705,
        0.122587159,
        0.145929426
      ]
    ],
    "translation": [
      2.00461841,
      0.9927632,
      -0.74803406
    ]
  },
  {
    "timeStamp": 23179,
    "rotation": [
      [
        0.00741283549,
        -0.31221047,
        0.949984
      ],
      [
        0.223796338,
        0.926430643,
        0.302723378
      ],
      [
        -0.974607766,
        0.2103589,
        0.0767390355
      ]
    ],
    "translation": [
      2.06122971,
      0.9606409,
      -0.7439054
    ]
  },
  {
    "timeStamp": 23224,
    "rotation": [
      [
        -0.0541003719,
        -0.230792657,
        0.9714978
      ],
      [
        0.311160237,
        0.920582235,
        0.236024737
      ],
      [
        -0.948816359,
        0.3150605,
        0.0220096558
      ]
    ],
    "translation": [
      2.09169984,
      0.92938143,
      -0.7492442
    ]
  },
  {
    "timeStamp": 23272,
    "rotation": [
      [
        -0.100416236,
        -0.16200009,
        0.981668234
      ],
      [
        0.312889874,
        0.931454837,
        0.185719565
      ],
      [
        -0.944466233,
        0.3258033,
        -0.0428450033
      ]
    ],
    "translation": [
      2.11204338,
      0.9092128,
      -0.7512074
    ]
  },
  {
    "timeStamp": 23330,
    "rotation": [
      [
        -0.127416387,
        -0.110384472,
        0.9856878
      ],
      [
        0.347806364,
        0.9257109,
        0.14862752
      ],
      [
        -0.928868055,
        0.36176604,
        -0.07955831
      ]
    ],
    "translation": [
      2.131822,
      0.8847397,
      -0.755589664
    ]
  },
  {
    "timeStamp": 23374,
    "rotation": [
      [
        -0.173832476,
        -0.053125985,
        0.9833412
      ],
      [
        0.36531198,
        0.9238179,
        0.114489071
      ],
      [
        -0.9145104,
        0.379128218,
        -0.141181991
      ]
    ],
    "translation": [
      2.143238,
      0.870785654,
      -0.7594661
    ]
  },
  {
    "timeStamp": 23430,
    "rotation": [
      [
        -0.21284014,
        -0.00959885,
        0.9770399
      ],
      [
        0.3923828,
        0.9149382,
        0.09446611
      ],
      [
        -0.894837856,
        0.4034798,
        -0.190969154
      ]
    ],
    "translation": [
      2.15936947,
      0.855662465,
      -0.7628753
    ]
  },
  {
    "timeStamp": 23474,
    "rotation": [
      [
        -0.2303495,
        0.025084611,
        0.9727846
      ],
      [
        0.4148984,
        0.9067827,
        0.07486277
      ],
      [
        -0.8802263,
        0.42085135,
        -0.21928452
      ]
    ],
    "translation": [
      2.168058,
      0.8452624,
      -0.7639263
    ]
  }
]