[
  {
    "timeStamp": 3533,
    "rotation": [
      [
        0.929649055,
        -0.368299454,
        -0.0103955641
      ],
      [
        0.368199974,
        0.9296893,
        -0.0103223929
      ],
      [
        0.0134663768,
        0.005768556,
        0.999892652
      ]
    ],
    "translation": [
      1.76834571,
      0.7058529,
      -0.7496393
    ]
  },
  {
    "timeStamp": 3589,
    "rotation": [
      [
        0.9501494,
        -0.310766548,
        -0.02530333
      ],
      [
        0.311065078,
        0.950348139,
        0.00876874849
      ],
      [
        0.02132194,
        -0.0162026025,
        0.999641359
      ]
    ],
    "translation": [
      1.76854837,
      0.7056565,
      -0.749295533
    ]
  },
  {
    "timeStamp": 3633,
    "rotation": [
      [
        0.941470861,
        -0.336635053,
        -0.01759192
      ],
      [
        0.33692795,
        0.9413634,
        0.0177315157
      ],
      [
        0.01059134,
        -0.0226209145,
        0.99968797
      ]
    ],
    "translation": [
      1.76846468,
      0.706541061,
      -0.7495691
    ]
  },
  {
    "timeStamp": 3688,
    "rotation": [
      [
        0.9271718,
        -0.374622464,
        0.00322651328
      ],
      [
        0.3746282,
        0.927060366,
        -0.0145867039
      ],
      [
        0.00247333455,
        0.0147331236,
        0.9998884
      ]
    ],
    "translation": [
      1.76807368,
      0.7075704,
      -0.7558204
    ]
  },
  {
    "timeStamp": 3732,
    "rotation": [
      [
        0.9196478,
        -0.3920184,
        0.023863757
      ],
      [
        0.3926706,
        0.918952,
        -0.0365642719
      ],
      [
        -0.00759578031,
        0.04299685,
        0.9990463
      ]
    ],
    "translation": [
      1.77195835,
      0.714901149,
      -0.7621311
    ]
  },
  {
    "timeStamp": 3788,
    "rotation": [
      [
        0.9198836,
        -0.3899627,
        0.0417530648
      ],
      [
        0.3910065,
        0.920161843,
        -0.0203982815
      ],
      [
        -0.03046501,
        0.0350897647,
        0.9989197
      ]
    ],
    "translation": [
      1.77700865,
      0.7320459,
      -0.7637615
    ]
  },
  {
    "timeStamp": 3832,
    "rotation": [
      [
        0.9227339,
        -0.380626857,
        0.06070734
      ],
      [
        0.3816444,
        0.92429173,
        -0.005699232
      ],
      [
        -0.0539420061,
        0.02842749,
        0.9981394
      ]
    ],
    "translation": [
      1.78436279,
      0.7535693,
      -0.7620313
    ]
  },
  {
    "timeStamp": 3888,
    "rotation": [
      [
        0.9350874,
        -0.3447639,
        0.0821546838
      ],
      [
        0.344388276,
        0.938631952,
        0.0191503428
      ],
      [
        -0.0837153643,
        0.0103858681,
        0.9964355
      ]
    ],
    "translation": [
      1.79694045,
      0.7892457,
      -0.7579576
    ]
  },
  {
    "timeStamp": 3933,
    "rotation": [
      [
        0.9359505,
        -0.34012562,
        0.0911655948
      ],
      [
        0.335511237,
        0.9399694,
        0.062367294
      ],
      [
        -0.106905587,
        -0.02778562,
        0.993880868
      ]
    ],
    "translation": [
      1.8146342,
      0.8283942,
      -0.750951231
    ]
  },
  {
    "timeStamp": 3988,
    "rotation": [
      [
        0.9401438,
        -0.320483625,
        0.11584416
      ],
      [
        0.3082122,
        0.94468385,
        0.112150088
      ],
      [
        -0.145378381,
        -0.06973263,
        0.986915648
      ]
    ],
    "translation": [
      1.84736812,
      0.882326663,
      -0.7390296
    ]
  },
  {
    "timeStamp": 4032,
    "rotation": [
      [
        0.936348,
        -0.3276937,
        0.125972971
      ],
      [
        0.306027353,
        0.937694669,
        0.1645475
      ],
      [
        -0.172045365,
        -0.115522549,
        0.9782918
      ]
    ],
    "translation": [
      1.87975729,
      0.92477113,
      -0.7274355
    ]
  },
  {
    "timeStamp": 4089,
    "rotation": [
      [
        0.923916,
        -0.3603586,
        0.128534138
      ],
      [
        0.323762536,
        0.9154042,
        0.239192441
      ],
      [
        -0.203855738,
        -0.17937918,
        0.962427139
      ]
    ],
    "translation": [
      1.92755592,
      0.97548753,
      -0.7094495
    ]
  },
  {
    "timeStamp": 4133,
    "rotation": [
      [
        0.920986,
        -0.368572831,
        0.126249358
      ],
      [
        0.325937063,
        0.9064419,
        0.268566728
      ],
      [
        -0.213424116,
        -0.206196845,
        0.9549518
      ]
    ],
    "translation": [
      1.96604955,
      1.00503325,
      -0.6950013
    ]
  },
  {
    "timeStamp": 4188,
    "rotation": [
      [
        0.895269334,
        -0.4319048,
        0.109321438
      ],
      [
        0.380831778,
        0.8692165,
        0.315325052
      ],
      [
        -0.2312144,
        -0.24066776,
        0.9426659
      ]
    ],
    "translation": [
      2.01526356,
      1.02870858,
      -0.67777
    ]
  },
  {
    "timeStamp": 4233,
    "rotation": [
      [
        0.872196436,
        -0.479192376,
        0.09822436
      ],
      [
        0.4243292,
        0.8410924,
        0.335422546
      ],
      [
        -0.24334769,
        -0.250874877,
        0.9369331
      ]
    ],
    "translation": [
      2.05490375,
      1.0371815,
      -0.6643844
    ]
  },
  {
    "timeStamp": 4286,
    "rotation": [
      [
        0.8496207,
        -0.5180811,
        0.0986738354
      ],
      [
        0.4663662,
        0.8254038,
        0.31813693
      ],
      [
        -0.246266514,
        -0.224277586,
        0.9428957
      ]
    ],
    "translation": [
      2.092515,
      1.02814245,
      -0.6533943
    ]
  },
  {
    "timeStamp": 4338,
    "rotation": [
      [
        0.8216856,
        -0.5561232,
        0.12473914
      ],
      [
        0.519032061,
        0.820564747,
        0.239330873
      ],
      [
        -0.235453978,
        -0.131911129,
        0.962892
      ]
    ],
    "translation": [
      2.14073443,
      0.9911921,
      -0.6394181
    ]
  },
  {
    "timeStamp": 4383,
    "rotation": [
      [
        0.8083817,
        -0.569906235,
        0.1473972
      ],
      [
        0.5479422,
        0.8200029,
        0.16539216
      ],
      [
        -0.215124175,
        -0.05293484,
        0.975151
      ]
    ],
    "translation": [
      2.1674397,
      0.9561929,
      -0.6341204
    ]
  },
  {
    "timeStamp": 4438,
    "rotation": [
      [
        0.8400871,
        -0.5179341,
        0.16123873
      ],
      [
        0.5211204,
        0.853110135,
        0.0252313688
      ],
      [
        -0.150622576,
        0.06282824,
        0.9865929
      ]
    ],
    "translation": [
      2.18317366,
      0.9056362,
      -0.633003831
    ]
  },
  {
    "timeStamp": 4483,
    "rotation": [
      [
        0.86427474,
        -0.480526626,
        0.14873907
      ],
      [
        0.488481671,
        0.872341156,
        -0.0201644152
      ],
      [
        -0.120061673,
        0.0900839046,
        0.9886709
      ]
    ],
    "translation": [
      2.18542242,
      0.874328,
      -0.630356133
    ]
  },
  {
    "timeStamp": 4538,
    "rotation": [
      [
        0.8845223,
        -0.4541274,
        0.10671705
      ],
      [
        0.4615757,
        0.885125339,
        -0.0591688231
      ],
      [
        -0.0675877854,
        0.101594143,
        0.9925273
      ]
    ],
    "translation": [
      2.18137431,
      0.8440822,
      -0.6241225
    ]
  },
  {
    "timeStamp": 4583,
    "rotation": [
      [
        0.9111869,
        -0.4024626,
        0.08810388
      ],
      [
        0.4097987,
        0.907409966,
        -0.09312432
      ],
      [
        -0.04246729,
        0.120958515,
        0.9917487
      ]
    ],
    "translation": [
      2.17396736,
      0.821623862,
      -0.6194287
    ]
  },
  {
    "timeStamp": 4638,
    "rotation": [
      [
        0.9243682,
        -0.377466261,
        0.055340983
      ],
      [
        0.38130784,
        0.9187482,
        -0.102499388
      ],
      [
        -0.0121543659,
        0.11584913,
        0.9931925
      ]
    ],
    "translation": [
      2.165601,
      0.803763568,
      -0.609724462
    ]
  },
  {
    "timeStamp": 4683,
    "rotation": [
      [
        0.9424121,
        -0.3309993,
        0.04794658
      ],
      [
        0.334286779,
        0.9367436,
        -0.103748605
      ],
      [
        -0.0105729327,
        0.113801844,
        0.9934472
      ]
    ],
    "translation": [
      2.1575954,
      0.794202149,
      -0.6026971
    ]
  },
  {
    "timeStamp": 4739,
    "rotation": [
      [
        0.955862343,
        -0.292637825,
        0.0262733623
      ],
      [
        0.293700129,
        0.949162,
        -0.113277167
      ],
      [
        0.008211507,
        0.115993865,
        0.993216
      ]
    ],
    "translation": [
      2.14777517,
      0.783653,
      -0.595003963
    ]
  },
  {
    "timeStamp": 4785,
    "rotation": [
      [
        0.958044648,
        -0.2866158,
        0.00137184083
      ],
      [
        0.284773678,
        0.951323032,
        -0.117849186
      ],
      [
        0.0324723758,
        0.113295443,
        0.993030548
      ]
    ],
    "translation": [
      2.14087057,
      0.77638036,
      -0.590439558
    ]
  },
  {
    "timeStamp": 4842,
    "rotation": [
      [
        0.955125451,
        -0.295712322,
        -0.01701725
      ],
      [
        0.2902276,
        0.94579643,
        -0.145729348
      ],
      [
        0.0591888167,
        0.134250939,
        0.9891781
      ]
    ],
    "translation": [
      2.13597441,
      0.7659081,
      -0.588363767
    ]
  }
]