[
  {
    "timeStamp": 15545,
    "rotation": [
      [
        0.9995458,
        0.009676924,
        0.028539408
      ],
      [
        -0.0288609769,
        0.0349022,
        0.9989739
      ],
      [
        0.008670899,
        -0.9993438,
        0.035165634
      ]
    ],
    "translation": [
      1.45942652,
      0.6990149,
      -0.492732465
    ]
  },
  {
    "timeStamp": 15600,
    "rotation": [
      [
        0.99879247,
        -0.0273686331,
        0.0407987572
      ],
      [
        -0.04085648,
        -0.00155294663,
        0.9991638
      ],
      [
        -0.0272823889,
        -0.9996242,
        -0.00266925734
      ]
    ],
    "translation": [
      1.46115637,
      0.7067288,
      -0.484129846
    ]
  },
  {
    "timeStamp": 15645,
    "rotation": [
      [
        0.992851555,
        -0.0474867858,
        0.109502822
      ],
      [
        -0.110697471,
        -0.02329524,
        0.9935811
      ],
      [
        -0.0446310863,
        -0.998600245,
        -0.0283853821
      ]
    ],
    "translation": [
      1.45947874,
      0.731527448,
      -0.483771473
    ]
  },
  {
    "timeStamp": 15700,
    "rotation": [
      [
        0.981628537,
        -0.0149517553,
        0.190215111
      ],
      [
        -0.1907792,
        -0.0615567639,
        0.979701
      ],
      [
        -0.00293921,
        -0.997991562,
        -0.06327836
      ]
    ],
    "translation": [
      1.4609288,
      0.769242942,
      -0.4949123
    ]
  },
  {
    "timeStamp": 15744,
    "rotation": [
      [
        0.968393743,
        0.02404895,
        0.248264417
      ],
      [
        -0.246431455,
        -0.0615348928,
        0.96720475
      ],
      [
        0.0385371745,
        -0.9978152,
        -0.0536635853
      ]
    ],
    "translation": [
      1.470083,
      0.796665549,
      -0.517172337
    ]
  },
  {
    "timeStamp": 15800,
    "rotation": [
      [
        0.94847244,
        0.088073954,
        0.304373145
      ],
      [
        -0.3007386,
        -0.05227439,
        0.9522729
      ],
      [
        0.0997813642,
        -0.9947413,
        -0.02309358
      ]
    ],
    "translation": [
      1.4917531,
      0.825059056,
      -0.5557103
    ]
  },
  {
    "timeStamp": 15844,
    "rotation": [
      [
        0.9332193,
        0.148496762,
        0.327185571
      ],
      [
        -0.3237143,
        -0.04766861,
        0.9449533
      ],
      [
        0.155918986,
        -0.987763345,
        0.0035852585
      ]
    ],
    "translation": [
      1.51817369,
      0.840512,
      -0.5927121
    ]
  },
  {
    "timeStamp": 15901,
    "rotation": [
      [
        0.9149367,
        0.225267068,
        0.334881246
      ],
      [
        -0.338569582,
        -0.0232507531,
        0.940654039
      ],
      [
        0.219684616,
        -0.9740195,
        0.0549956076
      ]
    ],
    "translation": [
      1.55901027,
      0.850799263,
      -0.643870234
    ]
  },
  {
    "timeStamp": 15946,
    "rotation": [
      [
        0.9125356,
        0.251172751,
        0.322786331
      ],
      [
        -0.333574682,
        0.0004000421,
        0.9427236
      ],
      [
        0.236657351,
        -0.9679422,
        0.08414993
      ]
    ],
    "translation": [
      1.59884226,
      0.85134,
      -0.678455949
    ]
  },
  {
    "timeStamp": 16001,
    "rotation": [
      [
        0.9122707,
        0.255103946,
        0.320443481
      ],
      [
        -0.35110116,
        0.08416432,
        0.9325472
      ],
      [
        0.210926563,
        -0.963243663,
        0.166347951
      ]
    ],
    "translation": [
      1.65144336,
      0.848715663,
      -0.7209332
    ]
  },
  {
    "timeStamp": 16045,
    "rotation": [
      [
        0.9272504,
        0.205773264,
        0.312832534
      ],
      [
        -0.3381654,
        0.101458021,
        0.935601652
      ],
      [
        0.160782441,
        -0.9733261,
        0.163662374
      ]
    ],
    "translation": [
      1.69585514,
      0.848088264,
      -0.736755431
    ]
  },
  {
    "timeStamp": 16101,
    "rotation": [
      [
        0.9319079,
        0.09414539,
        0.350263178
      ],
      [
        -0.361310244,
        0.15666604,
        0.9191902
      ],
      [
        0.0316631831,
        -0.9831543,
        0.180014014
      ]
    ],
    "translation": [
      1.74976766,
      0.855523765,
      -0.746359468
    ]
  },
  {
    "timeStamp": 16146,
    "rotation": [
      [
        0.9289393,
        -0.0146954358,
        0.369940341
      ],
      [
        -0.363835752,
        0.148699865,
        0.9195172
      ],
      [
        -0.06852278,
        -0.988773167,
        0.132786423
      ]
    ],
    "translation": [
      1.79535222,
      0.865052938,
      -0.7415396
    ]
  },
  {
    "timeStamp": 16201,
    "rotation": [
      [
        0.9042728,
        -0.168058291,
        0.3924883
      ],
      [
        -0.3743968,
        0.129746065,
        0.9181465
      ],
      [
        -0.205225959,
        -0.9772013,
        0.054405354
      ]
    ],
    "translation": [
      1.85419738,
      0.8814344,
      -0.725228548
    ]
  },
  {
    "timeStamp": 16246,
    "rotation": [
      [
        0.872783,
        -0.289120525,
        0.393267244
      ],
      [
        -0.377748162,
        0.110164165,
        0.9193314
      ],
      [
        -0.309121549,
        -0.9509328,
        -0.0130653344
      ]
    ],
    "translation": [
      1.904365,
      0.8952587,
      -0.712753236
    ]
  },
  {
    "timeStamp": 16301,
    "rotation": [
      [
        0.8203945,
        -0.423282146,
        0.384428233
      ],
      [
        -0.396291524,
        0.06375356,
        0.9159086
      ],
      [
        -0.412196428,
        -0.903752,
        -0.115440048
      ]
    ],
    "translation": [
      1.96812963,
      0.9179052,
      -0.693597
    ]
  },
  {
    "timeStamp": 16346,
    "rotation": [
      [
        0.794940054,
        -0.50492686,
        0.3363319
      ],
      [
        -0.3883998,
        0.00231970544,
        0.921488047
      ],
      [
        -0.466064245,
        -0.863159,
        -0.194269463
      ]
    ],
    "translation": [
      2.01843452,
      0.934295833,
      -0.6816553
    ]
  },
  {
    "timeStamp": 16401,
    "rotation": [
      [
        0.77756834,
        -0.5758705,
        0.2525086
      ],
      [
        -0.355665654,
        -0.0716318,
        0.931864142
      ],
      [
        -0.5185454,
        -0.814396739,
        -0.260516
      ]
    ],
    "translation": [
      2.081065,
      0.947544932,
      -0.6673117
    ]
  },
  {
    "timeStamp": 16446,
    "rotation": [
      [
        0.777332067,
        -0.6055022,
        0.17065157
      ],
      [
        -0.300038517,
        -0.118413225,
        0.9465491
      ],
      [
        -0.5529302,
        -0.786985,
        -0.273720384
      ]
    ],
    "translation": [
      2.1232872,
      0.9484484,
      -0.6591302
    ]
  },
  {
    "timeStamp": 16501,
    "rotation": [
      [
        0.7911594,
        -0.602683544,
        0.104112208
      ],
      [
        -0.220304742,
        -0.122020237,
        0.967769
      ],
      [
        -0.5705547,
        -0.788596,
        -0.229311481
      ]
    ],
    "translation": [
      2.16232252,
      0.934444547,
      -0.652930856
    ]
  },
  {
    "timeStamp": 16545,
    "rotation": [
      [
        0.8051508,
        -0.586942136,
        0.08503601
      ],
      [
        -0.18388772,
        -0.110749729,
        0.9766882
      ],
      [
        -0.56384176,
        -0.802018344,
        -0.197101682
      ]
    ],
    "translation": [
      2.1780653,
      0.9192817,
      -0.645015359
    ]
  },
  {
    "timeStamp": 16599,
    "rotation": [
      [
        0.842258751,
        -0.5383827,
        0.0272815
      ],
      [
        -0.1120047,
        -0.125270322,
        0.98578006
      ],
      [
        -0.527309358,
        -0.833337545,
        -0.1658114
      ]
    ],
    "translation": [
      2.19030881,
      0.900692344,
      -0.6374921
    ]
  },
  {
    "timeStamp": 16643,
    "rotation": [
      [
        0.8609619,
        -0.5046138,
        0.06410478
      ],
      [
        -0.126337945,
        -0.09005624,
        0.987890959
      ],
      [
        -0.492730379,
        -0.858635366,
        -0.141286865
      ]
    ],
    "translation": [
      2.188411,
      0.8808232,
      -0.6236321
    ]
  },
  {
    "timeStamp": 16696,
    "rotation": [
      [
        0.881823957,
        -0.469652563,
        0.0425780341
      ],
      [
        -0.09556504,
        -0.08955612,
        0.9913864
      ],
      [
        -0.461794049,
        -0.878297269,
        -0.123855107
      ]
    ],
    "translation": [
      2.1893456,
      0.8613951,
      -0.6092049
    ]
  },
  {
    "timeStamp": 16752,
    "rotation": [
      [
        0.895968258,
        -0.4387093,
        0.06910177
      ],
      [
        -0.0967364162,
        -0.04092284,
        0.9944684
      ],
      [
        -0.4334547,
        -0.8976968,
        -0.07910473
      ]
    ],
    "translation": [
      2.18332863,
      0.842132747,
      -0.5993864
    ]
  },
  {
    "timeStamp": 16796,
    "rotation": [
      [
        0.9095815,
        -0.4142295,
        0.0327928141
      ],
      [
        -0.0642422959,
        -0.062217176,
        0.995992959
      ],
      [
        -0.4105294,
        -0.908043444,
        -0.08320265
      ]
    ],
    "translation": [
      2.18533921,
      0.831062,
      -0.5872719
    ]
  },
  {
    "timeStamp": 16851,
    "rotation": [
      [
        0.9132157,
        -0.405505478,
        0.0400302522
      ],
      [
        -0.0604887,
        -0.0377574973,
        0.9974545
      ],
      [
        -0.40296185,
        -0.9133125,
        -0.05900924
      ]
    ],
    "translation": [
      2.18408942,
      0.8192738,
      -0.577058434
    ]
  },
  {
    "timeStamp": 16896,
    "rotation": [
      [
        0.9198928,
        -0.391872466,
        0.0152700227
      ],
      [
        -0.03856916,
        -0.0516526,
        0.997920036
      ],
      [
        -0.390268654,
        -0.918568432,
        -0.0626290441
      ]
    ],
    "translation": [
      2.18649435,
      0.8111368,
      -0.5673575
    ]
  },
  {
    "timeStamp": 16951,
    "rotation": [
      [
        0.9285183,
        -0.371268243,
        -0.00370128639
      ],
      [
        -0.0154475514,
        -0.0485896841,
        0.998699367
      ],
      [
        -0.370965183,
        -0.9272534,
        -0.0508516
      ]
    ],
    "translation": [
      2.18723583,
      0.8021222,
      -0.560282
    ]
  },
  {
    "timeStamp": 16996,
    "rotation": [
      [
        0.934794843,
        -0.3548045,
        -0.0165039226
      ],
      [
        -0.0006641263,
        -0.0482112,
        0.998836935
      ],
      [
        -0.3551875,
        -0.9336966,
        -0.0453032143
      ]
    ],
    "translation": [
      2.18687916,
      0.797333241,
      -0.555884659
    ]
  },
  {
    "timeStamp": 17041,
    "rotation": [
      [
        0.940702856,
        -0.336990982,
        -0.0389252566
      ],
      [
        0.0206910875,
        -0.0575334877,
        0.9981291
      ],
      [
        -0.338600039,
        -0.939748347,
        -0.04714921
      ]
    ],
    "translation": [
      2.18731475,
      0.7930789,
      -0.5517251
    ]
  },
  {
    "timeStamp": 17097,
    "rotation": [
      [
        0.94827044,
        -0.313665479,
        -0.0489597172
      ],
      [
        0.032964658,
        -0.0560997277,
        0.9978808
      ],
      [
        -0.3157474,
        -0.947874844,
        -0.04285784
      ]
    ],
    "translation": [
      2.18364048,
      0.7888797,
      -0.548620939
    ]
  },
  {
    "timeStamp": 17143,
    "rotation": [
      [
        0.95356065,
        -0.296524823,
        -0.0528683849
      ],
      [
        0.03720209,
        -0.0582330972,
        0.9976096
      ],
      [
        -0.2988947,
        -0.9532481,
        -0.04449745
      ]
    ],
    "translation": [
      2.17993045,
      0.7866689,
      -0.5453448
    ]
  },
  {
    "timeStamp": 17200,
    "rotation": [
      [
        0.9579928,
        -0.2800519,
        -0.06181183
      ],
      [
        0.0469759032,
        -0.05938826,
        0.997129
      ],
      [
        -0.282918781,
        -0.9581461,
        -0.0437378362
      ]
    ],
    "translation": [
      2.17732286,
      0.7829206,
      -0.5417761
    ]
  },
  {
    "timeStamp": 17245,
    "rotation": [
      [
        0.9577449,
        -0.2826069,
        -0.05346081
      ],
      [
        0.03797784,
        -0.05998726,
        0.9974764
      ],
      [
        -0.2851007,
        -0.957358241,
        -0.04671969
      ]
    ],
    "translation": [
      2.17545438,
      0.7822742,
      -0.5381368
    ]
  },
  {
    "timeStamp": 17301,
    "rotation": [
      [
        0.956553638,
        -0.288218915,
        -0.0439894833
      ],
      [
        0.0316568576,
        -0.0473135747,
        0.998378336
      ],
      [
        -0.2898328,
        -0.956395,
        -0.036133863
      ]
    ],
    "translation": [
      2.17410541,
      0.7796609,
      -0.5357779
    ]
  },
  {
    "timeStamp": 17345,
    "rotation": [
      [
        0.9548092,
        -0.293197751,
        -0.0487287268
      ],
      [
        0.0365178175,
        -0.04698139,
        0.998228
      ],
      [
        -0.294967562,
        -0.954896748,
        -0.03415132
      ]
    ],
    "translation": [
      2.17506933,
      0.776918,
      -0.533740163
    ]
  },
  {
    "timeStamp": 17401,
    "rotation": [
      [
        0.952271,
        -0.302169442,
        -0.0432849228
      ],
      [
        0.03356343,
        -0.03729341,
        0.998740554
      ],
      [
        -0.3034031,
        -0.9525245,
        -0.0253715888
      ]
    ],
    "translation": [
      2.17578173,
      0.7736841,
      -0.5331111
    ]
  },
  {
    "timeStamp": 17445,
    "rotation": [
      [
        0.951022446,
        -0.30662024,
        -0.039246846
      ],
      [
        0.03205538,
        -0.0284566563,
        0.9990809
      ],
      [
        -0.3074553,
        -0.9514065,
        -0.01723409
      ]
    ],
    "translation": [
      2.175961,
      0.7704866,
      -0.5330063
    ]
  },
  {
    "timeStamp": 17501,
    "rotation": [
      [
        0.9474062,
        -0.316828758,
        -0.0451782271
      ],
      [
        0.0371604525,
        -0.03130657,
        0.9988188
      ],
      [
        -0.3178689,
        -0.9479659,
        -0.0178865362
      ]
    ],
    "translation": [
      2.17932725,
      0.7667484,
      -0.5313175
    ]
  },
  {
    "timeStamp": 17545,
    "rotation": [
      [
        0.940939546,
        -0.335796922,
        -0.04327856
      ],
      [
        0.0354335979,
        -0.0294574257,
        0.9989378
      ],
      [
        -0.336715132,
        -0.9414736,
        -0.0158191659
      ]
    ],
    "translation": [
      2.18203163,
      0.7644645,
      -0.5300435
    ]
  }
]