[
  {
    "timeStamp": 45921,
    "rotation": [
      [
        0.9895903,
        -0.00462614838,
        0.143839031
      ],
      [
        -0.143811539,
        -0.0693863258,
        0.987169564
      ],
      [
        0.00541368127,
        -0.997579157,
        -0.06932933
      ]
    ],
    "translation": [
      1.15415239,
      0.7045088,
      -0.6199192
    ]
  },
  {
    "timeStamp": 45965,
    "rotation": [
      [
        0.996318936,
        -0.00104929949,
        0.085717544
      ],
      [
        -0.08567512,
        -0.04593737,
        0.9952636
      ],
      [
        0.00289328583,
        -0.998943746,
        -0.0458581746
      ]
    ],
    "translation": [
      1.15407836,
      0.7031623,
      -0.6199345
    ]
  },
  {
    "timeStamp": 46021,
    "rotation": [
      [
        0.9890879,
        -0.0222703051,
        0.145633712
      ],
      [
        -0.146550551,
        -0.04739439,
        0.98806715
      ],
      [
        -0.0151023325,
        -0.998627961,
        -0.0501409434
      ]
    ],
    "translation": [
      1.152164,
      0.7047152,
      -0.619219363
    ]
  },
  {
    "timeStamp": 46065,
    "rotation": [
      [
        0.9784521,
        -0.0164025221,
        0.205821276
      ],
      [
        -0.206469521,
        -0.07128957,
        0.9758525
      ],
      [
        -0.00133351586,
        -0.9973208,
        -0.07314005
      ]
    ],
    "translation": [
      1.15834427,
      0.719884157,
      -0.620307267
    ]
  },
  {
    "timeStamp": 46121,
    "rotation": [
      [
        0.9593721,
        0.0017097143,
        0.282138646
      ],
      [
        -0.2802832,
        -0.108876973,
        0.9537228
      ],
      [
        0.03234899,
        -0.9940537,
        -0.103974327
      ]
    ],
    "translation": [
      1.16879785,
      0.749251246,
      -0.6243486
    ]
  },
  {
    "timeStamp": 46165,
    "rotation": [
      [
        0.9402947,
        0.020198686,
        0.339761645
      ],
      [
        -0.33437708,
        -0.131548256,
        0.9332133
      ],
      [
        0.06354472,
        -0.991103947,
        -0.116940141
      ]
    ],
    "translation": [
      1.18644357,
      0.772244334,
      -0.632199645
    ]
  },
  {
    "timeStamp": 46221,
    "rotation": [
      [
        0.9176161,
        0.0275289658,
        0.396513224
      ],
      [
        -0.388891369,
        -0.143934175,
        0.9099706
      ],
      [
        0.08212235,
        -0.9892042,
        -0.121370539
      ]
    ],
    "translation": [
      1.22186339,
      0.79662323,
      -0.644282
    ]
  },
  {
    "timeStamp": 46265,
    "rotation": [
      [
        0.9078351,
        0.0348050557,
        0.4178803
      ],
      [
        -0.4080807,
        -0.155921817,
        0.8995324
      ],
      [
        0.09646494,
        -0.987156034,
        -0.127348021
      ]
    ],
    "translation": [
      1.25920236,
      0.810563445,
      -0.6549151
    ]
  },
  {
    "timeStamp": 46321,
    "rotation": [
      [
        0.9001381,
        0.0319494121,
        0.434431344
      ],
      [
        -0.4253513,
        -0.15064235,
        0.892403
      ],
      [
        0.0939555243,
        -0.9880719,
        -0.1220092
      ]
    ],
    "translation": [
      1.31288242,
      0.8213935,
      -0.66765815
    ]
  },
  {
    "timeStamp": 46365,
    "rotation": [
      [
        0.899046063,
        -0.00462914,
        0.4378296
      ],
      [
        -0.435205638,
        -0.119262956,
        0.892397
      ],
      [
        0.0480858274,
        -0.9928519,
        -0.109237514
      ]
    ],
    "translation": [
      1.36238408,
      0.825831532,
      -0.675985
    ]
  },
  {
    "timeStamp": 46421,
    "rotation": [
      [
        0.901185453,
        -0.101093546,
        0.4214794
      ],
      [
        -0.430875063,
        -0.103446387,
        0.8964628
      ],
      [
        -0.047026094,
        -0.989484131,
        -0.136783063
      ]
    ],
    "translation": [
      1.43280137,
      0.831263363,
      -0.677423835
    ]
  },
  {
    "timeStamp": 46465,
    "rotation": [
      [
        0.888947368,
        -0.1925018,
        0.415590674
      ],
      [
        -0.43515864,
        -0.07195397,
        0.897474
      ],
      [
        -0.142861962,
        -0.97865504,
        -0.1477321
      ]
    ],
    "translation": [
      1.48962748,
      0.8362614,
      -0.6792551
    ]
  },
  {
    "timeStamp": 46521,
    "rotation": [
      [
        0.855468154,
        -0.344875783,
        0.3863092
      ],
      [
        -0.433398873,
        -0.0684981346,
        0.8985952
      ],
      [
        -0.283442259,
        -0.9361456,
        -0.208066761
      ]
    ],
    "translation": [
      1.56428838,
      0.848712444,
      -0.6747537
    ]
  },
  {
    "timeStamp": 46565,
    "rotation": [
      [
        0.8111769,
        -0.443135977,
        0.3816052
      ],
      [
        -0.450195968,
        -0.0567089953,
        0.891127169
      ],
      [
        -0.373250037,
        -0.8946589,
        -0.24549906
      ]
    ],
    "translation": [
      1.61925852,
      0.862794936,
      -0.675254345
    ]
  },
  {
    "timeStamp": 46621,
    "rotation": [
      [
        0.722537339,
        -0.5772686,
        0.380395532
      ],
      [
        -0.4959821,
        -0.0495324433,
        0.866918862
      ],
      [
        -0.481603146,
        -0.8150506,
        -0.322103947
      ]
    ],
    "translation": [
      1.68691778,
      0.8880135,
      -0.6726618
    ]
  },
  {
    "timeStamp": 46665,
    "rotation": [
      [
        0.647614062,
        -0.685045063,
        0.333630532
      ],
      [
        -0.526660562,
        -0.08600429,
        0.845713854
      ],
      [
        -0.5506584,
        -0.723406255,
        -0.41648376
      ]
    ],
    "translation": [
      1.74401259,
      0.913907,
      -0.674369335
    ]
  },
  {
    "timeStamp": 46721,
    "rotation": [
      [
        0.533550143,
        -0.798733354,
        0.2781175
      ],
      [
        -0.5828618,
        -0.10896875,
        0.805231631
      ],
      [
        -0.612859249,
        -0.591735542,
        -0.5236914
      ]
    ],
    "translation": [
      1.8112036,
      0.94851774,
      -0.678170145
    ]
  },
  {
    "timeStamp": 46765,
    "rotation": [
      [
        0.447240084,
        -0.8726281,
        0.196205258
      ],
      [
        -0.619536936,
        -0.1440266,
        0.7716413
      ],
      [
        -0.6450971,
        -0.466665328,
        -0.6050398
      ]
    ],
    "translation": [
      1.86480093,
      0.974944234,
      -0.6885358
    ]
  },
  {
    "timeStamp": 46821,
    "rotation": [
      [
        0.334683239,
        -0.9399232,
        0.0673152655
      ],
      [
        -0.657164156,
        -0.181608349,
        0.731541932
      ],
      [
        -0.675368249,
        -0.289072,
        -0.6784652
      ]
    ],
    "translation": [
      1.93300033,
      1.00299716,
      -0.7032575
    ]
  },
  {
    "timeStamp": 46865,
    "rotation": [
      [
        0.241136238,
        -0.9695574,
        -0.0425643735
      ],
      [
        -0.6694939,
        -0.1979394,
        0.71595937
      ],
      [
        -0.702588856,
        -0.144147158,
        -0.6968432
      ]
    ],
    "translation": [
      1.98221707,
      1.01762426,
      -0.7205306
    ]
  },
  {
    "timeStamp": 46930,
    "rotation": [
      [
        0.157224938,
        -0.9755176,
        -0.153771862
      ],
      [
        -0.684802234,
        -0.219886363,
        0.6947632
      ],
      [
        -0.711566031,
        -0.00393078942,
        -0.7026082
      ]
    ],
    "translation": [
      2.03847075,
      1.03122258,
      -0.7397094
    ]
  },
  {
    "timeStamp": 46966,
    "rotation": [
      [
        0.08852169,
        -0.966126144,
        -0.242413118
      ],
      [
        -0.670986,
        -0.237704,
        0.70233506
      ],
      [
        -0.736166835,
        0.100483947,
        -0.669299066
      ]
    ],
    "translation": [
      2.07751822,
      1.03560483,
      -0.7570014
    ]
  },
  {
    "timeStamp": 47015,
    "rotation": [
      [
        0.00361698866,
        -0.9582215,
        -0.286004335
      ],
      [
        -0.6548822,
        -0.218412444,
        0.723481357
      ],
      [
        -0.7557223,
        0.184682325,
        -0.62831223
      ]
    ],
    "translation": [
      2.11730528,
      1.02849138,
      -0.771136165
    ]
  },
  {
    "timeStamp": 47071,
    "rotation": [
      [
        -0.0441938229,
        -0.9444939,
        -0.325542837
      ],
      [
        -0.631447136,
        -0.226106256,
        0.7417213
      ],
      [
        -0.774158537,
        0.2383426,
        -0.5864055
      ]
    ],
    "translation": [
      2.14921641,
      1.01636386,
      -0.778579652
    ]
  },
  {
    "timeStamp": 47115,
    "rotation": [
      [
        -0.08081855,
        -0.9400169,
        -0.331415951
      ],
      [
        -0.6147581,
        -0.214715853,
        0.75892663
      ],
      [
        -0.784564137,
        0.265075982,
        -0.560529947
      ]
    ],
    "translation": [
      2.166958,
      1.00305688,
      -0.780470669
    ]
  },
  {
    "timeStamp": 47171,
    "rotation": [
      [
        -0.122119144,
        -0.945633,
        -0.301438451
      ],
      [
        -0.590037346,
        -0.175047144,
        0.7881716
      ],
      [
        -0.798087,
        0.274110764,
        -0.5365822
      ]
    ],
    "translation": [
      2.17944527,
      0.9835502,
      -0.777117
    ]
  },
  {
    "timeStamp": 47215,
    "rotation": [
      [
        -0.151298165,
        -0.948116,
        -0.2796155
      ],
      [
        -0.5795135,
        -0.1440828,
        0.802124858
      ],
      [
        -0.8007952,
        0.283400983,
        -0.527646542
      ]
    ],
    "translation": [
      2.18629336,
      0.970025063,
      -0.772886455
    ]
  },
  {
    "timeStamp": 47271,
    "rotation": [
      [
        -0.180779383,
        -0.9535919,
        -0.240793213
      ],
      [
        -0.5826969,
        -0.0933881849,
        0.807306
      ],
      [
        -0.792327642,
        0.286253721,
        -0.5387724
      ]
    ],
    "translation": [
      2.19001341,
      0.956497431,
      -0.7639328
    ]
  },
  {
    "timeStamp": 47315,
    "rotation": [
      [
        -0.201809287,
        -0.952920139,
        -0.226309955
      ],
      [
        -0.571617067,
        -0.0730357543,
        0.817263544
      ],
      [
        -0.7953156,
        0.294294029,
        -0.5299661
      ]
    ],
    "translation": [
      2.191953,
      0.945904136,
      -0.7591619
    ]
  },
  {
    "timeStamp": 47371,
    "rotation": [
      [
        -0.213236719,
        -0.954134166,
        -0.210138172
      ],
      [
        -0.5564514,
        -0.0581838079,
        0.8288405
      ],
      [
        -0.803051651,
        0.2936709,
        -0.5185223
      ]
    ],
    "translation": [
      2.19388843,
      0.932735562,
      -0.7530848
    ]
  },
  {
    "timeStamp": 47416,
    "rotation": [
      [
        -0.2137284,
        -0.9535237,
        -0.212397739
      ],
      [
        -0.5190063,
        -0.07336468,
        0.851616144
      ],
      [
        -0.827618659,
        0.292250335,
        -0.479204684
      ]
    ],
    "translation": [
      2.19536543,
      0.922990143,
      -0.750815153
    ]
  },
  {
    "timeStamp": 47462,
    "rotation": [
      [
        -0.223571748,
        -0.9529191,
        -0.204843342
      ],
      [
        -0.49966684,
        -0.0683936,
        0.86351335
      ],
      [
        -0.8368684,
        0.295410633,
        -0.460851222
      ]
    ],
    "translation": [
      2.19579649,
      0.914960146,
      -0.7498891
    ]
  },
  {
    "timeStamp": 47512,
    "rotation": [
      [
        -0.240678743,
        -0.951903641,
        -0.189613268
      ],
      [
        -0.4881331,
        -0.05014372,
        0.8713275
      ],
      [
        -0.838927746,
        0.302266538,
        -0.4525872
      ]
    ],
    "translation": [
      2.19498372,
      0.907959938,
      -0.7485421
    ]
  },
  {
    "timeStamp": 47563,
    "rotation": [
      [
        -0.2389956,
        -0.953057468,
        -0.185910016
      ],
      [
        -0.460555017,
        -0.0572943129,
        0.885780156
      ],
      [
        -0.854850948,
        0.297319323,
        -0.425242335
      ]
    ],
    "translation": [
      2.19393826,
      0.9003309,
      -0.7470587
    ]
  },
  {
    "timeStamp": 47615,
    "rotation": [
      [
        -0.243455783,
        -0.9513721,
        -0.188734055
      ],
      [
        -0.433592826,
        -0.06730718,
        0.8985917
      ],
      [
        -0.8675982,
        0.300601065,
        -0.39612177
      ]
    ],
    "translation": [
      2.19533777,
      0.8936262,
      -0.747252941
    ]
  },
  {
    "timeStamp": 47671,
    "rotation": [
      [
        -0.259221643,
        -0.9450194,
        -0.199355215
      ],
      [
        -0.41702,
        -0.07666206,
        0.9056585
      ],
      [
        -0.8711478,
        0.317901373,
        -0.3742195
      ]
    ],
    "translation": [
      2.19937539,
      0.888432741,
      -0.748802
    ]
  },
  {
    "timeStamp": 47715,
    "rotation": [
      [
        -0.269155353,
        -0.944104433,
        -0.190321624
      ],
      [
        -0.409816355,
        -0.06655861,
        0.9097365
      ],
      [
        -0.8715538,
        0.32285738,
        -0.3689948
      ]
    ],
    "translation": [
      2.20134926,
      0.883819938,
      -0.747691631
    ]
  },
  {
    "timeStamp": 47771,
    "rotation": [
      [
        -0.2788004,
        -0.941310942,
        -0.190273613
      ],
      [
        -0.396770418,
        -0.06752558,
        0.9154308
      ],
      [
        -0.8745533,
        0.3307174,
        -0.354658216
      ]
    ],
    "translation": [
      2.20442772,
      0.87850064,
      -0.7475482
    ]
  },
  {
    "timeStamp": 47815,
    "rotation": [
      [
        -0.2976258,
        -0.9379945,
        -0.1777224
      ],
      [
        -0.393498152,
        -0.0490797237,
        0.918014348
      ],
      [
        -0.869815,
        0.343158215,
        -0.3544917
      ]
    ],
    "translation": [
      2.20632362,
      0.874080658,
      -0.7464751
    ]
  },
  {
    "timeStamp": 47871,
    "rotation": [
      [
        -0.309238762,
        -0.935840666,
        -0.169037491
      ],
      [
        -0.3633341,
        -0.0479987226,
        0.93042165
      ],
      [
        -0.87883997,
        0.349139541,
        -0.325179756
      ]
    ],
    "translation": [
      2.207866,
      0.866826,
      -0.746799231
    ]
  },
  {
    "timeStamp": 47916,
    "rotation": [
      [
        -0.308601171,
        -0.936846137,
        -0.164573908
      ],
      [
        -0.342101842,
        -0.0521247126,
        0.938216031
      ],
      [
        -0.8875424,
        0.3458356,
        -0.304411054
      ]
    ],
    "translation": [
      2.20808983,
      0.862117946,
      -0.7481921
    ]
  },
  {
    "timeStamp": 47962,
    "rotation": [
      [
        -0.314592421,
        -0.936626554,
        -0.154150575
      ],
      [
        -0.330269843,
        -0.0442442447,
        0.94284904
      ],
      [
        -0.889917731,
        0.347524434,
        -0.2954206
      ]
    ],
    "translation": [
      2.20749331,
      0.8583208,
      -0.748617947
    ]
  },
  {
    "timeStamp": 48018,
    "rotation": [
      [
        -0.325898975,
        -0.9332385,
        -0.151180983
      ],
      [
        -0.32290253,
        -0.04041671,
        0.94556886
      ],
      [
        -0.888551533,
        0.356976628,
        -0.288173318
      ]
    ],
    "translation": [
      2.206812,
      0.855593145,
      -0.7492728
    ]
  },
  {
    "timeStamp": 48063,
    "rotation": [
      [
        -0.337034136,
        -0.928905547,
        -0.153435349
      ],
      [
        -0.31619826,
        -0.0418254733,
        0.9477707
      ],
      [
        -0.886807,
        0.367947072,
        -0.27962172
      ]
    ],
    "translation": [
      2.20625353,
      0.85448,
      -0.7506365
    ]
  },
  {
    "timeStamp": 48120,
    "rotation": [
      [
        -0.348398119,
        -0.9257148,
        -0.1472107
      ],
      [
        -0.310215652,
        -0.03432854,
        0.950046241
      ],
      [
        -0.884525359,
        0.37666136,
        -0.2752112
      ]
    ],
    "translation": [
      2.20551085,
      0.854395866,
      -0.751104951
    ]
  }
]